ID,Type,Submit Time,Start Time,End Time,Wait Time,Makespan,Turnaround Time,Status,Nodes
0,Rigid,0,1,718524,1,718523,718524,completed,180
1,Rigid,522,523,717910,1,717387,717388,completed,180
2,Rigid,247878,247879,593488,1,345609,345610,completed,1
3,Rigid,248021,248021,593638,0,345617,345617,completed,1
4,Rigid,248100,248101,593728,1,345627,345628,completed,1
5,Rigid,248112,248113,593728,1,345615,345616,completed,1
6,Rigid,248965,248966,547521,1,298555,298556,completed,1
7,Rigid,270852,277285,619172,6433,341887,348320,completed,36
8,Rigid,270876,278248,620116,7372,341868,349240,completed,36
9,Rigid,278521,278742,542545,221,263803,264024,completed,36
10,Rigid,320063,320063,589118,0,269055,269055,completed,1
11,Rigid,320270,320270,665872,0,345602,345602,completed,12
12,Rigid,320491,320492,564635,1,244143,244144,completed,1
13,Rigid,320876,320876,564107,0,243231,243231,completed,1
14,Rigid,321156,321156,620911,0,299755,299755,completed,1
15,Rigid,321631,321632,604863,1,283231,283232,completed,1
16,Rigid,322026,322028,590920,2,268892,268894,completed,1
17,Rigid,325176,325176,566602,0,241426,241426,completed,1
18,Rigid,325269,325270,576458,1,251188,251189,completed,1
19,Rigid,325375,325375,632204,0,306829,306829,completed,1
20,Rigid,325413,325413,608560,0,283147,283147,completed,1
21,Rigid,325426,325426,605076,0,279650,279650,completed,1
22,Rigid,325438,325438,608464,0,283026,283026,completed,1
23,Rigid,325505,325508,629868,3,304360,304363,completed,1
24,Rigid,325537,325538,589741,1,264203,264204,completed,1
25,Rigid,349266,349268,611003,2,261735,261737,completed,72
26,Rigid,349547,349547,609165,0,259618,259618,completed,72
27,Rigid,349729,349729,609656,0,259927,259927,completed,72
28,Rigid,385687,385689,544353,2,158664,158666,completed,144
29,Rigid,385833,385834,544343,1,158509,158510,completed,144
30,Rigid,436036,436037,742594,1,306557,306558,completed,36
31,Rigid,436338,436338,726204,0,289866,289866,completed,36
32,Rigid,437023,437023,609848,0,172825,172825,completed,144
33,Rigid,437023,437023,609848,0,172825,172825,completed,144
34,Rigid,437023,437027,609848,4,172821,172825,completed,144
35,Rigid,437023,437027,609848,4,172821,172825,completed,144
36,Rigid,437023,437027,609848,4,172821,172825,completed,144
37,Rigid,437023,437027,609848,4,172821,172825,completed,144
38,Rigid,437610,437610,690355,0,252745,252745,completed,1
39,Rigid,438053,438053,690421,0,252368,252368,completed,1
40,Rigid,438618,438619,695988,1,257369,257370,completed,1
41,Rigid,438958,438959,725300,1,286341,286342,completed,1
42,Rigid,439055,439055,716594,0,277539,277539,completed,1
43,Rigid,439447,439450,711025,3,271575,271578,completed,1
44,Rigid,439815,439816,719522,1,279706,279707,completed,1
45,Rigid,440157,440158,713008,1,272850,272851,completed,1
46,Rigid,441905,441905,695282,0,253377,253377,completed,1
47,Rigid,442302,442303,725446,1,283143,283144,completed,1
48,Rigid,442479,442479,668397,0,225918,225918,completed,1
49,Rigid,442549,442550,788159,1,345609,345610,completed,1
50,Rigid,442698,442698,788309,0,345611,345611,completed,1
51,Rigid,442735,442735,655295,0,212560,212560,completed,1
52,Rigid,442775,442775,755948,0,313173,313173,completed,1
53,Rigid,442816,442817,788429,1,345612,345613,completed,1
54,Rigid,442852,442852,678329,0,235477,235477,completed,1
55,Rigid,442898,442899,788519,1,345620,345621,completed,1
56,Rigid,442938,442938,740385,0,297447,297447,completed,1
57,Rigid,442980,442980,771418,0,328438,328438,completed,1
58,Rigid,443011,443011,650295,0,207284,207284,completed,1
59,Rigid,443050,443051,788669,1,345618,345619,completed,1
60,Rigid,443096,443097,680211,1,237114,237115,completed,1
61,Rigid,443124,443125,788729,1,345604,345605,completed,1
62,Rigid,443158,443159,788759,1,345600,345601,completed,1
63,Rigid,443191,443192,788819,1,345627,345628,completed,1
64,Rigid,443227,443227,788849,0,345622,345622,completed,1
65,Rigid,443278,443278,788879,0,345601,345601,completed,1
66,Rigid,446868,446868,543988,0,97120,97120,completed,8
67,Rigid,497880,497881,611219,1,113338,113339,completed,72
68,Rigid,497954,497955,777557,1,279602,279603,completed,1
69,Rigid,497959,497959,625237,0,127278,127278,completed,1
70,Rigid,497963,497966,571562,3,73596,73599,completed,1
71,Rigid,497966,497967,546306,1,48339,48340,completed,1
72,Rigid,524926,524927,568136,1,43209,43210,completed,144
73,Rigid,529124,529124,544466,0,15342,15342,completed,36
74,Rigid,534069,534070,624621,1,90551,90552,completed,1
75,Rigid,541067,541067,542275,0,1208,1208,completed,36
76,Rigid,541461,541461,541511,0,50,50,completed,36
77,Rigid,541537,541537,541587,0,50,50,completed,36
78,Rigid,541766,541769,542995,3,1226,1229,completed,36
79,Rigid,541933,541934,541987,1,53,54,completed,36
80,Rigid,542057,542058,542108,1,50,51,completed,36
81,Rigid,542104,542105,542111,1,6,7,completed,36
82,Rigid,542108,542109,542183,1,74,75,completed,36
83,Rigid,542183,542184,542251,1,67,68,completed,36
84,Rigid,542657,542657,542699,0,42,42,completed,36
85,Rigid,543439,543440,543534,1,94,95,completed,36
86,Rigid,543592,543593,543596,1,3,4,completed,36
87,Rigid,543852,543852,543924,0,72,72,completed,36
88,Rigid,544020,544020,544857,0,837,837,completed,36
89,Rigid,544370,544371,592475,1,48104,48105,completed,144
90,Rigid,544449,544449,592469,0,48020,48020,completed,144
91,Rigid,545361,545362,554431,1,9069,9070,completed,36
92,Rigid,545567,545568,545571,1,3,4,completed,36
93,Rigid,545662,545662,545699,0,37,37,completed,36
94,Rigid,545707,545707,545710,0,3,3,completed,36
95,Rigid,545923,545923,545927,0,4,4,completed,36
96,Rigid,545927,545928,545931,1,3,4,completed,36
97,Rigid,546546,546546,546549,0,3,3,completed,36
98,Rigid,546568,546570,546573,2,3,5,completed,36
99,Rigid,546568,546570,546573,2,3,5,completed,36
100,Rigid,546748,546749,546819,1,70,71,completed,36
101,Rigid,546750,546753,546756,3,3,6,completed,36
102,Rigid,546804,546805,546808,1,3,4,completed,36
103,Rigid,546839,546840,546923,1,83,84,completed,36
104,Rigid,546913,546914,546996,1,82,83,completed,36
105,Rigid,547358,547358,547373,0,15,15,completed,36
106,Rigid,547383,547383,547386,0,3,3,completed,36
107,Rigid,547431,547431,547504,0,73,73,completed,36
108,Rigid,547743,547744,548965,1,1221,1222,completed,36
109,Rigid,547963,547964,547967,1,3,4,completed,36
110,Rigid,548060,548061,548142,1,81,82,completed,36
111,Rigid,548190,548190,548258,0,68,68,completed,36
112,Rigid,548371,548371,548413,0,42,42,completed,72
113,Rigid,548412,548413,548493,1,80,81,completed,36
114,Rigid,548477,548478,548502,1,24,25,completed,72
115,Rigid,548628,548629,548697,1,68,69,completed,36
116,Rigid,548707,548708,548777,1,69,70,completed,36
117,Rigid,548887,548887,548954,0,67,67,completed,36
118,Rigid,549033,549033,549108,0,75,75,completed,36
119,Rigid,549122,549122,549126,0,4,4,completed,36
120,Rigid,549134,549134,549138,0,4,4,completed,36
121,Rigid,549186,549186,549190,0,4,4,completed,36
122,Rigid,549197,549197,549201,0,4,4,completed,36
123,Rigid,549367,549368,549441,1,73,74,completed,36
124,Rigid,549418,549419,549491,1,72,73,completed,36
125,Rigid,549550,549555,549631,5,76,81,completed,36
126,Rigid,549735,549736,549805,1,69,70,completed,36
127,Rigid,550271,550271,550348,0,77,77,completed,36
128,Rigid,550515,550515,550587,0,72,72,completed,36
129,Rigid,550638,550638,550716,0,78,78,completed,36
130,Rigid,550723,550724,550792,1,68,69,completed,36
131,Rigid,550887,550889,550958,2,69,71,completed,36
132,Rigid,551017,551017,551086,0,69,69,completed,36
133,Rigid,551097,551098,551166,1,68,69,completed,36
134,Rigid,551176,551176,551253,0,77,77,completed,36
135,Rigid,552437,552437,552446,0,9,9,completed,36
136,Rigid,554595,554596,571658,1,17062,17063,completed,36
137,Rigid,561022,561023,561025,1,2,3,completed,36
138,Rigid,561100,561101,561103,1,2,3,completed,36
139,Rigid,562199,562200,562203,1,3,4,completed,36
140,Rigid,562322,562323,562394,1,71,72,completed,36
141,Rigid,563591,563591,564119,0,528,528,completed,36
142,Rigid,564571,564572,565112,1,540,541,completed,36
143,Rigid,565782,565783,565792,1,9,10,completed,36
144,Rigid,565944,565944,565954,0,10,10,completed,36
145,Rigid,566850,566851,566907,1,56,57,completed,36
146,Rigid,567071,567071,567080,0,9,9,completed,36
147,Rigid,567254,567255,567842,1,587,588,completed,72
148,Rigid,571733,571734,661018,1,89284,89285,completed,36
149,Rigid,573680,573680,602326,0,28646,28646,completed,36
150,Rigid,576824,576824,637513,0,60689,60689,completed,36
151,Rigid,576942,576943,581797,1,4854,4855,completed,12
152,Rigid,576973,576974,708496,1,131522,131523,completed,36
153,Rigid,577031,577032,757795,1,180763,180764,completed,36
154,Rigid,577159,577159,577183,0,24,24,completed,36
155,Rigid,577309,577310,577369,1,59,60,completed,36
156,Rigid,577414,577415,577438,1,23,24,completed,36
157,Rigid,577508,577509,577548,1,39,40,completed,36
158,Rigid,577556,577556,577562,0,6,6,completed,144
159,Rigid,577593,577594,577840,1,246,247,completed,144
160,Rigid,577658,577659,577675,1,16,17,completed,36
161,Rigid,578031,578032,578043,1,11,12,completed,36
162,Rigid,578904,578904,578935,0,31,31,completed,36
163,Rigid,579079,579081,579123,2,42,44,completed,36
164,Rigid,579201,579202,579220,1,18,19,completed,36
165,Rigid,579277,579278,579298,1,20,21,completed,36
166,Rigid,579415,579415,579418,0,3,3,completed,36
167,Rigid,579505,579506,579577,1,71,72,completed,36
168,Rigid,579855,579856,579858,1,2,3,completed,1
169,Rigid,580082,580082,580090,0,8,8,completed,1
170,Rigid,580637,580637,581332,0,695,695,completed,72
171,Rigid,580723,580723,580792,0,69,69,completed,36
172,Rigid,580959,580959,581029,0,70,70,completed,36
173,Rigid,581084,581084,581156,0,72,72,completed,36
174,Rigid,581274,581275,581280,1,5,6,completed,1
175,Rigid,581347,581348,581355,1,7,8,completed,1
176,Rigid,581392,581393,581399,1,6,7,completed,1
177,Rigid,581394,581394,581460,0,66,66,completed,36
178,Rigid,581397,581400,581403,3,3,6,completed,36
179,Rigid,581449,581450,581575,1,125,126,completed,288
180,Rigid,581451,581454,581470,3,16,19,completed,36
181,Rigid,581462,581462,581491,0,29,29,completed,1
182,Rigid,581474,581475,581477,1,2,3,completed,36
183,Rigid,581494,581495,581522,1,27,28,completed,36
184,Rigid,581571,581572,581593,1,21,22,completed,36
185,Rigid,581658,581658,581711,0,53,53,completed,36
186,Rigid,581666,581670,581685,4,15,19,completed,36
187,Rigid,581707,581707,730302,0,148595,148595,completed,864
188,Rigid,581774,581775,582058,1,283,284,completed,72
189,Rigid,581794,581795,750964,1,169169,169170,completed,144
190,Rigid,581803,581804,751961,1,170157,170158,completed,144
191,Rigid,581820,581821,581831,1,10,11,completed,1
192,Rigid,581823,581825,749533,2,167708,167710,completed,144
193,Rigid,581823,581825,581866,2,41,43,completed,1
194,Rigid,581823,581825,581837,2,12,14,completed,1
195,Rigid,581823,581825,581831,2,6,8,completed,1
196,Rigid,581831,581831,581836,0,5,5,completed,1
197,Rigid,581831,581833,581890,2,57,59,completed,1
198,Rigid,581831,581833,581840,2,7,9,completed,1
199,Rigid,581832,581833,581856,1,23,24,completed,1
200,Rigid,581833,581835,581840,2,5,7,completed,1
201,Rigid,581833,581835,581858,2,23,25,completed,1
202,Rigid,581837,581837,581881,0,44,44,completed,1
203,Rigid,581837,581837,581849,0,12,12,completed,1
204,Rigid,581837,581837,581844,0,7,7,completed,1
205,Rigid,581837,581838,581869,1,31,32,completed,1
206,Rigid,581837,581838,581855,1,17,18,completed,1
207,Rigid,581837,581838,581856,1,18,19,completed,1
208,Rigid,581838,581838,581856,0,18,18,completed,1
209,Rigid,581839,581841,581930,2,89,91,completed,1
210,Rigid,581839,581841,581878,2,37,39,completed,1
211,Rigid,581839,581841,581859,2,18,20,completed,1
212,Rigid,581839,581841,581850,2,9,11,completed,1
213,Rigid,581839,581841,581908,2,67,69,completed,1
214,Rigid,581840,581841,581871,1,30,31,completed,1
215,Rigid,581840,581841,581849,1,8,9,completed,1
216,Rigid,581840,581841,581876,1,35,36,completed,1
217,Rigid,581840,581841,581858,1,17,18,completed,1
218,Rigid,581840,581841,581874,1,33,34,completed,1
219,Rigid,581840,581841,581915,1,74,75,completed,1
220,Rigid,581840,581841,581924,1,83,84,completed,1
221,Rigid,581840,581841,581901,1,60,61,completed,1
222,Rigid,581840,581841,581866,1,25,26,completed,1
223,Rigid,581840,581841,581856,1,15,16,completed,1
224,Rigid,581840,581841,581931,1,90,91,completed,1
225,Rigid,581840,581841,581925,1,84,85,completed,1
226,Rigid,581840,581841,581877,1,36,37,completed,1
227,Rigid,581840,581841,581888,1,47,48,completed,1
228,Rigid,581840,581841,581916,1,75,76,completed,1
229,Rigid,581840,581841,581888,1,47,48,completed,1
230,Rigid,581840,581841,581866,1,25,26,completed,1
231,Rigid,581840,581841,581870,1,29,30,completed,1
232,Rigid,581840,581841,581872,1,31,32,completed,1
233,Rigid,581841,581841,581925,0,84,84,completed,1
234,Rigid,581841,581841,581899,0,58,58,completed,1
235,Rigid,581841,581841,581867,0,26,26,completed,1
236,Rigid,581841,581841,581853,0,12,12,completed,1
237,Rigid,581841,581841,581929,0,88,88,completed,1
238,Rigid,581841,581841,581864,0,23,23,completed,1
239,Rigid,581841,581841,581865,0,24,24,completed,1
240,Rigid,581867,581867,581936,0,69,69,completed,36
241,Rigid,581869,581870,786556,1,204686,204687,completed,144
242,Rigid,581875,581875,797084,0,215209,215209,completed,144
243,Rigid,581879,581880,792209,1,210329,210330,completed,144
244,Rigid,581920,581920,581992,0,72,72,completed,36
245,Rigid,582117,582118,582347,1,229,230,completed,36
246,Rigid,582150,582150,582220,0,70,70,completed,36
247,Rigid,582233,582233,582796,0,563,563,completed,36
248,Rigid,582434,582434,582488,0,54,54,completed,36
249,Rigid,582589,582590,582639,1,49,50,completed,36
250,Rigid,582642,582643,582696,1,53,54,completed,36
251,Rigid,582700,582700,582707,0,7,7,completed,1
252,Rigid,582765,582766,582818,1,52,53,completed,36
253,Rigid,582900,582901,582954,1,53,54,completed,36
254,Rigid,582965,582965,582977,0,12,12,completed,4
255,Rigid,583161,583162,583244,1,82,83,completed,36
256,Rigid,583252,583253,587471,1,4218,4219,completed,36
257,Rigid,583340,583341,583395,1,54,55,completed,36
258,Rigid,583387,583388,583474,1,86,87,completed,36
259,Rigid,583574,583574,583587,0,13,13,completed,4
260,Rigid,583583,583584,583665,1,81,82,completed,36
261,Rigid,583676,583676,583688,0,12,12,completed,4
262,Rigid,583833,583833,583837,0,4,4,completed,4
263,Rigid,583919,583920,583924,1,4,5,completed,4
264,Rigid,583920,583920,584001,0,81,81,completed,36
265,Rigid,584012,584013,584051,1,38,39,completed,36
266,Rigid,584024,584024,584028,0,4,4,completed,4
267,Rigid,584051,584051,584054,0,3,3,completed,4
268,Rigid,584141,584141,584145,0,4,4,completed,36
269,Rigid,584231,584231,584241,0,10,10,completed,36
270,Rigid,584258,584259,584297,1,38,39,completed,36
271,Rigid,584308,584310,584313,2,3,5,completed,36
272,Rigid,584332,584332,584368,0,36,36,completed,36
273,Rigid,584420,584421,584458,1,37,38,completed,36
274,Rigid,584444,584445,584480,1,35,36,completed,36
275,Rigid,584477,584478,584517,1,39,40,completed,36
276,Rigid,584641,584641,584694,0,53,53,completed,36
277,Rigid,584686,584687,584725,1,38,39,completed,36
278,Rigid,584787,584790,584825,3,35,38,completed,36
279,Rigid,584846,584847,584898,1,51,52,completed,36
280,Rigid,584967,584970,585000,3,30,33,completed,36
281,Rigid,584983,584984,584987,1,3,4,completed,36
282,Rigid,585103,585104,585111,1,7,8,completed,36
283,Rigid,585134,585134,585137,0,3,3,completed,36
284,Rigid,585170,585170,585255,0,85,85,completed,36
285,Rigid,585175,585176,585180,1,4,5,completed,36
286,Rigid,585335,585336,585340,1,4,5,completed,36
287,Rigid,585377,585378,585381,1,3,4,completed,36
288,Rigid,585395,585396,585398,1,2,3,completed,288
289,Rigid,585395,585396,585398,1,2,3,completed,288
290,Rigid,585426,585427,585513,1,86,87,completed,36
291,Rigid,585537,585538,585623,1,85,86,completed,36
292,Rigid,585561,585562,585612,1,50,51,completed,36
293,Rigid,585596,585596,585615,0,19,19,completed,288
294,Rigid,585596,585596,585616,0,20,20,completed,288
295,Rigid,585613,585614,585617,1,3,4,completed,36
296,Rigid,585619,585620,585696,1,76,77,completed,36
297,Rigid,585630,585631,756650,1,171019,171020,completed,36
298,Rigid,585673,585674,585727,1,53,54,completed,36
299,Rigid,585706,585706,585744,0,38,38,completed,36
300,Rigid,585744,585745,585748,1,3,4,completed,36
301,Rigid,585748,585749,585786,1,37,38,completed,36
302,Rigid,585794,585794,585797,0,3,3,completed,36
303,Rigid,585829,585829,585848,0,19,19,completed,288
304,Rigid,585829,585829,586174,0,345,345,completed,288
305,Rigid,585838,585838,585841,0,3,3,completed,36
306,Rigid,585842,585842,585845,0,3,3,completed,36
307,Rigid,585883,585883,586163,0,280,280,completed,36
308,Rigid,585998,585998,586051,0,53,53,completed,36
309,Rigid,586021,586022,586057,1,35,36,completed,36
310,Rigid,586039,586039,586174,0,135,135,completed,288
311,Rigid,586066,586066,586100,0,34,34,completed,288
312,Rigid,586066,586066,586174,0,108,108,completed,288
313,Rigid,586066,586102,586138,36,36,72,completed,288
314,Rigid,586066,586140,586174,74,34,108,completed,288
315,Rigid,586067,586070,586075,3,5,8,completed,144
316,Rigid,586067,586076,586080,9,4,13,completed,144
317,Rigid,586146,586147,586185,1,38,39,completed,36
318,Rigid,586198,586199,586201,1,2,3,completed,1
319,Rigid,586209,586210,586472,1,262,263,completed,36
320,Rigid,586214,586215,586222,1,7,8,completed,288
321,Rigid,586215,586215,586222,0,7,7,completed,288
322,Rigid,586215,586215,586222,0,7,7,completed,288
323,Rigid,586215,586215,586222,0,7,7,completed,288
324,Rigid,586216,586219,586222,3,3,6,completed,144
325,Rigid,586233,586233,586376,0,143,143,completed,288
326,Rigid,586233,586233,586956,0,723,723,completed,288
327,Rigid,586233,586233,586301,0,68,68,completed,36
328,Rigid,586233,586237,586407,4,170,174,completed,288
329,Rigid,586233,586237,587142,4,905,909,completed,288
330,Rigid,586234,586377,586636,143,259,402,completed,288
331,Rigid,586234,586637,588030,403,1393,1796,completed,288
332,Rigid,586234,586408,586731,174,323,497,completed,288
333,Rigid,586234,586733,588501,499,1768,2267,completed,288
334,Rigid,586234,586957,587377,723,420,1143,completed,288
335,Rigid,586234,587143,589359,909,2216,3125,completed,288
336,Rigid,586235,586237,586243,2,6,8,completed,144
337,Rigid,586235,586245,586251,10,6,16,completed,144
338,Rigid,586235,587378,587485,1143,107,1250,completed,288
339,Rigid,586235,587486,588023,1251,537,1788,completed,288
340,Rigid,586321,586321,586356,0,35,35,completed,36
341,Rigid,586500,586500,586502,0,2,2,completed,1
342,Rigid,586505,586506,586578,1,72,73,completed,36
343,Rigid,586515,586515,586550,0,35,35,completed,36
344,Rigid,586588,586588,586591,0,3,3,completed,4
345,Rigid,586620,586620,586623,0,3,3,completed,4
346,Rigid,586633,586634,586687,1,53,54,completed,36
347,Rigid,586658,586658,586661,0,3,3,completed,4
348,Rigid,586665,586665,586668,0,3,3,completed,4
349,Rigid,586726,586727,586757,1,30,31,completed,1
350,Rigid,586771,586771,586774,0,3,3,completed,1
351,Rigid,586798,586798,586801,0,3,3,completed,36
352,Rigid,586875,586875,586916,0,41,41,completed,36
353,Rigid,586889,586890,586896,1,6,7,completed,1
354,Rigid,586892,586894,586896,2,2,4,completed,1
355,Rigid,586970,586971,586973,1,2,3,completed,1
356,Rigid,586975,586976,586980,1,4,5,completed,1
357,Rigid,587030,587030,587108,0,78,78,completed,1
358,Rigid,587061,587062,587065,1,3,4,completed,36
359,Rigid,587070,587071,587122,1,51,52,completed,36
360,Rigid,587121,587122,587176,1,54,55,completed,36
361,Rigid,587141,587141,587158,0,17,17,completed,2
362,Rigid,587178,587179,593662,1,6483,6484,completed,36
363,Rigid,587277,587277,587407,0,130,130,completed,2
364,Rigid,587379,587379,587432,0,53,53,completed,36
365,Rigid,587384,587385,587405,1,20,21,completed,36
366,Rigid,587447,587447,587496,0,49,49,completed,144
367,Rigid,587476,588025,588086,549,61,610,completed,288
368,Rigid,587498,587498,587501,0,3,3,completed,36
369,Rigid,587506,588032,588311,526,279,805,completed,288
370,Rigid,587509,587510,587513,1,3,4,completed,36
371,Rigid,587542,588087,588518,545,431,976,completed,288
372,Rigid,587582,588313,588869,731,556,1287,completed,288
373,Rigid,587588,587589,587592,1,3,4,completed,36
374,Rigid,587610,588503,588666,893,163,1056,completed,288
375,Rigid,587614,587615,587831,1,216,217,completed,36
376,Rigid,587638,588520,589221,882,701,1583,completed,288
377,Rigid,587667,587670,587675,3,5,8,completed,1
378,Rigid,587757,587758,587920,1,162,163,completed,2
379,Rigid,587858,587858,587867,0,9,9,completed,36
380,Rigid,587894,587894,587932,0,38,38,completed,36
381,Rigid,587904,587905,587958,1,53,54,completed,36
382,Rigid,587927,587928,587983,1,55,56,completed,36
383,Rigid,587940,587940,587942,0,2,2,completed,36
384,Rigid,588073,588074,588095,1,21,22,completed,36
385,Rigid,588137,588138,593854,1,5716,5717,completed,36
386,Rigid,588171,588172,588175,1,3,4,completed,36
387,Rigid,588240,588240,588290,0,50,50,completed,36
388,Rigid,588248,588248,588251,0,3,3,completed,36
389,Rigid,588277,588278,588292,1,14,15,completed,36
390,Rigid,588362,588362,588366,0,4,4,completed,144
391,Rigid,588398,588398,588402,0,4,4,completed,144
392,Rigid,588431,588431,588531,0,100,100,completed,36
393,Rigid,588468,588468,588473,0,5,5,completed,144
394,Rigid,588513,588532,588537,19,5,24,completed,36
395,Rigid,588534,588534,588575,0,41,41,completed,36
396,Rigid,588611,588611,588627,0,16,16,completed,144
397,Rigid,588617,588617,588634,0,17,17,completed,36
398,Rigid,588626,588629,588638,3,9,12,completed,144
399,Rigid,588674,588675,588677,1,2,3,completed,36
400,Rigid,588710,588710,588713,0,3,3,completed,36
401,Rigid,588738,588739,588763,1,24,25,completed,36
402,Rigid,588760,588760,588765,0,5,5,completed,144
403,Rigid,588760,588760,588765,0,5,5,completed,144
404,Rigid,588818,588819,588881,1,62,63,completed,36
405,Rigid,588819,588819,588839,0,20,20,completed,36
406,Rigid,588822,588823,588849,1,26,27,completed,36
407,Rigid,588834,588834,589060,0,226,226,completed,288
408,Rigid,588921,588921,588946,0,25,25,completed,36
409,Rigid,588929,588930,588962,1,32,33,completed,36
410,Rigid,589000,589000,589004,0,4,4,completed,144
411,Rigid,589006,589006,589060,0,54,54,completed,36
412,Rigid,589079,589079,589117,0,38,38,completed,36
413,Rigid,589100,589101,589145,1,44,45,completed,36
414,Rigid,589104,589105,589109,1,4,5,completed,144
415,Rigid,589112,589118,589156,6,38,44,completed,36
416,Rigid,589155,589156,589181,1,25,26,completed,36
417,Rigid,589155,589156,589160,1,4,5,completed,144
418,Rigid,589182,589182,589228,0,46,46,completed,36
419,Rigid,589222,589222,589233,0,11,11,completed,144
420,Rigid,589222,589222,589237,0,15,15,completed,144
421,Rigid,589228,589229,589318,1,89,90,completed,36
422,Rigid,589248,589248,589286,0,38,38,completed,36
423,Rigid,589344,589345,589380,1,35,36,completed,36
424,Rigid,589380,589381,589995,1,614,615,completed,144
425,Rigid,589380,589381,589425,1,44,45,completed,36
426,Rigid,589446,589446,590088,0,642,642,completed,144
427,Rigid,589489,589490,589506,1,16,17,completed,36
428,Rigid,589544,589545,589559,1,14,15,completed,36
429,Rigid,589566,589567,589749,1,182,183,completed,144
430,Rigid,589567,589567,589570,0,3,3,completed,36
431,Rigid,589590,589591,589667,1,76,77,completed,36
432,Rigid,589618,589619,685991,1,96372,96373,completed,36
433,Rigid,589624,589624,589877,0,253,253,completed,36
434,Rigid,589668,589668,589758,0,90,90,completed,36
435,Rigid,589669,589669,684669,0,95000,95000,completed,36
436,Rigid,589714,589714,589752,0,38,38,completed,36
437,Rigid,589740,589741,684360,1,94619,94620,completed,36
438,Rigid,589790,589790,684109,0,94319,94319,completed,36
439,Rigid,589840,589840,589878,0,38,38,completed,36
440,Rigid,589848,589849,590578,1,729,730,completed,36
441,Rigid,589893,589893,590100,0,207,207,completed,36
442,Rigid,589912,589912,589941,0,29,29,completed,144
443,Rigid,590010,590011,590048,1,37,38,completed,36
444,Rigid,590078,590078,590151,0,73,73,completed,36
445,Rigid,590155,590155,590193,0,38,38,completed,36
446,Rigid,590295,590296,590333,1,37,38,completed,36
447,Rigid,590543,590544,590579,1,35,36,completed,36
448,Rigid,590692,590693,590762,1,69,70,completed,36
449,Rigid,590962,590962,590982,0,20,20,completed,36
450,Rigid,591096,591097,591155,1,58,59,completed,36
451,Rigid,591106,591106,591260,0,154,154,completed,36
452,Rigid,591128,591128,591201,0,73,73,completed,36
453,Rigid,591158,591159,591322,1,163,164,completed,1
454,Rigid,591229,591229,591269,0,40,40,completed,36
455,Rigid,591237,591237,591302,0,65,65,completed,36
456,Rigid,591286,591286,591359,0,73,73,completed,36
457,Rigid,591333,591333,591491,0,158,158,completed,36
458,Rigid,591403,591404,591441,1,37,38,completed,36
459,Rigid,591561,591562,591601,1,39,40,completed,36
460,Rigid,591595,591596,591672,1,76,77,completed,36
461,Rigid,591984,591985,591989,1,4,5,completed,1
462,Rigid,592022,592023,592062,1,39,40,completed,36
463,Rigid,592030,592031,592243,1,212,213,completed,72
464,Rigid,592045,592046,592207,1,161,162,completed,1
465,Rigid,592227,592230,592395,3,165,168,completed,36
466,Rigid,592243,592244,592405,1,161,162,completed,1
467,Rigid,592271,592272,594539,1,2267,2268,completed,72
468,Rigid,592323,592324,592364,1,40,41,completed,36
469,Rigid,592454,592454,592507,0,53,53,completed,36
470,Rigid,592484,592484,592590,0,106,106,completed,36
471,Rigid,592491,592491,765298,0,172807,172807,completed,144
472,Rigid,592538,592539,765358,1,172819,172820,completed,144
473,Rigid,592557,592558,592596,1,38,39,completed,36
474,Rigid,592603,592604,592619,1,15,16,completed,36
475,Rigid,592659,592660,592675,1,15,16,completed,36
476,Rigid,592708,592710,592751,2,41,43,completed,36
477,Rigid,592967,592968,593021,1,53,54,completed,36
478,Rigid,592995,592995,593104,0,109,109,completed,36
479,Rigid,593043,593043,593087,0,44,44,completed,36
480,Rigid,593180,593181,593224,1,43,44,completed,36
481,Rigid,593329,593330,593370,1,40,41,completed,36
482,Rigid,593387,593388,593441,1,53,54,completed,36
483,Rigid,593497,593498,593542,1,44,45,completed,36
484,Rigid,593500,593502,593540,2,38,40,completed,36
485,Rigid,593647,593648,593802,1,154,155,completed,36
486,Rigid,593671,593672,593854,1,182,183,completed,36
487,Rigid,593725,593726,593729,1,3,4,completed,36
488,Rigid,593763,593764,593803,1,39,40,completed,36
489,Rigid,593832,593833,593988,1,155,156,completed,36
490,Rigid,593929,593930,594036,1,106,107,completed,72
491,Rigid,593996,594037,594221,41,184,225,completed,36
492,Rigid,594139,594139,594142,0,3,3,completed,36
493,Rigid,594246,594246,594427,0,181,181,completed,36
494,Rigid,594441,594442,603780,1,9338,9339,completed,144
495,Rigid,594482,594485,594666,3,181,184,completed,36
496,Rigid,594530,594531,594583,1,52,53,completed,36
497,Rigid,594600,594601,594637,1,36,37,completed,36
498,Rigid,594627,594630,594875,3,245,248,completed,36
499,Rigid,594730,594731,594911,1,180,181,completed,36
500,Rigid,594757,594757,594835,0,78,78,completed,36
501,Rigid,594807,594810,594884,3,74,77,completed,36
502,Rigid,594819,594820,594867,1,47,48,completed,1
503,Rigid,594830,594830,594887,0,57,57,completed,36
504,Rigid,594864,594865,594901,1,36,37,completed,36
505,Rigid,594877,594878,619620,1,24742,24743,completed,9
506,Rigid,594877,594878,615541,1,20663,20664,completed,9
507,Rigid,594877,594878,594907,1,29,30,completed,1
508,Rigid,594917,594918,628056,1,33138,33139,completed,9
509,Rigid,594917,594918,620284,1,25366,25367,completed,9
510,Rigid,594917,594918,594968,1,50,51,completed,1
511,Rigid,594937,594938,594999,1,61,62,completed,1
512,Rigid,594945,594945,594949,0,4,4,completed,1
513,Rigid,594945,594945,594948,0,3,3,completed,1
514,Rigid,594952,594952,601691,0,6739,6739,completed,144
515,Rigid,594977,594978,595061,1,83,84,completed,36
516,Rigid,594977,594978,625136,1,30158,30159,completed,9
517,Rigid,594977,594978,618957,1,23979,23980,completed,9
518,Rigid,595017,595017,630500,0,35483,35483,completed,9
519,Rigid,595017,595017,624153,0,29136,29136,completed,9
520,Rigid,595045,595045,595119,0,74,74,completed,36
521,Rigid,595051,595051,595054,0,3,3,completed,36
522,Rigid,595061,595061,595367,0,306,306,completed,1
523,Rigid,595061,595061,595367,0,306,306,completed,1
524,Rigid,595243,595243,595299,0,56,56,completed,36
525,Rigid,595269,595270,595273,1,3,4,completed,1
526,Rigid,595354,595354,595410,0,56,56,completed,36
527,Rigid,595400,595401,595478,1,77,78,completed,1
528,Rigid,595400,595401,595478,1,77,78,completed,1
529,Rigid,595480,595481,595608,1,127,128,completed,36
530,Rigid,595525,595525,595580,0,55,55,completed,36
531,Rigid,595573,595573,595575,0,2,2,completed,1
532,Rigid,595617,595617,596852,0,1235,1235,completed,1
533,Rigid,595617,595617,671705,0,76088,76088,completed,1
534,Rigid,595617,595617,671705,0,76088,76088,completed,1
535,Rigid,595617,595617,671705,0,76088,76088,completed,1
536,Rigid,595617,595617,671705,0,76088,76088,completed,1
537,Rigid,595617,595618,671705,1,76087,76088,completed,1
538,Rigid,595617,595618,596824,1,1206,1207,completed,1
539,Rigid,595617,595618,671705,1,76087,76088,completed,1
540,Rigid,595617,595618,671705,1,76087,76088,completed,1
541,Rigid,595617,595618,596817,1,1199,1200,completed,1
542,Rigid,595617,595618,671705,1,76087,76088,completed,1
543,Rigid,595617,595618,671705,1,76087,76088,completed,1
544,Rigid,595617,595618,596864,1,1246,1247,completed,1
545,Rigid,595617,595618,671705,1,76087,76088,completed,1
546,Rigid,595617,595618,671705,1,76087,76088,completed,1
547,Rigid,595617,595618,596800,1,1182,1183,completed,1
548,Rigid,595617,595618,671705,1,76087,76088,completed,1
549,Rigid,595617,595618,671705,1,76087,76088,completed,1
550,Rigid,595617,595618,671705,1,76087,76088,completed,1
551,Rigid,595617,595618,671705,1,76087,76088,completed,1
552,Rigid,595617,595618,671705,1,76087,76088,completed,1
553,Rigid,595617,595618,596809,1,1191,1192,completed,1
554,Rigid,595617,595618,671705,1,76087,76088,completed,1
555,Rigid,595617,595618,671705,1,76087,76088,completed,1
556,Rigid,595617,595618,596796,1,1178,1179,completed,1
557,Rigid,595617,595618,671705,1,76087,76088,completed,1
558,Rigid,595617,595618,671705,1,76087,76088,completed,1
559,Rigid,595617,595618,671705,1,76087,76088,completed,1
560,Rigid,595617,595618,671705,1,76087,76088,completed,1
561,Rigid,595617,595618,671705,1,76087,76088,completed,1
562,Rigid,595617,595618,596863,1,1245,1246,completed,1
563,Rigid,595617,595618,671705,1,76087,76088,completed,1
564,Rigid,595617,595618,671705,1,76087,76088,completed,1
565,Rigid,595617,595618,671705,1,76087,76088,completed,1
566,Rigid,595617,595618,671705,1,76087,76088,completed,1
567,Rigid,595617,595618,671705,1,76087,76088,completed,1
568,Rigid,595617,595618,596873,1,1255,1256,completed,1
569,Rigid,595617,595618,671705,1,76087,76088,completed,1
570,Rigid,595617,595618,671705,1,76087,76088,completed,1
571,Rigid,595617,595622,596821,5,1199,1204,completed,1
572,Rigid,595617,595622,671705,5,76083,76088,completed,1
573,Rigid,595617,595622,671705,5,76083,76088,completed,1
574,Rigid,595617,595622,596846,5,1224,1229,completed,1
575,Rigid,595617,595622,671705,5,76083,76088,completed,1
576,Rigid,595617,595622,671705,5,76083,76088,completed,1
577,Rigid,595617,595622,596882,5,1260,1265,completed,1
578,Rigid,595617,595622,671705,5,76083,76088,completed,1
579,Rigid,595617,595622,671705,5,76083,76088,completed,1
580,Rigid,595617,595622,671705,5,76083,76088,completed,1
581,Rigid,595617,595622,671705,5,76083,76088,completed,1
582,Rigid,595617,595622,671705,5,76083,76088,completed,1
583,Rigid,595617,595622,596895,5,1273,1278,completed,1
584,Rigid,595617,595622,671705,5,76083,76088,completed,1
585,Rigid,595617,595622,671705,5,76083,76088,completed,1
586,Rigid,595617,595622,596861,5,1239,1244,completed,1
587,Rigid,595617,595622,671705,5,76083,76088,completed,1
588,Rigid,595617,595622,671705,5,76083,76088,completed,1
589,Rigid,595617,595622,671705,5,76083,76088,completed,1
590,Rigid,595617,595622,671705,5,76083,76088,completed,1
591,Rigid,595617,595622,671705,5,76083,76088,completed,1
592,Rigid,595617,595622,671705,5,76083,76088,completed,1
593,Rigid,595617,595622,671705,5,76083,76088,completed,1
594,Rigid,595617,595622,671705,5,76083,76088,completed,1
595,Rigid,595617,595622,671705,5,76083,76088,completed,1
596,Rigid,595617,595622,671705,5,76083,76088,completed,1
597,Rigid,595617,595622,671705,5,76083,76088,completed,1
598,Rigid,595617,595622,671705,5,76083,76088,completed,1
599,Rigid,595617,595622,671705,5,76083,76088,completed,1
600,Rigid,595617,595622,671705,5,76083,76088,completed,1
601,Rigid,595617,595622,596902,5,1280,1285,completed,1
602,Rigid,595617,595622,671705,5,76083,76088,completed,1
603,Rigid,595617,595622,671705,5,76083,76088,completed,1
604,Rigid,595617,595622,671705,5,76083,76088,completed,1
605,Rigid,595617,595622,671705,5,76083,76088,completed,1
606,Rigid,595617,595622,671705,5,76083,76088,completed,1
607,Rigid,595617,595622,671705,5,76083,76088,completed,1
608,Rigid,595617,595622,671705,5,76083,76088,completed,1
609,Rigid,595617,595622,671705,5,76083,76088,completed,1
610,Rigid,595617,595622,596938,5,1316,1321,completed,1
611,Rigid,595617,595622,671705,5,76083,76088,completed,1
612,Rigid,595617,595622,671705,5,76083,76088,completed,1
613,Rigid,595617,595622,596796,5,1174,1179,completed,1
614,Rigid,595617,595622,671705,5,76083,76088,completed,1
615,Rigid,595617,595622,671705,5,76083,76088,completed,1
616,Rigid,595617,595622,671705,5,76083,76088,completed,1
617,Rigid,595617,595622,671705,5,76083,76088,completed,1
618,Rigid,595617,595623,671705,6,76082,76088,completed,1
619,Rigid,595617,595623,596839,6,1216,1222,completed,1
620,Rigid,595617,595623,671705,6,76082,76088,completed,1
621,Rigid,595617,595623,671705,6,76082,76088,completed,1
622,Rigid,595617,595623,671705,6,76082,76088,completed,1
623,Rigid,595617,595623,671705,6,76082,76088,completed,1
624,Rigid,595617,595623,671705,6,76082,76088,completed,1
625,Rigid,595617,595623,596873,6,1250,1256,completed,1
626,Rigid,595617,595623,671705,6,76082,76088,completed,1
627,Rigid,595617,595623,671705,6,76082,76088,completed,1
628,Rigid,595617,595623,596853,6,1230,1236,completed,1
629,Rigid,595617,595623,671705,6,76082,76088,completed,1
630,Rigid,595617,595623,671705,6,76082,76088,completed,1
631,Rigid,595617,595623,671705,6,76082,76088,completed,1
632,Rigid,595617,595623,671705,6,76082,76088,completed,1
633,Rigid,595617,595623,671705,6,76082,76088,completed,1
634,Rigid,595617,595623,596858,6,1235,1241,completed,1
635,Rigid,595617,595623,671705,6,76082,76088,completed,1
636,Rigid,595617,595623,671705,6,76082,76088,completed,1
637,Rigid,595617,595623,596848,6,1225,1231,completed,1
638,Rigid,595617,595623,671705,6,76082,76088,completed,1
639,Rigid,595617,595623,671705,6,76082,76088,completed,1
640,Rigid,595617,595623,671705,6,76082,76088,completed,1
641,Rigid,595617,595623,671705,6,76082,76088,completed,1
642,Rigid,595617,595623,671705,6,76082,76088,completed,1
643,Rigid,595617,595623,596816,6,1193,1199,completed,1
644,Rigid,595617,595623,671705,6,76082,76088,completed,1
645,Rigid,595617,595623,671705,6,76082,76088,completed,1
646,Rigid,595617,595623,596887,6,1264,1270,completed,1
647,Rigid,595617,595623,671705,6,76082,76088,completed,1
648,Rigid,595617,595623,671705,6,76082,76088,completed,1
649,Rigid,595617,595623,671705,6,76082,76088,completed,1
650,Rigid,595617,595623,671705,6,76082,76088,completed,1
651,Rigid,595617,595626,671705,9,76079,76088,completed,1
652,Rigid,595617,595626,671705,9,76079,76088,completed,1
653,Rigid,595617,595626,671705,9,76079,76088,completed,1
654,Rigid,595617,595626,671705,9,76079,76088,completed,1
655,Rigid,595617,595626,596843,9,1217,1226,completed,1
656,Rigid,595617,595626,671705,9,76079,76088,completed,1
657,Rigid,595617,595626,671705,9,76079,76088,completed,1
658,Rigid,595617,595626,596850,9,1224,1233,completed,1
659,Rigid,595617,595626,671705,9,76079,76088,completed,1
660,Rigid,595617,595626,671705,9,76079,76088,completed,1
661,Rigid,595617,595626,596903,9,1277,1286,completed,1
662,Rigid,595617,595626,671705,9,76079,76088,completed,1
663,Rigid,595617,595626,671705,9,76079,76088,completed,1
664,Rigid,595617,595626,671705,9,76079,76088,completed,1
665,Rigid,595617,595626,671705,9,76079,76088,completed,1
666,Rigid,595617,595626,671705,9,76079,76088,completed,1
667,Rigid,595617,595626,596886,9,1260,1269,completed,1
668,Rigid,595617,595626,671705,9,76079,76088,completed,1
669,Rigid,595617,595626,671705,9,76079,76088,completed,1
670,Rigid,595617,595626,671705,9,76079,76088,completed,1
671,Rigid,595617,595626,671705,9,76079,76088,completed,1
672,Rigid,595617,595626,671705,9,76079,76088,completed,1
673,Rigid,595617,595626,671705,9,76079,76088,completed,1
674,Rigid,595617,595626,671705,9,76079,76088,completed,1
675,Rigid,595617,595626,671705,9,76079,76088,completed,1
676,Rigid,595617,595626,671705,9,76079,76088,completed,1
677,Rigid,595617,595626,671705,9,76079,76088,completed,1
678,Rigid,595617,595626,671705,9,76079,76088,completed,1
679,Rigid,595617,595626,596845,9,1219,1228,completed,1
680,Rigid,595617,595626,671705,9,76079,76088,completed,1
681,Rigid,595617,595626,671705,9,76079,76088,completed,1
682,Rigid,595617,595626,596572,9,946,955,completed,1
683,Rigid,595617,595626,596673,9,1047,1056,completed,1
684,Rigid,595617,595626,671705,9,76079,76088,completed,1
685,Rigid,595617,595626,596563,9,937,946,completed,1
686,Rigid,595617,595626,596617,9,991,1000,completed,1
687,Rigid,595617,595626,671705,9,76079,76088,completed,1
688,Rigid,595617,595626,596502,9,876,885,completed,1
689,Rigid,595617,595626,596636,9,1010,1019,completed,1
690,Rigid,595617,595626,671705,9,76079,76088,completed,1
691,Rigid,595617,595626,596506,9,880,889,completed,1
692,Rigid,595617,595626,596606,9,980,989,completed,1
693,Rigid,595617,595626,671705,9,76079,76088,completed,1
694,Rigid,595617,595626,596502,9,876,885,completed,1
695,Rigid,595617,595626,596660,9,1034,1043,completed,1
696,Rigid,595617,595626,671705,9,76079,76088,completed,1
697,Rigid,595617,595626,596547,9,921,930,completed,1
698,Rigid,595617,595626,596613,9,987,996,completed,1
699,Rigid,595617,595626,671705,9,76079,76088,completed,1
700,Rigid,595617,595626,596537,9,911,920,completed,1
701,Rigid,595617,595626,596697,9,1071,1080,completed,1
702,Rigid,595617,595626,671705,9,76079,76088,completed,1
703,Rigid,595617,595626,596563,9,937,946,completed,1
704,Rigid,595617,595626,596672,9,1046,1055,completed,1
705,Rigid,595617,595626,671705,9,76079,76088,completed,1
706,Rigid,595617,595626,596535,9,909,918,completed,1
707,Rigid,595617,595626,596678,9,1052,1061,completed,1
708,Rigid,595617,595626,671705,9,76079,76088,completed,1
709,Rigid,595617,595626,596548,9,922,931,completed,1
710,Rigid,595617,595626,596660,9,1034,1043,completed,1
711,Rigid,595617,595626,671705,9,76079,76088,completed,1
712,Rigid,595617,595626,596520,9,894,903,completed,1
713,Rigid,595617,595626,596637,9,1011,1020,completed,1
714,Rigid,595617,595626,671705,9,76079,76088,completed,1
715,Rigid,595617,595626,596545,9,919,928,completed,1
716,Rigid,595617,595626,596616,9,990,999,completed,1
717,Rigid,595617,595626,671705,9,76079,76088,completed,1
718,Rigid,595617,595626,596548,9,922,931,completed,1
719,Rigid,595617,595626,596666,9,1040,1049,completed,1
720,Rigid,595617,595626,671705,9,76079,76088,completed,1
721,Rigid,595617,595626,596552,9,926,935,completed,1
722,Rigid,595617,595626,596615,9,989,998,completed,1
723,Rigid,595617,595626,671705,9,76079,76088,completed,1
724,Rigid,595617,595626,596514,9,888,897,completed,1
725,Rigid,595617,595626,596679,9,1053,1062,completed,1
726,Rigid,595617,595626,671705,9,76079,76088,completed,1
727,Rigid,595617,595626,596508,9,882,891,completed,1
728,Rigid,595617,595626,596618,9,992,1001,completed,1
729,Rigid,595617,595626,671705,9,76079,76088,completed,1
730,Rigid,595617,595626,596551,9,925,934,completed,1
731,Rigid,595617,595626,596649,9,1023,1032,completed,1
732,Rigid,595617,595626,671705,9,76079,76088,completed,1
733,Rigid,595617,595626,596582,9,956,965,completed,1
734,Rigid,595617,595626,596654,9,1028,1037,completed,1
735,Rigid,595617,595626,671705,9,76079,76088,completed,1
736,Rigid,595617,595626,596582,9,956,965,completed,1
737,Rigid,595617,595626,596723,9,1097,1106,completed,1
738,Rigid,595617,595626,671705,9,76079,76088,completed,1
739,Rigid,595617,595626,596582,9,956,965,completed,1
740,Rigid,595617,595626,596677,9,1051,1060,completed,1
741,Rigid,595617,595626,671705,9,76079,76088,completed,1
742,Rigid,595617,595626,596521,9,895,904,completed,1
743,Rigid,595617,595626,596666,9,1040,1049,completed,1
744,Rigid,595617,595626,671705,9,76079,76088,completed,1
745,Rigid,595617,595626,596509,9,883,892,completed,1
746,Rigid,595617,595626,596632,9,1006,1015,completed,1
747,Rigid,595617,595626,671705,9,76079,76088,completed,1
748,Rigid,595617,595626,596529,9,903,912,completed,1
749,Rigid,595617,595626,596635,9,1009,1018,completed,1
750,Rigid,595617,595626,671705,9,76079,76088,completed,1
751,Rigid,595617,595626,596543,9,917,926,completed,1
752,Rigid,595617,595626,596630,9,1004,1013,completed,1
753,Rigid,595617,595626,671705,9,76079,76088,completed,1
754,Rigid,595617,595626,596554,9,928,937,completed,1
755,Rigid,595617,595626,596662,9,1036,1045,completed,1
756,Rigid,595617,595626,671705,9,76079,76088,completed,1
757,Rigid,595617,595626,596536,9,910,919,completed,1
758,Rigid,595617,595626,596615,9,989,998,completed,1
759,Rigid,595617,595626,671705,9,76079,76088,completed,1
760,Rigid,595617,595626,596545,9,919,928,completed,1
761,Rigid,595617,595626,596695,9,1069,1078,completed,1
762,Rigid,595617,595626,671705,9,76079,76088,completed,1
763,Rigid,595617,595626,596545,9,919,928,completed,1
764,Rigid,595617,595626,596666,9,1040,1049,completed,1
765,Rigid,595617,595626,671705,9,76079,76088,completed,1
766,Rigid,595617,595626,596578,9,952,961,completed,1
767,Rigid,595617,595626,596665,9,1039,1048,completed,1
768,Rigid,595617,595626,671705,9,76079,76088,completed,1
769,Rigid,595617,595626,596582,9,956,965,completed,1
770,Rigid,595617,595626,596674,9,1048,1057,completed,1
771,Rigid,595617,595626,671705,9,76079,76088,completed,1
772,Rigid,595617,595626,596522,9,896,905,completed,1
773,Rigid,595617,595626,596669,9,1043,1052,completed,1
774,Rigid,595617,595626,671705,9,76079,76088,completed,1
775,Rigid,595617,595626,596538,9,912,921,completed,1
776,Rigid,595617,595626,596612,9,986,995,completed,1
777,Rigid,595617,595626,671705,9,76079,76088,completed,1
778,Rigid,595617,595626,596506,9,880,889,completed,1
779,Rigid,595617,595626,596640,9,1014,1023,completed,1
780,Rigid,595617,595626,671705,9,76079,76088,completed,1
781,Rigid,595617,595626,596526,9,900,909,completed,1
782,Rigid,595617,595626,596617,9,991,1000,completed,1
783,Rigid,595617,595626,671705,9,76079,76088,completed,1
784,Rigid,595617,595626,596504,9,878,887,completed,1
785,Rigid,595617,595626,596619,9,993,1002,completed,1
786,Rigid,595617,595626,671705,9,76079,76088,completed,1
787,Rigid,595617,595626,596562,9,936,945,completed,1
788,Rigid,595617,595626,596625,9,999,1008,completed,1
789,Rigid,595617,595627,671705,10,76078,76088,completed,1
790,Rigid,595617,595627,596559,10,932,942,completed,1
791,Rigid,595617,595627,596705,10,1078,1088,completed,1
792,Rigid,595617,595627,671705,10,76078,76088,completed,1
793,Rigid,595617,595627,596576,10,949,959,completed,1
794,Rigid,595617,595627,596646,10,1019,1029,completed,1
795,Rigid,595617,595627,671705,10,76078,76088,completed,1
796,Rigid,595617,595627,596536,10,909,919,completed,1
797,Rigid,595617,595627,596699,10,1072,1082,completed,1
798,Rigid,595617,595627,671705,10,76078,76088,completed,1
799,Rigid,595617,595627,596540,10,913,923,completed,1
800,Rigid,595617,595627,596677,10,1050,1060,completed,1
801,Rigid,595617,595627,671705,10,76078,76088,completed,1
802,Rigid,595617,595627,596546,10,919,929,completed,1
803,Rigid,595617,595627,596615,10,988,998,completed,1
804,Rigid,595617,595627,671705,10,76078,76088,completed,1
805,Rigid,595617,595627,596564,10,937,947,completed,1
806,Rigid,595617,595627,596648,10,1021,1031,completed,1
807,Rigid,595617,595627,671705,10,76078,76088,completed,1
808,Rigid,595617,595627,596576,10,949,959,completed,1
809,Rigid,595617,595627,596673,10,1046,1056,completed,1
810,Rigid,595617,595627,671705,10,76078,76088,completed,1
811,Rigid,595617,595627,596530,10,903,913,completed,1
812,Rigid,595617,595627,596614,10,987,997,completed,1
813,Rigid,595617,595627,671705,10,76078,76088,completed,1
814,Rigid,595617,595627,596519,10,892,902,completed,1
815,Rigid,595617,595627,596644,10,1017,1027,completed,1
816,Rigid,595617,595627,671705,10,76078,76088,completed,1
817,Rigid,595617,595627,596509,10,882,892,completed,1
818,Rigid,595617,595627,596631,10,1004,1014,completed,1
819,Rigid,595617,595627,671705,10,76078,76088,completed,1
820,Rigid,595617,595627,596549,10,922,932,completed,1
821,Rigid,595617,595627,596667,10,1040,1050,completed,1
822,Rigid,595617,595627,671705,10,76078,76088,completed,1
823,Rigid,595617,595627,596595,10,968,978,completed,1
824,Rigid,595617,595627,596646,10,1019,1029,completed,1
825,Rigid,595617,595627,671705,10,76078,76088,completed,1
826,Rigid,595617,595627,596542,10,915,925,completed,1
827,Rigid,595617,595627,596730,10,1103,1113,completed,1
828,Rigid,595617,595627,671705,10,76078,76088,completed,1
829,Rigid,595617,595627,596572,10,945,955,completed,1
830,Rigid,595617,595627,596653,10,1026,1036,completed,1
831,Rigid,595617,595627,671705,10,76078,76088,completed,1
832,Rigid,595617,595627,671705,10,76078,76088,completed,1
833,Rigid,595617,595627,671705,10,76078,76088,completed,1
834,Rigid,595617,595627,671705,10,76078,76088,completed,1
835,Rigid,595617,595627,671705,10,76078,76088,completed,1
836,Rigid,595617,595627,671705,10,76078,76088,completed,1
837,Rigid,595617,595627,671705,10,76078,76088,completed,1
838,Rigid,595617,595627,671705,10,76078,76088,completed,1
839,Rigid,595617,595627,671705,10,76078,76088,completed,1
840,Rigid,595617,595627,671705,10,76078,76088,completed,1
841,Rigid,595617,595627,671705,10,76078,76088,completed,1
842,Rigid,595617,595627,671705,10,76078,76088,completed,1
843,Rigid,595617,595627,671705,10,76078,76088,completed,1
844,Rigid,595617,595627,671705,10,76078,76088,completed,1
845,Rigid,595617,595627,671705,10,76078,76088,completed,1
846,Rigid,595617,595627,671705,10,76078,76088,completed,1
847,Rigid,595617,595627,671705,10,76078,76088,completed,1
848,Rigid,595617,595627,671705,10,76078,76088,completed,1
849,Rigid,595617,595627,671705,10,76078,76088,completed,1
850,Rigid,595617,595627,671705,10,76078,76088,completed,1
851,Rigid,595617,595627,671705,10,76078,76088,completed,1
852,Rigid,595617,595627,671705,10,76078,76088,completed,1
853,Rigid,595617,595627,671705,10,76078,76088,completed,1
854,Rigid,595617,595627,671705,10,76078,76088,completed,1
855,Rigid,595617,595627,671705,10,76078,76088,completed,1
856,Rigid,595617,595627,671705,10,76078,76088,completed,1
857,Rigid,595617,595627,671705,10,76078,76088,completed,1
858,Rigid,595617,595627,671705,10,76078,76088,completed,1
859,Rigid,595617,595627,671705,10,76078,76088,completed,1
860,Rigid,595617,595627,671705,10,76078,76088,completed,1
861,Rigid,595617,595627,671705,10,76078,76088,completed,1
862,Rigid,595617,595627,671705,10,76078,76088,completed,1
863,Rigid,595617,595627,671705,10,76078,76088,completed,1
864,Rigid,595617,595627,671705,10,76078,76088,completed,1
865,Rigid,595617,595627,671705,10,76078,76088,completed,1
866,Rigid,595617,595627,671705,10,76078,76088,completed,1
867,Rigid,595617,595627,671705,10,76078,76088,completed,1
868,Rigid,595617,595627,671705,10,76078,76088,completed,1
869,Rigid,595617,595627,671705,10,76078,76088,completed,1
870,Rigid,595617,595627,671705,10,76078,76088,completed,1
871,Rigid,595617,595627,598815,10,3188,3198,completed,1
872,Rigid,595617,595627,671705,10,76078,76088,completed,1
873,Rigid,595617,595627,671705,10,76078,76088,completed,1
874,Rigid,595617,595627,671705,10,76078,76088,completed,1
875,Rigid,595617,595627,671705,10,76078,76088,completed,1
876,Rigid,595617,595627,671705,10,76078,76088,completed,1
877,Rigid,595617,595627,671705,10,76078,76088,completed,1
878,Rigid,595617,595627,671705,10,76078,76088,completed,1
879,Rigid,595617,595627,671705,10,76078,76088,completed,1
880,Rigid,595617,595627,671705,10,76078,76088,completed,1
881,Rigid,595617,595627,671705,10,76078,76088,completed,1
882,Rigid,595617,595627,671705,10,76078,76088,completed,1
883,Rigid,595617,595627,671705,10,76078,76088,completed,1
884,Rigid,595617,595627,671705,10,76078,76088,completed,1
885,Rigid,595617,595627,671705,10,76078,76088,completed,1
886,Rigid,595617,595627,598701,10,3074,3084,completed,1
887,Rigid,595617,595627,671705,10,76078,76088,completed,1
888,Rigid,595617,595627,671705,10,76078,76088,completed,1
889,Rigid,595617,595627,671705,10,76078,76088,completed,1
890,Rigid,595617,595627,671705,10,76078,76088,completed,1
891,Rigid,595617,595627,671705,10,76078,76088,completed,1
892,Rigid,595617,595627,598742,10,3115,3125,completed,1
893,Rigid,595617,595627,671705,10,76078,76088,completed,1
894,Rigid,595617,595627,671705,10,76078,76088,completed,1
895,Rigid,595617,595627,671705,10,76078,76088,completed,1
896,Rigid,595617,595627,671705,10,76078,76088,completed,1
897,Rigid,595617,595627,671705,10,76078,76088,completed,1
898,Rigid,595617,595627,671705,10,76078,76088,completed,1
899,Rigid,595617,595627,671705,10,76078,76088,completed,1
900,Rigid,595617,595627,671705,10,76078,76088,completed,1
901,Rigid,595617,595627,671705,10,76078,76088,completed,1
902,Rigid,595617,595627,671705,10,76078,76088,completed,1
903,Rigid,595617,595627,671705,10,76078,76088,completed,1
904,Rigid,595617,595627,671705,10,76078,76088,completed,1
905,Rigid,595617,595627,671705,10,76078,76088,completed,1
906,Rigid,595617,595627,671705,10,76078,76088,completed,1
907,Rigid,595617,595627,671705,10,76078,76088,completed,1
908,Rigid,595617,595627,671705,10,76078,76088,completed,1
909,Rigid,595617,595627,671705,10,76078,76088,completed,1
910,Rigid,595617,595627,671705,10,76078,76088,completed,1
911,Rigid,595617,595627,671705,10,76078,76088,completed,1
912,Rigid,595617,595627,671705,10,76078,76088,completed,1
913,Rigid,595617,595627,671705,10,76078,76088,completed,1
914,Rigid,595617,595627,671705,10,76078,76088,completed,1
915,Rigid,595617,595627,671706,10,76079,76089,completed,1
916,Rigid,595617,595627,671706,10,76079,76089,completed,1
917,Rigid,595617,595627,671705,10,76078,76088,completed,1
918,Rigid,595617,595627,671706,10,76079,76089,completed,1
919,Rigid,595617,595627,598761,10,3134,3144,completed,1
920,Rigid,595617,595627,671705,10,76078,76088,completed,1
921,Rigid,595617,595627,671705,10,76078,76088,completed,1
922,Rigid,595617,595627,598857,10,3230,3240,completed,1
923,Rigid,595617,595627,671706,10,76079,76089,completed,1
924,Rigid,595617,595627,671705,10,76078,76088,completed,1
925,Rigid,595617,595627,598931,10,3304,3314,completed,1
926,Rigid,595617,595627,671705,10,76078,76088,completed,1
927,Rigid,595617,595627,671706,10,76079,76089,completed,1
928,Rigid,595617,595627,671706,10,76079,76089,completed,1
929,Rigid,595617,595627,671706,10,76079,76089,completed,1
930,Rigid,595617,595627,671706,10,76079,76089,completed,1
931,Rigid,595617,595627,598802,10,3175,3185,completed,1
932,Rigid,595617,595627,671706,10,76079,76089,completed,1
933,Rigid,595617,595627,671706,10,76079,76089,completed,1
934,Rigid,595617,595627,671706,10,76079,76089,completed,1
935,Rigid,595617,595627,671706,10,76079,76089,completed,1
936,Rigid,595617,595627,671706,10,76079,76089,completed,1
937,Rigid,595617,595627,598782,10,3155,3165,completed,1
938,Rigid,595617,595627,671706,10,76079,76089,completed,1
939,Rigid,595617,595627,671706,10,76079,76089,completed,1
940,Rigid,595617,595627,598809,10,3182,3192,completed,1
941,Rigid,595617,595627,671706,10,76079,76089,completed,1
942,Rigid,595617,595627,671706,10,76079,76089,completed,1
943,Rigid,595617,595628,671706,11,76078,76089,completed,1
944,Rigid,595617,595628,671706,11,76078,76089,completed,1
945,Rigid,595617,595628,671706,11,76078,76089,completed,1
946,Rigid,595617,595628,598825,11,3197,3208,completed,1
947,Rigid,595617,595628,671706,11,76078,76089,completed,1
948,Rigid,595617,595628,671706,11,76078,76089,completed,1
949,Rigid,595617,595628,671706,11,76078,76089,completed,1
950,Rigid,595617,595628,671706,11,76078,76089,completed,1
951,Rigid,595617,595628,671706,11,76078,76089,completed,1
952,Rigid,595617,595628,598783,11,3155,3166,completed,1
953,Rigid,595617,595628,671706,11,76078,76089,completed,1
954,Rigid,595617,595628,671706,11,76078,76089,completed,1
955,Rigid,595617,595628,671706,11,76078,76089,completed,1
956,Rigid,595617,595628,671706,11,76078,76089,completed,1
957,Rigid,595617,595628,671706,11,76078,76089,completed,1
958,Rigid,595617,595628,671706,11,76078,76089,completed,1
959,Rigid,595617,595628,671706,11,76078,76089,completed,1
960,Rigid,595617,595628,671706,11,76078,76089,completed,1
961,Rigid,595617,595628,671706,11,76078,76089,completed,1
962,Rigid,595617,595628,671706,11,76078,76089,completed,1
963,Rigid,595617,595628,671706,11,76078,76089,completed,1
964,Rigid,595617,595628,598836,11,3208,3219,completed,1
965,Rigid,595617,595628,671706,11,76078,76089,completed,1
966,Rigid,595617,595634,671706,17,76072,76089,completed,1
967,Rigid,595617,595634,671706,17,76072,76089,completed,1
968,Rigid,595617,595634,671706,17,76072,76089,completed,1
969,Rigid,595617,595634,671706,17,76072,76089,completed,1
970,Rigid,595617,595634,671706,17,76072,76089,completed,1
971,Rigid,595617,595634,671706,17,76072,76089,completed,1
972,Rigid,595617,595634,671706,17,76072,76089,completed,1
973,Rigid,595617,595634,598716,17,3082,3099,completed,1
974,Rigid,595617,595634,671706,17,76072,76089,completed,1
975,Rigid,595617,595634,671706,17,76072,76089,completed,1
976,Rigid,595617,595634,671706,17,76072,76089,completed,1
977,Rigid,595617,595634,671706,17,76072,76089,completed,1
978,Rigid,595617,595634,671706,17,76072,76089,completed,1
979,Rigid,595617,595634,671706,17,76072,76089,completed,1
980,Rigid,595617,595634,671706,17,76072,76089,completed,1
981,Rigid,595617,595634,671706,17,76072,76089,completed,1
982,Rigid,595617,595634,597825,17,2191,2208,completed,1
983,Rigid,595617,595634,671706,17,76072,76089,completed,1
984,Rigid,595617,595634,671706,17,76072,76089,completed,1
985,Rigid,595617,595634,671706,17,76072,76089,completed,1
986,Rigid,595617,595634,671706,17,76072,76089,completed,1
987,Rigid,595617,595634,671706,17,76072,76089,completed,1
988,Rigid,595617,595634,671706,17,76072,76089,completed,1
989,Rigid,595617,595634,671706,17,76072,76089,completed,1
990,Rigid,595617,595634,671706,17,76072,76089,completed,1
991,Rigid,595617,595634,597751,17,2117,2134,completed,1
992,Rigid,595617,595634,671706,17,76072,76089,completed,1
993,Rigid,595617,595634,671706,17,76072,76089,completed,1
994,Rigid,595617,595634,671706,17,76072,76089,completed,1
995,Rigid,595617,595634,671706,17,76072,76089,completed,1
996,Rigid,595617,595634,671706,17,76072,76089,completed,1
997,Rigid,595617,595634,671706,17,76072,76089,completed,1
998,Rigid,595617,595634,671706,17,76072,76089,completed,1
999,Rigid,595617,595634,671706,17,76072,76089,completed,1
1000,Rigid,595617,595634,671706,17,76072,76089,completed,1
1001,Rigid,595617,595634,671706,17,76072,76089,completed,1
1002,Rigid,595617,595634,671706,17,76072,76089,completed,1
1003,Rigid,595617,595634,671706,17,76072,76089,completed,1
1004,Rigid,595617,595634,671706,17,76072,76089,completed,1
1005,Rigid,595617,595634,671706,17,76072,76089,completed,1
1006,Rigid,595617,595634,671706,17,76072,76089,completed,1
1007,Rigid,595617,595634,671706,17,76072,76089,completed,1
1008,Rigid,595617,595634,671706,17,76072,76089,completed,1
1009,Rigid,595617,595634,597780,17,2146,2163,completed,1
1010,Rigid,595617,595634,671706,17,76072,76089,completed,1
1011,Rigid,595617,595634,671706,17,76072,76089,completed,1
1012,Rigid,595617,595634,671706,17,76072,76089,completed,1
1013,Rigid,595617,595634,671706,17,76072,76089,completed,1
1014,Rigid,595617,595634,671706,17,76072,76089,completed,1
1015,Rigid,595617,595634,671706,17,76072,76089,completed,1
1016,Rigid,595617,595634,671706,17,76072,76089,completed,1
1017,Rigid,595617,595634,671706,17,76072,76089,completed,1
1018,Rigid,595617,595634,671706,17,76072,76089,completed,1
1019,Rigid,595617,595634,671706,17,76072,76089,completed,1
1020,Rigid,595617,595634,671706,17,76072,76089,completed,1
1021,Rigid,595617,595634,671706,17,76072,76089,completed,1
1022,Rigid,595617,595634,671706,17,76072,76089,completed,1
1023,Rigid,595617,595634,671706,17,76072,76089,completed,1
1024,Rigid,595617,595634,671706,17,76072,76089,completed,1
1025,Rigid,595617,595634,671706,17,76072,76089,completed,1
1026,Rigid,595617,595634,671706,17,76072,76089,completed,1
1027,Rigid,595617,595634,671706,17,76072,76089,completed,1
1028,Rigid,595617,595634,671706,17,76072,76089,completed,1
1029,Rigid,595617,595634,671706,17,76072,76089,completed,1
1030,Rigid,595617,595634,671706,17,76072,76089,completed,1
1031,Rigid,595617,595634,671706,17,76072,76089,completed,1
1032,Rigid,595621,595622,595629,1,7,8,completed,1
1033,Rigid,595653,595653,595656,0,3,3,completed,1
1034,Rigid,595676,595677,595727,1,50,51,completed,36
1035,Rigid,595703,595704,595770,1,66,67,completed,1
1036,Rigid,595822,595822,596025,0,203,203,completed,72
1037,Rigid,595852,595852,595879,0,27,27,completed,36
1038,Rigid,595939,595940,596257,1,317,318,completed,36
1039,Rigid,595940,595940,596469,0,529,529,completed,36
1040,Rigid,595940,595940,596239,0,299,299,completed,36
1041,Rigid,595940,595944,596285,4,341,345,completed,36
1042,Rigid,595940,595944,596275,4,331,335,completed,36
1043,Rigid,595940,595944,596237,4,293,297,completed,36
1044,Rigid,595992,595993,595995,1,2,3,completed,1
1045,Rigid,596028,596029,596231,1,202,203,completed,72
1046,Rigid,596098,596098,596125,0,27,27,completed,36
1047,Rigid,596131,596131,596140,0,9,9,completed,1
1048,Rigid,596195,596196,597165,1,969,970,completed,1
1049,Rigid,596212,596213,597688,1,1475,1476,completed,6
1050,Rigid,596212,596213,596719,1,506,507,completed,1
1051,Rigid,596297,596298,596323,1,25,26,completed,36
1052,Rigid,596356,596356,596424,0,68,68,completed,1
1053,Rigid,596491,596492,596544,1,52,53,completed,36
1054,Rigid,596545,596546,596633,1,87,88,completed,36
1055,Rigid,596651,596651,596695,0,44,44,completed,36
1056,Rigid,596722,596723,596761,1,38,39,completed,36
1057,Rigid,596724,596724,596731,0,7,7,completed,36
1058,Rigid,596877,596877,596898,0,21,21,completed,36
1059,Rigid,596896,596896,599233,0,2337,2337,completed,8
1060,Rigid,596896,596896,599278,0,2382,2382,completed,16
1061,Rigid,596896,596896,599653,0,2757,2757,completed,1
1062,Rigid,596896,596896,598678,0,1782,1782,completed,6
1063,Rigid,597011,597012,597065,1,53,54,completed,36
1064,Rigid,597046,597047,597636,1,589,590,completed,1
1065,Rigid,597047,597047,597862,0,815,815,completed,6
1066,Rigid,597066,597066,597104,0,38,38,completed,36
1067,Rigid,597150,597151,597167,1,16,17,completed,36
1068,Rigid,597181,597182,597568,1,386,387,completed,36
1069,Rigid,597181,597182,597849,1,667,668,completed,36
1070,Rigid,597181,597182,597561,1,379,380,completed,36
1071,Rigid,597181,597182,597608,1,426,427,completed,36
1072,Rigid,597181,597182,597609,1,427,428,completed,36
1073,Rigid,597181,597182,597554,1,372,373,completed,36
1074,Rigid,597191,597192,597567,1,375,376,completed,36
1075,Rigid,597191,597192,597859,1,667,668,completed,36
1076,Rigid,597191,597192,597532,1,340,341,completed,36
1077,Rigid,597192,597192,597580,0,388,388,completed,36
1078,Rigid,597192,597196,597592,4,396,400,completed,36
1079,Rigid,597192,597196,597561,4,365,369,completed,36
1080,Rigid,597205,597206,597501,1,295,296,completed,36
1081,Rigid,597205,597206,597629,1,423,424,completed,36
1082,Rigid,597205,597206,597493,1,287,288,completed,36
1083,Rigid,597205,597206,597523,1,317,318,completed,36
1084,Rigid,597205,597206,597523,1,317,318,completed,36
1085,Rigid,597205,597206,597490,1,284,285,completed,36
1086,Rigid,597214,597215,597486,1,271,272,completed,36
1087,Rigid,597214,597215,597575,1,360,361,completed,36
1088,Rigid,597214,597215,597450,1,235,236,completed,36
1089,Rigid,597214,597215,597482,1,267,268,completed,36
1090,Rigid,597214,597215,597482,1,267,268,completed,36
1091,Rigid,597215,597215,597473,0,258,258,completed,36
1092,Rigid,597225,597226,597847,1,621,622,completed,36
1093,Rigid,597225,597226,597643,1,417,418,completed,36
1094,Rigid,597225,597226,597850,1,624,625,completed,36
1095,Rigid,597225,597226,597875,1,649,650,completed,36
1096,Rigid,597225,597226,597874,1,648,649,completed,36
1097,Rigid,597226,597226,597543,0,317,317,completed,36
1098,Rigid,597228,597230,597263,2,33,35,completed,36
1099,Rigid,597236,597237,597631,1,394,395,completed,36
1100,Rigid,597236,597237,597634,1,397,398,completed,36
1101,Rigid,597236,597237,597604,1,367,368,completed,36
1102,Rigid,597236,597237,597614,1,377,378,completed,36
1103,Rigid,597237,597237,597623,0,386,386,completed,36
1104,Rigid,597237,597241,597626,4,385,389,completed,36
1105,Rigid,597248,597248,597628,0,380,380,completed,36
1106,Rigid,597248,597248,597819,0,571,571,completed,36
1107,Rigid,597248,597248,597607,0,359,359,completed,36
1108,Rigid,597248,597250,597651,2,401,403,completed,36
1109,Rigid,597248,597250,597646,2,396,398,completed,36
1110,Rigid,597248,597250,597613,2,363,365,completed,36
1111,Rigid,597259,597260,597648,1,388,389,completed,36
1112,Rigid,597259,597260,597838,1,578,579,completed,36
1113,Rigid,597260,597260,597650,0,390,390,completed,36
1114,Rigid,597260,597260,597661,0,401,401,completed,36
1115,Rigid,597260,597264,597657,4,393,397,completed,36
1116,Rigid,597260,597264,597685,4,421,425,completed,36
1117,Rigid,597288,597288,597653,0,365,365,completed,36
1118,Rigid,597288,597288,597677,0,389,389,completed,36
1119,Rigid,597288,597288,597630,0,342,342,completed,36
1120,Rigid,597288,597292,597669,4,377,381,completed,36
1121,Rigid,597288,597292,597673,4,381,385,completed,36
1122,Rigid,597288,597292,597669,4,377,381,completed,36
1123,Rigid,597422,597422,597469,0,47,47,completed,36
1124,Rigid,597446,597446,598915,0,1469,1469,completed,1
1125,Rigid,597446,597446,598365,0,919,919,completed,6
1126,Rigid,597506,597510,597547,4,37,41,completed,36
1127,Rigid,597629,597629,598157,0,528,528,completed,36
1128,Rigid,597715,597716,597787,1,71,72,completed,36
1129,Rigid,597801,597801,597831,0,30,30,completed,36
1130,Rigid,597842,597842,597919,0,77,77,completed,36
1131,Rigid,597879,597880,597882,1,2,3,completed,36
1132,Rigid,598006,598007,598082,1,75,76,completed,36
1133,Rigid,598061,598061,598092,0,31,31,completed,36
1134,Rigid,598207,598207,598240,0,33,33,completed,36
1135,Rigid,598465,598465,598490,0,25,25,completed,36
1136,Rigid,598466,598492,598517,26,25,51,completed,36
1137,Rigid,598522,598522,600497,0,1975,1975,completed,1
1138,Rigid,598524,598526,601392,2,2866,2868,completed,6
1139,Rigid,598525,598526,599373,1,847,848,completed,8
1140,Rigid,598525,598526,601370,1,2844,2845,completed,16
1141,Rigid,598691,598691,599062,0,371,371,completed,36
1142,Rigid,598735,598736,598806,1,70,71,completed,36
1143,Rigid,598911,598912,598971,1,59,60,completed,36
1144,Rigid,598994,598995,599368,1,373,374,completed,36
1145,Rigid,599282,599283,599316,1,33,34,completed,1
1146,Rigid,599290,599291,599405,1,114,115,completed,1
1147,Rigid,599295,599295,599547,0,252,252,completed,1
1148,Rigid,599299,599300,600739,1,1439,1440,completed,1
1149,Rigid,599303,599304,599308,1,4,5,completed,72
1150,Rigid,599355,599356,604519,1,5163,5164,completed,6
1151,Rigid,599355,599356,604085,1,4729,4730,completed,6
1152,Rigid,599355,599356,604351,1,4995,4996,completed,6
1153,Rigid,599355,599356,604055,1,4699,4700,completed,6
1154,Rigid,599355,599356,604095,1,4739,4740,completed,6
1155,Rigid,599356,599360,604352,4,4992,4996,completed,6
1156,Rigid,599356,599360,604106,4,4746,4750,completed,6
1157,Rigid,599356,599360,603037,4,3677,3681,completed,6
1158,Rigid,599356,599360,604082,4,4722,4726,completed,6
1159,Rigid,599356,599360,604111,4,4751,4755,completed,6
1160,Rigid,599356,599360,604340,4,4980,4984,completed,6
1161,Rigid,599357,599360,604117,3,4757,4760,completed,6
1162,Rigid,599357,599360,604106,3,4746,4749,completed,6
1163,Rigid,599357,599360,604117,3,4757,4760,completed,6
1164,Rigid,599357,599360,604033,3,4673,4676,completed,6
1165,Rigid,599357,599360,604430,3,5070,5073,completed,6
1166,Rigid,599357,599360,604761,3,5401,5404,completed,6
1167,Rigid,599357,599360,604160,3,4800,4803,completed,6
1168,Rigid,599357,599360,604482,3,5122,5125,completed,6
1169,Rigid,599358,599360,604190,2,4830,4832,completed,6
1170,Rigid,599358,599360,604775,2,5415,5417,completed,6
1171,Rigid,599358,599360,603064,2,3704,3706,completed,6
1172,Rigid,599358,599360,603037,2,3677,3679,completed,6
1173,Rigid,599358,599360,604148,2,4788,4790,completed,6
1174,Rigid,599358,599360,604019,2,4659,4661,completed,6
1175,Rigid,599358,599360,604110,2,4750,4752,completed,6
1176,Rigid,599359,599360,604084,1,4724,4725,completed,6
1177,Rigid,599359,599360,604076,1,4716,4717,completed,6
1178,Rigid,599359,599360,604106,1,4746,4747,completed,6
1179,Rigid,599359,599360,603009,1,3649,3650,completed,6
1180,Rigid,599359,599360,604123,1,4763,4764,completed,6
1181,Rigid,599359,599360,604099,1,4739,4740,completed,6
1182,Rigid,599359,599360,604100,1,4740,4741,completed,6
1183,Rigid,599359,599360,604369,1,5009,5010,completed,6
1184,Rigid,599359,599360,604913,1,5553,5554,completed,6
1185,Rigid,599359,599360,605310,1,5950,5951,completed,6
1186,Rigid,599359,599360,604364,1,5004,5005,completed,6
1187,Rigid,599359,599360,604369,1,5009,5010,completed,6
1188,Rigid,599360,599360,604602,0,5242,5242,completed,6
1189,Rigid,599360,599360,604351,0,4991,4991,completed,6
1190,Rigid,599360,599360,604371,0,5011,5011,completed,6
1191,Rigid,599360,599364,603035,4,3671,3675,completed,6
1192,Rigid,599360,599364,604401,4,5037,5041,completed,6
1193,Rigid,599360,599364,602955,4,3591,3595,completed,6
1194,Rigid,599360,599364,604621,4,5257,5261,completed,6
1195,Rigid,599360,599364,604056,4,4692,4696,completed,6
1196,Rigid,599360,599364,604054,4,4690,4694,completed,6
1197,Rigid,599361,599364,604056,3,4692,4695,completed,6
1198,Rigid,599361,599364,604025,3,4661,4664,completed,6
1199,Rigid,599361,599364,604073,3,4709,4712,completed,6
1200,Rigid,599361,599364,604102,3,4738,4741,completed,6
1201,Rigid,599361,599364,605096,3,5732,5735,completed,6
1202,Rigid,599361,599364,604192,3,4828,4831,completed,6
1203,Rigid,599361,599364,604235,3,4871,4874,completed,6
1204,Rigid,599361,599364,603206,3,3842,3845,completed,6
1205,Rigid,599361,599364,604192,3,4828,4831,completed,6
1206,Rigid,599361,599364,604750,3,5386,5389,completed,6
1207,Rigid,599362,599364,604082,2,4718,4720,completed,6
1208,Rigid,599362,599364,604053,2,4689,4691,completed,6
1209,Rigid,599362,599364,604061,2,4697,4699,completed,6
1210,Rigid,599362,599364,604144,2,4780,4782,completed,6
1211,Rigid,599362,599364,604097,2,4733,4735,completed,6
1212,Rigid,599362,599364,604057,2,4693,4695,completed,6
1213,Rigid,599362,599364,604183,2,4819,4821,completed,6
1214,Rigid,599362,599364,603118,2,3754,3756,completed,6
1215,Rigid,599362,599364,603112,2,3748,3750,completed,6
1216,Rigid,599362,599364,604145,2,4781,4783,completed,6
1217,Rigid,599364,599366,604507,2,5141,5143,completed,6
1218,Rigid,599364,599366,604145,2,4779,4781,completed,6
1219,Rigid,599364,599366,602941,2,3575,3577,completed,6
1220,Rigid,599365,599366,604084,1,4718,4719,completed,6
1221,Rigid,599365,599366,604053,1,4687,4688,completed,6
1222,Rigid,599365,599366,604115,1,4749,4750,completed,6
1223,Rigid,599365,599366,604484,1,5118,5119,completed,6
1224,Rigid,599365,599366,604160,1,4794,4795,completed,6
1225,Rigid,599365,599366,604415,1,5049,5050,completed,6
1226,Rigid,599366,599366,604146,0,4780,4780,completed,6
1227,Rigid,599366,599366,604085,0,4719,4719,completed,6
1228,Rigid,599366,599366,604166,0,4800,4800,completed,6
1229,Rigid,599366,599370,604093,4,4723,4727,completed,6
1230,Rigid,599366,599370,604093,4,4723,4727,completed,6
1231,Rigid,599366,599370,604132,4,4762,4766,completed,6
1232,Rigid,599366,599370,604146,4,4776,4780,completed,6
1233,Rigid,599367,599370,604229,3,4859,4862,completed,6
1234,Rigid,599367,599370,602999,3,3629,3632,completed,6
1235,Rigid,599367,599370,604096,3,4726,4729,completed,6
1236,Rigid,599367,599370,604087,3,4717,4720,completed,6
1237,Rigid,599367,599370,604088,3,4718,4721,completed,6
1238,Rigid,599367,599370,604341,3,4971,4974,completed,6
1239,Rigid,599367,599370,604099,3,4729,4732,completed,6
1240,Rigid,599367,599370,604189,3,4819,4822,completed,6
1241,Rigid,599367,599370,604053,3,4683,4686,completed,6
1242,Rigid,599367,599370,604096,3,4726,4729,completed,6
1243,Rigid,599367,599370,604154,3,4784,4787,completed,6
1244,Rigid,599367,599370,604355,3,4985,4988,completed,6
1245,Rigid,599367,599370,604496,3,5126,5129,completed,6
1246,Rigid,599368,599370,604183,2,4813,4815,completed,6
1247,Rigid,599368,599370,603313,2,3943,3945,completed,6
1248,Rigid,599368,599370,604161,2,4791,4793,completed,6
1249,Rigid,599368,599370,604496,2,5126,5128,completed,6
1250,Rigid,599384,599385,599391,1,6,7,completed,72
1251,Rigid,599388,599389,599482,1,93,94,completed,1
1252,Rigid,599389,599389,599403,0,14,14,completed,1
1253,Rigid,599415,599415,602915,0,3500,3500,completed,6
1254,Rigid,599415,599415,602922,0,3507,3507,completed,6
1255,Rigid,599415,599415,604621,0,5206,5206,completed,6
1256,Rigid,599415,599415,604384,0,4969,4969,completed,6
1257,Rigid,599415,599416,604144,1,4728,4729,completed,6
1258,Rigid,599415,599416,603252,1,3836,3837,completed,6
1259,Rigid,599416,599419,602962,3,3543,3546,completed,6
1260,Rigid,599417,599419,604103,2,4684,4686,completed,6
1261,Rigid,599419,599423,604075,4,4652,4656,completed,6
1262,Rigid,599420,599423,604071,3,4648,4651,completed,6
1263,Rigid,599420,599423,604019,3,4596,4599,completed,6
1264,Rigid,599420,599423,604059,3,4636,4639,completed,6
1265,Rigid,599499,599500,604025,1,4525,4526,completed,6
1266,Rigid,599567,599568,604059,1,4491,4492,completed,6
1267,Rigid,599668,599670,604019,2,4349,4351,completed,6
1268,Rigid,600064,600065,600100,1,35,36,completed,36
1269,Rigid,600069,600070,600080,1,10,11,completed,1
1270,Rigid,600071,600074,600188,3,114,117,completed,1
1271,Rigid,600072,600074,600188,2,114,116,completed,1
1272,Rigid,600072,600074,600188,2,114,116,completed,1
1273,Rigid,600072,600074,600188,2,114,116,completed,1
1274,Rigid,600072,600074,600188,2,114,116,completed,1
1275,Rigid,600072,600074,600188,2,114,116,completed,1
1276,Rigid,600072,600074,600188,2,114,116,completed,1
1277,Rigid,600072,600074,600217,2,143,145,completed,1
1278,Rigid,600072,600074,600236,2,162,164,completed,1
1279,Rigid,600072,600074,600236,2,162,164,completed,1
1280,Rigid,600072,600074,600216,2,142,144,completed,1
1281,Rigid,600072,600074,600215,2,141,143,completed,1
1282,Rigid,600072,600074,600216,2,142,144,completed,1
1283,Rigid,600072,600074,600215,2,141,143,completed,1
1284,Rigid,600072,600074,600235,2,161,163,completed,1
1285,Rigid,600072,600074,600217,2,143,145,completed,1
1286,Rigid,600072,600074,600215,2,141,143,completed,1
1287,Rigid,600072,600074,600217,2,143,145,completed,1
1288,Rigid,600072,600074,600215,2,141,143,completed,1
1289,Rigid,600072,600074,600217,2,143,145,completed,1
1290,Rigid,600072,600074,600216,2,142,144,completed,1
1291,Rigid,600072,600074,600217,2,143,145,completed,1
1292,Rigid,600072,600074,600235,2,161,163,completed,1
1293,Rigid,600072,600074,600236,2,162,164,completed,1
1294,Rigid,600072,600074,600217,2,143,145,completed,1
1295,Rigid,600072,600074,600218,2,144,146,completed,1
1296,Rigid,600072,600074,600236,2,162,164,completed,1
1297,Rigid,600072,600074,600216,2,142,144,completed,1
1298,Rigid,600072,600074,600236,2,162,164,completed,1
1299,Rigid,600073,600074,600217,1,143,144,completed,1
1300,Rigid,600073,600074,600236,1,162,163,completed,1
1301,Rigid,600073,600074,600216,1,142,143,completed,1
1302,Rigid,600073,600074,600217,1,143,144,completed,1
1303,Rigid,600073,600074,600236,1,162,163,completed,1
1304,Rigid,600073,600074,600217,1,143,144,completed,1
1305,Rigid,600073,600074,600215,1,141,142,completed,1
1306,Rigid,600073,600074,600215,1,141,142,completed,1
1307,Rigid,600073,600074,600215,1,141,142,completed,1
1308,Rigid,600073,600074,600217,1,143,144,completed,1
1309,Rigid,600073,600074,600217,1,143,144,completed,1
1310,Rigid,600073,600074,600236,1,162,163,completed,1
1311,Rigid,600073,600074,600217,1,143,144,completed,1
1312,Rigid,600073,600074,600216,1,142,143,completed,1
1313,Rigid,600073,600074,600217,1,143,144,completed,1
1314,Rigid,600073,600074,600217,1,143,144,completed,1
1315,Rigid,600073,600074,600216,1,142,143,completed,1
1316,Rigid,600073,600074,600217,1,143,144,completed,1
1317,Rigid,600073,600074,600217,1,143,144,completed,1
1318,Rigid,600073,600074,600217,1,143,144,completed,1
1319,Rigid,600073,600074,600217,1,143,144,completed,1
1320,Rigid,600073,600074,600217,1,143,144,completed,1
1321,Rigid,600073,600074,600217,1,143,144,completed,1
1322,Rigid,600073,600074,600217,1,143,144,completed,1
1323,Rigid,600073,600074,600233,1,159,160,completed,1
1324,Rigid,600073,600074,600235,1,161,162,completed,1
1325,Rigid,600073,600074,600217,1,143,144,completed,1
1326,Rigid,600073,600074,600217,1,143,144,completed,1
1327,Rigid,600073,600074,600235,1,161,162,completed,1
1328,Rigid,600073,600074,600235,1,161,162,completed,1
1329,Rigid,600074,600074,600217,0,143,143,completed,1
1330,Rigid,600074,600074,600217,0,143,143,completed,1
1331,Rigid,600074,600076,600219,2,143,145,completed,1
1332,Rigid,600074,600076,600216,2,140,142,completed,1
1333,Rigid,600074,600076,600216,2,140,142,completed,1
1334,Rigid,600074,600076,600236,2,160,162,completed,1
1335,Rigid,600074,600076,600217,2,141,143,completed,1
1336,Rigid,600074,600076,600217,2,141,143,completed,1
1337,Rigid,600074,600076,600216,2,140,142,completed,1
1338,Rigid,600074,600076,600217,2,141,143,completed,1
1339,Rigid,600075,600076,600236,1,160,161,completed,1
1340,Rigid,600075,600076,600216,1,140,141,completed,1
1341,Rigid,600075,600076,600217,1,141,142,completed,1
1342,Rigid,600075,600076,600217,1,141,142,completed,1
1343,Rigid,600075,600076,600217,1,141,142,completed,1
1344,Rigid,600075,600076,600217,1,141,142,completed,1
1345,Rigid,600075,600076,600217,1,141,142,completed,1
1346,Rigid,600075,600076,600216,1,140,141,completed,1
1347,Rigid,600075,600076,600217,1,141,142,completed,1
1348,Rigid,600075,600076,600233,1,157,158,completed,1
1349,Rigid,600075,600076,600235,1,159,160,completed,1
1350,Rigid,600075,600076,600235,1,159,160,completed,1
1351,Rigid,600075,600076,600217,1,141,142,completed,1
1352,Rigid,600075,600076,600216,1,140,141,completed,1
1353,Rigid,600075,600076,600217,1,141,142,completed,1
1354,Rigid,600075,600076,600218,1,142,143,completed,1
1355,Rigid,600075,600076,600216,1,140,141,completed,1
1356,Rigid,600075,600076,600218,1,142,143,completed,1
1357,Rigid,600075,600076,600216,1,140,141,completed,1
1358,Rigid,600076,600076,600217,0,141,141,completed,1
1359,Rigid,600076,600076,600217,0,141,141,completed,1
1360,Rigid,600076,600076,600216,0,140,140,completed,1
1361,Rigid,600076,600076,600216,0,140,140,completed,1
1362,Rigid,600076,600076,600218,0,142,142,completed,1
1363,Rigid,600076,600076,600234,0,158,158,completed,1
1364,Rigid,600076,600076,600216,0,140,140,completed,1
1365,Rigid,600076,600076,600217,0,141,141,completed,1
1366,Rigid,600076,600076,600235,0,159,159,completed,1
1367,Rigid,600076,600076,600219,0,143,143,completed,1
1368,Rigid,600076,600076,600218,0,142,142,completed,1
1369,Rigid,600076,600076,600217,0,141,141,completed,1
1370,Rigid,600076,600076,600217,0,141,141,completed,1
1371,Rigid,600076,600076,600216,0,140,140,completed,1
1372,Rigid,600076,600076,600216,0,140,140,completed,1
1373,Rigid,600076,600076,600217,0,141,141,completed,1
1374,Rigid,600076,600076,600216,0,140,140,completed,1
1375,Rigid,600076,600076,600217,0,141,141,completed,1
1376,Rigid,600076,600076,600235,0,159,159,completed,1
1377,Rigid,600076,600076,600217,0,141,141,completed,1
1378,Rigid,600076,600076,600216,0,140,140,completed,1
1379,Rigid,600076,600076,600218,0,142,142,completed,1
1380,Rigid,600076,600076,600218,0,142,142,completed,1
1381,Rigid,600076,600076,600216,0,140,140,completed,1
1382,Rigid,600076,600076,600217,0,141,141,completed,1
1383,Rigid,600076,600076,600216,0,140,140,completed,1
1384,Rigid,600076,600078,600236,2,158,160,completed,1
1385,Rigid,600077,600078,600188,1,110,111,completed,1
1386,Rigid,600077,600078,600188,1,110,111,completed,1
1387,Rigid,600077,600078,600188,1,110,111,completed,1
1388,Rigid,600077,600078,600208,1,130,131,completed,1
1389,Rigid,600077,600078,600188,1,110,111,completed,1
1390,Rigid,600077,600078,600188,1,110,111,completed,1
1391,Rigid,600077,600078,600188,1,110,111,completed,1
1392,Rigid,600077,600078,600188,1,110,111,completed,1
1393,Rigid,600077,600078,600188,1,110,111,completed,1
1394,Rigid,600077,600078,600188,1,110,111,completed,1
1395,Rigid,600077,600078,600188,1,110,111,completed,1
1396,Rigid,600077,600078,600188,1,110,111,completed,1
1397,Rigid,600077,600078,600188,1,110,111,completed,1
1398,Rigid,600077,600078,600188,1,110,111,completed,1
1399,Rigid,600077,600078,600188,1,110,111,completed,1
1400,Rigid,600077,600078,600188,1,110,111,completed,1
1401,Rigid,600078,600078,600188,0,110,110,completed,1
1402,Rigid,600078,600078,600188,0,110,110,completed,1
1403,Rigid,600078,600078,600188,0,110,110,completed,1
1404,Rigid,600078,600078,600188,0,110,110,completed,1
1405,Rigid,600078,600078,600188,0,110,110,completed,1
1406,Rigid,600078,600078,600188,0,110,110,completed,1
1407,Rigid,600078,600078,600212,0,134,134,completed,1
1408,Rigid,600078,600078,600216,0,138,138,completed,1
1409,Rigid,600078,600078,600211,0,133,133,completed,1
1410,Rigid,600078,600078,600211,0,133,133,completed,1
1411,Rigid,600078,600078,600214,0,136,136,completed,1
1412,Rigid,600078,600082,600216,4,134,138,completed,1
1413,Rigid,600078,600082,600232,4,150,154,completed,1
1414,Rigid,600078,600082,600211,4,129,133,completed,1
1415,Rigid,600078,600082,600231,4,149,153,completed,1
1416,Rigid,600078,600082,600216,4,134,138,completed,1
1417,Rigid,600078,600082,600211,4,129,133,completed,1
1418,Rigid,600078,600082,600211,4,129,133,completed,1
1419,Rigid,600078,600082,600216,4,134,138,completed,1
1420,Rigid,600078,600082,600215,4,133,137,completed,1
1421,Rigid,600078,600082,600215,4,133,137,completed,1
1422,Rigid,600079,600082,600214,3,132,135,completed,1
1423,Rigid,600079,600082,600231,3,149,152,completed,1
1424,Rigid,600079,600082,600216,3,134,137,completed,1
1425,Rigid,600079,600082,600218,3,136,139,completed,1
1426,Rigid,600079,600082,600211,3,129,132,completed,1
1427,Rigid,600079,600082,600216,3,134,137,completed,1
1428,Rigid,600079,600082,600211,3,129,132,completed,1
1429,Rigid,600079,600082,600235,3,153,156,completed,1
1430,Rigid,600079,600082,600216,3,134,137,completed,1
1431,Rigid,600079,600082,600216,3,134,137,completed,1
1432,Rigid,600079,600082,600215,3,133,136,completed,1
1433,Rigid,600079,600082,600211,3,129,132,completed,1
1434,Rigid,600079,600082,600215,3,133,136,completed,1
1435,Rigid,600079,600082,600212,3,130,133,completed,1
1436,Rigid,600079,600082,600211,3,129,132,completed,1
1437,Rigid,600079,600082,600215,3,133,136,completed,1
1438,Rigid,600079,600082,600216,3,134,137,completed,1
1439,Rigid,600079,600082,600214,3,132,135,completed,1
1440,Rigid,600079,600082,600216,3,134,137,completed,1
1441,Rigid,600079,600082,600216,3,134,137,completed,1
1442,Rigid,600079,600082,600214,3,132,135,completed,1
1443,Rigid,600079,600082,600217,3,135,138,completed,1
1444,Rigid,600079,600082,600196,3,114,117,completed,1
1445,Rigid,600079,600082,600195,3,113,116,completed,1
1446,Rigid,600079,600082,600196,3,114,117,completed,1
1447,Rigid,600079,600082,600196,3,114,117,completed,1
1448,Rigid,600079,600082,600196,3,114,117,completed,1
1449,Rigid,600080,600082,600196,2,114,116,completed,1
1450,Rigid,600080,600082,600196,2,114,116,completed,1
1451,Rigid,600080,600082,600195,2,113,115,completed,1
1452,Rigid,600080,600082,600195,2,113,115,completed,1
1453,Rigid,600080,600082,600195,2,113,115,completed,1
1454,Rigid,600080,600082,600196,2,114,116,completed,1
1455,Rigid,600080,600082,600195,2,113,115,completed,1
1456,Rigid,600080,600082,600196,2,114,116,completed,1
1457,Rigid,600080,600082,600195,2,113,115,completed,1
1458,Rigid,600080,600082,600196,2,114,116,completed,1
1459,Rigid,600080,600082,600196,2,114,116,completed,1
1460,Rigid,600080,600082,600196,2,114,116,completed,1
1461,Rigid,600080,600082,600201,2,119,121,completed,1
1462,Rigid,600080,600082,600195,2,113,115,completed,1
1463,Rigid,600080,600082,600196,2,114,116,completed,1
1464,Rigid,600080,600082,600196,2,114,116,completed,1
1465,Rigid,600080,600082,600195,2,113,115,completed,1
1466,Rigid,600080,600082,600196,2,114,116,completed,1
1467,Rigid,600080,600082,600218,2,136,138,completed,1
1468,Rigid,600080,600082,600196,2,114,116,completed,1
1469,Rigid,600080,600082,600196,2,114,116,completed,1
1470,Rigid,600083,600096,600139,13,43,56,completed,36
1471,Rigid,600169,600169,600207,0,38,38,completed,36
1472,Rigid,600214,600214,600252,0,38,38,completed,36
1473,Rigid,600265,600266,600303,1,37,38,completed,36
1474,Rigid,600286,600287,600562,1,275,276,completed,72
1475,Rigid,600474,600475,600479,1,4,5,completed,1
1476,Rigid,600509,600510,699255,1,98745,98746,completed,1
1477,Rigid,600512,600514,605968,2,5454,5456,completed,6
1478,Rigid,600525,600526,600568,1,42,43,completed,1
1479,Rigid,600569,600569,600575,0,6,6,completed,36
1480,Rigid,600685,600685,600755,0,70,70,completed,36
1481,Rigid,600746,600747,605968,1,5221,5222,completed,6
1482,Rigid,600778,600779,607313,1,6534,6535,completed,72
1483,Rigid,600836,600836,614777,0,13941,13941,completed,36
1484,Rigid,601362,601362,615511,0,14149,14149,completed,36
1485,Rigid,601384,601384,602013,0,629,629,completed,8
1486,Rigid,601404,601405,606663,1,5258,5259,completed,6
1487,Rigid,601860,601860,602423,0,563,563,completed,36
1488,Rigid,602033,602034,602089,1,55,56,completed,1
1489,Rigid,602063,602064,624939,1,22875,22876,completed,1
1490,Rigid,602069,602070,771889,1,169819,169820,completed,36
1491,Rigid,602070,602070,604842,0,2772,2772,completed,16
1492,Rigid,602096,602097,606403,1,4306,4307,completed,6
1493,Rigid,602455,602456,602500,1,44,45,completed,36
1494,Rigid,602524,602524,602595,0,71,71,completed,36
1495,Rigid,602922,602922,607487,0,4565,4565,completed,6
1496,Rigid,602943,602943,606240,0,3297,3297,completed,6
1497,Rigid,602956,602956,607477,0,4521,4521,completed,6
1498,Rigid,602969,602970,608613,1,5643,5644,completed,6
1499,Rigid,602974,602975,607477,1,4502,4503,completed,6
1500,Rigid,602999,603000,609927,1,6927,6928,completed,6
1501,Rigid,603015,603016,606280,1,3264,3265,completed,6
1502,Rigid,603037,603038,609616,1,6578,6579,completed,6
1503,Rigid,603056,603057,606526,1,3469,3470,completed,6
1504,Rigid,603057,603061,607407,4,4346,4350,completed,6
1505,Rigid,603078,603079,607407,1,4328,4329,completed,6
1506,Rigid,603124,603125,607626,1,4501,4502,completed,6
1507,Rigid,603125,603125,607928,0,4803,4803,completed,6
1508,Rigid,603208,603208,608305,0,5097,5097,completed,6
1509,Rigid,603266,603266,605389,0,2123,2123,completed,6
1510,Rigid,603330,603331,608748,1,5417,5418,completed,6
1511,Rigid,603741,603742,603761,1,19,20,completed,36
1512,Rigid,603779,603780,613121,1,9341,9342,completed,144
1513,Rigid,603836,603837,603854,1,17,18,completed,36
1514,Rigid,603848,603849,603851,1,2,3,completed,36
1515,Rigid,603879,603881,603929,2,48,50,completed,36
1516,Rigid,603897,603898,609239,1,5341,5342,completed,36
1517,Rigid,603907,603929,603976,22,47,69,completed,36
1518,Rigid,603929,603977,604022,48,45,93,completed,36
1519,Rigid,603936,603937,605708,1,1771,1772,completed,36
1520,Rigid,604004,604023,604070,19,47,66,completed,36
1521,Rigid,604023,604023,608906,0,4883,4883,completed,6
1522,Rigid,604023,604024,608943,1,4919,4920,completed,6
1523,Rigid,604026,604026,607626,0,3600,3600,completed,6
1524,Rigid,604028,604031,607626,3,3595,3598,completed,6
1525,Rigid,604043,604043,607685,0,3642,3642,completed,6
1526,Rigid,604046,604047,607765,1,3718,3719,completed,6
1527,Rigid,604064,604065,607630,1,3565,3566,completed,6
1528,Rigid,604065,604065,607638,0,3573,3573,completed,6
1529,Rigid,604067,604069,607638,2,3569,3571,completed,6
1530,Rigid,604069,604069,604640,0,571,571,completed,36
1531,Rigid,604070,604071,607656,1,3585,3586,completed,6
1532,Rigid,604070,604071,607695,1,3624,3625,completed,6
1533,Rigid,604072,604073,604181,1,108,109,completed,1
1534,Rigid,604072,604073,608946,1,4873,4874,completed,6
1535,Rigid,604072,604073,607674,1,3601,3602,completed,6
1536,Rigid,604072,604073,607669,1,3596,3597,completed,6
1537,Rigid,604073,604073,609952,0,5879,5879,completed,6
1538,Rigid,604073,604073,608965,0,4892,4892,completed,6
1539,Rigid,604088,604088,607626,0,3538,3538,completed,6
1540,Rigid,604088,604088,608948,0,4860,4860,completed,6
1541,Rigid,604088,604088,608925,0,4837,4837,completed,6
1542,Rigid,604088,604088,608907,0,4819,4819,completed,6
1543,Rigid,604089,604092,607902,3,3810,3813,completed,6
1544,Rigid,604089,604092,607628,3,3536,3539,completed,6
1545,Rigid,604092,604092,607655,0,3563,3563,completed,6
1546,Rigid,604092,604092,609872,0,5780,5780,completed,6
1547,Rigid,604092,604095,609164,3,5069,5072,completed,6
1548,Rigid,604093,604095,607736,2,3641,3643,completed,6
1549,Rigid,604094,604095,607626,1,3531,3532,completed,6
1550,Rigid,604095,604095,607668,0,3573,3573,completed,6
1551,Rigid,604108,604108,608985,0,4877,4877,completed,6
1552,Rigid,604109,604112,608906,3,4794,4797,completed,6
1553,Rigid,604110,604112,607672,2,3560,3562,completed,6
1554,Rigid,604110,604112,608906,2,4794,4796,completed,6
1555,Rigid,604111,604112,608910,1,4798,4799,completed,6
1556,Rigid,604111,604112,608916,1,4804,4805,completed,6
1557,Rigid,604111,604112,607639,1,3527,3528,completed,6
1558,Rigid,604111,604112,608934,1,4822,4823,completed,6
1559,Rigid,604112,604112,607692,0,3580,3580,completed,6
1560,Rigid,604114,604116,608984,2,4868,4870,completed,6
1561,Rigid,604114,604116,608915,2,4799,4801,completed,6
1562,Rigid,604114,604116,607811,2,3695,3697,completed,6
1563,Rigid,604115,604116,607883,1,3767,3768,completed,6
1564,Rigid,604115,604116,609166,1,5050,5051,completed,6
1565,Rigid,604115,604116,608965,1,4849,4850,completed,6
1566,Rigid,604131,604132,605320,1,1188,1189,completed,8
1567,Rigid,604132,604132,608906,0,4774,4774,completed,6
1568,Rigid,604132,604132,608926,0,4794,4794,completed,6
1569,Rigid,604133,604136,608906,3,4770,4773,completed,6
1570,Rigid,604135,604136,607741,1,3605,3606,completed,6
1571,Rigid,604135,604136,607852,1,3716,3717,completed,6
1572,Rigid,604156,604157,608906,1,4749,4750,completed,6
1573,Rigid,604158,604161,607626,3,3465,3468,completed,6
1574,Rigid,604159,604161,608533,2,4372,4374,completed,6
1575,Rigid,604159,604161,608117,2,3956,3958,completed,6
1576,Rigid,604160,604161,609164,1,5003,5004,completed,6
1577,Rigid,604160,604161,608906,1,4745,4746,completed,6
1578,Rigid,604160,604161,607646,1,3485,3486,completed,6
1579,Rigid,604160,604161,607639,1,3478,3479,completed,6
1580,Rigid,604161,604162,607949,1,3787,3788,completed,6
1581,Rigid,604178,604181,607742,3,3561,3564,completed,6
1582,Rigid,604179,604181,608470,2,4289,4291,completed,6
1583,Rigid,604181,604183,608955,2,4772,4774,completed,6
1584,Rigid,604196,604197,610565,1,6368,6369,completed,6
1585,Rigid,604199,604201,608656,2,4455,4457,completed,6
1586,Rigid,604200,604201,610565,1,6364,6365,completed,6
1587,Rigid,604202,604205,607987,3,3782,3785,completed,6
1588,Rigid,604202,604205,607736,3,3531,3534,completed,6
1589,Rigid,604202,604205,610264,3,6059,6062,completed,6
1590,Rigid,604203,604205,610851,2,6646,6648,completed,6
1591,Rigid,604244,604245,607953,1,3708,3709,completed,6
1592,Rigid,604244,604245,609048,1,4803,4804,completed,6
1593,Rigid,604349,604350,604404,1,54,55,completed,108
1594,Rigid,604349,604350,607746,1,3396,3397,completed,6
1595,Rigid,604349,604350,604407,1,57,58,completed,108
1596,Rigid,604349,604350,604401,1,51,52,completed,108
1597,Rigid,604349,604350,604396,1,46,47,completed,108
1598,Rigid,604349,604350,604392,1,42,43,completed,108
1599,Rigid,604349,604350,604387,1,37,38,completed,108
1600,Rigid,604350,604350,604375,0,25,25,completed,108
1601,Rigid,604350,604350,604371,0,21,21,completed,108
1602,Rigid,604350,604350,604365,0,15,15,completed,108
1603,Rigid,604350,604350,604363,0,13,13,completed,108
1604,Rigid,604350,604353,604366,3,13,16,completed,108
1605,Rigid,604350,604353,604365,3,12,15,completed,108
1606,Rigid,604350,604353,604364,3,11,14,completed,108
1607,Rigid,604350,604353,604412,3,59,62,completed,108
1608,Rigid,604350,604353,604410,3,57,60,completed,108
1609,Rigid,604351,604353,604407,2,54,56,completed,108
1610,Rigid,604351,604353,604403,2,50,52,completed,108
1611,Rigid,604351,604353,604397,2,44,46,completed,108
1612,Rigid,604351,604353,604392,2,39,41,completed,108
1613,Rigid,604351,604353,604381,2,28,30,completed,108
1614,Rigid,604351,604353,604374,2,21,23,completed,108
1615,Rigid,604351,604353,604370,2,17,19,completed,108
1616,Rigid,604351,604353,604368,2,15,17,completed,108
1617,Rigid,604351,604353,604366,2,13,15,completed,108
1618,Rigid,604351,604353,604364,2,11,13,completed,108
1619,Rigid,604352,604353,604364,1,11,12,completed,108
1620,Rigid,604352,604353,604412,1,59,60,completed,108
1621,Rigid,604352,604353,604415,1,62,63,completed,108
1622,Rigid,604352,604353,604409,1,56,57,completed,108
1623,Rigid,604352,604364,604412,12,48,60,completed,108
1624,Rigid,604352,604364,604404,12,40,52,completed,108
1625,Rigid,604352,604353,605435,1,1082,1083,completed,1
1626,Rigid,604352,604364,604399,12,35,47,completed,108
1627,Rigid,604352,604364,604390,12,26,38,completed,108
1628,Rigid,604352,604366,604384,14,18,32,completed,108
1629,Rigid,604352,604366,604379,14,13,27,completed,108
1630,Rigid,604352,604366,604377,14,11,25,completed,108
1631,Rigid,604353,604367,604375,14,8,22,completed,108
1632,Rigid,604353,604370,604377,17,7,24,completed,108
1633,Rigid,604353,604370,604377,17,7,24,completed,108
1634,Rigid,604353,604375,604429,22,54,76,completed,108
1635,Rigid,604353,604375,604430,22,55,77,completed,108
1636,Rigid,604354,604371,604421,17,50,67,completed,108
1637,Rigid,604355,604375,604421,20,46,66,completed,108
1638,Rigid,604355,604378,604419,23,41,64,completed,108
1639,Rigid,604356,604378,604413,22,35,57,completed,108
1640,Rigid,604356,604378,604401,22,23,45,completed,108
1641,Rigid,604356,604380,604399,24,19,43,completed,108
1642,Rigid,604356,604382,604394,26,12,38,completed,108
1643,Rigid,604356,604385,604394,29,9,38,completed,108
1644,Rigid,604356,604388,604397,32,9,41,completed,108
1645,Rigid,604357,604392,604399,35,7,42,completed,108
1646,Rigid,604357,604392,604399,35,7,42,completed,108
1647,Rigid,604371,604372,608001,1,3629,3630,completed,6
1648,Rigid,604371,604372,608033,1,3661,3662,completed,6
1649,Rigid,604372,604372,611309,0,6937,6937,completed,6
1650,Rigid,604372,604372,608906,0,4534,4534,completed,6
1651,Rigid,604372,604372,610325,0,5953,5953,completed,6
1652,Rigid,604372,604372,607949,0,3577,3577,completed,6
1653,Rigid,604372,604372,608920,0,4548,4548,completed,6
1654,Rigid,604373,604375,608925,2,4550,4552,completed,6
1655,Rigid,604392,604392,607805,0,3413,3413,completed,6
1656,Rigid,604414,604415,608499,1,4084,4085,completed,6
1657,Rigid,604434,604435,610880,1,6445,6446,completed,6
1658,Rigid,604435,604439,608955,4,4516,4520,completed,6
1659,Rigid,604483,604483,604532,0,49,49,completed,36
1660,Rigid,604497,604498,612791,1,8293,8294,completed,6
1661,Rigid,604498,604498,608934,0,4436,4436,completed,6
1662,Rigid,604498,604502,604967,4,465,469,completed,1
1663,Rigid,604499,604502,607832,3,3330,3333,completed,6
1664,Rigid,604520,604520,610294,0,5774,5774,completed,6
1665,Rigid,604520,604520,609312,0,4792,4792,completed,6
1666,Rigid,604580,604581,604626,1,45,46,completed,36
1667,Rigid,604604,604605,609336,1,4731,4732,completed,6
1668,Rigid,604625,604625,609452,0,4827,4827,completed,6
1669,Rigid,604625,604627,611383,2,6756,6758,completed,6
1670,Rigid,604759,604759,610042,0,5283,5283,completed,6
1671,Rigid,604765,604766,733043,1,128277,128278,completed,144
1672,Rigid,604777,604777,609397,0,4620,4620,completed,6
1673,Rigid,604777,604777,611404,0,6627,6627,completed,6
1674,Rigid,604835,604835,605185,0,350,350,completed,36
1675,Rigid,604862,604862,605192,0,330,330,completed,1
1676,Rigid,604894,604895,777719,1,172824,172825,completed,36
1677,Rigid,604894,604895,703248,1,98353,98354,completed,36
1678,Rigid,604894,604895,712086,1,107191,107192,completed,36
1679,Rigid,604926,604926,606598,0,1672,1672,completed,1
1680,Rigid,604935,604935,655463,0,50528,50528,completed,36
1681,Rigid,604935,604935,737102,0,132167,132167,completed,36
1682,Rigid,604935,604935,656582,0,51647,51647,completed,36
1683,Rigid,604965,604965,703100,0,98135,98135,completed,72
1684,Rigid,604965,604965,777779,0,172814,172814,completed,72
1685,Rigid,604965,604965,640495,0,35530,35530,completed,72
1686,Rigid,604978,604978,613241,0,8263,8263,completed,6
1687,Rigid,605002,605003,777809,1,172806,172807,completed,36
1688,Rigid,605002,605003,676937,1,71934,71935,completed,36
1689,Rigid,605002,605003,702761,1,97758,97759,completed,36
1690,Rigid,605035,605035,680423,0,75388,75388,completed,36
1691,Rigid,605035,605035,677132,0,72097,72097,completed,36
1692,Rigid,605035,605035,664623,0,59588,59588,completed,36
1693,Rigid,605089,605090,711594,1,106504,106505,completed,72
1694,Rigid,605089,605090,701269,1,96179,96180,completed,72
1695,Rigid,605089,605090,680423,1,75333,75334,completed,72
1696,Rigid,605114,605114,610864,0,5750,5750,completed,6
1697,Rigid,605120,605120,605173,0,53,53,completed,108
1698,Rigid,605120,605122,605185,2,63,65,completed,108
1699,Rigid,605120,605122,605178,2,56,58,completed,108
1700,Rigid,605120,605122,605171,2,49,51,completed,108
1701,Rigid,605120,605122,605168,2,46,48,completed,108
1702,Rigid,605120,605122,605161,2,39,41,completed,108
1703,Rigid,605120,605122,605151,2,29,31,completed,108
1704,Rigid,605120,605122,605147,2,25,27,completed,108
1705,Rigid,605121,605122,605139,1,17,18,completed,108
1706,Rigid,605121,605122,605138,1,16,17,completed,108
1707,Rigid,605121,605122,605136,1,14,15,completed,108
1708,Rigid,605121,605122,605136,1,14,15,completed,108
1709,Rigid,605121,605122,605135,1,13,14,completed,108
1710,Rigid,605121,605122,605182,1,60,61,completed,108
1711,Rigid,605121,605122,605183,1,61,62,completed,108
1712,Rigid,605121,605122,605179,1,57,58,completed,108
1713,Rigid,605121,605122,605174,1,52,53,completed,108
1714,Rigid,605121,605122,605167,1,45,46,completed,108
1715,Rigid,605122,605122,605161,0,39,39,completed,108
1716,Rigid,605122,605122,605151,0,29,29,completed,108
1717,Rigid,605122,605124,605148,2,24,26,completed,108
1718,Rigid,605122,605124,605141,2,17,19,completed,108
1719,Rigid,605122,605124,605139,2,15,17,completed,108
1720,Rigid,605122,605124,605137,2,13,15,completed,108
1721,Rigid,605123,605124,605136,1,12,13,completed,108
1722,Rigid,605123,605124,605135,1,11,12,completed,108
1723,Rigid,605123,605124,605181,1,57,58,completed,108
1724,Rigid,605123,605124,605186,1,62,63,completed,108
1725,Rigid,605123,605124,605178,1,54,55,completed,108
1726,Rigid,605123,605136,605181,13,45,58,completed,108
1727,Rigid,605123,605136,605176,13,40,53,completed,108
1728,Rigid,605124,605136,605171,12,35,47,completed,108
1729,Rigid,605124,605136,605160,12,24,36,completed,108
1730,Rigid,605124,605137,605155,13,18,31,completed,108
1731,Rigid,605124,605138,605150,14,12,26,completed,108
1732,Rigid,605124,605138,605149,14,11,25,completed,108
1733,Rigid,605124,605141,605149,17,8,25,completed,108
1734,Rigid,605124,605141,605148,17,7,24,completed,108
1735,Rigid,605125,605143,605149,18,6,24,completed,108
1736,Rigid,605125,605148,605199,23,51,74,completed,108
1737,Rigid,605125,605148,605207,23,59,82,completed,108
1738,Rigid,605125,605148,605198,23,50,73,completed,108
1739,Rigid,605125,605149,605197,24,48,72,completed,108
1740,Rigid,605125,605149,605189,24,40,64,completed,108
1741,Rigid,605125,605149,605184,24,35,59,completed,108
1742,Rigid,605125,605151,605174,26,23,49,completed,108
1743,Rigid,605125,605151,605169,26,18,44,completed,108
1744,Rigid,605126,605156,605169,30,13,43,completed,108
1745,Rigid,605126,605152,605162,26,10,36,completed,108
1746,Rigid,605128,605161,605170,33,9,42,completed,108
1747,Rigid,605130,605161,605169,31,8,39,completed,108
1748,Rigid,605131,605161,605168,30,7,37,completed,108
1749,Rigid,605180,605180,711162,0,105982,105982,completed,72
1750,Rigid,605180,605180,702124,0,96944,96944,completed,72
1751,Rigid,605180,605180,700544,0,95364,95364,completed,72
1752,Rigid,605200,605201,610854,1,5653,5654,completed,6
1753,Rigid,605218,605219,695973,1,90754,90755,completed,72
1754,Rigid,605218,605219,700681,1,95462,95463,completed,72
1755,Rigid,605218,605219,730750,1,125531,125532,completed,72
1756,Rigid,605246,605246,605319,0,73,73,completed,36
1757,Rigid,605252,605253,736884,1,131631,131632,completed,36
1758,Rigid,605252,605253,704513,1,99260,99261,completed,36
1759,Rigid,605252,605253,678628,1,73375,73376,completed,36
1760,Rigid,605293,605293,681896,0,76603,76603,completed,72
1761,Rigid,605293,676938,762443,71645,85505,157150,completed,72
1762,Rigid,605293,678629,757408,73336,78779,152115,completed,72
1763,Rigid,605331,680425,760717,75094,80292,155386,completed,72
1764,Rigid,605331,681897,794855,76566,112958,189524,completed,72
1765,Rigid,605331,695974,806631,90643,110657,201300,completed,72
1766,Rigid,605345,605345,605396,0,51,51,completed,1
1767,Rigid,605413,605413,605433,0,20,20,completed,108
1768,Rigid,605413,605413,605433,0,20,20,completed,108
1769,Rigid,605413,605413,605433,0,20,20,completed,108
1770,Rigid,605420,605421,610880,1,5459,5460,completed,6
1771,Rigid,605421,605422,611404,1,5982,5983,completed,6
1772,Rigid,605427,609860,782669,4433,172809,177242,completed,144
1773,Rigid,605427,609860,782669,4433,172809,177242,completed,144
1774,Rigid,605427,609860,782669,4433,172809,177242,completed,144
1775,Rigid,605427,609860,782669,4433,172809,177242,completed,144
1776,Rigid,605427,609860,782669,4433,172809,177242,completed,144
1777,Rigid,605427,609860,782669,4433,172809,177242,completed,144
1778,Rigid,605444,605445,610796,1,5351,5352,completed,6
1779,Rigid,605455,700546,873368,95091,172822,267913,completed,108
1780,Rigid,605455,701271,801039,95816,99768,195584,completed,108
1781,Rigid,605455,702125,793764,96670,91639,188309,completed,108
1782,Rigid,605554,605555,675791,1,70236,70237,completed,36
1783,Rigid,605575,605575,860295,0,254720,254720,completed,1
1784,Rigid,605584,605584,605660,0,76,76,completed,36
1785,Rigid,605584,655465,724638,49881,69173,119054,completed,36
1786,Rigid,605616,605616,605619,0,3,3,completed,36
1787,Rigid,605645,656584,775321,50939,118737,169676,completed,36
1788,Rigid,605660,664625,718443,58965,53818,112783,completed,36
1789,Rigid,605695,605696,605739,1,43,44,completed,36
1790,Rigid,605716,605716,605808,0,92,92,completed,6
1791,Rigid,605812,605812,609759,0,3947,3947,completed,6
1792,Rigid,605890,605891,605894,1,3,4,completed,1
1793,Rigid,605971,605972,611932,1,5960,5961,completed,6
1794,Rigid,605978,605981,611752,3,5771,5774,completed,6
1795,Rigid,606076,606076,880570,0,274494,274494,completed,1
1796,Rigid,606173,606173,606201,0,28,28,completed,1
1797,Rigid,606257,606257,611752,0,5495,5495,completed,6
1798,Rigid,606291,606291,611283,0,4992,4992,completed,6
1799,Rigid,606412,606413,611744,1,5331,5332,completed,6
1800,Rigid,606448,606448,837900,0,231452,231452,completed,1
1801,Rigid,606510,606510,606564,0,54,54,completed,108
1802,Rigid,606510,606510,606569,0,59,59,completed,108
1803,Rigid,606510,606510,606562,0,52,52,completed,108
1804,Rigid,606510,606510,606557,0,47,47,completed,108
1805,Rigid,606510,606510,606555,0,45,45,completed,108
1806,Rigid,606510,606514,606549,4,35,39,completed,108
1807,Rigid,606510,606514,606540,4,26,30,completed,108
1808,Rigid,606510,606514,606537,4,23,27,completed,108
1809,Rigid,606511,606514,606529,3,15,18,completed,108
1810,Rigid,606511,606514,606529,3,15,18,completed,108
1811,Rigid,606511,606514,606528,3,14,17,completed,108
1812,Rigid,606511,606514,606527,3,13,16,completed,108
1813,Rigid,606511,606514,606525,3,11,14,completed,108
1814,Rigid,606511,606514,606573,3,59,62,completed,108
1815,Rigid,606511,606514,606576,3,62,65,completed,108
1816,Rigid,606511,606514,606570,3,56,59,completed,108
1817,Rigid,606511,606514,606565,3,51,54,completed,108
1818,Rigid,606511,606514,606559,3,45,48,completed,108
1819,Rigid,606512,606514,606555,2,41,43,completed,108
1820,Rigid,606512,606514,606543,2,29,31,completed,108
1821,Rigid,606512,606514,606538,2,24,26,completed,108
1822,Rigid,606512,606514,606531,2,17,19,completed,108
1823,Rigid,606512,606514,606530,2,16,18,completed,108
1824,Rigid,606512,606514,606528,2,14,16,completed,108
1825,Rigid,606512,606514,606526,2,12,14,completed,108
1826,Rigid,606512,606514,606526,2,12,14,completed,108
1827,Rigid,606512,606514,606574,2,60,62,completed,108
1828,Rigid,606512,606514,606570,2,56,58,completed,108
1829,Rigid,606512,606514,606566,2,52,54,completed,108
1830,Rigid,606513,606527,606571,14,44,58,completed,108
1831,Rigid,606513,606527,606566,14,39,53,completed,108
1832,Rigid,606513,606527,606560,14,33,47,completed,108
1833,Rigid,606513,606527,606555,14,28,42,completed,108
1834,Rigid,606513,606528,606546,15,18,33,completed,108
1835,Rigid,606513,606528,606540,15,12,27,completed,108
1836,Rigid,606513,606529,606538,16,9,25,completed,108
1837,Rigid,606514,606529,606537,15,8,23,completed,108
1838,Rigid,606514,606531,606537,17,6,23,completed,108
1839,Rigid,606515,606531,606538,16,7,23,completed,108
1840,Rigid,606537,606538,616005,1,9467,9468,completed,6
1841,Rigid,606591,606591,606800,0,209,209,completed,1
1842,Rigid,606607,606608,613101,1,6493,6494,completed,6
1843,Rigid,606669,606670,611099,1,4429,4430,completed,6
1844,Rigid,606782,606782,606840,0,58,58,completed,36
1845,Rigid,606800,606801,606888,1,87,88,completed,36
1846,Rigid,607008,607009,607056,1,47,48,completed,36
1847,Rigid,607015,607015,607092,0,77,77,completed,36
1848,Rigid,607016,607019,607096,3,77,80,completed,36
1849,Rigid,607036,607036,607051,0,15,15,completed,72
1850,Rigid,607119,607121,607165,2,44,46,completed,36
1851,Rigid,607148,607148,607206,0,58,58,completed,108
1852,Rigid,607148,607148,607214,0,66,66,completed,108
1853,Rigid,607148,607148,607204,0,56,56,completed,108
1854,Rigid,607148,607148,607199,0,51,51,completed,108
1855,Rigid,607148,607148,607196,0,48,48,completed,108
1856,Rigid,607148,607148,607187,0,39,39,completed,108
1857,Rigid,607148,607148,607178,0,30,30,completed,108
1858,Rigid,607148,607148,607173,0,25,25,completed,108
1859,Rigid,607149,607156,607170,7,14,21,completed,108
1860,Rigid,607149,607156,607167,7,11,18,completed,108
1861,Rigid,607149,607156,607165,7,9,16,completed,108
1862,Rigid,607149,607156,607165,7,9,16,completed,108
1863,Rigid,607149,607156,607164,7,8,15,completed,108
1864,Rigid,607166,607166,607212,0,46,46,completed,36
1865,Rigid,607198,607198,862204,0,255006,255006,completed,1
1866,Rigid,607248,607248,607475,0,227,227,completed,36
1867,Rigid,607265,607265,607474,0,209,209,completed,36
1868,Rigid,607282,607282,607476,0,194,194,completed,36
1869,Rigid,607298,607301,607480,3,179,182,completed,36
1870,Rigid,607315,607316,607486,1,170,171,completed,36
1871,Rigid,607331,607332,607498,1,166,167,completed,36
1872,Rigid,607348,607349,607512,1,163,164,completed,36
1873,Rigid,607367,607368,607531,1,163,164,completed,36
1874,Rigid,607387,607388,607552,1,164,165,completed,36
1875,Rigid,607406,607407,607579,1,172,173,completed,36
1876,Rigid,607409,607411,611082,2,3671,3673,completed,6
1877,Rigid,607409,607411,613908,2,6497,6499,completed,6
1878,Rigid,607425,607426,607596,1,170,171,completed,36
1879,Rigid,607443,607444,607616,1,172,173,completed,36
1880,Rigid,607460,607461,607643,1,182,183,completed,36
1881,Rigid,607478,607479,607664,1,185,186,completed,36
1882,Rigid,607494,607495,613978,1,6483,6484,completed,6
1883,Rigid,607494,607495,611961,1,4466,4467,completed,6
1884,Rigid,607494,607495,613927,1,6432,6433,completed,6
1885,Rigid,607497,607499,607684,2,185,187,completed,36
1886,Rigid,607500,607503,607543,3,40,43,completed,36
1887,Rigid,607515,607515,607701,0,186,186,completed,36
1888,Rigid,607533,607533,607732,0,199,199,completed,36
1889,Rigid,607550,607551,607746,1,195,196,completed,36
1890,Rigid,607568,607569,607776,1,207,208,completed,36
1891,Rigid,607586,607586,607788,0,202,202,completed,36
1892,Rigid,607604,607604,607819,0,215,215,completed,36
1893,Rigid,607605,607608,607657,3,49,52,completed,36
1894,Rigid,607622,607622,607833,0,211,211,completed,36
1895,Rigid,607635,607635,611050,0,3415,3415,completed,6
1896,Rigid,607638,607639,611050,1,3411,3412,completed,6
1897,Rigid,607638,607639,611465,1,3826,3827,completed,6
1898,Rigid,607639,607639,611193,0,3554,3554,completed,6
1899,Rigid,607639,607639,612823,0,5184,5184,completed,6
1900,Rigid,607639,607639,612790,0,5151,5151,completed,6
1901,Rigid,607640,607641,607865,1,224,225,completed,36
1902,Rigid,607640,607641,613051,1,5410,5411,completed,6
1903,Rigid,607641,607641,614875,0,7234,7234,completed,6
1904,Rigid,607641,607643,611083,2,3440,3442,completed,6
1905,Rigid,607641,607644,612790,3,5146,5149,completed,6
1906,Rigid,607658,607659,607886,1,227,228,completed,36
1907,Rigid,607658,607659,612845,1,5186,5187,completed,6
1908,Rigid,607659,607659,612803,0,5144,5144,completed,6
1909,Rigid,607660,607661,611744,1,4083,4084,completed,6
1910,Rigid,607660,607661,611214,1,3553,3554,completed,6
1911,Rigid,607660,607661,611283,1,3622,3623,completed,6
1912,Rigid,607676,607677,607912,1,235,236,completed,36
1913,Rigid,607681,607682,611165,1,3483,3484,completed,6
1914,Rigid,607682,607685,612846,3,5161,5164,completed,6
1915,Rigid,607682,607685,611165,3,3480,3483,completed,6
1916,Rigid,607683,607685,613768,2,6083,6085,completed,6
1917,Rigid,607694,607695,607924,1,229,230,completed,36
1918,Rigid,607702,607703,613927,1,6224,6225,completed,6
1919,Rigid,607704,607704,611317,0,3613,3613,completed,6
1920,Rigid,607704,607704,613110,0,5406,5406,completed,6
1921,Rigid,607712,607713,607946,1,233,234,completed,36
1922,Rigid,607716,607717,607871,1,154,155,completed,36
1923,Rigid,607731,607732,607979,1,247,248,completed,36
1924,Rigid,607742,607743,613899,1,6156,6157,completed,6
1925,Rigid,607743,607743,612043,0,4300,4300,completed,6
1926,Rigid,607743,607744,614141,1,6397,6398,completed,6
1927,Rigid,607745,607747,611960,2,4213,4215,completed,6
1928,Rigid,607749,607755,608011,6,256,262,completed,36
1929,Rigid,607755,607755,608565,0,810,810,completed,72
1930,Rigid,607764,607764,614791,0,7027,7027,completed,6
1931,Rigid,607767,607768,616050,1,8282,8283,completed,6
1932,Rigid,607767,607768,608017,1,249,250,completed,36
1933,Rigid,607785,607785,608050,0,265,265,completed,36
1934,Rigid,607803,607803,608062,0,259,259,completed,36
1935,Rigid,607822,607822,608096,0,274,274,completed,36
1936,Rigid,607826,607826,607956,0,130,130,completed,1
1937,Rigid,607828,607830,693981,2,86151,86153,completed,8
1938,Rigid,607829,607830,615623,1,7793,7794,completed,6
1939,Rigid,607829,607830,608527,1,697,698,completed,8
1940,Rigid,607829,607830,690469,1,82639,82640,completed,8
1941,Rigid,607829,607830,612681,1,4851,4852,completed,8
1942,Rigid,607829,607830,640747,1,32917,32918,completed,8
1943,Rigid,607840,607841,608110,1,269,270,completed,36
1944,Rigid,607845,607846,682225,1,74379,74380,completed,8
1945,Rigid,607845,607846,608188,1,342,343,completed,8
1946,Rigid,607845,607846,692139,1,84293,84294,completed,8
1947,Rigid,607845,607846,610606,1,2760,2761,completed,8
1948,Rigid,607846,607846,625749,0,17903,17903,completed,8
1949,Rigid,607847,607850,615975,3,8125,8128,completed,6
1950,Rigid,607853,607853,654739,0,46886,46886,completed,8
1951,Rigid,607853,607853,608038,0,185,185,completed,8
1952,Rigid,607853,607853,671402,0,63549,63549,completed,8
1953,Rigid,607853,607853,609254,0,1401,1401,completed,8
1954,Rigid,607853,607853,617097,0,9244,9244,completed,8
1955,Rigid,607858,607859,608133,1,274,275,completed,36
1956,Rigid,607861,607863,648993,2,41130,41132,completed,8
1957,Rigid,607861,607863,607980,2,117,119,completed,8
1958,Rigid,607861,607863,665366,2,57503,57505,completed,8
1959,Rigid,607861,607863,608495,2,632,634,completed,8
1960,Rigid,607861,607863,612284,2,4421,4423,completed,8
1961,Rigid,607869,607870,627301,1,19431,19432,completed,8
1962,Rigid,607869,607870,607937,1,67,68,completed,8
1963,Rigid,607869,607870,677572,1,69702,69703,completed,8
1964,Rigid,607869,607870,608150,1,280,281,completed,8
1965,Rigid,607869,607870,610025,1,2155,2156,completed,8
1966,Rigid,607871,607874,615060,3,7186,7189,completed,6
1967,Rigid,607877,607878,608157,1,279,280,completed,36
1968,Rigid,607892,607892,615605,0,7713,7713,completed,6
1969,Rigid,607895,607896,608193,1,297,298,completed,36
1970,Rigid,607914,607914,614805,0,6891,6891,completed,6
1971,Rigid,607915,607918,608222,3,304,307,completed,36
1972,Rigid,607929,607929,608007,0,78,78,completed,36
1973,Rigid,607935,607936,608242,1,306,307,completed,36
1974,Rigid,607939,607939,614923,0,6984,6984,completed,6
1975,Rigid,607953,607954,608249,1,295,296,completed,36
1976,Rigid,607956,607957,616790,1,8833,8834,completed,6
1977,Rigid,607956,607957,616050,1,8093,8094,completed,6
1978,Rigid,607960,607961,616851,1,8890,8891,completed,6
1979,Rigid,607971,607972,615713,1,7741,7742,completed,6
1980,Rigid,607979,607980,608019,1,39,40,completed,36
1981,Rigid,607999,608000,614904,1,6904,6905,completed,6
1982,Rigid,608019,608021,615278,2,7257,7259,completed,6
1983,Rigid,608040,608040,615361,0,7321,7321,completed,6
1984,Rigid,608071,608071,608126,0,55,55,completed,36
1985,Rigid,608125,608126,608394,1,268,269,completed,6
1986,Rigid,608236,608237,608318,1,81,82,completed,36
1987,Rigid,608319,608319,615135,0,6816,6816,completed,6
1988,Rigid,608365,608365,608748,0,383,383,completed,36
1989,Rigid,608384,608385,608525,1,140,141,completed,36
1990,Rigid,608396,608397,614875,1,6478,6479,completed,6
1991,Rigid,608488,608489,617008,1,8519,8520,completed,6
1992,Rigid,608500,608501,608585,1,84,85,completed,36
1993,Rigid,608507,608508,617269,1,8761,8762,completed,6
1994,Rigid,608551,608551,614957,0,6406,6406,completed,6
1995,Rigid,608617,608621,617131,4,8510,8514,completed,6
1996,Rigid,608677,608677,617209,0,8532,8532,completed,6
1997,Rigid,608764,608765,613060,1,4295,4296,completed,6
1998,Rigid,608890,608891,608895,1,4,5,completed,36
1999,Rigid,608900,608900,608903,0,3,3,completed,36
2000,Rigid,608908,608908,613070,0,4162,4162,completed,6
2001,Rigid,608909,608911,613328,2,4417,4419,completed,6
2002,Rigid,608909,608911,614875,2,5964,5966,completed,6
2003,Rigid,608909,608911,613352,2,4441,4443,completed,6
2004,Rigid,608910,608911,614744,1,5833,5834,completed,6
2005,Rigid,608910,608911,613051,1,4140,4141,completed,6
2006,Rigid,608910,608911,614797,1,5886,5887,completed,6
2007,Rigid,608910,608911,614796,1,5885,5886,completed,6
2008,Rigid,608911,608911,614437,0,5526,5526,completed,6
2009,Rigid,608916,608916,608999,0,83,83,completed,36
2010,Rigid,608930,608930,614733,0,5803,5803,completed,6
2011,Rigid,608931,608934,614786,3,5852,5855,completed,6
2012,Rigid,608931,608934,613078,3,4144,4147,completed,6
2013,Rigid,608932,608934,614764,2,5830,5832,completed,6
2014,Rigid,608932,608934,616731,2,7797,7799,completed,6
2015,Rigid,608932,608934,614745,2,5811,5813,completed,6
2016,Rigid,608933,608934,613070,1,4136,4137,completed,6
2017,Rigid,608955,608956,614733,1,5777,5778,completed,6
2018,Rigid,608955,608956,610514,1,1558,1559,completed,6
2019,Rigid,608956,608956,614875,0,5919,5919,completed,6
2020,Rigid,608956,608956,609928,0,972,972,completed,1
2021,Rigid,608957,608960,609163,3,203,206,completed,6
2022,Rigid,608957,608960,613471,3,4511,4514,completed,6
2023,Rigid,608957,608960,615623,3,6663,6666,completed,6
2024,Rigid,608961,608964,609001,3,37,40,completed,36
2025,Rigid,608978,608981,615088,3,6107,6110,completed,6
2026,Rigid,608979,608981,613463,2,4482,4484,completed,6
2027,Rigid,608999,609000,613478,1,4478,4479,completed,6
2028,Rigid,608999,609000,613494,1,4494,4495,completed,6
2029,Rigid,609049,609049,609121,0,72,72,completed,36
2030,Rigid,609063,609063,614786,0,5723,5723,completed,6
2031,Rigid,609153,609154,609235,1,81,82,completed,36
2032,Rigid,609153,609154,609672,1,518,519,completed,36
2033,Rigid,609169,609169,616298,0,7129,7129,completed,6
2034,Rigid,609169,609171,614415,2,5244,5246,completed,6
2035,Rigid,609169,609171,610738,2,1567,1569,completed,1
2036,Rigid,609169,609171,668024,2,58853,58855,completed,72
2037,Rigid,609181,609182,609694,1,512,513,completed,6
2038,Rigid,609282,609283,609359,1,76,77,completed,36
2039,Rigid,609318,609318,615623,0,6305,6305,completed,6
2040,Rigid,609343,609343,668856,0,59513,59513,completed,72
2041,Rigid,609355,609355,617742,0,8387,8387,completed,6
2042,Rigid,609401,609402,617399,1,7997,7998,completed,6
2043,Rigid,609428,609429,609432,1,3,4,completed,36
2044,Rigid,609466,609467,616108,1,6641,6642,completed,6
2045,Rigid,609494,609495,609590,1,95,96,completed,36
2046,Rigid,609638,609642,617225,4,7583,7587,completed,6
2047,Rigid,609768,609768,615968,0,6200,6200,completed,6
2048,Rigid,609773,609774,609847,1,73,74,completed,8
2049,Rigid,609773,609774,630560,1,20786,20787,completed,8
2050,Rigid,609773,609774,629721,1,19947,19948,completed,8
2051,Rigid,609773,609774,629800,1,20026,20027,completed,8
2052,Rigid,609773,609774,628842,1,19068,19069,completed,8
2053,Rigid,609773,609774,627236,1,17462,17463,completed,8
2054,Rigid,609774,609774,622621,0,12847,12847,completed,8
2055,Rigid,609774,609774,621162,0,11388,11388,completed,8
2056,Rigid,609774,609774,620793,0,11019,11019,completed,8
2057,Rigid,609774,609774,625660,0,15886,15886,completed,8
2058,Rigid,609774,609774,621830,0,12056,12056,completed,8
2059,Rigid,609774,609776,623871,2,14095,14097,completed,8
2060,Rigid,609774,609776,620518,2,10742,10744,completed,8
2061,Rigid,609774,609776,620713,2,10937,10939,completed,8
2062,Rigid,609791,609791,609832,0,41,41,completed,1
2063,Rigid,609827,609828,615285,1,5457,5458,completed,6
2064,Rigid,609839,609839,627519,0,17680,17680,completed,36
2065,Rigid,609890,609890,616963,0,7073,7073,completed,6
2066,Rigid,609932,609933,617398,1,7465,7466,completed,6
2067,Rigid,609944,609945,615135,1,5190,5191,completed,6
2068,Rigid,609953,609953,614235,0,4282,4282,completed,6
2069,Rigid,610060,610062,616854,2,6792,6794,completed,6
2070,Rigid,610264,610265,610322,1,57,58,completed,36
2071,Rigid,610289,610290,615984,1,5694,5695,completed,6
2072,Rigid,610336,610336,617771,0,7435,7435,completed,6
2073,Rigid,610374,610374,616300,0,5926,5926,completed,6
2074,Rigid,610549,610549,616392,0,5843,5843,completed,6
2075,Rigid,610566,610567,616940,1,6373,6374,completed,6
2076,Rigid,610575,610575,617154,0,6579,6579,completed,6
2077,Rigid,610757,610758,616392,1,5634,5635,completed,6
2078,Rigid,610842,610842,615278,0,4436,4436,completed,6
2079,Rigid,610849,610850,610854,1,4,5,completed,36
2080,Rigid,610859,610859,611152,0,293,293,completed,36
2081,Rigid,610879,610879,617154,0,6275,6275,completed,6
2082,Rigid,610887,610888,615730,1,4842,4843,completed,6
2083,Rigid,610895,610896,617061,1,6165,6166,completed,6
2084,Rigid,610909,610910,616941,1,6031,6032,completed,6
2085,Rigid,610914,610914,616589,0,5675,5675,completed,6
2086,Rigid,610992,610992,611004,0,12,12,completed,1
2087,Rigid,610994,610996,611113,2,117,119,completed,1
2088,Rigid,610994,610996,611112,2,116,118,completed,1
2089,Rigid,610994,610996,611112,2,116,118,completed,1
2090,Rigid,610994,610996,611112,2,116,118,completed,1
2091,Rigid,610994,610996,611112,2,116,118,completed,1
2092,Rigid,610994,610996,611112,2,116,118,completed,1
2093,Rigid,610994,610996,611112,2,116,118,completed,1
2094,Rigid,610994,610996,611112,2,116,118,completed,1
2095,Rigid,610994,610996,611130,2,134,136,completed,1
2096,Rigid,610994,610996,611132,2,136,138,completed,1
2097,Rigid,610994,610996,611112,2,116,118,completed,1
2098,Rigid,610994,610996,611112,2,116,118,completed,1
2099,Rigid,610995,610996,611112,1,116,117,completed,1
2100,Rigid,610995,610996,611112,1,116,117,completed,1
2101,Rigid,610995,610996,611135,1,139,140,completed,1
2102,Rigid,610995,610996,611112,1,116,117,completed,1
2103,Rigid,610995,610996,611112,1,116,117,completed,1
2104,Rigid,610995,610996,611112,1,116,117,completed,1
2105,Rigid,610995,610996,611112,1,116,117,completed,1
2106,Rigid,610995,610996,611112,1,116,117,completed,1
2107,Rigid,610995,610996,611112,1,116,117,completed,1
2108,Rigid,610995,610996,611112,1,116,117,completed,1
2109,Rigid,610995,610996,611151,1,155,156,completed,1
2110,Rigid,610995,610996,611152,1,156,157,completed,1
2111,Rigid,610995,610996,611133,1,137,138,completed,1
2112,Rigid,610995,610996,611133,1,137,138,completed,1
2113,Rigid,610995,610996,611151,1,155,156,completed,1
2114,Rigid,610995,610996,611133,1,137,138,completed,1
2115,Rigid,610995,610996,611151,1,155,156,completed,1
2116,Rigid,610995,610996,611133,1,137,138,completed,1
2117,Rigid,610995,610996,611151,1,155,156,completed,1
2118,Rigid,610995,610996,611133,1,137,138,completed,1
2119,Rigid,610995,610996,611133,1,137,138,completed,1
2120,Rigid,610995,610996,611151,1,155,156,completed,1
2121,Rigid,610995,610996,611133,1,137,138,completed,1
2122,Rigid,610995,610996,611133,1,137,138,completed,1
2123,Rigid,610995,610996,611133,1,137,138,completed,1
2124,Rigid,610995,610996,611133,1,137,138,completed,1
2125,Rigid,610995,610996,611133,1,137,138,completed,1
2126,Rigid,610995,610996,611133,1,137,138,completed,1
2127,Rigid,610995,610996,611163,1,167,168,completed,1
2128,Rigid,610995,610996,611133,1,137,138,completed,1
2129,Rigid,610995,610996,611133,1,137,138,completed,1
2130,Rigid,610995,610996,611133,1,137,138,completed,1
2131,Rigid,610995,610996,611133,1,137,138,completed,1
2132,Rigid,610996,610996,611133,0,137,137,completed,1
2133,Rigid,610996,610996,611133,0,137,137,completed,1
2134,Rigid,610996,610996,611132,0,136,136,completed,1
2135,Rigid,610996,610996,611133,0,137,137,completed,1
2136,Rigid,610996,610996,611133,0,137,137,completed,1
2137,Rigid,610996,610996,611133,0,137,137,completed,1
2138,Rigid,610996,610996,611132,0,136,136,completed,1
2139,Rigid,610996,610996,611133,0,137,137,completed,1
2140,Rigid,610996,610996,611151,0,155,155,completed,1
2141,Rigid,610996,610996,611151,0,155,155,completed,1
2142,Rigid,610996,610996,611133,0,137,137,completed,1
2143,Rigid,610996,610996,611133,0,137,137,completed,1
2144,Rigid,610996,610996,611150,0,154,154,completed,1
2145,Rigid,610996,610996,611131,0,135,135,completed,1
2146,Rigid,610996,610996,611112,0,116,116,completed,1
2147,Rigid,610996,610996,611112,0,116,116,completed,1
2148,Rigid,610996,610996,611112,0,116,116,completed,1
2149,Rigid,610996,610996,611112,0,116,116,completed,1
2150,Rigid,610996,610996,611112,0,116,116,completed,1
2151,Rigid,610996,610996,611133,0,137,137,completed,1
2152,Rigid,610996,610996,611112,0,116,116,completed,1
2153,Rigid,610996,610996,611112,0,116,116,completed,1
2154,Rigid,610996,610996,611112,0,116,116,completed,1
2155,Rigid,610996,610996,611112,0,116,116,completed,1
2156,Rigid,610996,610996,611136,0,140,140,completed,1
2157,Rigid,610996,611000,611132,4,132,136,completed,1
2158,Rigid,610997,611000,611129,3,129,132,completed,1
2159,Rigid,610997,611000,611128,3,128,131,completed,1
2160,Rigid,610997,611000,611128,3,128,131,completed,1
2161,Rigid,610997,611000,611128,3,128,131,completed,1
2162,Rigid,610997,611000,611126,3,126,129,completed,1
2163,Rigid,610997,611000,611127,3,127,130,completed,1
2164,Rigid,610997,611000,611126,3,126,129,completed,1
2165,Rigid,610998,611000,611148,2,148,150,completed,1
2166,Rigid,610998,611000,611147,2,147,149,completed,1
2167,Rigid,610998,611000,611148,2,148,150,completed,1
2168,Rigid,610998,611000,611129,2,129,131,completed,1
2169,Rigid,610998,611000,611126,2,126,128,completed,1
2170,Rigid,610998,611000,611127,2,127,129,completed,1
2171,Rigid,610998,611000,611129,2,129,131,completed,1
2172,Rigid,610998,611000,611126,2,126,128,completed,1
2173,Rigid,610998,611000,611128,2,128,130,completed,1
2174,Rigid,610998,611000,611128,2,128,130,completed,1
2175,Rigid,610998,611000,611128,2,128,130,completed,1
2176,Rigid,610998,611000,611128,2,128,130,completed,1
2177,Rigid,610998,611000,611126,2,126,128,completed,1
2178,Rigid,610998,611000,611126,2,126,128,completed,1
2179,Rigid,610998,611000,611128,2,128,130,completed,1
2180,Rigid,610998,611000,611147,2,147,149,completed,1
2181,Rigid,610998,611000,611126,2,126,128,completed,1
2182,Rigid,610998,611000,611129,2,129,131,completed,1
2183,Rigid,610998,611000,611146,2,146,148,completed,1
2184,Rigid,610998,611000,611129,2,129,131,completed,1
2185,Rigid,610998,611000,611128,2,128,130,completed,1
2186,Rigid,610998,611000,611129,2,129,131,completed,1
2187,Rigid,610998,611000,611129,2,129,131,completed,1
2188,Rigid,610998,611000,611127,2,127,129,completed,1
2189,Rigid,610998,611000,611126,2,126,128,completed,1
2190,Rigid,610999,611000,611129,1,129,130,completed,1
2191,Rigid,610999,611000,611112,1,112,113,completed,1
2192,Rigid,610999,611000,611112,1,112,113,completed,1
2193,Rigid,610999,611000,611134,1,134,135,completed,1
2194,Rigid,610999,611000,611112,1,112,113,completed,1
2195,Rigid,610999,611000,611112,1,112,113,completed,1
2196,Rigid,610999,611000,611112,1,112,113,completed,1
2197,Rigid,610999,611000,611112,1,112,113,completed,1
2198,Rigid,610999,611000,611112,1,112,113,completed,1
2199,Rigid,610999,611000,611112,1,112,113,completed,1
2200,Rigid,610999,611000,611112,1,112,113,completed,1
2201,Rigid,610999,611000,611134,1,134,135,completed,1
2202,Rigid,610999,611000,611112,1,112,113,completed,1
2203,Rigid,610999,611000,611112,1,112,113,completed,1
2204,Rigid,610999,611000,611112,1,112,113,completed,1
2205,Rigid,610999,611000,611134,1,134,135,completed,1
2206,Rigid,610999,611000,611112,1,112,113,completed,1
2207,Rigid,610999,611000,611112,1,112,113,completed,1
2208,Rigid,610999,611000,611112,1,112,113,completed,1
2209,Rigid,610999,611000,611112,1,112,113,completed,1
2210,Rigid,610999,611000,611112,1,112,113,completed,1
2211,Rigid,610999,611000,611112,1,112,113,completed,1
2212,Rigid,610999,611000,611132,1,132,133,completed,1
2213,Rigid,610999,611000,611133,1,133,134,completed,1
2214,Rigid,610999,611000,611132,1,132,133,completed,1
2215,Rigid,610999,611000,611132,1,132,133,completed,1
2216,Rigid,610999,611000,611133,1,133,134,completed,1
2217,Rigid,611000,611000,611131,0,131,131,completed,1
2218,Rigid,611000,611004,611131,4,127,131,completed,1
2219,Rigid,611000,611004,611132,4,128,132,completed,1
2220,Rigid,611000,611004,611133,4,129,133,completed,1
2221,Rigid,611000,611004,611133,4,129,133,completed,1
2222,Rigid,611000,611004,611132,4,128,132,completed,1
2223,Rigid,611000,611004,611133,4,129,133,completed,1
2224,Rigid,611000,611004,611131,4,127,131,completed,1
2225,Rigid,611000,611004,611133,4,129,133,completed,1
2226,Rigid,611000,611004,611132,4,128,132,completed,1
2227,Rigid,611000,611004,611131,4,127,131,completed,1
2228,Rigid,611000,611004,611133,4,129,133,completed,1
2229,Rigid,611001,611004,611133,3,129,132,completed,1
2230,Rigid,611001,611004,611163,3,159,162,completed,1
2231,Rigid,611001,611004,611132,3,128,131,completed,1
2232,Rigid,611001,611004,611150,3,146,149,completed,1
2233,Rigid,611001,611004,611133,3,129,132,completed,1
2234,Rigid,611001,611004,611131,3,127,130,completed,1
2235,Rigid,611001,611004,611131,3,127,130,completed,1
2236,Rigid,611001,611004,611133,3,129,132,completed,1
2237,Rigid,611001,611004,611133,3,129,132,completed,1
2238,Rigid,611001,611004,611133,3,129,132,completed,1
2239,Rigid,611001,611004,611133,3,129,132,completed,1
2240,Rigid,611001,611004,611150,3,146,149,completed,1
2241,Rigid,611001,611004,611133,3,129,132,completed,1
2242,Rigid,611001,611004,611133,3,129,132,completed,1
2243,Rigid,611002,611004,611132,2,128,130,completed,1
2244,Rigid,611002,611004,611133,2,129,131,completed,1
2245,Rigid,611002,611004,611131,2,127,129,completed,1
2246,Rigid,611002,611004,611150,2,146,148,completed,1
2247,Rigid,611002,611004,611133,2,129,131,completed,1
2248,Rigid,611002,611004,611119,2,115,117,completed,1
2249,Rigid,611002,611004,611112,2,108,110,completed,1
2250,Rigid,611002,611004,611112,2,108,110,completed,1
2251,Rigid,611002,611004,611112,2,108,110,completed,1
2252,Rigid,611002,611004,611112,2,108,110,completed,1
2253,Rigid,611002,611004,611112,2,108,110,completed,1
2254,Rigid,611002,611004,611112,2,108,110,completed,1
2255,Rigid,611002,611004,611112,2,108,110,completed,1
2256,Rigid,611002,611004,611112,2,108,110,completed,1
2257,Rigid,611002,611004,611112,2,108,110,completed,1
2258,Rigid,611002,611004,611112,2,108,110,completed,1
2259,Rigid,611002,611004,611112,2,108,110,completed,1
2260,Rigid,611002,611004,611139,2,135,137,completed,1
2261,Rigid,611003,611004,611120,1,116,117,completed,1
2262,Rigid,611003,611004,611119,1,115,116,completed,1
2263,Rigid,611003,611004,611120,1,116,117,completed,1
2264,Rigid,611003,611004,611120,1,116,117,completed,1
2265,Rigid,611003,611004,611120,1,116,117,completed,1
2266,Rigid,611003,611004,611120,1,116,117,completed,1
2267,Rigid,611003,611004,611119,1,115,116,completed,1
2268,Rigid,611003,611004,611118,1,114,115,completed,1
2269,Rigid,611003,611004,611119,1,115,116,completed,1
2270,Rigid,611003,611004,611119,1,115,116,completed,1
2271,Rigid,611003,611004,611119,1,115,116,completed,1
2272,Rigid,611003,611004,611119,1,115,116,completed,1
2273,Rigid,611003,611004,611120,1,116,117,completed,1
2274,Rigid,611003,611004,611118,1,114,115,completed,1
2275,Rigid,611003,611004,611120,1,116,117,completed,1
2276,Rigid,611003,611004,611119,1,115,116,completed,1
2277,Rigid,611003,611004,611120,1,116,117,completed,1
2278,Rigid,611003,611004,611125,1,121,122,completed,1
2279,Rigid,611003,611004,611119,1,115,116,completed,1
2280,Rigid,611003,611004,611120,1,116,117,completed,1
2281,Rigid,611003,611004,611119,1,115,116,completed,1
2282,Rigid,611003,611004,611118,1,114,115,completed,1
2283,Rigid,611003,611004,611120,1,116,117,completed,1
2284,Rigid,611003,611004,611139,1,135,136,completed,1
2285,Rigid,611004,611004,611120,0,116,116,completed,1
2286,Rigid,611004,611004,611120,0,116,116,completed,1
2287,Rigid,611010,611010,617556,0,6546,6546,completed,72
2288,Rigid,611055,611056,611576,1,520,521,completed,36
2289,Rigid,611142,611142,613302,0,2160,2160,completed,16
2290,Rigid,611150,611150,616166,0,5016,5016,completed,6
2291,Rigid,611163,611163,616400,0,5237,5237,completed,6
2292,Rigid,611164,611164,615135,0,3971,3971,completed,6
2293,Rigid,611164,611164,615772,0,4608,4608,completed,6
2294,Rigid,611193,611194,611284,1,90,91,completed,36
2295,Rigid,611197,611198,611432,1,234,235,completed,36
2296,Rigid,611223,611223,616397,0,5174,5174,completed,6
2297,Rigid,611232,611233,616614,1,5381,5382,completed,6
2298,Rigid,611267,611268,615213,1,3945,3946,completed,6
2299,Rigid,611269,611272,616392,3,5120,5123,completed,6
2300,Rigid,611302,611303,758133,1,146830,146831,completed,72
2301,Rigid,611312,611312,616392,0,5080,5080,completed,6
2302,Rigid,611316,611317,617134,1,5817,5818,completed,6
2303,Rigid,611328,611328,616392,0,5064,5064,completed,6
2304,Rigid,611331,611332,617709,1,6377,6378,completed,6
2305,Rigid,611386,611387,611466,1,79,80,completed,1
2306,Rigid,611404,611404,617753,0,6349,6349,completed,6
2307,Rigid,611435,611436,618338,1,6902,6903,completed,6
2308,Rigid,611450,611451,617424,1,5973,5974,completed,6
2309,Rigid,611492,611493,616981,1,5488,5489,completed,6
2310,Rigid,611556,611557,611912,1,355,356,completed,36
2311,Rigid,611563,611564,611653,1,89,90,completed,36
2312,Rigid,611565,611568,731029,3,119461,119464,completed,72
2313,Rigid,611768,611769,616607,1,4838,4839,completed,6
2314,Rigid,611825,611826,617407,1,5581,5582,completed,6
2315,Rigid,611856,611856,611926,0,70,70,completed,36
2316,Rigid,611861,611862,613769,1,1907,1908,completed,6
2317,Rigid,611885,611885,616260,0,4375,4375,completed,6
2318,Rigid,611885,611885,611896,0,11,11,completed,1
2319,Rigid,611887,611889,612058,2,169,171,completed,1
2320,Rigid,611887,611889,612069,2,180,182,completed,1
2321,Rigid,611887,611889,612069,2,180,182,completed,1
2322,Rigid,611887,611889,612059,2,170,172,completed,1
2323,Rigid,611887,611889,612041,2,152,154,completed,1
2324,Rigid,611887,611889,612032,2,143,145,completed,1
2325,Rigid,611887,611889,612052,2,163,165,completed,1
2326,Rigid,611887,611889,612067,2,178,180,completed,1
2327,Rigid,611887,611889,612120,2,231,233,completed,1
2328,Rigid,611887,611889,612117,2,228,230,completed,1
2329,Rigid,611887,611889,612054,2,165,167,completed,1
2330,Rigid,611887,611889,612031,2,142,144,completed,1
2331,Rigid,611887,611889,612056,2,167,169,completed,1
2332,Rigid,611887,611889,612032,2,143,145,completed,1
2333,Rigid,611887,611889,612097,2,208,210,completed,1
2334,Rigid,611887,611889,612068,2,179,181,completed,1
2335,Rigid,611887,611889,612056,2,167,169,completed,1
2336,Rigid,611887,611889,612034,2,145,147,completed,1
2337,Rigid,611888,611889,612058,1,169,170,completed,1
2338,Rigid,611888,611889,612031,1,142,143,completed,1
2339,Rigid,611888,611889,612031,1,142,143,completed,1
2340,Rigid,611888,611889,612050,1,161,162,completed,1
2341,Rigid,611888,611889,612099,1,210,211,completed,1
2342,Rigid,611888,611889,612112,1,223,224,completed,1
2343,Rigid,611888,611889,612063,1,174,175,completed,1
2344,Rigid,611888,611889,612031,1,142,143,completed,1
2345,Rigid,611888,611889,612086,1,197,198,completed,1
2346,Rigid,611888,611889,612066,1,177,178,completed,1
2347,Rigid,611888,611889,612146,1,257,258,completed,1
2348,Rigid,611888,611889,612116,1,227,228,completed,1
2349,Rigid,611888,611889,612125,1,236,237,completed,1
2350,Rigid,611888,611889,612091,1,202,203,completed,1
2351,Rigid,611888,611889,612019,1,130,131,completed,1
2352,Rigid,611888,611889,612106,1,217,218,completed,1
2353,Rigid,611888,611889,612074,1,185,186,completed,1
2354,Rigid,611888,611889,612044,1,155,156,completed,1
2355,Rigid,611888,611889,612034,1,145,146,completed,1
2356,Rigid,611888,611889,612048,1,159,160,completed,1
2357,Rigid,611888,611889,612054,1,165,166,completed,1
2358,Rigid,611888,611889,612042,1,153,154,completed,1
2359,Rigid,611888,611889,612096,1,207,208,completed,1
2360,Rigid,611888,611889,612029,1,140,141,completed,1
2361,Rigid,611888,611889,612052,1,163,164,completed,1
2362,Rigid,611888,611889,612052,1,163,164,completed,1
2363,Rigid,611888,611889,612065,1,176,177,completed,1
2364,Rigid,611888,611889,612050,1,161,162,completed,1
2365,Rigid,611888,611889,612064,1,175,176,completed,1
2366,Rigid,611888,611889,612058,1,169,170,completed,1
2367,Rigid,611888,611889,612052,1,163,164,completed,1
2368,Rigid,611888,611889,612047,1,158,159,completed,1
2369,Rigid,611888,611889,612043,1,154,155,completed,1
2370,Rigid,611888,611889,612050,1,161,162,completed,1
2371,Rigid,611889,611889,612025,0,136,136,completed,1
2372,Rigid,611889,611889,612096,0,207,207,completed,1
2373,Rigid,611889,611889,612113,0,224,224,completed,1
2374,Rigid,611889,611889,612013,0,124,124,completed,1
2375,Rigid,611889,611889,612053,0,164,164,completed,1
2376,Rigid,611889,611889,612072,0,183,183,completed,1
2377,Rigid,611889,611889,612087,0,198,198,completed,1
2378,Rigid,611889,611889,612025,0,136,136,completed,1
2379,Rigid,611889,611889,612026,0,137,137,completed,1
2380,Rigid,611889,611889,612077,0,188,188,completed,1
2381,Rigid,611889,611889,612077,0,188,188,completed,1
2382,Rigid,611889,611889,612078,0,189,189,completed,1
2383,Rigid,611889,611889,612123,0,234,234,completed,1
2384,Rigid,611889,611889,612085,0,196,196,completed,1
2385,Rigid,611889,611889,612069,0,180,180,completed,1
2386,Rigid,611889,611889,612074,0,185,185,completed,1
2387,Rigid,611889,611889,612079,0,190,190,completed,1
2388,Rigid,611889,611889,612107,0,218,218,completed,1
2389,Rigid,611889,611889,612051,0,162,162,completed,1
2390,Rigid,611889,611889,612065,0,176,176,completed,1
2391,Rigid,611889,611889,612060,0,171,171,completed,1
2392,Rigid,611889,611889,612115,0,226,226,completed,1
2393,Rigid,611889,611889,612105,0,216,216,completed,1
2394,Rigid,611889,611889,612082,0,193,193,completed,1
2395,Rigid,611889,611889,612111,0,222,222,completed,1
2396,Rigid,611889,611889,612105,0,216,216,completed,1
2397,Rigid,611889,611889,612154,0,265,265,completed,1
2398,Rigid,611889,611889,612133,0,244,244,completed,1
2399,Rigid,611889,611889,612153,0,264,264,completed,1
2400,Rigid,611889,611889,612110,0,221,221,completed,1
2401,Rigid,611889,611889,612097,0,208,208,completed,1
2402,Rigid,611889,611889,612096,0,207,207,completed,1
2403,Rigid,611890,611893,612110,3,217,220,completed,1
2404,Rigid,611890,611893,612090,3,197,200,completed,1
2405,Rigid,611890,611893,612091,3,198,201,completed,1
2406,Rigid,611890,611893,612092,3,199,202,completed,1
2407,Rigid,611890,611893,612113,3,220,223,completed,1
2408,Rigid,611890,611893,612088,3,195,198,completed,1
2409,Rigid,611890,611893,612106,3,213,216,completed,1
2410,Rigid,611890,611893,612091,3,198,201,completed,1
2411,Rigid,611890,611893,612104,3,211,214,completed,1
2412,Rigid,611890,611893,612136,3,243,246,completed,1
2413,Rigid,611890,611893,612114,3,221,224,completed,1
2414,Rigid,611890,611893,612094,3,201,204,completed,1
2415,Rigid,611891,611893,612176,2,283,285,completed,1
2416,Rigid,611891,611893,612108,2,215,217,completed,1
2417,Rigid,611891,611893,612090,2,197,199,completed,1
2418,Rigid,611891,611893,612095,2,202,204,completed,1
2419,Rigid,611891,611893,612117,2,224,226,completed,1
2420,Rigid,611891,611893,612087,2,194,196,completed,1
2421,Rigid,611891,611893,612108,2,215,217,completed,1
2422,Rigid,611891,611893,612119,2,226,228,completed,1
2423,Rigid,611891,611893,612110,2,217,219,completed,1
2424,Rigid,611891,611893,612094,2,201,203,completed,1
2425,Rigid,611891,611893,612175,2,282,284,completed,1
2426,Rigid,611891,611893,612115,2,222,224,completed,1
2427,Rigid,611891,611893,612106,2,213,215,completed,1
2428,Rigid,611891,611893,612042,2,149,151,completed,1
2429,Rigid,611891,611893,612052,2,159,161,completed,1
2430,Rigid,611891,611893,612024,2,131,133,completed,1
2431,Rigid,611891,611893,612025,2,132,134,completed,1
2432,Rigid,611891,611893,612117,2,224,226,completed,1
2433,Rigid,611891,611893,612170,2,277,279,completed,1
2434,Rigid,611891,611893,612109,2,216,218,completed,1
2435,Rigid,611892,611893,612123,1,230,231,completed,1
2436,Rigid,611892,611893,612117,1,224,225,completed,1
2437,Rigid,611892,611893,612168,1,275,276,completed,1
2438,Rigid,611892,611893,612108,1,215,216,completed,1
2439,Rigid,611892,611893,612096,1,203,204,completed,1
2440,Rigid,611892,611893,612107,1,214,215,completed,1
2441,Rigid,611892,611893,612106,1,213,214,completed,1
2442,Rigid,611892,611893,612102,1,209,210,completed,1
2443,Rigid,611892,611893,612098,1,205,206,completed,1
2444,Rigid,611892,611893,612115,1,222,223,completed,1
2445,Rigid,611892,611893,612089,1,196,197,completed,1
2446,Rigid,611892,611893,612117,1,224,225,completed,1
2447,Rigid,611892,611893,612097,1,204,205,completed,1
2448,Rigid,611892,611893,612122,1,229,230,completed,1
2449,Rigid,611892,611893,612107,1,214,215,completed,1
2450,Rigid,611892,611893,612117,1,224,225,completed,1
2451,Rigid,611892,611893,612119,1,226,227,completed,1
2452,Rigid,611892,611893,612113,1,220,221,completed,1
2453,Rigid,611892,611893,612119,1,226,227,completed,1
2454,Rigid,611892,611893,612122,1,229,230,completed,1
2455,Rigid,611892,611893,612100,1,207,208,completed,1
2456,Rigid,611892,611893,612091,1,198,199,completed,1
2457,Rigid,611892,611893,612099,1,206,207,completed,1
2458,Rigid,611892,611893,612098,1,205,206,completed,1
2459,Rigid,611892,611893,612096,1,203,204,completed,1
2460,Rigid,611892,611893,612118,1,225,226,completed,1
2461,Rigid,611892,611893,612097,1,204,205,completed,1
2462,Rigid,611893,611893,612146,0,253,253,completed,1
2463,Rigid,611893,611893,612124,0,231,231,completed,1
2464,Rigid,611893,611893,612156,0,263,263,completed,1
2465,Rigid,611893,611893,612118,0,225,225,completed,1
2466,Rigid,611893,611893,612111,0,218,218,completed,1
2467,Rigid,611893,611893,612112,0,219,219,completed,1
2468,Rigid,611893,611893,612080,0,187,187,completed,1
2469,Rigid,611893,611893,612075,0,182,182,completed,1
2470,Rigid,611893,611893,612092,0,199,199,completed,1
2471,Rigid,611893,611893,612061,0,168,168,completed,1
2472,Rigid,611893,611893,612108,0,215,215,completed,1
2473,Rigid,611893,611893,612060,0,167,167,completed,1
2474,Rigid,611893,611893,612053,0,160,160,completed,1
2475,Rigid,611893,611893,612063,0,170,170,completed,1
2476,Rigid,611893,611893,612067,0,174,174,completed,1
2477,Rigid,611893,611893,612068,0,175,175,completed,1
2478,Rigid,611893,611893,612141,0,248,248,completed,1
2479,Rigid,611893,611893,612080,0,187,187,completed,1
2480,Rigid,611893,611894,612073,1,179,180,completed,1
2481,Rigid,611893,611894,612092,1,198,199,completed,1
2482,Rigid,611893,611894,612079,1,185,186,completed,1
2483,Rigid,611893,611894,612084,1,190,191,completed,1
2484,Rigid,611894,611897,612062,3,165,168,completed,1
2485,Rigid,611894,611897,612062,3,165,168,completed,1
2486,Rigid,611894,611897,612133,3,236,239,completed,1
2487,Rigid,611894,611897,612110,3,213,216,completed,1
2488,Rigid,611894,611897,612112,3,215,218,completed,1
2489,Rigid,611894,611897,612096,3,199,202,completed,1
2490,Rigid,611894,611897,612096,3,199,202,completed,1
2491,Rigid,611894,611897,612113,3,216,219,completed,1
2492,Rigid,611894,611897,612146,3,249,252,completed,1
2493,Rigid,611894,611897,612115,3,218,221,completed,1
2494,Rigid,611894,611897,612123,3,226,229,completed,1
2495,Rigid,611895,611897,612114,2,217,219,completed,1
2496,Rigid,611895,611897,612107,2,210,212,completed,1
2497,Rigid,611895,611897,612099,2,202,204,completed,1
2498,Rigid,611895,611897,612124,2,227,229,completed,1
2499,Rigid,611895,611897,612097,2,200,202,completed,1
2500,Rigid,611895,611897,612111,2,214,216,completed,1
2501,Rigid,611895,611897,612087,2,190,192,completed,1
2502,Rigid,611895,611897,612101,2,204,206,completed,1
2503,Rigid,611895,611897,612131,2,234,236,completed,1
2504,Rigid,611895,611897,612119,2,222,224,completed,1
2505,Rigid,611895,611897,612111,2,214,216,completed,1
2506,Rigid,611895,611897,612076,2,179,181,completed,1
2507,Rigid,611895,611897,612085,2,188,190,completed,1
2508,Rigid,611895,611897,612092,2,195,197,completed,1
2509,Rigid,611895,611897,612115,2,218,220,completed,1
2510,Rigid,611895,611897,612114,2,217,219,completed,1
2511,Rigid,611895,611897,612128,2,231,233,completed,1
2512,Rigid,611896,611897,612084,1,187,188,completed,1
2513,Rigid,611896,611897,612085,1,188,189,completed,1
2514,Rigid,611896,611897,612117,1,220,221,completed,1
2515,Rigid,611896,611897,612116,1,219,220,completed,1
2516,Rigid,611896,611897,612139,1,242,243,completed,1
2517,Rigid,611896,611897,612094,1,197,198,completed,1
2518,Rigid,611896,611897,612084,1,187,188,completed,1
2519,Rigid,611956,611957,616225,1,4268,4269,completed,6
2520,Rigid,611964,611964,617717,0,5753,5753,completed,6
2521,Rigid,612010,612011,617156,1,5145,5146,completed,6
2522,Rigid,612064,612064,613241,0,1177,1177,completed,1
2523,Rigid,612526,612527,612545,1,18,19,completed,1
2524,Rigid,612539,612539,671706,0,59167,59167,completed,1
2525,Rigid,612539,612539,614671,0,2132,2132,completed,1
2526,Rigid,612539,612539,671706,0,59167,59167,completed,1
2527,Rigid,612539,612539,671706,0,59167,59167,completed,1
2528,Rigid,612539,612539,671706,0,59167,59167,completed,1
2529,Rigid,612539,612539,671706,0,59167,59167,completed,1
2530,Rigid,612539,612539,671706,0,59167,59167,completed,1
2531,Rigid,612539,612539,671706,0,59167,59167,completed,1
2532,Rigid,612539,612539,671706,0,59167,59167,completed,1
2533,Rigid,612539,612539,671706,0,59167,59167,completed,1
2534,Rigid,612539,612539,614744,0,2205,2205,completed,1
2535,Rigid,612539,612539,671706,0,59167,59167,completed,1
2536,Rigid,612539,612539,671706,0,59167,59167,completed,1
2537,Rigid,612539,612539,671706,0,59167,59167,completed,1
2538,Rigid,612539,612539,671706,0,59167,59167,completed,1
2539,Rigid,612539,612539,671706,0,59167,59167,completed,1
2540,Rigid,612539,612539,671706,0,59167,59167,completed,1
2541,Rigid,612539,612539,671706,0,59167,59167,completed,1
2542,Rigid,612539,612539,671706,0,59167,59167,completed,1
2543,Rigid,612539,612539,671706,0,59167,59167,completed,1
2544,Rigid,612539,612539,671706,0,59167,59167,completed,1
2545,Rigid,612539,612539,671706,0,59167,59167,completed,1
2546,Rigid,612539,612539,671706,0,59167,59167,completed,1
2547,Rigid,612539,612539,671706,0,59167,59167,completed,1
2548,Rigid,612539,612539,671706,0,59167,59167,completed,1
2549,Rigid,612539,612539,671706,0,59167,59167,completed,1
2550,Rigid,612539,612539,671706,0,59167,59167,completed,1
2551,Rigid,612539,612539,671706,0,59167,59167,completed,1
2552,Rigid,612539,612539,614788,0,2249,2249,completed,1
2553,Rigid,612539,612539,671706,0,59167,59167,completed,1
2554,Rigid,612539,612539,671706,0,59167,59167,completed,1
2555,Rigid,612539,612539,671706,0,59167,59167,completed,1
2556,Rigid,612539,612539,671706,0,59167,59167,completed,1
2557,Rigid,612539,612539,671706,0,59167,59167,completed,1
2558,Rigid,612539,612539,671706,0,59167,59167,completed,1
2559,Rigid,612539,612539,671706,0,59167,59167,completed,1
2560,Rigid,612539,612539,671706,0,59167,59167,completed,1
2561,Rigid,612539,612539,671706,0,59167,59167,completed,1
2562,Rigid,612539,612539,671706,0,59167,59167,completed,1
2563,Rigid,612539,612539,671706,0,59167,59167,completed,1
2564,Rigid,612539,612539,671706,0,59167,59167,completed,1
2565,Rigid,612539,612539,671706,0,59167,59167,completed,1
2566,Rigid,612539,612539,671706,0,59167,59167,completed,1
2567,Rigid,612539,612539,671706,0,59167,59167,completed,1
2568,Rigid,612539,612539,671706,0,59167,59167,completed,1
2569,Rigid,612539,612539,671706,0,59167,59167,completed,1
2570,Rigid,612539,612539,614644,0,2105,2105,completed,1
2571,Rigid,612539,612539,671706,0,59167,59167,completed,1
2572,Rigid,612539,612539,671706,0,59167,59167,completed,1
2573,Rigid,612539,612539,671706,0,59167,59167,completed,1
2574,Rigid,612539,612539,671706,0,59167,59167,completed,1
2575,Rigid,612539,612539,671706,0,59167,59167,completed,1
2576,Rigid,612539,612539,671706,0,59167,59167,completed,1
2577,Rigid,612539,612539,671706,0,59167,59167,completed,1
2578,Rigid,612539,612539,671706,0,59167,59167,completed,1
2579,Rigid,612539,612539,671706,0,59167,59167,completed,1
2580,Rigid,612539,612539,671706,0,59167,59167,completed,1
2581,Rigid,612539,612539,671706,0,59167,59167,completed,1
2582,Rigid,612539,612539,671706,0,59167,59167,completed,1
2583,Rigid,612539,612539,671706,0,59167,59167,completed,1
2584,Rigid,612539,612539,671706,0,59167,59167,completed,1
2585,Rigid,612539,612539,671706,0,59167,59167,completed,1
2586,Rigid,612539,612539,671706,0,59167,59167,completed,1
2587,Rigid,612539,612539,671706,0,59167,59167,completed,1
2588,Rigid,612539,612539,671706,0,59167,59167,completed,1
2589,Rigid,612539,612539,671706,0,59167,59167,completed,1
2590,Rigid,612539,612539,671706,0,59167,59167,completed,1
2591,Rigid,612539,612539,671706,0,59167,59167,completed,1
2592,Rigid,612539,612539,671706,0,59167,59167,completed,1
2593,Rigid,612539,612539,671706,0,59167,59167,completed,1
2594,Rigid,612539,612539,671706,0,59167,59167,completed,1
2595,Rigid,612539,612539,671706,0,59167,59167,completed,1
2596,Rigid,612539,612539,671706,0,59167,59167,completed,1
2597,Rigid,612539,612539,671706,0,59167,59167,completed,1
2598,Rigid,612539,612539,671706,0,59167,59167,completed,1
2599,Rigid,612539,612539,671706,0,59167,59167,completed,1
2600,Rigid,612539,612539,614692,0,2153,2153,completed,1
2601,Rigid,612539,612539,671706,0,59167,59167,completed,1
2602,Rigid,612539,612539,671706,0,59167,59167,completed,1
2603,Rigid,612539,612539,671706,0,59167,59167,completed,1
2604,Rigid,612539,612539,671706,0,59167,59167,completed,1
2605,Rigid,612539,612539,671706,0,59167,59167,completed,1
2606,Rigid,612539,612539,671706,0,59167,59167,completed,1
2607,Rigid,612539,612539,671706,0,59167,59167,completed,1
2608,Rigid,612539,612539,671706,0,59167,59167,completed,1
2609,Rigid,612539,612539,671706,0,59167,59167,completed,1
2610,Rigid,612539,612539,671706,0,59167,59167,completed,1
2611,Rigid,612539,612539,671706,0,59167,59167,completed,1
2612,Rigid,612539,612539,671706,0,59167,59167,completed,1
2613,Rigid,612539,612539,671706,0,59167,59167,completed,1
2614,Rigid,612539,612539,671706,0,59167,59167,completed,1
2615,Rigid,612539,612539,671706,0,59167,59167,completed,1
2616,Rigid,612539,612539,671706,0,59167,59167,completed,1
2617,Rigid,612539,612539,671706,0,59167,59167,completed,1
2618,Rigid,612539,612539,671706,0,59167,59167,completed,1
2619,Rigid,612539,612539,671706,0,59167,59167,completed,1
2620,Rigid,612539,612539,671706,0,59167,59167,completed,1
2621,Rigid,612539,612539,614696,0,2157,2157,completed,1
2622,Rigid,612539,612539,671706,0,59167,59167,completed,1
2623,Rigid,612539,612539,671706,0,59167,59167,completed,1
2624,Rigid,612539,612539,671706,0,59167,59167,completed,1
2625,Rigid,612539,612539,671706,0,59167,59167,completed,1
2626,Rigid,612539,612539,671706,0,59167,59167,completed,1
2627,Rigid,612539,612539,671706,0,59167,59167,completed,1
2628,Rigid,612539,612539,671706,0,59167,59167,completed,1
2629,Rigid,612539,612539,671706,0,59167,59167,completed,1
2630,Rigid,612539,612539,671706,0,59167,59167,completed,1
2631,Rigid,612539,612539,671706,0,59167,59167,completed,1
2632,Rigid,612539,612539,671706,0,59167,59167,completed,1
2633,Rigid,612539,612539,671706,0,59167,59167,completed,1
2634,Rigid,612539,612539,671706,0,59167,59167,completed,1
2635,Rigid,612539,612539,671706,0,59167,59167,completed,1
2636,Rigid,612539,612539,671706,0,59167,59167,completed,1
2637,Rigid,612539,612539,671706,0,59167,59167,completed,1
2638,Rigid,612539,612539,671706,0,59167,59167,completed,1
2639,Rigid,612539,612539,615867,0,3328,3328,completed,1
2640,Rigid,612539,612539,671706,0,59167,59167,completed,1
2641,Rigid,612539,612539,671706,0,59167,59167,completed,1
2642,Rigid,612539,612539,671706,0,59167,59167,completed,1
2643,Rigid,612539,612539,671706,0,59167,59167,completed,1
2644,Rigid,612539,612539,671706,0,59167,59167,completed,1
2645,Rigid,612539,612539,671706,0,59167,59167,completed,1
2646,Rigid,612539,612539,671706,0,59167,59167,completed,1
2647,Rigid,612539,612539,671706,0,59167,59167,completed,1
2648,Rigid,612539,612539,671706,0,59167,59167,completed,1
2649,Rigid,612539,612539,671706,0,59167,59167,completed,1
2650,Rigid,612539,612539,671706,0,59167,59167,completed,1
2651,Rigid,612539,612539,671706,0,59167,59167,completed,1
2652,Rigid,612539,612539,671706,0,59167,59167,completed,1
2653,Rigid,612539,612539,671706,0,59167,59167,completed,1
2654,Rigid,612539,612539,671706,0,59167,59167,completed,1
2655,Rigid,612539,612539,671706,0,59167,59167,completed,1
2656,Rigid,612539,612539,671706,0,59167,59167,completed,1
2657,Rigid,612539,612539,671706,0,59167,59167,completed,1
2658,Rigid,612539,612539,671706,0,59167,59167,completed,1
2659,Rigid,612539,612539,671706,0,59167,59167,completed,1
2660,Rigid,612539,612539,616103,0,3564,3564,completed,1
2661,Rigid,612539,612539,671706,0,59167,59167,completed,1
2662,Rigid,612539,612539,671706,0,59167,59167,completed,1
2663,Rigid,612539,612539,615877,0,3338,3338,completed,1
2664,Rigid,612539,612539,671706,0,59167,59167,completed,1
2665,Rigid,612539,612539,671706,0,59167,59167,completed,1
2666,Rigid,612539,612539,615537,0,2998,2998,completed,1
2667,Rigid,612539,612539,671706,0,59167,59167,completed,1
2668,Rigid,612539,612539,671706,0,59167,59167,completed,1
2669,Rigid,612557,612557,612647,0,90,90,completed,36
2670,Rigid,612629,612629,612718,0,89,89,completed,36
2671,Rigid,612638,612638,612647,0,9,9,completed,2
2672,Rigid,612698,612702,612779,4,77,81,completed,36
2673,Rigid,612795,612796,612839,1,43,44,completed,2
2674,Rigid,612817,612818,618929,1,6111,6112,completed,6
2675,Rigid,612820,612822,617717,2,4895,4897,completed,6
2676,Rigid,612824,612824,612914,0,90,90,completed,36
2677,Rigid,612829,612830,617713,1,4883,4884,completed,6
2678,Rigid,612830,612834,616851,4,4017,4021,completed,6
2679,Rigid,612837,612838,617741,1,4903,4904,completed,6
2680,Rigid,612859,612859,618008,0,5149,5149,completed,6
2681,Rigid,612861,612863,616930,2,4067,4069,completed,6
2682,Rigid,612933,612934,612960,1,26,27,completed,36
2683,Rigid,613076,613077,617709,1,4632,4633,completed,6
2684,Rigid,613080,613081,616853,1,3772,3773,completed,6
2685,Rigid,613081,613085,616940,4,3855,3859,completed,6
2686,Rigid,613086,613089,617112,3,4023,4026,completed,6
2687,Rigid,613088,613089,616854,1,3765,3766,completed,6
2688,Rigid,613091,613093,616851,2,3758,3760,completed,6
2689,Rigid,613111,613111,617355,0,4244,4244,completed,6
2690,Rigid,613111,613111,613140,0,29,29,completed,36
2691,Rigid,613112,613115,617752,3,4637,4640,completed,6
2692,Rigid,613116,613118,613146,2,28,30,completed,1
2693,Rigid,613121,613122,622462,1,9340,9341,completed,144
2694,Rigid,613195,613196,613274,1,78,79,completed,36
2695,Rigid,613242,613242,617709,0,4467,4467,completed,6
2696,Rigid,613255,613255,616853,0,3598,3598,completed,6
2697,Rigid,613319,613319,617911,0,4592,4592,completed,6
2698,Rigid,613343,613344,617709,1,4365,4366,completed,6
2699,Rigid,613364,613365,617741,1,4376,4377,completed,6
2700,Rigid,613376,613377,613458,1,81,82,completed,36
2701,Rigid,613469,613469,617171,0,3702,3702,completed,6
2702,Rigid,613486,613487,613564,1,77,78,completed,36
2703,Rigid,613489,613491,618415,2,4924,4926,completed,6
2704,Rigid,613490,613491,618278,1,4787,4788,completed,6
2705,Rigid,613510,613511,617328,1,3817,3818,completed,6
2706,Rigid,613760,613760,613887,0,127,127,completed,1
2707,Rigid,613760,613760,613844,0,84,84,completed,36
2708,Rigid,613782,613782,618953,0,5171,5171,completed,6
2709,Rigid,613788,613788,618638,0,4850,4850,completed,6
2710,Rigid,613796,613796,613863,0,67,67,completed,36
2711,Rigid,613798,613800,614013,2,213,215,completed,36
2712,Rigid,613914,613914,617920,0,4006,4006,completed,6
2713,Rigid,613915,613918,617518,3,3600,3603,completed,6
2714,Rigid,613935,613936,618577,1,4641,4642,completed,6
2715,Rigid,613935,613936,613968,1,32,33,completed,36
2716,Rigid,613936,613936,617909,0,3973,3973,completed,6
2717,Rigid,613999,614000,614235,1,235,236,completed,1
2718,Rigid,614023,614024,614056,1,32,33,completed,36
2719,Rigid,614028,614028,614095,0,67,67,completed,36
2720,Rigid,614147,614147,615508,0,1361,1361,completed,1
2721,Rigid,614248,614248,614794,0,546,546,completed,36
2722,Rigid,614273,614273,614347,0,74,74,completed,36
2723,Rigid,614433,614433,614504,0,71,71,completed,36
2724,Rigid,614488,614488,614713,0,225,225,completed,36
2725,Rigid,614491,614492,614495,1,3,4,completed,36
2726,Rigid,614706,614706,614709,0,3,3,completed,36
2727,Rigid,614763,614763,614839,0,76,76,completed,36
2728,Rigid,614916,614917,615028,1,111,112,completed,1
2729,Rigid,614982,614982,615014,0,32,32,completed,36
2730,Rigid,615091,615091,615147,0,56,56,completed,36
2731,Rigid,615095,615096,615127,1,31,32,completed,36
2732,Rigid,615185,615186,615217,1,31,32,completed,36
2733,Rigid,615211,615211,615233,0,22,22,completed,36
2734,Rigid,615213,615215,615229,2,14,16,completed,36
2735,Rigid,615223,615223,615254,0,31,31,completed,36
2736,Rigid,615335,615336,615371,1,35,36,completed,36
2737,Rigid,615362,615362,615404,0,42,42,completed,36
2738,Rigid,615399,615402,615444,3,42,45,completed,36
2739,Rigid,615415,615416,615532,1,116,117,completed,36
2740,Rigid,615450,615451,615490,1,39,40,completed,36
2741,Rigid,615498,615499,615501,1,2,3,completed,36
2742,Rigid,615591,615592,615775,1,183,184,completed,36
2743,Rigid,615674,615675,615768,1,93,94,completed,36
2744,Rigid,615743,615744,615832,1,88,89,completed,36
2745,Rigid,615809,615809,615894,0,85,85,completed,36
2746,Rigid,615844,615844,615951,0,107,107,completed,36
2747,Rigid,615963,615963,616053,0,90,90,completed,36
2748,Rigid,616030,616031,616658,1,627,628,completed,36
2749,Rigid,616041,616042,616129,1,87,88,completed,36
2750,Rigid,616176,616177,616287,1,110,111,completed,36
2751,Rigid,616467,616467,616598,0,131,131,completed,1
2752,Rigid,616841,616842,617768,1,926,927,completed,36
2753,Rigid,616957,616958,616960,1,2,3,completed,36
2754,Rigid,617053,617054,617228,1,174,175,completed,1
2755,Rigid,617059,617060,617080,1,20,21,completed,36
2756,Rigid,617065,617066,621152,1,4086,4087,completed,36
2757,Rigid,617153,617153,617156,0,3,3,completed,36
2758,Rigid,617155,617155,617197,0,42,42,completed,36
2759,Rigid,617169,617170,621397,1,4227,4228,completed,36
2760,Rigid,617212,617213,617216,1,3,4,completed,36
2761,Rigid,617259,617262,617377,3,115,118,completed,1
2762,Rigid,617259,617262,617378,3,116,119,completed,1
2763,Rigid,617259,617262,617378,3,116,119,completed,1
2764,Rigid,617259,617262,617378,3,116,119,completed,1
2765,Rigid,617259,617262,617378,3,116,119,completed,1
2766,Rigid,617259,617262,617378,3,116,119,completed,1
2767,Rigid,617259,617262,617378,3,116,119,completed,1
2768,Rigid,617259,617262,617378,3,116,119,completed,1
2769,Rigid,617259,617262,617378,3,116,119,completed,1
2770,Rigid,617259,617262,617378,3,116,119,completed,1
2771,Rigid,617259,617262,617378,3,116,119,completed,1
2772,Rigid,617259,617262,617378,3,116,119,completed,1
2773,Rigid,617260,617262,617378,2,116,118,completed,1
2774,Rigid,617260,617262,617378,2,116,118,completed,1
2775,Rigid,617260,617262,617378,2,116,118,completed,1
2776,Rigid,617260,617262,617378,2,116,118,completed,1
2777,Rigid,617278,617278,617281,0,3,3,completed,36
2778,Rigid,617403,617404,618855,1,1451,1452,completed,36
2779,Rigid,617407,617408,624346,1,6938,6939,completed,1
2780,Rigid,617407,617408,624346,1,6938,6939,completed,1
2781,Rigid,617407,617408,624346,1,6938,6939,completed,1
2782,Rigid,617407,617408,624346,1,6938,6939,completed,1
2783,Rigid,617407,617408,624346,1,6938,6939,completed,1
2784,Rigid,617407,617408,624346,1,6938,6939,completed,1
2785,Rigid,617407,617408,624346,1,6938,6939,completed,1
2786,Rigid,617407,617408,624346,1,6938,6939,completed,1
2787,Rigid,617407,617408,624346,1,6938,6939,completed,1
2788,Rigid,617408,617408,624346,0,6938,6938,completed,1
2789,Rigid,617408,617408,624346,0,6938,6938,completed,1
2790,Rigid,617408,617408,624346,0,6938,6938,completed,1
2791,Rigid,617408,617408,624346,0,6938,6938,completed,1
2792,Rigid,617408,617408,624346,0,6938,6938,completed,1
2793,Rigid,617408,617408,624346,0,6938,6938,completed,1
2794,Rigid,617408,617408,617411,0,3,3,completed,36
2795,Rigid,617408,617408,624346,0,6938,6938,completed,1
2796,Rigid,617420,617421,617470,1,49,50,completed,36
2797,Rigid,617441,617442,617560,1,118,119,completed,36
2798,Rigid,617455,617455,617712,0,257,257,completed,1
2799,Rigid,617481,617562,617633,81,71,152,completed,36
2800,Rigid,617540,617540,617543,0,3,3,completed,36
2801,Rigid,617617,617618,617660,1,42,43,completed,36
2802,Rigid,617762,617763,617766,1,3,4,completed,36
2803,Rigid,617986,617987,617991,1,4,5,completed,36
2804,Rigid,618099,618102,618105,3,3,6,completed,36
2805,Rigid,618141,618142,618207,1,65,66,completed,36
2806,Rigid,618146,618146,618148,0,2,2,completed,36
2807,Rigid,618440,618441,618444,1,3,4,completed,36
2808,Rigid,618529,618530,618533,1,3,4,completed,36
2809,Rigid,618610,618610,618614,0,4,4,completed,36
2810,Rigid,618728,618728,618920,0,192,192,completed,36
2811,Rigid,618807,618807,618812,0,5,5,completed,36
2812,Rigid,618927,618928,619002,1,74,75,completed,36
2813,Rigid,618929,618931,618933,2,2,4,completed,36
2814,Rigid,618992,618992,619026,0,34,34,completed,6
2815,Rigid,618998,619002,619005,4,3,7,completed,36
2816,Rigid,618999,619002,619026,3,24,27,completed,6
2817,Rigid,619030,619030,619066,0,36,36,completed,6
2818,Rigid,619031,619034,619066,3,32,35,completed,6
2819,Rigid,619031,619034,619066,3,32,35,completed,6
2820,Rigid,619032,619034,619064,2,30,32,completed,6
2821,Rigid,619033,619034,619064,1,30,31,completed,6
2822,Rigid,619033,619034,619064,1,30,31,completed,6
2823,Rigid,619097,619098,619786,1,688,689,completed,72
2824,Rigid,619162,619163,619166,1,3,4,completed,36
2825,Rigid,619211,619211,619246,0,35,35,completed,36
2826,Rigid,619252,619252,619348,0,96,96,completed,36
2827,Rigid,619315,619315,620050,0,735,735,completed,1
2828,Rigid,619330,619330,619423,0,93,93,completed,36
2829,Rigid,619343,619344,619367,1,23,24,completed,6
2830,Rigid,619374,619374,619410,0,36,36,completed,6
2831,Rigid,619376,619379,619410,3,31,34,completed,6
2832,Rigid,619376,619379,619410,3,31,34,completed,6
2833,Rigid,619580,619581,619584,1,3,4,completed,36
2834,Rigid,619660,619663,619666,3,3,6,completed,36
2835,Rigid,619867,619868,619966,1,98,99,completed,36
2836,Rigid,619888,619889,619891,1,2,3,completed,36
2837,Rigid,619939,619939,619942,0,3,3,completed,36
2838,Rigid,619945,619946,620037,1,91,92,completed,36
2839,Rigid,619971,619972,620043,1,71,72,completed,36
2840,Rigid,619980,619980,619982,0,2,2,completed,36
2841,Rigid,620053,620054,620057,1,3,4,completed,36
2842,Rigid,620124,620125,620129,1,4,5,completed,36
2843,Rigid,620148,620148,620225,0,77,77,completed,36
2844,Rigid,620165,620165,620168,0,3,3,completed,36
2845,Rigid,620216,620217,620221,1,4,5,completed,36
2846,Rigid,620248,620249,620251,1,2,3,completed,36
2847,Rigid,620249,620253,620256,4,3,7,completed,36
2848,Rigid,620311,620312,620315,1,3,4,completed,36
2849,Rigid,620347,620348,620351,1,3,4,completed,36
2850,Rigid,620394,620395,620939,1,544,545,completed,36
2851,Rigid,620396,620399,620401,3,2,5,completed,36
2852,Rigid,620429,620429,624596,0,4167,4167,completed,36
2853,Rigid,620540,620540,620655,0,115,115,completed,36
2854,Rigid,620632,620633,620646,1,13,14,completed,36
2855,Rigid,620710,620711,620799,1,88,89,completed,36
2856,Rigid,620771,620771,620862,0,91,91,completed,36
2857,Rigid,620836,620836,620851,0,15,15,completed,36
2858,Rigid,620870,620871,621609,1,738,739,completed,1
2859,Rigid,620957,620958,620973,1,15,16,completed,72
2860,Rigid,620978,620979,621894,1,915,916,completed,72
2861,Rigid,620978,620979,620995,1,16,17,completed,36
2862,Rigid,621005,621006,621065,1,59,60,completed,36
2863,Rigid,621006,621010,621020,4,10,14,completed,1
2864,Rigid,621022,621023,621037,1,14,15,completed,36
2865,Rigid,621025,621027,621122,2,95,97,completed,36
2866,Rigid,621107,621107,621478,0,371,371,completed,36
2867,Rigid,621135,621135,621195,0,60,60,completed,36
2868,Rigid,621150,621150,621244,0,94,94,completed,36
2869,Rigid,621263,621264,621292,1,28,29,completed,36
2870,Rigid,621291,621292,621349,1,57,58,completed,36
2871,Rigid,621316,621317,621404,1,87,88,completed,36
2872,Rigid,621351,621352,621383,1,31,32,completed,36
2873,Rigid,621437,621437,621469,0,32,32,completed,36
2874,Rigid,621493,621493,621605,0,112,112,completed,1
2875,Rigid,621524,621525,621556,1,31,32,completed,36
2876,Rigid,621941,621944,622056,3,112,115,completed,36
2877,Rigid,622099,622099,622102,0,3,3,completed,36
2878,Rigid,622194,622195,622213,1,18,19,completed,36
2879,Rigid,622348,622349,622366,1,17,18,completed,36
2880,Rigid,622386,622386,622389,0,3,3,completed,36
2881,Rigid,622425,622425,622428,0,3,3,completed,36
2882,Rigid,622462,622462,625674,0,3212,3212,completed,144
2883,Rigid,622470,622471,622473,1,2,3,completed,36
2884,Rigid,622517,622517,622519,0,2,2,completed,36
2885,Rigid,622522,622523,622718,1,195,196,completed,36
2886,Rigid,622689,622689,622693,0,4,4,completed,36
2887,Rigid,622736,622736,622789,0,53,53,completed,36
2888,Rigid,622759,622760,622764,1,4,5,completed,36
2889,Rigid,622809,622810,622842,1,32,33,completed,36
2890,Rigid,622816,622816,622820,0,4,4,completed,36
2891,Rigid,622882,622883,622886,1,3,4,completed,36
2892,Rigid,622910,622911,622942,1,31,32,completed,36
2893,Rigid,622990,622990,623009,0,19,19,completed,36
2894,Rigid,623067,623068,623800,1,732,733,completed,1
2895,Rigid,623092,623093,623124,1,31,32,completed,36
2896,Rigid,623121,623122,671706,1,48584,48585,completed,1
2897,Rigid,623121,623122,671706,1,48584,48585,completed,1
2898,Rigid,623121,623122,671706,1,48584,48585,completed,1
2899,Rigid,623121,623122,671706,1,48584,48585,completed,1
2900,Rigid,623121,623122,671706,1,48584,48585,completed,1
2901,Rigid,623121,623122,671706,1,48584,48585,completed,1
2902,Rigid,623121,623122,671706,1,48584,48585,completed,1
2903,Rigid,623121,623122,671706,1,48584,48585,completed,1
2904,Rigid,623121,623122,671706,1,48584,48585,completed,1
2905,Rigid,623121,623122,671706,1,48584,48585,completed,1
2906,Rigid,623273,623274,623340,1,66,67,completed,36
2907,Rigid,623327,623328,623359,1,31,32,completed,36
2908,Rigid,623504,623504,623517,0,13,13,completed,36
2909,Rigid,623583,623584,623644,1,60,61,completed,1
2910,Rigid,623629,623629,623639,0,10,10,completed,36
2911,Rigid,623677,623677,623706,0,29,29,completed,36
2912,Rigid,623689,623689,623702,0,13,13,completed,36
2913,Rigid,623791,623791,623835,0,44,44,completed,36
2914,Rigid,623808,623809,623876,1,67,68,completed,36
2915,Rigid,623898,623899,623902,1,3,4,completed,36
2916,Rigid,623928,623929,623946,1,17,18,completed,36
2917,Rigid,623938,623939,623942,1,3,4,completed,36
2918,Rigid,623959,623959,624322,0,363,363,completed,36
2919,Rigid,623960,623963,624029,3,66,69,completed,36
2920,Rigid,623973,623973,624004,0,31,31,completed,36
2921,Rigid,624004,624004,624008,0,4,4,completed,36
2922,Rigid,624043,624045,624765,2,720,722,completed,1
2923,Rigid,624048,624049,624069,1,20,21,completed,1
2924,Rigid,624077,624078,624114,1,36,37,completed,1
2925,Rigid,624083,624084,624093,1,9,10,completed,36
2926,Rigid,624150,624151,624185,1,34,35,completed,36
2927,Rigid,624215,624216,624246,1,30,31,completed,36
2928,Rigid,624347,624347,624419,0,72,72,completed,36
2929,Rigid,624366,624366,624427,0,61,61,completed,1
2930,Rigid,624439,624439,627161,0,2722,2722,completed,1
2931,Rigid,624453,624454,624486,1,32,33,completed,1
2932,Rigid,624569,624569,624588,0,19,19,completed,36
2933,Rigid,624591,624592,624944,1,352,353,completed,36
2934,Rigid,624831,624831,628073,0,3242,3242,completed,72
2935,Rigid,624966,624967,625032,1,65,66,completed,36
2936,Rigid,625034,625034,625038,0,4,4,completed,36
2937,Rigid,625140,625140,625146,0,6,6,completed,1
2938,Rigid,625200,625200,625564,0,364,364,completed,36
2939,Rigid,625221,625221,625965,0,744,744,completed,1
2940,Rigid,625245,625245,625294,0,49,49,completed,1
2941,Rigid,625347,625348,625518,1,170,171,completed,36
2942,Rigid,625769,625770,625813,1,43,44,completed,36
2943,Rigid,626208,626208,626955,0,747,747,completed,1
2944,Rigid,626370,626370,632384,0,6014,6014,completed,36
2945,Rigid,626759,626760,626798,1,38,39,completed,36
2946,Rigid,626771,626771,626943,0,172,172,completed,1080
2947,Rigid,626902,626902,626941,0,39,39,completed,36
2948,Rigid,626984,626985,627148,1,163,164,completed,1080
2949,Rigid,627142,627143,627889,1,746,747,completed,1
2950,Rigid,627145,627147,627244,2,97,99,completed,36
2951,Rigid,627172,627172,627210,0,38,38,completed,36
2952,Rigid,627189,627211,627248,22,37,59,completed,36
2953,Rigid,627242,627242,627332,0,90,90,completed,36
2954,Rigid,627249,627249,627491,0,242,242,completed,1
2955,Rigid,627253,627253,627694,0,441,441,completed,36
2956,Rigid,627271,627271,628696,0,1425,1425,completed,36
2957,Rigid,627384,627384,627478,0,94,94,completed,36
2958,Rigid,627432,627432,627469,0,37,37,completed,36
2959,Rigid,627519,627519,627602,0,83,83,completed,36
2960,Rigid,627536,627536,627583,0,47,47,completed,1
2961,Rigid,627561,627561,627592,0,31,31,completed,36
2962,Rigid,627595,627596,641892,1,14296,14297,completed,1
2963,Rigid,627595,627596,642354,1,14758,14759,completed,1
2964,Rigid,627595,627596,641614,1,14018,14019,completed,1
2965,Rigid,627595,627596,641616,1,14020,14021,completed,1
2966,Rigid,627595,627596,641466,1,13870,13871,completed,1
2967,Rigid,627595,627596,641630,1,14034,14035,completed,1
2968,Rigid,627595,627596,642854,1,15258,15259,completed,1
2969,Rigid,627595,627596,641671,1,14075,14076,completed,1
2970,Rigid,627595,627596,641489,1,13893,13894,completed,1
2971,Rigid,627595,627596,642416,1,14820,14821,completed,1
2972,Rigid,627596,627596,641911,0,14315,14315,completed,1
2973,Rigid,627596,627596,641641,0,14045,14045,completed,1
2974,Rigid,627596,627596,641772,0,14176,14176,completed,1
2975,Rigid,627596,627596,642636,0,15040,15040,completed,1
2976,Rigid,627596,627596,641538,0,13942,13942,completed,1
2977,Rigid,627596,627596,641597,0,14001,14001,completed,1
2978,Rigid,627684,627685,627715,1,30,31,completed,36
2979,Rigid,627697,627698,627772,1,74,75,completed,1
2980,Rigid,627865,627866,627886,1,20,21,completed,36
2981,Rigid,627936,627937,671214,1,43277,43278,completed,1
2982,Rigid,627995,627996,628055,1,59,60,completed,1
2983,Rigid,628044,628044,629883,0,1839,1839,completed,36
2984,Rigid,628122,628125,636145,3,8020,8023,completed,1
2985,Rigid,628205,628205,628297,0,92,92,completed,36
2986,Rigid,628292,628293,629029,1,736,737,completed,1
2987,Rigid,628330,628331,628421,1,90,91,completed,36
2988,Rigid,628344,628345,628351,1,6,7,completed,36
2989,Rigid,628376,628377,628408,1,31,32,completed,36
2990,Rigid,628437,628437,628470,0,33,33,completed,36
2991,Rigid,628608,628608,628642,0,34,34,completed,36
2992,Rigid,628731,628732,628762,1,30,31,completed,36
2993,Rigid,628732,628736,629359,4,623,627,completed,36
2994,Rigid,628891,628892,628950,1,58,59,completed,1
2995,Rigid,628904,628905,628936,1,31,32,completed,36
2996,Rigid,629007,629007,629078,0,71,71,completed,36
2997,Rigid,629154,629155,629189,1,34,35,completed,1
2998,Rigid,629195,629195,629229,0,34,34,completed,36
2999,Rigid,629354,629355,629389,1,34,35,completed,36
3000,Rigid,629485,629486,629548,1,62,63,completed,1
3001,Rigid,629538,629539,629572,1,33,34,completed,36
3002,Rigid,629642,629643,629677,1,34,35,completed,36
3003,Rigid,629712,629713,629746,1,33,34,completed,36
3004,Rigid,629772,629772,644147,0,14375,14375,completed,1
3005,Rigid,629772,629772,643993,0,14221,14221,completed,1
3006,Rigid,629772,629776,643693,4,13917,13921,completed,1
3007,Rigid,629772,629776,644240,4,14464,14468,completed,1
3008,Rigid,629772,629776,644534,4,14758,14762,completed,1
3009,Rigid,629772,629776,644243,4,14467,14471,completed,1
3010,Rigid,629772,629776,644513,4,14737,14741,completed,1
3011,Rigid,629773,629776,647915,3,18139,18142,completed,1
3012,Rigid,629877,629878,630499,1,621,622,completed,36
3013,Rigid,629940,629941,632149,1,2208,2209,completed,36
3014,Rigid,630029,630029,630097,0,68,68,completed,36
3015,Rigid,630048,630048,630098,0,50,50,completed,36
3016,Rigid,630083,630083,630212,0,129,129,completed,1
3017,Rigid,630148,630148,685107,0,54959,54959,completed,36
3018,Rigid,630176,630177,630243,1,66,67,completed,36
3019,Rigid,630219,630219,630950,0,731,731,completed,1
3020,Rigid,630526,630527,630905,1,378,379,completed,36
3021,Rigid,630576,630577,631190,1,613,614,completed,36
3022,Rigid,630982,630982,631052,0,70,70,completed,36
3023,Rigid,630995,631193,631271,198,78,276,completed,36
3024,Rigid,631144,631144,631215,0,71,71,completed,36
3025,Rigid,631233,631233,631236,0,3,3,completed,36
3026,Rigid,631323,631323,631332,0,9,9,completed,36
3027,Rigid,631353,631353,631761,0,408,408,completed,36
3028,Rigid,631421,631421,631493,0,72,72,completed,36
3029,Rigid,631444,631494,631615,50,121,171,completed,36
3030,Rigid,631540,631541,631573,1,32,33,completed,36
3031,Rigid,631601,631602,631632,1,30,31,completed,36
3032,Rigid,631714,631714,631744,0,30,30,completed,36
3033,Rigid,631717,631718,631725,1,7,8,completed,36
3034,Rigid,631723,631726,631809,3,83,86,completed,36
3035,Rigid,631758,631758,631823,0,65,65,completed,36
3036,Rigid,631795,631796,631827,1,31,32,completed,36
3037,Rigid,631843,631846,631989,3,143,146,completed,36
3038,Rigid,631874,631875,631905,1,30,31,completed,36
3039,Rigid,631997,631998,632029,1,31,32,completed,36
3040,Rigid,632072,632073,632810,1,737,738,completed,1
3041,Rigid,632085,632086,632088,1,2,3,completed,36
3042,Rigid,632086,632090,632220,4,130,134,completed,36
3043,Rigid,632127,632128,632197,1,69,70,completed,36
3044,Rigid,632135,632135,632197,0,62,62,completed,36
3045,Rigid,632157,632158,633777,1,1619,1620,completed,36
3046,Rigid,632204,632205,632233,1,28,29,completed,36
3047,Rigid,632246,632246,632323,0,77,77,completed,36
3048,Rigid,632272,632272,632341,0,69,69,completed,36
3049,Rigid,632480,632481,632513,1,32,33,completed,36
3050,Rigid,632633,632634,632666,1,32,33,completed,36
3051,Rigid,632713,632714,632747,1,33,34,completed,36
3052,Rigid,632795,632796,632845,1,49,50,completed,36
3053,Rigid,632820,632821,632853,1,32,33,completed,36
3054,Rigid,632923,632926,632956,3,30,33,completed,36
3055,Rigid,632956,632957,633016,1,59,60,completed,1
3056,Rigid,632987,632988,633018,1,30,31,completed,36
3057,Rigid,633107,633108,633195,1,87,88,completed,1
3058,Rigid,633204,633205,633235,1,30,31,completed,36
3059,Rigid,633272,633273,633316,1,43,44,completed,1
3060,Rigid,633325,633326,633358,1,32,33,completed,36
3061,Rigid,633481,633481,740505,0,107024,107024,completed,36
3062,Rigid,633506,633506,633536,0,30,30,completed,36
3063,Rigid,633555,633556,633586,1,30,31,completed,36
3064,Rigid,633668,633668,633721,0,53,53,completed,1
3065,Rigid,633924,633924,633949,0,25,25,completed,1
3066,Rigid,634043,634044,635500,1,1456,1457,completed,36
3067,Rigid,634075,634075,634078,0,3,3,completed,1
3068,Rigid,634236,634237,634971,1,734,735,completed,1
3069,Rigid,634245,634246,634251,1,5,6,completed,1
3070,Rigid,634259,634259,634405,0,146,146,completed,36
3071,Rigid,634264,634265,634290,1,25,26,completed,1
3072,Rigid,634360,634361,634419,1,58,59,completed,1
3073,Rigid,634558,634558,634630,0,72,72,completed,36
3074,Rigid,634918,634919,634922,1,3,4,completed,36
3075,Rigid,634997,634997,635066,0,69,69,completed,36
3076,Rigid,635004,635005,635018,1,13,14,completed,36
3077,Rigid,635037,635037,635723,0,686,686,completed,36
3078,Rigid,635062,635062,635065,0,3,3,completed,36
3079,Rigid,635114,635114,635118,0,4,4,completed,36
3080,Rigid,635159,635159,635162,0,3,3,completed,36
3081,Rigid,635325,635326,635337,1,11,12,completed,36
3082,Rigid,635344,635345,635477,1,132,133,completed,36
3083,Rigid,635403,635403,635406,0,3,3,completed,36
3084,Rigid,635408,635408,635412,0,4,4,completed,36
3085,Rigid,635489,635490,635497,1,7,8,completed,36
3086,Rigid,635742,635746,635762,4,16,20,completed,36
3087,Rigid,635902,635903,679103,1,43200,43201,completed,1
3088,Rigid,636049,636049,636074,0,25,25,completed,36
3089,Rigid,636122,636123,636132,1,9,10,completed,36
3090,Rigid,636149,636150,636180,1,30,31,completed,36
3091,Rigid,636188,636189,636213,1,24,25,completed,36
3092,Rigid,636243,636244,636273,1,29,30,completed,36
3093,Rigid,636301,636301,636331,0,30,30,completed,36
3094,Rigid,636375,636376,636407,1,31,32,completed,36
3095,Rigid,636411,636411,636436,0,25,25,completed,144
3096,Rigid,636468,636468,636473,0,5,5,completed,36
3097,Rigid,636515,636516,636585,1,69,70,completed,36
3098,Rigid,636540,636541,776058,1,139517,139518,completed,36
3099,Rigid,636603,636603,636683,0,80,80,completed,36
3100,Rigid,636609,636609,636640,0,31,31,completed,36
3101,Rigid,636654,636654,636678,0,24,24,completed,36
3102,Rigid,636697,636698,636701,1,3,4,completed,36
3103,Rigid,636890,636890,636921,0,31,31,completed,36
3104,Rigid,637344,637345,637349,1,4,5,completed,36
3105,Rigid,637404,637404,637408,0,4,4,completed,36
3106,Rigid,637440,637440,637443,0,3,3,completed,36
3107,Rigid,637481,637481,637485,0,4,4,completed,36
3108,Rigid,637506,637507,637510,1,3,4,completed,36
3109,Rigid,637565,637565,637569,0,4,4,completed,36
3110,Rigid,637569,637570,637574,1,4,5,completed,36
3111,Rigid,637687,637687,637691,0,4,4,completed,36
3112,Rigid,638200,638200,638204,0,4,4,completed,36
3113,Rigid,638322,638322,638325,0,3,3,completed,36
3114,Rigid,638443,638447,638451,4,4,8,completed,36
3115,Rigid,638525,638526,638530,1,4,5,completed,36
3116,Rigid,638575,638575,638579,0,4,4,completed,36
3117,Rigid,638671,638672,638675,1,3,4,completed,36
3118,Rigid,638781,638781,638785,0,4,4,completed,36
3119,Rigid,639454,639455,639458,1,3,4,completed,36
3120,Rigid,639484,639485,639488,1,3,4,completed,36
3121,Rigid,639484,639485,639488,1,3,4,completed,36
3122,Rigid,639587,639588,639636,1,48,49,completed,1
3123,Rigid,639594,639594,639598,0,4,4,completed,36
3124,Rigid,639671,639672,639675,1,3,4,completed,36
3125,Rigid,639822,639823,639827,1,4,5,completed,36
3126,Rigid,640098,640098,640114,0,16,16,completed,1
3127,Rigid,640126,640127,640242,1,115,116,completed,1
3128,Rigid,640142,640142,640290,0,148,148,completed,36
3129,Rigid,640423,640427,640477,4,50,54,completed,36
3130,Rigid,640610,640611,640615,1,4,5,completed,36
3131,Rigid,640848,640849,640853,1,4,5,completed,36
3132,Rigid,640917,640917,640921,0,4,4,completed,36
3133,Rigid,641204,641207,641211,3,4,7,completed,36
3134,Rigid,641496,641496,641500,0,4,4,completed,36
3135,Rigid,641543,641544,641548,1,4,5,completed,36
3136,Rigid,641572,641572,641575,0,3,3,completed,36
3137,Rigid,641605,641605,641609,0,4,4,completed,36
3138,Rigid,641659,641660,641663,1,3,4,completed,36
3139,Rigid,641681,641682,641685,1,3,4,completed,36
3140,Rigid,642009,642010,642014,1,4,5,completed,36
3141,Rigid,642050,642050,642053,0,3,3,completed,36
3142,Rigid,642116,642117,642120,1,3,4,completed,36
3143,Rigid,642283,642283,642287,0,4,4,completed,36
3144,Rigid,642363,642363,642378,0,15,15,completed,32
3145,Rigid,642449,642449,642453,0,4,4,completed,36
3146,Rigid,642607,642608,642611,1,3,4,completed,36
3147,Rigid,642635,642636,642639,1,3,4,completed,36
3148,Rigid,642661,642661,642664,0,3,3,completed,36
3149,Rigid,642677,642680,642698,3,18,21,completed,32
3150,Rigid,642699,642699,642702,0,3,3,completed,36
3151,Rigid,642729,642729,642732,0,3,3,completed,36
3152,Rigid,642747,642747,642750,0,3,3,completed,36
3153,Rigid,642800,642801,642805,1,4,5,completed,36
3154,Rigid,642836,642836,642852,0,16,16,completed,32
3155,Rigid,642874,642874,642878,0,4,4,completed,36
3156,Rigid,643137,643137,643155,0,18,18,completed,32
3157,Rigid,643400,643401,643410,1,9,10,completed,32
3158,Rigid,643460,643460,643494,0,34,34,completed,1
3159,Rigid,643663,643667,643670,4,3,7,completed,36
3160,Rigid,643682,643683,643923,1,240,241,completed,36
3161,Rigid,643823,643823,643829,0,6,6,completed,1
3162,Rigid,643837,643837,643842,0,5,5,completed,1
3163,Rigid,643838,643841,643856,3,15,18,completed,32
3164,Rigid,644794,644795,644806,1,11,12,completed,1
3165,Rigid,644923,644923,644938,0,15,15,completed,32
3166,Rigid,645095,645096,645106,1,10,11,completed,1
3167,Rigid,645372,645373,645377,1,4,5,completed,36
3168,Rigid,645531,645531,645544,0,13,13,completed,1
3169,Rigid,645883,645883,645887,0,4,4,completed,36
3170,Rigid,645957,645958,645961,1,3,4,completed,36
3171,Rigid,646310,646310,646314,0,4,4,completed,36
3172,Rigid,646379,646380,646383,1,3,4,completed,36
3173,Rigid,646564,646565,646569,1,4,5,completed,36
3174,Rigid,646650,646651,646655,1,4,5,completed,36
3175,Rigid,646755,646755,646759,0,4,4,completed,36
3176,Rigid,646819,646819,646822,0,3,3,completed,36
3177,Rigid,646882,646882,646886,0,4,4,completed,36
3178,Rigid,646943,646943,646958,0,15,15,completed,32
3179,Rigid,646947,646948,646952,1,4,5,completed,36
3180,Rigid,646966,646968,646972,2,4,6,completed,36
3181,Rigid,647047,647048,647052,1,4,5,completed,36
3182,Rigid,647071,647072,647086,1,14,15,completed,32
3183,Rigid,647085,647087,647090,2,3,5,completed,36
3184,Rigid,647156,647157,647170,1,13,14,completed,32
3185,Rigid,647369,647370,647373,1,3,4,completed,36
3186,Rigid,647434,647435,647438,1,3,4,completed,36
3187,Rigid,647442,647442,647450,0,8,8,completed,36
3188,Rigid,647456,647457,647465,1,8,9,completed,36
3189,Rigid,647470,647470,647473,0,3,3,completed,36
3190,Rigid,647535,647536,647539,1,3,4,completed,36
3191,Rigid,647610,647611,647614,1,3,4,completed,36
3192,Rigid,647615,647615,647623,0,8,8,completed,36
3193,Rigid,647634,647635,647643,1,8,9,completed,36
3194,Rigid,647639,647639,647642,0,3,3,completed,36
3195,Rigid,647640,647643,647646,3,3,6,completed,36
3196,Rigid,647652,647653,647661,1,8,9,completed,36
3197,Rigid,647670,647670,647678,0,8,8,completed,36
3198,Rigid,647734,647735,647743,1,8,9,completed,36
3199,Rigid,647787,647788,647792,1,4,5,completed,36
3200,Rigid,648218,648219,648230,1,11,12,completed,1
3201,Rigid,648282,648282,648291,0,9,9,completed,36
3202,Rigid,648321,648321,648325,0,4,4,completed,36
3203,Rigid,648330,648330,648339,0,9,9,completed,36
3204,Rigid,648356,648356,648367,0,11,11,completed,1
3205,Rigid,648366,648367,648376,1,9,10,completed,36
3206,Rigid,648431,648432,648435,1,3,4,completed,36
3207,Rigid,648448,648448,648456,0,8,8,completed,36
3208,Rigid,648554,648555,648559,1,4,5,completed,36
3209,Rigid,648569,648569,648580,0,11,11,completed,1
3210,Rigid,648658,648659,648662,1,3,4,completed,36
3211,Rigid,648659,648659,648663,0,4,4,completed,36
3212,Rigid,648740,648741,648861,1,120,121,completed,1
3213,Rigid,648783,648783,648787,0,4,4,completed,36
3214,Rigid,648873,648873,648877,0,4,4,completed,36
3215,Rigid,648939,648939,648943,0,4,4,completed,36
3216,Rigid,648948,648948,648957,0,9,9,completed,36
3217,Rigid,648959,648959,648963,0,4,4,completed,36
3218,Rigid,649000,649001,649009,1,8,9,completed,36
3219,Rigid,649001,649001,649004,0,3,3,completed,36
3220,Rigid,649040,649040,649043,0,3,3,completed,36
3221,Rigid,649179,649180,649183,1,3,4,completed,36
3222,Rigid,649205,649205,649208,0,3,3,completed,36
3223,Rigid,649217,649218,649221,1,3,4,completed,36
3224,Rigid,649217,649218,649221,1,3,4,completed,36
3225,Rigid,649272,649273,649277,1,4,5,completed,36
3226,Rigid,649284,649285,649288,1,3,4,completed,36
3227,Rigid,649458,649459,649463,1,4,5,completed,36
3228,Rigid,649475,649475,649478,0,3,3,completed,36
3229,Rigid,649475,649479,649482,4,3,7,completed,36
3230,Rigid,649525,649525,649529,0,4,4,completed,36
3231,Rigid,649626,649626,649629,0,3,3,completed,36
3232,Rigid,649627,649630,649633,3,3,6,completed,36
3233,Rigid,649651,649652,649655,1,3,4,completed,36
3234,Rigid,649701,649702,649705,1,3,4,completed,36
3235,Rigid,649859,649859,649863,0,4,4,completed,36
3236,Rigid,649899,649900,649903,1,3,4,completed,36
3237,Rigid,649921,649921,649924,0,3,3,completed,36
3238,Rigid,649921,649925,649928,4,3,7,completed,36
3239,Rigid,650046,650046,650060,0,14,14,completed,36
3240,Rigid,650100,650101,650105,1,4,5,completed,36
3241,Rigid,650110,650111,650115,1,4,5,completed,36
3242,Rigid,650111,650111,650115,0,4,4,completed,36
3243,Rigid,650275,650276,650279,1,3,4,completed,36
3244,Rigid,650300,650300,650303,0,3,3,completed,36
3245,Rigid,650300,650304,650307,4,3,7,completed,36
3246,Rigid,650329,650329,650332,0,3,3,completed,36
3247,Rigid,650900,650900,650904,0,4,4,completed,36
3248,Rigid,650955,650956,681713,1,30757,30758,completed,36
3249,Rigid,651081,651081,651085,0,4,4,completed,36
3250,Rigid,651103,651103,651140,0,37,37,completed,36
3251,Rigid,651217,651218,651257,1,39,40,completed,36
3252,Rigid,651513,651513,651754,0,241,241,completed,36
3253,Rigid,651688,651689,651730,1,41,42,completed,36
3254,Rigid,651801,651802,651838,1,36,37,completed,36
3255,Rigid,652584,652585,652664,1,79,80,completed,1
3256,Rigid,652742,652743,652798,1,55,56,completed,1
3257,Rigid,653014,653015,653026,1,11,12,completed,1
3258,Rigid,653377,653378,653388,1,10,11,completed,1
3259,Rigid,653453,653453,653546,0,93,93,completed,1
3260,Rigid,654392,654392,654406,0,14,14,completed,36
3261,Rigid,654425,654426,654440,1,14,15,completed,36
3262,Rigid,654687,654687,654884,0,197,197,completed,36
3263,Rigid,655173,655173,655188,0,15,15,completed,1
3264,Rigid,657124,657125,657136,1,11,12,completed,1
3265,Rigid,657325,657325,657340,0,15,15,completed,36
3266,Rigid,657404,657405,657420,1,15,16,completed,1
3267,Rigid,657420,657421,657446,1,25,26,completed,36
3268,Rigid,657794,657795,657806,1,11,12,completed,1
3269,Rigid,658425,658425,658434,0,9,9,completed,36
3270,Rigid,658925,658926,658934,1,8,9,completed,36
3271,Rigid,658945,658945,658956,0,11,11,completed,1
3272,Rigid,659086,659089,659212,3,123,126,completed,1
3273,Rigid,659341,659341,659413,0,72,72,completed,36
3274,Rigid,659383,659384,659394,1,10,11,completed,36
3275,Rigid,659468,659469,659621,1,152,153,completed,36
3276,Rigid,659847,659848,659850,1,2,3,completed,36
3277,Rigid,659957,659957,660693,0,736,736,completed,36
3278,Rigid,660379,660380,660390,1,10,11,completed,36
3279,Rigid,660536,660537,660539,1,2,3,completed,4
3280,Rigid,660610,660610,660620,0,10,10,completed,36
3281,Rigid,660725,660726,660880,1,154,155,completed,36
3282,Rigid,661072,661072,668832,0,7760,7760,completed,10
3283,Rigid,661257,661258,661267,1,9,10,completed,36
3284,Rigid,661350,661351,661360,1,9,10,completed,36
3285,Rigid,661368,661369,661377,1,8,9,completed,36
3286,Rigid,661416,661416,661425,0,9,9,completed,36
3287,Rigid,661437,661438,661447,1,9,10,completed,36
3288,Rigid,661457,661457,661466,0,9,9,completed,36
3289,Rigid,661493,661494,747895,1,86401,86402,completed,144
3290,Rigid,661565,661566,661575,1,9,10,completed,36
3291,Rigid,661608,661609,661756,1,147,148,completed,36
3292,Rigid,661941,661941,662089,0,148,148,completed,36
3293,Rigid,663791,663791,673170,0,9379,9379,completed,144
3294,Rigid,663900,663900,664676,0,776,776,completed,36
3295,Rigid,663962,663962,663977,0,15,15,completed,1
3296,Rigid,663996,663996,664005,0,9,9,completed,36
3297,Rigid,664009,664010,664018,1,8,9,completed,36
3298,Rigid,664026,664026,664035,0,9,9,completed,36
3299,Rigid,664044,664045,664113,1,68,69,completed,1
3300,Rigid,664058,664058,664082,0,24,24,completed,10
3301,Rigid,664066,664069,664077,3,8,11,completed,36
3302,Rigid,664162,664162,664762,0,600,600,completed,10
3303,Rigid,664178,664178,664180,0,2,2,completed,10
3304,Rigid,664362,664363,664406,1,43,44,completed,1
3305,Rigid,664364,664365,664389,1,24,25,completed,10
3306,Rigid,664459,664460,664537,1,77,78,completed,36
3307,Rigid,664577,664577,664592,0,15,15,completed,1
3308,Rigid,664808,664809,664861,1,52,53,completed,36
3309,Rigid,665152,665153,665214,1,61,62,completed,36
3310,Rigid,665401,665402,666022,1,620,621,completed,10
3311,Rigid,665538,665539,665596,1,57,58,completed,1
3312,Rigid,665717,665717,665728,0,11,11,completed,1
3313,Rigid,666006,666006,666044,0,38,38,completed,36
3314,Rigid,666084,666085,666736,1,651,652,completed,36
3315,Rigid,666195,666196,666248,1,52,53,completed,36
3316,Rigid,666390,666390,666399,0,9,9,completed,1
3317,Rigid,666413,666413,666426,0,13,13,completed,1
3318,Rigid,666422,666422,667019,0,597,597,completed,1
3319,Rigid,666440,666440,666453,0,13,13,completed,1
3320,Rigid,666457,666457,666470,0,13,13,completed,1
3321,Rigid,666464,666464,666524,0,60,60,completed,36
3322,Rigid,666491,666491,666504,0,13,13,completed,1
3323,Rigid,666554,666555,666567,1,12,13,completed,1
3324,Rigid,666664,666665,666706,1,41,42,completed,1
3325,Rigid,666887,666889,666892,2,3,5,completed,36
3326,Rigid,666914,666914,666968,0,54,54,completed,36
3327,Rigid,666924,666924,678233,0,11309,11309,completed,36
3328,Rigid,667045,667046,667078,1,32,33,completed,36
3329,Rigid,667164,667164,667179,0,15,15,completed,1
3330,Rigid,667304,667304,667338,0,34,34,completed,36
3331,Rigid,667648,667649,667706,1,57,58,completed,36
3332,Rigid,667800,667800,667889,0,89,89,completed,36
3333,Rigid,667848,667849,667902,1,53,54,completed,36
3334,Rigid,668172,668173,668215,1,42,43,completed,36
3335,Rigid,668580,668580,668631,0,51,51,completed,36
3336,Rigid,668864,668864,668916,0,52,52,completed,36
3337,Rigid,668925,668925,668976,0,51,51,completed,36
3338,Rigid,669218,669219,669222,1,3,4,completed,1
3339,Rigid,669218,669219,669222,1,3,4,completed,1
3340,Rigid,669219,669219,669221,0,2,2,completed,1
3341,Rigid,669219,669222,669225,3,3,6,completed,1
3342,Rigid,669219,669222,669224,3,2,5,completed,1
3343,Rigid,669219,669222,669225,3,3,6,completed,1
3344,Rigid,669219,669222,669224,3,2,5,completed,1
3345,Rigid,669219,669222,669224,3,2,5,completed,1
3346,Rigid,669219,669222,669225,3,3,6,completed,1
3347,Rigid,669220,669222,669225,2,3,5,completed,1
3348,Rigid,669220,669222,669224,2,2,4,completed,1
3349,Rigid,669220,669222,669224,2,2,4,completed,1
3350,Rigid,669223,669223,669276,0,53,53,completed,36
3351,Rigid,669260,669260,669262,0,2,2,completed,1
3352,Rigid,669260,669263,669265,3,2,5,completed,1
3353,Rigid,669260,669263,669265,3,2,5,completed,1
3354,Rigid,669260,669263,669265,3,2,5,completed,1
3355,Rigid,669260,669263,669265,3,2,5,completed,1
3356,Rigid,669260,669263,669265,3,2,5,completed,1
3357,Rigid,669261,669263,669265,2,2,4,completed,1
3358,Rigid,669261,669263,669265,2,2,4,completed,1
3359,Rigid,669261,669263,669265,2,2,4,completed,1
3360,Rigid,669261,669263,669265,2,2,4,completed,1
3361,Rigid,669261,669263,669265,2,2,4,completed,1
3362,Rigid,669261,669263,669265,2,2,4,completed,1
3363,Rigid,669281,669282,689016,1,19734,19735,completed,1
3364,Rigid,669282,669282,670850,0,1568,1568,completed,1
3365,Rigid,669282,669282,687298,0,18016,18016,completed,1
3366,Rigid,669282,669282,695341,0,26059,26059,completed,1
3367,Rigid,669282,669285,690755,3,21470,21473,completed,1
3368,Rigid,669282,669285,709643,3,40358,40361,completed,1
3369,Rigid,669282,669285,669407,3,122,125,completed,1
3370,Rigid,669282,669285,669778,3,493,496,completed,1
3371,Rigid,669283,669285,671349,2,2064,2066,completed,1
3372,Rigid,669283,669285,670145,2,860,862,completed,1
3373,Rigid,669283,669285,671007,2,1722,1724,completed,1
3374,Rigid,669283,669285,680946,2,11661,11663,completed,1
3375,Rigid,669442,669444,669511,2,67,69,completed,144
3376,Rigid,669880,669881,669933,1,52,53,completed,36
3377,Rigid,669903,669904,670661,1,757,758,completed,1
3378,Rigid,669906,669908,669980,2,72,74,completed,36
3379,Rigid,670132,670132,670208,0,76,76,completed,36
3380,Rigid,670191,670191,670215,0,24,24,completed,36
3381,Rigid,670367,670369,670408,2,39,41,completed,36
3382,Rigid,670373,670374,679446,1,9072,9073,completed,144
3383,Rigid,670436,670437,670483,1,46,47,completed,144
3384,Rigid,670447,670448,670552,1,104,105,completed,36
3385,Rigid,670516,670517,672726,1,2209,2210,completed,36
3386,Rigid,670574,670574,670637,0,63,63,completed,36
3387,Rigid,670693,670694,670756,1,62,63,completed,36
3388,Rigid,670693,670694,670739,1,45,46,completed,144
3389,Rigid,670708,670709,670800,1,91,92,completed,36
3390,Rigid,670793,670793,670835,0,42,42,completed,36
3391,Rigid,670877,670878,670941,1,63,64,completed,36
3392,Rigid,670917,670918,670921,1,3,4,completed,36
3393,Rigid,670938,670939,671050,1,111,112,completed,36
3394,Rigid,670951,670952,670972,1,20,21,completed,36
3395,Rigid,671057,671058,671103,1,45,46,completed,144
3396,Rigid,671109,671110,671199,1,89,90,completed,36
3397,Rigid,671140,671141,671181,1,40,41,completed,36
3398,Rigid,671178,671179,671199,1,20,21,completed,36
3399,Rigid,671179,671179,671399,0,220,220,completed,1
3400,Rigid,671198,671198,671360,0,162,162,completed,36
3401,Rigid,671223,671223,671313,0,90,90,completed,36
3402,Rigid,671431,671432,793277,1,121845,121846,completed,1
3403,Rigid,671461,671461,671566,0,105,105,completed,36
3404,Rigid,671482,671482,688885,0,17403,17403,completed,36
3405,Rigid,671640,671640,671660,0,20,20,completed,36
3406,Rigid,671646,671646,674977,0,3331,3331,completed,144
3407,Rigid,671749,671750,671824,1,74,75,completed,36
3408,Rigid,671800,671810,671828,10,18,28,completed,36
3409,Rigid,671829,671829,671861,0,32,32,completed,36
3410,Rigid,672072,672072,672147,0,75,75,completed,36
3411,Rigid,672309,672309,672580,0,271,271,completed,36
3412,Rigid,672555,672584,672765,29,181,210,completed,36
3413,Rigid,672915,672915,672924,0,9,9,completed,36
3414,Rigid,672990,672991,673458,1,467,468,completed,36
3415,Rigid,673045,673046,673049,1,3,4,completed,36
3416,Rigid,673170,673170,683792,0,10622,10622,completed,144
3417,Rigid,673177,673178,673181,1,3,4,completed,36
3418,Rigid,673249,673250,673420,1,170,171,completed,36
3419,Rigid,673301,673302,673529,1,227,228,completed,36
3420,Rigid,673424,673424,673427,0,3,3,completed,36
3421,Rigid,673557,673558,673643,1,85,86,completed,36
3422,Rigid,673569,673570,673573,1,3,4,completed,36
3423,Rigid,673609,673609,673780,0,171,171,completed,36
3424,Rigid,673759,673760,673763,1,3,4,completed,36
3425,Rigid,673863,673863,718284,0,44421,44421,completed,1
3426,Rigid,673897,673898,673926,1,28,29,completed,36
3427,Rigid,673985,673985,673989,0,4,4,completed,36
3428,Rigid,674028,674028,674031,0,3,3,completed,36
3429,Rigid,674224,674225,674229,1,4,5,completed,36
3430,Rigid,674233,674233,708825,0,34592,34592,completed,36
3431,Rigid,674259,674259,674262,0,3,3,completed,36
3432,Rigid,674374,674375,674684,1,309,310,completed,1
3433,Rigid,674473,674473,674476,0,3,3,completed,36
3434,Rigid,674561,674561,674564,0,3,3,completed,36
3435,Rigid,674639,674639,1016522,0,341883,341883,completed,36
3436,Rigid,674700,674700,1016582,0,341882,341882,completed,36
3437,Rigid,674779,674780,674783,1,3,4,completed,36
3438,Rigid,674848,674849,674852,1,3,4,completed,36
3439,Rigid,675028,675028,675031,0,3,3,completed,36
3440,Rigid,675066,675066,675912,0,846,846,completed,36
3441,Rigid,675066,675066,675750,0,684,684,completed,36
3442,Rigid,675066,675070,693217,4,18147,18151,completed,36
3443,Rigid,675066,675070,692272,4,17202,17206,completed,36
3444,Rigid,675067,675070,687983,3,12913,12916,completed,36
3445,Rigid,675067,675070,687302,3,12232,12235,completed,36
3446,Rigid,675067,675070,686778,3,11708,11711,completed,36
3447,Rigid,675068,675070,684986,2,9916,9918,completed,36
3448,Rigid,675068,675070,685053,2,9983,9985,completed,36
3449,Rigid,675068,675070,684979,2,9909,9911,completed,36
3450,Rigid,675068,675070,684682,2,9612,9614,completed,36
3451,Rigid,675068,675070,684031,2,8961,8963,completed,36
3452,Rigid,675069,675070,683865,1,8795,8796,completed,36
3453,Rigid,675139,675139,675143,0,4,4,completed,36
3454,Rigid,675383,675384,675387,1,3,4,completed,36
3455,Rigid,675439,675440,675443,1,3,4,completed,36
3456,Rigid,675484,675485,675504,1,19,20,completed,36
3457,Rigid,675591,675594,675612,3,18,21,completed,36
3458,Rigid,675601,675601,675733,0,132,132,completed,36
3459,Rigid,675763,675764,675813,1,49,50,completed,36
3460,Rigid,675796,675796,675854,0,58,58,completed,36
3461,Rigid,675907,675907,675947,0,40,40,completed,36
3462,Rigid,675915,675916,679119,1,3203,3204,completed,1
3463,Rigid,675929,675929,675977,0,48,48,completed,36
3464,Rigid,675969,675970,675991,1,21,22,completed,36
3465,Rigid,676014,676015,676245,1,230,231,completed,36
3466,Rigid,676042,676042,676073,0,31,31,completed,36
3467,Rigid,676266,676266,676330,0,64,64,completed,36
3468,Rigid,676276,676276,676289,0,13,13,completed,36
3469,Rigid,676290,676291,676321,1,30,31,completed,36
3470,Rigid,676353,676353,676383,0,30,30,completed,36
3471,Rigid,676373,676374,676440,1,66,67,completed,36
3472,Rigid,676382,676382,676408,0,26,26,completed,36
3473,Rigid,676477,676477,676507,0,30,30,completed,36
3474,Rigid,676665,676666,676696,1,30,31,completed,36
3475,Rigid,676804,676804,676835,0,31,31,completed,36
3476,Rigid,677315,677316,677319,1,3,4,completed,36
3477,Rigid,677342,677343,677359,1,16,17,completed,36
3478,Rigid,677356,677357,677405,1,48,49,completed,36
3479,Rigid,677356,677357,677371,1,14,15,completed,36
3480,Rigid,677629,677630,677633,1,3,4,completed,36
3481,Rigid,677727,677728,677732,1,4,5,completed,36
3482,Rigid,677926,677926,678697,0,771,771,completed,36
3483,Rigid,677927,677930,678703,3,773,776,completed,36
3484,Rigid,677928,677930,678703,2,773,775,completed,36
3485,Rigid,677929,677930,678699,1,769,770,completed,36
3486,Rigid,677930,677930,678704,0,774,774,completed,36
3487,Rigid,677930,677930,678701,0,771,771,completed,36
3488,Rigid,677930,677930,678702,0,772,772,completed,36
3489,Rigid,677931,677934,678710,3,776,779,completed,36
3490,Rigid,677931,677934,678704,3,770,773,completed,36
3491,Rigid,677931,677934,678703,3,769,772,completed,36
3492,Rigid,677932,677934,678705,2,771,773,completed,36
3493,Rigid,677932,677934,678707,2,773,775,completed,36
3494,Rigid,677933,677934,678704,1,770,771,completed,36
3495,Rigid,677933,677934,678707,1,773,774,completed,36
3496,Rigid,677933,677934,678705,1,771,772,completed,36
3497,Rigid,677934,677934,678705,0,771,771,completed,36
3498,Rigid,677938,677938,677967,0,29,29,completed,144
3499,Rigid,678052,678054,678082,2,28,30,completed,144
3500,Rigid,678103,678103,678133,0,30,30,completed,36
3501,Rigid,678142,678142,678204,0,62,62,completed,144
3502,Rigid,678161,678161,678206,0,45,45,completed,1
3503,Rigid,678169,678170,678183,1,13,14,completed,36
3504,Rigid,678289,678290,678354,1,64,65,completed,144
3505,Rigid,678374,678374,678657,0,283,283,completed,36
3506,Rigid,678393,678394,678660,1,266,267,completed,36
3507,Rigid,678410,678410,678473,0,63,63,completed,144
3508,Rigid,678411,678414,678688,3,274,277,completed,36
3509,Rigid,678432,678432,678692,0,260,260,completed,36
3510,Rigid,678453,678454,678740,1,286,287,completed,36
3511,Rigid,678474,678474,678742,0,268,268,completed,36
3512,Rigid,678495,678495,678744,0,249,249,completed,36
3513,Rigid,678515,678515,678760,0,245,245,completed,36
3514,Rigid,678536,678536,678792,0,256,256,completed,36
3515,Rigid,678558,678558,678835,0,277,277,completed,36
3516,Rigid,678578,678578,678838,0,260,260,completed,36
3517,Rigid,678596,678596,1024198,0,345602,345602,completed,36
3518,Rigid,678600,678600,678882,0,282,282,completed,36
3519,Rigid,678614,678614,678668,0,54,54,completed,1
3520,Rigid,678622,678622,678882,0,260,260,completed,36
3521,Rigid,678643,678643,678930,0,287,287,completed,36
3522,Rigid,678665,678666,678949,1,283,284,completed,36
3523,Rigid,678676,678676,678689,0,13,13,completed,36
3524,Rigid,678686,678686,678964,0,278,278,completed,36
3525,Rigid,678694,678694,678759,0,65,65,completed,144
3526,Rigid,678707,678708,678994,1,286,287,completed,36
3527,Rigid,678732,678733,679054,1,321,322,completed,36
3528,Rigid,678755,678756,679052,1,296,297,completed,36
3529,Rigid,678775,678776,678828,1,52,53,completed,36
3530,Rigid,678776,678780,679109,4,329,333,completed,36
3531,Rigid,678798,678799,679106,1,307,308,completed,36
3532,Rigid,678821,678821,679124,0,303,303,completed,36
3533,Rigid,678843,678843,679171,0,328,328,completed,36
3534,Rigid,678849,678849,678875,0,26,26,completed,1
3535,Rigid,678865,678865,679184,0,319,319,completed,36
3536,Rigid,678885,678886,679219,1,333,334,completed,36
3537,Rigid,678893,678894,678945,1,51,52,completed,36
3538,Rigid,678906,678907,679244,1,337,338,completed,36
3539,Rigid,678907,678907,813386,0,134479,134479,completed,1152
3540,Rigid,678937,678938,679285,1,347,348,completed,36
3541,Rigid,678952,813388,951264,134436,137876,272312,completed,1152
3542,Rigid,678957,678958,679278,1,320,321,completed,36
3543,Rigid,678968,678968,679570,0,602,602,completed,36
3544,Rigid,678979,678979,679326,0,347,347,completed,36
3545,Rigid,679000,679000,679359,0,359,359,completed,36
3546,Rigid,679008,679008,679060,0,52,52,completed,36
3547,Rigid,679020,679020,679373,0,353,353,completed,36
3548,Rigid,679041,679041,679398,0,357,357,completed,36
3549,Rigid,679042,679045,679205,3,160,163,completed,1
3550,Rigid,679064,679064,679438,0,374,374,completed,36
3551,Rigid,679086,679086,679465,0,379,379,completed,36
3552,Rigid,679108,679108,679473,0,365,365,completed,36
3553,Rigid,679131,679134,679523,3,389,392,completed,36
3554,Rigid,679150,679155,679205,5,50,55,completed,36
3555,Rigid,679155,679155,679222,0,67,67,completed,36
3556,Rigid,679155,679159,679543,4,384,388,completed,36
3557,Rigid,679177,679178,679535,1,357,358,completed,36
3558,Rigid,679200,679201,679597,1,396,397,completed,36
3559,Rigid,679204,679205,679348,1,143,144,completed,36
3560,Rigid,679223,679224,679635,1,411,412,completed,36
3561,Rigid,679363,679364,679457,1,93,94,completed,36
3562,Rigid,679398,679399,679412,1,13,14,completed,36
3563,Rigid,679547,679547,679584,0,37,37,completed,36
3564,Rigid,679602,679603,679617,1,14,15,completed,36
3565,Rigid,679774,679775,679919,1,144,145,completed,36
3566,Rigid,679887,679888,679910,1,22,23,completed,1
3567,Rigid,679950,679950,680228,0,278,278,completed,36
3568,Rigid,680027,680027,680050,0,23,23,completed,36
3569,Rigid,680120,680121,680460,1,339,340,completed,36
3570,Rigid,680120,680121,680139,1,18,19,completed,36
3571,Rigid,680264,680265,680268,1,3,4,completed,36
3572,Rigid,680273,680274,680293,1,19,20,completed,36
3573,Rigid,680347,680347,680583,0,236,236,completed,72
3574,Rigid,680490,680492,709934,2,29442,29444,completed,72
3575,Rigid,680643,680643,693693,0,13050,13050,completed,72
3576,Rigid,680965,680965,681346,0,381,381,completed,36
3577,Rigid,681057,681057,681427,0,370,370,completed,36
3578,Rigid,681067,681068,681071,1,3,4,completed,36
3579,Rigid,681373,681374,681516,1,142,143,completed,36
3580,Rigid,681396,681397,681657,1,260,261,completed,1
3581,Rigid,681612,681613,681616,1,3,4,completed,36
3582,Rigid,681676,681678,681708,2,30,32,completed,1
3583,Rigid,681816,681816,681859,0,43,43,completed,1
3584,Rigid,681862,681862,681905,0,43,43,completed,36
3585,Rigid,681935,681935,682408,0,473,473,completed,36
3586,Rigid,681990,681991,682159,1,168,169,completed,36
3587,Rigid,682089,682090,682093,1,3,4,completed,36
3588,Rigid,682118,682118,689856,0,7738,7738,completed,12
3589,Rigid,682119,682120,854945,1,172825,172826,completed,12
3590,Rigid,682120,682120,854945,0,172825,172825,completed,12
3591,Rigid,682121,682122,854945,1,172823,172824,completed,12
3592,Rigid,682122,682122,842360,0,160238,160238,completed,12
3593,Rigid,682123,682125,835151,2,153026,153028,completed,12
3594,Rigid,682124,682125,854945,1,172820,172821,completed,12
3595,Rigid,682125,682125,708083,0,25958,25958,completed,12
3596,Rigid,682126,682126,854945,0,172819,172819,completed,12
3597,Rigid,682127,682128,854945,1,172817,172818,completed,12
3598,Rigid,682127,682128,854945,1,172817,172818,completed,12
3599,Rigid,682129,682130,854945,1,172815,172816,completed,12
3600,Rigid,682130,682130,854945,0,172815,172815,completed,12
3601,Rigid,682131,682134,854945,3,172811,172814,completed,12
3602,Rigid,682132,682134,854945,2,172811,172813,completed,12
3603,Rigid,682133,682134,854945,1,172811,172812,completed,12
3604,Rigid,682133,682134,854945,1,172811,172812,completed,12
3605,Rigid,682134,682134,854945,0,172811,172811,completed,12
3606,Rigid,682135,682138,854945,3,172807,172810,completed,12
3607,Rigid,682136,682138,854945,2,172807,172809,completed,12
3608,Rigid,682137,682138,854945,1,172807,172808,completed,12
3609,Rigid,682138,682138,854945,0,172807,172807,completed,12
3610,Rigid,682139,682142,854945,3,172803,172806,completed,12
3611,Rigid,682139,682142,854945,3,172803,172806,completed,12
3612,Rigid,682140,682142,854945,2,172803,172805,completed,12
3613,Rigid,682141,682142,854945,1,172803,172804,completed,12
3614,Rigid,682143,682143,854945,0,172802,172802,completed,12
3615,Rigid,682144,682146,854975,2,172829,172831,completed,12
3616,Rigid,682144,682146,854975,2,172829,172831,completed,12
3617,Rigid,682146,682146,854975,0,172829,172829,completed,12
3618,Rigid,682147,682155,854975,8,172820,172828,completed,12
3619,Rigid,682148,682155,854975,7,172820,172827,completed,12
3620,Rigid,682149,682155,854975,6,172820,172826,completed,12
3621,Rigid,682150,682155,854975,5,172820,172825,completed,12
3622,Rigid,682155,682155,682158,0,3,3,completed,36
3623,Rigid,682155,682159,854975,4,172816,172820,completed,12
3624,Rigid,682156,682159,854975,3,172816,172819,completed,12
3625,Rigid,682157,682159,854975,2,172816,172818,completed,12
3626,Rigid,682162,682163,854975,1,172812,172813,completed,12
3627,Rigid,682165,682167,854975,2,172808,172810,completed,12
3628,Rigid,682166,682167,854975,1,172808,172809,completed,12
3629,Rigid,682167,682167,854975,0,172808,172808,completed,12
3630,Rigid,682167,682171,854975,4,172804,172808,completed,12
3631,Rigid,682168,682171,854975,3,172804,172807,completed,12
3632,Rigid,682169,682171,854975,2,172804,172806,completed,12
3633,Rigid,682170,682171,854975,1,172804,172805,completed,12
3634,Rigid,682171,682173,854975,2,172802,172804,completed,12
3635,Rigid,682172,682173,854975,1,172802,172803,completed,12
3636,Rigid,682173,682173,854975,0,172802,172802,completed,12
3637,Rigid,682174,682175,854975,1,172800,172801,completed,12
3638,Rigid,682175,682179,855005,4,172826,172830,completed,12
3639,Rigid,682176,682179,855005,3,172826,172829,completed,12
3640,Rigid,682177,682179,855005,2,172826,172828,completed,12
3641,Rigid,682178,682179,855005,1,172826,172827,completed,12
3642,Rigid,682179,682179,855005,0,172826,172826,completed,12
3643,Rigid,682180,682183,855005,3,172822,172825,completed,12
3644,Rigid,682181,682183,855005,2,172822,172824,completed,12
3645,Rigid,682182,682183,855005,1,172822,172823,completed,12
3646,Rigid,682183,682187,855005,4,172818,172822,completed,12
3647,Rigid,682184,682187,855005,3,172818,172821,completed,12
3648,Rigid,682185,682187,855005,2,172818,172820,completed,12
3649,Rigid,682186,682187,855005,1,172818,172819,completed,12
3650,Rigid,682187,682190,855005,3,172815,172818,completed,12
3651,Rigid,682188,682190,855005,2,172815,172817,completed,12
3652,Rigid,682189,682190,855005,1,172815,172816,completed,12
3653,Rigid,682190,682194,855005,4,172811,172815,completed,12
3654,Rigid,682192,682194,855005,2,172811,172813,completed,12
3655,Rigid,682193,682194,855005,1,172811,172812,completed,12
3656,Rigid,682194,682227,855035,33,172808,172841,completed,12
3657,Rigid,682195,683867,856686,1672,172819,174491,completed,12
3658,Rigid,682196,683867,856686,1671,172819,174490,completed,12
3659,Rigid,682197,683867,856686,1670,172819,174489,completed,12
3660,Rigid,682198,684033,856836,1835,172803,174638,completed,12
3661,Rigid,682199,684033,856836,1834,172803,174637,completed,12
3662,Rigid,682200,684034,856836,1834,172802,174636,completed,12
3663,Rigid,682201,684683,857496,2482,172813,175295,completed,12
3664,Rigid,682202,684683,857496,2481,172813,175294,completed,12
3665,Rigid,682203,684683,857496,2480,172813,175293,completed,12
3666,Rigid,682204,684981,857796,2777,172815,175592,completed,12
3667,Rigid,682205,684981,857796,2776,172815,175591,completed,12
3668,Rigid,682206,684981,857796,2775,172815,175590,completed,12
3669,Rigid,682207,684987,857796,2780,172809,175589,completed,12
3670,Rigid,682209,684987,857796,2778,172809,175587,completed,12
3671,Rigid,682210,684987,857796,2777,172809,175586,completed,12
3672,Rigid,682211,685054,857856,2843,172802,175645,completed,12
3673,Rigid,682405,682406,682464,1,58,59,completed,1
3674,Rigid,682412,682413,682502,1,89,90,completed,144
3675,Rigid,682469,682469,682750,0,281,281,completed,36
3676,Rigid,682762,682762,684357,0,1595,1595,completed,36
3677,Rigid,682907,682908,682996,1,88,89,completed,144
3678,Rigid,683023,683024,683075,1,51,52,completed,1
3679,Rigid,683211,683214,683276,3,62,65,completed,1
3680,Rigid,683252,683253,683478,1,225,226,completed,36
3681,Rigid,683387,683387,683452,0,65,65,completed,1
3682,Rigid,683457,683457,686965,0,3508,3508,completed,144
3683,Rigid,683528,683528,683585,0,57,57,completed,1
3684,Rigid,683682,683682,683737,0,55,55,completed,1
3685,Rigid,683791,683792,686331,1,2539,2540,completed,144
3686,Rigid,683797,683798,683853,1,55,56,completed,1
3687,Rigid,684103,684104,684302,1,198,199,completed,36
3688,Rigid,684107,684108,684111,1,3,4,completed,36
3689,Rigid,684355,684356,684688,1,332,333,completed,36
3690,Rigid,684495,684495,684555,0,60,60,completed,1
3691,Rigid,684845,684845,685048,0,203,203,completed,72
3692,Rigid,685060,685061,686309,1,1248,1249,completed,1
3693,Rigid,685060,685061,686473,1,1412,1413,completed,1
3694,Rigid,685060,685061,687797,1,2736,2737,completed,1
3695,Rigid,685060,685061,686244,1,1183,1184,completed,1
3696,Rigid,685060,685061,686475,1,1414,1415,completed,1
3697,Rigid,685060,685061,687797,1,2736,2737,completed,1
3698,Rigid,685060,685061,686440,1,1379,1380,completed,1
3699,Rigid,685060,685061,686598,1,1537,1538,completed,1
3700,Rigid,685060,685061,687797,1,2736,2737,completed,1
3701,Rigid,685060,685061,686442,1,1381,1382,completed,1
3702,Rigid,685060,685061,686564,1,1503,1504,completed,1
3703,Rigid,685060,685061,687797,1,2736,2737,completed,1
3704,Rigid,685060,685061,686434,1,1373,1374,completed,1
3705,Rigid,685060,685061,686601,1,1540,1541,completed,1
3706,Rigid,685060,685061,687797,1,2736,2737,completed,1
3707,Rigid,685060,685061,686264,1,1203,1204,completed,1
3708,Rigid,685060,685061,686363,1,1302,1303,completed,1
3709,Rigid,685060,685061,687797,1,2736,2737,completed,1
3710,Rigid,685060,685062,686278,2,1216,1218,completed,1
3711,Rigid,685060,685062,686287,2,1225,1227,completed,1
3712,Rigid,685060,685062,687797,2,2735,2737,completed,1
3713,Rigid,685060,685062,686211,2,1149,1151,completed,1
3714,Rigid,685060,685062,686333,2,1271,1273,completed,1
3715,Rigid,685060,685062,687797,2,2735,2737,completed,1
3716,Rigid,685060,685062,686220,2,1158,1160,completed,1
3717,Rigid,685060,685062,686338,2,1276,1278,completed,1
3718,Rigid,685060,685062,687797,2,2735,2737,completed,1
3719,Rigid,685060,685062,686265,2,1203,1205,completed,1
3720,Rigid,685060,685062,686371,2,1309,1311,completed,1
3721,Rigid,685060,685062,687797,2,2735,2737,completed,1
3722,Rigid,685060,685062,686223,2,1161,1163,completed,1
3723,Rigid,685060,685062,686330,2,1268,1270,completed,1
3724,Rigid,685060,685062,687797,2,2735,2737,completed,1
3725,Rigid,685060,685062,686409,2,1347,1349,completed,1
3726,Rigid,685060,685062,686423,2,1361,1363,completed,1
3727,Rigid,685060,685062,687797,2,2735,2737,completed,1
3728,Rigid,685060,685062,686238,2,1176,1178,completed,1
3729,Rigid,685060,685062,686356,2,1294,1296,completed,1
3730,Rigid,685060,685062,687797,2,2735,2737,completed,1
3731,Rigid,685060,685062,686259,2,1197,1199,completed,1
3732,Rigid,685060,685062,686375,2,1313,1315,completed,1
3733,Rigid,685060,685062,687797,2,2735,2737,completed,1
3734,Rigid,685060,685070,686227,10,1157,1167,completed,1
3735,Rigid,685060,685070,686371,10,1301,1311,completed,1
3736,Rigid,685060,685070,687797,10,2727,2737,completed,1
3737,Rigid,685060,685070,686364,10,1294,1304,completed,1
3738,Rigid,685060,685070,686378,10,1308,1318,completed,1
3739,Rigid,685060,685070,687797,10,2727,2737,completed,1
3740,Rigid,685060,685070,686162,10,1092,1102,completed,1
3741,Rigid,685060,685070,686413,10,1343,1353,completed,1
3742,Rigid,685060,685070,687797,10,2727,2737,completed,1
3743,Rigid,685060,685070,686358,10,1288,1298,completed,1
3744,Rigid,685060,685070,686499,10,1429,1439,completed,1
3745,Rigid,685060,685070,687797,10,2727,2737,completed,1
3746,Rigid,685060,685070,686408,10,1338,1348,completed,1
3747,Rigid,685060,685070,686583,10,1513,1523,completed,1
3748,Rigid,685060,685070,687797,10,2727,2737,completed,1
3749,Rigid,685060,685070,686435,10,1365,1375,completed,1
3750,Rigid,685060,685070,686504,10,1434,1444,completed,1
3751,Rigid,685060,685070,687797,10,2727,2737,completed,1
3752,Rigid,685060,685070,686390,10,1320,1330,completed,1
3753,Rigid,685060,685070,686647,10,1577,1587,completed,1
3754,Rigid,685060,685070,687797,10,2727,2737,completed,1
3755,Rigid,685060,685070,686279,10,1209,1219,completed,1
3756,Rigid,685060,685070,686338,10,1268,1278,completed,1
3757,Rigid,685060,685070,687797,10,2727,2737,completed,1
3758,Rigid,685060,685070,686225,10,1155,1165,completed,1
3759,Rigid,685060,685070,686380,10,1310,1320,completed,1
3760,Rigid,685060,685070,687797,10,2727,2737,completed,1
3761,Rigid,685060,685070,686226,10,1156,1166,completed,1
3762,Rigid,685060,685070,686400,10,1330,1340,completed,1
3763,Rigid,685060,685070,687797,10,2727,2737,completed,1
3764,Rigid,685060,685070,686227,10,1157,1167,completed,1
3765,Rigid,685060,685070,686446,10,1376,1386,completed,1
3766,Rigid,685060,685070,687797,10,2727,2737,completed,1
3767,Rigid,685060,685070,686326,10,1256,1266,completed,1
3768,Rigid,685060,685070,686355,10,1285,1295,completed,1
3769,Rigid,685060,685070,687797,10,2727,2737,completed,1
3770,Rigid,685060,685070,686221,10,1151,1161,completed,1
3771,Rigid,685060,685070,686408,10,1338,1348,completed,1
3772,Rigid,685060,685070,687797,10,2727,2737,completed,1
3773,Rigid,685060,685070,686274,10,1204,1214,completed,1
3774,Rigid,685060,685070,686350,10,1280,1290,completed,1
3775,Rigid,685060,685070,687797,10,2727,2737,completed,1
3776,Rigid,685060,685070,686218,10,1148,1158,completed,1
3777,Rigid,685060,685070,686366,10,1296,1306,completed,1
3778,Rigid,685060,685070,687797,10,2727,2737,completed,1
3779,Rigid,685060,685070,686217,10,1147,1157,completed,1
3780,Rigid,685060,685070,686332,10,1262,1272,completed,1
3781,Rigid,685060,685070,687797,10,2727,2737,completed,1
3782,Rigid,685060,685070,686163,10,1093,1103,completed,1
3783,Rigid,685060,685070,686326,10,1256,1266,completed,1
3784,Rigid,685060,685070,687797,10,2727,2737,completed,1
3785,Rigid,685060,685070,686228,10,1158,1168,completed,1
3786,Rigid,685060,685070,686358,10,1288,1298,completed,1
3787,Rigid,685060,685070,687797,10,2727,2737,completed,1
3788,Rigid,685060,685070,686214,10,1144,1154,completed,1
3789,Rigid,685060,685070,686435,10,1365,1375,completed,1
3790,Rigid,685060,685070,687797,10,2727,2737,completed,1
3791,Rigid,685060,685070,686261,10,1191,1201,completed,1
3792,Rigid,685060,685070,686364,10,1294,1304,completed,1
3793,Rigid,685060,685070,687797,10,2727,2737,completed,1
3794,Rigid,685060,685070,686230,10,1160,1170,completed,1
3795,Rigid,685060,685070,686337,10,1267,1277,completed,1
3796,Rigid,685060,685070,687797,10,2727,2737,completed,1
3797,Rigid,685060,685070,686231,10,1161,1171,completed,1
3798,Rigid,685060,685070,686389,10,1319,1329,completed,1
3799,Rigid,685060,685070,687797,10,2727,2737,completed,1
3800,Rigid,685060,685070,686235,10,1165,1175,completed,1
3801,Rigid,685060,685070,686364,10,1294,1304,completed,1
3802,Rigid,685060,685070,687797,10,2727,2737,completed,1
3803,Rigid,685060,685070,686220,10,1150,1160,completed,1
3804,Rigid,685060,685070,686367,10,1297,1307,completed,1
3805,Rigid,685060,685070,687797,10,2727,2737,completed,1
3806,Rigid,685060,685070,686274,10,1204,1214,completed,1
3807,Rigid,685060,685071,686414,11,1343,1354,completed,1
3808,Rigid,685060,685071,687797,11,2726,2737,completed,1
3809,Rigid,685060,685071,686260,11,1189,1200,completed,1
3810,Rigid,685060,685071,686370,11,1299,1310,completed,1
3811,Rigid,685060,685071,687797,11,2726,2737,completed,1
3812,Rigid,685060,685071,686246,11,1175,1186,completed,1
3813,Rigid,685060,685071,686485,11,1414,1425,completed,1
3814,Rigid,685060,685071,687797,11,2726,2737,completed,1
3815,Rigid,685060,685071,686258,11,1187,1198,completed,1
3816,Rigid,685060,685071,686343,11,1272,1283,completed,1
3817,Rigid,685060,685071,687797,11,2726,2737,completed,1
3818,Rigid,685060,685071,686227,11,1156,1167,completed,1
3819,Rigid,685060,685071,686356,11,1285,1296,completed,1
3820,Rigid,685060,685071,687797,11,2726,2737,completed,1
3821,Rigid,685060,685071,686257,11,1186,1197,completed,1
3822,Rigid,685060,685071,686387,11,1316,1327,completed,1
3823,Rigid,685060,685071,687797,11,2726,2737,completed,1
3824,Rigid,685060,685071,686278,11,1207,1218,completed,1
3825,Rigid,685060,685071,686341,11,1270,1281,completed,1
3826,Rigid,685060,685071,687797,11,2726,2737,completed,1
3827,Rigid,685060,685071,686263,11,1192,1203,completed,1
3828,Rigid,685060,685071,686343,11,1272,1283,completed,1
3829,Rigid,685060,685071,687797,11,2726,2737,completed,1
3830,Rigid,685060,685071,686216,11,1145,1156,completed,1
3831,Rigid,685060,685071,686373,11,1302,1313,completed,1
3832,Rigid,685060,685071,687797,11,2726,2737,completed,1
3833,Rigid,685060,685071,686249,11,1178,1189,completed,1
3834,Rigid,685060,685071,686335,11,1264,1275,completed,1
3835,Rigid,685060,685071,687797,11,2726,2737,completed,1
3836,Rigid,685060,685071,686212,11,1141,1152,completed,1
3837,Rigid,685060,685071,686350,11,1279,1290,completed,1
3838,Rigid,685060,685071,687797,11,2726,2737,completed,1
3839,Rigid,685060,685071,686283,11,1212,1223,completed,1
3840,Rigid,685060,685071,686348,11,1277,1288,completed,1
3841,Rigid,685060,685071,687797,11,2726,2737,completed,1
3842,Rigid,685060,685071,685980,11,909,920,completed,1
3843,Rigid,685060,685071,686126,11,1055,1066,completed,1
3844,Rigid,685060,685071,686969,11,1898,1909,completed,1
3845,Rigid,685060,685071,685993,11,922,933,completed,1
3846,Rigid,685060,685071,686081,11,1010,1021,completed,1
3847,Rigid,685060,685071,686694,11,1623,1634,completed,1
3848,Rigid,685060,685071,685953,11,882,893,completed,1
3849,Rigid,685060,685071,686116,11,1045,1056,completed,1
3850,Rigid,685060,685071,686696,11,1625,1636,completed,1
3851,Rigid,685060,685071,685961,11,890,901,completed,1
3852,Rigid,685060,685071,686064,11,993,1004,completed,1
3853,Rigid,685060,685071,686701,11,1630,1641,completed,1
3854,Rigid,685060,685071,685962,11,891,902,completed,1
3855,Rigid,685060,685071,686074,11,1003,1014,completed,1
3856,Rigid,685060,685071,686794,11,1723,1734,completed,1
3857,Rigid,685060,685071,686003,11,932,943,completed,1
3858,Rigid,685060,685071,686075,11,1004,1015,completed,1
3859,Rigid,685060,685071,686744,11,1673,1684,completed,1
3860,Rigid,685060,685071,685990,11,919,930,completed,1
3861,Rigid,685060,685071,686165,11,1094,1105,completed,1
3862,Rigid,685060,685071,687076,11,2005,2016,completed,1
3863,Rigid,685060,685071,686259,11,1188,1199,completed,1
3864,Rigid,685060,685071,686408,11,1337,1348,completed,1
3865,Rigid,685060,685071,687040,11,1969,1980,completed,1
3866,Rigid,685060,685071,686183,11,1112,1123,completed,1
3867,Rigid,685060,685071,686301,11,1230,1241,completed,1
3868,Rigid,685060,685071,686967,11,1896,1907,completed,1
3869,Rigid,685060,685071,686175,11,1104,1115,completed,1
3870,Rigid,685060,685071,686336,11,1265,1276,completed,1
3871,Rigid,685060,685071,686936,11,1865,1876,completed,1
3872,Rigid,685060,685071,685977,11,906,917,completed,1
3873,Rigid,685060,685071,686068,11,997,1008,completed,1
3874,Rigid,685060,685071,686706,11,1635,1646,completed,1
3875,Rigid,685060,685071,685957,11,886,897,completed,1
3876,Rigid,685060,685071,686121,11,1050,1061,completed,1
3877,Rigid,685060,685071,686682,11,1611,1622,completed,1
3878,Rigid,685060,685071,685971,11,900,911,completed,1
3879,Rigid,685060,685071,686061,11,990,1001,completed,1
3880,Rigid,685060,685071,686648,11,1577,1588,completed,1
3881,Rigid,685060,685071,685980,11,909,920,completed,1
3882,Rigid,685060,685071,686061,11,990,1001,completed,1
3883,Rigid,685060,685071,686819,11,1748,1759,completed,1
3884,Rigid,685060,685086,686028,26,942,968,completed,1
3885,Rigid,685060,685086,686088,26,1002,1028,completed,1
3886,Rigid,685060,685086,686699,26,1613,1639,completed,1
3887,Rigid,685060,685086,685956,26,870,896,completed,1
3888,Rigid,685060,685086,686116,26,1030,1056,completed,1
3889,Rigid,685060,685086,686739,26,1653,1679,completed,1
3890,Rigid,685060,685086,686052,26,966,992,completed,1
3891,Rigid,685060,685086,686157,26,1071,1097,completed,1
3892,Rigid,685060,685086,686700,26,1614,1640,completed,1
3893,Rigid,685060,685086,686012,26,926,952,completed,1
3894,Rigid,685060,685086,686154,26,1068,1094,completed,1
3895,Rigid,685060,685086,686729,26,1643,1669,completed,1
3896,Rigid,685060,685086,686061,26,975,1001,completed,1
3897,Rigid,685060,685086,686177,26,1091,1117,completed,1
3898,Rigid,685060,685087,686766,27,1679,1706,completed,1
3899,Rigid,685060,685087,686144,27,1057,1084,completed,1
3900,Rigid,685060,685087,686175,27,1088,1115,completed,1
3901,Rigid,685060,685087,686692,27,1605,1632,completed,1
3902,Rigid,685060,685087,685986,27,899,926,completed,1
3903,Rigid,685060,685087,686086,27,999,1026,completed,1
3904,Rigid,685060,685087,686758,27,1671,1698,completed,1
3905,Rigid,685060,685087,686011,27,924,951,completed,1
3906,Rigid,685060,685087,686091,27,1004,1031,completed,1
3907,Rigid,685060,685087,686743,27,1656,1683,completed,1
3908,Rigid,685060,685087,685975,27,888,915,completed,1
3909,Rigid,685060,685087,686091,27,1004,1031,completed,1
3910,Rigid,685060,685087,686746,27,1659,1686,completed,1
3911,Rigid,685060,685087,686027,27,940,967,completed,1
3912,Rigid,685060,685087,686132,27,1045,1072,completed,1
3913,Rigid,685060,685087,686826,27,1739,1766,completed,1
3914,Rigid,685060,685087,685986,27,899,926,completed,1
3915,Rigid,685060,685087,686124,27,1037,1064,completed,1
3916,Rigid,685060,685087,686795,27,1708,1735,completed,1
3917,Rigid,685060,685087,686059,27,972,999,completed,1
3918,Rigid,685060,685087,686150,27,1063,1090,completed,1
3919,Rigid,685060,685087,686723,27,1636,1663,completed,1
3920,Rigid,685060,685087,686024,27,937,964,completed,1
3921,Rigid,685060,685087,686127,27,1040,1067,completed,1
3922,Rigid,685060,685087,686753,27,1666,1693,completed,1
3923,Rigid,685060,685087,686058,27,971,998,completed,1
3924,Rigid,685060,685087,686162,27,1075,1102,completed,1
3925,Rigid,685060,685087,686700,27,1613,1640,completed,1
3926,Rigid,685060,685087,686030,27,943,970,completed,1
3927,Rigid,685060,685087,686134,27,1047,1074,completed,1
3928,Rigid,685060,685087,686741,27,1654,1681,completed,1
3929,Rigid,685060,685087,686051,27,964,991,completed,1
3930,Rigid,685060,685087,686165,27,1078,1105,completed,1
3931,Rigid,685060,685087,686774,27,1687,1714,completed,1
3932,Rigid,685060,685087,685990,27,903,930,completed,1
3933,Rigid,685060,685087,686158,27,1071,1098,completed,1
3934,Rigid,685060,685087,686799,27,1712,1739,completed,1
3935,Rigid,685060,685087,686111,27,1024,1051,completed,1
3936,Rigid,685060,685087,686148,27,1061,1088,completed,1
3937,Rigid,685060,685087,686735,27,1648,1675,completed,1
3938,Rigid,685060,685087,685975,27,888,915,completed,1
3939,Rigid,685060,685087,686081,27,994,1021,completed,1
3940,Rigid,685060,685087,686740,27,1653,1680,completed,1
3941,Rigid,685060,685087,686007,27,920,947,completed,1
3942,Rigid,685060,685087,686101,27,1014,1041,completed,1
3943,Rigid,685060,685087,686744,27,1657,1684,completed,1
3944,Rigid,685060,685087,685981,27,894,921,completed,1
3945,Rigid,685060,685087,686096,27,1009,1036,completed,1
3946,Rigid,685060,685087,686778,27,1691,1718,completed,1
3947,Rigid,685060,685087,686008,27,921,948,completed,1
3948,Rigid,685060,685087,686126,27,1039,1066,completed,1
3949,Rigid,685060,685087,686685,27,1598,1625,completed,1
3950,Rigid,685060,685087,686009,27,922,949,completed,1
3951,Rigid,685060,685087,686128,27,1041,1068,completed,1
3952,Rigid,685060,685087,686933,27,1846,1873,completed,1
3953,Rigid,685060,685087,686040,27,953,980,completed,1
3954,Rigid,685060,685087,686163,27,1076,1103,completed,1
3955,Rigid,685060,685087,686758,27,1671,1698,completed,1
3956,Rigid,685060,685087,686032,27,945,972,completed,1
3957,Rigid,685060,685087,686146,27,1059,1086,completed,1
3958,Rigid,685060,685088,686778,28,1690,1718,completed,1
3959,Rigid,685060,685088,686043,28,955,983,completed,1
3960,Rigid,685060,685088,686134,28,1046,1074,completed,1
3961,Rigid,685060,685088,686763,28,1675,1703,completed,1
3962,Rigid,685060,685088,685979,28,891,919,completed,1
3963,Rigid,685060,685088,686108,28,1020,1048,completed,1
3964,Rigid,685060,685088,686800,28,1712,1740,completed,1
3965,Rigid,685060,685088,686059,28,971,999,completed,1
3966,Rigid,685060,685088,686128,28,1040,1068,completed,1
3967,Rigid,685060,685088,686790,28,1702,1730,completed,1
3968,Rigid,685060,685088,685990,28,902,930,completed,1
3969,Rigid,685060,685088,686125,28,1037,1065,completed,1
3970,Rigid,685060,685088,686753,28,1665,1693,completed,1
3971,Rigid,685060,685088,686112,28,1024,1052,completed,1
3972,Rigid,685060,685088,686138,28,1050,1078,completed,1
3973,Rigid,685060,685088,686735,28,1647,1675,completed,1
3974,Rigid,685060,685088,685975,28,887,915,completed,1
3975,Rigid,685060,685088,686085,28,997,1025,completed,1
3976,Rigid,685060,685088,686765,28,1677,1705,completed,1
3977,Rigid,685060,685088,686004,28,916,944,completed,1
3978,Rigid,685060,685088,686097,28,1009,1037,completed,1
3979,Rigid,685060,685088,686718,28,1630,1658,completed,1
3980,Rigid,685060,685088,686019,28,931,959,completed,1
3981,Rigid,685060,685088,686129,28,1041,1069,completed,1
3982,Rigid,685060,685088,686766,28,1678,1706,completed,1
3983,Rigid,685060,685088,686056,28,968,996,completed,1
3984,Rigid,685060,685088,686186,28,1098,1126,completed,1
3985,Rigid,685060,685088,686681,28,1593,1621,completed,1
3986,Rigid,685060,685088,686024,28,936,964,completed,1
3987,Rigid,685060,685088,686118,28,1030,1058,completed,1
3988,Rigid,685060,685088,686833,28,1745,1773,completed,1
3989,Rigid,685060,685088,686183,28,1095,1123,completed,1
3990,Rigid,685060,685088,686328,28,1240,1268,completed,1
3991,Rigid,685060,685088,686991,28,1903,1931,completed,1
3992,Rigid,685060,685088,687797,28,2709,2737,completed,1
3993,Rigid,685060,685088,687797,28,2709,2737,completed,1
3994,Rigid,685060,685088,687797,28,2709,2737,completed,1
3995,Rigid,685060,685088,687797,28,2709,2737,completed,1
3996,Rigid,685060,685088,687797,28,2709,2737,completed,1
3997,Rigid,685060,685088,687797,28,2709,2737,completed,1
3998,Rigid,685060,685088,687797,28,2709,2737,completed,1
3999,Rigid,685060,685088,687797,28,2709,2737,completed,1
4000,Rigid,685060,685088,687797,28,2709,2737,completed,1
4001,Rigid,685060,685088,687797,28,2709,2737,completed,1
4002,Rigid,685060,685088,687797,28,2709,2737,completed,1
4003,Rigid,685060,685088,687797,28,2709,2737,completed,1
4004,Rigid,685060,685088,687797,28,2709,2737,completed,1
4005,Rigid,685060,685088,687797,28,2709,2737,completed,1
4006,Rigid,685060,685088,687797,28,2709,2737,completed,1
4007,Rigid,685060,685088,687797,28,2709,2737,completed,1
4008,Rigid,685060,685088,687797,28,2709,2737,completed,1
4009,Rigid,685060,685088,687797,28,2709,2737,completed,1
4010,Rigid,685060,685088,687797,28,2709,2737,completed,1
4011,Rigid,685060,685088,687797,28,2709,2737,completed,1
4012,Rigid,685060,685088,687797,28,2709,2737,completed,1
4013,Rigid,685060,685088,687797,28,2709,2737,completed,1
4014,Rigid,685060,685088,687797,28,2709,2737,completed,1
4015,Rigid,685060,685088,687797,28,2709,2737,completed,1
4016,Rigid,685060,685088,687797,28,2709,2737,completed,1
4017,Rigid,685060,685088,687797,28,2709,2737,completed,1
4018,Rigid,685060,685088,687797,28,2709,2737,completed,1
4019,Rigid,685060,685088,687797,28,2709,2737,completed,1
4020,Rigid,685060,685088,687797,28,2709,2737,completed,1
4021,Rigid,685060,685088,687797,28,2709,2737,completed,1
4022,Rigid,685060,685088,687797,28,2709,2737,completed,1
4023,Rigid,685060,685088,687797,28,2709,2737,completed,1
4024,Rigid,685060,685088,687797,28,2709,2737,completed,1
4025,Rigid,685060,685088,687797,28,2709,2737,completed,1
4026,Rigid,685060,685088,687797,28,2709,2737,completed,1
4027,Rigid,685060,685088,687797,28,2709,2737,completed,1
4028,Rigid,685060,685089,687797,29,2708,2737,completed,1
4029,Rigid,685060,685089,687797,29,2708,2737,completed,1
4030,Rigid,685060,685089,687797,29,2708,2737,completed,1
4031,Rigid,685060,685089,687797,29,2708,2737,completed,1
4032,Rigid,685060,685089,687797,29,2708,2737,completed,1
4033,Rigid,685060,685089,687797,29,2708,2737,completed,1
4034,Rigid,685060,685089,687797,29,2708,2737,completed,1
4035,Rigid,685060,685089,687797,29,2708,2737,completed,1
4036,Rigid,685060,685089,687797,29,2708,2737,completed,1
4037,Rigid,685060,685089,687797,29,2708,2737,completed,1
4038,Rigid,685060,685089,687797,29,2708,2737,completed,1
4039,Rigid,685060,685089,687797,29,2708,2737,completed,1
4040,Rigid,685060,685090,687797,30,2707,2737,completed,1
4041,Rigid,685060,685090,687797,30,2707,2737,completed,1
4042,Rigid,685060,685090,687797,30,2707,2737,completed,1
4043,Rigid,685060,685090,687797,30,2707,2737,completed,1
4044,Rigid,685060,685090,687797,30,2707,2737,completed,1
4045,Rigid,685060,685090,687797,30,2707,2737,completed,1
4046,Rigid,685060,685090,687797,30,2707,2737,completed,1
4047,Rigid,685060,685090,687797,30,2707,2737,completed,1
4048,Rigid,685060,685090,687797,30,2707,2737,completed,1
4049,Rigid,685060,685090,687797,30,2707,2737,completed,1
4050,Rigid,685060,685090,687797,30,2707,2737,completed,1
4051,Rigid,685060,685090,687797,30,2707,2737,completed,1
4052,Rigid,685060,685090,687797,30,2707,2737,completed,1
4053,Rigid,685060,685090,687797,30,2707,2737,completed,1
4054,Rigid,685060,685090,687797,30,2707,2737,completed,1
4055,Rigid,685060,685090,687797,30,2707,2737,completed,1
4056,Rigid,685060,685090,687797,30,2707,2737,completed,1
4057,Rigid,685060,685090,687797,30,2707,2737,completed,1
4058,Rigid,685060,685090,687797,30,2707,2737,completed,1
4059,Rigid,685060,685090,687797,30,2707,2737,completed,1
4060,Rigid,685060,685090,687797,30,2707,2737,completed,1
4061,Rigid,685060,685090,687797,30,2707,2737,completed,1
4062,Rigid,685060,685090,687797,30,2707,2737,completed,1
4063,Rigid,685060,685090,687797,30,2707,2737,completed,1
4064,Rigid,685060,685090,687797,30,2707,2737,completed,1
4065,Rigid,685060,685090,687797,30,2707,2737,completed,1
4066,Rigid,685060,685090,687797,30,2707,2737,completed,1
4067,Rigid,685060,685090,687797,30,2707,2737,completed,1
4068,Rigid,685060,685090,687797,30,2707,2737,completed,1
4069,Rigid,685060,685090,687797,30,2707,2737,completed,1
4070,Rigid,685060,685090,687797,30,2707,2737,completed,1
4071,Rigid,685060,685090,687797,30,2707,2737,completed,1
4072,Rigid,685060,685090,687797,30,2707,2737,completed,1
4073,Rigid,685060,685090,687797,30,2707,2737,completed,1
4074,Rigid,685060,685090,687797,30,2707,2737,completed,1
4075,Rigid,685060,685090,687797,30,2707,2737,completed,1
4076,Rigid,685060,685090,687797,30,2707,2737,completed,1
4077,Rigid,685060,685090,687797,30,2707,2737,completed,1
4078,Rigid,685060,685090,687797,30,2707,2737,completed,1
4079,Rigid,685060,685090,687797,30,2707,2737,completed,1
4080,Rigid,685060,685090,687797,30,2707,2737,completed,1
4081,Rigid,685060,685090,687797,30,2707,2737,completed,1
4082,Rigid,685060,685090,687797,30,2707,2737,completed,1
4083,Rigid,685060,685090,687797,30,2707,2737,completed,1
4084,Rigid,685060,685090,687797,30,2707,2737,completed,1
4085,Rigid,685060,685090,687797,30,2707,2737,completed,1
4086,Rigid,685060,685090,687797,30,2707,2737,completed,1
4087,Rigid,685060,685090,687797,30,2707,2737,completed,1
4088,Rigid,685060,685090,687797,30,2707,2737,completed,1
4089,Rigid,685060,685090,687797,30,2707,2737,completed,1
4090,Rigid,685060,685090,687797,30,2707,2737,completed,1
4091,Rigid,685060,685090,687797,30,2707,2737,completed,1
4092,Rigid,685060,685090,687797,30,2707,2737,completed,1
4093,Rigid,685060,685090,687797,30,2707,2737,completed,1
4094,Rigid,685060,685090,687797,30,2707,2737,completed,1
4095,Rigid,685060,685090,687797,30,2707,2737,completed,1
4096,Rigid,685060,685090,687797,30,2707,2737,completed,1
4097,Rigid,685060,685090,687797,30,2707,2737,completed,1
4098,Rigid,685060,685090,687797,30,2707,2737,completed,1
4099,Rigid,685060,685090,687797,30,2707,2737,completed,1
4100,Rigid,685060,685090,687797,30,2707,2737,completed,1
4101,Rigid,685060,685090,687797,30,2707,2737,completed,1
4102,Rigid,685060,685090,687797,30,2707,2737,completed,1
4103,Rigid,685060,685090,687797,30,2707,2737,completed,1
4104,Rigid,685060,685090,687797,30,2707,2737,completed,1
4105,Rigid,685060,685090,687797,30,2707,2737,completed,1
4106,Rigid,685060,685090,687797,30,2707,2737,completed,1
4107,Rigid,685060,685090,687797,30,2707,2737,completed,1
4108,Rigid,685060,685090,687797,30,2707,2737,completed,1
4109,Rigid,685060,685090,687797,30,2707,2737,completed,1
4110,Rigid,685060,685090,687797,30,2707,2737,completed,1
4111,Rigid,685060,685090,687797,30,2707,2737,completed,1
4112,Rigid,685060,685090,687797,30,2707,2737,completed,1
4113,Rigid,685060,685090,687797,30,2707,2737,completed,1
4114,Rigid,685060,685090,687797,30,2707,2737,completed,1
4115,Rigid,685060,685090,687797,30,2707,2737,completed,1
4116,Rigid,685060,685090,687797,30,2707,2737,completed,1
4117,Rigid,685060,685090,687797,30,2707,2737,completed,1
4118,Rigid,685060,685090,687797,30,2707,2737,completed,1
4119,Rigid,685060,685090,687797,30,2707,2737,completed,1
4120,Rigid,685060,685090,687797,30,2707,2737,completed,1
4121,Rigid,685060,685090,687797,30,2707,2737,completed,1
4122,Rigid,685060,685090,687797,30,2707,2737,completed,1
4123,Rigid,685060,685090,687797,30,2707,2737,completed,1
4124,Rigid,685060,685090,687797,30,2707,2737,completed,1
4125,Rigid,685060,685090,687797,30,2707,2737,completed,1
4126,Rigid,685060,685090,687797,30,2707,2737,completed,1
4127,Rigid,685060,685090,687797,30,2707,2737,completed,1
4128,Rigid,685060,685090,687797,30,2707,2737,completed,1
4129,Rigid,685060,685090,687797,30,2707,2737,completed,1
4130,Rigid,685060,685090,687797,30,2707,2737,completed,1
4131,Rigid,685060,685090,687797,30,2707,2737,completed,1
4132,Rigid,685060,685090,687797,30,2707,2737,completed,1
4133,Rigid,685060,685090,687797,30,2707,2737,completed,1
4134,Rigid,685060,685090,687797,30,2707,2737,completed,1
4135,Rigid,685060,685090,687797,30,2707,2737,completed,1
4136,Rigid,685060,685090,687797,30,2707,2737,completed,1
4137,Rigid,685060,685090,687797,30,2707,2737,completed,1
4138,Rigid,685060,685090,687797,30,2707,2737,completed,1
4139,Rigid,685060,685090,687797,30,2707,2737,completed,1
4140,Rigid,685060,685090,687797,30,2707,2737,completed,1
4141,Rigid,685060,685090,687797,30,2707,2737,completed,1
4142,Rigid,685060,685090,687038,30,1948,1978,completed,1
4143,Rigid,685060,685090,687273,30,2183,2213,completed,1
4144,Rigid,685060,685090,687797,30,2707,2737,completed,1
4145,Rigid,685060,685090,687087,30,1997,2027,completed,1
4146,Rigid,685060,685090,687263,30,2173,2203,completed,1
4147,Rigid,685060,685090,687797,30,2707,2737,completed,1
4148,Rigid,685060,685090,687316,30,2226,2256,completed,1
4149,Rigid,685060,685090,687378,30,2288,2318,completed,1
4150,Rigid,685060,685090,687797,30,2707,2737,completed,1
4151,Rigid,685060,685090,687214,30,2124,2154,completed,1
4152,Rigid,685060,685090,687310,30,2220,2250,completed,1
4153,Rigid,685060,685090,687797,30,2707,2737,completed,1
4154,Rigid,685060,685090,687334,30,2244,2274,completed,1
4155,Rigid,685060,685090,687334,30,2244,2274,completed,1
4156,Rigid,685060,685090,687797,30,2707,2737,completed,1
4157,Rigid,685060,685090,687100,30,2010,2040,completed,1
4158,Rigid,685060,685090,687273,30,2183,2213,completed,1
4159,Rigid,685060,685090,687797,30,2707,2737,completed,1
4160,Rigid,685060,685090,687097,30,2007,2037,completed,1
4161,Rigid,685060,685090,687307,30,2217,2247,completed,1
4162,Rigid,685060,685090,687797,30,2707,2737,completed,1
4163,Rigid,685060,685090,687241,30,2151,2181,completed,1
4164,Rigid,685060,685090,687321,30,2231,2261,completed,1
4165,Rigid,685060,685090,687797,30,2707,2737,completed,1
4166,Rigid,685060,685090,687135,30,2045,2075,completed,1
4167,Rigid,685060,685090,687239,30,2149,2179,completed,1
4168,Rigid,685060,685090,687797,30,2707,2737,completed,1
4169,Rigid,685060,685090,687287,30,2197,2227,completed,1
4170,Rigid,685060,685091,687465,31,2374,2405,completed,1
4171,Rigid,685060,685091,687797,31,2706,2737,completed,1
4172,Rigid,685060,685091,687329,31,2238,2269,completed,1
4173,Rigid,685060,685091,687106,31,2015,2046,completed,1
4174,Rigid,685060,685091,687797,31,2706,2737,completed,1
4175,Rigid,685060,685091,687038,31,1947,1978,completed,1
4176,Rigid,685060,685091,687323,31,2232,2263,completed,1
4177,Rigid,685060,685091,687797,31,2706,2737,completed,1
4178,Rigid,685060,685091,687087,31,1996,2027,completed,1
4179,Rigid,685060,685091,687301,31,2210,2241,completed,1
4180,Rigid,685060,685091,687797,31,2706,2737,completed,1
4181,Rigid,685060,685091,687262,31,2171,2202,completed,1
4182,Rigid,685060,685091,687277,31,2186,2217,completed,1
4183,Rigid,685060,685091,687797,31,2706,2737,completed,1
4184,Rigid,685060,685091,687313,31,2222,2253,completed,1
4185,Rigid,685060,685091,687313,31,2222,2253,completed,1
4186,Rigid,685060,685091,687797,31,2706,2737,completed,1
4187,Rigid,685060,685091,687087,31,1996,2027,completed,1
4188,Rigid,685060,685091,687431,31,2340,2371,completed,1
4189,Rigid,685060,685091,687797,31,2706,2737,completed,1
4190,Rigid,685060,685091,687367,31,2276,2307,completed,1
4191,Rigid,685060,685091,687230,31,2139,2170,completed,1
4192,Rigid,685260,685261,685389,1,128,129,completed,1
4193,Rigid,685782,685782,685839,0,57,57,completed,1
4194,Rigid,685861,685861,685919,0,58,58,completed,1
4195,Rigid,685964,685965,686097,1,132,133,completed,1
4196,Rigid,686206,686207,686344,1,137,138,completed,1
4197,Rigid,686248,686248,686267,0,19,19,completed,1
4198,Rigid,686284,686284,994876,0,308592,308592,completed,1
4199,Rigid,686442,686443,686623,1,180,181,completed,36
4200,Rigid,686583,686584,686645,1,61,62,completed,1
4201,Rigid,686876,686877,686933,1,56,57,completed,1
4202,Rigid,686995,686995,688414,0,1419,1419,completed,72
4203,Rigid,687207,687208,687259,1,51,52,completed,1
4204,Rigid,687256,687256,687323,0,67,67,completed,1
4205,Rigid,687418,687418,687428,0,10,10,completed,36
4206,Rigid,687425,687425,687490,0,65,65,completed,1
4207,Rigid,687496,687496,687511,0,15,15,completed,1
4208,Rigid,687511,687511,687669,0,158,158,completed,36
4209,Rigid,687524,687524,687580,0,56,56,completed,1
4210,Rigid,687762,687762,687870,0,108,108,completed,72
4211,Rigid,687831,687834,687926,3,92,95,completed,144
4212,Rigid,688020,688021,688080,1,59,60,completed,8
4213,Rigid,688083,688083,689115,0,1032,1032,completed,8
4214,Rigid,688115,688116,860916,1,172800,172801,completed,8
4215,Rigid,688116,688116,688168,0,52,52,completed,144
4216,Rigid,688127,688127,807616,0,119489,119489,completed,8
4217,Rigid,688139,688139,789846,0,101707,101707,completed,8
4218,Rigid,688155,688156,791164,1,103008,103009,completed,8
4219,Rigid,688167,688168,787912,1,99744,99745,completed,8
4220,Rigid,688172,688173,1029551,1,341378,341379,completed,1
4221,Rigid,688177,688178,788381,1,100203,100204,completed,8
4222,Rigid,688186,688187,781348,1,93161,93162,completed,8
4223,Rigid,688196,688197,783635,1,95438,95439,completed,8
4224,Rigid,688206,688207,781007,1,92800,92801,completed,8
4225,Rigid,688215,688216,780892,1,92676,92677,completed,8
4226,Rigid,688225,688227,772356,2,84129,84131,completed,8
4227,Rigid,688235,688236,775151,1,86915,86916,completed,8
4228,Rigid,688246,688247,775504,1,87257,87258,completed,8
4229,Rigid,688256,688257,780713,1,92456,92457,completed,8
4230,Rigid,688267,688267,781616,0,93349,93349,completed,8
4231,Rigid,688278,688278,799607,0,111329,111329,completed,8
4232,Rigid,688288,688288,779417,0,91129,91129,completed,8
4233,Rigid,688299,688299,776920,0,88621,88621,completed,8
4234,Rigid,688306,688307,689048,1,741,742,completed,8
4235,Rigid,688325,688325,770635,0,82310,82310,completed,8
4236,Rigid,688336,688336,801344,0,113008,113008,completed,8
4237,Rigid,688347,688347,789636,0,101289,101289,completed,8
4238,Rigid,688357,688357,784404,0,96047,96047,completed,8
4239,Rigid,688368,688368,782721,0,94353,94353,completed,8
4240,Rigid,688378,688378,776164,0,87786,87786,completed,8
4241,Rigid,688389,688389,688735,0,346,346,completed,144
4242,Rigid,688389,688389,779329,0,90940,90940,completed,8
4243,Rigid,688402,688402,801545,0,113143,113143,completed,8
4244,Rigid,688413,688413,778340,0,89927,89927,completed,8
4245,Rigid,688427,688428,688487,1,59,60,completed,144
4246,Rigid,688471,688471,689742,0,1271,1271,completed,1
4247,Rigid,688471,688471,689855,0,1384,1384,completed,1
4248,Rigid,688471,688471,692312,0,3841,3841,completed,1
4249,Rigid,688471,688471,689565,0,1094,1094,completed,1
4250,Rigid,688471,688471,689940,0,1469,1469,completed,1
4251,Rigid,688471,688471,692949,0,4478,4478,completed,1
4252,Rigid,688471,688471,689765,0,1294,1294,completed,1
4253,Rigid,688471,688471,690005,0,1534,1534,completed,1
4254,Rigid,688471,688471,693111,0,4640,4640,completed,1
4255,Rigid,688471,688471,689817,0,1346,1346,completed,1
4256,Rigid,688471,688471,689984,0,1513,1513,completed,1
4257,Rigid,688471,688471,692453,0,3982,3982,completed,1
4258,Rigid,688471,688471,689919,0,1448,1448,completed,1
4259,Rigid,688471,688471,690038,0,1567,1567,completed,1
4260,Rigid,688471,688471,692495,0,4024,4024,completed,1
4261,Rigid,688471,688471,689695,0,1224,1224,completed,1
4262,Rigid,688471,688471,689810,0,1339,1339,completed,1
4263,Rigid,688471,688471,691936,0,3465,3465,completed,1
4264,Rigid,688471,688471,689708,0,1237,1237,completed,1
4265,Rigid,688471,688471,689794,0,1323,1323,completed,1
4266,Rigid,688471,688471,692173,0,3702,3702,completed,1
4267,Rigid,688471,688471,689697,0,1226,1226,completed,1
4268,Rigid,688471,688471,689704,0,1233,1233,completed,1
4269,Rigid,688471,688471,692782,0,4311,4311,completed,1
4270,Rigid,688471,688471,689631,0,1160,1160,completed,1
4271,Rigid,688471,688471,689793,0,1322,1322,completed,1
4272,Rigid,688471,688471,692609,0,4138,4138,completed,1
4273,Rigid,688471,688471,689829,0,1358,1358,completed,1
4274,Rigid,688471,688471,689928,0,1457,1457,completed,1
4275,Rigid,688471,688471,692213,0,3742,3742,completed,1
4276,Rigid,688471,688471,689644,0,1173,1173,completed,1
4277,Rigid,688471,688471,689694,0,1223,1223,completed,1
4278,Rigid,688471,688471,692183,0,3712,3712,completed,1
4279,Rigid,688471,688471,689680,0,1209,1209,completed,1
4280,Rigid,688471,688471,689813,0,1342,1342,completed,1
4281,Rigid,688471,688471,692044,0,3573,3573,completed,1
4282,Rigid,688471,688471,689697,0,1226,1226,completed,1
4283,Rigid,688471,688471,689793,0,1322,1322,completed,1
4284,Rigid,688471,688471,692250,0,3779,3779,completed,1
4285,Rigid,688471,688471,689655,0,1184,1184,completed,1
4286,Rigid,688471,688471,689827,0,1356,1356,completed,1
4287,Rigid,688471,688471,693386,0,4915,4915,completed,1
4288,Rigid,688471,688471,689923,0,1452,1452,completed,1
4289,Rigid,688471,688471,690064,0,1593,1593,completed,1
4290,Rigid,688471,688471,692071,0,3600,3600,completed,1
4291,Rigid,688471,688471,689767,0,1296,1296,completed,1
4292,Rigid,688471,688471,689734,0,1263,1263,completed,1
4293,Rigid,688471,688471,692384,0,3913,3913,completed,1
4294,Rigid,688471,688471,689581,0,1110,1110,completed,1
4295,Rigid,688471,688471,689837,0,1366,1366,completed,1
4296,Rigid,688471,688471,692649,0,4178,4178,completed,1
4297,Rigid,688471,688471,689568,0,1097,1097,completed,1
4298,Rigid,688471,688471,689770,0,1299,1299,completed,1
4299,Rigid,688471,688471,692039,0,3568,3568,completed,1
4300,Rigid,688471,688471,689653,0,1182,1182,completed,1
4301,Rigid,688471,688471,689763,0,1292,1292,completed,1
4302,Rigid,688471,688471,692537,0,4066,4066,completed,1
4303,Rigid,688471,688471,689681,0,1210,1210,completed,1
4304,Rigid,688471,688471,689759,0,1288,1288,completed,1
4305,Rigid,688471,688471,692177,0,3706,3706,completed,1
4306,Rigid,688471,688471,689683,0,1212,1212,completed,1
4307,Rigid,688471,688471,689857,0,1386,1386,completed,1
4308,Rigid,688471,688471,692797,0,4326,4326,completed,1
4309,Rigid,688471,688471,689682,0,1211,1211,completed,1
4310,Rigid,688471,688471,689786,0,1315,1315,completed,1
4311,Rigid,688471,688471,692583,0,4112,4112,completed,1
4312,Rigid,688471,688471,689646,0,1175,1175,completed,1
4313,Rigid,688471,688471,689800,0,1329,1329,completed,1
4314,Rigid,688471,688471,692591,0,4120,4120,completed,1
4315,Rigid,688471,688471,689648,0,1177,1177,completed,1
4316,Rigid,688471,688471,689835,0,1364,1364,completed,1
4317,Rigid,688471,688471,692600,0,4129,4129,completed,1
4318,Rigid,688471,688471,689652,0,1181,1181,completed,1
4319,Rigid,688471,688471,689892,0,1421,1421,completed,1
4320,Rigid,688471,688471,692060,0,3589,3589,completed,1
4321,Rigid,688471,688471,689689,0,1218,1218,completed,1
4322,Rigid,688471,688471,689793,0,1322,1322,completed,1
4323,Rigid,688471,688471,692035,0,3564,3564,completed,1
4324,Rigid,688471,688471,689701,0,1230,1230,completed,1
4325,Rigid,688471,688471,689813,0,1342,1342,completed,1
4326,Rigid,688471,688471,692504,0,4033,4033,completed,1
4327,Rigid,688471,688471,689673,0,1202,1202,completed,1
4328,Rigid,688471,688471,689751,0,1280,1280,completed,1
4329,Rigid,688471,688471,692840,0,4369,4369,completed,1
4330,Rigid,688471,688471,689641,0,1170,1170,completed,1
4331,Rigid,688471,688471,689783,0,1312,1312,completed,1
4332,Rigid,688471,688471,692035,0,3564,3564,completed,1
4333,Rigid,688471,688471,689640,0,1169,1169,completed,1
4334,Rigid,688471,688471,689757,0,1286,1286,completed,1
4335,Rigid,688471,688471,691851,0,3380,3380,completed,1
4336,Rigid,688471,688471,689569,0,1098,1098,completed,1
4337,Rigid,688471,688471,689745,0,1274,1274,completed,1
4338,Rigid,688471,688471,692252,0,3781,3781,completed,1
4339,Rigid,688471,688471,689650,0,1179,1179,completed,1
4340,Rigid,688471,688471,689756,0,1285,1285,completed,1
4341,Rigid,688471,688471,692487,0,4016,4016,completed,1
4342,Rigid,688471,688471,689668,0,1197,1197,completed,1
4343,Rigid,688471,688471,689856,0,1385,1385,completed,1
4344,Rigid,688471,688471,692793,0,4322,4322,completed,1
4345,Rigid,688471,688471,689686,0,1215,1215,completed,1
4346,Rigid,688471,688471,689797,0,1326,1326,completed,1
4347,Rigid,688471,688471,692546,0,4075,4075,completed,1
4348,Rigid,688471,688471,689723,0,1252,1252,completed,1
4349,Rigid,688471,688471,689754,0,1283,1283,completed,1
4350,Rigid,688471,688471,692273,0,3802,3802,completed,1
4351,Rigid,688471,688471,689646,0,1175,1175,completed,1
4352,Rigid,688471,688471,689789,0,1318,1318,completed,1
4353,Rigid,688471,688471,692047,0,3576,3576,completed,1
4354,Rigid,688471,688471,689648,0,1177,1177,completed,1
4355,Rigid,688471,688471,689768,0,1297,1297,completed,1
4356,Rigid,688471,688471,692097,0,3626,3626,completed,1
4357,Rigid,688471,688471,689647,0,1176,1176,completed,1
4358,Rigid,688471,688471,689766,0,1295,1295,completed,1
4359,Rigid,688471,688471,692250,0,3779,3779,completed,1
4360,Rigid,688471,688471,689683,0,1212,1212,completed,1
4361,Rigid,688471,688471,689862,0,1391,1391,completed,1
4362,Rigid,688471,688471,692646,0,4175,4175,completed,1
4363,Rigid,688471,688471,689839,0,1368,1368,completed,1
4364,Rigid,688471,688471,689979,0,1508,1508,completed,1
4365,Rigid,688471,688471,693437,0,4966,4966,completed,1
4366,Rigid,688471,688471,689612,0,1141,1141,completed,1
4367,Rigid,688471,688471,689805,0,1334,1334,completed,1
4368,Rigid,688471,688471,692384,0,3913,3913,completed,1
4369,Rigid,688471,688471,689599,0,1128,1128,completed,1
4370,Rigid,688471,688471,689775,0,1304,1304,completed,1
4371,Rigid,688471,688471,692334,0,3863,3863,completed,1
4372,Rigid,688471,688471,689603,0,1132,1132,completed,1
4373,Rigid,688471,688471,689742,0,1271,1271,completed,1
4374,Rigid,688471,688471,692363,0,3892,3892,completed,1
4375,Rigid,688471,688471,689608,0,1137,1137,completed,1
4376,Rigid,688471,688471,689915,0,1444,1444,completed,1
4377,Rigid,688471,688471,692592,0,4121,4121,completed,1
4378,Rigid,688471,688471,689655,0,1184,1184,completed,1
4379,Rigid,688471,688471,689669,0,1198,1198,completed,1
4380,Rigid,688471,688471,692262,0,3791,3791,completed,1
4381,Rigid,688471,688471,689655,0,1184,1184,completed,1
4382,Rigid,688471,688471,689761,0,1290,1290,completed,1
4383,Rigid,688471,688471,691954,0,3483,3483,completed,1
4384,Rigid,688471,688471,689613,0,1142,1142,completed,1
4385,Rigid,688471,688471,689728,0,1257,1257,completed,1
4386,Rigid,688471,688471,692962,0,4491,4491,completed,1
4387,Rigid,688471,688471,689636,0,1165,1165,completed,1
4388,Rigid,688471,688471,689777,0,1306,1306,completed,1
4389,Rigid,688471,688471,692193,0,3722,3722,completed,1
4390,Rigid,688471,688471,689604,0,1133,1133,completed,1
4391,Rigid,688471,688471,689742,0,1271,1271,completed,1
4392,Rigid,688471,688471,692349,0,3878,3878,completed,1
4393,Rigid,688471,688471,689668,0,1197,1197,completed,1
4394,Rigid,688471,688471,689786,0,1315,1315,completed,1
4395,Rigid,688471,688471,692213,0,3742,3742,completed,1
4396,Rigid,688471,688471,689348,0,877,877,completed,1
4397,Rigid,688471,688471,689479,0,1008,1008,completed,1
4398,Rigid,688471,688471,690184,0,1713,1713,completed,1
4399,Rigid,688471,688471,689390,0,919,919,completed,1
4400,Rigid,688471,688471,689488,0,1017,1017,completed,1
4401,Rigid,688471,688471,690091,0,1620,1620,completed,1
4402,Rigid,688471,688471,689355,0,884,884,completed,1
4403,Rigid,688471,688471,689475,0,1004,1004,completed,1
4404,Rigid,688471,688471,690109,0,1638,1638,completed,1
4405,Rigid,688471,688471,689359,0,888,888,completed,1
4406,Rigid,688471,688471,689505,0,1034,1034,completed,1
4407,Rigid,688471,688471,690089,0,1618,1618,completed,1
4408,Rigid,688471,688471,689394,0,923,923,completed,1
4409,Rigid,688471,688471,689459,0,988,988,completed,1
4410,Rigid,688471,688471,690132,0,1661,1661,completed,1
4411,Rigid,688471,688471,689390,0,919,919,completed,1
4412,Rigid,688471,688471,689616,0,1145,1145,completed,1
4413,Rigid,688471,688471,690163,0,1692,1692,completed,1
4414,Rigid,688471,688471,689442,0,971,971,completed,1
4415,Rigid,688471,688471,689517,0,1046,1046,completed,1
4416,Rigid,688471,688471,690140,0,1669,1669,completed,1
4417,Rigid,688471,688471,689413,0,942,942,completed,1
4418,Rigid,688471,688471,689497,0,1026,1026,completed,1
4419,Rigid,688471,688471,690096,0,1625,1625,completed,1
4420,Rigid,688471,688471,689386,0,915,915,completed,1
4421,Rigid,688471,688471,689497,0,1026,1026,completed,1
4422,Rigid,688471,688471,690079,0,1608,1608,completed,1
4423,Rigid,688471,688471,689386,0,915,915,completed,1
4424,Rigid,688471,688471,689548,0,1077,1077,completed,1
4425,Rigid,688471,688471,690181,0,1710,1710,completed,1
4426,Rigid,688471,688471,689350,0,879,879,completed,1
4427,Rigid,688471,688471,689482,0,1011,1011,completed,1
4428,Rigid,688471,688471,690097,0,1626,1626,completed,1
4429,Rigid,688471,688471,689399,0,928,928,completed,1
4430,Rigid,688471,688471,689579,0,1108,1108,completed,1
4431,Rigid,688471,688471,690146,0,1675,1675,completed,1
4432,Rigid,688471,688471,689358,0,887,887,completed,1
4433,Rigid,688471,688471,689449,0,978,978,completed,1
4434,Rigid,688471,688471,690042,0,1571,1571,completed,1
4435,Rigid,688471,688471,689395,0,924,924,completed,1
4436,Rigid,688471,688471,689487,0,1016,1016,completed,1
4437,Rigid,688471,688471,690146,0,1675,1675,completed,1
4438,Rigid,688471,688471,689338,0,867,867,completed,1
4439,Rigid,688471,688471,689455,0,984,984,completed,1
4440,Rigid,688471,688471,690059,0,1588,1588,completed,1
4441,Rigid,688471,688471,689393,0,922,922,completed,1
4442,Rigid,688471,688471,689492,0,1021,1021,completed,1
4443,Rigid,688471,688471,690073,0,1602,1602,completed,1
4444,Rigid,688471,688471,689391,0,920,920,completed,1
4445,Rigid,688471,688471,689486,0,1015,1015,completed,1
4446,Rigid,688471,688471,690182,0,1711,1711,completed,1
4447,Rigid,688471,688471,689414,0,943,943,completed,1
4448,Rigid,688471,688471,689541,0,1070,1070,completed,1
4449,Rigid,688471,688471,690074,0,1603,1603,completed,1
4450,Rigid,688471,688471,689378,0,907,907,completed,1
4451,Rigid,688471,688471,689480,0,1009,1009,completed,1
4452,Rigid,688471,688471,690126,0,1655,1655,completed,1
4453,Rigid,688471,688471,689392,0,921,921,completed,1
4454,Rigid,688471,688471,689503,0,1032,1032,completed,1
4455,Rigid,688471,688471,690051,0,1580,1580,completed,1
4456,Rigid,688471,688471,689332,0,861,861,completed,1
4457,Rigid,688471,688471,689453,0,982,982,completed,1
4458,Rigid,688471,688471,690092,0,1621,1621,completed,1
4459,Rigid,688471,688471,689389,0,918,918,completed,1
4460,Rigid,688471,688471,689496,0,1025,1025,completed,1
4461,Rigid,688471,688471,690076,0,1605,1605,completed,1
4462,Rigid,688471,688471,689354,0,883,883,completed,1
4463,Rigid,688471,688471,689453,0,982,982,completed,1
4464,Rigid,688471,688471,690153,0,1682,1682,completed,1
4465,Rigid,688471,688471,689370,0,899,899,completed,1
4466,Rigid,688471,688471,689480,0,1009,1009,completed,1
4467,Rigid,688471,688471,690161,0,1690,1690,completed,1
4468,Rigid,688471,688471,689366,0,895,895,completed,1
4469,Rigid,688471,688471,689462,0,991,991,completed,1
4470,Rigid,688471,688471,690097,0,1626,1626,completed,1
4471,Rigid,688471,688471,689369,0,898,898,completed,1
4472,Rigid,688471,688471,689447,0,976,976,completed,1
4473,Rigid,688471,688471,690077,0,1606,1606,completed,1
4474,Rigid,688471,688471,689430,0,959,959,completed,1
4475,Rigid,688471,688471,689647,0,1176,1176,completed,1
4476,Rigid,688471,688471,690119,0,1648,1648,completed,1
4477,Rigid,688471,688471,689372,0,901,901,completed,1
4478,Rigid,688471,688471,689500,0,1029,1029,completed,1
4479,Rigid,688471,688471,690064,0,1593,1593,completed,1
4480,Rigid,688471,688471,689409,0,938,938,completed,1
4481,Rigid,688471,688471,689520,0,1049,1049,completed,1
4482,Rigid,688471,688471,690111,0,1640,1640,completed,1
4483,Rigid,688471,688471,689384,0,913,913,completed,1
4484,Rigid,688471,688471,689482,0,1011,1011,completed,1
4485,Rigid,688471,688472,690128,1,1656,1657,completed,1
4486,Rigid,688471,688472,689362,1,890,891,completed,1
4487,Rigid,688471,688472,689511,1,1039,1040,completed,1
4488,Rigid,688471,688472,690182,1,1710,1711,completed,1
4489,Rigid,688471,688472,689371,1,899,900,completed,1
4490,Rigid,688471,688472,689464,1,992,993,completed,1
4491,Rigid,688471,688472,690161,1,1689,1690,completed,1
4492,Rigid,688471,688472,689382,1,910,911,completed,1
4493,Rigid,688471,688472,689523,1,1051,1052,completed,1
4494,Rigid,688471,688472,690168,1,1696,1697,completed,1
4495,Rigid,688471,688472,689379,1,907,908,completed,1
4496,Rigid,688471,688472,689477,1,1005,1006,completed,1
4497,Rigid,688471,688472,690121,1,1649,1650,completed,1
4498,Rigid,688471,688472,689391,1,919,920,completed,1
4499,Rigid,688471,688472,689523,1,1051,1052,completed,1
4500,Rigid,688471,688472,690146,1,1674,1675,completed,1
4501,Rigid,688471,688472,689377,1,905,906,completed,1
4502,Rigid,688471,688472,689480,1,1008,1009,completed,1
4503,Rigid,688471,688487,690091,16,1604,1620,completed,1
4504,Rigid,688471,688487,689425,16,938,954,completed,1
4505,Rigid,688471,688487,689561,16,1074,1090,completed,1
4506,Rigid,688471,688487,690244,16,1757,1773,completed,1
4507,Rigid,688471,688487,689401,16,914,930,completed,1
4508,Rigid,688471,688487,689526,16,1039,1055,completed,1
4509,Rigid,688471,688487,690169,16,1682,1698,completed,1
4510,Rigid,688471,688487,689451,16,964,980,completed,1
4511,Rigid,688471,688487,689649,16,1162,1178,completed,1
4512,Rigid,688471,688487,690163,16,1676,1692,completed,1
4513,Rigid,688471,688487,689384,16,897,913,completed,1
4514,Rigid,688471,688487,689524,16,1037,1053,completed,1
4515,Rigid,688471,688488,690108,17,1620,1637,completed,1
4516,Rigid,688471,688488,689391,17,903,920,completed,1
4517,Rigid,688471,688488,689466,17,978,995,completed,1
4518,Rigid,688471,688488,690070,17,1582,1599,completed,1
4519,Rigid,688471,688488,689390,17,902,919,completed,1
4520,Rigid,688471,688488,689469,17,981,998,completed,1
4521,Rigid,688471,688488,690126,17,1638,1655,completed,1
4522,Rigid,688471,688488,689354,17,866,883,completed,1
4523,Rigid,688471,688488,689517,17,1029,1046,completed,1
4524,Rigid,688471,688488,690149,17,1661,1678,completed,1
4525,Rigid,688471,688488,689362,17,874,891,completed,1
4526,Rigid,688471,688488,689467,17,979,996,completed,1
4527,Rigid,688471,688488,690102,17,1614,1631,completed,1
4528,Rigid,688471,688488,689412,17,924,941,completed,1
4529,Rigid,688471,688488,689598,17,1110,1127,completed,1
4530,Rigid,688471,688488,690194,17,1706,1723,completed,1
4531,Rigid,688471,688488,689412,17,924,941,completed,1
4532,Rigid,688471,688488,689517,17,1029,1046,completed,1
4533,Rigid,688471,688488,690174,17,1686,1703,completed,1
4534,Rigid,688471,688488,689477,17,989,1006,completed,1
4535,Rigid,688471,688488,689584,17,1096,1113,completed,1
4536,Rigid,688471,688488,690207,17,1719,1736,completed,1
4537,Rigid,688471,688488,689435,17,947,964,completed,1
4538,Rigid,688471,688488,689561,17,1073,1090,completed,1
4539,Rigid,688471,688488,690144,17,1656,1673,completed,1
4540,Rigid,688471,688488,689434,17,946,963,completed,1
4541,Rigid,688471,688488,689607,17,1119,1136,completed,1
4542,Rigid,688471,688488,690272,17,1784,1801,completed,1
4543,Rigid,688471,688488,689449,17,961,978,completed,1
4544,Rigid,688471,688488,689578,17,1090,1107,completed,1
4545,Rigid,688471,688488,690185,17,1697,1714,completed,1
4546,Rigid,688471,688488,691325,17,2837,2854,completed,1
4547,Rigid,688471,688488,692129,17,3641,3658,completed,1
4548,Rigid,688471,688488,703266,17,14778,14795,completed,1
4549,Rigid,688471,688488,691646,17,3158,3175,completed,1
4550,Rigid,688471,688488,691453,17,2965,2982,completed,1
4551,Rigid,688471,688488,701512,17,13024,13041,completed,1
4552,Rigid,688471,688488,691518,17,3030,3047,completed,1
4553,Rigid,688471,688488,691745,17,3257,3274,completed,1
4554,Rigid,688471,688488,703293,17,14805,14822,completed,1
4555,Rigid,688471,688488,691659,17,3171,3188,completed,1
4556,Rigid,688471,688488,691612,17,3124,3141,completed,1
4557,Rigid,688471,688488,699236,17,10748,10765,completed,1
4558,Rigid,688471,688488,691704,17,3216,3233,completed,1
4559,Rigid,688471,688488,691584,17,3096,3113,completed,1
4560,Rigid,688471,688488,702086,17,13598,13615,completed,1
4561,Rigid,688471,688488,691425,17,2937,2954,completed,1
4562,Rigid,688471,688488,691564,17,3076,3093,completed,1
4563,Rigid,688471,688488,703249,17,14761,14778,completed,1
4564,Rigid,688471,688488,691520,17,3032,3049,completed,1
4565,Rigid,688471,688488,691668,17,3180,3197,completed,1
4566,Rigid,688471,688488,700938,17,12450,12467,completed,1
4567,Rigid,688471,688488,691371,17,2883,2900,completed,1
4568,Rigid,688471,688488,691734,17,3246,3263,completed,1
4569,Rigid,688471,688488,699312,17,10824,10841,completed,1
4570,Rigid,688471,688488,691695,17,3207,3224,completed,1
4571,Rigid,688471,688488,691531,17,3043,3060,completed,1
4572,Rigid,688471,688488,700319,17,11831,11848,completed,1
4573,Rigid,688471,688488,691644,17,3156,3173,completed,1
4574,Rigid,688471,688488,691444,17,2956,2973,completed,1
4575,Rigid,688471,688488,700410,17,11922,11939,completed,1
4576,Rigid,688471,688488,691700,17,3212,3229,completed,1
4577,Rigid,688471,688488,691609,17,3121,3138,completed,1
4578,Rigid,688471,688488,700252,17,11764,11781,completed,1
4579,Rigid,688471,688488,691422,17,2934,2951,completed,1
4580,Rigid,688471,688488,691529,17,3041,3058,completed,1
4581,Rigid,688471,688488,701834,17,13346,13363,completed,1
4582,Rigid,688471,688488,691550,17,3062,3079,completed,1
4583,Rigid,688471,688488,691952,17,3464,3481,completed,1
4584,Rigid,688471,688488,702145,17,13657,13674,completed,1
4585,Rigid,688471,688488,691447,17,2959,2976,completed,1
4586,Rigid,688471,688488,691531,17,3043,3060,completed,1
4587,Rigid,688471,688488,701410,17,12922,12939,completed,1
4588,Rigid,688471,688488,691719,17,3231,3248,completed,1
4589,Rigid,688471,688488,691879,17,3391,3408,completed,1
4590,Rigid,688471,688488,700260,17,11772,11789,completed,1
4591,Rigid,688471,688488,691410,17,2922,2939,completed,1
4592,Rigid,688471,688488,691498,17,3010,3027,completed,1
4593,Rigid,688471,688488,699645,17,11157,11174,completed,1
4594,Rigid,688471,688488,691662,17,3174,3191,completed,1
4595,Rigid,688471,688488,691968,17,3480,3497,completed,1
4596,Rigid,688471,688488,701197,17,12709,12726,completed,1
4597,Rigid,688471,688488,691656,17,3168,3185,completed,1
4598,Rigid,688471,688488,691671,17,3183,3200,completed,1
4599,Rigid,688471,688488,699236,17,10748,10765,completed,1
4600,Rigid,688471,688488,691789,17,3301,3318,completed,1
4601,Rigid,688471,688488,691540,17,3052,3069,completed,1
4602,Rigid,688471,688488,700481,17,11993,12010,completed,1
4603,Rigid,688471,688488,691590,17,3102,3119,completed,1
4604,Rigid,688471,688488,691713,17,3225,3242,completed,1
4605,Rigid,688471,688488,700428,17,11940,11957,completed,1
4606,Rigid,688471,688488,691765,17,3277,3294,completed,1
4607,Rigid,688471,688488,691602,17,3114,3131,completed,1
4608,Rigid,688471,688488,702637,17,14149,14166,completed,1
4609,Rigid,688471,688488,691509,17,3021,3038,completed,1
4610,Rigid,688471,688488,691415,17,2927,2944,completed,1
4611,Rigid,688471,688488,699126,17,10638,10655,completed,1
4612,Rigid,688471,688488,691497,17,3009,3026,completed,1
4613,Rigid,688471,688488,691851,17,3363,3380,completed,1
4614,Rigid,688471,688488,701944,17,13456,13473,completed,1
4615,Rigid,688471,688488,691388,17,2900,2917,completed,1
4616,Rigid,688471,688488,691451,17,2963,2980,completed,1
4617,Rigid,688471,688488,701161,17,12673,12690,completed,1
4618,Rigid,688471,688488,691632,17,3144,3161,completed,1
4619,Rigid,688471,688488,691854,17,3366,3383,completed,1
4620,Rigid,688471,688488,703454,17,14966,14983,completed,1
4621,Rigid,688471,688488,691398,17,2910,2927,completed,1
4622,Rigid,688471,688488,691435,17,2947,2964,completed,1
4623,Rigid,688471,688488,700170,17,11682,11699,completed,1
4624,Rigid,688471,688488,691500,17,3012,3029,completed,1
4625,Rigid,688471,688488,691477,17,2989,3006,completed,1
4626,Rigid,688471,688488,699803,17,11315,11332,completed,1
4627,Rigid,688471,688488,691386,17,2898,2915,completed,1
4628,Rigid,688471,688488,691465,17,2977,2994,completed,1
4629,Rigid,688471,688488,700389,17,11901,11918,completed,1
4630,Rigid,688471,688488,691611,17,3123,3140,completed,1
4631,Rigid,688471,688488,691574,17,3086,3103,completed,1
4632,Rigid,688471,688488,699893,17,11405,11422,completed,1
4633,Rigid,688471,688488,691409,17,2921,2938,completed,1
4634,Rigid,688471,688488,691371,17,2883,2900,completed,1
4635,Rigid,688471,688488,700740,17,12252,12269,completed,1
4636,Rigid,688471,688488,691715,17,3227,3244,completed,1
4637,Rigid,688471,688488,691784,17,3296,3313,completed,1
4638,Rigid,688471,688488,703030,17,14542,14559,completed,1
4639,Rigid,688471,688488,691358,17,2870,2887,completed,1
4640,Rigid,688471,688488,691615,17,3127,3144,completed,1
4641,Rigid,688471,688488,699044,17,10556,10573,completed,1
4642,Rigid,688471,688488,691448,17,2960,2977,completed,1
4643,Rigid,688471,688488,691509,17,3021,3038,completed,1
4644,Rigid,688471,688488,700465,17,11977,11994,completed,1
4645,Rigid,688471,688488,691371,17,2883,2900,completed,1
4646,Rigid,688471,688488,691643,17,3155,3172,completed,1
4647,Rigid,688471,688488,702632,17,14144,14161,completed,1
4648,Rigid,688471,688488,691374,17,2886,2903,completed,1
4649,Rigid,688471,688488,691869,17,3381,3398,completed,1
4650,Rigid,688471,688488,703713,17,15225,15242,completed,1
4651,Rigid,688471,688488,691371,17,2883,2900,completed,1
4652,Rigid,688471,688488,691430,17,2942,2959,completed,1
4653,Rigid,688471,688488,702446,17,13958,13975,completed,1
4654,Rigid,688471,688488,691516,17,3028,3045,completed,1
4655,Rigid,688471,688488,691742,17,3254,3271,completed,1
4656,Rigid,688471,688488,700434,17,11946,11963,completed,1
4657,Rigid,688471,688488,691297,17,2809,2826,completed,1
4658,Rigid,688471,688488,691468,17,2980,2997,completed,1
4659,Rigid,688471,688488,699378,17,10890,10907,completed,1
4660,Rigid,688471,688488,691518,17,3030,3047,completed,1
4661,Rigid,688471,688488,691451,17,2963,2980,completed,1
4662,Rigid,688471,688488,701965,17,13477,13494,completed,1
4663,Rigid,688471,688488,691350,17,2862,2879,completed,1
4664,Rigid,688471,688488,691609,17,3121,3138,completed,1
4665,Rigid,688471,688488,699994,17,11506,11523,completed,1
4666,Rigid,688471,688488,691371,17,2883,2900,completed,1
4667,Rigid,688471,688488,691786,17,3298,3315,completed,1
4668,Rigid,688471,688488,701745,17,13257,13274,completed,1
4669,Rigid,688471,688488,691365,17,2877,2894,completed,1
4670,Rigid,688471,688488,691440,17,2952,2969,completed,1
4671,Rigid,688471,688488,702864,17,14376,14393,completed,1
4672,Rigid,688471,688488,691503,17,3015,3032,completed,1
4673,Rigid,688471,688488,691851,17,3363,3380,completed,1
4674,Rigid,688471,688488,701838,17,13350,13367,completed,1
4675,Rigid,688471,688488,691380,17,2892,2909,completed,1
4676,Rigid,688471,688488,691488,17,3000,3017,completed,1
4677,Rigid,688471,688488,700119,17,11631,11648,completed,1
4678,Rigid,688471,688488,691725,17,3237,3254,completed,1
4679,Rigid,688471,688488,691525,17,3037,3054,completed,1
4680,Rigid,688471,688488,699401,17,10913,10930,completed,1
4681,Rigid,688471,688488,691367,17,2879,2896,completed,1
4682,Rigid,688471,688488,691398,17,2910,2927,completed,1
4683,Rigid,688471,688488,699818,17,11330,11347,completed,1
4684,Rigid,688471,688488,691476,17,2988,3005,completed,1
4685,Rigid,688471,688488,691792,17,3304,3321,completed,1
4686,Rigid,688471,688488,700204,17,11716,11733,completed,1
4687,Rigid,688471,688488,691389,17,2901,2918,completed,1
4688,Rigid,688471,688488,691713,17,3225,3242,completed,1
4689,Rigid,688471,688488,699045,17,10557,10574,completed,1
4690,Rigid,688471,688488,691783,17,3295,3312,completed,1
4691,Rigid,688471,688488,691939,17,3451,3468,completed,1
4692,Rigid,688471,688488,700423,17,11935,11952,completed,1
4693,Rigid,688471,688488,691421,17,2933,2950,completed,1
4694,Rigid,688471,688488,691649,17,3161,3178,completed,1
4695,Rigid,688471,688488,699243,17,10755,10772,completed,1
4696,Rigid,688471,688488,690468,17,1980,1997,completed,1
4697,Rigid,688471,688488,690654,17,2166,2183,completed,1
4698,Rigid,688471,688488,699312,17,10824,10841,completed,1
4699,Rigid,688471,688488,690419,17,1931,1948,completed,1
4700,Rigid,688471,688488,690701,17,2213,2230,completed,1
4701,Rigid,688471,688488,698947,17,10459,10476,completed,1
4702,Rigid,688471,688488,690578,17,2090,2107,completed,1
4703,Rigid,688471,688488,690796,17,2308,2325,completed,1
4704,Rigid,688471,688489,697529,18,9040,9058,completed,1
4705,Rigid,688471,688489,690602,18,2113,2131,completed,1
4706,Rigid,688471,688489,690678,18,2189,2207,completed,1
4707,Rigid,688471,688489,698204,18,9715,9733,completed,1
4708,Rigid,688471,688489,690539,18,2050,2068,completed,1
4709,Rigid,688471,688489,690715,18,2226,2244,completed,1
4710,Rigid,688471,688489,697766,18,9277,9295,completed,1
4711,Rigid,688471,688489,690430,18,1941,1959,completed,1
4712,Rigid,688471,688489,690668,18,2179,2197,completed,1
4713,Rigid,688471,688489,699887,18,11398,11416,completed,1
4714,Rigid,688471,688489,690489,18,2000,2018,completed,1
4715,Rigid,688471,688489,690721,18,2232,2250,completed,1
4716,Rigid,688471,688489,698977,18,10488,10506,completed,1
4717,Rigid,688471,688489,690571,18,2082,2100,completed,1
4718,Rigid,688471,688489,690623,18,2134,2152,completed,1
4719,Rigid,688471,688489,698312,18,9823,9841,completed,1
4720,Rigid,688471,688489,690460,18,1971,1989,completed,1
4721,Rigid,688471,688489,690613,18,2124,2142,completed,1
4722,Rigid,688471,688489,701577,18,13088,13106,completed,1
4723,Rigid,688471,688489,690606,18,2117,2135,completed,1
4724,Rigid,688471,688489,690680,18,2191,2209,completed,1
4725,Rigid,688471,688489,696998,18,8509,8527,completed,1
4726,Rigid,688471,688489,690723,18,2234,2252,completed,1
4727,Rigid,688471,688489,690723,18,2234,2252,completed,1
4728,Rigid,688471,688489,697818,18,9329,9347,completed,1
4729,Rigid,688471,688489,690439,18,1950,1968,completed,1
4730,Rigid,688471,688489,690722,18,2233,2251,completed,1
4731,Rigid,688471,688489,700091,18,11602,11620,completed,1
4732,Rigid,688471,688489,690480,18,1991,2009,completed,1
4733,Rigid,688471,688489,690668,18,2179,2197,completed,1
4734,Rigid,688471,688489,698686,18,10197,10215,completed,1
4735,Rigid,688471,688489,690612,18,2123,2141,completed,1
4736,Rigid,688471,688489,690679,18,2190,2208,completed,1
4737,Rigid,688471,688489,697327,18,8838,8856,completed,1
4738,Rigid,688471,688489,690598,18,2109,2127,completed,1
4739,Rigid,688471,688489,690739,18,2250,2268,completed,1
4740,Rigid,688471,688489,698284,18,9795,9813,completed,1
4741,Rigid,688471,688489,690407,18,1918,1936,completed,1
4742,Rigid,688471,688489,690684,18,2195,2213,completed,1
4743,Rigid,688471,688489,699586,18,11097,11115,completed,1
4744,Rigid,688471,688489,690709,18,2220,2238,completed,1
4745,Rigid,688471,688489,690377,18,1888,1906,completed,1
4746,Rigid,688677,688678,705659,1,16981,16982,completed,144
4747,Rigid,688681,688682,688767,1,85,86,completed,72
4748,Rigid,688735,688735,688877,0,142,142,completed,1
4749,Rigid,688787,688788,775199,1,86411,86412,completed,72
4750,Rigid,688839,688839,689585,0,746,746,completed,72
4751,Rigid,689080,689081,689173,1,92,93,completed,36
4752,Rigid,689109,689109,689179,0,70,70,completed,36
4753,Rigid,689327,689327,689402,0,75,75,completed,36
4754,Rigid,689393,689394,689397,1,3,4,completed,36
4755,Rigid,689474,689475,689551,1,76,77,completed,36
4756,Rigid,689494,689495,689651,1,156,157,completed,36
4757,Rigid,689767,689767,689777,0,10,10,completed,72
4758,Rigid,689827,689828,689838,1,10,11,completed,72
4759,Rigid,689918,689919,689929,1,10,11,completed,36
4760,Rigid,690029,690030,690078,1,48,49,completed,36
4761,Rigid,690108,690109,690118,1,9,10,completed,36
4762,Rigid,690126,690126,690131,0,5,5,completed,36
4763,Rigid,690170,690171,690179,1,8,9,completed,36
4764,Rigid,690282,690282,690290,0,8,8,completed,36
4765,Rigid,690376,690377,690382,1,5,6,completed,36
4766,Rigid,690412,690414,690420,2,6,8,completed,36
4767,Rigid,690442,690443,690452,1,9,10,completed,36
4768,Rigid,690486,690486,690559,0,73,73,completed,36
4769,Rigid,690496,690496,1036109,0,345613,345613,completed,1
4770,Rigid,690670,690671,690678,1,7,8,completed,36
4771,Rigid,690686,690686,690694,0,8,8,completed,36
4772,Rigid,690734,690735,690739,1,4,5,completed,36
4773,Rigid,690755,690756,690831,1,75,76,completed,36
4774,Rigid,690918,690918,690994,0,76,76,completed,36
4775,Rigid,691188,691189,691604,1,415,416,completed,36
4776,Rigid,691353,691354,691425,1,71,72,completed,36
4777,Rigid,691608,691608,692356,0,748,748,completed,36
4778,Rigid,692117,692118,692190,1,72,73,completed,36
4779,Rigid,692349,692349,692421,0,72,72,completed,36
4780,Rigid,692559,692560,692631,1,71,72,completed,36
4781,Rigid,692836,692837,692850,1,13,14,completed,36
4782,Rigid,692882,692882,692912,0,30,30,completed,36
4783,Rigid,692956,692956,692986,0,30,30,completed,36
4784,Rigid,693157,693157,693324,0,167,167,completed,36
4785,Rigid,693306,693307,693336,1,29,30,completed,36
4786,Rigid,693338,693338,693344,0,6,6,completed,72
4787,Rigid,693367,693368,693393,1,25,26,completed,72
4788,Rigid,693406,693407,700353,1,6946,6947,completed,72
4789,Rigid,693435,693435,693464,0,29,29,completed,36
4790,Rigid,693452,693453,699910,1,6457,6458,completed,72
4791,Rigid,693484,693484,693571,0,87,87,completed,36
4792,Rigid,693579,693579,693603,0,24,24,completed,36
4793,Rigid,693630,693630,973770,0,280140,280140,completed,1
4794,Rigid,693693,693694,693767,1,73,74,completed,36
4795,Rigid,693709,693709,693739,0,30,30,completed,36
4796,Rigid,693843,693843,693941,0,98,98,completed,36
4797,Rigid,694019,694019,694399,0,380,380,completed,36
4798,Rigid,694178,694178,694194,0,16,16,completed,36
4799,Rigid,694239,694240,694262,1,22,23,completed,36
4800,Rigid,694246,694247,694271,1,24,25,completed,32
4801,Rigid,694328,694328,694346,0,18,18,completed,32
4802,Rigid,694393,694394,694409,1,15,16,completed,36
4803,Rigid,694411,694412,694435,1,23,24,completed,36
4804,Rigid,694483,694484,694508,1,24,25,completed,32
4805,Rigid,694533,694534,694556,1,22,23,completed,32
4806,Rigid,694578,694578,694693,0,115,115,completed,36
4807,Rigid,694605,694605,694613,0,8,8,completed,32
4808,Rigid,694674,694675,694694,1,19,20,completed,32
4809,Rigid,694691,694691,694997,0,306,306,completed,36
4810,Rigid,694702,694703,694708,1,5,6,completed,1
4811,Rigid,694785,694785,694790,0,5,5,completed,1
4812,Rigid,694871,694872,694991,1,119,120,completed,36
4813,Rigid,694871,694872,694874,1,2,3,completed,1
4814,Rigid,694927,694927,694929,0,2,2,completed,1
4815,Rigid,694947,694947,694958,0,11,11,completed,1
4816,Rigid,694975,694978,694980,3,2,5,completed,1
4817,Rigid,694997,694997,695273,0,276,276,completed,36
4818,Rigid,695029,695029,695032,0,3,3,completed,1
4819,Rigid,695047,695047,695059,0,12,12,completed,1
4820,Rigid,695050,695051,695054,1,3,4,completed,1
4821,Rigid,695074,695074,695085,0,11,11,completed,1
4822,Rigid,695075,695086,695098,11,12,23,completed,1
4823,Rigid,695086,695086,695089,0,3,3,completed,1
4824,Rigid,695090,695090,695456,0,366,366,completed,36
4825,Rigid,695151,695154,695222,3,68,71,completed,1
4826,Rigid,695193,782678,955482,87485,172804,260289,completed,144
4827,Rigid,695193,782678,955482,87485,172804,260289,completed,144
4828,Rigid,695193,782678,955482,87485,172804,260289,completed,144
4829,Rigid,695193,782678,955482,87485,172804,260289,completed,144
4830,Rigid,695193,782679,955482,87486,172803,260289,completed,144
4831,Rigid,695193,782679,955482,87486,172803,260289,completed,144
4832,Rigid,695235,695236,695258,1,22,23,completed,36
4833,Rigid,695247,695248,695254,1,6,7,completed,32
4834,Rigid,695254,695254,695258,0,4,4,completed,1
4835,Rigid,695309,695310,695329,1,19,20,completed,32
4836,Rigid,695387,695388,695413,1,25,26,completed,36
4837,Rigid,695426,695426,695505,0,79,79,completed,36
4838,Rigid,695456,695456,695479,0,23,23,completed,36
4839,Rigid,695493,695493,695551,0,58,58,completed,36
4840,Rigid,695503,695503,695542,0,39,39,completed,36
4841,Rigid,695557,695557,695922,0,365,365,completed,36
4842,Rigid,695561,695561,695581,0,20,20,completed,32
4843,Rigid,695598,695599,695603,1,4,5,completed,1
4844,Rigid,695617,695618,695622,1,4,5,completed,36
4845,Rigid,695628,695628,695777,0,149,149,completed,36
4846,Rigid,695650,695651,695655,1,4,5,completed,1
4847,Rigid,695679,695679,695683,0,4,4,completed,1
4848,Rigid,695696,695696,695715,0,19,19,completed,32
4849,Rigid,695737,695738,695757,1,19,20,completed,36
4850,Rigid,695739,695742,695743,3,1,4,completed,8
4851,Rigid,695739,695742,695743,3,1,4,completed,8
4852,Rigid,695739,695742,695743,3,1,4,completed,8
4853,Rigid,695739,695742,695743,3,1,4,completed,8
4854,Rigid,695739,695742,695743,3,1,4,completed,8
4855,Rigid,695739,695742,695743,3,1,4,completed,8
4856,Rigid,695739,695742,695743,3,1,4,completed,8
4857,Rigid,695739,695742,695743,3,1,4,completed,8
4858,Rigid,695739,695742,695743,3,1,4,completed,8
4859,Rigid,695740,695742,695743,2,1,3,completed,8
4860,Rigid,695740,695742,695743,2,1,3,completed,8
4861,Rigid,695740,695742,695743,2,1,3,completed,8
4862,Rigid,695740,695742,695743,2,1,3,completed,8
4863,Rigid,695740,695742,695743,2,1,3,completed,8
4864,Rigid,695740,695742,695743,2,1,3,completed,8
4865,Rigid,695741,695742,695743,1,1,2,completed,8
4866,Rigid,695741,695742,695743,1,1,2,completed,8
4867,Rigid,695747,695748,695751,1,3,4,completed,1
4868,Rigid,695779,695780,695783,1,3,4,completed,1
4869,Rigid,695811,695814,695815,3,1,4,completed,8
4870,Rigid,695812,695814,695815,2,1,3,completed,8
4871,Rigid,695812,695814,695815,2,1,3,completed,8
4872,Rigid,695813,695814,695815,1,1,2,completed,8
4873,Rigid,695814,695814,695815,0,1,1,completed,8
4874,Rigid,695814,695816,695817,2,1,3,completed,8
4875,Rigid,695815,695816,695817,1,1,2,completed,8
4876,Rigid,695816,695816,695817,0,1,1,completed,8
4877,Rigid,695817,695818,695819,1,1,2,completed,8
4878,Rigid,695817,695818,695819,1,1,2,completed,8
4879,Rigid,695818,695819,695820,1,1,2,completed,8
4880,Rigid,695819,695820,695822,1,2,3,completed,8
4881,Rigid,695820,695820,695822,0,2,2,completed,8
4882,Rigid,695821,695821,695822,0,1,1,completed,8
4883,Rigid,695822,695822,695823,0,1,1,completed,8
4884,Rigid,695823,695823,695824,0,1,1,completed,8
4885,Rigid,695823,695823,695824,0,1,1,completed,8
4886,Rigid,695836,695837,695838,1,1,2,completed,8
4887,Rigid,695837,695837,695838,0,1,1,completed,8
4888,Rigid,695837,695839,695840,2,1,3,completed,8
4889,Rigid,695838,695839,695840,1,1,2,completed,8
4890,Rigid,695839,695839,695840,0,1,1,completed,8
4891,Rigid,695840,695841,695842,1,1,2,completed,8
4892,Rigid,695841,695841,695842,0,1,1,completed,8
4893,Rigid,695842,695844,695845,2,1,3,completed,8
4894,Rigid,695842,695844,695845,2,1,3,completed,8
4895,Rigid,695843,695844,695845,1,1,2,completed,8
4896,Rigid,695844,695844,695845,0,1,1,completed,8
4897,Rigid,695845,695845,695846,0,1,1,completed,8
4898,Rigid,695845,695846,695847,1,1,2,completed,8
4899,Rigid,695846,695847,695848,1,1,2,completed,8
4900,Rigid,695847,695847,695849,0,2,2,completed,8
4901,Rigid,695848,695848,695850,0,2,2,completed,8
4902,Rigid,695848,695849,695850,1,1,2,completed,8
4903,Rigid,695868,695868,695871,0,3,3,completed,1
4904,Rigid,695888,695888,695895,0,7,7,completed,36
4905,Rigid,695894,695894,695898,0,4,4,completed,72
4906,Rigid,695909,695910,695939,1,29,30,completed,36
4907,Rigid,695969,695970,696000,1,30,31,completed,32
4908,Rigid,695971,695974,696037,3,63,66,completed,8
4909,Rigid,695989,695989,696020,0,31,31,completed,36
4910,Rigid,696024,696024,696041,0,17,17,completed,36
4911,Rigid,696069,696069,696091,0,22,22,completed,32
4912,Rigid,696172,696174,696216,2,42,44,completed,8
4913,Rigid,696233,696234,696235,1,1,2,completed,8
4914,Rigid,696234,696234,696235,0,1,1,completed,8
4915,Rigid,696234,696236,696237,2,1,3,completed,8
4916,Rigid,696235,696236,696237,1,1,2,completed,8
4917,Rigid,696236,696238,696239,2,1,3,completed,8
4918,Rigid,696237,696238,696239,1,1,2,completed,8
4919,Rigid,696238,696238,696240,0,2,2,completed,8
4920,Rigid,696239,696239,696240,0,1,1,completed,8
4921,Rigid,696239,696240,696242,1,2,3,completed,8
4922,Rigid,696240,696240,696242,0,2,2,completed,8
4923,Rigid,696241,696241,696243,0,2,2,completed,8
4924,Rigid,696242,696242,696243,0,1,1,completed,8
4925,Rigid,696243,696243,696245,0,2,2,completed,8
4926,Rigid,696243,696244,696245,1,1,2,completed,8
4927,Rigid,696244,696245,696246,1,1,2,completed,8
4928,Rigid,696245,696246,696247,1,1,2,completed,8
4929,Rigid,696246,696246,696247,0,1,1,completed,8
4930,Rigid,696255,696256,696277,1,21,22,completed,32
4931,Rigid,696271,696272,696273,1,1,2,completed,8
4932,Rigid,696271,696272,696273,1,1,2,completed,8
4933,Rigid,696272,696274,696275,2,1,3,completed,8
4934,Rigid,696273,696274,696275,1,1,2,completed,8
4935,Rigid,696274,696276,696278,2,2,4,completed,8
4936,Rigid,696275,696276,696278,1,2,3,completed,8
4937,Rigid,696276,696277,696278,1,1,2,completed,8
4938,Rigid,696278,696279,696280,1,1,2,completed,8
4939,Rigid,696279,696279,696280,0,1,1,completed,8
4940,Rigid,696280,696280,696281,0,1,1,completed,8
4941,Rigid,696281,696281,696283,0,2,2,completed,8
4942,Rigid,696282,696282,696283,0,1,1,completed,8
4943,Rigid,696283,696284,696285,1,1,2,completed,8
4944,Rigid,696303,696303,696304,0,1,1,completed,8
4945,Rigid,696303,696305,696306,2,1,3,completed,8
4946,Rigid,696304,696305,696306,1,1,2,completed,8
4947,Rigid,696305,696305,696307,0,2,2,completed,8
4948,Rigid,696306,696307,696308,1,1,2,completed,8
4949,Rigid,696307,696308,696309,1,1,2,completed,8
4950,Rigid,696308,696310,696311,2,1,3,completed,8
4951,Rigid,696310,696310,696311,0,1,1,completed,8
4952,Rigid,696311,696311,696313,0,2,2,completed,8
4953,Rigid,696312,696312,696314,0,2,2,completed,8
4954,Rigid,696313,696314,696315,1,1,2,completed,8
4955,Rigid,696314,696314,696315,0,1,1,completed,8
4956,Rigid,696315,696315,696316,0,1,1,completed,8
4957,Rigid,696531,696534,696535,3,1,4,completed,8
4958,Rigid,696531,696534,696535,3,1,4,completed,8
4959,Rigid,696532,696534,696535,2,1,3,completed,8
4960,Rigid,696533,696534,696535,1,1,2,completed,8
4961,Rigid,696534,696536,696537,2,1,3,completed,8
4962,Rigid,696535,696536,696537,1,1,2,completed,8
4963,Rigid,696536,696536,696538,0,2,2,completed,8
4964,Rigid,696537,696538,696539,1,1,2,completed,8
4965,Rigid,696538,696539,696540,1,1,2,completed,8
4966,Rigid,696540,696541,696542,1,1,2,completed,8
4967,Rigid,696541,696542,696543,1,1,2,completed,8
4968,Rigid,696541,696542,696543,1,1,2,completed,8
4969,Rigid,696543,696543,696544,0,1,1,completed,8
4970,Rigid,696714,696715,696968,1,253,254,completed,8
4971,Rigid,696714,696715,696918,1,203,204,completed,8
4972,Rigid,696714,696715,697257,1,542,543,completed,8
4973,Rigid,696714,696715,697208,1,493,494,completed,8
4974,Rigid,696714,696715,697196,1,481,482,completed,8
4975,Rigid,696714,696715,697184,1,469,470,completed,8
4976,Rigid,696714,696715,697185,1,470,471,completed,8
4977,Rigid,696715,696715,697183,0,468,468,completed,8
4978,Rigid,696715,696715,697184,0,469,469,completed,8
4979,Rigid,696715,696715,697184,0,469,469,completed,8
4980,Rigid,696715,696715,697187,0,472,472,completed,8
4981,Rigid,696715,696719,697184,4,465,469,completed,8
4982,Rigid,696715,696719,697217,4,498,502,completed,8
4983,Rigid,696715,696719,697189,4,470,474,completed,8
4984,Rigid,696715,696719,697190,4,471,475,completed,8
4985,Rigid,696715,696719,697195,4,476,480,completed,8
4986,Rigid,696716,696719,697037,3,318,321,completed,8
4987,Rigid,696717,696719,696749,2,30,32,completed,36
4988,Rigid,696868,696868,696899,0,31,31,completed,32
4989,Rigid,696951,696954,697017,3,63,66,completed,36
4990,Rigid,696982,696982,696986,0,4,4,completed,36
4991,Rigid,697054,697054,697163,0,109,109,completed,1
4992,Rigid,697089,697089,697228,0,139,139,completed,36
4993,Rigid,697109,697110,697123,1,13,14,completed,36
4994,Rigid,697225,697225,697239,0,14,14,completed,36
4995,Rigid,697255,697255,697285,0,30,30,completed,36
4996,Rigid,697296,697296,697352,0,56,56,completed,1
4997,Rigid,697459,697460,697490,1,30,31,completed,36
4998,Rigid,697545,697546,697685,1,139,140,completed,36
4999,Rigid,697813,697813,697955,0,142,142,completed,36
5000,Rigid,697832,697832,701193,0,3361,3361,completed,1
5001,Rigid,697939,697940,697994,1,54,55,completed,1
5002,Rigid,698083,698084,698142,1,58,59,completed,36
5003,Rigid,698222,698222,698383,0,161,161,completed,36
5004,Rigid,698321,698321,698415,0,94,94,completed,32
5005,Rigid,698348,698349,698358,1,9,10,completed,36
5006,Rigid,698422,698423,698430,1,7,8,completed,36
5007,Rigid,698538,698539,698703,1,164,165,completed,32
5008,Rigid,698547,698548,698550,1,2,3,completed,72
5009,Rigid,698575,698575,698648,0,73,73,completed,1
5010,Rigid,698611,698611,698926,0,315,315,completed,144
5011,Rigid,698803,698803,699162,0,359,359,completed,36
5012,Rigid,698980,698980,699047,0,67,67,completed,1
5013,Rigid,699119,699120,699198,1,78,79,completed,1
5014,Rigid,699148,699149,699191,1,42,43,completed,1
5015,Rigid,699330,699330,699525,0,195,195,completed,1
5016,Rigid,699360,699360,699400,0,40,40,completed,1
5017,Rigid,699564,699564,699649,0,85,85,completed,1
5018,Rigid,699568,699569,699683,1,114,115,completed,32
5019,Rigid,699657,699657,699960,0,303,303,completed,36
5020,Rigid,699702,699703,699714,1,11,12,completed,1
5021,Rigid,699828,699828,709835,0,10007,10007,completed,1
5022,Rigid,699828,699828,701992,0,2164,2164,completed,1
5023,Rigid,699828,699828,702107,0,2279,2279,completed,1
5024,Rigid,699828,699828,711964,0,12136,12136,completed,1
5025,Rigid,699828,699828,702118,0,2290,2290,completed,1
5026,Rigid,699828,699828,702185,0,2357,2357,completed,1
5027,Rigid,699828,699828,711629,0,11801,11801,completed,1
5028,Rigid,699828,699828,702073,0,2245,2245,completed,1
5029,Rigid,699828,699828,702124,0,2296,2296,completed,1
5030,Rigid,699828,699828,712023,0,12195,12195,completed,1
5031,Rigid,699828,699828,701867,0,2039,2039,completed,1
5032,Rigid,699828,699828,702096,0,2268,2268,completed,1
5033,Rigid,699828,699828,711494,0,11666,11666,completed,1
5034,Rigid,699828,699828,702018,0,2190,2190,completed,1
5035,Rigid,699828,699828,702228,0,2400,2400,completed,1
5036,Rigid,699828,699828,709538,0,9710,9710,completed,1
5037,Rigid,699828,699828,702151,0,2323,2323,completed,1
5038,Rigid,699828,699828,702099,0,2271,2271,completed,1
5039,Rigid,699828,699828,708357,0,8529,8529,completed,1
5040,Rigid,699828,699828,701751,0,1923,1923,completed,1
5041,Rigid,699828,699829,701940,1,2111,2112,completed,1
5042,Rigid,699828,699829,708357,1,8528,8529,completed,1
5043,Rigid,699828,699829,702026,1,2197,2198,completed,1
5044,Rigid,699828,699829,702037,1,2208,2209,completed,1
5045,Rigid,699828,699829,709252,1,9423,9424,completed,1
5046,Rigid,699828,699829,701974,1,2145,2146,completed,1
5047,Rigid,699828,699829,701960,1,2131,2132,completed,1
5048,Rigid,699828,699829,708817,1,8988,8989,completed,1
5049,Rigid,699828,699829,701777,1,1948,1949,completed,1
5050,Rigid,699828,699829,702061,1,2232,2233,completed,1
5051,Rigid,699828,699829,710024,1,10195,10196,completed,1
5052,Rigid,699828,699829,701941,1,2112,2113,completed,1
5053,Rigid,699828,699829,701734,1,1905,1906,completed,1
5054,Rigid,699828,699829,709347,1,9518,9519,completed,1
5055,Rigid,699828,699829,701906,1,2077,2078,completed,1
5056,Rigid,699828,699829,702394,1,2565,2566,completed,1
5057,Rigid,699828,699829,711794,1,11965,11966,completed,1
5058,Rigid,699828,699829,701983,1,2154,2155,completed,1
5059,Rigid,699828,699829,702068,1,2239,2240,completed,1
5060,Rigid,699828,699829,711447,1,11618,11619,completed,1
5061,Rigid,699828,699829,701912,1,2083,2084,completed,1
5062,Rigid,699828,699829,702072,1,2243,2244,completed,1
5063,Rigid,699828,699829,711201,1,11372,11373,completed,1
5064,Rigid,699828,699829,702019,1,2190,2191,completed,1
5065,Rigid,699828,699829,702110,1,2281,2282,completed,1
5066,Rigid,699828,699829,709909,1,10080,10081,completed,1
5067,Rigid,699828,699829,702019,1,2190,2191,completed,1
5068,Rigid,699828,699829,702162,1,2333,2334,completed,1
5069,Rigid,699828,699829,709043,1,9214,9215,completed,1
5070,Rigid,699828,699829,702024,1,2195,2196,completed,1
5071,Rigid,699828,699829,702087,1,2258,2259,completed,1
5072,Rigid,699828,699829,710379,1,10550,10551,completed,1
5073,Rigid,699828,699829,701946,1,2117,2118,completed,1
5074,Rigid,699828,699829,702442,1,2613,2614,completed,1
5075,Rigid,699828,699829,714052,1,14223,14224,completed,1
5076,Rigid,699828,699829,702467,1,2638,2639,completed,1
5077,Rigid,699828,699829,702494,1,2665,2666,completed,1
5078,Rigid,699828,699829,710402,1,10573,10574,completed,1
5079,Rigid,699828,699829,702131,1,2302,2303,completed,1
5080,Rigid,699828,699829,702186,1,2357,2358,completed,1
5081,Rigid,699828,699829,709470,1,9641,9642,completed,1
5082,Rigid,699828,699829,701885,1,2056,2057,completed,1
5083,Rigid,699828,699829,702194,1,2365,2366,completed,1
5084,Rigid,699828,699829,711060,1,11231,11232,completed,1
5085,Rigid,699828,699829,702138,1,2309,2310,completed,1
5086,Rigid,699828,699829,702006,1,2177,2178,completed,1
5087,Rigid,699828,699829,711722,1,11893,11894,completed,1
5088,Rigid,699828,699829,701879,1,2050,2051,completed,1
5089,Rigid,699828,699829,702108,1,2279,2280,completed,1
5090,Rigid,699828,699829,709257,1,9428,9429,completed,1
5091,Rigid,699828,699829,702073,1,2244,2245,completed,1
5092,Rigid,699828,699829,701888,1,2059,2060,completed,1
5093,Rigid,699828,699829,708324,1,8495,8496,completed,1
5094,Rigid,699828,699829,702017,1,2188,2189,completed,1
5095,Rigid,699828,699829,701983,1,2154,2155,completed,1
5096,Rigid,699828,699829,708652,1,8823,8824,completed,1
5097,Rigid,699828,699829,701781,1,1952,1953,completed,1
5098,Rigid,699828,699829,701990,1,2161,2162,completed,1
5099,Rigid,699828,699829,708029,1,8200,8201,completed,1
5100,Rigid,699828,699829,702004,1,2175,2176,completed,1
5101,Rigid,699828,699829,702091,1,2262,2263,completed,1
5102,Rigid,699828,699829,708641,1,8812,8813,completed,1
5103,Rigid,699828,699829,701944,1,2115,2116,completed,1
5104,Rigid,699828,699829,702066,1,2237,2238,completed,1
5105,Rigid,699828,699829,711976,1,12147,12148,completed,1
5106,Rigid,699828,699829,702134,1,2305,2306,completed,1
5107,Rigid,699828,699829,702076,1,2247,2248,completed,1
5108,Rigid,699828,699829,708700,1,8871,8872,completed,1
5109,Rigid,699828,699829,701941,1,2112,2113,completed,1
5110,Rigid,699828,699829,702079,1,2250,2251,completed,1
5111,Rigid,699828,699829,710205,1,10376,10377,completed,1
5112,Rigid,699828,699829,701965,1,2136,2137,completed,1
5113,Rigid,699828,699829,702004,1,2175,2176,completed,1
5114,Rigid,699828,699829,710567,1,10738,10739,completed,1
5115,Rigid,699828,699829,701758,1,1929,1930,completed,1
5116,Rigid,699828,699829,701982,1,2153,2154,completed,1
5117,Rigid,699828,699829,712655,1,12826,12827,completed,1
5118,Rigid,699828,699829,702108,1,2279,2280,completed,1
5119,Rigid,699828,699829,701970,1,2141,2142,completed,1
5120,Rigid,699828,699829,710516,1,10687,10688,completed,1
5121,Rigid,699828,699829,702916,1,3087,3088,completed,1
5122,Rigid,699828,699829,702738,1,2909,2910,completed,1
5123,Rigid,699828,699829,710643,1,10814,10815,completed,1
5124,Rigid,699828,699829,703073,1,3244,3245,completed,1
5125,Rigid,699828,699829,702488,1,2659,2660,completed,1
5126,Rigid,699828,699829,710375,1,10546,10547,completed,1
5127,Rigid,699828,699829,702775,1,2946,2947,completed,1
5128,Rigid,699828,699829,702472,1,2643,2644,completed,1
5129,Rigid,699828,699829,713287,1,13458,13459,completed,1
5130,Rigid,699828,699829,702961,1,3132,3133,completed,1
5131,Rigid,699828,699829,702507,1,2678,2679,completed,1
5132,Rigid,699828,699829,711196,1,11367,11368,completed,1
5133,Rigid,699828,699829,702964,1,3135,3136,completed,1
5134,Rigid,699828,699829,702396,1,2567,2568,completed,1
5135,Rigid,699828,699829,711552,1,11723,11724,completed,1
5136,Rigid,699828,699829,703142,1,3313,3314,completed,1
5137,Rigid,699828,699829,702627,1,2798,2799,completed,1
5138,Rigid,699828,699829,711247,1,11418,11419,completed,1
5139,Rigid,699828,699829,703026,1,3197,3198,completed,1
5140,Rigid,699828,699829,702754,1,2925,2926,completed,1
5141,Rigid,699828,699829,712412,1,12583,12584,completed,1
5142,Rigid,699828,699829,703060,1,3231,3232,completed,1
5143,Rigid,699828,699829,702798,1,2969,2970,completed,1
5144,Rigid,699828,699829,710670,1,10841,10842,completed,1
5145,Rigid,699828,699829,702935,1,3106,3107,completed,1
5146,Rigid,699828,699829,702699,1,2870,2871,completed,1
5147,Rigid,699828,699829,710265,1,10436,10437,completed,1
5148,Rigid,699828,699829,702754,1,2925,2926,completed,1
5149,Rigid,699828,699829,702804,1,2975,2976,completed,1
5150,Rigid,699828,699829,711381,1,11552,11553,completed,1
5151,Rigid,699828,699829,702906,1,3077,3078,completed,1
5152,Rigid,699828,699829,702813,1,2984,2985,completed,1
5153,Rigid,699828,699829,710991,1,11162,11163,completed,1
5154,Rigid,699828,699829,702990,1,3161,3162,completed,1
5155,Rigid,699828,699829,702863,1,3034,3035,completed,1
5156,Rigid,699828,699829,711322,1,11493,11494,completed,1
5157,Rigid,699828,699829,702935,1,3106,3107,completed,1
5158,Rigid,699828,699829,702702,1,2873,2874,completed,1
5159,Rigid,699828,699829,712017,1,12188,12189,completed,1
5160,Rigid,699828,699829,703020,1,3191,3192,completed,1
5161,Rigid,699828,699829,702618,1,2789,2790,completed,1
5162,Rigid,699828,699829,712599,1,12770,12771,completed,1
5163,Rigid,699828,699829,702974,1,3145,3146,completed,1
5164,Rigid,699828,699829,702852,1,3023,3024,completed,1
5165,Rigid,699828,699829,711078,1,11249,11250,completed,1
5166,Rigid,699828,699829,703057,1,3228,3229,completed,1
5167,Rigid,699828,699829,702835,1,3006,3007,completed,1
5168,Rigid,699828,699829,710935,1,11106,11107,completed,1
5169,Rigid,699828,699829,702996,1,3167,3168,completed,1
5170,Rigid,699828,699829,702631,1,2802,2803,completed,1
5171,Rigid,699828,699829,711725,1,11896,11897,completed,1
5172,Rigid,699828,699829,703072,1,3243,3244,completed,1
5173,Rigid,699828,699829,702397,1,2568,2569,completed,1
5174,Rigid,699828,699829,710804,1,10975,10976,completed,1
5175,Rigid,699828,699831,703230,3,3399,3402,completed,1
5176,Rigid,699828,699831,702780,3,2949,2952,completed,1
5177,Rigid,699828,699831,711802,3,11971,11974,completed,1
5178,Rigid,699828,699831,703145,3,3314,3317,completed,1
5179,Rigid,699828,699831,702856,3,3025,3028,completed,1
5180,Rigid,699828,699831,712067,3,12236,12239,completed,1
5181,Rigid,699828,699831,702989,3,3158,3161,completed,1
5182,Rigid,699828,699831,702462,3,2631,2634,completed,1
5183,Rigid,699828,699831,710563,3,10732,10735,completed,1
5184,Rigid,699828,699831,702906,3,3075,3078,completed,1
5185,Rigid,699828,699831,702347,3,2516,2519,completed,1
5186,Rigid,699828,699831,711557,3,11726,11729,completed,1
5187,Rigid,699828,699831,702728,3,2897,2900,completed,1
5188,Rigid,699828,699831,702642,3,2811,2814,completed,1
5189,Rigid,699828,699831,711485,3,11654,11657,completed,1
5190,Rigid,699828,699831,703108,3,3277,3280,completed,1
5191,Rigid,699828,699831,702452,3,2621,2624,completed,1
5192,Rigid,699828,699831,710604,3,10773,10776,completed,1
5193,Rigid,699828,699831,702759,3,2928,2931,completed,1
5194,Rigid,699828,699831,702991,3,3160,3163,completed,1
5195,Rigid,699828,699831,712041,3,12210,12213,completed,1
5196,Rigid,699828,699831,702941,3,3110,3113,completed,1
5197,Rigid,699828,699831,702767,3,2936,2939,completed,1
5198,Rigid,699828,699831,711241,3,11410,11413,completed,1
5199,Rigid,699828,699831,703012,3,3181,3184,completed,1
5200,Rigid,699828,699831,702419,3,2588,2591,completed,1
5201,Rigid,699828,699831,712804,3,12973,12976,completed,1
5202,Rigid,699828,699831,703108,3,3277,3280,completed,1
5203,Rigid,699828,699831,702806,3,2975,2978,completed,1
5204,Rigid,699828,699831,712425,3,12594,12597,completed,1
5205,Rigid,699828,699831,702952,3,3121,3124,completed,1
5206,Rigid,699828,699831,702785,3,2954,2957,completed,1
5207,Rigid,699828,699831,710823,3,10992,10995,completed,1
5208,Rigid,699828,699831,703048,3,3217,3220,completed,1
5209,Rigid,699828,699831,702629,3,2798,2801,completed,1
5210,Rigid,699828,699831,710741,3,10910,10913,completed,1
5211,Rigid,699828,699831,702982,3,3151,3154,completed,1
5212,Rigid,699828,699831,702614,3,2783,2786,completed,1
5213,Rigid,699828,699831,712202,3,12371,12374,completed,1
5214,Rigid,699828,699831,702792,3,2961,2964,completed,1
5215,Rigid,699828,699831,702406,3,2575,2578,completed,1
5216,Rigid,699828,699831,711654,3,11823,11826,completed,1
5217,Rigid,699828,699831,702946,3,3115,3118,completed,1
5218,Rigid,699828,699831,702676,3,2845,2848,completed,1
5219,Rigid,699828,699831,713280,3,13449,13452,completed,1
5220,Rigid,699828,699831,703096,3,3265,3268,completed,1
5221,Rigid,699828,699831,702793,3,2962,2965,completed,1
5222,Rigid,699828,699831,710940,3,11109,11112,completed,1
5223,Rigid,699828,699831,702896,3,3065,3068,completed,1
5224,Rigid,699828,699831,702667,3,2836,2839,completed,1
5225,Rigid,699828,699831,710929,3,11098,11101,completed,1
5226,Rigid,699828,699831,703062,3,3231,3234,completed,1
5227,Rigid,699828,699831,702642,3,2811,2814,completed,1
5228,Rigid,699828,699831,710428,3,10597,10600,completed,1
5229,Rigid,699828,699831,702984,3,3153,3156,completed,1
5230,Rigid,699828,699831,702501,3,2670,2673,completed,1
5231,Rigid,699828,699831,709984,3,10153,10156,completed,1
5232,Rigid,699828,699831,702925,3,3094,3097,completed,1
5233,Rigid,699828,699831,702666,3,2835,2838,completed,1
5234,Rigid,699828,699831,710316,3,10485,10488,completed,1
5235,Rigid,699828,699831,703032,3,3201,3204,completed,1
5236,Rigid,699828,699831,702344,3,2513,2516,completed,1
5237,Rigid,699828,699831,711617,3,11786,11789,completed,1
5238,Rigid,699828,699831,703070,3,3239,3242,completed,1
5239,Rigid,699828,699831,703020,3,3189,3192,completed,1
5240,Rigid,699828,699831,710722,3,10891,10894,completed,1
5241,Rigid,699828,699831,702956,3,3125,3128,completed,1
5242,Rigid,699828,699831,702935,3,3104,3107,completed,1
5243,Rigid,699828,699831,712250,3,12419,12422,completed,1
5244,Rigid,699828,699831,702696,3,2865,2868,completed,1
5245,Rigid,699828,699831,702586,3,2755,2758,completed,1
5246,Rigid,699828,699831,711689,3,11858,11861,completed,1
5247,Rigid,699828,699831,702919,3,3088,3091,completed,1
5248,Rigid,699828,699831,702918,3,3087,3090,completed,1
5249,Rigid,699828,699831,710315,3,10484,10487,completed,1
5250,Rigid,699828,699831,702925,3,3094,3097,completed,1
5251,Rigid,699828,699831,702783,3,2952,2955,completed,1
5252,Rigid,699828,699831,710653,3,10822,10825,completed,1
5253,Rigid,699828,699831,702994,3,3163,3166,completed,1
5254,Rigid,699828,699831,702619,3,2788,2791,completed,1
5255,Rigid,699828,699831,710440,3,10609,10612,completed,1
5256,Rigid,699828,699831,702874,3,3043,3046,completed,1
5257,Rigid,699828,699831,702943,3,3112,3115,completed,1
5258,Rigid,699828,699831,710520,3,10689,10692,completed,1
5259,Rigid,699828,699831,702934,3,3103,3106,completed,1
5260,Rigid,699828,699831,702427,3,2596,2599,completed,1
5261,Rigid,699828,699831,710417,3,10586,10589,completed,1
5262,Rigid,699828,699831,703055,3,3224,3227,completed,1
5263,Rigid,699828,699831,702550,3,2719,2722,completed,1
5264,Rigid,699828,699831,712397,3,12566,12569,completed,1
5265,Rigid,699828,699831,703100,3,3269,3272,completed,1
5266,Rigid,699828,699831,703272,3,3441,3444,completed,1
5267,Rigid,699828,699831,709960,3,10129,10132,completed,1
5268,Rigid,699828,699831,702962,3,3131,3134,completed,1
5269,Rigid,699828,699831,702676,3,2845,2848,completed,1
5270,Rigid,699828,699831,711817,3,11986,11989,completed,1
5271,Rigid,699828,699831,712458,3,12627,12630,completed,1
5272,Rigid,699828,699831,712300,3,12469,12472,completed,1
5273,Rigid,699828,699831,785973,3,86142,86145,completed,1
5274,Rigid,699828,699831,712255,3,12424,12427,completed,1
5275,Rigid,699828,699831,712683,3,12852,12855,completed,1
5276,Rigid,699828,699831,792719,3,92888,92891,completed,1
5277,Rigid,699828,699831,712399,3,12568,12571,completed,1
5278,Rigid,699828,699831,712469,3,12638,12641,completed,1
5279,Rigid,699828,699831,788967,3,89136,89139,completed,1
5280,Rigid,699828,699831,712507,3,12676,12679,completed,1
5281,Rigid,699828,699831,712308,3,12477,12480,completed,1
5282,Rigid,699828,699831,775675,3,75844,75847,completed,1
5283,Rigid,699828,699831,713055,3,13224,13227,completed,1
5284,Rigid,699828,699831,712837,3,13006,13009,completed,1
5285,Rigid,699828,699831,775609,3,75778,75781,completed,1
5286,Rigid,699828,699831,712446,3,12615,12618,completed,1
5287,Rigid,699828,699831,712173,3,12342,12345,completed,1
5288,Rigid,699828,699831,786249,3,86418,86421,completed,1
5289,Rigid,699828,699831,712279,3,12448,12451,completed,1
5290,Rigid,699828,699832,713233,4,13401,13405,completed,1
5291,Rigid,699828,699832,781875,4,82043,82047,completed,1
5292,Rigid,699828,699832,714841,4,15009,15013,completed,1
5293,Rigid,699828,699832,712124,4,12292,12296,completed,1
5294,Rigid,699828,699832,798378,4,98546,98550,completed,1
5295,Rigid,699828,699832,712468,4,12636,12640,completed,1
5296,Rigid,699828,699832,712684,4,12852,12856,completed,1
5297,Rigid,699828,699832,797859,4,98027,98031,completed,1
5298,Rigid,699828,699832,712406,4,12574,12578,completed,1
5299,Rigid,699828,699832,712244,4,12412,12416,completed,1
5300,Rigid,699828,699832,774156,4,74324,74328,completed,1
5301,Rigid,699828,699832,712985,4,13153,13157,completed,1
5302,Rigid,699828,699832,713511,4,13679,13683,completed,1
5303,Rigid,699828,699832,781879,4,82047,82051,completed,1
5304,Rigid,699828,699832,713469,4,13637,13641,completed,1
5305,Rigid,699828,699832,712591,4,12759,12763,completed,1
5306,Rigid,699828,699832,784224,4,84392,84396,completed,1
5307,Rigid,699828,699832,712402,4,12570,12574,completed,1
5308,Rigid,699828,699832,712746,4,12914,12918,completed,1
5309,Rigid,699828,699832,797728,4,97896,97900,completed,1
5310,Rigid,699828,699832,712631,4,12799,12803,completed,1
5311,Rigid,699828,699832,712329,4,12497,12501,completed,1
5312,Rigid,699828,699832,787905,4,88073,88077,completed,1
5313,Rigid,699828,699832,712546,4,12714,12718,completed,1
5314,Rigid,699828,699832,712571,4,12739,12743,completed,1
5315,Rigid,699828,699832,791204,4,91372,91376,completed,1
5316,Rigid,699828,699832,712434,4,12602,12606,completed,1
5317,Rigid,699828,699832,711975,4,12143,12147,completed,1
5318,Rigid,699828,699832,792801,4,92969,92973,completed,1
5319,Rigid,699828,699832,713002,4,13170,13174,completed,1
5320,Rigid,699828,699832,714178,4,14346,14350,completed,1
5321,Rigid,699828,699832,792126,4,92294,92298,completed,1
5322,Rigid,699828,699832,712489,4,12657,12661,completed,1
5323,Rigid,699828,699832,713560,4,13728,13732,completed,1
5324,Rigid,699828,699832,784304,4,84472,84476,completed,1
5325,Rigid,699828,699832,712645,4,12813,12817,completed,1
5326,Rigid,699828,699832,712520,4,12688,12692,completed,1
5327,Rigid,699828,699832,788687,4,88855,88859,completed,1
5328,Rigid,699828,699832,712277,4,12445,12449,completed,1
5329,Rigid,699828,699832,712228,4,12396,12400,completed,1
5330,Rigid,699828,699832,795886,4,96054,96058,completed,1
5331,Rigid,699828,699832,713021,4,13189,13193,completed,1
5332,Rigid,699828,699832,712878,4,13046,13050,completed,1
5333,Rigid,699828,699832,795856,4,96024,96028,completed,1
5334,Rigid,699828,699832,712253,4,12421,12425,completed,1
5335,Rigid,699828,699832,712237,4,12405,12409,completed,1
5336,Rigid,699828,699832,800328,4,100496,100500,completed,1
5337,Rigid,699828,699832,713167,4,13335,13339,completed,1
5338,Rigid,699828,699832,712456,4,12624,12628,completed,1
5339,Rigid,699828,699832,779788,4,79956,79960,completed,1
5340,Rigid,699828,699832,712614,4,12782,12786,completed,1
5341,Rigid,699828,699832,712327,4,12495,12499,completed,1
5342,Rigid,699828,699832,801569,4,101737,101741,completed,1
5343,Rigid,699828,699832,712412,4,12580,12584,completed,1
5344,Rigid,699828,699832,712460,4,12628,12632,completed,1
5345,Rigid,699828,699832,767495,4,67663,67667,completed,1
5346,Rigid,699828,699832,712400,4,12568,12572,completed,1
5347,Rigid,699828,699832,713539,4,13707,13711,completed,1
5348,Rigid,699828,699832,766375,4,66543,66547,completed,1
5349,Rigid,699828,699832,713231,4,13399,13403,completed,1
5350,Rigid,699828,699832,712930,4,13098,13102,completed,1
5351,Rigid,699828,699832,762547,4,62715,62719,completed,1
5352,Rigid,699828,699832,712635,4,12803,12807,completed,1
5353,Rigid,699828,699832,712262,4,12430,12434,completed,1
5354,Rigid,699828,699832,805718,4,105886,105890,completed,1
5355,Rigid,699828,699832,714850,4,15018,15022,completed,1
5356,Rigid,699828,699832,714380,4,14548,14552,completed,1
5357,Rigid,699828,699832,780354,4,80522,80526,completed,1
5358,Rigid,699828,699832,712605,4,12773,12777,completed,1
5359,Rigid,699828,699832,712355,4,12523,12527,completed,1
5360,Rigid,699828,699832,783620,4,83788,83792,completed,1
5361,Rigid,699828,699832,712525,4,12693,12697,completed,1
5362,Rigid,699828,699832,712568,4,12736,12740,completed,1
5363,Rigid,699828,699832,794857,4,95025,95029,completed,1
5364,Rigid,699828,699832,712525,4,12693,12697,completed,1
5365,Rigid,699828,699832,713535,4,13703,13707,completed,1
5366,Rigid,699828,699832,795591,4,95759,95763,completed,1
5367,Rigid,699828,699832,712934,4,13102,13106,completed,1
5368,Rigid,699828,699832,712527,4,12695,12699,completed,1
5369,Rigid,699828,699832,810059,4,110227,110231,completed,1
5370,Rigid,699828,699832,712512,4,12680,12684,completed,1
5371,Rigid,699828,699832,712521,4,12689,12693,completed,1
5372,Rigid,699828,699832,813966,4,114134,114138,completed,1
5373,Rigid,699828,699832,713357,4,13525,13529,completed,1
5374,Rigid,699828,699832,713002,4,13170,13174,completed,1
5375,Rigid,699828,699832,790073,4,90241,90245,completed,1
5376,Rigid,699828,699832,713253,4,13421,13425,completed,1
5377,Rigid,699828,699832,712852,4,13020,13024,completed,1
5378,Rigid,699828,699832,803601,4,103769,103773,completed,1
5379,Rigid,699828,699832,713248,4,13416,13420,completed,1
5380,Rigid,699828,699832,712695,4,12863,12867,completed,1
5381,Rigid,699828,699832,808445,4,108613,108617,completed,1
5382,Rigid,699828,699832,712623,4,12791,12795,completed,1
5383,Rigid,699828,699832,714836,4,15004,15008,completed,1
5384,Rigid,699828,699832,801836,4,102004,102008,completed,1
5385,Rigid,699828,699832,712404,4,12572,12576,completed,1
5386,Rigid,699828,699832,712890,4,13058,13062,completed,1
5387,Rigid,699828,699832,763741,4,63909,63913,completed,1
5388,Rigid,699828,699832,713148,4,13316,13320,completed,1
5389,Rigid,699828,699832,712129,4,12297,12301,completed,1
5390,Rigid,699828,699832,761944,4,62112,62116,completed,1
5391,Rigid,699828,699832,713599,4,13767,13771,completed,1
5392,Rigid,699828,699832,712897,4,13065,13069,completed,1
5393,Rigid,699828,699832,798286,4,98454,98458,completed,1
5394,Rigid,699828,699832,715469,4,15637,15641,completed,1
5395,Rigid,699828,699832,714828,4,14996,15000,completed,1
5396,Rigid,699828,699832,796120,4,96288,96292,completed,1
5397,Rigid,699828,699832,713136,4,13304,13308,completed,1
5398,Rigid,699828,699832,712486,4,12654,12658,completed,1
5399,Rigid,699828,699832,803488,4,103656,103660,completed,1
5400,Rigid,699828,699832,715726,4,15894,15898,completed,1
5401,Rigid,699828,699832,715519,4,15687,15691,completed,1
5402,Rigid,699828,699832,801714,4,101882,101886,completed,1
5403,Rigid,699828,699832,713167,4,13335,13339,completed,1
5404,Rigid,699828,699832,713683,4,13851,13855,completed,1
5405,Rigid,699828,699832,786694,4,86862,86866,completed,1
5406,Rigid,699828,699832,712602,4,12770,12774,completed,1
5407,Rigid,699828,699832,714762,4,14930,14934,completed,1
5408,Rigid,699828,699832,802701,4,102869,102873,completed,1
5409,Rigid,699828,699832,714838,4,15006,15010,completed,1
5410,Rigid,699828,699832,714585,4,14753,14757,completed,1
5411,Rigid,699828,699832,802412,4,102580,102584,completed,1
5412,Rigid,699828,699832,715151,4,15319,15323,completed,1
5413,Rigid,699828,699832,712792,4,12960,12964,completed,1
5414,Rigid,699828,699832,779938,4,80106,80110,completed,1
5415,Rigid,699828,699832,712271,4,12439,12443,completed,1
5416,Rigid,699828,699832,712214,4,12382,12386,completed,1
5417,Rigid,699828,699832,793739,4,93907,93911,completed,1
5418,Rigid,699828,699832,712579,4,12747,12751,completed,1
5419,Rigid,699828,699832,712109,4,12277,12281,completed,1
5420,Rigid,699828,699832,791765,4,91933,91937,completed,1
5421,Rigid,699876,699876,699886,0,10,10,completed,1
5422,Rigid,699915,699918,701932,3,2014,2017,completed,32
5423,Rigid,699940,699941,699949,1,8,9,completed,1
5424,Rigid,699977,699978,700181,1,203,204,completed,72
5425,Rigid,699992,699992,700914,0,922,922,completed,36
5426,Rigid,700124,700124,700128,0,4,4,completed,36
5427,Rigid,700400,700401,700696,1,295,296,completed,36
5428,Rigid,700426,700427,700487,1,60,61,completed,36
5429,Rigid,700696,700696,709638,0,8942,8942,completed,144
5430,Rigid,701095,701095,701387,0,292,292,completed,36
5431,Rigid,701141,701141,702043,0,902,902,completed,36
5432,Rigid,701453,701455,701485,2,30,32,completed,36
5433,Rigid,701461,701461,701830,0,369,369,completed,36
5434,Rigid,701543,701546,701571,3,25,28,completed,36
5435,Rigid,702041,702041,702067,0,26,26,completed,36
5436,Rigid,702497,702498,702857,1,359,360,completed,36
5437,Rigid,702541,702542,702545,1,3,4,completed,72
5438,Rigid,702556,702557,702571,1,14,15,completed,72
5439,Rigid,702601,702601,702683,0,82,82,completed,32
5440,Rigid,702602,702605,702617,3,12,15,completed,1
5441,Rigid,702798,702798,702875,0,77,77,completed,72
5442,Rigid,702811,702812,702865,1,53,54,completed,36
5443,Rigid,702915,702916,702945,1,29,30,completed,36
5444,Rigid,702923,702924,702967,1,43,44,completed,72
5445,Rigid,702924,702924,702935,0,11,11,completed,1
5446,Rigid,702961,702962,702990,1,28,29,completed,36
5447,Rigid,702964,702965,704184,1,1219,1220,completed,72
5448,Rigid,702993,702993,703003,0,10,10,completed,36
5449,Rigid,703002,703003,703364,1,361,362,completed,36
5450,Rigid,703028,703029,703039,1,10,11,completed,1
5451,Rigid,703049,703050,704091,1,1041,1042,completed,36
5452,Rigid,703052,703054,703062,2,8,10,completed,36
5453,Rigid,703110,703111,703121,1,10,11,completed,36
5454,Rigid,703158,703159,703170,1,11,12,completed,36
5455,Rigid,703217,703218,703571,1,353,354,completed,36
5456,Rigid,703314,703315,703345,1,30,31,completed,36
5457,Rigid,703443,703444,703840,1,396,397,completed,36
5458,Rigid,703456,703456,703681,0,225,225,completed,36
5459,Rigid,703468,703468,703746,0,278,278,completed,36
5460,Rigid,703476,703476,703712,0,236,236,completed,36
5461,Rigid,703484,703485,703641,1,156,157,completed,36
5462,Rigid,703492,703495,703521,3,26,29,completed,36
5463,Rigid,703510,703510,703640,0,130,130,completed,36
5464,Rigid,703613,703615,703645,2,30,32,completed,36
5465,Rigid,703685,703686,703714,1,28,29,completed,36
5466,Rigid,703780,703780,703794,0,14,14,completed,36
5467,Rigid,703819,703819,704043,0,224,224,completed,36
5468,Rigid,703967,703967,704640,0,673,673,completed,36
5469,Rigid,704022,704022,704051,0,29,29,completed,36
5470,Rigid,704178,704179,704185,1,6,7,completed,1
5471,Rigid,704207,704208,704222,1,14,15,completed,36
5472,Rigid,704276,704277,704328,1,51,52,completed,36
5473,Rigid,704318,704319,704330,1,11,12,completed,1
5474,Rigid,704363,704363,704576,0,213,213,completed,36
5475,Rigid,704389,704389,704396,0,7,7,completed,1
5476,Rigid,704401,704401,704453,0,52,52,completed,36
5477,Rigid,704533,704534,704564,1,30,31,completed,36
5478,Rigid,704533,704641,705407,108,766,874,completed,36
5479,Rigid,704566,704567,704574,1,7,8,completed,1
5480,Rigid,704581,704581,704609,0,28,28,completed,36
5481,Rigid,704640,704641,704648,1,7,8,completed,1
5482,Rigid,704681,704681,704835,0,154,154,completed,144
5483,Rigid,704749,704749,704814,0,65,65,completed,36
5484,Rigid,704816,704817,704868,1,51,52,completed,36
5485,Rigid,704850,704851,704862,1,11,12,completed,1
5486,Rigid,704882,704883,704886,1,3,4,completed,32
5487,Rigid,704891,704891,704924,0,33,33,completed,36
5488,Rigid,704897,704897,704911,0,14,14,completed,144
5489,Rigid,704927,704927,704935,0,8,8,completed,1
5490,Rigid,705005,705006,705047,1,41,42,completed,36
5491,Rigid,705112,705115,819072,3,113957,113960,completed,72
5492,Rigid,705166,705166,705239,0,73,73,completed,36
5493,Rigid,705282,705283,705293,1,10,11,completed,1
5494,Rigid,705303,705304,705525,1,221,222,completed,36
5495,Rigid,705395,705395,705403,0,8,8,completed,1
5496,Rigid,705437,705437,705489,0,52,52,completed,36
5497,Rigid,705441,705441,705471,0,30,30,completed,36
5498,Rigid,705489,705490,705519,1,29,30,completed,36
5499,Rigid,705497,705498,705500,1,2,3,completed,1
5500,Rigid,705539,705539,705569,0,30,30,completed,36
5501,Rigid,705557,705557,705564,0,7,7,completed,1
5502,Rigid,705562,705562,705778,0,216,216,completed,36
5503,Rigid,705577,705577,708178,0,2601,2601,completed,36
5504,Rigid,705602,705603,705627,1,24,25,completed,1
5505,Rigid,705639,705639,705842,0,203,203,completed,36
5506,Rigid,705689,705689,759537,0,53848,53848,completed,1
5507,Rigid,705717,705717,705750,0,33,33,completed,36
5508,Rigid,705773,705775,784850,2,79075,79077,completed,36
5509,Rigid,705873,705873,706613,0,740,740,completed,36
5510,Rigid,705919,705920,705931,1,11,12,completed,1
5511,Rigid,706024,706025,706057,1,32,33,completed,36
5512,Rigid,706121,706121,706132,0,11,11,completed,1
5513,Rigid,706158,706159,706191,1,32,33,completed,36
5514,Rigid,706206,706207,706234,1,27,28,completed,36
5515,Rigid,706243,706244,706251,1,7,8,completed,1
5516,Rigid,706252,706255,706258,3,3,6,completed,144
5517,Rigid,706293,706293,706299,0,6,6,completed,1
5518,Rigid,706326,706326,706354,0,28,28,completed,36
5519,Rigid,706330,706330,706384,0,54,54,completed,36
5520,Rigid,706351,706351,706355,0,4,4,completed,144
5521,Rigid,706384,706384,706391,0,7,7,completed,1
5522,Rigid,706439,706439,706446,0,7,7,completed,1
5523,Rigid,706498,706499,706528,1,29,30,completed,36
5524,Rigid,706520,706520,706535,0,15,15,completed,1
5525,Rigid,706528,706529,706588,1,59,60,completed,1
5526,Rigid,706545,706546,706550,1,4,5,completed,144
5527,Rigid,706571,706571,706576,0,5,5,completed,4
5528,Rigid,706608,706608,706637,0,29,29,completed,36
5529,Rigid,706642,706643,706680,1,37,38,completed,36
5530,Rigid,706646,706646,706651,0,5,5,completed,4
5531,Rigid,706659,706660,706667,1,7,8,completed,1
5532,Rigid,706671,706672,706701,1,29,30,completed,36
5533,Rigid,706686,706687,706701,1,14,15,completed,144
5534,Rigid,706763,706763,706770,0,7,7,completed,1
5535,Rigid,706776,706777,706942,1,165,166,completed,144
5536,Rigid,706846,706847,706877,1,30,31,completed,36
5537,Rigid,706936,706937,707093,1,156,157,completed,144
5538,Rigid,707001,707002,707032,1,30,31,completed,36
5539,Rigid,707135,707135,708026,0,891,891,completed,36
5540,Rigid,707155,707156,707186,1,30,31,completed,36
5541,Rigid,707181,707182,707189,1,7,8,completed,1
5542,Rigid,707219,707220,707245,1,25,26,completed,36
5543,Rigid,707259,707260,707426,1,166,167,completed,144
5544,Rigid,707297,707298,707327,1,29,30,completed,36
5545,Rigid,707372,707373,707404,1,31,32,completed,36
5546,Rigid,707397,707397,707517,0,120,120,completed,1
5547,Rigid,707459,707459,707491,0,32,32,completed,36
5548,Rigid,707575,707576,707615,1,39,40,completed,36
5549,Rigid,707589,707590,707597,1,7,8,completed,1
5550,Rigid,707647,707647,707764,0,117,117,completed,1
5551,Rigid,707718,707719,707757,1,38,39,completed,36
5552,Rigid,707774,707775,707812,1,37,38,completed,36
5553,Rigid,707862,707862,707899,0,37,37,completed,36
5554,Rigid,707898,707899,708173,1,274,275,completed,144
5555,Rigid,707957,707958,707997,1,39,40,completed,36
5556,Rigid,708248,708249,708546,1,297,298,completed,144
5557,Rigid,708436,708437,708474,1,37,38,completed,36
5558,Rigid,708487,708488,708664,1,176,177,completed,36
5559,Rigid,708583,708583,708610,0,27,27,completed,36
5560,Rigid,708672,708672,708844,0,172,172,completed,36
5561,Rigid,708753,708753,708815,0,62,62,completed,1
5562,Rigid,708787,708787,708817,0,30,30,completed,36
5563,Rigid,708862,708863,709037,1,174,175,completed,36
5564,Rigid,708951,708951,708981,0,30,30,completed,36
5565,Rigid,709047,709047,709227,0,180,180,completed,36
5566,Rigid,709065,709066,709109,1,43,44,completed,36
5567,Rigid,709076,709077,709140,1,63,64,completed,1
5568,Rigid,709174,709174,709206,0,32,32,completed,36
5569,Rigid,709220,709228,709400,8,172,180,completed,36
5570,Rigid,709282,709283,709298,1,15,16,completed,36
5571,Rigid,709412,709413,709467,1,54,55,completed,36
5572,Rigid,709521,709522,709525,1,3,4,completed,36
5573,Rigid,709677,709678,710443,1,765,766,completed,36
5574,Rigid,709720,709721,711729,1,2008,2009,completed,36
5575,Rigid,709728,709728,709762,0,34,34,completed,36
5576,Rigid,709747,709748,709820,1,72,73,completed,36
5577,Rigid,709924,709924,710001,0,77,77,completed,36
5578,Rigid,709944,709945,709978,1,33,34,completed,36
5579,Rigid,710090,710090,710162,0,72,72,completed,36
5580,Rigid,710091,710093,710132,2,39,41,completed,36
5581,Rigid,710118,710119,710193,1,74,75,completed,36
5582,Rigid,710174,710175,710210,1,35,36,completed,36
5583,Rigid,710182,710185,710459,3,274,277,completed,144
5584,Rigid,710222,710222,710258,0,36,36,completed,36
5585,Rigid,710248,710248,710524,0,276,276,completed,72
5586,Rigid,710279,710280,710352,1,72,73,completed,36
5587,Rigid,710290,710290,710328,0,38,38,completed,36
5588,Rigid,710363,710364,710436,1,72,73,completed,36
5589,Rigid,710474,710474,710547,0,73,73,completed,36
5590,Rigid,710595,710595,711768,0,1173,1173,completed,144
5591,Rigid,710615,710616,710688,1,72,73,completed,36
5592,Rigid,710706,710707,710732,1,25,26,completed,36
5593,Rigid,710708,710711,710745,3,34,37,completed,36
5594,Rigid,710733,710734,710760,1,26,27,completed,36
5595,Rigid,710796,710796,711518,0,722,722,completed,180
5596,Rigid,710854,710854,710936,0,82,82,completed,36
5597,Rigid,710956,710957,711029,1,72,73,completed,36
5598,Rigid,711099,711099,711134,0,35,35,completed,36
5599,Rigid,711152,711153,711227,1,74,75,completed,36
5600,Rigid,711170,711170,711200,0,30,30,completed,36
5601,Rigid,711217,711218,711294,1,76,77,completed,36
5602,Rigid,711303,711304,711701,1,397,398,completed,36
5603,Rigid,711384,711384,711526,0,142,142,completed,36
5604,Rigid,711408,711409,711480,1,71,72,completed,36
5605,Rigid,711458,711459,711462,1,3,4,completed,36
5606,Rigid,711476,711477,711608,1,131,132,completed,36
5607,Rigid,711517,711517,732986,0,21469,21469,completed,360
5608,Rigid,711637,711637,711673,0,36,36,completed,36
5609,Rigid,711834,711837,711883,3,46,49,completed,36
5610,Rigid,711969,711969,712016,0,47,47,completed,144
5611,Rigid,711972,711973,712014,1,41,42,completed,36
5612,Rigid,712057,712057,714004,0,1947,1947,completed,36
5613,Rigid,712122,712122,712152,0,30,30,completed,36
5614,Rigid,712182,712182,719846,0,7664,7664,completed,360
5615,Rigid,712195,712197,712272,2,75,77,completed,36
5616,Rigid,712288,712288,722682,0,10394,10394,completed,360
5617,Rigid,712302,712302,712380,0,78,78,completed,36
5618,Rigid,712337,712338,712387,1,49,50,completed,36
5619,Rigid,712343,712344,791770,1,79426,79427,completed,252
5620,Rigid,712360,712360,712394,0,34,34,completed,36
5621,Rigid,712407,712407,712534,0,127,127,completed,36
5622,Rigid,712434,712435,720640,1,8205,8206,completed,360
5623,Rigid,712492,712493,712558,1,65,66,completed,36
5624,Rigid,712504,712505,712522,1,17,18,completed,360
5625,Rigid,712525,712525,712559,0,34,34,completed,36
5626,Rigid,712605,712606,712640,1,34,35,completed,36
5627,Rigid,712645,712645,712719,0,74,74,completed,36
5628,Rigid,712931,712931,713018,0,87,87,completed,36
5629,Rigid,713087,713088,866555,1,153467,153468,completed,360
5630,Rigid,713150,713150,713229,0,79,79,completed,36
5631,Rigid,713248,713248,713325,0,77,77,completed,36
5632,Rigid,713277,713278,713364,1,86,87,completed,36
5633,Rigid,713292,713293,713336,1,43,44,completed,36
5634,Rigid,713299,713302,713676,3,374,377,completed,36
5635,Rigid,713313,713314,886120,1,172806,172807,completed,144
5636,Rigid,713451,713452,713547,1,95,96,completed,36
5637,Rigid,713461,713462,722407,1,8945,8946,completed,144
5638,Rigid,713464,713466,713498,2,32,34,completed,36
5639,Rigid,713560,713560,713595,0,35,35,completed,36
5640,Rigid,713584,713585,713658,1,73,74,completed,36
5641,Rigid,713598,713599,713671,1,72,73,completed,36
5642,Rigid,713652,713653,713684,1,31,32,completed,36
5643,Rigid,713757,713757,713830,0,73,73,completed,36
5644,Rigid,713758,713761,713837,3,76,79,completed,36
5645,Rigid,713801,713802,714019,1,217,218,completed,36
5646,Rigid,713836,713836,713869,0,33,33,completed,36
5647,Rigid,713836,713836,713910,0,74,74,completed,36
5648,Rigid,713921,713921,713995,0,74,74,completed,36
5649,Rigid,714008,714008,714042,0,34,34,completed,36
5650,Rigid,714111,714111,714143,0,32,32,completed,36
5651,Rigid,714114,714117,714171,3,54,57,completed,36
5652,Rigid,714156,714157,714313,1,156,157,completed,36
5653,Rigid,714181,714181,714259,0,78,78,completed,36
5654,Rigid,714244,714245,714278,1,33,34,completed,36
5655,Rigid,714267,714267,714340,0,73,73,completed,36
5656,Rigid,714347,714347,714383,0,36,36,completed,36
5657,Rigid,714353,714353,714411,0,58,58,completed,36
5658,Rigid,714389,714390,714449,1,59,60,completed,36
5659,Rigid,714404,714405,714474,1,69,70,completed,36
5660,Rigid,714438,714439,714784,1,345,346,completed,36
5661,Rigid,714444,714447,714475,3,28,31,completed,36
5662,Rigid,714487,714488,714516,1,28,29,completed,36
5663,Rigid,714548,714548,714633,0,85,85,completed,36
5664,Rigid,714570,714571,714647,1,76,77,completed,36
5665,Rigid,714603,714604,714632,1,28,29,completed,36
5666,Rigid,714654,714657,714729,3,72,75,completed,36
5667,Rigid,714656,714657,714711,1,54,55,completed,36
5668,Rigid,714762,714762,714933,0,171,171,completed,36
5669,Rigid,714767,714767,714840,0,73,73,completed,36
5670,Rigid,714769,714771,714806,2,35,37,completed,36
5671,Rigid,714779,714780,1222425,1,507645,507646,completed,144
5672,Rigid,714834,714837,714867,3,30,33,completed,144
5673,Rigid,714872,714872,714945,0,73,73,completed,36
5674,Rigid,714889,714889,714948,0,59,59,completed,36
5675,Rigid,714895,714897,714900,2,3,5,completed,36
5676,Rigid,714920,714920,714948,0,28,28,completed,36
5677,Rigid,714937,714937,714951,0,14,14,completed,144
5678,Rigid,714962,714962,715016,0,54,54,completed,36
5679,Rigid,714978,714979,715052,1,73,74,completed,36
5680,Rigid,715042,715043,720581,1,5538,5539,completed,360
5681,Rigid,715168,715168,715197,0,29,29,completed,144
5682,Rigid,715258,715259,715318,1,59,60,completed,36
5683,Rigid,715325,715325,715354,0,29,29,completed,36
5684,Rigid,715326,715329,715354,3,25,28,completed,36
5685,Rigid,715393,715393,715467,0,74,74,completed,36
5686,Rigid,715464,715464,715493,0,29,29,completed,36
5687,Rigid,715470,715470,718287,0,2817,2817,completed,36
5688,Rigid,715475,715475,715533,0,58,58,completed,36
5689,Rigid,715552,715553,715595,1,42,43,completed,144
5690,Rigid,715565,715566,715568,1,2,3,completed,36
5691,Rigid,715606,715606,715642,0,36,36,completed,36
5692,Rigid,715648,715649,715702,1,53,54,completed,36
5693,Rigid,715680,715680,715716,0,36,36,completed,36
5694,Rigid,715703,715703,715768,0,65,65,completed,36
5695,Rigid,715740,715741,715777,1,36,37,completed,36
5696,Rigid,715796,715797,719290,1,3493,3494,completed,144
5697,Rigid,715891,715891,715967,0,76,76,completed,36
5698,Rigid,715964,715964,716001,0,37,37,completed,36
5699,Rigid,715967,715968,715977,1,9,10,completed,36
5700,Rigid,715968,715968,716446,0,478,478,completed,36
5701,Rigid,716026,716026,716054,0,28,28,completed,36
5702,Rigid,716028,716030,716039,2,9,11,completed,36
5703,Rigid,716089,716090,716098,1,8,9,completed,36
5704,Rigid,716097,716098,716126,1,28,29,completed,36
5705,Rigid,716112,716113,716123,1,10,11,completed,1
5706,Rigid,716145,716146,716218,1,72,73,completed,36
5707,Rigid,716159,716160,716165,1,5,6,completed,1
5708,Rigid,716187,716187,716215,0,28,28,completed,36
5709,Rigid,716201,716201,716206,0,5,5,completed,1
5710,Rigid,716234,716234,716239,0,5,5,completed,1
5711,Rigid,716266,716269,716274,3,5,8,completed,1
5712,Rigid,716362,716362,716425,0,63,63,completed,1
5713,Rigid,716363,716366,716371,3,5,8,completed,1
5714,Rigid,716466,716467,716532,1,65,66,completed,36
5715,Rigid,716511,716512,716539,1,27,28,completed,36
5716,Rigid,716956,716957,717313,1,356,357,completed,360
5717,Rigid,716999,717001,717029,2,28,30,completed,36
5718,Rigid,717062,717062,717069,0,7,7,completed,1
5719,Rigid,717210,717211,717218,1,7,8,completed,1
5720,Rigid,717211,717219,717226,8,7,15,completed,1
5721,Rigid,717255,717255,717329,0,74,74,completed,1
5722,Rigid,717299,717299,717326,0,27,27,completed,36
5723,Rigid,717304,717304,717751,0,447,447,completed,36
5724,Rigid,717602,717754,718512,152,758,910,completed,36
5725,Rigid,717816,717816,717840,0,24,24,completed,36
5726,Rigid,717834,717837,717861,3,24,27,completed,1
5727,Rigid,717878,717878,882747,0,164869,164869,completed,360
5728,Rigid,717941,717941,718009,0,68,68,completed,36
5729,Rigid,717967,717967,718444,0,477,477,completed,36
5730,Rigid,718273,718273,718309,0,36,36,completed,36
5731,Rigid,718378,718379,718406,1,27,28,completed,36
5732,Rigid,718464,718465,718943,1,478,479,completed,36
5733,Rigid,718690,718691,718730,1,39,40,completed,36
5734,Rigid,718875,718875,718880,0,5,5,completed,36
5735,Rigid,718905,718905,718943,0,38,38,completed,36
5736,Rigid,718918,718919,718953,1,34,35,completed,36
5737,Rigid,718937,718937,721762,0,2825,2825,completed,36
5738,Rigid,718968,718968,719002,0,34,34,completed,36
5739,Rigid,719034,719037,719040,3,3,6,completed,36
5740,Rigid,719205,719205,719239,0,34,34,completed,36
5741,Rigid,719263,719263,719266,0,3,3,completed,36
5742,Rigid,719302,719303,719340,1,37,38,completed,36
5743,Rigid,719373,719373,719408,0,35,35,completed,36
5744,Rigid,719398,719398,719401,0,3,3,completed,36
5745,Rigid,719448,719448,719483,0,35,35,completed,36
5746,Rigid,719526,719527,719530,1,3,4,completed,36
5747,Rigid,719534,719535,719567,1,32,33,completed,36
5748,Rigid,719567,719567,719570,0,3,3,completed,36
5749,Rigid,719642,719643,719685,1,42,43,completed,36
5750,Rigid,719652,719652,719688,0,36,36,completed,36
5751,Rigid,719687,719688,719713,1,25,26,completed,36
5752,Rigid,719734,719734,719769,0,35,35,completed,36
5753,Rigid,719858,719859,719862,1,3,4,completed,36
5754,Rigid,719904,719905,719945,1,40,41,completed,36
5755,Rigid,719996,719997,720101,1,104,105,completed,36
5756,Rigid,720066,720067,720106,1,39,40,completed,36
5757,Rigid,720177,720178,720217,1,39,40,completed,36
5758,Rigid,720183,720183,720259,0,76,76,completed,36
5759,Rigid,720188,720188,720252,0,64,64,completed,36
5760,Rigid,720307,720307,720337,0,30,30,completed,36
5761,Rigid,720342,720343,720405,1,62,63,completed,36
5762,Rigid,720473,720473,720501,0,28,28,completed,36
5763,Rigid,720704,720704,720732,0,28,28,completed,36
5764,Rigid,720909,720910,720975,1,65,66,completed,36
5765,Rigid,720962,720963,720990,1,27,28,completed,36
5766,Rigid,721114,721114,721137,0,23,23,completed,36
5767,Rigid,721151,721151,721188,0,37,37,completed,36
5768,Rigid,721229,721230,721293,1,63,64,completed,36
5769,Rigid,721236,721236,721320,0,84,84,completed,36
5770,Rigid,721312,721312,721373,0,61,61,completed,36
5771,Rigid,721472,721473,721532,1,59,60,completed,36
5772,Rigid,721550,721551,721615,1,64,65,completed,36
5773,Rigid,721961,721962,722020,1,58,59,completed,36
5774,Rigid,722061,722062,722089,1,27,28,completed,36
5775,Rigid,722185,722185,724110,0,1925,1925,completed,36
5776,Rigid,722333,722337,722370,4,33,37,completed,36
5777,Rigid,722433,722433,722459,0,26,26,completed,36
5778,Rigid,723154,723154,723179,0,25,25,completed,36
5779,Rigid,723402,723403,723460,1,57,58,completed,36
5780,Rigid,724453,724453,724513,0,60,60,completed,36
5781,Rigid,724586,724587,729413,1,4826,4827,completed,36
5782,Rigid,724796,724797,724862,1,65,66,completed,36
5783,Rigid,725085,725086,725124,1,38,39,completed,36
5784,Rigid,725377,725378,725405,1,27,28,completed,36
5785,Rigid,725527,725527,725588,0,61,61,completed,36
5786,Rigid,725923,725923,725978,0,55,55,completed,36
5787,Rigid,726058,726058,726119,0,61,61,completed,36
5788,Rigid,726064,726064,726092,0,28,28,completed,36
5789,Rigid,726139,726140,726143,1,3,4,completed,36
5790,Rigid,726148,726149,726184,1,35,36,completed,36
5791,Rigid,726193,726194,726247,1,53,54,completed,36
5792,Rigid,726276,726277,726344,1,67,68,completed,36
5793,Rigid,726392,726392,726420,0,28,28,completed,36
5794,Rigid,726403,726403,726463,0,60,60,completed,36
5795,Rigid,726530,726531,726559,1,28,29,completed,36
5796,Rigid,726737,726738,726766,1,28,29,completed,36
5797,Rigid,726922,726923,726951,1,28,29,completed,36
5798,Rigid,726938,726938,726942,0,4,4,completed,36
5799,Rigid,727161,727162,727190,1,28,29,completed,36
5800,Rigid,727242,727243,727300,1,57,58,completed,36
5801,Rigid,727384,727384,727439,0,55,55,completed,36
5802,Rigid,727449,727449,727476,0,27,27,completed,36
5803,Rigid,727570,727571,727663,1,92,93,completed,36
5804,Rigid,727812,727812,727840,0,28,28,completed,36
5805,Rigid,727982,727982,728010,0,28,28,completed,36
5806,Rigid,728038,728039,728068,1,29,30,completed,36
5807,Rigid,728110,728110,728165,0,55,55,completed,36
5808,Rigid,728144,728144,728194,0,50,50,completed,36
5809,Rigid,728209,728209,728213,0,4,4,completed,36
5810,Rigid,728357,728358,728386,1,28,29,completed,36
5811,Rigid,728517,728517,728545,0,28,28,completed,36
5812,Rigid,728558,728558,728612,0,54,54,completed,36
5813,Rigid,728652,728653,728706,1,53,54,completed,36
5814,Rigid,728707,728708,728782,1,74,75,completed,36
5815,Rigid,728765,728766,728825,1,59,60,completed,36
5816,Rigid,728838,728839,728906,1,67,68,completed,36
5817,Rigid,728894,728895,728947,1,52,53,completed,36
5818,Rigid,729093,729094,729161,1,67,68,completed,36
5819,Rigid,729443,729444,729452,1,8,9,completed,36
5820,Rigid,729456,729457,729465,1,8,9,completed,36
5821,Rigid,729836,729837,729912,1,75,76,completed,36
5822,Rigid,730078,730079,730157,1,78,79,completed,36
5823,Rigid,730222,730223,730229,1,6,7,completed,36
5824,Rigid,730232,730233,730308,1,75,76,completed,36
5825,Rigid,730285,730285,730315,0,30,30,completed,36
5826,Rigid,730689,730690,730765,1,75,76,completed,36
5827,Rigid,730809,730809,730819,0,10,10,completed,36
5828,Rigid,730842,730842,730851,0,9,9,completed,36
5829,Rigid,731404,731404,741752,0,10348,10348,completed,360
5830,Rigid,732856,732857,733225,1,368,369,completed,36
5831,Rigid,733535,733536,733564,1,28,29,completed,36
5832,Rigid,734146,734146,734174,0,28,28,completed,36
5833,Rigid,734783,734784,734823,1,39,40,completed,36
5834,Rigid,734929,734929,734974,0,45,45,completed,36
5835,Rigid,735021,735022,735030,1,8,9,completed,36
5836,Rigid,735039,735040,735048,1,8,9,completed,36
5837,Rigid,735118,735119,735151,1,32,33,completed,36
5838,Rigid,735118,735119,735146,1,27,28,completed,36
5839,Rigid,735155,735155,735159,0,4,4,completed,36
5840,Rigid,735188,735189,735217,1,28,29,completed,36
5841,Rigid,735266,735266,735294,0,28,28,completed,36
5842,Rigid,735332,735333,735363,1,30,31,completed,36
5843,Rigid,735375,735375,735405,0,30,30,completed,36
5844,Rigid,735566,735566,735595,0,29,29,completed,36
5845,Rigid,735676,735676,735707,0,31,31,completed,36
5846,Rigid,735683,735684,735712,1,28,29,completed,36
5847,Rigid,735729,735730,735758,1,28,29,completed,36
5848,Rigid,735756,735757,735799,1,42,43,completed,36
5849,Rigid,735774,735777,735805,3,28,31,completed,36
5850,Rigid,735828,735829,735839,1,10,11,completed,36
5851,Rigid,735914,735915,735942,1,27,28,completed,36
5852,Rigid,735958,735958,735985,0,27,27,completed,36
5853,Rigid,735999,736000,736007,1,7,8,completed,36
5854,Rigid,736017,736018,736044,1,26,27,completed,36
5855,Rigid,736063,736064,736090,1,26,27,completed,36
5856,Rigid,736466,736467,736494,1,27,28,completed,36
5857,Rigid,736513,736513,736541,0,28,28,completed,36
5858,Rigid,736608,736608,736635,0,27,27,completed,36
5859,Rigid,736732,736733,736823,1,90,91,completed,36
5860,Rigid,736902,736903,736974,1,71,72,completed,36
5861,Rigid,736911,736912,736915,1,3,4,completed,36
5862,Rigid,736959,736959,804593,0,67634,67634,completed,36
5863,Rigid,736961,736963,736966,2,3,5,completed,36
5864,Rigid,736991,736992,737019,1,27,28,completed,36
5865,Rigid,737065,737065,737426,0,361,361,completed,36
5866,Rigid,737083,737083,737110,0,27,27,completed,36
5867,Rigid,737307,737308,737335,1,27,28,completed,36
5868,Rigid,737350,737351,737377,1,26,27,completed,36
5869,Rigid,737404,737404,737463,0,59,59,completed,36
5870,Rigid,737409,737410,737435,1,25,26,completed,36
5871,Rigid,737489,737489,737517,0,28,28,completed,36
5872,Rigid,737591,737592,737619,1,27,28,completed,36
5873,Rigid,737640,737641,761808,1,24167,24168,completed,36
5874,Rigid,737678,737679,737705,1,26,27,completed,36
5875,Rigid,737731,737732,737759,1,27,28,completed,36
5876,Rigid,737835,737835,737862,0,27,27,completed,36
5877,Rigid,737893,737893,737920,0,27,27,completed,36
5878,Rigid,737935,737937,737990,2,53,55,completed,36
5879,Rigid,737969,737970,737997,1,27,28,completed,36
5880,Rigid,738012,738013,738040,1,27,28,completed,36
5881,Rigid,738246,738247,738250,1,3,4,completed,36
5882,Rigid,738382,738383,738410,1,27,28,completed,36
5883,Rigid,738432,738432,738441,0,9,9,completed,36
5884,Rigid,738444,738445,738471,1,26,27,completed,36
5885,Rigid,738532,738533,738543,1,10,11,completed,36
5886,Rigid,738580,738581,738590,1,9,10,completed,36
5887,Rigid,739240,739240,739249,0,9,9,completed,36
5888,Rigid,739287,739288,739296,1,8,9,completed,36
5889,Rigid,739572,739572,739582,0,10,10,completed,36
5890,Rigid,739798,739799,739845,1,46,47,completed,36
5891,Rigid,739820,739820,739828,0,8,8,completed,36
5892,Rigid,739914,739917,739926,3,9,12,completed,36
5893,Rigid,740057,740057,740066,0,9,9,completed,36
5894,Rigid,740505,740505,740514,0,9,9,completed,36
5895,Rigid,740643,740643,740654,0,11,11,completed,36
5896,Rigid,740824,740825,740924,1,99,100,completed,360
5897,Rigid,741146,741147,741155,1,8,9,completed,36
5898,Rigid,741164,741164,741171,0,7,7,completed,36
5899,Rigid,741778,741778,741787,0,9,9,completed,36
5900,Rigid,741927,741927,741936,0,9,9,completed,36
5901,Rigid,742064,742065,752649,1,10584,10585,completed,360
5902,Rigid,742252,742253,742281,1,28,29,completed,36
5903,Rigid,742609,742610,742618,1,8,9,completed,36
5904,Rigid,742660,742660,742667,0,7,7,completed,36
5905,Rigid,743217,743218,743221,1,3,4,completed,36
5906,Rigid,743288,743289,743420,1,131,132,completed,36
5907,Rigid,743329,743421,743551,92,130,222,completed,36
5908,Rigid,743343,743343,743472,0,129,129,completed,36
5909,Rigid,743645,743646,743683,1,37,38,completed,36
5910,Rigid,744170,744170,744179,0,9,9,completed,36
5911,Rigid,744335,744335,744344,0,9,9,completed,36
5912,Rigid,744525,744525,744680,0,155,155,completed,36
5913,Rigid,744691,744692,744701,1,9,10,completed,36
5914,Rigid,744751,744752,744760,1,8,9,completed,36
5915,Rigid,744790,744791,745705,1,914,915,completed,36
5916,Rigid,745038,745039,745042,1,3,4,completed,36
5917,Rigid,745049,745050,745053,1,3,4,completed,36
5918,Rigid,745050,745054,745057,4,3,7,completed,36
5919,Rigid,745861,745861,745908,0,47,47,completed,36
5920,Rigid,745943,745943,745947,0,4,4,completed,36
5921,Rigid,746005,746006,746009,1,3,4,completed,36
5922,Rigid,746024,746024,746047,0,23,23,completed,36
5923,Rigid,746029,746030,746106,1,76,77,completed,36
5924,Rigid,746169,746169,746271,0,102,102,completed,36
5925,Rigid,746205,746205,746304,0,99,99,completed,36
5926,Rigid,746206,746209,746310,3,101,104,completed,36
5927,Rigid,746257,746258,746267,1,9,10,completed,36
5928,Rigid,746381,746382,746483,1,101,102,completed,36
5929,Rigid,746381,746382,746484,1,102,103,completed,36
5930,Rigid,746382,746382,746479,0,97,97,completed,36
5931,Rigid,746461,746461,746469,0,8,8,completed,36
5932,Rigid,746520,746521,746529,1,8,9,completed,36
5933,Rigid,746540,746541,746549,1,8,9,completed,36
5934,Rigid,746598,746599,746607,1,8,9,completed,36
5935,Rigid,746623,746624,746632,1,8,9,completed,36
5936,Rigid,746676,746677,746685,1,8,9,completed,36
5937,Rigid,746760,746761,747229,1,468,469,completed,36
5938,Rigid,746760,746761,747224,1,463,464,completed,36
5939,Rigid,746761,746765,747242,4,477,481,completed,36
5940,Rigid,746810,746810,746820,0,10,10,completed,36
5941,Rigid,747011,747011,747020,0,9,9,completed,36
5942,Rigid,747019,747019,747139,0,120,120,completed,36
5943,Rigid,747020,747021,747139,1,118,119,completed,36
5944,Rigid,747020,747021,747139,1,118,119,completed,36
5945,Rigid,747096,747097,747105,1,8,9,completed,36
5946,Rigid,747111,747111,747119,0,8,8,completed,36
5947,Rigid,747363,747363,747482,0,119,119,completed,36
5948,Rigid,747364,747367,747483,3,116,119,completed,36
5949,Rigid,747364,747367,747475,3,108,111,completed,36
5950,Rigid,747465,747466,747475,1,9,10,completed,36
5951,Rigid,747693,747693,747792,0,99,99,completed,36
5952,Rigid,747698,747698,747797,0,99,99,completed,36
5953,Rigid,747705,747705,747805,0,100,100,completed,36
5954,Rigid,747807,747808,747817,1,9,10,completed,36
5955,Rigid,747856,747857,747860,1,3,4,completed,36
5956,Rigid,747856,747857,747860,1,3,4,completed,36
5957,Rigid,747857,747861,747864,4,3,7,completed,36
5958,Rigid,747972,747972,748069,0,97,97,completed,36
5959,Rigid,747972,747976,748066,4,90,94,completed,36
5960,Rigid,747972,747976,748074,4,98,102,completed,36
5961,Rigid,748086,748087,748096,1,9,10,completed,36
5962,Rigid,748100,748100,748109,0,9,9,completed,36
5963,Rigid,748149,748149,748188,0,39,39,completed,36
5964,Rigid,748175,748176,748184,1,8,9,completed,36
5965,Rigid,748234,748234,748278,0,44,44,completed,36
5966,Rigid,748234,748238,748284,4,46,50,completed,36
5967,Rigid,748235,748238,748281,3,43,46,completed,36
5968,Rigid,748285,748285,748324,0,39,39,completed,36
5969,Rigid,748285,748285,748323,0,38,38,completed,36
5970,Rigid,748286,748289,748327,3,38,41,completed,36
5971,Rigid,748308,748308,748317,0,9,9,completed,36
5972,Rigid,748455,748456,748465,1,9,10,completed,36
5973,Rigid,748906,748906,758787,0,9881,9881,completed,360
5974,Rigid,749562,749563,749615,1,52,53,completed,36
5975,Rigid,750718,750719,750852,1,133,134,completed,144
5976,Rigid,750861,750862,751672,1,810,811,completed,36
5977,Rigid,750867,750868,750871,1,3,4,completed,36
5978,Rigid,751101,751102,751109,1,7,8,completed,36
5979,Rigid,751103,751106,751184,3,78,81,completed,36
5980,Rigid,751207,751207,751214,0,7,7,completed,36
5981,Rigid,751264,751264,751270,0,6,6,completed,36
5982,Rigid,751316,751318,751323,2,5,7,completed,36
5983,Rigid,751368,751369,751796,1,427,428,completed,36
5984,Rigid,751368,751369,751388,1,19,20,completed,36
5985,Rigid,751450,751451,751483,1,32,33,completed,36
5986,Rigid,751519,751520,751560,1,40,41,completed,36
5987,Rigid,751544,751544,768717,0,17173,17173,completed,360
5988,Rigid,751600,751601,751642,1,41,42,completed,36
5989,Rigid,751782,751783,752297,1,514,515,completed,36
5990,Rigid,751889,751890,751930,1,40,41,completed,36
5991,Rigid,752040,752041,752043,1,2,3,completed,36
5992,Rigid,752050,752051,752092,1,41,42,completed,36
5993,Rigid,752081,752082,752413,1,331,332,completed,36
5994,Rigid,752338,752338,752378,0,40,40,completed,36
5995,Rigid,752409,752410,752450,1,40,41,completed,36
5996,Rigid,752563,752563,758143,0,5580,5580,completed,72
5997,Rigid,752605,752606,752646,1,40,41,completed,36
5998,Rigid,752679,752680,758138,1,5458,5459,completed,72
5999,Rigid,752812,752812,769091,0,16279,16279,completed,36
6000,Rigid,752887,752888,752891,1,3,4,completed,360
6001,Rigid,752947,752948,760599,1,7651,7652,completed,360
6002,Rigid,753036,753037,762125,1,9088,9089,completed,360
6003,Rigid,753431,753432,753640,1,208,209,completed,36
6004,Rigid,753435,753436,753472,1,36,37,completed,1
6005,Rigid,753537,753538,756812,1,3274,3275,completed,144
6006,Rigid,753660,753661,753779,1,118,119,completed,36
6007,Rigid,753714,753718,753750,4,32,36,completed,36
6008,Rigid,753817,753817,753827,0,10,10,completed,36
6009,Rigid,753821,753821,753827,0,6,6,completed,36
6010,Rigid,753853,753854,753891,1,37,38,completed,36
6011,Rigid,753856,753858,753943,2,85,87,completed,36
6012,Rigid,753877,753878,753891,1,13,14,completed,36
6013,Rigid,753881,753882,753893,1,11,12,completed,36
6014,Rigid,753884,753886,753894,2,8,10,completed,36
6015,Rigid,753887,753888,753899,1,11,12,completed,36
6016,Rigid,753890,753892,753901,2,9,11,completed,36
6017,Rigid,753893,753894,753904,1,10,11,completed,36
6018,Rigid,753896,753896,753905,0,9,9,completed,36
6019,Rigid,753899,753900,753909,1,9,10,completed,36
6020,Rigid,753903,753906,753924,3,18,21,completed,36
6021,Rigid,753907,753910,753924,3,14,17,completed,36
6022,Rigid,753911,753914,753924,3,10,13,completed,36
6023,Rigid,753919,753919,753930,0,11,11,completed,36
6024,Rigid,753922,753923,753932,1,9,10,completed,36
6025,Rigid,753934,753935,753948,1,13,14,completed,36
6026,Rigid,753938,753939,753948,1,9,10,completed,36
6027,Rigid,753942,753943,753951,1,8,9,completed,36
6028,Rigid,753945,753947,753987,2,40,42,completed,36
6029,Rigid,753947,753947,753955,0,8,8,completed,36
6030,Rigid,753950,753951,753960,1,9,10,completed,36
6031,Rigid,753954,753954,753963,0,9,9,completed,36
6032,Rigid,753958,753958,753967,0,9,9,completed,36
6033,Rigid,753963,753964,753972,1,8,9,completed,36
6034,Rigid,753994,753995,754031,1,36,37,completed,36
6035,Rigid,754006,754006,754127,0,121,121,completed,36
6036,Rigid,754255,754258,754300,3,42,45,completed,36
6037,Rigid,754285,754286,754303,1,17,18,completed,36
6038,Rigid,754288,754290,754303,2,13,15,completed,36
6039,Rigid,754302,754302,754311,0,9,9,completed,36
6040,Rigid,754305,754306,754316,1,10,11,completed,36
6041,Rigid,754395,754395,754418,0,23,23,completed,36
6042,Rigid,754398,754399,754418,1,19,20,completed,36
6043,Rigid,754401,754403,754419,2,16,18,completed,36
6044,Rigid,754404,754407,754424,3,17,20,completed,36
6045,Rigid,754407,754407,754424,0,17,17,completed,36
6046,Rigid,754410,754411,754426,1,15,16,completed,36
6047,Rigid,754415,754415,754430,0,15,15,completed,36
6048,Rigid,754496,754498,754523,2,25,27,completed,36
6049,Rigid,754500,754502,754523,2,21,23,completed,36
6050,Rigid,754505,754506,754523,1,17,18,completed,36
6051,Rigid,754508,754510,754523,2,13,15,completed,36
6052,Rigid,754511,754514,754530,3,16,19,completed,36
6053,Rigid,754513,754514,754530,1,16,17,completed,36
6054,Rigid,754517,754518,754534,1,16,17,completed,36
6055,Rigid,754520,754522,754539,2,17,19,completed,36
6056,Rigid,754524,754524,754542,0,18,18,completed,36
6057,Rigid,754528,754530,754547,2,17,19,completed,36
6058,Rigid,754531,754532,754547,1,15,16,completed,36
6059,Rigid,754535,754538,754555,3,17,20,completed,36
6060,Rigid,754539,754540,754556,1,16,17,completed,36
6061,Rigid,754544,754546,754562,2,16,18,completed,36
6062,Rigid,754764,754764,758819,0,4055,4055,completed,1
6063,Rigid,754764,754764,759393,0,4629,4629,completed,1
6064,Rigid,754764,754764,760819,0,6055,6055,completed,1
6065,Rigid,754764,754764,758686,0,3922,3922,completed,1
6066,Rigid,754764,754764,759045,0,4281,4281,completed,1
6067,Rigid,754764,754764,760526,0,5762,5762,completed,1
6068,Rigid,754764,754764,758732,0,3968,3968,completed,1
6069,Rigid,754764,754764,759024,0,4260,4260,completed,1
6070,Rigid,754764,754764,760311,0,5547,5547,completed,1
6071,Rigid,754764,754764,758904,0,4140,4140,completed,1
6072,Rigid,754764,754764,759174,0,4410,4410,completed,1
6073,Rigid,754764,754765,760546,1,5781,5782,completed,1
6074,Rigid,754764,754765,758937,1,4172,4173,completed,1
6075,Rigid,754764,754765,759280,1,4515,4516,completed,1
6076,Rigid,754764,754765,760999,1,6234,6235,completed,1
6077,Rigid,754764,754765,758898,1,4133,4134,completed,1
6078,Rigid,754764,754765,759237,1,4472,4473,completed,1
6079,Rigid,754764,754765,760279,1,5514,5515,completed,1
6080,Rigid,754764,754765,759086,1,4321,4322,completed,1
6081,Rigid,754764,754765,759547,1,4782,4783,completed,1
6082,Rigid,754764,754765,760209,1,5444,5445,completed,1
6083,Rigid,754764,754765,758857,1,4092,4093,completed,1
6084,Rigid,754764,754765,759097,1,4332,4333,completed,1
6085,Rigid,754764,754765,761312,1,6547,6548,completed,1
6086,Rigid,754764,754765,759135,1,4370,4371,completed,1
6087,Rigid,754764,754765,759151,1,4386,4387,completed,1
6088,Rigid,754764,754765,760507,1,5742,5743,completed,1
6089,Rigid,754764,754765,758615,1,3850,3851,completed,1
6090,Rigid,754764,754765,758827,1,4062,4063,completed,1
6091,Rigid,754764,754765,760039,1,5274,5275,completed,1
6092,Rigid,754764,754765,758774,1,4009,4010,completed,1
6093,Rigid,754764,754765,758982,1,4217,4218,completed,1
6094,Rigid,754764,754765,759944,1,5179,5180,completed,1
6095,Rigid,754764,754765,758913,1,4148,4149,completed,1
6096,Rigid,754764,754765,759403,1,4638,4639,completed,1
6097,Rigid,754764,754765,760466,1,5701,5702,completed,1
6098,Rigid,754764,754765,758611,1,3846,3847,completed,1
6099,Rigid,754764,754765,759638,1,4873,4874,completed,1
6100,Rigid,754764,754765,760492,1,5727,5728,completed,1
6101,Rigid,754764,754765,758590,1,3825,3826,completed,1
6102,Rigid,754764,754765,758996,1,4231,4232,completed,1
6103,Rigid,754764,754765,760345,1,5580,5581,completed,1
6104,Rigid,754764,754765,758674,1,3909,3910,completed,1
6105,Rigid,754764,754765,759042,1,4277,4278,completed,1
6106,Rigid,754764,754765,759916,1,5151,5152,completed,1
6107,Rigid,754764,754765,758899,1,4134,4135,completed,1
6108,Rigid,754764,754765,759191,1,4426,4427,completed,1
6109,Rigid,754764,754765,760898,1,6133,6134,completed,1
6110,Rigid,754764,754765,758591,1,3826,3827,completed,1
6111,Rigid,754764,754765,759338,1,4573,4574,completed,1
6112,Rigid,754764,754765,761070,1,6305,6306,completed,1
6113,Rigid,754764,754765,758887,1,4122,4123,completed,1
6114,Rigid,754764,754765,759089,1,4324,4325,completed,1
6115,Rigid,754764,754765,761077,1,6312,6313,completed,1
6116,Rigid,754764,754765,758891,1,4126,4127,completed,1
6117,Rigid,754764,754765,759037,1,4272,4273,completed,1
6118,Rigid,754764,754765,761108,1,6343,6344,completed,1
6119,Rigid,754764,754765,758663,1,3898,3899,completed,1
6120,Rigid,754764,754765,759294,1,4529,4530,completed,1
6121,Rigid,754764,754765,760503,1,5738,5739,completed,1
6122,Rigid,754764,754765,758970,1,4205,4206,completed,1
6123,Rigid,754764,754765,759420,1,4655,4656,completed,1
6124,Rigid,754764,754765,760673,1,5908,5909,completed,1
6125,Rigid,754764,754765,758872,1,4107,4108,completed,1
6126,Rigid,754764,754765,758925,1,4160,4161,completed,1
6127,Rigid,754764,754765,760918,1,6153,6154,completed,1
6128,Rigid,754764,754765,758871,1,4106,4107,completed,1
6129,Rigid,754764,754765,759541,1,4776,4777,completed,1
6130,Rigid,754764,754765,760589,1,5824,5825,completed,1
6131,Rigid,754764,754765,758957,1,4192,4193,completed,1
6132,Rigid,754764,754765,759465,1,4700,4701,completed,1
6133,Rigid,754764,754765,760574,1,5809,5810,completed,1
6134,Rigid,754764,754765,758838,1,4073,4074,completed,1
6135,Rigid,754764,754765,759073,1,4308,4309,completed,1
6136,Rigid,754764,754765,760293,1,5528,5529,completed,1
6137,Rigid,754764,754765,758565,1,3800,3801,completed,1
6138,Rigid,754764,754765,759154,1,4389,4390,completed,1
6139,Rigid,754764,754765,760723,1,5958,5959,completed,1
6140,Rigid,754764,754765,758608,1,3843,3844,completed,1
6141,Rigid,754764,754765,758957,1,4192,4193,completed,1
6142,Rigid,754764,754765,760029,1,5264,5265,completed,1
6143,Rigid,754764,754765,758573,1,3808,3809,completed,1
6144,Rigid,754764,754765,759080,1,4315,4316,completed,1
6145,Rigid,754764,754765,761004,1,6239,6240,completed,1
6146,Rigid,754764,754765,758494,1,3729,3730,completed,1
6147,Rigid,754764,754765,759151,1,4386,4387,completed,1
6148,Rigid,754764,754765,760325,1,5560,5561,completed,1
6149,Rigid,754764,754765,758768,1,4003,4004,completed,1
6150,Rigid,754764,754765,758838,1,4073,4074,completed,1
6151,Rigid,754764,754765,760691,1,5926,5927,completed,1
6152,Rigid,754764,754765,758569,1,3804,3805,completed,1
6153,Rigid,754764,754765,759020,1,4255,4256,completed,1
6154,Rigid,754764,754789,761223,25,6434,6459,completed,1
6155,Rigid,754764,754789,758640,25,3851,3876,completed,1
6156,Rigid,754764,754789,759041,25,4252,4277,completed,1
6157,Rigid,754764,754789,761109,25,6320,6345,completed,1
6158,Rigid,754764,754789,758635,25,3846,3871,completed,1
6159,Rigid,754764,754789,759240,25,4451,4476,completed,1
6160,Rigid,754764,754789,760794,25,6005,6030,completed,1
6161,Rigid,754764,754789,758639,25,3850,3875,completed,1
6162,Rigid,754764,754789,759221,25,4432,4457,completed,1
6163,Rigid,754764,754789,760429,25,5640,5665,completed,1
6164,Rigid,754764,754789,758787,25,3998,4023,completed,1
6165,Rigid,754764,754789,759638,25,4849,4874,completed,1
6166,Rigid,754764,754789,760801,25,6012,6037,completed,1
6167,Rigid,754764,754789,758718,25,3929,3954,completed,1
6168,Rigid,754764,754789,758948,25,4159,4184,completed,1
6169,Rigid,754764,754789,760022,25,5233,5258,completed,1
6170,Rigid,754764,754789,758800,25,4011,4036,completed,1
6171,Rigid,754764,754789,759087,25,4298,4323,completed,1
6172,Rigid,754764,754789,760300,25,5511,5536,completed,1
6173,Rigid,754764,754789,758527,25,3738,3763,completed,1
6174,Rigid,754764,754789,759020,25,4231,4256,completed,1
6175,Rigid,754764,754789,760500,25,5711,5736,completed,1
6176,Rigid,754764,754789,758707,25,3918,3943,completed,1
6177,Rigid,754764,754789,759201,25,4412,4437,completed,1
6178,Rigid,754764,754789,760649,25,5860,5885,completed,1
6179,Rigid,754764,754789,758645,25,3856,3881,completed,1
6180,Rigid,754764,754789,758934,25,4145,4170,completed,1
6181,Rigid,754764,754789,761104,25,6315,6340,completed,1
6182,Rigid,754764,754789,758768,25,3979,4004,completed,1
6183,Rigid,754764,754789,759429,25,4640,4665,completed,1
6184,Rigid,754764,754789,761183,25,6394,6419,completed,1
6185,Rigid,754764,754789,758872,25,4083,4108,completed,1
6186,Rigid,754764,754789,759018,25,4229,4254,completed,1
6187,Rigid,754764,754789,761019,25,6230,6255,completed,1
6188,Rigid,754764,754789,759283,25,4494,4519,completed,1
6189,Rigid,754764,754789,759616,25,4827,4852,completed,1
6190,Rigid,754764,754789,760751,25,5962,5987,completed,1
6191,Rigid,754764,754789,758530,25,3741,3766,completed,1
6192,Rigid,754764,754789,758794,25,4005,4030,completed,1
6193,Rigid,754764,754789,760024,25,5235,5260,completed,1
6194,Rigid,754764,754789,758710,25,3921,3946,completed,1
6195,Rigid,754764,754789,759046,25,4257,4282,completed,1
6196,Rigid,754764,754789,761200,25,6411,6436,completed,1
6197,Rigid,754764,754789,758883,25,4094,4119,completed,1
6198,Rigid,754764,754789,758963,25,4174,4199,completed,1
6199,Rigid,754764,754789,760880,25,6091,6116,completed,1
6200,Rigid,754764,754790,758797,26,4007,4033,completed,1
6201,Rigid,754764,754790,759104,26,4314,4340,completed,1
6202,Rigid,754764,754790,760858,26,6068,6094,completed,1
6203,Rigid,754764,754790,758915,26,4125,4151,completed,1
6204,Rigid,754764,754790,759189,26,4399,4425,completed,1
6205,Rigid,754764,754790,760832,26,6042,6068,completed,1
6206,Rigid,754764,754790,758689,26,3899,3925,completed,1
6207,Rigid,754764,754790,759030,26,4240,4266,completed,1
6208,Rigid,754764,754790,760326,26,5536,5562,completed,1
6209,Rigid,754764,754790,758541,26,3751,3777,completed,1
6210,Rigid,754764,754790,759082,26,4292,4318,completed,1
6211,Rigid,754764,754790,760437,26,5647,5673,completed,1
6212,Rigid,754764,754790,758414,26,3624,3650,completed,1
6213,Rigid,754764,754790,758907,26,4117,4143,completed,1
6214,Rigid,754764,754790,758957,26,4167,4193,completed,1
6215,Rigid,754764,754790,758425,26,3635,3661,completed,1
6216,Rigid,754764,754790,758848,26,4058,4084,completed,1
6217,Rigid,754764,754790,759110,26,4320,4346,completed,1
6218,Rigid,754764,754790,758578,26,3788,3814,completed,1
6219,Rigid,754764,754790,758957,26,4167,4193,completed,1
6220,Rigid,754764,754790,758948,26,4158,4184,completed,1
6221,Rigid,754764,754790,758525,26,3735,3761,completed,1
6222,Rigid,754764,754790,759046,26,4256,4282,completed,1
6223,Rigid,754764,754790,758986,26,4196,4222,completed,1
6224,Rigid,754764,754790,758359,26,3569,3595,completed,1
6225,Rigid,754764,754790,758907,26,4117,4143,completed,1
6226,Rigid,754764,754790,759065,26,4275,4301,completed,1
6227,Rigid,754764,754790,758479,26,3689,3715,completed,1
6228,Rigid,754764,754790,758968,26,4178,4204,completed,1
6229,Rigid,754764,754790,758949,26,4159,4185,completed,1
6230,Rigid,754764,754790,758410,26,3620,3646,completed,1
6231,Rigid,754764,754790,758902,26,4112,4138,completed,1
6232,Rigid,754764,754790,759134,26,4344,4370,completed,1
6233,Rigid,754764,754790,758424,26,3634,3660,completed,1
6234,Rigid,754764,754790,758931,26,4141,4167,completed,1
6235,Rigid,754764,754790,759129,26,4339,4365,completed,1
6236,Rigid,754764,754790,758957,26,4167,4193,completed,1
6237,Rigid,754764,754790,759076,26,4286,4312,completed,1
6238,Rigid,754764,754790,758855,26,4065,4091,completed,1
6239,Rigid,754764,754790,758486,26,3696,3722,completed,1
6240,Rigid,754764,754790,759134,26,4344,4370,completed,1
6241,Rigid,754764,754790,759017,26,4227,4253,completed,1
6242,Rigid,754764,754790,758395,26,3605,3631,completed,1
6243,Rigid,754764,754790,758913,26,4123,4149,completed,1
6244,Rigid,754764,754790,759022,26,4232,4258,completed,1
6245,Rigid,754764,754790,758551,26,3761,3787,completed,1
6246,Rigid,754764,754790,759145,26,4355,4381,completed,1
6247,Rigid,754764,754790,758866,26,4076,4102,completed,1
6248,Rigid,754764,754790,758411,26,3621,3647,completed,1
6249,Rigid,754764,754790,759107,26,4317,4343,completed,1
6250,Rigid,754764,754790,759514,26,4724,4750,completed,1
6251,Rigid,754764,754790,758489,26,3699,3725,completed,1
6252,Rigid,754764,754790,758968,26,4178,4204,completed,1
6253,Rigid,754764,754790,758882,26,4092,4118,completed,1
6254,Rigid,754764,754790,758442,26,3652,3678,completed,1
6255,Rigid,754764,754790,758871,26,4081,4107,completed,1
6256,Rigid,754764,754790,758893,26,4103,4129,completed,1
6257,Rigid,754764,754790,758363,26,3573,3599,completed,1
6258,Rigid,754764,754790,759045,26,4255,4281,completed,1
6259,Rigid,754764,754790,759034,26,4244,4270,completed,1
6260,Rigid,754764,754790,758399,26,3609,3635,completed,1
6261,Rigid,754764,754790,758937,26,4147,4173,completed,1
6262,Rigid,754764,754790,759013,26,4223,4249,completed,1
6263,Rigid,754764,754790,758520,26,3730,3756,completed,1
6264,Rigid,754764,754790,758958,26,4168,4194,completed,1
6265,Rigid,754764,754790,758946,26,4156,4182,completed,1
6266,Rigid,754764,754790,758469,26,3679,3705,completed,1
6267,Rigid,754764,754790,758982,26,4192,4218,completed,1
6268,Rigid,754764,754790,758976,26,4186,4212,completed,1
6269,Rigid,754764,754790,758567,26,3777,3803,completed,1
6270,Rigid,754764,754790,759017,26,4227,4253,completed,1
6271,Rigid,754764,754790,759047,26,4257,4283,completed,1
6272,Rigid,754764,754790,758500,26,3710,3736,completed,1
6273,Rigid,754764,754790,758871,26,4081,4107,completed,1
6274,Rigid,754764,754790,759027,26,4237,4263,completed,1
6275,Rigid,754764,754790,758576,26,3786,3812,completed,1
6276,Rigid,754764,754790,758988,26,4198,4224,completed,1
6277,Rigid,754764,754790,758982,26,4192,4218,completed,1
6278,Rigid,754764,754790,758375,26,3585,3611,completed,1
6279,Rigid,754764,754790,758989,26,4199,4225,completed,1
6280,Rigid,754764,754790,759024,26,4234,4260,completed,1
6281,Rigid,754764,754790,758503,26,3713,3739,completed,1
6282,Rigid,754764,754790,758967,26,4177,4203,completed,1
6283,Rigid,754764,754790,758849,26,4059,4085,completed,1
6284,Rigid,754764,754790,758390,26,3600,3626,completed,1
6285,Rigid,754764,754790,758898,26,4108,4134,completed,1
6286,Rigid,754764,754790,759100,26,4310,4336,completed,1
6287,Rigid,754764,754790,758556,26,3766,3792,completed,1
6288,Rigid,754764,754790,758893,26,4103,4129,completed,1
6289,Rigid,754764,754790,758969,26,4179,4205,completed,1
6290,Rigid,754764,754790,758576,26,3786,3812,completed,1
6291,Rigid,754764,754790,759087,26,4297,4323,completed,1
6292,Rigid,754764,754790,759392,26,4602,4628,completed,1
6293,Rigid,754764,754790,758672,26,3882,3908,completed,1
6294,Rigid,754764,754790,758881,26,4091,4117,completed,1
6295,Rigid,754764,754790,759015,26,4225,4251,completed,1
6296,Rigid,754764,754790,758397,26,3607,3633,completed,1
6297,Rigid,754764,754790,759057,26,4267,4293,completed,1
6298,Rigid,754764,754790,758871,26,4081,4107,completed,1
6299,Rigid,754764,754790,758371,26,3581,3607,completed,1
6300,Rigid,754764,754790,758919,26,4129,4155,completed,1
6301,Rigid,754764,754790,758933,26,4143,4169,completed,1
6302,Rigid,754764,754790,758367,26,3577,3603,completed,1
6303,Rigid,754764,754790,758881,26,4091,4117,completed,1
6304,Rigid,754764,754790,759075,26,4285,4311,completed,1
6305,Rigid,754764,754790,758592,26,3802,3828,completed,1
6306,Rigid,754764,754790,758972,26,4182,4208,completed,1
6307,Rigid,754764,754790,758907,26,4117,4143,completed,1
6308,Rigid,754764,754790,758372,26,3582,3608,completed,1
6309,Rigid,754764,754790,759163,26,4373,4399,completed,1
6310,Rigid,754764,754790,759065,26,4275,4301,completed,1
6311,Rigid,754764,754790,758486,26,3696,3722,completed,1
6312,Rigid,754764,754790,758847,26,4057,4083,completed,1
6313,Rigid,754764,754790,758849,26,4059,4085,completed,1
6314,Rigid,754764,754790,758369,26,3579,3605,completed,1
6315,Rigid,754764,754790,759039,26,4249,4275,completed,1
6316,Rigid,754764,754790,758976,26,4186,4212,completed,1
6317,Rigid,754764,754790,758409,26,3619,3645,completed,1
6318,Rigid,754764,754790,758907,26,4117,4143,completed,1
6319,Rigid,754764,754790,758796,26,4006,4032,completed,1
6320,Rigid,754764,754790,758454,26,3664,3690,completed,1
6321,Rigid,754764,754790,758891,26,4101,4127,completed,1
6322,Rigid,754764,754790,759024,26,4234,4260,completed,1
6323,Rigid,754764,754790,758571,26,3781,3807,completed,1
6324,Rigid,754764,754790,758910,26,4120,4146,completed,1
6325,Rigid,754764,754790,758846,26,4056,4082,completed,1
6326,Rigid,754764,754790,758571,26,3781,3807,completed,1
6327,Rigid,754764,754790,759134,26,4344,4370,completed,1
6328,Rigid,754764,754790,759464,26,4674,4700,completed,1
6329,Rigid,754764,754790,758502,26,3712,3738,completed,1
6330,Rigid,754764,754790,758876,26,4086,4112,completed,1
6331,Rigid,754764,754790,758822,26,4032,4058,completed,1
6332,Rigid,754764,754790,758405,26,3615,3641,completed,1
6333,Rigid,754764,754790,758957,26,4167,4193,completed,1
6334,Rigid,754764,754790,758883,26,4093,4119,completed,1
6335,Rigid,754764,754790,758427,26,3637,3663,completed,1
6336,Rigid,754764,754790,758874,26,4084,4110,completed,1
6337,Rigid,754764,754790,758895,26,4105,4131,completed,1
6338,Rigid,754764,754790,758372,26,3582,3608,completed,1
6339,Rigid,754764,754790,758796,26,4006,4032,completed,1
6340,Rigid,754764,754790,759082,26,4292,4318,completed,1
6341,Rigid,754764,754790,758533,26,3743,3769,completed,1
6342,Rigid,754764,754791,758816,27,4025,4052,completed,1
6343,Rigid,754764,754791,759025,27,4234,4261,completed,1
6344,Rigid,754764,754791,758311,27,3520,3547,completed,1
6345,Rigid,754764,754791,759093,27,4302,4329,completed,1
6346,Rigid,754764,754791,759006,27,4215,4242,completed,1
6347,Rigid,754764,754791,758487,27,3696,3723,completed,1
6348,Rigid,754764,754791,758923,27,4132,4159,completed,1
6349,Rigid,754764,754791,758875,27,4084,4111,completed,1
6350,Rigid,754764,754791,758403,27,3612,3639,completed,1
6351,Rigid,754764,754791,759004,27,4213,4240,completed,1
6352,Rigid,754764,754791,758993,27,4202,4229,completed,1
6353,Rigid,754764,754791,758395,27,3604,3631,completed,1
6354,Rigid,754764,754791,758863,27,4072,4099,completed,1
6355,Rigid,754764,754791,758921,27,4130,4157,completed,1
6356,Rigid,754764,754791,758371,27,3580,3607,completed,1
6357,Rigid,754764,754791,758932,27,4141,4168,completed,1
6358,Rigid,754764,754791,759042,27,4251,4278,completed,1
6359,Rigid,754764,754791,758622,27,3831,3858,completed,1
6360,Rigid,754764,754791,758858,27,4067,4094,completed,1
6361,Rigid,754764,754791,758870,27,4079,4106,completed,1
6362,Rigid,754764,754791,762438,27,7647,7674,completed,1
6363,Rigid,754764,754791,763414,27,8623,8650,completed,1
6364,Rigid,754764,754791,772244,27,17453,17480,completed,1
6365,Rigid,754764,754791,763355,27,8564,8591,completed,1
6366,Rigid,754764,754791,763350,27,8559,8586,completed,1
6367,Rigid,754764,754791,769705,27,14914,14941,completed,1
6368,Rigid,754764,754791,763172,27,8381,8408,completed,1
6369,Rigid,754764,754791,763353,27,8562,8589,completed,1
6370,Rigid,754764,754791,769603,27,14812,14839,completed,1
6371,Rigid,754764,754791,763129,27,8338,8365,completed,1
6372,Rigid,754764,754791,763296,27,8505,8532,completed,1
6373,Rigid,754764,754791,769157,27,14366,14393,completed,1
6374,Rigid,754764,754791,763143,27,8352,8379,completed,1
6375,Rigid,754764,754791,763201,27,8410,8437,completed,1
6376,Rigid,754764,754791,772250,27,17459,17486,completed,1
6377,Rigid,754764,754791,763574,27,8783,8810,completed,1
6378,Rigid,754764,754791,763202,27,8411,8438,completed,1
6379,Rigid,754764,754791,770066,27,15275,15302,completed,1
6380,Rigid,754764,754791,762738,27,7947,7974,completed,1
6381,Rigid,754764,754791,763783,27,8992,9019,completed,1
6382,Rigid,754764,754791,770957,27,16166,16193,completed,1
6383,Rigid,754764,754791,763517,27,8726,8753,completed,1
6384,Rigid,754764,754791,763224,27,8433,8460,completed,1
6385,Rigid,754764,754791,769411,27,14620,14647,completed,1
6386,Rigid,754764,754791,763526,27,8735,8762,completed,1
6387,Rigid,754764,754791,763743,27,8952,8979,completed,1
6388,Rigid,754764,754791,769560,27,14769,14796,completed,1
6389,Rigid,754764,754791,763281,27,8490,8517,completed,1
6390,Rigid,754764,754791,763529,27,8738,8765,completed,1
6391,Rigid,754764,754791,771933,27,17142,17169,completed,1
6392,Rigid,754764,754791,763248,27,8457,8484,completed,1
6393,Rigid,754764,754791,764569,27,9778,9805,completed,1
6394,Rigid,754764,754791,771071,27,16280,16307,completed,1
6395,Rigid,754764,754791,763335,27,8544,8571,completed,1
6396,Rigid,754764,754791,763648,27,8857,8884,completed,1
6397,Rigid,754764,754791,769967,27,15176,15203,completed,1
6398,Rigid,754764,754791,763918,27,9127,9154,completed,1
6399,Rigid,754764,754791,764654,27,9863,9890,completed,1
6400,Rigid,754764,754791,773116,27,18325,18352,completed,1
6401,Rigid,754764,754791,763745,27,8954,8981,completed,1
6402,Rigid,754764,754791,763314,27,8523,8550,completed,1
6403,Rigid,754764,754791,769371,27,14580,14607,completed,1
6404,Rigid,754764,754791,763314,27,8523,8550,completed,1
6405,Rigid,754764,754791,763566,27,8775,8802,completed,1
6406,Rigid,754764,754791,769695,27,14904,14931,completed,1
6407,Rigid,754764,754791,763555,27,8764,8791,completed,1
6408,Rigid,754764,754791,763527,27,8736,8763,completed,1
6409,Rigid,754764,754791,769935,27,15144,15171,completed,1
6410,Rigid,754764,754791,762879,27,8088,8115,completed,1
6411,Rigid,754764,754791,763852,27,9061,9088,completed,1
6412,Rigid,754764,754791,769503,27,14712,14739,completed,1
6413,Rigid,754764,754791,763448,27,8657,8684,completed,1
6414,Rigid,754764,754791,763609,27,8818,8845,completed,1
6415,Rigid,754764,754791,769705,27,14914,14941,completed,1
6416,Rigid,754764,754791,762795,27,8004,8031,completed,1
6417,Rigid,754764,754791,763678,27,8887,8914,completed,1
6418,Rigid,754764,754791,769671,27,14880,14907,completed,1
6419,Rigid,754764,754791,763192,27,8401,8428,completed,1
6420,Rigid,754764,754791,763041,27,8250,8277,completed,1
6421,Rigid,754764,754791,768840,27,14049,14076,completed,1
6422,Rigid,754764,754791,762974,27,8183,8210,completed,1
6423,Rigid,754764,754791,763497,27,8706,8733,completed,1
6424,Rigid,754764,754791,768618,27,13827,13854,completed,1
6425,Rigid,754764,754791,763089,27,8298,8325,completed,1
6426,Rigid,754764,754791,762759,27,7968,7995,completed,1
6427,Rigid,754764,754791,768116,27,13325,13352,completed,1
6428,Rigid,754764,754791,762981,27,8190,8217,completed,1
6429,Rigid,754764,754791,763495,27,8704,8731,completed,1
6430,Rigid,754764,754791,768898,27,14107,14134,completed,1
6431,Rigid,754764,754791,763356,27,8565,8592,completed,1
6432,Rigid,754764,754791,762966,27,8175,8202,completed,1
6433,Rigid,754764,754791,767781,27,12990,13017,completed,1
6434,Rigid,754764,754791,762974,27,8183,8210,completed,1
6435,Rigid,754764,754791,763664,27,8873,8900,completed,1
6436,Rigid,754764,754791,770642,27,15851,15878,completed,1
6437,Rigid,754764,754791,763096,27,8305,8332,completed,1
6438,Rigid,754764,754791,763149,27,8358,8385,completed,1
6439,Rigid,754764,754791,768764,27,13973,14000,completed,1
6440,Rigid,754764,754791,763078,27,8287,8314,completed,1
6441,Rigid,754764,754791,763480,27,8689,8716,completed,1
6442,Rigid,754764,754791,769323,27,14532,14559,completed,1
6443,Rigid,754764,754791,763165,27,8374,8401,completed,1
6444,Rigid,754764,754791,763327,27,8536,8563,completed,1
6445,Rigid,754764,754791,768924,27,14133,14160,completed,1
6446,Rigid,754764,754791,763134,27,8343,8370,completed,1
6447,Rigid,754764,754791,763132,27,8341,8368,completed,1
6448,Rigid,754764,754791,769690,27,14899,14926,completed,1
6449,Rigid,754764,754791,763738,27,8947,8974,completed,1
6450,Rigid,754764,754791,763687,27,8896,8923,completed,1
6451,Rigid,754764,754791,768835,27,14044,14071,completed,1
6452,Rigid,754764,754791,763702,27,8911,8938,completed,1
6453,Rigid,754764,754791,764208,27,9417,9444,completed,1
6454,Rigid,754764,754791,770190,27,15399,15426,completed,1
6455,Rigid,754764,754791,763131,27,8340,8367,completed,1
6456,Rigid,754764,754791,762950,27,8159,8186,completed,1
6457,Rigid,754764,754791,768636,27,13845,13872,completed,1
6458,Rigid,754764,754791,763116,27,8325,8352,completed,1
6459,Rigid,754764,754791,763375,27,8584,8611,completed,1
6460,Rigid,754764,754791,769919,27,15128,15155,completed,1
6461,Rigid,754764,754791,763018,27,8227,8254,completed,1
6462,Rigid,754764,754791,763439,27,8648,8675,completed,1
6463,Rigid,754764,754791,769456,27,14665,14692,completed,1
6464,Rigid,754764,754791,762981,27,8190,8217,completed,1
6465,Rigid,754764,754791,763247,27,8456,8483,completed,1
6466,Rigid,754764,754791,769044,27,14253,14280,completed,1
6467,Rigid,754764,754791,763347,27,8556,8583,completed,1
6468,Rigid,754764,754791,763236,27,8445,8472,completed,1
6469,Rigid,754764,754791,769650,27,14859,14886,completed,1
6470,Rigid,754764,754791,763140,27,8349,8376,completed,1
6471,Rigid,754764,754791,764122,27,9331,9358,completed,1
6472,Rigid,754764,754791,771682,27,16891,16918,completed,1
6473,Rigid,754764,754791,763413,27,8622,8649,completed,1
6474,Rigid,754764,754791,763221,27,8430,8457,completed,1
6475,Rigid,754764,754791,771004,27,16213,16240,completed,1
6476,Rigid,754764,754791,763108,27,8317,8344,completed,1
6477,Rigid,754764,754791,763769,27,8978,9005,completed,1
6478,Rigid,754764,754791,769437,27,14646,14673,completed,1
6479,Rigid,754764,754791,763161,27,8370,8397,completed,1
6480,Rigid,754764,754791,763493,27,8702,8729,completed,1
6481,Rigid,754764,754791,769933,27,15142,15169,completed,1
6482,Rigid,754764,754792,763299,28,8507,8535,completed,1
6483,Rigid,754764,754792,763413,28,8621,8649,completed,1
6484,Rigid,754764,754792,769849,28,15057,15085,completed,1
6485,Rigid,754764,754792,763015,28,8223,8251,completed,1
6486,Rigid,754764,754792,763362,28,8570,8598,completed,1
6487,Rigid,754764,754792,769244,28,14452,14480,completed,1
6488,Rigid,754764,754792,763571,28,8779,8807,completed,1
6489,Rigid,754764,754792,763616,28,8824,8852,completed,1
6490,Rigid,754764,754792,770153,28,15361,15389,completed,1
6491,Rigid,754764,754792,763287,28,8495,8523,completed,1
6492,Rigid,754764,754792,763333,28,8541,8569,completed,1
6493,Rigid,754764,754792,768679,28,13887,13915,completed,1
6494,Rigid,754764,754792,763051,28,8259,8287,completed,1
6495,Rigid,754764,754792,763715,28,8923,8951,completed,1
6496,Rigid,754764,754792,768893,28,14101,14129,completed,1
6497,Rigid,754764,754792,762856,28,8064,8092,completed,1
6498,Rigid,754764,754792,763085,28,8293,8321,completed,1
6499,Rigid,754764,754792,769498,28,14706,14734,completed,1
6500,Rigid,754764,754792,762945,28,8153,8181,completed,1
6501,Rigid,754764,754792,763074,28,8282,8310,completed,1
6502,Rigid,754764,754792,769108,28,14316,14344,completed,1
6503,Rigid,754764,754792,763691,28,8899,8927,completed,1
6504,Rigid,754764,754792,763628,28,8836,8864,completed,1
6505,Rigid,754764,754792,768594,28,13802,13830,completed,1
6506,Rigid,754764,754792,763207,28,8415,8443,completed,1
6507,Rigid,754764,754792,763671,28,8879,8907,completed,1
6508,Rigid,754764,754792,771633,28,16841,16869,completed,1
6509,Rigid,754764,754792,763420,28,8628,8656,completed,1
6510,Rigid,754764,754792,763760,28,8968,8996,completed,1
6511,Rigid,754764,754792,769273,28,14481,14509,completed,1
6512,Rigid,754936,754937,754978,1,41,42,completed,36
6513,Rigid,755365,755365,755426,0,61,61,completed,144
6514,Rigid,756162,756163,796282,1,40119,40120,completed,144
6515,Rigid,756331,756332,757516,1,1184,1185,completed,144
6516,Rigid,756478,756479,756517,1,38,39,completed,36
6517,Rigid,756697,756697,756734,0,37,37,completed,36
6518,Rigid,756827,756828,800042,1,43214,43215,completed,288
6519,Rigid,756828,756832,857087,4,100255,100259,completed,1
6520,Rigid,756857,756858,874481,1,117623,117624,completed,1
6521,Rigid,756938,756938,756976,0,38,38,completed,36
6522,Rigid,757085,757085,760471,0,3386,3386,completed,144
6523,Rigid,757085,757085,760434,0,3349,3349,completed,144
6524,Rigid,757085,757085,760445,0,3360,3360,completed,144
6525,Rigid,757085,757085,760493,0,3408,3408,completed,144
6526,Rigid,757085,757085,760487,0,3402,3402,completed,144
6527,Rigid,757085,757085,760446,0,3361,3361,completed,144
6528,Rigid,757085,757085,760463,0,3378,3378,completed,144
6529,Rigid,757085,757085,760422,0,3337,3337,completed,144
6530,Rigid,757085,757089,760440,4,3351,3355,completed,144
6531,Rigid,757086,757089,760468,3,3379,3382,completed,144
6532,Rigid,757086,757089,760454,3,3365,3368,completed,144
6533,Rigid,757086,757089,760431,3,3342,3345,completed,144
6534,Rigid,757086,757089,760415,3,3326,3329,completed,144
6535,Rigid,757086,757089,760457,3,3368,3371,completed,144
6536,Rigid,757086,757089,760407,3,3318,3321,completed,144
6537,Rigid,757110,757111,757149,1,38,39,completed,36
6538,Rigid,757218,757218,757256,0,38,38,completed,36
6539,Rigid,757995,757996,759168,1,1172,1173,completed,144
6540,Rigid,758930,758930,759394,0,464,464,completed,36
6541,Rigid,759310,759311,759447,1,136,137,completed,36
6542,Rigid,759449,759449,761488,0,2039,2039,completed,36
6543,Rigid,759590,759590,759628,0,38,38,completed,36
6544,Rigid,759798,759799,760376,1,577,578,completed,36
6545,Rigid,759912,759912,759949,0,37,37,completed,36
6546,Rigid,760013,760014,760051,1,37,38,completed,36
6547,Rigid,760124,760124,760161,0,37,37,completed,36
6548,Rigid,760963,760964,761558,1,594,595,completed,36
6549,Rigid,761417,761417,839043,0,77626,77626,completed,900
6550,Rigid,761627,761628,761702,1,74,75,completed,36
6551,Rigid,761737,761738,761820,1,82,83,completed,36
6552,Rigid,761877,761879,761881,2,2,4,completed,36
6553,Rigid,761906,761906,762438,0,532,532,completed,36
6554,Rigid,761980,761981,762001,1,20,21,completed,36
6555,Rigid,762004,762005,762007,1,2,3,completed,36
6556,Rigid,762166,762166,762180,0,14,14,completed,36
6557,Rigid,762200,762200,762271,0,71,71,completed,36
6558,Rigid,762203,762204,762232,1,28,29,completed,36
6559,Rigid,762326,762326,762354,0,28,28,completed,36
6560,Rigid,762367,762367,882311,0,119944,119944,completed,72
6561,Rigid,762373,762373,880697,0,118324,118324,completed,72
6562,Rigid,762401,762401,762429,0,28,28,completed,36
6563,Rigid,762420,762421,762492,1,71,72,completed,36
6564,Rigid,762475,762477,768209,2,5732,5734,completed,1
6565,Rigid,762475,762477,768521,2,6044,6046,completed,1
6566,Rigid,762475,762477,775202,2,12725,12727,completed,1
6567,Rigid,762475,762477,768392,2,5915,5917,completed,1
6568,Rigid,762475,762477,768757,2,6280,6282,completed,1
6569,Rigid,762475,762477,774820,2,12343,12345,completed,1
6570,Rigid,762475,762477,768500,2,6023,6025,completed,1
6571,Rigid,762475,762477,768907,2,6430,6432,completed,1
6572,Rigid,762475,762477,774622,2,12145,12147,completed,1
6573,Rigid,762475,762477,768354,2,5877,5879,completed,1
6574,Rigid,762475,762477,768672,2,6195,6197,completed,1
6575,Rigid,762475,762477,775169,2,12692,12694,completed,1
6576,Rigid,762475,762477,768310,2,5833,5835,completed,1
6577,Rigid,762475,762477,768805,2,6328,6330,completed,1
6578,Rigid,762475,762477,773468,2,10991,10993,completed,1
6579,Rigid,762475,762477,768218,2,5741,5743,completed,1
6580,Rigid,762475,762477,768695,2,6218,6220,completed,1
6581,Rigid,762475,762477,773809,2,11332,11334,completed,1
6582,Rigid,762475,762477,768091,2,5614,5616,completed,1
6583,Rigid,762475,762477,768576,2,6099,6101,completed,1
6584,Rigid,762475,762477,773738,2,11261,11263,completed,1
6585,Rigid,762475,762477,768142,2,5665,5667,completed,1
6586,Rigid,762475,762477,768815,2,6338,6340,completed,1
6587,Rigid,762475,762477,775604,2,13127,13129,completed,1
6588,Rigid,762475,762477,768120,2,5643,5645,completed,1
6589,Rigid,762475,762477,768561,2,6084,6086,completed,1
6590,Rigid,762475,762477,775882,2,13405,13407,completed,1
6591,Rigid,762475,762477,768241,2,5764,5766,completed,1
6592,Rigid,762475,762477,768821,2,6344,6346,completed,1
6593,Rigid,762475,762477,774430,2,11953,11955,completed,1
6594,Rigid,762475,762477,768290,2,5813,5815,completed,1
6595,Rigid,762475,762477,768760,2,6283,6285,completed,1
6596,Rigid,762475,762477,774271,2,11794,11796,completed,1
6597,Rigid,762475,762477,768388,2,5911,5913,completed,1
6598,Rigid,762475,762477,768890,2,6413,6415,completed,1
6599,Rigid,762475,762477,774520,2,12043,12045,completed,1
6600,Rigid,762475,762477,768097,2,5620,5622,completed,1
6601,Rigid,762475,762477,768765,2,6288,6290,completed,1
6602,Rigid,762475,762477,773545,2,11068,11070,completed,1
6603,Rigid,762475,762477,768420,2,5943,5945,completed,1
6604,Rigid,762475,762477,768792,2,6315,6317,completed,1
6605,Rigid,762475,762477,774666,2,12189,12191,completed,1
6606,Rigid,762475,762477,768276,2,5799,5801,completed,1
6607,Rigid,762475,762477,768632,2,6155,6157,completed,1
6608,Rigid,762475,762477,773793,2,11316,11318,completed,1
6609,Rigid,762475,762477,768306,2,5829,5831,completed,1
6610,Rigid,762475,762477,768372,2,5895,5897,completed,1
6611,Rigid,762475,762477,773450,2,10973,10975,completed,1
6612,Rigid,762475,762477,768197,2,5720,5722,completed,1
6613,Rigid,762475,762477,768424,2,5947,5949,completed,1
6614,Rigid,762475,762477,774789,2,12312,12314,completed,1
6615,Rigid,762475,762477,768342,2,5865,5867,completed,1
6616,Rigid,762475,762477,768334,2,5857,5859,completed,1
6617,Rigid,762475,762477,774494,2,12017,12019,completed,1
6618,Rigid,762475,762477,768091,2,5614,5616,completed,1
6619,Rigid,762475,762477,769307,2,6830,6832,completed,1
6620,Rigid,762475,762477,775485,2,13008,13010,completed,1
6621,Rigid,762475,762477,768709,2,6232,6234,completed,1
6622,Rigid,762475,762477,768983,2,6506,6508,completed,1
6623,Rigid,762475,762477,774684,2,12207,12209,completed,1
6624,Rigid,762475,762477,768367,2,5890,5892,completed,1
6625,Rigid,762475,762477,768663,2,6186,6188,completed,1
6626,Rigid,762475,762477,775043,2,12566,12568,completed,1
6627,Rigid,762475,762477,768087,2,5610,5612,completed,1
6628,Rigid,762475,762477,768591,2,6114,6116,completed,1
6629,Rigid,762475,762477,773983,2,11506,11508,completed,1
6630,Rigid,762475,762477,768475,2,5998,6000,completed,1
6631,Rigid,762475,762477,768781,2,6304,6306,completed,1
6632,Rigid,762475,762477,773514,2,11037,11039,completed,1
6633,Rigid,762475,762477,768404,2,5927,5929,completed,1
6634,Rigid,762475,762477,769642,2,7165,7167,completed,1
6635,Rigid,762475,762477,776848,2,14371,14373,completed,1
6636,Rigid,762475,762477,769071,2,6594,6596,completed,1
6637,Rigid,762475,762477,770070,2,7593,7595,completed,1
6638,Rigid,762475,762477,774832,2,12355,12357,completed,1
6639,Rigid,762475,762477,768329,2,5852,5854,completed,1
6640,Rigid,762475,762477,768558,2,6081,6083,completed,1
6641,Rigid,762475,762477,774504,2,12027,12029,completed,1
6642,Rigid,762475,762477,768087,2,5610,5612,completed,1
6643,Rigid,762475,762477,768669,2,6192,6194,completed,1
6644,Rigid,762475,762477,773790,2,11313,11315,completed,1
6645,Rigid,762475,762477,768463,2,5986,5988,completed,1
6646,Rigid,762475,762477,768198,2,5721,5723,completed,1
6647,Rigid,762475,762477,773642,2,11165,11167,completed,1
6648,Rigid,762475,762477,768096,2,5619,5621,completed,1
6649,Rigid,762475,762477,768869,2,6392,6394,completed,1
6650,Rigid,762475,762477,774343,2,11866,11868,completed,1
6651,Rigid,762475,762477,768388,2,5911,5913,completed,1
6652,Rigid,762475,762477,768374,2,5897,5899,completed,1
6653,Rigid,762475,762477,774002,2,11525,11527,completed,1
6654,Rigid,762475,762477,768442,2,5965,5967,completed,1
6655,Rigid,762475,762477,768697,2,6220,6222,completed,1
6656,Rigid,762475,762477,774414,2,11937,11939,completed,1
6657,Rigid,762475,762477,768121,2,5644,5646,completed,1
6658,Rigid,762475,762477,768778,2,6301,6303,completed,1
6659,Rigid,762475,762477,774769,2,12292,12294,completed,1
6660,Rigid,762475,762477,767929,2,5452,5454,completed,1
6661,Rigid,762475,762477,769015,2,6538,6540,completed,1
6662,Rigid,762475,762477,773642,2,11165,11167,completed,1
6663,Rigid,762475,762477,768141,2,5664,5666,completed,1
6664,Rigid,762475,762477,768798,2,6321,6323,completed,1
6665,Rigid,762475,762477,774350,2,11873,11875,completed,1
6666,Rigid,762475,762477,768126,2,5649,5651,completed,1
6667,Rigid,762475,762477,768546,2,6069,6071,completed,1
6668,Rigid,762475,762477,775299,2,12822,12824,completed,1
6669,Rigid,762475,762477,768442,2,5965,5967,completed,1
6670,Rigid,762475,762477,769276,2,6799,6801,completed,1
6671,Rigid,762475,762477,772905,2,10428,10430,completed,1
6672,Rigid,762475,762477,768582,2,6105,6107,completed,1
6673,Rigid,762475,762477,768514,2,6037,6039,completed,1
6674,Rigid,762475,762477,774596,2,12119,12121,completed,1
6675,Rigid,762475,762477,768674,2,6197,6199,completed,1
6676,Rigid,762475,762477,768746,2,6269,6271,completed,1
6677,Rigid,762475,762477,774018,2,11541,11543,completed,1
6678,Rigid,762475,762477,768248,2,5771,5773,completed,1
6679,Rigid,762475,762477,768616,2,6139,6141,completed,1
6680,Rigid,762475,762477,774321,2,11844,11846,completed,1
6681,Rigid,762475,762477,768362,2,5885,5887,completed,1
6682,Rigid,762475,762477,768981,2,6504,6506,completed,1
6683,Rigid,762475,762477,774645,2,12168,12170,completed,1
6684,Rigid,762475,762477,768184,2,5707,5709,completed,1
6685,Rigid,762475,762477,768702,2,6225,6227,completed,1
6686,Rigid,762475,762477,773716,2,11239,11241,completed,1
6687,Rigid,762475,762477,768351,2,5874,5876,completed,1
6688,Rigid,762475,762477,769293,2,6816,6818,completed,1
6689,Rigid,762475,762477,775812,2,13335,13337,completed,1
6690,Rigid,762475,762477,768522,2,6045,6047,completed,1
6691,Rigid,762475,762477,768790,2,6313,6315,completed,1
6692,Rigid,762475,762477,775812,2,13335,13337,completed,1
6693,Rigid,762475,762477,768978,2,6501,6503,completed,1
6694,Rigid,762475,762477,769669,2,7192,7194,completed,1
6695,Rigid,762475,762477,774653,2,12176,12178,completed,1
6696,Rigid,762475,762477,768149,2,5672,5674,completed,1
6697,Rigid,762475,762477,768784,2,6307,6309,completed,1
6698,Rigid,762475,762477,774533,2,12056,12058,completed,1
6699,Rigid,762475,762477,768246,2,5769,5771,completed,1
6700,Rigid,762475,762477,768817,2,6340,6342,completed,1
6701,Rigid,762475,762477,773545,2,11068,11070,completed,1
6702,Rigid,762475,762477,768213,2,5736,5738,completed,1
6703,Rigid,762475,762478,768730,3,6252,6255,completed,1
6704,Rigid,762475,762478,773495,3,11017,11020,completed,1
6705,Rigid,762475,762478,768617,3,6139,6142,completed,1
6706,Rigid,762475,762478,768947,3,6469,6472,completed,1
6707,Rigid,762475,762478,774303,3,11825,11828,completed,1
6708,Rigid,762475,762478,768380,3,5902,5905,completed,1
6709,Rigid,762475,762478,768913,3,6435,6438,completed,1
6710,Rigid,762475,762478,775064,3,12586,12589,completed,1
6711,Rigid,762475,762478,768274,3,5796,5799,completed,1
6712,Rigid,762475,762478,768520,3,6042,6045,completed,1
6713,Rigid,762475,762478,773237,3,10759,10762,completed,1
6714,Rigid,762475,762478,772023,3,9545,9548,completed,1
6715,Rigid,762475,762478,771740,3,9262,9265,completed,1
6716,Rigid,762475,762478,778977,3,16499,16502,completed,1
6717,Rigid,762475,762478,771814,3,9336,9339,completed,1
6718,Rigid,762475,762478,771547,3,9069,9072,completed,1
6719,Rigid,762475,762478,777304,3,14826,14829,completed,1
6720,Rigid,762475,762478,771893,3,9415,9418,completed,1
6721,Rigid,762475,762478,770981,3,8503,8506,completed,1
6722,Rigid,762475,762478,777957,3,15479,15482,completed,1
6723,Rigid,762475,762478,772508,3,10030,10033,completed,1
6724,Rigid,762475,762478,771132,3,8654,8657,completed,1
6725,Rigid,762475,762478,778007,3,15529,15532,completed,1
6726,Rigid,762475,762478,772084,3,9606,9609,completed,1
6727,Rigid,762475,762478,771361,3,8883,8886,completed,1
6728,Rigid,762475,762478,778684,3,16206,16209,completed,1
6729,Rigid,762475,762478,772030,3,9552,9555,completed,1
6730,Rigid,762475,762478,771600,3,9122,9125,completed,1
6731,Rigid,762475,762478,778197,3,15719,15722,completed,1
6732,Rigid,762475,762478,772271,3,9793,9796,completed,1
6733,Rigid,762475,762478,771425,3,8947,8950,completed,1
6734,Rigid,762475,762478,778064,3,15586,15589,completed,1
6735,Rigid,762475,762478,771829,3,9351,9354,completed,1
6736,Rigid,762475,762478,771474,3,8996,8999,completed,1
6737,Rigid,762475,762478,778680,3,16202,16205,completed,1
6738,Rigid,762475,762478,771788,3,9310,9313,completed,1
6739,Rigid,762475,762478,771020,3,8542,8545,completed,1
6740,Rigid,762475,762478,777791,3,15313,15316,completed,1
6741,Rigid,762475,762478,772815,3,10337,10340,completed,1
6742,Rigid,762475,762478,771563,3,9085,9088,completed,1
6743,Rigid,762475,762478,777897,3,15419,15422,completed,1
6744,Rigid,762475,762478,771710,3,9232,9235,completed,1
6745,Rigid,762475,762478,771183,3,8705,8708,completed,1
6746,Rigid,762475,762478,777342,3,14864,14867,completed,1
6747,Rigid,762475,762478,771575,3,9097,9100,completed,1
6748,Rigid,762475,762478,771251,3,8773,8776,completed,1
6749,Rigid,762475,762478,777640,3,15162,15165,completed,1
6750,Rigid,762475,762478,772127,3,9649,9652,completed,1
6751,Rigid,762475,762478,771845,3,9367,9370,completed,1
6752,Rigid,762475,762478,779316,3,16838,16841,completed,1
6753,Rigid,762475,762478,771663,3,9185,9188,completed,1
6754,Rigid,762475,762478,771599,3,9121,9124,completed,1
6755,Rigid,762475,762478,780145,3,17667,17670,completed,1
6756,Rigid,762475,762478,772164,3,9686,9689,completed,1
6757,Rigid,762475,762478,771260,3,8782,8785,completed,1
6758,Rigid,762475,762478,778289,3,15811,15814,completed,1
6759,Rigid,762475,762478,771831,3,9353,9356,completed,1
6760,Rigid,762475,762478,771473,3,8995,8998,completed,1
6761,Rigid,762475,762478,778405,3,15927,15930,completed,1
6762,Rigid,762475,762478,771852,3,9374,9377,completed,1
6763,Rigid,762475,762478,771548,3,9070,9073,completed,1
6764,Rigid,762475,762478,778734,3,16256,16259,completed,1
6765,Rigid,762475,762478,771548,3,9070,9073,completed,1
6766,Rigid,762475,762478,771020,3,8542,8545,completed,1
6767,Rigid,762475,762478,778217,3,15739,15742,completed,1
6768,Rigid,762475,762478,772002,3,9524,9527,completed,1
6769,Rigid,762475,762478,771139,3,8661,8664,completed,1
6770,Rigid,762475,762478,778033,3,15555,15558,completed,1
6771,Rigid,762475,762478,771927,3,9449,9452,completed,1
6772,Rigid,762475,762478,771163,3,8685,8688,completed,1
6773,Rigid,762475,762478,777888,3,15410,15413,completed,1
6774,Rigid,762475,762478,772235,3,9757,9760,completed,1
6775,Rigid,762475,762478,771758,3,9280,9283,completed,1
6776,Rigid,762475,762478,777563,3,15085,15088,completed,1
6777,Rigid,762475,762478,772000,3,9522,9525,completed,1
6778,Rigid,762475,762478,771488,3,9010,9013,completed,1
6779,Rigid,762475,762478,779308,3,16830,16833,completed,1
6780,Rigid,762475,762478,772262,3,9784,9787,completed,1
6781,Rigid,762475,762478,771398,3,8920,8923,completed,1
6782,Rigid,762475,762478,777406,3,14928,14931,completed,1
6783,Rigid,762475,762478,771876,3,9398,9401,completed,1
6784,Rigid,762475,762478,771291,3,8813,8816,completed,1
6785,Rigid,762475,762478,777926,3,15448,15451,completed,1
6786,Rigid,762475,762478,772149,3,9671,9674,completed,1
6787,Rigid,762475,762478,771545,3,9067,9070,completed,1
6788,Rigid,762475,762478,777852,3,15374,15377,completed,1
6789,Rigid,762475,762478,771714,3,9236,9239,completed,1
6790,Rigid,762475,762478,771088,3,8610,8613,completed,1
6791,Rigid,762475,762478,778231,3,15753,15756,completed,1
6792,Rigid,762475,762478,772062,3,9584,9587,completed,1
6793,Rigid,762475,762478,771638,3,9160,9163,completed,1
6794,Rigid,762475,762478,778577,3,16099,16102,completed,1
6795,Rigid,762475,762478,772301,3,9823,9826,completed,1
6796,Rigid,762475,762478,771669,3,9191,9194,completed,1
6797,Rigid,762475,762478,778743,3,16265,16268,completed,1
6798,Rigid,762475,762478,772774,3,10296,10299,completed,1
6799,Rigid,762475,762478,771626,3,9148,9151,completed,1
6800,Rigid,762475,762478,778615,3,16137,16140,completed,1
6801,Rigid,762475,762478,771749,3,9271,9274,completed,1
6802,Rigid,762475,762478,771054,3,8576,8579,completed,1
6803,Rigid,762475,762478,778273,3,15795,15798,completed,1
6804,Rigid,762475,762478,771880,3,9402,9405,completed,1
6805,Rigid,762475,762478,770996,3,8518,8521,completed,1
6806,Rigid,762475,762478,777571,3,15093,15096,completed,1
6807,Rigid,762475,762478,771549,3,9071,9074,completed,1
6808,Rigid,762475,762478,771432,3,8954,8957,completed,1
6809,Rigid,762475,762478,778327,3,15849,15852,completed,1
6810,Rigid,762475,762478,772410,3,9932,9935,completed,1
6811,Rigid,762475,762478,771612,3,9134,9137,completed,1
6812,Rigid,762475,762478,778442,3,15964,15967,completed,1
6813,Rigid,762475,762478,771559,3,9081,9084,completed,1
6814,Rigid,762475,762478,771192,3,8714,8717,completed,1
6815,Rigid,762475,762478,779291,3,16813,16816,completed,1
6816,Rigid,762475,762478,773030,3,10552,10555,completed,1
6817,Rigid,762475,762478,773103,3,10625,10628,completed,1
6818,Rigid,762475,762478,781530,3,19052,19055,completed,1
6819,Rigid,762475,762478,773317,3,10839,10842,completed,1
6820,Rigid,762475,762478,771474,3,8996,8999,completed,1
6821,Rigid,762475,762478,777954,3,15476,15479,completed,1
6822,Rigid,762475,762478,772159,3,9681,9684,completed,1
6823,Rigid,762475,762478,771640,3,9162,9165,completed,1
6824,Rigid,762475,762478,778349,3,15871,15874,completed,1
6825,Rigid,762475,762478,772655,3,10177,10180,completed,1
6826,Rigid,762475,762478,771692,3,9214,9217,completed,1
6827,Rigid,762475,762478,777430,3,14952,14955,completed,1
6828,Rigid,762475,762478,772221,3,9743,9746,completed,1
6829,Rigid,762475,762478,771475,3,8997,9000,completed,1
6830,Rigid,762475,762478,778918,3,16440,16443,completed,1
6831,Rigid,762475,762478,772617,3,10139,10142,completed,1
6832,Rigid,762475,762478,771743,3,9265,9268,completed,1
6833,Rigid,762475,762478,777887,3,15409,15412,completed,1
6834,Rigid,762475,762478,772348,3,9870,9873,completed,1
6835,Rigid,762475,762478,771958,3,9480,9483,completed,1
6836,Rigid,762475,762478,778162,3,15684,15687,completed,1
6837,Rigid,762475,762478,771790,3,9312,9315,completed,1
6838,Rigid,762475,762478,771711,3,9233,9236,completed,1
6839,Rigid,762475,762478,778973,3,16495,16498,completed,1
6840,Rigid,762475,762478,772129,3,9651,9654,completed,1
6841,Rigid,762475,762478,771343,3,8865,8868,completed,1
6842,Rigid,762475,762478,778300,3,15822,15825,completed,1
6843,Rigid,762475,762478,772745,3,10267,10270,completed,1
6844,Rigid,762475,762478,772708,3,10230,10233,completed,1
6845,Rigid,762475,762478,777902,3,15424,15427,completed,1
6846,Rigid,762475,762478,772834,3,10356,10359,completed,1
6847,Rigid,762475,762478,771522,3,9044,9047,completed,1
6848,Rigid,762475,762478,777731,3,15253,15256,completed,1
6849,Rigid,762475,762478,772080,3,9602,9605,completed,1
6850,Rigid,762475,762478,771568,3,9090,9093,completed,1
6851,Rigid,762475,762478,778019,3,15541,15544,completed,1
6852,Rigid,762475,762478,772003,3,9525,9528,completed,1
6853,Rigid,762475,762478,771481,3,9003,9006,completed,1
6854,Rigid,762475,762478,778208,3,15730,15733,completed,1
6855,Rigid,762475,762478,772656,3,10178,10181,completed,1
6856,Rigid,762475,762478,771597,3,9119,9122,completed,1
6857,Rigid,762475,762478,778489,3,16011,16014,completed,1
6858,Rigid,762475,762478,772229,3,9751,9754,completed,1
6859,Rigid,762475,762478,771674,3,9196,9199,completed,1
6860,Rigid,762475,762478,779651,3,17173,17176,completed,1
6861,Rigid,762475,762478,772572,3,10094,10097,completed,1
6862,Rigid,762475,762478,771497,3,9019,9022,completed,1
6863,Rigid,762475,762478,778887,3,16409,16412,completed,1
6864,Rigid,762482,762484,882820,2,120336,120338,completed,72
6865,Rigid,762530,762530,762585,0,55,55,completed,36
6866,Rigid,762572,762572,762599,0,27,27,completed,36
6867,Rigid,762627,762627,762636,0,9,9,completed,1
6868,Rigid,762627,762627,762636,0,9,9,completed,1
6869,Rigid,762717,762719,886280,2,123561,123563,completed,72
6870,Rigid,762759,762759,762829,0,70,70,completed,36
6871,Rigid,762819,762820,881866,1,119046,119047,completed,72
6872,Rigid,762864,762865,881548,1,118683,118684,completed,72
6873,Rigid,762891,762891,762918,0,27,27,completed,36
6874,Rigid,762994,762995,763033,1,38,39,completed,36
6875,Rigid,763023,763023,763027,0,4,4,completed,36
6876,Rigid,763110,763111,763146,1,35,36,completed,36
6877,Rigid,763162,763162,763396,0,234,234,completed,36
6878,Rigid,763426,763429,763503,3,74,77,completed,36
6879,Rigid,763521,763521,763774,0,253,253,completed,36
6880,Rigid,763540,763541,763549,1,8,9,completed,36
6881,Rigid,763620,763621,763661,1,40,41,completed,36
6882,Rigid,763695,763695,763722,0,27,27,completed,36
6883,Rigid,763739,763777,764562,38,785,823,completed,36
6884,Rigid,763780,763781,763818,1,37,38,completed,36
6885,Rigid,763830,763830,763857,0,27,27,completed,36
6886,Rigid,763830,763834,763853,4,19,23,completed,36
6887,Rigid,763915,763915,763953,0,38,38,completed,36
6888,Rigid,763955,763955,763963,0,8,8,completed,36
6889,Rigid,763989,763990,764017,1,27,28,completed,36
6890,Rigid,764032,764032,764280,0,248,248,completed,36
6891,Rigid,764132,764132,764159,0,27,27,completed,36
6892,Rigid,764215,764215,1074158,0,309943,309943,completed,36
6893,Rigid,764452,764452,764479,0,27,27,completed,36
6894,Rigid,764476,764476,764514,0,38,38,completed,36
6895,Rigid,764565,764566,764569,1,3,4,completed,36
6896,Rigid,764648,764648,764722,0,74,74,completed,36
6897,Rigid,764656,764656,764659,0,3,3,completed,36
6898,Rigid,764678,764679,764754,1,75,76,completed,36
6899,Rigid,764685,764685,764760,0,75,75,completed,36
6900,Rigid,764686,764689,764761,3,72,75,completed,36
6901,Rigid,764687,764689,764764,2,75,77,completed,36
6902,Rigid,764801,764802,764829,1,27,28,completed,36
6903,Rigid,764913,764914,764942,1,28,29,completed,36
6904,Rigid,764923,764923,764931,0,8,8,completed,36
6905,Rigid,764993,764993,765002,0,9,9,completed,36
6906,Rigid,765011,765012,765015,1,3,4,completed,36
6907,Rigid,765021,765022,765030,1,8,9,completed,36
6908,Rigid,765025,765026,765655,1,629,630,completed,144
6909,Rigid,765054,765055,765168,1,113,114,completed,36
6910,Rigid,765066,765066,765178,0,112,112,completed,36
6911,Rigid,765171,765171,765197,0,26,26,completed,36
6912,Rigid,765278,765278,765319,0,41,41,completed,36
6913,Rigid,765435,765436,765440,1,4,5,completed,36
6914,Rigid,765486,765486,765496,0,10,10,completed,36
6915,Rigid,765545,765545,765572,0,27,27,completed,36
6916,Rigid,765595,765599,765642,4,43,47,completed,36
6917,Rigid,765596,765599,765642,3,43,46,completed,36
6918,Rigid,765597,765599,765639,2,40,42,completed,36
6919,Rigid,765598,765599,765639,1,40,41,completed,36
6920,Rigid,765599,765601,765646,2,45,47,completed,36
6921,Rigid,765666,765670,765678,4,8,12,completed,36
6922,Rigid,765670,765670,766845,0,1175,1175,completed,144
6923,Rigid,765682,765683,765686,1,3,4,completed,36
6924,Rigid,765754,765755,765797,1,42,43,completed,36
6925,Rigid,765755,765759,765826,4,67,71,completed,36
6926,Rigid,765755,765759,765803,4,44,48,completed,36
6927,Rigid,765824,765825,765852,1,27,28,completed,36
6928,Rigid,765848,765849,766525,1,676,677,completed,36
6929,Rigid,765870,765870,765912,0,42,42,completed,36
6930,Rigid,765995,765995,766022,0,27,27,completed,36
6931,Rigid,766003,766003,766189,0,186,186,completed,36
6932,Rigid,766049,766049,766092,0,43,43,completed,36
6933,Rigid,766166,766166,796827,0,30661,30661,completed,1
6934,Rigid,766166,766166,796389,0,30223,30223,completed,1
6935,Rigid,766166,766166,855179,0,89013,89013,completed,1
6936,Rigid,766166,766166,796290,0,30124,30124,completed,1
6937,Rigid,766166,766166,795802,0,29636,29636,completed,1
6938,Rigid,766166,766166,868749,0,102583,102583,completed,1
6939,Rigid,766166,766166,795807,0,29641,29641,completed,1
6940,Rigid,766166,766166,796201,0,30035,30035,completed,1
6941,Rigid,766166,766167,880246,1,114079,114080,completed,1
6942,Rigid,766166,766167,796770,1,30603,30604,completed,1
6943,Rigid,766166,766167,796663,1,30496,30497,completed,1
6944,Rigid,766166,766167,869511,1,103344,103345,completed,1
6945,Rigid,766166,766167,798609,1,32442,32443,completed,1
6946,Rigid,766166,766167,797846,1,31679,31680,completed,1
6947,Rigid,766166,766167,854784,1,88617,88618,completed,1
6948,Rigid,766166,766167,797553,1,31386,31387,completed,1
6949,Rigid,766166,766167,796456,1,30289,30290,completed,1
6950,Rigid,766166,766167,857895,1,91728,91729,completed,1
6951,Rigid,766166,766167,798008,1,31841,31842,completed,1
6952,Rigid,766166,766167,798685,1,32518,32519,completed,1
6953,Rigid,766166,766167,873268,1,107101,107102,completed,1
6954,Rigid,766166,766167,797167,1,31000,31001,completed,1
6955,Rigid,766166,766167,799663,1,33496,33497,completed,1
6956,Rigid,766166,766167,858082,1,91915,91916,completed,1
6957,Rigid,766166,766167,795000,1,28833,28834,completed,1
6958,Rigid,766166,766167,799040,1,32873,32874,completed,1
6959,Rigid,766166,766167,865038,1,98871,98872,completed,1
6960,Rigid,766166,766167,795116,1,28949,28950,completed,1
6961,Rigid,766166,766167,795046,1,28879,28880,completed,1
6962,Rigid,766166,766167,868344,1,102177,102178,completed,1
6963,Rigid,766166,766167,797198,1,31031,31032,completed,1
6964,Rigid,766166,766167,795017,1,28850,28851,completed,1
6965,Rigid,766166,766167,838603,1,72436,72437,completed,1
6966,Rigid,766166,766167,795493,1,29326,29327,completed,1
6967,Rigid,766166,766167,798691,1,32524,32525,completed,1
6968,Rigid,766166,766167,856113,1,89946,89947,completed,1
6969,Rigid,766166,766167,794857,1,28690,28691,completed,1
6970,Rigid,766166,766167,796271,1,30104,30105,completed,1
6971,Rigid,766166,766167,857542,1,91375,91376,completed,1
6972,Rigid,766166,766167,796827,1,30660,30661,completed,1
6973,Rigid,766166,766167,796839,1,30672,30673,completed,1
6974,Rigid,766166,766167,852397,1,86230,86231,completed,1
6975,Rigid,766166,766167,795410,1,29243,29244,completed,1
6976,Rigid,766166,766167,796771,1,30604,30605,completed,1
6977,Rigid,766166,766167,882463,1,116296,116297,completed,1
6978,Rigid,766166,766167,795795,1,29628,29629,completed,1
6979,Rigid,766166,766167,795060,1,28893,28894,completed,1
6980,Rigid,766166,766167,852185,1,86018,86019,completed,1
6981,Rigid,766166,766167,795400,1,29233,29234,completed,1
6982,Rigid,766166,766167,796168,1,30001,30002,completed,1
6983,Rigid,766166,766167,855558,1,89391,89392,completed,1
6984,Rigid,766166,766167,797191,1,31024,31025,completed,1
6985,Rigid,766166,766167,795442,1,29275,29276,completed,1
6986,Rigid,766166,766167,849715,1,83548,83549,completed,1
6987,Rigid,766166,766167,796730,1,30563,30564,completed,1
6988,Rigid,766166,766167,797170,1,31003,31004,completed,1
6989,Rigid,766166,766167,871791,1,105624,105625,completed,1
6990,Rigid,766166,766167,797035,1,30868,30869,completed,1
6991,Rigid,766166,766167,797023,1,30856,30857,completed,1
6992,Rigid,766166,766167,863602,1,97435,97436,completed,1
6993,Rigid,766166,766167,795479,1,29312,29313,completed,1
6994,Rigid,766166,766167,797402,1,31235,31236,completed,1
6995,Rigid,766166,766167,863479,1,97312,97313,completed,1
6996,Rigid,766166,766167,796696,1,30529,30530,completed,1
6997,Rigid,766166,766167,796198,1,30031,30032,completed,1
6998,Rigid,766166,766167,859767,1,93600,93601,completed,1
6999,Rigid,766166,766167,795645,1,29478,29479,completed,1
7000,Rigid,766166,766167,795003,1,28836,28837,completed,1
7001,Rigid,766166,766167,866884,1,100717,100718,completed,1
7002,Rigid,766166,766167,794319,1,28152,28153,completed,1
7003,Rigid,766166,766167,797411,1,31244,31245,completed,1
7004,Rigid,766166,766167,872561,1,106394,106395,completed,1
7005,Rigid,766166,766167,795343,1,29176,29177,completed,1
7006,Rigid,766166,766167,796746,1,30579,30580,completed,1
7007,Rigid,766166,766167,842172,1,76005,76006,completed,1
7008,Rigid,766166,766167,796427,1,30260,30261,completed,1
7009,Rigid,766166,766167,798378,1,32211,32212,completed,1
7010,Rigid,766166,766167,848901,1,82734,82735,completed,1
7011,Rigid,766166,766167,795540,1,29373,29374,completed,1
7012,Rigid,766166,766167,796320,1,30153,30154,completed,1
7013,Rigid,766166,766167,837383,1,71216,71217,completed,1
7014,Rigid,766166,766167,795524,1,29357,29358,completed,1
7015,Rigid,766166,766167,795546,1,29379,29380,completed,1
7016,Rigid,766166,766167,868348,1,102181,102182,completed,1
7017,Rigid,766166,766167,796144,1,29977,29978,completed,1
7018,Rigid,766166,766167,797209,1,31042,31043,completed,1
7019,Rigid,766166,766167,853869,1,87702,87703,completed,1
7020,Rigid,766166,766167,795712,1,29545,29546,completed,1
7021,Rigid,766166,766167,798361,1,32194,32195,completed,1
7022,Rigid,766166,766167,883347,1,117180,117181,completed,1
7023,Rigid,766166,766167,797948,1,31781,31782,completed,1
7024,Rigid,766166,766167,795952,1,29785,29786,completed,1
7025,Rigid,766166,766167,871859,1,105692,105693,completed,1
7026,Rigid,766166,766167,795902,1,29735,29736,completed,1
7027,Rigid,766166,766167,797187,1,31020,31021,completed,1
7028,Rigid,766166,766167,867392,1,101225,101226,completed,1
7029,Rigid,766166,766167,797472,1,31305,31306,completed,1
7030,Rigid,766166,766167,798706,1,32539,32540,completed,1
7031,Rigid,766166,766167,854632,1,88465,88466,completed,1
7032,Rigid,766166,766167,798517,1,32350,32351,completed,1
7033,Rigid,766186,766187,766214,1,27,28,completed,36
7034,Rigid,766211,766212,766456,1,244,245,completed,36
7035,Rigid,766308,766309,766349,1,40,41,completed,36
7036,Rigid,766399,766400,766495,1,95,96,completed,36
7037,Rigid,766405,766406,766432,1,26,27,completed,36
7038,Rigid,766536,766537,766579,1,42,43,completed,36
7039,Rigid,766670,766671,766698,1,27,28,completed,36
7040,Rigid,766836,766836,766917,0,81,81,completed,36
7041,Rigid,766850,766850,766876,0,26,26,completed,36
7042,Rigid,766870,766870,766942,0,72,72,completed,36
7043,Rigid,767006,767007,767788,1,781,782,completed,36
7044,Rigid,767103,767103,1112732,0,345629,345629,completed,36
7045,Rigid,767207,767207,767297,0,90,90,completed,36
7046,Rigid,767251,767251,767297,0,46,46,completed,36
7047,Rigid,767347,767347,767473,0,126,126,completed,36
7048,Rigid,767350,767351,767400,1,49,50,completed,36
7049,Rigid,767360,767361,767404,1,43,44,completed,36
7050,Rigid,767462,767463,767624,1,161,162,completed,36
7051,Rigid,767480,767481,767490,1,9,10,completed,36
7052,Rigid,767555,767555,767564,0,9,9,completed,36
7053,Rigid,767640,767640,767686,0,46,46,completed,36
7054,Rigid,767684,767684,767742,0,58,58,completed,36
7055,Rigid,767738,767738,790091,0,22353,22353,completed,36
7056,Rigid,767743,767743,767990,0,247,247,completed,36
7057,Rigid,767967,767967,767971,0,4,4,completed,36
7058,Rigid,768087,768087,768150,0,63,63,completed,36
7059,Rigid,768104,768104,768847,0,743,743,completed,36
7060,Rigid,768108,768108,768150,0,42,42,completed,36
7061,Rigid,768234,768235,768839,1,604,605,completed,36
7062,Rigid,768470,768470,768514,0,44,44,completed,36
7063,Rigid,768523,768524,798115,1,29591,29592,completed,1
7064,Rigid,768523,768524,848371,1,79847,79848,completed,1
7065,Rigid,768523,768524,798245,1,29721,29722,completed,1
7066,Rigid,768523,768524,798706,1,30182,30183,completed,1
7067,Rigid,768523,768524,851721,1,83197,83198,completed,1
7068,Rigid,768523,768524,799966,1,31442,31443,completed,1
7069,Rigid,768523,768524,800720,1,32196,32197,completed,1
7070,Rigid,768523,768524,853890,1,85366,85367,completed,1
7071,Rigid,768523,768524,795736,1,27212,27213,completed,1
7072,Rigid,768523,768524,798412,1,29888,29889,completed,1
7073,Rigid,768523,768524,873953,1,105429,105430,completed,1
7074,Rigid,768523,768524,797838,1,29314,29315,completed,1
7075,Rigid,768523,768524,799748,1,31224,31225,completed,1
7076,Rigid,768523,768524,864236,1,95712,95713,completed,1
7077,Rigid,768523,768524,797903,1,29379,29380,completed,1
7078,Rigid,768523,768524,798758,1,30234,30235,completed,1
7079,Rigid,768523,768524,838138,1,69614,69615,completed,1
7080,Rigid,768523,768524,798750,1,30226,30227,completed,1
7081,Rigid,768523,768524,798486,1,29962,29963,completed,1
7082,Rigid,768523,768524,832869,1,64345,64346,completed,1
7083,Rigid,768523,768524,797722,1,29198,29199,completed,1
7084,Rigid,768523,768524,797457,1,28933,28934,completed,1
7085,Rigid,768523,768524,849841,1,81317,81318,completed,1
7086,Rigid,768523,768524,798824,1,30300,30301,completed,1
7087,Rigid,768523,768524,797677,1,29153,29154,completed,1
7088,Rigid,768523,768524,855411,1,86887,86888,completed,1
7089,Rigid,768523,768524,797533,1,29009,29010,completed,1
7090,Rigid,768523,768524,798517,1,29993,29994,completed,1
7091,Rigid,768523,768524,852437,1,83913,83914,completed,1
7092,Rigid,768523,768524,798993,1,30469,30470,completed,1
7093,Rigid,768523,768524,797464,1,28940,28941,completed,1
7094,Rigid,768523,768524,855324,1,86800,86801,completed,1
7095,Rigid,768523,768524,797233,1,28709,28710,completed,1
7096,Rigid,768523,768524,800658,1,32134,32135,completed,1
7097,Rigid,768523,768524,860728,1,92204,92205,completed,1
7098,Rigid,768523,768524,795907,1,27383,27384,completed,1
7099,Rigid,768523,768524,798189,1,29665,29666,completed,1
7100,Rigid,768523,768524,838878,1,70354,70355,completed,1
7101,Rigid,768523,768524,798153,1,29629,29630,completed,1
7102,Rigid,768523,768524,798353,1,29829,29830,completed,1
7103,Rigid,768523,768524,865472,1,96948,96949,completed,1
7104,Rigid,768523,768524,797848,1,29324,29325,completed,1
7105,Rigid,768523,768524,798898,1,30374,30375,completed,1
7106,Rigid,768523,768524,860912,1,92388,92389,completed,1
7107,Rigid,768523,768524,797689,1,29165,29166,completed,1
7108,Rigid,768523,768524,799120,1,30596,30597,completed,1
7109,Rigid,768523,768524,871275,1,102751,102752,completed,1
7110,Rigid,768523,768524,796089,1,27565,27566,completed,1
7111,Rigid,768523,768524,798846,1,30322,30323,completed,1
7112,Rigid,768523,768524,854029,1,85505,85506,completed,1
7113,Rigid,768599,768600,768974,1,374,375,completed,36
7114,Rigid,768651,768652,768876,1,224,225,completed,36
7115,Rigid,768668,768668,768696,0,28,28,completed,36
7116,Rigid,768674,768674,768678,0,4,4,completed,36
7117,Rigid,768697,768697,768701,0,4,4,completed,36
7118,Rigid,768701,768702,768838,1,136,137,completed,36
7119,Rigid,768736,768736,768762,0,26,26,completed,36
7120,Rigid,768827,768879,769268,52,389,441,completed,36
7121,Rigid,768841,768841,768874,0,33,33,completed,36
7122,Rigid,768929,768929,769057,0,128,128,completed,36
7123,Rigid,769033,769033,769037,0,4,4,completed,36
7124,Rigid,769079,769079,769140,0,61,61,completed,36
7125,Rigid,769099,769099,769103,0,4,4,completed,36
7126,Rigid,769129,769129,769928,0,799,799,completed,36
7127,Rigid,769203,769203,769335,0,132,132,completed,36
7128,Rigid,769226,769226,769286,0,60,60,completed,36
7129,Rigid,769259,769271,769415,12,144,156,completed,36
7130,Rigid,769331,769332,769374,1,42,43,completed,36
7131,Rigid,769405,769418,769570,13,152,165,completed,36
7132,Rigid,769472,769473,769613,1,140,141,completed,36
7133,Rigid,769489,769489,769553,0,64,64,completed,36
7134,Rigid,769527,769527,769588,0,61,61,completed,36
7135,Rigid,769563,769563,770294,0,731,731,completed,36
7136,Rigid,769574,769574,769618,0,44,44,completed,36
7137,Rigid,769575,769590,770387,15,797,812,completed,36
7138,Rigid,769637,769638,769687,1,49,50,completed,36
7139,Rigid,769677,769679,769722,2,43,45,completed,36
7140,Rigid,769734,769735,770596,1,861,862,completed,36
7141,Rigid,769745,769746,769761,1,15,16,completed,36
7142,Rigid,769798,769799,769842,1,43,44,completed,36
7143,Rigid,769810,769811,769860,1,49,50,completed,36
7144,Rigid,769833,769862,769924,29,62,91,completed,36
7145,Rigid,770031,770031,770093,0,62,62,completed,36
7146,Rigid,770052,770052,770475,0,423,423,completed,36
7147,Rigid,770171,770171,771470,0,1299,1299,completed,36
7148,Rigid,770290,770291,770990,1,699,700,completed,36
7149,Rigid,770372,770373,771154,1,781,782,completed,36
7150,Rigid,770431,770432,786309,1,15877,15878,completed,360
7151,Rigid,770652,770652,770784,0,132,132,completed,36
7152,Rigid,770888,770888,771015,0,127,127,completed,36
7153,Rigid,771426,771427,771466,1,39,40,completed,36
7154,Rigid,771480,771480,771603,0,123,123,completed,36
7155,Rigid,771536,771539,771579,3,40,43,completed,36
7156,Rigid,771604,771604,772092,0,488,488,completed,144
7157,Rigid,771675,771675,771750,0,75,75,completed,36
7158,Rigid,771768,771769,771786,1,17,18,completed,36
7159,Rigid,771794,771794,771922,0,128,128,completed,36
7160,Rigid,771901,771901,772196,0,295,295,completed,36
7161,Rigid,772073,772074,772688,1,614,615,completed,16
7162,Rigid,772111,772112,773321,1,1209,1210,completed,144
7163,Rigid,772140,772141,772289,1,148,149,completed,36
7164,Rigid,772174,772175,772400,1,225,226,completed,36
7165,Rigid,772312,772312,772358,0,46,46,completed,36
7166,Rigid,772389,772390,772469,1,79,80,completed,36
7167,Rigid,772468,772469,772574,1,105,106,completed,36
7168,Rigid,772512,772513,772555,1,42,43,completed,36
7169,Rigid,772520,772521,772600,1,79,80,completed,36
7170,Rigid,772533,772534,772609,1,75,76,completed,36
7171,Rigid,772543,772544,773221,1,677,678,completed,36
7172,Rigid,772579,772601,773022,22,421,443,completed,36
7173,Rigid,772610,772610,772634,0,24,24,completed,36
7174,Rigid,772620,772620,772989,0,369,369,completed,36
7175,Rigid,772636,772636,773383,0,747,747,completed,36
7176,Rigid,772640,772640,772715,0,75,75,completed,36
7177,Rigid,772663,772663,772666,0,3,3,completed,144
7178,Rigid,772667,772717,772720,50,3,53,completed,36
7179,Rigid,772742,772742,772744,0,2,2,completed,8
7180,Rigid,772744,772744,772760,0,16,16,completed,144
7181,Rigid,772744,772744,772994,0,250,250,completed,36
7182,Rigid,772830,772831,772902,1,71,72,completed,36
7183,Rigid,772858,772859,772876,1,17,18,completed,144
7184,Rigid,772935,772936,772959,1,23,24,completed,144
7185,Rigid,772971,772972,773159,1,187,188,completed,36
7186,Rigid,773101,773101,865787,0,92686,92686,completed,648
7187,Rigid,773159,773160,773239,1,79,80,completed,36
7188,Rigid,773165,773165,773171,0,6,6,completed,432
7189,Rigid,773176,773176,773201,0,25,25,completed,144
7190,Rigid,773193,773193,933514,0,160321,160321,completed,648
7191,Rigid,773204,865789,965270,92585,99481,192066,completed,432
7192,Rigid,773206,940556,1055049,167350,114493,281843,completed,432
7193,Rigid,773238,773238,773248,0,10,10,completed,36
7194,Rigid,773253,773253,773332,0,79,79,completed,36
7195,Rigid,773333,773334,773567,1,233,234,completed,36
7196,Rigid,773356,773357,773372,1,15,16,completed,36
7197,Rigid,773392,773392,773451,0,59,59,completed,36
7198,Rigid,773407,773407,773467,0,60,60,completed,36
7199,Rigid,773490,773491,773546,1,55,56,completed,36
7200,Rigid,773509,773510,773575,1,65,66,completed,36
7201,Rigid,773524,773525,773957,1,432,433,completed,36
7202,Rigid,773536,773538,773580,2,42,44,completed,36
7203,Rigid,773554,773555,773597,1,42,43,completed,72
7204,Rigid,773621,773621,773683,0,62,62,completed,36
7205,Rigid,773631,773631,773656,0,25,25,completed,144
7206,Rigid,773733,773733,774401,0,668,668,completed,36
7207,Rigid,773768,773768,773996,0,228,228,completed,36
7208,Rigid,773768,773768,773810,0,42,42,completed,72
7209,Rigid,773842,773843,773855,1,12,13,completed,144
7210,Rigid,773903,773903,773907,0,4,4,completed,36
7211,Rigid,773972,773972,773985,0,13,13,completed,144
7212,Rigid,773973,773975,774022,2,47,49,completed,72
7213,Rigid,774006,774007,774010,1,3,4,completed,36
7214,Rigid,774024,774025,774062,1,37,38,completed,36
7215,Rigid,774072,774072,774660,0,588,588,completed,36
7216,Rigid,774076,774077,774122,1,45,46,completed,36
7217,Rigid,774182,774182,774198,0,16,16,completed,36
7218,Rigid,774239,774239,774253,0,14,14,completed,144
7219,Rigid,774251,774251,801795,0,27544,27544,completed,72
7220,Rigid,774362,774363,775446,1,1083,1084,completed,36
7221,Rigid,774418,774419,774432,1,13,14,completed,144
7222,Rigid,774474,774474,774492,0,18,18,completed,36
7223,Rigid,774540,774540,774560,0,20,20,completed,36
7224,Rigid,774542,774663,775139,121,476,597,completed,36
7225,Rigid,774600,774601,774614,1,13,14,completed,144
7226,Rigid,774609,774610,774848,1,238,239,completed,36
7227,Rigid,774619,774619,774634,0,15,15,completed,36
7228,Rigid,774832,774833,774846,1,13,14,completed,144
7229,Rigid,774908,774908,774911,0,3,3,completed,36
7230,Rigid,775026,775026,785233,0,10207,10207,completed,36
7231,Rigid,775029,775030,775279,1,249,250,completed,36
7232,Rigid,775046,775046,775109,0,63,63,completed,36
7233,Rigid,775092,775092,775114,0,22,22,completed,144
7234,Rigid,775098,775142,775814,44,672,716,completed,36
7235,Rigid,775216,775217,775233,1,16,17,completed,144
7236,Rigid,775311,775312,775329,1,17,18,completed,144
7237,Rigid,775325,775326,775338,1,12,13,completed,36
7238,Rigid,775356,775357,775395,1,38,39,completed,36
7239,Rigid,775359,775361,775979,2,618,620,completed,8
7240,Rigid,775397,775398,775415,1,17,18,completed,72
7241,Rigid,775438,775439,775459,1,20,21,completed,144
7242,Rigid,775461,775461,775590,0,129,129,completed,36
7243,Rigid,775467,775468,775630,1,162,163,completed,72
7244,Rigid,775600,775600,775604,0,4,4,completed,36
7245,Rigid,775688,775689,775705,1,16,17,completed,144
7246,Rigid,775928,775929,775943,1,14,15,completed,144
7247,Rigid,776072,776072,776088,0,16,16,completed,144
7248,Rigid,776110,776111,776801,1,690,691,completed,36
7249,Rigid,776116,776117,782112,1,5995,5996,completed,36
7250,Rigid,776122,776123,776164,1,41,42,completed,36
7251,Rigid,776136,776136,776145,0,9,9,completed,144
7252,Rigid,776169,776170,776402,1,232,233,completed,36
7253,Rigid,776176,776176,776179,0,3,3,completed,36
7254,Rigid,776188,776188,776230,0,42,42,completed,36
7255,Rigid,776218,776219,776261,1,42,43,completed,36
7256,Rigid,776242,776243,776281,1,38,39,completed,36
7257,Rigid,776302,776303,776542,1,239,240,completed,72
7258,Rigid,776330,776330,776372,0,42,42,completed,36
7259,Rigid,776330,776334,776377,4,43,47,completed,36
7260,Rigid,776331,776334,776376,3,42,45,completed,36
7261,Rigid,776377,776377,776402,0,25,25,completed,144
7262,Rigid,776459,776460,776485,1,25,26,completed,144
7263,Rigid,776485,776486,776510,1,24,25,completed,36
7264,Rigid,776488,776490,776537,2,47,49,completed,36
7265,Rigid,776500,776501,776704,1,203,204,completed,36
7266,Rigid,776514,776514,776707,0,193,193,completed,36
7267,Rigid,776528,776529,776568,1,39,40,completed,144
7268,Rigid,776572,776572,776598,0,26,26,completed,36
7269,Rigid,776603,776603,783190,0,6587,6587,completed,36
7270,Rigid,776611,776612,776638,1,26,27,completed,36
7271,Rigid,776614,776616,784954,2,8338,8340,completed,36
7272,Rigid,776626,776626,784560,0,7934,7934,completed,36
7273,Rigid,776637,776639,784018,2,7379,7381,completed,36
7274,Rigid,776735,776735,777258,0,523,523,completed,72
7275,Rigid,776739,776740,776778,1,38,39,completed,36
7276,Rigid,776761,776762,777129,1,367,368,completed,36
7277,Rigid,776765,776766,776807,1,41,42,completed,36
7278,Rigid,776776,776776,777152,0,376,376,completed,36
7279,Rigid,776782,776783,776857,1,74,75,completed,36
7280,Rigid,776798,776798,776839,0,41,41,completed,36
7281,Rigid,776834,776834,776876,0,42,42,completed,36
7282,Rigid,776847,776848,776886,1,38,39,completed,144
7283,Rigid,776866,776867,776893,1,26,27,completed,36
7284,Rigid,776949,776950,776995,1,45,46,completed,144
7285,Rigid,777019,777020,777101,1,81,82,completed,36
7286,Rigid,777058,777059,777062,1,3,4,completed,36
7287,Rigid,777109,777109,777171,0,62,62,completed,36
7288,Rigid,777116,777119,777162,3,43,46,completed,36
7289,Rigid,777122,777123,777149,1,26,27,completed,36
7290,Rigid,777153,777153,777167,0,14,14,completed,144
7291,Rigid,777187,777187,777853,0,666,666,completed,36
7292,Rigid,777231,777232,777608,1,376,377,completed,144
7293,Rigid,777264,777264,777309,0,45,45,completed,36
7294,Rigid,777306,777307,777977,1,670,671,completed,36
7295,Rigid,777307,777307,780378,0,3071,3071,completed,72
7296,Rigid,777371,777371,777494,0,123,123,completed,36
7297,Rigid,777390,940556,959522,163166,18966,182132,completed,432
7298,Rigid,777392,972001,997618,194609,25617,220226,completed,432
7299,Rigid,777416,777419,777459,3,40,43,completed,36
7300,Rigid,777417,777419,777444,2,25,27,completed,36
7301,Rigid,777454,777454,777494,0,40,40,completed,36
7302,Rigid,777479,777480,777507,1,27,28,completed,36
7303,Rigid,777574,777575,777579,1,4,5,completed,36
7304,Rigid,777596,777599,777637,3,38,41,completed,36
7305,Rigid,777629,777629,777642,0,13,13,completed,144
7306,Rigid,777719,777720,777759,1,39,40,completed,36
7307,Rigid,777798,777798,777859,0,61,61,completed,36
7308,Rigid,777821,777822,777834,1,12,13,completed,144
7309,Rigid,777927,777927,777968,0,41,41,completed,36
7310,Rigid,777975,777976,777990,1,14,15,completed,144
7311,Rigid,777994,777995,778034,1,39,40,completed,36
7312,Rigid,778031,778031,778071,0,40,40,completed,36
7313,Rigid,778142,778143,782638,1,4495,4496,completed,144
7314,Rigid,778308,778309,778363,1,54,55,completed,36
7315,Rigid,778539,778539,778543,0,4,4,completed,36
7316,Rigid,778558,778559,778625,1,66,67,completed,36
7317,Rigid,778577,778578,778606,1,28,29,completed,36
7318,Rigid,778632,778633,779305,1,672,673,completed,36
7319,Rigid,778749,778750,778757,1,7,8,completed,36
7320,Rigid,778927,778927,779150,0,223,223,completed,36
7321,Rigid,779303,779303,779364,0,61,61,completed,36
7322,Rigid,779305,779306,779346,1,40,41,completed,36
7323,Rigid,779400,779400,779405,0,5,5,completed,4
7324,Rigid,779438,779438,779801,0,363,363,completed,36
7325,Rigid,779503,779504,779535,1,31,32,completed,36
7326,Rigid,779505,779508,779569,3,61,64,completed,36
7327,Rigid,779521,779522,779566,1,44,45,completed,36
7328,Rigid,779597,779598,779639,1,41,42,completed,36
7329,Rigid,779614,779614,779671,0,57,57,completed,36
7330,Rigid,779644,779644,779687,0,43,43,completed,36
7331,Rigid,779670,779670,779699,0,29,29,completed,36
7332,Rigid,779702,779703,779748,1,45,46,completed,36
7333,Rigid,779784,779785,779826,1,41,42,completed,36
7334,Rigid,779899,779899,779938,0,39,39,completed,36
7335,Rigid,779933,779934,780498,1,564,565,completed,36
7336,Rigid,779959,779959,780030,0,71,71,completed,36
7337,Rigid,779961,779963,780040,2,77,79,completed,36
7338,Rigid,780005,780006,780009,1,3,4,completed,36
7339,Rigid,780020,780021,780261,1,240,241,completed,36
7340,Rigid,780055,780055,780115,0,60,60,completed,36
7341,Rigid,780080,780081,780084,1,3,4,completed,36
7342,Rigid,780103,780103,780142,0,39,39,completed,36
7343,Rigid,780121,780121,780160,0,39,39,completed,36
7344,Rigid,780149,780150,780210,1,60,61,completed,36
7345,Rigid,780169,780169,780212,0,43,43,completed,36
7346,Rigid,780188,780189,780233,1,44,45,completed,36
7347,Rigid,780226,780226,780602,0,376,376,completed,36
7348,Rigid,780238,780239,780300,1,61,62,completed,36
7349,Rigid,780282,780282,780286,0,4,4,completed,36
7350,Rigid,780403,780404,780457,1,53,54,completed,36
7351,Rigid,780403,780404,780627,1,223,224,completed,36
7352,Rigid,780424,780425,781038,1,613,614,completed,72
7353,Rigid,780478,780501,781048,23,547,570,completed,36
7354,Rigid,780573,780573,780615,0,42,42,completed,36
7355,Rigid,780634,780634,780638,0,4,4,completed,36
7356,Rigid,780656,780659,780719,3,60,63,completed,36
7357,Rigid,780677,780678,780715,1,37,38,completed,36
7358,Rigid,780762,780762,781138,0,376,376,completed,36
7359,Rigid,780766,780767,780770,1,3,4,completed,36
7360,Rigid,780996,780997,781241,1,244,245,completed,36
7361,Rigid,781039,781040,781043,1,3,4,completed,36
7362,Rigid,781087,781088,781092,1,4,5,completed,36
7363,Rigid,781110,781110,781165,0,55,55,completed,36
7364,Rigid,781110,781114,781807,4,693,697,completed,144
7365,Rigid,781137,781139,781179,2,40,42,completed,36
7366,Rigid,781226,781227,781460,1,233,234,completed,144
7367,Rigid,781254,781255,781286,1,31,32,completed,36
7368,Rigid,781329,781330,781386,1,56,57,completed,36
7369,Rigid,781416,781417,781446,1,29,30,completed,36
7370,Rigid,781569,781569,781608,0,39,39,completed,36
7371,Rigid,781580,781580,782203,0,623,623,completed,36
7372,Rigid,781600,781600,781640,0,40,40,completed,36
7373,Rigid,781713,781716,781807,3,91,94,completed,144
7374,Rigid,781784,781784,782024,0,240,240,completed,36
7375,Rigid,781838,781838,781899,0,61,61,completed,36
7376,Rigid,781846,781846,781883,0,37,37,completed,36
7377,Rigid,781846,781846,782284,0,438,438,completed,144
7378,Rigid,782102,782102,782160,0,58,58,completed,36
7379,Rigid,782114,782114,782154,0,40,40,completed,36
7380,Rigid,782188,782189,782251,1,62,63,completed,36
7381,Rigid,782201,782202,782441,1,239,240,completed,36
7382,Rigid,782225,782226,902932,1,120706,120707,completed,36
7383,Rigid,782292,782293,782297,1,4,5,completed,36
7384,Rigid,782312,782313,782375,1,62,63,completed,36
7385,Rigid,782313,782317,782320,4,3,7,completed,36
7386,Rigid,782385,782386,783053,1,667,668,completed,36
7387,Rigid,782391,782392,782430,1,38,39,completed,36
7388,Rigid,782412,782413,782444,1,31,32,completed,144
7389,Rigid,782428,782429,782483,1,54,55,completed,36
7390,Rigid,782432,782433,782470,1,37,38,completed,36
7391,Rigid,782502,782502,782568,0,66,66,completed,36
7392,Rigid,782561,782569,782630,8,61,69,completed,36
7393,Rigid,782640,782641,782645,1,4,5,completed,36
7394,Rigid,782693,782694,782751,1,57,58,completed,36
7395,Rigid,782768,782768,782797,0,29,29,completed,36
7396,Rigid,782786,782787,782986,1,199,200,completed,36
7397,Rigid,782840,782841,782901,1,60,61,completed,36
7398,Rigid,782851,782852,783096,1,244,245,completed,36
7399,Rigid,782864,782864,782874,0,10,10,completed,36
7400,Rigid,782889,782889,782946,0,57,57,completed,36
7401,Rigid,783001,783002,783039,1,37,38,completed,144
7402,Rigid,783013,783014,783074,1,60,61,completed,36
7403,Rigid,783029,783029,783070,0,41,41,completed,36
7404,Rigid,783062,783062,783103,0,41,41,completed,36
7405,Rigid,783140,783141,783386,1,245,246,completed,36
7406,Rigid,783149,783149,783210,0,61,61,completed,36
7407,Rigid,783177,783179,783210,2,31,33,completed,36
7408,Rigid,783200,783200,783264,0,64,64,completed,36
7409,Rigid,783254,783254,783498,0,244,244,completed,144
7410,Rigid,783254,783258,783299,4,41,45,completed,36
7411,Rigid,783306,783306,783348,0,42,42,completed,36
7412,Rigid,783313,783313,783375,0,62,62,completed,36
7413,Rigid,783447,783448,783479,1,31,32,completed,36
7414,Rigid,783508,783509,783519,1,10,11,completed,36
7415,Rigid,783519,783519,783558,0,39,39,completed,144
7416,Rigid,783618,783618,783656,0,38,38,completed,36
7417,Rigid,783633,783633,783689,0,56,56,completed,36
7418,Rigid,783673,783673,783734,0,61,61,completed,36
7419,Rigid,783738,783738,783773,0,35,35,completed,36
7420,Rigid,783744,783744,783790,0,46,46,completed,144
7421,Rigid,783875,783876,784394,1,518,519,completed,36
7422,Rigid,783951,783952,784009,1,57,58,completed,36
7423,Rigid,784046,784046,785473,0,1427,1427,completed,288
7424,Rigid,784102,784102,784142,0,40,40,completed,36
7425,Rigid,784166,784166,784208,0,42,42,completed,36
7426,Rigid,784186,784187,784242,1,55,56,completed,36
7427,Rigid,784205,784206,784247,1,41,42,completed,36
7428,Rigid,784218,784219,784444,1,225,226,completed,36
7429,Rigid,784249,784249,784287,0,38,38,completed,36
7430,Rigid,784320,784321,784362,1,41,42,completed,36
7431,Rigid,784352,784352,784408,0,56,56,completed,36
7432,Rigid,784440,784441,784485,1,44,45,completed,36
7433,Rigid,784503,784504,784530,1,26,27,completed,36
7434,Rigid,784621,784621,784677,0,56,56,completed,36
7435,Rigid,784623,784625,784686,2,61,63,completed,36
7436,Rigid,784684,784687,784729,3,42,45,completed,36
7437,Rigid,784713,784731,784773,18,42,60,completed,36
7438,Rigid,784795,784795,784856,0,61,61,completed,36
7439,Rigid,784829,784829,784888,0,59,59,completed,36
7440,Rigid,784937,784938,784994,1,56,57,completed,36
7441,Rigid,785038,785039,785256,1,217,218,completed,36
7442,Rigid,785044,785044,785100,0,56,56,completed,36
7443,Rigid,785228,785229,785471,1,242,243,completed,36
7444,Rigid,785277,785279,785302,2,23,25,completed,36
7445,Rigid,785339,785340,785443,1,103,104,completed,36
7446,Rigid,785344,785344,785415,0,71,71,completed,36
7447,Rigid,785410,785410,785437,0,27,27,completed,36
7448,Rigid,785489,785489,785512,0,23,23,completed,36
7449,Rigid,785663,785663,785724,0,61,61,completed,36
7450,Rigid,785710,785710,785949,0,239,239,completed,36
7451,Rigid,785803,785804,785831,1,27,28,completed,36
7452,Rigid,785905,785906,785986,1,80,81,completed,36
7453,Rigid,785975,785976,786010,1,34,35,completed,36
7454,Rigid,786305,786306,786333,1,27,28,completed,36
7455,Rigid,786384,786384,786688,0,304,304,completed,36
7456,Rigid,786464,786464,786494,0,30,30,completed,36
7457,Rigid,786558,786559,786586,1,27,28,completed,36
7458,Rigid,786626,786626,786664,0,38,38,completed,36
7459,Rigid,786643,786643,787310,0,667,667,completed,36
7460,Rigid,786676,786676,786713,0,37,37,completed,36
7461,Rigid,786691,786692,786701,1,9,10,completed,36
7462,Rigid,786820,786820,786847,0,27,27,completed,36
7463,Rigid,786841,786841,787350,0,509,509,completed,36
7464,Rigid,786854,786854,786889,0,35,35,completed,36
7465,Rigid,786868,786868,786894,0,26,26,completed,36
7466,Rigid,787044,787045,787071,1,26,27,completed,36
7467,Rigid,787187,787188,787215,1,27,28,completed,36
7468,Rigid,787378,787379,787441,1,62,63,completed,36
7469,Rigid,787423,787423,787460,0,37,37,completed,36
7470,Rigid,787506,787506,787541,0,35,35,completed,36
7471,Rigid,787560,787561,787623,1,62,63,completed,36
7472,Rigid,787571,787572,787609,1,37,38,completed,36
7473,Rigid,787696,787697,787760,1,63,64,completed,36
7474,Rigid,787746,787746,787762,0,16,16,completed,36
7475,Rigid,787783,787784,787847,1,63,64,completed,36
7476,Rigid,787804,787805,787818,1,13,14,completed,288
7477,Rigid,787817,787818,787821,1,3,4,completed,288
7478,Rigid,787825,787826,787828,1,2,3,completed,288
7479,Rigid,787829,787830,787991,1,161,162,completed,36
7480,Rigid,787857,787859,787921,2,62,64,completed,36
7481,Rigid,787863,787864,787904,1,40,41,completed,36
7482,Rigid,787906,787907,787915,1,8,9,completed,36
7483,Rigid,787938,787939,787952,1,13,14,completed,36
7484,Rigid,787962,787962,788025,0,63,63,completed,36
7485,Rigid,788009,788010,788172,1,162,163,completed,36
7486,Rigid,788040,788040,788077,0,37,37,completed,36
7487,Rigid,788059,788059,788069,0,10,10,completed,36
7488,Rigid,788076,788076,788085,0,9,9,completed,36
7489,Rigid,788222,788223,788261,1,38,39,completed,36
7490,Rigid,788281,788282,788579,1,297,298,completed,36
7491,Rigid,788358,788359,788368,1,9,10,completed,36
7492,Rigid,788382,788383,788465,1,82,83,completed,36
7493,Rigid,788402,788402,788412,0,10,10,completed,36
7494,Rigid,788663,788663,789188,0,525,525,completed,36
7495,Rigid,788685,788686,788916,1,230,231,completed,36
7496,Rigid,788819,788819,788828,0,9,9,completed,36
7497,Rigid,788909,788909,788913,0,4,4,completed,36
7498,Rigid,788986,788987,788995,1,8,9,completed,36
7499,Rigid,789003,789004,789066,1,62,63,completed,36
7500,Rigid,789008,789009,789012,1,3,4,completed,36
7501,Rigid,789015,789016,789024,1,8,9,completed,36
7502,Rigid,789033,789034,789068,1,34,35,completed,36
7503,Rigid,789043,789043,789082,0,39,39,completed,36
7504,Rigid,789084,789084,789123,0,39,39,completed,36
7505,Rigid,789121,789124,789160,3,36,39,completed,36
7506,Rigid,789139,789139,789142,0,3,3,completed,36
7507,Rigid,789139,789143,789151,4,8,12,completed,36
7508,Rigid,789191,789191,789228,0,37,37,completed,36
7509,Rigid,789218,789219,789258,1,39,40,completed,36
7510,Rigid,789265,789266,789280,1,14,15,completed,36
7511,Rigid,789298,789299,789312,1,13,14,completed,36
7512,Rigid,789317,789318,789326,1,8,9,completed,36
7513,Rigid,789395,789395,789430,0,35,35,completed,36
7514,Rigid,789405,789405,789412,0,7,7,completed,36
7515,Rigid,789429,789430,789438,1,8,9,completed,36
7516,Rigid,789453,789454,789462,1,8,9,completed,36
7517,Rigid,789475,789479,789485,4,6,10,completed,36
7518,Rigid,789484,789484,789659,0,175,175,completed,36
7519,Rigid,789486,789487,789494,1,7,8,completed,36
7520,Rigid,789515,789515,789518,0,3,3,completed,36
7521,Rigid,789515,789519,789722,4,203,207,completed,432
7522,Rigid,789557,789558,789593,1,35,36,completed,36
7523,Rigid,789561,789562,789569,1,7,8,completed,36
7524,Rigid,789591,789592,789603,1,11,12,completed,36
7525,Rigid,789623,789624,789686,1,62,63,completed,36
7526,Rigid,789657,789659,789693,2,34,36,completed,36
7527,Rigid,789660,789660,789668,0,8,8,completed,36
7528,Rigid,789662,789663,789768,1,105,106,completed,432
7529,Rigid,789765,789765,789841,0,76,76,completed,36
7530,Rigid,789784,789784,790036,0,252,252,completed,432
7531,Rigid,789827,789827,1055895,0,266068,266068,completed,360
7532,Rigid,789909,789909,789922,0,13,13,completed,36
7533,Rigid,790037,790037,790119,0,82,82,completed,36
7534,Rigid,790140,790140,790144,0,4,4,completed,36
7535,Rigid,790168,790169,790206,1,37,38,completed,36
7536,Rigid,790268,790268,790302,0,34,34,completed,36
7537,Rigid,790307,790307,790311,0,4,4,completed,36
7538,Rigid,790328,790329,790367,1,38,39,completed,36
7539,Rigid,790408,790409,790446,1,37,38,completed,36
7540,Rigid,790594,790594,790823,0,229,229,completed,36
7541,Rigid,790610,790610,790673,0,63,63,completed,36
7542,Rigid,790633,790633,790671,0,38,38,completed,36
7543,Rigid,790647,790647,790708,0,61,61,completed,36
7544,Rigid,790817,790817,790824,0,7,7,completed,36
7545,Rigid,790847,790847,790856,0,9,9,completed,36
7546,Rigid,790868,790868,790876,0,8,8,completed,36
7547,Rigid,790895,790896,790921,1,25,26,completed,36
7548,Rigid,790985,790986,791058,1,72,73,completed,36
7549,Rigid,790990,790991,790998,1,7,8,completed,36
7550,Rigid,791072,791072,791863,0,791,791,completed,864
7551,Rigid,791088,791089,791103,1,14,15,completed,36
7552,Rigid,791168,791169,791372,1,203,204,completed,36
7553,Rigid,791190,791190,791199,0,9,9,completed,36
7554,Rigid,791267,791268,791305,1,37,38,completed,36
7555,Rigid,791283,791284,791292,1,8,9,completed,36
7556,Rigid,791298,791299,791307,1,8,9,completed,36
7557,Rigid,791351,791351,791359,0,8,8,completed,36
7558,Rigid,791375,791375,791383,0,8,8,completed,36
7559,Rigid,791377,791379,791439,2,60,62,completed,36
7560,Rigid,791400,791400,791408,0,8,8,completed,36
7561,Rigid,791455,791455,791464,0,9,9,completed,36
7562,Rigid,791477,791478,791485,1,7,8,completed,36
7563,Rigid,791491,791491,791499,0,8,8,completed,36
7564,Rigid,791511,791511,791519,0,8,8,completed,36
7565,Rigid,791529,791529,791567,0,38,38,completed,36
7566,Rigid,791542,791543,791550,1,7,8,completed,36
7567,Rigid,791557,791557,791565,0,8,8,completed,36
7568,Rigid,791654,791654,791720,0,66,66,completed,36
7569,Rigid,791755,791759,791957,4,198,202,completed,36
7570,Rigid,791774,791774,791842,0,68,68,completed,36
7571,Rigid,791800,791801,964605,1,172804,172805,completed,252
7572,Rigid,791882,791883,791948,1,65,66,completed,36
7573,Rigid,791960,791961,792038,1,77,78,completed,36
7574,Rigid,792061,792062,792148,1,86,87,completed,36
7575,Rigid,792106,792106,792115,0,9,9,completed,36
7576,Rigid,792137,792137,792146,0,9,9,completed,36
7577,Rigid,792199,792200,792204,1,4,5,completed,36
7578,Rigid,792250,792250,792254,0,4,4,completed,36
7579,Rigid,792252,792254,792335,2,81,83,completed,36
7580,Rigid,792313,792314,792317,1,3,4,completed,36
7581,Rigid,792340,792340,792403,0,63,63,completed,36
7582,Rigid,792387,792405,792468,18,63,81,completed,36
7583,Rigid,792408,792408,792411,0,3,3,completed,36
7584,Rigid,792446,792446,792449,0,3,3,completed,36
7585,Rigid,792449,792469,792532,20,63,83,completed,36
7586,Rigid,792462,792462,792465,0,3,3,completed,36
7587,Rigid,792500,792500,792512,0,12,12,completed,36
7588,Rigid,792500,792500,792512,0,12,12,completed,36
7589,Rigid,792500,792500,792512,0,12,12,completed,36
7590,Rigid,792500,792504,792513,4,9,13,completed,36
7591,Rigid,792500,792504,792513,4,9,13,completed,36
7592,Rigid,792501,792504,792513,3,9,12,completed,36
7593,Rigid,792501,792504,792513,3,9,12,completed,36
7594,Rigid,792501,792504,792513,3,9,12,completed,36
7595,Rigid,792501,792504,792513,3,9,12,completed,36
7596,Rigid,792529,792529,792532,0,3,3,completed,36
7597,Rigid,792544,792545,792548,1,3,4,completed,36
7598,Rigid,792619,792619,792682,0,63,63,completed,36
7599,Rigid,792645,792646,792656,1,10,11,completed,36
7600,Rigid,792739,792740,792743,1,3,4,completed,36
7601,Rigid,792754,792755,792828,1,73,74,completed,36
7602,Rigid,792759,792760,792796,1,36,37,completed,36
7603,Rigid,792823,792824,792890,1,66,67,completed,36
7604,Rigid,792858,792859,792896,1,37,38,completed,36
7605,Rigid,792863,792864,792935,1,71,72,completed,36
7606,Rigid,792867,792868,793108,1,240,241,completed,36
7607,Rigid,792936,792937,792977,1,40,41,completed,36
7608,Rigid,792943,792944,792973,1,29,30,completed,36
7609,Rigid,792956,792956,793032,0,76,76,completed,36
7610,Rigid,793094,793094,793106,0,12,12,completed,36
7611,Rigid,793097,793098,793106,1,8,9,completed,36
7612,Rigid,793100,793102,793110,2,8,10,completed,36
7613,Rigid,793103,793106,793114,3,8,11,completed,36
7614,Rigid,793105,793106,793114,1,8,9,completed,36
7615,Rigid,793108,793109,793116,1,7,8,completed,36
7616,Rigid,793109,793109,793183,0,74,74,completed,36
7617,Rigid,793111,793114,793122,3,8,11,completed,36
7618,Rigid,793114,793114,793122,0,8,8,completed,36
7619,Rigid,793117,793117,793124,0,7,7,completed,36
7620,Rigid,793202,793202,793210,0,8,8,completed,36
7621,Rigid,793223,793224,793236,1,12,13,completed,36
7622,Rigid,793226,793227,793236,1,9,10,completed,36
7623,Rigid,793228,793232,793243,4,11,15,completed,36
7624,Rigid,793231,793232,793243,1,11,12,completed,36
7625,Rigid,793234,793236,793247,2,11,13,completed,36
7626,Rigid,793237,793237,793250,0,13,13,completed,36
7627,Rigid,793239,793240,793253,1,13,14,completed,36
7628,Rigid,793242,793244,793258,2,14,16,completed,36
7629,Rigid,793245,793248,793263,3,15,18,completed,36
7630,Rigid,793334,793334,793348,0,14,14,completed,36
7631,Rigid,793335,793338,793349,3,11,14,completed,36
7632,Rigid,793335,793338,793349,3,11,14,completed,36
7633,Rigid,793336,793338,793350,2,12,14,completed,36
7634,Rigid,793337,793338,793350,1,12,13,completed,36
7635,Rigid,793337,793338,793352,1,14,15,completed,36
7636,Rigid,793339,793342,793355,3,13,16,completed,36
7637,Rigid,793341,793342,793357,1,15,16,completed,36
7638,Rigid,793343,793346,793360,3,14,17,completed,36
7639,Rigid,793431,793432,793446,1,14,15,completed,36
7640,Rigid,793434,793435,793447,1,12,13,completed,36
7641,Rigid,793436,793437,793447,1,10,11,completed,36
7642,Rigid,793438,793439,793449,1,10,11,completed,36
7643,Rigid,793441,793443,793454,2,11,13,completed,36
7644,Rigid,793443,793443,793456,0,13,13,completed,36
7645,Rigid,793443,793447,793522,4,75,79,completed,36
7646,Rigid,793444,793447,793460,3,13,16,completed,36
7647,Rigid,793446,793447,793462,1,15,16,completed,36
7648,Rigid,793448,793449,793464,1,15,16,completed,36
7649,Rigid,793462,793462,793495,0,33,33,completed,36
7650,Rigid,793464,793465,793490,1,25,26,completed,36
7651,Rigid,793582,793582,793600,0,18,18,completed,36
7652,Rigid,793584,793586,793600,2,14,16,completed,36
7653,Rigid,793586,793586,793600,0,14,14,completed,36
7654,Rigid,793588,793590,793605,2,15,17,completed,36
7655,Rigid,793590,793590,793624,0,34,34,completed,36
7656,Rigid,793590,793594,793609,4,15,19,completed,36
7657,Rigid,793592,793594,793611,2,17,19,completed,36
7658,Rigid,793595,793598,793615,3,17,20,completed,36
7659,Rigid,793597,793598,793617,1,19,20,completed,36
7660,Rigid,793600,793601,793620,1,19,20,completed,36
7661,Rigid,793643,793644,793667,1,23,24,completed,1
7662,Rigid,793671,793672,793733,1,61,62,completed,36
7663,Rigid,793746,793747,838911,1,45164,45165,completed,144
7664,Rigid,793771,793772,793776,1,4,5,completed,36
7665,Rigid,793856,793857,793866,1,9,10,completed,36
7666,Rigid,793930,793931,793940,1,9,10,completed,36
7667,Rigid,793990,793991,795060,1,1069,1070,completed,2
7668,Rigid,793990,793991,794005,1,14,15,completed,2
7669,Rigid,793990,793991,795048,1,1057,1058,completed,2
7670,Rigid,793990,793991,795094,1,1103,1104,completed,2
7671,Rigid,793990,793991,794378,1,387,388,completed,2
7672,Rigid,794009,794010,814907,1,20897,20898,completed,36
7673,Rigid,794038,794039,794414,1,375,376,completed,864
7674,Rigid,794049,794050,911061,1,117011,117012,completed,36
7675,Rigid,794074,794074,794112,0,38,38,completed,36
7676,Rigid,794080,794080,911092,0,117012,117012,completed,36
7677,Rigid,794113,794113,850674,0,56561,56561,completed,36
7678,Rigid,794298,794298,794337,0,39,39,completed,4
7679,Rigid,794350,794351,794416,1,65,66,completed,36
7680,Rigid,794359,794359,794401,0,42,42,completed,36
7681,Rigid,794381,794381,794461,0,80,80,completed,5
7682,Rigid,794381,794381,794395,0,14,14,completed,5
7683,Rigid,794381,794381,794395,0,14,14,completed,5
7684,Rigid,794381,794381,794396,0,15,15,completed,5
7685,Rigid,794381,794381,794516,0,135,135,completed,5
7686,Rigid,794381,794381,796444,0,2063,2063,completed,5
7687,Rigid,794382,794386,796008,4,1622,1626,completed,5
7688,Rigid,794382,794386,794396,4,10,14,completed,5
7689,Rigid,794382,794386,794447,4,61,65,completed,5
7690,Rigid,794382,794386,794416,4,30,34,completed,5
7691,Rigid,794382,794386,794481,4,95,99,completed,5
7692,Rigid,794382,794386,794413,4,27,31,completed,5
7693,Rigid,794382,794386,794395,4,9,13,completed,5
7694,Rigid,794382,794386,794446,4,60,64,completed,5
7695,Rigid,794382,794386,794395,4,9,13,completed,5
7696,Rigid,794382,794386,794395,4,9,13,completed,5
7697,Rigid,794382,794382,794439,0,57,57,completed,4
7698,Rigid,794382,794386,794395,4,9,13,completed,5
7699,Rigid,794382,794386,794397,4,11,15,completed,5
7700,Rigid,794382,794386,794398,4,12,16,completed,5
7701,Rigid,794382,794386,796137,4,1751,1755,completed,5
7702,Rigid,794382,794386,795794,4,1408,1412,completed,5
7703,Rigid,794382,794386,794397,4,11,15,completed,5
7704,Rigid,794382,794386,794579,4,193,197,completed,5
7705,Rigid,794383,794386,794396,3,10,13,completed,5
7706,Rigid,794383,794386,794396,3,10,13,completed,5
7707,Rigid,794383,794386,794419,3,33,36,completed,5
7708,Rigid,794383,794386,794395,3,9,12,completed,5
7709,Rigid,794383,794386,794395,3,9,12,completed,5
7710,Rigid,794383,794386,794437,3,51,54,completed,5
7711,Rigid,794383,794386,794396,3,10,13,completed,5
7712,Rigid,794383,794386,794394,3,8,11,completed,5
7713,Rigid,794383,794386,794451,3,65,68,completed,5
7714,Rigid,794383,794386,794395,3,9,12,completed,5
7715,Rigid,794383,794386,795991,3,1605,1608,completed,5
7716,Rigid,794383,794386,796186,3,1800,1803,completed,5
7717,Rigid,794383,794386,794395,3,9,12,completed,5
7718,Rigid,794383,794386,794397,3,11,14,completed,5
7719,Rigid,794384,794386,794443,2,57,59,completed,5
7720,Rigid,794384,794386,794396,2,10,12,completed,5
7721,Rigid,794384,794386,794523,2,137,139,completed,5
7722,Rigid,794384,794386,794397,2,11,13,completed,5
7723,Rigid,794384,794386,794395,2,9,11,completed,5
7724,Rigid,794384,794386,794447,2,61,63,completed,5
7725,Rigid,794384,794386,794395,2,9,11,completed,5
7726,Rigid,794384,794386,794445,2,59,61,completed,5
7727,Rigid,794384,794386,794394,2,8,10,completed,5
7728,Rigid,794384,794386,795893,2,1507,1509,completed,5
7729,Rigid,794384,794386,795886,2,1500,1502,completed,5
7730,Rigid,794384,794386,794396,2,10,12,completed,5
7731,Rigid,794384,794386,794396,2,10,12,completed,5
7732,Rigid,794384,794386,794395,2,9,11,completed,5
7733,Rigid,794385,794386,794396,1,10,11,completed,5
7734,Rigid,794385,794386,794396,1,10,11,completed,5
7735,Rigid,794385,794386,794395,1,9,10,completed,5
7736,Rigid,794385,794386,794395,1,9,10,completed,5
7737,Rigid,794385,794386,797948,1,3562,3563,completed,5
7738,Rigid,794385,794386,794394,1,8,9,completed,5
7739,Rigid,794385,794386,794394,1,8,9,completed,5
7740,Rigid,794385,794386,794398,1,12,13,completed,5
7741,Rigid,794385,794386,794417,1,31,32,completed,5
7742,Rigid,794385,794386,794451,1,65,66,completed,5
7743,Rigid,794385,794386,794395,1,9,10,completed,5
7744,Rigid,794385,794386,794394,1,8,9,completed,5
7745,Rigid,794385,794386,794396,1,10,11,completed,5
7746,Rigid,794385,794386,794497,1,111,112,completed,5
7747,Rigid,794385,794386,794395,1,9,10,completed,5
7748,Rigid,794385,794386,794394,1,8,9,completed,5
7749,Rigid,794385,794386,794395,1,9,10,completed,5
7750,Rigid,794385,794386,794564,1,178,179,completed,5
7751,Rigid,794385,794386,794408,1,22,23,completed,5
7752,Rigid,794386,794386,794395,0,9,9,completed,5
7753,Rigid,794386,794390,794442,4,52,56,completed,5
7754,Rigid,794386,794390,794399,4,9,13,completed,5
7755,Rigid,794386,794390,794400,4,10,14,completed,5
7756,Rigid,794386,794390,794424,4,34,38,completed,5
7757,Rigid,794386,794390,794402,4,12,16,completed,5
7758,Rigid,794386,794390,794400,4,10,14,completed,5
7759,Rigid,794386,794390,794402,4,12,16,completed,5
7760,Rigid,794386,794390,794400,4,10,14,completed,5
7761,Rigid,794386,794390,794401,4,11,15,completed,5
7762,Rigid,794386,794390,794446,4,56,60,completed,5
7763,Rigid,794386,794390,794436,4,46,50,completed,5
7764,Rigid,794386,794390,794400,4,10,14,completed,5
7765,Rigid,794386,794390,794400,4,10,14,completed,5
7766,Rigid,794387,794390,794399,3,9,12,completed,5
7767,Rigid,794387,794390,795675,3,1285,1288,completed,5
7768,Rigid,794387,794390,794400,3,10,13,completed,5
7769,Rigid,794387,794390,794400,3,10,13,completed,5
7770,Rigid,794387,794390,794399,3,9,12,completed,5
7771,Rigid,794387,794390,794401,3,11,14,completed,5
7772,Rigid,794387,794390,794399,3,9,12,completed,5
7773,Rigid,794387,794390,794398,3,8,11,completed,5
7774,Rigid,794387,794390,794479,3,89,92,completed,5
7775,Rigid,794387,794390,794401,3,11,14,completed,5
7776,Rigid,794387,794390,794402,3,12,15,completed,5
7777,Rigid,794387,794390,794418,3,28,31,completed,5
7778,Rigid,794387,794390,794418,3,28,31,completed,5
7779,Rigid,794387,794390,794401,3,11,14,completed,5
7780,Rigid,794387,794390,794479,3,89,92,completed,5
7781,Rigid,794387,794390,794400,3,10,13,completed,5
7782,Rigid,794387,794390,794433,3,43,46,completed,5
7783,Rigid,794387,794390,794403,3,13,16,completed,5
7784,Rigid,794388,794390,794419,2,29,31,completed,5
7785,Rigid,794388,794390,794400,2,10,12,completed,5
7786,Rigid,794388,794390,794401,2,11,13,completed,5
7787,Rigid,794388,794390,794400,2,10,12,completed,5
7788,Rigid,794388,794390,794400,2,10,12,completed,5
7789,Rigid,794388,794390,794400,2,10,12,completed,5
7790,Rigid,794388,794390,794401,2,11,13,completed,5
7791,Rigid,794388,794390,794415,2,25,27,completed,5
7792,Rigid,794388,794390,794400,2,10,12,completed,5
7793,Rigid,794388,794390,794401,2,11,13,completed,5
7794,Rigid,794388,794390,794398,2,8,10,completed,5
7795,Rigid,794388,794390,794400,2,10,12,completed,5
7796,Rigid,794388,794390,794400,2,10,12,completed,5
7797,Rigid,794388,794390,794430,2,40,42,completed,5
7798,Rigid,794388,794390,794432,2,42,44,completed,5
7799,Rigid,794388,794390,794400,2,10,12,completed,5
7800,Rigid,794388,794390,794433,2,43,45,completed,5
7801,Rigid,794388,794390,794461,2,71,73,completed,5
7802,Rigid,794388,794390,794401,2,11,13,completed,5
7803,Rigid,794388,794390,794433,2,43,45,completed,5
7804,Rigid,794388,794390,794401,2,11,13,completed,5
7805,Rigid,794388,794390,794401,2,11,13,completed,5
7806,Rigid,794389,794390,794401,1,11,12,completed,5
7807,Rigid,794389,794390,794531,1,141,142,completed,5
7808,Rigid,794389,794390,794399,1,9,10,completed,5
7809,Rigid,794389,794390,794471,1,81,82,completed,5
7810,Rigid,794389,794390,794400,1,10,11,completed,5
7811,Rigid,794389,794390,794402,1,12,13,completed,5
7812,Rigid,794389,794390,794432,1,42,43,completed,5
7813,Rigid,794389,794390,794399,1,9,10,completed,5
7814,Rigid,794389,794390,794400,1,10,11,completed,5
7815,Rigid,794389,794390,794488,1,98,99,completed,5
7816,Rigid,794389,794390,794401,1,11,12,completed,5
7817,Rigid,794389,794390,794402,1,12,13,completed,5
7818,Rigid,794389,794390,794400,1,10,11,completed,5
7819,Rigid,794389,794390,794401,1,11,12,completed,5
7820,Rigid,794389,794390,794437,1,47,48,completed,5
7821,Rigid,794389,794390,794402,1,12,13,completed,5
7822,Rigid,794389,794390,794401,1,11,12,completed,5
7823,Rigid,794389,794390,795840,1,1450,1451,completed,5
7824,Rigid,794389,794390,795591,1,1201,1202,completed,5
7825,Rigid,794389,794390,794413,1,23,24,completed,5
7826,Rigid,794389,794390,797089,1,2699,2700,completed,5
7827,Rigid,794389,794390,794400,1,10,11,completed,5
7828,Rigid,794389,794390,794400,1,10,11,completed,5
7829,Rigid,794389,794390,794403,1,13,14,completed,5
7830,Rigid,794389,794390,794402,1,12,13,completed,5
7831,Rigid,794389,794390,794401,1,11,12,completed,5
7832,Rigid,794389,794390,794401,1,11,12,completed,5
7833,Rigid,794389,794390,794400,1,10,11,completed,5
7834,Rigid,794389,794390,794402,1,12,13,completed,5
7835,Rigid,794390,794390,794400,0,10,10,completed,5
7836,Rigid,794390,794390,794400,0,10,10,completed,5
7837,Rigid,794390,794390,794433,0,43,43,completed,5
7838,Rigid,794390,794390,794401,0,11,11,completed,5
7839,Rigid,794390,794394,794633,4,239,243,completed,5
7840,Rigid,794390,794394,796195,4,1801,1805,completed,5
7841,Rigid,794390,794394,797159,4,2765,2769,completed,5
7842,Rigid,794390,794394,797255,4,2861,2865,completed,5
7843,Rigid,794390,794394,794404,4,10,14,completed,5
7844,Rigid,794390,794394,796636,4,2242,2246,completed,5
7845,Rigid,794390,794394,794406,4,12,16,completed,5
7846,Rigid,794391,794394,794405,3,11,14,completed,5
7847,Rigid,794391,794394,794404,3,10,13,completed,5
7848,Rigid,794391,794394,794463,3,69,72,completed,5
7849,Rigid,794391,794394,794405,3,11,14,completed,5
7850,Rigid,794391,794394,795386,3,992,995,completed,5
7851,Rigid,794391,794394,794405,3,11,14,completed,5
7852,Rigid,794391,794394,794440,3,46,49,completed,5
7853,Rigid,794391,794394,794407,3,13,16,completed,5
7854,Rigid,794391,794394,794406,3,12,15,completed,5
7855,Rigid,794391,794394,794405,3,11,14,completed,5
7856,Rigid,794391,794394,794403,3,9,12,completed,5
7857,Rigid,794391,794394,796859,3,2465,2468,completed,5
7858,Rigid,794391,794394,796706,3,2312,2315,completed,5
7859,Rigid,794391,794394,796298,3,1904,1907,completed,5
7860,Rigid,794391,794394,794499,3,105,108,completed,5
7861,Rigid,794391,794394,794404,3,10,13,completed,5
7862,Rigid,794391,794394,795476,3,1082,1085,completed,5
7863,Rigid,794391,794394,794404,3,10,13,completed,5
7864,Rigid,794391,794394,794464,3,70,73,completed,5
7865,Rigid,794391,794394,794403,3,9,12,completed,5
7866,Rigid,794391,794394,796322,3,1928,1931,completed,5
7867,Rigid,794391,794394,794403,3,9,12,completed,5
7868,Rigid,794391,794394,794403,3,9,12,completed,5
7869,Rigid,794391,794394,794403,3,9,12,completed,5
7870,Rigid,794391,794394,794456,3,62,65,completed,5
7871,Rigid,794391,794394,794404,3,10,13,completed,5
7872,Rigid,794392,794394,794459,2,65,67,completed,5
7873,Rigid,794392,794394,794413,2,19,21,completed,5
7874,Rigid,794392,794394,794403,2,9,11,completed,5
7875,Rigid,794392,794394,794406,2,12,14,completed,5
7876,Rigid,794392,794394,794476,2,82,84,completed,5
7877,Rigid,794392,794394,794405,2,11,13,completed,5
7878,Rigid,794392,794394,794403,2,9,11,completed,5
7879,Rigid,794392,794394,794404,2,10,12,completed,5
7880,Rigid,794392,794394,794403,2,9,11,completed,5
7881,Rigid,794392,794394,796397,2,2003,2005,completed,5
7882,Rigid,794392,794394,794412,2,18,20,completed,5
7883,Rigid,794392,794394,794404,2,10,12,completed,5
7884,Rigid,794392,794394,794408,2,14,16,completed,5
7885,Rigid,794392,794394,794407,2,13,15,completed,5
7886,Rigid,794392,794394,796475,2,2081,2083,completed,5
7887,Rigid,794392,794394,794403,2,9,11,completed,5
7888,Rigid,794392,794394,794405,2,11,13,completed,5
7889,Rigid,794392,794394,794403,2,9,11,completed,5
7890,Rigid,794392,794394,794404,2,10,12,completed,5
7891,Rigid,794392,794394,794404,2,10,12,completed,5
7892,Rigid,794392,794394,794403,2,9,11,completed,5
7893,Rigid,794392,794394,794478,2,84,86,completed,5
7894,Rigid,794392,794394,794404,2,10,12,completed,5
7895,Rigid,794392,794394,794406,2,12,14,completed,5
7896,Rigid,794392,794394,794410,2,16,18,completed,5
7897,Rigid,794392,794394,794428,2,34,36,completed,5
7898,Rigid,794392,794394,794451,2,57,59,completed,5
7899,Rigid,794392,794394,794546,2,152,154,completed,5
7900,Rigid,794392,794394,795885,2,1491,1493,completed,5
7901,Rigid,794392,794394,794407,2,13,15,completed,5
7902,Rigid,794392,794394,794403,2,9,11,completed,5
7903,Rigid,794392,794394,794461,2,67,69,completed,5
7904,Rigid,794392,794394,794420,2,26,28,completed,5
7905,Rigid,794392,794394,794410,2,16,18,completed,5
7906,Rigid,794392,794394,794403,2,9,11,completed,5
7907,Rigid,794393,794394,794463,1,69,70,completed,5
7908,Rigid,794393,794394,794466,1,72,73,completed,5
7909,Rigid,794393,794394,794462,1,68,69,completed,5
7910,Rigid,794393,794394,796046,1,1652,1653,completed,5
7911,Rigid,794393,794394,794481,1,87,88,completed,5
7912,Rigid,794393,794394,794405,1,11,12,completed,5
7913,Rigid,794393,794394,794405,1,11,12,completed,5
7914,Rigid,794393,794394,794408,1,14,15,completed,5
7915,Rigid,794393,794394,794404,1,10,11,completed,5
7916,Rigid,794393,794394,794502,1,108,109,completed,5
7917,Rigid,794393,794394,794404,1,10,11,completed,5
7918,Rigid,794393,794394,794405,1,11,12,completed,5
7919,Rigid,794393,794394,794404,1,10,11,completed,5
7920,Rigid,794393,794394,796273,1,1879,1880,completed,5
7921,Rigid,794393,794394,796799,1,2405,2406,completed,5
7922,Rigid,794393,794394,796773,1,2379,2380,completed,5
7923,Rigid,794393,794394,794408,1,14,15,completed,5
7924,Rigid,794394,794394,794467,0,73,73,completed,5
7925,Rigid,794394,794394,794403,0,9,9,completed,5
7926,Rigid,794394,794395,794490,1,95,96,completed,5
7927,Rigid,794394,794395,794404,1,9,10,completed,5
7928,Rigid,794394,794395,794405,1,10,11,completed,5
7929,Rigid,794394,794395,794406,1,11,12,completed,5
7930,Rigid,794394,794395,794458,1,63,64,completed,5
7931,Rigid,794395,794395,794405,0,10,10,completed,5
7932,Rigid,794395,794396,794417,1,21,22,completed,5
7933,Rigid,794395,794396,794451,1,55,56,completed,5
7934,Rigid,794395,794396,794404,1,8,9,completed,5
7935,Rigid,794395,794396,794455,1,59,60,completed,5
7936,Rigid,794395,794396,794405,1,9,10,completed,5
7937,Rigid,794395,794396,794522,1,126,127,completed,5
7938,Rigid,794395,794396,796202,1,1806,1807,completed,5
7939,Rigid,794395,794396,794406,1,10,11,completed,5
7940,Rigid,794395,794396,794407,1,11,12,completed,5
7941,Rigid,794395,794396,794405,1,9,10,completed,5
7942,Rigid,794396,794396,794406,0,10,10,completed,5
7943,Rigid,794396,794396,794406,0,10,10,completed,5
7944,Rigid,794396,794396,794424,0,28,28,completed,5
7945,Rigid,794396,794396,795634,0,1238,1238,completed,5
7946,Rigid,794396,794396,794406,0,10,10,completed,5
7947,Rigid,794396,794396,794406,0,10,10,completed,5
7948,Rigid,794396,794396,794524,0,128,128,completed,5
7949,Rigid,794396,794396,794408,0,12,12,completed,5
7950,Rigid,794396,794396,795292,0,896,896,completed,5
7951,Rigid,794396,794396,794541,0,145,145,completed,5
7952,Rigid,794396,794396,794405,0,9,9,completed,5
7953,Rigid,794396,794396,794471,0,75,75,completed,5
7954,Rigid,794396,794396,794406,0,10,10,completed,5
7955,Rigid,794396,794396,794406,0,10,10,completed,5
7956,Rigid,794396,794396,794431,0,35,35,completed,5
7957,Rigid,794397,794397,794469,0,72,72,completed,5
7958,Rigid,794397,794397,794406,0,9,9,completed,5
7959,Rigid,794397,794397,794415,0,18,18,completed,5
7960,Rigid,794397,794397,794405,0,8,8,completed,5
7961,Rigid,794397,794397,794406,0,9,9,completed,5
7962,Rigid,794397,794397,794465,0,68,68,completed,5
7963,Rigid,794397,794397,794406,0,9,9,completed,5
7964,Rigid,794397,794397,794407,0,10,10,completed,5
7965,Rigid,794397,794397,794406,0,9,9,completed,5
7966,Rigid,794397,794398,794407,1,9,10,completed,5
7967,Rigid,794397,794398,794406,1,8,9,completed,5
7968,Rigid,794397,794398,794406,1,8,9,completed,5
7969,Rigid,794398,794398,796307,0,1909,1909,completed,5
7970,Rigid,794398,794398,794429,0,31,31,completed,5
7971,Rigid,794398,794398,794453,0,55,55,completed,5
7972,Rigid,794398,794398,794438,0,40,40,completed,5
7973,Rigid,794398,794398,794408,0,10,10,completed,5
7974,Rigid,794398,794398,794408,0,10,10,completed,5
7975,Rigid,794398,794398,794406,0,8,8,completed,5
7976,Rigid,794398,794398,794407,0,9,9,completed,5
7977,Rigid,794398,794398,794432,0,34,34,completed,5
7978,Rigid,794399,794399,794468,0,69,69,completed,5
7979,Rigid,794399,794399,794409,0,10,10,completed,5
7980,Rigid,794399,794399,794408,0,9,9,completed,5
7981,Rigid,794399,794399,794409,0,10,10,completed,5
7982,Rigid,794399,794400,795838,1,1438,1439,completed,5
7983,Rigid,794399,794400,794409,1,9,10,completed,5
7984,Rigid,794399,794400,794407,1,7,8,completed,5
7985,Rigid,794399,794400,794408,1,8,9,completed,5
7986,Rigid,794399,794400,794407,1,7,8,completed,5
7987,Rigid,794399,794400,794410,1,10,11,completed,5
7988,Rigid,794399,794400,794409,1,9,10,completed,5
7989,Rigid,794399,794400,794409,1,9,10,completed,5
7990,Rigid,794399,794400,794409,1,9,10,completed,5
7991,Rigid,794399,794400,794408,1,8,9,completed,5
7992,Rigid,794399,794400,794409,1,9,10,completed,5
7993,Rigid,794399,794400,796061,1,1661,1662,completed,5
7994,Rigid,794399,794400,794453,1,53,54,completed,5
7995,Rigid,794400,794400,794409,0,9,9,completed,5
7996,Rigid,794400,794400,794409,0,9,9,completed,5
7997,Rigid,794400,794400,794443,0,43,43,completed,5
7998,Rigid,794401,794401,794409,0,8,8,completed,5
7999,Rigid,794401,794401,794442,0,41,41,completed,5
8000,Rigid,794401,794401,794409,0,8,8,completed,5
8001,Rigid,794401,794401,794409,0,8,8,completed,5
8002,Rigid,794402,794402,794412,0,10,10,completed,5
8003,Rigid,794402,794402,794422,0,20,20,completed,5
8004,Rigid,794402,794402,794411,0,9,9,completed,5
8005,Rigid,794402,794402,794410,0,8,8,completed,5
8006,Rigid,794402,794402,794411,0,9,9,completed,5
8007,Rigid,794402,794402,794411,0,9,9,completed,5
8008,Rigid,794402,794402,794413,0,11,11,completed,5
8009,Rigid,794403,794403,794413,0,10,10,completed,5
8010,Rigid,794403,794403,794411,0,8,8,completed,5
8011,Rigid,794403,794403,794444,0,41,41,completed,5
8012,Rigid,794403,794403,794412,0,9,9,completed,5
8013,Rigid,794403,794403,794412,0,9,9,completed,5
8014,Rigid,794403,794403,795447,0,1044,1044,completed,5
8015,Rigid,794404,794404,794413,0,9,9,completed,5
8016,Rigid,794404,794404,794455,0,51,51,completed,5
8017,Rigid,794404,794404,794456,0,52,52,completed,5
8018,Rigid,794404,794404,794413,0,9,9,completed,5
8019,Rigid,794405,794405,794412,0,7,7,completed,5
8020,Rigid,794405,794405,794488,0,83,83,completed,5
8021,Rigid,794405,794405,794419,0,14,14,completed,5
8022,Rigid,794405,794405,794413,0,8,8,completed,5
8023,Rigid,794405,794405,794415,0,10,10,completed,5
8024,Rigid,794405,794405,794426,0,21,21,completed,5
8025,Rigid,794406,794406,794440,0,34,34,completed,5
8026,Rigid,794406,794406,794441,0,35,35,completed,5
8027,Rigid,794406,794406,794416,0,10,10,completed,5
8028,Rigid,794406,794406,794415,0,9,9,completed,5
8029,Rigid,794406,794406,794509,0,103,103,completed,5
8030,Rigid,794406,794407,794415,1,8,9,completed,5
8031,Rigid,794407,794407,794416,0,9,9,completed,5
8032,Rigid,794407,794407,794417,0,10,10,completed,5
8033,Rigid,794407,794407,794506,0,99,99,completed,5
8034,Rigid,794407,794407,794492,0,85,85,completed,5
8035,Rigid,794407,794407,794426,0,19,19,completed,5
8036,Rigid,794407,794408,794418,1,10,11,completed,5
8037,Rigid,794408,794408,794472,0,64,64,completed,5
8038,Rigid,794418,794418,794426,0,8,8,completed,5
8039,Rigid,794418,794418,794428,0,10,10,completed,5
8040,Rigid,794418,794418,795852,0,1434,1434,completed,5
8041,Rigid,794418,794418,794442,0,24,24,completed,5
8042,Rigid,794418,794418,794431,0,13,13,completed,5
8043,Rigid,794418,794418,794428,0,10,10,completed,5
8044,Rigid,794418,794418,794428,0,10,10,completed,5
8045,Rigid,794419,794419,794427,0,8,8,completed,5
8046,Rigid,794419,794419,794426,0,7,7,completed,5
8047,Rigid,794419,794419,794473,0,54,54,completed,5
8048,Rigid,794419,794419,794427,0,8,8,completed,5
8049,Rigid,794420,794420,794428,0,8,8,completed,5
8050,Rigid,794420,794420,794452,0,32,32,completed,5
8051,Rigid,794420,794420,794430,0,10,10,completed,5
8052,Rigid,794420,794420,794429,0,9,9,completed,5
8053,Rigid,794420,794420,794428,0,8,8,completed,5
8054,Rigid,794420,794420,794430,0,10,10,completed,5
8055,Rigid,794420,794421,794431,1,10,11,completed,5
8056,Rigid,794421,794421,796939,0,2518,2518,completed,5
8057,Rigid,794421,794421,794430,0,9,9,completed,5
8058,Rigid,794426,794426,794434,0,8,8,completed,36
8059,Rigid,794523,794523,794911,0,388,388,completed,864
8060,Rigid,794566,794567,794634,1,67,68,completed,36
8061,Rigid,794614,794615,795047,1,432,433,completed,36
8062,Rigid,794713,794713,794775,0,62,62,completed,36
8063,Rigid,794739,794740,794775,1,35,36,completed,36
8064,Rigid,794905,794906,794960,1,54,55,completed,36
8065,Rigid,794916,794916,794938,0,22,22,completed,4
8066,Rigid,795042,795042,795126,0,84,84,completed,36
8067,Rigid,795055,795055,795240,0,185,185,completed,5
8068,Rigid,795055,795055,798465,0,3410,3410,completed,5
8069,Rigid,795055,795055,797867,0,2812,2812,completed,5
8070,Rigid,795055,795055,795072,0,17,17,completed,5
8071,Rigid,795055,795058,795071,3,13,16,completed,5
8072,Rigid,795056,795058,795648,2,590,592,completed,5
8073,Rigid,795056,795058,795071,2,13,15,completed,5
8074,Rigid,795056,795058,795073,2,15,17,completed,5
8075,Rigid,795056,795058,795071,2,13,15,completed,5
8076,Rigid,795056,795058,795374,2,316,318,completed,5
8077,Rigid,795056,795058,795218,2,160,162,completed,5
8078,Rigid,795056,795058,795078,2,20,22,completed,5
8079,Rigid,795056,795058,795073,2,15,17,completed,5
8080,Rigid,795057,795058,795333,1,275,276,completed,5
8081,Rigid,795057,795058,795093,1,35,36,completed,5
8082,Rigid,795057,795058,795070,1,12,13,completed,5
8083,Rigid,795057,795058,795127,1,69,70,completed,5
8084,Rigid,795057,795058,795070,1,12,13,completed,5
8085,Rigid,795057,795058,795151,1,93,94,completed,5
8086,Rigid,795058,795058,795070,0,12,12,completed,5
8087,Rigid,795058,795058,798077,0,3019,3019,completed,5
8088,Rigid,795058,795058,798291,0,3233,3233,completed,5
8089,Rigid,795058,795058,795076,0,18,18,completed,5
8090,Rigid,795058,795058,795078,0,20,20,completed,5
8091,Rigid,795058,795059,795072,1,13,14,completed,5
8092,Rigid,795058,795059,795753,1,694,695,completed,5
8093,Rigid,795058,795059,795071,1,12,13,completed,5
8094,Rigid,795058,795059,795070,1,11,12,completed,5
8095,Rigid,795059,795059,795070,0,11,11,completed,5
8096,Rigid,795059,795059,795073,0,14,14,completed,5
8097,Rigid,795059,795059,795071,0,12,12,completed,5
8098,Rigid,795059,795059,795070,0,11,11,completed,5
8099,Rigid,795059,795059,795268,0,209,209,completed,5
8100,Rigid,795059,795061,795069,2,8,10,completed,5
8101,Rigid,795060,795061,798121,1,3060,3061,completed,5
8102,Rigid,795060,795061,798707,1,3646,3647,completed,5
8103,Rigid,795060,795061,795071,1,10,11,completed,5
8104,Rigid,795060,795061,795071,1,10,11,completed,5
8105,Rigid,795060,795061,795254,1,193,194,completed,5
8106,Rigid,795060,795061,795072,1,11,12,completed,5
8107,Rigid,795060,795061,795071,1,10,11,completed,5
8108,Rigid,795061,795061,795071,0,10,10,completed,5
8109,Rigid,795061,795061,795070,0,9,9,completed,5
8110,Rigid,795061,795061,795272,0,211,211,completed,5
8111,Rigid,795061,795061,795543,0,482,482,completed,5
8112,Rigid,795061,795061,795071,0,10,10,completed,5
8113,Rigid,795061,795061,795069,0,8,8,completed,5
8114,Rigid,795061,795061,797798,0,2737,2737,completed,5
8115,Rigid,795061,795061,797753,0,2692,2692,completed,5
8116,Rigid,795061,795061,795072,0,11,11,completed,5
8117,Rigid,795061,795061,795073,0,12,12,completed,5
8118,Rigid,795061,795061,795072,0,11,11,completed,5
8119,Rigid,795062,795063,795189,1,126,127,completed,5
8120,Rigid,795062,795063,795074,1,11,12,completed,5
8121,Rigid,795062,795063,795074,1,11,12,completed,5
8122,Rigid,795062,795063,795072,1,9,10,completed,5
8123,Rigid,795062,795063,795190,1,127,128,completed,5
8124,Rigid,795062,795063,795078,1,15,16,completed,5
8125,Rigid,795062,795063,795074,1,11,12,completed,5
8126,Rigid,795062,795063,795125,1,62,63,completed,5
8127,Rigid,795062,795063,795093,1,30,31,completed,5
8128,Rigid,795062,795063,795078,1,15,16,completed,5
8129,Rigid,795062,795063,795073,1,10,11,completed,5
8130,Rigid,795063,795063,801656,0,6593,6593,completed,5
8131,Rigid,795063,795063,795128,0,65,65,completed,5
8132,Rigid,795063,795063,795078,0,15,15,completed,5
8133,Rigid,795063,795063,795074,0,11,11,completed,5
8134,Rigid,795063,795063,798013,0,2950,2950,completed,5
8135,Rigid,795063,795063,798250,0,3187,3187,completed,5
8136,Rigid,795063,795067,795077,4,10,14,completed,5
8137,Rigid,795064,795067,795078,3,11,14,completed,5
8138,Rigid,795064,795067,795415,3,348,351,completed,5
8139,Rigid,795064,795067,795076,3,9,12,completed,5
8140,Rigid,795064,795067,795075,3,8,11,completed,5
8141,Rigid,795064,795067,795076,3,9,12,completed,5
8142,Rigid,795064,795067,795077,3,10,13,completed,5
8143,Rigid,795064,795067,795075,3,8,11,completed,5
8144,Rigid,795065,795067,795083,2,16,18,completed,5
8145,Rigid,795065,795067,795077,2,10,12,completed,5
8146,Rigid,795065,795067,795077,2,10,12,completed,5
8147,Rigid,795065,795067,797675,2,2608,2610,completed,5
8148,Rigid,795065,795067,797305,2,2238,2240,completed,5
8149,Rigid,795065,795067,795386,2,319,321,completed,5
8150,Rigid,795065,795067,795075,2,8,10,completed,5
8151,Rigid,795066,795067,795078,1,11,12,completed,5
8152,Rigid,795066,795067,795264,1,197,198,completed,5
8153,Rigid,795066,795067,795077,1,10,11,completed,5
8154,Rigid,795066,795067,795076,1,9,10,completed,5
8155,Rigid,795066,795067,795077,1,10,11,completed,5
8156,Rigid,795066,795067,795076,1,9,10,completed,5
8157,Rigid,795066,795067,795079,1,12,13,completed,5
8158,Rigid,795067,795067,795214,0,147,147,completed,5
8159,Rigid,795067,795070,795088,3,18,21,completed,5
8160,Rigid,795067,795070,795080,3,10,13,completed,5
8161,Rigid,795067,795070,795081,3,11,14,completed,5
8162,Rigid,795067,795070,795079,3,9,12,completed,5
8163,Rigid,795067,795070,795083,3,13,16,completed,5
8164,Rigid,795067,795070,795083,3,13,16,completed,5
8165,Rigid,795067,795070,795085,3,15,18,completed,5
8166,Rigid,795068,795070,795319,2,249,251,completed,5
8167,Rigid,795068,795070,795080,2,10,12,completed,5
8168,Rigid,795068,795070,795084,2,14,16,completed,5
8169,Rigid,795068,795070,795082,2,12,14,completed,5
8170,Rigid,795068,795070,795094,2,24,26,completed,5
8171,Rigid,795068,795070,795144,2,74,76,completed,5
8172,Rigid,795068,795070,795332,2,262,264,completed,5
8173,Rigid,795068,795070,795081,2,11,13,completed,5
8174,Rigid,795068,795070,795219,2,149,151,completed,5
8175,Rigid,795068,795070,795116,2,46,48,completed,5
8176,Rigid,795068,795070,795081,2,11,13,completed,5
8177,Rigid,795069,795070,795081,1,11,12,completed,5
8178,Rigid,795069,795070,795115,1,45,46,completed,5
8179,Rigid,795069,795070,795201,1,131,132,completed,5
8180,Rigid,795069,795070,795079,1,9,10,completed,5
8181,Rigid,795069,795070,795140,1,70,71,completed,5
8182,Rigid,795069,795070,795080,1,10,11,completed,5
8183,Rigid,795069,795070,795082,1,12,13,completed,5
8184,Rigid,795069,795070,795293,1,223,224,completed,5
8185,Rigid,795069,795070,795082,1,12,13,completed,5
8186,Rigid,795069,795070,795080,1,10,11,completed,5
8187,Rigid,795070,795070,795081,0,11,11,completed,5
8188,Rigid,795070,795070,795079,0,9,9,completed,5
8189,Rigid,795070,795070,795080,0,10,10,completed,5
8190,Rigid,795070,795070,795082,0,12,12,completed,5
8191,Rigid,795070,795070,795137,0,67,67,completed,5
8192,Rigid,795070,795070,795081,0,11,11,completed,5
8193,Rigid,795071,795071,795079,0,8,8,completed,5
8194,Rigid,795071,795071,795143,0,72,72,completed,5
8195,Rigid,795071,795071,795363,0,292,292,completed,5
8196,Rigid,795071,795071,795083,0,12,12,completed,5
8197,Rigid,795071,795071,795082,0,11,11,completed,5
8198,Rigid,795071,795071,795277,0,206,206,completed,5
8199,Rigid,795071,795071,795080,0,9,9,completed,5
8200,Rigid,795071,795071,795081,0,10,10,completed,5
8201,Rigid,795071,795071,795331,0,260,260,completed,5
8202,Rigid,795071,795071,795083,0,12,12,completed,5
8203,Rigid,795071,795071,795081,0,10,10,completed,5
8204,Rigid,795072,795072,795320,0,248,248,completed,5
8205,Rigid,795072,795072,795084,0,12,12,completed,5
8206,Rigid,795072,795072,795083,0,11,11,completed,5
8207,Rigid,795072,795072,795082,0,10,10,completed,5
8208,Rigid,795073,795073,795083,0,10,10,completed,5
8209,Rigid,795073,795073,795086,0,13,13,completed,5
8210,Rigid,795073,795073,795083,0,10,10,completed,5
8211,Rigid,795073,795073,799552,0,4479,4479,completed,5
8212,Rigid,795073,795073,799204,0,4131,4131,completed,5
8213,Rigid,795073,795073,798628,0,3555,3555,completed,5
8214,Rigid,795073,795073,797643,0,2570,2570,completed,5
8215,Rigid,795073,795073,797277,0,2204,2204,completed,5
8216,Rigid,795073,795074,795463,1,389,390,completed,5
8217,Rigid,795073,795074,795082,1,8,9,completed,5
8218,Rigid,795074,795074,795084,0,10,10,completed,5
8219,Rigid,795074,795074,795082,0,8,8,completed,5
8220,Rigid,795074,795074,795081,0,7,7,completed,5
8221,Rigid,795074,795074,795084,0,10,10,completed,5
8222,Rigid,795074,795074,795084,0,10,10,completed,5
8223,Rigid,795074,795074,795605,0,531,531,completed,5
8224,Rigid,795074,795074,795087,0,13,13,completed,5
8225,Rigid,795074,795075,800076,1,5001,5002,completed,5
8226,Rigid,795074,795075,800130,1,5055,5056,completed,5
8227,Rigid,795074,795075,798509,1,3434,3435,completed,5
8228,Rigid,795075,795075,798066,0,2991,2991,completed,5
8229,Rigid,795075,795075,797142,0,2067,2067,completed,5
8230,Rigid,795075,795075,797015,0,1940,1940,completed,5
8231,Rigid,795075,795075,795113,0,38,38,completed,5
8232,Rigid,795075,795075,795089,0,14,14,completed,5
8233,Rigid,795075,795075,795085,0,10,10,completed,5
8234,Rigid,795076,795076,795088,0,12,12,completed,5
8235,Rigid,795076,795076,795087,0,11,11,completed,5
8236,Rigid,795076,795076,795252,0,176,176,completed,5
8237,Rigid,795076,795076,795085,0,9,9,completed,5
8238,Rigid,795076,795076,795088,0,12,12,completed,5
8239,Rigid,795076,795076,795084,0,8,8,completed,5
8240,Rigid,795076,795077,795159,1,82,83,completed,5
8241,Rigid,795077,795077,795271,0,194,194,completed,5
8242,Rigid,795077,795077,795088,0,11,11,completed,5
8243,Rigid,795077,795077,800001,0,4924,4924,completed,5
8244,Rigid,795077,795077,799665,0,4588,4588,completed,5
8245,Rigid,795077,795077,798990,0,3913,3913,completed,5
8246,Rigid,795077,795077,798477,0,3400,3400,completed,5
8247,Rigid,795077,795077,796817,0,1740,1740,completed,5
8248,Rigid,795078,795078,798285,0,3207,3207,completed,5
8249,Rigid,795078,795078,795183,0,105,105,completed,5
8250,Rigid,795078,795078,795089,0,11,11,completed,5
8251,Rigid,795078,795078,795090,0,12,12,completed,5
8252,Rigid,795078,795078,795441,0,363,363,completed,5
8253,Rigid,795078,795079,795420,1,341,342,completed,5
8254,Rigid,795078,795079,795133,1,54,55,completed,5
8255,Rigid,795078,795079,795334,1,255,256,completed,5
8256,Rigid,795078,795079,795117,1,38,39,completed,5
8257,Rigid,795078,795079,795210,1,131,132,completed,5
8258,Rigid,795079,795079,795206,0,127,127,completed,5
8259,Rigid,795079,795079,799608,0,4529,4529,completed,5
8260,Rigid,795079,795079,795087,0,8,8,completed,5
8261,Rigid,795079,795079,795089,0,10,10,completed,5
8262,Rigid,795079,795079,795092,0,13,13,completed,5
8263,Rigid,795079,795079,795090,0,11,11,completed,5
8264,Rigid,795079,795079,795088,0,9,9,completed,5
8265,Rigid,795079,795079,795092,0,13,13,completed,5
8266,Rigid,795080,795080,795089,0,9,9,completed,5
8267,Rigid,795080,795080,795089,0,9,9,completed,5
8268,Rigid,795080,795080,795330,0,250,250,completed,5
8269,Rigid,795080,795080,795259,0,179,179,completed,5
8270,Rigid,795080,795080,795089,0,9,9,completed,5
8271,Rigid,795080,795080,795109,0,29,29,completed,5
8272,Rigid,795080,795080,795093,0,13,13,completed,5
8273,Rigid,795080,795080,795359,0,279,279,completed,5
8274,Rigid,795080,795080,795102,0,22,22,completed,5
8275,Rigid,795080,795081,799059,1,3978,3979,completed,5
8276,Rigid,795081,795081,795091,0,10,10,completed,5
8277,Rigid,795081,795081,795089,0,8,8,completed,5
8278,Rigid,795081,795081,795092,0,11,11,completed,5
8279,Rigid,795081,795081,795090,0,9,9,completed,5
8280,Rigid,795081,795081,795092,0,11,11,completed,5
8281,Rigid,795081,795081,795092,0,11,11,completed,5
8282,Rigid,795081,795081,795093,0,12,12,completed,5
8283,Rigid,795081,795081,795089,0,8,8,completed,5
8284,Rigid,795081,795081,795090,0,9,9,completed,36
8285,Rigid,795081,795081,795090,0,9,9,completed,5
8286,Rigid,795081,795081,795090,0,9,9,completed,5
8287,Rigid,795081,795082,795115,1,33,34,completed,5
8288,Rigid,795082,795082,795287,0,205,205,completed,5
8289,Rigid,795082,795082,795093,0,11,11,completed,5
8290,Rigid,795082,795082,795302,0,220,220,completed,5
8291,Rigid,795082,795082,795098,0,16,16,completed,5
8292,Rigid,795082,795082,798206,0,3124,3124,completed,5
8293,Rigid,795082,795082,795113,0,31,31,completed,5
8294,Rigid,795082,795082,795266,0,184,184,completed,5
8295,Rigid,795082,795083,795624,1,541,542,completed,5
8296,Rigid,795083,795083,795096,0,13,13,completed,5
8297,Rigid,795083,795083,795285,0,202,202,completed,5
8298,Rigid,795083,795083,795147,0,64,64,completed,5
8299,Rigid,795083,795083,795091,0,8,8,completed,5
8300,Rigid,795083,795083,795095,0,12,12,completed,5
8301,Rigid,795083,795083,795127,0,44,44,completed,5
8302,Rigid,795083,795084,795098,1,14,15,completed,5
8303,Rigid,795084,795084,795093,0,9,9,completed,5
8304,Rigid,795084,795084,795103,0,19,19,completed,5
8305,Rigid,795084,795084,795473,0,389,389,completed,5
8306,Rigid,795084,795084,795092,0,8,8,completed,5
8307,Rigid,795084,795084,797997,0,2913,2913,completed,5
8308,Rigid,795084,795084,795099,0,15,15,completed,5
8309,Rigid,795084,795084,795094,0,10,10,completed,5
8310,Rigid,795085,795085,795461,0,376,376,completed,5
8311,Rigid,795085,795085,795096,0,11,11,completed,5
8312,Rigid,795085,795085,795097,0,12,12,completed,5
8313,Rigid,795085,795085,795093,0,8,8,completed,5
8314,Rigid,795085,795085,795097,0,12,12,completed,5
8315,Rigid,795085,795085,795379,0,294,294,completed,5
8316,Rigid,795085,795085,795095,0,10,10,completed,5
8317,Rigid,795085,795085,795095,0,10,10,completed,5
8318,Rigid,795085,795085,795095,0,10,10,completed,5
8319,Rigid,795085,795085,795094,0,9,9,completed,5
8320,Rigid,795085,795086,795096,1,10,11,completed,5
8321,Rigid,795085,795086,795094,1,8,9,completed,5
8322,Rigid,795086,795086,795176,0,90,90,completed,5
8323,Rigid,795086,795086,795547,0,461,461,completed,5
8324,Rigid,795086,795086,799081,0,3995,3995,completed,5
8325,Rigid,795086,795086,795281,0,195,195,completed,5
8326,Rigid,795086,795086,795099,0,13,13,completed,5
8327,Rigid,795086,795086,795330,0,244,244,completed,5
8328,Rigid,795086,795086,795485,0,399,399,completed,5
8329,Rigid,795086,795086,795239,0,153,153,completed,5
8330,Rigid,795086,795086,801536,0,6450,6450,completed,5
8331,Rigid,795086,795086,799558,0,4472,4472,completed,5
8332,Rigid,795087,795087,795120,0,33,33,completed,5
8333,Rigid,795087,795087,795215,0,128,128,completed,5
8334,Rigid,795087,795087,795574,0,487,487,completed,5
8335,Rigid,795087,795087,795442,0,355,355,completed,5
8336,Rigid,795087,795087,795286,0,199,199,completed,5
8337,Rigid,795087,795087,795096,0,9,9,completed,5
8338,Rigid,795087,795087,795102,0,15,15,completed,5
8339,Rigid,795087,795088,795378,1,290,291,completed,5
8340,Rigid,795087,795088,795100,1,12,13,completed,5
8341,Rigid,795087,795088,795099,1,11,12,completed,5
8342,Rigid,795087,795088,795099,1,11,12,completed,5
8343,Rigid,795087,795088,795286,1,198,199,completed,5
8344,Rigid,795088,795088,801959,0,6871,6871,completed,5
8345,Rigid,795088,795088,801145,0,6057,6057,completed,5
8346,Rigid,795088,795088,795103,0,15,15,completed,5
8347,Rigid,795088,795088,795099,0,11,11,completed,5
8348,Rigid,795088,795088,795520,0,432,432,completed,5
8349,Rigid,795088,795088,795101,0,13,13,completed,5
8350,Rigid,795088,795088,795104,0,16,16,completed,5
8351,Rigid,795088,795088,795102,0,14,14,completed,5
8352,Rigid,795088,795088,795393,0,305,305,completed,5
8353,Rigid,795088,795088,795126,0,38,38,completed,5
8354,Rigid,795088,795088,795115,0,27,27,completed,5
8355,Rigid,795089,795089,795114,0,25,25,completed,5
8356,Rigid,795089,795089,795100,0,11,11,completed,5
8357,Rigid,795089,795089,795103,0,14,14,completed,5
8358,Rigid,795089,795089,795100,0,11,11,completed,5
8359,Rigid,795089,795089,795098,0,9,9,completed,5
8360,Rigid,795089,795089,795193,0,104,104,completed,5
8361,Rigid,795089,795089,801107,0,6018,6018,completed,5
8362,Rigid,795089,795089,799136,0,4047,4047,completed,5
8363,Rigid,795089,795089,795103,0,14,14,completed,5
8364,Rigid,795089,795089,795112,0,23,23,completed,5
8365,Rigid,795089,795089,795100,0,11,11,completed,5
8366,Rigid,795089,795089,795591,0,502,502,completed,5
8367,Rigid,795090,795090,795101,0,11,11,completed,5
8368,Rigid,795090,795090,795099,0,9,9,completed,5
8369,Rigid,795090,795090,795101,0,11,11,completed,5
8370,Rigid,795090,795090,795101,0,11,11,completed,5
8371,Rigid,795090,795091,795099,1,8,9,completed,5
8372,Rigid,795090,795091,795300,1,209,210,completed,5
8373,Rigid,795090,795091,795119,1,28,29,completed,5
8374,Rigid,795091,795091,795135,0,44,44,completed,5
8375,Rigid,795091,795091,795103,0,12,12,completed,5
8376,Rigid,795091,795091,795104,0,13,13,completed,5
8377,Rigid,795091,795091,795106,0,15,15,completed,5
8378,Rigid,795091,795091,795109,0,18,18,completed,5
8379,Rigid,795091,795091,795397,0,306,306,completed,5
8380,Rigid,795091,795091,795252,0,161,161,completed,5
8381,Rigid,795091,795091,795100,0,9,9,completed,5
8382,Rigid,795092,795092,801865,0,6773,6773,completed,5
8383,Rigid,795092,795093,799751,1,4658,4659,completed,5
8384,Rigid,795092,795093,795104,1,11,12,completed,5
8385,Rigid,795092,795093,795104,1,11,12,completed,5
8386,Rigid,795093,795093,795102,0,9,9,completed,5
8387,Rigid,795093,795093,795102,0,9,9,completed,5
8388,Rigid,795093,795093,795104,0,11,11,completed,5
8389,Rigid,795093,795093,795342,0,249,249,completed,5
8390,Rigid,795093,795093,795102,0,9,9,completed,5
8391,Rigid,795093,795093,795105,0,12,12,completed,5
8392,Rigid,795093,795093,795211,0,118,118,completed,5
8393,Rigid,795094,795094,795281,0,187,187,completed,5
8394,Rigid,795094,795094,795128,0,34,34,completed,36
8395,Rigid,795094,795094,795140,0,46,46,completed,5
8396,Rigid,795094,795094,795136,0,42,42,completed,5
8397,Rigid,795094,795094,798894,0,3800,3800,completed,5
8398,Rigid,795094,795095,800281,1,5186,5187,completed,5
8399,Rigid,795094,795095,795108,1,13,14,completed,5
8400,Rigid,795095,795095,795110,0,15,15,completed,5
8401,Rigid,795095,795095,795106,0,11,11,completed,5
8402,Rigid,795095,795095,795210,0,115,115,completed,5
8403,Rigid,795095,795095,795107,0,12,12,completed,5
8404,Rigid,795095,795095,795106,0,11,11,completed,5
8405,Rigid,795095,795096,795105,1,9,10,completed,5
8406,Rigid,795095,795096,795238,1,142,143,completed,5
8407,Rigid,795096,795096,805105,0,10009,10009,completed,5
8408,Rigid,795096,795096,795106,0,10,10,completed,5
8409,Rigid,795097,795097,795107,0,10,10,completed,5
8410,Rigid,795097,795097,795310,0,213,213,completed,5
8411,Rigid,795097,795097,800181,0,5084,5084,completed,5
8412,Rigid,795097,795097,795105,0,8,8,completed,36
8413,Rigid,795097,795097,801583,0,6486,6486,completed,5
8414,Rigid,795097,795097,795111,0,14,14,completed,5
8415,Rigid,795097,795097,795107,0,10,10,completed,5
8416,Rigid,795098,795098,795438,0,340,340,completed,5
8417,Rigid,795098,795098,795108,0,10,10,completed,5
8418,Rigid,795098,795098,795106,0,8,8,completed,5
8419,Rigid,795098,795098,795108,0,10,10,completed,5
8420,Rigid,795098,795098,795111,0,13,13,completed,5
8421,Rigid,795098,795099,795110,1,11,12,completed,5
8422,Rigid,795099,795099,795106,0,7,7,completed,5
8423,Rigid,795099,795099,795107,0,8,8,completed,5
8424,Rigid,795099,795100,795150,1,50,51,completed,5
8425,Rigid,795099,795100,795257,1,157,158,completed,5
8426,Rigid,795100,795100,795113,0,13,13,completed,5
8427,Rigid,795101,795101,795112,0,11,11,completed,5
8428,Rigid,795101,795101,795613,0,512,512,completed,5
8429,Rigid,795101,795101,795111,0,10,10,completed,5
8430,Rigid,795101,795101,795111,0,10,10,completed,5
8431,Rigid,795101,795101,795111,0,10,10,completed,5
8432,Rigid,795101,795101,795482,0,381,381,completed,5
8433,Rigid,795101,795101,795110,0,9,9,completed,5
8434,Rigid,795102,795102,795112,0,10,10,completed,5
8435,Rigid,795102,795102,795123,0,21,21,completed,5
8436,Rigid,795102,795102,795113,0,11,11,completed,5
8437,Rigid,795102,795102,795301,0,199,199,completed,5
8438,Rigid,795102,795103,795115,1,12,13,completed,5
8439,Rigid,795103,795103,795196,0,93,93,completed,5
8440,Rigid,795105,795105,795835,0,730,730,completed,5
8441,Rigid,795107,795107,795178,0,71,71,completed,5
8442,Rigid,795107,795107,795175,0,68,68,completed,5
8443,Rigid,795108,795108,795119,0,11,11,completed,5
8444,Rigid,795108,795108,795121,0,13,13,completed,5
8445,Rigid,795109,795109,795237,0,128,128,completed,5
8446,Rigid,795109,795109,795144,0,35,35,completed,5
8447,Rigid,795109,795109,795191,0,82,82,completed,5
8448,Rigid,795110,795110,795124,0,14,14,completed,5
8449,Rigid,795110,795110,795124,0,14,14,completed,5
8450,Rigid,795110,795110,795357,0,247,247,completed,5
8451,Rigid,795111,795111,795120,0,9,9,completed,5
8452,Rigid,795111,795111,795316,0,205,205,completed,5
8453,Rigid,795111,795111,795120,0,9,9,completed,5
8454,Rigid,795111,795111,795122,0,11,11,completed,5
8455,Rigid,795111,795111,795119,0,8,8,completed,36
8456,Rigid,795111,795111,795225,0,114,114,completed,5
8457,Rigid,795111,795111,795144,0,33,33,completed,5
8458,Rigid,795112,795112,795124,0,12,12,completed,5
8459,Rigid,795112,795112,795128,0,16,16,completed,5
8460,Rigid,795112,795112,795127,0,15,15,completed,5
8461,Rigid,795112,795112,795247,0,135,135,completed,5
8462,Rigid,795112,795112,795386,0,274,274,completed,5
8463,Rigid,795112,795112,795172,0,60,60,completed,5
8464,Rigid,795113,795113,795133,0,20,20,completed,5
8465,Rigid,795113,795113,795122,0,9,9,completed,5
8466,Rigid,795113,795113,795127,0,14,14,completed,5
8467,Rigid,795113,795113,795187,0,74,74,completed,5
8468,Rigid,795113,795113,795121,0,8,8,completed,5
8469,Rigid,795113,795114,795125,1,11,12,completed,5
8470,Rigid,795113,795114,795126,1,12,13,completed,5
8471,Rigid,795114,795114,795126,0,12,12,completed,5
8472,Rigid,795114,795115,795158,1,43,44,completed,5
8473,Rigid,795115,795115,795133,0,18,18,completed,5
8474,Rigid,795115,795115,795126,0,11,11,completed,5
8475,Rigid,795115,795116,795133,1,17,18,completed,5
8476,Rigid,795115,795116,795129,1,13,14,completed,5
8477,Rigid,795115,795116,795124,1,8,9,completed,5
8478,Rigid,795116,795116,795536,0,420,420,completed,5
8479,Rigid,795116,795116,795302,0,186,186,completed,5
8480,Rigid,795116,795116,795389,0,273,273,completed,5
8481,Rigid,795116,795117,795127,1,10,11,completed,5
8482,Rigid,795116,795117,795127,1,10,11,completed,5
8483,Rigid,795117,795117,795127,0,10,10,completed,5
8484,Rigid,795117,795117,795130,0,13,13,completed,5
8485,Rigid,795117,795117,795197,0,80,80,completed,5
8486,Rigid,795117,795117,795222,0,105,105,completed,5
8487,Rigid,795117,795119,795126,2,7,9,completed,5
8488,Rigid,795117,795118,795135,1,17,18,completed,5
8489,Rigid,795118,795118,795130,0,12,12,completed,5
8490,Rigid,795118,795118,795129,0,11,11,completed,5
8491,Rigid,795118,795118,795129,0,11,11,completed,5
8492,Rigid,795118,795119,795128,1,9,10,completed,5
8493,Rigid,795119,795119,795129,0,10,10,completed,5
8494,Rigid,795119,795120,795164,1,44,45,completed,5
8495,Rigid,795119,795120,795130,1,10,11,completed,5
8496,Rigid,795119,795120,795461,1,341,342,completed,5
8497,Rigid,795119,795120,795382,1,262,263,completed,5
8498,Rigid,795119,795120,795134,1,14,15,completed,5
8499,Rigid,795120,795120,795328,0,208,208,completed,5
8500,Rigid,795120,795120,795131,0,11,11,completed,5
8501,Rigid,795120,795120,795130,0,10,10,completed,5
8502,Rigid,795120,795120,795130,0,10,10,completed,5
8503,Rigid,795120,795120,795340,0,220,220,completed,5
8504,Rigid,795120,795120,795667,0,547,547,completed,5
8505,Rigid,795121,795121,795133,0,12,12,completed,5
8506,Rigid,795121,795121,795351,0,230,230,completed,5
8507,Rigid,795121,795121,795133,0,12,12,completed,5
8508,Rigid,795121,795121,795213,0,92,92,completed,5
8509,Rigid,795121,795122,795133,1,11,12,completed,5
8510,Rigid,795121,795122,795133,1,11,12,completed,5
8511,Rigid,795133,795134,795143,1,9,10,completed,5
8512,Rigid,795133,795134,795148,1,14,15,completed,5
8513,Rigid,795133,795134,795147,1,13,14,completed,5
8514,Rigid,795133,795134,795207,1,73,74,completed,5
8515,Rigid,795133,795134,795147,1,13,14,completed,5
8516,Rigid,795133,795134,795150,1,16,17,completed,5
8517,Rigid,795133,795134,795144,1,10,11,completed,5
8518,Rigid,795134,795134,795147,0,13,13,completed,5
8519,Rigid,795134,795134,795149,0,15,15,completed,5
8520,Rigid,795134,795134,795147,0,13,13,completed,5
8521,Rigid,795134,795134,795144,0,10,10,completed,5
8522,Rigid,795134,795134,795147,0,13,13,completed,5
8523,Rigid,795135,795135,795144,0,9,9,completed,5
8524,Rigid,795135,795135,795146,0,11,11,completed,5
8525,Rigid,795135,795136,795190,1,54,55,completed,5
8526,Rigid,795135,795136,795147,1,11,12,completed,5
8527,Rigid,795135,795136,795146,1,10,11,completed,5
8528,Rigid,795136,795136,795153,0,17,17,completed,5
8529,Rigid,795136,795136,795153,0,17,17,completed,5
8530,Rigid,795136,795138,795153,2,15,17,completed,5
8531,Rigid,795136,795138,795147,2,9,11,completed,5
8532,Rigid,795136,795138,795339,2,201,203,completed,5
8533,Rigid,795136,795138,795147,2,9,11,completed,5
8534,Rigid,795137,795138,795147,1,9,10,completed,5
8535,Rigid,795137,795138,795149,1,11,12,completed,5
8536,Rigid,795137,795138,795151,1,13,14,completed,5
8537,Rigid,795138,795138,795155,0,17,17,completed,5
8538,Rigid,795138,795138,795150,0,12,12,completed,5
8539,Rigid,795138,795139,795160,1,21,22,completed,5
8540,Rigid,795138,795139,795153,1,14,15,completed,5
8541,Rigid,795138,795139,795148,1,9,10,completed,5
8542,Rigid,795138,795139,795338,1,199,200,completed,5
8543,Rigid,795138,795139,795206,1,67,68,completed,5
8544,Rigid,795138,795139,795148,1,9,10,completed,5
8545,Rigid,795139,795139,795148,0,9,9,completed,5
8546,Rigid,795139,795139,795158,0,19,19,completed,5
8547,Rigid,795139,795141,795156,2,15,17,completed,5
8548,Rigid,795139,795141,795195,2,54,56,completed,5
8549,Rigid,795139,795141,795161,2,20,22,completed,5
8550,Rigid,795140,795141,795152,1,11,12,completed,5
8551,Rigid,795140,795141,795153,1,12,13,completed,5
8552,Rigid,795140,795141,795150,1,9,10,completed,5
8553,Rigid,795140,795141,795152,1,11,12,completed,5
8554,Rigid,795141,795141,795153,0,12,12,completed,5
8555,Rigid,795141,795141,795154,0,13,13,completed,5
8556,Rigid,795141,795141,795160,0,19,19,completed,5
8557,Rigid,795141,795141,795163,0,22,22,completed,5
8558,Rigid,795141,795142,795154,1,12,13,completed,5
8559,Rigid,795142,795142,795176,0,34,34,completed,5
8560,Rigid,795142,795144,795154,2,10,12,completed,5
8561,Rigid,795142,795144,795159,2,15,17,completed,5
8562,Rigid,795142,795144,795333,2,189,191,completed,5
8563,Rigid,795142,795144,795385,2,241,243,completed,5
8564,Rigid,795143,795144,795324,1,180,181,completed,5
8565,Rigid,795143,795144,795159,1,15,16,completed,5
8566,Rigid,795143,795144,795156,1,12,13,completed,5
8567,Rigid,795143,795144,795155,1,11,12,completed,5
8568,Rigid,795143,795144,795393,1,249,250,completed,5
8569,Rigid,795143,795144,795159,1,15,16,completed,5
8570,Rigid,795143,795144,795157,1,13,14,completed,5
8571,Rigid,795143,795144,795161,1,17,18,completed,5
8572,Rigid,795144,795144,795193,0,49,49,completed,5
8573,Rigid,795144,795144,795157,0,13,13,completed,5
8574,Rigid,795144,795144,795242,0,98,98,completed,5
8575,Rigid,795144,795144,795155,0,11,11,completed,5
8576,Rigid,795144,795144,795157,0,13,13,completed,5
8577,Rigid,795144,795144,795157,0,13,13,completed,5
8578,Rigid,795145,795145,795357,0,212,212,completed,5
8579,Rigid,795145,795145,804267,0,9122,9122,completed,5
8580,Rigid,795145,795145,800690,0,5545,5545,completed,5
8581,Rigid,795145,795145,803760,0,8615,8615,completed,5
8582,Rigid,795145,795145,795157,0,12,12,completed,5
8583,Rigid,795145,795145,795322,0,177,177,completed,5
8584,Rigid,795145,795145,803559,0,8414,8414,completed,5
8585,Rigid,795145,795145,801993,0,6848,6848,completed,5
8586,Rigid,795146,795146,802271,0,7125,7125,completed,5
8587,Rigid,795146,795146,795155,0,9,9,completed,5
8588,Rigid,795146,795146,795153,0,7,7,completed,5
8589,Rigid,795146,795147,795157,1,10,11,completed,5
8590,Rigid,795146,795147,803179,1,8032,8033,completed,5
8591,Rigid,795147,795147,801972,0,6825,6825,completed,5
8592,Rigid,795147,795147,803275,0,8128,8128,completed,5
8593,Rigid,795147,795147,795157,0,10,10,completed,5
8594,Rigid,795147,795148,795161,1,13,14,completed,5
8595,Rigid,795147,795148,802076,1,6928,6929,completed,5
8596,Rigid,795148,795148,795162,0,14,14,completed,5
8597,Rigid,795148,795148,795159,0,11,11,completed,5
8598,Rigid,795148,795148,795222,0,74,74,completed,5
8599,Rigid,795150,795150,802994,0,7844,7844,completed,5
8600,Rigid,795151,795151,795160,0,9,9,completed,5
8601,Rigid,795151,795151,795161,0,10,10,completed,5
8602,Rigid,795157,795157,795166,0,9,9,completed,5
8603,Rigid,795157,795157,795335,0,178,178,completed,5
8604,Rigid,795157,795157,795242,0,85,85,completed,36
8605,Rigid,795158,795158,801942,0,6784,6784,completed,5
8606,Rigid,795158,795158,795170,0,12,12,completed,5
8607,Rigid,795159,795159,795168,0,9,9,completed,5
8608,Rigid,795160,795160,795171,0,11,11,completed,5
8609,Rigid,795160,795160,802112,0,6952,6952,completed,5
8610,Rigid,795161,795162,795323,1,161,162,completed,5
8611,Rigid,795163,795163,795174,0,11,11,completed,5
8612,Rigid,795163,795163,795179,0,16,16,completed,5
8613,Rigid,795163,795163,795174,0,11,11,completed,5
8614,Rigid,795163,795163,801721,0,6558,6558,completed,5
8615,Rigid,795165,795165,795175,0,10,10,completed,36
8616,Rigid,795174,795175,795530,1,355,356,completed,5
8617,Rigid,795174,795175,795415,1,240,241,completed,5
8618,Rigid,795174,795175,795188,1,13,14,completed,5
8619,Rigid,795174,795175,795186,1,11,12,completed,5
8620,Rigid,795174,795175,795323,1,148,149,completed,5
8621,Rigid,795174,795175,802477,1,7302,7303,completed,5
8622,Rigid,795174,795175,795213,1,38,39,completed,5
8623,Rigid,795175,795175,795352,0,177,177,completed,5
8624,Rigid,795175,795175,795185,0,10,10,completed,5
8625,Rigid,795175,795175,795187,0,12,12,completed,5
8626,Rigid,795175,795175,801348,0,6173,6173,completed,5
8627,Rigid,795175,795176,795193,1,17,18,completed,5
8628,Rigid,795175,795176,795187,1,11,12,completed,5
8629,Rigid,795175,795176,795388,1,212,213,completed,5
8630,Rigid,795175,795176,801539,1,6363,6364,completed,5
8631,Rigid,795176,795176,795186,0,10,10,completed,5
8632,Rigid,795176,795176,795188,0,12,12,completed,5
8633,Rigid,795176,795176,795230,0,54,54,completed,36
8634,Rigid,795176,795176,800410,0,5234,5234,completed,5
8635,Rigid,795176,795176,795197,0,21,21,completed,5
8636,Rigid,795176,795176,795192,0,16,16,completed,5
8637,Rigid,795176,795176,795188,0,12,12,completed,5
8638,Rigid,795176,795176,795336,0,160,160,completed,5
8639,Rigid,795176,795176,795443,0,267,267,completed,5
8640,Rigid,795176,795176,795430,0,254,254,completed,5
8641,Rigid,795176,795176,795315,0,139,139,completed,5
8642,Rigid,795177,795177,795230,0,53,53,completed,5
8643,Rigid,795177,795177,795190,0,13,13,completed,5
8644,Rigid,795177,795177,795195,0,18,18,completed,5
8645,Rigid,795177,795177,795186,0,9,9,completed,5
8646,Rigid,795177,795177,795210,0,33,33,completed,5
8647,Rigid,795177,795179,795187,2,8,10,completed,5
8648,Rigid,795177,795178,795215,1,37,38,completed,5
8649,Rigid,795177,795178,795185,1,7,8,completed,5
8650,Rigid,795177,795178,795272,1,94,95,completed,5
8651,Rigid,795178,795178,795189,0,11,11,completed,5
8652,Rigid,795178,795178,795193,0,15,15,completed,5
8653,Rigid,795178,795179,795200,1,21,22,completed,5
8654,Rigid,795178,795179,795189,1,10,11,completed,5
8655,Rigid,795178,795179,795268,1,89,90,completed,5
8656,Rigid,795178,795179,795187,1,8,9,completed,5
8657,Rigid,795179,795179,795190,0,11,11,completed,5
8658,Rigid,795179,795179,795368,0,189,189,completed,5
8659,Rigid,795179,795179,795190,0,11,11,completed,5
8660,Rigid,795179,795179,795190,0,11,11,completed,5
8661,Rigid,795179,795179,798791,0,3612,3612,completed,5
8662,Rigid,795179,795180,799008,1,3828,3829,completed,5
8663,Rigid,795179,795181,801376,2,6195,6197,completed,5
8664,Rigid,795179,795181,795189,2,8,10,completed,5
8665,Rigid,795179,795181,800181,2,5000,5002,completed,5
8666,Rigid,795179,795181,798918,2,3737,3739,completed,5
8667,Rigid,795180,795181,795850,1,669,670,completed,5
8668,Rigid,795180,795181,795190,1,9,10,completed,5
8669,Rigid,795180,795181,803542,1,8361,8362,completed,5
8670,Rigid,795180,795181,798886,1,3705,3706,completed,5
8671,Rigid,795181,795183,798345,2,3162,3164,completed,5
8672,Rigid,795181,795183,795493,2,310,312,completed,864
8673,Rigid,795181,795183,795262,2,79,81,completed,5
8674,Rigid,795181,795183,795192,2,9,11,completed,5
8675,Rigid,795181,795183,795355,2,172,174,completed,5
8676,Rigid,795181,795183,795321,2,138,140,completed,5
8677,Rigid,795182,795183,795195,1,12,13,completed,5
8678,Rigid,795182,795183,795236,1,53,54,completed,5
8679,Rigid,795182,795183,795211,1,28,29,completed,5
8680,Rigid,795182,795183,795191,1,8,9,completed,5
8681,Rigid,795182,795183,795200,1,17,18,completed,5
8682,Rigid,795183,795185,795421,2,236,238,completed,5
8683,Rigid,795183,795185,795424,2,239,241,completed,5
8684,Rigid,795183,795185,795195,2,10,12,completed,5
8685,Rigid,795183,795185,795196,2,11,13,completed,5
8686,Rigid,795184,795185,795196,1,11,12,completed,5
8687,Rigid,795184,795185,795195,1,10,11,completed,5
8688,Rigid,795184,795185,795195,1,10,11,completed,5
8689,Rigid,795184,795185,795195,1,10,11,completed,5
8690,Rigid,795185,795186,795194,1,8,9,completed,5
8691,Rigid,795185,795186,795237,1,51,52,completed,5
8692,Rigid,795186,795187,795198,1,11,12,completed,5
8693,Rigid,795186,795187,795195,1,8,9,completed,5
8694,Rigid,795186,795187,795253,1,66,67,completed,5
8695,Rigid,795187,795187,795234,0,47,47,completed,5
8696,Rigid,795187,795187,795320,0,133,133,completed,5
8697,Rigid,795188,795188,795199,0,11,11,completed,5
8698,Rigid,795188,795188,795198,0,10,10,completed,5
8699,Rigid,795188,795188,795198,0,10,10,completed,5
8700,Rigid,795188,795189,795443,1,254,255,completed,5
8701,Rigid,795191,795191,795202,0,11,11,completed,5
8702,Rigid,795192,795192,795201,0,9,9,completed,36
8703,Rigid,795192,795193,795205,1,12,13,completed,5
8704,Rigid,795200,795200,795209,0,9,9,completed,5
8705,Rigid,795200,795200,795212,0,12,12,completed,5
8706,Rigid,795202,795202,795302,0,100,100,completed,5
8707,Rigid,795204,795204,795218,0,14,14,completed,5
8708,Rigid,795204,795204,795218,0,14,14,completed,5
8709,Rigid,795214,795214,795231,0,17,17,completed,5
8710,Rigid,795214,795214,795245,0,31,31,completed,5
8711,Rigid,795214,795214,795355,0,141,141,completed,5
8712,Rigid,795214,795215,795223,1,8,9,completed,5
8713,Rigid,795214,795215,795305,1,90,91,completed,5
8714,Rigid,795215,795215,795663,0,448,448,completed,5
8715,Rigid,795215,795215,795250,0,35,35,completed,5
8716,Rigid,795215,795216,795226,1,10,11,completed,5
8717,Rigid,795215,795216,795227,1,11,12,completed,5
8718,Rigid,795216,795216,795227,0,11,11,completed,5
8719,Rigid,795216,795216,795379,0,163,163,completed,5
8720,Rigid,795216,795216,795277,0,61,61,completed,5
8721,Rigid,795216,795218,795226,2,8,10,completed,5
8722,Rigid,795216,795218,795232,2,14,16,completed,5
8723,Rigid,795216,795218,795234,2,16,18,completed,5
8724,Rigid,795217,795218,795228,1,10,11,completed,5
8725,Rigid,795217,795218,795228,1,10,11,completed,5
8726,Rigid,795217,795218,795227,1,9,10,completed,5
8727,Rigid,795217,795218,795229,1,11,12,completed,5
8728,Rigid,795217,795218,795228,1,10,11,completed,5
8729,Rigid,795217,795218,795227,1,9,10,completed,5
8730,Rigid,795218,795218,795227,0,9,9,completed,5
8731,Rigid,795218,795218,795231,0,13,13,completed,5
8732,Rigid,795218,795218,795228,0,10,10,completed,5
8733,Rigid,795218,795218,795354,0,136,136,completed,5
8734,Rigid,795218,795219,795230,1,11,12,completed,5
8735,Rigid,795218,795219,795227,1,8,9,completed,5
8736,Rigid,795218,795219,795229,1,10,11,completed,5
8737,Rigid,795219,795220,795230,1,10,11,completed,5
8738,Rigid,795219,795220,795230,1,10,11,completed,5
8739,Rigid,795219,795220,795245,1,25,26,completed,5
8740,Rigid,795220,795220,795280,0,60,60,completed,5
8741,Rigid,795220,795220,795237,0,17,17,completed,5
8742,Rigid,795220,795220,795287,0,67,67,completed,5
8743,Rigid,795220,795222,795235,2,13,15,completed,5
8744,Rigid,795221,795222,795384,1,162,163,completed,5
8745,Rigid,795221,795222,795232,1,10,11,completed,5
8746,Rigid,795221,795222,795489,1,267,268,completed,5
8747,Rigid,795221,795222,795229,1,7,8,completed,5
8748,Rigid,795221,795222,795230,1,8,9,completed,5
8749,Rigid,795221,795222,795335,1,113,114,completed,5
8750,Rigid,795221,795222,795241,1,19,20,completed,5
8751,Rigid,795221,795222,795233,1,11,12,completed,5
8752,Rigid,795221,795222,795232,1,10,11,completed,5
8753,Rigid,795222,795222,795233,0,11,11,completed,5
8754,Rigid,795222,795223,795237,1,14,15,completed,5
8755,Rigid,795222,795223,795324,1,101,102,completed,5
8756,Rigid,795223,795223,795513,0,290,290,completed,5
8757,Rigid,795223,795223,795297,0,74,74,completed,5
8758,Rigid,795223,795223,795236,0,13,13,completed,5
8759,Rigid,795223,795223,795233,0,10,10,completed,5
8760,Rigid,795223,795223,795233,0,10,10,completed,5
8761,Rigid,795223,795224,795267,1,43,44,completed,5
8762,Rigid,795223,795224,795246,1,22,23,completed,5
8763,Rigid,795224,795224,795232,0,8,8,completed,5
8764,Rigid,795225,795226,795237,1,11,12,completed,5
8765,Rigid,795226,795226,795240,0,14,14,completed,5
8766,Rigid,795226,795227,795241,1,14,15,completed,5
8767,Rigid,795228,795228,795239,0,11,11,completed,5
8768,Rigid,795228,795228,795238,0,10,10,completed,5
8769,Rigid,795228,795228,795268,0,40,40,completed,5
8770,Rigid,795229,795230,795261,1,31,32,completed,5
8771,Rigid,795229,795230,795239,1,9,10,completed,5
8772,Rigid,795229,795230,795243,1,13,14,completed,5
8773,Rigid,795230,795230,795242,0,12,12,completed,5
8774,Rigid,795230,795231,795239,1,8,9,completed,5
8775,Rigid,795233,795233,795508,0,275,275,completed,5
8776,Rigid,795233,795233,795413,0,180,180,completed,5
8777,Rigid,795234,795235,795505,1,270,271,completed,5
8778,Rigid,795241,795242,795252,1,10,11,completed,5
8779,Rigid,795242,795242,795253,0,11,11,completed,5
8780,Rigid,795243,795245,795254,2,9,11,completed,5
8781,Rigid,795243,795245,795254,2,9,11,completed,5
8782,Rigid,795244,795245,795256,1,11,12,completed,5
8783,Rigid,795249,795250,795310,1,60,61,completed,36
8784,Rigid,795254,795254,795346,0,92,92,completed,5
8785,Rigid,795254,795255,795268,1,13,14,completed,5
8786,Rigid,795254,795255,795266,1,11,12,completed,5
8787,Rigid,795255,795255,795363,0,108,108,completed,5
8788,Rigid,795255,795255,795263,0,8,8,completed,5
8789,Rigid,795255,795255,795267,0,12,12,completed,5
8790,Rigid,795255,795255,795266,0,11,11,completed,5
8791,Rigid,795255,795255,795267,0,12,12,completed,5
8792,Rigid,795255,795255,795265,0,10,10,completed,5
8793,Rigid,795256,795257,795267,1,10,11,completed,5
8794,Rigid,795256,795257,795266,1,9,10,completed,5
8795,Rigid,795256,795257,795302,1,45,46,completed,5
8796,Rigid,795256,795257,795267,1,10,11,completed,5
8797,Rigid,795256,795257,795568,1,311,312,completed,5
8798,Rigid,795256,795257,795542,1,285,286,completed,5
8799,Rigid,795256,795257,795745,1,488,489,completed,5
8800,Rigid,795256,795257,795538,1,281,282,completed,5
8801,Rigid,795257,795257,795623,0,366,366,completed,5
8802,Rigid,795257,795257,795683,0,426,426,completed,5
8803,Rigid,795257,795258,795269,1,11,12,completed,5
8804,Rigid,795257,795258,795387,1,129,130,completed,5
8805,Rigid,795257,795258,795269,1,11,12,completed,5
8806,Rigid,795258,795258,795811,0,553,553,completed,5
8807,Rigid,795258,795258,795270,0,12,12,completed,5
8808,Rigid,795258,795258,795269,0,11,11,completed,5
8809,Rigid,795258,795258,795266,0,8,8,completed,5
8810,Rigid,795258,795258,795515,0,257,257,completed,5
8811,Rigid,795258,795258,795444,0,186,186,completed,5
8812,Rigid,795258,795258,795269,0,11,11,completed,5
8813,Rigid,795258,795260,795271,2,11,13,completed,5
8814,Rigid,795259,795260,795270,1,10,11,completed,5
8815,Rigid,795259,795260,795271,1,11,12,completed,5
8816,Rigid,795259,795260,795269,1,9,10,completed,5
8817,Rigid,795259,795260,795271,1,11,12,completed,5
8818,Rigid,795259,795260,801903,1,6643,6644,completed,5
8819,Rigid,795259,795260,795273,1,13,14,completed,5
8820,Rigid,795259,795260,795581,1,321,322,completed,5
8821,Rigid,795260,795260,795269,0,9,9,completed,5
8822,Rigid,795260,795260,795538,0,278,278,completed,5
8823,Rigid,795260,795260,795793,0,533,533,completed,5
8824,Rigid,795260,795260,795270,0,10,10,completed,5
8825,Rigid,795260,795260,795270,0,10,10,completed,5
8826,Rigid,795260,795262,795273,2,11,13,completed,5
8827,Rigid,795260,795262,795274,2,12,14,completed,5
8828,Rigid,795260,795262,795518,2,256,258,completed,5
8829,Rigid,795260,795262,795274,2,12,14,completed,5
8830,Rigid,795260,795262,795396,2,134,136,completed,5
8831,Rigid,795261,795262,795291,1,29,30,completed,5
8832,Rigid,795261,795262,795273,1,11,12,completed,5
8833,Rigid,795261,795262,795271,1,9,10,completed,5
8834,Rigid,795261,795262,795273,1,11,12,completed,5
8835,Rigid,795261,795262,795271,1,9,10,completed,5
8836,Rigid,795263,795263,795271,0,8,8,completed,5
8837,Rigid,795264,795265,795277,1,12,13,completed,5
8838,Rigid,795265,795265,795325,0,60,60,completed,5
8839,Rigid,795265,795265,795278,0,13,13,completed,5
8840,Rigid,795265,795265,795277,0,12,12,completed,5
8841,Rigid,795265,795265,795276,0,11,11,completed,5
8842,Rigid,795266,795266,795277,0,11,11,completed,5
8843,Rigid,795267,795268,795534,1,266,267,completed,36
8844,Rigid,795268,795268,795280,0,12,12,completed,5
8845,Rigid,795269,795269,795281,0,12,12,completed,5
8846,Rigid,795269,795269,795279,0,10,10,completed,5
8847,Rigid,795270,795270,795280,0,10,10,completed,5
8848,Rigid,795270,795270,795281,0,11,11,completed,5
8849,Rigid,795273,795273,795283,0,10,10,completed,5
8850,Rigid,795273,795273,795328,0,55,55,completed,5
8851,Rigid,795274,795274,795286,0,12,12,completed,5
8852,Rigid,795274,795275,795285,1,10,11,completed,5
8853,Rigid,795279,795279,795294,0,15,15,completed,5
8854,Rigid,795280,795281,795550,1,269,270,completed,5
8855,Rigid,795280,795281,795315,1,34,35,completed,5
8856,Rigid,795281,795281,795296,0,15,15,completed,5
8857,Rigid,795281,795281,795295,0,14,14,completed,5
8858,Rigid,795282,795283,795292,1,9,10,completed,5
8859,Rigid,795284,795287,795493,3,206,209,completed,5
8860,Rigid,795284,795287,795296,3,9,12,completed,5
8861,Rigid,795288,795292,795322,4,30,34,completed,36
8862,Rigid,795295,795295,795307,0,12,12,completed,5
8863,Rigid,795295,795295,795329,0,34,34,completed,5
8864,Rigid,795295,795295,795304,0,9,9,completed,5
8865,Rigid,795295,795296,795308,1,12,13,completed,5
8866,Rigid,795295,795296,795317,1,21,22,completed,5
8867,Rigid,795295,795296,795308,1,12,13,completed,5
8868,Rigid,795295,795296,795306,1,10,11,completed,5
8869,Rigid,795295,795296,795308,1,12,13,completed,5
8870,Rigid,795296,795296,795311,0,15,15,completed,5
8871,Rigid,795296,795296,795498,0,202,202,completed,5
8872,Rigid,795296,795296,795309,0,13,13,completed,5
8873,Rigid,795297,795297,795307,0,10,10,completed,5
8874,Rigid,795297,795297,795367,0,70,70,completed,5
8875,Rigid,795297,795297,795305,0,8,8,completed,5
8876,Rigid,795297,795297,795306,0,9,9,completed,5
8877,Rigid,795297,795297,795306,0,9,9,completed,5
8878,Rigid,795297,795297,795309,0,12,12,completed,5
8879,Rigid,795298,795298,795316,0,18,18,completed,5
8880,Rigid,795298,795298,795308,0,10,10,completed,5
8881,Rigid,795298,795298,795307,0,9,9,completed,5
8882,Rigid,795298,795298,795356,0,58,58,completed,5
8883,Rigid,795298,795298,795313,0,15,15,completed,5
8884,Rigid,795298,795299,795308,1,9,10,completed,5
8885,Rigid,795299,795299,795309,0,10,10,completed,5
8886,Rigid,795299,795301,795330,2,29,31,completed,5
8887,Rigid,795299,795301,795310,2,9,11,completed,5
8888,Rigid,795299,795301,795311,2,10,12,completed,5
8889,Rigid,795299,795301,795323,2,22,24,completed,5
8890,Rigid,795299,795301,795323,2,22,24,completed,5
8891,Rigid,795299,795301,795311,2,10,12,completed,5
8892,Rigid,795299,795301,795309,2,8,10,completed,5
8893,Rigid,795300,795301,795518,1,217,218,completed,5
8894,Rigid,795300,795301,795326,1,25,26,completed,5
8895,Rigid,795300,795301,795310,1,9,10,completed,5
8896,Rigid,795300,795301,795314,1,13,14,completed,5
8897,Rigid,795300,795301,795477,1,176,177,completed,5
8898,Rigid,795300,795301,795312,1,11,12,completed,5
8899,Rigid,795300,795301,795403,1,102,103,completed,5
8900,Rigid,795300,795301,795315,1,14,15,completed,5
8901,Rigid,795301,795301,795312,0,11,11,completed,5
8902,Rigid,795301,795301,795312,0,11,11,completed,5
8903,Rigid,795301,795301,795630,0,329,329,completed,5
8904,Rigid,795301,795303,795312,2,9,11,completed,5
8905,Rigid,795301,795303,795447,2,144,146,completed,5
8906,Rigid,795302,795303,795312,1,9,10,completed,5
8907,Rigid,795302,795303,795319,1,16,17,completed,5
8908,Rigid,795302,795303,795480,1,177,178,completed,5
8909,Rigid,795302,795303,795315,1,12,13,completed,5
8910,Rigid,795302,795303,795314,1,11,12,completed,5
8911,Rigid,795302,795303,795313,1,10,11,completed,5
8912,Rigid,795302,795303,795313,1,10,11,completed,5
8913,Rigid,795303,795303,795317,0,14,14,completed,5
8914,Rigid,795303,795303,795357,0,54,54,completed,5
8915,Rigid,795303,795303,795366,0,63,63,completed,5
8916,Rigid,795303,795303,795313,0,10,10,completed,5
8917,Rigid,795303,795303,795315,0,12,12,completed,5
8918,Rigid,795304,795306,795316,2,10,12,completed,5
8919,Rigid,795304,795306,795672,2,366,368,completed,5
8920,Rigid,795305,795306,800393,1,5087,5088,completed,5
8921,Rigid,795305,795306,798878,1,3572,3573,completed,5
8922,Rigid,795307,795307,798851,0,3544,3544,completed,5
8923,Rigid,795307,795307,795454,0,147,147,completed,36
8924,Rigid,795307,795307,795346,0,39,39,completed,36
8925,Rigid,795310,795310,795541,0,231,231,completed,5
8926,Rigid,795310,795310,795323,0,13,13,completed,5
8927,Rigid,795311,795311,795478,0,167,167,completed,5
8928,Rigid,795312,795312,795322,0,10,10,completed,5
8929,Rigid,795313,795313,800531,0,5218,5218,completed,5
8930,Rigid,795313,795313,799732,0,4419,4419,completed,5
8931,Rigid,795317,795317,795356,0,39,39,completed,36
8932,Rigid,795318,795318,798903,0,3585,3585,completed,5
8933,Rigid,795322,795322,795332,0,10,10,completed,5
8934,Rigid,795323,795323,795331,0,8,8,completed,5
8935,Rigid,795323,795323,795333,0,10,10,completed,5
8936,Rigid,795323,795323,795334,0,11,11,completed,5
8937,Rigid,795323,795323,800305,0,4982,4982,completed,5
8938,Rigid,795324,795325,798966,1,3641,3642,completed,5
8939,Rigid,795335,795335,798126,0,2791,2791,completed,5
8940,Rigid,795336,795336,795346,0,10,10,completed,5
8941,Rigid,795336,795336,795349,0,13,13,completed,5
8942,Rigid,795336,795336,795346,0,10,10,completed,5
8943,Rigid,795336,795336,799952,0,4616,4616,completed,5
8944,Rigid,795336,795336,795347,0,11,11,completed,5
8945,Rigid,795336,795336,795346,0,10,10,completed,5
8946,Rigid,795336,795336,795372,0,36,36,completed,5
8947,Rigid,795336,795336,795775,0,439,439,completed,5
8948,Rigid,795336,795336,795509,0,173,173,completed,5
8949,Rigid,795336,795338,800054,2,4716,4718,completed,5
8950,Rigid,795337,795338,795347,1,9,10,completed,5
8951,Rigid,795337,795338,795347,1,9,10,completed,5
8952,Rigid,795337,795338,795347,1,9,10,completed,5
8953,Rigid,795337,795338,795350,1,12,13,completed,5
8954,Rigid,795337,795338,795443,1,105,106,completed,5
8955,Rigid,795337,795338,799207,1,3869,3870,completed,5
8956,Rigid,795337,795338,795348,1,10,11,completed,5
8957,Rigid,795338,795338,795347,0,9,9,completed,5
8958,Rigid,795338,795340,795387,2,47,49,completed,5
8959,Rigid,795338,795340,795351,2,11,13,completed,5
8960,Rigid,795338,795340,798887,2,3547,3549,completed,5
8961,Rigid,795338,795340,795512,2,172,174,completed,5
8962,Rigid,795338,795340,795350,2,10,12,completed,5
8963,Rigid,795338,795340,795355,2,15,17,completed,5
8964,Rigid,795339,795340,795350,1,10,11,completed,5
8965,Rigid,795339,795340,799090,1,3750,3751,completed,5
8966,Rigid,795339,795340,795673,1,333,334,completed,5
8967,Rigid,795339,795340,795351,1,11,12,completed,5
8968,Rigid,795339,795340,795599,1,259,260,completed,5
8969,Rigid,795339,795340,795349,1,9,10,completed,5
8970,Rigid,795339,795340,795593,1,253,254,completed,5
8971,Rigid,795339,795340,795492,1,152,153,completed,5
8972,Rigid,795339,795340,799225,1,3885,3886,completed,5
8973,Rigid,795340,795340,795372,0,32,32,completed,5
8974,Rigid,795340,795340,795549,0,209,209,completed,5
8975,Rigid,795340,795340,795349,0,9,9,completed,5
8976,Rigid,795340,795340,795349,0,9,9,completed,5
8977,Rigid,795340,795341,795353,1,12,13,completed,5
8978,Rigid,795340,795341,798653,1,3312,3313,completed,5
8979,Rigid,795341,795341,795352,0,11,11,completed,5
8980,Rigid,795341,795341,795351,0,10,10,completed,5
8981,Rigid,795341,795341,795572,0,231,231,completed,5
8982,Rigid,795341,795344,798442,3,3098,3101,completed,5
8983,Rigid,795341,795344,795353,3,9,12,completed,5
8984,Rigid,795341,795344,795355,3,11,14,completed,5
8985,Rigid,795342,795344,798075,2,2731,2733,completed,5
8986,Rigid,795342,795344,795357,2,13,15,completed,5
8987,Rigid,795342,795344,795355,2,11,13,completed,5
8988,Rigid,795342,795344,795355,2,11,13,completed,5
8989,Rigid,795343,795344,795480,1,136,137,completed,5
8990,Rigid,795343,795344,795557,1,213,214,completed,5
8991,Rigid,795343,795344,795527,1,183,184,completed,5
8992,Rigid,795345,795347,795480,2,133,135,completed,5
8993,Rigid,795345,795347,795410,2,63,65,completed,5
8994,Rigid,795345,795347,795358,2,11,13,completed,5
8995,Rigid,795345,795347,795364,2,17,19,completed,5
8996,Rigid,795346,795347,795356,1,9,10,completed,5
8997,Rigid,795346,795347,795580,1,233,234,completed,5
8998,Rigid,795347,795347,795559,0,212,212,completed,5
8999,Rigid,795347,795347,795376,0,29,29,completed,5
9000,Rigid,795348,795348,795357,0,9,9,completed,5
9001,Rigid,795349,795350,795386,1,36,37,completed,5
9002,Rigid,795349,795350,799269,1,3919,3920,completed,5
9003,Rigid,795349,795350,798400,1,3050,3051,completed,5
9004,Rigid,795350,795351,795517,1,166,167,completed,5
9005,Rigid,795350,795351,795360,1,9,10,completed,5
9006,Rigid,795350,795351,798603,1,3252,3253,completed,5
9007,Rigid,795351,795351,798192,0,2841,2841,completed,5
9008,Rigid,795351,795351,795361,0,10,10,completed,5
9009,Rigid,795352,795352,795618,0,266,266,completed,5
9010,Rigid,795352,795352,798458,0,3106,3106,completed,5
9011,Rigid,795352,795352,798221,0,2869,2869,completed,5
9012,Rigid,795353,795353,795364,0,11,11,completed,5
9013,Rigid,795354,795354,795364,0,10,10,completed,5
9014,Rigid,795354,795354,798733,0,3379,3379,completed,5
9015,Rigid,795354,795354,798067,0,2713,2713,completed,5
9016,Rigid,795354,795355,795366,1,11,12,completed,5
9017,Rigid,795355,795355,798283,0,2928,2928,completed,5
9018,Rigid,795355,795355,798068,0,2713,2713,completed,5
9019,Rigid,795357,795357,795366,0,9,9,completed,5
9020,Rigid,795357,795357,798083,0,2726,2726,completed,5
9021,Rigid,795361,795362,798130,1,2768,2769,completed,5
9022,Rigid,795363,795363,795372,0,9,9,completed,5
9023,Rigid,795364,795365,795374,1,9,10,completed,5
9024,Rigid,795365,795366,795595,1,229,230,completed,5
9025,Rigid,795374,795374,795417,0,43,43,completed,4
9026,Rigid,795376,795376,795413,0,37,37,completed,36
9027,Rigid,795376,795376,795387,0,11,11,completed,5
9028,Rigid,795376,795376,795481,0,105,105,completed,5
9029,Rigid,795376,795376,795389,0,13,13,completed,5
9030,Rigid,795376,795376,795387,0,11,11,completed,5
9031,Rigid,795377,795377,795389,0,12,12,completed,5
9032,Rigid,795377,795377,795399,0,22,22,completed,5
9033,Rigid,795377,795377,795422,0,45,45,completed,5
9034,Rigid,795377,795377,795385,0,8,8,completed,5
9035,Rigid,795377,795377,795454,0,77,77,completed,5
9036,Rigid,795377,795379,795391,2,12,14,completed,5
9037,Rigid,795377,795379,795563,2,184,186,completed,5
9038,Rigid,795378,795379,795390,1,11,12,completed,5
9039,Rigid,795378,795379,795389,1,10,11,completed,5
9040,Rigid,795378,795379,797279,1,1900,1901,completed,5
9041,Rigid,795378,795379,797203,1,1824,1825,completed,5
9042,Rigid,795379,795379,799355,0,3976,3976,completed,5
9043,Rigid,795379,795380,795388,1,8,9,completed,5
9044,Rigid,795379,795380,798381,1,3001,3002,completed,5
9045,Rigid,795379,795380,797084,1,1704,1705,completed,5
9046,Rigid,795380,795380,795406,0,26,26,completed,5
9047,Rigid,795380,795380,795391,0,11,11,completed,5
9048,Rigid,795380,795380,799822,0,4442,4442,completed,5
9049,Rigid,795380,795381,797210,1,1829,1830,completed,5
9050,Rigid,795380,795381,797281,1,1900,1901,completed,5
9051,Rigid,795380,795381,795396,1,15,16,completed,5
9052,Rigid,795380,795381,795390,1,9,10,completed,5
9053,Rigid,795381,795381,795510,0,129,129,completed,5
9054,Rigid,795381,795381,795574,0,193,193,completed,5
9055,Rigid,795381,795381,795392,0,11,11,completed,5
9056,Rigid,795381,795383,795393,2,10,12,completed,5
9057,Rigid,795382,795383,795443,1,60,61,completed,5
9058,Rigid,795382,795383,795398,1,15,16,completed,5
9059,Rigid,795382,795383,795391,1,8,9,completed,5
9060,Rigid,795382,795383,795397,1,14,15,completed,5
9061,Rigid,795382,795383,795673,1,290,291,completed,5
9062,Rigid,795383,795383,795602,0,219,219,completed,5
9063,Rigid,795383,795385,795583,2,198,200,completed,5
9064,Rigid,795384,795385,795395,1,10,11,completed,5
9065,Rigid,795384,795385,795396,1,11,12,completed,5
9066,Rigid,795384,795385,795756,1,371,372,completed,5
9067,Rigid,795384,795385,795394,1,9,10,completed,5
9068,Rigid,795384,795385,795482,1,97,98,completed,5
9069,Rigid,795385,795385,795395,0,10,10,completed,5
9070,Rigid,795385,795385,795395,0,10,10,completed,5
9071,Rigid,795385,795386,795394,1,8,9,completed,5
9072,Rigid,795386,795386,795396,0,10,10,completed,5
9073,Rigid,795387,795387,795397,0,10,10,completed,5
9074,Rigid,795387,795387,795395,0,8,8,completed,5
9075,Rigid,795387,795388,795439,1,51,52,completed,5
9076,Rigid,795389,795389,795399,0,10,10,completed,5
9077,Rigid,795389,795389,795529,0,140,140,completed,5
9078,Rigid,795389,795389,795434,0,45,45,completed,5
9079,Rigid,795389,795389,795449,0,60,60,completed,5
9080,Rigid,795390,795390,795401,0,11,11,completed,5
9081,Rigid,795390,795390,795400,0,10,10,completed,5
9082,Rigid,795391,795391,795399,0,8,8,completed,5
9083,Rigid,795392,795392,795432,0,40,40,completed,5
9084,Rigid,795392,795392,795597,0,205,205,completed,5
9085,Rigid,795392,795392,795403,0,11,11,completed,5
9086,Rigid,795395,795395,795406,0,11,11,completed,5
9087,Rigid,795395,795395,795405,0,10,10,completed,5
9088,Rigid,795395,795395,795405,0,10,10,completed,5
9089,Rigid,795395,795395,795448,0,53,53,completed,5
9090,Rigid,795396,795396,795407,0,11,11,completed,5
9091,Rigid,795398,795399,795408,1,9,10,completed,5
9092,Rigid,795399,795399,795410,0,11,11,completed,5
9093,Rigid,795399,795400,795493,1,93,94,completed,864
9094,Rigid,795399,795400,795437,1,37,38,completed,36
9095,Rigid,795404,795404,795415,0,11,11,completed,5
9096,Rigid,795404,795405,795509,1,104,105,completed,5
9097,Rigid,795405,795405,795474,0,69,69,completed,5
9098,Rigid,795405,795406,795416,1,10,11,completed,5
9099,Rigid,795416,795416,795437,0,21,21,completed,5
9100,Rigid,795416,795417,795489,1,72,73,completed,5
9101,Rigid,795417,795417,795431,0,14,14,completed,5
9102,Rigid,795417,795417,795433,0,16,16,completed,5
9103,Rigid,795417,795417,795532,0,115,115,completed,5
9104,Rigid,795417,795418,795428,1,10,11,completed,5
9105,Rigid,795417,795418,795435,1,17,18,completed,5
9106,Rigid,795417,795418,795470,1,52,53,completed,5
9107,Rigid,795418,795418,795441,0,23,23,completed,5
9108,Rigid,795418,795418,795735,0,317,317,completed,5
9109,Rigid,795418,795418,795429,0,11,11,completed,5
9110,Rigid,795418,795418,795429,0,11,11,completed,5
9111,Rigid,795419,795419,795500,0,81,81,completed,5
9112,Rigid,795419,795419,795430,0,11,11,completed,5
9113,Rigid,795419,795419,795431,0,12,12,completed,5
9114,Rigid,795419,795419,795431,0,12,12,completed,5
9115,Rigid,795419,795422,795543,3,121,124,completed,5
9116,Rigid,795420,795422,795429,2,7,9,completed,5
9117,Rigid,795420,795422,795434,2,12,14,completed,5
9118,Rigid,795420,795422,795431,2,9,11,completed,5
9119,Rigid,795420,795422,795432,2,10,12,completed,5
9120,Rigid,795420,795422,795431,2,9,11,completed,5
9121,Rigid,795421,795422,795432,1,10,11,completed,5
9122,Rigid,795421,795422,795432,1,10,11,completed,5
9123,Rigid,795421,795422,795724,1,302,303,completed,5
9124,Rigid,795421,795422,795462,1,40,41,completed,5
9125,Rigid,795421,795422,795680,1,258,259,completed,5
9126,Rigid,795421,795422,796013,1,591,592,completed,5
9127,Rigid,795421,795422,795433,1,11,12,completed,5
9128,Rigid,795422,795423,795434,1,11,12,completed,5
9129,Rigid,795422,795423,795435,1,12,13,completed,5
9130,Rigid,795422,795423,795698,1,275,276,completed,5
9131,Rigid,795422,795423,795461,1,38,39,completed,5
9132,Rigid,795422,795423,795434,1,11,12,completed,5
9133,Rigid,795422,795423,795647,1,224,225,completed,5
9134,Rigid,795422,795423,795435,1,12,13,completed,5
9135,Rigid,795423,795423,795436,0,13,13,completed,5
9136,Rigid,795423,795423,795435,0,12,12,completed,5
9137,Rigid,795423,795423,795433,0,10,10,completed,5
9138,Rigid,795423,795426,795445,3,19,22,completed,5
9139,Rigid,795423,795426,795505,3,79,82,completed,5
9140,Rigid,795424,795426,795456,2,30,32,completed,5
9141,Rigid,795426,795427,795435,1,8,9,completed,5
9142,Rigid,795426,795427,795436,1,9,10,completed,5
9143,Rigid,795428,795430,795452,2,22,24,completed,5
9144,Rigid,795431,795431,795452,0,21,21,completed,5
9145,Rigid,795432,795432,795442,0,10,10,completed,5
9146,Rigid,795432,795432,795458,0,26,26,completed,5
9147,Rigid,795432,795433,795443,1,10,11,completed,5
9148,Rigid,795434,795434,795446,0,12,12,completed,5
9149,Rigid,795434,795434,795731,0,297,297,completed,36
9150,Rigid,795434,795434,795608,0,174,174,completed,5
9151,Rigid,795434,795434,795676,0,242,242,completed,5
9152,Rigid,795435,795435,795447,0,12,12,completed,5
9153,Rigid,795439,795439,795450,0,11,11,completed,5
9154,Rigid,795444,795444,795453,0,9,9,completed,5
9155,Rigid,795446,795446,795459,0,13,13,completed,5
9156,Rigid,795457,795457,795468,0,11,11,completed,5
9157,Rigid,795457,795457,795468,0,11,11,completed,5
9158,Rigid,795457,795457,795467,0,10,10,completed,5
9159,Rigid,795457,795457,795467,0,10,10,completed,5
9160,Rigid,795457,795457,795467,0,10,10,completed,5
9161,Rigid,795457,795459,795468,2,9,11,completed,5
9162,Rigid,795458,795459,795467,1,8,9,completed,5
9163,Rigid,795458,795459,795492,1,33,34,completed,5
9164,Rigid,795458,795459,795671,1,212,213,completed,5
9165,Rigid,795458,795459,795469,1,10,11,completed,5
9166,Rigid,795458,795459,799216,1,3757,3758,completed,5
9167,Rigid,795458,795459,795671,1,212,213,completed,5
9168,Rigid,795458,795459,795692,1,233,234,completed,5
9169,Rigid,795458,795459,795470,1,11,12,completed,5
9170,Rigid,795459,795459,795509,0,50,50,completed,5
9171,Rigid,795459,795459,798921,0,3462,3462,completed,5
9172,Rigid,795459,795459,795468,0,9,9,completed,5
9173,Rigid,795459,795459,795470,0,11,11,completed,5
9174,Rigid,795459,795459,795470,0,11,11,completed,5
9175,Rigid,795459,795461,797947,2,2486,2488,completed,5
9176,Rigid,795460,795461,795474,1,13,14,completed,5
9177,Rigid,795460,795461,795473,1,12,13,completed,5
9178,Rigid,795460,795461,799331,1,3870,3871,completed,5
9179,Rigid,795460,795461,795471,1,10,11,completed,5
9180,Rigid,795460,795461,795471,1,10,11,completed,5
9181,Rigid,795460,795461,795612,1,151,152,completed,5
9182,Rigid,795460,795461,795470,1,9,10,completed,5
9183,Rigid,795461,795461,795478,0,17,17,completed,5
9184,Rigid,795461,795461,795694,0,233,233,completed,5
9185,Rigid,795461,795461,795508,0,47,47,completed,5
9186,Rigid,795461,795461,795671,0,210,210,completed,5
9187,Rigid,795461,795461,795470,0,9,9,completed,5
9188,Rigid,795461,795461,795474,0,13,13,completed,5
9189,Rigid,795461,795462,795656,1,194,195,completed,5
9190,Rigid,795461,795462,795472,1,10,11,completed,5
9191,Rigid,795461,795462,795471,1,9,10,completed,5
9192,Rigid,795462,795462,795692,0,230,230,completed,5
9193,Rigid,795462,795462,795838,0,376,376,completed,5
9194,Rigid,795462,795462,795625,0,163,163,completed,5
9195,Rigid,795462,795462,795472,0,10,10,completed,5
9196,Rigid,795462,795462,795473,0,11,11,completed,5
9197,Rigid,795462,795462,795498,0,36,36,completed,5
9198,Rigid,795464,795464,795510,0,46,46,completed,5
9199,Rigid,795464,795465,795525,1,60,61,completed,5
9200,Rigid,795464,795465,795602,1,137,138,completed,5
9201,Rigid,795464,795465,795475,1,10,11,completed,5
9202,Rigid,795465,795465,795474,0,9,9,completed,5
9203,Rigid,795465,795465,795475,0,10,10,completed,5
9204,Rigid,795466,795468,795479,2,11,13,completed,5
9205,Rigid,795469,795469,795478,0,9,9,completed,5
9206,Rigid,795471,795471,795577,0,106,106,completed,5
9207,Rigid,795473,795473,795483,0,10,10,completed,5
9208,Rigid,795474,795474,795579,0,105,105,completed,5
9209,Rigid,795476,795476,795487,0,11,11,completed,5
9210,Rigid,795477,795478,795489,1,11,12,completed,5
9211,Rigid,795478,795478,795593,0,115,115,completed,5
9212,Rigid,795479,795479,795489,0,10,10,completed,5
9213,Rigid,795480,795480,795659,0,179,179,completed,5
9214,Rigid,795481,795481,795489,0,8,8,completed,5
9215,Rigid,795485,795486,795518,1,32,33,completed,2
9216,Rigid,795485,795486,795509,1,23,24,completed,2
9217,Rigid,795485,795486,795502,1,16,17,completed,2
9218,Rigid,795497,795497,795511,0,14,14,completed,2
9219,Rigid,795497,795497,795511,0,14,14,completed,2
9220,Rigid,795497,795497,795510,0,13,13,completed,2
9221,Rigid,795497,795497,795511,0,14,14,completed,2
9222,Rigid,795497,795497,795511,0,14,14,completed,2
9223,Rigid,795498,795499,795511,1,12,13,completed,2
9224,Rigid,795498,795499,795511,1,12,13,completed,2
9225,Rigid,795498,795499,795511,1,12,13,completed,2
9226,Rigid,795498,795499,795511,1,12,13,completed,2
9227,Rigid,795498,795499,795512,1,13,14,completed,2
9228,Rigid,795498,795499,795511,1,12,13,completed,2
9229,Rigid,795498,795499,795512,1,13,14,completed,2
9230,Rigid,795498,795499,795511,1,12,13,completed,2
9231,Rigid,795499,795499,795511,0,12,12,completed,2
9232,Rigid,795499,795500,795512,1,12,13,completed,2
9233,Rigid,795499,795500,795512,1,12,13,completed,2
9234,Rigid,795500,795500,795512,0,12,12,completed,2
9235,Rigid,795500,795501,795512,1,11,12,completed,2
9236,Rigid,795500,795501,795512,1,11,12,completed,2
9237,Rigid,795500,795501,795513,1,12,13,completed,2
9238,Rigid,795500,795501,795512,1,11,12,completed,2
9239,Rigid,795500,795501,795512,1,11,12,completed,2
9240,Rigid,795500,795501,795512,1,11,12,completed,2
9241,Rigid,795501,795501,795512,0,11,11,completed,2
9242,Rigid,795501,795501,795512,0,11,11,completed,2
9243,Rigid,795501,795501,795516,0,15,15,completed,2
9244,Rigid,795502,795502,795511,0,9,9,completed,2
9245,Rigid,795502,795504,795517,2,13,15,completed,2
9246,Rigid,795502,795504,795515,2,11,13,completed,2
9247,Rigid,795502,795504,795514,2,10,12,completed,2
9248,Rigid,795502,795504,795514,2,10,12,completed,2
9249,Rigid,795502,795504,795516,2,12,14,completed,2
9250,Rigid,795502,795504,795516,2,12,14,completed,2
9251,Rigid,795502,795504,795516,2,12,14,completed,2
9252,Rigid,795503,795504,795515,1,11,12,completed,2
9253,Rigid,795503,795504,795514,1,10,11,completed,2
9254,Rigid,795503,795504,795518,1,14,15,completed,2
9255,Rigid,795503,795504,795523,1,19,20,completed,2
9256,Rigid,795503,795504,795520,1,16,17,completed,2
9257,Rigid,795504,795505,795516,1,11,12,completed,2
9258,Rigid,795504,795505,795516,1,11,12,completed,2
9259,Rigid,795504,795505,795517,1,12,13,completed,2
9260,Rigid,795505,795505,795516,0,11,11,completed,2
9261,Rigid,795506,795510,795521,4,11,15,completed,2
9262,Rigid,795507,795508,795519,1,11,12,completed,2
9263,Rigid,795508,795508,795520,0,12,12,completed,2
9264,Rigid,795509,795510,795520,1,10,11,completed,2
9265,Rigid,795509,795510,795520,1,10,11,completed,2
9266,Rigid,795511,795511,795523,0,12,12,completed,2
9267,Rigid,795511,795511,795523,0,12,12,completed,2
9268,Rigid,795511,795512,795522,1,10,11,completed,2
9269,Rigid,795512,795512,795523,0,11,11,completed,2
9270,Rigid,795514,795514,795525,0,11,11,completed,2
9271,Rigid,795514,795514,795529,0,15,15,completed,2
9272,Rigid,795514,795514,795525,0,11,11,completed,2
9273,Rigid,795514,795514,795524,0,10,10,completed,2
9274,Rigid,795514,795514,795524,0,10,10,completed,2
9275,Rigid,795518,795519,795531,1,12,13,completed,2
9276,Rigid,795526,795527,795540,1,13,14,completed,2
9277,Rigid,795537,795538,795551,1,13,14,completed,2
9278,Rigid,795537,795538,795549,1,11,12,completed,2
9279,Rigid,795538,795538,795550,0,12,12,completed,2
9280,Rigid,795538,795538,795550,0,12,12,completed,2
9281,Rigid,795538,795538,795550,0,12,12,completed,2
9282,Rigid,795538,795538,795549,0,11,11,completed,2
9283,Rigid,795538,795539,795550,1,11,12,completed,2
9284,Rigid,795539,795539,795550,0,11,11,completed,2
9285,Rigid,795539,795539,795550,0,11,11,completed,2
9286,Rigid,795539,795539,795550,0,11,11,completed,2
9287,Rigid,795539,795539,795550,0,11,11,completed,2
9288,Rigid,795539,795539,795550,0,11,11,completed,2
9289,Rigid,795539,795539,795550,0,11,11,completed,2
9290,Rigid,795539,795539,795549,0,10,10,completed,2
9291,Rigid,795539,795540,795550,1,10,11,completed,2
9292,Rigid,795540,795540,795549,0,9,9,completed,2
9293,Rigid,795540,795540,795549,0,9,9,completed,2
9294,Rigid,795540,795540,795550,0,10,10,completed,2
9295,Rigid,795540,795541,795551,1,10,11,completed,2
9296,Rigid,795540,795541,795551,1,10,11,completed,2
9297,Rigid,795540,795541,795552,1,11,12,completed,2
9298,Rigid,795540,795541,795551,1,10,11,completed,2
9299,Rigid,795540,795541,795551,1,10,11,completed,2
9300,Rigid,795540,795541,795551,1,10,11,completed,2
9301,Rigid,795540,795541,795551,1,10,11,completed,2
9302,Rigid,795540,795541,795552,1,11,12,completed,2
9303,Rigid,795541,795541,795552,0,11,11,completed,2
9304,Rigid,795541,795541,795552,0,11,11,completed,2
9305,Rigid,795541,795541,795557,0,16,16,completed,2
9306,Rigid,795541,795541,795551,0,10,10,completed,2
9307,Rigid,795541,795541,795551,0,10,10,completed,2
9308,Rigid,795541,795541,795552,0,11,11,completed,2
9309,Rigid,795541,795541,795557,0,16,16,completed,2
9310,Rigid,795541,795542,795557,1,15,16,completed,2
9311,Rigid,795541,795542,795552,1,10,11,completed,2
9312,Rigid,795541,795542,795557,1,15,16,completed,2
9313,Rigid,795541,795542,795552,1,10,11,completed,2
9314,Rigid,795541,795542,795552,1,10,11,completed,2
9315,Rigid,795541,795542,795557,1,15,16,completed,2
9316,Rigid,795542,795542,795552,0,10,10,completed,2
9317,Rigid,795542,795542,795552,0,10,10,completed,2
9318,Rigid,795542,795542,795552,0,10,10,completed,2
9319,Rigid,795542,795543,795552,1,9,10,completed,2
9320,Rigid,795542,795543,795552,1,9,10,completed,2
9321,Rigid,795542,795543,795557,1,14,15,completed,2
9322,Rigid,795542,795543,795557,1,14,15,completed,2
9323,Rigid,795542,795543,795552,1,9,10,completed,2
9324,Rigid,795542,795543,795552,1,9,10,completed,2
9325,Rigid,795542,795543,795557,1,14,15,completed,2
9326,Rigid,795543,795543,795557,0,14,14,completed,2
9327,Rigid,795543,795543,795552,0,9,9,completed,2
9328,Rigid,795543,795543,795552,0,9,9,completed,2
9329,Rigid,795543,795543,795557,0,14,14,completed,2
9330,Rigid,795543,795543,795557,0,14,14,completed,2
9331,Rigid,795543,795543,795557,0,14,14,completed,2
9332,Rigid,795543,795543,795557,0,14,14,completed,2
9333,Rigid,795543,795543,795557,0,14,14,completed,2
9334,Rigid,795543,795543,795557,0,14,14,completed,2
9335,Rigid,795543,795543,795557,0,14,14,completed,2
9336,Rigid,795544,795545,795557,1,12,13,completed,2
9337,Rigid,795544,795545,795557,1,12,13,completed,2
9338,Rigid,795545,795545,795557,0,12,12,completed,2
9339,Rigid,795545,795547,795558,2,11,13,completed,2
9340,Rigid,795545,795547,795570,2,23,25,completed,2
9341,Rigid,795546,795547,795563,1,16,17,completed,2
9342,Rigid,795546,795547,795561,1,14,15,completed,2
9343,Rigid,795546,795547,795560,1,13,14,completed,2
9344,Rigid,795546,795547,795559,1,12,13,completed,2
9345,Rigid,795548,795548,795559,0,11,11,completed,2
9346,Rigid,795548,795550,795561,2,11,13,completed,2
9347,Rigid,795549,795550,795561,1,11,12,completed,2
9348,Rigid,795549,795550,795560,1,10,11,completed,2
9349,Rigid,795550,795550,795559,0,9,9,completed,2
9350,Rigid,795550,795550,795561,0,11,11,completed,2
9351,Rigid,795551,795551,795560,0,9,9,completed,2
9352,Rigid,795551,795551,795561,0,10,10,completed,2
9353,Rigid,795552,795552,795564,0,12,12,completed,2
9354,Rigid,795557,795558,795570,1,12,13,completed,2
9355,Rigid,795557,795558,795570,1,12,13,completed,2
9356,Rigid,795558,795558,795569,0,11,11,completed,2
9357,Rigid,795558,795558,795569,0,11,11,completed,2
9358,Rigid,795558,795558,795569,0,11,11,completed,2
9359,Rigid,795558,795558,795570,0,12,12,completed,2
9360,Rigid,795559,795559,795571,0,12,12,completed,2
9361,Rigid,795559,795559,795571,0,12,12,completed,2
9362,Rigid,795562,795562,795577,0,15,15,completed,2
9363,Rigid,795569,795569,795583,0,14,14,completed,2
9364,Rigid,795570,795571,795584,1,13,14,completed,2
9365,Rigid,795579,795579,795640,0,61,61,completed,36
9366,Rigid,795582,795583,795593,1,10,11,completed,2
9367,Rigid,795582,795583,795594,1,11,12,completed,2
9368,Rigid,795582,795583,795593,1,10,11,completed,2
9369,Rigid,795582,795583,795593,1,10,11,completed,2
9370,Rigid,795582,795583,795594,1,11,12,completed,2
9371,Rigid,795582,795583,795594,1,11,12,completed,2
9372,Rigid,795582,795583,795593,1,10,11,completed,2
9373,Rigid,795582,795583,795593,1,10,11,completed,2
9374,Rigid,795582,795583,795593,1,10,11,completed,2
9375,Rigid,795582,795583,795594,1,11,12,completed,2
9376,Rigid,795583,795583,795594,0,11,11,completed,2
9377,Rigid,795583,795583,795593,0,10,10,completed,2
9378,Rigid,795583,795583,795593,0,10,10,completed,2
9379,Rigid,795583,795584,795596,1,12,13,completed,2
9380,Rigid,795583,795584,795596,1,12,13,completed,2
9381,Rigid,795583,795584,795595,1,11,12,completed,2
9382,Rigid,795583,795584,795595,1,11,12,completed,2
9383,Rigid,795583,795584,795595,1,11,12,completed,2
9384,Rigid,795584,795584,795595,0,11,11,completed,2
9385,Rigid,795584,795584,795596,0,12,12,completed,2
9386,Rigid,795584,795584,795595,0,11,11,completed,2
9387,Rigid,795584,795584,795595,0,11,11,completed,2
9388,Rigid,795584,795584,795595,0,11,11,completed,2
9389,Rigid,795584,795584,795595,0,11,11,completed,2
9390,Rigid,795584,795584,795595,0,11,11,completed,2
9391,Rigid,795584,795584,795595,0,11,11,completed,2
9392,Rigid,795584,795584,795595,0,11,11,completed,2
9393,Rigid,795584,795585,795595,1,10,11,completed,2
9394,Rigid,795585,795585,795595,0,10,10,completed,2
9395,Rigid,795585,795585,795595,0,10,10,completed,2
9396,Rigid,795585,795585,795595,0,10,10,completed,2
9397,Rigid,795585,795585,795595,0,10,10,completed,2
9398,Rigid,795585,795585,795595,0,10,10,completed,2
9399,Rigid,795585,795585,795595,0,10,10,completed,2
9400,Rigid,795585,795587,795599,2,12,14,completed,2
9401,Rigid,795585,795587,795598,2,11,13,completed,2
9402,Rigid,795585,795587,795598,2,11,13,completed,2
9403,Rigid,795585,795587,795597,2,10,12,completed,2
9404,Rigid,795585,795587,795598,2,11,13,completed,2
9405,Rigid,795585,795587,795598,2,11,13,completed,2
9406,Rigid,795586,795587,795598,1,11,12,completed,2
9407,Rigid,795586,795587,795598,1,11,12,completed,2
9408,Rigid,795586,795587,795598,1,11,12,completed,2
9409,Rigid,795586,795587,795597,1,10,11,completed,2
9410,Rigid,795586,795587,795598,1,11,12,completed,2
9411,Rigid,795586,795587,795598,1,11,12,completed,2
9412,Rigid,795586,795587,795597,1,10,11,completed,2
9413,Rigid,795586,795587,795597,1,10,11,completed,2
9414,Rigid,795586,795587,795598,1,11,12,completed,2
9415,Rigid,795586,795587,795598,1,11,12,completed,2
9416,Rigid,795587,795587,795598,0,11,11,completed,2
9417,Rigid,795587,795587,795598,0,11,11,completed,2
9418,Rigid,795587,795587,795598,0,11,11,completed,2
9419,Rigid,795587,795591,795602,4,11,15,completed,2
9420,Rigid,795587,795591,795601,4,10,14,completed,2
9421,Rigid,795587,795591,795602,4,11,15,completed,2
9422,Rigid,795588,795591,795601,3,10,13,completed,2
9423,Rigid,795588,795591,795602,3,11,14,completed,2
9424,Rigid,795588,795591,795601,3,10,13,completed,2
9425,Rigid,795588,795591,795601,3,10,13,completed,2
9426,Rigid,795588,795591,795601,3,10,13,completed,2
9427,Rigid,795588,795591,795601,3,10,13,completed,2
9428,Rigid,795588,795591,795602,3,11,14,completed,2
9429,Rigid,795588,795591,795602,3,11,14,completed,2
9430,Rigid,795588,795591,795601,3,10,13,completed,2
9431,Rigid,795588,795591,795603,3,12,15,completed,2
9432,Rigid,795588,795591,795602,3,11,14,completed,2
9433,Rigid,795588,795591,795602,3,11,14,completed,2
9434,Rigid,795589,795591,795601,2,10,12,completed,2
9435,Rigid,795589,795591,795602,2,11,13,completed,2
9436,Rigid,795589,795591,795619,2,28,30,completed,36
9437,Rigid,795589,795591,795602,2,11,13,completed,2
9438,Rigid,795589,795591,795602,2,11,13,completed,2
9439,Rigid,795589,795591,795602,2,11,13,completed,2
9440,Rigid,795589,795591,795602,2,11,13,completed,2
9441,Rigid,795589,795591,795602,2,11,13,completed,2
9442,Rigid,795589,795591,795601,2,10,12,completed,2
9443,Rigid,795589,795591,795601,2,10,12,completed,2
9444,Rigid,795590,795591,795601,1,10,11,completed,2
9445,Rigid,795590,795591,795601,1,10,11,completed,2
9446,Rigid,795590,795591,795602,1,11,12,completed,2
9447,Rigid,795590,795591,795601,1,10,11,completed,2
9448,Rigid,795590,795591,795604,1,13,14,completed,2
9449,Rigid,795590,795591,795602,1,11,12,completed,2
9450,Rigid,795590,795591,795601,1,10,11,completed,2
9451,Rigid,795590,795591,795604,1,13,14,completed,2
9452,Rigid,795590,795591,795601,1,10,11,completed,2
9453,Rigid,795590,795591,795602,1,11,12,completed,2
9454,Rigid,795591,795591,795602,0,11,11,completed,2
9455,Rigid,795592,795593,795603,1,10,11,completed,2
9456,Rigid,795592,795593,795605,1,12,13,completed,2
9457,Rigid,795593,795594,795605,1,11,12,completed,2
9458,Rigid,795594,795594,795604,0,10,10,completed,2
9459,Rigid,795594,795595,795605,1,10,11,completed,2
9460,Rigid,795596,795596,795635,0,39,39,completed,2
9461,Rigid,795596,795596,795606,0,10,10,completed,2
9462,Rigid,795596,795596,795606,0,10,10,completed,2
9463,Rigid,795596,795597,795606,1,9,10,completed,2
9464,Rigid,795597,795597,795608,0,11,11,completed,2
9465,Rigid,795599,795599,795611,0,12,12,completed,2
9466,Rigid,795599,795599,795611,0,12,12,completed,2
9467,Rigid,795603,795604,795640,1,36,37,completed,36
9468,Rigid,795608,795609,795621,1,12,13,completed,2
9469,Rigid,795611,795611,795622,0,11,11,completed,2
9470,Rigid,795611,795613,795623,2,10,12,completed,2
9471,Rigid,795612,795613,795623,1,10,11,completed,2
9472,Rigid,795622,795622,795632,0,10,10,completed,2
9473,Rigid,795622,795622,795632,0,10,10,completed,2
9474,Rigid,795622,795623,795634,1,11,12,completed,2
9475,Rigid,795622,795623,795633,1,10,11,completed,2
9476,Rigid,795622,795623,795633,1,10,11,completed,2
9477,Rigid,795623,795623,795633,0,10,10,completed,2
9478,Rigid,795623,795623,795633,0,10,10,completed,2
9479,Rigid,795623,795623,795633,0,10,10,completed,2
9480,Rigid,795623,795623,795634,0,11,11,completed,2
9481,Rigid,795623,795623,795632,0,9,9,completed,2
9482,Rigid,795623,795623,795632,0,9,9,completed,2
9483,Rigid,795623,795624,795633,1,9,10,completed,2
9484,Rigid,795623,795624,795634,1,10,11,completed,2
9485,Rigid,795624,795624,795634,0,10,10,completed,2
9486,Rigid,795624,795624,795633,0,9,9,completed,2
9487,Rigid,795624,795624,795634,0,10,10,completed,2
9488,Rigid,795624,795624,795634,0,10,10,completed,2
9489,Rigid,795624,795625,795635,1,10,11,completed,2
9490,Rigid,795624,795625,795635,1,10,11,completed,2
9491,Rigid,795624,795625,795634,1,9,10,completed,2
9492,Rigid,795625,795625,795635,0,10,10,completed,2
9493,Rigid,795625,795625,795635,0,10,10,completed,2
9494,Rigid,795625,795625,795634,0,9,9,completed,2
9495,Rigid,795625,795625,795635,0,10,10,completed,2
9496,Rigid,795625,795626,795634,1,8,9,completed,2
9497,Rigid,795625,795626,795636,1,10,11,completed,2
9498,Rigid,795625,795626,795635,1,9,10,completed,2
9499,Rigid,795625,795626,795635,1,9,10,completed,2
9500,Rigid,795625,795626,795635,1,9,10,completed,2
9501,Rigid,795625,795626,795635,1,9,10,completed,2
9502,Rigid,795626,795626,795635,0,9,9,completed,2
9503,Rigid,795626,795626,795635,0,9,9,completed,2
9504,Rigid,795626,795626,795636,0,10,10,completed,2
9505,Rigid,795626,795626,795635,0,9,9,completed,2
9506,Rigid,795626,795626,795635,0,9,9,completed,2
9507,Rigid,795626,795626,795635,0,9,9,completed,2
9508,Rigid,795626,795626,795636,0,10,10,completed,2
9509,Rigid,795626,795626,795636,0,10,10,completed,2
9510,Rigid,795626,795626,795636,0,10,10,completed,2
9511,Rigid,795626,795626,795636,0,10,10,completed,2
9512,Rigid,795626,795626,795636,0,10,10,completed,2
9513,Rigid,795626,795626,795636,0,10,10,completed,2
9514,Rigid,795627,795629,795638,2,9,11,completed,2
9515,Rigid,795627,795629,795638,2,9,11,completed,2
9516,Rigid,795627,795629,795639,2,10,12,completed,2
9517,Rigid,795627,795629,795639,2,10,12,completed,2
9518,Rigid,795627,795629,795639,2,10,12,completed,2
9519,Rigid,795627,795629,795638,2,9,11,completed,2
9520,Rigid,795627,795629,795638,2,9,11,completed,2
9521,Rigid,795627,795629,795638,2,9,11,completed,2
9522,Rigid,795627,795629,795638,2,9,11,completed,2
9523,Rigid,795628,795629,795639,1,10,11,completed,2
9524,Rigid,795628,795629,795638,1,9,10,completed,2
9525,Rigid,795628,795629,795638,1,9,10,completed,2
9526,Rigid,795628,795629,795639,1,10,11,completed,2
9527,Rigid,795628,795629,795639,1,10,11,completed,2
9528,Rigid,795628,795629,795638,1,9,10,completed,2
9529,Rigid,795628,795629,795638,1,9,10,completed,2
9530,Rigid,795628,795629,795638,1,9,10,completed,2
9531,Rigid,795628,795629,795639,1,10,11,completed,2
9532,Rigid,795628,795629,795639,1,10,11,completed,2
9533,Rigid,795629,795629,795639,0,10,10,completed,2
9534,Rigid,795629,795630,795639,1,9,10,completed,2
9535,Rigid,795629,795630,795639,1,9,10,completed,2
9536,Rigid,795629,795630,795640,1,10,11,completed,2
9537,Rigid,795629,795630,795640,1,10,11,completed,2
9538,Rigid,795629,795630,795640,1,10,11,completed,2
9539,Rigid,795629,795630,795640,1,10,11,completed,2
9540,Rigid,795629,795630,795640,1,10,11,completed,2
9541,Rigid,795630,795630,795640,0,10,10,completed,2
9542,Rigid,795630,795630,795640,0,10,10,completed,2
9543,Rigid,795630,795630,795640,0,10,10,completed,2
9544,Rigid,795630,795630,795640,0,10,10,completed,2
9545,Rigid,795630,795630,795640,0,10,10,completed,2
9546,Rigid,795630,795630,795640,0,10,10,completed,2
9547,Rigid,795630,795630,795640,0,10,10,completed,2
9548,Rigid,795630,795630,795640,0,10,10,completed,2
9549,Rigid,795630,795631,795641,1,10,11,completed,2
9550,Rigid,795630,795631,795641,1,10,11,completed,2
9551,Rigid,795630,795631,795641,1,10,11,completed,2
9552,Rigid,795630,795631,795641,1,10,11,completed,2
9553,Rigid,795631,795631,795641,0,10,10,completed,2
9554,Rigid,795631,795631,795641,0,10,10,completed,2
9555,Rigid,795631,795631,795641,0,10,10,completed,2
9556,Rigid,795631,795631,795641,0,10,10,completed,2
9557,Rigid,795631,795631,795641,0,10,10,completed,2
9558,Rigid,795631,795631,795641,0,10,10,completed,2
9559,Rigid,795631,795633,795644,2,11,13,completed,2
9560,Rigid,795631,795633,795646,2,13,15,completed,2
9561,Rigid,795631,795633,795644,2,11,13,completed,2
9562,Rigid,795631,795633,795644,2,11,13,completed,2
9563,Rigid,795632,795633,795642,1,9,10,completed,2
9564,Rigid,795632,795633,795643,1,10,11,completed,2
9565,Rigid,795632,795633,795643,1,10,11,completed,2
9566,Rigid,795632,795633,795647,1,14,15,completed,2
9567,Rigid,795632,795633,795643,1,10,11,completed,2
9568,Rigid,795632,795633,795643,1,10,11,completed,2
9569,Rigid,795632,795633,795643,1,10,11,completed,2
9570,Rigid,795632,795633,795644,1,11,12,completed,2
9571,Rigid,795633,795633,795643,0,10,10,completed,2
9572,Rigid,795633,795633,795643,0,10,10,completed,2
9573,Rigid,795633,795633,795643,0,10,10,completed,2
9574,Rigid,795633,795634,795644,1,10,11,completed,2
9575,Rigid,795634,795634,795644,0,10,10,completed,2
9576,Rigid,795634,795634,795644,0,10,10,completed,2
9577,Rigid,795634,795634,795644,0,10,10,completed,2
9578,Rigid,795635,795635,795644,0,9,9,completed,2
9579,Rigid,795636,795637,795649,1,12,13,completed,2
9580,Rigid,795637,795637,795648,0,11,11,completed,2
9581,Rigid,795637,795637,795649,0,12,12,completed,2
9582,Rigid,795638,795640,795649,2,9,11,completed,2
9583,Rigid,795639,795640,795650,1,10,11,completed,2
9584,Rigid,795640,795640,795650,0,10,10,completed,2
9585,Rigid,795644,795644,795656,0,12,12,completed,2
9586,Rigid,795645,795645,795656,0,11,11,completed,2
9587,Rigid,795648,795648,795659,0,11,11,completed,2
9588,Rigid,795651,795652,795662,1,10,11,completed,2
9589,Rigid,795652,795654,795665,2,11,13,completed,2
9590,Rigid,795663,795663,795673,0,10,10,completed,2
9591,Rigid,795663,795663,795673,0,10,10,completed,2
9592,Rigid,795663,795663,795674,0,11,11,completed,2
9593,Rigid,795663,795663,795674,0,11,11,completed,2
9594,Rigid,795663,795663,795673,0,10,10,completed,2
9595,Rigid,795663,795663,795673,0,10,10,completed,2
9596,Rigid,795663,795663,795674,0,11,11,completed,2
9597,Rigid,795663,795664,795674,1,10,11,completed,2
9598,Rigid,795664,795664,795674,0,10,10,completed,2
9599,Rigid,795664,795664,795673,0,9,9,completed,2
9600,Rigid,795664,795666,795676,2,10,12,completed,2
9601,Rigid,795664,795666,795676,2,10,12,completed,2
9602,Rigid,795664,795666,795676,2,10,12,completed,2
9603,Rigid,795664,795666,795675,2,9,11,completed,2
9604,Rigid,795664,795666,795675,2,9,11,completed,2
9605,Rigid,795664,795666,795675,2,9,11,completed,2
9606,Rigid,795664,795666,795676,2,10,12,completed,2
9607,Rigid,795665,795666,795675,1,9,10,completed,2
9608,Rigid,795665,795666,795675,1,9,10,completed,2
9609,Rigid,795665,795666,795676,1,10,11,completed,2
9610,Rigid,795665,795666,795676,1,10,11,completed,2
9611,Rigid,795665,795666,795676,1,10,11,completed,2
9612,Rigid,795665,795666,795676,1,10,11,completed,2
9613,Rigid,795665,795666,795676,1,10,11,completed,2
9614,Rigid,795666,795666,795675,0,9,9,completed,2
9615,Rigid,795666,795666,795676,0,10,10,completed,2
9616,Rigid,795666,795666,795676,0,10,10,completed,2
9617,Rigid,795666,795666,795676,0,10,10,completed,2
9618,Rigid,795666,795668,795679,2,11,13,completed,2
9619,Rigid,795666,795668,795679,2,11,13,completed,2
9620,Rigid,795666,795668,795679,2,11,13,completed,2
9621,Rigid,795666,795668,795679,2,11,13,completed,2
9622,Rigid,795667,795668,795679,1,11,12,completed,2
9623,Rigid,795667,795668,795678,1,10,11,completed,2
9624,Rigid,795667,795668,795679,1,11,12,completed,2
9625,Rigid,795667,795668,795678,1,10,11,completed,2
9626,Rigid,795667,795668,795678,1,10,11,completed,2
9627,Rigid,795667,795668,795678,1,10,11,completed,2
9628,Rigid,795667,795668,795678,1,10,11,completed,2
9629,Rigid,795667,795668,795678,1,10,11,completed,2
9630,Rigid,795668,795668,795679,0,11,11,completed,2
9631,Rigid,795669,795670,795680,1,10,11,completed,2
9632,Rigid,795669,795670,795680,1,10,11,completed,2
9633,Rigid,795669,795670,795680,1,10,11,completed,2
9634,Rigid,795669,795670,795679,1,9,10,completed,2
9635,Rigid,795669,795670,795680,1,10,11,completed,2
9636,Rigid,795669,795670,795680,1,10,11,completed,2
9637,Rigid,795669,795670,795679,1,9,10,completed,2
9638,Rigid,795669,795670,795679,1,9,10,completed,2
9639,Rigid,795669,795670,795680,1,10,11,completed,2
9640,Rigid,795669,795670,795679,1,9,10,completed,2
9641,Rigid,795669,795670,795680,1,10,11,completed,2
9642,Rigid,795669,795670,795680,1,10,11,completed,2
9643,Rigid,795670,795670,795680,0,10,10,completed,2
9644,Rigid,795670,795670,795680,0,10,10,completed,2
9645,Rigid,795670,795670,795680,0,10,10,completed,2
9646,Rigid,795670,795670,795680,0,10,10,completed,2
9647,Rigid,795670,795670,795680,0,10,10,completed,2
9648,Rigid,795670,795672,795682,2,10,12,completed,2
9649,Rigid,795670,795672,795681,2,9,11,completed,2
9650,Rigid,795670,795672,795681,2,9,11,completed,2
9651,Rigid,795670,795672,795682,2,10,12,completed,2
9652,Rigid,795671,795672,795682,1,10,11,completed,2
9653,Rigid,795671,795672,795682,1,10,11,completed,2
9654,Rigid,795671,795672,795682,1,10,11,completed,2
9655,Rigid,795671,795672,795682,1,10,11,completed,2
9656,Rigid,795671,795672,795682,1,10,11,completed,2
9657,Rigid,795671,795672,795682,1,10,11,completed,2
9658,Rigid,795671,795672,795681,1,9,10,completed,2
9659,Rigid,795671,795672,795681,1,9,10,completed,2
9660,Rigid,795671,795672,795681,1,9,10,completed,2
9661,Rigid,795671,795672,795681,1,9,10,completed,2
9662,Rigid,795671,795672,795681,1,9,10,completed,2
9663,Rigid,795671,795672,795681,1,9,10,completed,2
9664,Rigid,795671,795672,795681,1,9,10,completed,2
9665,Rigid,795672,795672,795682,0,10,10,completed,2
9666,Rigid,795672,795672,795682,0,10,10,completed,2
9667,Rigid,795672,795672,795682,0,10,10,completed,2
9668,Rigid,795672,795672,795682,0,10,10,completed,2
9669,Rigid,795672,795672,795682,0,10,10,completed,2
9670,Rigid,795672,795673,795682,1,9,10,completed,2
9671,Rigid,795673,795673,795682,0,9,9,completed,2
9672,Rigid,795673,795673,795682,0,9,9,completed,2
9673,Rigid,795673,795673,795682,0,9,9,completed,2
9674,Rigid,795673,795673,795682,0,9,9,completed,2
9675,Rigid,795673,795673,795682,0,9,9,completed,2
9676,Rigid,795673,795673,795682,0,9,9,completed,2
9677,Rigid,795673,795673,795682,0,9,9,completed,2
9678,Rigid,795673,795673,795681,0,8,8,completed,2
9679,Rigid,795673,795673,795682,0,9,9,completed,2
9680,Rigid,795673,795673,795682,0,9,9,completed,2
9681,Rigid,795673,795674,795682,1,8,9,completed,2
9682,Rigid,795674,795674,795682,0,8,8,completed,2
9683,Rigid,795674,795674,795682,0,8,8,completed,2
9684,Rigid,795674,795674,795682,0,8,8,completed,2
9685,Rigid,795674,795674,795683,0,9,9,completed,2
9686,Rigid,795674,795674,795683,0,9,9,completed,2
9687,Rigid,795674,795674,795683,0,9,9,completed,2
9688,Rigid,795674,795674,795683,0,9,9,completed,2
9689,Rigid,795674,795674,795683,0,9,9,completed,2
9690,Rigid,795674,795674,795683,0,9,9,completed,2
9691,Rigid,795674,795675,795685,1,10,11,completed,2
9692,Rigid,795674,795675,795684,1,9,10,completed,2
9693,Rigid,795674,795675,795684,1,9,10,completed,2
9694,Rigid,795675,795675,795684,0,9,9,completed,2
9695,Rigid,795675,795675,795684,0,9,9,completed,2
9696,Rigid,795675,795675,795684,0,9,9,completed,2
9697,Rigid,795675,795675,795684,0,9,9,completed,2
9698,Rigid,795675,795675,795685,0,10,10,completed,2
9699,Rigid,795675,795675,795686,0,11,11,completed,2
9700,Rigid,795675,795675,795686,0,11,11,completed,2
9701,Rigid,795675,795676,795686,1,10,11,completed,2
9702,Rigid,795675,795676,795687,1,11,12,completed,2
9703,Rigid,795676,795676,795686,0,10,10,completed,2
9704,Rigid,795676,795676,795685,0,9,9,completed,2
9705,Rigid,795676,795676,795685,0,9,9,completed,2
9706,Rigid,795676,795676,795685,0,9,9,completed,2
9707,Rigid,795676,795676,795710,0,34,34,completed,2
9708,Rigid,795676,795676,795687,0,11,11,completed,2
9709,Rigid,795676,795676,795686,0,10,10,completed,2
9710,Rigid,795677,795677,795688,0,11,11,completed,2
9711,Rigid,795677,795677,795690,0,13,13,completed,2
9712,Rigid,795677,795677,795688,0,11,11,completed,2
9713,Rigid,795678,795679,795688,1,9,10,completed,2
9714,Rigid,795678,795679,795689,1,10,11,completed,2
9715,Rigid,795678,795679,795758,1,79,80,completed,36
9716,Rigid,795679,795679,795689,0,10,10,completed,2
9717,Rigid,795680,795680,795692,0,12,12,completed,2
9718,Rigid,795681,795681,795691,0,10,10,completed,2
9719,Rigid,795683,795683,795692,0,9,9,completed,2
9720,Rigid,795686,795686,795696,0,10,10,completed,2
9721,Rigid,795687,795687,968509,0,172822,172822,completed,144
9722,Rigid,795688,795688,795699,0,11,11,completed,2
9723,Rigid,795691,795691,795701,0,10,10,completed,2
9724,Rigid,795694,795695,795705,1,10,11,completed,2
9725,Rigid,795705,795705,795715,0,10,10,completed,2
9726,Rigid,795705,795705,795715,0,10,10,completed,2
9727,Rigid,795705,795705,795715,0,10,10,completed,2
9728,Rigid,795705,795705,795716,0,11,11,completed,2
9729,Rigid,795705,795705,795715,0,10,10,completed,2
9730,Rigid,795705,795705,795715,0,10,10,completed,2
9731,Rigid,795705,795705,795715,0,10,10,completed,2
9732,Rigid,795705,795705,795715,0,10,10,completed,2
9733,Rigid,795705,795705,795715,0,10,10,completed,2
9734,Rigid,795705,795705,795715,0,10,10,completed,2
9735,Rigid,795706,795706,795715,0,9,9,completed,2
9736,Rigid,795706,795706,795715,0,9,9,completed,2
9737,Rigid,795706,795706,795715,0,9,9,completed,2
9738,Rigid,795706,795706,795715,0,9,9,completed,2
9739,Rigid,795706,795706,795715,0,9,9,completed,2
9740,Rigid,795706,795706,795715,0,9,9,completed,2
9741,Rigid,795706,795709,795718,3,9,12,completed,2
9742,Rigid,795706,795709,795719,3,10,13,completed,2
9743,Rigid,795706,795709,795719,3,10,13,completed,2
9744,Rigid,795706,795709,795718,3,9,12,completed,2
9745,Rigid,795707,795709,795719,2,10,12,completed,2
9746,Rigid,795707,795709,795719,2,10,12,completed,2
9747,Rigid,795707,795709,795719,2,10,12,completed,2
9748,Rigid,795707,795709,795718,2,9,11,completed,2
9749,Rigid,795707,795709,795719,2,10,12,completed,2
9750,Rigid,795707,795709,795719,2,10,12,completed,2
9751,Rigid,795707,795709,795718,2,9,11,completed,2
9752,Rigid,795707,795709,795719,2,10,12,completed,2
9753,Rigid,795707,795709,795719,2,10,12,completed,2
9754,Rigid,795707,795709,795719,2,10,12,completed,2
9755,Rigid,795708,795709,795719,1,10,11,completed,2
9756,Rigid,795708,795709,795719,1,10,11,completed,2
9757,Rigid,795708,795709,795719,1,10,11,completed,2
9758,Rigid,795708,795709,795719,1,10,11,completed,2
9759,Rigid,795708,795709,795719,1,10,11,completed,2
9760,Rigid,795708,795709,795719,1,10,11,completed,2
9761,Rigid,795708,795709,795719,1,10,11,completed,2
9762,Rigid,795708,795709,795719,1,10,11,completed,2
9763,Rigid,795708,795709,795719,1,10,11,completed,2
9764,Rigid,795708,795709,795719,1,10,11,completed,2
9765,Rigid,795709,795709,795719,0,10,10,completed,2
9766,Rigid,795709,795709,795719,0,10,10,completed,2
9767,Rigid,795709,795709,795718,0,9,9,completed,2
9768,Rigid,795709,795709,795718,0,9,9,completed,2
9769,Rigid,795709,795709,795719,0,10,10,completed,2
9770,Rigid,795709,795709,795718,0,9,9,completed,2
9771,Rigid,795709,795709,795718,0,9,9,completed,2
9772,Rigid,795709,795709,795718,0,9,9,completed,2
9773,Rigid,795709,795712,795723,3,11,14,completed,2
9774,Rigid,795710,795712,795722,2,10,12,completed,2
9775,Rigid,795710,795712,795722,2,10,12,completed,2
9776,Rigid,795710,795712,795721,2,9,11,completed,2
9777,Rigid,795710,795712,795722,2,10,12,completed,2
9778,Rigid,795710,795712,795722,2,10,12,completed,2
9779,Rigid,795710,795712,795721,2,9,11,completed,2
9780,Rigid,795710,795712,795721,2,9,11,completed,2
9781,Rigid,795710,795712,795721,2,9,11,completed,2
9782,Rigid,795710,795712,795721,2,9,11,completed,2
9783,Rigid,795711,795712,795721,1,9,10,completed,2
9784,Rigid,795711,795712,795721,1,9,10,completed,2
9785,Rigid,795711,795712,795721,1,9,10,completed,2
9786,Rigid,795711,795712,795721,1,9,10,completed,2
9787,Rigid,795711,795712,795721,1,9,10,completed,2
9788,Rigid,795711,795712,795721,1,9,10,completed,2
9789,Rigid,795711,795712,795721,1,9,10,completed,2
9790,Rigid,795711,795712,795721,1,9,10,completed,2
9791,Rigid,795711,795712,795721,1,9,10,completed,2
9792,Rigid,795711,795712,795721,1,9,10,completed,2
9793,Rigid,795711,795712,795721,1,9,10,completed,2
9794,Rigid,795711,795712,795721,1,9,10,completed,2
9795,Rigid,795712,795712,795721,0,9,9,completed,2
9796,Rigid,795712,795713,795721,1,8,9,completed,2
9797,Rigid,795712,795713,795721,1,8,9,completed,2
9798,Rigid,795713,795713,795721,0,8,8,completed,2
9799,Rigid,795713,795713,795721,0,8,8,completed,2
9800,Rigid,795713,795713,795721,0,8,8,completed,2
9801,Rigid,795713,795713,795721,0,8,8,completed,2
9802,Rigid,795713,795713,795721,0,8,8,completed,2
9803,Rigid,795713,795713,795722,0,9,9,completed,2
9804,Rigid,795713,795713,795722,0,9,9,completed,2
9805,Rigid,795713,795713,795722,0,9,9,completed,2
9806,Rigid,795713,795713,795722,0,9,9,completed,2
9807,Rigid,795713,795714,795722,1,8,9,completed,2
9808,Rigid,795714,795714,795722,0,8,8,completed,2
9809,Rigid,795714,795716,795724,2,8,10,completed,2
9810,Rigid,795714,795716,795724,2,8,10,completed,2
9811,Rigid,795714,795716,795724,2,8,10,completed,2
9812,Rigid,795714,795716,795724,2,8,10,completed,2
9813,Rigid,795715,795716,795724,1,8,9,completed,2
9814,Rigid,795715,795716,795724,1,8,9,completed,2
9815,Rigid,795715,795716,795724,1,8,9,completed,2
9816,Rigid,795715,795716,795724,1,8,9,completed,2
9817,Rigid,795715,795716,795724,1,8,9,completed,2
9818,Rigid,795715,795715,795718,0,3,3,completed,4
9819,Rigid,795715,795716,795724,1,8,9,completed,2
9820,Rigid,795716,795716,795724,0,8,8,completed,2
9821,Rigid,795717,795717,795728,0,11,11,completed,2
9822,Rigid,795717,795719,795730,2,11,13,completed,2
9823,Rigid,795717,795719,795729,2,10,12,completed,2
9824,Rigid,795717,795719,795729,2,10,12,completed,2
9825,Rigid,795717,795719,795730,2,11,13,completed,2
9826,Rigid,795718,795719,795729,1,10,11,completed,2
9827,Rigid,795718,795719,795730,1,11,12,completed,2
9828,Rigid,795718,795719,795730,1,11,12,completed,2
9829,Rigid,795718,795719,795731,1,12,13,completed,2
9830,Rigid,795718,795719,795730,1,11,12,completed,2
9831,Rigid,795718,795719,795728,1,9,10,completed,2
9832,Rigid,795718,795719,795729,1,10,11,completed,2
9833,Rigid,795718,795719,795729,1,10,11,completed,2
9834,Rigid,795718,795719,795729,1,10,11,completed,2
9835,Rigid,795718,795719,795730,1,11,12,completed,2
9836,Rigid,795719,795719,795732,0,13,13,completed,2
9837,Rigid,795719,795720,795731,1,11,12,completed,2
9838,Rigid,795719,795720,795731,1,11,12,completed,2
9839,Rigid,795720,795720,795730,0,10,10,completed,2
9840,Rigid,795724,795724,795733,0,9,9,completed,4
9841,Rigid,795724,795725,795737,1,12,13,completed,2
9842,Rigid,795735,795736,795746,1,10,11,completed,2
9843,Rigid,795745,795746,795755,1,9,10,completed,2
9844,Rigid,795746,795746,795755,0,9,9,completed,2
9845,Rigid,795746,795747,795755,1,8,9,completed,2
9846,Rigid,795747,795747,795755,0,8,8,completed,2
9847,Rigid,795747,795747,795755,0,8,8,completed,2
9848,Rigid,795747,795749,795757,2,8,10,completed,2
9849,Rigid,795749,795749,795756,0,7,7,completed,2
9850,Rigid,795749,795749,795756,0,7,7,completed,2
9851,Rigid,795749,795750,795757,1,7,8,completed,2
9852,Rigid,795750,795754,795762,4,8,12,completed,2
9853,Rigid,795751,795754,795762,3,8,11,completed,2
9854,Rigid,795751,795754,795762,3,8,11,completed,2
9855,Rigid,795751,795754,795762,3,8,11,completed,2
9856,Rigid,795751,795754,795762,3,8,11,completed,2
9857,Rigid,795751,795754,795762,3,8,11,completed,2
9858,Rigid,795751,795754,795762,3,8,11,completed,2
9859,Rigid,795751,795754,795762,3,8,11,completed,2
9860,Rigid,795752,795754,795762,2,8,10,completed,2
9861,Rigid,795752,795754,795762,2,8,10,completed,2
9862,Rigid,795752,795754,795762,2,8,10,completed,2
9863,Rigid,795752,795754,795762,2,8,10,completed,2
9864,Rigid,795752,795754,795762,2,8,10,completed,2
9865,Rigid,795753,795754,795762,1,8,9,completed,2
9866,Rigid,795753,795754,795762,1,8,9,completed,2
9867,Rigid,795753,795754,795761,1,7,8,completed,2
9868,Rigid,795753,795754,795761,1,7,8,completed,2
9869,Rigid,795753,795754,795762,1,8,9,completed,2
9870,Rigid,795753,795754,795762,1,8,9,completed,2
9871,Rigid,795753,795754,795762,1,8,9,completed,2
9872,Rigid,795756,795756,795869,0,113,113,completed,36
9873,Rigid,795756,795756,795767,0,11,11,completed,2
9874,Rigid,795756,795756,795768,0,12,12,completed,2
9875,Rigid,795756,795757,795767,1,10,11,completed,2
9876,Rigid,795757,795757,795766,0,9,9,completed,2
9877,Rigid,795757,795757,795768,0,11,11,completed,2
9878,Rigid,795757,795757,795766,0,9,9,completed,2
9879,Rigid,795757,795758,795769,1,11,12,completed,2
9880,Rigid,795757,795758,795768,1,10,11,completed,2
9881,Rigid,795761,795762,795775,1,13,14,completed,2
9882,Rigid,795765,795766,796313,1,547,548,completed,864
9883,Rigid,795786,795786,795823,0,37,37,completed,36
9884,Rigid,795786,795790,795803,4,13,17,completed,2
9885,Rigid,795786,795790,795803,4,13,17,completed,2
9886,Rigid,795786,795790,795803,4,13,17,completed,2
9887,Rigid,795788,795790,795803,2,13,15,completed,2
9888,Rigid,795789,795790,796568,1,778,779,completed,36
9889,Rigid,795812,795813,795825,1,12,13,completed,2
9890,Rigid,795816,795817,795828,1,11,12,completed,2
9891,Rigid,795828,795829,968629,1,172800,172801,completed,144
9892,Rigid,795837,795839,795851,2,12,14,completed,2
9893,Rigid,795844,795845,795856,1,11,12,completed,2
9894,Rigid,795862,795863,795874,1,11,12,completed,2
9895,Rigid,795862,795863,795888,1,25,26,completed,2
9896,Rigid,795867,795868,795925,1,57,58,completed,2
9897,Rigid,795911,795912,795936,1,24,25,completed,2
9898,Rigid,795926,795926,795938,0,12,12,completed,4
9899,Rigid,795936,795936,795976,0,40,40,completed,2
9900,Rigid,795984,795984,796271,0,287,287,completed,36
9901,Rigid,796032,796032,796049,0,17,17,completed,2
9902,Rigid,796056,796057,796069,1,12,13,completed,2
9903,Rigid,796064,796064,796072,0,8,8,completed,4
9904,Rigid,796193,796194,796235,1,41,42,completed,36
9905,Rigid,796240,796240,796281,0,41,41,completed,36
9906,Rigid,796275,796276,796339,1,63,64,completed,36
9907,Rigid,796282,796282,799055,0,2773,2773,completed,144
9908,Rigid,796300,796301,796338,1,37,38,completed,36
9909,Rigid,796341,796342,796370,1,28,29,completed,36
9910,Rigid,796444,796444,796520,0,76,76,completed,36
9911,Rigid,796458,796458,796501,0,43,43,completed,36
9912,Rigid,796470,796470,796472,0,2,2,completed,1
9913,Rigid,796472,796473,796513,1,40,41,completed,36
9914,Rigid,796484,796484,796486,0,2,2,completed,1
9915,Rigid,796539,796539,796548,0,9,9,completed,4
9916,Rigid,796573,796574,796668,1,94,95,completed,1
9917,Rigid,796587,796669,796721,82,52,134,completed,1
9918,Rigid,796596,796597,796634,1,37,38,completed,36
9919,Rigid,796606,796607,796843,1,236,237,completed,36
9920,Rigid,796674,796674,796681,0,7,7,completed,4
9921,Rigid,796701,796701,796739,0,38,38,completed,36
9922,Rigid,796707,796722,796777,15,55,70,completed,1
9923,Rigid,796757,796758,801601,1,4843,4844,completed,36
9924,Rigid,796757,796778,796832,21,54,75,completed,1
9925,Rigid,796813,796833,796888,20,55,75,completed,1
9926,Rigid,796860,796860,796868,0,8,8,completed,4
9927,Rigid,796869,796889,796945,20,56,76,completed,1
9928,Rigid,796905,796946,797004,41,58,99,completed,1
9929,Rigid,796935,796935,797017,0,82,82,completed,36
9930,Rigid,796948,796949,796986,1,37,38,completed,36
9931,Rigid,796964,797005,797064,41,59,100,completed,1
9932,Rigid,796968,796968,796985,0,17,17,completed,4
9933,Rigid,797018,797018,797020,0,2,2,completed,4
9934,Rigid,797134,797135,797215,1,80,81,completed,36
9935,Rigid,797222,797222,819315,0,22093,22093,completed,36
9936,Rigid,797233,797234,797472,1,238,239,completed,36
9937,Rigid,797373,797374,797421,1,47,48,completed,36
9938,Rigid,797396,797399,797471,3,72,75,completed,36
9939,Rigid,797443,797444,797506,1,62,63,completed,1
9940,Rigid,797452,797452,797488,0,36,36,completed,36
9941,Rigid,797486,797486,797635,0,149,149,completed,36
9942,Rigid,797526,797526,797560,0,34,34,completed,36
9943,Rigid,797533,797533,797537,0,4,4,completed,4
9944,Rigid,797558,797558,797596,0,38,38,completed,4
9945,Rigid,797562,797563,797596,1,33,34,completed,36
9946,Rigid,797582,797583,797664,1,81,82,completed,36
9947,Rigid,797621,797621,797648,0,27,27,completed,36
9948,Rigid,797676,797677,797722,1,45,46,completed,36
9949,Rigid,797793,797793,797797,0,4,4,completed,4
9950,Rigid,797818,797819,797854,1,35,36,completed,36
9951,Rigid,797860,797861,797936,1,75,76,completed,36
9952,Rigid,797891,797891,797929,0,38,38,completed,36
9953,Rigid,797916,797930,797968,14,38,52,completed,36
9954,Rigid,797939,797940,798179,1,239,240,completed,36
9955,Rigid,797973,797973,797978,0,5,5,completed,4
9956,Rigid,797981,797981,807544,0,9563,9563,completed,144
9957,Rigid,798068,798068,798107,0,39,39,completed,36
9958,Rigid,798124,798125,798309,1,184,185,completed,36
9959,Rigid,798152,798153,798191,1,38,39,completed,36
9960,Rigid,798157,798192,798231,35,39,74,completed,36
9961,Rigid,798227,798227,798261,0,34,34,completed,36
9962,Rigid,798237,798239,798323,2,84,86,completed,36
9963,Rigid,798244,798245,798284,1,39,40,completed,36
9964,Rigid,798268,798269,798335,1,66,67,completed,36
9965,Rigid,798270,798271,798334,1,63,64,completed,36
9966,Rigid,798316,798316,798355,0,39,39,completed,36
9967,Rigid,798349,798350,798669,1,319,320,completed,2
9968,Rigid,798370,798371,798440,1,69,70,completed,36
9969,Rigid,798376,798376,805592,0,7216,7216,completed,4
9970,Rigid,798386,798387,798425,1,38,39,completed,36
9971,Rigid,798408,798409,798645,1,236,237,completed,36
9972,Rigid,798438,798438,798514,0,76,76,completed,36
9973,Rigid,798455,798456,798524,1,68,69,completed,36
9974,Rigid,798479,798480,798562,1,82,83,completed,36
9975,Rigid,798481,798484,798522,3,38,41,completed,36
9976,Rigid,798501,798501,799098,0,597,597,completed,144
9977,Rigid,798563,798564,798626,1,62,63,completed,36
9978,Rigid,798594,798595,798655,1,60,61,completed,36
9979,Rigid,798620,798621,798659,1,38,39,completed,36
9980,Rigid,798622,798625,798689,3,64,67,completed,36
9981,Rigid,798679,798679,798922,0,243,243,completed,2
9982,Rigid,798708,798708,798946,0,238,238,completed,36
9983,Rigid,798801,798802,799201,1,399,400,completed,2
9984,Rigid,798821,798822,798890,1,68,69,completed,36
9985,Rigid,798885,798885,799374,0,489,489,completed,36
9986,Rigid,798887,798887,799218,0,331,331,completed,2
9987,Rigid,798889,798889,798897,0,8,8,completed,36
9988,Rigid,798905,798905,799393,0,488,488,completed,2
9989,Rigid,798919,798919,799292,0,373,373,completed,2
9990,Rigid,798943,798943,798972,0,29,29,completed,36
9991,Rigid,798950,798951,798988,1,37,38,completed,36
9992,Rigid,799017,799019,799430,2,411,413,completed,2
9993,Rigid,799029,799029,799069,0,40,40,completed,36
9994,Rigid,799043,799043,799126,0,83,83,completed,36
9995,Rigid,799120,799120,799148,0,28,28,completed,36
9996,Rigid,799138,799139,799272,1,133,134,completed,36
9997,Rigid,799144,799273,799334,129,61,190,completed,36
9998,Rigid,799150,799150,799579,0,429,429,completed,2
9999,Rigid,799188,799189,809146,1,9957,9958,completed,144
10000,Rigid,799205,799206,799263,1,57,58,completed,36
10001,Rigid,799210,799210,799523,0,313,313,completed,2
10002,Rigid,799220,799220,799298,0,78,78,completed,36
10003,Rigid,799226,799227,799503,1,276,277,completed,2
10004,Rigid,799303,799303,799625,0,322,322,completed,2
10005,Rigid,799317,799319,799347,2,28,30,completed,36
10006,Rigid,799330,799335,799349,5,14,19,completed,36
10007,Rigid,799396,799397,799783,1,386,387,completed,2
10008,Rigid,799423,799424,799451,1,27,28,completed,36
10009,Rigid,799443,799443,799769,0,326,326,completed,2
10010,Rigid,799444,799447,799650,3,203,206,completed,72
10011,Rigid,799565,799565,799712,0,147,147,completed,36
10012,Rigid,799569,799569,800078,0,509,509,completed,2
10013,Rigid,799585,799585,799931,0,346,346,completed,2
10014,Rigid,799625,799625,799662,0,37,37,completed,36
10015,Rigid,799635,799635,799665,0,30,30,completed,36
10016,Rigid,799672,799673,799727,1,54,55,completed,36
10017,Rigid,799712,799713,799747,1,34,35,completed,36
10018,Rigid,799728,799728,799758,0,30,30,completed,36
10019,Rigid,799730,799733,799767,3,34,37,completed,36
10020,Rigid,799760,799761,800198,1,437,438,completed,2
10021,Rigid,799765,799766,799823,1,57,58,completed,36
10022,Rigid,799769,799770,799822,1,52,53,completed,36
10023,Rigid,799850,799851,799926,1,75,76,completed,36
10024,Rigid,799891,799892,799991,1,99,100,completed,36
10025,Rigid,799892,799892,799921,0,29,29,completed,36
10026,Rigid,799926,799992,800071,66,79,145,completed,36
10027,Rigid,799957,799958,799987,1,29,30,completed,36
10028,Rigid,799966,799967,800629,1,662,663,completed,36
10029,Rigid,799969,799971,800033,2,62,64,completed,36
10030,Rigid,799985,799986,800152,1,166,167,completed,36
10031,Rigid,800059,800060,800087,1,27,28,completed,36
10032,Rigid,800080,800081,800520,1,439,440,completed,2
10033,Rigid,800108,800108,800197,0,89,89,completed,36
10034,Rigid,800186,800186,800695,0,509,509,completed,2
10035,Rigid,800187,800190,800688,3,498,501,completed,2
10036,Rigid,800211,800212,800604,1,392,393,completed,2
10037,Rigid,800273,800274,800336,1,62,63,completed,36
10038,Rigid,800291,800292,800766,1,474,475,completed,2
10039,Rigid,800298,800298,800340,0,42,42,completed,36
10040,Rigid,800307,800308,800309,1,1,2,completed,1
10041,Rigid,800307,800308,800319,1,11,12,completed,1
10042,Rigid,800307,800308,800319,1,11,12,completed,1
10043,Rigid,800317,800318,800322,1,4,5,completed,1
10044,Rigid,800317,800318,800322,1,4,5,completed,1
10045,Rigid,800317,800318,800322,1,4,5,completed,1
10046,Rigid,800317,800318,800322,1,4,5,completed,1
10047,Rigid,800341,800341,800363,0,22,22,completed,36
10048,Rigid,800343,800345,800428,2,83,85,completed,36
10049,Rigid,800348,800349,800356,1,7,8,completed,1
10050,Rigid,800348,800349,800356,1,7,8,completed,1
10051,Rigid,800348,800349,800356,1,7,8,completed,1
10052,Rigid,800348,800349,800356,1,7,8,completed,1
10053,Rigid,800368,800368,800383,0,15,15,completed,1
10054,Rigid,800368,800368,800371,0,3,3,completed,1
10055,Rigid,800368,800368,800370,0,2,2,completed,1
10056,Rigid,800368,800368,800379,0,11,11,completed,1
10057,Rigid,800368,800368,800377,0,9,9,completed,1
10058,Rigid,800423,800424,801057,1,633,634,completed,2
10059,Rigid,800534,800534,800555,0,21,21,completed,36
10060,Rigid,800603,800603,800678,0,75,75,completed,36
10061,Rigid,800677,800677,800711,0,34,34,completed,36
10062,Rigid,800677,800677,800711,0,34,34,completed,36
10063,Rigid,800695,800695,801040,0,345,345,completed,2
10064,Rigid,800696,800696,801348,0,652,652,completed,2
10065,Rigid,800708,800709,801103,1,394,395,completed,2
10066,Rigid,800732,800732,801242,0,510,510,completed,144
10067,Rigid,800773,800774,801171,1,397,398,completed,2
10068,Rigid,800882,800882,800919,0,37,37,completed,36
10069,Rigid,801061,801062,801597,1,535,536,completed,2
10070,Rigid,801115,801115,801759,0,644,644,completed,2
10071,Rigid,801149,801149,801186,0,37,37,completed,36
10072,Rigid,801154,801154,801760,0,606,606,completed,2
10073,Rigid,801231,801232,801266,1,34,35,completed,36
10074,Rigid,801258,801259,801723,1,464,465,completed,144
10075,Rigid,801360,801360,801925,0,565,565,completed,2
10076,Rigid,801360,801360,802064,0,704,704,completed,2
10077,Rigid,801384,801384,802921,0,1537,1537,completed,2
10078,Rigid,801399,801399,801403,0,4,4,completed,36
10079,Rigid,801468,801468,801505,0,37,37,completed,36
10080,Rigid,801509,801509,801513,0,4,4,completed,36
10081,Rigid,801511,801513,801571,2,58,60,completed,36
10082,Rigid,801581,801582,802366,1,784,785,completed,2
10083,Rigid,801590,801590,802267,0,677,677,completed,2
10084,Rigid,801593,801594,801654,1,60,61,completed,36
10085,Rigid,801602,801603,802125,1,522,523,completed,2
10086,Rigid,801682,801683,801746,1,63,64,completed,36
10087,Rigid,801707,801708,801778,1,70,71,completed,36
10088,Rigid,801732,801732,802524,0,792,792,completed,2
10089,Rigid,801766,801766,802295,0,529,529,completed,2
10090,Rigid,801768,801770,802272,2,502,504,completed,2
10091,Rigid,801777,801779,801872,2,93,95,completed,36
10092,Rigid,801840,801841,801912,1,71,72,completed,36
10093,Rigid,801876,801876,802489,0,613,613,completed,2
10094,Rigid,801936,801937,801974,1,37,38,completed,36
10095,Rigid,801939,801941,802680,2,739,741,completed,36
10096,Rigid,801947,801947,802930,0,983,983,completed,2
10097,Rigid,801959,801959,802751,0,792,792,completed,2
10098,Rigid,801983,801983,802939,0,956,956,completed,2
10099,Rigid,801995,801996,802882,1,886,887,completed,2
10100,Rigid,802012,802013,802050,1,37,38,completed,36
10101,Rigid,802021,802022,802027,1,5,6,completed,1
10102,Rigid,802066,802067,802624,1,557,558,completed,2
10103,Rigid,802080,802081,803067,1,986,987,completed,2
10104,Rigid,802096,802097,802120,1,23,24,completed,1
10105,Rigid,802116,802116,802943,0,827,827,completed,2
10106,Rigid,802128,802129,802549,1,420,421,completed,2
10107,Rigid,802220,802220,802473,0,253,253,completed,36
10108,Rigid,802264,802265,802326,1,61,62,completed,36
10109,Rigid,802275,802276,802804,1,528,529,completed,2
10110,Rigid,802276,802280,803081,4,801,805,completed,2
10111,Rigid,802372,802375,802951,3,576,579,completed,2
10112,Rigid,802463,802464,818861,1,16397,16398,completed,360
10113,Rigid,802480,802481,803326,1,845,846,completed,2
10114,Rigid,802482,802485,802551,3,66,69,completed,36
10115,Rigid,802493,802494,802976,1,482,483,completed,2
10116,Rigid,802529,802530,803128,1,598,599,completed,2
10117,Rigid,802548,802548,802622,0,74,74,completed,36
10118,Rigid,802577,802578,802598,1,20,21,completed,36
10119,Rigid,802614,802615,802645,1,30,31,completed,36
10120,Rigid,802656,802656,802727,0,71,71,completed,36
10121,Rigid,802728,802728,802746,0,18,18,completed,36
10122,Rigid,802757,802758,803402,1,644,645,completed,2
10123,Rigid,802831,802831,802890,0,59,59,completed,36
10124,Rigid,802859,802859,803424,0,565,565,completed,36
10125,Rigid,802889,802889,803583,0,694,694,completed,2
10126,Rigid,802891,802892,802895,1,3,4,completed,36
10127,Rigid,802925,802926,804050,1,1124,1125,completed,2
10128,Rigid,802937,802938,803663,1,725,726,completed,2
10129,Rigid,802949,802950,803585,1,635,636,completed,2
10130,Rigid,802949,802950,803640,1,690,691,completed,2
10131,Rigid,802976,802978,882717,2,79739,79741,completed,36
10132,Rigid,802996,802997,803991,1,994,995,completed,2
10133,Rigid,803072,803073,803832,1,759,760,completed,2
10134,Rigid,803084,803084,803685,0,601,601,completed,2
10135,Rigid,803106,803107,803166,1,59,60,completed,36
10136,Rigid,803159,803160,803167,1,7,8,completed,36
10137,Rigid,803184,803185,804255,1,1070,1071,completed,2
10138,Rigid,803233,803234,803293,1,59,60,completed,36
10139,Rigid,803283,803284,804033,1,749,750,completed,2
10140,Rigid,803285,803288,803295,3,7,10,completed,36
10141,Rigid,803337,803339,804008,2,669,671,completed,2
10142,Rigid,803470,803470,803761,0,291,291,completed,36
10143,Rigid,803474,803474,803510,0,36,36,completed,36
10144,Rigid,803507,803507,803712,0,205,205,completed,36
10145,Rigid,803538,803538,803601,0,63,63,completed,36
10146,Rigid,803547,803547,804513,0,966,966,completed,2
10147,Rigid,803559,803559,803562,0,3,3,completed,1
10148,Rigid,803564,803564,816405,0,12841,12841,completed,1
10149,Rigid,803570,803570,804541,0,971,971,completed,2
10150,Rigid,803583,803602,803666,19,64,83,completed,36
10151,Rigid,803634,803635,803804,1,169,170,completed,1
10152,Rigid,803685,803686,803758,1,72,73,completed,36
10153,Rigid,803768,803769,804729,1,960,961,completed,2
10154,Rigid,803852,803852,804283,0,431,431,completed,864
10155,Rigid,803913,803913,803977,0,64,64,completed,36
10156,Rigid,803926,803926,804348,0,422,422,completed,36
10157,Rigid,803957,803958,804034,1,76,77,completed,36
10158,Rigid,804000,804001,804766,1,765,766,completed,2
10159,Rigid,804018,804018,804035,0,17,17,completed,144
10160,Rigid,804042,804043,804645,1,602,603,completed,2
10161,Rigid,804063,804064,804598,1,534,535,completed,144
10162,Rigid,804105,804106,804502,1,396,397,completed,36
10163,Rigid,804256,804256,804319,0,63,63,completed,36
10164,Rigid,804263,804263,805074,0,811,811,completed,2
10165,Rigid,804273,804274,805399,1,1125,1126,completed,2
10166,Rigid,804371,804372,805609,1,1237,1238,completed,36
10167,Rigid,804378,804378,805609,0,1231,1231,completed,36
10168,Rigid,804383,804383,805609,0,1226,1226,completed,36
10169,Rigid,804406,804406,804421,0,15,15,completed,144
10170,Rigid,804443,804443,804507,0,64,64,completed,36
10171,Rigid,804462,804462,804589,0,127,127,completed,144
10172,Rigid,804515,804515,805289,0,774,774,completed,2
10173,Rigid,804545,804546,805392,1,846,847,completed,2
10174,Rigid,804625,804625,809227,0,4602,4602,completed,144
10175,Rigid,804648,804648,808730,0,4082,4082,completed,144
10176,Rigid,804738,804738,805435,0,697,697,completed,2
10177,Rigid,804843,804844,809185,1,4341,4342,completed,144
10178,Rigid,804848,804848,804930,0,82,82,completed,36
10179,Rigid,805046,805046,805109,0,63,63,completed,36
10180,Rigid,805055,805056,805117,1,61,62,completed,36
10181,Rigid,805108,805109,806328,1,1219,1220,completed,2
10182,Rigid,805134,805135,805194,1,59,60,completed,36
10183,Rigid,805157,805158,805161,1,3,4,completed,36
10184,Rigid,805243,805243,805284,0,41,41,completed,36
10185,Rigid,805409,805409,806193,0,784,784,completed,2
10186,Rigid,805419,805419,805478,0,59,59,completed,36
10187,Rigid,805425,805426,805671,1,245,246,completed,36
10188,Rigid,805428,805430,805467,2,37,39,completed,36
10189,Rigid,805481,805481,805551,0,70,70,completed,36
10190,Rigid,805532,805532,805595,0,63,63,completed,36
10191,Rigid,805594,805595,805675,1,80,81,completed,36
10192,Rigid,805611,805612,805684,1,72,73,completed,36
10193,Rigid,805644,805645,805703,1,58,59,completed,36
10194,Rigid,805702,805703,805743,1,40,41,completed,36
10195,Rigid,805714,805714,805786,0,72,72,completed,36
10196,Rigid,805777,805778,805841,1,63,64,completed,36
10197,Rigid,805835,805836,805875,1,39,40,completed,36
10198,Rigid,805865,805866,805934,1,68,69,completed,36
10199,Rigid,805938,805938,805975,0,37,37,completed,36
10200,Rigid,805986,805986,806058,0,72,72,completed,36
10201,Rigid,806013,806013,806096,0,83,83,completed,36
10202,Rigid,806051,806052,806117,1,65,66,completed,36
10203,Rigid,806103,806104,806136,1,32,33,completed,36
10204,Rigid,806174,806175,806187,1,12,13,completed,36
10205,Rigid,806181,806182,806211,1,29,30,completed,36
10206,Rigid,806220,806221,806232,1,11,12,completed,36
10207,Rigid,806252,806253,806262,1,9,10,completed,36
10208,Rigid,806291,806291,806302,0,11,11,completed,36
10209,Rigid,806316,806317,806323,1,6,7,completed,1
10210,Rigid,806320,806321,806332,1,11,12,completed,36
10211,Rigid,806330,806331,807258,1,927,928,completed,2
10212,Rigid,806333,806334,806344,1,10,11,completed,36
10213,Rigid,806342,806343,807117,1,774,775,completed,36
10214,Rigid,806379,806380,806449,1,69,70,completed,36
10215,Rigid,806433,806434,806504,1,70,71,completed,36
10216,Rigid,806481,806482,806488,1,6,7,completed,1
10217,Rigid,806608,806608,806614,0,6,6,completed,1
10218,Rigid,806629,806629,806878,0,249,249,completed,36
10219,Rigid,806644,806644,806714,0,70,70,completed,36
10220,Rigid,806665,806665,806678,0,13,13,completed,36
10221,Rigid,806681,806681,806708,0,27,27,completed,36
10222,Rigid,806687,806687,806758,0,71,71,completed,36
10223,Rigid,806887,806887,815189,0,8302,8302,completed,144
10224,Rigid,806918,806918,806948,0,30,30,completed,36
10225,Rigid,807061,807061,807131,0,70,70,completed,36
10226,Rigid,807103,807104,807131,1,27,28,completed,36
10227,Rigid,807249,807249,807327,0,78,78,completed,36
10228,Rigid,807265,807266,807300,1,34,35,completed,2
10229,Rigid,807275,807275,807301,0,26,26,completed,36
10230,Rigid,807302,807302,807311,0,9,9,completed,2
10231,Rigid,807510,807511,807573,1,62,63,completed,36
10232,Rigid,807558,807558,808006,0,448,448,completed,36
10233,Rigid,807603,807603,807669,0,66,66,completed,36
10234,Rigid,807763,807764,807826,1,62,63,completed,36
10235,Rigid,807785,807786,807843,1,57,58,completed,36
10236,Rigid,807800,807800,833514,0,25714,25714,completed,144
10237,Rigid,807894,807895,807977,1,82,83,completed,36
10238,Rigid,807895,808009,808536,114,527,641,completed,36
10239,Rigid,807957,807959,808021,2,62,64,completed,36
10240,Rigid,807976,807976,808032,0,56,56,completed,36
10241,Rigid,808221,808222,808296,1,74,75,completed,36
10242,Rigid,808258,808259,808322,1,63,64,completed,36
10243,Rigid,808392,808393,808756,1,363,364,completed,36
10244,Rigid,808526,808526,808594,0,68,68,completed,36
10245,Rigid,808535,808535,808573,0,38,38,completed,36
10246,Rigid,808615,808615,808685,0,70,70,completed,36
10247,Rigid,808650,808650,808720,0,70,70,completed,36
10248,Rigid,808795,808795,808864,0,69,69,completed,36
10249,Rigid,808796,808799,809508,3,709,712,completed,36
10250,Rigid,808832,808832,808890,0,58,58,completed,36
10251,Rigid,808858,808859,808886,1,27,28,completed,36
10252,Rigid,808868,808869,810896,1,2027,2028,completed,36
10253,Rigid,808961,808962,809033,1,71,72,completed,36
10254,Rigid,808972,808973,809143,1,170,171,completed,36
10255,Rigid,809135,809146,809380,11,234,245,completed,36
10256,Rigid,809182,809182,809239,0,57,57,completed,36
10257,Rigid,809195,809195,809257,0,62,62,completed,36
10258,Rigid,809297,809297,809350,0,53,53,completed,36
10259,Rigid,809374,809383,809526,9,143,152,completed,36
10260,Rigid,809379,809379,809432,0,53,53,completed,36
10261,Rigid,809383,809383,809463,0,80,80,completed,36
10262,Rigid,809394,809394,809617,0,223,223,completed,36
10263,Rigid,809496,809497,809534,1,37,38,completed,36
10264,Rigid,809521,809529,809730,8,201,209,completed,36
10265,Rigid,809530,809538,809577,8,39,47,completed,36
10266,Rigid,809579,809580,809594,1,14,15,completed,36
10267,Rigid,809579,809580,810231,1,651,652,completed,36
10268,Rigid,809601,809602,809627,1,25,26,completed,36
10269,Rigid,809614,809615,809649,1,34,35,completed,36
10270,Rigid,809721,809734,809899,13,165,178,completed,36
10271,Rigid,809750,809750,809787,0,37,37,completed,36
10272,Rigid,809824,809825,809895,1,70,71,completed,36
10273,Rigid,809892,809902,810180,10,278,288,completed,36
10274,Rigid,809904,809905,809973,1,68,69,completed,36
10275,Rigid,809973,809975,810044,2,69,71,completed,36
10276,Rigid,810079,810080,810284,1,204,205,completed,36
10277,Rigid,810095,810095,810124,0,29,29,completed,36
10278,Rigid,810173,810182,810257,9,75,84,completed,36
10279,Rigid,810182,810182,810252,0,70,70,completed,36
10280,Rigid,810265,810265,810342,0,77,77,completed,36
10281,Rigid,810366,810366,810577,0,211,211,completed,36
10282,Rigid,810425,810426,814980,1,4554,4555,completed,288
10283,Rigid,810567,810580,810920,13,340,353,completed,36
10284,Rigid,810576,810576,810648,0,72,72,completed,36
10285,Rigid,810615,810616,810880,1,264,265,completed,36
10286,Rigid,810865,810866,810942,1,76,77,completed,36
10287,Rigid,810913,810923,811064,10,141,151,completed,36
10288,Rigid,810959,810960,811901,1,941,942,completed,36
10289,Rigid,810991,810991,811044,0,53,53,completed,36
10290,Rigid,811066,811067,811511,1,444,445,completed,36
10291,Rigid,811077,811079,811716,2,637,639,completed,36
10292,Rigid,811101,811101,811179,0,78,78,completed,36
10293,Rigid,811267,811267,811340,0,73,73,completed,36
10294,Rigid,811437,811439,811515,2,76,78,completed,36
10295,Rigid,811442,811443,811519,1,76,77,completed,36
10296,Rigid,811459,811459,811468,0,9,9,completed,36
10297,Rigid,811565,811565,811985,0,420,420,completed,36
10298,Rigid,811690,811690,811713,0,23,23,completed,36
10299,Rigid,811792,811793,811823,1,30,31,completed,36
10300,Rigid,811816,811816,811840,0,24,24,completed,36
10301,Rigid,811849,811849,811879,0,30,30,completed,36
10302,Rigid,811895,811895,811923,0,28,28,completed,36
10303,Rigid,811897,811899,811983,2,84,86,completed,36
10304,Rigid,811966,811966,811993,0,27,27,completed,36
10305,Rigid,812082,812082,812132,0,50,50,completed,36
10306,Rigid,812086,812087,812163,1,76,77,completed,36
10307,Rigid,812149,812149,812162,0,13,13,completed,36
10308,Rigid,812167,812167,812200,0,33,33,completed,36
10309,Rigid,812172,812172,812190,0,18,18,completed,36
10310,Rigid,812183,812184,812239,1,55,56,completed,36
10311,Rigid,812228,812229,812290,1,61,62,completed,36
10312,Rigid,812291,812292,812321,1,29,30,completed,36
10313,Rigid,812333,812334,812373,1,39,40,completed,36
10314,Rigid,812348,812349,812366,1,17,18,completed,36
10315,Rigid,812381,812381,812439,0,58,58,completed,36
10316,Rigid,812394,812394,812463,0,69,69,completed,36
10317,Rigid,812453,812454,812510,1,56,57,completed,36
10318,Rigid,812500,812500,812532,0,32,32,completed,36
10319,Rigid,812501,812502,812580,1,78,79,completed,36
10320,Rigid,812532,812533,812751,1,218,219,completed,36
10321,Rigid,812745,812746,812815,1,69,70,completed,36
10322,Rigid,812773,812774,812846,1,72,73,completed,36
10323,Rigid,812852,812852,812864,0,12,12,completed,36
10324,Rigid,812908,812908,813270,0,362,362,completed,36
10325,Rigid,812913,812913,812992,0,79,79,completed,36
10326,Rigid,813091,813091,813166,0,75,75,completed,36
10327,Rigid,813151,813152,813158,1,6,7,completed,1
10328,Rigid,813206,813206,813225,0,19,19,completed,1
10329,Rigid,813260,813260,813278,0,18,18,completed,1
10330,Rigid,813287,813288,813307,1,19,20,completed,36
10331,Rigid,813345,813345,813713,0,368,368,completed,36
10332,Rigid,813357,813359,813399,2,40,42,completed,36
10333,Rigid,813411,813411,813450,0,39,39,completed,36
10334,Rigid,813502,813503,813611,1,108,109,completed,1
10335,Rigid,813634,813634,813659,0,25,25,completed,36
10336,Rigid,813690,813691,813715,1,24,25,completed,36
10337,Rigid,813735,813736,813816,1,80,81,completed,36
10338,Rigid,813815,813816,813835,1,19,20,completed,36
10339,Rigid,813981,813982,814056,1,74,75,completed,36
10340,Rigid,814006,814006,814721,0,715,715,completed,36
10341,Rigid,814068,814069,814090,1,21,22,completed,36
10342,Rigid,814173,814174,814212,1,38,39,completed,36
10343,Rigid,814237,814238,814257,1,19,20,completed,36
10344,Rigid,814453,814454,814534,1,80,81,completed,36
10345,Rigid,814487,814488,814512,1,24,25,completed,36
10346,Rigid,814704,814704,814772,0,68,68,completed,36
10347,Rigid,814843,814844,814909,1,65,66,completed,36
10348,Rigid,814966,814966,814972,0,6,6,completed,1
10349,Rigid,815061,815061,815067,0,6,6,completed,1
10350,Rigid,815078,815079,815134,1,55,56,completed,36
10351,Rigid,815196,815196,815202,0,6,6,completed,1
10352,Rigid,815264,815264,815301,0,37,37,completed,36
10353,Rigid,815271,815272,815278,1,6,7,completed,1
10354,Rigid,815329,815329,815340,0,11,11,completed,36
10355,Rigid,815357,815358,815374,1,16,17,completed,36
10356,Rigid,815510,815510,815569,0,59,59,completed,36
10357,Rigid,815528,815529,815534,1,5,6,completed,1
10358,Rigid,815563,815564,815636,1,72,73,completed,36
10359,Rigid,815574,815574,815908,0,334,334,completed,288
10360,Rigid,815632,815633,815638,1,5,6,completed,1
10361,Rigid,815715,815715,815720,0,5,5,completed,1
10362,Rigid,815742,815743,815988,1,245,246,completed,36
10363,Rigid,815749,815749,815800,0,51,51,completed,36
10364,Rigid,815841,815841,815865,0,24,24,completed,36
10365,Rigid,815891,815891,815936,0,45,45,completed,36
10366,Rigid,815896,815896,815945,0,49,49,completed,36
10367,Rigid,815914,815915,815994,1,79,80,completed,36
10368,Rigid,815946,815947,816400,1,453,454,completed,288
10369,Rigid,815960,815961,815967,1,6,7,completed,1
10370,Rigid,815977,815977,816028,0,51,51,completed,36
10371,Rigid,816002,816002,816047,0,45,45,completed,36
10372,Rigid,816065,816065,816102,0,37,37,completed,1
10373,Rigid,816173,816173,816269,0,96,96,completed,1
10374,Rigid,816220,816221,816269,1,48,49,completed,36
10375,Rigid,816255,816256,816290,1,34,35,completed,36
10376,Rigid,816294,816294,816344,0,50,50,completed,36
10377,Rigid,816366,816366,816418,0,52,52,completed,36
10378,Rigid,816540,816541,816591,1,50,51,completed,36
10379,Rigid,816642,816643,816663,1,20,21,completed,36
10380,Rigid,816680,816681,816742,1,61,62,completed,36
10381,Rigid,816746,816746,816820,0,74,74,completed,36
10382,Rigid,816769,816769,816816,0,47,47,completed,36
10383,Rigid,816827,816827,816874,0,47,47,completed,36
10384,Rigid,817001,817001,817045,0,44,44,completed,36
10385,Rigid,817105,817105,817151,0,46,46,completed,36
10386,Rigid,817195,817196,817241,1,45,46,completed,36
10387,Rigid,817201,817202,817259,1,57,58,completed,36
10388,Rigid,817206,817207,817434,1,227,228,completed,36
10389,Rigid,817267,817268,817341,1,73,74,completed,36
10390,Rigid,817314,817314,817362,0,48,48,completed,36
10391,Rigid,817467,817468,817514,1,46,47,completed,36
10392,Rigid,817552,817552,817582,0,30,30,completed,36
10393,Rigid,817584,817584,817632,0,48,48,completed,36
10394,Rigid,817594,817594,817629,0,35,35,completed,36
10395,Rigid,817745,817746,817792,1,46,47,completed,36
10396,Rigid,817769,817769,817811,0,42,42,completed,36
10397,Rigid,817833,817833,817891,0,58,58,completed,36
10398,Rigid,817843,817843,818065,0,222,222,completed,36
10399,Rigid,817860,817861,817934,1,73,74,completed,36
10400,Rigid,818122,818122,818180,0,58,58,completed,36
10401,Rigid,818181,818181,818231,0,50,50,completed,36
10402,Rigid,818226,818233,818278,7,45,52,completed,36
10403,Rigid,818494,818494,818540,0,46,46,completed,36
10404,Rigid,818559,818560,818603,1,43,44,completed,36
10405,Rigid,818602,818602,821182,0,2580,2580,completed,288
10406,Rigid,818677,818677,818681,0,4,4,completed,36
10407,Rigid,818690,818690,818735,0,45,45,completed,36
10408,Rigid,818714,818714,821175,0,2461,2461,completed,288
10409,Rigid,818779,818780,818800,1,20,21,completed,36
10410,Rigid,818812,818812,818857,0,45,45,completed,36
10411,Rigid,818843,818844,818885,1,41,42,completed,36
10412,Rigid,818921,818921,818966,0,45,45,completed,36
10413,Rigid,819220,819221,819260,1,39,40,completed,36
10414,Rigid,819282,819283,819288,1,5,6,completed,36
10415,Rigid,819296,819296,819342,0,46,46,completed,36
10416,Rigid,819422,819422,819507,0,85,85,completed,36
10417,Rigid,819525,819526,819565,1,39,40,completed,36
10418,Rigid,819563,819563,819963,0,400,400,completed,36
10419,Rigid,819585,819585,819656,0,71,71,completed,36
10420,Rigid,819755,819755,819790,0,35,35,completed,36
10421,Rigid,819850,819850,819888,0,38,38,completed,36
10422,Rigid,819858,819858,820043,0,185,185,completed,36
10423,Rigid,819901,819902,819976,1,74,75,completed,36
10424,Rigid,819950,819951,819984,1,33,34,completed,36
10425,Rigid,819996,819997,820032,1,35,36,completed,36
10426,Rigid,820053,820053,820088,0,35,35,completed,36
10427,Rigid,820105,820106,820125,1,19,20,completed,36
10428,Rigid,820148,820148,820228,0,80,80,completed,36
10429,Rigid,820335,820336,820367,1,31,32,completed,36
10430,Rigid,820355,820355,820424,0,69,69,completed,36
10431,Rigid,820452,820452,820552,0,100,100,completed,36
10432,Rigid,820478,820479,820834,1,355,356,completed,36
10433,Rigid,820498,820500,820537,2,37,39,completed,36
10434,Rigid,820540,820540,820572,0,32,32,completed,36
10435,Rigid,820640,820641,820645,1,4,5,completed,36
10436,Rigid,820683,820684,820720,1,36,37,completed,36
10437,Rigid,820818,820819,820855,1,36,37,completed,36
10438,Rigid,820865,820866,820919,1,53,54,completed,36
10439,Rigid,820892,820892,821691,0,799,799,completed,36
10440,Rigid,820926,820926,820936,0,10,10,completed,36
10441,Rigid,820946,820946,820996,0,50,50,completed,36
10442,Rigid,821020,821021,821056,1,35,36,completed,36
10443,Rigid,821082,821083,821118,1,35,36,completed,36
10444,Rigid,821190,821190,821450,0,260,260,completed,36
10445,Rigid,821212,821213,824824,1,3611,3612,completed,288
10446,Rigid,821238,821238,824854,0,3616,3616,completed,288
10447,Rigid,821875,821876,821901,1,25,26,completed,36
10448,Rigid,821962,821962,821967,0,5,5,completed,36
10449,Rigid,822027,822027,822127,0,100,100,completed,36
10450,Rigid,822155,822156,822443,1,287,288,completed,36
10451,Rigid,822864,822864,822887,0,23,23,completed,36
10452,Rigid,822892,822892,822912,0,20,20,completed,36
10453,Rigid,823296,823296,823341,0,45,45,completed,36
10454,Rigid,823340,823343,823389,3,46,49,completed,36
10455,Rigid,823443,823444,823465,1,21,22,completed,36
10456,Rigid,824119,824120,824140,1,20,21,completed,36
10457,Rigid,825571,825572,825617,1,45,46,completed,36
10458,Rigid,825807,825808,825827,1,19,20,completed,36
10459,Rigid,826196,826196,861916,0,35720,35720,completed,288
10460,Rigid,826230,826230,855136,0,28906,28906,completed,288
10461,Rigid,826265,826265,856565,0,30300,30300,completed,288
10462,Rigid,826332,826332,858405,0,32073,32073,completed,288
10463,Rigid,826412,826412,832078,0,5666,5666,completed,18
10464,Rigid,826412,826412,832051,0,5639,5639,completed,18
10465,Rigid,826439,826440,861657,1,35217,35218,completed,288
10466,Rigid,826490,826490,854214,0,27724,27724,completed,288
10467,Rigid,826685,826686,826740,1,54,55,completed,36
10468,Rigid,827077,827078,827128,1,50,51,completed,36
10469,Rigid,827164,827164,827196,0,32,32,completed,36
10470,Rigid,827271,827271,827303,0,32,32,completed,36
10471,Rigid,827769,827770,827802,1,32,33,completed,36
10472,Rigid,828078,828078,828133,0,55,55,completed,36
10473,Rigid,828365,828365,828563,0,198,198,completed,36
10474,Rigid,828379,828380,828556,1,176,177,completed,36
10475,Rigid,829001,829001,829056,0,55,55,completed,288
10476,Rigid,829026,829026,829209,0,183,183,completed,36
10477,Rigid,829174,829175,829206,1,31,32,completed,288
10478,Rigid,829246,829247,829458,1,211,212,completed,36
10479,Rigid,829673,829673,829706,0,33,33,completed,36
10480,Rigid,829851,829851,829885,0,34,34,completed,36
10481,Rigid,829872,829873,829899,1,26,27,completed,36
10482,Rigid,829907,829907,829939,0,32,32,completed,36
10483,Rigid,829953,829954,829976,1,22,23,completed,36
10484,Rigid,830012,830013,830035,1,22,23,completed,36
10485,Rigid,830046,830047,830067,1,20,21,completed,36
10486,Rigid,830062,830063,830095,1,32,33,completed,36
10487,Rigid,830137,830138,830170,1,32,33,completed,36
10488,Rigid,830266,830266,830297,0,31,31,completed,36
10489,Rigid,830307,830308,830328,1,20,21,completed,36
10490,Rigid,830418,830418,830450,0,32,32,completed,36
10491,Rigid,830673,830674,830881,1,207,208,completed,36
10492,Rigid,830736,830736,852110,0,21374,21374,completed,144
10493,Rigid,830833,830834,834455,1,3621,3622,completed,288
10494,Rigid,830843,830844,831545,1,701,702,completed,36
10495,Rigid,831304,831305,831312,1,7,8,completed,36
10496,Rigid,831315,831315,831348,0,33,33,completed,36
10497,Rigid,831417,831419,831450,2,31,33,completed,36
10498,Rigid,831580,831580,831624,0,44,44,completed,36
10499,Rigid,831581,831584,831828,3,244,247,completed,36
10500,Rigid,831733,831734,831767,1,33,34,completed,36
10501,Rigid,831909,831909,831936,0,27,27,completed,36
10502,Rigid,831934,831939,831958,5,19,24,completed,36
10503,Rigid,832107,832108,832116,1,8,9,completed,1
10504,Rigid,832107,832108,832131,1,23,24,completed,1
10505,Rigid,832108,832108,832110,0,2,2,completed,1
10506,Rigid,832108,832108,832117,0,9,9,completed,1
10507,Rigid,832108,832109,832110,1,1,2,completed,1
10508,Rigid,832160,832161,842454,1,10293,10294,completed,36
10509,Rigid,832166,832167,842547,1,10380,10381,completed,36
10510,Rigid,832173,832174,842378,1,10204,10205,completed,36
10511,Rigid,832205,832205,832359,0,154,154,completed,1
10512,Rigid,832205,832209,832383,4,174,178,completed,1
10513,Rigid,832205,832209,832397,4,188,192,completed,1
10514,Rigid,832205,832209,832344,4,135,139,completed,1
10515,Rigid,832205,832209,832360,4,151,155,completed,1
10516,Rigid,832206,832209,832215,3,6,9,completed,1
10517,Rigid,832206,832209,832281,3,72,75,completed,1
10518,Rigid,832206,832209,832366,3,157,160,completed,1
10519,Rigid,832206,832209,832273,3,64,67,completed,1
10520,Rigid,832206,832209,832218,3,9,12,completed,1
10521,Rigid,832207,832209,832288,2,79,81,completed,1
10522,Rigid,832207,832209,832382,2,173,175,completed,1
10523,Rigid,832207,832209,832269,2,60,62,completed,1
10524,Rigid,832208,832209,832330,1,121,122,completed,1
10525,Rigid,832208,832209,832279,1,70,71,completed,1
10526,Rigid,832208,832209,832244,1,35,36,completed,1
10527,Rigid,832208,832209,832316,1,107,108,completed,1
10528,Rigid,832209,832213,832293,4,80,84,completed,1
10529,Rigid,832209,832213,832244,4,31,35,completed,1
10530,Rigid,832209,832213,832250,4,37,41,completed,1
10531,Rigid,832209,832213,832359,4,146,150,completed,1
10532,Rigid,832209,832213,832248,4,35,39,completed,1
10533,Rigid,832210,832213,832379,3,166,169,completed,1
10534,Rigid,832210,832213,832224,3,11,14,completed,1
10535,Rigid,832210,832213,832241,3,28,31,completed,1
10536,Rigid,832210,832213,832251,3,38,41,completed,1
10537,Rigid,832210,832213,832339,3,126,129,completed,1
10538,Rigid,832211,832213,832260,2,47,49,completed,1
10539,Rigid,832211,832213,832233,2,20,22,completed,1
10540,Rigid,832211,832213,832239,2,26,28,completed,1
10541,Rigid,832212,832213,832380,1,167,168,completed,1
10542,Rigid,832212,832213,832299,1,86,87,completed,1
10543,Rigid,832212,832213,832370,1,157,158,completed,1
10544,Rigid,832213,832217,832363,4,146,150,completed,1
10545,Rigid,832213,832217,832373,4,156,160,completed,1
10546,Rigid,832213,832217,832262,4,45,49,completed,1
10547,Rigid,832213,832217,832246,4,29,33,completed,1
10548,Rigid,832213,832217,832229,4,12,16,completed,1
10549,Rigid,832214,832217,832277,3,60,63,completed,1
10550,Rigid,832214,832217,832310,3,93,96,completed,1
10551,Rigid,832214,832217,832267,3,50,53,completed,1
10552,Rigid,832215,832217,832239,2,22,24,completed,1
10553,Rigid,832215,832217,832273,2,56,58,completed,1
10554,Rigid,832215,832217,832263,2,46,48,completed,1
10555,Rigid,832215,832217,832303,2,86,88,completed,1
10556,Rigid,832215,832217,832302,2,85,87,completed,1
10557,Rigid,832215,832217,832237,2,20,22,completed,1
10558,Rigid,832215,832217,832295,2,78,80,completed,1
10559,Rigid,832216,832217,833039,1,822,823,completed,2
10560,Rigid,832216,832217,833737,1,1520,1521,completed,2
10561,Rigid,832216,832217,832955,1,738,739,completed,2
10562,Rigid,832216,832217,835244,1,3027,3028,completed,1
10563,Rigid,832217,832217,833860,0,1643,1643,completed,2
10564,Rigid,832217,832217,832237,0,20,20,completed,1
10565,Rigid,832217,832220,832895,3,675,678,completed,2
10566,Rigid,832217,832220,835516,3,3296,3299,completed,1
10567,Rigid,832217,832220,834158,3,1938,1941,completed,2
10568,Rigid,832217,832220,833843,3,1623,1626,completed,2
10569,Rigid,832217,832220,833248,3,1028,1031,completed,2
10570,Rigid,832217,832220,835786,3,3566,3569,completed,1
10571,Rigid,832218,832220,833771,2,1551,1553,completed,2
10572,Rigid,832218,832220,835474,2,3254,3256,completed,1
10573,Rigid,832218,832220,832955,2,735,737,completed,2
10574,Rigid,832218,832220,833809,2,1589,1591,completed,2
10575,Rigid,832218,832220,832238,2,18,20,completed,1
10576,Rigid,832218,832220,833975,2,1755,1757,completed,2
10577,Rigid,832218,832220,832861,2,641,643,completed,2
10578,Rigid,832218,832220,833755,2,1535,1537,completed,2
10579,Rigid,832219,832220,833802,1,1582,1583,completed,2
10580,Rigid,832219,832220,832225,1,5,6,completed,1
10581,Rigid,832219,832220,835474,1,3254,3255,completed,1
10582,Rigid,832219,832220,833859,1,1639,1640,completed,2
10583,Rigid,832219,832220,833871,1,1651,1652,completed,2
10584,Rigid,832219,832220,835901,1,3681,3682,completed,1
10585,Rigid,832219,832220,833733,1,1513,1514,completed,2
10586,Rigid,832220,832220,833719,0,1499,1499,completed,2
10587,Rigid,832220,832221,836107,1,3886,3887,completed,1
10588,Rigid,832220,832221,834083,1,1862,1863,completed,2
10589,Rigid,832220,832221,835693,1,3472,3473,completed,1
10590,Rigid,832221,832221,832851,0,630,630,completed,2
10591,Rigid,832221,832221,832225,0,4,4,completed,1
10592,Rigid,832221,832221,832948,0,727,727,completed,2
10593,Rigid,832221,832225,835342,4,3117,3121,completed,1
10594,Rigid,832221,832225,833786,4,1561,1565,completed,2
10595,Rigid,832221,832225,833737,4,1512,1516,completed,2
10596,Rigid,832221,832225,832872,4,647,651,completed,2
10597,Rigid,832221,832225,832944,4,719,723,completed,2
10598,Rigid,832222,832225,833755,3,1530,1533,completed,2
10599,Rigid,832222,832225,835517,3,3292,3295,completed,1
10600,Rigid,832222,832225,833856,3,1631,1634,completed,2
10601,Rigid,832222,832225,833971,3,1746,1749,completed,2
10602,Rigid,832222,832225,833249,3,1024,1027,completed,2
10603,Rigid,832222,832225,834000,3,1775,1778,completed,2
10604,Rigid,832222,832225,833956,3,1731,1734,completed,2
10605,Rigid,832222,832225,833844,3,1619,1622,completed,2
10606,Rigid,832223,832225,832881,2,656,658,completed,2
10607,Rigid,832223,832225,833788,2,1563,1565,completed,2
10608,Rigid,832223,832225,833003,2,778,780,completed,2
10609,Rigid,832223,832225,832841,2,616,618,completed,2
10610,Rigid,832224,832225,835311,1,3086,3087,completed,1
10611,Rigid,832231,832231,833753,0,1522,1522,completed,2
10612,Rigid,832232,832234,835335,2,3101,3103,completed,1
10613,Rigid,832233,832234,833754,1,1520,1521,completed,2
10614,Rigid,832234,832234,834251,0,2017,2017,completed,1
10615,Rigid,832234,832235,832687,1,452,453,completed,2
10616,Rigid,832235,832238,832678,3,440,443,completed,2
10617,Rigid,832237,832238,834327,1,2089,2090,completed,1
10618,Rigid,832249,832250,833762,1,1512,1513,completed,2
10619,Rigid,832250,832251,832620,1,369,370,completed,2
10620,Rigid,832251,832252,832649,1,397,398,completed,2
10621,Rigid,832253,832254,832660,1,406,407,completed,2
10622,Rigid,832254,832254,832625,0,371,371,completed,2
10623,Rigid,832254,832254,832622,0,368,368,completed,2
10624,Rigid,832254,832256,832534,2,278,280,completed,2
10625,Rigid,832254,832256,832573,2,317,319,completed,2
10626,Rigid,832255,832256,832536,1,280,281,completed,2
10627,Rigid,832255,832256,832547,1,291,292,completed,2
10628,Rigid,832255,832256,832538,1,282,283,completed,2
10629,Rigid,832256,832256,832533,0,277,277,completed,2
10630,Rigid,832271,832271,832606,0,335,335,completed,2
10631,Rigid,832272,832274,832445,2,171,173,completed,2
10632,Rigid,832274,832274,833460,0,1186,1186,completed,2
10633,Rigid,832274,832274,833010,0,736,736,completed,1
10634,Rigid,832275,832275,833039,0,764,764,completed,1
10635,Rigid,832276,832278,833460,2,1182,1184,completed,2
10636,Rigid,832292,832292,832464,0,172,172,completed,2
10637,Rigid,832294,832294,832464,0,170,170,completed,2
10638,Rigid,832294,832294,833497,0,1203,1203,completed,2
10639,Rigid,832295,832296,833046,1,750,751,completed,1
10640,Rigid,832295,832296,833034,1,738,739,completed,1
10641,Rigid,832296,832296,833479,0,1183,1183,completed,2
10642,Rigid,832313,832313,832476,0,163,163,completed,2
10643,Rigid,832313,832313,832977,0,664,664,completed,1
10644,Rigid,832313,832313,833494,0,1181,1181,completed,2
10645,Rigid,832315,832316,832459,1,143,144,completed,2
10646,Rigid,832316,832316,832456,0,140,140,completed,2
10647,Rigid,832335,832335,833538,0,1203,1203,completed,2
10648,Rigid,832335,832335,832978,0,643,643,completed,1
10649,Rigid,832355,832355,832500,0,145,145,completed,2
10650,Rigid,832355,832355,832960,0,605,605,completed,1
10651,Rigid,832375,832375,833540,0,1165,1165,completed,2
10652,Rigid,832375,832375,832510,0,135,135,completed,2
10653,Rigid,832375,832376,833571,1,1195,1196,completed,2
10654,Rigid,832376,832376,832978,0,602,602,completed,1
10655,Rigid,832376,832376,833545,0,1169,1169,completed,2
10656,Rigid,832376,832376,832964,0,588,588,completed,1
10657,Rigid,832377,832379,832502,2,123,125,completed,2
10658,Rigid,832395,832395,832977,0,582,582,completed,1
10659,Rigid,832396,832398,833568,2,1170,1172,completed,2
10660,Rigid,832397,832398,832522,1,124,125,completed,2
10661,Rigid,832397,832398,832526,1,128,129,completed,2
10662,Rigid,832416,832416,833587,0,1171,1171,completed,2
10663,Rigid,832452,832453,833033,1,580,581,completed,1
10664,Rigid,832472,832473,833039,1,566,567,completed,1
10665,Rigid,832473,832473,833643,0,1170,1170,completed,2
10666,Rigid,832473,832477,832602,4,125,129,completed,2
10667,Rigid,832501,832501,832535,0,34,34,completed,36
10668,Rigid,832535,832536,832545,1,9,10,completed,36
10669,Rigid,832581,832581,832617,0,36,36,completed,36
10670,Rigid,832652,832653,832686,1,33,34,completed,36
10671,Rigid,832727,832727,832758,0,31,31,completed,36
10672,Rigid,832739,832740,832988,1,248,249,completed,36
10673,Rigid,832774,832775,910686,1,77911,77912,completed,288
10674,Rigid,832786,832787,832822,1,35,36,completed,36
10675,Rigid,832829,832829,971300,0,138471,138471,completed,288
10676,Rigid,832858,832860,832897,2,37,39,completed,36
10677,Rigid,832899,832899,832913,0,14,14,completed,36
10678,Rigid,832933,832933,832958,0,25,25,completed,4
10679,Rigid,833073,833074,833153,1,79,80,completed,36
10680,Rigid,833225,833225,833233,0,8,8,completed,4
10681,Rigid,833684,833684,980532,0,146848,146848,completed,360
10682,Rigid,833707,833707,833992,0,285,285,completed,1
10683,Rigid,833768,833768,834543,0,775,775,completed,36
10684,Rigid,833851,833994,833996,143,2,145,completed,1
10685,Rigid,833897,833898,834343,1,445,446,completed,36
10686,Rigid,833915,833915,833933,0,18,18,completed,2
10687,Rigid,833915,833919,833933,4,14,18,completed,2
10688,Rigid,834324,834324,834792,0,468,468,completed,1
10689,Rigid,834348,834794,835262,446,468,914,completed,1
10690,Rigid,834875,834875,834885,0,10,10,completed,36
10691,Rigid,834962,834963,834984,1,21,22,completed,36
10692,Rigid,835012,835013,835229,1,216,217,completed,36
10693,Rigid,835016,835016,835249,0,233,233,completed,36
10694,Rigid,835019,835020,835239,1,219,220,completed,36
10695,Rigid,835023,835024,835249,1,225,226,completed,36
10696,Rigid,835024,835028,835244,4,216,220,completed,36
10697,Rigid,835025,835028,835255,3,227,230,completed,36
10698,Rigid,835026,835028,835244,2,216,218,completed,36
10699,Rigid,835026,835028,835244,2,216,218,completed,36
10700,Rigid,835027,835028,835246,1,218,219,completed,36
10701,Rigid,835027,835028,835244,1,216,217,completed,36
10702,Rigid,835027,835028,835039,1,11,12,completed,36
10703,Rigid,835028,835029,835250,1,221,222,completed,36
10704,Rigid,835028,835029,835252,1,223,224,completed,36
10705,Rigid,835029,835029,835252,0,223,223,completed,36
10706,Rigid,835030,835032,835251,2,219,221,completed,36
10707,Rigid,835030,835032,835249,2,217,219,completed,36
10708,Rigid,835031,835032,835253,1,221,222,completed,36
10709,Rigid,835206,835206,835270,0,64,64,completed,36
10710,Rigid,835365,835366,836004,1,638,639,completed,36
10711,Rigid,835366,835366,836003,0,637,637,completed,36
10712,Rigid,835366,835370,836007,4,637,641,completed,36
10713,Rigid,835367,835370,836008,3,638,641,completed,36
10714,Rigid,835367,835370,836010,3,640,643,completed,36
10715,Rigid,835367,835370,836017,3,647,650,completed,36
10716,Rigid,835368,835370,836007,2,637,639,completed,36
10717,Rigid,835368,835370,836007,2,637,639,completed,36
10718,Rigid,835369,835370,836006,1,636,637,completed,36
10719,Rigid,835369,835370,836005,1,635,636,completed,36
10720,Rigid,835370,835370,836011,0,641,641,completed,36
10721,Rigid,835370,835374,836011,4,637,641,completed,36
10722,Rigid,835371,835374,836019,3,645,648,completed,36
10723,Rigid,835372,835374,836016,2,642,644,completed,36
10724,Rigid,835372,835374,836019,2,645,647,completed,36
10725,Rigid,835373,835374,836014,1,640,641,completed,36
10726,Rigid,835424,835425,835677,1,252,253,completed,36
10727,Rigid,835624,835624,835689,0,65,65,completed,36
10728,Rigid,835658,835658,835671,0,13,13,completed,2
10729,Rigid,835658,835662,835671,4,9,13,completed,2
10730,Rigid,835756,835757,835779,1,22,23,completed,36
10731,Rigid,835937,835938,835959,1,21,22,completed,36
10732,Rigid,836101,836101,836146,0,45,45,completed,36
10733,Rigid,836130,836130,838171,0,2041,2041,completed,1
10734,Rigid,836130,836132,838319,2,2187,2189,completed,1
10735,Rigid,836130,836132,838256,2,2124,2126,completed,1
10736,Rigid,836130,836132,838314,2,2182,2184,completed,1
10737,Rigid,836196,836196,836241,0,45,45,completed,36
10738,Rigid,836245,836245,836289,0,44,44,completed,36
10739,Rigid,836260,836261,836524,1,263,264,completed,36
10740,Rigid,836356,836357,836400,1,43,44,completed,36
10741,Rigid,836406,836406,836985,0,579,579,completed,36
10742,Rigid,836646,836646,836669,0,23,23,completed,36
10743,Rigid,836650,836651,836694,1,43,44,completed,36
10744,Rigid,836735,836736,836780,1,44,45,completed,36
10745,Rigid,836814,836815,836859,1,44,45,completed,36
10746,Rigid,836911,836912,836956,1,44,45,completed,36
10747,Rigid,836970,836970,837012,0,42,42,completed,36
10748,Rigid,837002,837002,837048,0,46,46,completed,72
10749,Rigid,837090,837090,837132,0,42,42,completed,36
10750,Rigid,837525,837525,837535,0,10,10,completed,36
10751,Rigid,837744,837744,837747,0,3,3,completed,36
10752,Rigid,838420,838421,838578,1,157,158,completed,36
10753,Rigid,838422,838425,838583,3,158,161,completed,36
10754,Rigid,838425,838425,839900,0,1475,1475,completed,36
10755,Rigid,838744,838745,838756,1,11,12,completed,36
10756,Rigid,838875,838876,838880,1,4,5,completed,36
10757,Rigid,839021,839021,839026,0,5,5,completed,36
10758,Rigid,839090,839091,839095,1,4,5,completed,36
10759,Rigid,839278,839280,839322,2,42,44,completed,1
10760,Rigid,839337,839340,854177,3,14837,14840,completed,9
10761,Rigid,839337,839340,857304,3,17964,17967,completed,9
10762,Rigid,839371,839372,839381,1,9,10,completed,36
10763,Rigid,839521,839521,839531,0,10,10,completed,36
10764,Rigid,839529,839529,840068,0,539,539,completed,36
10765,Rigid,839756,839756,839763,0,7,7,completed,36
10766,Rigid,839838,839838,839845,0,7,7,completed,36
10767,Rigid,840136,840137,840466,1,329,330,completed,1
10768,Rigid,840136,840137,841105,1,968,969,completed,6
10769,Rigid,840269,840270,840810,1,540,541,completed,36
10770,Rigid,840587,840588,840791,1,203,204,completed,72
10771,Rigid,840687,840688,840695,1,7,8,completed,36
10772,Rigid,840901,840901,840908,0,7,7,completed,36
10773,Rigid,841054,841054,841077,0,23,23,completed,2
10774,Rigid,841054,841055,841077,1,22,23,completed,2
10775,Rigid,841095,841095,841621,0,526,526,completed,36
10776,Rigid,841266,841267,841311,1,44,45,completed,36
10777,Rigid,841483,841483,842351,0,868,868,completed,8
10778,Rigid,841483,841483,843220,0,1737,1737,completed,16
10779,Rigid,841483,841483,843242,0,1759,1759,completed,6
10780,Rigid,841483,841483,842865,0,1382,1382,completed,1
10781,Rigid,841598,841599,846530,1,4931,4932,completed,144
10782,Rigid,841706,841706,847004,0,5298,5298,completed,144
10783,Rigid,841956,841957,841967,1,10,11,completed,36
10784,Rigid,841979,841980,842013,1,33,34,completed,72
10785,Rigid,842000,842001,842032,1,31,32,completed,72
10786,Rigid,842008,842009,842017,1,8,9,completed,36
10787,Rigid,842061,842062,842068,1,6,7,completed,36
10788,Rigid,842360,842361,842454,1,93,94,completed,1
10789,Rigid,842361,842361,842380,0,19,19,completed,1
10790,Rigid,842377,842377,842402,0,25,25,completed,36
10791,Rigid,842381,842381,845893,0,3512,3512,completed,6
10792,Rigid,842382,842382,844671,0,2289,2289,completed,6
10793,Rigid,842382,842382,844671,0,2289,2289,completed,6
10794,Rigid,842382,842382,847364,0,4982,4982,completed,6
10795,Rigid,842382,842382,844662,0,2280,2280,completed,6
10796,Rigid,842382,842382,845562,0,3180,3180,completed,6
10797,Rigid,842382,842382,844662,0,2280,2280,completed,6
10798,Rigid,842382,842382,844662,0,2280,2280,completed,6
10799,Rigid,842382,842382,844662,0,2280,2280,completed,6
10800,Rigid,842382,842382,845562,0,3180,3180,completed,6
10801,Rigid,842382,842382,844669,0,2287,2287,completed,6
10802,Rigid,842382,842382,845562,0,3180,3180,completed,6
10803,Rigid,842382,842386,844669,4,2283,2287,completed,6
10804,Rigid,842382,842386,844670,4,2284,2288,completed,6
10805,Rigid,842383,842386,844669,3,2283,2286,completed,6
10806,Rigid,842383,842386,844669,3,2283,2286,completed,6
10807,Rigid,842383,842386,844666,3,2280,2283,completed,6
10808,Rigid,842383,842386,844666,3,2280,2283,completed,6
10809,Rigid,842383,842386,844666,3,2280,2283,completed,6
10810,Rigid,842383,842386,845571,3,3185,3188,completed,6
10811,Rigid,842383,842386,844666,3,2280,2283,completed,6
10812,Rigid,842383,842386,844666,3,2280,2283,completed,6
10813,Rigid,842383,842386,844664,3,2278,2281,completed,6
10814,Rigid,842383,842386,844664,3,2278,2281,completed,6
10815,Rigid,842383,842386,845562,3,3176,3179,completed,6
10816,Rigid,842383,842386,844664,3,2278,2281,completed,6
10817,Rigid,842383,842386,845562,3,3176,3179,completed,6
10818,Rigid,842383,842386,844664,3,2278,2281,completed,6
10819,Rigid,842384,842386,844664,2,2278,2280,completed,6
10820,Rigid,842384,842386,844662,2,2276,2278,completed,6
10821,Rigid,842384,842386,844662,2,2276,2278,completed,6
10822,Rigid,842384,842386,844662,2,2276,2278,completed,6
10823,Rigid,842384,842386,845566,2,3180,3182,completed,6
10824,Rigid,842384,842386,845566,2,3180,3182,completed,6
10825,Rigid,842384,842386,844667,2,2281,2283,completed,6
10826,Rigid,842384,842386,844667,2,2281,2283,completed,6
10827,Rigid,842384,842386,844667,2,2281,2283,completed,6
10828,Rigid,842384,842386,845573,2,3187,3189,completed,6
10829,Rigid,842384,842386,845573,2,3187,3189,completed,6
10830,Rigid,842384,842386,844667,2,2281,2283,completed,6
10831,Rigid,842384,842386,844663,2,2277,2279,completed,6
10832,Rigid,842384,842386,844662,2,2276,2278,completed,6
10833,Rigid,842384,842386,845562,2,3176,3178,completed,6
10834,Rigid,842384,842386,846376,2,3990,3992,completed,6
10835,Rigid,842385,842386,844662,1,2276,2277,completed,6
10836,Rigid,842385,842386,844662,1,2276,2277,completed,6
10837,Rigid,842385,842386,844663,1,2277,2278,completed,6
10838,Rigid,842385,842386,844663,1,2277,2278,completed,6
10839,Rigid,842385,842386,844662,1,2276,2277,completed,6
10840,Rigid,842385,842386,851842,1,9456,9457,completed,6
10841,Rigid,842386,842386,845562,0,3176,3176,completed,6
10842,Rigid,842386,842386,844662,0,2276,2276,completed,6
10843,Rigid,842386,842386,844673,0,2287,2287,completed,6
10844,Rigid,842386,842386,844673,0,2287,2287,completed,6
10845,Rigid,842386,842386,844673,0,2287,2287,completed,6
10846,Rigid,842386,842390,845585,4,3195,3199,completed,6
10847,Rigid,842387,842390,844673,3,2283,2286,completed,6
10848,Rigid,842387,842390,844673,3,2283,2286,completed,6
10849,Rigid,842387,842390,844663,3,2273,2276,completed,6
10850,Rigid,842387,842390,846376,3,3986,3989,completed,6
10851,Rigid,842387,842390,844663,3,2273,2276,completed,6
10852,Rigid,842387,842390,846376,3,3986,3989,completed,6
10853,Rigid,842387,842390,845562,3,3172,3175,completed,6
10854,Rigid,842387,842390,844663,3,2273,2276,completed,6
10855,Rigid,842387,842390,844668,3,2278,2281,completed,6
10856,Rigid,842387,842390,844668,3,2278,2281,completed,6
10857,Rigid,842388,842390,844668,2,2278,2280,completed,6
10858,Rigid,842388,842390,844668,2,2278,2280,completed,6
10859,Rigid,842388,842390,845573,2,3183,3185,completed,6
10860,Rigid,842388,842390,844669,2,2279,2281,completed,6
10861,Rigid,842388,842390,844667,2,2277,2279,completed,6
10862,Rigid,842388,842390,844667,2,2277,2279,completed,6
10863,Rigid,842388,842390,844667,2,2277,2279,completed,6
10864,Rigid,842388,842390,845570,2,3180,3182,completed,6
10865,Rigid,842388,842390,845570,2,3180,3182,completed,6
10866,Rigid,842388,842390,844669,2,2279,2281,completed,6
10867,Rigid,842388,842390,844663,2,2273,2275,completed,6
10868,Rigid,842388,842390,845562,2,3172,3174,completed,6
10869,Rigid,842388,842390,845562,2,3172,3174,completed,6
10870,Rigid,842388,842390,844663,2,2273,2275,completed,6
10871,Rigid,842389,842390,844661,1,2271,2272,completed,6
10872,Rigid,842389,842390,846376,1,3986,3987,completed,6
10873,Rigid,842389,842390,844672,1,2282,2283,completed,6
10874,Rigid,842389,842390,844673,1,2283,2284,completed,6
10875,Rigid,842389,842390,844672,1,2282,2283,completed,6
10876,Rigid,842389,842390,845586,1,3196,3197,completed,6
10877,Rigid,842389,842390,844672,1,2282,2283,completed,6
10878,Rigid,842389,842390,844673,1,2283,2284,completed,6
10879,Rigid,842389,842390,844672,1,2282,2283,completed,6
10880,Rigid,842389,842390,844672,1,2282,2283,completed,6
10881,Rigid,842389,842390,845577,1,3187,3188,completed,6
10882,Rigid,842389,842390,844674,1,2284,2285,completed,6
10883,Rigid,842389,842390,844672,1,2282,2283,completed,6
10884,Rigid,842389,842390,844679,1,2289,2290,completed,6
10885,Rigid,842389,842390,845893,1,3503,3504,completed,6
10886,Rigid,842390,842390,844664,0,2274,2274,completed,6
10887,Rigid,842390,842390,846376,0,3986,3986,completed,6
10888,Rigid,842390,842391,845562,1,3171,3172,completed,6
10889,Rigid,842390,842391,845562,1,3171,3172,completed,6
10890,Rigid,842390,842391,844677,1,2286,2287,completed,6
10891,Rigid,842479,842479,842488,0,9,9,completed,16
10892,Rigid,842489,842489,842495,0,6,6,completed,16
10893,Rigid,842496,842496,842501,0,5,5,completed,16
10894,Rigid,842502,842502,842506,0,4,4,completed,16
10895,Rigid,842507,842507,842511,0,4,4,completed,16
10896,Rigid,842512,842512,842516,0,4,4,completed,16
10897,Rigid,842517,842517,842522,0,5,5,completed,16
10898,Rigid,842519,842520,842526,1,6,7,completed,36
10899,Rigid,842522,842522,842530,0,8,8,completed,16
10900,Rigid,842531,842531,842536,0,5,5,completed,16
10901,Rigid,842537,842537,842542,0,5,5,completed,16
10902,Rigid,842543,842543,842549,0,6,6,completed,16
10903,Rigid,842550,842550,842555,0,5,5,completed,16
10904,Rigid,842556,842556,842560,0,4,4,completed,16
10905,Rigid,842561,842561,842565,0,4,4,completed,16
10906,Rigid,842566,842566,842571,0,5,5,completed,16
10907,Rigid,842569,842569,842582,0,13,13,completed,36
10908,Rigid,842571,842571,842576,0,5,5,completed,16
10909,Rigid,842708,842708,842874,0,166,166,completed,36
10910,Rigid,842713,842713,842874,0,161,161,completed,36
10911,Rigid,842716,842717,842879,1,162,163,completed,36
10912,Rigid,842721,842721,842886,0,165,165,completed,36
10913,Rigid,842723,842725,842887,2,162,164,completed,36
10914,Rigid,842723,842725,842891,2,166,168,completed,36
10915,Rigid,842724,842725,842892,1,167,168,completed,36
10916,Rigid,842724,842725,842887,1,162,163,completed,36
10917,Rigid,842725,842725,842887,0,162,162,completed,36
10918,Rigid,842725,842725,842894,0,169,169,completed,36
10919,Rigid,842726,842729,842890,3,161,164,completed,36
10920,Rigid,842726,842729,842893,3,164,167,completed,36
10921,Rigid,842727,842729,842897,2,168,170,completed,36
10922,Rigid,842728,842729,842892,1,163,164,completed,36
10923,Rigid,842728,842729,842895,1,166,167,completed,36
10924,Rigid,842729,842729,842893,0,164,164,completed,36
10925,Rigid,842774,842775,842797,1,22,23,completed,36
10926,Rigid,842823,842823,848312,0,5489,5489,completed,144
10927,Rigid,842881,842881,842898,0,17,17,completed,2
10928,Rigid,842881,842881,842898,0,17,17,completed,2
10929,Rigid,843130,843130,843150,0,20,20,completed,16
10930,Rigid,843151,843151,843165,0,14,14,completed,16
10931,Rigid,843166,843166,843178,0,12,12,completed,16
10932,Rigid,843179,843179,843190,0,11,11,completed,16
10933,Rigid,843235,843236,843314,1,78,79,completed,1
10934,Rigid,843236,843236,844140,0,904,904,completed,1
10935,Rigid,843258,843258,843267,0,9,9,completed,16
10936,Rigid,843267,843267,843275,0,8,8,completed,16
10937,Rigid,843275,843275,843283,0,8,8,completed,16
10938,Rigid,843283,843283,843291,0,8,8,completed,16
10939,Rigid,843292,843292,843301,0,9,9,completed,16
10940,Rigid,843302,843302,843310,0,8,8,completed,16
10941,Rigid,843310,843310,843319,0,9,9,completed,16
10942,Rigid,843319,843319,843328,0,9,9,completed,16
10943,Rigid,843329,843329,843337,0,8,8,completed,16
10944,Rigid,843337,843337,843346,0,9,9,completed,16
10945,Rigid,843346,843346,843355,0,9,9,completed,16
10946,Rigid,843356,843356,843365,0,9,9,completed,16
10947,Rigid,843366,843366,843374,0,8,8,completed,16
10948,Rigid,843375,843375,843384,0,9,9,completed,16
10949,Rigid,843385,843385,843397,0,12,12,completed,16
10950,Rigid,843397,843397,843411,0,14,14,completed,16
10951,Rigid,843480,843480,844316,0,836,836,completed,36
10952,Rigid,843493,843493,844964,0,1471,1471,completed,36
10953,Rigid,843685,843685,843694,0,9,9,completed,16
10954,Rigid,843695,843695,843706,0,11,11,completed,16
10955,Rigid,843707,843707,843715,0,8,8,completed,16
10956,Rigid,843716,843716,843724,0,8,8,completed,16
10957,Rigid,843725,843725,843733,0,8,8,completed,16
10958,Rigid,843734,843734,843742,0,8,8,completed,16
10959,Rigid,843743,843743,843751,0,8,8,completed,16
10960,Rigid,843752,843752,843760,0,8,8,completed,16
10961,Rigid,843761,843761,843770,0,9,9,completed,16
10962,Rigid,843771,843771,843780,0,9,9,completed,16
10963,Rigid,843781,843781,843789,0,8,8,completed,16
10964,Rigid,843790,843790,843799,0,9,9,completed,16
10965,Rigid,843800,843800,843809,0,9,9,completed,16
10966,Rigid,843810,843810,843819,0,9,9,completed,16
10967,Rigid,843820,843820,843834,0,14,14,completed,16
10968,Rigid,843835,843835,843848,0,13,13,completed,16
10969,Rigid,843910,843911,843936,1,25,26,completed,36
10970,Rigid,844171,844172,852100,1,7928,7929,completed,144
10971,Rigid,844429,844429,988460,0,144031,144031,completed,1
10972,Rigid,844490,844491,952288,1,107797,107798,completed,1
10973,Rigid,844552,844552,844564,0,12,12,completed,16
10974,Rigid,844565,844565,844569,0,4,4,completed,16
10975,Rigid,844571,844571,844576,0,5,5,completed,16
10976,Rigid,844576,844576,844581,0,5,5,completed,16
10977,Rigid,844582,844582,844587,0,5,5,completed,16
10978,Rigid,844588,844588,844593,0,5,5,completed,16
10979,Rigid,844593,844593,844598,0,5,5,completed,16
10980,Rigid,844599,844599,844604,0,5,5,completed,16
10981,Rigid,844605,844605,844610,0,5,5,completed,16
10982,Rigid,844610,844610,844616,0,6,6,completed,16
10983,Rigid,844616,844616,844621,0,5,5,completed,16
10984,Rigid,844622,844622,844628,0,6,6,completed,16
10985,Rigid,844628,844628,844633,0,5,5,completed,16
10986,Rigid,844633,844633,844639,0,6,6,completed,16
10987,Rigid,844640,844640,844646,0,6,6,completed,16
10988,Rigid,844646,844646,844652,0,6,6,completed,16
10989,Rigid,844877,844877,844900,0,23,23,completed,36
10990,Rigid,844984,844985,845045,1,60,61,completed,36
10991,Rigid,845119,845120,845202,1,82,83,completed,2
10992,Rigid,845120,845120,845199,0,79,79,completed,2
10993,Rigid,845127,845127,845188,0,61,61,completed,36
10994,Rigid,845197,845197,845258,0,61,61,completed,36
10995,Rigid,845199,845200,845383,1,183,184,completed,2
10996,Rigid,845210,845210,845398,0,188,188,completed,2
10997,Rigid,845218,845220,845385,2,165,167,completed,144
10998,Rigid,845219,845220,845388,1,168,169,completed,36
10999,Rigid,845259,845260,845277,1,17,18,completed,1
11000,Rigid,845259,845260,845277,1,17,18,completed,1
11001,Rigid,845400,845400,845566,0,166,166,completed,144
11002,Rigid,845804,845804,846483,0,679,679,completed,36
11003,Rigid,845865,845865,845885,0,20,20,completed,1
11004,Rigid,845947,845948,845956,1,8,9,completed,1
11005,Rigid,845991,845992,846000,1,8,9,completed,1
11006,Rigid,846102,846102,846107,0,5,5,completed,16
11007,Rigid,846108,846108,846112,0,4,4,completed,16
11008,Rigid,846112,846113,846118,1,5,6,completed,16
11009,Rigid,846118,846118,846122,0,4,4,completed,16
11010,Rigid,846123,846123,846128,0,5,5,completed,16
11011,Rigid,846123,846124,847586,1,1462,1463,completed,36
11012,Rigid,846129,846129,846133,0,4,4,completed,16
11013,Rigid,846133,846133,846139,0,6,6,completed,16
11014,Rigid,846140,846140,846144,0,4,4,completed,16
11015,Rigid,846144,846144,846149,0,5,5,completed,16
11016,Rigid,846147,846147,846171,0,24,24,completed,36
11017,Rigid,846150,846150,846154,0,4,4,completed,16
11018,Rigid,846155,846155,846161,0,6,6,completed,16
11019,Rigid,846162,846162,846166,0,4,4,completed,16
11020,Rigid,846167,846167,846173,0,6,6,completed,16
11021,Rigid,846173,846173,846178,0,5,5,completed,16
11022,Rigid,846178,846178,846185,0,7,7,completed,16
11023,Rigid,846185,846185,846190,0,5,5,completed,16
11024,Rigid,846191,846191,846197,0,6,6,completed,16
11025,Rigid,846283,846283,846287,0,4,4,completed,16
11026,Rigid,846288,846288,846293,0,5,5,completed,16
11027,Rigid,846293,846293,846299,0,6,6,completed,16
11028,Rigid,846300,846300,846304,0,4,4,completed,16
11029,Rigid,846305,846305,846310,0,5,5,completed,16
11030,Rigid,846310,846311,846316,1,5,6,completed,16
11031,Rigid,846316,846316,846321,0,5,5,completed,16
11032,Rigid,846322,846322,846326,0,4,4,completed,16
11033,Rigid,846327,846327,846332,0,5,5,completed,16
11034,Rigid,846333,846333,846337,0,4,4,completed,16
11035,Rigid,846337,846337,846343,0,6,6,completed,16
11036,Rigid,846344,846344,846348,0,4,4,completed,16
11037,Rigid,846349,846349,846355,0,6,6,completed,16
11038,Rigid,846356,846356,846360,0,4,4,completed,16
11039,Rigid,846361,846361,846367,0,6,6,completed,16
11040,Rigid,846367,846367,846372,0,5,5,completed,16
11041,Rigid,846372,846372,846379,0,7,7,completed,16
11042,Rigid,846380,846380,846384,0,4,4,completed,16
11043,Rigid,846384,846384,846393,0,9,9,completed,16
11044,Rigid,846393,846393,846397,0,4,4,completed,16
11045,Rigid,846398,846398,846406,0,8,8,completed,16
11046,Rigid,846407,846407,846411,0,4,4,completed,16
11047,Rigid,846412,846412,846420,0,8,8,completed,16
11048,Rigid,846421,846421,846425,0,4,4,completed,16
11049,Rigid,846422,846422,857055,0,10633,10633,completed,144
11050,Rigid,846425,846425,846436,0,11,11,completed,16
11051,Rigid,846436,846436,846442,0,6,6,completed,16
11052,Rigid,846442,846442,846453,0,11,11,completed,16
11053,Rigid,846454,846454,846459,0,5,5,completed,16
11054,Rigid,846459,846459,846471,0,12,12,completed,16
11055,Rigid,846471,846471,846476,0,5,5,completed,16
11056,Rigid,846477,846477,846489,0,12,12,completed,16
11057,Rigid,846489,846490,846500,1,10,11,completed,16
11058,Rigid,846501,846501,846515,0,14,14,completed,16
11059,Rigid,846516,846516,846520,0,4,4,completed,16
11060,Rigid,846521,846521,846534,0,13,13,completed,16
11061,Rigid,846529,846530,846557,1,27,28,completed,36
11062,Rigid,846534,846534,846540,0,6,6,completed,16
11063,Rigid,846698,846698,1192303,0,345605,345605,completed,1
11064,Rigid,846702,951503,1085341,104801,133838,238639,completed,1152
11065,Rigid,846728,846728,881861,0,35133,35133,completed,1
11066,Rigid,846795,846795,854677,0,7882,7882,completed,1
11067,Rigid,847558,847560,847728,2,168,170,completed,36
11068,Rigid,847565,847565,847726,0,161,161,completed,36
11069,Rigid,847568,847569,847730,1,161,162,completed,36
11070,Rigid,847571,847572,847734,1,162,163,completed,36
11071,Rigid,847574,847577,847737,3,160,163,completed,36
11072,Rigid,847575,847577,847738,2,161,163,completed,36
11073,Rigid,847575,847577,847740,2,163,165,completed,36
11074,Rigid,847576,847577,847748,1,171,172,completed,36
11075,Rigid,847576,847577,847739,1,162,163,completed,36
11076,Rigid,847577,847577,847743,0,166,166,completed,36
11077,Rigid,847577,847581,847743,4,162,166,completed,36
11078,Rigid,847578,847581,847750,3,169,172,completed,36
11079,Rigid,847578,847581,847743,3,162,165,completed,36
11080,Rigid,847579,847581,847743,2,162,164,completed,36
11081,Rigid,847579,847581,847743,2,162,164,completed,36
11082,Rigid,847580,847581,847746,1,165,166,completed,36
11083,Rigid,847652,847652,847712,0,60,60,completed,36
11084,Rigid,847758,847759,847762,1,3,4,completed,72
11085,Rigid,847771,847772,847779,1,7,8,completed,1
11086,Rigid,847799,847800,847860,1,60,61,completed,36
11087,Rigid,847845,847845,848051,0,206,206,completed,72
11088,Rigid,847979,847980,848040,1,60,61,completed,36
11089,Rigid,847995,847995,848262,0,267,267,completed,36
11090,Rigid,848054,848055,848184,1,129,130,completed,36
11091,Rigid,848183,848184,848347,1,163,164,completed,36
11092,Rigid,848189,848189,848356,0,167,167,completed,36
11093,Rigid,848193,848193,848362,0,169,169,completed,36
11094,Rigid,848196,848197,848358,1,161,162,completed,36
11095,Rigid,848198,848201,848361,3,160,163,completed,36
11096,Rigid,848199,848201,848364,2,163,165,completed,36
11097,Rigid,848199,848201,848370,2,169,171,completed,36
11098,Rigid,848199,848201,848364,2,163,165,completed,36
11099,Rigid,848200,848201,848371,1,170,171,completed,36
11100,Rigid,848200,848201,848363,1,162,163,completed,36
11101,Rigid,848201,848201,848364,0,163,163,completed,36
11102,Rigid,848201,848205,848374,4,169,173,completed,36
11103,Rigid,848202,848205,848372,3,167,170,completed,36
11104,Rigid,848203,848205,848368,2,163,165,completed,36
11105,Rigid,848204,848205,848369,1,164,165,completed,36
11106,Rigid,848205,848205,848368,0,163,163,completed,36
11107,Rigid,848359,848359,848381,0,22,22,completed,36
11108,Rigid,848379,848379,848639,0,260,260,completed,36
11109,Rigid,848395,848396,1194024,1,345628,345629,completed,1
11110,Rigid,848672,848672,848736,0,64,64,completed,36
11111,Rigid,848678,848678,935081,0,86403,86403,completed,144
11112,Rigid,848707,848708,848731,1,23,24,completed,36
11113,Rigid,848729,848729,848782,0,53,53,completed,36
11114,Rigid,848795,848795,848859,0,64,64,completed,36
11115,Rigid,848810,848810,848932,0,122,122,completed,36
11116,Rigid,848834,848834,848994,0,160,160,completed,36
11117,Rigid,848836,848861,848924,25,63,88,completed,36
11118,Rigid,848881,848882,849005,1,123,124,completed,36
11119,Rigid,848886,848887,848897,1,10,11,completed,36
11120,Rigid,848906,848907,849417,1,510,511,completed,36
11121,Rigid,848972,848972,849035,0,63,63,completed,36
11122,Rigid,848978,848978,849790,0,812,812,completed,36
11123,Rigid,849094,849095,849162,1,67,68,completed,36
11124,Rigid,849294,849294,849358,0,64,64,completed,36
11125,Rigid,849428,849428,850054,0,626,626,completed,36
11126,Rigid,849428,849432,850057,4,625,629,completed,36
11127,Rigid,849428,849432,850055,4,623,627,completed,36
11128,Rigid,849429,849432,850057,3,625,628,completed,36
11129,Rigid,849429,849432,850057,3,625,628,completed,36
11130,Rigid,849430,849432,850057,2,625,627,completed,36
11131,Rigid,849430,849432,850056,2,624,626,completed,36
11132,Rigid,849430,849432,850057,2,625,627,completed,36
11133,Rigid,849431,849432,850062,1,630,631,completed,36
11134,Rigid,849431,849432,850057,1,625,626,completed,36
11135,Rigid,849432,849432,850057,0,625,625,completed,36
11136,Rigid,849432,849436,850059,4,623,627,completed,36
11137,Rigid,849433,849436,850057,3,621,624,completed,36
11138,Rigid,849433,849436,850065,3,629,632,completed,36
11139,Rigid,849434,849436,850059,2,623,625,completed,36
11140,Rigid,849435,849436,850059,1,623,624,completed,36
11141,Rigid,849492,849492,849552,0,60,60,completed,36
11142,Rigid,849666,849666,852115,0,2449,2449,completed,36
11143,Rigid,849703,849704,850064,1,360,361,completed,36
11144,Rigid,849711,849712,849775,1,63,64,completed,36
11145,Rigid,849765,849765,849775,0,10,10,completed,36
11146,Rigid,849832,849832,849866,0,34,34,completed,36
11147,Rigid,849850,849851,850550,1,699,700,completed,36
11148,Rigid,849882,849882,849917,0,35,35,completed,36
11149,Rigid,849886,849887,849897,1,10,11,completed,36
11150,Rigid,849978,849978,850027,0,49,49,completed,36
11151,Rigid,849995,849996,850004,1,8,9,completed,36
11152,Rigid,850063,850063,850073,0,10,10,completed,36
11153,Rigid,850067,850068,850130,1,62,63,completed,36
11154,Rigid,850088,850089,850173,1,84,85,completed,1296
11155,Rigid,850159,850160,1195773,1,345613,345614,completed,1
11156,Rigid,850177,850185,850347,8,162,170,completed,1296
11157,Rigid,850268,850269,850312,1,43,44,completed,36
11158,Rigid,850370,850370,851167,0,797,797,completed,1296
11159,Rigid,850420,850420,851651,0,1231,1231,completed,36
11160,Rigid,850466,850467,897521,1,47054,47055,completed,1
11161,Rigid,850491,850492,1029086,1,178594,178595,completed,1
11162,Rigid,850512,850512,865013,0,14501,14501,completed,1
11163,Rigid,850558,850560,883191,2,32631,32633,completed,1
11164,Rigid,850580,850580,1167881,0,317301,317301,completed,1
11165,Rigid,850601,850602,987119,1,136517,136518,completed,1
11166,Rigid,850758,850758,850817,0,59,59,completed,36
11167,Rigid,850947,850947,851010,0,63,63,completed,36
11168,Rigid,850995,850995,851035,0,40,40,completed,36
11169,Rigid,850998,851012,851603,14,591,605,completed,36
11170,Rigid,851082,851082,851139,0,57,57,completed,36
11171,Rigid,851194,851195,851346,1,151,152,completed,36
11172,Rigid,851197,851347,851620,150,273,423,completed,36
11173,Rigid,851442,851443,855158,1,3715,3716,completed,144
11174,Rigid,851443,851447,853247,4,1800,1804,completed,144
11175,Rigid,851495,851495,851533,0,38,38,completed,36
11176,Rigid,851535,851535,853639,0,2104,2104,completed,1296
11177,Rigid,851650,851650,851711,0,61,61,completed,36
11178,Rigid,851729,851730,851733,1,3,4,completed,36
11179,Rigid,851759,851761,851801,2,40,42,completed,36
11180,Rigid,851781,851784,851841,3,57,60,completed,36
11181,Rigid,851819,851821,857877,2,6056,6058,completed,36
11182,Rigid,851820,851820,851839,0,19,19,completed,16
11183,Rigid,851850,851850,851888,0,38,38,completed,36
11184,Rigid,851920,851921,852315,1,394,395,completed,36
11185,Rigid,851922,851922,851939,0,17,17,completed,16
11186,Rigid,851937,851940,851959,3,19,22,completed,6
11187,Rigid,851939,851940,851945,1,5,6,completed,16
11188,Rigid,851971,851971,852003,0,32,32,completed,6
11189,Rigid,851974,851975,852003,1,28,29,completed,6
11190,Rigid,851974,851975,852003,1,28,29,completed,6
11191,Rigid,852209,852209,852276,0,67,67,completed,36
11192,Rigid,852263,852263,1167314,0,315051,315051,completed,1
11193,Rigid,852273,852273,852297,0,24,24,completed,144
11194,Rigid,852277,852277,852288,0,11,11,completed,16
11195,Rigid,852288,852288,852293,0,5,5,completed,16
11196,Rigid,852388,852389,852444,1,55,56,completed,36
11197,Rigid,852512,852513,852571,1,58,59,completed,36
11198,Rigid,852733,852733,852745,0,12,12,completed,16
11199,Rigid,852746,852746,852751,0,5,5,completed,16
11200,Rigid,852751,852751,852757,0,6,6,completed,16
11201,Rigid,852755,852755,853152,0,397,397,completed,36
11202,Rigid,852758,852758,852762,0,4,4,completed,16
11203,Rigid,852763,852763,852768,0,5,5,completed,16
11204,Rigid,852769,852769,852774,0,5,5,completed,16
11205,Rigid,852775,852775,852781,0,6,6,completed,16
11206,Rigid,852782,852782,852786,0,4,4,completed,16
11207,Rigid,852787,852787,852793,0,6,6,completed,16
11208,Rigid,852794,852794,852800,0,6,6,completed,16
11209,Rigid,852800,852800,852807,0,7,7,completed,16
11210,Rigid,852807,852808,852812,1,4,5,completed,16
11211,Rigid,852813,852813,852820,0,7,7,completed,16
11212,Rigid,852821,852821,852827,0,6,6,completed,16
11213,Rigid,852828,852828,852835,0,7,7,completed,16
11214,Rigid,852836,852836,852841,0,5,5,completed,16
11215,Rigid,852842,852842,852850,0,8,8,completed,16
11216,Rigid,852851,852851,852856,0,5,5,completed,16
11217,Rigid,852857,852857,852865,0,8,8,completed,16
11218,Rigid,852866,852866,852872,0,6,6,completed,16
11219,Rigid,852873,852873,852882,0,9,9,completed,16
11220,Rigid,852882,852882,852887,0,5,5,completed,16
11221,Rigid,852887,852887,852898,0,11,11,completed,16
11222,Rigid,852899,852899,852905,0,6,6,completed,16
11223,Rigid,852903,852904,852927,1,23,24,completed,36
11224,Rigid,852906,852906,852918,0,12,12,completed,16
11225,Rigid,852919,852919,852924,0,5,5,completed,16
11226,Rigid,852925,852925,852936,0,11,11,completed,16
11227,Rigid,852937,852937,852943,0,6,6,completed,16
11228,Rigid,852944,852944,852958,0,14,14,completed,16
11229,Rigid,852959,852959,852964,0,5,5,completed,16
11230,Rigid,852965,852965,852980,0,15,15,completed,16
11231,Rigid,852981,852981,852985,0,4,4,completed,16
11232,Rigid,852986,852986,853001,0,15,15,completed,16
11233,Rigid,853002,853002,853008,0,6,6,completed,16
11234,Rigid,853009,853009,853027,0,18,18,completed,16
11235,Rigid,853028,853028,853033,0,5,5,completed,16
11236,Rigid,853343,853343,853390,0,47,47,completed,144
11237,Rigid,853459,853460,854469,1,1009,1010,completed,144
11238,Rigid,853887,853887,853911,0,24,24,completed,36
11239,Rigid,853989,853989,854491,0,502,502,completed,36
11240,Rigid,854047,854047,854052,0,5,5,completed,16
11241,Rigid,854053,854053,854065,0,12,12,completed,16
11242,Rigid,854066,854066,854070,0,4,4,completed,16
11243,Rigid,854071,854071,854076,0,5,5,completed,16
11244,Rigid,854077,854077,854084,0,7,7,completed,16
11245,Rigid,854085,854085,854090,0,5,5,completed,16
11246,Rigid,854090,854090,854095,0,5,5,completed,4
11247,Rigid,854091,854091,854096,0,5,5,completed,16
11248,Rigid,854097,854097,854102,0,5,5,completed,16
11249,Rigid,854103,854103,854109,0,6,6,completed,16
11250,Rigid,854110,854110,854115,0,5,5,completed,16
11251,Rigid,854116,854116,854122,0,6,6,completed,16
11252,Rigid,854123,854123,854128,0,5,5,completed,16
11253,Rigid,854128,854129,854135,1,6,7,completed,16
11254,Rigid,854136,854137,854159,1,22,23,completed,36
11255,Rigid,854137,854137,854141,0,4,4,completed,16
11256,Rigid,854142,854142,854149,0,7,7,completed,16
11257,Rigid,854150,854150,854154,0,4,4,completed,16
11258,Rigid,854155,854155,854163,0,8,8,completed,16
11259,Rigid,854164,854164,854169,0,5,5,completed,16
11260,Rigid,854170,854170,854178,0,8,8,completed,16
11261,Rigid,854179,854179,854184,0,5,5,completed,16
11262,Rigid,854185,854185,854193,0,8,8,completed,16
11263,Rigid,854194,854194,854199,0,5,5,completed,16
11264,Rigid,854200,854200,854209,0,9,9,completed,16
11265,Rigid,854210,854210,854214,0,4,4,completed,16
11266,Rigid,854212,854212,854220,0,8,8,completed,4
11267,Rigid,854215,854215,854225,0,10,10,completed,16
11268,Rigid,854226,854226,854230,0,4,4,completed,16
11269,Rigid,854231,854231,854241,0,10,10,completed,16
11270,Rigid,854242,854242,854246,0,4,4,completed,16
11271,Rigid,854247,854247,854258,0,11,11,completed,16
11272,Rigid,854259,854259,854263,0,4,4,completed,16
11273,Rigid,854264,854264,854276,0,12,12,completed,16
11274,Rigid,854276,854276,854303,0,27,27,completed,1
11275,Rigid,854277,854277,854281,0,4,4,completed,16
11276,Rigid,854282,854282,854296,0,14,14,completed,16
11277,Rigid,854297,854297,854302,0,5,5,completed,16
11278,Rigid,854303,854303,854317,0,14,14,completed,16
11279,Rigid,854318,854318,854324,0,6,6,completed,16
11280,Rigid,854324,854324,854340,0,16,16,completed,16
11281,Rigid,854340,854340,854346,0,6,6,completed,16
11282,Rigid,854347,854347,854365,0,18,18,completed,16
11283,Rigid,854366,854366,854371,0,5,5,completed,16
11284,Rigid,854372,854372,854390,0,18,18,completed,16
11285,Rigid,854373,854374,854442,1,68,69,completed,36
11286,Rigid,854391,854391,854403,0,12,12,completed,16
11287,Rigid,854391,854391,854405,0,14,14,completed,2
11288,Rigid,854403,854403,854424,0,21,21,completed,16
11289,Rigid,854424,854425,854429,1,4,5,completed,16
11290,Rigid,854430,854430,854453,0,23,23,completed,16
11291,Rigid,854446,854446,854459,0,13,13,completed,144
11292,Rigid,854448,854449,854458,1,9,10,completed,4
11293,Rigid,854455,854455,854460,0,5,5,completed,16
11294,Rigid,854463,854463,854487,0,24,24,completed,16
11295,Rigid,854471,854471,854478,0,7,7,completed,6
11296,Rigid,854489,854489,854494,0,5,5,completed,16
11297,Rigid,854491,854491,854496,0,5,5,completed,8
11298,Rigid,854496,854496,854529,0,33,33,completed,16
11299,Rigid,854496,854497,856307,1,1810,1811,completed,144
11300,Rigid,854509,854509,854513,0,4,4,completed,12
11301,Rigid,854528,854528,854531,0,3,3,completed,16
11302,Rigid,854530,854530,854536,0,6,6,completed,16
11303,Rigid,854538,854538,854567,0,29,29,completed,16
11304,Rigid,854540,854541,854598,1,57,58,completed,36
11305,Rigid,854546,854546,854549,0,3,3,completed,24
11306,Rigid,854568,854568,854579,0,11,11,completed,16
11307,Rigid,854570,854570,854572,0,2,2,completed,32
11308,Rigid,854577,854580,880940,3,26360,26363,completed,144
11309,Rigid,854579,854579,854610,0,31,31,completed,16
11310,Rigid,854598,854598,854636,0,38,38,completed,36
11311,Rigid,854611,854611,854622,0,11,11,completed,16
11312,Rigid,854623,854623,854658,0,35,35,completed,16
11313,Rigid,854630,854631,854687,1,56,57,completed,36
11314,Rigid,854659,854659,854664,0,5,5,completed,16
11315,Rigid,854665,854665,854704,0,39,39,completed,16
11316,Rigid,854705,854705,854711,0,6,6,completed,16
11317,Rigid,854712,854712,854753,0,41,41,completed,16
11318,Rigid,854755,854755,854761,0,6,6,completed,16
11319,Rigid,854762,854762,854804,0,42,42,completed,16
11320,Rigid,854796,854796,854801,0,5,5,completed,72
11321,Rigid,854800,854800,854818,0,18,18,completed,72
11322,Rigid,854804,854804,854811,0,7,7,completed,16
11323,Rigid,854812,854812,854857,0,45,45,completed,16
11324,Rigid,854833,854833,854838,0,5,5,completed,32
11325,Rigid,854850,854850,855119,0,269,269,completed,36
11326,Rigid,854857,854857,854864,0,7,7,completed,16
11327,Rigid,854865,854865,854915,0,50,50,completed,16
11328,Rigid,854912,854912,872226,0,17314,17314,completed,1
11329,Rigid,854916,854916,854921,0,5,5,completed,16
11330,Rigid,854923,854923,854976,0,53,53,completed,16
11331,Rigid,854937,854937,855181,0,244,244,completed,36
11332,Rigid,854977,854977,854983,0,6,6,completed,16
11333,Rigid,854989,854989,855029,0,40,40,completed,36
11334,Rigid,855043,855044,855451,1,407,408,completed,288
11335,Rigid,855051,855052,855900,1,848,849,completed,1
11336,Rigid,855051,855052,855894,1,842,843,completed,1
11337,Rigid,855213,855213,855265,0,52,52,completed,36
11338,Rigid,855246,855246,855251,0,5,5,completed,32
11339,Rigid,855266,855267,855298,1,31,32,completed,144
11340,Rigid,855296,855296,855320,0,24,24,completed,1
11341,Rigid,855299,855300,855324,1,24,25,completed,72
11342,Rigid,855384,855384,855736,0,352,352,completed,288
11343,Rigid,855497,855497,855510,0,13,13,completed,2
11344,Rigid,855524,855524,855532,0,8,8,completed,4
11345,Rigid,855545,855545,855551,0,6,6,completed,6
11346,Rigid,855564,855564,855569,0,5,5,completed,8
11347,Rigid,855580,855581,855585,1,4,5,completed,12
11348,Rigid,855594,855594,856076,0,482,482,completed,36
11349,Rigid,855596,855596,855601,0,5,5,completed,16
11350,Rigid,855616,855616,855621,0,5,5,completed,24
11351,Rigid,855635,855635,855640,0,5,5,completed,32
11352,Rigid,855680,855682,855704,2,22,24,completed,36
11353,Rigid,855683,855686,855744,3,58,61,completed,36
11354,Rigid,855690,855691,856660,1,969,970,completed,36
11355,Rigid,855758,855759,861258,1,5499,5500,completed,288
11356,Rigid,855808,855809,867839,1,12030,12031,completed,144
11357,Rigid,855889,855890,855892,1,2,3,completed,72
11358,Rigid,855921,855921,855923,0,2,2,completed,72
11359,Rigid,855961,855962,855972,1,10,11,completed,36
11360,Rigid,856037,856037,856040,0,3,3,completed,72
11361,Rigid,856190,856191,856201,1,10,11,completed,36
11362,Rigid,856210,856211,856251,1,40,41,completed,72
11363,Rigid,856214,856215,856225,1,10,11,completed,36
11364,Rigid,856289,856290,856352,1,62,63,completed,36
11365,Rigid,856413,856414,856418,1,4,5,completed,288
11366,Rigid,856471,856472,858947,1,2475,2476,completed,288
11367,Rigid,856493,856494,877647,1,21153,21154,completed,1
11368,Rigid,856629,856629,856652,0,23,23,completed,36
11369,Rigid,856684,856684,856706,0,22,22,completed,36
11370,Rigid,856768,856768,859042,0,2274,2274,completed,36
11371,Rigid,856809,856809,858783,0,1974,1974,completed,36
11372,Rigid,856813,856814,856824,1,10,11,completed,36
11373,Rigid,856937,856938,1202546,1,345608,345609,completed,1
11374,Rigid,856973,856974,1202576,1,345602,345603,completed,1
11375,Rigid,857066,857066,857076,0,10,10,completed,36
11376,Rigid,857082,857083,857093,1,10,11,completed,36
11377,Rigid,857241,857241,857263,0,22,22,completed,36
11378,Rigid,857393,857393,857498,0,105,105,completed,10
11379,Rigid,857402,857402,857423,0,21,21,completed,36
11380,Rigid,857490,857491,857497,1,6,7,completed,36
11381,Rigid,857535,857536,857588,1,52,53,completed,36
11382,Rigid,857541,857544,858756,3,1212,1215,completed,72
11383,Rigid,857544,857547,857569,3,22,25,completed,36
11384,Rigid,857613,857613,857667,0,54,54,completed,1
11385,Rigid,857815,857816,857825,1,9,10,completed,36
11386,Rigid,857847,857847,857856,0,9,9,completed,36
11387,Rigid,857983,857983,858804,0,821,821,completed,36
11388,Rigid,858097,858098,871473,1,13375,13376,completed,36
11389,Rigid,858111,858111,868041,0,9930,9930,completed,36
11390,Rigid,858141,858141,866873,0,8732,8732,completed,36
11391,Rigid,858155,858155,865191,0,7036,7036,completed,36
11392,Rigid,858172,858172,866710,0,8538,8538,completed,36
11393,Rigid,858186,858186,866473,0,8287,8287,completed,36
11394,Rigid,858203,858204,865566,1,7362,7363,completed,36
11395,Rigid,858206,858206,861383,0,3177,3177,completed,36
11396,Rigid,858216,858216,865973,0,7757,7757,completed,36
11397,Rigid,858277,858277,858300,0,23,23,completed,36
11398,Rigid,858278,858281,858303,3,22,25,completed,36
11399,Rigid,858279,858282,858323,3,41,44,completed,36
11400,Rigid,858280,858282,858312,2,30,32,completed,36
11401,Rigid,858281,858282,858336,1,54,55,completed,36
11402,Rigid,858282,858285,858337,3,52,55,completed,36
11403,Rigid,858283,858285,858364,2,79,81,completed,36
11404,Rigid,858307,858307,858414,0,107,107,completed,10
11405,Rigid,858323,858323,858356,0,33,33,completed,16
11406,Rigid,858412,858413,858442,1,29,30,completed,36
11407,Rigid,858412,858413,858442,1,29,30,completed,36
11408,Rigid,858413,858413,858445,0,32,32,completed,36
11409,Rigid,858413,858415,858468,2,53,55,completed,36
11410,Rigid,858414,858415,858458,1,43,44,completed,36
11411,Rigid,858414,858415,858470,1,55,56,completed,36
11412,Rigid,858414,858415,858483,1,68,69,completed,36
11413,Rigid,858480,858482,858505,2,23,25,completed,36
11414,Rigid,858481,858482,858507,1,25,26,completed,36
11415,Rigid,858482,858482,858512,0,30,30,completed,36
11416,Rigid,858483,858484,858517,1,33,34,completed,36
11417,Rigid,858483,858484,858525,1,41,42,completed,36
11418,Rigid,858484,858484,858535,0,51,51,completed,36
11419,Rigid,858485,858486,858547,1,61,62,completed,36
11420,Rigid,858496,858497,858757,1,260,261,completed,1
11421,Rigid,858529,858529,858538,0,9,9,completed,252
11422,Rigid,858558,858559,858586,1,27,28,completed,36
11423,Rigid,858558,858559,858589,1,30,31,completed,36
11424,Rigid,858559,858559,858593,0,34,34,completed,36
11425,Rigid,858559,858563,858601,4,38,42,completed,36
11426,Rigid,858559,858563,858610,4,47,51,completed,36
11427,Rigid,858560,858563,858622,3,59,62,completed,36
11428,Rigid,858560,858563,858634,3,71,74,completed,36
11429,Rigid,858565,858567,858579,2,12,14,completed,144
11430,Rigid,858680,858680,858866,0,186,186,completed,36
11431,Rigid,858745,858745,858776,0,31,31,completed,144
11432,Rigid,858815,858816,858978,1,162,163,completed,144
11433,Rigid,858857,858857,858890,0,33,33,completed,16
11434,Rigid,858882,858883,859072,1,189,190,completed,36
11435,Rigid,858909,858910,858934,1,24,25,completed,1
11436,Rigid,858950,858950,859046,0,96,96,completed,16
11437,Rigid,858994,858994,859019,0,25,25,completed,1
11438,Rigid,859046,859046,859656,0,610,610,completed,10
11439,Rigid,859115,859115,859218,0,103,103,completed,1
11440,Rigid,859164,859164,860676,0,1512,1512,completed,36
11441,Rigid,859194,859194,870272,0,11078,11078,completed,36
11442,Rigid,859283,859283,859476,0,193,193,completed,1
11443,Rigid,859312,859312,859327,0,15,15,completed,1
11444,Rigid,859483,859483,859496,0,13,13,completed,1
11445,Rigid,859528,859528,859542,0,14,14,completed,1
11446,Rigid,859602,859602,872168,0,12566,12566,completed,1
11447,Rigid,859635,859635,859870,0,235,235,completed,1
11448,Rigid,859770,859770,859791,0,21,21,completed,36
11449,Rigid,859828,859829,868149,1,8320,8321,completed,144
11450,Rigid,859836,859836,859848,0,12,12,completed,144
11451,Rigid,859860,859862,860623,2,761,763,completed,36
11452,Rigid,859952,859952,859991,0,39,39,completed,36
11453,Rigid,860051,860052,860536,1,484,485,completed,1296
11454,Rigid,860063,860064,880696,1,20632,20633,completed,36
11455,Rigid,860092,860093,860105,1,12,13,completed,144
11456,Rigid,860105,860105,860163,0,58,58,completed,1
11457,Rigid,860105,860105,860158,0,53,53,completed,1
11458,Rigid,860105,860105,860154,0,49,49,completed,1
11459,Rigid,860141,860142,860180,1,38,39,completed,36
11460,Rigid,860156,860157,860227,1,70,71,completed,1
11461,Rigid,860185,860186,860198,1,12,13,completed,144
11462,Rigid,860187,860190,879663,3,19473,19476,completed,36
11463,Rigid,860219,860220,860242,1,22,23,completed,1
11464,Rigid,860222,860222,862914,0,2692,2692,completed,36
11465,Rigid,860248,860248,860279,0,31,31,completed,1
11466,Rigid,860302,860302,860322,0,20,20,completed,144
11467,Rigid,860338,860340,862675,2,2335,2337,completed,144
11468,Rigid,860392,860392,860413,0,21,21,completed,36
11469,Rigid,860445,860445,860621,0,176,176,completed,1296
11470,Rigid,860474,860474,860847,0,373,373,completed,1
11471,Rigid,860547,860548,860554,1,6,7,completed,36
11472,Rigid,860571,860571,860946,0,375,375,completed,1296
11473,Rigid,860608,860609,860661,1,52,53,completed,36
11474,Rigid,860648,860649,860652,1,3,4,completed,36
11475,Rigid,860718,860718,860722,0,4,4,completed,72
11476,Rigid,860784,860785,860809,1,24,25,completed,36
11477,Rigid,860859,860859,860864,0,5,5,completed,1296
11478,Rigid,860888,860889,860892,1,3,4,completed,72
11479,Rigid,860890,860893,860944,3,51,54,completed,36
11480,Rigid,860905,860906,860936,1,30,31,completed,1296
11481,Rigid,861020,861020,861631,0,611,611,completed,1296
11482,Rigid,861041,861042,861047,1,5,6,completed,72
11483,Rigid,861081,861082,864532,1,3450,3451,completed,36
11484,Rigid,861087,861088,981643,1,120555,120556,completed,252
11485,Rigid,861097,861098,861102,1,4,5,completed,36
11486,Rigid,861118,861120,861169,2,49,51,completed,36
11487,Rigid,861127,861128,861189,1,61,62,completed,36
11488,Rigid,861137,861138,861145,1,7,8,completed,36
11489,Rigid,861185,861186,861206,1,20,21,completed,144
11490,Rigid,861222,861223,861283,1,60,61,completed,36
11491,Rigid,861341,861341,861401,0,60,60,completed,36
11492,Rigid,861376,861377,861488,1,111,112,completed,144
11493,Rigid,861426,861426,861434,0,8,8,completed,36
11494,Rigid,861551,861556,861564,5,8,13,completed,72
11495,Rigid,861573,861574,861758,1,184,185,completed,36
11496,Rigid,861585,861585,861979,0,394,394,completed,144
11497,Rigid,861701,861701,862210,0,509,509,completed,576
11498,Rigid,861769,861770,861774,1,4,5,completed,72
11499,Rigid,861826,861826,1034639,0,172813,172813,completed,36
11500,Rigid,861826,861826,983821,0,121995,121995,completed,36
11501,Rigid,861826,861826,978596,0,116770,116770,completed,36
11502,Rigid,861860,861860,932771,0,70911,70911,completed,36
11503,Rigid,861860,861860,998466,0,136606,136606,completed,36
11504,Rigid,861860,861860,933469,0,71609,71609,completed,36
11505,Rigid,861906,861906,982363,0,120457,120457,completed,72
11506,Rigid,861906,861906,973431,0,111525,111525,completed,72
11507,Rigid,861906,861906,894196,0,32290,32290,completed,72
11508,Rigid,861947,861948,1034759,1,172811,172812,completed,36
11509,Rigid,861947,861948,926078,1,64130,64131,completed,36
11510,Rigid,861947,861948,964393,1,102445,102446,completed,36
11511,Rigid,861989,861990,920056,1,58066,58067,completed,36
11512,Rigid,861989,861990,939361,1,77371,77372,completed,36
11513,Rigid,861989,861990,914472,1,52482,52483,completed,36
11514,Rigid,861999,861999,862212,0,213,213,completed,144
11515,Rigid,862024,862025,862077,1,52,53,completed,36
11516,Rigid,862036,862037,931716,1,69679,69680,completed,72
11517,Rigid,862036,862037,976631,1,114594,114595,completed,72
11518,Rigid,862036,862037,935507,1,73470,73471,completed,72
11519,Rigid,862141,862141,862259,0,118,118,completed,1296
11520,Rigid,862169,862170,967917,1,105747,105748,completed,72
11521,Rigid,862169,862170,960782,1,98612,98613,completed,72
11522,Rigid,862169,862170,976063,1,113893,113894,completed,72
11523,Rigid,862204,862205,968435,1,106230,106231,completed,72
11524,Rigid,862204,874503,980400,12299,105897,118196,completed,72
11525,Rigid,862204,897610,1008206,35406,110596,146002,completed,72
11526,Rigid,862244,862245,1029584,1,167339,167340,completed,36
11527,Rigid,862244,873899,972003,11655,98104,109759,completed,36
11528,Rigid,862244,914501,1015431,52257,100930,153187,completed,36
11529,Rigid,862259,862262,865519,3,3257,3260,completed,144
11530,Rigid,862277,938755,1013508,76478,74753,151231,completed,72
11531,Rigid,862277,938785,1031186,76508,92401,168909,completed,72
11532,Rigid,862277,939506,1024498,77229,84992,162221,completed,72
11533,Rigid,862285,862285,862347,0,62,62,completed,1
11534,Rigid,862314,968487,1048448,106173,79961,186134,completed,72
11535,Rigid,862314,971314,1069179,109000,97865,206865,completed,72
11536,Rigid,862314,973432,1072972,111118,99540,210658,completed,72
11537,Rigid,862353,862353,862839,0,486,486,completed,36
11538,Rigid,862367,862367,863189,0,822,822,completed,36
11539,Rigid,862386,862386,862427,0,41,41,completed,1296
11540,Rigid,862403,920056,1080429,57653,160373,218026,completed,36
11541,Rigid,862412,862412,862419,0,7,7,completed,36
11542,Rigid,862453,926090,1022388,63637,96298,159935,completed,36
11543,Rigid,862456,862458,862476,2,18,20,completed,36
11544,Rigid,862497,940556,1113362,78059,172806,250865,completed,36
11545,Rigid,862525,971975,1020473,109450,48498,157948,completed,36
11546,Rigid,862618,862618,862682,0,64,64,completed,1
11547,Rigid,862699,862700,862761,1,61,62,completed,36
11548,Rigid,862770,862770,862836,0,66,66,completed,36
11549,Rigid,862913,862913,1030537,0,167624,167624,completed,1
11550,Rigid,862917,862918,862978,1,60,61,completed,36
11551,Rigid,862974,862974,885567,0,22593,22593,completed,36
11552,Rigid,863062,863062,863542,0,480,480,completed,36
11553,Rigid,863097,863098,863136,1,38,39,completed,1296
11554,Rigid,863147,863147,863183,0,36,36,completed,36
11555,Rigid,863199,863199,863227,0,28,28,completed,1
11556,Rigid,863211,863211,959887,0,96676,96676,completed,8
11557,Rigid,863211,863211,964048,0,100837,100837,completed,8
11558,Rigid,863211,863211,963948,0,100737,100737,completed,8
11559,Rigid,863211,863211,963814,0,100603,100603,completed,8
11560,Rigid,863211,863211,963447,0,100236,100236,completed,8
11561,Rigid,863211,863211,965311,0,102100,102100,completed,8
11562,Rigid,863211,863215,965270,4,102055,102059,completed,8
11563,Rigid,863212,863215,964874,3,101659,101662,completed,8
11564,Rigid,863212,863215,964487,3,101272,101275,completed,8
11565,Rigid,863212,863215,960999,3,97784,97787,completed,8
11566,Rigid,863212,863215,960841,3,97626,97629,completed,8
11567,Rigid,863212,863215,960405,3,97190,97193,completed,8
11568,Rigid,863212,863215,960375,3,97160,97163,completed,8
11569,Rigid,863212,863215,962012,3,98797,98800,completed,8
11570,Rigid,863212,863215,962024,3,98809,98812,completed,8
11571,Rigid,863212,863215,962093,3,98878,98881,completed,8
11572,Rigid,863212,863215,961834,3,98619,98622,completed,8
11573,Rigid,863213,863215,961353,2,98138,98140,completed,8
11574,Rigid,863213,863215,958535,2,95320,95322,completed,8
11575,Rigid,863213,863215,957736,2,94521,94523,completed,8
11576,Rigid,863213,863215,958119,2,94904,94906,completed,8
11577,Rigid,863213,863215,960971,2,97756,97758,completed,8
11578,Rigid,863213,863215,960977,2,97762,97764,completed,8
11579,Rigid,863213,863215,961184,2,97969,97971,completed,8
11580,Rigid,863213,863215,961328,2,98113,98115,completed,8
11581,Rigid,863213,863215,957783,2,94568,94570,completed,8
11582,Rigid,863213,863215,958161,2,94946,94948,completed,8
11583,Rigid,863214,863215,957656,1,94441,94442,completed,8
11584,Rigid,863214,863215,957868,1,94653,94654,completed,8
11585,Rigid,863214,863215,959456,1,96241,96242,completed,8
11586,Rigid,863214,863215,959737,1,96522,96523,completed,8
11587,Rigid,863214,863215,959584,1,96369,96370,completed,8
11588,Rigid,863214,863215,958995,1,95780,95781,completed,8
11589,Rigid,863214,863215,961233,1,98018,98019,completed,8
11590,Rigid,863214,863215,961273,1,98058,98059,completed,8
11591,Rigid,863214,863215,961122,1,97907,97908,completed,8
11592,Rigid,863215,863215,963142,0,99927,99927,completed,8
11593,Rigid,863215,863215,961501,0,98286,98286,completed,8
11594,Rigid,863215,863215,961078,0,97863,97863,completed,8
11595,Rigid,863215,863215,961090,0,97875,97875,completed,8
11596,Rigid,863215,863215,963230,0,100015,100015,completed,8
11597,Rigid,863215,863215,958343,0,95128,95128,completed,8
11598,Rigid,863215,863215,958147,0,94932,94932,completed,8
11599,Rigid,863215,863215,958800,0,95585,95585,completed,8
11600,Rigid,863215,863215,957842,0,94627,94627,completed,8
11601,Rigid,863215,863215,961541,0,98326,98326,completed,8
11602,Rigid,863215,863215,960433,0,97218,97218,completed,8
11603,Rigid,863216,863218,961468,2,98250,98252,completed,8
11604,Rigid,863216,863218,960808,2,97590,97592,completed,8
11605,Rigid,863216,863218,961158,2,97940,97942,completed,8
11606,Rigid,863216,863218,960961,2,97743,97745,completed,8
11607,Rigid,863216,863218,961435,2,98217,98219,completed,8
11608,Rigid,863216,863218,960904,2,97686,97688,completed,8
11609,Rigid,863216,863218,960997,2,97779,97781,completed,8
11610,Rigid,863216,863218,960574,2,97356,97358,completed,8
11611,Rigid,863216,863218,960379,2,97161,97163,completed,8
11612,Rigid,863216,863218,960385,2,97167,97169,completed,8
11613,Rigid,863216,863218,960265,2,97047,97049,completed,8
11614,Rigid,863217,863218,960533,1,97315,97316,completed,8
11615,Rigid,863217,863218,957397,1,94179,94180,completed,8
11616,Rigid,863217,863218,956842,1,93624,93625,completed,8
11617,Rigid,863217,863218,957788,1,94570,94571,completed,8
11618,Rigid,863217,863218,957021,1,93803,93804,completed,8
11619,Rigid,863217,863218,957669,1,94451,94452,completed,8
11620,Rigid,863217,863218,956858,1,93640,93641,completed,8
11621,Rigid,863217,863218,957673,1,94455,94456,completed,8
11622,Rigid,863217,863218,956869,1,93651,93652,completed,8
11623,Rigid,863217,863218,957538,1,94320,94321,completed,8
11624,Rigid,863217,863218,957042,1,93824,93825,completed,8
11625,Rigid,863217,863218,957611,1,94393,94394,completed,8
11626,Rigid,863217,863218,957294,1,94076,94077,completed,8
11627,Rigid,863217,863218,919035,1,55817,55818,completed,8
11628,Rigid,863218,863218,917221,0,54003,54003,completed,8
11629,Rigid,863218,863222,915573,4,52351,52355,completed,8
11630,Rigid,863218,863222,915275,4,52053,52057,completed,8
11631,Rigid,863218,863222,915592,4,52370,52374,completed,8
11632,Rigid,863218,863222,915496,4,52274,52278,completed,8
11633,Rigid,863218,863222,919396,4,56174,56178,completed,8
11634,Rigid,863218,863222,912184,4,48962,48966,completed,8
11635,Rigid,863218,863222,899795,4,36573,36577,completed,8
11636,Rigid,863218,863222,900049,4,36827,36831,completed,8
11637,Rigid,863218,863222,899028,4,35806,35810,completed,8
11638,Rigid,863221,863221,863264,0,43,43,completed,16
11639,Rigid,863361,863362,864224,1,862,863,completed,36
11640,Rigid,863372,863372,863377,0,5,5,completed,36
11641,Rigid,863403,863404,863434,1,30,31,completed,1
11642,Rigid,863421,863421,863438,0,17,17,completed,36
11643,Rigid,863564,863564,864373,0,809,809,completed,36
11644,Rigid,863574,863574,863773,0,199,199,completed,16
11645,Rigid,863730,863731,864304,1,573,574,completed,36
11646,Rigid,863836,863837,866119,1,2282,2283,completed,36
11647,Rigid,863957,863958,863960,1,2,3,completed,144
11648,Rigid,863992,863993,863996,1,3,4,completed,144
11649,Rigid,864038,864039,864043,1,4,5,completed,36
11650,Rigid,864048,864049,864053,1,4,5,completed,144
11651,Rigid,864162,864163,882643,1,18480,18481,completed,12
11652,Rigid,864162,864163,883179,1,19016,19017,completed,12
11653,Rigid,864162,864163,884002,1,19839,19840,completed,12
11654,Rigid,864162,864163,881150,1,16987,16988,completed,12
11655,Rigid,864162,864163,883257,1,19094,19095,completed,12
11656,Rigid,864162,864163,884671,1,20508,20509,completed,12
11657,Rigid,864162,864163,879574,1,15411,15412,completed,12
11658,Rigid,864163,864167,881691,4,17524,17528,completed,12
11659,Rigid,864209,864209,864293,0,84,84,completed,1
11660,Rigid,864247,864247,864307,0,60,60,completed,36
11661,Rigid,864334,864335,864392,1,57,58,completed,36
11662,Rigid,864406,864406,864450,0,44,44,completed,16
11663,Rigid,864455,864455,864516,0,61,61,completed,36
11664,Rigid,864613,864613,864811,0,198,198,completed,16
11665,Rigid,864779,864782,864859,3,77,80,completed,36
11666,Rigid,864801,864802,864821,1,19,20,completed,36
11667,Rigid,864979,864979,865016,0,37,37,completed,16
11668,Rigid,865009,865010,1037819,1,172809,172810,completed,18
11669,Rigid,865009,865010,1037819,1,172809,172810,completed,18
11670,Rigid,865009,865010,1037819,1,172809,172810,completed,18
11671,Rigid,865009,865010,1037819,1,172809,172810,completed,18
11672,Rigid,865009,865010,1037819,1,172809,172810,completed,18
11673,Rigid,865009,865010,1037819,1,172809,172810,completed,18
11674,Rigid,865009,865010,1037819,1,172809,172810,completed,18
11675,Rigid,865009,865010,1037819,1,172809,172810,completed,18
11676,Rigid,865009,865010,1037819,1,172809,172810,completed,18
11677,Rigid,865009,865010,1037819,1,172809,172810,completed,18
11678,Rigid,865010,865010,1037819,0,172809,172809,completed,18
11679,Rigid,865010,865014,1037819,4,172805,172809,completed,18
11680,Rigid,865010,865014,1037819,4,172805,172809,completed,18
11681,Rigid,865010,865014,1037819,4,172805,172809,completed,18
11682,Rigid,865010,865014,1037819,4,172805,172809,completed,18
11683,Rigid,865010,865014,1037819,4,172805,172809,completed,18
11684,Rigid,865010,865014,1037819,4,172805,172809,completed,18
11685,Rigid,865010,865014,1037819,4,172805,172809,completed,18
11686,Rigid,865010,865014,1037819,4,172805,172809,completed,18
11687,Rigid,865010,865014,1037819,4,172805,172809,completed,18
11688,Rigid,865010,865014,1037819,4,172805,172809,completed,18
11689,Rigid,865011,865014,1037819,3,172805,172808,completed,18
11690,Rigid,865011,865014,1037819,3,172805,172808,completed,18
11691,Rigid,865011,865014,1037819,3,172805,172808,completed,18
11692,Rigid,865011,865014,1037819,3,172805,172808,completed,18
11693,Rigid,865011,865014,1037819,3,172805,172808,completed,18
11694,Rigid,865011,865014,1037819,3,172805,172808,completed,18
11695,Rigid,865011,865014,1037819,3,172805,172808,completed,18
11696,Rigid,865011,865014,1037819,3,172805,172808,completed,18
11697,Rigid,865011,865014,1037819,3,172805,172808,completed,18
11698,Rigid,865011,865014,1037819,3,172805,172808,completed,18
11699,Rigid,865011,865014,1037819,3,172805,172808,completed,18
11700,Rigid,865011,865014,1037819,3,172805,172808,completed,18
11701,Rigid,865011,865014,1037819,3,172805,172808,completed,18
11702,Rigid,865012,865014,1037819,2,172805,172807,completed,18
11703,Rigid,865012,865014,1037819,2,172805,172807,completed,18
11704,Rigid,865012,865014,1037819,2,172805,172807,completed,18
11705,Rigid,865012,865014,1037819,2,172805,172807,completed,18
11706,Rigid,865012,865014,1037819,2,172805,172807,completed,18
11707,Rigid,865012,865014,1037819,2,172805,172807,completed,18
11708,Rigid,865012,865014,1037819,2,172805,172807,completed,18
11709,Rigid,865012,865014,1037819,2,172805,172807,completed,18
11710,Rigid,865012,865014,1037819,2,172805,172807,completed,18
11711,Rigid,865012,865014,1037819,2,172805,172807,completed,18
11712,Rigid,865012,865014,1037819,2,172805,172807,completed,18
11713,Rigid,865013,865014,1037819,1,172805,172806,completed,18
11714,Rigid,865013,865014,1037819,1,172805,172806,completed,18
11715,Rigid,865013,865014,1037819,1,172805,172806,completed,18
11716,Rigid,865013,865014,1037819,1,172805,172806,completed,18
11717,Rigid,865013,865014,1037819,1,172805,172806,completed,18
11718,Rigid,865013,865014,1037819,1,172805,172806,completed,18
11719,Rigid,865013,865014,1037819,1,172805,172806,completed,18
11720,Rigid,865013,865014,1037819,1,172805,172806,completed,18
11721,Rigid,865013,865014,1037819,1,172805,172806,completed,18
11722,Rigid,865013,865014,1037819,1,172805,172806,completed,18
11723,Rigid,865013,865014,1037819,1,172805,172806,completed,18
11724,Rigid,865014,865014,1030572,0,165558,165558,completed,18
11725,Rigid,865014,865015,1033539,1,168524,168525,completed,18
11726,Rigid,865014,865015,1031619,1,166604,166605,completed,18
11727,Rigid,865014,865015,1024229,1,159214,159215,completed,18
11728,Rigid,865014,865015,1027937,1,162922,162923,completed,18
11729,Rigid,865014,865015,1027206,1,162191,162192,completed,18
11730,Rigid,865014,865015,1028237,1,163222,163223,completed,18
11731,Rigid,865015,865015,1028171,0,163156,163156,completed,18
11732,Rigid,865015,865015,1032729,0,167714,167714,completed,18
11733,Rigid,865015,865017,1028885,2,163868,163870,completed,18
11734,Rigid,865015,865017,1029026,2,164009,164011,completed,18
11735,Rigid,865015,865017,1028968,2,163951,163953,completed,18
11736,Rigid,865015,865017,1030218,2,165201,165203,completed,18
11737,Rigid,865015,865017,1023514,2,158497,158499,completed,18
11738,Rigid,865016,865017,1028093,1,163076,163077,completed,18
11739,Rigid,865016,872478,1041370,7462,168892,176354,completed,18
11740,Rigid,865016,1027938,1198916,162922,170978,333900,completed,18
11741,Rigid,865016,1028094,1200385,163078,172291,335369,completed,18
11742,Rigid,865016,1028094,1199810,163078,171716,334794,completed,18
11743,Rigid,865016,1028238,1201062,163222,172824,336046,completed,18
11744,Rigid,865016,1028238,1201062,163222,172824,336046,completed,18
11745,Rigid,865016,1029028,1201855,164012,172827,336839,completed,18
11746,Rigid,865016,1029028,1201855,164012,172827,336839,completed,18
11747,Rigid,865016,1029505,1201901,164489,172396,336885,completed,18
11748,Rigid,865016,1030219,1203026,165203,172807,338010,completed,18
11749,Rigid,865016,1030219,1203026,165203,172807,338010,completed,18
11750,Rigid,865017,1030574,1203389,165557,172815,338372,completed,18
11751,Rigid,865017,1032730,1205550,167713,172820,340533,completed,18
11752,Rigid,865017,1033540,1205632,168523,172092,340615,completed,18
11753,Rigid,865017,1037845,1205407,172828,167562,340390,completed,18
11754,Rigid,865017,1037845,1208105,172828,170260,343088,completed,18
11755,Rigid,865017,1037845,1205227,172828,167382,340210,completed,18
11756,Rigid,865017,1059507,1232316,194490,172809,367299,completed,18
11757,Rigid,865017,1059507,1232316,194490,172809,367299,completed,18
11758,Rigid,865017,1060620,1233434,195603,172814,368417,completed,18
11759,Rigid,865017,1060620,1233434,195603,172814,368417,completed,18
11760,Rigid,865017,1060981,1233797,195964,172816,368780,completed,18
11761,Rigid,865017,1060981,1233797,195964,172816,368780,completed,18
11762,Rigid,865018,1060981,1233605,195963,172624,368587,completed,18
11763,Rigid,865018,1060982,1233797,195964,172815,368779,completed,18
11764,Rigid,865018,1060982,1233797,195964,172815,368779,completed,18
11765,Rigid,865018,1060982,1233797,195964,172815,368779,completed,18
11766,Rigid,865018,1062335,1235152,197317,172817,370134,completed,18
11767,Rigid,865018,1062335,1235152,197317,172817,370134,completed,18
11768,Rigid,865032,865033,865130,1,97,98,completed,1
11769,Rigid,865074,865075,865441,1,366,367,completed,36
11770,Rigid,865121,865121,865789,0,668,668,completed,16
11771,Rigid,865205,865206,865269,1,63,64,completed,1
11772,Rigid,865246,865247,865332,1,85,86,completed,1
11773,Rigid,865294,865294,865892,0,598,598,completed,1
11774,Rigid,865399,865399,865627,0,228,228,completed,36
11775,Rigid,865404,865405,865429,1,24,25,completed,36
11776,Rigid,865425,865426,866069,1,643,644,completed,1
11777,Rigid,865454,865893,866368,439,475,914,completed,1
11778,Rigid,865476,865476,1038322,0,172846,172846,completed,1
11779,Rigid,865582,865583,865608,1,25,26,completed,36
11780,Rigid,865734,865735,873882,1,8147,8148,completed,432
11781,Rigid,865783,865784,865967,1,183,184,completed,36
11782,Rigid,865913,865914,866709,1,795,796,completed,36
11783,Rigid,866240,866241,866397,1,156,157,completed,36
11784,Rigid,866359,866359,866417,0,58,58,completed,36
11785,Rigid,866430,866430,867348,0,918,918,completed,36
11786,Rigid,866621,866622,867003,1,381,382,completed,1
11787,Rigid,866674,866675,867028,1,353,354,completed,36
11788,Rigid,866788,866788,866812,0,24,24,completed,36
11789,Rigid,866911,866911,866935,0,24,24,completed,36
11790,Rigid,866979,866979,867046,0,67,67,completed,36
11791,Rigid,866986,866987,867049,1,62,63,completed,36
11792,Rigid,867095,867096,867160,1,64,65,completed,36
11793,Rigid,867098,867100,867151,2,51,53,completed,144
11794,Rigid,867151,867152,867159,1,7,8,completed,36
11795,Rigid,867173,867173,867233,0,60,60,completed,36
11796,Rigid,867189,867190,868119,1,929,930,completed,36
11797,Rigid,867202,867203,868173,1,970,971,completed,36
11798,Rigid,867214,867215,868119,1,904,905,completed,36
11799,Rigid,867222,867223,867964,1,741,742,completed,36
11800,Rigid,867230,867230,867878,0,648,648,completed,36
11801,Rigid,867238,867242,869046,4,1804,1808,completed,36
11802,Rigid,867247,867247,868101,0,854,854,completed,36
11803,Rigid,867256,867257,868212,1,955,956,completed,36
11804,Rigid,867264,867265,868186,1,921,922,completed,36
11805,Rigid,867272,867272,867329,0,57,57,completed,36
11806,Rigid,867272,867276,868091,4,815,819,completed,36
11807,Rigid,867335,867335,867399,0,64,64,completed,36
11808,Rigid,867345,867345,867656,0,311,311,completed,1
11809,Rigid,867361,867362,867421,1,59,60,completed,36
11810,Rigid,867404,867404,867469,0,65,65,completed,36
11811,Rigid,867436,867436,867496,0,60,60,completed,36
11812,Rigid,867480,867482,867534,2,52,54,completed,144
11813,Rigid,867535,867965,878336,430,10371,10801,completed,1152
11814,Rigid,867611,867611,867813,0,202,202,completed,36
11815,Rigid,867620,867620,867684,0,64,64,completed,36
11816,Rigid,867826,867827,867905,1,78,79,completed,36
11817,Rigid,867837,867838,867908,1,70,71,completed,36
11818,Rigid,867924,867924,867971,0,47,47,completed,16
11819,Rigid,867983,867983,868034,0,51,51,completed,36
11820,Rigid,867994,867994,868341,0,347,347,completed,1
11821,Rigid,868028,868043,868242,15,199,214,completed,36
11822,Rigid,868056,880942,883146,12886,2204,15090,completed,1296
11823,Rigid,868202,868202,868887,0,685,685,completed,16
11824,Rigid,868232,868232,868686,0,454,454,completed,72
11825,Rigid,868244,868245,868332,1,87,88,completed,72
11826,Rigid,868247,868249,868743,2,494,496,completed,36
11827,Rigid,868336,868341,868679,5,338,343,completed,72
11828,Rigid,868378,868382,868388,4,6,10,completed,36
11829,Rigid,868618,868622,868712,4,90,94,completed,36
11830,Rigid,868627,868687,868826,60,139,199,completed,72
11831,Rigid,868652,868744,868746,92,2,94,completed,36
11832,Rigid,868756,868757,868760,1,3,4,completed,36
11833,Rigid,868809,868809,868886,0,77,77,completed,36
11834,Rigid,868820,868820,868823,0,3,3,completed,36
11835,Rigid,868863,868863,868894,0,31,31,completed,72
11836,Rigid,868869,868869,868872,0,3,3,completed,36
11837,Rigid,868947,868947,869322,0,375,375,completed,36
11838,Rigid,868977,868977,868995,0,18,18,completed,16
11839,Rigid,869001,869001,870216,0,1215,1215,completed,16
11840,Rigid,869151,869326,869493,175,167,342,completed,36
11841,Rigid,869172,869173,869223,1,50,51,completed,36
11842,Rigid,869206,869206,869371,0,165,165,completed,36
11843,Rigid,869263,869264,869775,1,511,512,completed,36
11844,Rigid,869526,869526,869706,0,180,180,completed,36
11845,Rigid,869571,869572,869590,1,18,19,completed,1
11846,Rigid,869942,869942,870258,0,316,316,completed,36
11847,Rigid,869950,869950,870215,0,265,265,completed,1
11848,Rigid,869984,869984,870186,0,202,202,completed,36
11849,Rigid,870134,870141,870166,7,25,32,completed,36
11850,Rigid,870203,870203,870396,0,193,193,completed,36
11851,Rigid,870272,870400,870606,128,206,334,completed,36
11852,Rigid,870373,870373,870403,0,30,30,completed,16
11853,Rigid,870380,870383,870409,3,26,29,completed,36
11854,Rigid,870448,870448,871322,0,874,874,completed,36
11855,Rigid,870456,870456,870721,0,265,265,completed,16
11856,Rigid,870475,870504,874118,29,3614,3643,completed,288
11857,Rigid,870528,870534,870560,6,26,32,completed,36
11858,Rigid,870584,870585,870662,1,77,78,completed,36
11859,Rigid,870631,874141,877748,3510,3607,7117,completed,288
11860,Rigid,870660,875195,878798,4535,3603,8138,completed,288
11861,Rigid,870670,870670,870712,0,42,42,completed,1
11862,Rigid,870692,870716,870745,24,29,53,completed,36
11863,Rigid,870703,870704,870747,1,43,44,completed,72
11864,Rigid,870710,870710,870761,0,51,51,completed,36
11865,Rigid,870742,870755,870759,13,4,17,completed,72
11866,Rigid,870776,870776,870781,0,5,5,completed,72
11867,Rigid,870799,870800,870804,1,4,5,completed,72
11868,Rigid,870812,870813,872465,1,1652,1653,completed,16
11869,Rigid,870831,870831,871035,0,204,204,completed,72
11870,Rigid,870836,870836,870875,0,39,39,completed,1
11871,Rigid,870852,870853,871339,1,486,487,completed,36
11872,Rigid,870934,877788,881409,6854,3621,10475,completed,288
11873,Rigid,870981,871036,871158,55,122,177,completed,72
11874,Rigid,871008,871009,871047,1,38,39,completed,1
11875,Rigid,871056,871057,871139,1,82,83,completed,36
11876,Rigid,871089,871089,871230,0,141,141,completed,1
11877,Rigid,871149,871166,871169,17,3,20,completed,72
11878,Rigid,871151,871171,871377,20,206,226,completed,72
11879,Rigid,871210,871232,871255,22,23,45,completed,36
11880,Rigid,871294,871295,871387,1,92,93,completed,1
11881,Rigid,871339,871339,871499,0,160,160,completed,36
11882,Rigid,871423,871424,884692,1,13268,13269,completed,1
11883,Rigid,871433,871434,871757,1,323,324,completed,1
11884,Rigid,871458,871458,871610,0,152,152,completed,72
11885,Rigid,871563,871565,875168,2,3603,3605,completed,144
11886,Rigid,871818,871819,872438,1,619,620,completed,36
11887,Rigid,871828,871829,871901,1,72,73,completed,72
11888,Rigid,871879,871909,872345,30,436,466,completed,72
11889,Rigid,872013,872014,872092,1,78,79,completed,36
11890,Rigid,872139,872358,872562,219,204,423,completed,72
11891,Rigid,872182,872182,872260,0,78,78,completed,36
11892,Rigid,872313,872563,872574,250,11,261,completed,36
11893,Rigid,872325,872326,872400,1,74,75,completed,36
11894,Rigid,872349,872439,873668,90,1229,1319,completed,72
11895,Rigid,872567,872576,872780,9,204,213,completed,72
11896,Rigid,872787,872787,872861,0,74,74,completed,36
11897,Rigid,872827,872828,872840,1,12,13,completed,36
11898,Rigid,872864,872864,872876,0,12,12,completed,36
11899,Rigid,872988,872989,872995,1,6,7,completed,72
11900,Rigid,873059,873062,873073,3,11,14,completed,36
11901,Rigid,873098,873376,873425,278,49,327,completed,144
11902,Rigid,873105,873106,873111,1,5,6,completed,72
11903,Rigid,873237,873238,873315,1,77,78,completed,36
11904,Rigid,873333,873536,877148,203,3612,3815,completed,144
11905,Rigid,873358,873358,873365,0,7,7,completed,36
11906,Rigid,873363,873676,873982,313,306,619,completed,72
11907,Rigid,873392,873393,873469,1,76,77,completed,36
11908,Rigid,873425,873426,873475,1,49,50,completed,144
11909,Rigid,873439,873898,874716,459,818,1277,completed,144
11910,Rigid,873475,873476,873507,1,31,32,completed,144
11911,Rigid,873482,873506,875823,24,2317,2341,completed,36
11912,Rigid,873516,873516,873593,0,77,77,completed,36
11913,Rigid,873637,873638,873847,1,209,210,completed,72
11914,Rigid,873682,873887,892853,205,18966,19171,completed,144
11915,Rigid,873779,881462,886934,7683,5472,13155,completed,288
11916,Rigid,873831,873855,874058,24,203,227,completed,36
11917,Rigid,873846,873990,874091,144,101,245,completed,72
11918,Rigid,874109,874110,874225,1,115,116,completed,72
11919,Rigid,874172,874173,874180,1,7,8,completed,36
11920,Rigid,874177,874178,874252,1,74,75,completed,36
11921,Rigid,874209,874230,874326,21,96,117,completed,72
11922,Rigid,874313,874313,874353,0,40,40,completed,72
11923,Rigid,874336,874337,874458,1,121,122,completed,72
11924,Rigid,874392,874393,874738,1,345,346,completed,36
11925,Rigid,874486,874486,874690,0,204,204,completed,72
11926,Rigid,874499,874503,874974,4,471,475,completed,16
11927,Rigid,874520,874520,874530,0,10,10,completed,72
11928,Rigid,874728,874728,874768,0,40,40,completed,72
11929,Rigid,874735,874736,874940,1,204,205,completed,72
11930,Rigid,874743,874744,874819,1,75,76,completed,36
11931,Rigid,874789,874790,875147,1,357,358,completed,36
11932,Rigid,874923,874923,874965,0,42,42,completed,72
11933,Rigid,874950,874950,875007,0,57,57,completed,36
11934,Rigid,875002,875002,875206,0,204,204,completed,72
11935,Rigid,875199,875200,875242,1,42,43,completed,72
11936,Rigid,875265,875266,875652,1,386,387,completed,36
11937,Rigid,875343,875344,875567,1,223,224,completed,72
11938,Rigid,875489,875490,875694,1,204,205,completed,72
11939,Rigid,875503,875575,875624,72,49,121,completed,36
11940,Rigid,875578,875625,875665,47,40,87,completed,72
11941,Rigid,875633,875645,875659,12,14,26,completed,16
11942,Rigid,875683,875683,875725,0,42,42,completed,72
11943,Rigid,875710,875710,875767,0,57,57,completed,72
11944,Rigid,875773,875773,875784,0,11,11,completed,72
11945,Rigid,875829,875830,875869,1,39,40,completed,72
11946,Rigid,875844,875856,875877,12,21,33,completed,16
11947,Rigid,875869,875870,876743,1,873,874,completed,36
11948,Rigid,875936,875937,876102,1,165,166,completed,72
11949,Rigid,875957,875958,876024,1,66,67,completed,36
11950,Rigid,875968,876106,876116,138,10,148,completed,72
11951,Rigid,876125,876125,876130,0,5,5,completed,36
11952,Rigid,876152,876153,876358,1,205,206,completed,72
11953,Rigid,876170,876170,876254,0,84,84,completed,36
11954,Rigid,876191,876359,876399,168,40,208,completed,72
11955,Rigid,876261,876277,876285,16,8,24,completed,16
11956,Rigid,876366,876367,876435,1,68,69,completed,36
11957,Rigid,876472,876473,876556,1,83,84,completed,36
11958,Rigid,876578,876607,876855,29,248,277,completed,36
11959,Rigid,876579,876607,876860,28,253,281,completed,36
11960,Rigid,876581,876607,876856,26,249,275,completed,36
11961,Rigid,876582,876878,876944,296,66,362,completed,36
11962,Rigid,876584,876878,876946,294,68,362,completed,36
11963,Rigid,876586,876878,876948,292,70,362,completed,36
11964,Rigid,876655,877182,880809,527,3627,4154,completed,144
11965,Rigid,876810,876810,876851,0,41,41,completed,72
11966,Rigid,876994,876999,877078,5,79,84,completed,36
11967,Rigid,876996,876999,877078,3,79,82,completed,36
11968,Rigid,876997,877090,877172,93,82,175,completed,36
11969,Rigid,876998,877090,877170,92,80,172,completed,36
11970,Rigid,877000,877212,877290,212,78,290,completed,36
11971,Rigid,877002,877182,877260,180,78,258,completed,36
11972,Rigid,877003,877182,877258,179,76,255,completed,36
11973,Rigid,877158,877159,877169,1,10,11,completed,72
11974,Rigid,877158,877272,877787,114,515,629,completed,16
11975,Rigid,877294,877294,877446,0,152,152,completed,16
11976,Rigid,877307,877308,878030,1,722,723,completed,72
11977,Rigid,877350,877447,877458,97,11,108,completed,72
11978,Rigid,877377,877378,877458,1,80,81,completed,36
11979,Rigid,877496,877496,877506,0,10,10,completed,72
11980,Rigid,877549,877549,877559,0,10,10,completed,72
11981,Rigid,877583,877584,877973,1,389,390,completed,36
11982,Rigid,877613,877614,877818,1,204,205,completed,72
11983,Rigid,877739,877742,878009,3,267,270,completed,36
11984,Rigid,877912,877912,878261,0,349,349,completed,1
11985,Rigid,877912,877912,878261,0,349,349,completed,1
11986,Rigid,877912,877912,878261,0,349,349,completed,1
11987,Rigid,877912,877912,878261,0,349,349,completed,1
11988,Rigid,877912,877912,878261,0,349,349,completed,1
11989,Rigid,877912,877912,878261,0,349,349,completed,1
11990,Rigid,877912,877912,878261,0,349,349,completed,1
11991,Rigid,877912,877912,878261,0,349,349,completed,1
11992,Rigid,877912,877912,878261,0,349,349,completed,1
11993,Rigid,877912,877912,878261,0,349,349,completed,1
11994,Rigid,877912,877912,878261,0,349,349,completed,1
11995,Rigid,877912,877912,878261,0,349,349,completed,1
11996,Rigid,877912,877912,878261,0,349,349,completed,1
11997,Rigid,877912,877913,878261,1,348,349,completed,1
11998,Rigid,877912,877913,878261,1,348,349,completed,1
11999,Rigid,877912,877913,878261,1,348,349,completed,1
12000,Rigid,877912,877913,878261,1,348,349,completed,1
12001,Rigid,877912,877913,878261,1,348,349,completed,1
12002,Rigid,877912,877913,878261,1,348,349,completed,1
12003,Rigid,877912,877913,878261,1,348,349,completed,1
12004,Rigid,877912,877913,878261,1,348,349,completed,1
12005,Rigid,877912,877913,878261,1,348,349,completed,1
12006,Rigid,877912,877913,878261,1,348,349,completed,1
12007,Rigid,877912,877913,878261,1,348,349,completed,1
12008,Rigid,877912,877913,878261,1,348,349,completed,1
12009,Rigid,877912,877913,878261,1,348,349,completed,1
12010,Rigid,877912,877913,878261,1,348,349,completed,1
12011,Rigid,877912,877913,878261,1,348,349,completed,1
12012,Rigid,877912,877913,878261,1,348,349,completed,1
12013,Rigid,877912,877913,878261,1,348,349,completed,1
12014,Rigid,877912,877913,878261,1,348,349,completed,1
12015,Rigid,877912,877913,878261,1,348,349,completed,1
12016,Rigid,877912,877913,878261,1,348,349,completed,1
12017,Rigid,877912,877913,878261,1,348,349,completed,1
12018,Rigid,877912,877918,878261,6,343,349,completed,1
12019,Rigid,877912,877918,878261,6,343,349,completed,1
12020,Rigid,877912,877918,878261,6,343,349,completed,1
12021,Rigid,877912,877918,878261,6,343,349,completed,1
12022,Rigid,877912,877918,878261,6,343,349,completed,1
12023,Rigid,877912,877918,878261,6,343,349,completed,1
12024,Rigid,877912,877918,878261,6,343,349,completed,1
12025,Rigid,877912,877918,878261,6,343,349,completed,1
12026,Rigid,877912,877918,878261,6,343,349,completed,1
12027,Rigid,877912,877918,878261,6,343,349,completed,1
12028,Rigid,877912,877918,878261,6,343,349,completed,1
12029,Rigid,877912,877918,878261,6,343,349,completed,1
12030,Rigid,877912,877918,878261,6,343,349,completed,1
12031,Rigid,877912,877918,878261,6,343,349,completed,1
12032,Rigid,877912,877918,878261,6,343,349,completed,1
12033,Rigid,877912,877918,878261,6,343,349,completed,1
12034,Rigid,877912,877918,878261,6,343,349,completed,1
12035,Rigid,877912,877918,878261,6,343,349,completed,1
12036,Rigid,877912,877918,878261,6,343,349,completed,1
12037,Rigid,877912,877918,878261,6,343,349,completed,1
12038,Rigid,877912,877918,878261,6,343,349,completed,1
12039,Rigid,877912,877918,878261,6,343,349,completed,1
12040,Rigid,877912,877918,878261,6,343,349,completed,1
12041,Rigid,877912,877918,878261,6,343,349,completed,1
12042,Rigid,877912,877918,878261,6,343,349,completed,1
12043,Rigid,877912,877918,878261,6,343,349,completed,1
12044,Rigid,877912,877918,878261,6,343,349,completed,1
12045,Rigid,877912,877918,878261,6,343,349,completed,1
12046,Rigid,877912,877918,878261,6,343,349,completed,1
12047,Rigid,877912,877918,878261,6,343,349,completed,1
12048,Rigid,877912,877918,878261,6,343,349,completed,1
12049,Rigid,877912,877918,878261,6,343,349,completed,1
12050,Rigid,877912,877918,878261,6,343,349,completed,1
12051,Rigid,877912,877918,878261,6,343,349,completed,1
12052,Rigid,877912,877918,878261,6,343,349,completed,1
12053,Rigid,877912,877918,878261,6,343,349,completed,1
12054,Rigid,877912,877918,878261,6,343,349,completed,1
12055,Rigid,877912,877918,878261,6,343,349,completed,1
12056,Rigid,877912,877918,878261,6,343,349,completed,1
12057,Rigid,877912,877918,878261,6,343,349,completed,1
12058,Rigid,877912,877918,878261,6,343,349,completed,1
12059,Rigid,877912,877918,878261,6,343,349,completed,1
12060,Rigid,877912,877918,878261,6,343,349,completed,1
12061,Rigid,877912,877918,878261,6,343,349,completed,1
12062,Rigid,877912,877918,878261,6,343,349,completed,1
12063,Rigid,877912,877918,878261,6,343,349,completed,1
12064,Rigid,877912,877918,878261,6,343,349,completed,1
12065,Rigid,877912,877918,878261,6,343,349,completed,1
12066,Rigid,877912,877918,878261,6,343,349,completed,1
12067,Rigid,877912,877918,878261,6,343,349,completed,1
12068,Rigid,877912,877918,878261,6,343,349,completed,1
12069,Rigid,877912,877918,878261,6,343,349,completed,1
12070,Rigid,877912,877918,878261,6,343,349,completed,1
12071,Rigid,877912,877918,878261,6,343,349,completed,1
12072,Rigid,877912,877918,878261,6,343,349,completed,1
12073,Rigid,877912,877919,878261,7,342,349,completed,1
12074,Rigid,877912,877919,878261,7,342,349,completed,1
12075,Rigid,877912,877919,878261,7,342,349,completed,1
12076,Rigid,877912,877919,878261,7,342,349,completed,1
12077,Rigid,877912,877919,878261,7,342,349,completed,1
12078,Rigid,877912,877919,878261,7,342,349,completed,1
12079,Rigid,877912,877919,878261,7,342,349,completed,1
12080,Rigid,877912,877919,878261,7,342,349,completed,1
12081,Rigid,877912,877919,878261,7,342,349,completed,1
12082,Rigid,877912,877919,878261,7,342,349,completed,1
12083,Rigid,877912,877919,878261,7,342,349,completed,1
12084,Rigid,877912,877919,878261,7,342,349,completed,1
12085,Rigid,877912,877919,878261,7,342,349,completed,1
12086,Rigid,877912,877919,878261,7,342,349,completed,1
12087,Rigid,877912,877919,878261,7,342,349,completed,1
12088,Rigid,877912,877919,878261,7,342,349,completed,1
12089,Rigid,877912,877919,878261,7,342,349,completed,1
12090,Rigid,877912,877919,878261,7,342,349,completed,1
12091,Rigid,877912,877919,878261,7,342,349,completed,1
12092,Rigid,877912,877919,878261,7,342,349,completed,1
12093,Rigid,877912,877919,878261,7,342,349,completed,1
12094,Rigid,877912,877919,878261,7,342,349,completed,1
12095,Rigid,877912,877919,878261,7,342,349,completed,1
12096,Rigid,877912,877919,878261,7,342,349,completed,1
12097,Rigid,877912,877919,878261,7,342,349,completed,1
12098,Rigid,877912,877919,878261,7,342,349,completed,1
12099,Rigid,877912,877919,878261,7,342,349,completed,1
12100,Rigid,877912,877919,878261,7,342,349,completed,1
12101,Rigid,877912,877919,878261,7,342,349,completed,1
12102,Rigid,877912,877919,878261,7,342,349,completed,1
12103,Rigid,877912,877919,878261,7,342,349,completed,1
12104,Rigid,877912,877919,878261,7,342,349,completed,1
12105,Rigid,877912,877919,878261,7,342,349,completed,1
12106,Rigid,877912,877919,878261,7,342,349,completed,1
12107,Rigid,877912,877974,878261,62,287,349,completed,1
12108,Rigid,877912,877974,878261,62,287,349,completed,1
12109,Rigid,877912,877974,878261,62,287,349,completed,1
12110,Rigid,877912,877974,878261,62,287,349,completed,1
12111,Rigid,877912,877975,878261,63,286,349,completed,1
12112,Rigid,877912,877975,878261,63,286,349,completed,1
12113,Rigid,877912,877975,878261,63,286,349,completed,1
12114,Rigid,877912,877975,878261,63,286,349,completed,1
12115,Rigid,877912,877975,878261,63,286,349,completed,1
12116,Rigid,877912,877975,878261,63,286,349,completed,1
12117,Rigid,877912,877975,878261,63,286,349,completed,1
12118,Rigid,877912,877975,878261,63,286,349,completed,1
12119,Rigid,877912,877975,878261,63,286,349,completed,1
12120,Rigid,877912,877975,878261,63,286,349,completed,1
12121,Rigid,877912,877975,878261,63,286,349,completed,1
12122,Rigid,877912,877975,878261,63,286,349,completed,1
12123,Rigid,877912,877975,878261,63,286,349,completed,1
12124,Rigid,877912,877975,878261,63,286,349,completed,1
12125,Rigid,877912,877976,878261,64,285,349,completed,1
12126,Rigid,877912,877976,878261,64,285,349,completed,1
12127,Rigid,877912,877976,878261,64,285,349,completed,1
12128,Rigid,877912,877976,878261,64,285,349,completed,1
12129,Rigid,877912,877976,878261,64,285,349,completed,1
12130,Rigid,877912,877976,878261,64,285,349,completed,1
12131,Rigid,877912,877976,878261,64,285,349,completed,1
12132,Rigid,877912,877976,878261,64,285,349,completed,1
12133,Rigid,877912,877976,878261,64,285,349,completed,1
12134,Rigid,877912,877976,878261,64,285,349,completed,1
12135,Rigid,877912,877976,878261,64,285,349,completed,1
12136,Rigid,877912,877976,878261,64,285,349,completed,1
12137,Rigid,877912,877976,878261,64,285,349,completed,1
12138,Rigid,877912,877976,878261,64,285,349,completed,1
12139,Rigid,877912,877976,878261,64,285,349,completed,1
12140,Rigid,877912,877976,878261,64,285,349,completed,1
12141,Rigid,877912,877976,878261,64,285,349,completed,1
12142,Rigid,877912,877976,878261,64,285,349,completed,1
12143,Rigid,877912,878011,878261,99,250,349,completed,1
12144,Rigid,877912,878011,878261,99,250,349,completed,1
12145,Rigid,877912,878011,878261,99,250,349,completed,1
12146,Rigid,877912,878011,878261,99,250,349,completed,1
12147,Rigid,877912,878011,878261,99,250,349,completed,1
12148,Rigid,877912,878011,878261,99,250,349,completed,1
12149,Rigid,877912,878011,878261,99,250,349,completed,1
12150,Rigid,877912,878011,878261,99,250,349,completed,1
12151,Rigid,877912,878011,878261,99,250,349,completed,1
12152,Rigid,877912,878011,878261,99,250,349,completed,1
12153,Rigid,877912,878011,878261,99,250,349,completed,1
12154,Rigid,877912,878011,878261,99,250,349,completed,1
12155,Rigid,877912,878011,878261,99,250,349,completed,1
12156,Rigid,877912,878011,878261,99,250,349,completed,1
12157,Rigid,877912,878011,878261,99,250,349,completed,1
12158,Rigid,877912,878011,878261,99,250,349,completed,1
12159,Rigid,877912,878011,878261,99,250,349,completed,1
12160,Rigid,877912,878011,878261,99,250,349,completed,1
12161,Rigid,877912,878011,878261,99,250,349,completed,1
12162,Rigid,877912,878012,878261,100,249,349,completed,1
12163,Rigid,877912,878012,878261,100,249,349,completed,1
12164,Rigid,877912,878012,878261,100,249,349,completed,1
12165,Rigid,877912,878012,878261,100,249,349,completed,1
12166,Rigid,877912,878012,878261,100,249,349,completed,1
12167,Rigid,877912,878012,878261,100,249,349,completed,1
12168,Rigid,877912,878012,878261,100,249,349,completed,1
12169,Rigid,877912,878012,878261,100,249,349,completed,1
12170,Rigid,877912,878012,878261,100,249,349,completed,1
12171,Rigid,877912,878012,878261,100,249,349,completed,1
12172,Rigid,877912,878012,878261,100,249,349,completed,1
12173,Rigid,877912,878012,878261,100,249,349,completed,1
12174,Rigid,877912,878012,878261,100,249,349,completed,1
12175,Rigid,877912,878012,878261,100,249,349,completed,1
12176,Rigid,877912,878012,878261,100,249,349,completed,1
12177,Rigid,877912,878012,878261,100,249,349,completed,1
12178,Rigid,877912,878012,878261,100,249,349,completed,1
12179,Rigid,877977,877978,877989,1,11,12,completed,72
12180,Rigid,878011,878038,878080,27,42,69,completed,72
12181,Rigid,878027,878028,878140,1,112,113,completed,16
12182,Rigid,878078,878081,878255,3,174,177,completed,72
12183,Rigid,878097,878268,879102,171,834,1005,completed,36
12184,Rigid,878121,878147,878188,26,41,67,completed,72
12185,Rigid,878234,878360,884010,126,5650,5776,completed,144
12186,Rigid,878267,878267,878339,0,72,72,completed,36
12187,Rigid,878276,878276,878313,0,37,37,completed,72
12188,Rigid,878278,878315,878517,37,202,239,completed,72
12189,Rigid,878303,878340,878356,37,16,53,completed,72
12190,Rigid,878377,878378,878393,1,15,16,completed,72
12191,Rigid,878399,878402,879411,3,1009,1012,completed,16
12192,Rigid,878418,878518,878554,100,36,136,completed,72
12193,Rigid,878473,878481,878551,8,70,78,completed,36
12194,Rigid,878529,878541,878654,12,113,125,completed,16
12195,Rigid,878551,883152,953906,4601,70754,75355,completed,360
12196,Rigid,878638,878638,879402,0,764,764,completed,36
12197,Rigid,878639,878642,878678,3,36,39,completed,72
12198,Rigid,878670,878671,882514,1,3843,3844,completed,1
12199,Rigid,878670,878671,883083,1,4412,4413,completed,1
12200,Rigid,878670,878671,882361,1,3690,3691,completed,1
12201,Rigid,878670,878671,882561,1,3890,3891,completed,1
12202,Rigid,878670,878671,883298,1,4627,4628,completed,1
12203,Rigid,878670,878671,883310,1,4639,4640,completed,1
12204,Rigid,878670,878671,881842,1,3171,3172,completed,1
12205,Rigid,878670,878671,882574,1,3903,3904,completed,1
12206,Rigid,878670,878671,882258,1,3587,3588,completed,1
12207,Rigid,878670,878671,882178,1,3507,3508,completed,1
12208,Rigid,878670,878671,882586,1,3915,3916,completed,1
12209,Rigid,878670,878671,882006,1,3335,3336,completed,1
12210,Rigid,878670,878671,881847,1,3176,3177,completed,1
12211,Rigid,878670,878671,882481,1,3810,3811,completed,1
12212,Rigid,878670,878671,882331,1,3660,3661,completed,1
12213,Rigid,878670,878671,882613,1,3942,3943,completed,1
12214,Rigid,878670,878671,882589,1,3918,3919,completed,1
12215,Rigid,878670,878671,882111,1,3440,3441,completed,1
12216,Rigid,878670,878671,881883,1,3212,3213,completed,1
12217,Rigid,878670,878671,882447,1,3776,3777,completed,1
12218,Rigid,878670,878671,882420,1,3749,3750,completed,1
12219,Rigid,878670,878671,882715,1,4044,4045,completed,1
12220,Rigid,878670,878671,882739,1,4068,4069,completed,1
12221,Rigid,878670,878671,882424,1,3753,3754,completed,1
12222,Rigid,878670,878671,881817,1,3146,3147,completed,1
12223,Rigid,878670,878671,883052,1,4381,4382,completed,1
12224,Rigid,878670,878671,882918,1,4247,4248,completed,1
12225,Rigid,878670,878671,882725,1,4054,4055,completed,1
12226,Rigid,878670,878671,882518,1,3847,3848,completed,1
12227,Rigid,878670,878671,882395,1,3724,3725,completed,1
12228,Rigid,878670,878671,881916,1,3245,3246,completed,1
12229,Rigid,878670,878671,882328,1,3657,3658,completed,1
12230,Rigid,878670,878671,882393,1,3722,3723,completed,1
12231,Rigid,878670,878672,882285,2,3613,3615,completed,1
12232,Rigid,878670,878672,882696,2,4024,4026,completed,1
12233,Rigid,878670,878672,882021,2,3349,3351,completed,1
12234,Rigid,878670,878672,882213,2,3541,3543,completed,1
12235,Rigid,878670,878672,882135,2,3463,3465,completed,1
12236,Rigid,878670,878672,882028,2,3356,3358,completed,1
12237,Rigid,878670,878672,882229,2,3557,3559,completed,1
12238,Rigid,878670,878672,882617,2,3945,3947,completed,1
12239,Rigid,878670,878672,882797,2,4125,4127,completed,1
12240,Rigid,878670,878672,882460,2,3788,3790,completed,1
12241,Rigid,878670,878672,882433,2,3761,3763,completed,1
12242,Rigid,878670,878672,882866,2,4194,4196,completed,1
12243,Rigid,878670,878672,882061,2,3389,3391,completed,1
12244,Rigid,878670,878672,883070,2,4398,4400,completed,1
12245,Rigid,878670,878672,882438,2,3766,3768,completed,1
12246,Rigid,878670,878672,882829,2,4157,4159,completed,1
12247,Rigid,878670,878672,882424,2,3752,3754,completed,1
12248,Rigid,878670,878672,880329,2,1657,1659,completed,1
12249,Rigid,878670,878672,880352,2,1680,1682,completed,1
12250,Rigid,878670,878672,880312,2,1640,1642,completed,1
12251,Rigid,878670,878672,880262,2,1590,1592,completed,1
12252,Rigid,878670,878672,880288,2,1616,1618,completed,1
12253,Rigid,878670,878672,880258,2,1586,1588,completed,1
12254,Rigid,878670,878672,880348,2,1676,1678,completed,1
12255,Rigid,878670,878672,880353,2,1681,1683,completed,1
12256,Rigid,878670,878672,880282,2,1610,1612,completed,1
12257,Rigid,878670,878679,880297,9,1618,1627,completed,1
12258,Rigid,878670,878679,880290,9,1611,1620,completed,1
12259,Rigid,878670,878679,880251,9,1572,1581,completed,1
12260,Rigid,878670,878679,880280,9,1601,1610,completed,1
12261,Rigid,878670,878680,880333,10,1653,1663,completed,1
12262,Rigid,878670,878680,880332,10,1652,1662,completed,1
12263,Rigid,878670,878680,880261,10,1581,1591,completed,1
12264,Rigid,878670,878680,880308,10,1628,1638,completed,1
12265,Rigid,878670,878680,880269,10,1589,1599,completed,1
12266,Rigid,878670,878680,880429,10,1749,1759,completed,1
12267,Rigid,878670,878680,880475,10,1795,1805,completed,1
12268,Rigid,878670,878680,880334,10,1654,1664,completed,1
12269,Rigid,878670,878680,880282,10,1602,1612,completed,1
12270,Rigid,878670,878680,880314,10,1634,1644,completed,1
12271,Rigid,878670,878680,880317,10,1637,1647,completed,1
12272,Rigid,878670,878680,880353,10,1673,1683,completed,1
12273,Rigid,878670,878680,880300,10,1620,1630,completed,1
12274,Rigid,878670,878680,880266,10,1586,1596,completed,1
12275,Rigid,878670,878680,880316,10,1636,1646,completed,1
12276,Rigid,878670,878680,880256,10,1576,1586,completed,1
12277,Rigid,878670,878680,880357,10,1677,1687,completed,1
12278,Rigid,878670,878680,880265,10,1585,1595,completed,1
12279,Rigid,878670,878680,880415,10,1735,1745,completed,1
12280,Rigid,878670,878680,880370,10,1690,1700,completed,1
12281,Rigid,878670,878680,880313,10,1633,1643,completed,1
12282,Rigid,878670,878680,880331,10,1651,1661,completed,1
12283,Rigid,878670,878680,880244,10,1564,1574,completed,1
12284,Rigid,878670,878680,880338,10,1658,1668,completed,1
12285,Rigid,878670,878680,880354,10,1674,1684,completed,1
12286,Rigid,878670,878680,880456,10,1776,1786,completed,1
12287,Rigid,878670,878680,880283,10,1603,1613,completed,1
12288,Rigid,878670,878680,880306,10,1626,1636,completed,1
12289,Rigid,878670,878680,880263,10,1583,1593,completed,1
12290,Rigid,878670,878680,880412,10,1732,1742,completed,1
12291,Rigid,878670,878680,880346,10,1666,1676,completed,1
12292,Rigid,878670,878680,880376,10,1696,1706,completed,1
12293,Rigid,878670,878680,880314,10,1634,1644,completed,1
12294,Rigid,878670,878680,880340,10,1660,1670,completed,1
12295,Rigid,878670,878680,880304,10,1624,1634,completed,1
12296,Rigid,878670,878680,880314,10,1634,1644,completed,1
12297,Rigid,878670,878680,880384,10,1704,1714,completed,1
12298,Rigid,878670,878680,890278,10,11598,11608,completed,1
12299,Rigid,878670,878680,890316,10,11636,11646,completed,1
12300,Rigid,878670,878680,889584,10,10904,10914,completed,1
12301,Rigid,878670,878680,890190,10,11510,11520,completed,1
12302,Rigid,878670,878680,890159,10,11479,11489,completed,1
12303,Rigid,878670,878680,893681,10,15001,15011,completed,1
12304,Rigid,878670,878680,892248,10,13568,13578,completed,1
12305,Rigid,878670,878680,891958,10,13278,13288,completed,1
12306,Rigid,878670,878680,889781,10,11101,11111,completed,1
12307,Rigid,878670,878680,891528,10,12848,12858,completed,1
12308,Rigid,878670,878680,890958,10,12278,12288,completed,1
12309,Rigid,878670,878680,891359,10,12679,12689,completed,1
12310,Rigid,878670,878680,890309,10,11629,11639,completed,1
12311,Rigid,878670,878680,889957,10,11277,11287,completed,1
12312,Rigid,878670,878680,892508,10,13828,13838,completed,1
12313,Rigid,878670,878680,891080,10,12400,12410,completed,1
12314,Rigid,878670,878680,891045,10,12365,12375,completed,1
12315,Rigid,878670,878680,891711,10,13031,13041,completed,1
12316,Rigid,878670,878680,891864,10,13184,13194,completed,1
12317,Rigid,878670,878680,890987,10,12307,12317,completed,1
12318,Rigid,878670,878680,892203,10,13523,13533,completed,1
12319,Rigid,878670,878680,892492,10,13812,13822,completed,1
12320,Rigid,878670,878680,891548,10,12868,12878,completed,1
12321,Rigid,878670,878680,892740,10,14060,14070,completed,1
12322,Rigid,878670,878680,890656,10,11976,11986,completed,1
12323,Rigid,878670,878680,892065,10,13385,13395,completed,1
12324,Rigid,878670,878680,891365,10,12685,12695,completed,1
12325,Rigid,878670,878680,891152,10,12472,12482,completed,1
12326,Rigid,878670,878680,891211,10,12531,12541,completed,1
12327,Rigid,878670,878680,891722,10,13042,13052,completed,1
12328,Rigid,878670,878680,890627,10,11947,11957,completed,1
12329,Rigid,878670,878680,890717,10,12037,12047,completed,1
12330,Rigid,878670,878680,890312,10,11632,11642,completed,1
12331,Rigid,878670,878680,891546,10,12866,12876,completed,1
12332,Rigid,878670,878680,892691,10,14011,14021,completed,1
12333,Rigid,878670,878680,893880,10,15200,15210,completed,1
12334,Rigid,878670,878680,892437,10,13757,13767,completed,1
12335,Rigid,878670,878680,892167,10,13487,13497,completed,1
12336,Rigid,878670,878680,890477,10,11797,11807,completed,1
12337,Rigid,878670,878680,891400,10,12720,12730,completed,1
12338,Rigid,878670,878680,891089,10,12409,12419,completed,1
12339,Rigid,878670,878680,892927,10,14247,14257,completed,1
12340,Rigid,878670,878680,890437,10,11757,11767,completed,1
12341,Rigid,878670,878680,890843,10,12163,12173,completed,1
12342,Rigid,878670,878680,890899,10,12219,12229,completed,1
12343,Rigid,878670,878680,892178,10,13498,13508,completed,1
12344,Rigid,878670,878680,890841,10,12161,12171,completed,1
12345,Rigid,878670,878680,890506,10,11826,11836,completed,1
12346,Rigid,878670,878680,892492,10,13812,13822,completed,1
12347,Rigid,878670,878680,892655,10,13975,13985,completed,1
12348,Rigid,878670,878680,887574,10,8894,8904,completed,1
12349,Rigid,878670,878680,887651,10,8971,8981,completed,1
12350,Rigid,878670,878691,888719,21,10028,10049,completed,1
12351,Rigid,878670,878691,888576,21,9885,9906,completed,1
12352,Rigid,878670,878691,887981,21,9290,9311,completed,1
12353,Rigid,878670,878691,888046,21,9355,9376,completed,1
12354,Rigid,878670,878691,887516,21,8825,8846,completed,1
12355,Rigid,878670,878691,888048,21,9357,9378,completed,1
12356,Rigid,878670,878691,888744,21,10053,10074,completed,1
12357,Rigid,878670,878691,888350,21,9659,9680,completed,1
12358,Rigid,878670,878691,888503,21,9812,9833,completed,1
12359,Rigid,878670,878691,888055,21,9364,9385,completed,1
12360,Rigid,878670,878691,888875,21,10184,10205,completed,1
12361,Rigid,878670,878691,888225,21,9534,9555,completed,1
12362,Rigid,878670,878691,887521,21,8830,8851,completed,1
12363,Rigid,878670,878691,889009,21,10318,10339,completed,1
12364,Rigid,878670,878691,888736,21,10045,10066,completed,1
12365,Rigid,878670,878691,888792,21,10101,10122,completed,1
12366,Rigid,878670,878691,888185,21,9494,9515,completed,1
12367,Rigid,878670,878691,888968,21,10277,10298,completed,1
12368,Rigid,878670,878691,888911,21,10220,10241,completed,1
12369,Rigid,878670,878691,887002,21,8311,8332,completed,1
12370,Rigid,878670,878691,888287,21,9596,9617,completed,1
12371,Rigid,878670,878691,888761,21,10070,10091,completed,1
12372,Rigid,878670,878691,888543,21,9852,9873,completed,1
12373,Rigid,878670,878691,887510,21,8819,8840,completed,1
12374,Rigid,878670,878691,888438,21,9747,9768,completed,1
12375,Rigid,878670,878691,889247,21,10556,10577,completed,1
12376,Rigid,878670,878691,888352,21,9661,9682,completed,1
12377,Rigid,878670,878691,887842,21,9151,9172,completed,1
12378,Rigid,878670,878691,888323,21,9632,9653,completed,1
12379,Rigid,878670,878691,887733,21,9042,9063,completed,1
12380,Rigid,878670,878691,889396,21,10705,10726,completed,1
12381,Rigid,878670,878691,888384,21,9693,9714,completed,1
12382,Rigid,878670,878692,888567,22,9875,9897,completed,1
12383,Rigid,878670,878692,888450,22,9758,9780,completed,1
12384,Rigid,878670,878692,888098,22,9406,9428,completed,1
12385,Rigid,878670,878692,887574,22,8882,8904,completed,1
12386,Rigid,878670,878692,887688,22,8996,9018,completed,1
12387,Rigid,878670,878692,888655,22,9963,9985,completed,1
12388,Rigid,878670,878692,888507,22,9815,9837,completed,1
12389,Rigid,878670,878692,889026,22,10334,10356,completed,1
12390,Rigid,878670,878692,888049,22,9357,9379,completed,1
12391,Rigid,878670,878692,888510,22,9818,9840,completed,1
12392,Rigid,878670,878692,888366,22,9674,9696,completed,1
12393,Rigid,878670,878692,888916,22,10224,10246,completed,1
12394,Rigid,878670,878692,887657,22,8965,8987,completed,1
12395,Rigid,878670,878692,889178,22,10486,10508,completed,1
12396,Rigid,878670,878692,887576,22,8884,8906,completed,1
12397,Rigid,878670,878692,888032,22,9340,9362,completed,1
12398,Rigid,878670,878692,891382,22,12690,12712,completed,1
12399,Rigid,878670,878692,890924,22,12232,12254,completed,1
12400,Rigid,878670,878692,891401,22,12709,12731,completed,1
12401,Rigid,878670,878692,890961,22,12269,12291,completed,1
12402,Rigid,878670,878692,890856,22,12164,12186,completed,1
12403,Rigid,878670,878692,890003,22,11311,11333,completed,1
12404,Rigid,878670,878692,889938,22,11246,11268,completed,1
12405,Rigid,878670,878692,889717,22,11025,11047,completed,1
12406,Rigid,878670,878692,890700,22,12008,12030,completed,1
12407,Rigid,878670,878693,891467,23,12774,12797,completed,1
12408,Rigid,878670,878693,891483,23,12790,12813,completed,1
12409,Rigid,878670,878693,889971,23,11278,11301,completed,1
12410,Rigid,878670,878693,892287,23,13594,13617,completed,1
12411,Rigid,878670,878693,889997,23,11304,11327,completed,1
12412,Rigid,878670,878693,891917,23,13224,13247,completed,1
12413,Rigid,878670,878693,892677,23,13984,14007,completed,1
12414,Rigid,878670,878693,889844,23,11151,11174,completed,1
12415,Rigid,878670,878693,891521,23,12828,12851,completed,1
12416,Rigid,878670,878693,890755,23,12062,12085,completed,1
12417,Rigid,878670,878693,890625,23,11932,11955,completed,1
12418,Rigid,878670,878693,891619,23,12926,12949,completed,1
12419,Rigid,878670,878693,891606,23,12913,12936,completed,1
12420,Rigid,878670,878693,891687,23,12994,13017,completed,1
12421,Rigid,878670,878693,890817,23,12124,12147,completed,1
12422,Rigid,878670,878694,891801,24,13107,13131,completed,1
12423,Rigid,878670,878694,891723,24,13029,13053,completed,1
12424,Rigid,878670,878694,891981,24,13287,13311,completed,1
12425,Rigid,878670,878694,891597,24,12903,12927,completed,1
12426,Rigid,878670,878694,890833,24,12139,12163,completed,1
12427,Rigid,878670,878694,891442,24,12748,12772,completed,1
12428,Rigid,878670,878694,892995,24,14301,14325,completed,1
12429,Rigid,878670,878694,890977,24,12283,12307,completed,1
12430,Rigid,878670,878694,890729,24,12035,12059,completed,1
12431,Rigid,878670,878694,890852,24,12158,12182,completed,1
12432,Rigid,878670,878694,889748,24,11054,11078,completed,1
12433,Rigid,878670,878694,890557,24,11863,11887,completed,1
12434,Rigid,878670,878694,891575,24,12881,12905,completed,1
12435,Rigid,878670,878694,889859,24,11165,11189,completed,1
12436,Rigid,878670,878694,890848,24,12154,12178,completed,1
12437,Rigid,878670,878694,890664,24,11970,11994,completed,1
12438,Rigid,878670,878694,891075,24,12381,12405,completed,1
12439,Rigid,878670,878694,890678,24,11984,12008,completed,1
12440,Rigid,878670,878694,890897,24,12203,12227,completed,1
12441,Rigid,878670,878694,890373,24,11679,11703,completed,1
12442,Rigid,878670,878694,890433,24,11739,11763,completed,1
12443,Rigid,878670,878694,891817,24,13123,13147,completed,1
12444,Rigid,878670,878694,890889,24,12195,12219,completed,1
12445,Rigid,878670,878694,892297,24,13603,13627,completed,1
12446,Rigid,878670,878694,890020,24,11326,11350,completed,1
12447,Rigid,878670,878694,892643,24,13949,13973,completed,1
12448,Rigid,878670,878694,944086,24,65392,65416,completed,1
12449,Rigid,878670,878694,944127,24,65433,65457,completed,1
12450,Rigid,878670,878694,941348,24,62654,62678,completed,1
12451,Rigid,878670,878694,938042,24,59348,59372,completed,1
12452,Rigid,878670,878694,941931,24,63237,63261,completed,1
12453,Rigid,878670,878694,944448,24,65754,65778,completed,1
12454,Rigid,878670,878694,942686,24,63992,64016,completed,1
12455,Rigid,878670,878694,949480,24,70786,70810,completed,1
12456,Rigid,878670,878694,940399,24,61705,61729,completed,1
12457,Rigid,878670,878694,940463,24,61769,61793,completed,1
12458,Rigid,878670,878694,938610,24,59916,59940,completed,1
12459,Rigid,878670,878694,945817,24,67123,67147,completed,1
12460,Rigid,878670,878694,948187,24,69493,69517,completed,1
12461,Rigid,878670,878694,937778,24,59084,59108,completed,1
12462,Rigid,878670,878694,941902,24,63208,63232,completed,1
12463,Rigid,878670,878694,947150,24,68456,68480,completed,1
12464,Rigid,878670,878694,945013,24,66319,66343,completed,1
12465,Rigid,878670,878694,940178,24,61484,61508,completed,1
12466,Rigid,878670,878694,943995,24,65301,65325,completed,1
12467,Rigid,878670,878694,942419,24,63725,63749,completed,1
12468,Rigid,878670,878694,943441,24,64747,64771,completed,1
12469,Rigid,878670,878694,941725,24,63031,63055,completed,1
12470,Rigid,878670,878694,942847,24,64153,64177,completed,1
12471,Rigid,878670,878694,947286,24,68592,68616,completed,1
12472,Rigid,878670,878694,945065,24,66371,66395,completed,1
12473,Rigid,878670,878694,943945,24,65251,65275,completed,1
12474,Rigid,878670,878694,941897,24,63203,63227,completed,1
12475,Rigid,878670,878694,940651,24,61957,61981,completed,1
12476,Rigid,878670,878694,937833,24,59139,59163,completed,1
12477,Rigid,878670,878694,943990,24,65296,65320,completed,1
12478,Rigid,878670,878694,945199,24,66505,66529,completed,1
12479,Rigid,878670,878694,943967,24,65273,65297,completed,1
12480,Rigid,878670,878694,939685,24,60991,61015,completed,1
12481,Rigid,878670,878694,937018,24,58324,58348,completed,1
12482,Rigid,878670,878694,944959,24,66265,66289,completed,1
12483,Rigid,878670,878694,947680,24,68986,69010,completed,1
12484,Rigid,878670,878694,942685,24,63991,64015,completed,1
12485,Rigid,878670,878694,949988,24,71294,71318,completed,1
12486,Rigid,878670,878694,942268,24,63574,63598,completed,1
12487,Rigid,878670,878694,952965,24,74271,74295,completed,1
12488,Rigid,878670,878694,947061,24,68367,68391,completed,1
12489,Rigid,878670,878694,938855,24,60161,60185,completed,1
12490,Rigid,878670,878694,936942,24,58248,58272,completed,1
12491,Rigid,878670,878694,942997,24,64303,64327,completed,1
12492,Rigid,878670,878694,945194,24,66500,66524,completed,1
12493,Rigid,878670,878694,943030,24,64336,64360,completed,1
12494,Rigid,878670,878694,938490,24,59796,59820,completed,1
12495,Rigid,878670,878694,947703,24,69009,69033,completed,1
12496,Rigid,878670,878694,945536,24,66842,66866,completed,1
12497,Rigid,878670,878694,943633,24,64939,64963,completed,1
12498,Rigid,878839,878840,879665,1,825,826,completed,72
12499,Rigid,878875,878875,879161,0,286,286,completed,144
12500,Rigid,878885,878886,884985,1,6099,6100,completed,1
12501,Rigid,878885,878886,884225,1,5339,5340,completed,1
12502,Rigid,878885,878886,884599,1,5713,5714,completed,1
12503,Rigid,878885,878886,884557,1,5671,5672,completed,1
12504,Rigid,878885,878886,884107,1,5221,5222,completed,1
12505,Rigid,878885,878886,884166,1,5280,5281,completed,1
12506,Rigid,878885,878886,884301,1,5415,5416,completed,1
12507,Rigid,878885,878886,884617,1,5731,5732,completed,1
12508,Rigid,878885,878886,884642,1,5756,5757,completed,1
12509,Rigid,878885,878886,884508,1,5622,5623,completed,1
12510,Rigid,878885,878886,884193,1,5307,5308,completed,1
12511,Rigid,878885,878886,883970,1,5084,5085,completed,1
12512,Rigid,878885,878886,884385,1,5499,5500,completed,1
12513,Rigid,878885,878886,884380,1,5494,5495,completed,1
12514,Rigid,878885,878886,885317,1,6431,6432,completed,1
12515,Rigid,878885,878886,885122,1,6236,6237,completed,1
12516,Rigid,878885,878886,885288,1,6402,6403,completed,1
12517,Rigid,878885,878886,884010,1,5124,5125,completed,1
12518,Rigid,878885,878886,883884,1,4998,4999,completed,1
12519,Rigid,878885,878886,885593,1,6707,6708,completed,1
12520,Rigid,878885,878886,885258,1,6372,6373,completed,1
12521,Rigid,878885,878886,884832,1,5946,5947,completed,1
12522,Rigid,878885,878886,884634,1,5748,5749,completed,1
12523,Rigid,878885,878886,884183,1,5297,5298,completed,1
12524,Rigid,878885,878886,884307,1,5421,5422,completed,1
12525,Rigid,878885,878886,884782,1,5896,5897,completed,1
12526,Rigid,878885,878886,884961,1,6075,6076,completed,1
12527,Rigid,878885,878886,885287,1,6401,6402,completed,1
12528,Rigid,878885,878886,883925,1,5039,5040,completed,1
12529,Rigid,878885,878886,884294,1,5408,5409,completed,1
12530,Rigid,878885,878886,884570,1,5684,5685,completed,1
12531,Rigid,878885,878886,884670,1,5784,5785,completed,1
12532,Rigid,878885,878886,884216,1,5330,5331,completed,1
12533,Rigid,878885,878886,885014,1,6128,6129,completed,1
12534,Rigid,878885,878886,885113,1,6227,6228,completed,1
12535,Rigid,878885,878886,884070,1,5184,5185,completed,1
12536,Rigid,878885,878886,883916,1,5030,5031,completed,1
12537,Rigid,878885,878886,884872,1,5986,5987,completed,1
12538,Rigid,878885,878886,884411,1,5525,5526,completed,1
12539,Rigid,878885,878886,884489,1,5603,5604,completed,1
12540,Rigid,878885,878886,884811,1,5925,5926,completed,1
12541,Rigid,878885,878886,885086,1,6200,6201,completed,1
12542,Rigid,878885,878886,884713,1,5827,5828,completed,1
12543,Rigid,878885,878886,885213,1,6327,6328,completed,1
12544,Rigid,878885,878886,884840,1,5954,5955,completed,1
12545,Rigid,878885,878886,884443,1,5557,5558,completed,1
12546,Rigid,878885,878886,884901,1,6015,6016,completed,1
12547,Rigid,878885,878886,884501,1,5615,5616,completed,1
12548,Rigid,878885,878886,884551,1,5665,5666,completed,1
12549,Rigid,878885,878886,884041,1,5155,5156,completed,1
12550,Rigid,878885,878886,882782,1,3896,3897,completed,1
12551,Rigid,878885,878886,882983,1,4097,4098,completed,1
12552,Rigid,878885,878886,883009,1,4123,4124,completed,1
12553,Rigid,878885,878886,882666,1,3780,3781,completed,1
12554,Rigid,878885,878886,882880,1,3994,3995,completed,1
12555,Rigid,878885,878886,882812,1,3926,3927,completed,1
12556,Rigid,878885,878886,882822,1,3936,3937,completed,1
12557,Rigid,878885,878886,883298,1,4412,4413,completed,1
12558,Rigid,878885,878886,882804,1,3918,3919,completed,1
12559,Rigid,878885,878886,882808,1,3922,3923,completed,1
12560,Rigid,878885,878886,882820,1,3934,3935,completed,1
12561,Rigid,878885,878886,882801,1,3915,3916,completed,1
12562,Rigid,878885,878886,882861,1,3975,3976,completed,1
12563,Rigid,878885,878886,882876,1,3990,3991,completed,1
12564,Rigid,878885,878886,882840,1,3954,3955,completed,1
12565,Rigid,878885,878886,882708,1,3822,3823,completed,1
12566,Rigid,878885,878886,882823,1,3937,3938,completed,1
12567,Rigid,878885,878886,882729,1,3843,3844,completed,1
12568,Rigid,878885,878886,882872,1,3986,3987,completed,1
12569,Rigid,878885,878886,883523,1,4637,4638,completed,1
12570,Rigid,878885,878886,882936,1,4050,4051,completed,1
12571,Rigid,878885,878886,882758,1,3872,3873,completed,1
12572,Rigid,878885,878886,882889,1,4003,4004,completed,1
12573,Rigid,878885,878886,882721,1,3835,3836,completed,1
12574,Rigid,878885,878886,882896,1,4010,4011,completed,1
12575,Rigid,878885,878886,882852,1,3966,3967,completed,1
12576,Rigid,878885,878886,882803,1,3917,3918,completed,1
12577,Rigid,878885,878886,882901,1,4015,4016,completed,1
12578,Rigid,878885,878886,882789,1,3903,3904,completed,1
12579,Rigid,878885,878886,882730,1,3844,3845,completed,1
12580,Rigid,878885,878886,882999,1,4113,4114,completed,1
12581,Rigid,878885,878886,882761,1,3875,3876,completed,1
12582,Rigid,878885,878886,882711,1,3825,3826,completed,1
12583,Rigid,878885,878886,882761,1,3875,3876,completed,1
12584,Rigid,878885,878886,882857,1,3971,3972,completed,1
12585,Rigid,878885,878886,882716,1,3830,3831,completed,1
12586,Rigid,878885,878886,882815,1,3929,3930,completed,1
12587,Rigid,878885,878886,882823,1,3937,3938,completed,1
12588,Rigid,878885,878886,883020,1,4134,4135,completed,1
12589,Rigid,878885,878886,882712,1,3826,3827,completed,1
12590,Rigid,878885,878886,882861,1,3975,3976,completed,1
12591,Rigid,878885,878886,882956,1,4070,4071,completed,1
12592,Rigid,878885,878886,882963,1,4077,4078,completed,1
12593,Rigid,878885,878886,883293,1,4407,4408,completed,1
12594,Rigid,878885,878886,882781,1,3895,3896,completed,1
12595,Rigid,878885,878886,882638,1,3752,3753,completed,1
12596,Rigid,878885,878886,882753,1,3867,3868,completed,1
12597,Rigid,878885,878886,882795,1,3909,3910,completed,1
12598,Rigid,878885,878886,882848,1,3962,3963,completed,1
12599,Rigid,878885,878886,882752,1,3866,3867,completed,1
12600,Rigid,878885,878886,894133,1,15247,15248,completed,1
12601,Rigid,878885,878886,893927,1,15041,15042,completed,1
12602,Rigid,878885,878886,893470,1,14584,14585,completed,1
12603,Rigid,878885,878886,893229,1,14343,14344,completed,1
12604,Rigid,878885,878886,893583,1,14697,14698,completed,1
12605,Rigid,878885,878886,895214,1,16328,16329,completed,1
12606,Rigid,878885,878886,894226,1,15340,15341,completed,1
12607,Rigid,878885,878886,893704,1,14818,14819,completed,1
12608,Rigid,878885,878886,893733,1,14847,14848,completed,1
12609,Rigid,878885,878886,896362,1,17476,17477,completed,1
12610,Rigid,878885,878886,894350,1,15464,15465,completed,1
12611,Rigid,878885,878886,894404,1,15518,15519,completed,1
12612,Rigid,878885,878886,893800,1,14914,14915,completed,1
12613,Rigid,878885,878886,894169,1,15283,15284,completed,1
12614,Rigid,878885,878886,893460,1,14574,14575,completed,1
12615,Rigid,878885,878886,893593,1,14707,14708,completed,1
12616,Rigid,878885,878887,894035,2,15148,15150,completed,1
12617,Rigid,878885,878887,894754,2,15867,15869,completed,1
12618,Rigid,878885,878887,894610,2,15723,15725,completed,1
12619,Rigid,878885,878887,894607,2,15720,15722,completed,1
12620,Rigid,878885,878887,893592,2,14705,14707,completed,1
12621,Rigid,878885,878887,894977,2,16090,16092,completed,1
12622,Rigid,878885,878887,892833,2,13946,13948,completed,1
12623,Rigid,878885,878887,894884,2,15997,15999,completed,1
12624,Rigid,878885,878887,894031,2,15144,15146,completed,1
12625,Rigid,878885,878887,893461,2,14574,14576,completed,1
12626,Rigid,878885,878887,893528,2,14641,14643,completed,1
12627,Rigid,878885,878887,893931,2,15044,15046,completed,1
12628,Rigid,878885,878887,894775,2,15888,15890,completed,1
12629,Rigid,878885,878887,896574,2,17687,17689,completed,1
12630,Rigid,878885,878887,895632,2,16745,16747,completed,1
12631,Rigid,878885,878887,894634,2,15747,15749,completed,1
12632,Rigid,878885,878887,893414,2,14527,14529,completed,1
12633,Rigid,878885,878887,892703,2,13816,13818,completed,1
12634,Rigid,878885,878887,895936,2,17049,17051,completed,1
12635,Rigid,878885,878887,895080,2,16193,16195,completed,1
12636,Rigid,878885,878887,893256,2,14369,14371,completed,1
12637,Rigid,878885,878887,894039,2,15152,15154,completed,1
12638,Rigid,878885,878887,894655,2,15768,15770,completed,1
12639,Rigid,878885,878887,894912,2,16025,16027,completed,1
12640,Rigid,878885,878887,894170,2,15283,15285,completed,1
12641,Rigid,878885,878887,895439,2,16552,16554,completed,1
12642,Rigid,878885,878887,894299,2,15412,15414,completed,1
12643,Rigid,878885,878887,894089,2,15202,15204,completed,1
12644,Rigid,878885,878887,893522,2,14635,14637,completed,1
12645,Rigid,878885,878887,892974,2,14087,14089,completed,1
12646,Rigid,878885,878887,894285,2,15398,15400,completed,1
12647,Rigid,878885,878887,893243,2,14356,14358,completed,1
12648,Rigid,878885,878887,893379,2,14492,14494,completed,1
12649,Rigid,878885,878887,892585,2,13698,13700,completed,1
12650,Rigid,879096,879115,879253,19,138,157,completed,16
12651,Rigid,879193,879193,879256,0,63,63,completed,144
12652,Rigid,879239,879413,880629,174,1216,1390,completed,72
12653,Rigid,879291,879291,879310,0,19,19,completed,144
12654,Rigid,879343,879673,879875,330,202,532,completed,72
12655,Rigid,879369,879369,879398,0,29,29,completed,144
12656,Rigid,879384,879384,879490,0,106,106,completed,72
12657,Rigid,879472,879473,879664,1,191,192,completed,144
12658,Rigid,879589,879596,880798,7,1202,1209,completed,16
12659,Rigid,879650,879650,879656,0,6,6,completed,72
12660,Rigid,879653,879876,880826,223,950,1173,completed,16
12661,Rigid,880037,880637,880839,600,202,802,completed,72
12662,Rigid,880053,880053,880391,0,338,338,completed,36
12663,Rigid,880098,880098,880122,0,24,24,completed,36
12664,Rigid,880130,880827,881611,697,784,1481,completed,72
12665,Rigid,880187,880199,880262,12,63,75,completed,36
12666,Rigid,880375,880379,880449,4,70,74,completed,36
12667,Rigid,880484,880499,885752,15,5253,5268,completed,144
12668,Rigid,880511,880511,880533,0,22,22,completed,36
12669,Rigid,880687,880688,880710,1,22,23,completed,36
12670,Rigid,880825,880840,880905,15,65,80,completed,36
12671,Rigid,880997,880998,881262,1,264,265,completed,72
12672,Rigid,881027,881041,881067,14,26,40,completed,36
12673,Rigid,881114,882726,883462,1612,736,2348,completed,16
12674,Rigid,881219,881420,881440,201,20,221,completed,144
12675,Rigid,881269,881270,881825,1,555,556,completed,72
12676,Rigid,881281,881281,882603,0,1322,1322,completed,16
12677,Rigid,881293,881311,883117,18,1806,1824,completed,16
12678,Rigid,881298,881311,884263,13,2952,2965,completed,16
12679,Rigid,881314,881341,883809,27,2468,2495,completed,16
12680,Rigid,881473,881867,881957,394,90,484,completed,144
12681,Rigid,881556,881619,881679,63,60,123,completed,72
12682,Rigid,881601,881684,882663,83,979,1062,completed,72
12683,Rigid,881692,881967,890914,275,8947,9222,completed,144
12684,Rigid,881700,881833,882038,133,205,338,completed,72
12685,Rigid,881809,882039,883240,230,1201,1431,completed,72
12686,Rigid,881860,881883,882451,23,568,591,completed,16
12687,Rigid,881907,882455,884970,548,2515,3063,completed,16
12688,Rigid,882035,882748,909922,713,27174,27887,completed,144
12689,Rigid,882195,882671,882875,476,204,680,completed,36
12690,Rigid,882320,883248,883452,928,204,1132,completed,72
12691,Rigid,882557,883152,883208,595,56,651,completed,1152
12692,Rigid,882674,882674,882701,0,27,27,completed,36
12693,Rigid,882967,882967,882992,0,25,25,completed,36
12694,Rigid,883237,883237,894143,0,10906,10906,completed,360
12695,Rigid,883268,883297,883368,29,71,100,completed,36
12696,Rigid,883333,883453,883484,120,31,151,completed,72
12697,Rigid,883349,883464,883811,115,347,462,completed,72
12698,Rigid,883365,883370,883394,5,24,29,completed,36
12699,Rigid,883442,883443,884019,1,576,577,completed,144
12700,Rigid,883479,883479,883519,0,40,40,completed,36
12701,Rigid,883636,883636,883660,0,24,24,completed,36
12702,Rigid,883645,894847,902977,11202,8130,19332,completed,1152
12703,Rigid,883704,883704,883775,0,71,71,completed,36
12704,Rigid,883783,883784,883797,1,13,14,completed,36
12705,Rigid,883854,883855,883924,1,69,70,completed,36
12706,Rigid,883944,883945,971969,1,88024,88025,completed,360
12707,Rigid,883950,883951,884020,1,69,70,completed,36
12708,Rigid,884070,884071,1051478,1,167407,167408,completed,360
12709,Rigid,884130,884130,884155,0,25,25,completed,36
12710,Rigid,884230,884231,885460,1,1229,1230,completed,72
12711,Rigid,884405,884406,884511,1,105,106,completed,1
12712,Rigid,884405,884406,884511,1,105,106,completed,1
12713,Rigid,884405,884406,884511,1,105,106,completed,1
12714,Rigid,884432,884433,884443,1,10,11,completed,36
12715,Rigid,884653,902979,903051,18326,72,18398,completed,1296
12716,Rigid,884678,884679,884689,1,10,11,completed,36
12717,Rigid,884681,884683,884753,2,70,72,completed,36
12718,Rigid,884783,884784,885187,1,403,404,completed,36
12719,Rigid,884804,884804,884910,0,106,106,completed,144
12720,Rigid,884886,884887,884936,1,49,50,completed,36
12721,Rigid,884946,884946,885060,0,114,114,completed,144
12722,Rigid,884958,884979,897580,21,12601,12622,completed,16
12723,Rigid,884960,884962,884974,2,12,14,completed,36
12724,Rigid,884998,884998,885003,0,5,5,completed,36
12725,Rigid,885104,885105,885402,1,297,298,completed,36
12726,Rigid,885248,885249,885379,1,130,131,completed,36
12727,Rigid,885254,885254,886480,0,1226,1226,completed,144
12728,Rigid,885386,885386,885411,0,25,25,completed,36
12729,Rigid,885409,885469,885801,60,332,392,completed,72
12730,Rigid,885418,885418,885429,0,11,11,completed,36
12731,Rigid,885670,885670,885695,0,25,25,completed,36
12732,Rigid,885690,885809,886095,119,286,405,completed,72
12733,Rigid,885781,885791,885811,10,20,30,completed,36
12734,Rigid,885871,885871,885882,0,11,11,completed,36
12735,Rigid,885906,885907,885932,1,25,26,completed,36
12736,Rigid,886049,886050,886073,1,23,24,completed,1
12737,Rigid,886075,886103,887320,28,1217,1245,completed,72
12738,Rigid,886083,886084,886108,1,24,25,completed,36
12739,Rigid,886136,886151,886168,15,17,32,completed,36
12740,Rigid,886152,886152,886441,0,289,289,completed,36
12741,Rigid,886177,886181,897010,4,10829,10833,completed,216
12742,Rigid,886216,887329,888550,1113,1221,2334,completed,72
12743,Rigid,886271,886271,886410,0,139,139,completed,36
12744,Rigid,886279,886301,886319,22,18,40,completed,36
12745,Rigid,886426,886426,886460,0,34,34,completed,36
12746,Rigid,886480,886480,886505,0,25,25,completed,36
12747,Rigid,886549,886549,886606,0,57,57,completed,36
12748,Rigid,886576,886602,886619,26,17,43,completed,36
12749,Rigid,886691,886692,887446,1,754,755,completed,36
12750,Rigid,886700,886701,886772,1,71,72,completed,36
12751,Rigid,886748,886752,886771,4,19,23,completed,36
12752,Rigid,886783,886784,890286,1,3502,3503,completed,144
12753,Rigid,886986,887563,963068,577,75505,76082,completed,288
12754,Rigid,886994,887022,887037,28,15,43,completed,36
12755,Rigid,886997,886998,887020,1,22,23,completed,144
12756,Rigid,886999,887002,887181,3,179,182,completed,36
12757,Rigid,887075,903124,962931,16049,59807,75856,completed,288
12758,Rigid,887099,887102,887120,3,18,21,completed,144
12759,Rigid,887147,887148,890960,1,3812,3813,completed,144
12760,Rigid,887225,903124,963209,15899,60085,75984,completed,288
12761,Rigid,887234,887234,887248,0,14,14,completed,36
12762,Rigid,887283,887284,887299,1,15,16,completed,36
12763,Rigid,887290,887290,887295,0,5,5,completed,36
12764,Rigid,887371,903124,963899,15753,60775,76528,completed,288
12765,Rigid,887436,887437,887442,1,5,6,completed,36
12766,Rigid,887447,887448,887450,1,2,3,completed,180
12767,Rigid,887486,887486,887493,0,7,7,completed,180
12768,Rigid,887530,887531,887587,1,56,57,completed,36
12769,Rigid,887538,887539,887563,1,24,25,completed,36
12770,Rigid,887540,887543,887596,3,53,56,completed,1
12771,Rigid,887682,887682,887886,0,204,204,completed,72
12772,Rigid,887701,887702,887714,1,12,13,completed,144
12773,Rigid,887803,887887,887893,84,6,90,completed,36
12774,Rigid,887836,887863,887885,27,22,49,completed,36
12775,Rigid,887992,887992,888002,0,10,10,completed,144
12776,Rigid,888005,888005,888011,0,6,6,completed,36
12777,Rigid,888034,888034,888057,0,23,23,completed,36
12778,Rigid,888052,888053,888208,1,155,156,completed,36
12779,Rigid,888078,888078,888136,0,58,58,completed,36
12780,Rigid,888089,888090,888112,1,22,23,completed,36
12781,Rigid,888110,888111,888193,1,82,83,completed,144
12782,Rigid,888214,888214,888801,0,587,587,completed,144
12783,Rigid,888233,888234,888323,1,89,90,completed,36
12784,Rigid,888370,888370,888450,0,80,80,completed,36
12785,Rigid,888457,888559,889780,102,1221,1323,completed,72
12786,Rigid,888545,888545,888560,0,15,15,completed,36
12787,Rigid,888550,888551,888591,1,40,41,completed,72
12788,Rigid,888632,888649,888667,17,18,35,completed,36
12789,Rigid,888651,888652,888667,1,15,16,completed,36
12790,Rigid,888713,888739,888756,26,17,43,completed,36
12791,Rigid,888751,888752,888808,1,56,57,completed,36
12792,Rigid,888774,888774,888788,0,14,14,completed,36
12793,Rigid,888972,888972,889046,0,74,74,completed,36
12794,Rigid,889157,889158,889226,1,68,69,completed,36
12795,Rigid,889363,889363,889432,0,69,69,completed,36
12796,Rigid,889508,889520,894846,12,5326,5338,completed,288
12797,Rigid,889599,889612,889938,13,326,339,completed,36
12798,Rigid,889601,903054,903122,13453,68,13521,completed,1152
12799,Rigid,889618,889618,889672,0,54,54,completed,36
12800,Rigid,889621,889622,889670,1,48,49,completed,36
12801,Rigid,889752,889757,889806,5,49,54,completed,36
12802,Rigid,889818,889818,889867,0,49,49,completed,36
12803,Rigid,889870,890304,893459,434,3155,3589,completed,288
12804,Rigid,889920,889922,889945,2,23,25,completed,36
12805,Rigid,890097,890098,890154,1,56,57,completed,36
12806,Rigid,890141,890141,890145,0,4,4,completed,36
12807,Rigid,890208,890208,890588,0,380,380,completed,36
12808,Rigid,890223,890224,890296,1,72,73,completed,36
12809,Rigid,890256,903124,914042,12868,10918,23786,completed,360
12810,Rigid,890273,890273,890296,0,23,23,completed,36
12811,Rigid,890326,890326,890406,0,80,80,completed,36
12812,Rigid,890397,890397,890420,0,23,23,completed,36
12813,Rigid,890449,890450,890522,1,72,73,completed,36
12814,Rigid,890547,890592,890598,45,6,51,completed,36
12815,Rigid,890731,890732,890802,1,70,71,completed,36
12816,Rigid,890940,890942,890964,2,22,24,completed,36
12817,Rigid,891221,891222,891292,1,70,71,completed,36
12818,Rigid,891367,891367,891388,0,21,21,completed,36
12819,Rigid,891372,891373,892407,1,1034,1035,completed,72
12820,Rigid,891649,891650,891656,1,6,7,completed,36
12821,Rigid,891668,891669,891690,1,21,22,completed,36
12822,Rigid,891671,891673,892900,2,1227,1229,completed,72
12823,Rigid,891767,891767,891808,0,41,41,completed,36
12824,Rigid,891910,891911,891943,1,32,33,completed,36
12825,Rigid,891969,891970,891976,1,6,7,completed,36
12826,Rigid,892032,892032,892076,0,44,44,completed,36
12827,Rigid,892227,892227,892273,0,46,46,completed,36
12828,Rigid,892475,892475,892513,0,38,38,completed,36
12829,Rigid,892528,897610,897662,5082,52,5134,completed,36
12830,Rigid,892528,892532,892555,4,23,27,completed,36
12831,Rigid,892538,892538,893740,0,1202,1202,completed,72
12832,Rigid,892722,892723,892793,1,70,71,completed,36
12833,Rigid,893020,893020,907049,0,14029,14029,completed,1
12834,Rigid,893020,893020,904266,0,11246,11246,completed,1
12835,Rigid,893020,893020,904484,0,11464,11464,completed,1
12836,Rigid,893020,893020,904944,0,11924,11924,completed,1
12837,Rigid,893020,893020,904469,0,11449,11449,completed,1
12838,Rigid,893020,893020,904455,0,11435,11435,completed,1
12839,Rigid,893020,893020,905130,0,12110,12110,completed,1
12840,Rigid,893020,893020,905310,0,12290,12290,completed,1
12841,Rigid,893020,893020,905241,0,12221,12221,completed,1
12842,Rigid,893020,893020,905335,0,12315,12315,completed,1
12843,Rigid,893020,893021,905181,1,12160,12161,completed,1
12844,Rigid,893020,893021,905335,1,12314,12315,completed,1
12845,Rigid,893020,893021,906045,1,13024,13025,completed,1
12846,Rigid,893020,893021,905097,1,12076,12077,completed,1
12847,Rigid,893020,893021,904926,1,11905,11906,completed,1
12848,Rigid,893020,893021,904809,1,11788,11789,completed,1
12849,Rigid,893020,893021,905265,1,12244,12245,completed,1
12850,Rigid,893020,893021,904438,1,11417,11418,completed,1
12851,Rigid,893020,893021,904376,1,11355,11356,completed,1
12852,Rigid,893020,893021,904788,1,11767,11768,completed,1
12853,Rigid,893020,893021,905167,1,12146,12147,completed,1
12854,Rigid,893020,893021,904988,1,11967,11968,completed,1
12855,Rigid,893020,893021,905841,1,12820,12821,completed,1
12856,Rigid,893020,893021,905434,1,12413,12414,completed,1
12857,Rigid,893020,893021,905601,1,12580,12581,completed,1
12858,Rigid,893020,893021,904395,1,11374,11375,completed,1
12859,Rigid,893020,893021,905170,1,12149,12150,completed,1
12860,Rigid,893020,893021,905405,1,12384,12385,completed,1
12861,Rigid,893020,893021,904895,1,11874,11875,completed,1
12862,Rigid,893020,893021,903787,1,10766,10767,completed,1
12863,Rigid,893020,893021,904014,1,10993,10994,completed,1
12864,Rigid,893020,893021,905611,1,12590,12591,completed,1
12865,Rigid,893020,893021,905315,1,12294,12295,completed,1
12866,Rigid,893020,893021,904265,1,11244,11245,completed,1
12867,Rigid,893020,893021,905492,1,12471,12472,completed,1
12868,Rigid,893020,893021,905071,1,12050,12051,completed,1
12869,Rigid,893020,893038,904070,18,11032,11050,completed,1
12870,Rigid,893020,893038,905147,18,12109,12127,completed,1
12871,Rigid,893020,893038,903924,18,10886,10904,completed,1
12872,Rigid,893020,893038,903877,18,10839,10857,completed,1
12873,Rigid,893020,893038,905964,18,12926,12944,completed,1
12874,Rigid,893020,893038,904272,18,11234,11252,completed,1
12875,Rigid,893020,893038,905044,18,12006,12024,completed,1
12876,Rigid,893020,893038,905481,18,12443,12461,completed,1
12877,Rigid,893020,893038,905745,18,12707,12725,completed,1
12878,Rigid,893020,893038,906082,18,13044,13062,completed,1
12879,Rigid,893020,893038,905254,18,12216,12234,completed,1
12880,Rigid,893020,893038,906251,18,13213,13231,completed,1
12881,Rigid,893020,893038,905748,18,12710,12728,completed,1
12882,Rigid,893020,893038,904738,18,11700,11718,completed,1
12883,Rigid,893020,893038,909225,18,16187,16205,completed,1
12884,Rigid,893020,893038,909535,18,16497,16515,completed,1
12885,Rigid,893020,893038,910521,18,17483,17501,completed,1
12886,Rigid,893020,893038,909919,18,16881,16899,completed,1
12887,Rigid,893020,893038,910024,18,16986,17004,completed,1
12888,Rigid,893020,893038,909579,18,16541,16559,completed,1
12889,Rigid,893020,893038,908490,18,15452,15470,completed,1
12890,Rigid,893020,893038,909026,18,15988,16006,completed,1
12891,Rigid,893020,893038,908337,18,15299,15317,completed,1
12892,Rigid,893020,893038,910429,18,17391,17409,completed,1
12893,Rigid,893020,893038,910389,18,17351,17369,completed,1
12894,Rigid,893020,893038,910334,18,17296,17314,completed,1
12895,Rigid,893020,893038,910806,18,17768,17786,completed,1
12896,Rigid,893020,893038,908299,18,15261,15279,completed,1
12897,Rigid,893020,893038,910557,18,17519,17537,completed,1
12898,Rigid,893020,893038,909678,18,16640,16658,completed,1
12899,Rigid,893020,893038,909359,18,16321,16339,completed,1
12900,Rigid,893020,893038,909628,18,16590,16608,completed,1
12901,Rigid,893020,893038,910231,18,17193,17211,completed,1
12902,Rigid,893020,893038,910824,18,17786,17804,completed,1
12903,Rigid,893020,893038,909703,18,16665,16683,completed,1
12904,Rigid,893020,893038,909162,18,16124,16142,completed,1
12905,Rigid,893020,893038,911305,18,18267,18285,completed,1
12906,Rigid,893020,893038,908867,18,15829,15847,completed,1
12907,Rigid,893020,893038,909818,18,16780,16798,completed,1
12908,Rigid,893020,893038,909729,18,16691,16709,completed,1
12909,Rigid,893020,893038,909664,18,16626,16644,completed,1
12910,Rigid,893020,893038,908697,18,15659,15677,completed,1
12911,Rigid,893020,893038,909369,18,16331,16349,completed,1
12912,Rigid,893020,893038,910215,18,17177,17195,completed,1
12913,Rigid,893020,893039,909885,19,16846,16865,completed,1
12914,Rigid,893020,893039,909049,19,16010,16029,completed,1
12915,Rigid,893020,893039,910167,19,17128,17147,completed,1
12916,Rigid,893020,893039,909892,19,16853,16872,completed,1
12917,Rigid,893020,893039,909585,19,16546,16565,completed,1
12918,Rigid,893020,893039,909953,19,16914,16933,completed,1
12919,Rigid,893020,893039,909593,19,16554,16573,completed,1
12920,Rigid,893020,893039,909523,19,16484,16503,completed,1
12921,Rigid,893020,893039,909802,19,16763,16782,completed,1
12922,Rigid,893020,893039,910003,19,16964,16983,completed,1
12923,Rigid,893020,893039,909880,19,16841,16860,completed,1
12924,Rigid,893020,893039,909900,19,16861,16880,completed,1
12925,Rigid,893020,893039,909537,19,16498,16517,completed,1
12926,Rigid,893020,893039,909967,19,16928,16947,completed,1
12927,Rigid,893020,893039,909618,19,16579,16598,completed,1
12928,Rigid,893020,893039,910385,19,17346,17365,completed,1
12929,Rigid,893020,893039,911158,19,18119,18138,completed,1
12930,Rigid,893020,893039,909370,19,16331,16350,completed,1
12931,Rigid,893020,893039,909370,19,16331,16350,completed,1
12932,Rigid,893020,893039,909838,19,16799,16818,completed,1
12933,Rigid,893020,893039,973311,19,80272,80291,completed,1
12934,Rigid,893020,893039,973095,19,80056,80075,completed,1
12935,Rigid,893020,893039,968703,19,75664,75683,completed,1
12936,Rigid,893020,893039,968440,19,75401,75420,completed,1
12937,Rigid,893020,893039,971859,19,78820,78839,completed,1
12938,Rigid,893020,893039,973882,19,80843,80862,completed,1
12939,Rigid,893020,893039,970471,19,77432,77451,completed,1
12940,Rigid,893020,893039,976437,19,83398,83417,completed,1
12941,Rigid,893020,893039,976741,19,83702,83721,completed,1
12942,Rigid,893020,893039,967798,19,74759,74778,completed,1
12943,Rigid,893020,893039,971416,19,78377,78396,completed,1
12944,Rigid,893020,893039,962633,19,69594,69613,completed,1
12945,Rigid,893020,893039,966675,19,73636,73655,completed,1
12946,Rigid,893020,893039,959967,19,66928,66947,completed,1
12947,Rigid,893020,893040,977930,20,84890,84910,completed,1
12948,Rigid,893020,893040,976632,20,83592,83612,completed,1
12949,Rigid,893020,893040,972973,20,79933,79953,completed,1
12950,Rigid,893020,893040,974082,20,81042,81062,completed,1
12951,Rigid,893020,893040,966447,20,73407,73427,completed,1
12952,Rigid,893020,893040,974497,20,81457,81477,completed,1
12953,Rigid,893020,893040,978688,20,85648,85668,completed,1
12954,Rigid,893020,893040,971791,20,78751,78771,completed,1
12955,Rigid,893020,893040,974257,20,81217,81237,completed,1
12956,Rigid,893020,893040,970506,20,77466,77486,completed,1
12957,Rigid,893020,893040,968758,20,75718,75738,completed,1
12958,Rigid,893020,893040,970736,20,77696,77716,completed,1
12959,Rigid,893020,893040,970185,20,77145,77165,completed,1
12960,Rigid,893020,893040,971129,20,78089,78109,completed,1
12961,Rigid,893020,893040,968216,20,75176,75196,completed,1
12962,Rigid,893020,893040,961538,20,68498,68518,completed,1
12963,Rigid,893020,893040,974685,20,81645,81665,completed,1
12964,Rigid,893020,893040,972193,20,79153,79173,completed,1
12965,Rigid,893020,893040,974504,20,81464,81484,completed,1
12966,Rigid,893020,893040,968882,20,75842,75862,completed,1
12967,Rigid,893020,893040,966532,20,73492,73512,completed,1
12968,Rigid,893020,893040,967188,20,74148,74168,completed,1
12969,Rigid,893020,893040,971385,20,78345,78365,completed,1
12970,Rigid,893020,893040,981859,20,88819,88839,completed,1
12971,Rigid,893020,893041,969206,21,76165,76186,completed,1
12972,Rigid,893020,893041,969258,21,76217,76238,completed,1
12973,Rigid,893020,893041,973220,21,80179,80200,completed,1
12974,Rigid,893020,893041,969779,21,76738,76759,completed,1
12975,Rigid,893020,893041,967067,21,74026,74047,completed,1
12976,Rigid,893020,893041,969426,21,76385,76406,completed,1
12977,Rigid,893020,893041,971630,21,78589,78610,completed,1
12978,Rigid,893020,893041,970096,21,77055,77076,completed,1
12979,Rigid,893020,893041,972348,21,79307,79328,completed,1
12980,Rigid,893020,893041,971916,21,78875,78896,completed,1
12981,Rigid,893020,893041,968679,21,75638,75659,completed,1
12982,Rigid,893020,893041,972159,21,79118,79139,completed,1
12983,Rigid,893587,893587,893607,0,20,20,completed,1
12984,Rigid,893703,893913,895632,210,1719,1929,completed,288
12985,Rigid,893893,893894,893917,1,23,24,completed,36
12986,Rigid,893975,893975,893998,0,23,23,completed,36
12987,Rigid,894061,894062,894085,1,23,24,completed,36
12988,Rigid,894138,902995,903367,8857,372,9229,completed,360
12989,Rigid,894228,894228,894251,0,23,23,completed,36
12990,Rigid,894255,894255,894391,0,136,136,completed,1
12991,Rigid,894272,894272,894277,0,5,5,completed,72
12992,Rigid,894342,894343,894364,1,21,22,completed,36
12993,Rigid,894346,894347,894406,1,59,60,completed,36
12994,Rigid,894445,894445,894488,0,43,43,completed,72
12995,Rigid,894486,894487,894574,1,87,88,completed,1
12996,Rigid,894626,894626,894640,0,14,14,completed,1
12997,Rigid,894661,894662,894965,1,303,304,completed,1
12998,Rigid,894731,894732,894738,1,6,7,completed,36
12999,Rigid,894787,894787,894841,0,54,54,completed,36
13000,Rigid,894946,894947,895003,1,56,57,completed,36
13001,Rigid,894949,894951,894974,2,23,25,completed,36
13002,Rigid,894950,894951,895037,1,86,87,completed,1
13003,Rigid,895084,895084,895141,0,57,57,completed,36
13004,Rigid,895294,895295,895364,1,69,70,completed,36
13005,Rigid,895528,895528,895550,0,22,22,completed,36
13006,Rigid,895643,895643,895650,0,7,7,completed,36
13007,Rigid,895647,895647,895658,0,11,11,completed,36
13008,Rigid,895691,895691,895765,0,74,74,completed,36
13009,Rigid,895869,895869,895900,0,31,31,completed,36
13010,Rigid,895936,895937,896410,1,473,474,completed,1
13011,Rigid,896025,896026,896066,1,40,41,completed,36
13012,Rigid,896080,896080,896193,0,113,113,completed,36
13013,Rigid,896304,896305,896508,1,203,204,completed,36
13014,Rigid,896485,896486,896491,1,5,6,completed,72
13015,Rigid,896554,896554,897760,0,1206,1206,completed,72
13016,Rigid,896693,896693,896705,0,12,12,completed,36
13017,Rigid,896747,896747,896769,0,22,22,completed,36
13018,Rigid,896790,896791,896803,1,12,13,completed,36
13019,Rigid,896859,896888,915369,29,18481,18510,completed,1
13020,Rigid,896883,896888,896898,5,10,15,completed,1
13021,Rigid,897043,897044,898169,1,1125,1126,completed,1
13022,Rigid,897160,897189,902963,29,5774,5803,completed,216
13023,Rigid,897297,897298,897319,1,21,22,completed,36
13024,Rigid,897386,897386,897407,0,21,21,completed,36
13025,Rigid,897417,897417,897427,0,10,10,completed,36
13026,Rigid,897572,897572,897636,0,64,64,completed,36
13027,Rigid,897616,897616,897691,0,75,75,completed,36
13028,Rigid,897656,899053,902919,1397,3866,5263,completed,288
13029,Rigid,897741,897742,897801,1,59,60,completed,36
13030,Rigid,897876,897876,897913,0,37,37,completed,36
13031,Rigid,897996,897996,898034,0,38,38,completed,36
13032,Rigid,898158,898159,898195,1,36,37,completed,36
13033,Rigid,898158,898181,902934,23,4753,4776,completed,16
13034,Rigid,898326,898326,898362,0,36,36,completed,36
13035,Rigid,898441,898442,898480,1,38,39,completed,36
13036,Rigid,898508,898509,898517,1,8,9,completed,36
13037,Rigid,898558,898562,898600,4,38,42,completed,36
13038,Rigid,898652,898653,898689,1,36,37,completed,36
13039,Rigid,898783,898783,898792,0,9,9,completed,36
13040,Rigid,898925,898925,898963,0,38,38,completed,36
13041,Rigid,899010,899010,899016,0,6,6,completed,36
13042,Rigid,899056,899056,900281,0,1225,1225,completed,72
13043,Rigid,899331,899331,899367,0,36,36,completed,36
13044,Rigid,899373,899373,899517,0,144,144,completed,36
13045,Rigid,899403,899403,899442,0,39,39,completed,36
13046,Rigid,899545,900289,900532,744,243,987,completed,72
13047,Rigid,899560,899560,899590,0,30,30,completed,36
13048,Rigid,899595,899595,899601,0,6,6,completed,36
13049,Rigid,899660,899660,899695,0,35,35,completed,36
13050,Rigid,899742,899743,899773,1,30,31,completed,36
13051,Rigid,899893,899894,900379,1,485,486,completed,36
13052,Rigid,900250,900381,901601,131,1220,1351,completed,72
13053,Rigid,900474,900540,900590,66,50,116,completed,36
13054,Rigid,900537,900540,900580,3,40,43,completed,36
13055,Rigid,900547,900591,900796,44,205,249,completed,72
13056,Rigid,900693,901609,901612,916,3,919,completed,72
13057,Rigid,900939,900940,900974,1,34,35,completed,36
13058,Rigid,901125,901125,901158,0,33,33,completed,36
13059,Rigid,901309,901309,901341,0,32,32,completed,36
13060,Rigid,901567,901568,901871,1,303,304,completed,72
13061,Rigid,902025,902025,902063,0,38,38,completed,36
13062,Rigid,902325,902325,902349,0,24,24,completed,36
13063,Rigid,902396,902397,902399,1,2,3,completed,72
13064,Rigid,902410,902410,902417,0,7,7,completed,72
13065,Rigid,902437,902437,902639,0,202,202,completed,72
13066,Rigid,902470,902640,902874,170,234,404,completed,72
13067,Rigid,902685,902878,902884,193,6,199,completed,36
13068,Rigid,902703,902704,902739,1,35,36,completed,36
13069,Rigid,902748,902749,902827,1,78,79,completed,36
13070,Rigid,902750,902829,902908,79,79,158,completed,36
13071,Rigid,902894,902895,903110,1,215,216,completed,36
13072,Rigid,902904,903113,903360,209,247,456,completed,36
13073,Rigid,902947,902948,903027,1,79,80,completed,36
13074,Rigid,902949,903029,903108,80,79,159,completed,36
13075,Rigid,903001,903002,903041,1,39,40,completed,36
13076,Rigid,903062,903110,903189,48,79,127,completed,36
13077,Rigid,903112,903362,903754,250,392,642,completed,36
13078,Rigid,903279,903279,903318,0,39,39,completed,36
13079,Rigid,903361,903758,903761,397,3,400,completed,36
13080,Rigid,903601,903602,903621,1,19,20,completed,36
13081,Rigid,903631,903632,903669,1,37,38,completed,36
13082,Rigid,903654,915274,916300,11620,1026,12646,completed,1152
13083,Rigid,903664,903665,910898,1,7233,7234,completed,16
13084,Rigid,903762,903762,903765,0,3,3,completed,36
13085,Rigid,903885,903885,904106,0,221,221,completed,72
13086,Rigid,903894,904113,904386,219,273,492,completed,72
13087,Rigid,904030,904030,904065,0,35,35,completed,36
13088,Rigid,904277,904277,904312,0,35,35,completed,36
13089,Rigid,904331,904332,904372,1,40,41,completed,36
13090,Rigid,904388,904389,904741,1,352,353,completed,72
13091,Rigid,904398,904749,904976,351,227,578,completed,72
13092,Rigid,904441,904442,904477,1,35,36,completed,36
13093,Rigid,904518,904519,904522,1,3,4,completed,72
13094,Rigid,904577,904577,904614,0,37,37,completed,36
13095,Rigid,904679,904682,904725,3,43,46,completed,36
13096,Rigid,904752,904978,905208,226,230,456,completed,72
13097,Rigid,904798,904827,904867,29,40,69,completed,72
13098,Rigid,904798,904802,904823,4,21,25,completed,72
13099,Rigid,904843,904843,904939,0,96,96,completed,36
13100,Rigid,904896,904942,904958,46,16,62,completed,72
13101,Rigid,904983,905216,905454,233,238,471,completed,72
13102,Rigid,905001,905002,905027,1,25,26,completed,36
13103,Rigid,905003,916308,916417,11305,109,11414,completed,1296
13104,Rigid,905008,905010,905016,2,6,8,completed,2
13105,Rigid,905034,905035,905351,1,316,317,completed,36
13106,Rigid,905071,905072,905086,1,14,15,completed,36
13107,Rigid,905092,905092,905097,0,5,5,completed,2
13108,Rigid,905125,905125,905130,0,5,5,completed,2
13109,Rigid,905176,905176,905191,0,15,15,completed,36
13110,Rigid,905210,905479,905511,269,32,301,completed,72
13111,Rigid,905284,905359,905681,75,322,397,completed,72
13112,Rigid,905322,905323,905337,1,14,15,completed,36
13113,Rigid,905390,905461,905469,71,8,79,completed,36
13114,Rigid,905392,905470,905477,78,7,85,completed,36
13115,Rigid,905430,905461,905473,31,12,43,completed,36
13116,Rigid,905526,905526,905565,0,39,39,completed,36
13117,Rigid,905712,905713,905719,1,6,7,completed,36
13118,Rigid,905719,905720,905924,1,204,205,completed,36
13119,Rigid,905773,905774,905906,1,132,133,completed,36
13120,Rigid,905855,905855,905920,0,65,65,completed,36
13121,Rigid,905856,905921,905987,65,66,131,completed,36
13122,Rigid,906046,906047,906112,1,65,66,completed,36
13123,Rigid,906047,906051,906056,4,5,9,completed,3
13124,Rigid,906060,906062,906083,2,21,23,completed,36
13125,Rigid,906110,906119,910463,9,4344,4353,completed,288
13126,Rigid,906174,906175,906371,1,196,197,completed,3
13127,Rigid,906249,906249,906551,0,302,302,completed,72
13128,Rigid,906293,906293,906319,0,26,26,completed,36
13129,Rigid,906395,906396,906504,1,108,109,completed,3
13130,Rigid,906499,906500,906638,1,138,139,completed,36
13131,Rigid,906575,906576,906648,1,72,73,completed,36
13132,Rigid,906606,906649,906722,43,73,116,completed,36
13133,Rigid,906683,906724,906800,41,76,117,completed,36
13134,Rigid,906688,906688,906727,0,39,39,completed,36
13135,Rigid,906762,906762,907237,0,475,475,completed,36
13136,Rigid,906789,906789,907091,0,302,302,completed,72
13137,Rigid,906858,906859,906881,1,22,23,completed,3
13138,Rigid,906863,907100,907304,237,204,441,completed,36
13139,Rigid,906959,906960,906982,1,22,23,completed,3
13140,Rigid,906988,906989,907011,1,22,23,completed,3
13141,Rigid,907019,907020,907223,1,203,204,completed,36
13142,Rigid,907054,907100,907122,46,22,68,completed,3
13143,Rigid,907187,907188,907391,1,203,204,completed,3
13144,Rigid,907436,907436,907820,0,384,384,completed,3
13145,Rigid,907564,907565,907575,1,10,11,completed,36
13146,Rigid,907593,907593,907802,0,209,209,completed,72
13147,Rigid,907639,907803,908008,164,205,369,completed,36
13148,Rigid,907650,907650,907681,0,31,31,completed,36
13149,Rigid,907762,907762,907844,0,82,82,completed,36
13150,Rigid,907942,907943,908323,1,380,381,completed,3
13151,Rigid,907943,907947,908101,4,154,158,completed,36
13152,Rigid,908008,908011,911362,3,3351,3354,completed,16
13153,Rigid,908103,908103,908307,0,204,204,completed,36
13154,Rigid,908115,908308,908517,193,209,402,completed,72
13155,Rigid,908418,908419,908421,1,2,3,completed,3
13156,Rigid,908436,908437,908454,1,17,18,completed,36
13157,Rigid,908436,908437,908734,1,297,298,completed,5
13158,Rigid,908558,908559,908610,1,51,52,completed,36
13159,Rigid,909002,909002,909211,0,209,209,completed,72
13160,Rigid,909076,909077,909159,1,82,83,completed,36
13161,Rigid,909172,909172,909254,0,82,82,completed,36
13162,Rigid,909208,909212,909416,4,204,208,completed,36
13163,Rigid,909297,909298,909381,1,83,84,completed,36
13164,Rigid,909501,909501,909583,0,82,82,completed,36
13165,Rigid,909722,909723,909789,1,66,67,completed,36
13166,Rigid,909801,909802,909868,1,66,67,completed,36
13167,Rigid,909826,909827,910035,1,208,209,completed,72
13168,Rigid,909952,909952,910033,0,81,81,completed,36
13169,Rigid,909953,910034,910114,81,80,161,completed,36
13170,Rigid,910093,910113,910243,20,130,150,completed,144
13171,Rigid,910179,910180,910254,1,74,75,completed,36
13172,Rigid,910183,910255,910335,72,80,152,completed,36
13173,Rigid,910305,910335,910412,30,77,107,completed,36
13174,Rigid,910325,910354,910466,29,112,141,completed,144
13175,Rigid,910428,910429,910506,1,77,78,completed,36
13176,Rigid,910549,910564,911798,15,1234,1249,completed,72
13177,Rigid,910948,910948,911024,0,76,76,completed,36
13178,Rigid,910949,911026,911109,77,83,160,completed,36
13179,Rigid,911084,911110,911191,26,81,107,completed,36
13180,Rigid,911172,911192,911269,20,77,97,completed,36
13181,Rigid,911242,911270,911352,28,82,110,completed,36
13182,Rigid,911278,911353,911435,75,82,157,completed,36
13183,Rigid,911645,911645,911668,0,23,23,completed,36
13184,Rigid,911761,911762,911810,1,48,49,completed,36
13185,Rigid,911785,911795,911809,10,14,24,completed,36
13186,Rigid,912142,912143,912188,1,45,46,completed,36
13187,Rigid,912263,912263,912312,0,49,49,completed,36
13188,Rigid,912264,912313,912359,49,46,95,completed,36
13189,Rigid,912417,912426,913749,9,1323,1332,completed,16
13190,Rigid,912425,912426,913933,1,1507,1508,completed,16
13191,Rigid,912449,912457,914334,8,1877,1885,completed,16
13192,Rigid,912456,912457,914835,1,2378,2379,completed,16
13193,Rigid,912546,912547,915361,1,2814,2815,completed,16
13194,Rigid,912558,912577,915304,19,2727,2746,completed,16
13195,Rigid,912617,912637,915323,20,2686,2706,completed,16
13196,Rigid,912627,912637,913224,10,587,597,completed,16
13197,Rigid,912632,913239,915315,607,2076,2683,completed,16
13198,Rigid,912645,913419,915303,774,1884,2658,completed,16
13199,Rigid,912665,913419,915303,754,1884,2638,completed,16
13200,Rigid,912673,913510,915287,837,1777,2614,completed,16
13201,Rigid,912684,912697,915301,13,2604,2617,completed,16
13202,Rigid,912692,912697,915315,5,2618,2623,completed,16
13203,Rigid,912783,912788,915272,5,2484,2489,completed,288
13204,Rigid,913467,913480,914276,13,796,809,completed,108
13205,Rigid,914478,914501,914560,23,59,82,completed,144
13206,Rigid,914557,914558,914766,1,208,209,completed,72
13207,Rigid,914623,914651,915266,28,615,643,completed,144
13208,Rigid,914839,914839,914918,0,79,79,completed,36
13209,Rigid,915019,915020,915341,1,321,322,completed,72
13210,Rigid,915332,915333,915402,1,69,70,completed,36
13211,Rigid,915334,915337,915343,3,6,9,completed,36
13212,Rigid,915355,915356,915362,1,6,7,completed,36
13213,Rigid,915435,915435,915749,0,314,314,completed,36
13214,Rigid,915482,915482,915558,0,76,76,completed,36
13215,Rigid,915644,915645,916386,1,741,742,completed,36
13216,Rigid,915680,915681,916001,1,320,321,completed,72
13217,Rigid,915726,915750,915756,24,6,30,completed,36
13218,Rigid,915773,915773,915780,0,7,7,completed,36
13219,Rigid,915789,915789,915796,0,7,7,completed,36
13220,Rigid,915977,916003,916432,26,429,455,completed,144
13221,Rigid,916496,916497,916757,1,260,261,completed,72
13222,Rigid,916745,916765,917036,20,271,291,completed,72
13223,Rigid,916954,917038,917291,84,253,337,completed,72
13224,Rigid,917367,917368,917621,1,253,254,completed,72
13225,Rigid,917721,917721,917981,0,260,260,completed,72
13226,Rigid,918003,918004,918251,1,247,248,completed,72
13227,Rigid,918320,918320,918368,0,48,48,completed,36
13228,Rigid,918321,918370,918416,49,46,95,completed,36
13229,Rigid,918398,918417,918466,19,49,68,completed,36
13230,Rigid,918424,918425,918472,1,47,48,completed,36
13231,Rigid,918579,918579,918821,0,242,242,completed,72
13232,Rigid,918691,918691,918704,0,13,13,completed,36
13233,Rigid,918845,918846,918857,1,11,12,completed,36
13234,Rigid,919098,919098,919612,0,514,514,completed,36
13235,Rigid,919108,919108,919622,0,514,514,completed,36
13236,Rigid,919116,919116,919635,0,519,519,completed,36
13237,Rigid,919125,919125,919635,0,510,510,completed,36
13238,Rigid,919129,919130,919641,1,511,512,completed,36
13239,Rigid,919130,919130,919641,0,511,511,completed,36
13240,Rigid,919130,919130,919424,0,294,294,completed,36
13241,Rigid,919130,919133,919642,3,509,512,completed,36
13242,Rigid,919131,919133,919643,2,510,512,completed,36
13243,Rigid,919132,919133,919649,1,516,517,completed,36
13244,Rigid,919133,919133,919642,0,509,509,completed,36
13245,Rigid,919133,919137,919650,4,513,517,completed,36
13246,Rigid,919134,919137,919651,3,514,517,completed,36
13247,Rigid,919135,919137,919647,2,510,512,completed,36
13248,Rigid,919136,919137,919647,1,510,511,completed,36
13249,Rigid,919137,919138,919648,1,510,511,completed,36
13250,Rigid,919138,919142,919655,4,513,517,completed,36
13251,Rigid,919180,919180,919224,0,44,44,completed,36
13252,Rigid,919181,919225,919270,44,45,89,completed,36
13253,Rigid,919306,919307,919350,1,43,44,completed,36
13254,Rigid,919528,919528,920046,0,518,518,completed,36
13255,Rigid,919553,919553,931512,0,11959,11959,completed,36
13256,Rigid,919633,919634,919639,1,5,6,completed,2
13257,Rigid,919633,919634,919639,1,5,6,completed,2
13258,Rigid,919633,919634,919639,1,5,6,completed,2
13259,Rigid,919634,919634,919639,0,5,5,completed,2
13260,Rigid,919634,919634,919639,0,5,5,completed,2
13261,Rigid,919634,919634,919639,0,5,5,completed,2
13262,Rigid,919634,919634,919639,0,5,5,completed,2
13263,Rigid,919634,919634,919639,0,5,5,completed,2
13264,Rigid,919634,919636,919641,2,5,7,completed,2
13265,Rigid,919634,919636,919641,2,5,7,completed,2
13266,Rigid,919634,919636,919641,2,5,7,completed,2
13267,Rigid,919634,919636,919641,2,5,7,completed,2
13268,Rigid,919634,919636,919641,2,5,7,completed,2
13269,Rigid,919634,919636,919641,2,5,7,completed,2
13270,Rigid,919635,919636,919641,1,5,6,completed,2
13271,Rigid,919635,919636,919641,1,5,6,completed,2
13272,Rigid,919635,919636,919641,1,5,6,completed,2
13273,Rigid,919635,919636,919641,1,5,6,completed,2
13274,Rigid,919635,919636,919642,1,6,7,completed,2
13275,Rigid,919635,919636,919642,1,6,7,completed,2
13276,Rigid,919635,919636,919642,1,6,7,completed,2
13277,Rigid,919635,919636,919642,1,6,7,completed,2
13278,Rigid,919636,919636,919918,0,282,282,completed,12
13279,Rigid,919636,919636,919642,0,6,6,completed,2
13280,Rigid,919636,919636,919933,0,297,297,completed,12
13281,Rigid,919636,919636,919642,0,6,6,completed,2
13282,Rigid,919636,919636,919641,0,5,5,completed,2
13283,Rigid,919636,919636,919641,0,5,5,completed,2
13284,Rigid,919636,919637,919641,1,4,5,completed,2
13285,Rigid,919636,919637,919921,1,284,285,completed,12
13286,Rigid,919636,919637,919913,1,276,277,completed,12
13287,Rigid,919637,919637,919641,0,4,4,completed,2
13288,Rigid,919637,919637,919641,0,4,4,completed,2
13289,Rigid,919637,919637,919641,0,4,4,completed,2
13290,Rigid,919637,919638,919643,1,5,6,completed,2
13291,Rigid,919637,919638,919906,1,268,269,completed,12
13292,Rigid,919637,919638,919908,1,270,271,completed,12
13293,Rigid,919637,919638,919643,1,5,6,completed,2
13294,Rigid,919637,919638,919643,1,5,6,completed,2
13295,Rigid,919637,919638,919643,1,5,6,completed,2
13296,Rigid,919638,919638,919643,0,5,5,completed,2
13297,Rigid,919638,919638,919643,0,5,5,completed,2
13298,Rigid,919638,919638,919913,0,275,275,completed,12
13299,Rigid,919638,919638,919915,0,277,277,completed,12
13300,Rigid,919638,919638,919643,0,5,5,completed,2
13301,Rigid,919638,919638,919643,0,5,5,completed,2
13302,Rigid,919638,919638,919643,0,5,5,completed,2
13303,Rigid,919638,919641,919926,3,285,288,completed,12
13304,Rigid,919638,919641,919917,3,276,279,completed,12
13305,Rigid,919638,919641,919647,3,6,9,completed,2
13306,Rigid,919638,919641,919647,3,6,9,completed,2
13307,Rigid,919638,919641,919647,3,6,9,completed,2
13308,Rigid,919638,919641,919647,3,6,9,completed,2
13309,Rigid,919638,919641,919647,3,6,9,completed,2
13310,Rigid,919639,919641,919914,2,273,275,completed,12
13311,Rigid,919639,919641,919915,2,274,276,completed,12
13312,Rigid,919639,919641,919647,2,6,8,completed,2
13313,Rigid,919639,919641,919646,2,5,7,completed,2
13314,Rigid,919639,919641,919646,2,5,7,completed,2
13315,Rigid,919639,919641,919917,2,276,278,completed,12
13316,Rigid,919639,919641,919994,2,353,355,completed,12
13317,Rigid,919639,919641,919646,2,5,7,completed,2
13318,Rigid,919639,919641,919646,2,5,7,completed,2
13319,Rigid,919639,919641,919911,2,270,272,completed,12
13320,Rigid,919639,919641,919915,2,274,276,completed,12
13321,Rigid,919639,919641,919920,2,279,281,completed,12
13322,Rigid,919639,919641,919646,2,5,7,completed,2
13323,Rigid,919639,919641,919646,2,5,7,completed,2
13324,Rigid,919639,919641,919646,2,5,7,completed,2
13325,Rigid,919639,919641,919646,2,5,7,completed,2
13326,Rigid,919639,919641,919920,2,279,281,completed,12
13327,Rigid,919640,919641,919971,1,330,331,completed,12
13328,Rigid,919640,919641,919923,1,282,283,completed,12
13329,Rigid,919640,919641,919646,1,5,6,completed,2
13330,Rigid,919640,919641,919646,1,5,6,completed,2
13331,Rigid,919640,919641,919646,1,5,6,completed,2
13332,Rigid,919640,919641,919921,1,280,281,completed,12
13333,Rigid,919640,919641,919912,1,271,272,completed,12
13334,Rigid,919640,919641,919912,1,271,272,completed,12
13335,Rigid,919640,919641,919646,1,5,6,completed,2
13336,Rigid,919640,919641,919646,1,5,6,completed,2
13337,Rigid,919640,919641,919646,1,5,6,completed,2
13338,Rigid,919640,919641,919976,1,335,336,completed,12
13339,Rigid,919640,919641,919915,1,274,275,completed,12
13340,Rigid,919641,919641,919918,0,277,277,completed,12
13341,Rigid,919641,919641,919646,0,5,5,completed,2
13342,Rigid,919641,919641,919646,0,5,5,completed,2
13343,Rigid,919641,919641,919646,0,5,5,completed,2
13344,Rigid,919641,919641,919914,0,273,273,completed,12
13345,Rigid,919641,919642,919964,1,322,323,completed,12
13346,Rigid,919641,919642,919923,1,281,282,completed,12
13347,Rigid,919641,919642,919646,1,4,5,completed,2
13348,Rigid,919642,919642,919646,0,4,4,completed,2
13349,Rigid,919642,919642,919646,0,4,4,completed,2
13350,Rigid,919642,919642,919921,0,279,279,completed,12
13351,Rigid,919642,919642,919983,0,341,341,completed,12
13352,Rigid,919642,919643,919931,1,288,289,completed,12
13353,Rigid,919642,919643,919647,1,4,5,completed,2
13354,Rigid,919643,919643,919648,0,5,5,completed,2
13355,Rigid,919643,919643,919648,0,5,5,completed,2
13356,Rigid,919643,919643,919920,0,277,277,completed,12
13357,Rigid,919643,919643,919922,0,279,279,completed,12
13358,Rigid,919643,919643,919648,0,5,5,completed,2
13359,Rigid,919644,919644,919648,0,4,4,completed,2
13360,Rigid,919644,919644,919648,0,4,4,completed,2
13361,Rigid,919644,919644,919913,0,269,269,completed,12
13362,Rigid,919644,919644,919998,0,354,354,completed,12
13363,Rigid,919644,919644,919648,0,4,4,completed,2
13364,Rigid,919644,919644,919648,0,4,4,completed,2
13365,Rigid,919644,919644,919653,0,9,9,completed,2
13366,Rigid,919644,919644,919653,0,9,9,completed,2
13367,Rigid,919644,919644,919653,0,9,9,completed,2
13368,Rigid,919645,919645,919653,0,8,8,completed,2
13369,Rigid,919645,919645,919653,0,8,8,completed,2
13370,Rigid,919645,919645,919653,0,8,8,completed,2
13371,Rigid,919645,919646,919662,1,16,17,completed,2
13372,Rigid,919645,919646,919662,1,16,17,completed,2
13373,Rigid,919645,919646,919662,1,16,17,completed,2
13374,Rigid,919645,919646,919662,1,16,17,completed,2
13375,Rigid,919645,919646,919662,1,16,17,completed,2
13376,Rigid,919645,919646,919662,1,16,17,completed,2
13377,Rigid,919645,919646,919662,1,16,17,completed,2
13378,Rigid,919645,919646,919690,1,44,45,completed,6
13379,Rigid,919645,919646,919662,1,16,17,completed,2
13380,Rigid,919645,919646,919702,1,56,57,completed,6
13381,Rigid,919645,919646,919662,1,16,17,completed,2
13382,Rigid,919645,919646,919700,1,54,55,completed,6
13383,Rigid,919645,919646,919695,1,49,50,completed,6
13384,Rigid,919645,919646,919692,1,46,47,completed,6
13385,Rigid,919646,919646,919662,0,16,16,completed,2
13386,Rigid,919646,919646,919703,0,57,57,completed,6
13387,Rigid,919646,919646,919701,0,55,55,completed,6
13388,Rigid,919646,919646,919695,0,49,49,completed,6
13389,Rigid,919646,919646,919662,0,16,16,completed,2
13390,Rigid,919646,919646,919662,0,16,16,completed,2
13391,Rigid,919647,919647,919701,0,54,54,completed,6
13392,Rigid,919647,919647,919698,0,51,51,completed,6
13393,Rigid,919647,919647,919662,0,15,15,completed,2
13394,Rigid,919647,919647,919662,0,15,15,completed,2
13395,Rigid,919647,919647,919695,0,48,48,completed,6
13396,Rigid,919647,919647,919703,0,56,56,completed,6
13397,Rigid,919647,919647,919697,0,50,50,completed,6
13398,Rigid,919648,919648,919662,0,14,14,completed,2
13399,Rigid,919648,919648,919662,0,14,14,completed,2
13400,Rigid,919648,919648,919690,0,42,42,completed,6
13401,Rigid,919648,919648,919662,0,14,14,completed,2
13402,Rigid,919648,919648,919662,0,14,14,completed,2
13403,Rigid,919648,919648,919695,0,47,47,completed,6
13404,Rigid,919649,919649,919691,0,42,42,completed,6
13405,Rigid,919649,919649,919690,0,41,41,completed,6
13406,Rigid,919649,919649,919662,0,13,13,completed,2
13407,Rigid,919649,919649,919662,0,13,13,completed,2
13408,Rigid,919649,919649,919690,0,41,41,completed,6
13409,Rigid,919649,919649,919662,0,13,13,completed,2
13410,Rigid,919649,919650,919662,1,12,13,completed,2
13411,Rigid,919650,919650,919695,0,45,45,completed,6
13412,Rigid,919650,919651,919708,1,57,58,completed,6
13413,Rigid,919650,919651,919698,1,47,48,completed,2
13414,Rigid,919650,919651,919716,1,65,66,completed,6
13415,Rigid,919650,919651,919723,1,72,73,completed,6
13416,Rigid,919650,919651,919698,1,47,48,completed,2
13417,Rigid,919651,919652,919720,1,68,69,completed,6
13418,Rigid,919651,919652,919718,1,66,67,completed,6
13419,Rigid,919651,919652,919698,1,46,47,completed,2
13420,Rigid,919651,919652,919718,1,66,67,completed,6
13421,Rigid,919652,919652,919716,0,64,64,completed,6
13422,Rigid,919652,919653,919698,1,45,46,completed,2
13423,Rigid,919652,919653,919730,1,77,78,completed,6
13424,Rigid,919652,919653,919698,1,45,46,completed,2
13425,Rigid,919652,919653,919729,1,76,77,completed,6
13426,Rigid,919653,919654,919731,1,77,78,completed,6
13427,Rigid,919653,919654,919736,1,82,83,completed,6
13428,Rigid,919653,919654,919698,1,44,45,completed,2
13429,Rigid,919653,919654,919733,1,79,80,completed,6
13430,Rigid,919653,919654,919737,1,83,84,completed,6
13431,Rigid,919654,919654,919698,0,44,44,completed,2
13432,Rigid,919666,919667,919730,1,63,64,completed,6
13433,Rigid,919666,919667,919709,1,42,43,completed,2
13434,Rigid,919666,919667,919731,1,64,65,completed,6
13435,Rigid,919667,919667,919731,0,64,64,completed,6
13436,Rigid,919827,919828,922395,1,2567,2568,completed,1296
13437,Rigid,920157,920157,921284,0,1127,1127,completed,36
13438,Rigid,920299,920300,920375,1,75,76,completed,36
13439,Rigid,920398,920402,921423,4,1021,1025,completed,108
13440,Rigid,920606,920606,921413,0,807,807,completed,36
13441,Rigid,920620,920620,920628,0,8,8,completed,2
13442,Rigid,920620,920620,920628,0,8,8,completed,2
13443,Rigid,920620,920620,920628,0,8,8,completed,2
13444,Rigid,920621,920624,920628,3,4,7,completed,2
13445,Rigid,920621,920624,920628,3,4,7,completed,2
13446,Rigid,920621,920624,920628,3,4,7,completed,2
13447,Rigid,920621,920624,920628,3,4,7,completed,2
13448,Rigid,920621,920624,920628,3,4,7,completed,2
13449,Rigid,920621,920624,920628,3,4,7,completed,2
13450,Rigid,920621,920624,920628,3,4,7,completed,2
13451,Rigid,920621,920624,920628,3,4,7,completed,2
13452,Rigid,920621,920624,920628,3,4,7,completed,2
13453,Rigid,920621,920624,920628,3,4,7,completed,2
13454,Rigid,920622,920624,920628,2,4,6,completed,2
13455,Rigid,920622,920624,920628,2,4,6,completed,2
13456,Rigid,920622,920624,920628,2,4,6,completed,2
13457,Rigid,920622,920624,920628,2,4,6,completed,2
13458,Rigid,920622,920624,920628,2,4,6,completed,2
13459,Rigid,920622,920624,920628,2,4,6,completed,2
13460,Rigid,920622,920625,920628,3,3,6,completed,2
13461,Rigid,920622,920625,920628,3,3,6,completed,2
13462,Rigid,920622,920625,920628,3,3,6,completed,2
13463,Rigid,920622,920625,920628,3,3,6,completed,2
13464,Rigid,920622,920625,920628,3,3,6,completed,2
13465,Rigid,920622,920625,920628,3,3,6,completed,2
13466,Rigid,920622,920625,920628,3,3,6,completed,2
13467,Rigid,920622,920625,920628,3,3,6,completed,2
13468,Rigid,920622,920625,920628,3,3,6,completed,2
13469,Rigid,920622,920625,920628,3,3,6,completed,2
13470,Rigid,920622,920625,920628,3,3,6,completed,2
13471,Rigid,920622,920625,920628,3,3,6,completed,2
13472,Rigid,920622,920625,920628,3,3,6,completed,2
13473,Rigid,920622,920625,920628,3,3,6,completed,2
13474,Rigid,920622,920625,920628,3,3,6,completed,2
13475,Rigid,920622,920625,920628,3,3,6,completed,2
13476,Rigid,920622,920625,920628,3,3,6,completed,2
13477,Rigid,920622,920625,920628,3,3,6,completed,2
13478,Rigid,920622,920625,920628,3,3,6,completed,2
13479,Rigid,920622,920625,920628,3,3,6,completed,2
13480,Rigid,920623,920625,920628,2,3,5,completed,2
13481,Rigid,920623,920625,920628,2,3,5,completed,2
13482,Rigid,920623,920625,920628,2,3,5,completed,2
13483,Rigid,920623,920625,920628,2,3,5,completed,2
13484,Rigid,920623,920625,920628,2,3,5,completed,2
13485,Rigid,920623,920625,920628,2,3,5,completed,2
13486,Rigid,920623,920625,920628,2,3,5,completed,2
13487,Rigid,920623,920625,920628,2,3,5,completed,2
13488,Rigid,920623,920625,920628,2,3,5,completed,2
13489,Rigid,920623,920625,920628,2,3,5,completed,2
13490,Rigid,920623,920625,920628,2,3,5,completed,2
13491,Rigid,920623,920625,920628,2,3,5,completed,2
13492,Rigid,920623,920625,920628,2,3,5,completed,2
13493,Rigid,920623,920625,920628,2,3,5,completed,2
13494,Rigid,920623,920625,920628,2,3,5,completed,2
13495,Rigid,920623,920625,920628,2,3,5,completed,2
13496,Rigid,920623,920625,920628,2,3,5,completed,2
13497,Rigid,920623,920625,920628,2,3,5,completed,2
13498,Rigid,920623,920625,920628,2,3,5,completed,2
13499,Rigid,920623,920625,920628,2,3,5,completed,2
13500,Rigid,920623,920625,920628,2,3,5,completed,2
13501,Rigid,920623,920625,920628,2,3,5,completed,2
13502,Rigid,920623,920625,920628,2,3,5,completed,2
13503,Rigid,920623,920625,920628,2,3,5,completed,2
13504,Rigid,920623,920625,920628,2,3,5,completed,2
13505,Rigid,920623,920625,920628,2,3,5,completed,2
13506,Rigid,920623,920625,920628,2,3,5,completed,2
13507,Rigid,920623,920625,920628,2,3,5,completed,2
13508,Rigid,920624,920625,920628,1,3,4,completed,2
13509,Rigid,920624,920625,920628,1,3,4,completed,2
13510,Rigid,920624,920625,920628,1,3,4,completed,2
13511,Rigid,920624,920625,920628,1,3,4,completed,2
13512,Rigid,920624,920625,920628,1,3,4,completed,2
13513,Rigid,920624,920625,920628,1,3,4,completed,2
13514,Rigid,920663,920664,920674,1,10,11,completed,2
13515,Rigid,920663,920664,920674,1,10,11,completed,2
13516,Rigid,920663,920664,920674,1,10,11,completed,2
13517,Rigid,920663,920664,920674,1,10,11,completed,2
13518,Rigid,920663,920664,920674,1,10,11,completed,2
13519,Rigid,920664,920664,920674,0,10,10,completed,2
13520,Rigid,920664,920664,920674,0,10,10,completed,2
13521,Rigid,920664,920664,920674,0,10,10,completed,2
13522,Rigid,920664,920664,920674,0,10,10,completed,2
13523,Rigid,920664,920664,920674,0,10,10,completed,2
13524,Rigid,920664,920664,920674,0,10,10,completed,2
13525,Rigid,920664,920668,920674,4,6,10,completed,2
13526,Rigid,920664,920668,920674,4,6,10,completed,2
13527,Rigid,920664,920668,920674,4,6,10,completed,2
13528,Rigid,920664,920668,920674,4,6,10,completed,2
13529,Rigid,920664,920668,920674,4,6,10,completed,2
13530,Rigid,920664,920668,920674,4,6,10,completed,2
13531,Rigid,920664,920668,920674,4,6,10,completed,2
13532,Rigid,920664,920668,920674,4,6,10,completed,2
13533,Rigid,920664,920668,920674,4,6,10,completed,2
13534,Rigid,920664,920668,920674,4,6,10,completed,2
13535,Rigid,920664,920668,920674,4,6,10,completed,2
13536,Rigid,920664,920668,920674,4,6,10,completed,2
13537,Rigid,920664,920668,920674,4,6,10,completed,2
13538,Rigid,920664,920668,920674,4,6,10,completed,2
13539,Rigid,920664,920668,920674,4,6,10,completed,2
13540,Rigid,920664,920668,920674,4,6,10,completed,2
13541,Rigid,920664,920668,920674,4,6,10,completed,2
13542,Rigid,920664,920668,920673,4,5,9,completed,2
13543,Rigid,920665,920668,920674,3,6,9,completed,2
13544,Rigid,920665,920668,920674,3,6,9,completed,2
13545,Rigid,920665,920668,920674,3,6,9,completed,2
13546,Rigid,920665,920668,920674,3,6,9,completed,2
13547,Rigid,920665,920668,920674,3,6,9,completed,2
13548,Rigid,920665,920668,920674,3,6,9,completed,2
13549,Rigid,920665,920668,920674,3,6,9,completed,2
13550,Rigid,920665,920668,920673,3,5,8,completed,2
13551,Rigid,920665,920668,920673,3,5,8,completed,2
13552,Rigid,920665,920668,920673,3,5,8,completed,2
13553,Rigid,920665,920668,920673,3,5,8,completed,2
13554,Rigid,920665,920668,920674,3,6,9,completed,2
13555,Rigid,920665,920668,920673,3,5,8,completed,2
13556,Rigid,920665,920668,920674,3,6,9,completed,2
13557,Rigid,920665,920668,920674,3,6,9,completed,2
13558,Rigid,920665,920668,920674,3,6,9,completed,2
13559,Rigid,920665,920668,920673,3,5,8,completed,2
13560,Rigid,920665,920668,920674,3,6,9,completed,2
13561,Rigid,920665,920668,920674,3,6,9,completed,2
13562,Rigid,920665,920668,920674,3,6,9,completed,2
13563,Rigid,920665,920668,920674,3,6,9,completed,2
13564,Rigid,920665,920668,920674,3,6,9,completed,2
13565,Rigid,920665,920668,920674,3,6,9,completed,2
13566,Rigid,920665,920668,920674,3,6,9,completed,2
13567,Rigid,920665,920668,920764,3,96,99,completed,2
13568,Rigid,920665,920668,920674,3,6,9,completed,2
13569,Rigid,920665,920668,920674,3,6,9,completed,2
13570,Rigid,920665,920668,920674,3,6,9,completed,2
13571,Rigid,920665,920668,920674,3,6,9,completed,2
13572,Rigid,920665,920668,920674,3,6,9,completed,2
13573,Rigid,920666,920668,920674,2,6,8,completed,2
13574,Rigid,920666,920668,920674,2,6,8,completed,2
13575,Rigid,920666,920668,920674,2,6,8,completed,2
13576,Rigid,920666,920668,920674,2,6,8,completed,2
13577,Rigid,920666,920668,920674,2,6,8,completed,2
13578,Rigid,920666,920668,920674,2,6,8,completed,2
13579,Rigid,920666,920668,920674,2,6,8,completed,2
13580,Rigid,920666,920668,920674,2,6,8,completed,2
13581,Rigid,920666,920668,920674,2,6,8,completed,2
13582,Rigid,920666,920668,920674,2,6,8,completed,2
13583,Rigid,920666,920668,920674,2,6,8,completed,2
13584,Rigid,920666,920668,920674,2,6,8,completed,2
13585,Rigid,920666,920668,920674,2,6,8,completed,2
13586,Rigid,920666,920668,920674,2,6,8,completed,2
13587,Rigid,920674,920675,920686,1,11,12,completed,2
13588,Rigid,920674,920675,920728,1,53,54,completed,6
13589,Rigid,920674,920675,920686,1,11,12,completed,2
13590,Rigid,920674,920675,920728,1,53,54,completed,6
13591,Rigid,920675,920675,920728,0,53,53,completed,6
13592,Rigid,920675,920675,920686,0,11,11,completed,2
13593,Rigid,920675,920675,920686,0,11,11,completed,2
13594,Rigid,920675,920675,920686,0,11,11,completed,2
13595,Rigid,920675,920675,920686,0,11,11,completed,2
13596,Rigid,920675,920675,920728,0,53,53,completed,6
13597,Rigid,920675,920675,920686,0,11,11,completed,2
13598,Rigid,920675,920675,920686,0,11,11,completed,2
13599,Rigid,920676,920676,920686,0,10,10,completed,2
13600,Rigid,920676,920676,920728,0,52,52,completed,6
13601,Rigid,920676,920676,920728,0,52,52,completed,6
13602,Rigid,920676,920676,920728,0,52,52,completed,6
13603,Rigid,920676,920676,920728,0,52,52,completed,6
13604,Rigid,920676,920676,920728,0,52,52,completed,6
13605,Rigid,920676,920679,920729,3,50,53,completed,6
13606,Rigid,920676,920679,920720,3,41,44,completed,2
13607,Rigid,920676,920679,920720,3,41,44,completed,2
13608,Rigid,920676,920679,920720,3,41,44,completed,2
13609,Rigid,920676,920679,920720,3,41,44,completed,2
13610,Rigid,920677,920679,920720,2,41,43,completed,2
13611,Rigid,920677,920679,920729,2,50,52,completed,6
13612,Rigid,920677,920679,920729,2,50,52,completed,6
13613,Rigid,920677,920679,920734,2,55,57,completed,6
13614,Rigid,920677,920679,920735,2,56,58,completed,6
13615,Rigid,920677,920679,920746,2,67,69,completed,6
13616,Rigid,920677,920679,920733,2,54,56,completed,6
13617,Rigid,920677,920679,920720,2,41,43,completed,2
13618,Rigid,920677,920679,920720,2,41,43,completed,2
13619,Rigid,920677,920679,920720,2,41,43,completed,2
13620,Rigid,920678,920679,920720,1,41,42,completed,2
13621,Rigid,920678,920679,920720,1,41,42,completed,2
13622,Rigid,920678,920679,920730,1,51,52,completed,6
13623,Rigid,920678,920679,920734,1,55,56,completed,6
13624,Rigid,920678,920679,920728,1,49,50,completed,6
13625,Rigid,920678,920679,920733,1,54,55,completed,6
13626,Rigid,920678,920679,920735,1,56,57,completed,6
13627,Rigid,920678,920679,920720,1,41,42,completed,2
13628,Rigid,920678,920679,920720,1,41,42,completed,2
13629,Rigid,920678,920679,920720,1,41,42,completed,2
13630,Rigid,920678,920679,920720,1,41,42,completed,2
13631,Rigid,920679,920679,920720,0,41,41,completed,2
13632,Rigid,920679,920679,920735,0,56,56,completed,6
13633,Rigid,920679,920679,920729,0,50,50,completed,6
13634,Rigid,920679,920683,920732,4,49,53,completed,6
13635,Rigid,920679,920683,920729,4,46,50,completed,6
13636,Rigid,920679,920683,920729,4,46,50,completed,6
13637,Rigid,920679,920683,920720,4,37,41,completed,2
13638,Rigid,920679,920683,920720,4,37,41,completed,2
13639,Rigid,920680,920683,920740,3,57,60,completed,6
13640,Rigid,920680,920683,920714,3,31,34,completed,2
13641,Rigid,920680,920683,920728,3,45,48,completed,2
13642,Rigid,920680,920683,920714,3,31,34,completed,2
13643,Rigid,920680,920683,920728,3,45,48,completed,6
13644,Rigid,920680,920683,920737,3,54,57,completed,6
13645,Rigid,920680,920683,920732,3,49,52,completed,6
13646,Rigid,920680,920683,920728,3,45,48,completed,6
13647,Rigid,920680,920683,920714,3,31,34,completed,2
13648,Rigid,920680,920683,920728,3,45,48,completed,2
13649,Rigid,920962,920962,921167,0,205,205,completed,72
13650,Rigid,921058,921058,921071,0,13,13,completed,6
13651,Rigid,921059,921062,921071,3,9,12,completed,6
13652,Rigid,921059,921062,921071,3,9,12,completed,6
13653,Rigid,921059,921062,921071,3,9,12,completed,6
13654,Rigid,921059,921062,921071,3,9,12,completed,6
13655,Rigid,921059,921062,921071,3,9,12,completed,6
13656,Rigid,921059,921062,921071,3,9,12,completed,6
13657,Rigid,921059,921062,921071,3,9,12,completed,6
13658,Rigid,921059,921062,921071,3,9,12,completed,6
13659,Rigid,921059,921062,921071,3,9,12,completed,12
13660,Rigid,921060,921062,921071,2,9,11,completed,6
13661,Rigid,921060,921062,921071,2,9,11,completed,6
13662,Rigid,921060,921062,921071,2,9,11,completed,6
13663,Rigid,921060,921062,921071,2,9,11,completed,6
13664,Rigid,921060,921062,921071,2,9,11,completed,6
13665,Rigid,921061,921062,921071,1,9,10,completed,6
13666,Rigid,921061,921062,921071,1,9,10,completed,6
13667,Rigid,921061,921062,921071,1,9,10,completed,6
13668,Rigid,921061,921062,921071,1,9,10,completed,6
13669,Rigid,921061,921062,921071,1,9,10,completed,6
13670,Rigid,921061,921062,921071,1,9,10,completed,6
13671,Rigid,921061,921062,921071,1,9,10,completed,6
13672,Rigid,921061,921062,921071,1,9,10,completed,6
13673,Rigid,921061,921062,921071,1,9,10,completed,6
13674,Rigid,921061,921062,921071,1,9,10,completed,6
13675,Rigid,921061,921062,921071,1,9,10,completed,6
13676,Rigid,921061,921062,921071,1,9,10,completed,6
13677,Rigid,921061,921062,921071,1,9,10,completed,6
13678,Rigid,921061,921062,921071,1,9,10,completed,6
13679,Rigid,921061,921062,921071,1,9,10,completed,2
13680,Rigid,921061,921062,921071,1,9,10,completed,6
13681,Rigid,921061,921062,921071,1,9,10,completed,6
13682,Rigid,921062,921062,921071,0,9,9,completed,6
13683,Rigid,921062,921066,921071,4,5,9,completed,6
13684,Rigid,921062,921066,921071,4,5,9,completed,6
13685,Rigid,921062,921066,921071,4,5,9,completed,6
13686,Rigid,921062,921066,921071,4,5,9,completed,6
13687,Rigid,921062,921066,921071,4,5,9,completed,6
13688,Rigid,921062,921066,921072,4,6,10,completed,2
13689,Rigid,921062,921066,921072,4,6,10,completed,2
13690,Rigid,921062,921066,921072,4,6,10,completed,2
13691,Rigid,921063,921066,921072,3,6,9,completed,2
13692,Rigid,921063,921066,921072,3,6,9,completed,2
13693,Rigid,921063,921066,921072,3,6,9,completed,2
13694,Rigid,921063,921066,921072,3,6,9,completed,2
13695,Rigid,921063,921066,921072,3,6,9,completed,2
13696,Rigid,921063,921066,921072,3,6,9,completed,2
13697,Rigid,921063,921066,921072,3,6,9,completed,2
13698,Rigid,921118,921286,921346,168,60,228,completed,36
13699,Rigid,921171,921171,921190,0,19,19,completed,2
13700,Rigid,921171,921171,921213,0,42,42,completed,6
13701,Rigid,921171,921174,921214,3,40,43,completed,6
13702,Rigid,921171,921174,921213,3,39,42,completed,6
13703,Rigid,921172,921174,921213,2,39,41,completed,6
13704,Rigid,921172,921174,921213,2,39,41,completed,6
13705,Rigid,921172,921174,921189,2,15,17,completed,2
13706,Rigid,921172,921174,921208,2,34,36,completed,2
13707,Rigid,921172,921174,921187,2,13,15,completed,2
13708,Rigid,921172,921174,921187,2,13,15,completed,2
13709,Rigid,921172,921174,921187,2,13,15,completed,2
13710,Rigid,921172,921174,921187,2,13,15,completed,2
13711,Rigid,921172,921174,921187,2,13,15,completed,2
13712,Rigid,921172,921174,921187,2,13,15,completed,2
13713,Rigid,921172,921174,921187,2,13,15,completed,2
13714,Rigid,921172,921174,921187,2,13,15,completed,2
13715,Rigid,921172,921174,921187,2,13,15,completed,2
13716,Rigid,921172,921174,921187,2,13,15,completed,2
13717,Rigid,921192,921192,921209,0,17,17,completed,2
13718,Rigid,921192,921192,921209,0,17,17,completed,2
13719,Rigid,921213,921213,921226,0,13,13,completed,2
13720,Rigid,921213,921213,921233,0,20,20,completed,2
13721,Rigid,921213,921214,921233,1,19,20,completed,2
13722,Rigid,921214,921214,921224,0,10,10,completed,2
13723,Rigid,921214,921214,921233,0,19,19,completed,2
13724,Rigid,921214,921214,921225,0,11,11,completed,2
13725,Rigid,921214,921214,921224,0,10,10,completed,2
13726,Rigid,921214,921214,921225,0,11,11,completed,2
13727,Rigid,921214,921215,921223,1,8,9,completed,2
13728,Rigid,921215,921215,921238,0,23,23,completed,2
13729,Rigid,921215,921215,921225,0,10,10,completed,2
13730,Rigid,921215,921216,921225,1,9,10,completed,2
13731,Rigid,921215,921216,921224,1,8,9,completed,2
13732,Rigid,921215,921216,921224,1,8,9,completed,2
13733,Rigid,921215,921216,921223,1,7,8,completed,2
13734,Rigid,921224,921224,921230,0,6,6,completed,2
13735,Rigid,921252,921253,921258,1,5,6,completed,6
13736,Rigid,921252,921253,921258,1,5,6,completed,6
13737,Rigid,921252,921253,921258,1,5,6,completed,6
13738,Rigid,921252,921253,921258,1,5,6,completed,6
13739,Rigid,921252,921253,921258,1,5,6,completed,6
13740,Rigid,921252,921253,921258,1,5,6,completed,6
13741,Rigid,921252,921253,921257,1,4,5,completed,6
13742,Rigid,921252,921253,921257,1,4,5,completed,6
13743,Rigid,921252,921253,921257,1,4,5,completed,6
13744,Rigid,921252,921253,921257,1,4,5,completed,12
13745,Rigid,921252,921253,921257,1,4,5,completed,6
13746,Rigid,921252,921253,921258,1,5,6,completed,6
13747,Rigid,921252,921253,921258,1,5,6,completed,6
13748,Rigid,921253,921256,921260,3,4,7,completed,6
13749,Rigid,921253,921256,921260,3,4,7,completed,6
13750,Rigid,921253,921256,921260,3,4,7,completed,6
13751,Rigid,921253,921256,921260,3,4,7,completed,6
13752,Rigid,921253,921256,921260,3,4,7,completed,6
13753,Rigid,921253,921256,921260,3,4,7,completed,6
13754,Rigid,921253,921256,921260,3,4,7,completed,6
13755,Rigid,921253,921256,921260,3,4,7,completed,6
13756,Rigid,921253,921256,921260,3,4,7,completed,6
13757,Rigid,921253,921256,921260,3,4,7,completed,6
13758,Rigid,921253,921256,921260,3,4,7,completed,6
13759,Rigid,921253,921256,921260,3,4,7,completed,6
13760,Rigid,921253,921256,921260,3,4,7,completed,6
13761,Rigid,921254,921256,921260,2,4,6,completed,6
13762,Rigid,921254,921256,921260,2,4,6,completed,6
13763,Rigid,921254,921256,921260,2,4,6,completed,6
13764,Rigid,921254,921256,921260,2,4,6,completed,6
13765,Rigid,921254,921256,921260,2,4,6,completed,6
13766,Rigid,921254,921256,921260,2,4,6,completed,6
13767,Rigid,921254,921256,921260,2,4,6,completed,6
13768,Rigid,921254,921256,921260,2,4,6,completed,6
13769,Rigid,921254,921256,921260,2,4,6,completed,6
13770,Rigid,921254,921256,921260,2,4,6,completed,6
13771,Rigid,921254,921256,921260,2,4,6,completed,6
13772,Rigid,921293,921294,921302,1,8,9,completed,2
13773,Rigid,921293,921294,921303,1,9,10,completed,2
13774,Rigid,921293,921294,921315,1,21,22,completed,2
13775,Rigid,921293,921294,921305,1,11,12,completed,2
13776,Rigid,921294,921294,921303,0,9,9,completed,2
13777,Rigid,921294,921294,921313,0,19,19,completed,2
13778,Rigid,921294,921294,921303,0,9,9,completed,2
13779,Rigid,921294,921298,921305,4,7,11,completed,2
13780,Rigid,921294,921298,921304,4,6,10,completed,2
13781,Rigid,921294,921298,921305,4,7,11,completed,2
13782,Rigid,921294,921298,921305,4,7,11,completed,2
13783,Rigid,921294,921298,921303,4,5,9,completed,2
13784,Rigid,921295,921298,921305,3,7,10,completed,2
13785,Rigid,921295,921298,921307,3,9,12,completed,2
13786,Rigid,921417,921424,922349,7,925,932,completed,108
13787,Rigid,921637,921638,921681,1,43,44,completed,36
13788,Rigid,921890,921891,921936,1,45,46,completed,36
13789,Rigid,922182,922183,922226,1,43,44,completed,36
13790,Rigid,922322,922322,922370,0,48,48,completed,36
13791,Rigid,922685,922686,922698,1,12,13,completed,36
13792,Rigid,922766,922766,922781,0,15,15,completed,36
13793,Rigid,922880,922880,922904,0,24,24,completed,1
13794,Rigid,922926,922926,922939,0,13,13,completed,2
13795,Rigid,923007,923007,923060,0,53,53,completed,36
13796,Rigid,923054,923054,923063,0,9,9,completed,4
13797,Rigid,923083,923083,923090,0,7,7,completed,6
13798,Rigid,923102,923102,923108,0,6,6,completed,8
13799,Rigid,923121,923121,923125,0,4,4,completed,12
13800,Rigid,923139,923139,923144,0,5,5,completed,16
13801,Rigid,923157,923157,923162,0,5,5,completed,24
13802,Rigid,923177,923177,923182,0,5,5,completed,32
13803,Rigid,923231,923231,923256,0,25,25,completed,1
13804,Rigid,923258,923258,926861,0,3603,3603,completed,144
13805,Rigid,923283,923283,923298,0,15,15,completed,2
13806,Rigid,923288,923289,923344,1,55,56,completed,36
13807,Rigid,923334,923334,923346,0,12,12,completed,4
13808,Rigid,923340,923342,923415,2,73,75,completed,288
13809,Rigid,923357,923357,923366,0,9,9,completed,6
13810,Rigid,923375,923375,923384,0,9,9,completed,8
13811,Rigid,923419,923419,923426,0,7,7,completed,12
13812,Rigid,923592,923592,923599,0,7,7,completed,16
13813,Rigid,923606,923606,923616,0,10,10,completed,24
13814,Rigid,923624,923624,923636,0,12,12,completed,32
13815,Rigid,923767,923768,924374,1,606,607,completed,144
13816,Rigid,923799,923800,924689,1,889,890,completed,288
13817,Rigid,923847,923848,927314,1,3466,3467,completed,288
13818,Rigid,923856,923857,923910,1,53,54,completed,36
13819,Rigid,923961,923963,924982,2,1019,1021,completed,288
13820,Rigid,924029,924030,924081,1,51,52,completed,36
13821,Rigid,924331,924332,924387,1,55,56,completed,36
13822,Rigid,924370,924371,924393,1,22,23,completed,36
13823,Rigid,924552,924552,924612,0,60,60,completed,36
13824,Rigid,924792,924792,924857,0,65,65,completed,36
13825,Rigid,924865,924865,926081,0,1216,1216,completed,144
13826,Rigid,924890,924891,924944,1,53,54,completed,36
13827,Rigid,924963,924964,924988,1,24,25,completed,36
13828,Rigid,925048,925049,925095,1,46,47,completed,36
13829,Rigid,925093,925093,926114,0,1021,1021,completed,288
13830,Rigid,925098,925098,925121,0,23,23,completed,36
13831,Rigid,925140,925142,925188,2,46,48,completed,36
13832,Rigid,925141,925142,925204,1,62,63,completed,36
13833,Rigid,925150,925150,928573,0,3423,3423,completed,144
13834,Rigid,925337,925338,925402,1,64,65,completed,36
13835,Rigid,925430,925431,925468,1,37,38,completed,36
13836,Rigid,925600,925600,925666,0,66,66,completed,36
13837,Rigid,925628,925629,925664,1,35,36,completed,36
13838,Rigid,925661,925662,926434,1,772,773,completed,432
13839,Rigid,925768,925768,925833,0,65,65,completed,36
13840,Rigid,925866,926080,926130,214,50,264,completed,36
13841,Rigid,926178,926178,926457,0,279,279,completed,36
13842,Rigid,926347,926348,928771,1,2423,2424,completed,36
13843,Rigid,926544,926545,926612,1,67,68,completed,36
13844,Rigid,926548,926549,926573,1,24,25,completed,36
13845,Rigid,926579,926579,927191,0,612,612,completed,5
13846,Rigid,926598,926599,1007222,1,80623,80624,completed,36
13847,Rigid,926612,926613,926621,1,8,9,completed,36
13848,Rigid,926631,926632,927357,1,725,726,completed,432
13849,Rigid,926726,926726,926751,0,25,25,completed,36
13850,Rigid,926757,926757,926814,0,57,57,completed,1
13851,Rigid,926792,926793,926817,1,24,25,completed,36
13852,Rigid,926848,926849,927387,1,538,539,completed,1
13853,Rigid,926895,926895,926942,0,47,47,completed,36
13854,Rigid,926950,926951,927366,1,415,416,completed,36
13855,Rigid,927186,927187,927234,1,47,48,completed,36
13856,Rigid,927259,927260,927357,1,97,98,completed,5
13857,Rigid,927375,927376,927685,1,309,310,completed,5
13858,Rigid,927430,927450,931061,20,3611,3631,completed,576
13859,Rigid,927464,927464,927469,0,5,5,completed,32
13860,Rigid,927618,927630,1171672,12,244042,244054,completed,1
13861,Rigid,927632,927632,927701,0,69,69,completed,36
13862,Rigid,927778,927780,970444,2,42664,42666,completed,144
13863,Rigid,927934,927934,928245,0,311,311,completed,5
13864,Rigid,928023,928023,928028,0,5,5,completed,32
13865,Rigid,928060,928061,928111,1,50,51,completed,36
13866,Rigid,928062,928062,928067,0,5,5,completed,32
13867,Rigid,928118,928119,928127,1,8,9,completed,1
13868,Rigid,928212,928231,928297,19,66,85,completed,36
13869,Rigid,928220,928221,928235,1,14,15,completed,36
13870,Rigid,928243,928244,928289,1,45,46,completed,36
13871,Rigid,928248,928248,928273,0,25,25,completed,36
13872,Rigid,928347,928347,928940,0,593,593,completed,9
13873,Rigid,928376,928377,928400,1,23,24,completed,36
13874,Rigid,928437,928437,928556,0,119,119,completed,36
13875,Rigid,928470,928471,931466,1,2995,2996,completed,432
13876,Rigid,928497,928497,928509,0,12,12,completed,1
13877,Rigid,928612,928613,928620,1,7,8,completed,1
13878,Rigid,928699,928700,928707,1,7,8,completed,1
13879,Rigid,928731,928742,928819,11,77,88,completed,36
13880,Rigid,928775,928776,928820,1,44,45,completed,36
13881,Rigid,928795,928795,928801,0,6,6,completed,1
13882,Rigid,928858,928858,928865,0,7,7,completed,1
13883,Rigid,928933,928952,929012,19,60,79,completed,36
13884,Rigid,928951,928952,930092,1,1140,1141,completed,144
13885,Rigid,928976,928977,929034,1,57,58,completed,36
13886,Rigid,929025,929026,929033,1,7,8,completed,1
13887,Rigid,929068,929069,929072,1,3,4,completed,1
13888,Rigid,929092,929093,929099,1,6,7,completed,1
13889,Rigid,929102,929102,1172705,0,243603,243603,completed,1
13890,Rigid,929120,929121,929194,1,73,74,completed,36
13891,Rigid,929228,936229,936239,7001,10,7011,completed,144
13892,Rigid,929259,936259,936268,7000,9,7009,completed,144
13893,Rigid,929324,929324,929368,0,44,44,completed,36
13894,Rigid,929492,929492,929515,0,23,23,completed,36
13895,Rigid,929565,929566,930390,1,824,825,completed,36
13896,Rigid,929620,929620,929667,0,47,47,completed,36
13897,Rigid,929668,929668,929727,0,59,59,completed,1
13898,Rigid,929747,929747,929824,0,77,77,completed,72
13899,Rigid,929758,929826,929839,68,13,81,completed,72
13900,Rigid,929758,929758,929969,0,211,211,completed,1
13901,Rigid,929810,929811,929886,1,75,76,completed,36
13902,Rigid,929832,929833,929878,1,45,46,completed,36
13903,Rigid,929897,929898,929920,1,22,23,completed,36
13904,Rigid,930030,936289,938669,6259,2380,8639,completed,144
13905,Rigid,930114,930123,935688,9,5565,5574,completed,144
13906,Rigid,930115,930123,930167,8,44,52,completed,36
13907,Rigid,930202,930203,930227,1,24,25,completed,36
13908,Rigid,930272,930272,930294,0,22,22,completed,36
13909,Rigid,930378,930379,930453,1,74,75,completed,36
13910,Rigid,930430,930431,930502,1,71,72,completed,36
13911,Rigid,930464,930465,930472,1,7,8,completed,1
13912,Rigid,930627,931085,938291,458,7206,7664,completed,144
13913,Rigid,930657,930658,930664,1,6,7,completed,1
13914,Rigid,930792,930792,930848,0,56,56,completed,36
13915,Rigid,930927,930935,932451,8,1516,1524,completed,16
13916,Rigid,931132,931145,936200,13,5055,5068,completed,36
13917,Rigid,931137,931716,936901,579,5185,5764,completed,36
13918,Rigid,931140,931145,933383,5,2238,2243,completed,16
13919,Rigid,931142,935598,940603,4456,5005,9461,completed,36
13920,Rigid,931184,931205,933458,21,2253,2274,completed,16
13921,Rigid,931539,938694,938704,7155,10,7165,completed,144
13922,Rigid,931547,931547,931618,0,71,71,completed,36
13923,Rigid,931558,938724,938734,7166,10,7176,completed,144
13924,Rigid,931561,931562,931633,1,71,72,completed,36
13925,Rigid,931745,931746,931797,1,51,52,completed,12
13926,Rigid,931835,931836,931912,1,76,77,completed,36
13927,Rigid,931844,931844,931855,0,11,11,completed,2
13928,Rigid,931844,931844,931854,0,10,10,completed,2
13929,Rigid,931844,931844,931851,0,7,7,completed,2
13930,Rigid,931844,931844,931855,0,11,11,completed,2
13931,Rigid,931844,931844,931850,0,6,6,completed,2
13932,Rigid,931844,931848,931855,4,7,11,completed,2
13933,Rigid,931846,931848,931855,2,7,9,completed,2
13934,Rigid,931846,931848,931854,2,6,8,completed,2
13935,Rigid,931846,931848,931854,2,6,8,completed,2
13936,Rigid,931846,931848,931854,2,6,8,completed,2
13937,Rigid,931846,931848,931855,2,7,9,completed,2
13938,Rigid,931846,931848,931854,2,6,8,completed,2
13939,Rigid,931846,931848,931855,2,7,9,completed,2
13940,Rigid,931846,931848,931854,2,6,8,completed,2
13941,Rigid,931846,931848,931855,2,7,9,completed,2
13942,Rigid,931846,931848,931854,2,6,8,completed,2
13943,Rigid,931846,931848,931855,2,7,9,completed,2
13944,Rigid,931847,931848,931855,1,7,8,completed,2
13945,Rigid,931847,931848,931854,1,6,7,completed,2
13946,Rigid,931847,931848,931854,1,6,7,completed,2
13947,Rigid,931847,931848,931854,1,6,7,completed,2
13948,Rigid,931847,931848,931854,1,6,7,completed,2
13949,Rigid,931848,931848,931854,0,6,6,completed,2
13950,Rigid,931848,931848,931854,0,6,6,completed,2
13951,Rigid,931848,931848,931854,0,6,6,completed,2
13952,Rigid,931848,931848,931854,0,6,6,completed,2
13953,Rigid,932044,932047,932053,3,6,9,completed,12
13954,Rigid,932074,932074,932150,0,76,76,completed,36
13955,Rigid,932105,932107,932129,2,22,24,completed,180
13956,Rigid,932203,932227,932236,24,9,33,completed,12
13957,Rigid,932361,932378,932386,17,8,25,completed,12
13958,Rigid,932414,932414,932491,0,77,77,completed,36
13959,Rigid,932434,932435,932439,1,4,5,completed,36
13960,Rigid,932472,932498,932507,26,9,35,completed,12
13961,Rigid,932484,932485,932487,1,2,3,completed,36
13962,Rigid,932502,932503,932514,1,11,12,completed,36
13963,Rigid,932545,932546,932559,1,13,14,completed,36
13964,Rigid,932557,932558,938801,1,6243,6244,completed,576
13965,Rigid,932574,932575,932585,1,10,11,completed,36
13966,Rigid,932595,932618,932636,23,18,41,completed,180
13967,Rigid,932638,932642,932654,4,12,16,completed,36
13968,Rigid,932647,932647,932720,0,73,73,completed,36
13969,Rigid,932674,932674,932732,0,58,58,completed,36
13970,Rigid,932699,932708,932726,9,18,27,completed,180
13971,Rigid,932766,932768,932786,2,18,20,completed,180
13972,Rigid,932803,932803,932873,0,70,70,completed,36
13973,Rigid,932846,932859,932936,13,77,90,completed,36
13974,Rigid,932869,932870,932929,1,59,60,completed,36
13975,Rigid,932975,932975,932990,0,15,15,completed,36
13976,Rigid,933052,933069,933196,17,127,144,completed,144
13977,Rigid,933211,938755,938764,5544,9,5553,completed,36
13978,Rigid,933231,933250,933303,19,53,72,completed,36
13979,Rigid,933233,933250,933941,17,691,708,completed,288
13980,Rigid,933247,933248,933265,1,17,18,completed,2
13981,Rigid,933247,933248,933268,1,20,21,completed,2
13982,Rigid,933247,933248,933274,1,26,27,completed,2
13983,Rigid,933247,933248,933274,1,26,27,completed,2
13984,Rigid,933247,933248,933267,1,19,20,completed,2
13985,Rigid,933247,933248,933265,1,17,18,completed,2
13986,Rigid,933248,933248,933265,0,17,17,completed,2
13987,Rigid,933248,933248,933274,0,26,26,completed,2
13988,Rigid,933248,933248,933265,0,17,17,completed,2
13989,Rigid,933248,933248,933265,0,17,17,completed,2
13990,Rigid,933248,933248,933265,0,17,17,completed,2
13991,Rigid,933248,933248,933265,0,17,17,completed,2
13992,Rigid,933248,933248,933268,0,20,20,completed,2
13993,Rigid,933248,933248,933265,0,17,17,completed,2
13994,Rigid,933248,933248,933264,0,16,16,completed,2
13995,Rigid,933248,933248,933265,0,17,17,completed,2
13996,Rigid,933248,933250,933265,2,15,17,completed,2
13997,Rigid,933248,933250,933265,2,15,17,completed,2
13998,Rigid,933270,933280,933447,10,167,177,completed,36
13999,Rigid,933297,933297,933353,0,56,56,completed,36
14000,Rigid,933503,933504,933577,1,73,74,completed,36
14001,Rigid,933617,933618,934164,1,546,547,completed,36
14002,Rigid,933808,933821,933898,13,77,90,completed,144
14003,Rigid,933879,933881,934396,2,515,517,completed,20
14004,Rigid,933943,933971,934206,28,235,263,completed,144
14005,Rigid,933948,933948,934016,0,68,68,completed,36
14006,Rigid,934199,934202,934224,3,22,25,completed,36
14007,Rigid,934216,997619,1159533,63403,161914,225317,completed,864
14008,Rigid,934364,934364,934435,0,71,71,completed,36
14009,Rigid,934440,934442,934464,2,22,24,completed,36
14010,Rigid,934460,935718,1108536,1258,172818,174076,completed,36
14011,Rigid,934519,934520,934576,1,56,57,completed,36
14012,Rigid,934596,934596,934617,0,21,21,completed,36
14013,Rigid,934643,934643,934678,0,35,35,completed,36
14014,Rigid,934736,934753,935335,17,582,599,completed,144
14015,Rigid,934773,934773,935444,0,671,671,completed,36
14016,Rigid,934822,934823,934868,1,45,46,completed,36
14017,Rigid,934824,934870,934915,46,45,91,completed,36
14018,Rigid,934837,934837,934862,0,25,25,completed,36
14019,Rigid,934958,934959,935004,1,45,46,completed,36
14020,Rigid,934960,935005,935049,45,44,89,completed,36
14021,Rigid,934994,934995,935027,1,32,33,completed,36
14022,Rigid,935039,935053,935074,14,21,35,completed,32
14023,Rigid,935087,935088,935597,1,509,510,completed,36
14024,Rigid,935126,935126,935160,0,34,34,completed,72
14025,Rigid,935178,935178,935213,0,35,35,completed,72
14026,Rigid,935229,935230,935276,1,46,47,completed,36
14027,Rigid,935233,935278,935324,45,46,91,completed,36
14028,Rigid,935241,935264,935403,23,139,162,completed,30
14029,Rigid,935249,935264,935447,15,183,198,completed,30
14030,Rigid,935274,935275,935308,1,33,34,completed,36
14031,Rigid,935290,935294,935422,4,128,132,completed,30
14032,Rigid,935467,935478,936010,11,532,543,completed,144
14033,Rigid,935487,935487,935566,0,79,79,completed,72
14034,Rigid,935495,935495,935574,0,79,79,completed,72
14035,Rigid,935497,935499,935531,2,32,34,completed,36
14036,Rigid,935583,935584,936125,1,541,542,completed,36
14037,Rigid,935729,935748,938171,19,2423,2442,completed,26
14038,Rigid,935758,935758,935782,0,24,24,completed,1
14039,Rigid,935774,935775,935798,1,23,24,completed,36
14040,Rigid,935836,935838,942537,2,6699,6701,completed,26
14041,Rigid,935844,935868,939359,24,3491,3515,completed,26
14042,Rigid,935859,935859,935881,0,22,22,completed,1
14043,Rigid,935905,935905,935929,0,24,24,completed,1
14044,Rigid,935925,935925,935959,0,34,34,completed,36
14045,Rigid,936026,936027,936050,1,23,24,completed,36
14046,Rigid,936056,936057,936124,1,67,68,completed,1
14047,Rigid,936062,936079,936131,17,52,69,completed,36
14048,Rigid,936108,936109,936132,1,23,24,completed,36
14049,Rigid,936181,936182,936215,1,33,34,completed,36
14050,Rigid,936230,936259,936279,29,20,49,completed,32
14051,Rigid,936339,936921,943096,582,6175,6757,completed,26
14052,Rigid,936373,936374,936565,1,191,192,completed,36
14053,Rigid,936510,936530,936569,20,39,59,completed,32
14054,Rigid,936606,936606,936662,0,56,56,completed,36
14055,Rigid,936886,936886,936900,0,14,14,completed,36
14056,Rigid,937045,937071,937089,26,18,44,completed,180
14057,Rigid,937056,937071,937580,15,509,524,completed,144
14058,Rigid,937065,937065,937079,0,14,14,completed,36
14059,Rigid,937190,937191,937204,1,13,14,completed,36
14060,Rigid,937276,937277,937300,1,23,24,completed,36
14061,Rigid,937384,937402,937405,18,3,21,completed,72
14062,Rigid,937386,937389,937434,3,45,48,completed,36
14063,Rigid,937388,937435,937480,47,45,92,completed,36
14064,Rigid,937450,937462,937557,12,95,107,completed,72
14065,Rigid,937535,937552,1217992,17,280440,280457,completed,1
14066,Rigid,937546,937546,938348,0,802,802,completed,36
14067,Rigid,937626,937642,937845,16,203,219,completed,72
14068,Rigid,937796,937797,937842,1,45,46,completed,36
14069,Rigid,937798,937843,937888,45,45,90,completed,36
14070,Rigid,937832,937832,937846,0,14,14,completed,36
14071,Rigid,937875,937882,938086,7,204,211,completed,72
14072,Rigid,937883,937913,937970,30,57,87,completed,180
14073,Rigid,938016,938016,938060,0,44,44,completed,36
14074,Rigid,938017,938062,938104,45,42,87,completed,36
14075,Rigid,938154,940556,951400,2402,10844,13246,completed,360
14076,Rigid,938224,938225,938241,1,16,17,completed,36
14077,Rigid,938324,938324,938366,0,42,42,completed,36
14078,Rigid,938468,938469,938780,1,311,312,completed,36
14079,Rigid,938488,938514,1188454,26,249940,249966,completed,1
14080,Rigid,938619,938634,1195635,15,257001,257016,completed,1
14081,Rigid,938650,938651,938694,1,43,44,completed,36
14082,Rigid,938698,938784,939164,86,380,466,completed,36
14083,Rigid,938783,938785,1175382,2,236597,236599,completed,1
14084,Rigid,938806,938807,938849,1,42,43,completed,36
14085,Rigid,938838,939165,939520,327,355,682,completed,36
14086,Rigid,938878,938905,1183309,27,244404,244431,completed,1
14087,Rigid,938903,938905,938957,2,52,54,completed,180
14088,Rigid,939043,939055,1192795,12,253740,253752,completed,1
14089,Rigid,939133,939145,1188908,12,249763,249775,completed,1
14090,Rigid,939134,939145,939200,11,55,66,completed,36
14091,Rigid,939280,939295,1183453,15,244158,244173,completed,1
14092,Rigid,939306,940556,943678,1250,3122,4372,completed,144
14093,Rigid,939364,940556,947347,1192,6791,7983,completed,144
14094,Rigid,939365,939368,939412,3,44,47,completed,36
14095,Rigid,939372,939386,1217992,14,278606,278620,completed,1
14096,Rigid,939451,939451,939660,0,209,209,completed,36
14097,Rigid,939468,939476,1126226,8,186750,186758,completed,1
14098,Rigid,939477,939506,939549,29,43,72,completed,36
14099,Rigid,939608,939608,940003,0,395,395,completed,36
14100,Rigid,939616,939616,939660,0,44,44,completed,36
14101,Rigid,939631,939656,939705,25,49,74,completed,180
14102,Rigid,939672,939686,939721,14,35,49,completed,144
14103,Rigid,939769,939770,939813,1,43,44,completed,36
14104,Rigid,939787,939806,939856,19,50,69,completed,180
14105,Rigid,939902,939927,939970,25,43,68,completed,32
14106,Rigid,939930,939957,940029,27,72,99,completed,36
14107,Rigid,939960,939962,940067,2,105,107,completed,36
14108,Rigid,940012,940013,940028,1,15,16,completed,36
14109,Rigid,940180,940181,940719,1,538,539,completed,36
14110,Rigid,940187,940197,940247,10,50,60,completed,180
14111,Rigid,940365,940377,940428,12,51,63,completed,180
14112,Rigid,940401,940556,940573,155,17,172,completed,144
14113,Rigid,940407,1159534,1243945,219127,84411,303538,completed,648
14114,Rigid,940569,940570,940592,1,22,23,completed,144
14115,Rigid,940778,940779,940830,1,51,52,completed,180
14116,Rigid,940780,940783,941541,3,758,761,completed,144
14117,Rigid,940930,940931,941902,1,971,972,completed,36
14118,Rigid,940992,940992,981757,0,40765,40765,completed,1
14119,Rigid,941089,941090,942417,1,1327,1328,completed,26
14120,Rigid,941093,941094,941114,1,20,21,completed,1
14121,Rigid,941093,941094,941114,1,20,21,completed,1
14122,Rigid,941093,941094,941114,1,20,21,completed,1
14123,Rigid,941093,941094,941114,1,20,21,completed,1
14124,Rigid,941093,941094,941114,1,20,21,completed,1
14125,Rigid,941093,941094,941114,1,20,21,completed,1
14126,Rigid,941093,941094,941114,1,20,21,completed,1
14127,Rigid,941093,941094,941114,1,20,21,completed,1
14128,Rigid,941100,941102,942463,2,1361,1363,completed,26
14129,Rigid,941114,941114,942442,0,1328,1328,completed,26
14130,Rigid,941124,941125,942473,1,1348,1349,completed,26
14131,Rigid,941148,941149,942576,1,1427,1428,completed,26
14132,Rigid,941168,941169,942542,1,1373,1374,completed,26
14133,Rigid,941175,941175,942589,0,1414,1414,completed,26
14134,Rigid,941183,941183,942685,0,1502,1502,completed,26
14135,Rigid,941491,942419,942444,928,25,953,completed,144
14136,Rigid,941528,1159534,1237131,218006,77597,295603,completed,648
14137,Rigid,941612,941639,941662,27,23,50,completed,1
14138,Rigid,941704,941729,942356,25,627,652,completed,1
14139,Rigid,941739,941740,942400,1,660,661,completed,72
14140,Rigid,941750,941751,942457,1,706,707,completed,72
14141,Rigid,941829,941849,982719,20,40870,40890,completed,1
14142,Rigid,941973,942360,942365,387,5,392,completed,36
14143,Rigid,942088,942089,942103,1,14,15,completed,36
14144,Rigid,942112,942112,942118,0,6,6,completed,1
14145,Rigid,942112,942112,942118,0,6,6,completed,1
14146,Rigid,942112,942112,942118,0,6,6,completed,1
14147,Rigid,942112,942112,942118,0,6,6,completed,1
14148,Rigid,942112,942112,942118,0,6,6,completed,1
14149,Rigid,942112,942112,942118,0,6,6,completed,1
14150,Rigid,942112,942112,942118,0,6,6,completed,1
14151,Rigid,942112,942112,942118,0,6,6,completed,1
14152,Rigid,942171,942171,942176,0,5,5,completed,1
14153,Rigid,942171,942171,942176,0,5,5,completed,1
14154,Rigid,942171,942171,942176,0,5,5,completed,1
14155,Rigid,942171,942171,942176,0,5,5,completed,1
14156,Rigid,942171,942171,942176,0,5,5,completed,1
14157,Rigid,942171,942171,942176,0,5,5,completed,1
14158,Rigid,942171,942171,942176,0,5,5,completed,1
14159,Rigid,942171,942171,942176,0,5,5,completed,1
14160,Rigid,942194,942210,976061,16,33851,33867,completed,1
14161,Rigid,942272,942300,942402,28,102,130,completed,26
14162,Rigid,942352,942353,942359,1,6,7,completed,1
14163,Rigid,942352,942353,942359,1,6,7,completed,1
14164,Rigid,942352,942353,942359,1,6,7,completed,1
14165,Rigid,942352,942353,942359,1,6,7,completed,1
14166,Rigid,942352,942353,942359,1,6,7,completed,1
14167,Rigid,942352,942353,942359,1,6,7,completed,1
14168,Rigid,942352,942353,942359,1,6,7,completed,1
14169,Rigid,942352,942353,942359,1,6,7,completed,1
14170,Rigid,942558,942559,942583,1,24,25,completed,72
14171,Rigid,942575,942576,942601,1,25,26,completed,72
14172,Rigid,942762,942763,943758,1,995,996,completed,36
14173,Rigid,942844,942845,943050,1,205,206,completed,72
14174,Rigid,942875,942875,944081,0,1206,1206,completed,36
14175,Rigid,942926,951267,951501,8341,234,8575,completed,1152
14176,Rigid,943070,943081,943947,11,866,877,completed,144
14177,Rigid,943120,943141,952769,21,9628,9649,completed,26
14178,Rigid,943707,943708,943727,1,19,20,completed,1
14179,Rigid,943707,943708,943727,1,19,20,completed,1
14180,Rigid,943707,943708,943727,1,19,20,completed,1
14181,Rigid,943707,943708,943727,1,19,20,completed,1
14182,Rigid,943707,943708,943727,1,19,20,completed,1
14183,Rigid,943707,943708,943727,1,19,20,completed,1
14184,Rigid,943707,943708,943727,1,19,20,completed,1
14185,Rigid,943707,943708,943727,1,19,20,completed,1
14186,Rigid,943762,943772,943827,10,55,65,completed,36
14187,Rigid,943799,943952,950177,153,6225,6378,completed,576
14188,Rigid,944102,944102,945657,0,1555,1555,completed,26
14189,Rigid,944178,947619,948354,3441,735,4176,completed,144
14190,Rigid,944257,950204,961888,5947,11684,17631,completed,144
14191,Rigid,944389,944389,944519,0,130,130,completed,36
14192,Rigid,944409,944432,944753,23,321,344,completed,16
14193,Rigid,944430,944432,952950,2,8518,8520,completed,26
14194,Rigid,944438,944973,947421,535,2448,2983,completed,26
14195,Rigid,944446,947439,952854,2993,5415,8408,completed,26
14196,Rigid,944545,944553,944565,8,12,20,completed,36
14197,Rigid,944609,944613,945221,4,608,612,completed,36
14198,Rigid,944745,945244,958760,499,13516,14015,completed,36
14199,Rigid,944849,944850,944904,1,54,55,completed,36
14200,Rigid,945060,947379,947591,2319,212,2531,completed,72
14201,Rigid,945219,945219,945882,0,663,663,completed,72
14202,Rigid,945402,945424,981638,22,36214,36236,completed,1
14203,Rigid,945444,945454,979056,10,33602,33612,completed,1
14204,Rigid,945481,945484,978012,3,32528,32531,completed,1
14205,Rigid,945531,945545,978645,14,33100,33114,completed,1
14206,Rigid,945596,945605,980101,9,34496,34505,completed,1
14207,Rigid,945717,945717,945768,0,51,51,completed,36
14208,Rigid,945759,945785,946149,26,364,390,completed,36
14209,Rigid,945773,955492,1059588,9719,104096,113815,completed,144
14210,Rigid,945774,955492,1128305,9718,172813,182531,completed,144
14211,Rigid,945774,955492,1128305,9718,172813,182531,completed,144
14212,Rigid,945774,955493,1128305,9719,172812,182531,completed,144
14213,Rigid,945774,955493,1128305,9719,172812,182531,completed,144
14214,Rigid,945774,955493,1128305,9719,172812,182531,completed,144
14215,Rigid,945817,945890,947111,73,1221,1294,completed,72
14216,Rigid,945825,950264,952814,4439,2550,6989,completed,26
14217,Rigid,945834,950264,952804,4430,2540,6970,completed,26
14218,Rigid,945843,950264,952813,4421,2549,6970,completed,26
14219,Rigid,945857,950264,952831,4407,2567,6974,completed,26
14220,Rigid,945866,951267,952912,5401,1645,7046,completed,26
14221,Rigid,945928,945929,945976,1,47,48,completed,36
14222,Rigid,945953,945953,945956,0,3,3,completed,4
14223,Rigid,945968,945969,945975,1,6,7,completed,4
14224,Rigid,945981,951267,952812,5286,1545,6831,completed,26
14225,Rigid,945990,951267,952797,5277,1530,6807,completed,26
14226,Rigid,945997,951402,952788,5405,1386,6791,completed,26
14227,Rigid,946029,946029,946082,0,53,53,completed,36
14228,Rigid,946444,946445,946492,1,47,48,completed,36
14229,Rigid,946501,946506,946876,5,370,375,completed,36
14230,Rigid,946527,946527,947623,0,1096,1096,completed,36
14231,Rigid,946626,946626,946672,0,46,46,completed,36
14232,Rigid,946873,946897,946978,24,81,105,completed,36
14233,Rigid,946926,947379,947441,453,62,515,completed,72
14234,Rigid,946987,946988,947711,1,723,724,completed,36
14235,Rigid,947005,947006,947064,1,58,59,completed,36
14236,Rigid,947077,947119,947582,42,463,505,completed,72
14237,Rigid,947278,947282,947341,4,59,63,completed,36
14238,Rigid,947401,947624,947705,223,81,304,completed,36
14239,Rigid,947470,950204,950236,2734,32,2766,completed,144
14240,Rigid,947570,947590,947884,20,294,314,completed,72
14241,Rigid,947899,947899,949121,0,1222,1222,completed,72
14242,Rigid,947953,947980,948098,27,118,145,completed,36
14243,Rigid,947959,947959,948037,0,78,78,completed,36
14244,Rigid,947959,947980,1164600,21,216620,216641,completed,1
14245,Rigid,947974,947980,1204928,6,256948,256954,completed,1
14246,Rigid,947997,948010,1168033,13,220023,220036,completed,1
14247,Rigid,948011,948040,1166157,29,218117,218146,completed,1
14248,Rigid,948023,948040,1200955,17,252915,252932,completed,1
14249,Rigid,948036,948040,1180774,4,232734,232738,completed,1
14250,Rigid,948053,948070,1171362,17,223292,223309,completed,1
14251,Rigid,948068,948070,1134660,2,186590,186592,completed,1
14252,Rigid,948152,948152,948207,0,55,55,completed,36
14253,Rigid,948224,948250,948258,26,8,34,completed,36
14254,Rigid,948235,948235,948312,0,77,77,completed,36
14255,Rigid,948306,948307,948315,1,8,9,completed,2
14256,Rigid,948306,948307,948318,1,11,12,completed,2
14257,Rigid,948306,948307,948315,1,8,9,completed,2
14258,Rigid,948306,948307,948316,1,9,10,completed,2
14259,Rigid,948306,948307,948316,1,9,10,completed,2
14260,Rigid,948307,948307,948316,0,9,9,completed,2
14261,Rigid,948307,948307,948316,0,9,9,completed,2
14262,Rigid,948307,948307,948316,0,9,9,completed,2
14263,Rigid,948307,948307,948316,0,9,9,completed,2
14264,Rigid,948307,948307,948316,0,9,9,completed,2
14265,Rigid,948307,948307,948313,0,6,6,completed,2
14266,Rigid,948307,948307,948318,0,11,11,completed,2
14267,Rigid,948307,948307,948316,0,9,9,completed,2
14268,Rigid,948307,948307,948316,0,9,9,completed,2
14269,Rigid,948307,948307,948316,0,9,9,completed,2
14270,Rigid,948307,948307,948316,0,9,9,completed,2
14271,Rigid,948307,948307,948318,0,11,11,completed,2
14272,Rigid,948336,948371,948500,35,129,164,completed,180
14273,Rigid,948384,948384,948464,0,80,80,completed,36
14274,Rigid,948431,948521,949460,90,939,1029,completed,144
14275,Rigid,948459,948521,948527,62,6,68,completed,36
14276,Rigid,948470,948471,948547,1,76,77,completed,36
14277,Rigid,948489,948490,948504,1,14,15,completed,2
14278,Rigid,948489,948490,948504,1,14,15,completed,2
14279,Rigid,948489,948490,948504,1,14,15,completed,2
14280,Rigid,948489,948490,948504,1,14,15,completed,2
14281,Rigid,948489,948490,948504,1,14,15,completed,2
14282,Rigid,948489,948490,948504,1,14,15,completed,2
14283,Rigid,948489,948490,948504,1,14,15,completed,2
14284,Rigid,948489,948490,948504,1,14,15,completed,2
14285,Rigid,948489,948490,948504,1,14,15,completed,2
14286,Rigid,948489,948490,948504,1,14,15,completed,12
14287,Rigid,948489,948490,948504,1,14,15,completed,2
14288,Rigid,948490,948490,948504,0,14,14,completed,2
14289,Rigid,948490,948490,948504,0,14,14,completed,2
14290,Rigid,948490,948490,948504,0,14,14,completed,2
14291,Rigid,948490,948490,948504,0,14,14,completed,2
14292,Rigid,948490,948490,948504,0,14,14,completed,2
14293,Rigid,948490,948490,948504,0,14,14,completed,2
14294,Rigid,948490,948490,948504,0,14,14,completed,2
14295,Rigid,948490,948490,948504,0,14,14,completed,2
14296,Rigid,948490,948490,948504,0,14,14,completed,2
14297,Rigid,948490,948490,948504,0,14,14,completed,2
14298,Rigid,948490,948490,948504,0,14,14,completed,2
14299,Rigid,948490,948490,948504,0,14,14,completed,2
14300,Rigid,948490,948490,948504,0,14,14,completed,2
14301,Rigid,948490,948490,948504,0,14,14,completed,2
14302,Rigid,948490,948490,948504,0,14,14,completed,2
14303,Rigid,948490,948490,948504,0,14,14,completed,2
14304,Rigid,948490,948490,948504,0,14,14,completed,2
14305,Rigid,948490,948490,948504,0,14,14,completed,2
14306,Rigid,948490,948491,948504,1,13,14,completed,2
14307,Rigid,948490,948491,948504,1,13,14,completed,2
14308,Rigid,948490,948491,948504,1,13,14,completed,2
14309,Rigid,948490,948491,948504,1,13,14,completed,2
14310,Rigid,948490,948491,948504,1,13,14,completed,2
14311,Rigid,948490,948491,948504,1,13,14,completed,2
14312,Rigid,948490,948491,948504,1,13,14,completed,2
14313,Rigid,948490,948491,948504,1,13,14,completed,2
14314,Rigid,948490,948491,948504,1,13,14,completed,2
14315,Rigid,948491,948491,948505,0,14,14,completed,2
14316,Rigid,948491,948491,948505,0,14,14,completed,2
14317,Rigid,948491,948491,948505,0,14,14,completed,2
14318,Rigid,948491,948491,948505,0,14,14,completed,2
14319,Rigid,948491,948491,948505,0,14,14,completed,2
14320,Rigid,948491,948491,948505,0,14,14,completed,2
14321,Rigid,948491,948491,948505,0,14,14,completed,2
14322,Rigid,948491,948491,948505,0,14,14,completed,2
14323,Rigid,948491,948491,948505,0,14,14,completed,2
14324,Rigid,948491,948491,948505,0,14,14,completed,2
14325,Rigid,948513,948514,948547,1,33,34,completed,6
14326,Rigid,948513,948514,948546,1,32,33,completed,6
14327,Rigid,948513,948514,948547,1,33,34,completed,6
14328,Rigid,948513,948514,948546,1,32,33,completed,6
14329,Rigid,948513,948514,948548,1,34,35,completed,6
14330,Rigid,948513,948514,948546,1,32,33,completed,6
14331,Rigid,948666,948666,948727,0,61,61,completed,36
14332,Rigid,948753,948753,948767,0,14,14,completed,2
14333,Rigid,948753,948753,948767,0,14,14,completed,2
14334,Rigid,948753,948753,948767,0,14,14,completed,2
14335,Rigid,948753,948753,948767,0,14,14,completed,2
14336,Rigid,948753,948753,948767,0,14,14,completed,2
14337,Rigid,948753,948753,948767,0,14,14,completed,2
14338,Rigid,948753,948753,948767,0,14,14,completed,2
14339,Rigid,948753,948753,948767,0,14,14,completed,2
14340,Rigid,948753,948753,948767,0,14,14,completed,2
14341,Rigid,948753,948753,948767,0,14,14,completed,12
14342,Rigid,948753,948753,948767,0,14,14,completed,2
14343,Rigid,948753,948753,948767,0,14,14,completed,2
14344,Rigid,948753,948753,948767,0,14,14,completed,2
14345,Rigid,948753,948753,948767,0,14,14,completed,2
14346,Rigid,948753,948753,948767,0,14,14,completed,2
14347,Rigid,948753,948753,948767,0,14,14,completed,2
14348,Rigid,948753,948753,948767,0,14,14,completed,2
14349,Rigid,948753,948757,948767,4,10,14,completed,2
14350,Rigid,948753,948757,948767,4,10,14,completed,2
14351,Rigid,948753,948757,948767,4,10,14,completed,2
14352,Rigid,948753,948757,948767,4,10,14,completed,2
14353,Rigid,948753,948757,948767,4,10,14,completed,2
14354,Rigid,948754,948757,948767,3,10,13,completed,2
14355,Rigid,948754,948757,948767,3,10,13,completed,2
14356,Rigid,948754,948757,948767,3,10,13,completed,2
14357,Rigid,948754,948757,948767,3,10,13,completed,2
14358,Rigid,948754,948757,948767,3,10,13,completed,2
14359,Rigid,948754,948757,948767,3,10,13,completed,2
14360,Rigid,948754,948757,948767,3,10,13,completed,2
14361,Rigid,948754,948757,948767,3,10,13,completed,2
14362,Rigid,948754,948757,948767,3,10,13,completed,2
14363,Rigid,948754,948757,948767,3,10,13,completed,2
14364,Rigid,948754,948757,948767,3,10,13,completed,2
14365,Rigid,948754,948757,948767,3,10,13,completed,2
14366,Rigid,948754,948757,948767,3,10,13,completed,2
14367,Rigid,948754,948757,948767,3,10,13,completed,2
14368,Rigid,948754,948757,948767,3,10,13,completed,2
14369,Rigid,948754,948757,948767,3,10,13,completed,2
14370,Rigid,948754,948757,948768,3,11,14,completed,2
14371,Rigid,948754,948757,948768,3,11,14,completed,2
14372,Rigid,948754,948757,948768,3,11,14,completed,2
14373,Rigid,948754,948757,948768,3,11,14,completed,2
14374,Rigid,948754,948757,948768,3,11,14,completed,2
14375,Rigid,948754,948757,948768,3,11,14,completed,2
14376,Rigid,948754,948757,948768,3,11,14,completed,2
14377,Rigid,948754,948757,948768,3,11,14,completed,2
14378,Rigid,948754,948757,948768,3,11,14,completed,2
14379,Rigid,948754,948757,948768,3,11,14,completed,2
14380,Rigid,948773,948773,948817,0,44,44,completed,36
14381,Rigid,948777,948777,948807,0,30,30,completed,6
14382,Rigid,948777,948778,948804,1,26,27,completed,6
14383,Rigid,948777,948778,948804,1,26,27,completed,6
14384,Rigid,948777,948778,948807,1,29,30,completed,6
14385,Rigid,948777,948778,948804,1,26,27,completed,6
14386,Rigid,948777,948778,948806,1,28,29,completed,6
14387,Rigid,948777,948778,948804,1,26,27,completed,6
14388,Rigid,948790,948790,948848,0,58,58,completed,6
14389,Rigid,948790,948790,948853,0,63,63,completed,6
14390,Rigid,948790,948790,948848,0,58,58,completed,6
14391,Rigid,948790,948790,948848,0,58,58,completed,6
14392,Rigid,948790,948790,948848,0,58,58,completed,6
14393,Rigid,948790,948790,948857,0,67,67,completed,6
14394,Rigid,948790,948790,948857,0,67,67,completed,6
14395,Rigid,948790,948790,948862,0,72,72,completed,6
14396,Rigid,948790,948790,948854,0,64,64,completed,6
14397,Rigid,948790,948790,948848,0,58,58,completed,6
14398,Rigid,948790,948790,948854,0,64,64,completed,6
14399,Rigid,948790,948790,948854,0,64,64,completed,6
14400,Rigid,948790,948790,948858,0,68,68,completed,6
14401,Rigid,948790,948790,948852,0,62,62,completed,6
14402,Rigid,948790,948790,948848,0,58,58,completed,6
14403,Rigid,948790,948790,948848,0,58,58,completed,6
14404,Rigid,948790,948792,948806,2,14,16,completed,12
14405,Rigid,948791,948792,948858,1,66,67,completed,6
14406,Rigid,948791,948792,948848,1,56,57,completed,6
14407,Rigid,948791,948792,948848,1,56,57,completed,6
14408,Rigid,948791,948792,948854,1,62,63,completed,6
14409,Rigid,948791,948792,948848,1,56,57,completed,6
14410,Rigid,948791,948792,948848,1,56,57,completed,6
14411,Rigid,948791,948792,948857,1,65,66,completed,6
14412,Rigid,948791,948792,948848,1,56,57,completed,6
14413,Rigid,948791,948792,948854,1,62,63,completed,6
14414,Rigid,948791,948792,948848,1,56,57,completed,6
14415,Rigid,948791,948792,948854,1,62,63,completed,6
14416,Rigid,948791,948792,948848,1,56,57,completed,6
14417,Rigid,948791,948792,948848,1,56,57,completed,6
14418,Rigid,948791,948792,948848,1,56,57,completed,6
14419,Rigid,948828,948829,949179,1,350,351,completed,36
14420,Rigid,948840,949180,949356,340,176,516,completed,36
14421,Rigid,949057,949057,949205,0,148,148,completed,36
14422,Rigid,949095,949130,949218,35,88,123,completed,36
14423,Rigid,949116,949116,949130,0,14,14,completed,2
14424,Rigid,949116,949116,949130,0,14,14,completed,12
14425,Rigid,949302,949302,949366,0,64,64,completed,36
14426,Rigid,949381,949382,949431,1,49,50,completed,36
14427,Rigid,949459,949460,950681,1,1221,1222,completed,72
14428,Rigid,949587,949603,949758,16,155,171,completed,36
14429,Rigid,949617,949617,950609,0,992,992,completed,36
14430,Rigid,949650,949650,949710,0,60,60,completed,36
14431,Rigid,949747,949747,949760,0,13,13,completed,2
14432,Rigid,949747,949747,949760,0,13,13,completed,2
14433,Rigid,949747,949747,949774,0,27,27,completed,12
14434,Rigid,949747,949747,949774,0,27,27,completed,12
14435,Rigid,949747,949747,949760,0,13,13,completed,2
14436,Rigid,949747,949747,949760,0,13,13,completed,2
14437,Rigid,949747,949747,949769,0,22,22,completed,12
14438,Rigid,949747,949747,949769,0,22,22,completed,12
14439,Rigid,949747,949747,949769,0,22,22,completed,12
14440,Rigid,949747,949747,949769,0,22,22,completed,12
14441,Rigid,949747,949747,949760,0,13,13,completed,2
14442,Rigid,949747,949747,949760,0,13,13,completed,2
14443,Rigid,949747,949747,949769,0,22,22,completed,12
14444,Rigid,949747,949747,949769,0,22,22,completed,12
14445,Rigid,949747,949747,949760,0,13,13,completed,2
14446,Rigid,949747,949747,949760,0,13,13,completed,2
14447,Rigid,949747,949747,949769,0,22,22,completed,12
14448,Rigid,949747,949747,949769,0,22,22,completed,12
14449,Rigid,949747,949747,949769,0,22,22,completed,12
14450,Rigid,949747,949751,949760,4,9,13,completed,2
14451,Rigid,949747,949751,949760,4,9,13,completed,2
14452,Rigid,949748,949751,949760,3,9,12,completed,2
14453,Rigid,949748,949751,949769,3,18,21,completed,12
14454,Rigid,949748,949751,949760,3,9,12,completed,2
14455,Rigid,949748,949751,949760,3,9,12,completed,2
14456,Rigid,949748,949751,949774,3,23,26,completed,12
14457,Rigid,949748,949751,949774,3,23,26,completed,12
14458,Rigid,949748,949751,949769,3,18,21,completed,12
14459,Rigid,949748,949751,949769,3,18,21,completed,12
14460,Rigid,949748,949751,949760,3,9,12,completed,2
14461,Rigid,949748,949751,949760,3,9,12,completed,2
14462,Rigid,949748,949751,949760,3,9,12,completed,2
14463,Rigid,949748,949751,949769,3,18,21,completed,12
14464,Rigid,949748,949751,949760,3,9,12,completed,2
14465,Rigid,949748,949751,949760,3,9,12,completed,2
14466,Rigid,949748,949751,949774,3,23,26,completed,12
14467,Rigid,949748,949751,949774,3,23,26,completed,12
14468,Rigid,949748,949751,949774,3,23,26,completed,12
14469,Rigid,949748,949751,949769,3,18,21,completed,12
14470,Rigid,949748,949751,949760,3,9,12,completed,2
14471,Rigid,949748,949751,949760,3,9,12,completed,2
14472,Rigid,949748,949751,949760,3,9,12,completed,2
14473,Rigid,949748,949751,949769,3,18,21,completed,12
14474,Rigid,949748,949751,949760,3,9,12,completed,2
14475,Rigid,949748,949751,949760,3,9,12,completed,2
14476,Rigid,949748,949751,949769,3,18,21,completed,12
14477,Rigid,949749,949751,949769,2,18,20,completed,12
14478,Rigid,949749,949751,949769,2,18,20,completed,12
14479,Rigid,949749,949751,949769,2,18,20,completed,12
14480,Rigid,949749,949751,949760,2,9,11,completed,2
14481,Rigid,949749,949751,949760,2,9,11,completed,2
14482,Rigid,949749,949751,949760,2,9,11,completed,2
14483,Rigid,949749,949751,949769,2,18,20,completed,12
14484,Rigid,949749,949751,949760,2,9,11,completed,2
14485,Rigid,949749,949751,949760,2,9,11,completed,2
14486,Rigid,949749,949751,949760,2,9,11,completed,2
14487,Rigid,949749,949751,949769,2,18,20,completed,12
14488,Rigid,949749,949751,949769,2,18,20,completed,12
14489,Rigid,949749,949751,949769,2,18,20,completed,12
14490,Rigid,949749,949751,949760,2,9,11,completed,2
14491,Rigid,949749,949751,949760,2,9,11,completed,2
14492,Rigid,949749,949751,949760,2,9,11,completed,2
14493,Rigid,949749,949751,949774,2,23,25,completed,12
14494,Rigid,949749,949751,949760,2,9,11,completed,2
14495,Rigid,949749,949751,949760,2,9,11,completed,2
14496,Rigid,949749,949751,949769,2,18,20,completed,12
14497,Rigid,949749,949751,949769,2,18,20,completed,12
14498,Rigid,949749,949751,949774,2,23,25,completed,12
14499,Rigid,949749,949751,949774,2,23,25,completed,12
14500,Rigid,949749,949751,949760,2,9,11,completed,2
14501,Rigid,949749,949751,949774,2,23,25,completed,12
14502,Rigid,949749,949751,949760,2,9,11,completed,2
14503,Rigid,949760,949761,949770,1,9,10,completed,2
14504,Rigid,949760,949761,949771,1,10,11,completed,2
14505,Rigid,949760,949761,949771,1,10,11,completed,2
14506,Rigid,949760,949761,949770,1,9,10,completed,2
14507,Rigid,949760,949761,949771,1,10,11,completed,2
14508,Rigid,949761,949761,949770,0,9,9,completed,2
14509,Rigid,949761,949761,949770,0,9,9,completed,2
14510,Rigid,949761,949761,949771,0,10,10,completed,2
14511,Rigid,949761,949761,949771,0,10,10,completed,2
14512,Rigid,949761,949761,949770,0,9,9,completed,2
14513,Rigid,949762,949765,949774,3,9,12,completed,2
14514,Rigid,949762,949765,949774,3,9,12,completed,2
14515,Rigid,949762,949765,949774,3,9,12,completed,2
14516,Rigid,949762,949765,949774,3,9,12,completed,2
14517,Rigid,949762,949765,949775,3,10,13,completed,2
14518,Rigid,949763,949765,949774,2,9,11,completed,2
14519,Rigid,949763,949765,949774,2,9,11,completed,2
14520,Rigid,949763,949765,949774,2,9,11,completed,2
14521,Rigid,949763,949765,949774,2,9,11,completed,2
14522,Rigid,949763,949765,949774,2,9,11,completed,2
14523,Rigid,949763,949765,949774,2,9,11,completed,2
14524,Rigid,949764,949765,949774,1,9,10,completed,2
14525,Rigid,949764,949765,949774,1,9,10,completed,2
14526,Rigid,949764,949765,949774,1,9,10,completed,2
14527,Rigid,949764,949765,949774,1,9,10,completed,2
14528,Rigid,949764,949765,949774,1,9,10,completed,2
14529,Rigid,949765,949769,949778,4,9,13,completed,2
14530,Rigid,949852,949854,949896,2,42,44,completed,36
14531,Rigid,949853,950610,951067,757,457,1214,completed,36
14532,Rigid,949865,949865,949919,0,54,54,completed,6
14533,Rigid,949865,949865,949924,0,59,59,completed,6
14534,Rigid,949865,949865,949922,0,57,57,completed,6
14535,Rigid,949865,949865,949921,0,56,56,completed,6
14536,Rigid,949865,949869,949917,4,48,52,completed,6
14537,Rigid,949865,949869,949926,4,57,61,completed,6
14538,Rigid,949865,949869,949920,4,51,55,completed,6
14539,Rigid,949865,949869,949924,4,55,59,completed,6
14540,Rigid,949865,949869,949920,4,51,55,completed,6
14541,Rigid,949865,949869,949922,4,53,57,completed,6
14542,Rigid,949865,949869,949924,4,55,59,completed,6
14543,Rigid,949865,949869,949927,4,58,62,completed,6
14544,Rigid,949865,949869,949920,4,51,55,completed,6
14545,Rigid,949865,949869,949914,4,45,49,completed,6
14546,Rigid,949865,949869,949917,4,48,52,completed,6
14547,Rigid,949865,949869,949911,4,42,46,completed,6
14548,Rigid,949865,949869,949945,4,76,80,completed,2
14549,Rigid,949865,949869,949911,4,42,46,completed,6
14550,Rigid,949865,949869,949913,4,44,48,completed,6
14551,Rigid,949865,949869,949911,4,42,46,completed,6
14552,Rigid,949865,949869,949911,4,42,46,completed,6
14553,Rigid,949865,949869,949913,4,44,48,completed,6
14554,Rigid,949865,949869,949920,4,51,55,completed,6
14555,Rigid,949865,949869,949925,4,56,60,completed,6
14556,Rigid,949865,949869,949923,4,54,58,completed,6
14557,Rigid,949865,949869,949924,4,55,59,completed,6
14558,Rigid,949865,949869,949919,4,50,54,completed,6
14559,Rigid,949865,949869,949921,4,52,56,completed,6
14560,Rigid,949865,949869,949919,4,50,54,completed,6
14561,Rigid,949865,949869,949921,4,52,56,completed,6
14562,Rigid,949929,949929,949942,0,13,13,completed,2
14563,Rigid,949949,949949,949957,0,8,8,completed,2
14564,Rigid,949949,949949,949958,0,9,9,completed,2
14565,Rigid,949949,949949,949966,0,17,17,completed,2
14566,Rigid,949949,949949,949956,0,7,7,completed,2
14567,Rigid,949959,949959,949965,0,6,6,completed,2
14568,Rigid,950044,950054,950174,10,120,130,completed,36
14569,Rigid,950075,950076,950139,1,63,64,completed,36
14570,Rigid,950116,950141,950187,25,46,71,completed,36
14571,Rigid,950342,950342,950379,0,37,37,completed,36
14572,Rigid,950455,950455,950493,0,38,38,completed,36
14573,Rigid,950468,950478,951245,10,767,777,completed,144
14574,Rigid,950514,951267,981244,753,29977,30730,completed,36
14575,Rigid,950552,950568,950697,16,129,145,completed,36
14576,Rigid,950570,951267,990460,697,39193,39890,completed,36
14577,Rigid,950605,951267,1215486,662,264219,264881,completed,36
14578,Rigid,950639,951267,1207068,628,255801,256429,completed,36
14579,Rigid,950675,951267,991204,592,39937,40529,completed,36
14580,Rigid,950693,950694,950737,1,43,44,completed,36
14581,Rigid,950711,951267,982094,556,30827,31383,completed,36
14582,Rigid,950747,951267,1207232,520,255965,256485,completed,36
14583,Rigid,950782,950782,950974,0,192,192,completed,4
14584,Rigid,950784,951267,1208085,483,256818,257301,completed,36
14585,Rigid,950821,950822,950880,1,58,59,completed,36
14586,Rigid,950844,950845,951031,1,186,187,completed,72
14587,Rigid,950916,950917,951032,1,115,116,completed,36
14588,Rigid,951015,951039,951162,24,123,147,completed,72
14589,Rigid,951024,951039,951154,15,115,130,completed,36
14590,Rigid,951165,951166,952329,1,1163,1164,completed,72
14591,Rigid,951196,951267,1033352,71,82085,82156,completed,36
14592,Rigid,951242,951267,1063903,25,112636,112661,completed,36
14593,Rigid,951326,951326,951441,0,115,115,completed,36
14594,Rigid,951493,951493,951607,0,114,114,completed,36
14595,Rigid,951513,951513,951551,0,38,38,completed,36
14596,Rigid,951599,951602,951662,3,60,63,completed,36
14597,Rigid,951643,951664,951669,21,5,26,completed,36
14598,Rigid,951676,951676,951737,0,61,61,completed,36
14599,Rigid,951702,951702,952604,0,902,902,completed,36
14600,Rigid,952086,952086,952127,0,41,41,completed,36
14601,Rigid,952294,952295,952334,1,39,40,completed,36
14602,Rigid,952316,952337,953561,21,1224,1245,completed,72
14603,Rigid,952479,952479,952517,0,38,38,completed,36
14604,Rigid,952764,952764,952896,0,132,132,completed,36
14605,Rigid,952853,952853,952892,0,39,39,completed,36
14606,Rigid,953039,953042,953171,3,129,132,completed,36
14607,Rigid,953108,953109,953575,1,466,467,completed,1
14608,Rigid,953159,953162,953201,3,39,42,completed,36
14609,Rigid,953257,953257,954461,0,1204,1204,completed,36
14610,Rigid,953729,953729,954112,0,383,383,completed,1
14611,Rigid,954153,954153,974740,0,20587,20587,completed,144
14612,Rigid,954182,954182,954218,0,36,36,completed,36
14613,Rigid,954225,954225,954267,0,42,42,completed,36
14614,Rigid,954317,954317,954708,0,391,391,completed,1
14615,Rigid,954328,954328,954336,0,8,8,completed,36
14616,Rigid,954331,954332,954448,1,116,117,completed,36
14617,Rigid,954387,954387,954435,0,48,48,completed,36
14618,Rigid,954546,954547,954595,1,48,49,completed,36
14619,Rigid,954774,954775,954886,1,111,112,completed,36
14620,Rigid,954809,954809,954855,0,46,46,completed,36
14621,Rigid,954880,954880,955096,0,216,216,completed,1
14622,Rigid,955099,955100,955104,1,4,5,completed,36
14623,Rigid,955132,955132,955589,0,457,457,completed,1
14624,Rigid,955135,955136,955752,1,616,617,completed,36
14625,Rigid,955346,955347,955384,1,37,38,completed,36
14626,Rigid,955569,955570,955608,1,38,39,completed,36
14627,Rigid,955733,955734,955793,1,59,60,completed,36
14628,Rigid,955791,955791,992883,0,37092,37092,completed,16
14629,Rigid,955791,955791,993225,0,37434,37434,completed,16
14630,Rigid,955791,955791,993080,0,37289,37289,completed,16
14631,Rigid,955791,955791,993094,0,37303,37303,completed,16
14632,Rigid,955791,955794,993089,3,37295,37298,completed,16
14633,Rigid,955791,955794,993043,3,37249,37252,completed,16
14634,Rigid,955791,955794,993046,3,37252,37255,completed,16
14635,Rigid,955792,955794,993181,2,37387,37389,completed,16
14636,Rigid,955792,955794,992943,2,37149,37151,completed,16
14637,Rigid,955792,955794,993213,2,37419,37421,completed,16
14638,Rigid,955792,955794,993016,2,37222,37224,completed,16
14639,Rigid,955792,955794,993100,2,37306,37308,completed,16
14640,Rigid,955792,955794,993053,2,37259,37261,completed,16
14641,Rigid,955792,955794,993129,2,37335,37337,completed,16
14642,Rigid,955793,955794,992961,1,37167,37168,completed,16
14643,Rigid,955793,955794,993132,1,37338,37339,completed,16
14644,Rigid,955793,955794,993080,1,37286,37287,completed,16
14645,Rigid,955793,955794,993107,1,37313,37314,completed,16
14646,Rigid,955793,955794,992995,1,37201,37202,completed,16
14647,Rigid,955793,955794,993220,1,37426,37427,completed,16
14648,Rigid,955793,955794,992932,1,37138,37139,completed,16
14649,Rigid,955793,955794,993201,1,37407,37408,completed,16
14650,Rigid,955794,955794,993121,0,37327,37327,completed,16
14651,Rigid,955794,955794,993034,0,37240,37240,completed,16
14652,Rigid,955794,955794,993091,0,37297,37297,completed,16
14653,Rigid,955794,955795,993105,1,37310,37311,completed,16
14654,Rigid,955794,955795,993107,1,37312,37313,completed,16
14655,Rigid,955795,955795,993121,0,37326,37326,completed,16
14656,Rigid,955795,955795,993006,0,37211,37211,completed,16
14657,Rigid,955795,955795,993092,0,37297,37297,completed,16
14658,Rigid,955795,955795,992988,0,37193,37193,completed,16
14659,Rigid,955795,955795,993107,0,37312,37312,completed,16
14660,Rigid,955795,955795,993039,0,37244,37244,completed,16
14661,Rigid,955796,955798,993058,2,37260,37262,completed,16
14662,Rigid,955796,955798,992963,2,37165,37167,completed,16
14663,Rigid,955796,955798,993133,2,37335,37337,completed,16
14664,Rigid,955796,955798,992950,2,37152,37154,completed,16
14665,Rigid,955796,955798,993000,2,37202,37204,completed,16
14666,Rigid,955796,955798,992952,2,37154,37156,completed,16
14667,Rigid,955796,955798,993084,2,37286,37288,completed,16
14668,Rigid,955797,955798,992961,1,37163,37164,completed,16
14669,Rigid,955797,955798,993221,1,37423,37424,completed,16
14670,Rigid,955797,955798,992982,1,37184,37185,completed,16
14671,Rigid,955797,955798,993103,1,37305,37306,completed,16
14672,Rigid,955797,955798,993045,1,37247,37248,completed,16
14673,Rigid,955797,955798,993139,1,37341,37342,completed,16
14674,Rigid,955798,955798,993028,0,37230,37230,completed,16
14675,Rigid,955798,955798,993110,0,37312,37312,completed,16
14676,Rigid,955798,955798,993024,0,37226,37226,completed,16
14677,Rigid,955798,955798,993118,0,37320,37320,completed,16
14678,Rigid,955798,955798,992958,0,37160,37160,completed,16
14679,Rigid,955798,955802,993014,4,37212,37216,completed,16
14680,Rigid,955798,957022,994730,1224,37708,38932,completed,16
14681,Rigid,955799,957043,994735,1244,37692,38936,completed,16
14682,Rigid,955799,957398,994575,1599,37177,38776,completed,16
14683,Rigid,955799,957612,994762,1813,37150,38963,completed,16
14684,Rigid,955799,957674,995526,1875,37852,39727,completed,16
14685,Rigid,955799,957784,995387,1985,37603,39588,completed,16
14686,Rigid,955800,957790,995451,1990,37661,39651,completed,16
14687,Rigid,955800,958121,995425,2321,37304,39625,completed,16
14688,Rigid,955800,958148,995800,2348,37652,40000,completed,16
14689,Rigid,955800,958162,995912,2362,37750,40112,completed,16
14690,Rigid,955800,958761,995839,2961,37078,40039,completed,16
14691,Rigid,955801,958761,995915,2960,37154,40114,completed,16
14692,Rigid,955801,958801,996513,3000,37712,40712,completed,16
14693,Rigid,955801,959458,996874,3657,37416,41073,completed,16
14694,Rigid,955801,959524,996608,3723,37084,40807,completed,16
14695,Rigid,955802,959524,996695,3722,37171,40893,completed,16
14696,Rigid,955802,959524,996655,3722,37131,40853,completed,16
14697,Rigid,955802,959524,996839,3722,37315,41037,completed,16
14698,Rigid,955802,959524,996539,3722,37015,40737,completed,16
14699,Rigid,955802,959524,996704,3722,37180,40902,completed,16
14700,Rigid,955802,959524,996768,3722,37244,40966,completed,16
14701,Rigid,955803,959524,996753,3721,37229,40950,completed,16
14702,Rigid,955803,959524,996549,3721,37025,40746,completed,16
14703,Rigid,955803,959524,996747,3721,37223,40944,completed,16
14704,Rigid,955803,959524,996701,3721,37177,40898,completed,16
14705,Rigid,955804,959524,996722,3720,37198,40918,completed,16
14706,Rigid,955804,959524,996576,3720,37052,40772,completed,16
14707,Rigid,955804,959524,996556,3720,37032,40752,completed,16
14708,Rigid,955804,959524,996566,3720,37042,40762,completed,16
14709,Rigid,955805,959524,996682,3719,37158,40877,completed,16
14710,Rigid,955805,959524,996587,3719,37063,40782,completed,16
14711,Rigid,955805,959524,996658,3719,37134,40853,completed,16
14712,Rigid,955805,959524,996577,3719,37053,40772,completed,16
14713,Rigid,955805,959524,996709,3719,37185,40904,completed,16
14714,Rigid,955806,959524,996561,3718,37037,40755,completed,16
14715,Rigid,955806,959524,996735,3718,37211,40929,completed,16
14716,Rigid,955806,959524,996624,3718,37100,40818,completed,16
14717,Rigid,955806,959524,996709,3718,37185,40903,completed,16
14718,Rigid,955806,959738,997549,3932,37811,41743,completed,16
14719,Rigid,955806,960387,997376,4581,36989,41570,completed,16
14720,Rigid,955806,960407,998031,4601,37624,42225,completed,16
14721,Rigid,955807,960534,997529,4727,36995,41722,completed,16
14722,Rigid,955807,960784,997795,4977,37011,41988,completed,16
14723,Rigid,955807,960784,997980,4977,37196,42173,completed,16
14724,Rigid,955807,960784,997885,4977,37101,42078,completed,16
14725,Rigid,955807,960784,997988,4977,37204,42181,completed,16
14726,Rigid,955808,960809,998371,5001,37562,42563,completed,16
14727,Rigid,955808,960962,998361,5154,37399,42553,completed,16
14728,Rigid,955808,960979,998023,5171,37044,42215,completed,16
14729,Rigid,955808,960998,997242,5190,36244,41434,completed,16
14730,Rigid,955808,961000,998059,5192,37059,42251,completed,16
14731,Rigid,955808,961092,997585,5284,36493,41777,completed,16
14732,Rigid,955809,961235,998103,5426,36868,42294,completed,16
14733,Rigid,955809,961329,998572,5520,37243,42763,completed,16
14734,Rigid,955809,961354,997776,5545,36422,41967,completed,16
14735,Rigid,955809,961437,998385,5628,36948,42576,completed,16
14736,Rigid,955809,961542,998619,5733,37077,42810,completed,16
14737,Rigid,955810,961889,998186,6079,36297,42376,completed,16
14738,Rigid,955810,961889,998348,6079,36459,42538,completed,16
14739,Rigid,955810,961889,998208,6079,36319,42398,completed,16
14740,Rigid,955810,961889,998318,6079,36429,42508,completed,16
14741,Rigid,955810,961889,998208,6079,36319,42398,completed,16
14742,Rigid,955810,961889,998222,6079,36333,42412,completed,16
14743,Rigid,955811,961889,998102,6078,36213,42291,completed,16
14744,Rigid,955811,961889,998287,6078,36398,42476,completed,16
14745,Rigid,955811,962013,999269,6202,37256,43458,completed,16
14746,Rigid,955811,962094,999509,6283,37415,43698,completed,16
14747,Rigid,955811,962935,999146,7124,36211,43335,completed,16
14748,Rigid,955811,962935,999286,7124,36351,43475,completed,16
14749,Rigid,955812,962935,999208,7123,36273,43396,completed,16
14750,Rigid,955812,962935,999279,7123,36344,43467,completed,16
14751,Rigid,955812,962935,999252,7123,36317,43440,completed,16
14752,Rigid,955812,962935,999142,7123,36207,43330,completed,16
14753,Rigid,955812,962935,999171,7123,36236,43359,completed,16
14754,Rigid,955812,962935,999386,7123,36451,43574,completed,16
14755,Rigid,955812,962935,999232,7123,36297,43420,completed,16
14756,Rigid,955813,962935,999347,7122,36412,43534,completed,16
14757,Rigid,955813,962935,999351,7122,36416,43538,completed,16
14758,Rigid,955813,962935,999497,7122,36562,43684,completed,16
14759,Rigid,955813,962935,999100,7122,36165,43287,completed,16
14760,Rigid,955813,962935,999326,7122,36391,43513,completed,16
14761,Rigid,955813,962935,999085,7122,36150,43272,completed,16
14762,Rigid,955813,962935,999321,7122,36386,43508,completed,16
14763,Rigid,955813,963072,999461,7259,36389,43648,completed,16
14764,Rigid,955814,963072,999502,7258,36430,43688,completed,16
14765,Rigid,955814,963072,999427,7258,36355,43613,completed,16
14766,Rigid,955814,963072,999436,7258,36364,43622,completed,16
14767,Rigid,955814,963072,999471,7258,36399,43657,completed,16
14768,Rigid,955814,963072,999573,7258,36501,43759,completed,16
14769,Rigid,955815,963072,999397,7257,36325,43582,completed,16
14770,Rigid,955815,963072,999560,7257,36488,43745,completed,16
14771,Rigid,955815,963072,999351,7257,36279,43536,completed,16
14772,Rigid,955815,963072,999525,7257,36453,43710,completed,16
14773,Rigid,955815,963072,999370,7257,36298,43555,completed,16
14774,Rigid,955816,963072,999349,7256,36277,43533,completed,16
14775,Rigid,955816,963072,999375,7256,36303,43559,completed,16
14776,Rigid,955816,963072,999442,7256,36370,43626,completed,16
14777,Rigid,955816,963072,999339,7256,36267,43523,completed,16
14778,Rigid,955816,963072,999553,7256,36481,43737,completed,16
14779,Rigid,955816,963143,1000169,7327,37026,44353,completed,16
14780,Rigid,955817,963213,999547,7396,36334,43730,completed,16
14781,Rigid,955817,963213,999606,7396,36393,43789,completed,16
14782,Rigid,955817,963213,999651,7396,36438,43834,completed,16
14783,Rigid,955817,963213,999580,7396,36367,43763,completed,16
14784,Rigid,955817,963213,999524,7396,36311,43707,completed,16
14785,Rigid,955818,963213,999608,7395,36395,43790,completed,16
14786,Rigid,955818,963213,999663,7395,36450,43845,completed,16
14787,Rigid,955818,963213,999605,7395,36392,43787,completed,16
14788,Rigid,955818,963213,999454,7395,36241,43636,completed,16
14789,Rigid,955818,963213,999583,7395,36370,43765,completed,16
14790,Rigid,955819,963213,999551,7394,36338,43732,completed,16
14791,Rigid,955819,963213,999591,7394,36378,43772,completed,16
14792,Rigid,955819,963213,999618,7394,36405,43799,completed,16
14793,Rigid,955819,963213,999640,7394,36427,43821,completed,16
14794,Rigid,955819,963213,999574,7394,36361,43755,completed,16
14795,Rigid,955820,963213,999509,7393,36296,43689,completed,16
14796,Rigid,955820,963231,999661,7411,36430,43841,completed,16
14797,Rigid,955820,963815,1000673,7995,36858,44853,completed,16
14798,Rigid,955820,963903,1000300,8083,36397,44480,completed,16
14799,Rigid,955820,963903,1000406,8083,36503,44586,completed,16
14800,Rigid,955820,963903,1000225,8083,36322,44405,completed,16
14801,Rigid,955821,963903,1000253,8082,36350,44432,completed,16
14802,Rigid,955821,964050,1000790,8229,36740,44969,completed,16
14803,Rigid,955821,974499,1010822,18678,36323,55001,completed,16
14804,Rigid,955821,992884,1029504,37063,36620,73683,completed,16
14805,Rigid,955821,992933,1029096,37112,36163,73275,completed,16
14806,Rigid,955822,992945,1029195,37123,36250,73373,completed,16
14807,Rigid,955822,992962,1029246,37140,36284,73424,completed,16
14808,Rigid,955822,992997,1029296,37175,36299,73474,completed,16
14809,Rigid,955822,993002,1029297,37180,36295,73475,completed,16
14810,Rigid,955823,993002,1029168,37179,36166,73345,completed,16
14811,Rigid,955823,993016,1029321,37193,36305,73498,completed,16
14812,Rigid,955823,993016,1029258,37193,36242,73435,completed,16
14813,Rigid,955823,993018,1029263,37195,36245,73440,completed,16
14814,Rigid,955823,993044,1029460,37221,36416,73637,completed,16
14815,Rigid,955824,993047,1029370,37223,36323,73546,completed,16
14816,Rigid,955824,993054,1029257,37230,36203,73433,completed,16
14817,Rigid,955824,993060,1029314,37236,36254,73490,completed,16
14818,Rigid,955824,993060,1029353,37236,36293,73529,completed,16
14819,Rigid,955824,993082,1029409,37258,36327,73585,completed,16
14820,Rigid,955825,993082,1029321,37257,36239,73496,completed,16
14821,Rigid,955825,993085,1029328,37260,36243,73503,completed,16
14822,Rigid,955825,993085,1029375,37260,36290,73550,completed,16
14823,Rigid,955825,993090,1029505,37265,36415,73680,completed,16
14824,Rigid,955826,993092,1029341,37266,36249,73515,completed,16
14825,Rigid,955826,993093,1029403,37267,36310,73577,completed,16
14826,Rigid,955826,993096,1029439,37270,36343,73613,completed,16
14827,Rigid,956077,956077,956107,0,30,30,completed,36
14828,Rigid,956161,956162,956245,1,83,84,completed,36
14829,Rigid,956278,956279,956312,1,33,34,completed,36
14830,Rigid,956443,956444,956506,1,62,63,completed,36
14831,Rigid,956510,956510,956905,0,395,395,completed,36
14832,Rigid,956528,956529,956548,1,19,20,completed,1
14833,Rigid,956624,956652,956698,28,46,74,completed,1
14834,Rigid,956732,956744,957086,12,342,354,completed,1
14835,Rigid,956754,956754,957189,0,435,435,completed,36
14836,Rigid,956885,963903,963982,7018,79,7097,completed,36
14837,Rigid,956924,956925,957901,1,976,977,completed,36
14838,Rigid,958073,963903,963944,5830,41,5871,completed,36
14839,Rigid,958320,964758,971960,6438,7202,13640,completed,36
14840,Rigid,958387,958398,958456,11,58,69,completed,12
14841,Rigid,958701,958703,958747,2,44,46,completed,12
14842,Rigid,958867,958886,958945,19,59,78,completed,12
14843,Rigid,959482,959483,959554,1,71,72,completed,36
14844,Rigid,959890,959892,961231,2,1339,1341,completed,1
14845,Rigid,960004,960005,960078,1,73,74,completed,36
14846,Rigid,960184,960184,960428,0,244,244,completed,36
14847,Rigid,960259,960259,960275,0,16,16,completed,36
14848,Rigid,960266,963903,964046,3637,143,3780,completed,72
14849,Rigid,960388,960388,960401,0,13,13,completed,36
14850,Rigid,960626,960627,960685,1,58,59,completed,36
14851,Rigid,960733,960734,960757,1,23,24,completed,36
14852,Rigid,960758,960759,960813,1,54,55,completed,36
14853,Rigid,960975,960976,961010,1,34,35,completed,12
14854,Rigid,961192,961193,962413,1,1220,1221,completed,72
14855,Rigid,961314,961325,961328,11,3,14,completed,18
14856,Rigid,961376,961377,961449,1,72,73,completed,36
14857,Rigid,961393,961417,961419,24,2,26,completed,18
14858,Rigid,961522,961523,961576,1,53,54,completed,36
14859,Rigid,961795,967857,975412,6062,7555,13617,completed,360
14860,Rigid,961804,961814,961817,10,3,13,completed,18
14861,Rigid,961873,968637,977654,6764,9017,15781,completed,360
14862,Rigid,962189,962190,962223,1,33,34,completed,36
14863,Rigid,962279,964612,965325,2333,713,3046,completed,180
14864,Rigid,962323,962324,962486,1,162,163,completed,36
14865,Rigid,962393,964059,964075,1666,16,1682,completed,72
14866,Rigid,963224,964120,1042283,896,78163,79059,completed,144
14867,Rigid,963372,963372,963480,0,108,108,completed,36
14868,Rigid,963468,965272,999933,1804,34661,36465,completed,144
14869,Rigid,963504,965272,976695,1768,11423,13191,completed,144
14870,Rigid,963517,963517,963632,0,115,115,completed,36
14871,Rigid,963569,963999,964057,430,58,488,completed,36
14872,Rigid,963669,963903,964109,234,206,440,completed,36
14873,Rigid,963678,963946,964148,268,202,470,completed,36
14874,Rigid,963760,964819,975621,1059,10802,11861,completed,36
14875,Rigid,963764,963764,964278,0,514,514,completed,36
14876,Rigid,963775,963776,963817,1,41,42,completed,36
14877,Rigid,964131,971301,977376,7170,6075,13245,completed,288
14878,Rigid,964171,964171,964206,0,35,35,completed,36
14879,Rigid,964267,964270,964304,3,34,37,completed,36
14880,Rigid,964388,964393,964396,5,3,8,completed,36
14881,Rigid,964440,964440,964483,0,43,43,completed,36
14882,Rigid,964533,964544,964747,11,203,214,completed,36
14883,Rigid,964533,964612,964815,79,203,282,completed,36
14884,Rigid,964600,964612,967856,12,3244,3256,completed,36
14885,Rigid,964652,964652,964716,0,64,64,completed,36
14886,Rigid,964758,964759,964825,1,66,67,completed,36
14887,Rigid,964948,964949,965226,1,277,278,completed,36
14888,Rigid,965548,965549,965752,1,203,204,completed,72
14889,Rigid,965579,965580,966295,1,715,716,completed,180
14890,Rigid,965746,965746,967188,0,1442,1442,completed,1
14891,Rigid,965764,965765,965874,1,109,110,completed,36
14892,Rigid,965781,965782,965845,1,63,64,completed,36
14893,Rigid,966961,966961,967113,0,152,152,completed,36
14894,Rigid,967275,967276,967355,1,79,80,completed,36
14895,Rigid,967315,967316,967339,1,23,24,completed,36
14896,Rigid,967394,967395,967419,1,24,25,completed,36
14897,Rigid,967395,967399,967475,4,76,80,completed,36
14898,Rigid,967406,967407,967410,1,3,4,completed,1
14899,Rigid,967408,967411,967417,3,6,9,completed,1
14900,Rigid,967426,967427,967428,1,1,2,completed,1
14901,Rigid,967426,967427,967434,1,7,8,completed,1
14902,Rigid,967426,967427,967428,1,1,2,completed,1
14903,Rigid,967426,967427,967429,1,2,3,completed,1
14904,Rigid,967426,967427,967434,1,7,8,completed,1
14905,Rigid,967814,967815,968030,1,215,216,completed,36
14906,Rigid,967820,968033,968874,213,841,1054,completed,36
14907,Rigid,968242,968243,968270,1,27,28,completed,36
14908,Rigid,968385,968875,969716,490,841,1331,completed,36
14909,Rigid,968474,968474,968494,0,20,20,completed,72
14910,Rigid,968511,968511,968542,0,31,31,completed,72
14911,Rigid,968515,968543,968563,28,20,48,completed,72
14912,Rigid,968645,968645,968723,0,78,78,completed,72
14913,Rigid,968673,970445,970517,1772,72,1844,completed,36
14914,Rigid,968770,968771,968783,1,12,13,completed,72
14915,Rigid,968851,968852,969011,1,159,160,completed,72
14916,Rigid,969207,969207,969213,0,6,6,completed,18
14917,Rigid,969436,969437,969534,1,97,98,completed,36
14918,Rigid,969448,969448,969509,0,61,61,completed,36
14919,Rigid,969505,969505,969507,0,2,2,completed,1
14920,Rigid,969505,969505,969513,0,8,8,completed,1
14921,Rigid,969505,969505,969507,0,2,2,completed,1
14922,Rigid,969505,969505,969508,0,3,3,completed,1
14923,Rigid,969505,969505,969513,0,8,8,completed,1
14924,Rigid,969549,969550,969564,1,14,15,completed,2
14925,Rigid,969549,969550,969558,1,8,9,completed,1
14926,Rigid,969549,969550,969552,1,2,3,completed,1
14927,Rigid,969549,969550,969564,1,14,15,completed,2
14928,Rigid,969549,969550,969558,1,8,9,completed,1
14929,Rigid,969549,969550,969564,1,14,15,completed,2
14930,Rigid,969549,969550,969552,1,2,3,completed,1
14931,Rigid,969549,969550,969564,1,14,15,completed,2
14932,Rigid,969549,969550,969558,1,8,9,completed,1
14933,Rigid,969549,969550,969564,1,14,15,completed,2
14934,Rigid,969550,969558,969566,8,8,16,completed,2
14935,Rigid,969550,969558,970177,8,619,627,completed,2
14936,Rigid,969550,969558,969560,8,2,10,completed,1
14937,Rigid,969550,969558,969564,8,6,14,completed,2
14938,Rigid,969550,969558,969561,8,3,11,completed,1
14939,Rigid,969551,969558,969564,7,6,13,completed,2
14940,Rigid,969551,969558,969680,7,122,129,completed,2
14941,Rigid,969551,969558,969560,7,2,9,completed,1
14942,Rigid,969551,969558,969568,7,10,17,completed,1
14943,Rigid,969551,969558,969566,7,8,15,completed,2
14944,Rigid,969551,969558,969559,7,1,8,completed,1
14945,Rigid,969551,969558,969680,7,122,129,completed,2
14946,Rigid,969552,969558,969681,6,123,129,completed,2
14947,Rigid,969552,969558,969560,6,2,8,completed,1
14948,Rigid,969552,969558,969564,6,6,12,completed,2
14949,Rigid,969552,969558,970001,6,443,449,completed,2
14950,Rigid,969552,969558,969560,6,2,8,completed,1
14951,Rigid,969552,969558,969561,6,3,9,completed,1
14952,Rigid,969553,969558,969564,5,6,11,completed,2
14953,Rigid,969553,969558,969560,5,2,7,completed,1
14954,Rigid,969558,969558,969560,0,2,2,completed,1
14955,Rigid,969558,969558,969560,0,2,2,completed,1
14956,Rigid,969558,969558,969560,0,2,2,completed,1
14957,Rigid,969558,969559,969564,1,5,6,completed,2
14958,Rigid,969558,969559,969560,1,1,2,completed,1
14959,Rigid,969558,969559,969680,1,121,122,completed,2
14960,Rigid,969853,975413,1148227,5560,172814,178374,completed,252
14961,Rigid,969906,976632,1149457,6726,172825,179551,completed,144
14962,Rigid,969945,969945,970056,0,111,111,completed,36
14963,Rigid,969973,976696,1149517,6723,172821,179544,completed,144
14964,Rigid,970095,970095,970099,0,4,4,completed,32
14965,Rigid,970510,970511,971253,1,742,743,completed,36
14966,Rigid,970520,971255,971559,735,304,1039,completed,36
14967,Rigid,970681,970682,970758,1,76,77,completed,36
14968,Rigid,970928,970931,971001,3,70,73,completed,36
14969,Rigid,970947,970948,971700,1,752,753,completed,36
14970,Rigid,971246,971246,971339,0,93,93,completed,10
14971,Rigid,971741,971741,971819,0,78,78,completed,36
14972,Rigid,971840,971840,971917,0,77,77,completed,36
14973,Rigid,971841,971844,971925,3,81,84,completed,36
14974,Rigid,971842,971918,971991,76,73,149,completed,36
14975,Rigid,971843,971927,971999,84,72,156,completed,36
14976,Rigid,972035,972036,972201,1,165,166,completed,36
14977,Rigid,972205,972206,972227,1,21,22,completed,36
14978,Rigid,972217,972217,972601,0,384,384,completed,36
14979,Rigid,972257,972258,972291,1,33,34,completed,36
14980,Rigid,972469,972469,972490,0,21,21,completed,36
14981,Rigid,972536,972536,972561,0,25,25,completed,36
14982,Rigid,972594,972594,972634,0,40,40,completed,36
14983,Rigid,972612,972613,972622,1,9,10,completed,72
14984,Rigid,972671,972671,972692,0,21,21,completed,36
14985,Rigid,972678,972678,972690,0,12,12,completed,32
14986,Rigid,972698,972699,972825,1,126,127,completed,36
14987,Rigid,972716,972717,972736,1,19,20,completed,36
14988,Rigid,972743,972743,972756,0,13,13,completed,32
14989,Rigid,972759,972759,972770,0,11,11,completed,32
14990,Rigid,972775,972775,972785,0,10,10,completed,32
14991,Rigid,972780,972780,972812,0,32,32,completed,36
14992,Rigid,972857,972858,972930,1,72,73,completed,36
14993,Rigid,972903,972904,972925,1,21,22,completed,36
14994,Rigid,972939,972939,972960,0,21,21,completed,36
14995,Rigid,972979,972979,973033,0,54,54,completed,36
14996,Rigid,973000,973001,973022,1,21,22,completed,36
14997,Rigid,973069,973069,973869,0,800,800,completed,36
14998,Rigid,973125,973125,973158,0,33,33,completed,36
14999,Rigid,973204,973205,975523,1,2318,2319,completed,10
15000,Rigid,973256,973256,973285,0,29,29,completed,36
15001,Rigid,973405,973405,973410,0,5,5,completed,1
15002,Rigid,973425,973425,973431,0,6,6,completed,1
15003,Rigid,973425,973425,973427,0,2,2,completed,1
15004,Rigid,973425,973425,973448,0,23,23,completed,1
15005,Rigid,973425,973425,973431,0,6,6,completed,1
15006,Rigid,973425,973428,973429,3,1,4,completed,1
15007,Rigid,973555,974742,1031198,1187,56456,57643,completed,144
15008,Rigid,973877,973878,973887,1,9,10,completed,72
15009,Rigid,973958,973959,973967,1,8,9,completed,72
15010,Rigid,974065,974065,974096,0,31,31,completed,72
15011,Rigid,974221,974222,974228,1,6,7,completed,72
15012,Rigid,974349,974350,974360,1,10,11,completed,72
15013,Rigid,974360,974361,974367,1,6,7,completed,72
15014,Rigid,974683,974684,974690,1,6,7,completed,72
15015,Rigid,974745,974746,974748,1,2,3,completed,72
15016,Rigid,974812,974813,974815,1,2,3,completed,72
15017,Rigid,974832,974832,974834,0,2,2,completed,72
15018,Rigid,974958,974959,974962,1,3,4,completed,72
15019,Rigid,974979,974979,974985,0,6,6,completed,72
15020,Rigid,975075,975075,975081,0,6,6,completed,72
15021,Rigid,975191,975191,975197,0,6,6,completed,72
15022,Rigid,975200,975200,975263,0,63,63,completed,36
15023,Rigid,975234,975264,975326,30,62,92,completed,36
15024,Rigid,975353,975353,975413,0,60,60,completed,36
15025,Rigid,975364,975364,975373,0,9,9,completed,72
15026,Rigid,975383,975413,976498,30,1085,1115,completed,36
15027,Rigid,975437,975437,975446,0,9,9,completed,72
15028,Rigid,975441,975625,1119140,184,143515,143699,completed,144
15029,Rigid,976189,976189,976192,0,3,3,completed,72
15030,Rigid,976386,976386,976435,0,49,49,completed,36
15031,Rigid,976459,976460,999518,1,23058,23059,completed,36
15032,Rigid,976614,976614,976640,0,26,26,completed,36
15033,Rigid,976933,976933,976958,0,25,25,completed,36
15034,Rigid,977166,977166,977191,0,25,25,completed,36
15035,Rigid,977343,977343,977366,0,23,23,completed,36
15036,Rigid,977505,977506,977533,1,27,28,completed,36
15037,Rigid,977646,977646,977667,0,21,21,completed,36
15038,Rigid,977860,977861,977881,1,20,21,completed,36
15039,Rigid,977939,977940,977961,1,21,22,completed,36
15040,Rigid,977949,977950,978688,1,738,739,completed,36
15041,Rigid,977991,977991,978011,0,20,20,completed,36
15042,Rigid,978015,978016,978035,1,19,20,completed,36
15043,Rigid,978040,978041,978049,1,8,9,completed,72
15044,Rigid,978072,978073,978075,1,2,3,completed,72
15045,Rigid,978098,978098,978115,0,17,17,completed,72
15046,Rigid,978215,978216,978222,1,6,7,completed,72
15047,Rigid,978377,978378,978399,1,21,22,completed,36
15048,Rigid,978398,978400,978426,2,26,28,completed,36
15049,Rigid,978452,978452,978510,0,58,58,completed,36
15050,Rigid,978466,978467,979059,1,592,593,completed,1
15051,Rigid,978510,978511,978530,1,19,20,completed,36
15052,Rigid,978675,978675,978736,0,61,61,completed,36
15053,Rigid,978778,978779,978930,1,151,152,completed,36
15054,Rigid,979194,979194,979929,0,735,735,completed,36
15055,Rigid,979249,979250,979345,1,95,96,completed,1
15056,Rigid,979251,979254,979461,3,207,210,completed,36
15057,Rigid,979556,979556,979691,0,135,135,completed,36
15058,Rigid,979606,979606,979662,0,56,56,completed,36
15059,Rigid,979670,979670,979863,0,193,193,completed,36
15060,Rigid,979745,979745,979766,0,21,21,completed,36
15061,Rigid,979781,979781,979802,0,21,21,completed,36
15062,Rigid,979853,979853,979936,0,83,83,completed,1
15063,Rigid,980831,980832,981559,1,727,728,completed,36
15064,Rigid,981645,981646,981676,1,30,31,completed,1
15065,Rigid,981723,981723,981801,0,78,78,completed,1
15066,Rigid,982477,982478,982635,1,157,158,completed,1
15067,Rigid,982513,982513,982667,0,154,154,completed,36
15068,Rigid,982562,982563,1008598,1,26035,26036,completed,144
15069,Rigid,982770,982770,982840,0,70,70,completed,1
15070,Rigid,983099,983100,983137,1,37,38,completed,36
15071,Rigid,983297,983298,983468,1,170,171,completed,36
15072,Rigid,985511,985512,986154,1,642,643,completed,36
15073,Rigid,985929,985930,986000,1,70,71,completed,180
15074,Rigid,986030,986030,987232,0,1202,1202,completed,180
15075,Rigid,986174,986175,986961,1,786,787,completed,36
15076,Rigid,986770,986771,987166,1,395,396,completed,72
15077,Rigid,987269,987269,988022,0,753,753,completed,36
15078,Rigid,987341,987341,987378,0,37,37,completed,36
15079,Rigid,987512,987513,987871,1,358,359,completed,72
15080,Rigid,987582,987583,987661,1,78,79,completed,36
15081,Rigid,987584,987587,987590,3,3,6,completed,180
15082,Rigid,987595,987596,987600,1,4,5,completed,180
15083,Rigid,987611,987612,987782,1,170,171,completed,180
15084,Rigid,987694,987695,987721,1,26,27,completed,36
15085,Rigid,987783,987784,987787,1,3,4,completed,180
15086,Rigid,987861,987862,987924,1,62,63,completed,36
15087,Rigid,987886,987886,989092,0,1206,1206,completed,72
15088,Rigid,988029,988030,988093,1,63,64,completed,36
15089,Rigid,988159,988159,988222,0,63,63,completed,36
15090,Rigid,988304,988305,988453,1,148,149,completed,36
15091,Rigid,988863,988863,988897,0,34,34,completed,36
15092,Rigid,988872,988872,990082,0,1210,1210,completed,36
15093,Rigid,989196,989197,989343,1,146,147,completed,36
15094,Rigid,989442,989443,990652,1,1209,1210,completed,72
15095,Rigid,989530,989530,989566,0,36,36,completed,36
15096,Rigid,989671,989671,1084597,0,94926,94926,completed,360
15097,Rigid,989715,989715,989856,0,141,141,completed,36
15098,Rigid,990135,990135,991342,0,1207,1207,completed,36
15099,Rigid,990254,990254,990420,0,166,166,completed,36
15100,Rigid,990866,990867,990948,1,81,82,completed,36
15101,Rigid,991388,991388,992328,0,940,940,completed,36
15102,Rigid,992116,992116,993009,0,893,893,completed,72
15103,Rigid,992351,992351,993223,0,872,872,completed,26
15104,Rigid,992514,992514,993742,0,1228,1228,completed,36
15105,Rigid,992708,992708,992769,0,61,61,completed,36
15106,Rigid,992992,993017,994222,25,1205,1230,completed,72
15107,Rigid,993766,993766,994656,0,890,890,completed,36
15108,Rigid,995054,995054,995302,0,248,248,completed,72
15109,Rigid,997021,997022,997041,1,19,20,completed,36
15110,Rigid,997277,997278,997310,1,32,33,completed,36
15111,Rigid,997796,997796,997950,0,154,154,completed,288
15112,Rigid,999422,999423,999426,1,3,4,completed,36
15113,Rigid,999454,999455,999458,1,3,4,completed,36
15114,Rigid,999479,999479,999482,0,3,3,completed,36
15115,Rigid,1000113,1000114,1000117,1,3,4,completed,36
15116,Rigid,1000117,1000118,1000121,1,3,4,completed,36
15117,Rigid,1000123,1000123,1000126,0,3,3,completed,36
15118,Rigid,1000416,1000416,1000420,0,4,4,completed,36
15119,Rigid,1000917,1000918,1001387,1,469,470,completed,36
15120,Rigid,1000926,1001389,1001685,463,296,759,completed,36
15121,Rigid,1002184,1002184,1002224,0,40,40,completed,36
15122,Rigid,1002947,1002947,1003105,0,158,158,completed,36
15123,Rigid,1002954,1003107,1003211,153,104,257,completed,36
15124,Rigid,1003069,1003069,1003070,0,1,1,completed,4
15125,Rigid,1003097,1003097,1003105,0,8,8,completed,4
15126,Rigid,1003132,1003132,1003140,0,8,8,completed,4
15127,Rigid,1003304,1003304,1003313,0,9,9,completed,4
15128,Rigid,1003474,1003474,1003482,0,8,8,completed,4
15129,Rigid,1004162,1004162,1004205,0,43,43,completed,36
15130,Rigid,1004162,1004207,1004249,45,42,87,completed,36
15131,Rigid,1005341,1005342,1005346,1,4,5,completed,4
15132,Rigid,1005943,1005943,1024687,0,18744,18744,completed,144
15133,Rigid,1005977,1005977,1024684,0,18707,18707,completed,144
15134,Rigid,1006866,1006867,1006907,1,40,41,completed,36
15135,Rigid,1006928,1006929,1007060,1,131,132,completed,36
15136,Rigid,1007472,1007473,1007510,1,37,38,completed,36
15137,Rigid,1007483,1007483,1007532,0,49,49,completed,36
15138,Rigid,1007547,1007547,1007663,0,116,116,completed,36
15139,Rigid,1007571,1007572,1007624,1,52,53,completed,36
15140,Rigid,1007875,1007875,1007989,0,114,114,completed,36
15141,Rigid,1008229,1008229,1008233,0,4,4,completed,4
15142,Rigid,1008299,1008299,1008335,0,36,36,completed,36
15143,Rigid,1008305,1008305,1008309,0,4,4,completed,4
15144,Rigid,1008344,1008344,1008454,0,110,110,completed,36
15145,Rigid,1008532,1008533,1008589,1,56,57,completed,36
15146,Rigid,1008532,1008533,1008589,1,56,57,completed,36
15147,Rigid,1008533,1008533,1008589,0,56,56,completed,36
15148,Rigid,1008533,1008533,1008589,0,56,56,completed,36
15149,Rigid,1008533,1008533,1008589,0,56,56,completed,36
15150,Rigid,1008533,1008533,1008588,0,55,55,completed,36
15151,Rigid,1008533,1008537,1008589,4,52,56,completed,36
15152,Rigid,1008587,1008587,1008639,0,52,52,completed,36
15153,Rigid,1008587,1008587,1008639,0,52,52,completed,36
15154,Rigid,1008587,1008590,1008639,3,49,52,completed,36
15155,Rigid,1008587,1008590,1008639,3,49,52,completed,36
15156,Rigid,1008587,1008590,1008639,3,49,52,completed,36
15157,Rigid,1008588,1008590,1008639,2,49,51,completed,36
15158,Rigid,1008588,1008590,1008639,2,49,51,completed,36
15159,Rigid,1008656,1008656,1008876,0,220,220,completed,36
15160,Rigid,1008656,1008656,1008882,0,226,226,completed,36
15161,Rigid,1008656,1008656,1008874,0,218,218,completed,36
15162,Rigid,1008656,1008656,1008879,0,223,223,completed,36
15163,Rigid,1008656,1008660,1008873,4,213,217,completed,36
15164,Rigid,1008656,1008660,1008873,4,213,217,completed,36
15165,Rigid,1008657,1008660,1008874,3,214,217,completed,36
15166,Rigid,1008761,1008762,1008965,1,203,204,completed,72
15167,Rigid,1008989,1008989,1009192,0,203,203,completed,72
15168,Rigid,1009028,1009028,1017681,0,8653,8653,completed,288
15169,Rigid,1009158,1009159,1018105,1,8946,8947,completed,288
15170,Rigid,1009226,1009226,1009278,0,52,52,completed,36
15171,Rigid,1009342,1009343,1009393,1,50,51,completed,36
15172,Rigid,1009362,1009363,1009477,1,114,115,completed,36
15173,Rigid,1009369,1009479,1009517,110,38,148,completed,36
15174,Rigid,1009546,1009546,1009650,0,104,104,completed,36
15175,Rigid,1009549,1009651,1009799,102,148,250,completed,36
15176,Rigid,1009876,1009876,1010306,0,430,430,completed,36
15177,Rigid,1009908,1009909,1009963,1,54,55,completed,36
15178,Rigid,1010125,1010125,1010203,0,78,78,completed,36
15179,Rigid,1010320,1010321,1010657,1,336,337,completed,36
15180,Rigid,1010323,1010325,1010789,2,464,466,completed,36
15181,Rigid,1010345,1010345,1010350,0,5,5,completed,4
15182,Rigid,1010392,1010392,1010400,0,8,8,completed,4
15183,Rigid,1010429,1010429,1010440,0,11,11,completed,4
15184,Rigid,1010600,1010601,1010720,1,119,120,completed,36
15185,Rigid,1011313,1011314,1011471,1,157,158,completed,36
15186,Rigid,1011364,1011365,1014290,1,2925,2926,completed,26
15187,Rigid,1011526,1011526,1011559,0,33,33,completed,36
15188,Rigid,1011528,1011560,1011592,32,32,64,completed,36
15189,Rigid,1011579,1011580,1011786,1,206,207,completed,72
15190,Rigid,1011755,1011756,1011761,1,5,6,completed,72
15191,Rigid,1011809,1011810,1012592,1,782,783,completed,180
15192,Rigid,1012120,1012121,1012162,1,41,42,completed,36
15193,Rigid,1012123,1012163,1012203,40,40,80,completed,36
15194,Rigid,1012136,1012137,1012196,1,59,60,completed,72
15195,Rigid,1012214,1012215,1012420,1,205,206,completed,72
15196,Rigid,1012437,1012437,1023200,0,10763,10763,completed,26
15197,Rigid,1012449,1012449,1014256,0,1807,1807,completed,26
15198,Rigid,1012463,1012463,1028080,0,15617,15617,completed,26
15199,Rigid,1012470,1012470,1023353,0,10883,10883,completed,26
15200,Rigid,1012479,1012479,1014249,0,1770,1770,completed,26
15201,Rigid,1012497,1012497,1014232,0,1735,1735,completed,26
15202,Rigid,1012563,1012564,1016399,1,3835,3836,completed,26
15203,Rigid,1013499,1013499,1079096,0,65597,65597,completed,108
15204,Rigid,1013522,1013523,1013585,1,62,63,completed,36
15205,Rigid,1013544,1013545,1013785,1,240,241,completed,36
15206,Rigid,1013824,1013824,1015047,0,1223,1223,completed,72
15207,Rigid,1013919,1013920,1085452,1,71532,71533,completed,108
15208,Rigid,1013936,1013937,1014003,1,66,67,completed,36
15209,Rigid,1014180,1014181,1079280,1,65099,65100,completed,108
15210,Rigid,1014241,1014241,1014272,0,31,31,completed,36
15211,Rigid,1014242,1014274,1014307,32,33,65,completed,36
15212,Rigid,1014378,1014378,1014412,0,34,34,completed,36
15213,Rigid,1014379,1014413,1014446,34,33,67,completed,36
15214,Rigid,1014507,1014508,1014590,1,82,83,completed,36
15215,Rigid,1014512,1014513,1014546,1,33,34,completed,36
15216,Rigid,1014540,1014547,1014578,7,31,38,completed,36
15217,Rigid,1014599,1014599,1014632,0,33,33,completed,36
15218,Rigid,1014635,1014636,1014669,1,33,34,completed,36
15219,Rigid,1014736,1014736,1014768,0,32,32,completed,36
15220,Rigid,1014972,1014973,1014980,1,7,8,completed,36
15221,Rigid,1014994,1014994,1015000,0,6,6,completed,36
15222,Rigid,1015136,1015137,1015204,1,67,68,completed,36
15223,Rigid,1015139,1015141,1015221,2,80,82,completed,36
15224,Rigid,1015519,1015519,1015585,0,66,66,completed,36
15225,Rigid,1015626,1015627,1015682,1,55,56,completed,36
15226,Rigid,1015709,1015709,1015777,0,68,68,completed,36
15227,Rigid,1016169,1016169,1028108,0,11939,11939,completed,36
15228,Rigid,1016348,1016349,1016472,1,123,124,completed,36
15229,Rigid,1018362,1018363,1070909,1,52546,52547,completed,1
15230,Rigid,1018643,1018644,1058099,1,39455,39456,completed,1
15231,Rigid,1018790,1018790,1063329,0,44539,44539,completed,1
15232,Rigid,1019807,1019807,1019809,0,2,2,completed,1
15233,Rigid,1019813,1019814,1019816,1,2,3,completed,1
15234,Rigid,1019833,1019834,1019836,1,2,3,completed,1
15235,Rigid,1019982,1019982,1020008,0,26,26,completed,36
15236,Rigid,1020002,1020003,1020205,1,202,203,completed,36
15237,Rigid,1020266,1020266,1020468,0,202,202,completed,36
15238,Rigid,1020297,1020297,1020311,0,14,14,completed,32
15239,Rigid,1020324,1020324,1020329,0,5,5,completed,32
15240,Rigid,1020560,1020561,1021768,1,1207,1208,completed,36
15241,Rigid,1021158,1021159,1021165,1,6,7,completed,72
15242,Rigid,1021713,1021713,1021717,0,4,4,completed,24
15243,Rigid,1021774,1021775,1021779,1,4,5,completed,24
15244,Rigid,1021782,1021782,1021786,0,4,4,completed,24
15245,Rigid,1021826,1021826,1021830,0,4,4,completed,24
15246,Rigid,1021833,1021833,1021838,0,5,5,completed,24
15247,Rigid,1021842,1021842,1021847,0,5,5,completed,24
15248,Rigid,1021851,1021851,1021861,0,10,10,completed,24
15249,Rigid,1021870,1021870,1021879,0,9,9,completed,24
15250,Rigid,1021884,1021884,1021894,0,10,10,completed,24
15251,Rigid,1021897,1021897,1021906,0,9,9,completed,24
15252,Rigid,1021939,1021939,1021944,0,5,5,completed,16
15253,Rigid,1021953,1021953,1021957,0,4,4,completed,16
15254,Rigid,1021959,1021959,1021963,0,4,4,completed,16
15255,Rigid,1021965,1021966,1021970,1,4,5,completed,16
15256,Rigid,1021985,1021985,1021992,0,7,7,completed,8
15257,Rigid,1022043,1022043,1022046,0,3,3,completed,72
15258,Rigid,1022117,1022117,1023328,0,1211,1211,completed,72
15259,Rigid,1022139,1022140,1022250,1,110,111,completed,36
15260,Rigid,1022140,1022144,1023358,4,1214,1218,completed,72
15261,Rigid,1022166,1022167,1023388,1,1221,1222,completed,72
15262,Rigid,1022229,1022229,1022232,0,3,3,completed,72
15263,Rigid,1022274,1022274,1022277,0,3,3,completed,72
15264,Rigid,1022411,1022414,1022590,3,176,179,completed,36
15265,Rigid,1022416,1022418,1022421,2,3,5,completed,72
15266,Rigid,1022443,1022443,1023658,0,1215,1215,completed,72
15267,Rigid,1022558,1022558,1022562,0,4,4,completed,72
15268,Rigid,1022605,1022605,1023315,0,710,710,completed,36
15269,Rigid,1022614,1022615,1022623,1,8,9,completed,72
15270,Rigid,1022653,1022654,1022662,1,8,9,completed,72
15271,Rigid,1022771,1022774,1022819,3,45,48,completed,36
15272,Rigid,1022879,1022880,1022921,1,41,42,completed,36
15273,Rigid,1023059,1023060,1023099,1,39,40,completed,36
15274,Rigid,1023133,1023134,1024048,1,914,915,completed,36
15275,Rigid,1023241,1023241,1023272,0,31,31,completed,36
15276,Rigid,1023288,1023319,1023521,31,202,233,completed,36
15277,Rigid,1023291,1023292,1023326,1,34,35,completed,36
15278,Rigid,1023353,1023353,1023457,0,104,104,completed,36
15279,Rigid,1023505,1023505,1023532,0,27,27,completed,36
15280,Rigid,1023541,1023541,1023597,0,56,56,completed,36
15281,Rigid,1023577,1023578,1023604,1,26,27,completed,36
15282,Rigid,1023655,1023655,1023771,0,116,116,completed,36
15283,Rigid,1023885,1023885,1024088,0,203,203,completed,36
15284,Rigid,1023924,1023925,1024051,1,126,127,completed,36
15285,Rigid,1024034,1024035,1024753,1,718,719,completed,288
15286,Rigid,1024775,1024775,1025098,0,323,323,completed,288
15287,Rigid,1024863,1024864,1025488,1,624,625,completed,36
15288,Rigid,1024900,1024901,1047751,1,22850,22851,completed,144
15289,Rigid,1024907,1024908,1048148,1,23240,23241,completed,144
15290,Rigid,1024915,1024915,1025146,0,231,231,completed,720
15291,Rigid,1024999,1024999,1026208,0,1209,1209,completed,1080
15292,Rigid,1025220,1025221,1025548,1,327,328,completed,288
15293,Rigid,1025269,1025269,1025649,0,380,380,completed,36
15294,Rigid,1025604,1025605,1026808,1,1203,1204,completed,36
15295,Rigid,1025649,1025649,1025674,0,25,25,completed,1
15296,Rigid,1025734,1025734,1026958,0,1224,1224,completed,36
15297,Rigid,1025871,1025872,1026086,1,214,215,completed,1800
15298,Rigid,1025902,1025903,1027108,1,1205,1206,completed,72
15299,Rigid,1025923,1026089,1027318,166,1229,1395,completed,1080
15300,Rigid,1026028,1026028,1026085,0,57,57,completed,36
15301,Rigid,1026046,1026047,1026089,1,42,43,completed,36
15302,Rigid,1026111,1026112,1026123,1,11,12,completed,36
15303,Rigid,1026231,1026232,1027138,1,906,907,completed,36
15304,Rigid,1026264,1026265,1026285,1,20,21,completed,36
15305,Rigid,1026270,1026271,1026325,1,54,55,completed,36
15306,Rigid,1026390,1026390,1026770,0,380,380,completed,36
15307,Rigid,1027030,1027030,1027094,0,64,64,completed,36
15308,Rigid,1027120,1027120,1027183,0,63,63,completed,36
15309,Rigid,1027227,1027227,1027938,0,711,711,completed,144
15310,Rigid,1027270,1027274,1028339,4,1065,1069,completed,36
15311,Rigid,1027274,1027278,1035374,4,8096,8100,completed,72
15312,Rigid,1027315,1027315,1027357,0,42,42,completed,72
15313,Rigid,1027634,1027634,1028713,0,1079,1079,completed,72
15314,Rigid,1027868,1027869,1028571,1,702,703,completed,36
15315,Rigid,1027942,1027943,1028164,1,221,222,completed,36
15316,Rigid,1028156,1028156,1043500,0,15344,15344,completed,26
15317,Rigid,1028194,1028194,1028769,0,575,575,completed,36
15318,Rigid,1028342,1028343,1028800,1,457,458,completed,36
15319,Rigid,1028455,1028455,1028698,0,243,243,completed,180
15320,Rigid,1028683,1028683,1028743,0,60,60,completed,36
15321,Rigid,1028806,1028807,1029010,1,203,204,completed,36
15322,Rigid,1028809,1028811,1029207,2,396,398,completed,36
15323,Rigid,1029180,1029181,1029218,1,37,38,completed,36
15324,Rigid,1029285,1029286,1029532,1,246,247,completed,36
15325,Rigid,1029314,1029314,1029651,0,337,337,completed,36
15326,Rigid,1029491,1029494,1029558,3,64,67,completed,36
15327,Rigid,1029615,1029615,1030341,0,726,726,completed,36
15328,Rigid,1029616,1029619,1029654,3,35,38,completed,36
15329,Rigid,1029645,1029645,1029696,0,51,51,completed,432
15330,Rigid,1029695,1029696,1029742,1,46,47,completed,432
15331,Rigid,1029710,1029710,1029756,0,46,46,completed,36
15332,Rigid,1029727,1029727,1029770,0,43,43,completed,432
15333,Rigid,1029757,1029757,1029788,0,31,31,completed,36
15334,Rigid,1029773,1029773,1029820,0,47,47,completed,432
15335,Rigid,1029774,1029777,1029892,3,115,118,completed,36
15336,Rigid,1029782,1029783,1029827,1,44,45,completed,144
15337,Rigid,1029796,1029796,1029839,0,43,43,completed,432
15338,Rigid,1029819,1029819,1029873,0,54,54,completed,36
15339,Rigid,1029822,1029823,1029865,1,42,43,completed,432
15340,Rigid,1029847,1029848,1029890,1,42,43,completed,432
15341,Rigid,1029858,1029858,1029891,0,33,33,completed,36
15342,Rigid,1029874,1029874,1029937,0,63,63,completed,36
15343,Rigid,1030005,1030005,1030015,0,10,10,completed,72
15344,Rigid,1030021,1030022,1030027,1,5,6,completed,36
15345,Rigid,1030022,1030026,1030059,4,33,37,completed,36
15346,Rigid,1030078,1030078,1030366,0,288,288,completed,36
15347,Rigid,1030090,1030094,1030104,4,10,14,completed,72
15348,Rigid,1030092,1030094,1030137,2,43,45,completed,144
15349,Rigid,1030159,1030160,1030592,1,432,433,completed,36
15350,Rigid,1030348,1030348,1030823,0,475,475,completed,36
15351,Rigid,1030355,1030356,1066343,1,35987,35988,completed,432
15352,Rigid,1030379,1030379,1030421,0,42,42,completed,144
15353,Rigid,1030405,1030406,1066345,1,35939,35940,completed,432
15354,Rigid,1030407,1030410,1030438,3,28,31,completed,36
15355,Rigid,1030420,1030420,1030457,0,37,37,completed,36
15356,Rigid,1030427,1030428,1030432,1,4,5,completed,36
15357,Rigid,1030448,1030449,1074774,1,44325,44326,completed,432
15358,Rigid,1030462,1030463,1030464,1,1,2,completed,36
15359,Rigid,1030505,1030505,1074756,0,44251,44251,completed,432
15360,Rigid,1030521,1030522,1030829,1,307,308,completed,144
15361,Rigid,1030543,1030543,1030573,0,30,30,completed,36
15362,Rigid,1030544,1030574,1030604,30,30,60,completed,36
15363,Rigid,1030615,1030615,1030660,0,45,45,completed,72
15364,Rigid,1030616,1030619,1066332,3,35713,35716,completed,432
15365,Rigid,1030661,1030662,1073518,1,42856,42857,completed,432
15366,Rigid,1030661,1030662,1030865,1,203,204,completed,36
15367,Rigid,1030699,1030700,1030729,1,29,30,completed,36
15368,Rigid,1030700,1030730,1030760,30,30,60,completed,36
15369,Rigid,1030701,1030704,1030781,3,77,80,completed,72
15370,Rigid,1030787,1030789,1030811,2,22,24,completed,72
15371,Rigid,1030886,1030887,1032989,1,2102,2103,completed,288
15372,Rigid,1030899,1030899,1066336,0,35437,35437,completed,432
15373,Rigid,1030906,1030906,1030940,0,34,34,completed,72
15374,Rigid,1030941,1030941,1030980,0,39,39,completed,36
15375,Rigid,1031011,1031011,1031063,0,52,52,completed,72
15376,Rigid,1031012,1031015,1031058,3,43,46,completed,36
15377,Rigid,1031068,1031068,1031271,0,203,203,completed,36
15378,Rigid,1031221,1031222,1031264,1,42,43,completed,36
15379,Rigid,1031412,1031414,1054035,2,22621,22623,completed,144
15380,Rigid,1031435,1031435,1034592,0,3157,3157,completed,26
15381,Rigid,1031466,1031467,1031506,1,39,40,completed,36
15382,Rigid,1031512,1031512,1031519,0,7,7,completed,72
15383,Rigid,1031610,1031610,1031620,0,10,10,completed,72
15384,Rigid,1031654,1031654,1032569,0,915,915,completed,72
15385,Rigid,1031700,1031701,1031739,1,38,39,completed,36
15386,Rigid,1031780,1031780,1031789,0,9,9,completed,72
15387,Rigid,1031905,1031905,1031946,0,41,41,completed,36
15388,Rigid,1031935,1031936,1032087,1,151,152,completed,36
15389,Rigid,1031994,1031995,1032034,1,39,40,completed,36
15390,Rigid,1032024,1032025,1032036,1,11,12,completed,72
15391,Rigid,1032043,1032044,1032227,1,183,184,completed,72
15392,Rigid,1032066,1032066,1032073,0,7,7,completed,72
15393,Rigid,1032071,1032075,1032082,4,7,11,completed,72
15394,Rigid,1032107,1032107,1032114,0,7,7,completed,72
15395,Rigid,1032161,1032162,1032173,1,11,12,completed,72
15396,Rigid,1032218,1032218,1032228,0,10,10,completed,72
15397,Rigid,1032395,1032395,1032404,0,9,9,completed,144
15398,Rigid,1032400,1032400,1032472,0,72,72,completed,36
15399,Rigid,1032408,1032408,1032446,0,38,38,completed,72
15400,Rigid,1032462,1032462,1032470,0,8,8,completed,144
15401,Rigid,1032473,1032473,1032482,0,9,9,completed,72
15402,Rigid,1032529,1032529,1032537,0,8,8,completed,144
15403,Rigid,1032574,1032575,1032618,1,43,44,completed,72
15404,Rigid,1032593,1032594,1032599,1,5,6,completed,36
15405,Rigid,1032598,1032599,1032608,1,9,10,completed,72
15406,Rigid,1032605,1032606,1033083,1,477,478,completed,36
15407,Rigid,1032631,1085343,1220660,52712,135317,188029,completed,1152
15408,Rigid,1032664,1032665,1032674,1,9,10,completed,72
15409,Rigid,1032703,1032703,1032780,0,77,77,completed,72
15410,Rigid,1032742,1032743,1032751,1,8,9,completed,72
15411,Rigid,1032817,1032818,1032870,1,52,53,completed,72
15412,Rigid,1032830,1032831,1033015,1,184,185,completed,72
15413,Rigid,1032905,1032905,1032944,0,39,39,completed,36
15414,Rigid,1032942,1032942,1032971,0,29,29,completed,72
15415,Rigid,1033014,1033014,1033023,0,9,9,completed,72
15416,Rigid,1033067,1033067,1033554,0,487,487,completed,36
15417,Rigid,1033175,1033175,1033184,0,9,9,completed,72
15418,Rigid,1033254,1033254,1033263,0,9,9,completed,72
15419,Rigid,1033319,1033320,1033343,1,23,24,completed,36
15420,Rigid,1033352,1033353,1046999,1,13646,13647,completed,144
15421,Rigid,1033423,1033424,1033433,1,9,10,completed,72
15422,Rigid,1033445,1033446,1033484,1,38,39,completed,36
15423,Rigid,1033501,1033501,1033841,0,340,340,completed,36
15424,Rigid,1033551,1033551,1061141,0,27590,27590,completed,144
15425,Rigid,1033615,1033616,1082332,1,48716,48717,completed,144
15426,Rigid,1033683,1033683,1139896,0,106213,106213,completed,144
15427,Rigid,1033687,1033687,1033835,0,148,148,completed,36
15428,Rigid,1033824,1033825,1040380,1,6555,6556,completed,144
15429,Rigid,1033866,1033867,1045445,1,11578,11579,completed,144
15430,Rigid,1033907,1033908,1049802,1,15894,15895,completed,144
15431,Rigid,1033973,1034763,1056339,790,21576,22366,completed,144
15432,Rigid,1034045,1034045,1034070,0,25,25,completed,36
15433,Rigid,1034060,1034061,1034083,1,22,23,completed,36
15434,Rigid,1034065,1037822,1051949,3757,14127,17884,completed,144
15435,Rigid,1034093,1037822,1065108,3729,27286,31015,completed,144
15436,Rigid,1034116,1037822,1085707,3706,47885,51591,completed,144
15437,Rigid,1034137,1037822,1144064,3685,106242,109927,completed,144
15438,Rigid,1034138,1034142,1034669,4,527,531,completed,36
15439,Rigid,1034185,1037822,1044632,3637,6810,10447,completed,144
15440,Rigid,1034192,1034192,1034201,0,9,9,completed,72
15441,Rigid,1034215,1037823,1048824,3608,11001,14609,completed,144
15442,Rigid,1034247,1037823,1053309,3576,15486,19062,completed,144
15443,Rigid,1034287,1042284,1061596,7997,19312,27309,completed,144
15444,Rigid,1034321,1047001,1058995,12680,11994,24674,completed,144
15445,Rigid,1034376,1034377,1034401,1,24,25,completed,36
15446,Rigid,1034468,1043216,1050276,8748,7060,15808,completed,144
15447,Rigid,1034488,1044633,1055943,10145,11310,21455,completed,144
15448,Rigid,1034497,1034497,1034542,0,45,45,completed,72
15449,Rigid,1034511,1051979,1069265,17468,17286,34754,completed,144
15450,Rigid,1034531,1052220,1080749,17689,28529,46218,completed,144
15451,Rigid,1034547,1034548,1034684,1,136,137,completed,72
15452,Rigid,1034553,1053333,1058463,18780,5130,23910,completed,144
15453,Rigid,1034571,1054056,1061372,19485,7316,26801,completed,144
15454,Rigid,1034590,1055079,1064548,20489,9469,29958,completed,144
15455,Rigid,1034621,1055079,1067156,20458,12077,32535,completed,144
15456,Rigid,1034732,1055079,1068723,20347,13644,33991,completed,144
15457,Rigid,1034758,1055921,1083944,21163,28023,49186,completed,144
15458,Rigid,1034792,1055952,1104641,21160,48689,69849,completed,144
15459,Rigid,1034824,1056373,1163092,21549,106719,128268,completed,144
15460,Rigid,1034852,1057822,1064414,22970,6592,29562,completed,144
15461,Rigid,1034878,1058484,1069683,23606,11199,34805,completed,144
15462,Rigid,1034903,1059025,1075315,24122,16290,40412,completed,144
15463,Rigid,1034942,1059597,1079829,24655,20232,44887,completed,144
15464,Rigid,1034962,1035377,1035713,415,336,751,completed,36
15465,Rigid,1034977,1059898,1073666,24921,13768,38689,completed,144
15466,Rigid,1035001,1060349,1087822,25348,27473,52821,completed,144
15467,Rigid,1035008,1035377,1035381,369,4,373,completed,36
15468,Rigid,1035023,1061162,1109094,26139,47932,74071,completed,144
15469,Rigid,1035046,1061403,1167830,26357,106427,132784,completed,144
15470,Rigid,1035071,1061614,1068169,26543,6555,33098,completed,144
15471,Rigid,1035091,1064438,1075327,29347,10889,40236,completed,144
15472,Rigid,1035113,1064559,1079645,29446,15086,44532,completed,144
15473,Rigid,1035135,1065130,1084614,29995,19484,49479,completed,144
15474,Rigid,1035166,1067158,1074303,31992,7145,39137,completed,144
15475,Rigid,1035190,1068170,1079295,32980,11125,44105,completed,144
15476,Rigid,1035211,1068724,1085842,33513,17118,50631,completed,144
15477,Rigid,1035225,1035382,1035385,157,3,160,completed,36
15478,Rigid,1035235,1069266,1097464,34031,28198,62229,completed,144
15479,Rigid,1035266,1069684,1074785,34418,5101,39519,completed,144
15480,Rigid,1035285,1073667,1080930,38382,7263,45645,completed,144
15481,Rigid,1035303,1075225,1084727,39922,9502,49424,completed,144
15482,Rigid,1035325,1075225,1086992,39900,11767,51667,completed,144
15483,Rigid,1035392,1035392,1035437,0,45,45,completed,36
15484,Rigid,1035524,1035525,1035759,1,234,235,completed,36
15485,Rigid,1035638,1035638,1035643,0,5,5,completed,36
15486,Rigid,1035682,1035683,1035686,1,3,4,completed,36
15487,Rigid,1035754,1035754,1035779,0,25,25,completed,36
15488,Rigid,1035861,1035861,1035885,0,24,24,completed,36
15489,Rigid,1035948,1035948,1035991,0,43,43,completed,36
15490,Rigid,1035955,1036010,1036025,55,15,70,completed,72
15491,Rigid,1036187,1036187,1036211,0,24,24,completed,36
15492,Rigid,1036306,1036307,1036330,1,23,24,completed,36
15493,Rigid,1036320,1036321,1036371,1,50,51,completed,36
15494,Rigid,1036324,1036401,1036415,77,14,91,completed,72
15495,Rigid,1036371,1036371,1036394,0,23,23,completed,36
15496,Rigid,1036448,1036448,1036470,0,22,22,completed,36
15497,Rigid,1036482,1036484,1036508,2,24,26,completed,36
15498,Rigid,1036615,1036615,1036936,0,321,321,completed,36
15499,Rigid,1036803,1036822,1036837,19,15,34,completed,36
15500,Rigid,1036825,1047752,1059892,10927,12140,23067,completed,144
15501,Rigid,1036927,1036942,1036958,15,16,31,completed,36
15502,Rigid,1037161,1037966,1037979,805,13,818,completed,36
15503,Rigid,1037183,1037183,1037889,0,706,706,completed,36
15504,Rigid,1037246,1037246,1037264,0,18,18,completed,36
15505,Rigid,1037348,1037349,1037581,1,232,233,completed,36
15506,Rigid,1037446,1067178,1077898,29732,10720,40452,completed,360
15507,Rigid,1037449,1069614,1080036,32165,10422,42587,completed,360
15508,Rigid,1037450,1069614,1079966,32164,10352,42516,completed,360
15509,Rigid,1037451,1069614,1192096,32163,122482,154645,completed,360
15510,Rigid,1037452,1069614,1214075,32162,144461,176623,completed,360
15511,Rigid,1037453,1071406,1233219,33953,161813,195766,completed,360
15512,Rigid,1037453,1072973,1242980,35520,170007,205527,completed,360
15513,Rigid,1037666,1037666,1037908,0,242,242,completed,36
15514,Rigid,1037811,1055952,1057821,18141,1869,20010,completed,288
15515,Rigid,1037853,1037890,1037938,37,48,85,completed,36
15516,Rigid,1038173,1038173,1038538,0,365,365,completed,36
15517,Rigid,1038224,1038224,1038573,0,349,349,completed,36
15518,Rigid,1038870,1038871,1038926,1,55,56,completed,36
15519,Rigid,1039073,1039073,1039285,0,212,212,completed,72
15520,Rigid,1039076,1039079,1043709,3,4630,4633,completed,1
15521,Rigid,1039244,1039244,1039607,0,363,363,completed,36
15522,Rigid,1039283,1039290,1039483,7,193,200,completed,36
15523,Rigid,1039327,1039501,1039645,174,144,318,completed,36
15524,Rigid,1039622,1039647,1039671,25,24,49,completed,36
15525,Rigid,1039704,1039704,1039752,0,48,48,completed,36
15526,Rigid,1039789,1039789,1040725,0,936,936,completed,8
15527,Rigid,1039904,1040381,1211411,477,171030,171507,completed,72
15528,Rigid,1039946,1039946,1039960,0,14,14,completed,36
15529,Rigid,1039977,1039978,1040325,1,347,348,completed,36
15530,Rigid,1040055,1040326,1040389,271,63,334,completed,36
15531,Rigid,1040115,1040381,1040441,266,60,326,completed,36
15532,Rigid,1040297,1040406,1040589,109,183,292,completed,36
15533,Rigid,1040302,1040466,1040542,164,76,240,completed,72
15534,Rigid,1040341,1040557,1040661,216,104,320,completed,72
15535,Rigid,1040397,1040677,1040860,280,183,463,completed,72
15536,Rigid,1040405,1040918,1041228,513,310,823,completed,72
15537,Rigid,1040600,1040601,1040610,1,9,10,completed,36
15538,Rigid,1040763,1040764,1040944,1,180,181,completed,36
15539,Rigid,1040778,1040861,1040896,83,35,118,completed,36
15540,Rigid,1040986,1040987,1040991,1,4,5,completed,36
15541,Rigid,1041076,1041310,1041814,234,504,738,completed,72
15542,Rigid,1041081,1041400,1042150,319,750,1069,completed,72
15543,Rigid,1041086,1041099,1041295,13,196,209,completed,36
15544,Rigid,1041199,1041230,1041299,31,69,100,completed,36
15545,Rigid,1041262,1041263,1042268,1,1005,1006,completed,8
15546,Rigid,1041319,1042153,1043214,834,1061,1895,completed,72
15547,Rigid,1041325,1041325,1041328,0,3,3,completed,36
15548,Rigid,1041470,1041815,1042303,345,488,833,completed,36
15549,Rigid,1041697,1041698,1041745,1,47,48,completed,36
15550,Rigid,1041845,1041845,1041976,0,131,131,completed,36
15551,Rigid,1042846,1042847,1043629,1,782,783,completed,8
15552,Rigid,1042887,1042887,1043010,0,123,123,completed,36
15553,Rigid,1043054,1049297,1070841,6243,21544,27787,completed,144
15554,Rigid,1043239,1043240,1043600,1,360,361,completed,36
15555,Rigid,1043536,1043537,1043917,1,380,381,completed,36
15556,Rigid,1043670,1043918,1043976,248,58,306,completed,36
15557,Rigid,1044064,1044065,1044123,1,58,59,completed,36
15558,Rigid,1044182,1044183,1044244,1,61,62,completed,36
15559,Rigid,1044302,1044303,1044360,1,57,58,completed,36
15560,Rigid,1044317,1044361,1049045,44,4684,4728,completed,26
15561,Rigid,1045012,1045446,1045809,434,363,797,completed,36
15562,Rigid,1045030,1045446,1045859,416,413,829,completed,36
15563,Rigid,1045308,1045446,1059866,138,14420,14558,completed,72
15564,Rigid,1045417,1048826,1049280,3409,454,3863,completed,288
15565,Rigid,1045591,1045810,1045865,219,55,274,completed,36
15566,Rigid,1045896,1049297,1060967,3401,11670,15071,completed,144
15567,Rigid,1045946,1047098,1053268,1152,6170,7322,completed,36
15568,Rigid,1045995,1045995,1046067,0,72,72,completed,36
15569,Rigid,1046103,1046103,1046492,0,389,389,completed,36
15570,Rigid,1046349,1046350,1046433,1,83,84,completed,36
15571,Rigid,1046616,1046617,1046694,1,77,78,completed,36
15572,Rigid,1046804,1046804,1046835,0,31,31,completed,36
15573,Rigid,1046841,1046841,1046872,0,31,31,completed,36
15574,Rigid,1046842,1046874,1046904,32,30,62,completed,36
15575,Rigid,1046879,1046905,1046935,26,30,56,completed,36
15576,Rigid,1047023,1047023,1047102,0,79,79,completed,36
15577,Rigid,1047024,1047027,1047058,3,31,34,completed,36
15578,Rigid,1047025,1047059,1047088,34,29,63,completed,36
15579,Rigid,1047104,1047105,1047133,1,28,29,completed,36
15580,Rigid,1047104,1047135,1047165,31,30,61,completed,36
15581,Rigid,1047471,1047471,1047535,0,64,64,completed,36
15582,Rigid,1047725,1047726,1047803,1,77,78,completed,36
15583,Rigid,1047788,1066344,1069612,18556,3268,21824,completed,1296
15584,Rigid,1048076,1048077,1048137,1,60,61,completed,36
15585,Rigid,1048323,1048323,1048329,0,6,6,completed,36
15586,Rigid,1048384,1048384,1048515,0,131,131,completed,36
15587,Rigid,1048393,1048395,1048472,2,77,79,completed,36
15588,Rigid,1048393,1048395,1048703,2,308,310,completed,72
15589,Rigid,1048532,1048533,1048601,1,68,69,completed,36
15590,Rigid,1048548,1048549,1048599,1,50,51,completed,36
15591,Rigid,1048689,1048694,1060328,5,11634,11639,completed,26
15592,Rigid,1048697,1048697,1048745,0,48,48,completed,36
15593,Rigid,1048911,1048912,1069661,1,20749,20750,completed,1
15594,Rigid,1048926,1048927,1048931,1,4,5,completed,36
15595,Rigid,1048960,1048960,1049028,0,68,68,completed,36
15596,Rigid,1049032,1049032,1049089,0,57,57,completed,36
15597,Rigid,1049151,1049152,1049198,1,46,47,completed,108
15598,Rigid,1049175,1049176,1049243,1,67,68,completed,36
15599,Rigid,1049233,1049236,1060328,3,11092,11095,completed,26
15600,Rigid,1049322,1049803,1049845,481,42,523,completed,108
15601,Rigid,1049341,1051498,1060532,2157,9034,11191,completed,288
15602,Rigid,1049369,1049369,1049436,0,67,67,completed,36
15603,Rigid,1049617,1049618,1049685,1,67,68,completed,36
15604,Rigid,1049634,1049803,1049845,169,42,211,completed,108
15605,Rigid,1049945,1049945,1050213,0,268,268,completed,108
15606,Rigid,1050245,1050245,1050452,0,207,207,completed,108
15607,Rigid,1050290,1050290,1051757,0,1467,1467,completed,108
15608,Rigid,1050300,1050300,1057804,0,7504,7504,completed,108
15609,Rigid,1050312,1050315,1050643,3,328,331,completed,36
15610,Rigid,1050451,1050452,1050648,1,196,197,completed,36
15611,Rigid,1050579,1050579,1050789,0,210,210,completed,108
15612,Rigid,1050661,1050662,1050749,1,87,88,completed,36
15613,Rigid,1050722,1050723,1050840,1,117,118,completed,36
15614,Rigid,1050741,1050841,1050924,100,83,183,completed,36
15615,Rigid,1050931,1050931,1051018,0,87,87,completed,36
15616,Rigid,1051025,1051046,1213955,21,162909,162930,completed,1
15617,Rigid,1051038,1051046,1214287,8,163241,163249,completed,1
15618,Rigid,1051042,1051042,1051159,0,117,117,completed,36
15619,Rigid,1051113,1051113,1052196,0,1083,1083,completed,72
15620,Rigid,1051185,1051197,1213769,12,162572,162584,completed,1
15621,Rigid,1051218,1051219,1051293,1,74,75,completed,36
15622,Rigid,1051256,1051257,1218008,1,166751,166752,completed,1
15623,Rigid,1051328,1051347,1214262,19,162915,162934,completed,1
15624,Rigid,1051396,1051397,1051479,1,82,83,completed,36
15625,Rigid,1051500,1066346,1066961,14846,615,15461,completed,360
15626,Rigid,1051530,1066963,1067176,15433,213,15646,completed,360
15627,Rigid,1051539,1051540,1051618,1,78,79,completed,36
15628,Rigid,1051600,1051618,1216255,18,164637,164655,completed,1
15629,Rigid,1051693,1051708,1217992,15,166284,166299,completed,1
15630,Rigid,1051767,1051768,1210871,1,159103,159104,completed,1
15631,Rigid,1051781,1051781,1051860,0,79,79,completed,36
15632,Rigid,1051828,1051829,1211225,1,159396,159397,completed,1
15633,Rigid,1051873,1051875,1051892,2,17,19,completed,36
15634,Rigid,1051900,1051919,1217686,19,165767,165786,completed,1
15635,Rigid,1051903,1051905,1052103,2,198,200,completed,36
15636,Rigid,1052247,1052250,1217992,3,165742,165745,completed,1
15637,Rigid,1052289,1052290,1052376,1,86,87,completed,36
15638,Rigid,1052527,1052527,1052575,0,48,48,completed,36
15639,Rigid,1052587,1052611,1091879,24,39268,39292,completed,1
15640,Rigid,1052636,1052637,1052690,1,53,54,completed,36
15641,Rigid,1052640,1052641,1052718,1,77,78,completed,36
15642,Rigid,1052821,1052821,1052834,0,13,13,completed,36
15643,Rigid,1052858,1052859,1052889,1,30,31,completed,36
15644,Rigid,1053099,1053099,1053130,0,31,31,completed,36
15645,Rigid,1053181,1053182,1053194,1,12,13,completed,36
15646,Rigid,1053244,1053244,1053277,0,33,33,completed,36
15647,Rigid,1053299,1053300,1053305,1,5,6,completed,36
15648,Rigid,1053310,1059176,1059312,5866,136,6002,completed,36
15649,Rigid,1053314,1053315,1053348,1,33,34,completed,36
15650,Rigid,1053315,1053315,1053341,0,26,26,completed,36
15651,Rigid,1053319,1053342,1053357,23,15,38,completed,36
15652,Rigid,1053319,1053323,1053334,4,11,15,completed,36
15653,Rigid,1053407,1053408,1053635,1,227,228,completed,36
15654,Rigid,1053452,1053453,1053986,1,533,534,completed,72
15655,Rigid,1053520,1053520,1053547,0,27,27,completed,36
15656,Rigid,1053523,1053524,1053570,1,46,47,completed,36
15657,Rigid,1053525,1053549,1053563,24,14,38,completed,36
15658,Rigid,1053550,1053564,1053579,14,15,29,completed,36
15659,Rigid,1053566,1053567,1053579,1,12,13,completed,36
15660,Rigid,1053590,1053590,1053611,0,21,21,completed,36
15661,Rigid,1053593,1053612,1053637,19,25,44,completed,36
15662,Rigid,1053615,1053615,1053970,0,355,355,completed,36
15663,Rigid,1053641,1053641,1053670,0,29,29,completed,36
15664,Rigid,1053647,1053671,1053705,24,34,58,completed,36
15665,Rigid,1053674,1053706,1053746,32,40,72,completed,36
15666,Rigid,1053693,1053693,1053704,0,11,11,completed,36
15667,Rigid,1053780,1053780,1053854,0,74,74,completed,36
15668,Rigid,1053905,1053905,1053915,0,10,10,completed,36
15669,Rigid,1053920,1053920,1053960,0,40,40,completed,36
15670,Rigid,1054048,1054049,1054623,1,574,575,completed,108
15671,Rigid,1054221,1054222,1054259,1,37,38,completed,36
15672,Rigid,1054242,1054243,1054596,1,353,354,completed,36
15673,Rigid,1054330,1054356,1054431,26,75,101,completed,36
15674,Rigid,1054393,1054395,1054491,2,96,98,completed,36
15675,Rigid,1054464,1054465,1054536,1,71,72,completed,36
15676,Rigid,1054492,1054493,1054738,1,245,246,completed,36
15677,Rigid,1054521,1054741,1054998,220,257,477,completed,36
15678,Rigid,1054561,1054562,1054598,1,36,37,completed,36
15679,Rigid,1054701,1054702,1055256,1,554,555,completed,144
15680,Rigid,1054857,1054857,1054935,0,78,78,completed,36
15681,Rigid,1054874,1054875,1054911,1,36,37,completed,36
15682,Rigid,1054912,1054913,1054993,1,80,81,completed,36
15683,Rigid,1054991,1054991,1055031,0,40,40,completed,36
15684,Rigid,1055018,1055018,1055055,0,37,37,completed,36
15685,Rigid,1055067,1055068,1055133,1,65,66,completed,36
15686,Rigid,1055084,1055085,1055453,1,368,369,completed,36
15687,Rigid,1055229,1055229,1055315,0,86,86,completed,36
15688,Rigid,1055307,1055308,1055940,1,632,633,completed,180
15689,Rigid,1055416,1055416,1055491,0,75,75,completed,36
15690,Rigid,1055446,1055455,1055491,9,36,45,completed,36
15691,Rigid,1055492,1055493,1055531,1,38,39,completed,36
15692,Rigid,1055567,1055897,1055943,330,46,376,completed,72
15693,Rigid,1055653,1055655,1055681,2,26,28,completed,36
15694,Rigid,1055713,1055715,1055789,2,74,76,completed,36
15695,Rigid,1055854,1055855,1057084,1,1229,1230,completed,36
15696,Rigid,1055934,1055935,1056010,1,75,76,completed,36
15697,Rigid,1056033,1056034,1056078,1,44,45,completed,72
15698,Rigid,1056150,1056162,1057708,12,1546,1558,completed,72
15699,Rigid,1056154,1056155,1056358,1,203,204,completed,72
15700,Rigid,1056161,1056373,1058432,212,2059,2271,completed,72
15701,Rigid,1056170,1056171,1056256,1,85,86,completed,36
15702,Rigid,1056399,1057822,1058556,1423,734,2157,completed,180
15703,Rigid,1056457,1056458,1056615,1,157,158,completed,36
15704,Rigid,1056559,1057709,1058175,1150,466,1616,completed,36
15705,Rigid,1057093,1057095,1057472,2,377,379,completed,9
15706,Rigid,1057374,1057374,1057457,0,83,83,completed,36
15707,Rigid,1057480,1057481,1057529,1,48,49,completed,36
15708,Rigid,1057521,1057530,1057574,9,44,53,completed,36
15709,Rigid,1057555,1057555,1057639,0,84,84,completed,36
15710,Rigid,1057633,1057635,1057683,2,48,50,completed,36
15711,Rigid,1057807,1057808,1057856,1,48,49,completed,36
15712,Rigid,1057922,1057922,1057965,0,43,43,completed,9
15713,Rigid,1057968,1057968,1058352,0,384,384,completed,9
15714,Rigid,1058074,1058074,1058120,0,46,46,completed,36
15715,Rigid,1058170,1058171,1058279,1,108,109,completed,36
15716,Rigid,1058243,1058244,1058289,1,45,46,completed,36
15717,Rigid,1058300,1058300,1058387,0,87,87,completed,36
15718,Rigid,1058302,1058303,1058414,1,111,112,completed,36
15719,Rigid,1058374,1058374,1058421,0,47,47,completed,36
15720,Rigid,1058405,1058405,1058481,0,76,76,completed,36
15721,Rigid,1058406,1058409,1058490,3,81,84,completed,36
15722,Rigid,1058406,1058409,1058482,3,73,76,completed,36
15723,Rigid,1058407,1058409,1058482,2,73,75,completed,36
15724,Rigid,1058408,1058434,1058524,26,90,116,completed,36
15725,Rigid,1058437,1058437,1058523,0,86,86,completed,36
15726,Rigid,1058693,1058694,1059450,1,756,757,completed,360
15727,Rigid,1058730,1058731,1058815,1,84,85,completed,36
15728,Rigid,1058774,1058817,1058904,43,87,130,completed,36
15729,Rigid,1058872,1058873,1058920,1,47,48,completed,36
15730,Rigid,1058967,1058968,1059171,1,203,204,completed,36
15731,Rigid,1058995,1059477,1071404,482,11927,12409,completed,144
15732,Rigid,1059052,1059052,1071521,0,12469,12469,completed,8
15733,Rigid,1059135,1059136,1059163,1,27,28,completed,36
15734,Rigid,1059648,1059648,1059851,0,203,203,completed,36
15735,Rigid,1059892,1059898,1073368,6,13470,13476,completed,144
15736,Rigid,1060059,1060078,1060317,19,239,258,completed,72
15737,Rigid,1060062,1060078,1060316,16,238,254,completed,72
15738,Rigid,1060226,1060227,1060302,1,75,76,completed,36
15739,Rigid,1060451,1060455,1060658,4,203,207,completed,36
15740,Rigid,1060544,1060659,1060862,115,203,318,completed,36
15741,Rigid,1060586,1060590,1071686,4,11096,11100,completed,144
15742,Rigid,1060697,1060710,1060725,13,15,28,completed,72
15743,Rigid,1060938,1060951,1060984,13,33,46,completed,72
15744,Rigid,1060967,1060981,1072641,14,11660,11674,completed,144
15745,Rigid,1061021,1061223,1061254,202,31,233,completed,72
15746,Rigid,1061021,1061022,1061083,1,61,62,completed,36
15747,Rigid,1061022,1061026,1061087,4,61,65,completed,36
15748,Rigid,1061023,1061088,1061144,65,56,121,completed,36
15749,Rigid,1061024,1061089,1061149,65,60,125,completed,36
15750,Rigid,1061025,1061142,1061204,117,62,179,completed,36
15751,Rigid,1061041,1061084,1061088,43,4,47,completed,36
15752,Rigid,1061060,1061283,1061314,223,31,254,completed,72
15753,Rigid,1061076,1061343,1061374,267,31,298,completed,72
15754,Rigid,1061127,1061142,1061146,15,4,19,completed,36
15755,Rigid,1061148,1061148,1061152,0,4,4,completed,36
15756,Rigid,1061198,1061199,1061202,1,3,4,completed,36
15757,Rigid,1061199,1061204,1061207,5,3,8,completed,36
15758,Rigid,1061199,1061205,1061208,6,3,9,completed,36
15759,Rigid,1061203,1061403,1061435,200,32,232,completed,72
15760,Rigid,1061224,1061614,1061647,390,33,423,completed,72
15761,Rigid,1061246,1061246,1061268,0,22,22,completed,9
15762,Rigid,1061429,1061437,1061494,8,57,65,completed,36
15763,Rigid,1061430,1061437,1061493,7,56,63,completed,36
15764,Rigid,1061431,1061495,1061556,64,61,125,completed,36
15765,Rigid,1061432,1061495,1061551,63,56,119,completed,36
15766,Rigid,1061433,1061552,1061608,119,56,175,completed,36
15767,Rigid,1061701,1061702,1061705,1,3,4,completed,36
15768,Rigid,1061757,1061758,1061781,1,23,24,completed,36
15769,Rigid,1061841,1061841,1061843,0,2,2,completed,36
15770,Rigid,1061947,1061948,1061970,1,22,23,completed,36
15771,Rigid,1062006,1062006,1062208,0,202,202,completed,36
15772,Rigid,1062013,1062034,1062068,21,34,55,completed,72
15773,Rigid,1062067,1062095,1062127,28,32,60,completed,72
15774,Rigid,1062287,1062305,1062336,18,31,49,completed,36
15775,Rigid,1062304,1062304,1062308,0,4,4,completed,36
15776,Rigid,1062330,1062331,1062333,1,2,3,completed,36
15777,Rigid,1062336,1062365,1062395,29,30,59,completed,36
15778,Rigid,1062360,1062360,1062363,0,3,3,completed,36
15779,Rigid,1062480,1062485,1062518,5,33,38,completed,36
15780,Rigid,1062602,1062606,1062636,4,30,34,completed,36
15781,Rigid,1062675,1062696,1062727,21,31,52,completed,36
15782,Rigid,1062813,1062814,1062816,1,2,3,completed,36
15783,Rigid,1062878,1062906,1062937,28,31,59,completed,36
15784,Rigid,1063019,1063020,1063067,1,47,48,completed,36
15785,Rigid,1063030,1063056,1063087,26,31,57,completed,36
15786,Rigid,1063081,1063081,1063127,0,46,46,completed,36
15787,Rigid,1063105,1063116,1063146,11,30,41,completed,36
15788,Rigid,1063122,1063147,1063225,25,78,103,completed,36
15789,Rigid,1063141,1063142,1063189,1,47,48,completed,36
15790,Rigid,1063237,1063267,1063297,30,30,60,completed,36
15791,Rigid,1063325,1063326,1063405,1,79,80,completed,36
15792,Rigid,1063512,1063537,1063569,25,32,57,completed,36
15793,Rigid,1063558,1063570,1063573,12,3,15,completed,36
15794,Rigid,1063559,1063574,1063576,15,2,17,completed,36
15795,Rigid,1063560,1063578,1063580,18,2,20,completed,36
15796,Rigid,1063586,1063597,1063627,11,30,41,completed,36
15797,Rigid,1063711,1063712,1064171,1,459,460,completed,36
15798,Rigid,1063824,1063825,1064035,1,210,211,completed,72
15799,Rigid,1063869,1079974,1080045,16105,71,16176,completed,360
15800,Rigid,1064056,1064056,1064183,0,127,127,completed,1
15801,Rigid,1064134,1064134,1064181,0,47,47,completed,36
15802,Rigid,1064226,1064227,1064275,1,48,49,completed,36
15803,Rigid,1064418,1064418,1064494,0,76,76,completed,1
15804,Rigid,1064419,1064422,1064495,3,73,76,completed,36
15805,Rigid,1064444,1064444,1064447,0,3,3,completed,36
15806,Rigid,1064445,1064449,1064452,4,3,7,completed,36
15807,Rigid,1064445,1064453,1064456,8,3,11,completed,36
15808,Rigid,1064512,1064512,1064519,0,7,7,completed,36
15809,Rigid,1064513,1064516,1064522,3,6,9,completed,36
15810,Rigid,1064514,1064520,1064526,6,6,12,completed,36
15811,Rigid,1064539,1064539,1064591,0,52,52,completed,36
15812,Rigid,1064605,1064605,1064612,0,7,7,completed,1
15813,Rigid,1064607,1064609,1064662,2,53,55,completed,36
15814,Rigid,1064608,1064610,1064660,2,50,52,completed,36
15815,Rigid,1064609,1064662,1064711,53,49,102,completed,36
15816,Rigid,1064610,1064663,1064713,53,50,103,completed,36
15817,Rigid,1064611,1064722,1064773,111,51,162,completed,36
15818,Rigid,1064665,1064713,1064718,48,5,53,completed,36
15819,Rigid,1064665,1064715,1064720,50,5,55,completed,36
15820,Rigid,1064666,1064720,1064725,54,5,59,completed,36
15821,Rigid,1064829,1064830,1064880,1,50,51,completed,36
15822,Rigid,1064830,1064832,1064878,2,46,48,completed,36
15823,Rigid,1064831,1064879,1064929,48,50,98,completed,36
15824,Rigid,1064832,1064881,1064931,49,50,99,completed,36
15825,Rigid,1064832,1064931,1064980,99,49,148,completed,36
15826,Rigid,1064867,1064889,1064975,22,86,108,completed,1
15827,Rigid,1065098,1065099,1065187,1,88,89,completed,36
15828,Rigid,1065163,1065163,1065209,0,46,46,completed,36
15829,Rigid,1065164,1065167,1065207,3,40,43,completed,36
15830,Rigid,1065164,1065208,1065247,44,39,83,completed,36
15831,Rigid,1065165,1065211,1065247,46,36,82,completed,36
15832,Rigid,1065166,1065248,1065284,82,36,118,completed,36
15833,Rigid,1065351,1065352,1065388,1,36,37,completed,36
15834,Rigid,1065351,1065352,1065391,1,39,40,completed,36
15835,Rigid,1065352,1065389,1065428,37,39,76,completed,36
15836,Rigid,1065353,1065393,1065431,40,38,78,completed,36
15837,Rigid,1065354,1065430,1065468,76,38,114,completed,36
15838,Rigid,1065441,1065441,1065482,0,41,41,completed,36
15839,Rigid,1065569,1065569,1065575,0,6,6,completed,36
15840,Rigid,1065586,1065586,1065636,0,50,50,completed,36
15841,Rigid,1065601,1065601,1065641,0,40,40,completed,36
15842,Rigid,1065601,1065605,1065645,4,40,44,completed,36
15843,Rigid,1065602,1065642,1065681,40,39,79,completed,36
15844,Rigid,1065603,1065646,1065682,43,36,79,completed,36
15845,Rigid,1065603,1065682,1065720,79,38,117,completed,36
15846,Rigid,1065702,1065703,1065745,1,42,43,completed,36
15847,Rigid,1065819,1065819,1065885,0,66,66,completed,36
15848,Rigid,1065857,1065858,1065898,1,40,41,completed,36
15849,Rigid,1065858,1065862,1065901,4,39,43,completed,36
15850,Rigid,1065859,1065899,1065937,40,38,78,completed,36
15851,Rigid,1065860,1065903,1065941,43,38,81,completed,36
15852,Rigid,1065860,1065939,1065975,79,36,115,completed,36
15853,Rigid,1065871,1065872,1065953,1,81,82,completed,9
15854,Rigid,1065872,1065881,1065961,9,80,89,completed,1
15855,Rigid,1065927,1065928,1066139,1,211,212,completed,72
15856,Rigid,1066132,1066132,1066211,0,79,79,completed,9
15857,Rigid,1066159,1066160,1066199,1,39,40,completed,36
15858,Rigid,1066159,1066160,1066196,1,36,37,completed,36
15859,Rigid,1066163,1066197,1066236,34,39,73,completed,36
15860,Rigid,1066164,1066200,1066239,36,39,75,completed,36
15861,Rigid,1066165,1066238,1066274,73,36,109,completed,36
15862,Rigid,1066196,1066212,1066355,16,143,159,completed,9
15863,Rigid,1066367,1066368,1066419,1,51,52,completed,36
15864,Rigid,1066368,1066372,1066423,4,51,55,completed,36
15865,Rigid,1066369,1066372,1066427,3,55,58,completed,36
15866,Rigid,1066370,1066372,1066419,2,47,49,completed,36
15867,Rigid,1066371,1066420,1066457,49,37,86,completed,36
15868,Rigid,1066557,1066557,1066690,0,133,133,completed,9
15869,Rigid,1066663,1066664,1066715,1,51,52,completed,36
15870,Rigid,1066668,1066669,1066758,1,89,90,completed,72
15871,Rigid,1066781,1066781,1066832,0,51,51,completed,36
15872,Rigid,1066782,1066783,1066830,1,47,48,completed,36
15873,Rigid,1066783,1066785,1066833,2,48,50,completed,36
15874,Rigid,1066784,1066785,1066835,1,50,51,completed,36
15875,Rigid,1066816,1066834,1067068,18,234,252,completed,72
15876,Rigid,1066895,1066895,1067282,0,387,387,completed,9
15877,Rigid,1067057,1067058,1067271,1,213,214,completed,72
15878,Rigid,1067302,1067303,1067644,1,341,342,completed,36
15879,Rigid,1067724,1067724,1067726,0,2,2,completed,9
15880,Rigid,1067889,1067889,1068117,0,228,228,completed,17
15881,Rigid,1067994,1067994,1068075,0,81,81,completed,1
15882,Rigid,1068147,1068147,1068359,0,212,212,completed,72
15883,Rigid,1068338,1068339,1068843,1,504,505,completed,17
15884,Rigid,1068441,1068442,1068819,1,377,378,completed,36
15885,Rigid,1068823,1068847,1068848,24,1,25,completed,36
15886,Rigid,1068850,1068851,1069007,1,156,157,completed,72
15887,Rigid,1068889,1068890,1069505,1,615,616,completed,72
15888,Rigid,1069009,1069011,1069094,2,83,85,completed,72
15889,Rigid,1069073,1069073,1069153,0,80,80,completed,1
15890,Rigid,1069191,1069191,1069391,0,200,200,completed,72
15891,Rigid,1069281,1069281,1069691,0,410,410,completed,36
15892,Rigid,1069328,1069395,1069397,67,2,69,completed,72
15893,Rigid,1069403,1069403,1069614,0,211,211,completed,72
15894,Rigid,1069759,1069760,1069968,1,208,209,completed,36
15895,Rigid,1069900,1069900,1069973,0,73,73,completed,1
15896,Rigid,1070149,1070150,1070547,1,397,398,completed,36
15897,Rigid,1070247,1070247,1070387,0,140,140,completed,72
15898,Rigid,1070427,1080047,1083961,9620,3914,13534,completed,1296
15899,Rigid,1070469,1070469,1070539,0,70,70,completed,1
15900,Rigid,1070525,1070525,1070648,0,123,123,completed,36
15901,Rigid,1070568,1070568,1070635,0,67,67,completed,1
15902,Rigid,1070614,1070614,1071021,0,407,407,completed,36
15903,Rigid,1070740,1070741,1070805,1,64,65,completed,36
15904,Rigid,1070824,1070825,1070829,1,4,5,completed,36
15905,Rigid,1070832,1070832,1071043,0,211,211,completed,36
15906,Rigid,1070852,1070853,1070954,1,101,102,completed,72
15907,Rigid,1070982,1074807,1444641,3825,369834,373659,completed,108
15908,Rigid,1071066,1075228,1553454,4162,478226,482388,completed,108
15909,Rigid,1071165,1075228,1441724,4063,366496,370559,completed,108
15910,Rigid,1071210,1071211,1071416,1,205,206,completed,36
15911,Rigid,1071243,1075228,1548917,3985,473689,477674,completed,108
15912,Rigid,1071321,1071322,1071935,1,613,614,completed,36
15913,Rigid,1071404,1073455,1085391,2051,11936,13987,completed,144
15914,Rigid,1071686,1073545,1084499,1859,10954,12813,completed,144
15915,Rigid,1071752,1071939,1072202,187,263,450,completed,36
15916,Rigid,1072352,1072352,1072760,0,408,408,completed,36
15917,Rigid,1072554,1072554,1072640,0,86,86,completed,36
15918,Rigid,1072622,1072623,1072825,1,202,203,completed,36
15919,Rigid,1072641,1073545,1085163,904,11618,12522,completed,144
15920,Rigid,1072732,1072732,1073945,0,1213,1213,completed,36
15921,Rigid,1072919,1072919,1073042,0,123,123,completed,36
15922,Rigid,1073020,1073021,1073354,1,333,334,completed,18
15923,Rigid,1073047,1073047,1073139,0,92,92,completed,36
15924,Rigid,1073256,1073257,1073328,1,71,72,completed,36
15925,Rigid,1073314,1073369,1073436,55,67,122,completed,36
15926,Rigid,1073336,1073337,1073359,1,22,23,completed,36
15927,Rigid,1073368,1073545,1087097,177,13552,13729,completed,144
15928,Rigid,1073605,1073606,1073614,1,8,9,completed,1
15929,Rigid,1073606,1073606,1073614,0,8,8,completed,1
15930,Rigid,1073606,1073606,1073608,0,2,2,completed,1
15931,Rigid,1073606,1073606,1073608,0,2,2,completed,1
15932,Rigid,1073606,1073606,1073633,0,27,27,completed,1
15933,Rigid,1073755,1073756,1073771,1,15,16,completed,2
15934,Rigid,1073756,1073756,1073771,0,15,15,completed,2
15935,Rigid,1073756,1073760,1073813,4,53,57,completed,2
15936,Rigid,1073756,1073760,1073761,4,1,5,completed,1
15937,Rigid,1073756,1073760,1073771,4,11,15,completed,2
15938,Rigid,1073756,1073760,1073761,4,1,5,completed,1
15939,Rigid,1073756,1073760,1073997,4,237,241,completed,2
15940,Rigid,1073756,1073760,1073761,4,1,5,completed,1
15941,Rigid,1073756,1073760,1073813,4,53,57,completed,2
15942,Rigid,1073757,1073760,1073761,3,1,4,completed,1
15943,Rigid,1073757,1073760,1073761,3,1,4,completed,1
15944,Rigid,1073757,1073760,1073772,3,12,15,completed,2
15945,Rigid,1073757,1073760,1073762,3,2,5,completed,1
15946,Rigid,1073757,1073760,1073762,3,2,5,completed,1
15947,Rigid,1073758,1073760,1074766,2,1006,1008,completed,2
15948,Rigid,1073758,1073760,1073771,2,11,13,completed,2
15949,Rigid,1073758,1073760,1074081,2,321,323,completed,2
15950,Rigid,1073758,1073760,1073813,2,53,55,completed,2
15951,Rigid,1073758,1073760,1073813,2,53,55,completed,2
15952,Rigid,1073759,1073760,1073762,1,2,3,completed,1
15953,Rigid,1073759,1073760,1073761,1,1,2,completed,1
15954,Rigid,1073759,1073760,1073771,1,11,12,completed,1
15955,Rigid,1073759,1073760,1073761,1,1,2,completed,1
15956,Rigid,1073759,1073760,1073762,1,2,3,completed,1
15957,Rigid,1073759,1073760,1073771,1,11,12,completed,2
15958,Rigid,1073759,1073760,1073813,1,53,54,completed,2
15959,Rigid,1073759,1073760,1073761,1,1,2,completed,1
15960,Rigid,1073760,1073762,1073813,2,51,53,completed,2
15961,Rigid,1073760,1073762,1073763,2,1,3,completed,1
15962,Rigid,1073760,1073762,1074453,2,691,693,completed,1
15963,Rigid,1073760,1073762,1073763,2,1,3,completed,1
15964,Rigid,1073760,1073762,1073813,2,51,53,completed,2
15965,Rigid,1073761,1073762,1073763,1,1,2,completed,1
15966,Rigid,1073761,1073762,1073763,1,1,2,completed,1
15967,Rigid,1073761,1073762,1073771,1,9,10,completed,1
15968,Rigid,1073761,1073762,1073771,1,9,10,completed,2
15969,Rigid,1073761,1073762,1073764,1,2,3,completed,1
15970,Rigid,1073761,1073762,1073764,1,2,3,completed,1
15971,Rigid,1073761,1073762,1073813,1,51,52,completed,2
15972,Rigid,1073761,1073762,1073763,1,1,2,completed,1
15973,Rigid,1073762,1073762,1073771,0,9,9,completed,2
15974,Rigid,1073762,1073762,1073773,0,11,11,completed,2
15975,Rigid,1073762,1073762,1073764,0,2,2,completed,1
15976,Rigid,1073762,1073762,1073773,0,11,11,completed,2
15977,Rigid,1073762,1073762,1073771,0,9,9,completed,2
15978,Rigid,1073762,1073762,1073773,0,11,11,completed,2
15979,Rigid,1073762,1073762,1073773,0,11,11,completed,2
15980,Rigid,1073762,1073764,1073765,2,1,3,completed,1
15981,Rigid,1073763,1073764,1073765,1,1,2,completed,1
15982,Rigid,1073763,1073764,1073765,1,1,2,completed,1
15983,Rigid,1073763,1073764,1073772,1,8,9,completed,2
15984,Rigid,1073763,1073764,1073773,1,9,10,completed,2
15985,Rigid,1073763,1073764,1073772,1,8,9,completed,2
15986,Rigid,1073763,1073764,1073765,1,1,2,completed,1
15987,Rigid,1073784,1074160,1074560,376,400,776,completed,36
15988,Rigid,1074039,1074796,1075013,757,217,974,completed,1080
15989,Rigid,1074068,1074068,1074270,0,202,202,completed,36
15990,Rigid,1074186,1075015,1075223,829,208,1037,completed,1080
15991,Rigid,1074277,1075228,1077509,951,2281,3232,completed,432
15992,Rigid,1074328,1074328,1074414,0,86,86,completed,36
15993,Rigid,1074420,1074420,1074482,0,62,62,completed,36
15994,Rigid,1074490,1074490,1074599,0,109,109,completed,36
15995,Rigid,1074671,1074671,1074715,0,44,44,completed,36
15996,Rigid,1074743,1074743,1074840,0,97,97,completed,36
15997,Rigid,1074856,1074858,1074884,2,26,28,completed,36
15998,Rigid,1075274,1077899,1078107,2625,208,2833,completed,1080
15999,Rigid,1075539,1075539,1075748,0,209,209,completed,36
16000,Rigid,1075616,1078108,1078317,2492,209,2701,completed,1080
16001,Rigid,1075661,1075662,1076855,1,1193,1194,completed,36
16002,Rigid,1075782,1078318,1080125,2536,1807,4343,completed,1080
16003,Rigid,1076023,1076023,1076052,0,29,29,completed,36
16004,Rigid,1076138,1076139,1076348,1,209,210,completed,36
16005,Rigid,1076195,1076196,1076574,1,378,379,completed,36
16006,Rigid,1076443,1076444,1076655,1,211,212,completed,36
16007,Rigid,1076642,1076643,1077005,1,362,363,completed,36
16008,Rigid,1076741,1076742,1076962,1,220,221,completed,36
16009,Rigid,1076747,1076748,1076951,1,203,204,completed,36
16010,Rigid,1076900,1076952,1077154,52,202,254,completed,36
16011,Rigid,1077011,1077155,1077358,144,203,347,completed,36
16012,Rigid,1077042,1077043,1077340,1,297,298,completed,36
16013,Rigid,1077456,1077456,1077756,0,300,300,completed,36
16014,Rigid,1077702,1077722,1077733,20,11,31,completed,432
16015,Rigid,1078063,1078082,1078662,19,580,599,completed,36
16016,Rigid,1078116,1078683,1078755,567,72,639,completed,36
16017,Rigid,1078372,1078373,1078375,1,2,3,completed,1
16018,Rigid,1078426,1078427,1078464,1,37,38,completed,1
16019,Rigid,1078478,1078479,1079400,1,921,922,completed,1
16020,Rigid,1078812,1080135,1084294,1323,4159,5482,completed,432
16021,Rigid,1079923,1079923,1080005,0,82,82,completed,36
16022,Rigid,1080022,1080025,1080768,3,743,746,completed,1
16023,Rigid,1080273,1080273,1080335,0,62,62,completed,36
16024,Rigid,1080464,1080465,1080545,1,80,81,completed,36
16025,Rigid,1081056,1081057,1081985,1,928,929,completed,1
16026,Rigid,1081184,1081184,1081265,0,81,81,completed,36
16027,Rigid,1081267,1081268,1081753,1,485,486,completed,432
16028,Rigid,1081360,1081361,1081365,1,4,5,completed,36
16029,Rigid,1081401,1081405,1081700,4,295,299,completed,36
16030,Rigid,1081949,1081950,1082204,1,254,255,completed,36
16031,Rigid,1082120,1082120,1082127,0,7,7,completed,36
16032,Rigid,1082180,1082180,1082255,0,75,75,completed,36
16033,Rigid,1082223,1082224,1083585,1,1361,1362,completed,432
16034,Rigid,1083122,1083122,1084248,0,1126,1126,completed,26
16035,Rigid,1083707,1083707,1083965,0,258,258,completed,36
16036,Rigid,1083834,1083835,1083905,1,70,71,completed,36
16037,Rigid,1084327,1084327,1084591,0,264,264,completed,36
16038,Rigid,1084384,1084384,1084403,0,19,19,completed,36
16039,Rigid,1084422,1084423,1084442,1,19,20,completed,36
16040,Rigid,1084440,1084440,1084516,0,76,76,completed,1
16041,Rigid,1084469,1084469,1084493,0,24,24,completed,36
16042,Rigid,1084499,1084499,1095585,0,11086,11086,completed,144
16043,Rigid,1084725,1084726,1084751,1,25,26,completed,1
16044,Rigid,1084818,1084819,1085541,1,722,723,completed,1
16045,Rigid,1085942,1085942,1086207,0,265,265,completed,36
16046,Rigid,1086288,1086289,1086298,1,9,10,completed,180
16047,Rigid,1086316,1086316,1086333,0,17,17,completed,180
16048,Rigid,1086324,1086326,1086581,2,255,257,completed,36
16049,Rigid,1086421,1086421,1086441,0,20,20,completed,180
16050,Rigid,1086482,1086482,1086499,0,17,17,completed,180
16051,Rigid,1086536,1086536,1086552,0,16,16,completed,180
16052,Rigid,1086567,1086567,1086663,0,96,96,completed,180
16053,Rigid,1086866,1086867,1086875,1,8,9,completed,180
16054,Rigid,1086890,1086891,1086917,1,26,27,completed,180
16055,Rigid,1087119,1087120,1087148,1,28,29,completed,180
16056,Rigid,1087174,1087175,1087260,1,85,86,completed,36
16057,Rigid,1087234,1087235,1087334,1,99,100,completed,180
16058,Rigid,1087240,1087240,1087269,0,29,29,completed,180
16059,Rigid,1087309,1087310,1087339,1,29,30,completed,180
16060,Rigid,1087370,1087371,1087474,1,103,104,completed,180
16061,Rigid,1087459,1087460,1087488,1,28,29,completed,180
16062,Rigid,1087491,1087491,1087506,0,15,15,completed,180
16063,Rigid,1087505,1087505,1087709,0,204,204,completed,72
16064,Rigid,1087565,1087565,1087605,0,40,40,completed,180
16065,Rigid,1087689,1087690,1087753,1,63,64,completed,36
16066,Rigid,1087734,1087735,1087739,1,4,5,completed,36
16067,Rigid,1087786,1087786,1087825,0,39,39,completed,36
16068,Rigid,1087864,1087864,1087933,0,69,69,completed,36
16069,Rigid,1087900,1087901,1087980,1,79,80,completed,36
16070,Rigid,1087949,1087950,1087977,1,27,28,completed,36
16071,Rigid,1088005,1088006,1088029,1,23,24,completed,36
16072,Rigid,1088070,1088070,1088117,0,47,47,completed,36
16073,Rigid,1088106,1088106,1088126,0,20,20,completed,36
16074,Rigid,1088781,1088781,1088963,0,182,182,completed,36
16075,Rigid,1088934,1088934,1088944,0,10,10,completed,36
16076,Rigid,1089046,1089046,1089059,0,13,13,completed,36
16077,Rigid,1089061,1089062,1089237,1,175,176,completed,36
16078,Rigid,1089074,1089075,1089099,1,24,25,completed,36
16079,Rigid,1089112,1089113,1089484,1,371,372,completed,36
16080,Rigid,1089136,1089137,1089169,1,32,33,completed,72
16081,Rigid,1089290,1089291,1089350,1,59,60,completed,72
16082,Rigid,1089316,1089317,1089492,1,175,176,completed,36
16083,Rigid,1089435,1089435,1089446,0,11,11,completed,72
16084,Rigid,1089512,1089512,1089689,0,177,177,completed,36
16085,Rigid,1089535,1089535,1089666,0,131,131,completed,72
16086,Rigid,1089705,1089705,1089819,0,114,114,completed,72
16087,Rigid,1089739,1089739,1089771,0,32,32,completed,36
16088,Rigid,1089893,1089894,1090071,1,177,178,completed,36
16089,Rigid,1089961,1089962,1090012,1,50,51,completed,72
16090,Rigid,1090019,1090019,1090085,0,66,66,completed,36
16091,Rigid,1090073,1090073,1090291,0,218,218,completed,36
16092,Rigid,1090185,1090185,1090272,0,87,87,completed,36
16093,Rigid,1090225,1090226,1090249,1,23,24,completed,36
16094,Rigid,1090247,1090247,1090306,0,59,59,completed,72
16095,Rigid,1090327,1090328,1090501,1,173,174,completed,36
16096,Rigid,1090376,1090376,1090424,0,48,48,completed,36
16097,Rigid,1090486,1090487,1090541,1,54,55,completed,36
16098,Rigid,1090541,1090542,1090723,1,181,182,completed,36
16099,Rigid,1090734,1090735,1091178,1,443,444,completed,36
16100,Rigid,1090739,1090739,1091918,0,1179,1179,completed,36
16101,Rigid,1091128,1091128,1091131,0,3,3,completed,36
16102,Rigid,1091140,1091141,1091903,1,762,763,completed,1
16103,Rigid,1091186,1091186,1091316,0,130,130,completed,36
16104,Rigid,1091384,1091385,1091611,1,226,227,completed,36
16105,Rigid,1092292,1092293,1092404,1,111,112,completed,36
16106,Rigid,1093417,1093418,1093434,1,16,17,completed,36
16107,Rigid,1093496,1093497,1094237,1,740,741,completed,36
16108,Rigid,1093941,1093942,1093958,1,16,17,completed,36
16109,Rigid,1093994,1093995,1094304,1,309,310,completed,36
16110,Rigid,1094378,1094378,1094533,0,155,155,completed,72
16111,Rigid,1094461,1094462,1094686,1,224,225,completed,36
16112,Rigid,1094629,1094629,1094642,0,13,13,completed,72
16113,Rigid,1094691,1094692,1094705,1,13,14,completed,72
16114,Rigid,1094726,1094727,1094965,1,238,239,completed,36
16115,Rigid,1094817,1094817,1094833,0,16,16,completed,72
16116,Rigid,1094861,1094862,1095230,1,368,369,completed,36
16117,Rigid,1095052,1095052,1095434,0,382,382,completed,36
16118,Rigid,1095306,1095307,1095324,1,17,18,completed,72
16119,Rigid,1095343,1095343,1095359,0,16,16,completed,36
16120,Rigid,1095373,1095374,1095749,1,375,376,completed,36
16121,Rigid,1095374,1095378,1095479,4,101,105,completed,36
16122,Rigid,1095508,1095508,1095919,0,411,411,completed,36
16123,Rigid,1095585,1095586,1096673,1,1087,1088,completed,144
16124,Rigid,1095883,1095884,1095995,1,111,112,completed,36
16125,Rigid,1095944,1095945,1096338,1,393,394,completed,36
16126,Rigid,1096404,1096406,1097689,2,1283,1285,completed,36
16127,Rigid,1096415,1096415,1096431,0,16,16,completed,72
16128,Rigid,1096543,1096544,1097474,1,930,931,completed,36
16129,Rigid,1096627,1096627,1096642,0,15,15,completed,72
16130,Rigid,1096629,1096631,1096648,2,17,19,completed,144
16131,Rigid,1096676,1096676,1108710,0,12034,12034,completed,144
16132,Rigid,1096687,1096688,1096823,1,135,136,completed,72
16133,Rigid,1096857,1096858,1096964,1,106,107,completed,36
16134,Rigid,1096872,1096873,1096914,1,41,42,completed,72
16135,Rigid,1097016,1097016,1097058,0,42,42,completed,36
16136,Rigid,1097212,1097213,1110348,1,13135,13136,completed,8
16137,Rigid,1097223,1097223,1108175,0,10952,10952,completed,144
16138,Rigid,1097242,1097246,1097309,4,63,67,completed,72
16139,Rigid,1097317,1097318,1108245,1,10927,10928,completed,144
16140,Rigid,1097408,1097408,1108629,0,11221,11221,completed,144
16141,Rigid,1097412,1097413,1108760,1,11347,11348,completed,144
16142,Rigid,1097419,1097420,1109145,1,11725,11726,completed,144
16143,Rigid,1097424,1097426,1109254,2,11828,11830,completed,144
16144,Rigid,1097436,1097437,1108887,1,11450,11451,completed,144
16145,Rigid,1097440,1097441,1109053,1,11612,11613,completed,144
16146,Rigid,1097449,1097450,1109140,1,11690,11691,completed,144
16147,Rigid,1097458,1097459,1097535,1,76,77,completed,72
16148,Rigid,1097577,1097578,1098199,1,621,622,completed,36
16149,Rigid,1097679,1097680,1097742,1,62,63,completed,36
16150,Rigid,1097719,1097720,1097758,1,38,39,completed,72
16151,Rigid,1097721,1097721,1097746,0,25,25,completed,36
16152,Rigid,1097780,1097781,1097829,1,48,49,completed,36
16153,Rigid,1097826,1097827,1097903,1,76,77,completed,72
16154,Rigid,1097878,1097878,1097927,0,49,49,completed,36
16155,Rigid,1097988,1097989,1098040,1,51,52,completed,36
16156,Rigid,1098022,1098026,1098144,4,118,122,completed,72
16157,Rigid,1098186,1098186,1098241,0,55,55,completed,72
16158,Rigid,1098189,1098190,1098591,1,401,402,completed,36
16159,Rigid,1098248,1098248,1098275,0,27,27,completed,36
16160,Rigid,1098294,1098294,1098307,0,13,13,completed,36
16161,Rigid,1098339,1098340,1098411,1,71,72,completed,36
16162,Rigid,1098353,1098354,1098966,1,612,613,completed,36
16163,Rigid,1098469,1098469,1098475,0,6,6,completed,36
16164,Rigid,1098483,1098484,1098490,1,6,7,completed,36
16165,Rigid,1098512,1098513,1099131,1,618,619,completed,36
16166,Rigid,1098644,1099132,1099170,488,38,526,completed,36
16167,Rigid,1098767,1098767,1098782,0,15,15,completed,72
16168,Rigid,1098846,1098970,1099896,124,926,1050,completed,72
16169,Rigid,1098914,1098915,1098933,1,18,19,completed,72
16170,Rigid,1098991,1098992,1098996,1,4,5,completed,36
16171,Rigid,1099012,1099012,1099369,0,357,357,completed,72
16172,Rigid,1099098,1099099,1099119,1,20,21,completed,36
16173,Rigid,1099109,1099110,1100706,1,1596,1597,completed,144
16174,Rigid,1099409,1099410,1099414,1,4,5,completed,180
16175,Rigid,1099411,1099414,1099432,3,18,21,completed,36
16176,Rigid,1099434,1099435,1099577,1,142,143,completed,180
16177,Rigid,1099855,1099856,1099929,1,73,74,completed,36
16178,Rigid,1099930,1099931,1099950,1,19,20,completed,36
16179,Rigid,1099954,1099954,1170580,0,70626,70626,completed,36
16180,Rigid,1100075,1100075,1100226,0,151,151,completed,180
16181,Rigid,1100287,1100288,1182642,1,82354,82355,completed,108
16182,Rigid,1100342,1100343,1100536,1,193,194,completed,180
16183,Rigid,1100385,1100386,1101498,1,1112,1113,completed,4
16184,Rigid,1100563,1100564,1100939,1,375,376,completed,36
16185,Rigid,1100714,1100714,1100730,0,16,16,completed,36
16186,Rigid,1100825,1100825,1100929,0,104,104,completed,180
16187,Rigid,1100863,1100863,1104749,0,3886,3886,completed,72
16188,Rigid,1101006,1101007,1101023,1,16,17,completed,72
16189,Rigid,1101098,1101099,1101201,1,102,103,completed,36
16190,Rigid,1101144,1101144,1182640,0,81496,81496,completed,108
16191,Rigid,1101206,1101207,1101292,1,85,86,completed,36
16192,Rigid,1101292,1101293,1182637,1,81344,81345,completed,108
16193,Rigid,1101345,1101346,1101662,1,316,317,completed,36
16194,Rigid,1101399,1101399,1101498,0,99,99,completed,72
16195,Rigid,1101612,1101612,1101665,0,53,53,completed,180
16196,Rigid,1101730,1101730,1101827,0,97,97,completed,5
16197,Rigid,1101840,1101840,1101914,0,74,74,completed,36
16198,Rigid,1101875,1101875,1108189,0,6314,6314,completed,5
16199,Rigid,1102280,1102280,1102305,0,25,25,completed,36
16200,Rigid,1102282,1102285,1102649,3,364,367,completed,36
16201,Rigid,1102381,1102381,1102397,0,16,16,completed,36
16202,Rigid,1102750,1102751,1102962,1,211,212,completed,180
16203,Rigid,1102821,1102821,1102900,0,79,79,completed,36
16204,Rigid,1102893,1102893,1103208,0,315,315,completed,36
16205,Rigid,1102965,1102966,1103029,1,63,64,completed,36
16206,Rigid,1103016,1103016,1103227,0,211,211,completed,180
16207,Rigid,1103162,1103162,1103167,0,5,5,completed,180
16208,Rigid,1103230,1103231,1103238,1,7,8,completed,180
16209,Rigid,1103277,1103277,1103591,0,314,314,completed,180
16210,Rigid,1103303,1103306,1103319,3,13,16,completed,180
16211,Rigid,1103322,1103322,1103351,0,29,29,completed,36
16212,Rigid,1103353,1103353,1103437,0,84,84,completed,36
16213,Rigid,1103367,1103368,1103575,1,207,208,completed,180
16214,Rigid,1103390,1103391,1103436,1,45,46,completed,36
16215,Rigid,1103512,1103512,1103750,0,238,238,completed,36
16216,Rigid,1103573,1103573,1103940,0,367,367,completed,36
16217,Rigid,1103800,1103800,1104011,0,211,211,completed,180
16218,Rigid,1103812,1103812,1103813,0,1,1,completed,4
16219,Rigid,1103827,1103827,1103838,0,11,11,completed,4
16220,Rigid,1103989,1103990,1104001,1,11,12,completed,4
16221,Rigid,1104063,1104063,1104074,0,11,11,completed,4
16222,Rigid,1104360,1104361,1104674,1,313,314,completed,36
16223,Rigid,1104412,1322518,1457319,218106,134801,352907,completed,1152
16224,Rigid,1104528,1104528,1104574,0,46,46,completed,36
16225,Rigid,1104561,1104561,1104589,0,28,28,completed,36
16226,Rigid,1104590,1104591,1104625,1,34,35,completed,36
16227,Rigid,1104594,1104595,1104633,1,38,39,completed,36
16228,Rigid,1104674,1104674,1104682,0,8,8,completed,4
16229,Rigid,1104887,1104887,1104906,0,19,19,completed,180
16230,Rigid,1104986,1104987,1105005,1,18,19,completed,180
16231,Rigid,1105118,1105119,1105136,1,17,18,completed,180
16232,Rigid,1105228,1105229,1105444,1,215,216,completed,36
16233,Rigid,1105232,1105233,1105258,1,25,26,completed,180
16234,Rigid,1105434,1105435,1105490,1,55,56,completed,36
16235,Rigid,1105439,1105439,1105511,0,72,72,completed,36
16236,Rigid,1105451,1105451,1105471,0,20,20,completed,36
16237,Rigid,1105461,1105461,1105475,0,14,14,completed,180
16238,Rigid,1105468,1105468,1105708,0,240,240,completed,36
16239,Rigid,1105472,1105472,1105493,0,21,21,completed,36
16240,Rigid,1105497,1105709,1106616,212,907,1119,completed,36
16241,Rigid,1105520,1105521,1105607,1,86,87,completed,72
16242,Rigid,1105592,1105593,1105715,1,122,123,completed,72
16243,Rigid,1105623,1105623,1105643,0,20,20,completed,36
16244,Rigid,1105713,1105713,1105787,0,74,74,completed,36
16245,Rigid,1105864,1105865,1105874,1,9,10,completed,180
16246,Rigid,1105871,1105872,1106069,1,197,198,completed,36
16247,Rigid,1105955,1105955,1106086,0,131,131,completed,180
16248,Rigid,1106094,1106095,1106700,1,605,606,completed,180
16249,Rigid,1106163,1106164,1106389,1,225,226,completed,36
16250,Rigid,1106569,1106570,1106940,1,370,371,completed,36
16251,Rigid,1106667,1106667,1106677,0,10,10,completed,180
16252,Rigid,1106705,1106705,1107106,0,401,401,completed,180
16253,Rigid,1106721,1106721,1106938,0,217,217,completed,36
16254,Rigid,1106751,1106751,1106753,0,2,2,completed,4
16255,Rigid,1106810,1106811,1107036,1,225,226,completed,36
16256,Rigid,1106839,1106840,1107043,1,203,204,completed,36
16257,Rigid,1106857,1106858,1107000,1,142,143,completed,72
16258,Rigid,1106871,1106872,1106891,1,19,20,completed,36
16259,Rigid,1106871,1106871,1106879,0,8,8,completed,4
16260,Rigid,1107036,1107037,1107100,1,63,64,completed,180
16261,Rigid,1107119,1107120,1107438,1,318,319,completed,36
16262,Rigid,1107164,1107165,1107411,1,246,247,completed,180
16263,Rigid,1107208,1107208,1107387,0,179,179,completed,72
16264,Rigid,1107651,1107652,1107963,1,311,312,completed,180
16265,Rigid,1107810,1107810,1107818,0,8,8,completed,4
16266,Rigid,1107925,1107926,1107962,1,36,37,completed,36
16267,Rigid,1107935,1107935,1119961,0,12026,12026,completed,26
16268,Rigid,1108025,1108026,1108040,1,14,15,completed,36
16269,Rigid,1108066,1108066,1108367,0,301,301,completed,180
16270,Rigid,1108175,1108176,1128033,1,19857,19858,completed,144
16271,Rigid,1108245,1108246,1119155,1,10909,10910,completed,144
16272,Rigid,1108337,1108337,1108344,0,7,7,completed,4
16273,Rigid,1108377,1108377,1108384,0,7,7,completed,4
16274,Rigid,1108411,1108411,1108419,0,8,8,completed,4
16275,Rigid,1108629,1108629,1128967,0,20338,20338,completed,144
16276,Rigid,1108685,1108685,1108693,0,8,8,completed,4
16277,Rigid,1108701,1108701,1108721,0,20,20,completed,144
16278,Rigid,1108709,1108710,1108738,1,28,29,completed,144
16279,Rigid,1108760,1108761,1121292,1,12531,12532,completed,144
16280,Rigid,1108887,1108887,1120455,0,11568,11568,completed,144
16281,Rigid,1108897,1108898,1108908,1,10,11,completed,180
16282,Rigid,1108923,1108924,1109003,1,79,80,completed,144
16283,Rigid,1108947,1108948,1108952,1,4,5,completed,180
16284,Rigid,1108991,1108991,1121570,0,12579,12579,completed,144
16285,Rigid,1109002,1109002,1119903,0,10901,10901,completed,144
16286,Rigid,1109053,1109053,1120626,0,11573,11573,completed,144
16287,Rigid,1109111,1109111,1109323,0,212,212,completed,72
16288,Rigid,1109140,1109141,1120801,1,11660,11661,completed,144
16289,Rigid,1109145,1109145,1119361,0,10216,10216,completed,144
16290,Rigid,1109232,1109232,1109442,0,210,210,completed,180
16291,Rigid,1109254,1109254,1120171,0,10917,10917,completed,144
16292,Rigid,1109301,1109301,1109309,0,8,8,completed,4
16293,Rigid,1109377,1109377,1109587,0,210,210,completed,180
16294,Rigid,1109404,1109404,1109540,0,136,136,completed,72
16295,Rigid,1109420,1109421,1109440,1,19,20,completed,36
16296,Rigid,1109474,1109474,1109556,0,82,82,completed,144
16297,Rigid,1109486,1109488,1109695,2,207,209,completed,180
16298,Rigid,1109643,1109644,1109883,1,239,240,completed,180
16299,Rigid,1109653,1109653,1109834,0,181,181,completed,72
16300,Rigid,1109704,1109704,1109713,0,9,9,completed,4
16301,Rigid,1109707,1109707,1109744,0,37,37,completed,36
16302,Rigid,1109762,1109762,1109770,0,8,8,completed,4
16303,Rigid,1109944,1109944,1109965,0,21,21,completed,72
16304,Rigid,1110066,1110066,1110087,0,21,21,completed,72
16305,Rigid,1110073,1110073,1110082,0,9,9,completed,4
16306,Rigid,1110122,1110122,1110129,0,7,7,completed,4
16307,Rigid,1110151,1110152,1110190,1,38,39,completed,36
16308,Rigid,1110164,1110164,1110373,0,209,209,completed,180
16309,Rigid,1110187,1110188,1110198,1,10,11,completed,72
16310,Rigid,1110216,1110217,1110424,1,207,208,completed,180
16311,Rigid,1110242,1110242,1110937,0,695,695,completed,144
16312,Rigid,1110249,1110249,1110257,0,8,8,completed,4
16313,Rigid,1110277,1110277,1110291,0,14,14,completed,72
16314,Rigid,1110396,1110396,1110628,0,232,232,completed,180
16315,Rigid,1110416,1110416,1110619,0,203,203,completed,36
16316,Rigid,1110480,1110480,1110484,0,4,4,completed,4
16317,Rigid,1110499,1110499,1110507,0,8,8,completed,4
16318,Rigid,1110638,1110638,1113831,0,3193,3193,completed,72
16319,Rigid,1110666,1110666,1110674,0,8,8,completed,4
16320,Rigid,1110745,1110745,1110778,0,33,33,completed,36
16321,Rigid,1110793,1110793,1110830,0,37,37,completed,36
16322,Rigid,1110806,1110831,1110871,25,40,65,completed,36
16323,Rigid,1110818,1110872,1110919,54,47,101,completed,36
16324,Rigid,1110842,1110843,1125988,1,15145,15146,completed,36
16325,Rigid,1110844,1110920,1110986,76,66,142,completed,36
16326,Rigid,1110860,1110988,1111081,128,93,221,completed,36
16327,Rigid,1110873,1111083,1111217,210,134,344,completed,36
16328,Rigid,1110881,1110882,1111089,1,207,208,completed,180
16329,Rigid,1110888,1111218,1111406,330,188,518,completed,36
16330,Rigid,1110899,1111407,1111670,508,263,771,completed,36
16331,Rigid,1110910,1111671,1112036,761,365,1126,completed,36
16332,Rigid,1110970,1110971,1111173,1,202,203,completed,36
16333,Rigid,1110978,1110979,1111208,1,229,230,completed,36
16334,Rigid,1111119,1111120,1111257,1,137,138,completed,1
16335,Rigid,1111119,1111120,1111257,1,137,138,completed,1
16336,Rigid,1111119,1111120,1111257,1,137,138,completed,1
16337,Rigid,1111119,1111120,1111257,1,137,138,completed,1
16338,Rigid,1111119,1111120,1111257,1,137,138,completed,1
16339,Rigid,1111119,1111120,1111257,1,137,138,completed,1
16340,Rigid,1111119,1111120,1111257,1,137,138,completed,1
16341,Rigid,1111119,1111120,1111257,1,137,138,completed,1
16342,Rigid,1111119,1111120,1111257,1,137,138,completed,1
16343,Rigid,1111119,1111120,1111257,1,137,138,completed,1
16344,Rigid,1111119,1111120,1111257,1,137,138,completed,1
16345,Rigid,1111119,1111120,1111257,1,137,138,completed,1
16346,Rigid,1111119,1111120,1111257,1,137,138,completed,1
16347,Rigid,1111119,1111120,1111257,1,137,138,completed,1
16348,Rigid,1111119,1111120,1111257,1,137,138,completed,1
16349,Rigid,1111119,1111120,1111257,1,137,138,completed,1
16350,Rigid,1111119,1111120,1111257,1,137,138,completed,1
16351,Rigid,1111119,1111120,1111257,1,137,138,completed,1
16352,Rigid,1111119,1111120,1111257,1,137,138,completed,1
16353,Rigid,1111119,1111120,1111257,1,137,138,completed,1
16354,Rigid,1111119,1111120,1111257,1,137,138,completed,1
16355,Rigid,1111119,1111120,1111257,1,137,138,completed,1
16356,Rigid,1111119,1111120,1111257,1,137,138,completed,1
16357,Rigid,1111119,1111120,1111257,1,137,138,completed,1
16358,Rigid,1111119,1111120,1111257,1,137,138,completed,1
16359,Rigid,1111119,1111120,1111257,1,137,138,completed,1
16360,Rigid,1111119,1111120,1111257,1,137,138,completed,1
16361,Rigid,1111119,1111120,1111257,1,137,138,completed,1
16362,Rigid,1111119,1111120,1111257,1,137,138,completed,1
16363,Rigid,1111119,1111120,1111257,1,137,138,completed,1
16364,Rigid,1111119,1111120,1111257,1,137,138,completed,1
16365,Rigid,1111119,1111120,1111257,1,137,138,completed,1
16366,Rigid,1111119,1111120,1111257,1,137,138,completed,1
16367,Rigid,1111119,1111120,1111257,1,137,138,completed,1
16368,Rigid,1111119,1111120,1111257,1,137,138,completed,1
16369,Rigid,1111119,1111120,1111257,1,137,138,completed,1
16370,Rigid,1111119,1111120,1111257,1,137,138,completed,1
16371,Rigid,1111119,1111120,1111257,1,137,138,completed,1
16372,Rigid,1111119,1111120,1111257,1,137,138,completed,1
16373,Rigid,1111119,1111120,1111257,1,137,138,completed,1
16374,Rigid,1111119,1111120,1111257,1,137,138,completed,1
16375,Rigid,1111119,1111120,1111257,1,137,138,completed,1
16376,Rigid,1111119,1111120,1111257,1,137,138,completed,1
16377,Rigid,1111119,1111120,1111257,1,137,138,completed,1
16378,Rigid,1111119,1111120,1111257,1,137,138,completed,1
16379,Rigid,1111119,1111120,1111257,1,137,138,completed,1
16380,Rigid,1111119,1111120,1111257,1,137,138,completed,1
16381,Rigid,1111119,1111120,1111257,1,137,138,completed,1
16382,Rigid,1111119,1111120,1111257,1,137,138,completed,1
16383,Rigid,1111119,1111120,1111257,1,137,138,completed,1
16384,Rigid,1111119,1111120,1111257,1,137,138,completed,1
16385,Rigid,1111119,1111120,1111257,1,137,138,completed,1
16386,Rigid,1111119,1111120,1111257,1,137,138,completed,1
16387,Rigid,1111119,1111120,1111257,1,137,138,completed,1
16388,Rigid,1111119,1111120,1111257,1,137,138,completed,1
16389,Rigid,1111119,1111120,1111257,1,137,138,completed,1
16390,Rigid,1111119,1111120,1111257,1,137,138,completed,1
16391,Rigid,1111119,1111120,1111257,1,137,138,completed,1
16392,Rigid,1111119,1111120,1111257,1,137,138,completed,1
16393,Rigid,1111119,1111120,1111257,1,137,138,completed,1
16394,Rigid,1111119,1111120,1111257,1,137,138,completed,1
16395,Rigid,1111119,1111120,1111257,1,137,138,completed,1
16396,Rigid,1111119,1111120,1111257,1,137,138,completed,1
16397,Rigid,1111119,1111120,1111257,1,137,138,completed,1
16398,Rigid,1111119,1111120,1111257,1,137,138,completed,1
16399,Rigid,1111119,1111120,1111257,1,137,138,completed,1
16400,Rigid,1111119,1111120,1111257,1,137,138,completed,1
16401,Rigid,1111119,1111120,1111257,1,137,138,completed,1
16402,Rigid,1111119,1111120,1111257,1,137,138,completed,1
16403,Rigid,1111119,1111120,1111257,1,137,138,completed,1
16404,Rigid,1111119,1111120,1111257,1,137,138,completed,1
16405,Rigid,1111119,1111120,1111257,1,137,138,completed,1
16406,Rigid,1111119,1111120,1111257,1,137,138,completed,1
16407,Rigid,1111119,1111120,1111257,1,137,138,completed,1
16408,Rigid,1111119,1111120,1111257,1,137,138,completed,1
16409,Rigid,1111119,1111121,1111257,2,136,138,completed,1
16410,Rigid,1111119,1111121,1111257,2,136,138,completed,1
16411,Rigid,1111119,1111121,1111257,2,136,138,completed,1
16412,Rigid,1111119,1111121,1111257,2,136,138,completed,1
16413,Rigid,1111119,1111121,1111257,2,136,138,completed,1
16414,Rigid,1111119,1111121,1111257,2,136,138,completed,1
16415,Rigid,1111119,1111121,1111257,2,136,138,completed,1
16416,Rigid,1111119,1111121,1111257,2,136,138,completed,1
16417,Rigid,1111119,1111121,1111257,2,136,138,completed,1
16418,Rigid,1111119,1111121,1111257,2,136,138,completed,1
16419,Rigid,1111119,1111121,1111257,2,136,138,completed,1
16420,Rigid,1111119,1111121,1111257,2,136,138,completed,1
16421,Rigid,1111119,1111121,1111257,2,136,138,completed,1
16422,Rigid,1111119,1111121,1111257,2,136,138,completed,1
16423,Rigid,1111119,1111121,1111257,2,136,138,completed,1
16424,Rigid,1111119,1111121,1111257,2,136,138,completed,1
16425,Rigid,1111119,1111121,1111257,2,136,138,completed,1
16426,Rigid,1111119,1111121,1111257,2,136,138,completed,1
16427,Rigid,1111119,1111121,1111257,2,136,138,completed,1
16428,Rigid,1111119,1111121,1111257,2,136,138,completed,1
16429,Rigid,1111119,1111121,1111257,2,136,138,completed,1
16430,Rigid,1111119,1111121,1111257,2,136,138,completed,1
16431,Rigid,1111119,1111121,1111257,2,136,138,completed,1
16432,Rigid,1111119,1111121,1111257,2,136,138,completed,1
16433,Rigid,1111119,1111121,1111257,2,136,138,completed,1
16434,Rigid,1111119,1111121,1111257,2,136,138,completed,1
16435,Rigid,1111119,1111121,1111257,2,136,138,completed,1
16436,Rigid,1111119,1111121,1111257,2,136,138,completed,1
16437,Rigid,1111119,1111121,1111257,2,136,138,completed,1
16438,Rigid,1111119,1111121,1111257,2,136,138,completed,1
16439,Rigid,1111119,1111121,1111257,2,136,138,completed,1
16440,Rigid,1111119,1111121,1111257,2,136,138,completed,1
16441,Rigid,1111119,1111121,1111257,2,136,138,completed,1
16442,Rigid,1111119,1111121,1111257,2,136,138,completed,1
16443,Rigid,1111119,1111121,1111257,2,136,138,completed,1
16444,Rigid,1111119,1111121,1111257,2,136,138,completed,1
16445,Rigid,1111119,1111121,1111257,2,136,138,completed,1
16446,Rigid,1111119,1111121,1111257,2,136,138,completed,1
16447,Rigid,1111119,1111121,1111257,2,136,138,completed,1
16448,Rigid,1111119,1111121,1111257,2,136,138,completed,1
16449,Rigid,1111119,1111121,1111257,2,136,138,completed,1
16450,Rigid,1111119,1111121,1111257,2,136,138,completed,1
16451,Rigid,1111119,1111121,1111257,2,136,138,completed,1
16452,Rigid,1111119,1111121,1111257,2,136,138,completed,1
16453,Rigid,1111119,1111121,1111257,2,136,138,completed,1
16454,Rigid,1111119,1111121,1111257,2,136,138,completed,1
16455,Rigid,1111119,1111121,1111257,2,136,138,completed,1
16456,Rigid,1111119,1111121,1111257,2,136,138,completed,1
16457,Rigid,1111119,1111121,1111257,2,136,138,completed,1
16458,Rigid,1111119,1111121,1111257,2,136,138,completed,1
16459,Rigid,1111119,1111121,1111257,2,136,138,completed,1
16460,Rigid,1111119,1111121,1111257,2,136,138,completed,1
16461,Rigid,1111119,1111121,1111257,2,136,138,completed,1
16462,Rigid,1111119,1111121,1111257,2,136,138,completed,1
16463,Rigid,1111119,1111121,1111257,2,136,138,completed,1
16464,Rigid,1111119,1111121,1111257,2,136,138,completed,1
16465,Rigid,1111119,1111121,1111257,2,136,138,completed,1
16466,Rigid,1111119,1111121,1111257,2,136,138,completed,1
16467,Rigid,1111119,1111121,1111257,2,136,138,completed,1
16468,Rigid,1111119,1111121,1111257,2,136,138,completed,1
16469,Rigid,1111119,1111121,1111257,2,136,138,completed,1
16470,Rigid,1111119,1111121,1111257,2,136,138,completed,1
16471,Rigid,1111119,1111121,1111257,2,136,138,completed,1
16472,Rigid,1111119,1111121,1111257,2,136,138,completed,1
16473,Rigid,1111119,1111121,1111257,2,136,138,completed,1
16474,Rigid,1111119,1111121,1111257,2,136,138,completed,1
16475,Rigid,1111119,1111121,1111257,2,136,138,completed,1
16476,Rigid,1111119,1111121,1111257,2,136,138,completed,1
16477,Rigid,1111119,1111121,1111257,2,136,138,completed,1
16478,Rigid,1111119,1111121,1111257,2,136,138,completed,1
16479,Rigid,1111119,1111121,1111257,2,136,138,completed,1
16480,Rigid,1111119,1111121,1111257,2,136,138,completed,1
16481,Rigid,1111119,1111121,1111257,2,136,138,completed,1
16482,Rigid,1111119,1111121,1111257,2,136,138,completed,1
16483,Rigid,1111119,1111121,1111257,2,136,138,completed,1
16484,Rigid,1111119,1111121,1111257,2,136,138,completed,1
16485,Rigid,1111119,1111121,1111257,2,136,138,completed,1
16486,Rigid,1111119,1111121,1111257,2,136,138,completed,1
16487,Rigid,1111119,1111121,1111257,2,136,138,completed,1
16488,Rigid,1111119,1111121,1111257,2,136,138,completed,1
16489,Rigid,1111119,1111121,1111257,2,136,138,completed,1
16490,Rigid,1111119,1111121,1111257,2,136,138,completed,1
16491,Rigid,1111119,1111121,1111257,2,136,138,completed,1
16492,Rigid,1111119,1111121,1111257,2,136,138,completed,1
16493,Rigid,1111119,1111121,1111257,2,136,138,completed,1
16494,Rigid,1111119,1111121,1111257,2,136,138,completed,1
16495,Rigid,1111119,1111121,1111257,2,136,138,completed,1
16496,Rigid,1111119,1111121,1111257,2,136,138,completed,1
16497,Rigid,1111119,1111121,1111257,2,136,138,completed,1
16498,Rigid,1111119,1111121,1111257,2,136,138,completed,1
16499,Rigid,1111119,1111121,1111257,2,136,138,completed,1
16500,Rigid,1111119,1111121,1111257,2,136,138,completed,1
16501,Rigid,1111119,1111121,1111257,2,136,138,completed,1
16502,Rigid,1111119,1111121,1111257,2,136,138,completed,1
16503,Rigid,1111119,1111121,1111257,2,136,138,completed,1
16504,Rigid,1111119,1111121,1111257,2,136,138,completed,1
16505,Rigid,1111119,1111121,1111257,2,136,138,completed,1
16506,Rigid,1111119,1111121,1111257,2,136,138,completed,1
16507,Rigid,1111119,1111121,1111257,2,136,138,completed,1
16508,Rigid,1111119,1111121,1111257,2,136,138,completed,1
16509,Rigid,1111119,1111121,1111257,2,136,138,completed,1
16510,Rigid,1111119,1111121,1111257,2,136,138,completed,1
16511,Rigid,1111119,1111121,1111257,2,136,138,completed,1
16512,Rigid,1111119,1111121,1111257,2,136,138,completed,1
16513,Rigid,1111119,1111121,1111257,2,136,138,completed,1
16514,Rigid,1111119,1111121,1111257,2,136,138,completed,1
16515,Rigid,1111119,1111121,1111257,2,136,138,completed,1
16516,Rigid,1111119,1111121,1111257,2,136,138,completed,1
16517,Rigid,1111119,1111121,1111257,2,136,138,completed,1
16518,Rigid,1111119,1111121,1111257,2,136,138,completed,1
16519,Rigid,1111119,1111121,1111257,2,136,138,completed,1
16520,Rigid,1111119,1111121,1111257,2,136,138,completed,1
16521,Rigid,1111119,1111121,1111257,2,136,138,completed,1
16522,Rigid,1111119,1111121,1111257,2,136,138,completed,1
16523,Rigid,1111119,1111121,1111257,2,136,138,completed,1
16524,Rigid,1111119,1111121,1111257,2,136,138,completed,1
16525,Rigid,1111119,1111121,1111257,2,136,138,completed,1
16526,Rigid,1111119,1111121,1111257,2,136,138,completed,1
16527,Rigid,1111119,1111121,1111257,2,136,138,completed,1
16528,Rigid,1111119,1111121,1111257,2,136,138,completed,1
16529,Rigid,1111119,1111121,1111257,2,136,138,completed,1
16530,Rigid,1111119,1111121,1111257,2,136,138,completed,1
16531,Rigid,1111119,1111121,1111257,2,136,138,completed,1
16532,Rigid,1111119,1111121,1111257,2,136,138,completed,1
16533,Rigid,1111119,1111121,1111257,2,136,138,completed,1
16534,Rigid,1111119,1111121,1111257,2,136,138,completed,1
16535,Rigid,1111119,1111121,1111257,2,136,138,completed,1
16536,Rigid,1111119,1111121,1111257,2,136,138,completed,1
16537,Rigid,1111119,1111121,1111257,2,136,138,completed,1
16538,Rigid,1111119,1111141,1111257,22,116,138,completed,1
16539,Rigid,1111119,1111141,1111257,22,116,138,completed,1
16540,Rigid,1111119,1111141,1111257,22,116,138,completed,1
16541,Rigid,1111119,1111141,1111257,22,116,138,completed,1
16542,Rigid,1111119,1111141,1111257,22,116,138,completed,1
16543,Rigid,1111119,1111141,1111257,22,116,138,completed,1
16544,Rigid,1111119,1111141,1111257,22,116,138,completed,1
16545,Rigid,1111119,1111141,1111257,22,116,138,completed,1
16546,Rigid,1111119,1111141,1111257,22,116,138,completed,1
16547,Rigid,1111119,1111141,1111257,22,116,138,completed,1
16548,Rigid,1111119,1111141,1111257,22,116,138,completed,1
16549,Rigid,1111119,1111141,1111257,22,116,138,completed,1
16550,Rigid,1111119,1111141,1111257,22,116,138,completed,1
16551,Rigid,1111119,1111141,1111257,22,116,138,completed,1
16552,Rigid,1111119,1111141,1111257,22,116,138,completed,1
16553,Rigid,1111119,1111141,1111257,22,116,138,completed,1
16554,Rigid,1111119,1111141,1111257,22,116,138,completed,1
16555,Rigid,1111119,1111141,1111257,22,116,138,completed,1
16556,Rigid,1111119,1111141,1111257,22,116,138,completed,1
16557,Rigid,1111119,1111141,1111257,22,116,138,completed,1
16558,Rigid,1111119,1111141,1111257,22,116,138,completed,1
16559,Rigid,1111119,1111141,1111257,22,116,138,completed,1
16560,Rigid,1111119,1111141,1111257,22,116,138,completed,1
16561,Rigid,1111119,1111141,1111257,22,116,138,completed,1
16562,Rigid,1111119,1111141,1111257,22,116,138,completed,1
16563,Rigid,1111119,1111141,1111257,22,116,138,completed,1
16564,Rigid,1111119,1111141,1111257,22,116,138,completed,1
16565,Rigid,1111119,1111141,1111257,22,116,138,completed,1
16566,Rigid,1111119,1111141,1111257,22,116,138,completed,1
16567,Rigid,1111119,1111141,1111257,22,116,138,completed,1
16568,Rigid,1111119,1111141,1111257,22,116,138,completed,1
16569,Rigid,1111119,1111141,1111257,22,116,138,completed,1
16570,Rigid,1111119,1111141,1111257,22,116,138,completed,1
16571,Rigid,1111119,1111141,1111257,22,116,138,completed,1
16572,Rigid,1111119,1111141,1111257,22,116,138,completed,1
16573,Rigid,1111119,1111141,1111257,22,116,138,completed,1
16574,Rigid,1111119,1111141,1111257,22,116,138,completed,1
16575,Rigid,1111119,1111141,1111257,22,116,138,completed,1
16576,Rigid,1111119,1111141,1111257,22,116,138,completed,1
16577,Rigid,1111119,1111141,1111257,22,116,138,completed,1
16578,Rigid,1111119,1111141,1111257,22,116,138,completed,1
16579,Rigid,1111119,1111141,1111257,22,116,138,completed,1
16580,Rigid,1111119,1111141,1111257,22,116,138,completed,1
16581,Rigid,1111119,1111141,1111257,22,116,138,completed,1
16582,Rigid,1111119,1111141,1111257,22,116,138,completed,1
16583,Rigid,1111119,1111141,1111257,22,116,138,completed,1
16584,Rigid,1111119,1111141,1111257,22,116,138,completed,1
16585,Rigid,1111119,1111141,1111257,22,116,138,completed,1
16586,Rigid,1111119,1111141,1111257,22,116,138,completed,1
16587,Rigid,1111119,1111141,1111257,22,116,138,completed,1
16588,Rigid,1111119,1111141,1111257,22,116,138,completed,1
16589,Rigid,1111119,1111141,1111257,22,116,138,completed,1
16590,Rigid,1111119,1111141,1111257,22,116,138,completed,1
16591,Rigid,1111119,1111141,1111257,22,116,138,completed,1
16592,Rigid,1111119,1111141,1111257,22,116,138,completed,1
16593,Rigid,1111119,1111141,1111257,22,116,138,completed,1
16594,Rigid,1111119,1111141,1111257,22,116,138,completed,1
16595,Rigid,1111119,1111141,1111257,22,116,138,completed,1
16596,Rigid,1111119,1111141,1111257,22,116,138,completed,1
16597,Rigid,1111119,1111141,1111257,22,116,138,completed,1
16598,Rigid,1111119,1111141,1111257,22,116,138,completed,1
16599,Rigid,1111119,1111141,1111257,22,116,138,completed,1
16600,Rigid,1111119,1111141,1111257,22,116,138,completed,1
16601,Rigid,1111119,1111141,1111257,22,116,138,completed,1
16602,Rigid,1111119,1111141,1111257,22,116,138,completed,1
16603,Rigid,1111119,1111141,1111257,22,116,138,completed,1
16604,Rigid,1111119,1111141,1111257,22,116,138,completed,1
16605,Rigid,1111119,1111141,1111257,22,116,138,completed,1
16606,Rigid,1111119,1111141,1111257,22,116,138,completed,1
16607,Rigid,1111119,1111141,1111257,22,116,138,completed,1
16608,Rigid,1111119,1111141,1111257,22,116,138,completed,1
16609,Rigid,1111119,1111141,1111257,22,116,138,completed,1
16610,Rigid,1111119,1111142,1111257,23,115,138,completed,1
16611,Rigid,1111119,1111142,1111257,23,115,138,completed,1
16612,Rigid,1111119,1111142,1111257,23,115,138,completed,1
16613,Rigid,1111119,1111142,1111257,23,115,138,completed,1
16614,Rigid,1111119,1111142,1111257,23,115,138,completed,1
16615,Rigid,1111119,1111142,1111257,23,115,138,completed,1
16616,Rigid,1111119,1111142,1111257,23,115,138,completed,1
16617,Rigid,1111119,1111142,1111257,23,115,138,completed,1
16618,Rigid,1111119,1111142,1111257,23,115,138,completed,1
16619,Rigid,1111119,1111142,1111257,23,115,138,completed,1
16620,Rigid,1111119,1111142,1111257,23,115,138,completed,1
16621,Rigid,1111119,1111142,1111257,23,115,138,completed,1
16622,Rigid,1111119,1111142,1111257,23,115,138,completed,1
16623,Rigid,1111119,1111142,1111257,23,115,138,completed,1
16624,Rigid,1111119,1111142,1111257,23,115,138,completed,1
16625,Rigid,1111119,1111142,1111257,23,115,138,completed,1
16626,Rigid,1111119,1111142,1111257,23,115,138,completed,1
16627,Rigid,1111119,1111142,1111257,23,115,138,completed,1
16628,Rigid,1111119,1111142,1111257,23,115,138,completed,1
16629,Rigid,1111119,1111142,1111257,23,115,138,completed,1
16630,Rigid,1111119,1111142,1111257,23,115,138,completed,1
16631,Rigid,1111119,1111142,1111257,23,115,138,completed,1
16632,Rigid,1111119,1111142,1111257,23,115,138,completed,1
16633,Rigid,1111119,1111142,1111257,23,115,138,completed,1
16634,Rigid,1111119,1111142,1111257,23,115,138,completed,1
16635,Rigid,1111119,1111142,1111257,23,115,138,completed,1
16636,Rigid,1111119,1111142,1111257,23,115,138,completed,1
16637,Rigid,1111119,1111142,1111257,23,115,138,completed,1
16638,Rigid,1111119,1111142,1111257,23,115,138,completed,1
16639,Rigid,1111119,1111142,1111257,23,115,138,completed,1
16640,Rigid,1111119,1111142,1111257,23,115,138,completed,1
16641,Rigid,1111119,1111142,1111257,23,115,138,completed,1
16642,Rigid,1111119,1111142,1111257,23,115,138,completed,1
16643,Rigid,1111119,1111142,1111257,23,115,138,completed,1
16644,Rigid,1111119,1111142,1111257,23,115,138,completed,1
16645,Rigid,1111119,1111142,1111257,23,115,138,completed,1
16646,Rigid,1111119,1111142,1111257,23,115,138,completed,1
16647,Rigid,1111119,1111142,1111257,23,115,138,completed,1
16648,Rigid,1111119,1111142,1111257,23,115,138,completed,1
16649,Rigid,1111119,1111142,1111257,23,115,138,completed,1
16650,Rigid,1111119,1111142,1111257,23,115,138,completed,1
16651,Rigid,1111119,1111142,1111257,23,115,138,completed,1
16652,Rigid,1111119,1111142,1111257,23,115,138,completed,1
16653,Rigid,1111119,1111142,1111257,23,115,138,completed,1
16654,Rigid,1111119,1111142,1111257,23,115,138,completed,1
16655,Rigid,1111119,1111142,1111257,23,115,138,completed,1
16656,Rigid,1111119,1111142,1111257,23,115,138,completed,1
16657,Rigid,1111119,1111142,1111257,23,115,138,completed,1
16658,Rigid,1111119,1111142,1111257,23,115,138,completed,1
16659,Rigid,1111119,1111142,1111257,23,115,138,completed,1
16660,Rigid,1111119,1111142,1111257,23,115,138,completed,1
16661,Rigid,1111119,1111142,1111257,23,115,138,completed,1
16662,Rigid,1111119,1111142,1111257,23,115,138,completed,1
16663,Rigid,1111119,1111142,1111257,23,115,138,completed,1
16664,Rigid,1111119,1111142,1111257,23,115,138,completed,1
16665,Rigid,1111119,1111142,1111257,23,115,138,completed,1
16666,Rigid,1111119,1111142,1111257,23,115,138,completed,1
16667,Rigid,1111119,1111142,1111257,23,115,138,completed,1
16668,Rigid,1111119,1111142,1111257,23,115,138,completed,1
16669,Rigid,1111119,1111142,1111257,23,115,138,completed,1
16670,Rigid,1111119,1111142,1111257,23,115,138,completed,1
16671,Rigid,1111119,1111142,1111257,23,115,138,completed,1
16672,Rigid,1111119,1111142,1111257,23,115,138,completed,1
16673,Rigid,1111119,1111142,1111257,23,115,138,completed,1
16674,Rigid,1111119,1111142,1111257,23,115,138,completed,1
16675,Rigid,1111119,1111142,1111257,23,115,138,completed,1
16676,Rigid,1111119,1111142,1111257,23,115,138,completed,1
16677,Rigid,1111119,1111142,1111257,23,115,138,completed,1
16678,Rigid,1111119,1111142,1111257,23,115,138,completed,1
16679,Rigid,1111119,1111142,1111257,23,115,138,completed,1
16680,Rigid,1111119,1111142,1111257,23,115,138,completed,1
16681,Rigid,1111119,1111142,1111257,23,115,138,completed,1
16682,Rigid,1111119,1111142,1111257,23,115,138,completed,1
16683,Rigid,1111119,1111142,1111257,23,115,138,completed,1
16684,Rigid,1111119,1111142,1111257,23,115,138,completed,1
16685,Rigid,1111119,1111142,1111257,23,115,138,completed,1
16686,Rigid,1111119,1111142,1111257,23,115,138,completed,1
16687,Rigid,1111119,1111142,1111257,23,115,138,completed,1
16688,Rigid,1111119,1111142,1111257,23,115,138,completed,1
16689,Rigid,1111119,1111142,1111257,23,115,138,completed,1
16690,Rigid,1111119,1111142,1111257,23,115,138,completed,1
16691,Rigid,1111119,1111142,1111257,23,115,138,completed,1
16692,Rigid,1111119,1111142,1111257,23,115,138,completed,1
16693,Rigid,1111119,1111142,1111257,23,115,138,completed,1
16694,Rigid,1111119,1111142,1111257,23,115,138,completed,1
16695,Rigid,1111119,1111142,1111257,23,115,138,completed,1
16696,Rigid,1111119,1111142,1111257,23,115,138,completed,1
16697,Rigid,1111119,1111142,1111257,23,115,138,completed,1
16698,Rigid,1111119,1111142,1111257,23,115,138,completed,1
16699,Rigid,1111119,1111142,1111257,23,115,138,completed,1
16700,Rigid,1111119,1111142,1111257,23,115,138,completed,1
16701,Rigid,1111119,1111142,1111257,23,115,138,completed,1
16702,Rigid,1111119,1111142,1111257,23,115,138,completed,1
16703,Rigid,1111119,1111142,1111257,23,115,138,completed,1
16704,Rigid,1111119,1111142,1111257,23,115,138,completed,1
16705,Rigid,1111119,1111142,1111257,23,115,138,completed,1
16706,Rigid,1111119,1111142,1111257,23,115,138,completed,1
16707,Rigid,1111119,1111142,1111257,23,115,138,completed,1
16708,Rigid,1111119,1111142,1111257,23,115,138,completed,1
16709,Rigid,1111119,1111142,1111257,23,115,138,completed,1
16710,Rigid,1111119,1111142,1111257,23,115,138,completed,1
16711,Rigid,1111119,1111142,1111257,23,115,138,completed,1
16712,Rigid,1111119,1111142,1111257,23,115,138,completed,1
16713,Rigid,1111119,1111142,1111257,23,115,138,completed,1
16714,Rigid,1111119,1111142,1111257,23,115,138,completed,1
16715,Rigid,1111119,1111142,1111257,23,115,138,completed,1
16716,Rigid,1111119,1111142,1111257,23,115,138,completed,1
16717,Rigid,1111119,1111142,1111257,23,115,138,completed,1
16718,Rigid,1111119,1111142,1111257,23,115,138,completed,1
16719,Rigid,1111119,1111142,1111257,23,115,138,completed,1
16720,Rigid,1111119,1111142,1111257,23,115,138,completed,1
16721,Rigid,1111119,1111142,1111257,23,115,138,completed,1
16722,Rigid,1111119,1111142,1111257,23,115,138,completed,1
16723,Rigid,1111119,1111142,1111257,23,115,138,completed,1
16724,Rigid,1111119,1111142,1111257,23,115,138,completed,1
16725,Rigid,1111119,1111142,1111257,23,115,138,completed,1
16726,Rigid,1111119,1111142,1111257,23,115,138,completed,1
16727,Rigid,1111119,1111142,1111257,23,115,138,completed,1
16728,Rigid,1111119,1111142,1111257,23,115,138,completed,1
16729,Rigid,1111119,1111142,1111257,23,115,138,completed,1
16730,Rigid,1111119,1111142,1111257,23,115,138,completed,1
16731,Rigid,1111119,1111142,1111257,23,115,138,completed,1
16732,Rigid,1111119,1111142,1111257,23,115,138,completed,1
16733,Rigid,1111119,1111142,1111257,23,115,138,completed,1
16734,Rigid,1111119,1111142,1111257,23,115,138,completed,1
16735,Rigid,1111119,1111142,1111257,23,115,138,completed,1
16736,Rigid,1111119,1111142,1111257,23,115,138,completed,1
16737,Rigid,1111119,1111142,1111257,23,115,138,completed,1
16738,Rigid,1111119,1111142,1111257,23,115,138,completed,1
16739,Rigid,1111119,1111142,1111257,23,115,138,completed,1
16740,Rigid,1111119,1111142,1111257,23,115,138,completed,1
16741,Rigid,1111119,1111142,1111257,23,115,138,completed,1
16742,Rigid,1111119,1111142,1111257,23,115,138,completed,1
16743,Rigid,1111119,1111142,1111257,23,115,138,completed,1
16744,Rigid,1111119,1111142,1111257,23,115,138,completed,1
16745,Rigid,1111119,1111142,1111257,23,115,138,completed,1
16746,Rigid,1111119,1111142,1111257,23,115,138,completed,1
16747,Rigid,1111119,1111142,1111257,23,115,138,completed,1
16748,Rigid,1111119,1111142,1111257,23,115,138,completed,1
16749,Rigid,1111119,1111142,1111257,23,115,138,completed,1
16750,Rigid,1111119,1111142,1111257,23,115,138,completed,1
16751,Rigid,1111119,1111142,1111257,23,115,138,completed,1
16752,Rigid,1111119,1111142,1111257,23,115,138,completed,1
16753,Rigid,1111119,1111142,1111257,23,115,138,completed,1
16754,Rigid,1111119,1111142,1111257,23,115,138,completed,1
16755,Rigid,1111119,1111142,1111257,23,115,138,completed,1
16756,Rigid,1111119,1111142,1111257,23,115,138,completed,1
16757,Rigid,1111119,1111142,1111257,23,115,138,completed,1
16758,Rigid,1111119,1111142,1111257,23,115,138,completed,1
16759,Rigid,1111119,1111142,1111257,23,115,138,completed,1
16760,Rigid,1111119,1111142,1111257,23,115,138,completed,1
16761,Rigid,1111119,1111142,1111257,23,115,138,completed,1
16762,Rigid,1111119,1111142,1111257,23,115,138,completed,1
16763,Rigid,1111119,1111142,1111257,23,115,138,completed,1
16764,Rigid,1111119,1111142,1111257,23,115,138,completed,1
16765,Rigid,1111119,1111142,1111257,23,115,138,completed,1
16766,Rigid,1111119,1111142,1111257,23,115,138,completed,1
16767,Rigid,1111119,1111142,1111257,23,115,138,completed,1
16768,Rigid,1111119,1111142,1111257,23,115,138,completed,1
16769,Rigid,1111119,1111142,1111257,23,115,138,completed,1
16770,Rigid,1111119,1111142,1111257,23,115,138,completed,1
16771,Rigid,1111119,1111142,1111257,23,115,138,completed,1
16772,Rigid,1111119,1111142,1111257,23,115,138,completed,1
16773,Rigid,1111119,1111142,1111257,23,115,138,completed,1
16774,Rigid,1111119,1111142,1111257,23,115,138,completed,1
16775,Rigid,1111119,1111143,1111257,24,114,138,completed,1
16776,Rigid,1111119,1111143,1111257,24,114,138,completed,1
16777,Rigid,1111119,1111143,1111257,24,114,138,completed,1
16778,Rigid,1111119,1111143,1111257,24,114,138,completed,1
16779,Rigid,1111119,1111143,1111257,24,114,138,completed,1
16780,Rigid,1111119,1111143,1111257,24,114,138,completed,1
16781,Rigid,1111119,1111143,1111257,24,114,138,completed,1
16782,Rigid,1111119,1111143,1111257,24,114,138,completed,1
16783,Rigid,1111119,1111143,1111257,24,114,138,completed,1
16784,Rigid,1111119,1111143,1111257,24,114,138,completed,1
16785,Rigid,1111119,1111143,1111257,24,114,138,completed,1
16786,Rigid,1111119,1111143,1111257,24,114,138,completed,1
16787,Rigid,1111119,1111143,1111257,24,114,138,completed,1
16788,Rigid,1111119,1111143,1111257,24,114,138,completed,1
16789,Rigid,1111119,1111143,1111257,24,114,138,completed,1
16790,Rigid,1111119,1111143,1111257,24,114,138,completed,1
16791,Rigid,1111119,1111143,1111257,24,114,138,completed,1
16792,Rigid,1111119,1111165,1111257,46,92,138,completed,1
16793,Rigid,1111119,1111165,1111257,46,92,138,completed,1
16794,Rigid,1111119,1111165,1111257,46,92,138,completed,1
16795,Rigid,1111119,1111165,1111257,46,92,138,completed,1
16796,Rigid,1111119,1111165,1111257,46,92,138,completed,1
16797,Rigid,1111119,1111165,1111257,46,92,138,completed,1
16798,Rigid,1111119,1111165,1111257,46,92,138,completed,1
16799,Rigid,1111119,1111165,1111257,46,92,138,completed,1
16800,Rigid,1111119,1111165,1111257,46,92,138,completed,1
16801,Rigid,1111119,1111165,1111257,46,92,138,completed,1
16802,Rigid,1111119,1111165,1111257,46,92,138,completed,1
16803,Rigid,1111119,1111165,1111257,46,92,138,completed,1
16804,Rigid,1111119,1111165,1111257,46,92,138,completed,1
16805,Rigid,1111119,1111165,1111257,46,92,138,completed,1
16806,Rigid,1111119,1111166,1111257,47,91,138,completed,1
16807,Rigid,1111119,1111166,1111257,47,91,138,completed,1
16808,Rigid,1111119,1111166,1111257,47,91,138,completed,1
16809,Rigid,1111119,1111166,1111257,47,91,138,completed,1
16810,Rigid,1111119,1111166,1111257,47,91,138,completed,1
16811,Rigid,1111119,1111166,1111257,47,91,138,completed,1
16812,Rigid,1111119,1111166,1111257,47,91,138,completed,1
16813,Rigid,1111119,1111166,1111257,47,91,138,completed,1
16814,Rigid,1111119,1111166,1111257,47,91,138,completed,1
16815,Rigid,1111119,1111166,1111257,47,91,138,completed,1
16816,Rigid,1111119,1111166,1111257,47,91,138,completed,1
16817,Rigid,1111119,1111166,1111257,47,91,138,completed,1
16818,Rigid,1111119,1111166,1111257,47,91,138,completed,1
16819,Rigid,1111119,1111166,1111257,47,91,138,completed,1
16820,Rigid,1111119,1111166,1111257,47,91,138,completed,1
16821,Rigid,1111119,1111166,1111257,47,91,138,completed,1
16822,Rigid,1111119,1111166,1111257,47,91,138,completed,1
16823,Rigid,1111119,1111166,1111257,47,91,138,completed,1
16824,Rigid,1111119,1111166,1111257,47,91,138,completed,1
16825,Rigid,1111119,1111166,1111257,47,91,138,completed,1
16826,Rigid,1111119,1111166,1111257,47,91,138,completed,1
16827,Rigid,1111119,1111166,1111257,47,91,138,completed,1
16828,Rigid,1111119,1111166,1111257,47,91,138,completed,1
16829,Rigid,1111119,1111166,1111257,47,91,138,completed,1
16830,Rigid,1111119,1111166,1111257,47,91,138,completed,1
16831,Rigid,1111119,1111166,1111257,47,91,138,completed,1
16832,Rigid,1111119,1111166,1111257,47,91,138,completed,1
16833,Rigid,1111119,1111166,1111257,47,91,138,completed,1
16834,Rigid,1111193,1111193,1111201,0,8,8,completed,36
16835,Rigid,1111343,1111344,1111403,1,59,60,completed,36
16836,Rigid,1111372,1111372,1111380,0,8,8,completed,36
16837,Rigid,1111530,1111533,1393811,3,282278,282281,completed,36
16838,Rigid,1111601,1111601,1111608,0,7,7,completed,36
16839,Rigid,1111703,1111703,1111708,0,5,5,completed,36
16840,Rigid,1111795,1111796,1111803,1,7,8,completed,36
16841,Rigid,1111889,1111889,1111896,0,7,7,completed,36
16842,Rigid,1111965,1111966,1112739,1,773,774,completed,1
16843,Rigid,1111965,1111966,1115063,1,3097,3098,completed,1
16844,Rigid,1111965,1111966,1112731,1,765,766,completed,1
16845,Rigid,1111965,1111966,1115291,1,3325,3326,completed,1
16846,Rigid,1111965,1111966,1112731,1,765,766,completed,1
16847,Rigid,1111965,1111966,1115363,1,3397,3398,completed,1
16848,Rigid,1111965,1111966,1112739,1,773,774,completed,1
16849,Rigid,1111965,1111966,1114914,1,2948,2949,completed,1
16850,Rigid,1111965,1111966,1112742,1,776,777,completed,1
16851,Rigid,1111965,1111966,1115713,1,3747,3748,completed,1
16852,Rigid,1111965,1111966,1112770,1,804,805,completed,1
16853,Rigid,1111965,1111966,1115064,1,3098,3099,completed,1
16854,Rigid,1111965,1111966,1112745,1,779,780,completed,1
16855,Rigid,1111965,1111966,1115365,1,3399,3400,completed,1
16856,Rigid,1111965,1111966,1112768,1,802,803,completed,1
16857,Rigid,1111965,1111966,1115541,1,3575,3576,completed,1
16858,Rigid,1111965,1111966,1112749,1,783,784,completed,1
16859,Rigid,1111965,1111966,1115410,1,3444,3445,completed,1
16860,Rigid,1111965,1111966,1112752,1,786,787,completed,1
16861,Rigid,1111965,1111966,1115408,1,3442,3443,completed,1
16862,Rigid,1111965,1111966,1112748,1,782,783,completed,1
16863,Rigid,1111965,1111966,1115288,1,3322,3323,completed,1
16864,Rigid,1111965,1111966,1112755,1,789,790,completed,1
16865,Rigid,1111965,1111966,1115645,1,3679,3680,completed,1
16866,Rigid,1111965,1111966,1112761,1,795,796,completed,1
16867,Rigid,1111965,1111966,1115626,1,3660,3661,completed,1
16868,Rigid,1111965,1111966,1112768,1,802,803,completed,1
16869,Rigid,1111965,1111966,1115579,1,3613,3614,completed,1
16870,Rigid,1111965,1111966,1112744,1,778,779,completed,1
16871,Rigid,1111965,1111966,1115139,1,3173,3174,completed,1
16872,Rigid,1111965,1111966,1112758,1,792,793,completed,1
16873,Rigid,1111965,1111966,1115508,1,3542,3543,completed,1
16874,Rigid,1111965,1111966,1112737,1,771,772,completed,1
16875,Rigid,1111965,1111966,1115221,1,3255,3256,completed,1
16876,Rigid,1111965,1111966,1112748,1,782,783,completed,1
16877,Rigid,1111965,1111966,1115252,1,3286,3287,completed,1
16878,Rigid,1111965,1111966,1112738,1,772,773,completed,1
16879,Rigid,1111965,1111966,1115306,1,3340,3341,completed,1
16880,Rigid,1111965,1111966,1112735,1,769,770,completed,1
16881,Rigid,1111965,1111966,1115182,1,3216,3217,completed,1
16882,Rigid,1111965,1111966,1112726,1,760,761,completed,1
16883,Rigid,1111965,1111966,1115343,1,3377,3378,completed,1
16884,Rigid,1111965,1111966,1112771,1,805,806,completed,1
16885,Rigid,1111965,1111966,1115330,1,3364,3365,completed,1
16886,Rigid,1111965,1111966,1112805,1,839,840,completed,1
16887,Rigid,1111965,1111966,1115269,1,3303,3304,completed,1
16888,Rigid,1111965,1111966,1112723,1,757,758,completed,1
16889,Rigid,1111965,1111966,1115636,1,3670,3671,completed,1
16890,Rigid,1111965,1111966,1112722,1,756,757,completed,1
16891,Rigid,1111965,1111966,1115298,1,3332,3333,completed,1
16892,Rigid,1111965,1111966,1112749,1,783,784,completed,1
16893,Rigid,1111965,1111966,1115741,1,3775,3776,completed,1
16894,Rigid,1111965,1111966,1112726,1,760,761,completed,1
16895,Rigid,1111965,1111966,1115569,1,3603,3604,completed,1
16896,Rigid,1111965,1111966,1112738,1,772,773,completed,1
16897,Rigid,1111965,1111966,1115479,1,3513,3514,completed,1
16898,Rigid,1111965,1111966,1112771,1,805,806,completed,1
16899,Rigid,1111965,1111966,1115091,1,3125,3126,completed,1
16900,Rigid,1111965,1111966,1112784,1,818,819,completed,1
16901,Rigid,1111965,1111966,1115359,1,3393,3394,completed,1
16902,Rigid,1111965,1111966,1112771,1,805,806,completed,1
16903,Rigid,1111965,1111966,1115283,1,3317,3318,completed,1
16904,Rigid,1111965,1111966,1112805,1,839,840,completed,1
16905,Rigid,1111965,1111966,1115292,1,3326,3327,completed,1
16906,Rigid,1111965,1111966,1112765,1,799,800,completed,1
16907,Rigid,1111965,1111966,1115578,1,3612,3613,completed,1
16908,Rigid,1111965,1111966,1112775,1,809,810,completed,1
16909,Rigid,1111965,1111966,1115890,1,3924,3925,completed,1
16910,Rigid,1111965,1111966,1112792,1,826,827,completed,1
16911,Rigid,1111965,1111966,1115509,1,3543,3544,completed,1
16912,Rigid,1111965,1111966,1112759,1,793,794,completed,1
16913,Rigid,1111965,1111966,1115323,1,3357,3358,completed,1
16914,Rigid,1111965,1111966,1112792,1,826,827,completed,1
16915,Rigid,1111965,1111966,1115335,1,3369,3370,completed,1
16916,Rigid,1111965,1111966,1112851,1,885,886,completed,1
16917,Rigid,1111965,1111966,1115292,1,3326,3327,completed,1
16918,Rigid,1111965,1111966,1112774,1,808,809,completed,1
16919,Rigid,1111965,1111966,1114868,1,2902,2903,completed,1
16920,Rigid,1111965,1111966,1112758,1,792,793,completed,1
16921,Rigid,1111965,1111966,1115479,1,3513,3514,completed,1
16922,Rigid,1111965,1111966,1112856,1,890,891,completed,1
16923,Rigid,1111965,1111966,1115287,1,3321,3322,completed,1
16924,Rigid,1111965,1111966,1112754,1,788,789,completed,1
16925,Rigid,1111965,1111966,1114916,1,2950,2951,completed,1
16926,Rigid,1111965,1111966,1112755,1,789,790,completed,1
16927,Rigid,1111965,1111966,1115104,1,3138,3139,completed,1
16928,Rigid,1111965,1111966,1112802,1,836,837,completed,1
16929,Rigid,1111965,1111966,1115906,1,3940,3941,completed,1
16930,Rigid,1111965,1111966,1112762,1,796,797,completed,1
16931,Rigid,1111965,1111967,1115309,2,3342,3344,completed,1
16932,Rigid,1111965,1111967,1112783,2,816,818,completed,1
16933,Rigid,1111965,1111967,1115320,2,3353,3355,completed,1
16934,Rigid,1111965,1111967,1112809,2,842,844,completed,1
16935,Rigid,1111965,1111967,1115960,2,3993,3995,completed,1
16936,Rigid,1111965,1111967,1112859,2,892,894,completed,1
16937,Rigid,1111965,1111967,1116536,2,4569,4571,completed,1
16938,Rigid,1111965,1111967,1112849,2,882,884,completed,1
16939,Rigid,1111965,1111967,1115478,2,3511,3513,completed,1
16940,Rigid,1111965,1111967,1112850,2,883,885,completed,1
16941,Rigid,1111965,1111967,1114900,2,2933,2935,completed,1
16942,Rigid,1111965,1111967,1112746,2,779,781,completed,1
16943,Rigid,1111965,1111967,1112759,2,792,794,completed,1
16944,Rigid,1111965,1111967,1112730,2,763,765,completed,1
16945,Rigid,1111965,1111967,1112780,2,813,815,completed,1
16946,Rigid,1111965,1111967,1112763,2,796,798,completed,1
16947,Rigid,1111965,1111967,1112730,2,763,765,completed,1
16948,Rigid,1111965,1111967,1112737,2,770,772,completed,1
16949,Rigid,1111965,1111967,1112731,2,764,766,completed,1
16950,Rigid,1111965,1111967,1112716,2,749,751,completed,1
16951,Rigid,1111965,1111967,1112779,2,812,814,completed,1
16952,Rigid,1111965,1111967,1112746,2,779,781,completed,1
16953,Rigid,1111965,1111967,1112764,2,797,799,completed,1
16954,Rigid,1111965,1111967,1112757,2,790,792,completed,1
16955,Rigid,1111965,1111967,1112768,2,801,803,completed,1
16956,Rigid,1111965,1111967,1112726,2,759,761,completed,1
16957,Rigid,1111965,1111967,1112727,2,760,762,completed,1
16958,Rigid,1111965,1111967,1112766,2,799,801,completed,1
16959,Rigid,1111965,1111967,1112836,2,869,871,completed,1
16960,Rigid,1111965,1111967,1112751,2,784,786,completed,1
16961,Rigid,1111965,1111967,1112776,2,809,811,completed,1
16962,Rigid,1111965,1111967,1112726,2,759,761,completed,1
16963,Rigid,1111965,1111967,1112757,2,790,792,completed,1
16964,Rigid,1111965,1111967,1112738,2,771,773,completed,1
16965,Rigid,1111965,1111967,1112733,2,766,768,completed,1
16966,Rigid,1111965,1111967,1112728,2,761,763,completed,1
16967,Rigid,1111965,1111967,1112731,2,764,766,completed,1
16968,Rigid,1111965,1111967,1112727,2,760,762,completed,1
16969,Rigid,1111965,1111967,1112737,2,770,772,completed,1
16970,Rigid,1111965,1111967,1112748,2,781,783,completed,1
16971,Rigid,1111965,1111967,1112768,2,801,803,completed,1
16972,Rigid,1111965,1111967,1112768,2,801,803,completed,1
16973,Rigid,1111965,1111967,1112772,2,805,807,completed,1
16974,Rigid,1111965,1111967,1112733,2,766,768,completed,1
16975,Rigid,1111965,1111967,1112780,2,813,815,completed,1
16976,Rigid,1111965,1111967,1112775,2,808,810,completed,1
16977,Rigid,1111965,1111967,1112752,2,785,787,completed,1
16978,Rigid,1111965,1111967,1112746,2,779,781,completed,1
16979,Rigid,1111965,1111967,1112718,2,751,753,completed,1
16980,Rigid,1111965,1111967,1112726,2,759,761,completed,1
16981,Rigid,1111965,1111967,1112724,2,757,759,completed,1
16982,Rigid,1111965,1111967,1112748,2,781,783,completed,1
16983,Rigid,1111965,1111967,1112732,2,765,767,completed,1
16984,Rigid,1111965,1111967,1112730,2,763,765,completed,1
16985,Rigid,1111965,1111967,1112722,2,755,757,completed,1
16986,Rigid,1111965,1111967,1112738,2,771,773,completed,1
16987,Rigid,1111965,1111967,1112731,2,764,766,completed,1
16988,Rigid,1111965,1111967,1112718,2,751,753,completed,1
16989,Rigid,1111965,1111967,1112807,2,840,842,completed,1
16990,Rigid,1111965,1111967,1112752,2,785,787,completed,1
16991,Rigid,1111965,1111967,1112722,2,755,757,completed,1
16992,Rigid,1111965,1111967,1112720,2,753,755,completed,1
16993,Rigid,1111965,1111967,1112754,2,787,789,completed,1
16994,Rigid,1111965,1111967,1112779,2,812,814,completed,1
16995,Rigid,1111965,1111967,1112842,2,875,877,completed,1
16996,Rigid,1111965,1111967,1112747,2,780,782,completed,1
16997,Rigid,1111965,1111967,1112734,2,767,769,completed,1
16998,Rigid,1111965,1111967,1112748,2,781,783,completed,1
16999,Rigid,1111965,1111967,1112727,2,760,762,completed,1
17000,Rigid,1111965,1111967,1112739,2,772,774,completed,1
17001,Rigid,1111965,1111967,1112746,2,779,781,completed,1
17002,Rigid,1111965,1111967,1112727,2,760,762,completed,1
17003,Rigid,1111965,1111967,1112758,2,791,793,completed,1
17004,Rigid,1111965,1111967,1112723,2,756,758,completed,1
17005,Rigid,1111965,1111967,1112737,2,770,772,completed,1
17006,Rigid,1111965,1111967,1112724,2,757,759,completed,1
17007,Rigid,1111965,1111967,1112796,2,829,831,completed,1
17008,Rigid,1111965,1111967,1112760,2,793,795,completed,1
17009,Rigid,1111965,1111967,1112729,2,762,764,completed,1
17010,Rigid,1111965,1111967,1112728,2,761,763,completed,1
17011,Rigid,1111965,1111967,1112769,2,802,804,completed,1
17012,Rigid,1111965,1111967,1112748,2,781,783,completed,1
17013,Rigid,1111965,1111967,1112810,2,843,845,completed,1
17014,Rigid,1111965,1111967,1112771,2,804,806,completed,1
17015,Rigid,1111965,1111967,1112769,2,802,804,completed,1
17016,Rigid,1111965,1111967,1112752,2,785,787,completed,1
17017,Rigid,1111965,1111967,1112747,2,780,782,completed,1
17018,Rigid,1111965,1111967,1112771,2,804,806,completed,1
17019,Rigid,1111965,1111967,1112793,2,826,828,completed,1
17020,Rigid,1111965,1111967,1112750,2,783,785,completed,1
17021,Rigid,1111965,1111967,1112786,2,819,821,completed,1
17022,Rigid,1111965,1111967,1112748,2,781,783,completed,1
17023,Rigid,1111965,1111967,1112761,2,794,796,completed,1
17024,Rigid,1111965,1111967,1112756,2,789,791,completed,1
17025,Rigid,1111965,1111967,1112805,2,838,840,completed,1
17026,Rigid,1111965,1111967,1112802,2,835,837,completed,1
17027,Rigid,1111965,1111967,1112752,2,785,787,completed,1
17028,Rigid,1111965,1111967,1112753,2,786,788,completed,1
17029,Rigid,1111965,1111967,1112784,2,817,819,completed,1
17030,Rigid,1111965,1111967,1112790,2,823,825,completed,1
17031,Rigid,1111965,1111967,1112930,2,963,965,completed,1
17032,Rigid,1111965,1111967,1112789,2,822,824,completed,1
17033,Rigid,1111965,1111967,1112770,2,803,805,completed,1
17034,Rigid,1111965,1111967,1112758,2,791,793,completed,1
17035,Rigid,1111965,1111967,1112766,2,799,801,completed,1
17036,Rigid,1111965,1111967,1112778,2,811,813,completed,1
17037,Rigid,1111965,1111967,1112819,2,852,854,completed,1
17038,Rigid,1111965,1111967,1112766,2,799,801,completed,1
17039,Rigid,1111965,1111967,1112770,2,803,805,completed,1
17040,Rigid,1111965,1111967,1112769,2,802,804,completed,1
17041,Rigid,1111965,1111967,1112768,2,801,803,completed,1
17042,Rigid,1111965,1111967,1113833,2,1866,1868,completed,1
17043,Rigid,1111965,1111967,1122710,2,10743,10745,completed,1
17044,Rigid,1111965,1111967,1113976,2,2009,2011,completed,1
17045,Rigid,1111965,1111967,1122878,2,10911,10913,completed,1
17046,Rigid,1111965,1111967,1113859,2,1892,1894,completed,1
17047,Rigid,1111965,1111967,1122189,2,10222,10224,completed,1
17048,Rigid,1111965,1111967,1113999,2,2032,2034,completed,1
17049,Rigid,1111965,1111967,1122964,2,10997,10999,completed,1
17050,Rigid,1111965,1111967,1113901,2,1934,1936,completed,1
17051,Rigid,1111965,1111967,1122052,2,10085,10087,completed,1
17052,Rigid,1111965,1111967,1113846,2,1879,1881,completed,1
17053,Rigid,1111965,1111967,1122333,2,10366,10368,completed,1
17054,Rigid,1111965,1111967,1113950,2,1983,1985,completed,1
17055,Rigid,1111965,1111967,1122449,2,10482,10484,completed,1
17056,Rigid,1111965,1111967,1113876,2,1909,1911,completed,1
17057,Rigid,1111965,1111967,1122299,2,10332,10334,completed,1
17058,Rigid,1111965,1111967,1113822,2,1855,1857,completed,1
17059,Rigid,1111965,1111967,1122330,2,10363,10365,completed,1
17060,Rigid,1111965,1111967,1113831,2,1864,1866,completed,1
17061,Rigid,1111965,1111967,1123314,2,11347,11349,completed,1
17062,Rigid,1111965,1111967,1113923,2,1956,1958,completed,1
17063,Rigid,1111965,1111967,1121975,2,10008,10010,completed,1
17064,Rigid,1111965,1111967,1113814,2,1847,1849,completed,1
17065,Rigid,1111965,1111967,1122949,2,10982,10984,completed,1
17066,Rigid,1111965,1111967,1113976,2,2009,2011,completed,1
17067,Rigid,1111965,1111967,1123603,2,11636,11638,completed,1
17068,Rigid,1111965,1111967,1113925,2,1958,1960,completed,1
17069,Rigid,1111965,1111967,1122467,2,10500,10502,completed,1
17070,Rigid,1111965,1111967,1113871,2,1904,1906,completed,1
17071,Rigid,1111965,1111967,1122256,2,10289,10291,completed,1
17072,Rigid,1111965,1111967,1113934,2,1967,1969,completed,1
17073,Rigid,1111965,1111967,1122743,2,10776,10778,completed,1
17074,Rigid,1111965,1111967,1113827,2,1860,1862,completed,1
17075,Rigid,1111965,1111967,1123195,2,11228,11230,completed,1
17076,Rigid,1111965,1111967,1113837,2,1870,1872,completed,1
17077,Rigid,1111965,1111967,1122762,2,10795,10797,completed,1
17078,Rigid,1111965,1111967,1113843,2,1876,1878,completed,1
17079,Rigid,1111965,1111967,1123551,2,11584,11586,completed,1
17080,Rigid,1111965,1111967,1113968,2,2001,2003,completed,1
17081,Rigid,1111965,1111967,1122534,2,10567,10569,completed,1
17082,Rigid,1111965,1111967,1113847,2,1880,1882,completed,1
17083,Rigid,1111965,1111967,1123529,2,11562,11564,completed,1
17084,Rigid,1111965,1111967,1113962,2,1995,1997,completed,1
17085,Rigid,1111965,1111967,1123900,2,11933,11935,completed,1
17086,Rigid,1111965,1111967,1113862,2,1895,1897,completed,1
17087,Rigid,1111965,1111967,1122379,2,10412,10414,completed,1
17088,Rigid,1111965,1111967,1113846,2,1879,1881,completed,1
17089,Rigid,1111965,1111967,1123163,2,11196,11198,completed,1
17090,Rigid,1111965,1111967,1113874,2,1907,1909,completed,1
17091,Rigid,1111965,1111967,1122955,2,10988,10990,completed,1
17092,Rigid,1111965,1111967,1113844,2,1877,1879,completed,1
17093,Rigid,1111965,1111967,1122918,2,10951,10953,completed,1
17094,Rigid,1111965,1111967,1113805,2,1838,1840,completed,1
17095,Rigid,1111965,1111967,1123633,2,11666,11668,completed,1
17096,Rigid,1111965,1111967,1113843,2,1876,1878,completed,1
17097,Rigid,1111965,1111967,1123384,2,11417,11419,completed,1
17098,Rigid,1111965,1111967,1113924,2,1957,1959,completed,1
17099,Rigid,1111965,1111981,1122754,16,10773,10789,completed,1
17100,Rigid,1111965,1111981,1113900,16,1919,1935,completed,1
17101,Rigid,1111965,1111981,1122366,16,10385,10401,completed,1
17102,Rigid,1111965,1111981,1113989,16,2008,2024,completed,1
17103,Rigid,1111965,1111981,1124461,16,12480,12496,completed,1
17104,Rigid,1111965,1111981,1113890,16,1909,1925,completed,1
17105,Rigid,1111965,1111981,1121862,16,9881,9897,completed,1
17106,Rigid,1111965,1111981,1113843,16,1862,1878,completed,1
17107,Rigid,1111965,1111981,1122785,16,10804,10820,completed,1
17108,Rigid,1111965,1111981,1113890,16,1909,1925,completed,1
17109,Rigid,1111965,1111981,1121471,16,9490,9506,completed,1
17110,Rigid,1111965,1111981,1113831,16,1850,1866,completed,1
17111,Rigid,1111965,1111981,1122956,16,10975,10991,completed,1
17112,Rigid,1111965,1111981,1113819,16,1838,1854,completed,1
17113,Rigid,1111965,1111981,1122967,16,10986,11002,completed,1
17114,Rigid,1111965,1111981,1113821,16,1840,1856,completed,1
17115,Rigid,1111965,1111981,1122869,16,10888,10904,completed,1
17116,Rigid,1111965,1111981,1113927,16,1946,1962,completed,1
17117,Rigid,1111965,1111981,1122992,16,11011,11027,completed,1
17118,Rigid,1111965,1111981,1113848,16,1867,1883,completed,1
17119,Rigid,1111965,1111981,1122233,16,10252,10268,completed,1
17120,Rigid,1111965,1111981,1113945,16,1964,1980,completed,1
17121,Rigid,1111965,1111981,1122423,16,10442,10458,completed,1
17122,Rigid,1111965,1111981,1113936,16,1955,1971,completed,1
17123,Rigid,1111965,1111981,1123152,16,11171,11187,completed,1
17124,Rigid,1111965,1111981,1113868,16,1887,1903,completed,1
17125,Rigid,1111965,1111981,1122714,16,10733,10749,completed,1
17126,Rigid,1111965,1111981,1113899,16,1918,1934,completed,1
17127,Rigid,1111965,1111981,1122017,16,10036,10052,completed,1
17128,Rigid,1111965,1111981,1113861,16,1880,1896,completed,1
17129,Rigid,1111965,1111981,1121809,16,9828,9844,completed,1
17130,Rigid,1111965,1111981,1113849,16,1868,1884,completed,1
17131,Rigid,1111965,1111981,1122961,16,10980,10996,completed,1
17132,Rigid,1111965,1111981,1113857,16,1876,1892,completed,1
17133,Rigid,1111965,1111981,1122933,16,10952,10968,completed,1
17134,Rigid,1111965,1111981,1113935,16,1954,1970,completed,1
17135,Rigid,1111965,1111981,1122526,16,10545,10561,completed,1
17136,Rigid,1111965,1111981,1113839,16,1858,1874,completed,1
17137,Rigid,1111965,1111981,1121690,16,9709,9725,completed,1
17138,Rigid,1111965,1111981,1113958,16,1977,1993,completed,1
17139,Rigid,1111965,1111981,1124070,16,12089,12105,completed,1
17140,Rigid,1111965,1111981,1113928,16,1947,1963,completed,1
17141,Rigid,1111965,1111981,1122213,16,10232,10248,completed,1
17142,Rigid,1111965,1111981,1113230,16,1249,1265,completed,1
17143,Rigid,1111965,1111981,1119537,16,7556,7572,completed,1
17144,Rigid,1111965,1111981,1113268,16,1287,1303,completed,1
17145,Rigid,1111965,1111981,1119956,16,7975,7991,completed,1
17146,Rigid,1111965,1111981,1113249,16,1268,1284,completed,1
17147,Rigid,1111965,1111981,1119619,16,7638,7654,completed,1
17148,Rigid,1111965,1111981,1113225,16,1244,1260,completed,1
17149,Rigid,1111965,1111981,1119667,16,7686,7702,completed,1
17150,Rigid,1111965,1111981,1113239,16,1258,1274,completed,1
17151,Rigid,1111965,1111981,1119805,16,7824,7840,completed,1
17152,Rigid,1111965,1111981,1113284,16,1303,1319,completed,1
17153,Rigid,1111965,1111981,1119122,16,7141,7157,completed,1
17154,Rigid,1111965,1111981,1113233,16,1252,1268,completed,1
17155,Rigid,1111965,1111981,1120204,16,8223,8239,completed,1
17156,Rigid,1111965,1111981,1113329,16,1348,1364,completed,1
17157,Rigid,1111965,1111981,1120105,16,8124,8140,completed,1
17158,Rigid,1111965,1111981,1113286,16,1305,1321,completed,1
17159,Rigid,1111965,1111981,1120050,16,8069,8085,completed,1
17160,Rigid,1111965,1111981,1113232,16,1251,1267,completed,1
17161,Rigid,1111965,1111981,1118721,16,6740,6756,completed,1
17162,Rigid,1111965,1111981,1113264,16,1283,1299,completed,1
17163,Rigid,1111965,1111981,1119618,16,7637,7653,completed,1
17164,Rigid,1111965,1111981,1113245,16,1264,1280,completed,1
17165,Rigid,1111965,1111981,1119931,16,7950,7966,completed,1
17166,Rigid,1111965,1111981,1113248,16,1267,1283,completed,1
17167,Rigid,1111965,1111981,1119656,16,7675,7691,completed,1
17168,Rigid,1111965,1111981,1113239,16,1258,1274,completed,1
17169,Rigid,1111965,1111981,1119575,16,7594,7610,completed,1
17170,Rigid,1111965,1111981,1113296,16,1315,1331,completed,1
17171,Rigid,1111965,1111981,1119188,16,7207,7223,completed,1
17172,Rigid,1111965,1111981,1113278,16,1297,1313,completed,1
17173,Rigid,1111965,1111981,1119540,16,7559,7575,completed,1
17174,Rigid,1111965,1111981,1113319,16,1338,1354,completed,1
17175,Rigid,1111965,1111981,1120675,16,8694,8710,completed,1
17176,Rigid,1111965,1111981,1113270,16,1289,1305,completed,1
17177,Rigid,1111965,1111981,1119560,16,7579,7595,completed,1
17178,Rigid,1111965,1111981,1113241,16,1260,1276,completed,1
17179,Rigid,1111965,1111981,1119276,16,7295,7311,completed,1
17180,Rigid,1111965,1111981,1113299,16,1318,1334,completed,1
17181,Rigid,1111965,1111981,1120071,16,8090,8106,completed,1
17182,Rigid,1111965,1111981,1113263,16,1282,1298,completed,1
17183,Rigid,1111965,1111981,1119690,16,7709,7725,completed,1
17184,Rigid,1111965,1111981,1113265,16,1284,1300,completed,1
17185,Rigid,1111965,1111981,1119097,16,7116,7132,completed,1
17186,Rigid,1111965,1111981,1113227,16,1246,1262,completed,1
17187,Rigid,1111965,1111981,1119446,16,7465,7481,completed,1
17188,Rigid,1111965,1111981,1113304,16,1323,1339,completed,1
17189,Rigid,1111965,1111981,1119400,16,7419,7435,completed,1
17190,Rigid,1111965,1111981,1113248,16,1267,1283,completed,1
17191,Rigid,1111965,1111981,1119546,16,7565,7581,completed,1
17192,Rigid,1111965,1111981,1113315,16,1334,1350,completed,1
17193,Rigid,1111965,1111981,1119305,16,7324,7340,completed,1
17194,Rigid,1111965,1111981,1113271,16,1290,1306,completed,1
17195,Rigid,1111965,1111981,1119829,16,7848,7864,completed,1
17196,Rigid,1111965,1111981,1113231,16,1250,1266,completed,1
17197,Rigid,1111965,1111981,1119053,16,7072,7088,completed,1
17198,Rigid,1111965,1111981,1113288,16,1307,1323,completed,1
17199,Rigid,1111965,1111981,1120308,16,8327,8343,completed,1
17200,Rigid,1111965,1111981,1113253,16,1272,1288,completed,1
17201,Rigid,1111965,1111981,1119560,16,7579,7595,completed,1
17202,Rigid,1111965,1111981,1113266,16,1285,1301,completed,1
17203,Rigid,1111965,1111981,1119948,16,7967,7983,completed,1
17204,Rigid,1111965,1111981,1113303,16,1322,1338,completed,1
17205,Rigid,1111965,1111981,1120152,16,8171,8187,completed,1
17206,Rigid,1111965,1111981,1113294,16,1313,1329,completed,1
17207,Rigid,1111965,1111981,1119911,16,7930,7946,completed,1
17208,Rigid,1111965,1111981,1113257,16,1276,1292,completed,1
17209,Rigid,1111965,1111981,1119712,16,7731,7747,completed,1
17210,Rigid,1111965,1111981,1113304,16,1323,1339,completed,1
17211,Rigid,1111965,1111981,1120530,16,8549,8565,completed,1
17212,Rigid,1111965,1111981,1113287,16,1306,1322,completed,1
17213,Rigid,1111965,1111981,1120042,16,8061,8077,completed,1
17214,Rigid,1111965,1111981,1113248,16,1267,1283,completed,1
17215,Rigid,1111965,1111981,1119202,16,7221,7237,completed,1
17216,Rigid,1111965,1111981,1113278,16,1297,1313,completed,1
17217,Rigid,1111965,1111981,1119764,16,7783,7799,completed,1
17218,Rigid,1111965,1111981,1113275,16,1294,1310,completed,1
17219,Rigid,1111965,1111981,1119520,16,7539,7555,completed,1
17220,Rigid,1111965,1111981,1113239,16,1258,1274,completed,1
17221,Rigid,1111965,1111981,1119785,16,7804,7820,completed,1
17222,Rigid,1111965,1111981,1113254,16,1273,1289,completed,1
17223,Rigid,1111965,1111981,1119975,16,7994,8010,completed,1
17224,Rigid,1111965,1111981,1113306,16,1325,1341,completed,1
17225,Rigid,1111965,1111981,1119402,16,7421,7437,completed,1
17226,Rigid,1111965,1111981,1113260,16,1279,1295,completed,1
17227,Rigid,1111965,1111981,1119301,16,7320,7336,completed,1
17228,Rigid,1111965,1111981,1113317,16,1336,1352,completed,1
17229,Rigid,1111965,1111981,1120252,16,8271,8287,completed,1
17230,Rigid,1111965,1111981,1113291,16,1310,1326,completed,1
17231,Rigid,1111965,1111981,1119178,16,7197,7213,completed,1
17232,Rigid,1111965,1111981,1113247,16,1266,1282,completed,1
17233,Rigid,1111965,1111981,1119543,16,7562,7578,completed,1
17234,Rigid,1111965,1111981,1113267,16,1286,1302,completed,1
17235,Rigid,1111965,1111981,1119566,16,7585,7601,completed,1
17236,Rigid,1111965,1111981,1113234,16,1253,1269,completed,1
17237,Rigid,1111965,1111981,1120396,16,8415,8431,completed,1
17238,Rigid,1111965,1111981,1113223,16,1242,1258,completed,1
17239,Rigid,1111965,1111981,1119538,16,7557,7573,completed,1
17240,Rigid,1111965,1111981,1113209,16,1228,1244,completed,1
17241,Rigid,1111965,1111981,1119696,16,7715,7731,completed,1
17242,Rigid,1111965,1111981,1114049,16,2068,2084,completed,1
17243,Rigid,1111965,1111981,1122190,16,10209,10225,completed,1
17244,Rigid,1111965,1111981,1113938,16,1957,1973,completed,1
17245,Rigid,1111965,1111981,1122999,16,11018,11034,completed,1
17246,Rigid,1111965,1111981,1114021,16,2040,2056,completed,1
17247,Rigid,1111965,1111981,1124555,16,12574,12590,completed,1
17248,Rigid,1111965,1111981,1114011,16,2030,2046,completed,1
17249,Rigid,1111965,1111981,1123189,16,11208,11224,completed,1
17250,Rigid,1111965,1111981,1113963,16,1982,1998,completed,1
17251,Rigid,1111965,1111981,1122209,16,10228,10244,completed,1
17252,Rigid,1111965,1111981,1113979,16,1998,2014,completed,1
17253,Rigid,1111965,1111981,1123650,16,11669,11685,completed,1
17254,Rigid,1111965,1111981,1113952,16,1971,1987,completed,1
17255,Rigid,1111965,1111981,1123050,16,11069,11085,completed,1
17256,Rigid,1111965,1111981,1113926,16,1945,1961,completed,1
17257,Rigid,1111965,1111981,1121587,16,9606,9622,completed,1
17258,Rigid,1111965,1111981,1114020,16,2039,2055,completed,1
17259,Rigid,1111965,1111981,1123935,16,11954,11970,completed,1
17260,Rigid,1111965,1111981,1113997,16,2016,2032,completed,1
17261,Rigid,1111965,1111981,1123060,16,11079,11095,completed,1
17262,Rigid,1111965,1111981,1113947,16,1966,1982,completed,1
17263,Rigid,1111965,1111981,1123574,16,11593,11609,completed,1
17264,Rigid,1111965,1111981,1114020,16,2039,2055,completed,1
17265,Rigid,1111965,1111981,1123181,16,11200,11216,completed,1
17266,Rigid,1111965,1111981,1113990,16,2009,2025,completed,1
17267,Rigid,1111965,1111981,1122735,16,10754,10770,completed,1
17268,Rigid,1111965,1111981,1113956,16,1975,1991,completed,1
17269,Rigid,1111965,1111981,1122519,16,10538,10554,completed,1
17270,Rigid,1111965,1111981,1114014,16,2033,2049,completed,1
17271,Rigid,1111965,1111981,1123507,16,11526,11542,completed,1
17272,Rigid,1111965,1111981,1113938,16,1957,1973,completed,1
17273,Rigid,1111965,1111981,1122626,16,10645,10661,completed,1
17274,Rigid,1111965,1111981,1113977,16,1996,2012,completed,1
17275,Rigid,1111965,1111981,1123193,16,11212,11228,completed,1
17276,Rigid,1111965,1111981,1113935,16,1954,1970,completed,1
17277,Rigid,1111965,1111981,1123606,16,11625,11641,completed,1
17278,Rigid,1111965,1111981,1114017,16,2036,2052,completed,1
17279,Rigid,1111965,1111981,1123587,16,11606,11622,completed,1
17280,Rigid,1111965,1111981,1113946,16,1965,1981,completed,1
17281,Rigid,1111965,1111981,1122977,16,10996,11012,completed,1
17282,Rigid,1111965,1111981,1114035,16,2054,2070,completed,1
17283,Rigid,1111965,1111981,1124171,16,12190,12206,completed,1
17284,Rigid,1111965,1111981,1114010,16,2029,2045,completed,1
17285,Rigid,1111965,1111981,1123749,16,11768,11784,completed,1
17286,Rigid,1111965,1111981,1113946,16,1965,1981,completed,1
17287,Rigid,1111965,1111981,1123060,16,11079,11095,completed,1
17288,Rigid,1111965,1111981,1114036,16,2055,2071,completed,1
17289,Rigid,1111965,1111981,1122887,16,10906,10922,completed,1
17290,Rigid,1111965,1111981,1113926,16,1945,1961,completed,1
17291,Rigid,1111965,1111981,1122810,16,10829,10845,completed,1
17292,Rigid,1111965,1111981,1113885,16,1904,1920,completed,1
17293,Rigid,1111965,1111981,1122831,16,10850,10866,completed,1
17294,Rigid,1111965,1111981,1113917,16,1936,1952,completed,1
17295,Rigid,1111965,1111981,1125460,16,13479,13495,completed,1
17296,Rigid,1111965,1111981,1114013,16,2032,2048,completed,1
17297,Rigid,1111965,1111981,1122812,16,10831,10847,completed,1
17298,Rigid,1111965,1111981,1113908,16,1927,1943,completed,1
17299,Rigid,1111965,1111981,1121857,16,9876,9892,completed,1
17300,Rigid,1111965,1111981,1114070,16,2089,2105,completed,1
17301,Rigid,1111965,1111982,1122955,17,10973,10990,completed,1
17302,Rigid,1111965,1111982,1113979,17,1997,2014,completed,1
17303,Rigid,1111965,1111982,1123055,17,11073,11090,completed,1
17304,Rigid,1111965,1111982,1113947,17,1965,1982,completed,1
17305,Rigid,1111965,1111982,1124269,17,12287,12304,completed,1
17306,Rigid,1111965,1111982,1113988,17,2006,2023,completed,1
17307,Rigid,1111965,1111982,1123083,17,11101,11118,completed,1
17308,Rigid,1111965,1111982,1113982,17,2000,2017,completed,1
17309,Rigid,1111965,1111982,1123300,17,11318,11335,completed,1
17310,Rigid,1111965,1111982,1113938,17,1956,1973,completed,1
17311,Rigid,1111965,1111982,1121934,17,9952,9969,completed,1
17312,Rigid,1111965,1111982,1113953,17,1971,1988,completed,1
17313,Rigid,1111965,1111982,1124317,17,12335,12352,completed,1
17314,Rigid,1111965,1111982,1114008,17,2026,2043,completed,1
17315,Rigid,1111965,1111982,1123661,17,11679,11696,completed,1
17316,Rigid,1111965,1111982,1114056,17,2074,2091,completed,1
17317,Rigid,1111965,1111982,1124038,17,12056,12073,completed,1
17318,Rigid,1111965,1111982,1114075,17,2093,2110,completed,1
17319,Rigid,1111965,1111982,1124240,17,12258,12275,completed,1
17320,Rigid,1111965,1111982,1114072,17,2090,2107,completed,1
17321,Rigid,1111965,1111982,1122613,17,10631,10648,completed,1
17322,Rigid,1111965,1111982,1113935,17,1953,1970,completed,1
17323,Rigid,1111965,1111982,1123246,17,11264,11281,completed,1
17324,Rigid,1111965,1111982,1113983,17,2001,2018,completed,1
17325,Rigid,1111965,1111982,1122339,17,10357,10374,completed,1
17326,Rigid,1111965,1111982,1113948,17,1966,1983,completed,1
17327,Rigid,1111965,1111982,1121570,17,9588,9605,completed,1
17328,Rigid,1111965,1111982,1113953,17,1971,1988,completed,1
17329,Rigid,1111965,1111982,1122892,17,10910,10927,completed,1
17330,Rigid,1111965,1111982,1113920,17,1938,1955,completed,1
17331,Rigid,1111965,1111982,1123219,17,11237,11254,completed,1
17332,Rigid,1111965,1111982,1114041,17,2059,2076,completed,1
17333,Rigid,1111965,1111982,1124977,17,12995,13012,completed,1
17334,Rigid,1111965,1111982,1113938,17,1956,1973,completed,1
17335,Rigid,1111965,1111982,1123134,17,11152,11169,completed,1
17336,Rigid,1111965,1111982,1114029,17,2047,2064,completed,1
17337,Rigid,1111965,1111982,1123142,17,11160,11177,completed,1
17338,Rigid,1111965,1111982,1113846,17,1864,1881,completed,1
17339,Rigid,1111965,1111982,1121258,17,9276,9293,completed,1
17340,Rigid,1111965,1111982,1113783,17,1801,1818,completed,1
17341,Rigid,1111965,1111982,1122452,17,10470,10487,completed,1
17342,Rigid,1112003,1112003,1112012,0,9,9,completed,36
17343,Rigid,1112080,1112081,1112087,1,6,7,completed,36
17344,Rigid,1112156,1112157,1112159,1,2,3,completed,144
17345,Rigid,1112255,1112255,1112257,0,2,2,completed,72
17346,Rigid,1112511,1112511,1117590,0,5079,5079,completed,144
17347,Rigid,1112544,1112545,1112783,1,238,239,completed,72
17348,Rigid,1112651,1112651,1112678,0,27,27,completed,144
17349,Rigid,1112774,1112775,1112803,1,28,29,completed,144
17350,Rigid,1112811,1112811,1113083,0,272,272,completed,72
17351,Rigid,1112934,1112934,1112950,0,16,16,completed,144
17352,Rigid,1112997,1112998,1114204,1,1206,1207,completed,36
17353,Rigid,1113274,1113275,1113320,1,45,46,completed,144
17354,Rigid,1113325,1113328,1113962,3,634,637,completed,144
17355,Rigid,1113358,1113359,1113883,1,524,525,completed,144
17356,Rigid,1113366,1113366,1113461,0,95,95,completed,36
17357,Rigid,1113387,1113389,1115324,2,1935,1937,completed,144
17358,Rigid,1113391,1113393,1115328,2,1935,1937,completed,144
17359,Rigid,1113393,1113396,1113465,3,69,72,completed,36
17360,Rigid,1113414,1113415,1114470,1,1055,1056,completed,144
17361,Rigid,1113641,1113642,1113761,1,119,120,completed,36
17362,Rigid,1113864,1113865,1114061,1,196,197,completed,36
17363,Rigid,1113931,1113931,1199468,0,85537,85537,completed,72
17364,Rigid,1113970,1113971,1114490,1,519,520,completed,216
17365,Rigid,1114110,1114110,1251694,0,137584,137584,completed,360
17366,Rigid,1114320,1114320,1132325,0,18005,18005,completed,36
17367,Rigid,1114370,1114370,1114442,0,72,72,completed,36
17368,Rigid,1114733,1114734,1115083,1,349,350,completed,36
17369,Rigid,1114924,1114924,1114940,0,16,16,completed,180
17370,Rigid,1114996,1114997,1115710,1,713,714,completed,180
17371,Rigid,1115114,1115114,1115171,0,57,57,completed,36
17372,Rigid,1115219,1115220,1115276,1,56,57,completed,36
17373,Rigid,1115235,1115235,1115330,0,95,95,completed,36
17374,Rigid,1115326,1115327,1115363,1,36,37,completed,36
17375,Rigid,1115379,1115380,1115589,1,209,210,completed,180
17376,Rigid,1115508,1115509,1115512,1,3,4,completed,36
17377,Rigid,1115654,1115654,1115919,0,265,265,completed,36
17378,Rigid,1115658,1115658,1115871,0,213,213,completed,144
17379,Rigid,1115668,1115669,1115876,1,207,208,completed,180
17380,Rigid,1115739,1115740,1115871,1,131,132,completed,144
17381,Rigid,1115774,1115775,1115811,1,36,37,completed,36
17382,Rigid,1115897,1115897,1116207,0,310,310,completed,36
17383,Rigid,1115949,1115949,1123466,0,7517,7517,completed,144
17384,Rigid,1115970,1115970,1116752,0,782,782,completed,180
17385,Rigid,1116006,1116006,1123486,0,7480,7480,completed,144
17386,Rigid,1116026,1116029,1116234,3,205,208,completed,36
17387,Rigid,1116140,1116141,1116181,1,40,41,completed,36
17388,Rigid,1116178,1116179,1116218,1,39,40,completed,36
17389,Rigid,1116184,1116184,1116222,0,38,38,completed,36
17390,Rigid,1116185,1116188,1116227,3,39,42,completed,36
17391,Rigid,1116186,1116188,1116224,2,36,38,completed,36
17392,Rigid,1116354,1116358,1116579,4,221,225,completed,36
17393,Rigid,1116403,1116403,1116613,0,210,210,completed,180
17394,Rigid,1116500,1116500,1116505,0,5,5,completed,36
17395,Rigid,1116511,1116511,1116514,0,3,3,completed,36
17396,Rigid,1116525,1116525,1116532,0,7,7,completed,36
17397,Rigid,1116543,1116544,1117286,1,742,743,completed,36
17398,Rigid,1116572,1116573,1116615,1,42,43,completed,36
17399,Rigid,1116602,1116602,1117078,0,476,476,completed,36
17400,Rigid,1116623,1116624,1116661,1,37,38,completed,36
17401,Rigid,1116624,1116624,1116663,0,39,39,completed,36
17402,Rigid,1116625,1116625,1116661,0,36,36,completed,36
17403,Rigid,1116626,1116629,1116668,3,39,42,completed,36
17404,Rigid,1116652,1116652,1116746,0,94,94,completed,180
17405,Rigid,1116749,1116750,1116849,1,99,100,completed,180
17406,Rigid,1116802,1116802,1116835,0,33,33,completed,36
17407,Rigid,1116803,1116805,1116844,2,39,41,completed,36
17408,Rigid,1116856,1116857,1117065,1,208,209,completed,180
17409,Rigid,1116867,1116869,1116908,2,39,41,completed,36
17410,Rigid,1116900,1116901,1116931,1,30,31,completed,36
17411,Rigid,1116988,1116989,1117022,1,33,34,completed,36
17412,Rigid,1117009,1117023,1117056,14,33,47,completed,36
17413,Rigid,1117021,1117058,1117095,37,37,74,completed,36
17414,Rigid,1117037,1117096,1117140,59,44,103,completed,36
17415,Rigid,1117051,1117142,1117206,91,64,155,completed,36
17416,Rigid,1117066,1117208,1117298,142,90,232,completed,36
17417,Rigid,1117086,1117299,1117434,213,135,348,completed,36
17418,Rigid,1117104,1117436,1117625,332,189,521,completed,36
17419,Rigid,1117124,1117626,1117890,502,264,766,completed,36
17420,Rigid,1117139,1117140,1131766,1,14626,14627,completed,8
17421,Rigid,1117149,1117150,1117188,1,38,39,completed,36
17422,Rigid,1117159,1117892,1118252,733,360,1093,completed,72
17423,Rigid,1117162,1117164,1127899,2,10735,10737,completed,36
17424,Rigid,1117174,1117174,1117215,0,41,41,completed,36
17425,Rigid,1117175,1117178,1117217,3,39,42,completed,36
17426,Rigid,1117176,1117178,1117217,2,39,41,completed,36
17427,Rigid,1117177,1117178,1117214,1,36,37,completed,36
17428,Rigid,1117190,1118254,1118739,1064,485,1549,completed,72
17429,Rigid,1117209,1117210,1117247,1,37,38,completed,36
17430,Rigid,1117223,1118741,1119396,1518,655,2173,completed,72
17431,Rigid,1117259,1119397,1120271,2138,874,3012,completed,72
17432,Rigid,1117297,1117298,1117623,1,325,326,completed,36
17433,Rigid,1117304,1120273,1121433,2969,1160,4129,completed,72
17434,Rigid,1117346,1117349,1117535,3,186,189,completed,36
17435,Rigid,1117351,1117353,1117394,2,41,43,completed,36
17436,Rigid,1117352,1117353,1117392,1,39,40,completed,36
17437,Rigid,1117353,1117353,1117389,0,36,36,completed,36
17438,Rigid,1117353,1117357,1117396,4,39,43,completed,36
17439,Rigid,1117354,1117357,1117396,3,39,42,completed,36
17440,Rigid,1117371,1117371,1117389,0,18,18,completed,72
17441,Rigid,1117444,1117444,1117617,0,173,173,completed,1800
17442,Rigid,1117460,1117460,1117496,0,36,36,completed,36
17443,Rigid,1117467,1117469,1117482,2,13,15,completed,72
17444,Rigid,1117490,1117490,1129759,0,12269,12269,completed,216
17445,Rigid,1117545,1117546,1117559,1,13,14,completed,36
17446,Rigid,1117651,1117652,1117870,1,218,219,completed,1296
17447,Rigid,1117668,1117669,1117674,1,5,6,completed,36
17448,Rigid,1117699,1117699,1117849,0,150,150,completed,36
17449,Rigid,1117774,1117774,1117781,0,7,7,completed,36
17450,Rigid,1117778,1117779,1117983,1,204,205,completed,36
17451,Rigid,1117854,1117855,1117861,1,6,7,completed,36
17452,Rigid,1117865,1117865,1117878,0,13,13,completed,36
17453,Rigid,1117890,1117890,1117947,0,57,57,completed,1080
17454,Rigid,1117935,1117935,1117939,0,4,4,completed,36
17455,Rigid,1117936,1117939,1117951,3,12,15,completed,36
17456,Rigid,1117975,1117987,1118028,12,41,53,completed,36
17457,Rigid,1118009,1118009,1118032,0,23,23,completed,36
17458,Rigid,1118021,1118025,1118033,4,8,12,completed,36
17459,Rigid,1118056,1118057,1118132,1,75,76,completed,36
17460,Rigid,1118084,1118084,1118107,0,23,23,completed,72
17461,Rigid,1118093,1118108,1118131,15,23,38,completed,72
17462,Rigid,1118105,1118105,1118112,0,7,7,completed,36
17463,Rigid,1118114,1118115,1118158,1,43,44,completed,1800
17464,Rigid,1118127,1118129,1118171,2,42,44,completed,36
17465,Rigid,1118170,1118171,1122249,1,4078,4079,completed,1800
17466,Rigid,1118218,1118219,1118232,1,13,14,completed,36
17467,Rigid,1118252,1118253,1129824,1,11571,11572,completed,144
17468,Rigid,1118361,1118362,1118420,1,58,59,completed,36
17469,Rigid,1118381,1118382,1118404,1,22,23,completed,72
17470,Rigid,1118447,1119141,1124563,694,5422,6116,completed,144
17471,Rigid,1118557,1118557,1118883,0,326,326,completed,36
17472,Rigid,1118884,1118885,1118892,1,7,8,completed,72
17473,Rigid,1118904,1118904,1118927,0,23,23,completed,72
17474,Rigid,1119040,1119040,1119063,0,23,23,completed,72
17475,Rigid,1119114,1119115,1119363,1,248,249,completed,36
17476,Rigid,1119136,1119137,1119160,1,23,24,completed,72
17477,Rigid,1119155,1119159,1130062,4,10903,10907,completed,144
17478,Rigid,1119249,1119249,1127979,0,8730,8730,completed,26
17479,Rigid,1119257,1119258,1127899,1,8641,8642,completed,26
17480,Rigid,1119361,1119363,1131065,2,11702,11704,completed,144
17481,Rigid,1119506,1119506,1119813,0,307,307,completed,36
17482,Rigid,1119687,1119690,1119768,3,78,81,completed,36
17483,Rigid,1119712,1119713,1119719,1,6,7,completed,36
17484,Rigid,1119714,1119720,1119725,6,5,11,completed,36
17485,Rigid,1119783,1119783,1119989,0,206,206,completed,36
17486,Rigid,1119845,1119845,1120113,0,268,268,completed,36
17487,Rigid,1119903,1119905,1130832,2,10927,10929,completed,144
17488,Rigid,1120067,1120172,1138909,105,18737,18842,completed,144
17489,Rigid,1120101,1120101,1120124,0,23,23,completed,72
17490,Rigid,1120171,1120456,1132314,285,11858,12143,completed,144
17491,Rigid,1120307,1120308,1120467,1,159,160,completed,36
17492,Rigid,1120367,1120368,1120390,1,22,23,completed,72
17493,Rigid,1120455,1120531,1130829,76,10298,10374,completed,144
17494,Rigid,1120497,1120497,1120523,0,26,26,completed,72
17495,Rigid,1120626,1120628,1130856,2,10228,10230,completed,144
17496,Rigid,1120710,1120711,1120734,1,23,24,completed,72
17497,Rigid,1120766,1120766,1120789,0,23,23,completed,72
17498,Rigid,1120801,1120803,1130907,2,10104,10106,completed,144
17499,Rigid,1120805,1120806,1120828,1,22,23,completed,72
17500,Rigid,1120909,1120909,1120932,0,23,23,completed,72
17501,Rigid,1121114,1121115,1121137,1,22,23,completed,72
17502,Rigid,1121181,1121182,1121205,1,23,24,completed,72
17503,Rigid,1121211,1121212,1121235,1,23,24,completed,36
17504,Rigid,1121260,1121260,1121283,0,23,23,completed,72
17505,Rigid,1121271,1121271,1121294,0,23,23,completed,36
17506,Rigid,1121292,1121293,1141825,1,20532,20533,completed,144
17507,Rigid,1121437,1121437,1121512,0,75,75,completed,36
17508,Rigid,1121439,1121441,1121464,2,23,25,completed,72
17509,Rigid,1121458,1121459,1121481,1,22,23,completed,36
17510,Rigid,1121532,1121532,1121749,0,217,217,completed,36
17511,Rigid,1121539,1121540,1121563,1,23,24,completed,72
17512,Rigid,1121570,1121571,1122065,1,494,495,completed,144
17513,Rigid,1121604,1121604,1121626,0,22,22,completed,36
17514,Rigid,1121605,1121606,1122593,1,987,988,completed,26
17515,Rigid,1121707,1121708,1121713,1,5,6,completed,36
17516,Rigid,1121789,1121789,1121812,0,23,23,completed,72
17517,Rigid,1121882,1121883,1121906,1,23,24,completed,72
17518,Rigid,1121900,1121901,1121996,1,95,96,completed,36
17519,Rigid,1122085,1122086,1122111,1,25,26,completed,36
17520,Rigid,1122148,1122150,1122154,2,4,6,completed,36
17521,Rigid,1122214,1122215,1122236,1,21,22,completed,36
17522,Rigid,1122293,1122293,1122315,0,22,22,completed,36
17523,Rigid,1122331,1122331,1122361,0,30,30,completed,36
17524,Rigid,1122341,1122342,1122365,1,23,24,completed,72
17525,Rigid,1122395,1122395,1122425,0,30,30,completed,36
17526,Rigid,1122463,1122463,1122470,0,7,7,completed,36
17527,Rigid,1122507,1122510,1446164,3,323654,323657,completed,180
17528,Rigid,1122574,1122574,1122597,0,23,23,completed,72
17529,Rigid,1122575,1122578,1122600,3,22,25,completed,36
17530,Rigid,1122587,1122598,1122844,11,246,257,completed,72
17531,Rigid,1122613,1122613,1122636,0,23,23,completed,72
17532,Rigid,1122729,1122730,1122756,1,26,27,completed,72
17533,Rigid,1122792,1122793,1122816,1,23,24,completed,72
17534,Rigid,1122837,1122837,1122860,0,23,23,completed,72
17535,Rigid,1122851,1122852,1122894,1,42,43,completed,36
17536,Rigid,1122893,1122893,1122916,0,23,23,completed,36
17537,Rigid,1122932,1122933,1123116,1,183,184,completed,1800
17538,Rigid,1123036,1123036,1123041,0,5,5,completed,36
17539,Rigid,1123058,1123058,1123338,0,280,280,completed,36
17540,Rigid,1123085,1123086,1123109,1,23,24,completed,36
17541,Rigid,1123153,1123154,1123180,1,26,27,completed,36
17542,Rigid,1123248,1123251,1123295,3,44,47,completed,36
17543,Rigid,1123257,1123257,1127898,0,4641,4641,completed,1800
17544,Rigid,1123580,1123580,1123603,0,23,23,completed,36
17545,Rigid,1123662,1123663,1123686,1,23,24,completed,72
17546,Rigid,1123710,1123711,1123733,1,22,23,completed,72
17547,Rigid,1123779,1123780,1123880,1,100,101,completed,36
17548,Rigid,1123792,1123793,1123826,1,33,34,completed,36
17549,Rigid,1123920,1123920,1125378,0,1458,1458,completed,36
17550,Rigid,1124006,1124010,1124072,4,62,66,completed,36
17551,Rigid,1124160,1124160,1124764,0,604,604,completed,36
17552,Rigid,1124335,1124335,1124495,0,160,160,completed,36
17553,Rigid,1124397,1124397,1124440,0,43,43,completed,36
17554,Rigid,1124546,1124546,1124640,0,94,94,completed,36
17555,Rigid,1124711,1124711,1124755,0,44,44,completed,36
17556,Rigid,1124739,1124739,1124844,0,105,105,completed,36
17557,Rigid,1124807,1124808,1125424,1,616,617,completed,36
17558,Rigid,1124907,1124910,1124992,3,82,85,completed,36
17559,Rigid,1125086,1125086,1125268,0,182,182,completed,36
17560,Rigid,1125176,1125177,1125257,1,80,81,completed,36
17561,Rigid,1125313,1125428,1126054,115,626,741,completed,36
17562,Rigid,1125373,1125374,1125447,1,73,74,completed,36
17563,Rigid,1125390,1125390,1125448,0,58,58,completed,36
17564,Rigid,1125402,1125402,1125484,0,82,82,completed,36
17565,Rigid,1125506,1125507,1125631,1,124,125,completed,36
17566,Rigid,1125559,1125560,1125568,1,8,9,completed,36
17567,Rigid,1125581,1125581,1125584,0,3,3,completed,36
17568,Rigid,1125619,1125619,1126955,0,1336,1336,completed,36
17569,Rigid,1125679,1125679,1125751,0,72,72,completed,36
17570,Rigid,1125960,1125960,1126062,0,102,102,completed,36
17571,Rigid,1126089,1126090,1182893,1,56803,56804,completed,36
17572,Rigid,1126214,1126214,1126315,0,101,101,completed,36
17573,Rigid,1126228,1126231,1126354,3,123,126,completed,36
17574,Rigid,1126282,1126283,1126291,1,8,9,completed,72
17575,Rigid,1126293,1126294,1127829,1,1535,1536,completed,72
17576,Rigid,1126342,1126343,1126354,1,11,12,completed,144
17577,Rigid,1126365,1126365,1126462,0,97,97,completed,36
17578,Rigid,1126401,1126401,1126410,0,9,9,completed,72
17579,Rigid,1126423,1126423,1126439,0,16,16,completed,144
17580,Rigid,1126480,1126481,1126503,1,22,23,completed,144
17581,Rigid,1126531,1126531,1126597,0,66,66,completed,72
17582,Rigid,1126572,1126572,1126588,0,16,16,completed,144
17583,Rigid,1126596,1126597,1126694,1,97,98,completed,36
17584,Rigid,1126606,1126606,1126615,0,9,9,completed,72
17585,Rigid,1126618,1126619,1126630,1,11,12,completed,144
17586,Rigid,1126668,1126668,1126690,0,22,22,completed,144
17587,Rigid,1126764,1126764,1126804,0,40,40,completed,36
17588,Rigid,1126766,1126767,1126778,1,11,12,completed,144
17589,Rigid,1126811,1126811,1126834,0,23,23,completed,72
17590,Rigid,1126813,1126815,1126824,2,9,11,completed,144
17591,Rigid,1126833,1126834,1126843,1,9,10,completed,72
17592,Rigid,1126838,1126839,1126846,1,7,8,completed,36
17593,Rigid,1126869,1126869,1126882,0,13,13,completed,144
17594,Rigid,1126918,1126918,1126933,0,15,15,completed,144
17595,Rigid,1126920,1126922,1127045,2,123,125,completed,36
17596,Rigid,1127015,1127015,1127023,0,8,8,completed,36
17597,Rigid,1127051,1127052,1127135,1,83,84,completed,36
17598,Rigid,1127134,1127135,1127143,1,8,9,completed,36
17599,Rigid,1127205,1127205,1139014,0,11809,11809,completed,144
17600,Rigid,1127214,1127214,1127223,0,9,9,completed,72
17601,Rigid,1127245,1127246,1127315,1,69,70,completed,36
17602,Rigid,1127246,1127246,1127261,0,15,15,completed,144
17603,Rigid,1127291,1127291,1127302,0,11,11,completed,144
17604,Rigid,1127340,1127340,1127362,0,22,22,completed,144
17605,Rigid,1127397,1127398,1127437,1,39,40,completed,36
17606,Rigid,1127398,1127402,1127417,4,15,19,completed,144
17607,Rigid,1127426,1127427,1127508,1,81,82,completed,36
17608,Rigid,1127438,1127439,1127525,1,86,87,completed,36
17609,Rigid,1127442,1127443,1127453,1,10,11,completed,144
17610,Rigid,1127502,1127502,1127524,0,22,22,completed,144
17611,Rigid,1127541,1127541,1127564,0,23,23,completed,72
17612,Rigid,1127588,1127589,1127600,1,11,12,completed,144
17613,Rigid,1127589,1127593,1127616,4,23,27,completed,72
17614,Rigid,1127591,1127593,1127602,2,9,11,completed,72
17615,Rigid,1127634,1127634,1127643,0,9,9,completed,144
17616,Rigid,1127669,1127671,1127694,2,23,25,completed,36
17617,Rigid,1127689,1127689,1127702,0,13,13,completed,144
17618,Rigid,1127705,1127705,1127722,0,17,17,completed,180
17619,Rigid,1127736,1127737,1127752,1,15,16,completed,144
17620,Rigid,1127749,1127750,1127826,1,76,77,completed,36
17621,Rigid,1127792,1127792,1127801,0,9,9,completed,180
17622,Rigid,1127801,1127801,1128004,0,203,203,completed,36
17623,Rigid,1127831,1127831,1127840,0,9,9,completed,72
17624,Rigid,1127845,1127845,1128083,0,238,238,completed,180
17625,Rigid,1127880,1127881,1127964,1,83,84,completed,36
17626,Rigid,1128004,1128004,1128171,0,167,167,completed,36
17627,Rigid,1128007,1128008,1128095,1,87,88,completed,36
17628,Rigid,1128020,1128020,1128031,0,11,11,completed,72
17629,Rigid,1128108,1128109,1128185,1,76,77,completed,36
17630,Rigid,1128133,1128133,1128229,0,96,96,completed,36
17631,Rigid,1128172,1128173,1128403,1,230,231,completed,180
17632,Rigid,1128271,1128272,1129010,1,738,739,completed,180
17633,Rigid,1128346,1128346,1128369,0,23,23,completed,36
17634,Rigid,1128378,1128378,1128401,0,23,23,completed,72
17635,Rigid,1128395,1128395,1128555,0,160,160,completed,36
17636,Rigid,1128441,1128442,1128515,1,73,74,completed,36
17637,Rigid,1128446,1128447,1128454,1,7,8,completed,72
17638,Rigid,1128525,1128525,1128542,0,17,17,completed,36
17639,Rigid,1128550,1128550,1128840,0,290,290,completed,72
17640,Rigid,1128560,1128560,1128635,0,75,75,completed,36
17641,Rigid,1128617,1128617,1128648,0,31,31,completed,36
17642,Rigid,1128658,1128658,1128706,0,48,48,completed,72
17643,Rigid,1128672,1128673,1128711,1,38,39,completed,72
17644,Rigid,1128683,1128684,1128894,1,210,211,completed,180
17645,Rigid,1128752,1128752,1128764,0,12,12,completed,72
17646,Rigid,1128779,1128779,1128859,0,80,80,completed,36
17647,Rigid,1128822,1128844,1128867,22,23,45,completed,72
17648,Rigid,1128877,1128878,1128901,1,23,24,completed,72
17649,Rigid,1128916,1128917,1129001,1,84,85,completed,36
17650,Rigid,1128962,1128962,1128964,0,2,2,completed,36
17651,Rigid,1128990,1128991,1129194,1,203,204,completed,36
17652,Rigid,1129052,1129052,1129191,0,139,139,completed,180
17653,Rigid,1129116,1129117,1129205,1,88,89,completed,36
17654,Rigid,1129153,1129154,1129248,1,94,95,completed,36
17655,Rigid,1129197,1129197,1129881,0,684,684,completed,180
17656,Rigid,1129197,1129200,1129239,3,39,42,completed,36
17657,Rigid,1129212,1129212,1129418,0,206,206,completed,72
17658,Rigid,1129274,1129275,1129590,1,315,316,completed,180
17659,Rigid,1129287,1129291,1129330,4,39,43,completed,36
17660,Rigid,1129288,1129291,1129330,3,39,42,completed,36
17661,Rigid,1129289,1129291,1129331,2,40,42,completed,36
17662,Rigid,1129290,1129291,1129330,1,39,40,completed,36
17663,Rigid,1129307,1129307,1129314,0,7,7,completed,72
17664,Rigid,1129311,1129419,1129622,108,203,311,completed,72
17665,Rigid,1129370,1129371,1129445,1,74,75,completed,36
17666,Rigid,1129395,1129396,1129435,1,39,40,completed,36
17667,Rigid,1129431,1129432,1129529,1,97,98,completed,36
17668,Rigid,1129496,1129496,1129543,0,47,47,completed,36
17669,Rigid,1129497,1129500,1129537,3,37,40,completed,36
17670,Rigid,1129564,1129564,1129745,0,181,181,completed,36
17671,Rigid,1129572,1129572,1129611,0,39,39,completed,36
17672,Rigid,1129573,1129576,1129621,3,45,48,completed,36
17673,Rigid,1129574,1129576,1129615,2,39,41,completed,36
17674,Rigid,1129575,1129576,1129615,1,39,40,completed,36
17675,Rigid,1129576,1129576,1129612,0,36,36,completed,36
17676,Rigid,1129639,1129640,1129676,1,36,37,completed,36
17677,Rigid,1129640,1129644,1129682,4,38,42,completed,36
17678,Rigid,1129641,1129644,1129683,3,39,42,completed,36
17679,Rigid,1129642,1129644,1129686,2,42,44,completed,36
17680,Rigid,1129643,1129644,1129684,1,40,41,completed,36
17681,Rigid,1129664,1129664,1129669,0,5,5,completed,180
17682,Rigid,1129695,1129696,1129703,1,7,8,completed,72
17683,Rigid,1129734,1129735,1129773,1,38,39,completed,36
17684,Rigid,1129735,1129735,1129771,0,36,36,completed,36
17685,Rigid,1129735,1129739,1129778,4,39,43,completed,36
17686,Rigid,1129736,1129739,1129778,3,39,42,completed,36
17687,Rigid,1129737,1129739,1129775,2,36,38,completed,36
17688,Rigid,1129767,1129767,1130017,0,250,250,completed,180
17689,Rigid,1129768,1129771,1129861,3,90,93,completed,36
17690,Rigid,1129824,1129824,1142982,0,13158,13158,completed,144
17691,Rigid,1129897,1129898,1129905,1,7,8,completed,72
17692,Rigid,1129984,1129984,1131154,0,1170,1170,completed,36
17693,Rigid,1130062,1130062,1141008,0,10946,10946,completed,144
17694,Rigid,1130287,1130288,1130515,1,227,228,completed,180
17695,Rigid,1130420,1130420,1130623,0,203,203,completed,72
17696,Rigid,1130429,1130624,1130827,195,203,398,completed,72
17697,Rigid,1130591,1130592,1130862,1,270,271,completed,180
17698,Rigid,1130829,1130830,1150912,1,20082,20083,completed,144
17699,Rigid,1130832,1130833,1141760,1,10927,10928,completed,144
17700,Rigid,1130856,1130857,1141576,1,10719,10720,completed,144
17701,Rigid,1130885,1130886,1131146,1,260,261,completed,180
17702,Rigid,1130907,1130907,1151161,0,20254,20254,completed,144
17703,Rigid,1131065,1131065,1141106,0,10041,10041,completed,144
17704,Rigid,1131112,1131113,1132315,1,1202,1203,completed,72
17705,Rigid,1131121,1132318,1132320,1197,2,1199,completed,72
17706,Rigid,1131134,1131134,1133355,0,2221,2221,completed,1800
17707,Rigid,1131198,1131198,1131204,0,6,6,completed,36
17708,Rigid,1131433,1131433,1131709,0,276,276,completed,180
17709,Rigid,1131831,1131831,1132009,0,178,178,completed,36
17710,Rigid,1132130,1132131,1132234,1,103,104,completed,72
17711,Rigid,1132283,1132283,1132606,0,323,323,completed,180
17712,Rigid,1132301,1132301,1132404,0,103,103,completed,72
17713,Rigid,1132314,1132314,1142345,0,10031,10031,completed,144
17714,Rigid,1132422,1132422,1252268,0,119846,119846,completed,36
17715,Rigid,1132572,1132573,1132622,1,49,50,completed,216
17716,Rigid,1132627,1132627,1132840,0,213,213,completed,180
17717,Rigid,1132672,1132672,1138235,0,5563,5563,completed,144
17718,Rigid,1132806,1132807,1132810,1,3,4,completed,36
17719,Rigid,1132826,1132827,1133511,1,684,685,completed,36
17720,Rigid,1132871,1132871,1133083,0,212,212,completed,180
17721,Rigid,1132914,1132915,1133087,1,172,173,completed,36
17722,Rigid,1132919,1132920,1446164,1,313244,313245,completed,216
17723,Rigid,1133184,1133185,1133192,1,7,8,completed,72
17724,Rigid,1133261,1133261,1133363,0,102,102,completed,72
17725,Rigid,1133306,1133307,1133314,1,7,8,completed,72
17726,Rigid,1133360,1133364,1139319,4,5955,5959,completed,1800
17727,Rigid,1133414,1133415,1133746,1,331,332,completed,180
17728,Rigid,1133438,1133438,1133540,0,102,102,completed,72
17729,Rigid,1133520,1133541,1133644,21,103,124,completed,72
17730,Rigid,1133542,1133542,1133719,0,177,177,completed,36
17731,Rigid,1133811,1133812,1134025,1,213,214,completed,180
17732,Rigid,1133963,1133964,1134265,1,301,302,completed,36
17733,Rigid,1134134,1134134,1134348,0,214,214,completed,180
17734,Rigid,1134388,1134391,1134688,3,297,300,completed,36
17735,Rigid,1134429,1134430,1134478,1,48,49,completed,72
17736,Rigid,1134537,1134537,1134548,0,11,11,completed,72
17737,Rigid,1134560,1134561,1134767,1,206,207,completed,72
17738,Rigid,1134626,1134627,1134839,1,212,213,completed,180
17739,Rigid,1134721,1134721,1135021,0,300,300,completed,36
17740,Rigid,1134854,1134854,1134859,0,5,5,completed,36
17741,Rigid,1134863,1134863,1135522,0,659,659,completed,36
17742,Rigid,1135016,1135016,1135088,0,72,72,completed,72
17743,Rigid,1135171,1135171,1135383,0,212,212,completed,36
17744,Rigid,1135351,1135352,1135416,1,64,65,completed,36
17745,Rigid,1135551,1135552,1135897,1,345,346,completed,36
17746,Rigid,1135673,1135674,1135845,1,171,172,completed,36
17747,Rigid,1135898,1135898,1136869,0,971,971,completed,1
17748,Rigid,1135898,1135898,1139456,0,3558,3558,completed,1
17749,Rigid,1135898,1135898,1136882,0,984,984,completed,1
17750,Rigid,1135898,1135898,1140095,0,4197,4197,completed,1
17751,Rigid,1135898,1135899,1136893,1,994,995,completed,1
17752,Rigid,1135898,1135899,1139772,1,3873,3874,completed,1
17753,Rigid,1135898,1135899,1136898,1,999,1000,completed,1
17754,Rigid,1135898,1135899,1139007,1,3108,3109,completed,1
17755,Rigid,1135898,1135899,1136792,1,893,894,completed,1
17756,Rigid,1135898,1135899,1139495,1,3596,3597,completed,1
17757,Rigid,1135898,1135899,1136770,1,871,872,completed,1
17758,Rigid,1135898,1135899,1139021,1,3122,3123,completed,1
17759,Rigid,1135898,1135899,1136826,1,927,928,completed,1
17760,Rigid,1135898,1135899,1139383,1,3484,3485,completed,1
17761,Rigid,1135898,1135899,1136781,1,882,883,completed,1
17762,Rigid,1135898,1135899,1139411,1,3512,3513,completed,1
17763,Rigid,1135898,1135899,1136769,1,870,871,completed,1
17764,Rigid,1135898,1135899,1139240,1,3341,3342,completed,1
17765,Rigid,1135898,1135899,1136774,1,875,876,completed,1
17766,Rigid,1135898,1135899,1139389,1,3490,3491,completed,1
17767,Rigid,1135898,1135899,1136803,1,904,905,completed,1
17768,Rigid,1135898,1135899,1139167,1,3268,3269,completed,1
17769,Rigid,1135898,1135899,1136769,1,870,871,completed,1
17770,Rigid,1135898,1135899,1139470,1,3571,3572,completed,1
17771,Rigid,1135898,1135899,1136802,1,903,904,completed,1
17772,Rigid,1135898,1135899,1139423,1,3524,3525,completed,1
17773,Rigid,1135898,1135899,1136779,1,880,881,completed,1
17774,Rigid,1135898,1135899,1139512,1,3613,3614,completed,1
17775,Rigid,1135898,1135899,1136759,1,860,861,completed,1
17776,Rigid,1135898,1135899,1138965,1,3066,3067,completed,1
17777,Rigid,1135898,1135899,1136776,1,877,878,completed,1
17778,Rigid,1135898,1135899,1139416,1,3517,3518,completed,1
17779,Rigid,1135898,1135899,1136779,1,880,881,completed,1
17780,Rigid,1135898,1135899,1139139,1,3240,3241,completed,1
17781,Rigid,1135898,1135899,1136803,1,904,905,completed,1
17782,Rigid,1135898,1135899,1139462,1,3563,3564,completed,1
17783,Rigid,1135898,1135899,1136768,1,869,870,completed,1
17784,Rigid,1135898,1135899,1139276,1,3377,3378,completed,1
17785,Rigid,1135898,1135899,1136756,1,857,858,completed,1
17786,Rigid,1135898,1135899,1139328,1,3429,3430,completed,1
17787,Rigid,1135898,1135899,1136815,1,916,917,completed,1
17788,Rigid,1135898,1135899,1139263,1,3364,3365,completed,1
17789,Rigid,1135898,1135899,1136798,1,899,900,completed,1
17790,Rigid,1135898,1135899,1139494,1,3595,3596,completed,1
17791,Rigid,1135898,1135899,1136805,1,906,907,completed,1
17792,Rigid,1135898,1135899,1139073,1,3174,3175,completed,1
17793,Rigid,1135898,1135899,1136789,1,890,891,completed,1
17794,Rigid,1135898,1135899,1139709,1,3810,3811,completed,1
17795,Rigid,1135898,1135899,1136793,1,894,895,completed,1
17796,Rigid,1135898,1135899,1139294,1,3395,3396,completed,1
17797,Rigid,1135898,1135899,1136817,1,918,919,completed,1
17798,Rigid,1135898,1135899,1139881,1,3982,3983,completed,1
17799,Rigid,1135898,1135899,1136782,1,883,884,completed,1
17800,Rigid,1135898,1135899,1139564,1,3665,3666,completed,1
17801,Rigid,1135898,1135899,1136790,1,891,892,completed,1
17802,Rigid,1135898,1135899,1139437,1,3538,3539,completed,1
17803,Rigid,1135898,1135899,1136766,1,867,868,completed,1
17804,Rigid,1135898,1135899,1138988,1,3089,3090,completed,1
17805,Rigid,1135898,1135899,1136756,1,857,858,completed,1
17806,Rigid,1135898,1135899,1139468,1,3569,3570,completed,1
17807,Rigid,1135898,1135899,1136781,1,882,883,completed,1
17808,Rigid,1135898,1135899,1139116,1,3217,3218,completed,1
17809,Rigid,1135898,1135899,1136770,1,871,872,completed,1
17810,Rigid,1135898,1135899,1139336,1,3437,3438,completed,1
17811,Rigid,1135898,1135899,1136761,1,862,863,completed,1
17812,Rigid,1135898,1135899,1139504,1,3605,3606,completed,1
17813,Rigid,1135898,1135899,1136803,1,904,905,completed,1
17814,Rigid,1135898,1135899,1139767,1,3868,3869,completed,1
17815,Rigid,1135898,1135899,1136762,1,863,864,completed,1
17816,Rigid,1135898,1135899,1139282,1,3383,3384,completed,1
17817,Rigid,1135898,1135899,1136769,1,870,871,completed,1
17818,Rigid,1135898,1135899,1139537,1,3638,3639,completed,1
17819,Rigid,1135898,1135899,1136803,1,904,905,completed,1
17820,Rigid,1135898,1135899,1139251,1,3352,3353,completed,1
17821,Rigid,1135898,1135899,1136767,1,868,869,completed,1
17822,Rigid,1135898,1135899,1139100,1,3201,3202,completed,1
17823,Rigid,1135898,1135899,1136765,1,866,867,completed,1
17824,Rigid,1135898,1135899,1138870,1,2971,2972,completed,1
17825,Rigid,1135898,1135899,1136768,1,869,870,completed,1
17826,Rigid,1135898,1135899,1139283,1,3384,3385,completed,1
17827,Rigid,1135898,1135899,1136771,1,872,873,completed,1
17828,Rigid,1135898,1135899,1139277,1,3378,3379,completed,1
17829,Rigid,1135898,1135899,1136782,1,883,884,completed,1
17830,Rigid,1135898,1135899,1138790,1,2891,2892,completed,1
17831,Rigid,1135898,1135899,1136811,1,912,913,completed,1
17832,Rigid,1135898,1135899,1139267,1,3368,3369,completed,1
17833,Rigid,1135898,1135899,1136770,1,871,872,completed,1
17834,Rigid,1135898,1135899,1139708,1,3809,3810,completed,1
17835,Rigid,1135898,1135899,1136767,1,868,869,completed,1
17836,Rigid,1135898,1135899,1139455,1,3556,3557,completed,1
17837,Rigid,1135898,1135899,1136902,1,1003,1004,completed,1
17838,Rigid,1135898,1135899,1139214,1,3315,3316,completed,1
17839,Rigid,1135898,1135899,1136781,1,882,883,completed,1
17840,Rigid,1135898,1135899,1139458,1,3559,3560,completed,1
17841,Rigid,1135898,1135899,1136767,1,868,869,completed,1
17842,Rigid,1135898,1135899,1139540,1,3641,3642,completed,1
17843,Rigid,1135898,1135899,1136777,1,878,879,completed,1
17844,Rigid,1135898,1135899,1139058,1,3159,3160,completed,1
17845,Rigid,1135898,1135899,1136758,1,859,860,completed,1
17846,Rigid,1135898,1135899,1139089,1,3190,3191,completed,1
17847,Rigid,1135898,1135899,1136681,1,782,783,completed,1
17848,Rigid,1135898,1135899,1137334,1,1435,1436,completed,1
17849,Rigid,1135898,1135899,1136725,1,826,827,completed,1
17850,Rigid,1135898,1135899,1137401,1,1502,1503,completed,1
17851,Rigid,1135898,1135899,1136692,1,793,794,completed,1
17852,Rigid,1135898,1135899,1137264,1,1365,1366,completed,1
17853,Rigid,1135898,1135899,1136665,1,766,767,completed,1
17854,Rigid,1135898,1135899,1137398,1,1499,1500,completed,1
17855,Rigid,1135898,1135899,1136698,1,799,800,completed,1
17856,Rigid,1135898,1135899,1137418,1,1519,1520,completed,1
17857,Rigid,1135898,1135899,1136667,1,768,769,completed,1
17858,Rigid,1135898,1135899,1137286,1,1387,1388,completed,1
17859,Rigid,1135898,1135899,1136725,1,826,827,completed,1
17860,Rigid,1135898,1135899,1137497,1,1598,1599,completed,1
17861,Rigid,1135898,1135899,1136712,1,813,814,completed,1
17862,Rigid,1135898,1135899,1137334,1,1435,1436,completed,1
17863,Rigid,1135898,1135899,1136709,1,810,811,completed,1
17864,Rigid,1135898,1135899,1137261,1,1362,1363,completed,1
17865,Rigid,1135898,1135899,1136719,1,820,821,completed,1
17866,Rigid,1135898,1135899,1137254,1,1355,1356,completed,1
17867,Rigid,1135898,1135899,1136709,1,810,811,completed,1
17868,Rigid,1135898,1135899,1137352,1,1453,1454,completed,1
17869,Rigid,1135898,1135899,1136673,1,774,775,completed,1
17870,Rigid,1135898,1135899,1137315,1,1416,1417,completed,1
17871,Rigid,1135898,1135899,1136677,1,778,779,completed,1
17872,Rigid,1135898,1135899,1137406,1,1507,1508,completed,1
17873,Rigid,1135898,1135899,1136790,1,891,892,completed,1
17874,Rigid,1135898,1135899,1137252,1,1353,1354,completed,1
17875,Rigid,1135898,1135899,1136669,1,770,771,completed,1
17876,Rigid,1135898,1135899,1137274,1,1375,1376,completed,1
17877,Rigid,1135898,1135899,1136682,1,783,784,completed,1
17878,Rigid,1135898,1135899,1137356,1,1457,1458,completed,1
17879,Rigid,1135898,1135899,1136722,1,823,824,completed,1
17880,Rigid,1135898,1135899,1137280,1,1381,1382,completed,1
17881,Rigid,1135898,1135899,1136701,1,802,803,completed,1
17882,Rigid,1135898,1135899,1137295,1,1396,1397,completed,1
17883,Rigid,1135898,1135899,1136712,1,813,814,completed,1
17884,Rigid,1135898,1135899,1137284,1,1385,1386,completed,1
17885,Rigid,1135898,1135900,1136759,2,859,861,completed,1
17886,Rigid,1135898,1135900,1137377,2,1477,1479,completed,1
17887,Rigid,1135898,1135900,1136673,2,773,775,completed,1
17888,Rigid,1135898,1135900,1137313,2,1413,1415,completed,1
17889,Rigid,1135898,1135900,1136668,2,768,770,completed,1
17890,Rigid,1135898,1135900,1137335,2,1435,1437,completed,1
17891,Rigid,1135898,1135900,1136717,2,817,819,completed,1
17892,Rigid,1135898,1135900,1137395,2,1495,1497,completed,1
17893,Rigid,1135898,1135900,1136702,2,802,804,completed,1
17894,Rigid,1135898,1135900,1137307,2,1407,1409,completed,1
17895,Rigid,1135898,1135900,1136705,2,805,807,completed,1
17896,Rigid,1135898,1135900,1137444,2,1544,1546,completed,1
17897,Rigid,1135898,1135900,1136697,2,797,799,completed,1
17898,Rigid,1135898,1135900,1137304,2,1404,1406,completed,1
17899,Rigid,1135898,1135900,1136726,2,826,828,completed,1
17900,Rigid,1135898,1135900,1137270,2,1370,1372,completed,1
17901,Rigid,1135898,1135900,1136717,2,817,819,completed,1
17902,Rigid,1135898,1135900,1137525,2,1625,1627,completed,1
17903,Rigid,1135898,1135900,1136743,2,843,845,completed,1
17904,Rigid,1135898,1135900,1137265,2,1365,1367,completed,1
17905,Rigid,1135898,1135900,1136716,2,816,818,completed,1
17906,Rigid,1135898,1135900,1137290,2,1390,1392,completed,1
17907,Rigid,1135898,1135900,1136701,2,801,803,completed,1
17908,Rigid,1135898,1135900,1137502,2,1602,1604,completed,1
17909,Rigid,1135898,1135900,1136786,2,886,888,completed,1
17910,Rigid,1135898,1135900,1137275,2,1375,1377,completed,1
17911,Rigid,1135898,1135900,1136669,2,769,771,completed,1
17912,Rigid,1135898,1135900,1137311,2,1411,1413,completed,1
17913,Rigid,1135898,1135900,1136670,2,770,772,completed,1
17914,Rigid,1135898,1135900,1137382,2,1482,1484,completed,1
17915,Rigid,1135898,1135900,1136684,2,784,786,completed,1
17916,Rigid,1135898,1135900,1137240,2,1340,1342,completed,1
17917,Rigid,1135898,1135900,1136675,2,775,777,completed,1
17918,Rigid,1135898,1135900,1137244,2,1344,1346,completed,1
17919,Rigid,1135898,1135900,1136723,2,823,825,completed,1
17920,Rigid,1135898,1135900,1137301,2,1401,1403,completed,1
17921,Rigid,1135898,1135900,1136749,2,849,851,completed,1
17922,Rigid,1135898,1135900,1137405,2,1505,1507,completed,1
17923,Rigid,1135898,1135900,1136699,2,799,801,completed,1
17924,Rigid,1135898,1135900,1137297,2,1397,1399,completed,1
17925,Rigid,1135898,1135900,1136708,2,808,810,completed,1
17926,Rigid,1135898,1135900,1137444,2,1544,1546,completed,1
17927,Rigid,1135898,1135900,1136706,2,806,808,completed,1
17928,Rigid,1135898,1135900,1137304,2,1404,1406,completed,1
17929,Rigid,1135898,1135900,1136705,2,805,807,completed,1
17930,Rigid,1135898,1135900,1137330,2,1430,1432,completed,1
17931,Rigid,1135898,1135900,1136677,2,777,779,completed,1
17932,Rigid,1135898,1135900,1137324,2,1424,1426,completed,1
17933,Rigid,1135898,1135900,1136709,2,809,811,completed,1
17934,Rigid,1135898,1135900,1137432,2,1532,1534,completed,1
17935,Rigid,1135898,1135900,1136676,2,776,778,completed,1
17936,Rigid,1135898,1135900,1137265,2,1365,1367,completed,1
17937,Rigid,1135898,1135900,1136693,2,793,795,completed,1
17938,Rigid,1135898,1135900,1137330,2,1430,1432,completed,1
17939,Rigid,1135898,1135900,1136752,2,852,854,completed,1
17940,Rigid,1135898,1135900,1137394,2,1494,1496,completed,1
17941,Rigid,1135898,1135900,1136731,2,831,833,completed,1
17942,Rigid,1135898,1135900,1137373,2,1473,1475,completed,1
17943,Rigid,1135898,1135900,1136763,2,863,865,completed,1
17944,Rigid,1135898,1135900,1137344,2,1444,1446,completed,1
17945,Rigid,1135898,1135900,1136825,2,925,927,completed,1
17946,Rigid,1135898,1135900,1137302,2,1402,1404,completed,1
17947,Rigid,1135898,1135900,1138097,2,2197,2199,completed,1
17948,Rigid,1135898,1135900,1146241,2,10341,10343,completed,1
17949,Rigid,1135898,1135900,1138064,2,2164,2166,completed,1
17950,Rigid,1135898,1135900,1147528,2,11628,11630,completed,1
17951,Rigid,1135898,1135900,1138087,2,2187,2189,completed,1
17952,Rigid,1135898,1135900,1145706,2,9806,9808,completed,1
17953,Rigid,1135898,1135900,1138044,2,2144,2146,completed,1
17954,Rigid,1135898,1135900,1146696,2,10796,10798,completed,1
17955,Rigid,1135898,1135900,1138119,2,2219,2221,completed,1
17956,Rigid,1135898,1135900,1146631,2,10731,10733,completed,1
17957,Rigid,1135898,1135900,1138154,2,2254,2256,completed,1
17958,Rigid,1135898,1135900,1146733,2,10833,10835,completed,1
17959,Rigid,1135898,1135900,1138050,2,2150,2152,completed,1
17960,Rigid,1135898,1135900,1146293,2,10393,10395,completed,1
17961,Rigid,1135898,1135900,1138127,2,2227,2229,completed,1
17962,Rigid,1135898,1135900,1146725,2,10825,10827,completed,1
17963,Rigid,1135898,1135900,1138099,2,2199,2201,completed,1
17964,Rigid,1135898,1135900,1146573,2,10673,10675,completed,1
17965,Rigid,1135898,1135900,1138000,2,2100,2102,completed,1
17966,Rigid,1135898,1135900,1147018,2,11118,11120,completed,1
17967,Rigid,1135898,1135900,1138023,2,2123,2125,completed,1
17968,Rigid,1135898,1135900,1146172,2,10272,10274,completed,1
17969,Rigid,1135898,1135900,1138076,2,2176,2178,completed,1
17970,Rigid,1135898,1135900,1146901,2,11001,11003,completed,1
17971,Rigid,1135898,1135900,1137990,2,2090,2092,completed,1
17972,Rigid,1135898,1135900,1146048,2,10148,10150,completed,1
17973,Rigid,1135898,1135900,1138090,2,2190,2192,completed,1
17974,Rigid,1135898,1135900,1146295,2,10395,10397,completed,1
17975,Rigid,1135898,1135900,1138169,2,2269,2271,completed,1
17976,Rigid,1135898,1135900,1146853,2,10953,10955,completed,1
17977,Rigid,1135898,1135900,1138010,2,2110,2112,completed,1
17978,Rigid,1135898,1135900,1146342,2,10442,10444,completed,1
17979,Rigid,1135898,1135900,1137985,2,2085,2087,completed,1
17980,Rigid,1135898,1135900,1147543,2,11643,11645,completed,1
17981,Rigid,1135898,1135900,1138348,2,2448,2450,completed,1
17982,Rigid,1135898,1135900,1147012,2,11112,11114,completed,1
17983,Rigid,1135898,1135900,1138005,2,2105,2107,completed,1
17984,Rigid,1135898,1135900,1146702,2,10802,10804,completed,1
17985,Rigid,1135898,1135900,1138015,2,2115,2117,completed,1
17986,Rigid,1135898,1135900,1146896,2,10996,10998,completed,1
17987,Rigid,1135898,1135900,1138055,2,2155,2157,completed,1
17988,Rigid,1135898,1135900,1147250,2,11350,11352,completed,1
17989,Rigid,1135898,1135900,1138023,2,2123,2125,completed,1
17990,Rigid,1135898,1135900,1147228,2,11328,11330,completed,1
17991,Rigid,1135898,1135900,1138066,2,2166,2168,completed,1
17992,Rigid,1135898,1135900,1146382,2,10482,10484,completed,1
17993,Rigid,1135898,1135900,1138125,2,2225,2227,completed,1
17994,Rigid,1135898,1135900,1147630,2,11730,11732,completed,1
17995,Rigid,1135898,1135900,1138011,2,2111,2113,completed,1
17996,Rigid,1135898,1135900,1146459,2,10559,10561,completed,1
17997,Rigid,1135898,1135900,1138017,2,2117,2119,completed,1
17998,Rigid,1135898,1135900,1147425,2,11525,11527,completed,1
17999,Rigid,1135898,1135900,1138077,2,2177,2179,completed,1
18000,Rigid,1135898,1135900,1148193,2,12293,12295,completed,1
18001,Rigid,1135898,1135900,1138044,2,2144,2146,completed,1
18002,Rigid,1135898,1135900,1146936,2,11036,11038,completed,1
18003,Rigid,1135898,1135900,1137993,2,2093,2095,completed,1
18004,Rigid,1135898,1135900,1147200,2,11300,11302,completed,1
18005,Rigid,1135898,1135900,1138049,2,2149,2151,completed,1
18006,Rigid,1135898,1135900,1146245,2,10345,10347,completed,1
18007,Rigid,1135898,1135900,1138024,2,2124,2126,completed,1
18008,Rigid,1135898,1135900,1146727,2,10827,10829,completed,1
18009,Rigid,1135898,1135900,1138067,2,2167,2169,completed,1
18010,Rigid,1135898,1135900,1145885,2,9985,9987,completed,1
18011,Rigid,1135898,1135900,1138154,2,2254,2256,completed,1
18012,Rigid,1135898,1135900,1147773,2,11873,11875,completed,1
18013,Rigid,1135898,1135900,1138040,2,2140,2142,completed,1
18014,Rigid,1135898,1135900,1145586,2,9686,9688,completed,1
18015,Rigid,1135898,1135900,1138151,2,2251,2253,completed,1
18016,Rigid,1135898,1135900,1147884,2,11984,11986,completed,1
18017,Rigid,1135898,1135900,1138371,2,2471,2473,completed,1
18018,Rigid,1135898,1135900,1147511,2,11611,11613,completed,1
18019,Rigid,1135898,1135900,1138020,2,2120,2122,completed,1
18020,Rigid,1135898,1135900,1146138,2,10238,10240,completed,1
18021,Rigid,1135898,1135900,1138005,2,2105,2107,completed,1
18022,Rigid,1135898,1135900,1147018,2,11118,11120,completed,1
18023,Rigid,1135898,1135900,1138011,2,2111,2113,completed,1
18024,Rigid,1135898,1135900,1146242,2,10342,10344,completed,1
18025,Rigid,1135898,1135900,1138015,2,2115,2117,completed,1
18026,Rigid,1135898,1135900,1146040,2,10140,10142,completed,1
18027,Rigid,1135898,1135900,1138036,2,2136,2138,completed,1
18028,Rigid,1135898,1135900,1147208,2,11308,11310,completed,1
18029,Rigid,1135898,1135900,1138107,2,2207,2209,completed,1
18030,Rigid,1135898,1135900,1147294,2,11394,11396,completed,1
18031,Rigid,1135898,1135900,1138046,2,2146,2148,completed,1
18032,Rigid,1135898,1135900,1146036,2,10136,10138,completed,1
18033,Rigid,1135898,1135900,1137983,2,2083,2085,completed,1
18034,Rigid,1135898,1135900,1146357,2,10457,10459,completed,1
18035,Rigid,1135898,1135901,1138094,3,2193,2196,completed,1
18036,Rigid,1135898,1135901,1147001,3,11100,11103,completed,1
18037,Rigid,1135898,1135901,1138009,3,2108,2111,completed,1
18038,Rigid,1135898,1135901,1146531,3,10630,10633,completed,1
18039,Rigid,1135898,1135901,1138017,3,2116,2119,completed,1
18040,Rigid,1135898,1135901,1146944,3,11043,11046,completed,1
18041,Rigid,1135898,1135901,1137985,3,2084,2087,completed,1
18042,Rigid,1135898,1135901,1145482,3,9581,9584,completed,1
18043,Rigid,1135898,1135901,1138049,3,2148,2151,completed,1
18044,Rigid,1135898,1135901,1146671,3,10770,10773,completed,1
18045,Rigid,1135898,1135901,1137997,3,2096,2099,completed,1
18046,Rigid,1135898,1135901,1146266,3,10365,10368,completed,1
18047,Rigid,1135898,1135901,1137391,3,1490,1493,completed,1
18048,Rigid,1135898,1135901,1143921,3,8020,8023,completed,1
18049,Rigid,1135898,1135901,1137367,3,1466,1469,completed,1
18050,Rigid,1135898,1135901,1143819,3,7918,7921,completed,1
18051,Rigid,1135898,1135901,1137332,3,1431,1434,completed,1
18052,Rigid,1135898,1135901,1143915,3,8014,8017,completed,1
18053,Rigid,1135898,1135901,1137542,3,1641,1644,completed,1
18054,Rigid,1135898,1135901,1144054,3,8153,8156,completed,1
18055,Rigid,1135898,1135901,1137342,3,1441,1444,completed,1
18056,Rigid,1135898,1135901,1143449,3,7548,7551,completed,1
18057,Rigid,1135898,1135901,1137365,3,1464,1467,completed,1
18058,Rigid,1135898,1135901,1143209,3,7308,7311,completed,1
18059,Rigid,1135898,1135901,1137363,3,1462,1465,completed,1
18060,Rigid,1135898,1135901,1143888,3,7987,7990,completed,1
18061,Rigid,1135898,1135901,1137353,3,1452,1455,completed,1
18062,Rigid,1135898,1135901,1143646,3,7745,7748,completed,1
18063,Rigid,1135898,1135901,1137350,3,1449,1452,completed,1
18064,Rigid,1135898,1135901,1144113,3,8212,8215,completed,1
18065,Rigid,1135898,1135901,1137435,3,1534,1537,completed,1
18066,Rigid,1135898,1135901,1142940,3,7039,7042,completed,1
18067,Rigid,1135898,1135901,1137395,3,1494,1497,completed,1
18068,Rigid,1135898,1135901,1143411,3,7510,7513,completed,1
18069,Rigid,1135898,1135901,1137412,3,1511,1514,completed,1
18070,Rigid,1135898,1135901,1144224,3,8323,8326,completed,1
18071,Rigid,1135898,1135901,1137392,3,1491,1494,completed,1
18072,Rigid,1135898,1135901,1143841,3,7940,7943,completed,1
18073,Rigid,1135898,1135901,1137348,3,1447,1450,completed,1
18074,Rigid,1135898,1135901,1143245,3,7344,7347,completed,1
18075,Rigid,1135898,1135901,1137314,3,1413,1416,completed,1
18076,Rigid,1135898,1135901,1143354,3,7453,7456,completed,1
18077,Rigid,1135898,1135901,1137338,3,1437,1440,completed,1
18078,Rigid,1135898,1135901,1143345,3,7444,7447,completed,1
18079,Rigid,1135898,1135901,1137322,3,1421,1424,completed,1
18080,Rigid,1135898,1135901,1143512,3,7611,7614,completed,1
18081,Rigid,1135898,1135901,1137339,3,1438,1441,completed,1
18082,Rigid,1135898,1135901,1143621,3,7720,7723,completed,1
18083,Rigid,1135898,1135901,1137379,3,1478,1481,completed,1
18084,Rigid,1135898,1135901,1143618,3,7717,7720,completed,1
18085,Rigid,1135898,1135901,1137349,3,1448,1451,completed,1
18086,Rigid,1135898,1135901,1144124,3,8223,8226,completed,1
18087,Rigid,1135898,1135901,1137323,3,1422,1425,completed,1
18088,Rigid,1135898,1135901,1144120,3,8219,8222,completed,1
18089,Rigid,1135898,1135901,1137541,3,1640,1643,completed,1
18090,Rigid,1135898,1135901,1143252,3,7351,7354,completed,1
18091,Rigid,1135898,1135901,1137329,3,1428,1431,completed,1
18092,Rigid,1135898,1135901,1143082,3,7181,7184,completed,1
18093,Rigid,1135898,1135901,1137358,3,1457,1460,completed,1
18094,Rigid,1135898,1135901,1143647,3,7746,7749,completed,1
18095,Rigid,1135898,1135901,1137348,3,1447,1450,completed,1
18096,Rigid,1135898,1135901,1143772,3,7871,7874,completed,1
18097,Rigid,1135898,1135901,1137341,3,1440,1443,completed,1
18098,Rigid,1135898,1135901,1142856,3,6955,6958,completed,1
18099,Rigid,1135898,1135901,1137333,3,1432,1435,completed,1
18100,Rigid,1135898,1135901,1143577,3,7676,7679,completed,1
18101,Rigid,1135898,1135901,1137393,3,1492,1495,completed,1
18102,Rigid,1135898,1135901,1143361,3,7460,7463,completed,1
18103,Rigid,1135898,1135901,1137394,3,1493,1496,completed,1
18104,Rigid,1135898,1135901,1144125,3,8224,8227,completed,1
18105,Rigid,1135898,1135901,1137325,3,1424,1427,completed,1
18106,Rigid,1135898,1135901,1143704,3,7803,7806,completed,1
18107,Rigid,1135898,1135901,1137385,3,1484,1487,completed,1
18108,Rigid,1135898,1135901,1143888,3,7987,7990,completed,1
18109,Rigid,1135898,1135901,1137317,3,1416,1419,completed,1
18110,Rigid,1135898,1135901,1143858,3,7957,7960,completed,1
18111,Rigid,1135898,1135901,1137315,3,1414,1417,completed,1
18112,Rigid,1135898,1135901,1143930,3,8029,8032,completed,1
18113,Rigid,1135898,1135901,1137369,3,1468,1471,completed,1
18114,Rigid,1135898,1135901,1143258,3,7357,7360,completed,1
18115,Rigid,1135898,1135901,1137348,3,1447,1450,completed,1
18116,Rigid,1135898,1135901,1143326,3,7425,7428,completed,1
18117,Rigid,1135898,1135901,1137348,3,1447,1450,completed,1
18118,Rigid,1135898,1135902,1143982,4,8080,8084,completed,1
18119,Rigid,1135898,1135902,1137399,4,1497,1501,completed,1
18120,Rigid,1135898,1135902,1143616,4,7714,7718,completed,1
18121,Rigid,1135898,1135902,1137356,4,1454,1458,completed,1
18122,Rigid,1135898,1135902,1143400,4,7498,7502,completed,1
18123,Rigid,1135898,1135902,1137419,4,1517,1521,completed,1
18124,Rigid,1135898,1135902,1143811,4,7909,7913,completed,1
18125,Rigid,1135898,1135902,1137575,4,1673,1677,completed,1
18126,Rigid,1135898,1135902,1143732,4,7830,7834,completed,1
18127,Rigid,1135898,1135902,1137398,4,1496,1500,completed,1
18128,Rigid,1135898,1135902,1143657,4,7755,7759,completed,1
18129,Rigid,1135898,1135902,1137337,4,1435,1439,completed,1
18130,Rigid,1135898,1135902,1143553,4,7651,7655,completed,1
18131,Rigid,1135898,1135902,1137349,4,1447,1451,completed,1
18132,Rigid,1135898,1135902,1143460,4,7558,7562,completed,1
18133,Rigid,1135898,1135902,1137372,4,1470,1474,completed,1
18134,Rigid,1135898,1135902,1144164,4,8262,8266,completed,1
18135,Rigid,1135898,1135902,1137357,4,1455,1459,completed,1
18136,Rigid,1135898,1135902,1143191,4,7289,7293,completed,1
18137,Rigid,1135898,1135902,1137427,4,1525,1529,completed,1
18138,Rigid,1135898,1135902,1144226,4,8324,8328,completed,1
18139,Rigid,1135898,1135902,1137334,4,1432,1436,completed,1
18140,Rigid,1135898,1135902,1143697,4,7795,7799,completed,1
18141,Rigid,1135898,1135902,1137319,4,1417,1421,completed,1
18142,Rigid,1135898,1135902,1144909,4,9007,9011,completed,1
18143,Rigid,1135898,1135902,1137382,4,1480,1484,completed,1
18144,Rigid,1135898,1135902,1143749,4,7847,7851,completed,1
18145,Rigid,1135898,1135902,1137334,4,1432,1436,completed,1
18146,Rigid,1135898,1135902,1143014,4,7112,7116,completed,1
18147,Rigid,1135898,1135902,1138116,4,2214,2218,completed,1
18148,Rigid,1135898,1135902,1146815,4,10913,10917,completed,1
18149,Rigid,1135898,1135902,1138166,4,2264,2268,completed,1
18150,Rigid,1135898,1135902,1147232,4,11330,11334,completed,1
18151,Rigid,1135898,1135902,1138118,4,2216,2220,completed,1
18152,Rigid,1135898,1135902,1147252,4,11350,11354,completed,1
18153,Rigid,1135898,1135902,1138081,4,2179,2183,completed,1
18154,Rigid,1135898,1135902,1146787,4,10885,10889,completed,1
18155,Rigid,1135898,1135902,1138252,4,2350,2354,completed,1
18156,Rigid,1135898,1135902,1146459,4,10557,10561,completed,1
18157,Rigid,1135898,1135902,1138146,4,2244,2248,completed,1
18158,Rigid,1135898,1135902,1147268,4,11366,11370,completed,1
18159,Rigid,1135898,1135902,1138160,4,2258,2262,completed,1
18160,Rigid,1135898,1135902,1147195,4,11293,11297,completed,1
18161,Rigid,1135898,1135902,1138450,4,2548,2552,completed,1
18162,Rigid,1135898,1135902,1145951,4,10049,10053,completed,1
18163,Rigid,1135898,1135902,1138168,4,2266,2270,completed,1
18164,Rigid,1135898,1135902,1147447,4,11545,11549,completed,1
18165,Rigid,1135898,1135902,1138167,4,2265,2269,completed,1
18166,Rigid,1135898,1135902,1147005,4,11103,11107,completed,1
18167,Rigid,1135898,1135902,1138143,4,2241,2245,completed,1
18168,Rigid,1135898,1135902,1147415,4,11513,11517,completed,1
18169,Rigid,1135898,1135902,1138187,4,2285,2289,completed,1
18170,Rigid,1135898,1135902,1146935,4,11033,11037,completed,1
18171,Rigid,1135898,1135902,1138095,4,2193,2197,completed,1
18172,Rigid,1135898,1135902,1146621,4,10719,10723,completed,1
18173,Rigid,1135898,1135902,1138173,4,2271,2275,completed,1
18174,Rigid,1135898,1135902,1146695,4,10793,10797,completed,1
18175,Rigid,1135898,1135902,1138302,4,2400,2404,completed,1
18176,Rigid,1135898,1135902,1147719,4,11817,11821,completed,1
18177,Rigid,1135898,1135902,1138066,4,2164,2168,completed,1
18178,Rigid,1135898,1135902,1146578,4,10676,10680,completed,1
18179,Rigid,1135898,1135902,1138185,4,2283,2287,completed,1
18180,Rigid,1135898,1135902,1147915,4,12013,12017,completed,1
18181,Rigid,1135898,1135902,1138452,4,2550,2554,completed,1
18182,Rigid,1135898,1135902,1148051,4,12149,12153,completed,1
18183,Rigid,1135898,1135902,1138071,4,2169,2173,completed,1
18184,Rigid,1135898,1135902,1147657,4,11755,11759,completed,1
18185,Rigid,1135898,1135902,1138109,4,2207,2211,completed,1
18186,Rigid,1135898,1135902,1147110,4,11208,11212,completed,1
18187,Rigid,1135898,1135902,1138187,4,2285,2289,completed,1
18188,Rigid,1135898,1135902,1146797,4,10895,10899,completed,1
18189,Rigid,1135898,1135902,1138142,4,2240,2244,completed,1
18190,Rigid,1135898,1135902,1147653,4,11751,11755,completed,1
18191,Rigid,1135898,1135903,1138110,5,2207,2212,completed,1
18192,Rigid,1135898,1135903,1147099,5,11196,11201,completed,1
18193,Rigid,1135898,1135903,1138253,5,2350,2355,completed,1
18194,Rigid,1135898,1135903,1147513,5,11610,11615,completed,1
18195,Rigid,1135898,1135903,1138078,5,2175,2180,completed,1
18196,Rigid,1135898,1135903,1146797,5,10894,10899,completed,1
18197,Rigid,1135898,1135903,1138181,5,2278,2283,completed,1
18198,Rigid,1135898,1135903,1147254,5,11351,11356,completed,1
18199,Rigid,1135898,1135903,1138108,5,2205,2210,completed,1
18200,Rigid,1135898,1135903,1148968,5,13065,13070,completed,1
18201,Rigid,1135898,1135903,1138168,5,2265,2270,completed,1
18202,Rigid,1135898,1135903,1147408,5,11505,11510,completed,1
18203,Rigid,1135898,1135903,1138168,5,2265,2270,completed,1
18204,Rigid,1135898,1135903,1146036,5,10133,10138,completed,1
18205,Rigid,1135898,1135903,1138123,5,2220,2225,completed,1
18206,Rigid,1135898,1135903,1146353,5,10450,10455,completed,1
18207,Rigid,1135898,1135903,1138123,5,2220,2225,completed,1
18208,Rigid,1135898,1135903,1147142,5,11239,11244,completed,1
18209,Rigid,1135898,1135903,1138277,5,2374,2379,completed,1
18210,Rigid,1135898,1135903,1148389,5,12486,12491,completed,1
18211,Rigid,1135898,1135903,1138139,5,2236,2241,completed,1
18212,Rigid,1135898,1135903,1147025,5,11122,11127,completed,1
18213,Rigid,1135898,1135903,1138264,5,2361,2366,completed,1
18214,Rigid,1135898,1135903,1147746,5,11843,11848,completed,1
18215,Rigid,1135898,1135903,1138184,5,2281,2286,completed,1
18216,Rigid,1135898,1135903,1146116,5,10213,10218,completed,1
18217,Rigid,1135898,1135903,1138083,5,2180,2185,completed,1
18218,Rigid,1135898,1135903,1147501,5,11598,11603,completed,1
18219,Rigid,1135898,1135903,1138104,5,2201,2206,completed,1
18220,Rigid,1135898,1135903,1147909,5,12006,12011,completed,1
18221,Rigid,1135898,1135903,1138075,5,2172,2177,completed,1
18222,Rigid,1135898,1135903,1147708,5,11805,11810,completed,1
18223,Rigid,1135898,1135903,1138073,5,2170,2175,completed,1
18224,Rigid,1135898,1135903,1146533,5,10630,10635,completed,1
18225,Rigid,1135898,1135903,1138120,5,2217,2222,completed,1
18226,Rigid,1135898,1135903,1146136,5,10233,10238,completed,1
18227,Rigid,1135898,1135903,1138192,5,2289,2294,completed,1
18228,Rigid,1135898,1135903,1147767,5,11864,11869,completed,1
18229,Rigid,1135898,1135903,1138079,5,2176,2181,completed,1
18230,Rigid,1135898,1135903,1146332,5,10429,10434,completed,1
18231,Rigid,1135898,1135903,1138113,5,2210,2215,completed,1
18232,Rigid,1135898,1135903,1146392,5,10489,10494,completed,1
18233,Rigid,1135898,1135903,1138424,5,2521,2526,completed,1
18234,Rigid,1135898,1135903,1147296,5,11393,11398,completed,1
18235,Rigid,1135898,1135903,1138104,5,2201,2206,completed,1
18236,Rigid,1135898,1135903,1146585,5,10682,10687,completed,1
18237,Rigid,1135898,1135903,1138102,5,2199,2204,completed,1
18238,Rigid,1135898,1135903,1149388,5,13485,13490,completed,1
18239,Rigid,1135898,1135903,1138084,5,2181,2186,completed,1
18240,Rigid,1135898,1135903,1147001,5,11098,11103,completed,1
18241,Rigid,1135898,1135903,1138081,5,2178,2183,completed,1
18242,Rigid,1135898,1135903,1147624,5,11721,11726,completed,1
18243,Rigid,1135898,1135903,1138077,5,2174,2179,completed,1
18244,Rigid,1135898,1135903,1145853,5,9950,9955,completed,1
18245,Rigid,1135898,1135903,1138220,5,2317,2322,completed,1
18246,Rigid,1135898,1135903,1147837,5,11934,11939,completed,1
18247,Rigid,1135907,1135908,1135959,1,51,52,completed,72
18248,Rigid,1135948,1135951,1136200,3,249,252,completed,36
18249,Rigid,1135974,1135975,1135986,1,11,12,completed,72
18250,Rigid,1135992,1135993,1136004,1,11,12,completed,72
18251,Rigid,1136025,1136026,1136233,1,207,208,completed,72
18252,Rigid,1136034,1136035,1136044,1,9,10,completed,72
18253,Rigid,1136077,1136077,1136101,0,24,24,completed,1
18254,Rigid,1136094,1136102,1136348,8,246,254,completed,36
18255,Rigid,1136145,1136201,1136203,56,2,58,completed,32
18256,Rigid,1136242,1136243,1136252,1,9,10,completed,72
18257,Rigid,1136257,1136258,1136286,1,28,29,completed,36
18258,Rigid,1136292,1136292,1136294,0,2,2,completed,32
18259,Rigid,1136314,1136314,1136323,0,9,9,completed,72
18260,Rigid,1136315,1136315,1136317,0,2,2,completed,32
18261,Rigid,1136349,1136349,1136544,0,195,195,completed,36
18262,Rigid,1136364,1136364,1136366,0,2,2,completed,32
18263,Rigid,1136395,1136395,1136399,0,4,4,completed,32
18264,Rigid,1136413,1136413,1136441,0,28,28,completed,36
18265,Rigid,1136420,1136420,1136424,0,4,4,completed,32
18266,Rigid,1136426,1136426,1136430,0,4,4,completed,32
18267,Rigid,1136445,1136445,1136449,0,4,4,completed,32
18268,Rigid,1136457,1136458,1137129,1,671,672,completed,36
18269,Rigid,1136489,1136489,1136494,0,5,5,completed,32
18270,Rigid,1136498,1136498,1136501,0,3,3,completed,32
18271,Rigid,1136504,1136504,1136507,0,3,3,completed,32
18272,Rigid,1136527,1136527,1136531,0,4,4,completed,16
18273,Rigid,1136539,1136539,1136544,0,5,5,completed,24
18274,Rigid,1136553,1136553,1136558,0,5,5,completed,16
18275,Rigid,1136569,1136569,1136574,0,5,5,completed,12
18276,Rigid,1136583,1136583,1136590,0,7,7,completed,8
18277,Rigid,1136601,1136601,1136606,0,5,5,completed,12
18278,Rigid,1136615,1136615,1136622,0,7,7,completed,6
18279,Rigid,1136629,1136629,1136638,0,9,9,completed,4
18280,Rigid,1136645,1136645,1136657,0,12,12,completed,2
18281,Rigid,1136666,1136666,1136689,0,23,23,completed,1
18282,Rigid,1136931,1136931,1156352,0,19421,19421,completed,26
18283,Rigid,1137010,1137010,1137019,0,9,9,completed,72
18284,Rigid,1137155,1137156,1137175,1,19,20,completed,36
18285,Rigid,1137196,1137196,1137292,0,96,96,completed,36
18286,Rigid,1137199,1137199,1137222,0,23,23,completed,1
18287,Rigid,1137251,1137251,1137264,0,13,13,completed,2
18288,Rigid,1137289,1137290,1137299,1,9,10,completed,4
18289,Rigid,1137292,1137294,1137372,2,78,80,completed,36
18290,Rigid,1137314,1137314,1137324,0,10,10,completed,4
18291,Rigid,1137331,1137331,1137338,0,7,7,completed,6
18292,Rigid,1137363,1137364,1137371,1,7,8,completed,8
18293,Rigid,1137367,1137374,1137419,7,45,52,completed,36
18294,Rigid,1137396,1137396,1137400,0,4,4,completed,12
18295,Rigid,1137421,1137421,1137467,0,46,46,completed,36
18296,Rigid,1137424,1137424,1137428,0,4,4,completed,16
18297,Rigid,1137432,1137432,1137436,0,4,4,completed,16
18298,Rigid,1137441,1137441,1137446,0,5,5,completed,16
18299,Rigid,1137469,1137469,1138052,0,583,583,completed,72
18300,Rigid,1137470,1137470,1137473,0,3,3,completed,24
18301,Rigid,1137493,1137493,1137497,0,4,4,completed,32
18302,Rigid,1137494,1137494,1137571,0,77,77,completed,36
18303,Rigid,1137502,1137502,1137505,0,3,3,completed,32
18304,Rigid,1137506,1137506,1137515,0,9,9,completed,72
18305,Rigid,1137507,1137507,1137511,0,4,4,completed,32
18306,Rigid,1137543,1137543,1137547,0,4,4,completed,32
18307,Rigid,1137559,1137559,1137563,0,4,4,completed,32
18308,Rigid,1137565,1137565,1137569,0,4,4,completed,32
18309,Rigid,1137572,1137572,1137576,0,4,4,completed,32
18310,Rigid,1137605,1137605,1137623,0,18,18,completed,72
18311,Rigid,1137615,1137615,1137619,0,4,4,completed,24
18312,Rigid,1137637,1137637,1137642,0,5,5,completed,16
18313,Rigid,1137663,1137663,1137668,0,5,5,completed,12
18314,Rigid,1137701,1137701,1137707,0,6,6,completed,8
18315,Rigid,1137714,1137715,1137724,1,9,10,completed,72
18316,Rigid,1137759,1137759,1137774,0,15,15,completed,72
18317,Rigid,1137784,1137785,1138379,1,594,595,completed,36
18318,Rigid,1137823,1137823,1137841,0,18,18,completed,72
18319,Rigid,1137835,1137835,1137837,0,2,2,completed,36
18320,Rigid,1137908,1137908,1138239,0,331,331,completed,72
18321,Rigid,1138078,1138078,1138086,0,8,8,completed,6
18322,Rigid,1138088,1138088,1138096,0,8,8,completed,6
18323,Rigid,1138098,1138098,1138355,0,257,257,completed,36
18324,Rigid,1138160,1138160,1138171,0,11,11,completed,4
18325,Rigid,1138194,1138194,1138207,0,13,13,completed,2
18326,Rigid,1138225,1138225,1138248,0,23,23,completed,1
18327,Rigid,1138297,1138297,1138321,0,24,24,completed,1
18328,Rigid,1138321,1138322,1138556,1,234,235,completed,36
18329,Rigid,1138323,1138326,1138541,3,215,218,completed,180
18330,Rigid,1138398,1138399,1138406,1,7,8,completed,36
18331,Rigid,1138483,1138483,1138495,0,12,12,completed,2
18332,Rigid,1138514,1138514,1138524,0,10,10,completed,4
18333,Rigid,1138543,1138543,1138550,0,7,7,completed,6
18334,Rigid,1138570,1138570,1138578,0,8,8,completed,8
18335,Rigid,1138575,1138576,1138668,1,92,93,completed,36
18336,Rigid,1138592,1138593,1138835,1,242,243,completed,36
18337,Rigid,1138594,1138594,1138601,0,7,7,completed,8
18338,Rigid,1138604,1138604,1138610,0,6,6,completed,8
18339,Rigid,1138612,1138612,1138619,0,7,7,completed,8
18340,Rigid,1138621,1138621,1138627,0,6,6,completed,8
18341,Rigid,1138629,1138629,1138636,0,7,7,completed,8
18342,Rigid,1138651,1138652,1225059,1,86407,86408,completed,1
18343,Rigid,1138663,1138663,1138668,0,5,5,completed,12
18344,Rigid,1138696,1138696,1138701,0,5,5,completed,16
18345,Rigid,1138727,1138727,1138731,0,4,4,completed,24
18346,Rigid,1138747,1138747,1138751,0,4,4,completed,24
18347,Rigid,1138753,1138753,1138760,0,7,7,completed,24
18348,Rigid,1138786,1138786,1138790,0,4,4,completed,32
18349,Rigid,1138793,1138794,1139000,1,206,207,completed,72
18350,Rigid,1138799,1138799,1138802,0,3,3,completed,32
18351,Rigid,1138805,1138805,1138809,0,4,4,completed,32
18352,Rigid,1138810,1138810,1138813,0,3,3,completed,32
18353,Rigid,1138815,1138815,1138818,0,3,3,completed,32
18354,Rigid,1138820,1138820,1138823,0,3,3,completed,32
18355,Rigid,1138824,1138824,1138828,0,4,4,completed,32
18356,Rigid,1138836,1138836,1138840,0,4,4,completed,32
18357,Rigid,1138842,1138842,1138848,0,6,6,completed,32
18358,Rigid,1138845,1138846,1138910,1,64,65,completed,36
18359,Rigid,1138878,1138878,1139101,0,223,223,completed,36
18360,Rigid,1138885,1138885,1138888,0,3,3,completed,32
18361,Rigid,1138888,1138888,1139287,0,399,399,completed,36
18362,Rigid,1138893,1138893,1138897,0,4,4,completed,32
18363,Rigid,1138900,1138900,1138904,0,4,4,completed,32
18364,Rigid,1138902,1138911,1139165,9,254,263,completed,72
18365,Rigid,1138920,1139103,1139107,183,4,187,completed,32
18366,Rigid,1139014,1139014,1150885,0,11871,11871,completed,144
18367,Rigid,1139032,1139033,1139050,1,17,18,completed,72
18368,Rigid,1139075,1139169,1139232,94,63,157,completed,72
18369,Rigid,1139093,1139094,1139299,1,205,206,completed,72
18370,Rigid,1139093,1139233,1139830,140,597,737,completed,72
18371,Rigid,1139100,1139100,1139555,0,455,455,completed,36
18372,Rigid,1139274,1139274,1139514,0,240,240,completed,108
18373,Rigid,1139299,1139299,1139526,0,227,227,completed,36
18374,Rigid,1139366,1139367,1139406,1,39,40,completed,36
18375,Rigid,1139453,1139454,1139493,1,39,40,completed,36
18376,Rigid,1139477,1139478,1139691,1,213,214,completed,36
18377,Rigid,1139487,1139487,1139783,0,296,296,completed,36
18378,Rigid,1139540,1139540,1139579,0,39,39,completed,36
18379,Rigid,1139601,1139601,1139915,0,314,314,completed,72
18380,Rigid,1139639,1139639,1139678,0,39,39,completed,36
18381,Rigid,1139650,1139650,1144656,0,5006,5006,completed,432
18382,Rigid,1139654,1139654,1139718,0,64,64,completed,36
18383,Rigid,1139722,1139722,1139763,0,41,41,completed,36
18384,Rigid,1139799,1139800,1139840,1,40,41,completed,36
18385,Rigid,1139823,1139838,1140045,15,207,222,completed,72
18386,Rigid,1139881,1139882,1139923,1,41,42,completed,36
18387,Rigid,1139903,1139903,1139946,0,43,43,completed,36
18388,Rigid,1139948,1139948,1139963,0,15,15,completed,36
18389,Rigid,1139976,1139977,1148456,1,8479,8480,completed,432
18390,Rigid,1139977,1139981,1140060,4,79,83,completed,36
18391,Rigid,1139992,1139992,1140008,0,16,16,completed,36
18392,Rigid,1140030,1140031,1140335,1,304,305,completed,36
18393,Rigid,1140031,1140035,1140078,4,43,47,completed,36
18394,Rigid,1140130,1140130,1140193,0,63,63,completed,72
18395,Rigid,1140171,1140172,1140205,1,33,34,completed,36
18396,Rigid,1140285,1140285,1140362,0,77,77,completed,36
18397,Rigid,1140324,1140324,1140355,0,31,31,completed,36
18398,Rigid,1140394,1140394,1140400,0,6,6,completed,36
18399,Rigid,1140472,1140472,1140478,0,6,6,completed,36
18400,Rigid,1140546,1140546,1140552,0,6,6,completed,36
18401,Rigid,1140548,1140550,1140560,2,10,12,completed,36
18402,Rigid,1140625,1140625,1140684,0,59,59,completed,72
18403,Rigid,1140664,1140664,1140746,0,82,82,completed,36
18404,Rigid,1140714,1140714,1140790,0,76,76,completed,36
18405,Rigid,1140722,1140722,1140786,0,64,64,completed,36
18406,Rigid,1140735,1140792,1140880,57,88,145,completed,36
18407,Rigid,1140735,1140736,1141065,1,329,330,completed,72
18408,Rigid,1140849,1140849,1141235,0,386,386,completed,36
18409,Rigid,1140863,1140863,1140918,0,55,55,completed,432
18410,Rigid,1140877,1140877,1140924,0,47,47,completed,36
18411,Rigid,1140886,1140886,1140941,0,55,55,completed,36
18412,Rigid,1140960,1140960,1140967,0,7,7,completed,36
18413,Rigid,1140985,1140985,1140994,0,9,9,completed,72
18414,Rigid,1140986,1140987,1151549,1,10562,10563,completed,432
18415,Rigid,1140994,1140995,1141822,1,827,828,completed,36
18416,Rigid,1141007,1141008,1161024,1,20016,20017,completed,144
18417,Rigid,1141017,1141018,1141035,1,17,18,completed,36
18418,Rigid,1141050,1141051,1141113,1,62,63,completed,36
18419,Rigid,1141106,1141106,1160996,0,19890,19890,completed,144
18420,Rigid,1141138,1141138,1142345,0,1207,1207,completed,36
18421,Rigid,1141141,1141142,1141405,1,263,264,completed,36
18422,Rigid,1141222,1141223,1141236,1,13,14,completed,36
18423,Rigid,1141243,1141244,1151537,1,10293,10294,completed,432
18424,Rigid,1141248,1141249,1160132,1,18883,18884,completed,144
18425,Rigid,1141250,1141250,1141259,0,9,9,completed,72
18426,Rigid,1141359,1141359,1141685,0,326,326,completed,72
18427,Rigid,1141384,1141384,1141568,0,184,184,completed,36
18428,Rigid,1141386,1141388,1141550,2,162,164,completed,36
18429,Rigid,1141427,1141428,1141503,1,75,76,completed,36
18430,Rigid,1141444,1141505,1141580,61,75,136,completed,36
18431,Rigid,1141511,1141512,1141564,1,52,53,completed,36
18432,Rigid,1141522,1141523,1141532,1,9,10,completed,72
18433,Rigid,1141576,1141577,1153114,1,11537,11538,completed,144
18434,Rigid,1141577,1141578,1141581,1,3,4,completed,36
18435,Rigid,1141584,1141585,1141637,1,52,53,completed,36
18436,Rigid,1141595,1141595,1141601,0,6,6,completed,36
18437,Rigid,1141635,1141636,1141656,1,20,21,completed,360
18438,Rigid,1141673,1141673,1141937,0,264,264,completed,360
18439,Rigid,1141760,1141761,1152691,1,10930,10931,completed,144
18440,Rigid,1141830,1141831,1217451,1,75620,75621,completed,36
18441,Rigid,1141954,1141955,1161472,1,19517,19518,completed,8
18442,Rigid,1141963,1141964,1142008,1,44,45,completed,36
18443,Rigid,1141969,1141970,1314065,1,172095,172096,completed,360
18444,Rigid,1141969,1141970,1142175,1,205,206,completed,72
18445,Rigid,1141988,1142011,1142054,23,43,66,completed,36
18446,Rigid,1142012,1142013,1142029,1,16,17,completed,36
18447,Rigid,1142069,1142071,1142116,2,45,47,completed,36
18448,Rigid,1142074,1142075,1218983,1,76908,76909,completed,360
18449,Rigid,1142117,1142118,1142124,1,6,7,completed,36
18450,Rigid,1142141,1142142,1142151,1,9,10,completed,72
18451,Rigid,1142149,1142149,1142195,0,46,46,completed,36
18452,Rigid,1142165,1142165,1142474,0,309,309,completed,36
18453,Rigid,1142298,1142299,1142304,1,5,6,completed,36
18454,Rigid,1142345,1142345,1162288,0,19943,19943,completed,144
18455,Rigid,1142399,1142400,1142414,1,14,15,completed,36
18456,Rigid,1142449,1142450,1142459,1,9,10,completed,72
18457,Rigid,1142624,1142624,1142628,0,4,4,completed,32
18458,Rigid,1142664,1142664,1142668,0,4,4,completed,24
18459,Rigid,1142665,1142666,1142676,1,10,11,completed,72
18460,Rigid,1142697,1142697,1142702,0,5,5,completed,16
18461,Rigid,1142721,1142721,1142726,0,5,5,completed,12
18462,Rigid,1142741,1142741,1142748,0,7,7,completed,8
18463,Rigid,1142779,1142779,1142808,0,29,29,completed,180
18464,Rigid,1142825,1142825,1142836,0,11,11,completed,72
18465,Rigid,1142845,1142845,1142853,0,8,8,completed,6
18466,Rigid,1142891,1142891,1143105,0,214,214,completed,180
18467,Rigid,1142938,1142938,1142948,0,10,10,completed,4
18468,Rigid,1142938,1142938,1143354,0,416,416,completed,36
18469,Rigid,1142964,1142964,1142976,0,12,12,completed,2
18470,Rigid,1142982,1142983,1154551,1,11568,11569,completed,144
18471,Rigid,1143021,1143022,1151631,1,8609,8610,completed,1
18472,Rigid,1143021,1143022,1211801,1,68779,68780,completed,1
18473,Rigid,1143021,1143022,1152681,1,9659,9660,completed,1
18474,Rigid,1143021,1143022,1205481,1,62459,62460,completed,1
18475,Rigid,1143021,1143022,1151690,1,8668,8669,completed,1
18476,Rigid,1143021,1143022,1204163,1,61141,61142,completed,1
18477,Rigid,1143021,1143022,1150642,1,7620,7621,completed,1
18478,Rigid,1143021,1143022,1197013,1,53991,53992,completed,1
18479,Rigid,1143021,1143022,1150632,1,7610,7611,completed,1
18480,Rigid,1143021,1143022,1199033,1,56011,56012,completed,1
18481,Rigid,1143021,1143022,1151040,1,8018,8019,completed,1
18482,Rigid,1143021,1143022,1203358,1,60336,60337,completed,1
18483,Rigid,1143021,1143022,1150479,1,7457,7458,completed,1
18484,Rigid,1143021,1143022,1195369,1,52347,52348,completed,1
18485,Rigid,1143021,1143022,1150819,1,7797,7798,completed,1
18486,Rigid,1143021,1143022,1202816,1,59794,59795,completed,1
18487,Rigid,1143021,1143022,1150527,1,7505,7506,completed,1
18488,Rigid,1143021,1143022,1199738,1,56716,56717,completed,1
18489,Rigid,1143021,1143022,1150561,1,7539,7540,completed,1
18490,Rigid,1143021,1143022,1196385,1,53363,53364,completed,1
18491,Rigid,1143021,1143022,1150661,1,7639,7640,completed,1
18492,Rigid,1143021,1143022,1198116,1,55094,55095,completed,1
18493,Rigid,1143021,1143022,1150432,1,7410,7411,completed,1
18494,Rigid,1143021,1143022,1197610,1,54588,54589,completed,1
18495,Rigid,1143021,1143022,1150432,1,7410,7411,completed,1
18496,Rigid,1143021,1143022,1200596,1,57574,57575,completed,1
18497,Rigid,1143021,1143022,1150944,1,7922,7923,completed,1
18498,Rigid,1143021,1143022,1195456,1,52434,52435,completed,1
18499,Rigid,1143021,1143022,1150644,1,7622,7623,completed,1
18500,Rigid,1143021,1143022,1201044,1,58022,58023,completed,1
18501,Rigid,1143021,1143022,1150875,1,7853,7854,completed,1
18502,Rigid,1143021,1143022,1201345,1,58323,58324,completed,1
18503,Rigid,1143021,1143022,1150543,1,7521,7522,completed,1
18504,Rigid,1143021,1143022,1200376,1,57354,57355,completed,1
18505,Rigid,1143021,1143022,1150847,1,7825,7826,completed,1
18506,Rigid,1143021,1143022,1197216,1,54194,54195,completed,1
18507,Rigid,1143021,1143022,1150633,1,7611,7612,completed,1
18508,Rigid,1143021,1143022,1204013,1,60991,60992,completed,1
18509,Rigid,1143021,1143022,1150538,1,7516,7517,completed,1
18510,Rigid,1143021,1143022,1201139,1,58117,58118,completed,1
18511,Rigid,1143021,1143022,1150816,1,7794,7795,completed,1
18512,Rigid,1143021,1143022,1203417,1,60395,60396,completed,1
18513,Rigid,1143021,1143022,1150795,1,7773,7774,completed,1
18514,Rigid,1143021,1143022,1198542,1,55520,55521,completed,1
18515,Rigid,1143021,1143022,1150678,1,7656,7657,completed,1
18516,Rigid,1143021,1143022,1200018,1,56996,56997,completed,1
18517,Rigid,1143021,1143022,1150765,1,7743,7744,completed,1
18518,Rigid,1143021,1143022,1195190,1,52168,52169,completed,1
18519,Rigid,1143021,1143022,1150440,1,7418,7419,completed,1
18520,Rigid,1143021,1143022,1203368,1,60346,60347,completed,1
18521,Rigid,1143021,1143022,1150692,1,7670,7671,completed,1
18522,Rigid,1143021,1143022,1201987,1,58965,58966,completed,1
18523,Rigid,1143021,1143022,1150533,1,7511,7512,completed,1
18524,Rigid,1143021,1143022,1200267,1,57245,57246,completed,1
18525,Rigid,1143021,1143022,1150454,1,7432,7433,completed,1
18526,Rigid,1143021,1143022,1199780,1,56758,56759,completed,1
18527,Rigid,1143021,1143022,1150388,1,7366,7367,completed,1
18528,Rigid,1143021,1143022,1199655,1,56633,56634,completed,1
18529,Rigid,1143021,1143022,1150820,1,7798,7799,completed,1
18530,Rigid,1143021,1143022,1195280,1,52258,52259,completed,1
18531,Rigid,1143021,1143022,1150625,1,7603,7604,completed,1
18532,Rigid,1143021,1143022,1196229,1,53207,53208,completed,1
18533,Rigid,1143021,1143022,1151090,1,8068,8069,completed,1
18534,Rigid,1143021,1143022,1198010,1,54988,54989,completed,1
18535,Rigid,1143021,1143022,1150357,1,7335,7336,completed,1
18536,Rigid,1143021,1143022,1195303,1,52281,52282,completed,1
18537,Rigid,1143021,1143022,1150638,1,7616,7617,completed,1
18538,Rigid,1143021,1143022,1192555,1,49533,49534,completed,1
18539,Rigid,1143021,1143022,1150524,1,7502,7503,completed,1
18540,Rigid,1143021,1143022,1197184,1,54162,54163,completed,1
18541,Rigid,1143021,1143022,1150380,1,7358,7359,completed,1
18542,Rigid,1143021,1143022,1198492,1,55470,55471,completed,1
18543,Rigid,1143021,1143022,1151424,1,8402,8403,completed,1
18544,Rigid,1143021,1143022,1196422,1,53400,53401,completed,1
18545,Rigid,1143021,1143022,1150508,1,7486,7487,completed,1
18546,Rigid,1143021,1143022,1197031,1,54009,54010,completed,1
18547,Rigid,1143021,1143022,1150405,1,7383,7384,completed,1
18548,Rigid,1143021,1143022,1198359,1,55337,55338,completed,1
18549,Rigid,1143021,1143022,1150939,1,7917,7918,completed,1
18550,Rigid,1143021,1143022,1201436,1,58414,58415,completed,1
18551,Rigid,1143021,1143022,1150816,1,7794,7795,completed,1
18552,Rigid,1143021,1143022,1213701,1,70679,70680,completed,1
18553,Rigid,1143021,1143022,1150579,1,7557,7558,completed,1
18554,Rigid,1143021,1143022,1204510,1,61488,61489,completed,1
18555,Rigid,1143021,1143022,1150427,1,7405,7406,completed,1
18556,Rigid,1143021,1143022,1202724,1,59702,59703,completed,1
18557,Rigid,1143021,1143022,1150590,1,7568,7569,completed,1
18558,Rigid,1143021,1143022,1197082,1,54060,54061,completed,1
18559,Rigid,1143021,1143022,1150903,1,7881,7882,completed,1
18560,Rigid,1143021,1143022,1200926,1,57904,57905,completed,1
18561,Rigid,1143021,1143022,1150829,1,7807,7808,completed,1
18562,Rigid,1143021,1143022,1197929,1,54907,54908,completed,1
18563,Rigid,1143021,1143022,1150658,1,7636,7637,completed,1
18564,Rigid,1143021,1143022,1200914,1,57892,57893,completed,1
18565,Rigid,1143021,1143022,1150616,1,7594,7595,completed,1
18566,Rigid,1143021,1143022,1197880,1,54858,54859,completed,1
18567,Rigid,1143021,1143022,1150677,1,7655,7656,completed,1
18568,Rigid,1143021,1143022,1202975,1,59953,59954,completed,1
18569,Rigid,1143021,1143022,1150448,1,7426,7427,completed,1
18570,Rigid,1143021,1143022,1198258,1,55236,55237,completed,1
18571,Rigid,1143031,1143031,1143055,0,24,24,completed,1
18572,Rigid,1143063,1143063,1143073,0,10,10,completed,72
18573,Rigid,1143090,1143090,1143094,0,4,4,completed,32
18574,Rigid,1143105,1143106,1143192,1,86,87,completed,180
18575,Rigid,1143133,1143133,1143346,0,213,213,completed,180
18576,Rigid,1143149,1143149,1143159,0,10,10,completed,32
18577,Rigid,1143188,1143188,1143192,0,4,4,completed,32
18578,Rigid,1143196,1143196,1143273,0,77,77,completed,36
18579,Rigid,1143196,1143196,1143199,0,3,3,completed,32
18580,Rigid,1143217,1143217,1143228,0,11,11,completed,32
18581,Rigid,1143308,1143308,1143311,0,3,3,completed,32
18582,Rigid,1143317,1143317,1143327,0,10,10,completed,32
18583,Rigid,1143322,1143322,1143890,0,568,568,completed,180
18584,Rigid,1143350,1143350,1143365,0,15,15,completed,36
18585,Rigid,1143369,1143369,1143445,0,76,76,completed,36
18586,Rigid,1143371,1143373,1143657,2,284,286,completed,144
18587,Rigid,1143376,1143376,1143388,0,12,12,completed,32
18588,Rigid,1143390,1143390,1143400,0,10,10,completed,32
18589,Rigid,1143443,1143443,1143453,0,10,10,completed,72
18590,Rigid,1143450,1143450,1143454,0,4,4,completed,32
18591,Rigid,1143506,1143506,1143510,0,4,4,completed,32
18592,Rigid,1143530,1143530,1143735,0,205,205,completed,72
18593,Rigid,1143540,1143540,1143544,0,4,4,completed,24
18594,Rigid,1143553,1143554,1143774,1,220,221,completed,180
18595,Rigid,1143560,1143561,1143641,1,80,81,completed,36
18596,Rigid,1143563,1143643,1143718,80,75,155,completed,36
18597,Rigid,1143568,1143568,1143573,0,5,5,completed,16
18598,Rigid,1143604,1143604,1143609,0,5,5,completed,12
18599,Rigid,1143635,1143636,1143646,1,10,11,completed,72
18600,Rigid,1143644,1143644,1143651,0,7,7,completed,8
18601,Rigid,1143681,1143681,1143688,0,7,7,completed,6
18602,Rigid,1143683,1143683,1151531,0,7848,7848,completed,432
18603,Rigid,1143699,1143699,1143785,0,86,86,completed,36
18604,Rigid,1143703,1143703,1143713,0,10,10,completed,4
18605,Rigid,1143733,1143733,1143746,0,13,13,completed,2
18606,Rigid,1143763,1143763,1143786,0,23,23,completed,1
18607,Rigid,1143838,1143839,1143896,1,57,58,completed,36
18608,Rigid,1143839,1143839,1143896,0,57,57,completed,36
18609,Rigid,1143839,1143843,1143895,4,52,56,completed,36
18610,Rigid,1143840,1143843,1143896,3,53,56,completed,36
18611,Rigid,1143840,1143843,1143896,3,53,56,completed,36
18612,Rigid,1143841,1143843,1143895,2,52,54,completed,36
18613,Rigid,1143841,1143843,1143895,2,52,54,completed,36
18614,Rigid,1143846,1143847,1143857,1,10,11,completed,72
18615,Rigid,1143851,1143852,1143932,1,80,81,completed,36
18616,Rigid,1143876,1143876,1143883,0,7,7,completed,36
18617,Rigid,1143876,1143880,1144007,4,127,131,completed,36
18618,Rigid,1143906,1143934,1144023,28,89,117,completed,36
18619,Rigid,1143919,1143919,1143923,0,4,4,completed,32
18620,Rigid,1143938,1143938,1143942,0,4,4,completed,32
18621,Rigid,1143944,1143944,1143949,0,5,5,completed,32
18622,Rigid,1143948,1143948,1143954,0,6,6,completed,36
18623,Rigid,1143957,1143957,1147633,0,3676,3676,completed,432
18624,Rigid,1143973,1144024,1144141,51,117,168,completed,36
18625,Rigid,1143983,1143983,1143986,0,3,3,completed,32
18626,Rigid,1144009,1144009,1144016,0,7,7,completed,36
18627,Rigid,1144024,1144024,1144119,0,95,95,completed,72
18628,Rigid,1144024,1144024,1144029,0,5,5,completed,32
18629,Rigid,1144032,1144032,1144037,0,5,5,completed,32
18630,Rigid,1144102,1144102,1144307,0,205,205,completed,72
18631,Rigid,1144117,1144142,1144222,25,80,105,completed,36
18632,Rigid,1144134,1144135,1144191,1,56,57,completed,36
18633,Rigid,1144134,1144135,1144191,1,56,57,completed,36
18634,Rigid,1144135,1144135,1144191,0,56,56,completed,36
18635,Rigid,1144135,1144135,1144138,0,3,3,completed,72
18636,Rigid,1144135,1144142,1144192,7,50,57,completed,36
18637,Rigid,1144135,1144142,1144192,7,50,57,completed,36
18638,Rigid,1144136,1144192,1144239,56,47,103,completed,36
18639,Rigid,1144136,1144193,1144240,57,47,104,completed,36
18640,Rigid,1144137,1144193,1144239,56,46,102,completed,36
18641,Rigid,1144144,1144144,1144148,0,4,4,completed,32
18642,Rigid,1144150,1144151,1144359,1,208,209,completed,36
18643,Rigid,1144159,1144159,1144163,0,4,4,completed,32
18644,Rigid,1144171,1144171,1144175,0,4,4,completed,32
18645,Rigid,1144189,1144192,1144202,3,10,13,completed,72
18646,Rigid,1144198,1144198,1144202,0,4,4,completed,32
18647,Rigid,1144203,1144203,1144207,0,4,4,completed,32
18648,Rigid,1144208,1144208,1144212,0,4,4,completed,32
18649,Rigid,1144210,1144224,1144309,14,85,99,completed,36
18650,Rigid,1144214,1144214,1144217,0,3,3,completed,32
18651,Rigid,1144219,1144219,1144223,0,4,4,completed,32
18652,Rigid,1144231,1144231,1144235,0,4,4,completed,32
18653,Rigid,1144233,1144659,1151522,426,6863,7289,completed,432
18654,Rigid,1144236,1144236,1144240,0,4,4,completed,32
18655,Rigid,1144302,1144302,1144306,0,4,4,completed,32
18656,Rigid,1144304,1144307,1144370,3,63,66,completed,72
18657,Rigid,1144306,1144316,1144322,10,6,16,completed,36
18658,Rigid,1144308,1144311,1144314,3,3,6,completed,32
18659,Rigid,1144318,1144324,1144330,6,6,12,completed,32
18660,Rigid,1144334,1144334,1144338,0,4,4,completed,32
18661,Rigid,1144341,1144341,1144345,0,4,4,completed,32
18662,Rigid,1144349,1147655,1151505,3306,3850,7156,completed,432
18663,Rigid,1144350,1144350,1144354,0,4,4,completed,32
18664,Rigid,1144416,1144416,1144505,0,89,89,completed,72
18665,Rigid,1144421,1144421,1144437,0,16,16,completed,72
18666,Rigid,1144465,1144466,1144476,1,10,11,completed,72
18667,Rigid,1144515,1144515,1144525,0,10,10,completed,72
18668,Rigid,1144533,1144533,1144536,0,3,3,completed,32
18669,Rigid,1144540,1144540,1144543,0,3,3,completed,32
18670,Rigid,1144569,1144569,1144623,0,54,54,completed,72
18671,Rigid,1144575,1144575,1144598,0,23,23,completed,1
18672,Rigid,1144620,1144620,1144633,0,13,13,completed,2
18673,Rigid,1144623,1144624,1144835,1,211,212,completed,216
18674,Rigid,1144649,1144649,1144659,0,10,10,completed,4
18675,Rigid,1144662,1144663,1144781,1,118,119,completed,36
18676,Rigid,1144668,1144836,1144846,168,10,178,completed,72
18677,Rigid,1144679,1144679,1144687,0,8,8,completed,6
18678,Rigid,1144687,1144687,1144695,0,8,8,completed,36
18679,Rigid,1144703,1144703,1144710,0,7,7,completed,8
18680,Rigid,1144751,1144751,1144755,0,4,4,completed,12
18681,Rigid,1144763,1144764,1144771,1,7,8,completed,36
18682,Rigid,1144771,1144771,1144776,0,5,5,completed,16
18683,Rigid,1144792,1144792,1144796,0,4,4,completed,24
18684,Rigid,1144808,1144808,1144812,0,4,4,completed,24
18685,Rigid,1144817,1144817,1144820,0,3,3,completed,24
18686,Rigid,1144822,1144822,1144827,0,5,5,completed,24
18687,Rigid,1144836,1144837,1144848,1,11,12,completed,36
18688,Rigid,1144854,1144855,1144858,1,3,4,completed,72
18689,Rigid,1144871,1144871,1144873,0,2,2,completed,24
18690,Rigid,1144880,1144880,1144893,0,13,13,completed,24
18691,Rigid,1144885,1144885,1144908,0,23,23,completed,72
18692,Rigid,1144894,1144894,1144903,0,9,9,completed,36
18693,Rigid,1144917,1144917,1144922,0,5,5,completed,16
18694,Rigid,1144926,1144926,1144931,0,5,5,completed,16
18695,Rigid,1144938,1144938,1144988,0,50,50,completed,72
18696,Rigid,1144972,1144972,1145178,0,206,206,completed,72
18697,Rigid,1144972,1144972,1144977,0,5,5,completed,16
18698,Rigid,1144985,1144985,1144990,0,5,5,completed,12
18699,Rigid,1145009,1145009,1145016,0,7,7,completed,8
18700,Rigid,1145050,1145050,1145058,0,8,8,completed,6
18701,Rigid,1145080,1145080,1145091,0,11,11,completed,4
18702,Rigid,1145096,1145096,1145107,0,11,11,completed,4
18703,Rigid,1145113,1145114,1145131,1,17,18,completed,72
18704,Rigid,1145134,1145134,1145148,0,14,14,completed,2
18705,Rigid,1145153,1145154,1145162,1,8,9,completed,36
18706,Rigid,1145186,1145187,1145193,1,6,7,completed,36
18707,Rigid,1145198,1145198,1145222,0,24,24,completed,1
18708,Rigid,1145200,1145200,1145232,0,32,32,completed,72
18709,Rigid,1145257,1145258,1145413,1,155,156,completed,36
18710,Rigid,1145283,1145283,1145307,0,24,24,completed,1
18711,Rigid,1145291,1145291,1145323,0,32,32,completed,36
18712,Rigid,1145302,1145302,1145333,0,31,31,completed,36
18713,Rigid,1145327,1145327,1145340,0,13,13,completed,2
18714,Rigid,1145368,1145368,1145379,0,11,11,completed,4
18715,Rigid,1145374,1145375,1145381,1,6,7,completed,36
18716,Rigid,1145378,1145379,1145413,1,34,35,completed,36
18717,Rigid,1145381,1145383,1145518,2,135,137,completed,36
18718,Rigid,1145400,1145400,1145416,0,16,16,completed,72
18719,Rigid,1145412,1145413,1145735,1,322,323,completed,36
18720,Rigid,1145414,1145414,1145425,0,11,11,completed,4
18721,Rigid,1145442,1145442,1145450,0,8,8,completed,6
18722,Rigid,1145469,1145470,1145477,1,7,8,completed,36
18723,Rigid,1145472,1145472,1145479,0,7,7,completed,8
18724,Rigid,1145481,1145481,1145833,0,352,352,completed,36
18725,Rigid,1145493,1145493,1145499,0,6,6,completed,8
18726,Rigid,1145508,1145508,1145555,0,47,47,completed,36
18727,Rigid,1145508,1145508,1145712,0,204,204,completed,72
18728,Rigid,1145508,1145512,1145554,4,42,46,completed,36
18729,Rigid,1145508,1145512,1145554,4,42,46,completed,36
18730,Rigid,1145509,1145512,1145554,3,42,45,completed,36
18731,Rigid,1145509,1145555,1145601,46,46,92,completed,36
18732,Rigid,1145509,1145555,1145600,46,45,91,completed,36
18733,Rigid,1145509,1145512,1145735,3,223,226,completed,36
18734,Rigid,1145509,1145555,1145601,46,46,92,completed,36
18735,Rigid,1145509,1145556,1145601,47,45,92,completed,36
18736,Rigid,1145527,1145527,1145533,0,6,6,completed,12
18737,Rigid,1145554,1145554,1145560,0,6,6,completed,12
18738,Rigid,1145576,1145576,1145582,0,6,6,completed,12
18739,Rigid,1145589,1145602,1145619,13,17,30,completed,72
18740,Rigid,1145591,1145591,1145596,0,5,5,completed,16
18741,Rigid,1145619,1145619,1145629,0,10,10,completed,24
18742,Rigid,1145660,1145660,1145672,0,12,12,completed,32
18743,Rigid,1145700,1145700,1145711,0,11,11,completed,32
18744,Rigid,1145708,1145709,1145759,1,50,51,completed,36
18745,Rigid,1145708,1145709,1145759,1,50,51,completed,36
18746,Rigid,1145708,1145709,1145760,1,51,52,completed,36
18747,Rigid,1145708,1145709,1145759,1,50,51,completed,36
18748,Rigid,1145708,1145714,1145759,6,45,51,completed,36
18749,Rigid,1145709,1145714,1145759,5,45,50,completed,36
18750,Rigid,1145709,1145736,1145777,27,41,68,completed,36
18751,Rigid,1145709,1145760,1145800,51,40,91,completed,36
18752,Rigid,1145722,1145736,1146022,14,286,300,completed,36
18753,Rigid,1145722,1145723,1145728,1,5,6,completed,36
18754,Rigid,1145888,1145889,1145895,1,6,7,completed,36
18755,Rigid,1145889,1147655,1147687,1766,32,1798,completed,144
18756,Rigid,1145954,1147689,1147720,1735,31,1766,completed,144
18757,Rigid,1145984,1145984,1146065,0,81,81,completed,36
18758,Rigid,1146139,1146140,1146156,1,16,17,completed,72
18759,Rigid,1146244,1146244,1146249,0,5,5,completed,36
18760,Rigid,1146265,1146266,1146469,1,203,204,completed,72
18761,Rigid,1146274,1146275,1146478,1,203,204,completed,36
18762,Rigid,1146302,1146303,1146432,1,129,130,completed,36
18763,Rigid,1146384,1146384,1146395,0,11,11,completed,32
18764,Rigid,1146437,1146437,1146446,0,9,9,completed,24
18765,Rigid,1146458,1146458,1146462,0,4,4,completed,16
18766,Rigid,1146469,1146470,1146576,1,106,107,completed,72
18767,Rigid,1146525,1146526,1146531,1,5,6,completed,36
18768,Rigid,1146548,1146549,1146752,1,203,204,completed,72
18769,Rigid,1146669,1146669,1149981,0,3312,3312,completed,1
18770,Rigid,1146669,1146669,1150771,0,4102,4102,completed,1
18771,Rigid,1146669,1146669,1150170,0,3501,3501,completed,1
18772,Rigid,1146669,1146669,1150823,0,4154,4154,completed,1
18773,Rigid,1146669,1146669,1150395,0,3726,3726,completed,1
18774,Rigid,1146669,1146669,1150519,0,3850,3850,completed,1
18775,Rigid,1146669,1146669,1150116,0,3447,3447,completed,1
18776,Rigid,1146669,1146669,1150535,0,3866,3866,completed,1
18777,Rigid,1146669,1146669,1150169,0,3500,3500,completed,1
18778,Rigid,1146669,1146669,1150708,0,4039,4039,completed,1
18779,Rigid,1146669,1146669,1150196,0,3527,3527,completed,1
18780,Rigid,1146669,1146669,1151321,0,4652,4652,completed,1
18781,Rigid,1146669,1146669,1150074,0,3405,3405,completed,1
18782,Rigid,1146669,1146669,1151272,0,4603,4603,completed,1
18783,Rigid,1146669,1146669,1150332,0,3663,3663,completed,1
18784,Rigid,1146669,1146669,1151278,0,4609,4609,completed,1
18785,Rigid,1146669,1146669,1150285,0,3616,3616,completed,1
18786,Rigid,1146669,1146669,1150915,0,4246,4246,completed,1
18787,Rigid,1146669,1146669,1150092,0,3423,3423,completed,1
18788,Rigid,1146669,1146669,1150792,0,4123,4123,completed,1
18789,Rigid,1146669,1146669,1150120,0,3451,3451,completed,1
18790,Rigid,1146669,1146669,1151192,0,4523,4523,completed,1
18791,Rigid,1146669,1146669,1150160,0,3491,3491,completed,1
18792,Rigid,1146669,1146669,1151486,0,4817,4817,completed,1
18793,Rigid,1146669,1146669,1150111,0,3442,3442,completed,1
18794,Rigid,1146669,1146669,1151060,0,4391,4391,completed,1
18795,Rigid,1146669,1146669,1150224,0,3555,3555,completed,1
18796,Rigid,1146669,1146669,1151539,0,4870,4870,completed,1
18797,Rigid,1146669,1146669,1150227,0,3558,3558,completed,1
18798,Rigid,1146669,1146669,1150990,0,4321,4321,completed,1
18799,Rigid,1146669,1146669,1150164,0,3495,3495,completed,1
18800,Rigid,1146669,1146669,1150930,0,4261,4261,completed,1
18801,Rigid,1146669,1146669,1150245,0,3576,3576,completed,1
18802,Rigid,1146669,1146669,1151375,0,4706,4706,completed,1
18803,Rigid,1146669,1146669,1150180,0,3511,3511,completed,1
18804,Rigid,1146669,1146669,1151181,0,4512,4512,completed,1
18805,Rigid,1146669,1146669,1150084,0,3415,3415,completed,1
18806,Rigid,1146669,1146669,1150765,0,4096,4096,completed,1
18807,Rigid,1146669,1146669,1150319,0,3650,3650,completed,1
18808,Rigid,1146669,1146669,1150622,0,3953,3953,completed,1
18809,Rigid,1146669,1146669,1150175,0,3506,3506,completed,1
18810,Rigid,1146669,1146669,1151332,0,4663,4663,completed,1
18811,Rigid,1146669,1146669,1150087,0,3418,3418,completed,1
18812,Rigid,1146669,1146669,1150959,0,4290,4290,completed,1
18813,Rigid,1146669,1146669,1150063,0,3394,3394,completed,1
18814,Rigid,1146669,1146669,1150658,0,3989,3989,completed,1
18815,Rigid,1146669,1146669,1150269,0,3600,3600,completed,1
18816,Rigid,1146669,1146669,1150964,0,4295,4295,completed,1
18817,Rigid,1146669,1146669,1150121,0,3452,3452,completed,1
18818,Rigid,1146669,1146669,1150434,0,3765,3765,completed,1
18819,Rigid,1146669,1146669,1150270,0,3601,3601,completed,1
18820,Rigid,1146669,1146669,1151212,0,4543,4543,completed,1
18821,Rigid,1146669,1146669,1150243,0,3574,3574,completed,1
18822,Rigid,1146669,1146669,1150637,0,3968,3968,completed,1
18823,Rigid,1146669,1146669,1150226,0,3557,3557,completed,1
18824,Rigid,1146669,1146669,1151028,0,4359,4359,completed,1
18825,Rigid,1146669,1146669,1150268,0,3599,3599,completed,1
18826,Rigid,1146669,1146669,1151047,0,4378,4378,completed,1
18827,Rigid,1146669,1146669,1150147,0,3478,3478,completed,1
18828,Rigid,1146669,1146669,1150562,0,3893,3893,completed,1
18829,Rigid,1146669,1146669,1150193,0,3524,3524,completed,1
18830,Rigid,1146669,1146669,1150490,0,3821,3821,completed,1
18831,Rigid,1146669,1146669,1150103,0,3434,3434,completed,1
18832,Rigid,1146669,1146669,1150774,0,4105,4105,completed,1
18833,Rigid,1146669,1146669,1150346,0,3677,3677,completed,1
18834,Rigid,1146669,1146669,1150881,0,4212,4212,completed,1
18835,Rigid,1146669,1146669,1150161,0,3492,3492,completed,1
18836,Rigid,1146669,1146669,1151152,0,4483,4483,completed,1
18837,Rigid,1146669,1146669,1150339,0,3670,3670,completed,1
18838,Rigid,1146669,1146669,1151349,0,4680,4680,completed,1
18839,Rigid,1146669,1146669,1150254,0,3585,3585,completed,1
18840,Rigid,1146669,1146669,1150943,0,4274,4274,completed,1
18841,Rigid,1146669,1146669,1150150,0,3481,3481,completed,1
18842,Rigid,1146669,1146669,1150787,0,4118,4118,completed,1
18843,Rigid,1146669,1146669,1150243,0,3574,3574,completed,1
18844,Rigid,1146669,1146669,1151282,0,4613,4613,completed,1
18845,Rigid,1146669,1146669,1150113,0,3444,3444,completed,1
18846,Rigid,1146669,1146669,1150894,0,4225,4225,completed,1
18847,Rigid,1146669,1146669,1150200,0,3531,3531,completed,1
18848,Rigid,1146669,1146669,1151486,0,4817,4817,completed,1
18849,Rigid,1146669,1146669,1150113,0,3444,3444,completed,1
18850,Rigid,1146669,1146669,1151278,0,4609,4609,completed,1
18851,Rigid,1146669,1146669,1150238,0,3569,3569,completed,1
18852,Rigid,1146669,1146669,1150552,0,3883,3883,completed,1
18853,Rigid,1146669,1146669,1150104,0,3435,3435,completed,1
18854,Rigid,1146669,1146669,1150841,0,4172,4172,completed,1
18855,Rigid,1146669,1146669,1150418,0,3749,3749,completed,1
18856,Rigid,1146669,1146669,1151373,0,4704,4704,completed,1
18857,Rigid,1146669,1146669,1150218,0,3549,3549,completed,1
18858,Rigid,1146669,1146669,1150452,0,3783,3783,completed,1
18859,Rigid,1146669,1146669,1150084,0,3415,3415,completed,1
18860,Rigid,1146669,1146669,1150561,0,3892,3892,completed,1
18861,Rigid,1146669,1146669,1150090,0,3421,3421,completed,1
18862,Rigid,1146669,1146669,1151295,0,4626,4626,completed,1
18863,Rigid,1146669,1146669,1150268,0,3599,3599,completed,1
18864,Rigid,1146669,1146669,1150887,0,4218,4218,completed,1
18865,Rigid,1146669,1146669,1150048,0,3379,3379,completed,1
18866,Rigid,1146669,1146669,1150872,0,4203,4203,completed,1
18867,Rigid,1146669,1146669,1150221,0,3552,3552,completed,1
18868,Rigid,1146669,1146670,1151404,1,4734,4735,completed,1
18869,Rigid,1146669,1146670,1150075,1,3405,3406,completed,1
18870,Rigid,1146669,1146670,1150071,1,3401,3402,completed,1
18871,Rigid,1146669,1146670,1150233,1,3563,3564,completed,1
18872,Rigid,1146669,1146670,1150100,1,3430,3431,completed,1
18873,Rigid,1146669,1146670,1150005,1,3335,3336,completed,1
18874,Rigid,1146669,1146670,1150084,1,3414,3415,completed,1
18875,Rigid,1146669,1146670,1150057,1,3387,3388,completed,1
18876,Rigid,1146669,1146670,1150171,1,3501,3502,completed,1
18877,Rigid,1146669,1146670,1150295,1,3625,3626,completed,1
18878,Rigid,1146669,1146670,1150095,1,3425,3426,completed,1
18879,Rigid,1146669,1146670,1150080,1,3410,3411,completed,1
18880,Rigid,1146669,1146670,1150067,1,3397,3398,completed,1
18881,Rigid,1146669,1146670,1150313,1,3643,3644,completed,1
18882,Rigid,1146669,1146670,1150146,1,3476,3477,completed,1
18883,Rigid,1146669,1146670,1150101,1,3431,3432,completed,1
18884,Rigid,1146669,1146670,1150117,1,3447,3448,completed,1
18885,Rigid,1146669,1146670,1150087,1,3417,3418,completed,1
18886,Rigid,1146669,1146670,1150264,1,3594,3595,completed,1
18887,Rigid,1146669,1146670,1150073,1,3403,3404,completed,1
18888,Rigid,1146669,1146670,1150166,1,3496,3497,completed,1
18889,Rigid,1146669,1146670,1150047,1,3377,3378,completed,1
18890,Rigid,1146669,1146670,1150285,1,3615,3616,completed,1
18891,Rigid,1146669,1146670,1150252,1,3582,3583,completed,1
18892,Rigid,1146669,1146670,1150125,1,3455,3456,completed,1
18893,Rigid,1146669,1146670,1150047,1,3377,3378,completed,1
18894,Rigid,1146669,1146670,1150090,1,3420,3421,completed,1
18895,Rigid,1146669,1146670,1150212,1,3542,3543,completed,1
18896,Rigid,1146669,1146670,1150625,1,3955,3956,completed,1
18897,Rigid,1146669,1146670,1150296,1,3626,3627,completed,1
18898,Rigid,1146669,1146670,1150330,1,3660,3661,completed,1
18899,Rigid,1146669,1146670,1150115,1,3445,3446,completed,1
18900,Rigid,1146669,1146670,1150114,1,3444,3445,completed,1
18901,Rigid,1146669,1146670,1150283,1,3613,3614,completed,1
18902,Rigid,1146669,1146670,1150224,1,3554,3555,completed,1
18903,Rigid,1146669,1146670,1150124,1,3454,3455,completed,1
18904,Rigid,1146669,1146670,1150145,1,3475,3476,completed,1
18905,Rigid,1146669,1146670,1150106,1,3436,3437,completed,1
18906,Rigid,1146669,1146670,1150217,1,3547,3548,completed,1
18907,Rigid,1146669,1146670,1150153,1,3483,3484,completed,1
18908,Rigid,1146669,1146670,1150435,1,3765,3766,completed,1
18909,Rigid,1146669,1146670,1150219,1,3549,3550,completed,1
18910,Rigid,1146669,1146670,1150153,1,3483,3484,completed,1
18911,Rigid,1146669,1146670,1150129,1,3459,3460,completed,1
18912,Rigid,1146669,1146670,1150280,1,3610,3611,completed,1
18913,Rigid,1146669,1146670,1150242,1,3572,3573,completed,1
18914,Rigid,1146669,1146670,1150209,1,3539,3540,completed,1
18915,Rigid,1146669,1146670,1150172,1,3502,3503,completed,1
18916,Rigid,1146669,1146670,1150102,1,3432,3433,completed,1
18917,Rigid,1146669,1146670,1150214,1,3544,3545,completed,1
18918,Rigid,1146669,1146670,1150093,1,3423,3424,completed,1
18919,Rigid,1146669,1146670,1150054,1,3384,3385,completed,1
18920,Rigid,1146669,1146670,1150160,1,3490,3491,completed,1
18921,Rigid,1146669,1146670,1150068,1,3398,3399,completed,1
18922,Rigid,1146669,1146670,1150279,1,3609,3610,completed,1
18923,Rigid,1146669,1146670,1150073,1,3403,3404,completed,1
18924,Rigid,1146669,1146670,1150088,1,3418,3419,completed,1
18925,Rigid,1146669,1146670,1150221,1,3551,3552,completed,1
18926,Rigid,1146669,1146670,1150693,1,4023,4024,completed,1
18927,Rigid,1146669,1146670,1150053,1,3383,3384,completed,1
18928,Rigid,1146669,1146670,1150188,1,3518,3519,completed,1
18929,Rigid,1146669,1146670,1150057,1,3387,3388,completed,1
18930,Rigid,1146669,1146670,1150147,1,3477,3478,completed,1
18931,Rigid,1146669,1146670,1150031,1,3361,3362,completed,1
18932,Rigid,1146669,1146670,1150160,1,3490,3491,completed,1
18933,Rigid,1146669,1146670,1150051,1,3381,3382,completed,1
18934,Rigid,1146669,1146670,1150070,1,3400,3401,completed,1
18935,Rigid,1146669,1146670,1150242,1,3572,3573,completed,1
18936,Rigid,1146669,1146670,1150038,1,3368,3369,completed,1
18937,Rigid,1146669,1146670,1150028,1,3358,3359,completed,1
18938,Rigid,1146669,1146670,1150160,1,3490,3491,completed,1
18939,Rigid,1146669,1146670,1150243,1,3573,3574,completed,1
18940,Rigid,1146669,1146670,1150203,1,3533,3534,completed,1
18941,Rigid,1146669,1146670,1150144,1,3474,3475,completed,1
18942,Rigid,1146669,1146670,1150109,1,3439,3440,completed,1
18943,Rigid,1146669,1146670,1150089,1,3419,3420,completed,1
18944,Rigid,1146669,1146670,1150092,1,3422,3423,completed,1
18945,Rigid,1146669,1146670,1150169,1,3499,3500,completed,1
18946,Rigid,1146669,1146670,1150082,1,3412,3413,completed,1
18947,Rigid,1146669,1146670,1150144,1,3474,3475,completed,1
18948,Rigid,1146669,1146670,1150279,1,3609,3610,completed,1
18949,Rigid,1146669,1146670,1150184,1,3514,3515,completed,1
18950,Rigid,1146669,1146670,1150112,1,3442,3443,completed,1
18951,Rigid,1146669,1146670,1150155,1,3485,3486,completed,1
18952,Rigid,1146669,1146670,1150659,1,3989,3990,completed,1
18953,Rigid,1146669,1146670,1150160,1,3490,3491,completed,1
18954,Rigid,1146669,1146670,1150129,1,3459,3460,completed,1
18955,Rigid,1146669,1146670,1150056,1,3386,3387,completed,1
18956,Rigid,1146669,1146670,1150182,1,3512,3513,completed,1
18957,Rigid,1146669,1146670,1150085,1,3415,3416,completed,1
18958,Rigid,1146669,1146670,1150173,1,3503,3504,completed,1
18959,Rigid,1146669,1146670,1150058,1,3388,3389,completed,1
18960,Rigid,1146669,1146670,1150114,1,3444,3445,completed,1
18961,Rigid,1146669,1146670,1150247,1,3577,3578,completed,1
18962,Rigid,1146669,1146670,1150105,1,3435,3436,completed,1
18963,Rigid,1146669,1146670,1150204,1,3534,3535,completed,1
18964,Rigid,1146669,1146670,1150601,1,3931,3932,completed,1
18965,Rigid,1146669,1146670,1150044,1,3374,3375,completed,1
18966,Rigid,1146669,1146670,1150132,1,3462,3463,completed,1
18967,Rigid,1146669,1146670,1150061,1,3391,3392,completed,1
18968,Rigid,1146669,1146670,1150078,1,3408,3409,completed,1
18969,Rigid,1146669,1146670,1153812,1,7142,7143,completed,1
18970,Rigid,1146669,1146670,1158260,1,11590,11591,completed,1
18971,Rigid,1146669,1146670,1154064,1,7394,7395,completed,1
18972,Rigid,1146669,1146670,1160147,1,13477,13478,completed,1
18973,Rigid,1146669,1146670,1153955,1,7285,7286,completed,1
18974,Rigid,1146669,1146670,1159019,1,12349,12350,completed,1
18975,Rigid,1146669,1146670,1153745,1,7075,7076,completed,1
18976,Rigid,1146669,1146670,1159571,1,12901,12902,completed,1
18977,Rigid,1146669,1146670,1154513,1,7843,7844,completed,1
18978,Rigid,1146669,1146670,1158061,1,11391,11392,completed,1
18979,Rigid,1146669,1146670,1153860,1,7190,7191,completed,1
18980,Rigid,1146669,1146670,1159687,1,13017,13018,completed,1
18981,Rigid,1146669,1146670,1154209,1,7539,7540,completed,1
18982,Rigid,1146669,1146670,1158555,1,11885,11886,completed,1
18983,Rigid,1146669,1146670,1154031,1,7361,7362,completed,1
18984,Rigid,1146669,1146670,1157973,1,11303,11304,completed,1
18985,Rigid,1146669,1146670,1154074,1,7404,7405,completed,1
18986,Rigid,1146669,1146670,1158085,1,11415,11416,completed,1
18987,Rigid,1146669,1146670,1154219,1,7549,7550,completed,1
18988,Rigid,1146669,1146670,1159364,1,12694,12695,completed,1
18989,Rigid,1146669,1146670,1154009,1,7339,7340,completed,1
18990,Rigid,1146669,1146670,1158672,1,12002,12003,completed,1
18991,Rigid,1146669,1146670,1154399,1,7729,7730,completed,1
18992,Rigid,1146669,1146670,1159442,1,12772,12773,completed,1
18993,Rigid,1146669,1146670,1154137,1,7467,7468,completed,1
18994,Rigid,1146669,1146670,1159692,1,13022,13023,completed,1
18995,Rigid,1146669,1146670,1154202,1,7532,7533,completed,1
18996,Rigid,1146669,1146670,1159897,1,13227,13228,completed,1
18997,Rigid,1146669,1146670,1154005,1,7335,7336,completed,1
18998,Rigid,1146669,1146670,1158607,1,11937,11938,completed,1
18999,Rigid,1146669,1146670,1154087,1,7417,7418,completed,1
19000,Rigid,1146669,1146670,1159858,1,13188,13189,completed,1
19001,Rigid,1146669,1146670,1154379,1,7709,7710,completed,1
19002,Rigid,1146669,1146670,1159570,1,12900,12901,completed,1
19003,Rigid,1146669,1146670,1154416,1,7746,7747,completed,1
19004,Rigid,1146669,1146670,1159513,1,12843,12844,completed,1
19005,Rigid,1146669,1146670,1154103,1,7433,7434,completed,1
19006,Rigid,1146669,1146670,1158000,1,11330,11331,completed,1
19007,Rigid,1146669,1146670,1154538,1,7868,7869,completed,1
19008,Rigid,1146669,1146670,1159394,1,12724,12725,completed,1
19009,Rigid,1146669,1146670,1155324,1,8654,8655,completed,1
19010,Rigid,1146669,1146670,1160362,1,13692,13693,completed,1
19011,Rigid,1146669,1146670,1154277,1,7607,7608,completed,1
19012,Rigid,1146669,1146670,1159607,1,12937,12938,completed,1
19013,Rigid,1146669,1146670,1154056,1,7386,7387,completed,1
19014,Rigid,1146669,1146670,1159826,1,13156,13157,completed,1
19015,Rigid,1146669,1146670,1154328,1,7658,7659,completed,1
19016,Rigid,1146669,1146670,1158928,1,12258,12259,completed,1
19017,Rigid,1146669,1146670,1154173,1,7503,7504,completed,1
19018,Rigid,1146669,1146670,1159559,1,12889,12890,completed,1
19019,Rigid,1146669,1146670,1153875,1,7205,7206,completed,1
19020,Rigid,1146669,1146670,1158416,1,11746,11747,completed,1
19021,Rigid,1146669,1146670,1154410,1,7740,7741,completed,1
19022,Rigid,1146669,1146670,1159929,1,13259,13260,completed,1
19023,Rigid,1146669,1146670,1154247,1,7577,7578,completed,1
19024,Rigid,1146669,1146670,1158972,1,12302,12303,completed,1
19025,Rigid,1146669,1146670,1154156,1,7486,7487,completed,1
19026,Rigid,1146669,1146675,1159419,6,12744,12750,completed,1
19027,Rigid,1146669,1146675,1153172,6,6497,6503,completed,1
19028,Rigid,1146669,1146675,1157683,6,11008,11014,completed,1
19029,Rigid,1146669,1146675,1154004,6,7329,7335,completed,1
19030,Rigid,1146669,1146675,1159076,6,12401,12407,completed,1
19031,Rigid,1146669,1146675,1154280,6,7605,7611,completed,1
19032,Rigid,1146669,1146675,1159499,6,12824,12830,completed,1
19033,Rigid,1146669,1146675,1154736,6,8061,8067,completed,1
19034,Rigid,1146669,1146675,1158443,6,11768,11774,completed,1
19035,Rigid,1146669,1146675,1153965,6,7290,7296,completed,1
19036,Rigid,1146669,1146675,1158130,6,11455,11461,completed,1
19037,Rigid,1146669,1146675,1154368,6,7693,7699,completed,1
19038,Rigid,1146669,1146675,1161309,6,14634,14640,completed,1
19039,Rigid,1146669,1146675,1154513,6,7838,7844,completed,1
19040,Rigid,1146669,1146675,1158950,6,12275,12281,completed,1
19041,Rigid,1146669,1146675,1154220,6,7545,7551,completed,1
19042,Rigid,1146669,1146675,1158905,6,12230,12236,completed,1
19043,Rigid,1146669,1146675,1154540,6,7865,7871,completed,1
19044,Rigid,1146669,1146675,1159487,6,12812,12818,completed,1
19045,Rigid,1146669,1146675,1154235,6,7560,7566,completed,1
19046,Rigid,1146669,1146675,1158801,6,12126,12132,completed,1
19047,Rigid,1146669,1146675,1154164,6,7489,7495,completed,1
19048,Rigid,1146669,1146675,1159608,6,12933,12939,completed,1
19049,Rigid,1146669,1146675,1154174,6,7499,7505,completed,1
19050,Rigid,1146669,1146675,1159516,6,12841,12847,completed,1
19051,Rigid,1146669,1146675,1154451,6,7776,7782,completed,1
19052,Rigid,1146669,1146675,1159644,6,12969,12975,completed,1
19053,Rigid,1146669,1146675,1154059,6,7384,7390,completed,1
19054,Rigid,1146669,1146675,1159228,6,12553,12559,completed,1
19055,Rigid,1146669,1146675,1154557,6,7882,7888,completed,1
19056,Rigid,1146669,1146675,1160905,6,14230,14236,completed,1
19057,Rigid,1146669,1146675,1154420,6,7745,7751,completed,1
19058,Rigid,1146669,1146675,1160246,6,13571,13577,completed,1
19059,Rigid,1146669,1146675,1153881,6,7206,7212,completed,1
19060,Rigid,1146669,1146675,1159316,6,12641,12647,completed,1
19061,Rigid,1146669,1146675,1154491,6,7816,7822,completed,1
19062,Rigid,1146669,1146675,1158584,6,11909,11915,completed,1
19063,Rigid,1146669,1146675,1154179,6,7504,7510,completed,1
19064,Rigid,1146669,1146675,1159140,6,12465,12471,completed,1
19065,Rigid,1146669,1146675,1154041,6,7366,7372,completed,1
19066,Rigid,1146669,1146675,1159310,6,12635,12641,completed,1
19067,Rigid,1146669,1146675,1154144,6,7469,7475,completed,1
19068,Rigid,1146669,1146675,1159139,6,12464,12470,completed,1
19069,Rigid,1146700,1146701,1146708,1,7,8,completed,36
19070,Rigid,1146836,1146837,1146840,1,3,4,completed,36
19071,Rigid,1146841,1146842,1146970,1,128,129,completed,36
19072,Rigid,1146858,1146858,1147062,0,204,204,completed,72
19073,Rigid,1147019,1147020,1147627,1,607,608,completed,36
19074,Rigid,1147061,1147062,1147327,1,265,266,completed,36
19075,Rigid,1147063,1147064,1147535,1,471,472,completed,1
19076,Rigid,1147098,1147098,1147102,0,4,4,completed,16
19077,Rigid,1147168,1147171,1147190,3,19,22,completed,72
19078,Rigid,1147207,1147208,1147314,1,106,107,completed,72
19079,Rigid,1147495,1147495,1148232,0,737,737,completed,36
19080,Rigid,1148061,1148062,1166495,1,18433,18434,completed,26
19081,Rigid,1148151,1148478,1156521,327,8043,8370,completed,576
19082,Rigid,1148205,1148206,1148312,1,106,107,completed,72
19083,Rigid,1148510,1148511,1148617,1,106,107,completed,72
19084,Rigid,1148597,1148598,1148704,1,106,107,completed,72
19085,Rigid,1148730,1148731,1148770,1,39,40,completed,36
19086,Rigid,1148776,1148777,1149212,1,435,436,completed,36
19087,Rigid,1148928,1148928,1148944,0,16,16,completed,72
19088,Rigid,1149096,1149216,1150417,120,1201,1321,completed,36
19089,Rigid,1149118,1149118,1149872,0,754,754,completed,36
19090,Rigid,1149329,1149331,1149347,2,16,18,completed,72
19091,Rigid,1149660,1149661,1149675,1,14,15,completed,72
19092,Rigid,1149665,1150419,1151648,754,1229,1983,completed,36
19093,Rigid,1150001,1150001,1150041,0,40,40,completed,36
19094,Rigid,1150413,1150414,1150520,1,106,107,completed,72
19095,Rigid,1150873,1150874,1150958,1,84,85,completed,36
19096,Rigid,1150885,1150886,1160982,1,10096,10097,completed,144
19097,Rigid,1150987,1150987,1151115,0,128,128,completed,36
19098,Rigid,1150991,1151116,1151251,125,135,260,completed,36
19099,Rigid,1150993,1150995,1151078,2,83,85,completed,36
19100,Rigid,1151148,1151148,1151162,0,14,14,completed,144
19101,Rigid,1151205,1151205,1151279,0,74,74,completed,144
19102,Rigid,1151408,1151409,1151443,1,34,35,completed,144
19103,Rigid,1151802,1151802,1151879,0,77,77,completed,36
19104,Rigid,1151974,1151974,1152035,0,61,61,completed,36
19105,Rigid,1152197,1152197,1152256,0,59,59,completed,36
19106,Rigid,1152201,1152202,1152434,1,232,233,completed,72
19107,Rigid,1152307,1152308,1152358,1,50,51,completed,36
19108,Rigid,1152459,1152459,1152473,0,14,14,completed,36
19109,Rigid,1152498,1152499,1152550,1,51,52,completed,36
19110,Rigid,1152597,1152597,1152643,0,46,46,completed,36
19111,Rigid,1152618,1152619,1152939,1,320,321,completed,72
19112,Rigid,1152669,1152669,1152798,0,129,129,completed,36
19113,Rigid,1152672,1152800,1152931,128,131,259,completed,36
19114,Rigid,1152687,1152691,1152739,4,48,52,completed,36
19115,Rigid,1152691,1152692,1163629,1,10937,10938,completed,144
19116,Rigid,1152759,1152760,1153989,1,1229,1230,completed,36
19117,Rigid,1152781,1152782,1152819,1,37,38,completed,36
19118,Rigid,1152829,1152829,1152868,0,39,39,completed,36
19119,Rigid,1152914,1152914,1152953,0,39,39,completed,36
19120,Rigid,1152940,1152941,1152980,1,39,40,completed,36
19121,Rigid,1152997,1152997,1153036,0,39,39,completed,36
19122,Rigid,1153033,1153034,1153049,1,15,16,completed,36
19123,Rigid,1153058,1153059,1153074,1,15,16,completed,36
19124,Rigid,1153089,1153090,1153128,1,38,39,completed,36
19125,Rigid,1153108,1153111,1153149,3,38,41,completed,36
19126,Rigid,1153109,1153111,1153152,2,41,43,completed,36
19127,Rigid,1153110,1153111,1153150,1,39,40,completed,36
19128,Rigid,1153114,1153115,1164692,1,11577,11578,completed,144
19129,Rigid,1153131,1153132,1153168,1,36,37,completed,36
19130,Rigid,1153140,1153141,1153159,1,18,19,completed,36
19131,Rigid,1153254,1153255,1153458,1,203,204,completed,72
19132,Rigid,1153258,1153259,1153297,1,38,39,completed,36
19133,Rigid,1153265,1153266,1153393,1,127,128,completed,36
19134,Rigid,1153358,1153359,1153467,1,108,109,completed,36
19135,Rigid,1153391,1153392,1153395,1,3,4,completed,36
19136,Rigid,1153445,1153445,1153749,0,304,304,completed,72
19137,Rigid,1153469,1153471,1153510,2,39,41,completed,36
19138,Rigid,1153523,1153523,1153727,0,204,204,completed,72
19139,Rigid,1153579,1153579,1153600,0,21,21,completed,36
19140,Rigid,1153609,1153609,1153651,0,42,42,completed,36
19141,Rigid,1153619,1153620,1153659,1,39,40,completed,36
19142,Rigid,1153657,1153658,1153697,1,39,40,completed,36
19143,Rigid,1153658,1153658,1153694,0,36,36,completed,36
19144,Rigid,1153659,1153660,1153699,1,39,40,completed,36
19145,Rigid,1153660,1153660,1153699,0,39,39,completed,36
19146,Rigid,1153846,1153846,1153869,0,23,23,completed,36
19147,Rigid,1153918,1153919,1153930,1,11,12,completed,36
19148,Rigid,1153984,1153984,1153995,0,11,11,completed,36
19149,Rigid,1154071,1154072,1154111,1,39,40,completed,36
19150,Rigid,1154090,1154090,1154128,0,38,38,completed,36
19151,Rigid,1154126,1154126,1154139,0,13,13,completed,36
19152,Rigid,1154134,1154134,1154330,0,196,196,completed,36
19153,Rigid,1154325,1154326,1154333,1,7,8,completed,36
19154,Rigid,1154329,1154329,1154416,0,87,87,completed,36
19155,Rigid,1154431,1154431,1154456,0,25,25,completed,36
19156,Rigid,1154441,1154441,1154444,0,3,3,completed,36
19157,Rigid,1154475,1154475,1154680,0,205,205,completed,36
19158,Rigid,1154506,1154507,1154557,1,50,51,completed,36
19159,Rigid,1154623,1154624,1154636,1,12,13,completed,36
19160,Rigid,1154629,1154629,1155849,0,1220,1220,completed,72
19161,Rigid,1154638,1154638,1154643,0,5,5,completed,36
19162,Rigid,1154659,1154659,1154663,0,4,4,completed,36
19163,Rigid,1154736,1154737,1154772,1,35,36,completed,36
19164,Rigid,1154743,1154744,1154747,1,3,4,completed,36
19165,Rigid,1154766,1154766,1154768,0,2,2,completed,36
19166,Rigid,1154801,1154802,1154809,1,7,8,completed,36
19167,Rigid,1154865,1154865,1154868,0,3,3,completed,36
19168,Rigid,1154886,1154887,1154913,1,26,27,completed,36
19169,Rigid,1154894,1154895,1154899,1,4,5,completed,36
19170,Rigid,1154912,1154912,1154915,0,3,3,completed,36
19171,Rigid,1155019,1155020,1155023,1,3,4,completed,36
19172,Rigid,1155045,1155045,1155081,0,36,36,completed,36
19173,Rigid,1155061,1155061,1155258,0,197,197,completed,36
19174,Rigid,1155086,1155087,1155113,1,26,27,completed,36
19175,Rigid,1155127,1155128,1155130,1,2,3,completed,1
19176,Rigid,1155136,1155136,1155139,0,3,3,completed,36
19177,Rigid,1155189,1155189,1155196,0,7,7,completed,72
19178,Rigid,1155195,1155195,1155203,0,8,8,completed,36
19179,Rigid,1155334,1155335,1155338,1,3,4,completed,36
19180,Rigid,1155341,1155342,1155669,1,327,328,completed,72
19181,Rigid,1155390,1155391,1155580,1,189,190,completed,36
19182,Rigid,1155414,1155415,1155454,1,39,40,completed,36
19183,Rigid,1155479,1155480,1155483,1,3,4,completed,36
19184,Rigid,1155493,1155494,1155517,1,23,24,completed,72
19185,Rigid,1155535,1155536,1155541,1,5,6,completed,36
19186,Rigid,1155539,1155540,1155548,1,8,9,completed,72
19187,Rigid,1155540,1155540,1155583,0,43,43,completed,36
19188,Rigid,1155551,1155552,1155555,1,3,4,completed,36
19189,Rigid,1155560,1155584,1155630,24,46,70,completed,36
19190,Rigid,1155584,1155584,1156882,0,1298,1298,completed,36
19191,Rigid,1155636,1155637,1155639,1,2,3,completed,36
19192,Rigid,1155637,1155641,1155647,4,6,10,completed,36
19193,Rigid,1155648,1155648,1155675,0,27,27,completed,36
19194,Rigid,1155658,1155659,1155661,1,2,3,completed,36
19195,Rigid,1155686,1155686,1155992,0,306,306,completed,72
19196,Rigid,1155713,1155713,1155789,0,76,76,completed,36
19197,Rigid,1155715,1155717,1155760,2,43,45,completed,36
19198,Rigid,1155739,1155740,1155766,1,26,27,completed,72
19199,Rigid,1155780,1155780,1155823,0,43,43,completed,36
19200,Rigid,1155852,1155853,1155899,1,46,47,completed,36
19201,Rigid,1155864,1155865,1155874,1,9,10,completed,72
19202,Rigid,1155877,1155877,1155880,0,3,3,completed,36
19203,Rigid,1155909,1155910,1155912,1,2,3,completed,1
19204,Rigid,1155920,1155921,1155924,1,3,4,completed,36
19205,Rigid,1155952,1155953,1155956,1,3,4,completed,36
19206,Rigid,1155966,1155967,1156007,1,40,41,completed,36
19207,Rigid,1155996,1155996,1156231,0,235,235,completed,72
19208,Rigid,1156000,1156001,1156089,1,88,89,completed,36
19209,Rigid,1156025,1156091,1156179,66,88,154,completed,36
19210,Rigid,1156064,1156065,1156091,1,26,27,completed,72
19211,Rigid,1156148,1156149,1156188,1,39,40,completed,36
19212,Rigid,1156234,1156234,1156539,0,305,305,completed,72
19213,Rigid,1156265,1156266,1156276,1,10,11,completed,72
19214,Rigid,1156437,1156438,1156467,1,29,30,completed,36
19215,Rigid,1156516,1156517,1156529,1,12,13,completed,36
19216,Rigid,1156587,1156591,1156615,4,24,28,completed,36
19217,Rigid,1156619,1156620,1174724,1,18104,18105,completed,26
19218,Rigid,1156663,1156664,1162003,1,5339,5340,completed,432
19219,Rigid,1156669,1156669,1156827,0,158,158,completed,72
19220,Rigid,1156725,1156725,1169060,0,12335,12335,completed,432
19221,Rigid,1156760,1156761,1156801,1,40,41,completed,36
19222,Rigid,1156768,1156771,1168703,3,11932,11935,completed,432
19223,Rigid,1156800,1156801,1166478,1,9677,9678,completed,432
19224,Rigid,1156809,1156810,1156823,1,13,14,completed,36
19225,Rigid,1156827,1156827,1156829,0,2,2,completed,36
19226,Rigid,1156829,1156831,1156921,2,90,92,completed,72
19227,Rigid,1156849,1156849,1167405,0,10556,10556,completed,432
19228,Rigid,1156907,1156908,1167597,1,10689,10690,completed,432
19229,Rigid,1156928,1156929,1157229,1,300,301,completed,72
19230,Rigid,1156930,1156933,1156959,3,26,29,completed,36
19231,Rigid,1156970,1156970,1165519,0,8549,8549,completed,432
19232,Rigid,1157396,1157397,1157422,1,25,26,completed,36
19233,Rigid,1157472,1157473,1157583,1,110,111,completed,36
19234,Rigid,1157535,1157585,1157717,50,132,182,completed,36
19235,Rigid,1157944,1157944,1158077,0,133,133,completed,36
19236,Rigid,1158087,1158087,1158298,0,211,211,completed,36
19237,Rigid,1158509,1158511,1158723,2,212,214,completed,36
19238,Rigid,1158555,1158559,1158767,4,208,212,completed,72
19239,Rigid,1158559,1158561,1158605,2,44,46,completed,36
19240,Rigid,1158665,1158724,1158935,59,211,270,completed,36
19241,Rigid,1158694,1158694,1158698,0,4,4,completed,36
19242,Rigid,1158768,1158768,1158772,0,4,4,completed,36
19243,Rigid,1158779,1158779,1158782,0,3,3,completed,36
19244,Rigid,1158796,1158796,1159003,0,207,207,completed,72
19245,Rigid,1158929,1158929,1158933,0,4,4,completed,36
19246,Rigid,1159004,1159004,1159008,0,4,4,completed,36
19247,Rigid,1159239,1159240,1159244,1,4,5,completed,36
19248,Rigid,1159453,1159454,1159480,1,26,27,completed,36
19249,Rigid,1159520,1159521,1159524,1,3,4,completed,36
19250,Rigid,1159557,1159557,1159565,0,8,8,completed,36
19251,Rigid,1159647,1159647,1159665,0,18,18,completed,72
19252,Rigid,1159839,1159839,1159844,0,5,5,completed,36
19253,Rigid,1159862,1159862,1159866,0,4,4,completed,36
19254,Rigid,1160396,1160397,1160434,1,37,38,completed,36
19255,Rigid,1160436,1160437,1160452,1,15,16,completed,36
19256,Rigid,1160602,1160602,1160616,0,14,14,completed,36
19257,Rigid,1160786,1160787,1160813,1,26,27,completed,36
19258,Rigid,1160828,1160829,1160922,1,93,94,completed,36
19259,Rigid,1160937,1160938,1160954,1,16,17,completed,72
19260,Rigid,1160952,1160952,1160977,0,25,25,completed,36
19261,Rigid,1160982,1160982,1181680,0,20698,20698,completed,144
19262,Rigid,1160993,1160993,1161085,0,92,92,completed,36
19263,Rigid,1161140,1161140,1161166,0,26,26,completed,36
19264,Rigid,1161349,1161349,1161371,0,22,22,completed,36
19265,Rigid,1161368,1161368,1161445,0,77,77,completed,72
19266,Rigid,1161464,1161465,1161503,1,38,39,completed,72
19267,Rigid,1161500,1161501,1161623,1,122,123,completed,36
19268,Rigid,1161541,1161542,1161747,1,205,206,completed,72
19269,Rigid,1161554,1161554,1161764,0,210,210,completed,72
19270,Rigid,1161875,1161875,1161939,0,64,64,completed,36
19271,Rigid,1161876,1161878,1161925,2,47,49,completed,72
19272,Rigid,1162029,1162029,1162043,0,14,14,completed,432
19273,Rigid,1162088,1162088,1162389,0,301,301,completed,72
19274,Rigid,1162090,1162092,1162098,2,6,8,completed,36
19275,Rigid,1162153,1162153,1162293,0,140,140,completed,36
19276,Rigid,1162189,1162189,1162221,0,32,32,completed,72
19277,Rigid,1162277,1162297,1162336,20,39,59,completed,36
19278,Rigid,1162317,1162317,1162337,0,20,20,completed,72
19279,Rigid,1162340,1162341,1162353,1,12,13,completed,432
19280,Rigid,1162345,1162345,1162351,0,6,6,completed,36
19281,Rigid,1162361,1162362,1162394,1,32,33,completed,72
19282,Rigid,1162516,1162517,1162599,1,82,83,completed,72
19283,Rigid,1162640,1162641,1162774,1,133,134,completed,432
19284,Rigid,1162677,1162678,1162749,1,71,72,completed,72
19285,Rigid,1162729,1162777,1168067,48,5290,5338,completed,432
19286,Rigid,1162830,1162831,1162950,1,119,120,completed,72
19287,Rigid,1162900,1162901,1162967,1,66,67,completed,72
19288,Rigid,1162937,1162958,1162966,21,8,29,completed,36
19289,Rigid,1162969,1162970,1163049,1,79,80,completed,72
19290,Rigid,1162996,1162997,1163004,1,7,8,completed,36
19291,Rigid,1163099,1163100,1163128,1,28,29,completed,72
19292,Rigid,1163134,1163135,1163199,1,64,65,completed,72
19293,Rigid,1163153,1163153,1163199,0,46,46,completed,36
19294,Rigid,1163297,1163297,1163379,0,82,82,completed,72
19295,Rigid,1163341,1163341,1163405,0,64,64,completed,36
19296,Rigid,1163558,1163559,1164209,1,650,651,completed,36
19297,Rigid,1163558,1163559,1163619,1,60,61,completed,36
19298,Rigid,1163621,1163621,1163648,0,27,27,completed,36
19299,Rigid,1163629,1163629,1174539,0,10910,10910,completed,144
19300,Rigid,1163693,1163693,1163943,0,250,250,completed,36
19301,Rigid,1163717,1163717,1163799,0,82,82,completed,72
19302,Rigid,1163960,1163961,1164091,1,130,131,completed,36
19303,Rigid,1164171,1164172,1164212,1,40,41,completed,36
19304,Rigid,1164310,1164311,1164340,1,29,30,completed,36
19305,Rigid,1164692,1164692,1174958,0,10266,10266,completed,144
19306,Rigid,1164695,1164696,1165485,1,789,790,completed,36
19307,Rigid,1164891,1164892,1166183,1,1291,1292,completed,36
19308,Rigid,1165099,1165100,1165143,1,43,44,completed,72
19309,Rigid,1165211,1165211,1165254,0,43,43,completed,72
19310,Rigid,1165291,1165291,1165494,0,203,203,completed,72
19311,Rigid,1165582,1165582,1165785,0,203,203,completed,36
19312,Rigid,1165704,1165704,1165811,0,107,107,completed,72
19313,Rigid,1166034,1166035,1166152,1,117,118,completed,36
19314,Rigid,1166530,1166531,1166601,1,70,71,completed,36
19315,Rigid,1166663,1166664,1166671,1,7,8,completed,36
19316,Rigid,1166783,1166784,1166823,1,39,40,completed,36
19317,Rigid,1166857,1166857,1168096,0,1239,1239,completed,36
19318,Rigid,1166910,1166911,1166970,1,59,60,completed,36
19319,Rigid,1166983,1166986,1167212,3,226,229,completed,36
19320,Rigid,1167102,1167103,1167704,1,601,602,completed,36
19321,Rigid,1167191,1167192,1167395,1,203,204,completed,72
19322,Rigid,1167293,1167294,1167366,1,72,73,completed,72
19323,Rigid,1167496,1167496,1167699,0,203,203,completed,72
19324,Rigid,1167497,1167500,1167703,3,203,206,completed,72
19325,Rigid,1167500,1167500,1167703,0,203,203,completed,72
19326,Rigid,1167742,1167742,1385628,0,217886,217886,completed,360
19327,Rigid,1167743,1167746,1180368,3,12622,12625,completed,360
19328,Rigid,1167744,1167746,1180093,2,12347,12349,completed,360
19329,Rigid,1167745,1180094,1192474,12349,12380,24729,completed,360
19330,Rigid,1167849,1167849,1167934,0,85,85,completed,36
19331,Rigid,1167855,1167855,1168477,0,622,622,completed,36
19332,Rigid,1167944,1168478,1168506,534,28,562,completed,36
19333,Rigid,1168006,1168007,1168010,1,3,4,completed,252
19334,Rigid,1168108,1168111,1168199,3,88,91,completed,36
19335,Rigid,1168277,1168277,1168539,0,262,262,completed,1152
19336,Rigid,1168416,1168416,1168485,0,69,69,completed,36
19337,Rigid,1168603,1168603,1168621,0,18,18,completed,1152
19338,Rigid,1168650,1168651,1168899,1,248,249,completed,1152
19339,Rigid,1168656,1168656,1168697,0,41,41,completed,36
19340,Rigid,1168685,1168685,1169169,0,484,484,completed,36
19341,Rigid,1168920,1168921,1168967,1,46,47,completed,36
19342,Rigid,1168969,1168970,1169295,1,325,326,completed,36
19343,Rigid,1169059,1169060,1169106,1,46,47,completed,36
19344,Rigid,1169117,1169118,1169361,1,243,244,completed,36
19345,Rigid,1169218,1169219,1169249,1,30,31,completed,36
19346,Rigid,1169359,1169360,1169370,1,10,11,completed,36
19347,Rigid,1169422,1169422,1169485,0,63,63,completed,36
19348,Rigid,1169456,1169456,1169488,0,32,32,completed,144
19349,Rigid,1169483,1169484,1169739,1,255,256,completed,1152
19350,Rigid,1169528,1169529,1169562,1,33,34,completed,144
19351,Rigid,1169638,1169638,1169648,0,10,10,completed,72
19352,Rigid,1169696,1169696,1176852,0,7156,7156,completed,1
19353,Rigid,1169696,1169700,1177123,4,7423,7427,completed,1
19354,Rigid,1169696,1169700,1176806,4,7106,7110,completed,1
19355,Rigid,1169696,1169700,1176982,4,7282,7286,completed,1
19356,Rigid,1169696,1169700,1176727,4,7027,7031,completed,1
19357,Rigid,1169696,1169700,1176942,4,7242,7246,completed,1
19358,Rigid,1169697,1169700,1177057,3,7357,7360,completed,1
19359,Rigid,1169697,1169700,1177032,3,7332,7335,completed,1
19360,Rigid,1169697,1169700,1176852,3,7152,7155,completed,1
19361,Rigid,1169697,1169700,1176799,3,7099,7102,completed,1
19362,Rigid,1169697,1169700,1176832,3,7132,7135,completed,1
19363,Rigid,1169697,1169700,1176843,3,7143,7146,completed,1
19364,Rigid,1169697,1169700,1177088,3,7388,7391,completed,1
19365,Rigid,1169697,1169700,1177138,3,7438,7441,completed,1
19366,Rigid,1169697,1169700,1176691,3,6991,6994,completed,1
19367,Rigid,1169697,1169700,1176610,3,6910,6913,completed,1
19368,Rigid,1169697,1169700,1177100,3,7400,7403,completed,1
19369,Rigid,1169697,1169700,1177149,3,7449,7452,completed,1
19370,Rigid,1169697,1169700,1178235,3,8535,8538,completed,1
19371,Rigid,1169697,1169700,1176938,3,7238,7241,completed,1
19372,Rigid,1169697,1169700,1177033,3,7333,7336,completed,1
19373,Rigid,1169697,1169700,1176904,3,7204,7207,completed,1
19374,Rigid,1169697,1169700,1176916,3,7216,7219,completed,1
19375,Rigid,1169697,1169700,1177009,3,7309,7312,completed,1
19376,Rigid,1169701,1169704,1169949,3,245,248,completed,36
19377,Rigid,1169739,1169739,1169799,0,60,60,completed,72
19378,Rigid,1169760,1169760,1170149,0,389,389,completed,36
19379,Rigid,1169779,1169779,1169782,0,3,3,completed,36
19380,Rigid,1169918,1169919,1171119,1,1200,1201,completed,36
19381,Rigid,1169925,1169925,1169960,0,35,35,completed,36
19382,Rigid,1169945,1169946,1170009,1,63,64,completed,72
19383,Rigid,1170108,1170108,1170245,0,137,137,completed,36
19384,Rigid,1170110,1170111,1170208,1,97,98,completed,36
19385,Rigid,1170153,1170153,1170605,0,452,452,completed,36
19386,Rigid,1170374,1170375,1170577,1,202,203,completed,36
19387,Rigid,1170391,1170392,1170699,1,307,308,completed,36
19388,Rigid,1170595,1170596,1170669,1,73,74,completed,72
19389,Rigid,1170596,1170609,1170661,13,52,65,completed,36
19390,Rigid,1170850,1170850,1171052,0,202,202,completed,36
19391,Rigid,1170851,1170854,1170873,3,19,22,completed,36
19392,Rigid,1171031,1171031,1171360,0,329,329,completed,72
19393,Rigid,1171130,1171130,1171452,0,322,322,completed,36
19394,Rigid,1171173,1171174,1171239,1,65,66,completed,72
19395,Rigid,1171264,1171264,1171329,0,65,65,completed,36
19396,Rigid,1171281,1171281,1171483,0,202,202,completed,36
19397,Rigid,1171334,1171334,1171375,0,41,41,completed,360
19398,Rigid,1171340,1171340,1171415,0,75,75,completed,36
19399,Rigid,1171359,1171360,1171562,1,202,203,completed,36
19400,Rigid,1171443,1171444,1171581,1,137,138,completed,36
19401,Rigid,1171466,1171466,1171491,0,25,25,completed,36
19402,Rigid,1171510,1171510,1171715,0,205,205,completed,36
19403,Rigid,1171518,1171519,1171603,1,84,85,completed,36
19404,Rigid,1171565,1171566,1171869,1,303,304,completed,72
19405,Rigid,1171723,1171724,1172446,1,722,723,completed,36
19406,Rigid,1171745,1171746,1171779,1,33,34,completed,36
19407,Rigid,1171748,1171750,1171955,2,205,207,completed,36
19408,Rigid,1171784,1171785,1171926,1,141,142,completed,36
19409,Rigid,1171853,1171853,1171878,0,25,25,completed,36
19410,Rigid,1172046,1172047,1172105,1,58,59,completed,36
19411,Rigid,1172081,1172082,1172098,1,16,17,completed,36
19412,Rigid,1172095,1172095,1172135,0,40,40,completed,360
19413,Rigid,1172110,1172111,1172316,1,205,206,completed,36
19414,Rigid,1172215,1172215,1172256,0,41,41,completed,36
19415,Rigid,1172379,1172379,1172520,0,141,141,completed,36
19416,Rigid,1172465,1172466,1172507,1,41,42,completed,36
19417,Rigid,1172489,1172491,1172696,2,205,207,completed,36
19418,Rigid,1172690,1172690,1172949,0,259,259,completed,1152
19419,Rigid,1172836,1172836,1172985,0,149,149,completed,36
19420,Rigid,1172895,1172896,1172922,1,26,27,completed,36
19421,Rigid,1172952,1172952,1172972,0,20,20,completed,36
19422,Rigid,1173023,1173024,1173399,1,375,376,completed,72
19423,Rigid,1173092,1173092,1173101,0,9,9,completed,36
19424,Rigid,1173169,1173170,1173325,1,155,156,completed,36
19425,Rigid,1173301,1173302,1173507,1,205,206,completed,36
19426,Rigid,1173302,1173306,1173330,4,24,28,completed,144
19427,Rigid,1173372,1173373,1173582,1,209,210,completed,144
19428,Rigid,1173477,1173477,1173663,0,186,186,completed,36
19429,Rigid,1173479,1173481,1173732,2,251,253,completed,360
19430,Rigid,1173513,1173513,1173879,0,366,366,completed,72
19431,Rigid,1173690,1173690,1173698,0,8,8,completed,4
19432,Rigid,1173739,1173740,1173777,1,37,38,completed,360
19433,Rigid,1173779,1173780,1173789,1,9,10,completed,72
19434,Rigid,1173870,1173871,1173880,1,9,10,completed,72
19435,Rigid,1173883,1173884,1174084,1,200,201,completed,36
19436,Rigid,1174012,1174013,1174054,1,41,42,completed,360
19437,Rigid,1174143,1174144,1174328,1,184,185,completed,144
19438,Rigid,1174152,1174152,1174358,0,206,206,completed,36
19439,Rigid,1174160,1174160,1174167,0,7,7,completed,4
19440,Rigid,1174203,1174204,1174212,1,8,9,completed,72
19441,Rigid,1174259,1174260,1174399,1,139,140,completed,36
19442,Rigid,1174321,1174321,1174330,0,9,9,completed,72
19443,Rigid,1174342,1174343,1174719,1,376,377,completed,72
19444,Rigid,1174407,1174407,1175050,0,643,643,completed,360
19445,Rigid,1174539,1174540,1185405,1,10865,10866,completed,144
19446,Rigid,1174566,1174566,1174779,0,213,213,completed,36
19447,Rigid,1174649,1174649,1174658,0,9,9,completed,4
19448,Rigid,1174672,1174672,1174680,0,8,8,completed,4
19449,Rigid,1174677,1174677,1174889,0,212,212,completed,144
19450,Rigid,1174725,1174725,1174733,0,8,8,completed,4
19451,Rigid,1174727,1174728,1174737,1,9,10,completed,72
19452,Rigid,1174760,1174761,1174769,1,8,9,completed,72
19453,Rigid,1174767,1174767,1174775,0,8,8,completed,4
19454,Rigid,1174798,1174799,1174801,1,2,3,completed,72
19455,Rigid,1174878,1174878,1174885,0,7,7,completed,4
19456,Rigid,1174890,1174890,1174894,0,4,4,completed,8
19457,Rigid,1174891,1174895,1174907,4,12,16,completed,72
19458,Rigid,1174958,1174958,1185180,0,10222,10222,completed,144
19459,Rigid,1175004,1175004,1226434,0,51430,51430,completed,8
19460,Rigid,1175037,1175038,1175120,1,82,83,completed,36
19461,Rigid,1175096,1175096,1175174,0,78,78,completed,36
19462,Rigid,1175121,1175121,1175439,0,318,318,completed,72
19463,Rigid,1175161,1175162,1175368,1,206,207,completed,36
19464,Rigid,1175189,1175189,1175193,0,4,4,completed,4
19465,Rigid,1175221,1175221,1175431,0,210,210,completed,144
19466,Rigid,1175236,1175236,1175239,0,3,3,completed,4
19467,Rigid,1175314,1175314,1175322,0,8,8,completed,4
19468,Rigid,1175334,1175334,1176353,0,1019,1019,completed,720
19469,Rigid,1175404,1175404,1175465,0,61,61,completed,36
19470,Rigid,1175459,1175459,1175605,0,146,146,completed,36
19471,Rigid,1176242,1176242,1176300,0,58,58,completed,36
19472,Rigid,1176365,1176365,1176951,0,586,586,completed,36
19473,Rigid,1176464,1176464,1176468,0,4,4,completed,4
19474,Rigid,1176585,1176585,1176594,0,9,9,completed,4
19475,Rigid,1176605,1176606,1176815,1,209,210,completed,72
19476,Rigid,1176645,1176645,1176648,0,3,3,completed,4
19477,Rigid,1176802,1176802,1176811,0,9,9,completed,4
19478,Rigid,1177021,1177021,1177072,0,51,51,completed,36
19479,Rigid,1177077,1177077,1177285,0,208,208,completed,36
19480,Rigid,1177114,1177114,1177217,0,103,103,completed,36
19481,Rigid,1177240,1177240,1177356,0,116,116,completed,36
19482,Rigid,1177487,1177488,1177608,1,120,121,completed,36
19483,Rigid,1177662,1177662,1177865,0,203,203,completed,72
19484,Rigid,1177751,1177751,1177881,0,130,130,completed,36
19485,Rigid,1177931,1177932,1178137,1,205,206,completed,72
19486,Rigid,1178108,1178109,1198329,1,20220,20221,completed,144
19487,Rigid,1178164,1178164,1178507,0,343,343,completed,36
19488,Rigid,1178211,1178211,1189683,0,11472,11472,completed,144
19489,Rigid,1178285,1178285,1189448,0,11163,11163,completed,144
19490,Rigid,1178365,1178366,1190292,1,11926,11927,completed,144
19491,Rigid,1178450,1178451,1190374,1,11923,11924,completed,144
19492,Rigid,1178466,1178467,1178478,1,11,12,completed,72
19493,Rigid,1178689,1178689,1178762,0,73,73,completed,36
19494,Rigid,1178740,1178740,1178743,0,3,3,completed,4
19495,Rigid,1178792,1178792,1178796,0,4,4,completed,4
19496,Rigid,1178862,1178862,1304366,0,125504,125504,completed,36
19497,Rigid,1178862,1178862,1284718,0,105856,105856,completed,36
19498,Rigid,1178862,1178862,1261220,0,82358,82358,completed,36
19499,Rigid,1178921,1178922,1233456,1,54534,54535,completed,36
19500,Rigid,1178921,1178922,1292559,1,113637,113638,completed,36
19501,Rigid,1178921,1178922,1248300,1,69378,69379,completed,36
19502,Rigid,1178952,1300574,1301271,121622,697,122319,completed,648
19503,Rigid,1178976,1178977,1282441,1,103464,103465,completed,72
19504,Rigid,1178976,1178977,1256752,1,77775,77776,completed,72
19505,Rigid,1178976,1178977,1223626,1,44649,44650,completed,72
19506,Rigid,1179019,1179020,1179150,1,130,131,completed,36
19507,Rigid,1179067,1179067,1280594,0,101527,101527,completed,36
19508,Rigid,1179067,1179067,1221741,0,42674,42674,completed,36
19509,Rigid,1179067,1179067,1231173,0,52106,52106,completed,36
19510,Rigid,1179098,1179098,1179109,0,11,11,completed,4
19511,Rigid,1179144,1179145,1239458,1,60313,60314,completed,36
19512,Rigid,1179144,1179145,1287555,1,108410,108411,completed,36
19513,Rigid,1179144,1179145,1237807,1,58662,58663,completed,36
19514,Rigid,1179170,1179170,1179182,0,12,12,completed,4
19515,Rigid,1179231,1179231,1205773,0,26542,26542,completed,36
19516,Rigid,1179231,1179231,1231340,0,52109,52109,completed,36
19517,Rigid,1179231,1179231,1204837,0,25606,25606,completed,36
19518,Rigid,1179366,1179366,1214007,0,34641,34641,completed,72
19519,Rigid,1179366,1179366,1281477,0,102111,102111,completed,72
19520,Rigid,1179366,1179366,1283765,0,104399,104399,completed,72
19521,Rigid,1179416,1179417,1291142,1,111725,111726,completed,72
19522,Rigid,1179416,1179417,1265442,1,86025,86026,completed,72
19523,Rigid,1179416,1179417,1269301,1,89884,89885,completed,72
19524,Rigid,1179417,1179417,1179428,0,11,11,completed,4
19525,Rigid,1179461,1179461,1275764,0,96303,96303,completed,72
19526,Rigid,1179461,1179461,1262353,0,82892,82892,completed,72
19527,Rigid,1179461,1179461,1292354,0,112893,112893,completed,72
19528,Rigid,1179496,1179497,1179501,1,4,5,completed,36
19529,Rigid,1179514,1179514,1310955,0,131441,131441,completed,36
19530,Rigid,1179514,1179514,1271709,0,92195,92195,completed,36
19531,Rigid,1179514,1179514,1272424,0,92910,92910,completed,36
19532,Rigid,1179562,1264715,1334300,85153,69585,154738,completed,72
19533,Rigid,1179562,1264715,1358445,85153,93730,178883,completed,72
19534,Rigid,1179562,1264715,1362355,85153,97640,182793,completed,72
19535,Rigid,1179602,1265529,1348730,85927,83201,169128,completed,72
19536,Rigid,1179602,1270866,1363627,91264,92761,184025,completed,72
19537,Rigid,1179602,1299972,1372246,120370,72274,192644,completed,72
19538,Rigid,1179665,1179665,1179677,0,12,12,completed,4
19539,Rigid,1179806,1179806,1179833,0,27,27,completed,36
19540,Rigid,1179860,1179861,1179983,1,122,123,completed,36
19541,Rigid,1179940,1179940,1179948,0,8,8,completed,72
19542,Rigid,1179953,1276924,1315224,96971,38300,135271,completed,36
19543,Rigid,1180018,1180018,1180056,0,38,38,completed,72
19544,Rigid,1180082,1180083,1180095,1,12,13,completed,36
19545,Rigid,1180105,1180106,1180671,1,565,566,completed,36
19546,Rigid,1180142,1180143,1180227,1,84,85,completed,72
19547,Rigid,1180240,1180240,1180244,0,4,4,completed,4
19548,Rigid,1180281,1180282,1180320,1,38,39,completed,72
19549,Rigid,1180361,1180361,1180372,0,11,11,completed,4
19550,Rigid,1180410,1180410,1180421,0,11,11,completed,4
19551,Rigid,1180427,1180427,1202106,0,21679,21679,completed,144
19552,Rigid,1180539,1180539,1180556,0,17,17,completed,72
19553,Rigid,1180612,1180612,1187329,0,6717,6717,completed,1
19554,Rigid,1180747,1180748,1180752,1,4,5,completed,36
19555,Rigid,1180775,1180775,1180967,0,192,192,completed,36
19556,Rigid,1180778,1180779,1180814,1,35,36,completed,36
19557,Rigid,1180897,1180897,1180911,0,14,14,completed,36
19558,Rigid,1180974,1180974,1180982,0,8,8,completed,4
19559,Rigid,1181182,1181183,1182391,1,1208,1209,completed,36
19560,Rigid,1181250,1181251,1259385,1,78134,78135,completed,432
19561,Rigid,1181257,1181257,1185840,0,4583,4583,completed,144
19562,Rigid,1181274,1181274,1259618,0,78344,78344,completed,432
19563,Rigid,1181284,1181284,1181296,0,12,12,completed,4
19564,Rigid,1181292,1182648,1269068,1356,86420,87776,completed,432
19565,Rigid,1181300,1181309,1185892,9,4583,4592,completed,144
19566,Rigid,1181337,1204719,1291123,23382,86404,109786,completed,432
19567,Rigid,1181337,1181339,1182400,2,1061,1063,completed,144
19568,Rigid,1181370,1181370,1181381,0,11,11,completed,4
19569,Rigid,1181371,1205683,1292083,24312,86400,110712,completed,432
19570,Rigid,1181390,1214152,1300552,32762,86400,119162,completed,432
19571,Rigid,1181406,1181406,1181417,0,11,11,completed,4
19572,Rigid,1181424,1219012,1305412,37588,86400,123988,completed,432
19573,Rigid,1181482,1181482,1181492,0,10,10,completed,72
19574,Rigid,1181495,1181495,1181615,0,120,120,completed,36
19575,Rigid,1181759,1181760,1181829,1,69,70,completed,72
19576,Rigid,1181834,1181834,1182012,0,178,178,completed,36
19577,Rigid,1182044,1182045,1182081,1,36,37,completed,72
19578,Rigid,1182117,1182117,1185549,0,3432,3432,completed,144
19579,Rigid,1182118,1182120,1217992,2,35872,35874,completed,1
19580,Rigid,1182202,1182202,1217992,0,35790,35790,completed,1
19581,Rigid,1182214,1182215,1182262,1,47,48,completed,36
19582,Rigid,1182246,1182247,1209441,1,27194,27195,completed,1
19583,Rigid,1182305,1182306,1213728,1,31422,31423,completed,1
19584,Rigid,1182308,1182310,1182476,2,166,168,completed,36
19585,Rigid,1182328,1182328,1182335,0,7,7,completed,4
19586,Rigid,1182385,1182385,1182396,0,11,11,completed,4
19587,Rigid,1182461,1182461,1183328,0,867,867,completed,72
19588,Rigid,1182523,1182524,1182533,1,9,10,completed,72
19589,Rigid,1182538,1182539,1182603,1,64,65,completed,36
19590,Rigid,1182638,1182639,1182647,1,8,9,completed,72
19591,Rigid,1182666,1182667,1182675,1,8,9,completed,72
19592,Rigid,1182845,1182845,1182883,0,38,38,completed,36
19593,Rigid,1182886,1182887,1183320,1,433,434,completed,36
19594,Rigid,1182899,1182900,1182960,1,60,61,completed,36
19595,Rigid,1182982,1182983,1182993,1,10,11,completed,72
19596,Rigid,1183000,1183000,1183177,0,177,177,completed,36
19597,Rigid,1183016,1183017,1183027,1,10,11,completed,72
19598,Rigid,1183161,1183161,1183169,0,8,8,completed,4
19599,Rigid,1183207,1183208,1183272,1,64,65,completed,36
19600,Rigid,1183331,1183331,1183395,0,64,64,completed,36
19601,Rigid,1183339,1183340,1183611,1,271,272,completed,12
19602,Rigid,1183340,1183340,1183630,0,290,290,completed,12
19603,Rigid,1183340,1183340,1183678,0,338,338,completed,12
19604,Rigid,1183341,1183344,1183618,3,274,277,completed,12
19605,Rigid,1183343,1183344,1183610,1,266,267,completed,12
19606,Rigid,1183344,1183344,1183678,0,334,334,completed,12
19607,Rigid,1183344,1183344,1183621,0,277,277,completed,12
19608,Rigid,1183344,1183344,1183623,0,279,279,completed,12
19609,Rigid,1183345,1183347,1183693,2,346,348,completed,12
19610,Rigid,1183345,1183347,1183630,2,283,285,completed,12
19611,Rigid,1183346,1183347,1183618,1,271,272,completed,12
19612,Rigid,1183346,1183347,1183682,1,335,336,completed,12
19613,Rigid,1183346,1183347,1183629,1,282,283,completed,12
19614,Rigid,1183346,1183347,1183626,1,279,280,completed,12
19615,Rigid,1183346,1183347,1183681,1,334,335,completed,12
19616,Rigid,1183346,1183347,1183619,1,272,273,completed,12
19617,Rigid,1183346,1183347,1183622,1,275,276,completed,12
19618,Rigid,1183346,1183347,1183691,1,344,345,completed,12
19619,Rigid,1183346,1183347,1183622,1,275,276,completed,12
19620,Rigid,1183346,1183347,1183618,1,271,272,completed,12
19621,Rigid,1183346,1183347,1183680,1,333,334,completed,12
19622,Rigid,1183346,1183347,1183632,1,285,286,completed,12
19623,Rigid,1183347,1183347,1183627,0,280,280,completed,12
19624,Rigid,1183347,1183347,1183680,0,333,333,completed,12
19625,Rigid,1183347,1183347,1183616,0,269,269,completed,12
19626,Rigid,1183347,1183347,1183621,0,274,274,completed,12
19627,Rigid,1183347,1183347,1183709,0,362,362,completed,12
19628,Rigid,1183347,1183347,1183622,0,275,275,completed,12
19629,Rigid,1183347,1183347,1183624,0,277,277,completed,12
19630,Rigid,1183347,1183347,1183685,0,338,338,completed,12
19631,Rigid,1183347,1183347,1183622,0,275,275,completed,12
19632,Rigid,1183347,1183347,1183630,0,283,283,completed,12
19633,Rigid,1183347,1183347,1183718,0,371,371,completed,12
19634,Rigid,1183347,1183347,1183619,0,272,272,completed,12
19635,Rigid,1183347,1183347,1183618,0,271,271,completed,12
19636,Rigid,1183347,1183347,1183684,0,337,337,completed,12
19637,Rigid,1183363,1183364,1183430,1,66,67,completed,36
19638,Rigid,1183397,1183397,1184173,0,776,776,completed,144
19639,Rigid,1183401,1183402,1183411,1,9,10,completed,72
19640,Rigid,1183451,1183452,1183571,1,119,120,completed,36
19641,Rigid,1183498,1183499,1184096,1,597,598,completed,36
19642,Rigid,1183607,1183607,1183616,0,9,9,completed,72
19643,Rigid,1183608,1183611,1183788,3,177,180,completed,36
19644,Rigid,1183645,1183646,1183656,1,10,11,completed,72
19645,Rigid,1183720,1183720,1183778,0,58,58,completed,2
19646,Rigid,1183754,1183759,1183777,5,18,23,completed,36
19647,Rigid,1183780,1183780,1183802,0,22,22,completed,2
19648,Rigid,1183780,1183780,1183814,0,34,34,completed,2
19649,Rigid,1183780,1183784,1183793,4,9,13,completed,2
19650,Rigid,1183780,1183784,1183808,4,24,28,completed,2
19651,Rigid,1183780,1183784,1183795,4,11,15,completed,2
19652,Rigid,1183780,1183784,1183796,4,12,16,completed,2
19653,Rigid,1183794,1183795,1183804,1,9,10,completed,72
19654,Rigid,1183862,1183862,1183913,0,51,51,completed,1
19655,Rigid,1183918,1183919,1184371,1,452,453,completed,72
19656,Rigid,1183962,1183962,1183971,0,9,9,completed,4
19657,Rigid,1183985,1183986,1184476,1,490,491,completed,36
19658,Rigid,1183988,1183990,1184165,2,175,177,completed,36
19659,Rigid,1183991,1183994,1215172,3,31178,31181,completed,1
19660,Rigid,1183993,1183994,1184034,1,40,41,completed,2
19661,Rigid,1183994,1183994,1184012,0,18,18,completed,2
19662,Rigid,1183994,1183994,1184010,0,16,16,completed,2
19663,Rigid,1183994,1183994,1184012,0,18,18,completed,2
19664,Rigid,1183994,1183994,1184025,0,31,31,completed,2
19665,Rigid,1184013,1184014,1184022,1,8,9,completed,2
19666,Rigid,1184013,1184014,1184040,1,26,27,completed,2
19667,Rigid,1184013,1184014,1184039,1,25,26,completed,2
19668,Rigid,1184013,1184014,1184022,1,8,9,completed,2
19669,Rigid,1184014,1184014,1184039,0,25,25,completed,2
19670,Rigid,1184014,1184014,1184050,0,36,36,completed,2
19671,Rigid,1184014,1184014,1184022,0,8,8,completed,2
19672,Rigid,1184014,1184014,1184041,0,27,27,completed,2
19673,Rigid,1184014,1184014,1184040,0,26,26,completed,2
19674,Rigid,1184014,1184014,1184031,0,17,17,completed,2
19675,Rigid,1184014,1184014,1184040,0,26,26,completed,2
19676,Rigid,1184014,1184014,1184050,0,36,36,completed,2
19677,Rigid,1184014,1184014,1184022,0,8,8,completed,2
19678,Rigid,1184014,1184014,1184041,0,27,27,completed,2
19679,Rigid,1184014,1184018,1184041,4,23,27,completed,2
19680,Rigid,1184014,1184018,1184041,4,23,27,completed,2
19681,Rigid,1184014,1184018,1184051,4,33,37,completed,2
19682,Rigid,1184014,1184018,1184026,4,8,12,completed,2
19683,Rigid,1184014,1184018,1184043,4,25,29,completed,2
19684,Rigid,1184015,1184018,1184041,3,23,26,completed,2
19685,Rigid,1184015,1184018,1184043,3,25,28,completed,2
19686,Rigid,1184015,1184018,1184041,3,23,26,completed,2
19687,Rigid,1184015,1184018,1184025,3,7,10,completed,2
19688,Rigid,1184015,1184018,1184043,3,25,28,completed,2
19689,Rigid,1184015,1184018,1184041,3,23,26,completed,2
19690,Rigid,1184015,1184018,1184043,3,25,28,completed,2
19691,Rigid,1184015,1184018,1184041,3,23,26,completed,2
19692,Rigid,1184015,1184018,1184043,3,25,28,completed,2
19693,Rigid,1184015,1184018,1184032,3,14,17,completed,2
19694,Rigid,1184015,1184018,1184025,3,7,10,completed,2
19695,Rigid,1184015,1184018,1184043,3,25,28,completed,2
19696,Rigid,1184015,1184018,1184043,3,25,28,completed,2
19697,Rigid,1184015,1184018,1184041,3,23,26,completed,2
19698,Rigid,1184015,1184018,1184044,3,26,29,completed,2
19699,Rigid,1184016,1184018,1184025,2,7,9,completed,2
19700,Rigid,1184016,1184018,1184042,2,24,26,completed,2
19701,Rigid,1184016,1184018,1184043,2,25,27,completed,2
19702,Rigid,1184016,1184018,1184025,2,7,9,completed,2
19703,Rigid,1184016,1184018,1184042,2,24,26,completed,2
19704,Rigid,1184016,1184018,1184041,2,23,25,completed,2
19705,Rigid,1184016,1184018,1184042,2,24,26,completed,2
19706,Rigid,1184016,1184018,1184025,2,7,9,completed,2
19707,Rigid,1184081,1184100,1184296,19,196,215,completed,36
19708,Rigid,1184098,1184169,1184238,71,69,140,completed,36
19709,Rigid,1184161,1184162,1211241,1,27079,27080,completed,1
19710,Rigid,1184170,1184170,1184174,0,4,4,completed,2
19711,Rigid,1184170,1184170,1184174,0,4,4,completed,2
19712,Rigid,1184170,1184170,1184174,0,4,4,completed,2
19713,Rigid,1184170,1184170,1184174,0,4,4,completed,2
19714,Rigid,1184170,1184170,1184174,0,4,4,completed,2
19715,Rigid,1184170,1184170,1184174,0,4,4,completed,2
19716,Rigid,1184170,1184170,1184174,0,4,4,completed,2
19717,Rigid,1184170,1184170,1184174,0,4,4,completed,2
19718,Rigid,1184170,1184170,1184174,0,4,4,completed,2
19719,Rigid,1184170,1184170,1184174,0,4,4,completed,2
19720,Rigid,1184170,1184170,1184174,0,4,4,completed,2
19721,Rigid,1184170,1184170,1184174,0,4,4,completed,2
19722,Rigid,1184170,1184170,1184174,0,4,4,completed,2
19723,Rigid,1184170,1184170,1184174,0,4,4,completed,2
19724,Rigid,1184170,1184170,1184174,0,4,4,completed,2
19725,Rigid,1184170,1184170,1184174,0,4,4,completed,2
19726,Rigid,1184170,1184170,1184174,0,4,4,completed,2
19727,Rigid,1184170,1184170,1184174,0,4,4,completed,2
19728,Rigid,1184170,1184170,1184174,0,4,4,completed,2
19729,Rigid,1184185,1184185,1184221,0,36,36,completed,2
19730,Rigid,1184185,1184185,1184220,0,35,35,completed,2
19731,Rigid,1184185,1184187,1184210,2,23,25,completed,2
19732,Rigid,1184185,1184187,1184220,2,33,35,completed,2
19733,Rigid,1184185,1184187,1184229,2,42,44,completed,2
19734,Rigid,1184185,1184187,1184210,2,23,25,completed,2
19735,Rigid,1184185,1184187,1184221,2,34,36,completed,2
19736,Rigid,1184185,1184187,1184220,2,33,35,completed,2
19737,Rigid,1184186,1184187,1184210,1,23,24,completed,2
19738,Rigid,1184186,1184187,1184220,1,33,34,completed,2
19739,Rigid,1184186,1184187,1184230,1,43,44,completed,2
19740,Rigid,1184186,1184187,1184210,1,23,24,completed,2
19741,Rigid,1184186,1184187,1184224,1,37,38,completed,2
19742,Rigid,1184186,1184187,1184222,1,35,36,completed,2
19743,Rigid,1184186,1184187,1184220,1,33,34,completed,2
19744,Rigid,1184186,1184187,1184210,1,23,24,completed,2
19745,Rigid,1184186,1184187,1184209,1,22,23,completed,2
19746,Rigid,1184186,1184187,1184220,1,33,34,completed,2
19747,Rigid,1184186,1184187,1184229,1,42,43,completed,2
19748,Rigid,1184186,1184187,1184221,1,34,35,completed,2
19749,Rigid,1184186,1184187,1184220,1,33,34,completed,2
19750,Rigid,1184186,1184187,1184210,1,23,24,completed,2
19751,Rigid,1184187,1184187,1184221,0,34,34,completed,2
19752,Rigid,1184187,1184187,1184220,0,33,33,completed,2
19753,Rigid,1184187,1184187,1184222,0,35,35,completed,2
19754,Rigid,1184187,1184187,1184220,0,33,33,completed,2
19755,Rigid,1184187,1184187,1184210,0,23,23,completed,2
19756,Rigid,1184187,1184187,1184202,0,15,15,completed,2
19757,Rigid,1184187,1184187,1184221,0,34,34,completed,2
19758,Rigid,1184187,1184187,1184220,0,33,33,completed,2
19759,Rigid,1184187,1184187,1184210,0,23,23,completed,2
19760,Rigid,1184187,1184187,1184222,0,35,35,completed,2
19761,Rigid,1184187,1184187,1184200,0,13,13,completed,2
19762,Rigid,1184187,1184187,1184222,0,35,35,completed,2
19763,Rigid,1184187,1184191,1184222,4,31,35,completed,2
19764,Rigid,1184187,1184191,1184202,4,11,15,completed,2
19765,Rigid,1184187,1184191,1184221,4,30,34,completed,2
19766,Rigid,1184187,1184191,1184219,4,28,32,completed,2
19767,Rigid,1184187,1184191,1184201,4,10,14,completed,2
19768,Rigid,1184187,1184191,1184216,4,25,29,completed,2
19769,Rigid,1184187,1184191,1184206,4,15,19,completed,2
19770,Rigid,1184187,1184191,1184221,4,30,34,completed,2
19771,Rigid,1184187,1184191,1184222,4,31,35,completed,2
19772,Rigid,1184188,1184191,1184210,3,19,22,completed,2
19773,Rigid,1184188,1184191,1184210,3,19,22,completed,2
19774,Rigid,1184188,1184191,1184221,3,30,33,completed,2
19775,Rigid,1184188,1184191,1184220,3,29,32,completed,2
19776,Rigid,1184188,1184191,1184206,3,15,18,completed,2
19777,Rigid,1184188,1184191,1184221,3,30,33,completed,2
19778,Rigid,1184210,1184211,1184218,1,7,8,completed,2
19779,Rigid,1184210,1184211,1184217,1,6,7,completed,2
19780,Rigid,1184210,1184211,1184216,1,5,6,completed,2
19781,Rigid,1184210,1184211,1184218,1,7,8,completed,2
19782,Rigid,1184211,1184211,1184216,0,5,5,completed,2
19783,Rigid,1184211,1184211,1184217,0,6,6,completed,2
19784,Rigid,1184211,1184211,1184218,0,7,7,completed,2
19785,Rigid,1184211,1184211,1184216,0,5,5,completed,2
19786,Rigid,1184211,1184211,1184217,0,6,6,completed,2
19787,Rigid,1184211,1184211,1184218,0,7,7,completed,2
19788,Rigid,1184211,1184211,1184216,0,5,5,completed,2
19789,Rigid,1184211,1184211,1184217,0,6,6,completed,2
19790,Rigid,1184212,1184215,1184220,3,5,8,completed,2
19791,Rigid,1184212,1184215,1184221,3,6,9,completed,2
19792,Rigid,1184212,1184215,1184221,3,6,9,completed,2
19793,Rigid,1184219,1184220,1184523,1,303,304,completed,36
19794,Rigid,1184231,1184380,1184630,149,250,399,completed,72
19795,Rigid,1184233,1185407,1186179,1174,772,1946,completed,288
19796,Rigid,1184255,1184282,1212119,27,27837,27864,completed,1
19797,Rigid,1184266,1184282,1184320,16,38,54,completed,36
19798,Rigid,1184279,1184300,1184476,21,176,197,completed,36
19799,Rigid,1184347,1184479,1184560,132,81,213,completed,72
19800,Rigid,1184378,1184402,1217992,24,33590,33614,completed,1
19801,Rigid,1184458,1184638,1184842,180,204,384,completed,72
19802,Rigid,1184473,1184492,1212515,19,28023,28042,completed,1
19803,Rigid,1184532,1184567,1184576,35,9,44,completed,72
19804,Rigid,1184536,1186181,1186956,1645,775,2420,completed,576
19805,Rigid,1184614,1184642,1217992,28,33350,33378,completed,1
19806,Rigid,1184662,1184662,1184671,0,9,9,completed,4
19807,Rigid,1184662,1184672,1184681,10,9,19,completed,72
19808,Rigid,1184679,1184680,1184983,1,303,304,completed,36
19809,Rigid,1184695,1184695,1185910,0,1215,1215,completed,36
19810,Rigid,1184712,1184733,1189816,21,5083,5104,completed,1
19811,Rigid,1184712,1184733,1192201,21,7468,7489,completed,1
19812,Rigid,1184712,1184733,1189632,21,4899,4920,completed,1
19813,Rigid,1184712,1184733,1193666,21,8933,8954,completed,1
19814,Rigid,1184712,1184733,1189689,21,4956,4977,completed,1
19815,Rigid,1184712,1184733,1192688,21,7955,7976,completed,1
19816,Rigid,1184712,1184733,1189556,21,4823,4844,completed,1
19817,Rigid,1184712,1184733,1193819,21,9086,9107,completed,1
19818,Rigid,1184712,1184733,1189678,21,4945,4966,completed,1
19819,Rigid,1184712,1184733,1193263,21,8530,8551,completed,1
19820,Rigid,1184712,1184733,1189560,21,4827,4848,completed,1
19821,Rigid,1184712,1184733,1192461,21,7728,7749,completed,1
19822,Rigid,1184712,1184733,1190327,21,5594,5615,completed,1
19823,Rigid,1184712,1184733,1193458,21,8725,8746,completed,1
19824,Rigid,1184712,1184733,1189521,21,4788,4809,completed,1
19825,Rigid,1184712,1184733,1192589,21,7856,7877,completed,1
19826,Rigid,1184712,1184733,1189603,21,4870,4891,completed,1
19827,Rigid,1184712,1184733,1192622,21,7889,7910,completed,1
19828,Rigid,1184712,1184733,1189513,21,4780,4801,completed,1
19829,Rigid,1184712,1184733,1192251,21,7518,7539,completed,1
19830,Rigid,1184712,1184733,1189687,21,4954,4975,completed,1
19831,Rigid,1184712,1184733,1192449,21,7716,7737,completed,1
19832,Rigid,1184712,1184733,1189802,21,5069,5090,completed,1
19833,Rigid,1184712,1184733,1192289,21,7556,7577,completed,1
19834,Rigid,1184712,1184733,1189672,21,4939,4960,completed,1
19835,Rigid,1184712,1184733,1193566,21,8833,8854,completed,1
19836,Rigid,1184712,1184733,1189527,21,4794,4815,completed,1
19837,Rigid,1184712,1184733,1192709,21,7976,7997,completed,1
19838,Rigid,1184712,1184733,1189569,21,4836,4857,completed,1
19839,Rigid,1184712,1184733,1192582,21,7849,7870,completed,1
19840,Rigid,1184712,1184733,1189709,21,4976,4997,completed,1
19841,Rigid,1184712,1184733,1192083,21,7350,7371,completed,1
19842,Rigid,1184712,1184733,1189578,21,4845,4866,completed,1
19843,Rigid,1184712,1184733,1192698,21,7965,7986,completed,1
19844,Rigid,1184712,1184733,1189811,21,5078,5099,completed,1
19845,Rigid,1184712,1184733,1192309,21,7576,7597,completed,1
19846,Rigid,1184712,1184733,1189547,21,4814,4835,completed,1
19847,Rigid,1184712,1184733,1192408,21,7675,7696,completed,1
19848,Rigid,1184712,1184733,1189792,21,5059,5080,completed,1
19849,Rigid,1184712,1184733,1193380,21,8647,8668,completed,1
19850,Rigid,1184712,1184733,1190414,21,5681,5702,completed,1
19851,Rigid,1184712,1184733,1192237,21,7504,7525,completed,1
19852,Rigid,1184712,1184733,1189613,21,4880,4901,completed,1
19853,Rigid,1184712,1184733,1192813,21,8080,8101,completed,1
19854,Rigid,1184712,1184733,1189716,21,4983,5004,completed,1
19855,Rigid,1184712,1184733,1191588,21,6855,6876,completed,1
19856,Rigid,1184712,1184733,1189649,21,4916,4937,completed,1
19857,Rigid,1184712,1184733,1191740,21,7007,7028,completed,1
19858,Rigid,1184712,1184733,1189556,21,4823,4844,completed,1
19859,Rigid,1184712,1184733,1194027,21,9294,9315,completed,1
19860,Rigid,1184712,1184733,1189804,21,5071,5092,completed,1
19861,Rigid,1184712,1184733,1192226,21,7493,7514,completed,1
19862,Rigid,1184712,1184733,1189737,21,5004,5025,completed,1
19863,Rigid,1184712,1184733,1193494,21,8761,8782,completed,1
19864,Rigid,1184712,1184733,1189351,21,4618,4639,completed,1
19865,Rigid,1184712,1184733,1192501,21,7768,7789,completed,1
19866,Rigid,1184712,1184733,1189710,21,4977,4998,completed,1
19867,Rigid,1184712,1184733,1192880,21,8147,8168,completed,1
19868,Rigid,1184712,1184733,1189701,21,4968,4989,completed,1
19869,Rigid,1184712,1184733,1192846,21,8113,8134,completed,1
19870,Rigid,1184712,1184733,1189783,21,5050,5071,completed,1
19871,Rigid,1184712,1184733,1193012,21,8279,8300,completed,1
19872,Rigid,1184712,1184733,1189782,21,5049,5070,completed,1
19873,Rigid,1184712,1184733,1193251,21,8518,8539,completed,1
19874,Rigid,1184712,1184733,1189747,21,5014,5035,completed,1
19875,Rigid,1184712,1184733,1192237,21,7504,7525,completed,1
19876,Rigid,1184712,1184733,1189902,21,5169,5190,completed,1
19877,Rigid,1184712,1184733,1192099,21,7366,7387,completed,1
19878,Rigid,1184712,1184733,1189849,21,5116,5137,completed,1
19879,Rigid,1184712,1184733,1192579,21,7846,7867,completed,1
19880,Rigid,1184712,1184733,1189602,21,4869,4890,completed,1
19881,Rigid,1184712,1184733,1192712,21,7979,8000,completed,1
19882,Rigid,1184712,1184733,1189790,21,5057,5078,completed,1
19883,Rigid,1184712,1184733,1192601,21,7868,7889,completed,1
19884,Rigid,1184712,1184733,1189618,21,4885,4906,completed,1
19885,Rigid,1184712,1184733,1192637,21,7904,7925,completed,1
19886,Rigid,1184712,1184733,1189572,21,4839,4860,completed,1
19887,Rigid,1184712,1184733,1193023,21,8290,8311,completed,1
19888,Rigid,1184712,1184733,1189620,21,4887,4908,completed,1
19889,Rigid,1184712,1184733,1193275,21,8542,8563,completed,1
19890,Rigid,1184712,1184733,1189713,21,4980,5001,completed,1
19891,Rigid,1184712,1184733,1193672,21,8939,8960,completed,1
19892,Rigid,1184712,1184733,1190383,21,5650,5671,completed,1
19893,Rigid,1184712,1184733,1192620,21,7887,7908,completed,1
19894,Rigid,1184712,1184733,1189610,21,4877,4898,completed,1
19895,Rigid,1184712,1184733,1192924,21,8191,8212,completed,1
19896,Rigid,1184712,1184733,1189574,21,4841,4862,completed,1
19897,Rigid,1184712,1184733,1192833,21,8100,8121,completed,1
19898,Rigid,1184712,1184733,1189657,21,4924,4945,completed,1
19899,Rigid,1184712,1184733,1191929,21,7196,7217,completed,1
19900,Rigid,1184712,1184733,1189584,21,4851,4872,completed,1
19901,Rigid,1184712,1184733,1193172,21,8439,8460,completed,1
19902,Rigid,1184712,1184733,1189792,21,5059,5080,completed,1
19903,Rigid,1184712,1184733,1193159,21,8426,8447,completed,1
19904,Rigid,1184712,1184733,1189820,21,5087,5108,completed,1
19905,Rigid,1184712,1184733,1192730,21,7997,8018,completed,1
19906,Rigid,1184712,1184733,1189805,21,5072,5093,completed,1
19907,Rigid,1184712,1184733,1192662,21,7929,7950,completed,1
19908,Rigid,1184712,1184733,1189829,21,5096,5117,completed,1
19909,Rigid,1184712,1184733,1191747,21,7014,7035,completed,1
19910,Rigid,1184712,1184733,1193344,21,8611,8632,completed,1
19911,Rigid,1184712,1184733,1200399,21,15666,15687,completed,1
19912,Rigid,1184712,1184733,1193003,21,8270,8291,completed,1
19913,Rigid,1184712,1184733,1200126,21,15393,15414,completed,1
19914,Rigid,1184712,1184733,1193493,21,8760,8781,completed,1
19915,Rigid,1184712,1184733,1199985,21,15252,15273,completed,1
19916,Rigid,1184712,1184733,1193272,21,8539,8560,completed,1
19917,Rigid,1184712,1184733,1196455,21,11722,11743,completed,1
19918,Rigid,1184712,1184733,1193411,21,8678,8699,completed,1
19919,Rigid,1184712,1184733,1200005,21,15272,15293,completed,1
19920,Rigid,1184712,1184733,1193557,21,8824,8845,completed,1
19921,Rigid,1184712,1184733,1200047,21,15314,15335,completed,1
19922,Rigid,1184712,1184733,1193498,21,8765,8786,completed,1
19923,Rigid,1184712,1184733,1198135,21,13402,13423,completed,1
19924,Rigid,1184712,1184733,1193147,21,8414,8435,completed,1
19925,Rigid,1184712,1184733,1198539,21,13806,13827,completed,1
19926,Rigid,1184712,1184733,1193368,21,8635,8656,completed,1
19927,Rigid,1184712,1184733,1201001,21,16268,16289,completed,1
19928,Rigid,1184712,1184733,1193399,21,8666,8687,completed,1
19929,Rigid,1184712,1184733,1198586,21,13853,13874,completed,1
19930,Rigid,1184712,1184733,1193773,21,9040,9061,completed,1
19931,Rigid,1184712,1184733,1199584,21,14851,14872,completed,1
19932,Rigid,1184712,1184824,1193661,112,8837,8949,completed,1
19933,Rigid,1184712,1184824,1201932,112,17108,17220,completed,1
19934,Rigid,1184712,1184824,1192966,112,8142,8254,completed,1
19935,Rigid,1184712,1184824,1198594,112,13770,13882,completed,1
19936,Rigid,1184712,1184824,1193200,112,8376,8488,completed,1
19937,Rigid,1184712,1184824,1199294,112,14470,14582,completed,1
19938,Rigid,1184712,1184824,1193276,112,8452,8564,completed,1
19939,Rigid,1184712,1184824,1199798,112,14974,15086,completed,1
19940,Rigid,1184712,1184824,1193004,112,8180,8292,completed,1
19941,Rigid,1184712,1184824,1198885,112,14061,14173,completed,1
19942,Rigid,1184712,1184824,1193196,112,8372,8484,completed,1
19943,Rigid,1184712,1184824,1199044,112,14220,14332,completed,1
19944,Rigid,1184712,1184824,1193346,112,8522,8634,completed,1
19945,Rigid,1184712,1184824,1199175,112,14351,14463,completed,1
19946,Rigid,1184712,1184824,1193498,112,8674,8786,completed,1
19947,Rigid,1184712,1184824,1200313,112,15489,15601,completed,1
19948,Rigid,1184712,1184824,1193128,112,8304,8416,completed,1
19949,Rigid,1184712,1184824,1201955,112,17131,17243,completed,1
19950,Rigid,1184712,1184824,1194678,112,9854,9966,completed,1
19951,Rigid,1184712,1184824,1198532,112,13708,13820,completed,1
19952,Rigid,1184712,1184824,1193211,112,8387,8499,completed,1
19953,Rigid,1184712,1184824,1200656,112,15832,15944,completed,1
19954,Rigid,1184712,1184824,1193314,112,8490,8602,completed,1
19955,Rigid,1184712,1184824,1198154,112,13330,13442,completed,1
19956,Rigid,1184712,1184824,1193428,112,8604,8716,completed,1
19957,Rigid,1184712,1184824,1198981,112,14157,14269,completed,1
19958,Rigid,1184712,1184824,1193065,112,8241,8353,completed,1
19959,Rigid,1184712,1184824,1199197,112,14373,14485,completed,1
19960,Rigid,1184712,1184824,1193295,112,8471,8583,completed,1
19961,Rigid,1184712,1184824,1199274,112,14450,14562,completed,1
19962,Rigid,1184712,1184824,1193794,112,8970,9082,completed,1
19963,Rigid,1184712,1184824,1199196,112,14372,14484,completed,1
19964,Rigid,1184712,1184824,1193247,112,8423,8535,completed,1
19965,Rigid,1184712,1184824,1199733,112,14909,15021,completed,1
19966,Rigid,1184712,1184824,1194007,112,9183,9295,completed,1
19967,Rigid,1184712,1184824,1197528,112,12704,12816,completed,1
19968,Rigid,1184712,1185396,1193944,684,8548,9232,completed,1
19969,Rigid,1184712,1185396,1202612,684,17216,17900,completed,1
19970,Rigid,1184712,1185396,1193868,684,8472,9156,completed,1
19971,Rigid,1184712,1185396,1200941,684,15545,16229,completed,1
19972,Rigid,1184712,1185396,1193854,684,8458,9142,completed,1
19973,Rigid,1184712,1185396,1199413,684,14017,14701,completed,1
19974,Rigid,1184712,1185396,1194010,684,8614,9298,completed,1
19975,Rigid,1184712,1185396,1198010,684,12614,13298,completed,1
19976,Rigid,1184712,1185396,1193951,684,8555,9239,completed,1
19977,Rigid,1184712,1185396,1200548,684,15152,15836,completed,1
19978,Rigid,1184712,1185396,1193997,684,8601,9285,completed,1
19979,Rigid,1184712,1185396,1199641,684,14245,14929,completed,1
19980,Rigid,1184712,1185397,1194032,685,8635,9320,completed,1
19981,Rigid,1184712,1185397,1199628,685,14231,14916,completed,1
19982,Rigid,1184712,1185397,1193966,685,8569,9254,completed,1
19983,Rigid,1184712,1185397,1200856,685,15459,16144,completed,1
19984,Rigid,1184712,1185397,1194183,685,8786,9471,completed,1
19985,Rigid,1184712,1185397,1201156,685,15759,16444,completed,1
19986,Rigid,1184712,1185397,1194997,685,9600,10285,completed,1
19987,Rigid,1184712,1185397,1200760,685,15363,16048,completed,1
19988,Rigid,1184712,1185397,1193824,685,8427,9112,completed,1
19989,Rigid,1184712,1185397,1201434,685,16037,16722,completed,1
19990,Rigid,1184712,1185397,1193820,685,8423,9108,completed,1
19991,Rigid,1184712,1185397,1198940,685,13543,14228,completed,1
19992,Rigid,1184712,1185397,1193836,685,8439,9124,completed,1
19993,Rigid,1184712,1185397,1200722,685,15325,16010,completed,1
19994,Rigid,1184712,1185397,1193546,685,8149,8834,completed,1
19995,Rigid,1184712,1185397,1199492,685,14095,14780,completed,1
19996,Rigid,1184712,1185397,1193808,685,8411,9096,completed,1
19997,Rigid,1184712,1185397,1199530,685,14133,14818,completed,1
19998,Rigid,1184712,1185397,1194403,685,9006,9691,completed,1
19999,Rigid,1184712,1185397,1201547,685,16150,16835,completed,1
20000,Rigid,1184712,1185397,1194049,685,8652,9337,completed,1
20001,Rigid,1184712,1185397,1199230,685,13833,14518,completed,1
20002,Rigid,1184712,1185397,1193779,685,8382,9067,completed,1
20003,Rigid,1184712,1185397,1201583,685,16186,16871,completed,1
20004,Rigid,1184712,1185608,1194403,896,8795,9691,completed,1
20005,Rigid,1184712,1185608,1200648,896,15040,15936,completed,1
20006,Rigid,1184712,1185608,1193900,896,8292,9188,completed,1
20007,Rigid,1184712,1185608,1200054,896,14446,15342,completed,1
20008,Rigid,1184712,1185608,1194007,896,8399,9295,completed,1
20009,Rigid,1184712,1185608,1198628,896,13020,13916,completed,1
20010,Rigid,1184712,1185608,1207001,896,21393,22289,completed,1
20011,Rigid,1184712,1185608,1247220,896,61612,62508,completed,1
20012,Rigid,1184712,1185608,1207413,896,21805,22701,completed,1
20013,Rigid,1184712,1185608,1248420,896,62812,63708,completed,1
20014,Rigid,1184712,1185608,1207483,896,21875,22771,completed,1
20015,Rigid,1184712,1185608,1257457,896,71849,72745,completed,1
20016,Rigid,1184712,1185608,1208193,896,22585,23481,completed,1
20017,Rigid,1184712,1185608,1256424,896,70816,71712,completed,1
20018,Rigid,1184712,1185608,1206920,896,21312,22208,completed,1
20019,Rigid,1184712,1185608,1250835,896,65227,66123,completed,1
20020,Rigid,1184712,1185608,1206973,896,21365,22261,completed,1
20021,Rigid,1184712,1185608,1259773,896,74165,75061,completed,1
20022,Rigid,1184712,1185608,1210304,896,24696,25592,completed,1
20023,Rigid,1184712,1185608,1251168,896,65560,66456,completed,1
20024,Rigid,1184712,1185608,1207730,896,22122,23018,completed,1
20025,Rigid,1184712,1185608,1249099,896,63491,64387,completed,1
20026,Rigid,1184712,1185608,1207101,896,21493,22389,completed,1
20027,Rigid,1184712,1185608,1244293,896,58685,59581,completed,1
20028,Rigid,1184712,1185608,1206979,896,21371,22267,completed,1
20029,Rigid,1184712,1185608,1245681,896,60073,60969,completed,1
20030,Rigid,1184712,1185608,1207154,896,21546,22442,completed,1
20031,Rigid,1184712,1185608,1248432,896,62824,63720,completed,1
20032,Rigid,1184712,1185608,1207136,896,21528,22424,completed,1
20033,Rigid,1184712,1185608,1248833,896,63225,64121,completed,1
20034,Rigid,1184712,1185608,1208188,896,22580,23476,completed,1
20035,Rigid,1184712,1185608,1246352,896,60744,61640,completed,1
20036,Rigid,1184712,1185608,1207761,896,22153,23049,completed,1
20037,Rigid,1184712,1185608,1244882,896,59274,60170,completed,1
20038,Rigid,1184712,1185608,1206786,896,21178,22074,completed,1
20039,Rigid,1184712,1185608,1253361,896,67753,68649,completed,1
20040,Rigid,1184712,1185608,1208157,896,22549,23445,completed,1
20041,Rigid,1184712,1185608,1251784,896,66176,67072,completed,1
20042,Rigid,1184712,1185608,1206973,896,21365,22261,completed,1
20043,Rigid,1184712,1185608,1247634,896,62026,62922,completed,1
20044,Rigid,1184712,1185608,1208550,896,22942,23838,completed,1
20045,Rigid,1184712,1185608,1254077,896,68469,69365,completed,1
20046,Rigid,1184712,1185608,1207561,896,21953,22849,completed,1
20047,Rigid,1184712,1185608,1250477,896,64869,65765,completed,1
20048,Rigid,1184712,1185608,1208616,896,23008,23904,completed,1
20049,Rigid,1184712,1185608,1253836,896,68228,69124,completed,1
20050,Rigid,1184712,1185608,1207504,896,21896,22792,completed,1
20051,Rigid,1184712,1185608,1250386,896,64778,65674,completed,1
20052,Rigid,1184712,1185608,1208175,896,22567,23463,completed,1
20053,Rigid,1184712,1185608,1252270,896,66662,67558,completed,1
20054,Rigid,1184712,1185608,1207241,896,21633,22529,completed,1
20055,Rigid,1184712,1185608,1264314,896,78706,79602,completed,1
20056,Rigid,1184712,1185608,1208295,896,22687,23583,completed,1
20057,Rigid,1184712,1185608,1253802,896,68194,69090,completed,1
20058,Rigid,1184712,1185608,1210434,896,24826,25722,completed,1
20059,Rigid,1184712,1185608,1252948,896,67340,68236,completed,1
20060,Rigid,1184712,1185608,1206951,896,21343,22239,completed,1
20061,Rigid,1184712,1185608,1246081,896,60473,61369,completed,1
20062,Rigid,1184712,1185608,1207105,896,21497,22393,completed,1
20063,Rigid,1184712,1185608,1248746,896,63138,64034,completed,1
20064,Rigid,1184712,1185608,1208742,896,23134,24030,completed,1
20065,Rigid,1184712,1185608,1245105,896,59497,60393,completed,1
20066,Rigid,1184712,1185608,1207495,896,21887,22783,completed,1
20067,Rigid,1184712,1185608,1250178,896,64570,65466,completed,1
20068,Rigid,1184712,1185608,1207167,896,21559,22455,completed,1
20069,Rigid,1184712,1185608,1248218,896,62610,63506,completed,1
20070,Rigid,1184712,1185608,1208142,896,22534,23430,completed,1
20071,Rigid,1184712,1185608,1251918,896,66310,67206,completed,1
20072,Rigid,1184712,1185608,1208222,896,22614,23510,completed,1
20073,Rigid,1184712,1185608,1247666,896,62058,62954,completed,1
20074,Rigid,1184712,1185608,1207366,896,21758,22654,completed,1
20075,Rigid,1184712,1185608,1252916,896,67308,68204,completed,1
20076,Rigid,1184712,1185608,1208281,896,22673,23569,completed,1
20077,Rigid,1184712,1185608,1256231,896,70623,71519,completed,1
20078,Rigid,1184712,1185608,1207160,896,21552,22448,completed,1
20079,Rigid,1184712,1185608,1252921,896,67313,68209,completed,1
20080,Rigid,1184712,1185608,1207220,896,21612,22508,completed,1
20081,Rigid,1184712,1185608,1252412,896,66804,67700,completed,1
20082,Rigid,1184712,1185608,1207513,896,21905,22801,completed,1
20083,Rigid,1184712,1185608,1252227,896,66619,67515,completed,1
20084,Rigid,1184712,1185608,1207617,896,22009,22905,completed,1
20085,Rigid,1184712,1185608,1254399,896,68791,69687,completed,1
20086,Rigid,1184712,1185608,1207284,896,21676,22572,completed,1
20087,Rigid,1184712,1185608,1250984,896,65376,66272,completed,1
20088,Rigid,1184712,1185608,1208210,896,22602,23498,completed,1
20089,Rigid,1184712,1185608,1258054,896,72446,73342,completed,1
20090,Rigid,1184712,1185608,1207104,896,21496,22392,completed,1
20091,Rigid,1184712,1185608,1250423,896,64815,65711,completed,1
20092,Rigid,1184712,1185608,1208021,896,22413,23309,completed,1
20093,Rigid,1184712,1185608,1258421,896,72813,73709,completed,1
20094,Rigid,1184712,1185608,1210836,896,25228,26124,completed,1
20095,Rigid,1184712,1185608,1259298,896,73690,74586,completed,1
20096,Rigid,1184712,1185608,1207499,896,21891,22787,completed,1
20097,Rigid,1184712,1185608,1249922,896,64314,65210,completed,1
20098,Rigid,1184712,1185608,1207059,896,21451,22347,completed,1
20099,Rigid,1184712,1185608,1255735,896,70127,71023,completed,1
20100,Rigid,1184712,1185608,1207198,896,21590,22486,completed,1
20101,Rigid,1184712,1185608,1252865,896,67257,68153,completed,1
20102,Rigid,1184712,1185608,1207465,896,21857,22753,completed,1
20103,Rigid,1184712,1185608,1251327,896,65719,66615,completed,1
20104,Rigid,1184712,1185608,1208734,896,23126,24022,completed,1
20105,Rigid,1184712,1185608,1256929,896,71321,72217,completed,1
20106,Rigid,1184712,1185608,1208197,896,22589,23485,completed,1
20107,Rigid,1184712,1185608,1255384,896,69776,70672,completed,1
20108,Rigid,1184712,1185608,1207301,896,21693,22589,completed,1
20109,Rigid,1184712,1185608,1248165,896,62557,63453,completed,1
20110,Rigid,1184725,1186958,1198165,2233,11207,13440,completed,144
20111,Rigid,1184818,1184819,1184869,1,50,51,completed,36
20112,Rigid,1184819,1184823,1184994,4,171,175,completed,36
20113,Rigid,1184864,1184865,1184875,1,10,11,completed,72
20114,Rigid,1184940,1184940,1185010,0,70,70,completed,72
20115,Rigid,1185111,1186988,1198740,1877,11752,13629,completed,144
20116,Rigid,1185126,1185127,1185381,1,254,255,completed,36
20117,Rigid,1185144,1185181,1185251,37,70,107,completed,180
20118,Rigid,1185155,1185155,1185166,0,11,11,completed,4
20119,Rigid,1185180,1187004,1199207,1824,12203,14027,completed,144
20120,Rigid,1185207,1185211,1185220,4,9,13,completed,72
20121,Rigid,1185212,1185252,1185322,40,70,110,completed,180
20122,Rigid,1185219,1185222,1185431,3,209,212,completed,36
20123,Rigid,1185247,1185248,1185561,1,313,314,completed,36
20124,Rigid,1185299,1185578,1185604,279,26,305,completed,108
20125,Rigid,1185360,1185383,1185460,23,77,100,completed,72
20126,Rigid,1185381,1185381,1185406,0,25,25,completed,36
20127,Rigid,1185405,1192536,1203528,7131,10992,18123,completed,144
20128,Rigid,1185417,1185434,1185445,17,11,28,completed,4
20129,Rigid,1185445,1185446,1185625,1,179,180,completed,36
20130,Rigid,1185471,1185471,1185483,0,12,12,completed,4
20131,Rigid,1185482,1185483,1185535,1,52,53,completed,36
20132,Rigid,1185510,1185510,1185521,0,11,11,completed,4
20133,Rigid,1185598,1185608,1185613,10,5,15,completed,36
20134,Rigid,1185636,1185637,1185647,1,10,11,completed,72
20135,Rigid,1185702,1185703,1185790,1,87,88,completed,72
20136,Rigid,1185753,1185909,1196563,156,10654,10810,completed,26
20137,Rigid,1185758,1185758,1217992,0,32234,32234,completed,1
20138,Rigid,1185758,1185909,1214997,151,29088,29239,completed,26
20139,Rigid,1185773,1185788,1185791,15,3,18,completed,36
20140,Rigid,1185783,1185788,1217992,5,32204,32209,completed,1
20141,Rigid,1185824,1185824,1185910,0,86,86,completed,72
20142,Rigid,1185826,1185909,1185911,83,2,85,completed,36
20143,Rigid,1185846,1185909,1213552,63,27643,27706,completed,1
20144,Rigid,1185867,1185914,1185923,47,9,56,completed,72
20145,Rigid,1185873,1185909,1213565,36,27656,27692,completed,1
20146,Rigid,1185899,1185909,1217992,10,32083,32093,completed,1
20147,Rigid,1185948,1185948,1185999,0,51,51,completed,36
20148,Rigid,1186004,1186004,1186015,0,11,11,completed,4
20149,Rigid,1186082,1186083,1186290,1,207,208,completed,72
20150,Rigid,1186098,1186299,1186315,201,16,217,completed,36
20151,Rigid,1186100,1186100,1186111,0,11,11,completed,4
20152,Rigid,1186166,1186166,1186205,0,39,39,completed,36
20153,Rigid,1186171,1186171,1186240,0,69,69,completed,72
20154,Rigid,1186245,1186299,1186302,54,3,57,completed,36
20155,Rigid,1186314,1186315,1186998,1,683,684,completed,36
20156,Rigid,1186340,1301505,1391408,115165,89903,205068,completed,36
20157,Rigid,1186351,1187000,1187375,649,375,1024,completed,36
20158,Rigid,1186444,1301595,1346329,115151,44734,159885,completed,36
20159,Rigid,1186472,1304303,1377995,117831,73692,191523,completed,36
20160,Rigid,1186481,1186481,1186511,0,30,30,completed,36
20161,Rigid,1186625,1186625,1186627,0,2,2,completed,1
20162,Rigid,1186637,1186638,1191473,1,4835,4836,completed,26
20163,Rigid,1186671,1186671,1186673,0,2,2,completed,1
20164,Rigid,1186683,1186958,1186986,275,28,303,completed,108
20165,Rigid,1186691,1186720,1186723,29,3,32,completed,1
20166,Rigid,1186715,1186720,1186722,5,2,7,completed,1
20167,Rigid,1186715,1186958,1192471,243,5513,5756,completed,144
20168,Rigid,1186775,1186780,1213485,5,26705,26710,completed,1
20169,Rigid,1186794,1186810,1213465,16,26655,26671,completed,1
20170,Rigid,1186816,1186817,1187093,1,276,277,completed,36
20171,Rigid,1186826,1186958,1187002,132,44,176,completed,36
20172,Rigid,1186838,1186840,1213552,2,26712,26714,completed,1
20173,Rigid,1186862,1186870,1213549,8,26679,26687,completed,1
20174,Rigid,1186894,1186900,1217992,6,31092,31098,completed,1
20175,Rigid,1186902,1186903,1186990,1,87,88,completed,72
20176,Rigid,1186910,1186958,1186988,48,30,78,completed,36
20177,Rigid,1186991,1186992,1217992,1,31000,31001,completed,1
20178,Rigid,1187021,1187022,1217992,1,30970,30971,completed,1
20179,Rigid,1187105,1187111,1217911,6,30800,30806,completed,1
20180,Rigid,1187188,1187376,1187514,188,138,326,completed,36
20181,Rigid,1187228,1187231,1214076,3,26845,26848,completed,1
20182,Rigid,1187263,1187291,1214400,28,27109,27137,completed,1
20183,Rigid,1187310,1187311,1187380,1,69,70,completed,72
20184,Rigid,1187402,1187516,1187582,114,66,180,completed,36
20185,Rigid,1187430,1187441,1187496,11,55,66,completed,1
20186,Rigid,1187568,1187584,1187620,16,36,52,completed,36
20187,Rigid,1187605,1190397,1536005,2792,345608,348400,completed,72
20188,Rigid,1187682,1187682,1187714,0,32,32,completed,72
20189,Rigid,1187696,1190036,1190250,2340,214,2554,completed,180
20190,Rigid,1187700,1192519,1201768,4819,9249,14068,completed,144
20191,Rigid,1187706,1187713,1187735,7,22,29,completed,1
20192,Rigid,1187736,1187737,1188049,1,312,313,completed,18
20193,Rigid,1187750,1192519,1192526,4769,7,4776,completed,144
20194,Rigid,1187856,1187859,1187868,3,9,12,completed,72
20195,Rigid,1187925,1187953,1351174,28,163221,163249,completed,36
20196,Rigid,1187960,1187984,1188006,24,22,46,completed,1
20197,Rigid,1188046,1188074,1188098,28,24,52,completed,1
20198,Rigid,1188128,1189895,1189923,1767,28,1795,completed,144
20199,Rigid,1188205,1188206,1188215,1,9,10,completed,1
20200,Rigid,1188223,1192145,1537765,3922,345620,349542,completed,72
20201,Rigid,1188234,1189450,1189760,1216,310,1526,completed,36
20202,Rigid,1188234,1192476,1192517,4242,41,4283,completed,576
20203,Rigid,1188270,1189945,1189978,1675,33,1708,completed,288
20204,Rigid,1188270,1190307,1204709,2037,14402,16439,completed,144
20205,Rigid,1188324,1188325,1188328,1,3,4,completed,1
20206,Rigid,1188324,1188325,1188351,1,26,27,completed,2
20207,Rigid,1188324,1188325,1188418,1,93,94,completed,2
20208,Rigid,1188324,1188325,1188327,1,2,3,completed,1
20209,Rigid,1188325,1188325,1188542,0,217,217,completed,1
20210,Rigid,1188325,1188325,1188432,0,107,107,completed,2
20211,Rigid,1188325,1188325,1189031,0,706,706,completed,2
20212,Rigid,1188325,1188325,1188362,0,37,37,completed,1
20213,Rigid,1188325,1188327,1188331,2,4,6,completed,1
20214,Rigid,1188326,1188327,1188352,1,25,26,completed,2
20215,Rigid,1188326,1188327,1188369,1,42,43,completed,1
20216,Rigid,1188326,1188327,1188370,1,43,44,completed,2
20217,Rigid,1188326,1188327,1188341,1,14,15,completed,2
20218,Rigid,1188326,1188327,1188332,1,5,6,completed,1
20219,Rigid,1188326,1188327,1188330,1,3,4,completed,1
20220,Rigid,1188326,1188327,1188402,1,75,76,completed,1
20221,Rigid,1188327,1188327,1188331,0,4,4,completed,1
20222,Rigid,1188327,1188327,1188349,0,22,22,completed,2
20223,Rigid,1188327,1188327,1188368,0,41,41,completed,1
20224,Rigid,1188327,1188327,1188328,0,1,1,completed,1
20225,Rigid,1188327,1188327,1188352,0,25,25,completed,2
20226,Rigid,1188327,1188329,1188355,2,26,28,completed,2
20227,Rigid,1188327,1188329,1188355,2,26,28,completed,2
20228,Rigid,1188328,1188329,1188370,1,41,42,completed,2
20229,Rigid,1188328,1188329,1188387,1,58,59,completed,2
20230,Rigid,1188328,1188329,1188358,1,29,30,completed,1
20231,Rigid,1188328,1188329,1188331,1,2,3,completed,1
20232,Rigid,1188328,1188329,1188331,1,2,3,completed,1
20233,Rigid,1188328,1188329,1189361,1,1032,1033,completed,2
20234,Rigid,1188329,1188329,1188330,0,1,1,completed,1
20235,Rigid,1188329,1188329,1188427,0,98,98,completed,1
20236,Rigid,1188329,1188329,1188378,0,49,49,completed,2
20237,Rigid,1188329,1188329,1188355,0,26,26,completed,2
20238,Rigid,1188329,1188329,1188427,0,98,98,completed,2
20239,Rigid,1188329,1188329,1188331,0,2,2,completed,1
20240,Rigid,1188329,1188329,1188331,0,2,2,completed,1
20241,Rigid,1188330,1188331,1188375,1,44,45,completed,2
20242,Rigid,1188330,1188331,1188333,1,2,3,completed,1
20243,Rigid,1188330,1188331,1188332,1,1,2,completed,1
20244,Rigid,1188330,1188331,1188332,1,1,2,completed,1
20245,Rigid,1188330,1188331,1188333,1,2,3,completed,1
20246,Rigid,1188330,1188331,1189014,1,683,684,completed,2
20247,Rigid,1188331,1188331,1189962,0,1631,1631,completed,2
20248,Rigid,1188331,1188331,1188335,0,4,4,completed,1
20249,Rigid,1188331,1188331,1188342,0,11,11,completed,2
20250,Rigid,1188331,1188331,1189265,0,934,934,completed,2
20251,Rigid,1188331,1188331,1189265,0,934,934,completed,2
20252,Rigid,1188331,1188331,1188335,0,4,4,completed,1
20253,Rigid,1188331,1188331,1189235,0,904,904,completed,2
20254,Rigid,1188331,1188331,1189097,0,766,766,completed,2
20255,Rigid,1188331,1188331,1188560,0,229,229,completed,1
20256,Rigid,1188332,1188332,1188419,0,87,87,completed,2
20257,Rigid,1188332,1188332,1188333,0,1,1,completed,1
20258,Rigid,1188332,1188332,1188351,0,19,19,completed,2
20259,Rigid,1188362,1190488,1204889,2126,14401,16527,completed,144
20260,Rigid,1188447,1190397,1191529,1950,1132,3082,completed,36
20261,Rigid,1188450,1192356,1199044,3906,6688,10594,completed,36
20262,Rigid,1188522,1189463,1189553,941,90,1031,completed,36
20263,Rigid,1188554,1188560,1188562,6,2,8,completed,36
20264,Rigid,1188687,1188691,1188694,4,3,7,completed,36
20265,Rigid,1188714,1188714,1188717,0,3,3,completed,36
20266,Rigid,1188729,1188729,1188732,0,3,3,completed,36
20267,Rigid,1188866,1205653,1205677,16787,24,16811,completed,144
20268,Rigid,1188887,1190397,1304059,1510,113662,115172,completed,36
20269,Rigid,1188905,1188905,1188907,0,2,2,completed,36
20270,Rigid,1188935,1188935,1188937,0,2,2,completed,36
20271,Rigid,1188967,1188967,1188978,0,11,11,completed,4
20272,Rigid,1189046,1189047,1189137,1,90,91,completed,72
20273,Rigid,1189089,1189138,1189236,49,98,147,completed,72
20274,Rigid,1189241,1190006,1190009,765,3,768,completed,180
20275,Rigid,1189419,1189419,1189424,0,5,5,completed,4
20276,Rigid,1189448,1192846,1205186,3398,12340,15738,completed,144
20277,Rigid,1189474,1189474,1189486,0,12,12,completed,4
20278,Rigid,1189525,1192356,1537981,2831,345625,348456,completed,72
20279,Rigid,1189608,1189609,1189907,1,298,299,completed,36
20280,Rigid,1189665,1189684,1189894,19,210,229,completed,180
20281,Rigid,1189683,1195379,1205682,5696,10303,15999,completed,144
20282,Rigid,1189730,1189730,1189812,0,82,82,completed,72
20283,Rigid,1189800,1190006,1190407,206,401,607,completed,36
20284,Rigid,1189820,1189820,1190077,0,257,257,completed,72
20285,Rigid,1189893,1189894,1189962,1,68,69,completed,72
20286,Rigid,1189919,1189920,1189931,1,11,12,completed,36
20287,Rigid,1189953,1189967,1190052,14,85,99,completed,72
20288,Rigid,1189958,1189979,1190068,21,89,110,completed,36
20289,Rigid,1190059,1190066,1190142,7,76,83,completed,1
20290,Rigid,1190059,1190277,1190486,218,209,427,completed,144
20291,Rigid,1190099,1190099,1190110,0,11,11,completed,4
20292,Rigid,1190148,1190148,1190439,0,291,291,completed,36
20293,Rigid,1190215,1190217,1191080,2,863,865,completed,36
20294,Rigid,1190292,1201770,1212519,11478,10749,22227,completed,144
20295,Rigid,1190374,1202107,1214817,11733,12710,24443,completed,144
20296,Rigid,1190482,1190488,1191703,6,1215,1221,completed,36
20297,Rigid,1190510,1192115,1192121,1605,6,1611,completed,180
20298,Rigid,1190541,1190541,1190549,0,8,8,completed,72
20299,Rigid,1190574,1190574,1190578,0,4,4,completed,72
20300,Rigid,1190595,1190596,1190678,1,82,83,completed,36
20301,Rigid,1190607,1190608,1190612,1,4,5,completed,72
20302,Rigid,1190629,1190630,1191819,1,1189,1190,completed,72
20303,Rigid,1190672,1190699,1191913,27,1214,1241,completed,36
20304,Rigid,1190759,1192115,1537735,1356,345620,346976,completed,36
20305,Rigid,1190863,1190864,1190952,1,88,89,completed,72
20306,Rigid,1190922,1191934,1194432,1012,2498,3510,completed,36
20307,Rigid,1190925,1190939,1190945,14,6,20,completed,1
20308,Rigid,1190938,1190961,1190965,23,4,27,completed,4
20309,Rigid,1190996,1192115,1194772,1119,2657,3776,completed,36
20310,Rigid,1191003,1191083,1191110,80,27,107,completed,72
20311,Rigid,1191030,1192115,1192331,1085,216,1301,completed,180
20312,Rigid,1191142,1192528,1192534,1386,6,1392,completed,144
20313,Rigid,1191203,1192519,1195363,1316,2844,4160,completed,288
20314,Rigid,1191216,1191216,1191230,0,14,14,completed,18
20315,Rigid,1191261,1191271,1191396,10,125,135,completed,1
20316,Rigid,1191426,1191482,1191793,56,311,367,completed,26
20317,Rigid,1191506,1191507,1191517,1,10,11,completed,1
20318,Rigid,1191510,1191511,1191914,1,403,404,completed,72
20319,Rigid,1191572,1191572,1191579,0,7,7,completed,1
20320,Rigid,1191572,1191572,1191573,0,1,1,completed,1
20321,Rigid,1191572,1191572,1191956,0,384,384,completed,2
20322,Rigid,1191572,1191572,1191586,0,14,14,completed,2
20323,Rigid,1191572,1191572,1191573,0,1,1,completed,1
20324,Rigid,1191572,1191572,1191573,0,1,1,completed,1
20325,Rigid,1191573,1191574,1191586,1,12,13,completed,2
20326,Rigid,1191579,1191580,1191591,1,11,12,completed,1
20327,Rigid,1191580,1191580,1191581,0,1,1,completed,1
20328,Rigid,1191580,1191580,1191587,0,7,7,completed,2
20329,Rigid,1191580,1191580,1192298,0,718,718,completed,2
20330,Rigid,1191580,1191580,1191586,0,6,6,completed,2
20331,Rigid,1191580,1191580,1191584,0,4,4,completed,1
20332,Rigid,1191580,1191580,1191581,0,1,1,completed,1
20333,Rigid,1191580,1191580,1191581,0,1,1,completed,1
20334,Rigid,1191581,1191581,1191588,0,7,7,completed,2
20335,Rigid,1191581,1191581,1191587,0,6,6,completed,2
20336,Rigid,1191581,1191581,1191831,0,250,250,completed,2
20337,Rigid,1191607,1192115,1487153,508,295038,295546,completed,36
20338,Rigid,1191740,1191740,1191922,0,182,182,completed,36
20339,Rigid,1191783,1192205,1192840,422,635,1057,completed,144
20340,Rigid,1191789,1191790,1191853,1,63,64,completed,72
20341,Rigid,1191810,1191813,1191912,3,99,102,completed,1
20342,Rigid,1191862,1191874,1192803,12,929,941,completed,26
20343,Rigid,1191893,1191894,1192185,1,291,292,completed,36
20344,Rigid,1192028,1192028,1192037,0,9,9,completed,4
20345,Rigid,1192099,1192115,1192168,16,53,69,completed,1
20346,Rigid,1192350,1192356,1192424,6,68,74,completed,1
20347,Rigid,1192368,1205193,1214204,12825,9011,21836,completed,288
20348,Rigid,1192496,1192496,1192526,0,30,30,completed,4
20349,Rigid,1192628,1192628,1192658,0,30,30,completed,4
20350,Rigid,1192780,1192841,1192844,61,3,64,completed,72
20351,Rigid,1192836,1192841,1192844,5,3,8,completed,72
20352,Rigid,1192872,1194462,1194621,1590,159,1749,completed,36
20353,Rigid,1192873,1192897,1206046,24,13149,13173,completed,26
20354,Rigid,1192884,1192897,1209436,13,16539,16552,completed,12
20355,Rigid,1192950,1192957,1192974,7,17,24,completed,1
20356,Rigid,1193015,1193017,1365836,2,172819,172821,completed,18
20357,Rigid,1193015,1233159,1405986,40144,172827,212971,completed,18
20358,Rigid,1193015,1233190,1406016,40175,172826,213001,completed,18
20359,Rigid,1193015,1233220,1406046,40205,172826,213031,completed,18
20360,Rigid,1193015,1233312,1406136,40297,172824,213121,completed,18
20361,Rigid,1193015,1233312,1402087,40297,168775,209072,completed,18
20362,Rigid,1193015,1233403,1404241,40388,170838,211226,completed,18
20363,Rigid,1193016,1233434,1403341,40418,169907,210325,completed,18
20364,Rigid,1193016,1234135,1405364,41119,171229,212348,completed,18
20365,Rigid,1193016,1234166,1405820,41150,171654,212804,completed,18
20366,Rigid,1193016,1234348,1407156,41332,172808,214140,completed,18
20367,Rigid,1193016,1234501,1406081,41485,171580,213065,completed,18
20368,Rigid,1193016,1234654,1407456,41638,172802,214440,completed,18
20369,Rigid,1193016,1234685,1399337,41669,164652,206321,completed,18
20370,Rigid,1193016,1234685,1395906,41669,161221,202890,completed,18
20371,Rigid,1193016,1234715,1401104,41699,166389,208088,completed,18
20372,Rigid,1193016,1234747,1399986,41731,165239,206970,completed,18
20373,Rigid,1193016,1234808,1403160,41792,168352,210144,completed,18
20374,Rigid,1193016,1234777,1395978,41761,161201,202962,completed,18
20375,Rigid,1193016,1234839,1398625,41823,163786,205609,completed,18
20376,Rigid,1193016,1235113,1397044,42097,161931,204028,completed,18
20377,Rigid,1193016,1235235,1408056,42219,172821,215040,completed,18
20378,Rigid,1193016,1235361,1408176,42345,172815,215160,completed,18
20379,Rigid,1193016,1235756,1399751,42740,163995,206735,completed,18
20380,Rigid,1193016,1235938,1400909,42922,164971,207893,completed,18
20381,Rigid,1193016,1235999,1396291,42983,160292,203275,completed,18
20382,Rigid,1193016,1236120,1398609,43104,162489,205593,completed,18
20383,Rigid,1193016,1236363,1409166,43347,172803,216150,completed,18
20384,Rigid,1193016,1236424,1409226,43408,172802,216210,completed,18
20385,Rigid,1193017,1236485,1409286,43468,172801,216269,completed,18
20386,Rigid,1193017,1236545,1409346,43528,172801,216329,completed,18
20387,Rigid,1193017,1237638,1410456,44621,172818,217439,completed,18
20388,Rigid,1193017,1238307,1411116,45290,172809,218099,completed,18
20389,Rigid,1193017,1238550,1411356,45533,172806,218339,completed,18
20390,Rigid,1193017,1238641,1411446,45624,172805,218429,completed,18
20391,Rigid,1193017,1238855,1411656,45838,172801,218639,completed,18
20392,Rigid,1193017,1239009,1411836,45992,172827,218819,completed,18
20393,Rigid,1193017,1240387,1413187,47370,172800,220170,completed,18
20394,Rigid,1193017,1241424,1414237,48407,172813,221220,completed,18
20395,Rigid,1193017,1241454,1414267,48437,172813,221250,completed,18
20396,Rigid,1193017,1241454,1414267,48437,172813,221250,completed,18
20397,Rigid,1193017,1241576,1414387,48559,172811,221370,completed,18
20398,Rigid,1193017,1241576,1414387,48559,172811,221370,completed,18
20399,Rigid,1193017,1241637,1414447,48620,172810,221430,completed,18
20400,Rigid,1193017,1241637,1414447,48620,172810,221430,completed,18
20401,Rigid,1193017,1241637,1414359,48620,172722,221342,completed,18
20402,Rigid,1193017,1241758,1414567,48741,172809,221550,completed,18
20403,Rigid,1193017,1241789,1414597,48772,172808,221580,completed,18
20404,Rigid,1193018,1241880,1414687,48862,172807,221669,completed,18
20405,Rigid,1193018,1241880,1414687,48862,172807,221669,completed,18
20406,Rigid,1193018,1241971,1414777,48953,172806,221759,completed,18
20407,Rigid,1193018,1242032,1414837,49014,172805,221819,completed,18
20408,Rigid,1193018,1242062,1414867,49044,172805,221849,completed,18
20409,Rigid,1193018,1242093,1414897,49075,172804,221879,completed,18
20410,Rigid,1193018,1242183,1414987,49165,172804,221969,completed,18
20411,Rigid,1193018,1263178,1435312,70160,172134,242294,completed,18
20412,Rigid,1193018,1265801,1438602,72783,172801,245584,completed,18
20413,Rigid,1193018,1266645,1439472,73627,172827,246454,completed,18
20414,Rigid,1193018,1266739,1439562,73721,172823,246544,completed,18
20415,Rigid,1193018,1268066,1440883,75048,172817,247865,completed,18
20416,Rigid,1193018,1268217,1439367,75199,171150,246349,completed,18
20417,Rigid,1193018,1268428,1441003,75410,172575,247985,completed,18
20418,Rigid,1193018,1268729,1431462,75711,162733,238444,completed,18
20419,Rigid,1193018,1269001,1436680,75983,167679,243662,completed,18
20420,Rigid,1193019,1269001,1428106,75982,159105,235087,completed,18
20421,Rigid,1193019,1269031,1433864,76012,164833,240845,completed,18
20422,Rigid,1193019,1269031,1432280,76012,163249,239261,completed,18
20423,Rigid,1193019,1269152,1434153,76133,165001,241134,completed,18
20424,Rigid,1193019,1269092,1435270,76073,166178,242251,completed,18
20425,Rigid,1193019,1269212,1434611,76193,165399,241592,completed,18
20426,Rigid,1193048,1193049,1193113,1,64,65,completed,72
20427,Rigid,1193070,1194781,1194790,1711,9,1720,completed,72
20428,Rigid,1193095,1194791,1194800,1696,9,1705,completed,72
20429,Rigid,1193123,1194801,1194809,1678,8,1686,completed,72
20430,Rigid,1193124,1193139,1193182,15,43,58,completed,1
20431,Rigid,1193141,1193141,1193147,0,6,6,completed,4
20432,Rigid,1193174,1193203,1193254,29,51,80,completed,1
20433,Rigid,1193210,1193210,1193219,0,9,9,completed,4
20434,Rigid,1193214,1194686,1204117,1472,9431,10903,completed,18
20435,Rigid,1193215,1195000,1204078,1785,9078,10863,completed,18
20436,Rigid,1193215,1196577,1205609,3362,9032,12394,completed,18
20437,Rigid,1193215,1197890,1206800,4675,8910,13585,completed,18
20438,Rigid,1193215,1201463,1234328,8248,32865,41113,completed,18
20439,Rigid,1193215,1201966,1234651,8751,32685,41436,completed,18
20440,Rigid,1193215,1202617,1213566,9402,10949,20351,completed,18
20441,Rigid,1193215,1204091,1214916,10876,10825,21701,completed,18
20442,Rigid,1193215,1204122,1215320,10907,11198,22105,completed,18
20443,Rigid,1193215,1204611,1234807,11396,30196,41592,completed,18
20444,Rigid,1193215,1204611,1213794,11396,9183,20579,completed,18
20445,Rigid,1193215,1205253,1214368,12038,9115,21153,completed,18
20446,Rigid,1193215,1205438,1214493,12223,9055,21278,completed,18
20447,Rigid,1193215,1205562,1214559,12347,8997,21344,completed,18
20448,Rigid,1193215,1205623,1214685,12408,9062,21470,completed,18
20449,Rigid,1193215,1205653,1214758,12438,9105,21543,completed,18
20450,Rigid,1193215,1206052,1215132,12837,9080,21917,completed,18
20451,Rigid,1193215,1207669,1216659,14454,8990,23444,completed,18
20452,Rigid,1193215,1207669,1216722,14454,9053,23507,completed,18
20453,Rigid,1193215,1207792,1216952,14577,9160,23737,completed,18
20454,Rigid,1193215,1208127,1217303,14912,9176,24088,completed,18
20455,Rigid,1193215,1210444,1219506,17229,9062,26291,completed,18
20456,Rigid,1193216,1213589,1224369,20373,10780,31153,completed,18
20457,Rigid,1193216,1213805,1223018,20589,9213,29802,completed,18
20458,Rigid,1193216,1214386,1223407,21170,9021,30191,completed,18
20459,Rigid,1193216,1214507,1223538,21291,9031,30322,completed,18
20460,Rigid,1193216,1214568,1223541,21352,8973,30325,completed,18
20461,Rigid,1193216,1214690,1223842,21474,9152,30626,completed,18
20462,Rigid,1193216,1214781,1223803,21565,9022,30587,completed,18
20463,Rigid,1193216,1214933,1223949,21717,9016,30733,completed,18
20464,Rigid,1193216,1214933,1225798,21717,10865,32582,completed,18
20465,Rigid,1193216,1215145,1224267,21929,9122,31051,completed,18
20466,Rigid,1193216,1215328,1226601,22112,11273,33385,completed,18
20467,Rigid,1193216,1216269,1225430,23053,9161,32214,completed,18
20468,Rigid,1193216,1216664,1225699,23448,9035,32483,completed,18
20469,Rigid,1193216,1216725,1225670,23509,8945,32454,completed,18
20470,Rigid,1193216,1216968,1226115,23752,9147,32899,completed,18
20471,Rigid,1193216,1217334,1226628,24118,9294,33412,completed,18
20472,Rigid,1193216,1218004,1227180,24788,9176,33964,completed,18
20473,Rigid,1193217,1218004,1227026,24787,9022,33809,completed,18
20474,Rigid,1193217,1218005,1227206,24788,9201,33989,completed,18
20475,Rigid,1193217,1218005,1227069,24788,9064,33852,completed,18
20476,Rigid,1193217,1219531,1228574,26314,9043,35357,completed,18
20477,Rigid,1193217,1220233,1229501,27016,9268,36284,completed,18
20478,Rigid,1193217,1220447,1229483,27230,9036,36266,completed,18
20479,Rigid,1193217,1220660,1229825,27443,9165,36608,completed,18
20480,Rigid,1193217,1220660,1229826,27443,9166,36609,completed,18
20481,Rigid,1193217,1220752,1229923,27535,9171,36706,completed,18
20482,Rigid,1193217,1222095,1231223,28878,9128,38006,completed,18
20483,Rigid,1193217,1223039,1232256,29822,9217,39039,completed,18
20484,Rigid,1193217,1223409,1232491,30192,9082,39274,completed,18
20485,Rigid,1193217,1223554,1232525,30337,8971,39308,completed,18
20486,Rigid,1193217,1223554,1232438,30337,8884,39221,completed,18
20487,Rigid,1193217,1223622,1232466,30405,8844,39249,completed,18
20488,Rigid,1193217,1223622,1232786,30405,9164,39569,completed,18
20489,Rigid,1193217,1223622,1232529,30405,8907,39312,completed,18
20490,Rigid,1193218,1223622,1232800,30404,9178,39582,completed,18
20491,Rigid,1193218,1223622,1232536,30404,8914,39318,completed,18
20492,Rigid,1193218,1223622,1232644,30404,9022,39426,completed,18
20493,Rigid,1193218,1223628,1232567,30410,8939,39349,completed,18
20494,Rigid,1193218,1223628,1232861,30410,9233,39643,completed,18
20495,Rigid,1193218,1223628,1232577,30410,8949,39359,completed,18
20496,Rigid,1193218,1223628,1232739,30410,9111,39521,completed,18
20497,Rigid,1193218,1223804,1232890,30586,9086,39672,completed,18
20498,Rigid,1193218,1223844,1232916,30626,9072,39698,completed,18
20499,Rigid,1193218,1223950,1233004,30732,9054,39786,completed,18
20500,Rigid,1193218,1223999,1233142,30781,9143,39924,completed,18
20501,Rigid,1193218,1223999,1233283,30781,9284,40065,completed,18
20502,Rigid,1193218,1223999,1233163,30781,9164,39945,completed,18
20503,Rigid,1193218,1223999,1233201,30781,9202,39983,completed,18
20504,Rigid,1193218,1224281,1233377,31063,9096,40159,completed,18
20505,Rigid,1193218,1224353,1233292,31135,8939,40074,completed,18
20506,Rigid,1193218,1224353,1233410,31135,9057,40192,completed,18
20507,Rigid,1193218,1224372,1235217,31154,10845,41999,completed,18
20508,Rigid,1193218,1225040,1234112,31822,9072,40894,completed,18
20509,Rigid,1193218,1225040,1234151,31822,9111,40933,completed,18
20510,Rigid,1193218,1225402,1234665,32184,9263,41447,completed,18
20511,Rigid,1193219,1225402,1234777,32183,9375,41558,completed,18
20512,Rigid,1193219,1225402,1234490,32183,9088,41271,completed,18
20513,Rigid,1193219,1225402,1234721,32183,9319,41502,completed,18
20514,Rigid,1193219,1225431,1234708,32212,9277,41489,completed,18
20515,Rigid,1193219,1225671,1234750,32452,9079,41531,completed,18
20516,Rigid,1193219,1225708,1234655,32489,8947,41436,completed,18
20517,Rigid,1193219,1225830,1236526,32611,10696,43307,completed,18
20518,Rigid,1193219,1226104,1235100,32885,8996,41881,completed,18
20519,Rigid,1193219,1226134,1235338,32915,9204,42119,completed,18
20520,Rigid,1193219,1226560,1235731,33341,9171,42512,completed,18
20521,Rigid,1193219,1226621,1236347,33402,9726,43128,completed,18
20522,Rigid,1193219,1226652,1235910,33433,9258,42691,completed,18
20523,Rigid,1193219,1227053,1236097,33834,9044,42878,completed,18
20524,Rigid,1193219,1227083,1235970,33864,8887,42751,completed,18
20525,Rigid,1193219,1227205,1236400,33986,9195,43181,completed,18
20526,Rigid,1193219,1227236,1236466,34017,9230,43247,completed,18
20527,Rigid,1193219,1228605,1237627,35386,9022,44408,completed,18
20528,Rigid,1193219,1229492,1238278,36273,8786,45059,completed,18
20529,Rigid,1193220,1229523,1238532,36303,9009,45312,completed,18
20530,Rigid,1193220,1229829,1238627,36609,8798,45407,completed,18
20531,Rigid,1193220,1229829,1238996,36609,9167,45776,completed,18
20532,Rigid,1193220,1229951,1238848,36731,8897,45628,completed,18
20533,Rigid,1193220,1231236,1240384,38016,9148,47164,completed,18
20534,Rigid,1193220,1232269,1241416,39049,9147,48196,completed,18
20535,Rigid,1193220,1232453,1241551,39233,9098,48331,completed,18
20536,Rigid,1193220,1232483,1241431,39263,8948,48211,completed,18
20537,Rigid,1193220,1232514,1241628,39294,9114,48408,completed,18
20538,Rigid,1193220,1232545,1241433,39325,8888,48213,completed,18
20539,Rigid,1193220,1232545,1241731,39325,9186,48511,completed,18
20540,Rigid,1193220,1232545,1241555,39325,9010,48335,completed,18
20541,Rigid,1193220,1232576,1241633,39356,9057,48413,completed,18
20542,Rigid,1193220,1232607,1241605,39387,8998,48385,completed,18
20543,Rigid,1193220,1232668,1241786,39448,9118,48566,completed,18
20544,Rigid,1193220,1232761,1241861,39541,9100,48641,completed,18
20545,Rigid,1193220,1232792,1241953,39572,9161,48733,completed,18
20546,Rigid,1193220,1232822,1241861,39602,9039,48641,completed,18
20547,Rigid,1193221,1232883,1242059,39662,9176,48838,completed,18
20548,Rigid,1193221,1232913,1242019,39692,9106,48798,completed,18
20549,Rigid,1193221,1232944,1242083,39723,9139,48862,completed,18
20550,Rigid,1193221,1233006,1242157,39785,9151,48936,completed,18
20551,Rigid,1193342,1193342,1193351,0,9,9,completed,4
20552,Rigid,1193347,1193359,1193375,12,16,28,completed,1
20553,Rigid,1193397,1193422,1193520,25,98,123,completed,1
20554,Rigid,1193472,1195364,1195375,1892,11,1903,completed,36
20555,Rigid,1193570,1193570,1193790,0,220,220,completed,4
20556,Rigid,1193666,1193674,1193749,8,75,83,completed,1
20557,Rigid,1193681,1193705,1193850,24,145,169,completed,1
20558,Rigid,1193716,1193737,1193850,21,113,134,completed,1
20559,Rigid,1193745,1193768,1193822,23,54,77,completed,1
20560,Rigid,1193752,1193768,1193850,16,82,98,completed,1
20561,Rigid,1193772,1193800,1193850,28,50,78,completed,1
20562,Rigid,1193899,1193926,1196571,27,2645,2672,completed,1
20563,Rigid,1193944,1193959,1196636,15,2677,2692,completed,1
20564,Rigid,1193992,1194022,1197768,30,3746,3776,completed,1
20565,Rigid,1194035,1194054,1197843,19,3789,3808,completed,1
20566,Rigid,1194052,1194054,1194149,2,95,97,completed,1
20567,Rigid,1194084,1194084,1194090,0,6,6,completed,4
20568,Rigid,1194198,1194918,1195321,720,403,1123,completed,72
20569,Rigid,1194402,1194402,1194407,0,5,5,completed,4
20570,Rigid,1194403,1194811,1194917,408,106,514,completed,72
20571,Rigid,1194429,1194429,1194433,0,4,4,completed,4
20572,Rigid,1194689,1194689,1194699,0,10,10,completed,4
20573,Rigid,1194711,1194711,1194720,0,9,9,completed,4
20574,Rigid,1194719,1194749,1194780,30,31,61,completed,36
20575,Rigid,1194845,1195364,1195393,519,29,548,completed,36
20576,Rigid,1194869,1194875,1194934,6,59,65,completed,1
20577,Rigid,1194964,1195364,1204592,400,9228,9628,completed,36
20578,Rigid,1194976,1195364,1205715,388,10351,10739,completed,36
20579,Rigid,1194991,1195370,1204516,379,9146,9525,completed,36
20580,Rigid,1195006,1195370,1204581,364,9211,9575,completed,36
20581,Rigid,1195063,1195364,1195377,301,13,314,completed,144
20582,Rigid,1195067,1195092,1195169,25,77,102,completed,1
20583,Rigid,1195214,1195377,1308196,163,112819,112982,completed,36
20584,Rigid,1195225,1195322,1195331,97,9,106,completed,72
20585,Rigid,1195257,1195332,1195366,75,34,109,completed,72
20586,Rigid,1195383,1195383,1195474,0,91,91,completed,1
20587,Rigid,1195397,1195397,1540875,0,345478,345478,completed,36
20588,Rigid,1195412,1195412,1195421,0,9,9,completed,4
20589,Rigid,1195413,1201481,1546946,6068,345465,351533,completed,36
20590,Rigid,1195477,1195477,1195485,0,8,8,completed,4
20591,Rigid,1195521,1195527,1195593,6,66,72,completed,1
20592,Rigid,1195756,1195761,1195768,5,7,12,completed,1
20593,Rigid,1195765,1195765,1195984,0,219,219,completed,1
20594,Rigid,1195780,1195780,1195983,0,203,203,completed,36
20595,Rigid,1195943,1195944,1195949,1,5,6,completed,36
20596,Rigid,1195945,1199961,1204277,4016,4316,8332,completed,144
20597,Rigid,1195990,1200226,1201479,4236,1253,5489,completed,144
20598,Rigid,1196066,1201481,1204488,5415,3007,8422,completed,144
20599,Rigid,1196077,1196077,1196089,0,12,12,completed,4
20600,Rigid,1196206,1196206,1196219,0,13,13,completed,4
20601,Rigid,1196239,1196239,1196250,0,11,11,completed,4
20602,Rigid,1196245,1196245,1196252,0,7,7,completed,72
20603,Rigid,1196329,1196329,1196348,0,19,19,completed,4
20604,Rigid,1196449,1196449,1196461,0,12,12,completed,4
20605,Rigid,1196518,1198182,1200691,1664,2509,4173,completed,36
20606,Rigid,1196552,1198182,1198288,1630,106,1736,completed,36
20607,Rigid,1196635,1196635,1196642,0,7,7,completed,36
20608,Rigid,1196678,1196679,1196699,1,20,21,completed,36
20609,Rigid,1196712,1202060,1207609,5348,5549,10897,completed,36
20610,Rigid,1196767,1196767,1196773,0,6,6,completed,36
20611,Rigid,1196777,1196778,1198000,1,1222,1223,completed,72
20612,Rigid,1196837,1198290,1250353,1453,52063,53516,completed,36
20613,Rigid,1196839,1198333,1198346,1494,13,1507,completed,36
20614,Rigid,1196874,1196889,1196923,15,34,49,completed,1
20615,Rigid,1197004,1197005,1197010,1,5,6,completed,36
20616,Rigid,1197072,1197076,1197358,4,282,286,completed,1
20617,Rigid,1197188,1197188,1197199,0,11,11,completed,4
20618,Rigid,1197392,1197393,1197400,1,7,8,completed,72
20619,Rigid,1197452,1199772,1291969,2320,92197,94517,completed,288
20620,Rigid,1197453,1197453,1197461,0,8,8,completed,4
20621,Rigid,1197497,1197497,1197504,0,7,7,completed,4
20622,Rigid,1197516,1197517,1197620,1,103,104,completed,72
20623,Rigid,1197519,1198363,1198997,844,634,1478,completed,144
20624,Rigid,1197609,1197621,1197624,12,3,15,completed,72
20625,Rigid,1197645,1197669,1197781,24,112,136,completed,1
20626,Rigid,1197648,1197649,1197752,1,103,104,completed,72
20627,Rigid,1197691,1197753,1197762,62,9,71,completed,4
20628,Rigid,1197737,1197763,1197770,26,7,33,completed,72
20629,Rigid,1197754,1198168,1198180,414,12,426,completed,72
20630,Rigid,1197758,1197772,1198077,14,305,319,completed,36
20631,Rigid,1197784,1197795,1198035,11,240,251,completed,1
20632,Rigid,1197823,1198005,1198013,182,8,190,completed,72
20633,Rigid,1198053,1198054,1198063,1,9,10,completed,72
20634,Rigid,1198107,1198107,1198177,0,70,70,completed,4
20635,Rigid,1198120,1198168,1199762,48,1594,1642,completed,72
20636,Rigid,1198146,1198146,1198548,0,402,402,completed,36
20637,Rigid,1198165,1211421,1222713,13256,11292,24548,completed,144
20638,Rigid,1198207,1198208,1198217,1,9,10,completed,72
20639,Rigid,1198270,1198271,1198279,1,8,9,completed,72
20640,Rigid,1198327,1198331,1198490,4,159,163,completed,1
20641,Rigid,1198417,1198927,1198959,510,32,542,completed,72
20642,Rigid,1198438,1198742,1198912,304,170,474,completed,36
20643,Rigid,1198440,1198741,1199948,301,1207,1508,completed,72
20644,Rigid,1198524,1198524,1198544,0,20,20,completed,4
20645,Rigid,1198547,1198547,1199762,0,1215,1215,completed,72
20646,Rigid,1198560,1198560,1198568,0,8,8,completed,4
20647,Rigid,1198599,1198600,1198968,1,368,369,completed,36
20648,Rigid,1198672,1198998,1200218,326,1220,1546,completed,144
20649,Rigid,1198740,1212548,1224352,13808,11804,25612,completed,144
20650,Rigid,1198866,1198896,1199036,30,140,170,completed,1
20651,Rigid,1199005,1199005,1199014,0,9,9,completed,4
20652,Rigid,1199016,1199469,1199612,453,143,596,completed,288
20653,Rigid,1199027,1199028,1199140,1,112,113,completed,36
20654,Rigid,1199058,1199081,1199877,23,796,819,completed,1
20655,Rigid,1199085,1199621,1199762,536,141,677,completed,288
20656,Rigid,1199166,1199167,1200368,1,1201,1202,completed,36
20657,Rigid,1199171,1199172,1199256,1,84,85,completed,36
20658,Rigid,1199207,1214690,1226686,15483,11996,27479,completed,144
20659,Rigid,1199276,1199297,1199435,21,138,159,completed,1
20660,Rigid,1199441,1306917,1404429,107476,97512,204988,completed,144
20661,Rigid,1199442,1307097,1479905,107655,172808,280463,completed,144
20662,Rigid,1199442,1307278,1480085,107836,172807,280643,completed,144
20663,Rigid,1199442,1307368,1480176,107926,172808,280734,completed,144
20664,Rigid,1199442,1320926,1493728,121484,172802,294286,completed,144
20665,Rigid,1199442,1322518,1495326,123076,172808,295884,completed,144
20666,Rigid,1199465,1199621,1249748,156,50127,50283,completed,36
20667,Rigid,1199678,1199678,1199733,0,55,55,completed,1
20668,Rigid,1199722,1224353,1359108,24631,134755,159386,completed,72
20669,Rigid,1199734,1199736,1199835,2,99,101,completed,1
20670,Rigid,1199791,1233251,1368299,33460,135048,168508,completed,72
20671,Rigid,1199795,1199797,1199801,2,4,6,completed,72
20672,Rigid,1199852,1199853,1199860,1,7,8,completed,72
20673,Rigid,1199904,1199905,1199912,1,7,8,completed,72
20674,Rigid,1199911,1222965,1222979,23054,14,23068,completed,144
20675,Rigid,1199922,1199922,1199986,0,64,64,completed,72
20676,Rigid,1199939,1199947,1200389,8,442,450,completed,1
20677,Rigid,1200000,1200001,1200061,1,60,61,completed,72
20678,Rigid,1200080,1200080,1200183,0,103,103,completed,72
20679,Rigid,1200091,1200184,1200268,93,84,177,completed,72
20680,Rigid,1200120,1233251,1351474,33131,118223,151354,completed,72
20681,Rigid,1200159,1203029,1203055,2870,26,2896,completed,72
20682,Rigid,1200185,1200185,1200314,0,129,129,completed,1
20683,Rigid,1200240,1200240,1200249,0,9,9,completed,4
20684,Rigid,1200252,1233251,1397876,32999,164625,197624,completed,72
20685,Rigid,1200264,1200264,1200273,0,9,9,completed,4
20686,Rigid,1200285,1233251,1372565,32966,139314,172280,completed,72
20687,Rigid,1200321,1200321,1200325,0,4,4,completed,72
20688,Rigid,1200323,1233281,1364791,32958,131510,164468,completed,72
20689,Rigid,1200335,1200337,1200440,2,103,105,completed,72
20690,Rigid,1200362,1200441,1201044,79,603,682,completed,72
20691,Rigid,1200432,1233281,1373957,32849,140676,173525,completed,72
20692,Rigid,1200455,1233494,1406175,33039,172681,205720,completed,72
20693,Rigid,1200504,1200505,1200707,1,202,203,completed,1
20694,Rigid,1200512,1235513,1356019,35001,120506,155507,completed,72
20695,Rigid,1200593,1239467,1360619,38874,121152,160026,completed,72
20696,Rigid,1200619,1240815,1405357,40196,164542,204738,completed,72
20697,Rigid,1200691,1200721,1201517,30,796,826,completed,1
20698,Rigid,1200699,1200700,1200712,1,12,13,completed,36
20699,Rigid,1200753,1200753,1245992,0,45239,45239,completed,36
20700,Rigid,1200755,1200783,1201503,28,720,748,completed,1
20701,Rigid,1200769,1200770,1200953,1,183,184,completed,1
20702,Rigid,1200839,1200845,1201489,6,644,650,completed,1
20703,Rigid,1200959,1200969,1202174,10,1205,1215,completed,1
20704,Rigid,1200966,1201045,1201611,79,566,645,completed,72
20705,Rigid,1201213,1201213,1202292,0,1079,1079,completed,36
20706,Rigid,1201452,1201452,1201461,0,9,9,completed,4
20707,Rigid,1201558,1201559,1202762,1,1203,1204,completed,36
20708,Rigid,1201641,1201641,1201745,0,104,104,completed,72
20709,Rigid,1201684,1201746,1201955,62,209,271,completed,72
20710,Rigid,1201690,1201691,1201910,1,219,220,completed,1
20711,Rigid,1201993,1201993,1202001,0,8,8,completed,4
20712,Rigid,1202058,1202059,1202200,1,141,142,completed,36
20713,Rigid,1202106,1222965,1241981,20859,19016,39875,completed,144
20714,Rigid,1202164,1202165,1203283,1,1118,1119,completed,36
20715,Rigid,1202213,1202213,1202222,0,9,9,completed,4
20716,Rigid,1202247,1222965,1222992,20718,27,20745,completed,144
20717,Rigid,1202267,1202296,1202567,29,271,300,completed,36
20718,Rigid,1202284,1202285,1202462,1,177,178,completed,36
20719,Rigid,1202334,1202334,1202576,0,242,242,completed,1
20720,Rigid,1202591,1202592,1202615,1,23,24,completed,36
20721,Rigid,1202597,1202598,1202601,1,3,4,completed,36
20722,Rigid,1202739,1202741,1202748,2,7,9,completed,1
20723,Rigid,1202754,1202755,1202962,1,207,208,completed,72
20724,Rigid,1202858,1202861,1203569,3,708,711,completed,1
20725,Rigid,1202945,1202945,1203509,0,564,564,completed,1
20726,Rigid,1203253,1203253,1203569,0,316,316,completed,72
20727,Rigid,1203344,1203345,1203494,1,149,150,completed,1
20728,Rigid,1203441,1222965,1233068,19524,10103,29627,completed,288
20729,Rigid,1203463,1203463,1206475,0,3012,3012,completed,36
20730,Rigid,1203528,1222965,1233873,19437,10908,30345,completed,144
20731,Rigid,1203540,1203541,1217876,1,14335,14336,completed,8
20732,Rigid,1203541,1203542,1214694,1,11152,11153,completed,8
20733,Rigid,1203542,1203545,1214677,3,11132,11135,completed,8
20734,Rigid,1203544,1203545,1215463,1,11918,11919,completed,8
20735,Rigid,1203545,1203549,1214917,4,11368,11372,completed,8
20736,Rigid,1203546,1203549,1214808,3,11259,11262,completed,8
20737,Rigid,1203554,1203555,1206595,1,3040,3041,completed,1
20738,Rigid,1203605,1203605,1206925,0,3320,3320,completed,1
20739,Rigid,1203611,1203611,1203643,0,32,32,completed,36
20740,Rigid,1203658,1203659,1203880,1,221,222,completed,1
20741,Rigid,1204052,1204053,1204063,1,10,11,completed,1
20742,Rigid,1204187,1204187,1204369,0,182,182,completed,1
20743,Rigid,1204286,1204287,1204297,1,10,11,completed,72
20744,Rigid,1204341,1204342,1204350,1,8,9,completed,72
20745,Rigid,1204389,1204390,1204398,1,8,9,completed,72
20746,Rigid,1204451,1204451,1205587,0,1136,1136,completed,144
20747,Rigid,1204490,1204490,1204498,0,8,8,completed,72
20748,Rigid,1204511,1204511,1205445,0,934,934,completed,144
20749,Rigid,1204592,1204593,1204601,1,8,9,completed,72
20750,Rigid,1204658,1204661,1204669,3,8,11,completed,72
20751,Rigid,1204770,1204770,1204778,0,8,8,completed,72
20752,Rigid,1204797,1204798,1204806,1,8,9,completed,72
20753,Rigid,1204856,1204857,1204864,1,7,8,completed,72
20754,Rigid,1204882,1204883,1204891,1,8,9,completed,72
20755,Rigid,1204917,1204917,1204925,0,8,8,completed,72
20756,Rigid,1204942,1204942,1204950,0,8,8,completed,72
20757,Rigid,1204973,1204973,1222073,0,17100,17100,completed,8
20758,Rigid,1204973,1204973,1220724,0,15751,15751,completed,8
20759,Rigid,1204973,1204973,1220676,0,15703,15703,completed,8
20760,Rigid,1204973,1204977,1220438,4,15461,15465,completed,8
20761,Rigid,1204973,1204977,1219978,4,15001,15005,completed,8
20762,Rigid,1204973,1204977,1220215,4,15238,15242,completed,8
20763,Rigid,1204975,1204977,1204985,2,8,10,completed,72
20764,Rigid,1205063,1205064,1205072,1,8,9,completed,72
20765,Rigid,1205116,1205117,1205130,1,13,14,completed,72
20766,Rigid,1205156,1205156,1205164,0,8,8,completed,72
20767,Rigid,1205186,1222970,1233655,17784,10685,28469,completed,144
20768,Rigid,1205187,1205190,1205202,3,12,15,completed,72
20769,Rigid,1205225,1205469,1205514,244,45,289,completed,72
20770,Rigid,1205225,1205225,1205236,0,11,11,completed,72
20771,Rigid,1205478,1205500,1205503,22,3,25,completed,36
20772,Rigid,1205482,1205483,1205491,1,8,9,completed,72
20773,Rigid,1205523,1205523,1205532,0,9,9,completed,72
20774,Rigid,1205663,1205663,1205768,0,105,105,completed,72
20775,Rigid,1205682,1222970,1234580,17288,11610,28898,completed,144
20776,Rigid,1205740,1205743,1206310,3,567,570,completed,36
20777,Rigid,1205917,1205918,1205926,1,8,9,completed,72
20778,Rigid,1205948,1205949,1205961,1,12,13,completed,72
20779,Rigid,1205950,1205953,1205969,3,16,19,completed,72
20780,Rigid,1206031,1206031,1206317,0,286,286,completed,72
20781,Rigid,1206217,1206814,1207643,597,829,1426,completed,26
20782,Rigid,1206325,1206325,1206333,0,8,8,completed,72
20783,Rigid,1206440,1206440,1206448,0,8,8,completed,72
20784,Rigid,1206537,1206537,1206551,0,14,14,completed,36
20785,Rigid,1206560,1206561,1206575,1,14,15,completed,72
20786,Rigid,1206614,1206615,1206730,1,115,116,completed,72
20787,Rigid,1206752,1206752,1206760,0,8,8,completed,72
20788,Rigid,1206777,1206777,1206785,0,8,8,completed,72
20789,Rigid,1206917,1206917,1209602,0,2685,2685,completed,1
20790,Rigid,1206918,1206921,1207642,3,721,724,completed,36
20791,Rigid,1206918,1223273,1227663,16355,4390,20745,completed,144
20792,Rigid,1206976,1206997,1207062,21,65,86,completed,36
20793,Rigid,1206990,1206991,1210013,1,3022,3023,completed,1
20794,Rigid,1207167,1207167,1207373,0,206,206,completed,72
20795,Rigid,1207234,1207235,1207238,1,3,4,completed,72
20796,Rigid,1207238,1207239,1207432,1,193,194,completed,72
20797,Rigid,1207283,1207284,1207287,1,3,4,completed,72
20798,Rigid,1207315,1207316,1207350,1,34,35,completed,72
20799,Rigid,1207375,1207375,1207406,0,31,31,completed,72
20800,Rigid,1207383,1207384,1207589,1,205,206,completed,72
20801,Rigid,1207437,1207669,1233156,232,25487,25719,completed,26
20802,Rigid,1207471,1207472,1207631,1,159,160,completed,72
20803,Rigid,1207639,1207640,1207951,1,311,312,completed,72
20804,Rigid,1207765,1207765,1207775,0,10,10,completed,72
20805,Rigid,1207787,1207788,1207812,1,24,25,completed,72
20806,Rigid,1207798,1207799,1207854,1,55,56,completed,72
20807,Rigid,1207866,1207867,1208191,1,324,325,completed,72
20808,Rigid,1207872,1207872,1208618,0,746,746,completed,36
20809,Rigid,1208381,1208383,1208438,2,55,57,completed,36
20810,Rigid,1208523,1208523,1218338,0,9815,9815,completed,36
20811,Rigid,1208744,1208745,1208768,1,23,24,completed,72
20812,Rigid,1209135,1209159,1209197,24,38,62,completed,252
20813,Rigid,1209575,1209591,1209627,16,36,52,completed,36
20814,Rigid,1209597,1209597,1209605,0,8,8,completed,72
20815,Rigid,1210257,1210258,1210385,1,127,128,completed,72
20816,Rigid,1210567,1210568,1210571,1,3,4,completed,72
20817,Rigid,1210650,1210651,1211135,1,484,485,completed,72
20818,Rigid,1210855,1210855,1210985,0,130,130,completed,180
20819,Rigid,1210938,1210939,1211982,1,1043,1044,completed,1
20820,Rigid,1210945,1210945,1212350,0,1405,1405,completed,1
20821,Rigid,1210997,1210997,1211020,0,23,23,completed,72
20822,Rigid,1211217,1211218,1211227,1,9,10,completed,72
20823,Rigid,1211298,1211299,1211322,1,23,24,completed,72
20824,Rigid,1211308,1211308,1211314,0,6,6,completed,72
20825,Rigid,1211371,1300603,1473423,89232,172820,262052,completed,252
20826,Rigid,1211371,1211372,1211527,1,155,156,completed,72
20827,Rigid,1211415,1300603,1473423,89188,172820,262008,completed,144
20828,Rigid,1211453,1306917,1479725,95464,172808,268272,completed,144
20829,Rigid,1211461,1212609,1273983,1148,61374,62522,completed,26
20830,Rigid,1211542,1211542,1211615,0,73,73,completed,72
20831,Rigid,1211653,1211653,1211676,0,23,23,completed,72
20832,Rigid,1211662,1211663,1211686,1,23,24,completed,36
20833,Rigid,1211712,1211712,1211735,0,23,23,completed,72
20834,Rigid,1211723,1211724,1211889,1,165,166,completed,36
20835,Rigid,1211801,1211802,1212005,1,203,204,completed,72
20836,Rigid,1211940,1211940,1212005,0,65,65,completed,72
20837,Rigid,1211942,1211944,1212109,2,165,167,completed,36
20838,Rigid,1212066,1212067,1212396,1,329,330,completed,72
20839,Rigid,1212147,1212148,1212298,1,150,151,completed,36
20840,Rigid,1212154,1212155,1212357,1,202,203,completed,72
20841,Rigid,1212302,1212302,1212433,0,131,131,completed,36
20842,Rigid,1212425,1212426,1213026,1,600,601,completed,72
20843,Rigid,1212428,1212430,1212633,2,203,205,completed,72
20844,Rigid,1212502,1212503,1212706,1,203,204,completed,72
20845,Rigid,1212519,1222980,1244065,10461,21085,31546,completed,144
20846,Rigid,1212887,1212888,1213024,1,136,137,completed,36
20847,Rigid,1212901,1214008,1214144,1107,136,1243,completed,180
20848,Rigid,1213103,1213104,1214022,1,918,919,completed,72
20849,Rigid,1213367,1213374,1215171,7,1797,1804,completed,36
20850,Rigid,1213433,1213435,1213615,2,180,182,completed,1
20851,Rigid,1213595,1214234,1219548,639,5314,5953,completed,144
20852,Rigid,1213681,1213682,1213799,1,117,118,completed,36
20853,Rigid,1213959,1213959,1214037,0,78,78,completed,36
20854,Rigid,1214608,1214608,1214629,0,21,21,completed,72
20855,Rigid,1214653,1214653,1215256,0,603,603,completed,72
20856,Rigid,1214679,1214680,1214700,1,20,21,completed,72
20857,Rigid,1214748,1214748,1214767,0,19,19,completed,72
20858,Rigid,1214816,1222993,1233038,8177,10045,18222,completed,144
20859,Rigid,1214996,1215263,1215789,267,526,793,completed,72
20860,Rigid,1215642,1215645,1215766,3,121,124,completed,180
20861,Rigid,1215676,1215796,1216398,120,602,722,completed,72
20862,Rigid,1216030,1216031,1217305,1,1274,1275,completed,36
20863,Rigid,1216285,1216299,1216302,14,3,17,completed,8
20864,Rigid,1216423,1216425,1216433,2,8,10,completed,8
20865,Rigid,1216515,1216515,1216523,0,8,8,completed,4
20866,Rigid,1216658,1216658,1217272,0,614,614,completed,72
20867,Rigid,1216747,1216747,1217984,0,1237,1237,completed,36
20868,Rigid,1216823,1216823,1216834,0,11,11,completed,4
20869,Rigid,1216847,1216847,1216856,0,9,9,completed,4
20870,Rigid,1217035,1217035,1217045,0,10,10,completed,4
20871,Rigid,1217127,1217127,1217137,0,10,10,completed,4
20872,Rigid,1217274,1217275,1217478,1,203,204,completed,36
20873,Rigid,1217532,1217533,1217596,1,63,64,completed,36
20874,Rigid,1217548,1217548,1217558,0,10,10,completed,4
20875,Rigid,1217574,1217574,1217583,0,9,9,completed,4
20876,Rigid,1217646,1222715,1222955,5069,240,5309,completed,1800
20877,Rigid,1217659,1217659,1217696,0,37,37,completed,36
20878,Rigid,1217889,1240815,1260637,22926,19822,42748,completed,576
20879,Rigid,1217968,1217968,1218002,0,34,34,completed,36
20880,Rigid,1218019,1218019,1218028,0,9,9,completed,4
20881,Rigid,1218023,1218023,1218083,0,60,60,completed,36
20882,Rigid,1218080,1218086,1218120,6,34,40,completed,36
20883,Rigid,1218219,1218219,1218228,0,9,9,completed,4
20884,Rigid,1218248,1218248,1218259,0,11,11,completed,4
20885,Rigid,1218272,1218272,1218281,0,9,9,completed,4
20886,Rigid,1218358,1218370,1218995,12,625,637,completed,1
20887,Rigid,1218405,1218431,1218995,26,564,590,completed,1
20888,Rigid,1218418,1218418,1218428,0,10,10,completed,4
20889,Rigid,1218650,1218651,1218716,1,65,66,completed,36
20890,Rigid,1218679,1218679,1218688,0,9,9,completed,4
20891,Rigid,1218715,1259819,1259840,41104,21,41125,completed,288
20892,Rigid,1218742,1218742,1218787,0,45,45,completed,36
20893,Rigid,1218854,1218854,1219467,0,613,613,completed,72
20894,Rigid,1218902,1218903,1218905,1,2,3,completed,36
20895,Rigid,1218945,1218946,1219061,1,115,116,completed,36
20896,Rigid,1218953,1218953,1218962,0,9,9,completed,4
20897,Rigid,1219024,1219042,1220622,18,1580,1598,completed,1
20898,Rigid,1219102,1219102,1219782,0,680,680,completed,36
20899,Rigid,1219138,1219139,1219192,1,53,54,completed,36
20900,Rigid,1219239,1219256,1220619,17,1363,1380,completed,1
20901,Rigid,1219271,1219272,1219384,1,112,113,completed,36
20902,Rigid,1219421,1222964,1223107,3543,143,3686,completed,144
20903,Rigid,1219492,1219493,1219497,1,4,5,completed,36
20904,Rigid,1219507,1219507,1219611,0,104,104,completed,36
20905,Rigid,1219778,1219778,1219792,0,14,14,completed,36
20906,Rigid,1219809,1219809,1220427,0,618,618,completed,72
20907,Rigid,1219809,1219813,1221045,4,1232,1236,completed,36
20908,Rigid,1219810,1219813,1219846,3,33,36,completed,36
20909,Rigid,1219835,1219835,1219844,0,9,9,completed,4
20910,Rigid,1219868,1219868,1219876,0,8,8,completed,4
20911,Rigid,1219875,1219876,1219902,1,26,27,completed,36
20912,Rigid,1219904,1219905,1219941,1,36,37,completed,36
20913,Rigid,1219942,1219942,1219950,0,8,8,completed,4
20914,Rigid,1219966,1219966,1220019,0,53,53,completed,36
20915,Rigid,1220025,1220026,1220085,1,59,60,completed,36
20916,Rigid,1220089,1220090,1220142,1,52,53,completed,36
20917,Rigid,1220112,1220112,1220120,0,8,8,completed,4
20918,Rigid,1220192,1220192,1220202,0,10,10,completed,4
20919,Rigid,1220208,1220209,1220320,1,111,112,completed,36
20920,Rigid,1220233,1220233,1220242,0,9,9,completed,4
20921,Rigid,1220339,1220339,1220349,0,10,10,completed,4
20922,Rigid,1220369,1220434,1221058,65,624,689,completed,72
20923,Rigid,1220373,1220373,1220381,0,8,8,completed,4
20924,Rigid,1220467,1220477,1222678,10,2201,2211,completed,144
20925,Rigid,1220784,1220785,1220813,1,28,29,completed,36
20926,Rigid,1220812,1222715,1353813,1903,131098,133001,completed,108
20927,Rigid,1220820,1220821,1220886,1,65,66,completed,36
20928,Rigid,1220897,1220897,1221020,0,123,123,completed,36
20929,Rigid,1220911,1220934,1221728,23,794,817,completed,1
20930,Rigid,1220965,1220995,1221647,30,652,682,completed,1
20931,Rigid,1221046,1222964,1354422,1918,131458,133376,completed,108
20932,Rigid,1221081,1221082,1221189,1,107,108,completed,36
20933,Rigid,1221102,1222965,1223621,1863,656,2519,completed,144
20934,Rigid,1221232,1222964,1353949,1732,130985,132717,completed,108
20935,Rigid,1221274,1221275,1221289,1,14,15,completed,72
20936,Rigid,1221293,1221294,1221346,1,52,53,completed,72
20937,Rigid,1221327,1221328,1221438,1,110,111,completed,36
20938,Rigid,1221335,1222965,1223272,1630,307,1937,completed,144
20939,Rigid,1221354,1221354,1221383,0,29,29,completed,72
20940,Rigid,1221391,1221391,1221452,0,61,61,completed,72
20941,Rigid,1221582,1221582,1221584,0,2,2,completed,36
20942,Rigid,1221589,1221589,1221624,0,35,35,completed,36
20943,Rigid,1221647,1221647,1221679,0,32,32,completed,36
20944,Rigid,1221718,1221718,1221752,0,34,34,completed,36
20945,Rigid,1221719,1221726,1221739,7,13,20,completed,1
20946,Rigid,1221784,1221787,1226068,3,4281,4284,completed,1
20947,Rigid,1221864,1221879,1224379,15,2500,2515,completed,1
20948,Rigid,1221982,1222002,1222329,20,327,347,completed,36
20949,Rigid,1222026,1222027,1222082,1,55,56,completed,36
20950,Rigid,1222146,1222156,1222190,10,34,44,completed,36
20951,Rigid,1222177,1222186,1222216,9,30,39,completed,36
20952,Rigid,1222180,1222182,1222542,2,360,362,completed,72
20953,Rigid,1222233,1222248,1222281,15,33,48,completed,36
20954,Rigid,1222251,1222309,1222349,58,40,98,completed,36
20955,Rigid,1222261,1222370,1222417,109,47,156,completed,36
20956,Rigid,1222283,1222431,1222497,148,66,214,completed,36
20957,Rigid,1222294,1222522,1222616,228,94,322,completed,36
20958,Rigid,1222307,1222644,1222784,337,140,477,completed,36
20959,Rigid,1222317,1222978,1223170,661,192,853,completed,36
20960,Rigid,1222378,1223171,1223449,793,278,1071,completed,36
20961,Rigid,1222391,1223622,1223998,1231,376,1607,completed,72
20962,Rigid,1222408,1222549,1222849,141,300,441,completed,72
20963,Rigid,1222457,1222458,1222788,1,330,331,completed,36
20964,Rigid,1222586,1224353,1224406,1767,53,1820,completed,36
20965,Rigid,1222713,1233067,1253040,10354,19973,30327,completed,144
20966,Rigid,1222853,1222854,1223354,1,500,501,completed,72
20967,Rigid,1222854,1222856,1222882,2,26,28,completed,36
20968,Rigid,1222929,1222930,1223255,1,325,326,completed,36
20969,Rigid,1222991,1233098,1233120,10107,22,10129,completed,144
20970,Rigid,1223012,1223109,1225293,97,2184,2281,completed,144
20971,Rigid,1223361,1223362,1223365,1,3,4,completed,36
20972,Rigid,1223363,1223366,1223678,3,312,315,completed,72
20973,Rigid,1223374,1223375,1223485,1,110,111,completed,36
20974,Rigid,1223491,1223492,1223545,1,53,54,completed,36
20975,Rigid,1223556,1223557,1223591,1,34,35,completed,36
20976,Rigid,1223596,1223597,1223922,1,325,326,completed,36
20977,Rigid,1223739,1240815,1244593,17076,3778,20854,completed,144
20978,Rigid,1223761,1223761,1223780,0,19,19,completed,36
20979,Rigid,1223906,1223907,1223914,1,7,8,completed,36
20980,Rigid,1223999,1223999,1224106,0,107,107,completed,36
20981,Rigid,1224157,1224158,1224167,1,9,10,completed,36
20982,Rigid,1224184,1224184,1224437,0,253,253,completed,72
20983,Rigid,1224196,1224196,1224516,0,320,320,completed,36
20984,Rigid,1224352,1233098,1244811,8746,11713,20459,completed,144
20985,Rigid,1224552,1224553,1224879,1,326,327,completed,72
20986,Rigid,1224555,1224562,1224603,7,41,48,completed,36
20987,Rigid,1224647,1224648,1224666,1,18,19,completed,36
20988,Rigid,1224675,1224675,1224701,0,26,26,completed,36
20989,Rigid,1224711,1224711,1224931,0,220,220,completed,36
20990,Rigid,1224945,1224948,1225011,3,63,66,completed,36
20991,Rigid,1225083,1225294,1225401,211,107,318,completed,144
20992,Rigid,1225123,1225402,1225915,279,513,792,completed,72
20993,Rigid,1225139,1225921,1226610,782,689,1471,completed,72
20994,Rigid,1225149,1226612,1227543,1463,931,2394,completed,72
20995,Rigid,1225231,1225232,1225539,1,307,308,completed,72
20996,Rigid,1225772,1225773,1226083,1,310,311,completed,1
20997,Rigid,1225790,1225790,1226083,0,293,293,completed,1
20998,Rigid,1226196,1226713,1230324,517,3611,4128,completed,144
20999,Rigid,1226216,1226217,1226257,1,40,41,completed,36
21000,Rigid,1226294,1227845,1236204,1551,8359,9910,completed,144
21001,Rigid,1226360,1226361,1226394,1,33,34,completed,1
21002,Rigid,1226382,1226382,1226539,0,157,157,completed,1
21003,Rigid,1226542,1233159,1259793,6617,26634,33251,completed,360
21004,Rigid,1226755,1226756,1232100,1,5344,5345,completed,8
21005,Rigid,1226786,1227545,1228196,759,651,1410,completed,36
21006,Rigid,1227191,1227191,1227502,0,311,311,completed,72
21007,Rigid,1228491,1228492,1238493,1,10001,10002,completed,36
21008,Rigid,1228816,1230384,1230735,1568,351,1919,completed,72
21009,Rigid,1229101,1229101,1229424,0,323,323,completed,72
21010,Rigid,1229185,1229186,1229220,1,34,35,completed,36
21011,Rigid,1229214,1229215,1229252,1,37,38,completed,36
21012,Rigid,1229267,1229267,1229304,0,37,37,completed,36
21013,Rigid,1229269,1229305,1229320,36,15,51,completed,72
21014,Rigid,1229313,1229321,1229429,8,108,116,completed,36
21015,Rigid,1229442,1229442,1239177,0,9735,9735,completed,36
21016,Rigid,1229554,1230331,1230343,777,12,789,completed,144
21017,Rigid,1229577,1229578,1229689,1,111,112,completed,36
21018,Rigid,1229696,1229697,1230091,1,394,395,completed,36
21019,Rigid,1229803,1233039,1233052,3236,13,3249,completed,288
21020,Rigid,1229964,1230353,1230645,389,292,681,completed,36
21021,Rigid,1230149,1230149,1230169,0,20,20,completed,36
21022,Rigid,1230246,1230246,1231446,0,1200,1200,completed,36
21023,Rigid,1230338,1231451,1231531,1113,80,1193,completed,36
21024,Rigid,1230418,1230659,1230740,241,81,322,completed,72
21025,Rigid,1230449,1230751,1230819,302,68,370,completed,144
21026,Rigid,1230482,1230483,1230518,1,35,36,completed,36
21027,Rigid,1230958,1230963,1231252,5,289,294,completed,36
21028,Rigid,1231303,1233922,1235437,2619,1515,4134,completed,288
21029,Rigid,1231523,1238520,1238571,6997,51,7048,completed,36
21030,Rigid,1231885,1231886,1232196,1,310,311,completed,72
21031,Rigid,1232277,1232278,1232351,1,73,74,completed,72
21032,Rigid,1232291,1232292,1232519,1,227,228,completed,72
21033,Rigid,1232485,1232526,1232741,41,215,256,completed,72
21034,Rigid,1232722,1232722,1232741,0,19,19,completed,72
21035,Rigid,1232762,1232763,1232876,1,113,114,completed,72
21036,Rigid,1232800,1233067,1233096,267,29,296,completed,36
21037,Rigid,1232864,1232865,1232887,1,22,23,completed,36
21038,Rigid,1232880,1232883,1233190,3,307,310,completed,72
21039,Rigid,1232924,1232924,1232961,0,37,37,completed,36
21040,Rigid,1232928,1232962,1232982,34,20,54,completed,72
21041,Rigid,1233038,1242999,1263058,9961,20059,30020,completed,144
21042,Rigid,1233069,1233069,1233086,0,17,17,completed,144
21043,Rigid,1233071,1233073,1233393,2,320,322,completed,36
21044,Rigid,1233120,1243966,1243989,10846,23,10869,completed,144
21045,Rigid,1233140,1233141,1233351,1,210,211,completed,36
21046,Rigid,1233315,1233352,1233376,37,24,61,completed,36
21047,Rigid,1233352,1233457,1233476,105,19,124,completed,72
21048,Rigid,1233447,1233447,1233496,0,49,49,completed,72
21049,Rigid,1233501,1233502,1233667,1,165,166,completed,72
21050,Rigid,1233618,1233656,1233676,38,20,58,completed,144
21051,Rigid,1233654,1233674,1233977,20,303,323,completed,72
21052,Rigid,1233655,1243966,1254673,10311,10707,21018,completed,144
21053,Rigid,1233655,1233875,1233915,220,40,260,completed,288
21054,Rigid,1233678,1235442,1235476,1764,34,1798,completed,576
21055,Rigid,1233739,1240691,1240761,6952,70,7022,completed,1152
21056,Rigid,1233785,1233786,1233806,1,20,21,completed,36
21057,Rigid,1233795,1257339,1258566,23544,1227,24771,completed,2304
21058,Rigid,1233819,1233820,1234140,1,320,321,completed,36
21059,Rigid,1233873,1244607,1255500,10734,10893,21627,completed,144
21060,Rigid,1233882,1237822,1306929,3940,69107,73047,completed,26
21061,Rigid,1233888,1238581,1364373,4693,125792,130485,completed,26
21062,Rigid,1234028,1234044,1234389,16,345,361,completed,72
21063,Rigid,1234225,1234226,1234283,1,57,58,completed,72
21064,Rigid,1234287,1234289,1234611,2,322,324,completed,72
21065,Rigid,1234404,1234404,1234414,0,10,10,completed,36
21066,Rigid,1234451,1234451,1234460,0,9,9,completed,36
21067,Rigid,1234494,1234494,1234503,0,9,9,completed,72
21068,Rigid,1234545,1234592,1234603,47,11,58,completed,144
21069,Rigid,1234580,1244821,1255144,10241,10323,20564,completed,144
21070,Rigid,1234614,1234808,1234833,194,25,219,completed,36
21071,Rigid,1234743,1234744,1235062,1,318,319,completed,72
21072,Rigid,1235002,1235002,1235214,0,212,212,completed,36
21073,Rigid,1235049,1235214,1235267,165,53,218,completed,36
21074,Rigid,1235092,1235113,1235154,21,41,62,completed,72
21075,Rigid,1235197,1235205,1235233,8,28,36,completed,144
21076,Rigid,1235213,1235235,1235255,22,20,42,completed,288
21077,Rigid,1235250,1235483,1235501,233,18,251,completed,576
21078,Rigid,1235264,1240784,1240803,5520,19,5539,completed,1152
21079,Rigid,1235288,1258588,1258629,23300,41,23341,completed,2304
21080,Rigid,1235461,1235513,1241588,52,6075,6127,completed,144
21081,Rigid,1235677,1235677,1235881,0,204,204,completed,72
21082,Rigid,1235863,1235864,1235972,1,108,109,completed,36
21083,Rigid,1236016,1236017,1236220,1,203,204,completed,72
21084,Rigid,1236024,1236221,1236425,197,204,401,completed,72
21085,Rigid,1236390,1236391,1236399,1,8,9,completed,36
21086,Rigid,1236486,1236487,1236494,1,7,8,completed,36
21087,Rigid,1236504,1236504,1236709,0,205,205,completed,72
21088,Rigid,1236519,1236710,1237003,191,293,484,completed,72
21089,Rigid,1236572,1236573,1236580,1,7,8,completed,36
21090,Rigid,1236620,1236620,1236644,0,24,24,completed,36
21091,Rigid,1236641,1236642,1236648,1,6,7,completed,36
21092,Rigid,1236753,1237005,1237322,252,317,569,completed,72
21093,Rigid,1236776,1236778,1236786,2,8,10,completed,36
21094,Rigid,1236839,1236840,1236847,1,7,8,completed,36
21095,Rigid,1237058,1237061,1240690,3,3629,3632,completed,144
21096,Rigid,1237285,1237285,1237318,0,33,33,completed,36
21097,Rigid,1237335,1237335,1237539,0,204,204,completed,72
21098,Rigid,1237341,1237540,1237744,199,204,403,completed,72
21099,Rigid,1237564,1237565,1237676,1,111,112,completed,36
21100,Rigid,1237873,1237873,1238077,0,204,204,completed,72
21101,Rigid,1237876,1238078,1238172,202,94,296,completed,72
21102,Rigid,1238046,1238046,1238064,0,18,18,completed,36
21103,Rigid,1238052,1238067,1238086,15,19,34,completed,36
21104,Rigid,1238090,1238091,1238128,1,37,38,completed,36
21105,Rigid,1238140,1238141,1238176,1,35,36,completed,36
21106,Rigid,1238679,1296687,1297912,58008,1225,59233,completed,4608
21107,Rigid,1238758,1297930,1297979,59172,49,59221,completed,4608
21108,Rigid,1239254,1239255,1239290,1,35,36,completed,36
21109,Rigid,1239369,1239370,1239391,1,21,22,completed,36
21110,Rigid,1239395,1239395,1239429,0,34,34,completed,36
21111,Rigid,1239563,1239564,1239600,1,36,37,completed,36
21112,Rigid,1239631,1239631,1239635,0,4,4,completed,36
21113,Rigid,1239643,1239643,1239672,0,29,29,completed,36
21114,Rigid,1239725,1239726,1239734,1,8,9,completed,36
21115,Rigid,1239752,1239753,1239788,1,35,36,completed,36
21116,Rigid,1239828,1239828,1239862,0,34,34,completed,36
21117,Rigid,1240131,1240132,1240169,1,37,38,completed,36
21118,Rigid,1240203,1240203,1240239,0,36,36,completed,36
21119,Rigid,1240379,1240380,1240391,1,11,12,completed,36
21120,Rigid,1240443,1240443,1240454,0,11,11,completed,36
21121,Rigid,1240558,1240558,1240565,0,7,7,completed,36
21122,Rigid,1241535,1241545,1241714,10,169,179,completed,72
21123,Rigid,1241754,1241758,1242058,4,300,304,completed,72
21124,Rigid,1241767,1241789,1249312,22,7523,7545,completed,144
21125,Rigid,1241981,1244882,1263899,2901,19017,21918,completed,144
21126,Rigid,1242082,1242092,1242155,10,63,73,completed,72
21127,Rigid,1242186,1242213,1242381,27,168,195,completed,72
21128,Rigid,1242397,1242425,1242565,28,140,168,completed,72
21129,Rigid,1242577,1242606,1242800,29,194,223,completed,72
21130,Rigid,1242771,1242788,1242797,17,9,26,completed,72
21131,Rigid,1243110,1243120,1243131,10,11,21,completed,72
21132,Rigid,1243210,1243211,1243220,1,9,10,completed,72
21133,Rigid,1243341,1243362,1243681,21,319,340,completed,72
21134,Rigid,1243714,1243724,1243969,10,245,255,completed,72
21135,Rigid,1243977,1243996,1244189,19,193,212,completed,72
21136,Rigid,1244032,1269664,1434223,25632,164559,190191,completed,18
21137,Rigid,1244032,1373782,1546603,129750,172821,302571,completed,18
21138,Rigid,1244032,1396007,1568833,151975,172826,324801,completed,18
21139,Rigid,1244032,1396308,1569133,152276,172825,325101,completed,18
21140,Rigid,1244032,1401128,1570789,157096,169661,326757,completed,18
21141,Rigid,1244032,1403175,1573834,159143,170659,329802,completed,18
21142,Rigid,1244032,1403356,1572311,159324,168955,328279,completed,18
21143,Rigid,1244032,1404258,1567387,160226,163129,323355,completed,18
21144,Rigid,1244033,1406097,1570117,162064,164020,326084,completed,18
21145,Rigid,1244033,1406790,1579614,162757,172824,335581,completed,18
21146,Rigid,1244033,1407182,1580004,163149,172822,335971,completed,18
21147,Rigid,1244033,1409230,1574617,165197,165387,330584,completed,18
21148,Rigid,1244033,1409291,1582106,165258,172815,338073,completed,18
21149,Rigid,1244033,1409654,1582466,165621,172812,338433,completed,18
21150,Rigid,1244033,1411647,1576922,167614,165275,332889,completed,18
21151,Rigid,1244033,1411678,1584507,167645,172829,340474,completed,18
21152,Rigid,1244033,1411738,1571667,167705,159929,327634,completed,18
21153,Rigid,1244033,1412251,1581191,168218,168940,337158,completed,18
21154,Rigid,1244033,1412281,1585108,168248,172827,341075,completed,18
21155,Rigid,1244033,1414267,1587088,170234,172821,343055,completed,18
21156,Rigid,1244033,1414839,1587639,170806,172800,343606,completed,18
21157,Rigid,1244033,1416225,1589051,172192,172826,345018,completed,18
21158,Rigid,1244033,1417729,1590551,173696,172822,346518,completed,18
21159,Rigid,1244033,1423906,1591558,179873,167652,347525,completed,18
21160,Rigid,1244033,1425925,1598744,181892,172819,354711,completed,18
21161,Rigid,1244033,1427491,1600307,183458,172816,356274,completed,18
21162,Rigid,1244033,1438564,1604656,194531,166092,360623,completed,18
21163,Rigid,1244033,1444712,1605834,200679,161122,361801,completed,18
21164,Rigid,1244033,1450652,1623457,206619,172805,379424,completed,18
21165,Rigid,1244033,1466684,1639511,222651,172827,395478,completed,18
21166,Rigid,1244084,1249761,1258982,5677,9221,14898,completed,18
21167,Rigid,1244085,1249761,1258960,5676,9199,14875,completed,18
21168,Rigid,1244085,1258943,1268051,14858,9108,23966,completed,18
21169,Rigid,1244085,1258973,1268210,14888,9237,24125,completed,18
21170,Rigid,1244086,1259004,1268411,14918,9407,24325,completed,18
21171,Rigid,1244086,1259850,1269091,15764,9241,25005,completed,18
21172,Rigid,1244086,1259850,1269202,15764,9352,25116,completed,18
21173,Rigid,1244086,1259850,1268998,15764,9148,24912,completed,18
21174,Rigid,1244086,1259850,1269007,15764,9157,24921,completed,18
21175,Rigid,1244087,1259850,1269077,15763,9227,24990,completed,18
21176,Rigid,1244087,1259850,1269201,15763,9351,25114,completed,18
21177,Rigid,1244087,1259850,1269013,15763,9163,24926,completed,18
21178,Rigid,1244087,1259850,1269121,15763,9271,25034,completed,18
21179,Rigid,1244087,1259850,1268706,15763,8856,24619,completed,18
21180,Rigid,1244087,1259850,1268974,15763,9124,24887,completed,18
21181,Rigid,1244089,1260666,1269673,16577,9007,25584,completed,18
21182,Rigid,1244089,1260666,1269832,16577,9166,25743,completed,18
21183,Rigid,1244090,1260666,1269835,16576,9169,25745,completed,18
21184,Rigid,1244090,1260666,1270171,16576,9505,26081,completed,18
21185,Rigid,1244090,1260666,1269755,16576,9089,25665,completed,18
21186,Rigid,1244090,1260666,1269995,16576,9329,25905,completed,18
21187,Rigid,1244091,1260666,1269763,16575,9097,25672,completed,18
21188,Rigid,1244092,1260666,1269594,16574,8928,25502,completed,18
21189,Rigid,1244092,1260666,1269647,16574,8981,25555,completed,18
21190,Rigid,1244093,1260666,1269908,16573,9242,25815,completed,18
21191,Rigid,1244093,1260666,1270004,16573,9338,25911,completed,18
21192,Rigid,1244194,1244209,1244336,15,127,142,completed,72
21193,Rigid,1244256,1244271,1266615,15,22344,22359,completed,1
21194,Rigid,1244256,1244271,1245683,15,1412,1427,completed,1
21195,Rigid,1244256,1244271,1264269,15,19998,20013,completed,1
21196,Rigid,1244256,1244271,1276607,15,32336,32351,completed,1
21197,Rigid,1244257,1244271,1268039,14,23768,23782,completed,1
21198,Rigid,1244257,1244271,1291728,14,47457,47471,completed,1
21199,Rigid,1244257,1244271,1244374,14,103,117,completed,1
21200,Rigid,1244257,1244271,1244678,14,407,421,completed,1
21201,Rigid,1244257,1244271,1245968,14,1697,1711,completed,1
21202,Rigid,1244257,1244271,1244950,14,679,693,completed,1
21203,Rigid,1244257,1244271,1245644,14,1373,1387,completed,1
21204,Rigid,1244257,1244271,1255576,14,11305,11319,completed,1
21205,Rigid,1244349,1244362,1244509,13,147,160,completed,72
21206,Rigid,1244523,1244546,1244738,23,192,215,completed,72
21207,Rigid,1244743,1244760,1244769,17,9,26,completed,72
21208,Rigid,1244811,1246013,1257692,1202,11679,12881,completed,144
21209,Rigid,1244978,1245005,1245014,27,9,36,completed,72
21210,Rigid,1245264,1245280,1245289,16,9,25,completed,72
21211,Rigid,1245540,1245555,1245568,15,13,28,completed,72
21212,Rigid,1245699,1245707,1245898,8,191,199,completed,72
21213,Rigid,1245906,1245921,1245930,15,9,24,completed,72
21214,Rigid,1246115,1246135,1246144,20,9,29,completed,72
21215,Rigid,1246438,1246439,1246449,1,10,11,completed,72
21216,Rigid,1246588,1246592,1246601,4,9,13,completed,72
21217,Rigid,1247188,1247201,1247211,13,10,23,completed,72
21218,Rigid,1247429,1247445,1247774,16,329,345,completed,72
21219,Rigid,1247709,1247719,1247722,10,3,13,completed,36
21220,Rigid,1248150,1248176,1248180,26,4,30,completed,36
21221,Rigid,1248171,1248176,1248296,5,120,125,completed,72
21222,Rigid,1248283,1248298,1248301,15,3,18,completed,36
21223,Rigid,1248303,1248329,1248644,26,315,341,completed,72
21224,Rigid,1248409,1248421,1248425,12,4,16,completed,36
21225,Rigid,1248937,1248937,1249143,0,206,206,completed,36
21226,Rigid,1249161,1249180,1249183,19,3,22,completed,36
21227,Rigid,1249251,1249271,1249477,20,206,226,completed,36
21228,Rigid,1249537,1249545,1249852,8,307,315,completed,72
21229,Rigid,1250262,1250276,1250555,14,279,293,completed,72
21230,Rigid,1250564,1250579,1250593,15,14,29,completed,72
21231,Rigid,1250609,1250610,1250620,1,10,11,completed,72
21232,Rigid,1251124,1251125,1251355,1,230,231,completed,72
21233,Rigid,1251320,1251338,1251653,18,315,333,completed,72
21234,Rigid,1252013,1252014,1252046,1,32,33,completed,72
21235,Rigid,1252025,1252047,1252153,22,106,128,completed,72
21236,Rigid,1252171,1252172,1252321,1,149,150,completed,72
21237,Rigid,1252180,1252322,1252428,142,106,248,completed,72
21238,Rigid,1252461,1252461,1252584,0,123,123,completed,72
21239,Rigid,1252513,1254683,1265498,2170,10815,12985,completed,36
21240,Rigid,1252594,1252594,1253817,0,1223,1223,completed,72
21241,Rigid,1253009,1253010,1253032,1,22,23,completed,36
21242,Rigid,1253116,1253117,1253124,1,7,8,completed,36
21243,Rigid,1253479,1255169,1257337,1690,2168,3858,completed,144
21244,Rigid,1254237,1254237,1254257,0,20,20,completed,36
21245,Rigid,1254673,1259819,1270980,5146,11161,16307,completed,144
21246,Rigid,1255143,1259850,1272856,4707,13006,17713,completed,144
21247,Rigid,1255857,1255858,1255878,1,20,21,completed,36
21248,Rigid,1256424,1256425,1256445,1,20,21,completed,36
21249,Rigid,1257409,1257415,1265970,6,8555,8561,completed,1
21250,Rigid,1257409,1257415,1265624,6,8209,8215,completed,1
21251,Rigid,1257410,1257415,1265977,5,8562,8567,completed,1
21252,Rigid,1257410,1257415,1265610,5,8195,8200,completed,1
21253,Rigid,1257410,1257415,1265283,5,7868,7873,completed,1
21254,Rigid,1257410,1257415,1264908,5,7493,7498,completed,1
21255,Rigid,1257410,1257415,1265201,5,7786,7791,completed,1
21256,Rigid,1257410,1257415,1264973,5,7558,7563,completed,1
21257,Rigid,1257410,1257415,1265068,5,7653,7658,completed,1
21258,Rigid,1257410,1257415,1265015,5,7600,7605,completed,1
21259,Rigid,1257410,1257415,1265289,5,7874,7879,completed,1
21260,Rigid,1257410,1257415,1264940,5,7525,7530,completed,1
21261,Rigid,1257410,1257415,1264917,5,7502,7507,completed,1
21262,Rigid,1257410,1257415,1265345,5,7930,7935,completed,1
21263,Rigid,1257410,1257415,1265385,5,7970,7975,completed,1
21264,Rigid,1257410,1257415,1265763,5,8348,8353,completed,1
21265,Rigid,1257410,1257415,1265516,5,8101,8106,completed,1
21266,Rigid,1257410,1257415,1265251,5,7836,7841,completed,1
21267,Rigid,1257410,1257415,1265126,5,7711,7716,completed,1
21268,Rigid,1257410,1257415,1265106,5,7691,7696,completed,1
21269,Rigid,1257410,1257415,1265657,5,8242,8247,completed,1
21270,Rigid,1257410,1257415,1265593,5,8178,8183,completed,1
21271,Rigid,1257410,1257415,1265231,5,7816,7821,completed,1
21272,Rigid,1257410,1257415,1265098,5,7683,7688,completed,1
21273,Rigid,1257410,1257415,1265111,5,7696,7701,completed,1
21274,Rigid,1257410,1257415,1264960,5,7545,7550,completed,1
21275,Rigid,1257410,1257415,1265000,5,7585,7590,completed,1
21276,Rigid,1257410,1257415,1265149,5,7734,7739,completed,1
21277,Rigid,1257410,1257415,1265296,5,7881,7886,completed,1
21278,Rigid,1257410,1257415,1264960,5,7545,7550,completed,1
21279,Rigid,1257410,1257415,1265789,5,8374,8379,completed,1
21280,Rigid,1257410,1257415,1265670,5,8255,8260,completed,1
21281,Rigid,1257410,1257415,1265422,5,8007,8012,completed,1
21282,Rigid,1257410,1257415,1265596,5,8181,8186,completed,1
21283,Rigid,1257410,1257415,1265517,5,8102,8107,completed,1
21284,Rigid,1257410,1257415,1265361,5,7946,7951,completed,1
21285,Rigid,1257410,1257415,1265488,5,8073,8078,completed,1
21286,Rigid,1257411,1257415,1265410,4,7995,7999,completed,1
21287,Rigid,1257411,1257415,1265466,4,8051,8055,completed,1
21288,Rigid,1257411,1257415,1265748,4,8333,8337,completed,1
21289,Rigid,1257411,1257415,1265436,4,8021,8025,completed,1
21290,Rigid,1257411,1257415,1265592,4,8177,8181,completed,1
21291,Rigid,1257411,1257415,1265558,4,8143,8147,completed,1
21292,Rigid,1257411,1257415,1266032,4,8617,8621,completed,1
21293,Rigid,1257411,1257415,1265630,4,8215,8219,completed,1
21294,Rigid,1257411,1257415,1264685,4,7270,7274,completed,1
21295,Rigid,1257411,1257415,1264713,4,7298,7302,completed,1
21296,Rigid,1257411,1257415,1265042,4,7627,7631,completed,1
21297,Rigid,1257411,1257415,1264889,4,7474,7478,completed,1
21298,Rigid,1257411,1257415,1264549,4,7134,7138,completed,1
21299,Rigid,1257411,1257415,1264822,4,7407,7411,completed,1
21300,Rigid,1257411,1257415,1264719,4,7304,7308,completed,1
21301,Rigid,1257411,1257415,1264935,4,7520,7524,completed,1
21302,Rigid,1257411,1257415,1264616,4,7201,7205,completed,1
21303,Rigid,1257411,1257415,1264591,4,7176,7180,completed,1
21304,Rigid,1257411,1257415,1264699,4,7284,7288,completed,1
21305,Rigid,1257411,1257415,1264697,4,7282,7286,completed,1
21306,Rigid,1257411,1257415,1264868,4,7453,7457,completed,1
21307,Rigid,1257411,1257415,1264996,4,7581,7585,completed,1
21308,Rigid,1257411,1257415,1264646,4,7231,7235,completed,1
21309,Rigid,1257411,1257415,1264836,4,7421,7425,completed,1
21310,Rigid,1257411,1257415,1264966,4,7551,7555,completed,1
21311,Rigid,1257411,1257415,1265018,4,7603,7607,completed,1
21312,Rigid,1257411,1257415,1264816,4,7401,7405,completed,1
21313,Rigid,1257411,1257415,1264778,4,7363,7367,completed,1
21314,Rigid,1257411,1257415,1264495,4,7080,7084,completed,1
21315,Rigid,1257411,1257415,1264703,4,7288,7292,completed,1
21316,Rigid,1257411,1257415,1264953,4,7538,7542,completed,1
21317,Rigid,1257411,1257415,1264861,4,7446,7450,completed,1
21318,Rigid,1257411,1257415,1264690,4,7275,7279,completed,1
21319,Rigid,1257411,1257415,1264619,4,7204,7208,completed,1
21320,Rigid,1257411,1257415,1264667,4,7252,7256,completed,1
21321,Rigid,1257411,1257415,1264484,4,7069,7073,completed,1
21322,Rigid,1257411,1257415,1264889,4,7474,7478,completed,1
21323,Rigid,1257411,1257415,1264410,4,6995,6999,completed,1
21324,Rigid,1257411,1257415,1264795,4,7380,7384,completed,1
21325,Rigid,1257411,1257415,1264741,4,7326,7330,completed,1
21326,Rigid,1257411,1257415,1264410,4,6995,6999,completed,1
21327,Rigid,1257411,1257415,1264689,4,7274,7278,completed,1
21328,Rigid,1257411,1257415,1265007,4,7592,7596,completed,1
21329,Rigid,1257411,1257415,1264923,4,7508,7512,completed,1
21330,Rigid,1257411,1257415,1266188,4,8773,8777,completed,1
21331,Rigid,1257411,1257415,1264739,4,7324,7328,completed,1
21332,Rigid,1257411,1257415,1264770,4,7355,7359,completed,1
21333,Rigid,1257411,1257415,1264991,4,7576,7580,completed,1
21334,Rigid,1257411,1257415,1264665,4,7250,7254,completed,1
21335,Rigid,1257411,1257415,1265124,4,7709,7713,completed,1
21336,Rigid,1257411,1257415,1264730,4,7315,7319,completed,1
21337,Rigid,1257412,1257415,1264587,3,7172,7175,completed,1
21338,Rigid,1257412,1257415,1264755,3,7340,7343,completed,1
21339,Rigid,1257412,1257415,1264483,3,7068,7071,completed,1
21340,Rigid,1257412,1257415,1264894,3,7479,7482,completed,1
21341,Rigid,1257412,1257415,1264492,3,7077,7080,completed,1
21342,Rigid,1257412,1257415,1264788,3,7373,7376,completed,1
21343,Rigid,1257412,1257415,1264867,3,7452,7455,completed,1
21344,Rigid,1257412,1257415,1264605,3,7190,7193,completed,1
21345,Rigid,1257412,1257415,1264560,3,7145,7148,completed,1
21346,Rigid,1257412,1257415,1264790,3,7375,7378,completed,1
21347,Rigid,1257412,1257415,1264720,3,7305,7308,completed,1
21348,Rigid,1257412,1257415,1264484,3,7069,7072,completed,1
21349,Rigid,1257412,1257415,1264473,3,7058,7061,completed,1
21350,Rigid,1257412,1257415,1264541,3,7126,7129,completed,1
21351,Rigid,1257412,1257415,1264850,3,7435,7438,completed,1
21352,Rigid,1257412,1257415,1264955,3,7540,7543,completed,1
21353,Rigid,1257412,1257415,1264829,3,7414,7417,completed,1
21354,Rigid,1257412,1257415,1264509,3,7094,7097,completed,1
21355,Rigid,1257412,1257415,1264651,3,7236,7239,completed,1
21356,Rigid,1257412,1257415,1264812,3,7397,7400,completed,1
21357,Rigid,1257412,1257415,1264804,3,7389,7392,completed,1
21358,Rigid,1257412,1257478,1265650,66,8172,8238,completed,1
21359,Rigid,1257412,1257698,1265241,286,7543,7829,completed,1
21360,Rigid,1257412,1257698,1265078,286,7380,7666,completed,1
21361,Rigid,1257412,1257698,1264884,286,7186,7472,completed,1
21362,Rigid,1257412,1257698,1265115,286,7417,7703,completed,1
21363,Rigid,1257412,1257698,1265016,286,7318,7604,completed,1
21364,Rigid,1257412,1257698,1265105,286,7407,7693,completed,1
21365,Rigid,1257412,1257698,1265238,286,7540,7826,completed,1
21366,Rigid,1257412,1257698,1264828,286,7130,7416,completed,1
21367,Rigid,1257412,1257698,1264970,286,7272,7558,completed,1
21368,Rigid,1257412,1257698,1264821,286,7123,7409,completed,1
21369,Rigid,1257412,1257698,1265255,286,7557,7843,completed,1
21370,Rigid,1257412,1257698,1265021,286,7323,7609,completed,1
21371,Rigid,1257412,1257698,1265489,286,7791,8077,completed,1
21372,Rigid,1257412,1257698,1265201,286,7503,7789,completed,1
21373,Rigid,1257412,1257698,1264905,286,7207,7493,completed,1
21374,Rigid,1257412,1257698,1264890,286,7192,7478,completed,1
21375,Rigid,1257412,1257698,1265289,286,7591,7877,completed,1
21376,Rigid,1257412,1257698,1265230,286,7532,7818,completed,1
21377,Rigid,1257412,1257698,1266119,286,8421,8707,completed,1
21378,Rigid,1257412,1257698,1265054,286,7356,7642,completed,1
21379,Rigid,1257412,1257698,1265230,286,7532,7818,completed,1
21380,Rigid,1257412,1257698,1264977,286,7279,7565,completed,1
21381,Rigid,1257412,1257698,1264928,286,7230,7516,completed,1
21382,Rigid,1257412,1257698,1265152,286,7454,7740,completed,1
21383,Rigid,1257412,1257698,1265147,286,7449,7735,completed,1
21384,Rigid,1257412,1257698,1264781,286,7083,7369,completed,1
21385,Rigid,1257412,1257698,1264999,286,7301,7587,completed,1
21386,Rigid,1257412,1257698,1264946,286,7248,7534,completed,1
21387,Rigid,1257412,1257698,1264948,286,7250,7536,completed,1
21388,Rigid,1257412,1257698,1265260,286,7562,7848,completed,1
21389,Rigid,1257412,1257698,1265170,286,7472,7758,completed,1
21390,Rigid,1257412,1257698,1265417,286,7719,8005,completed,1
21391,Rigid,1257412,1257698,1264892,286,7194,7480,completed,1
21392,Rigid,1257412,1257698,1264963,286,7265,7551,completed,1
21393,Rigid,1257412,1257698,1265179,286,7481,7767,completed,1
21394,Rigid,1257412,1257698,1265148,286,7450,7736,completed,1
21395,Rigid,1257412,1257698,1265132,286,7434,7720,completed,1
21396,Rigid,1257412,1257698,1265192,286,7494,7780,completed,1
21397,Rigid,1257412,1257698,1264728,286,7030,7316,completed,1
21398,Rigid,1257412,1257698,1264937,286,7239,7525,completed,1
21399,Rigid,1257412,1257698,1265072,286,7374,7660,completed,1
21400,Rigid,1257412,1257698,1265024,286,7326,7612,completed,1
21401,Rigid,1257412,1257698,1265325,286,7627,7913,completed,1
21402,Rigid,1257412,1257698,1265048,286,7350,7636,completed,1
21403,Rigid,1257412,1257698,1264885,286,7187,7473,completed,1
21404,Rigid,1257412,1257698,1265066,286,7368,7654,completed,1
21405,Rigid,1257412,1257698,1264921,286,7223,7509,completed,1
21406,Rigid,1257412,1257698,1265037,286,7339,7625,completed,1
21407,Rigid,1257412,1257698,1265200,286,7502,7788,completed,1
21408,Rigid,1257412,1257698,1265093,286,7395,7681,completed,1
21409,Rigid,1257412,1257698,1264855,286,7157,7443,completed,1
21410,Rigid,1257412,1257698,1264829,286,7131,7417,completed,1
21411,Rigid,1257412,1257698,1264825,286,7127,7413,completed,1
21412,Rigid,1257412,1257698,1265273,286,7575,7861,completed,1
21413,Rigid,1257412,1257698,1266342,286,8644,8930,completed,1
21414,Rigid,1257412,1257698,1265366,286,7668,7954,completed,1
21415,Rigid,1257413,1257698,1264995,285,7297,7582,completed,1
21416,Rigid,1257413,1257698,1264980,285,7282,7567,completed,1
21417,Rigid,1257413,1257698,1264821,285,7123,7408,completed,1
21418,Rigid,1257413,1257698,1265024,285,7326,7611,completed,1
21419,Rigid,1257413,1257698,1265076,285,7378,7663,completed,1
21420,Rigid,1257413,1257698,1264988,285,7290,7575,completed,1
21421,Rigid,1257413,1257698,1265257,285,7559,7844,completed,1
21422,Rigid,1257413,1257698,1264891,285,7193,7478,completed,1
21423,Rigid,1257413,1257698,1264908,285,7210,7495,completed,1
21424,Rigid,1257413,1257698,1264905,285,7207,7492,completed,1
21425,Rigid,1257413,1257698,1265330,285,7632,7917,completed,1
21426,Rigid,1257413,1257698,1265329,285,7631,7916,completed,1
21427,Rigid,1257413,1257698,1265457,285,7759,8044,completed,1
21428,Rigid,1257413,1257698,1264845,285,7147,7432,completed,1
21429,Rigid,1257413,1257698,1265029,285,7331,7616,completed,1
21430,Rigid,1257413,1257698,1265190,285,7492,7777,completed,1
21431,Rigid,1257413,1257698,1265282,285,7584,7869,completed,1
21432,Rigid,1257413,1257698,1265253,285,7555,7840,completed,1
21433,Rigid,1257413,1257698,1264807,285,7109,7394,completed,1
21434,Rigid,1257413,1257698,1264908,285,7210,7495,completed,1
21435,Rigid,1257413,1257698,1264826,285,7128,7413,completed,1
21436,Rigid,1257413,1257698,1265261,285,7563,7848,completed,1
21437,Rigid,1257413,1257698,1264958,285,7260,7545,completed,1
21438,Rigid,1257413,1257698,1264781,285,7083,7368,completed,1
21439,Rigid,1257413,1257698,1264833,285,7135,7420,completed,1
21440,Rigid,1257413,1257698,1264864,285,7166,7451,completed,1
21441,Rigid,1257413,1257698,1264833,285,7135,7420,completed,1
21442,Rigid,1257413,1257698,1264932,285,7234,7519,completed,1
21443,Rigid,1257413,1257698,1265300,285,7602,7887,completed,1
21444,Rigid,1257413,1257698,1265376,285,7678,7963,completed,1
21445,Rigid,1257413,1257698,1265120,285,7422,7707,completed,1
21446,Rigid,1257413,1257698,1265299,285,7601,7886,completed,1
21447,Rigid,1257413,1257698,1264825,285,7127,7412,completed,1
21448,Rigid,1257413,1257698,1265098,285,7400,7685,completed,1
21449,Rigid,1257413,1257698,1266172,285,8474,8759,completed,1
21450,Rigid,1257413,1257698,1264987,285,7289,7574,completed,1
21451,Rigid,1257413,1257698,1265031,285,7333,7618,completed,1
21452,Rigid,1257413,1257698,1265382,285,7684,7969,completed,1
21453,Rigid,1257413,1257698,1264900,285,7202,7487,completed,1
21454,Rigid,1257413,1257698,1265252,285,7554,7839,completed,1
21455,Rigid,1257413,1257698,1264844,285,7146,7431,completed,1
21456,Rigid,1257413,1257698,1265138,285,7440,7725,completed,1
21457,Rigid,1257413,1257698,1264905,285,7207,7492,completed,1
21458,Rigid,1257413,1257698,1265409,285,7711,7996,completed,1
21459,Rigid,1257413,1257698,1264869,285,7171,7456,completed,1
21460,Rigid,1257413,1257698,1264898,285,7200,7485,completed,1
21461,Rigid,1257413,1257698,1265197,285,7499,7784,completed,1
21462,Rigid,1257413,1257698,1265397,285,7699,7984,completed,1
21463,Rigid,1257413,1257698,1264781,285,7083,7368,completed,1
21464,Rigid,1257413,1257698,1265124,285,7426,7711,completed,1
21465,Rigid,1257413,1257698,1264781,285,7083,7368,completed,1
21466,Rigid,1257413,1257698,1265218,285,7520,7805,completed,1
21467,Rigid,1257414,1257698,1265135,284,7437,7721,completed,1
21468,Rigid,1257414,1257698,1265072,284,7374,7658,completed,1
21469,Rigid,1257414,1257698,1265019,284,7321,7605,completed,1
21470,Rigid,1257414,1257698,1265179,284,7481,7765,completed,1
21471,Rigid,1257414,1257698,1264833,284,7135,7419,completed,1
21472,Rigid,1257414,1257698,1265186,284,7488,7772,completed,1
21473,Rigid,1257414,1257698,1264839,284,7141,7425,completed,1
21474,Rigid,1257414,1257698,1265117,284,7419,7703,completed,1
21475,Rigid,1257414,1257698,1264863,284,7165,7449,completed,1
21476,Rigid,1257414,1257698,1265003,284,7305,7589,completed,1
21477,Rigid,1257414,1257698,1264865,284,7167,7451,completed,1
21478,Rigid,1257414,1257698,1265335,284,7637,7921,completed,1
21479,Rigid,1257414,1257698,1265027,284,7329,7613,completed,1
21480,Rigid,1257414,1257698,1265156,284,7458,7742,completed,1
21481,Rigid,1257414,1257698,1265404,284,7706,7990,completed,1
21482,Rigid,1257414,1257698,1265040,284,7342,7626,completed,1
21483,Rigid,1257414,1257698,1264875,284,7177,7461,completed,1
21484,Rigid,1257414,1257698,1265268,284,7570,7854,completed,1
21485,Rigid,1257414,1257698,1266349,284,8651,8935,completed,1
21486,Rigid,1257414,1257698,1265306,284,7608,7892,completed,1
21487,Rigid,1257414,1257698,1265579,284,7881,8165,completed,1
21488,Rigid,1257414,1257698,1264968,284,7270,7554,completed,1
21489,Rigid,1257414,1257698,1264987,284,7289,7573,completed,1
21490,Rigid,1257414,1257698,1265285,284,7587,7871,completed,1
21491,Rigid,1257414,1257698,1264883,284,7185,7469,completed,1
21492,Rigid,1257414,1257698,1264947,284,7249,7533,completed,1
21493,Rigid,1257414,1257698,1264790,284,7092,7376,completed,1
21494,Rigid,1257414,1257698,1264869,284,7171,7455,completed,1
21495,Rigid,1257414,1257698,1264950,284,7252,7536,completed,1
21496,Rigid,1257414,1257698,1264882,284,7184,7468,completed,1
21497,Rigid,1257414,1257698,1265178,284,7480,7764,completed,1
21498,Rigid,1257414,1257698,1265231,284,7533,7817,completed,1
21499,Rigid,1257414,1257698,1264858,284,7160,7444,completed,1
21500,Rigid,1257414,1257698,1264824,284,7126,7410,completed,1
21501,Rigid,1257414,1257698,1265043,284,7345,7629,completed,1
21502,Rigid,1257414,1257698,1265138,284,7440,7724,completed,1
21503,Rigid,1257414,1258063,1266074,649,8011,8660,completed,1
21504,Rigid,1257414,1258427,1266928,1013,8501,9514,completed,1
21505,Rigid,1257414,1258640,1265994,1226,7354,8580,completed,1
21506,Rigid,1257414,1258640,1265875,1226,7235,8461,completed,1
21507,Rigid,1257414,1258640,1265843,1226,7203,8429,completed,1
21508,Rigid,1257414,1258640,1266213,1226,7573,8799,completed,1
21509,Rigid,1257414,1258640,1265955,1226,7315,8541,completed,1
21510,Rigid,1257414,1258640,1265873,1226,7233,8459,completed,1
21511,Rigid,1257414,1258640,1266009,1226,7369,8595,completed,1
21512,Rigid,1257414,1258640,1266247,1226,7607,8833,completed,1
21513,Rigid,1257692,1259850,1261978,2158,2128,4286,completed,144
21514,Rigid,1258509,1258510,1258696,1,186,187,completed,36
21515,Rigid,1258913,1258943,1263169,30,4226,4256,completed,1
21516,Rigid,1258935,1258943,1261697,8,2754,2762,completed,1
21517,Rigid,1259718,1260666,1296682,948,36016,36964,completed,864
21518,Rigid,1260907,1260907,1266728,0,5821,5821,completed,8
21519,Rigid,1261408,1261995,1288612,587,26617,27204,completed,144
21520,Rigid,1261565,1263088,1274239,1523,11151,12674,completed,144
21521,Rigid,1263486,1263510,1263513,24,3,27,completed,288
21522,Rigid,1264486,1264504,1277756,18,13252,13270,completed,144
21523,Rigid,1264589,1264594,1275989,5,11395,11400,completed,144
21524,Rigid,1264674,1264685,1337905,11,73220,73231,completed,288
21525,Rigid,1264696,1264715,1276071,19,11356,11375,completed,144
21526,Rigid,1264878,1264896,1276981,18,12085,12103,completed,144
21527,Rigid,1265559,1265589,1269942,30,4353,4383,completed,144
21528,Rigid,1266100,1268699,1319343,2599,50644,53243,completed,72
21529,Rigid,1266448,1266464,1268440,16,1976,1992,completed,576
21530,Rigid,1266470,1269092,1318364,2622,49272,51894,completed,72
21531,Rigid,1266515,1269092,1321629,2577,52537,55114,completed,72
21532,Rigid,1266739,1266769,1274069,30,7300,7330,completed,144
21533,Rigid,1266791,1266799,1462249,8,195450,195458,completed,36
21534,Rigid,1266820,1266829,1270984,9,4155,4164,completed,144
21535,Rigid,1266855,1269243,1270436,2388,1193,3581,completed,144
21536,Rigid,1266861,1266889,1267306,28,417,445,completed,36
21537,Rigid,1266903,1268669,1462263,1766,193594,195360,completed,36
21538,Rigid,1266962,1266980,1274063,18,7083,7101,completed,144
21539,Rigid,1267003,1299809,1315679,32806,15870,48676,completed,360
21540,Rigid,1267188,1268669,1357213,1481,88544,90025,completed,36
21541,Rigid,1267217,1267221,1267538,4,317,321,completed,72
21542,Rigid,1267229,1299809,1308229,32580,8420,41000,completed,360
21543,Rigid,1267230,1268669,1462259,1439,193590,195029,completed,36
21544,Rigid,1267246,1268669,1462255,1423,193586,195009,completed,36
21545,Rigid,1267550,1267553,1272990,3,5437,5440,completed,144
21546,Rigid,1267679,1267704,1268018,25,314,339,completed,72
21547,Rigid,1267743,1268669,1529872,926,261203,262129,completed,36
21548,Rigid,1267926,1267945,1268258,19,313,332,completed,72
21549,Rigid,1268249,1268277,1268938,28,661,689,completed,36
21550,Rigid,1268374,1268398,1268708,24,310,334,completed,72
21551,Rigid,1268668,1268669,1268852,1,183,184,completed,72
21552,Rigid,1268862,1268880,1269185,18,305,323,completed,72
21553,Rigid,1269189,1269212,1269441,23,229,252,completed,72
21554,Rigid,1269496,1269513,1269615,17,102,119,completed,72
21555,Rigid,1269528,1299809,1300348,30281,539,30820,completed,288
21556,Rigid,1269641,1269664,1269936,23,272,295,completed,36
21557,Rigid,1269708,1269724,1273068,16,3344,3360,completed,1
21558,Rigid,1269751,1269754,1273114,3,3360,3363,completed,1
21559,Rigid,1269774,1269784,1273143,10,3359,3369,completed,1
21560,Rigid,1269795,1269814,1273160,19,3346,3365,completed,1
21561,Rigid,1269952,1269964,1269973,12,9,21,completed,72
21562,Rigid,1270394,1270415,1270454,21,39,60,completed,36
21563,Rigid,1270443,1270445,1272963,2,2518,2520,completed,1
21564,Rigid,1270475,1270475,1273472,0,2997,2997,completed,1
21565,Rigid,1270522,1270536,1276258,14,5722,5736,completed,8
21566,Rigid,1270526,1270536,1272565,10,2029,2039,completed,1
21567,Rigid,1270566,1270596,1272874,30,2278,2308,completed,1
21568,Rigid,1270736,1270746,1270781,10,35,45,completed,36
21569,Rigid,1270821,1278191,1280019,7370,1828,9198,completed,2304
21570,Rigid,1270856,1270987,1296463,131,25476,25607,completed,144
21571,Rigid,1270875,1270896,1616517,21,345621,345642,completed,1
21572,Rigid,1270884,1270896,1616517,12,345621,345633,completed,1
21573,Rigid,1270919,1270926,1616547,7,345621,345628,completed,1
21574,Rigid,1270920,1270923,1270944,3,21,24,completed,36
21575,Rigid,1270930,1270957,1616577,27,345620,345647,completed,1
21576,Rigid,1270941,1270957,1616577,16,345620,345636,completed,1
21577,Rigid,1270980,1271047,1282298,67,11251,11318,completed,144
21578,Rigid,1270998,1271017,1616637,19,345620,345639,completed,1
21579,Rigid,1271007,1271017,1271392,10,375,385,completed,36
21580,Rigid,1271009,1271017,1616637,8,345620,345628,completed,1
21581,Rigid,1271043,1271047,1616668,4,345621,345625,completed,1
21582,Rigid,1271052,1271077,1616697,25,345620,345645,completed,1
21583,Rigid,1271057,1271077,1616697,20,345620,345640,completed,1
21584,Rigid,1271087,1271108,1271997,21,889,910,completed,36
21585,Rigid,1271102,1271108,1616727,6,345619,345625,completed,1
21586,Rigid,1271112,1271138,1616758,26,345620,345646,completed,1
21587,Rigid,1271125,1297983,1299802,26858,1819,28677,completed,4608
21588,Rigid,1271129,1299816,1302078,28687,2262,30949,completed,144
21589,Rigid,1271130,1271138,1616758,8,345620,345628,completed,1
21590,Rigid,1271143,1271168,1616788,25,345620,345645,completed,1
21591,Rigid,1271153,1271168,1616788,15,345620,345635,completed,1
21592,Rigid,1271163,1271168,1281338,5,10170,10175,completed,36
21593,Rigid,1271173,1271198,1616818,25,345620,345645,completed,1
21594,Rigid,1271184,1271198,1616818,14,345620,345634,completed,1
21595,Rigid,1271194,1271198,1616818,4,345620,345624,completed,1
21596,Rigid,1271219,1271228,1616848,9,345620,345629,completed,1
21597,Rigid,1271233,1271259,1616878,26,345619,345645,completed,1
21598,Rigid,1271255,1271259,1616878,4,345619,345623,completed,1
21599,Rigid,1271256,1271256,1272102,0,846,846,completed,36
21600,Rigid,1271259,1271259,1272107,0,848,848,completed,36
21601,Rigid,1271261,1271264,1272107,3,843,846,completed,36
21602,Rigid,1271262,1271264,1272128,2,864,866,completed,36
21603,Rigid,1271264,1271268,1272113,4,845,849,completed,36
21604,Rigid,1271265,1271268,1272126,3,858,861,completed,36
21605,Rigid,1271265,1271268,1272127,3,859,862,completed,36
21606,Rigid,1271265,1271289,1616908,24,345619,345643,completed,1
21607,Rigid,1271265,1271268,1272131,3,863,866,completed,36
21608,Rigid,1271266,1271268,1272112,2,844,846,completed,36
21609,Rigid,1271267,1271268,1272114,1,846,847,completed,36
21610,Rigid,1271267,1271268,1272116,1,848,849,completed,36
21611,Rigid,1271267,1271268,1272114,1,846,847,completed,36
21612,Rigid,1271268,1271272,1272133,4,861,865,completed,36
21613,Rigid,1271268,1271272,1272133,4,861,865,completed,36
21614,Rigid,1271269,1271272,1272119,3,847,850,completed,36
21615,Rigid,1271269,1271272,1272116,3,844,847,completed,36
21616,Rigid,1271270,1271272,1272120,2,848,850,completed,36
21617,Rigid,1271278,1271289,1616908,11,345619,345630,completed,1
21618,Rigid,1271288,1271289,1616908,1,345619,345620,completed,1
21619,Rigid,1271298,1271319,1616938,21,345619,345640,completed,1
21620,Rigid,1271403,1271410,1555947,7,284537,284544,completed,1
21621,Rigid,1271801,1271831,1271834,30,3,33,completed,36
21622,Rigid,1271804,1271831,1271834,27,3,30,completed,36
21623,Rigid,1271805,1271831,1271834,26,3,29,completed,36
21624,Rigid,1271901,1271921,1271947,20,26,46,completed,144
21625,Rigid,1271922,1271923,1271954,1,31,32,completed,36
21626,Rigid,1271934,1271951,1272278,17,327,344,completed,72
21627,Rigid,1271935,1271951,1271952,16,1,17,completed,1
21628,Rigid,1271962,1271981,1272005,19,24,43,completed,144
21629,Rigid,1271966,1271966,1272003,0,37,37,completed,36
21630,Rigid,1271976,1271981,1272042,5,61,66,completed,1
21631,Rigid,1271992,1272011,1272016,19,5,24,completed,36
21632,Rigid,1271992,1272011,1272016,19,5,24,completed,36
21633,Rigid,1271993,1272011,1272016,18,5,23,completed,36
21634,Rigid,1272021,1272041,1272066,20,25,45,completed,144
21635,Rigid,1272112,1272132,1272171,20,39,59,completed,36
21636,Rigid,1272178,1272192,1272234,14,42,56,completed,1
21637,Rigid,1272251,1272252,1272878,1,626,627,completed,144
21638,Rigid,1272307,1272312,1272938,5,626,631,completed,144
21639,Rigid,1272326,1272342,1272354,16,12,28,completed,36
21640,Rigid,1272326,1272342,1272354,16,12,28,completed,36
21641,Rigid,1272328,1272342,1272354,14,12,26,completed,36
21642,Rigid,1272346,1272372,1272395,26,23,49,completed,144
21643,Rigid,1272346,1292017,1292424,19671,407,20078,completed,72
21644,Rigid,1272367,1272372,1272504,5,132,137,completed,1
21645,Rigid,1272403,1272432,1272443,29,11,40,completed,36
21646,Rigid,1272404,1272432,1272443,28,11,39,completed,36
21647,Rigid,1272405,1272432,1272446,27,14,41,completed,36
21648,Rigid,1272474,1272493,1272504,19,11,30,completed,36
21649,Rigid,1272582,1272583,1272897,1,314,315,completed,1
21650,Rigid,1272723,1272733,1273029,10,296,306,completed,72
21651,Rigid,1272726,1272733,1311364,7,38631,38638,completed,1
21652,Rigid,1272856,1272974,1284179,118,11205,11323,completed,144
21653,Rigid,1272984,1272985,1273019,1,34,35,completed,36
21654,Rigid,1273053,1273064,1273388,11,324,335,completed,72
21655,Rigid,1273079,1273094,1274318,15,1224,1239,completed,144
21656,Rigid,1273114,1273124,1273204,10,80,90,completed,1
21657,Rigid,1273140,1273154,1274378,14,1224,1238,completed,144
21658,Rigid,1273319,1273335,1273371,16,36,52,completed,36
21659,Rigid,1273693,1273696,1273705,3,9,12,completed,72
21660,Rigid,1273720,1273726,1309886,6,36160,36166,completed,1
21661,Rigid,1273932,1273941,1273948,9,7,16,completed,36
21662,Rigid,1274104,1274105,1274139,1,34,35,completed,36
21663,Rigid,1274179,1274181,1274498,2,317,319,completed,72
21664,Rigid,1274221,1274241,1274276,20,35,55,completed,1
21665,Rigid,1274237,1274238,1274263,1,25,26,completed,36
21666,Rigid,1274320,1274332,1274342,12,10,22,completed,1
21667,Rigid,1274410,1274422,1276839,12,2417,2429,completed,144
21668,Rigid,1274430,1274452,1274557,22,105,127,completed,1
21669,Rigid,1274459,1274482,1276899,23,2417,2440,completed,144
21670,Rigid,1274525,1274542,1274564,17,22,39,completed,26
21671,Rigid,1274576,1274603,1274638,27,35,62,completed,36
21672,Rigid,1274604,1274663,1360201,59,85538,85597,completed,72
21673,Rigid,1274609,1274633,1274773,24,140,164,completed,1
21674,Rigid,1274620,1276440,1276443,1820,3,1823,completed,144
21675,Rigid,1274634,1291987,1304292,17353,12305,29658,completed,144
21676,Rigid,1274659,1276440,1276443,1781,3,1784,completed,144
21677,Rigid,1274671,1274672,1274719,1,47,48,completed,36
21678,Rigid,1274679,1296175,1307853,21496,11678,33174,completed,144
21679,Rigid,1274696,1274720,1274762,24,42,66,completed,36
21680,Rigid,1274717,1276924,1276927,2207,3,2210,completed,144
21681,Rigid,1274718,1274723,1274734,5,11,16,completed,72
21682,Rigid,1274729,1296718,1309173,21989,12455,34444,completed,144
21683,Rigid,1274732,1274763,1274797,31,34,65,completed,36
21684,Rigid,1274747,1276924,1368344,2177,91420,93597,completed,36
21685,Rigid,1274771,1274798,1274831,27,33,60,completed,36
21686,Rigid,1274801,1274832,1274857,31,25,56,completed,36
21687,Rigid,1274823,1274824,1275031,1,207,208,completed,72
21688,Rigid,1274881,1274904,1275172,23,268,291,completed,1
21689,Rigid,1274955,1274955,1274988,0,33,33,completed,36
21690,Rigid,1274976,1274977,1275001,1,24,25,completed,36
21691,Rigid,1275053,1275054,1275086,1,32,33,completed,36
21692,Rigid,1275162,1275175,1313978,13,38803,38816,completed,1
21693,Rigid,1275188,2188416,2319924,913228,131508,1044736,completed,1152
21694,Rigid,1275222,1275222,1275254,0,32,32,completed,36
21695,Rigid,1275262,1275262,1275263,0,1,1,completed,18
21696,Rigid,1275304,1275304,1275338,0,34,34,completed,36
21697,Rigid,1275319,1275325,1275565,6,240,246,completed,1
21698,Rigid,1275356,1275357,1275392,1,35,36,completed,72
21699,Rigid,1275404,1275405,1275434,1,29,30,completed,72
21700,Rigid,1275409,1275409,1275436,0,27,27,completed,72
21701,Rigid,1275430,1299809,1311146,24379,11337,35716,completed,144
21702,Rigid,1275435,1275436,1275458,1,22,23,completed,72
21703,Rigid,1275471,1275472,1275494,1,22,23,completed,72
21704,Rigid,1275498,1275498,1275517,0,19,19,completed,72
21705,Rigid,1275519,1275520,1275549,1,29,30,completed,72
21706,Rigid,1275525,1275526,1275545,1,19,20,completed,72
21707,Rigid,1275561,1275562,1276776,1,1214,1215,completed,72
21708,Rigid,1275596,1275596,1275625,0,29,29,completed,288
21709,Rigid,1275609,1275610,1275658,1,48,49,completed,36
21710,Rigid,1275639,1275657,1275676,18,19,37,completed,288
21711,Rigid,1275683,1275687,1276299,4,612,616,completed,288
21712,Rigid,1275725,1275747,1275766,22,19,41,completed,288
21713,Rigid,1275741,1275742,1276073,1,331,332,completed,36
21714,Rigid,1275756,1275777,1276989,21,1212,1233,completed,36
21715,Rigid,1275771,1275777,1275794,6,17,23,completed,288
21716,Rigid,1275802,1275807,1275826,5,19,24,completed,288
21717,Rigid,1275837,1275837,1275842,0,5,5,completed,36
21718,Rigid,1275939,1276018,1276747,79,729,808,completed,144
21719,Rigid,1275965,1275988,1504085,23,228097,228120,completed,1
21720,Rigid,1275989,1299809,1311909,23820,12100,35920,completed,144
21721,Rigid,1276071,1299809,1312412,23738,12603,36341,completed,144
21722,Rigid,1276132,1276133,1276139,1,6,7,completed,18
21723,Rigid,1276216,1276924,1277050,708,126,834,completed,72
21724,Rigid,1276292,1276319,1276324,27,5,32,completed,36
21725,Rigid,1276350,1276380,1315607,30,39227,39257,completed,1
21726,Rigid,1276386,1276410,1276444,24,34,58,completed,36
21727,Rigid,1276406,1276406,1276414,0,8,8,completed,1
21728,Rigid,1276444,1276470,1276481,26,11,37,completed,72
21729,Rigid,1276449,1276450,1276457,1,7,8,completed,1
21730,Rigid,1276449,1276450,1276451,1,1,2,completed,1
21731,Rigid,1276449,1276450,1276556,1,106,107,completed,2
21732,Rigid,1276450,1276450,1276462,0,12,12,completed,2
21733,Rigid,1276450,1276450,1276868,0,418,418,completed,2
21734,Rigid,1276450,1276450,1276453,0,3,3,completed,1
21735,Rigid,1276450,1276452,1276462,2,10,12,completed,2
21736,Rigid,1276450,1276452,1276453,2,1,3,completed,1
21737,Rigid,1276450,1276452,1276462,2,10,12,completed,2
21738,Rigid,1276451,1276452,1276456,1,4,5,completed,1
21739,Rigid,1276453,1276454,1276573,1,119,120,completed,2
21740,Rigid,1276453,1276454,1276455,1,1,2,completed,1
21741,Rigid,1276453,1276454,1276457,1,3,4,completed,1
21742,Rigid,1276453,1276454,1276690,1,236,237,completed,2
21743,Rigid,1276453,1276454,1276455,1,1,2,completed,1
21744,Rigid,1276453,1276454,1276462,1,8,9,completed,2
21745,Rigid,1276454,1276454,1276462,0,8,8,completed,2
21746,Rigid,1276454,1276456,1276464,2,8,10,completed,2
21747,Rigid,1276454,1276456,1276568,2,112,114,completed,2
21748,Rigid,1276455,1276456,1276459,1,3,4,completed,1
21749,Rigid,1276455,1276456,1276463,1,7,8,completed,1
21750,Rigid,1276455,1276456,1276459,1,3,4,completed,1
21751,Rigid,1276455,1276456,1276459,1,3,4,completed,1
21752,Rigid,1276457,1276457,1276556,0,99,99,completed,2
21753,Rigid,1276464,1276464,1276570,0,106,106,completed,2
21754,Rigid,1276464,1276464,1276903,0,439,439,completed,2
21755,Rigid,1276464,1276464,1276471,0,7,7,completed,2
21756,Rigid,1276464,1276464,1276470,0,6,6,completed,2
21757,Rigid,1276466,1276469,1276475,3,6,9,completed,2
21758,Rigid,1276466,1276469,1276470,3,1,4,completed,1
21759,Rigid,1276469,1276469,1276475,0,6,6,completed,2
21760,Rigid,1276469,1276470,1276477,1,7,8,completed,2
21761,Rigid,1276469,1276470,1276475,1,5,6,completed,2
21762,Rigid,1276469,1276470,1276471,1,1,2,completed,1
21763,Rigid,1276469,1276470,1276471,1,1,2,completed,1
21764,Rigid,1276469,1276470,1276471,1,1,2,completed,1
21765,Rigid,1276469,1276470,1276471,1,1,2,completed,1
21766,Rigid,1276470,1276470,1276471,0,1,1,completed,1
21767,Rigid,1276470,1276472,1276478,2,6,8,completed,2
21768,Rigid,1276470,1276472,1276473,2,1,3,completed,1
21769,Rigid,1276470,1276472,1276478,2,6,8,completed,2
21770,Rigid,1276470,1276472,1276473,2,1,3,completed,1
21771,Rigid,1276470,1276472,1276473,2,1,3,completed,1
21772,Rigid,1276470,1276472,1276473,2,1,3,completed,1
21773,Rigid,1276471,1276472,1276473,1,1,2,completed,1
21774,Rigid,1276471,1276472,1276479,1,7,8,completed,2
21775,Rigid,1276471,1276472,1276473,1,1,2,completed,1
21776,Rigid,1276471,1276472,1276478,1,6,7,completed,2
21777,Rigid,1276498,1276500,1276505,2,5,7,completed,36
21778,Rigid,1276575,1276590,1315783,15,39193,39208,completed,1
21779,Rigid,1276622,1276623,1276893,1,270,271,completed,1
21780,Rigid,1276638,1276651,1277073,13,422,435,completed,36
21781,Rigid,1276649,1276651,1277859,2,1208,1210,completed,288
21782,Rigid,1276761,1276771,1276809,10,38,48,completed,36
21783,Rigid,1276883,1276893,1276926,10,33,43,completed,36
21784,Rigid,1276897,1276924,1276928,27,4,31,completed,36
21785,Rigid,1276902,1276954,1276990,52,36,88,completed,36
21786,Rigid,1276907,1276924,1277229,17,305,322,completed,72
21787,Rigid,1276914,1277014,1277054,100,40,140,completed,36
21788,Rigid,1276932,1277376,1277427,444,51,495,completed,36
21789,Rigid,1276934,1276954,1278159,20,1205,1225,completed,576
21790,Rigid,1276945,1278251,1278315,1306,64,1370,completed,36
21791,Rigid,1276950,1276950,1277154,0,204,204,completed,72
21792,Rigid,1276956,1278342,1278428,1386,86,1472,completed,36
21793,Rigid,1276967,1280277,1280392,3310,115,3425,completed,72
21794,Rigid,1276978,1280397,1280554,3419,157,3576,completed,72
21795,Rigid,1276979,1277155,1277361,176,206,382,completed,72
21796,Rigid,1276981,1299809,1312019,22828,12210,35038,completed,144
21797,Rigid,1276983,1276984,1277003,1,19,20,completed,576
21798,Rigid,1276989,1280578,1280798,3589,220,3809,completed,72
21799,Rigid,1276990,1276990,1277115,0,125,125,completed,36
21800,Rigid,1276992,1277014,1316639,22,39625,39647,completed,1
21801,Rigid,1276999,1280819,1281130,3820,311,4131,completed,72
21802,Rigid,1277010,1281150,1281583,4140,433,4573,completed,72
21803,Rigid,1277015,1277045,1277074,30,29,59,completed,576
21804,Rigid,1277022,1281601,1282206,4579,605,5184,completed,72
21805,Rigid,1277033,1282233,1283064,5200,831,6031,completed,72
21806,Rigid,1277049,1277346,1277366,297,20,317,completed,576
21807,Rigid,1277086,1277346,1277383,260,37,297,completed,576
21808,Rigid,1277119,1277376,1277409,257,33,290,completed,576
21809,Rigid,1277187,1277376,1277415,189,39,228,completed,36
21810,Rigid,1277293,1277316,1277385,23,69,92,completed,72
21811,Rigid,1277480,1277497,1277653,17,156,173,completed,72
21812,Rigid,1277488,1277768,1287863,280,10095,10375,completed,36
21813,Rigid,1277518,1277768,1278599,250,831,1081,completed,72
21814,Rigid,1277549,1277768,1278222,219,454,673,completed,36
21815,Rigid,1277718,1278432,1282304,714,3872,4586,completed,36
21816,Rigid,1277718,1277738,1556945,20,279207,279227,completed,1
21817,Rigid,1277756,1299809,1320905,22053,21096,43149,completed,144
21818,Rigid,1277778,1279096,1298193,1318,19097,20415,completed,36
21819,Rigid,1277790,1287882,1300522,10092,12640,22732,completed,36
21820,Rigid,1277800,1288275,1301272,10475,12997,23472,completed,36
21821,Rigid,1277801,1277801,1277810,0,9,9,completed,4
21822,Rigid,1277810,1288641,1301566,10831,12925,23756,completed,36
21823,Rigid,1277818,1280064,1280086,2246,22,2268,completed,1152
21824,Rigid,1277848,1277848,1277857,0,9,9,completed,4
21825,Rigid,1277871,1280095,1280123,2224,28,2252,completed,1152
21826,Rigid,1277877,1277877,1277887,0,10,10,completed,4
21827,Rigid,1277896,1284980,1288270,7084,3290,10374,completed,144
21828,Rigid,1277898,1280155,1280176,2257,21,2278,completed,1152
21829,Rigid,1277936,1280186,1280209,2250,23,2273,completed,1152
21830,Rigid,1277968,1280216,1280247,2248,31,2279,completed,1152
21831,Rigid,1277971,1278613,1278769,642,156,798,completed,72
21832,Rigid,1277976,1288641,1550988,10665,262347,273012,completed,36
21833,Rigid,1278005,1280277,1280311,2272,34,2306,completed,1152
21834,Rigid,1278022,1288641,1541731,10619,253090,263709,completed,36
21835,Rigid,1278062,1288671,1547314,10609,258643,269252,completed,36
21836,Rigid,1278099,1288671,1546942,10572,258271,268843,completed,36
21837,Rigid,1278109,1278130,1317639,21,39509,39530,completed,1
21838,Rigid,1278618,1288275,1288420,9657,145,9802,completed,72
21839,Rigid,1278620,1278643,1320825,23,42182,42205,completed,1
21840,Rigid,1278686,1278885,1278918,199,33,232,completed,36
21841,Rigid,1278688,1278794,1278797,106,3,109,completed,36
21842,Rigid,1278694,1278824,1278827,130,3,133,completed,36
21843,Rigid,1278695,1278854,1278858,159,4,163,completed,36
21844,Rigid,1278760,1278770,1284898,10,6128,6138,completed,36
21845,Rigid,1278807,1280034,1280349,1227,315,1542,completed,72
21846,Rigid,1278925,1278945,1278951,20,6,26,completed,36
21847,Rigid,1278926,1278975,1278982,49,7,56,completed,36
21848,Rigid,1278927,1279005,1279012,78,7,85,completed,36
21849,Rigid,1278985,1279035,1279071,50,36,86,completed,36
21850,Rigid,1279053,1279053,1279061,0,8,8,completed,36
21851,Rigid,1279128,1299816,1352370,20688,52554,73242,completed,360
21852,Rigid,1279129,1280034,1280056,905,22,927,completed,36
21853,Rigid,1279130,1280034,1280056,904,22,926,completed,36
21854,Rigid,1279131,1280034,1280056,903,22,925,completed,36
21855,Rigid,1279138,1279156,1316238,18,37082,37100,completed,1
21856,Rigid,1279180,1279181,1279189,1,8,9,completed,36
21857,Rigid,1279212,1279212,1279222,0,10,10,completed,4
21858,Rigid,1279236,1279236,1279246,0,10,10,completed,4
21859,Rigid,1279413,1280277,1280315,864,38,902,completed,36
21860,Rigid,1279712,1280034,1281249,322,1215,1537,completed,36
21861,Rigid,1279891,1280277,1281664,386,1387,1773,completed,36
21862,Rigid,1279931,1279931,1280070,0,139,139,completed,2
21863,Rigid,1279931,1279931,1280082,0,151,151,completed,2
21864,Rigid,1279940,1279943,1315810,3,35867,35870,completed,1
21865,Rigid,1280107,1280277,1285590,170,5313,5483,completed,144
21866,Rigid,1280316,1280337,1280361,21,24,45,completed,36
21867,Rigid,1280361,1280367,1280450,6,83,89,completed,36
21868,Rigid,1280387,1280397,1280416,10,19,29,completed,36
21869,Rigid,1280388,1280397,1280416,9,19,28,completed,36
21870,Rigid,1280388,1280397,1280416,9,19,28,completed,36
21871,Rigid,1280694,1280694,1280827,0,133,133,completed,36
21872,Rigid,1280968,1280969,1281087,1,118,119,completed,36
21873,Rigid,1281035,1304393,1389652,23358,85259,108617,completed,36
21874,Rigid,1281035,1306917,1309970,25882,3053,28935,completed,36
21875,Rigid,1281035,1306917,1313349,25882,6432,32314,completed,36
21876,Rigid,1281064,1288641,1288667,7577,26,7603,completed,144
21877,Rigid,1282298,1299817,1320131,17519,20314,37833,completed,144
21878,Rigid,1282461,1282474,1283079,13,605,618,completed,72
21879,Rigid,1282624,1282625,1283216,1,591,592,completed,36
21880,Rigid,1282645,1299826,1397044,17181,97218,114399,completed,72
21881,Rigid,1282645,1299826,1384664,17181,84838,102019,completed,72
21882,Rigid,1282645,1299826,1349577,17181,49751,66932,completed,72
21883,Rigid,1282980,1282986,1291498,6,8512,8518,completed,1
21884,Rigid,1282980,1282986,1290335,6,7349,7355,completed,1
21885,Rigid,1282980,1282986,1290419,6,7433,7439,completed,1
21886,Rigid,1282980,1282986,1290209,6,7223,7229,completed,1
21887,Rigid,1282980,1282986,1290306,6,7320,7326,completed,1
21888,Rigid,1282980,1282986,1290425,6,7439,7445,completed,1
21889,Rigid,1282981,1282986,1290587,5,7601,7606,completed,1
21890,Rigid,1282981,1282986,1290260,5,7274,7279,completed,1
21891,Rigid,1282981,1282986,1290413,5,7427,7432,completed,1
21892,Rigid,1282981,1282986,1290302,5,7316,7321,completed,1
21893,Rigid,1282981,1282986,1290311,5,7325,7330,completed,1
21894,Rigid,1282981,1282986,1290385,5,7399,7404,completed,1
21895,Rigid,1282981,1282986,1290548,5,7562,7567,completed,1
21896,Rigid,1282981,1282986,1290487,5,7501,7506,completed,1
21897,Rigid,1282981,1282986,1290243,5,7257,7262,completed,1
21898,Rigid,1282981,1282986,1290294,5,7308,7313,completed,1
21899,Rigid,1282981,1282986,1290383,5,7397,7402,completed,1
21900,Rigid,1282981,1282986,1290373,5,7387,7392,completed,1
21901,Rigid,1282981,1282986,1290396,5,7410,7415,completed,1
21902,Rigid,1282981,1282986,1290520,5,7534,7539,completed,1
21903,Rigid,1282981,1282986,1290345,5,7359,7364,completed,1
21904,Rigid,1282981,1282986,1290442,5,7456,7461,completed,1
21905,Rigid,1282981,1282986,1290255,5,7269,7274,completed,1
21906,Rigid,1282981,1282986,1290410,5,7424,7429,completed,1
21907,Rigid,1282981,1282986,1290466,5,7480,7485,completed,1
21908,Rigid,1282981,1282986,1290237,5,7251,7256,completed,1
21909,Rigid,1282981,1282986,1290363,5,7377,7382,completed,1
21910,Rigid,1282981,1282986,1290574,5,7588,7593,completed,1
21911,Rigid,1282981,1282986,1290273,5,7287,7292,completed,1
21912,Rigid,1282981,1282986,1290492,5,7506,7511,completed,1
21913,Rigid,1282981,1282986,1290527,5,7541,7546,completed,1
21914,Rigid,1282981,1282986,1290470,5,7484,7489,completed,1
21915,Rigid,1282981,1282986,1290237,5,7251,7256,completed,1
21916,Rigid,1282981,1282986,1290237,5,7251,7256,completed,1
21917,Rigid,1282981,1282986,1290101,5,7115,7120,completed,1
21918,Rigid,1282981,1282986,1290153,5,7167,7172,completed,1
21919,Rigid,1282981,1282986,1290184,5,7198,7203,completed,1
21920,Rigid,1282981,1282986,1290114,5,7128,7133,completed,1
21921,Rigid,1282981,1282986,1290368,5,7382,7387,completed,1
21922,Rigid,1282981,1282986,1290319,5,7333,7338,completed,1
21923,Rigid,1282981,1282986,1290108,5,7122,7127,completed,1
21924,Rigid,1282981,1282986,1290156,5,7170,7175,completed,1
21925,Rigid,1282981,1282986,1290264,5,7278,7283,completed,1
21926,Rigid,1282981,1282986,1290394,5,7408,7413,completed,1
21927,Rigid,1282981,1282986,1290019,5,7033,7038,completed,1
21928,Rigid,1282981,1282986,1290148,5,7162,7167,completed,1
21929,Rigid,1282981,1282986,1290090,5,7104,7109,completed,1
21930,Rigid,1282981,1282986,1290293,5,7307,7312,completed,1
21931,Rigid,1282981,1282986,1290507,5,7521,7526,completed,1
21932,Rigid,1282981,1282986,1290127,5,7141,7146,completed,1
21933,Rigid,1282981,1282986,1290267,5,7281,7286,completed,1
21934,Rigid,1282981,1282986,1289960,5,6974,6979,completed,1
21935,Rigid,1282981,1282986,1290508,5,7522,7527,completed,1
21936,Rigid,1282981,1282986,1283125,5,139,144,completed,1
21937,Rigid,1282981,1282986,1283125,5,139,144,completed,1
21938,Rigid,1282981,1282986,1283125,5,139,144,completed,1
21939,Rigid,1282982,1282986,1283125,4,139,143,completed,1
21940,Rigid,1282982,1282986,1283125,4,139,143,completed,1
21941,Rigid,1282982,1282986,1283125,4,139,143,completed,1
21942,Rigid,1282982,1282986,1283125,4,139,143,completed,1
21943,Rigid,1282982,1282986,1283125,4,139,143,completed,1
21944,Rigid,1282982,1282986,1290387,4,7401,7405,completed,1
21945,Rigid,1282982,1282986,1283125,4,139,143,completed,1
21946,Rigid,1282982,1282986,1283125,4,139,143,completed,1
21947,Rigid,1282982,1282986,1283125,4,139,143,completed,1
21948,Rigid,1282982,1282986,1290074,4,7088,7092,completed,1
21949,Rigid,1283241,1283257,1283266,16,9,25,completed,72
21950,Rigid,1283368,1283378,1283766,10,388,398,completed,36
21951,Rigid,1283384,1283408,1283417,24,9,33,completed,72
21952,Rigid,1283700,1283709,1283718,9,9,18,completed,72
21953,Rigid,1283890,1283890,1284999,0,1109,1109,completed,36
21954,Rigid,1283995,1284011,1284020,16,9,25,completed,72
21955,Rigid,1284179,1299817,1311332,15638,11515,27153,completed,144
21956,Rigid,1284665,1284919,1284974,254,55,309,completed,36
21957,Rigid,1284790,1299826,1439502,15036,139676,154712,completed,72
21958,Rigid,1284790,1299826,1412010,15036,112184,127220,completed,72
21959,Rigid,1284790,1299827,1441537,15037,141710,156747,completed,72
21960,Rigid,1284938,1284950,1285057,12,107,119,completed,72
21961,Rigid,1285254,1288702,1289078,3448,376,3824,completed,36
21962,Rigid,1285343,1285344,1285569,1,225,226,completed,1
21963,Rigid,1285490,1285490,1285694,0,204,204,completed,72
21964,Rigid,1285508,1285695,1285898,187,203,390,completed,72
21965,Rigid,1285761,1285899,1286103,138,204,342,completed,72
21966,Rigid,1286055,1286104,1286308,49,204,253,completed,72
21967,Rigid,1286116,1286127,1286137,11,10,21,completed,72
21968,Rigid,1286257,1287580,1460401,1323,172821,174144,completed,72
21969,Rigid,1286511,1299817,1312019,13306,12202,25508,completed,144
21970,Rigid,1286552,1286552,1286561,0,9,9,completed,72
21971,Rigid,1286870,1286884,1286893,14,9,23,completed,72
21972,Rigid,1287157,1287186,1287195,29,9,38,completed,72
21973,Rigid,1287196,1287217,1287248,21,31,52,completed,72
21974,Rigid,1287235,1287236,1287443,1,207,208,completed,72
21975,Rigid,1287240,1287247,1322777,7,35530,35537,completed,1
21976,Rigid,1287245,1287277,1287311,32,34,66,completed,72
21977,Rigid,1287264,1287277,1541749,13,254472,254485,completed,1
21978,Rigid,1287264,1287338,1287373,74,35,109,completed,72
21979,Rigid,1287266,1287277,1287286,11,9,20,completed,72
21980,Rigid,1287274,1287398,1287440,124,42,166,completed,72
21981,Rigid,1287289,1287459,1287508,170,49,219,completed,72
21982,Rigid,1287299,1287519,1287585,220,66,286,completed,72
21983,Rigid,1287311,1287610,1287696,299,86,385,completed,72
21984,Rigid,1287325,1287701,1287823,376,122,498,completed,72
21985,Rigid,1287377,1287852,1288019,475,167,642,completed,72
21986,Rigid,1287388,1288033,1288263,645,230,875,completed,72
21987,Rigid,1287399,1288275,1288595,876,320,1196,completed,72
21988,Rigid,1287409,1288611,1289052,1202,441,1643,completed,72
21989,Rigid,1287421,1289063,1289676,1642,613,2255,completed,72
21990,Rigid,1287430,1289696,1290535,2266,839,3105,completed,72
21991,Rigid,1287443,1290541,1291676,3098,1135,4233,completed,72
21992,Rigid,1287492,1287519,1287529,27,10,37,completed,72
21993,Rigid,1287621,1287640,1328329,19,40689,40708,completed,1
21994,Rigid,1287628,1287640,1287665,12,25,37,completed,72
21995,Rigid,1287641,1306947,1364952,19306,58005,77311,completed,36
21996,Rigid,1287641,1307278,1372648,19637,65370,85007,completed,36
21997,Rigid,1287641,1309203,1366580,21562,57377,78939,completed,36
21998,Rigid,1287711,1287731,1287776,20,45,65,completed,72
21999,Rigid,1287808,1287822,1288029,14,207,221,completed,72
22000,Rigid,1287827,1287828,1289053,1,1225,1226,completed,72
22001,Rigid,1288003,1288275,1288333,272,58,330,completed,36
22002,Rigid,1288142,1299826,1313040,11684,13214,24898,completed,576
22003,Rigid,1288259,1288275,1324135,16,35860,35876,completed,1
22004,Rigid,1288519,1288520,1288536,1,16,17,completed,72
22005,Rigid,1288651,1288671,1320754,20,32083,32103,completed,1
22006,Rigid,1288722,1288722,1288729,0,7,7,completed,36
22007,Rigid,1289109,1289123,1318408,14,29285,29299,completed,36
22008,Rigid,1289261,1289274,1289287,13,13,26,completed,72
22009,Rigid,1289373,1289395,1289411,22,16,38,completed,72
22010,Rigid,1289444,1289455,1513396,11,223941,223952,completed,1
22011,Rigid,1289633,1289636,1529076,3,239440,239443,completed,1
22012,Rigid,1289758,1299817,1299823,10059,6,10065,completed,1296
22013,Rigid,1289814,1289817,1289834,3,17,20,completed,72
22014,Rigid,1290060,1290088,1513128,28,223040,223068,completed,1
22015,Rigid,1290370,1290390,1532852,20,242462,242482,completed,1
22016,Rigid,1290517,1290541,1290633,24,92,116,completed,72
22017,Rigid,1290701,1290722,1530537,21,239815,239836,completed,1
22018,Rigid,1290805,1291174,1291240,369,66,435,completed,36
22019,Rigid,1290938,1290963,1538430,25,247467,247492,completed,1
22020,Rigid,1291074,1291074,1291093,0,19,19,completed,36
22021,Rigid,1291173,1291174,1291187,1,13,14,completed,72
22022,Rigid,1291193,1291204,1291215,11,11,22,completed,36
22023,Rigid,1291252,1291253,1291261,1,8,9,completed,36
22024,Rigid,1291313,1291314,1301494,1,10180,10181,completed,12
22025,Rigid,1291434,1311005,1428573,19571,117568,137139,completed,72
22026,Rigid,1291434,1320926,1417521,29492,96595,126087,completed,72
22027,Rigid,1291434,1321648,1421079,30214,99431,129645,completed,72
22028,Rigid,1291468,1291475,1309492,7,18017,18024,completed,36
22029,Rigid,1291594,1291594,1291650,0,56,56,completed,36
22030,Rigid,1291626,1291656,1291962,30,306,336,completed,144
22031,Rigid,1291827,1291837,1291849,10,12,22,completed,72
22032,Rigid,1291832,1291837,1545039,5,253202,253207,completed,1
22033,Rigid,1291850,1291987,1292003,137,16,153,completed,72
22034,Rigid,1291944,1299808,1643682,7864,343874,351738,completed,288
22035,Rigid,1292184,1292379,1293309,195,930,1125,completed,36
22036,Rigid,1292252,1292439,1296942,187,4503,4690,completed,72
22037,Rigid,1292276,1292289,1325282,13,32993,33006,completed,1
22038,Rigid,1292336,1292349,1292362,13,13,26,completed,72
22039,Rigid,1292999,1293011,1293018,12,7,19,completed,72
22040,Rigid,1293054,1293071,1293277,17,206,223,completed,72
22041,Rigid,1293365,1293372,1293389,7,17,24,completed,72
22042,Rigid,1293539,1293764,1293781,225,17,242,completed,72
22043,Rigid,1293541,1293553,1293758,12,205,217,completed,72
22044,Rigid,1293869,1293884,1297369,15,3485,3500,completed,1
22045,Rigid,1293922,1293944,1297439,22,3495,3517,completed,1
22046,Rigid,1293945,1293974,1297442,29,3468,3497,completed,1
22047,Rigid,1293987,1294004,1297476,17,3472,3489,completed,1
22048,Rigid,1294077,1294095,1294110,18,15,33,completed,72
22049,Rigid,1294570,1294576,1294690,6,114,120,completed,72
22050,Rigid,1294693,1294727,1294932,34,205,239,completed,72
22051,Rigid,1295063,1295091,1295297,28,206,234,completed,72
22052,Rigid,1295351,1295362,1297490,11,2128,2139,completed,1
22053,Rigid,1295392,1295392,1298514,0,3122,3122,completed,1
22054,Rigid,1295434,1295453,1297594,19,2141,2160,completed,1
22055,Rigid,1295473,1295483,1297107,10,1624,1634,completed,1
22056,Rigid,1295816,1299817,1307342,4001,7525,11526,completed,144
22057,Rigid,1295917,1295934,1296127,17,193,210,completed,72
22058,Rigid,1295945,1295945,1295963,0,18,18,completed,36
22059,Rigid,1296050,1296050,1296059,0,9,9,completed,36
22060,Rigid,1296138,1296145,1296350,7,205,212,completed,72
22061,Rigid,1296162,1296163,1296199,1,36,37,completed,36
22062,Rigid,1296284,1299824,1307032,3540,7208,10748,completed,144
22063,Rigid,1296535,1296537,1296623,2,86,88,completed,72
22064,Rigid,1296630,1296658,1296690,28,32,60,completed,72
22065,Rigid,1296992,1296992,1297210,0,218,218,completed,72
22066,Rigid,1297369,1297370,1333392,1,36022,36023,completed,36
22067,Rigid,1297460,1297461,1297471,1,10,11,completed,72
22068,Rigid,1297732,1297733,1297743,1,10,11,completed,72
22069,Rigid,1297814,1297814,1298361,0,547,547,completed,36
22070,Rigid,1297997,1297998,1297999,1,1,2,completed,36
22071,Rigid,1298140,1298195,1298205,55,10,65,completed,72
22072,Rigid,1298475,1298475,1298487,0,12,12,completed,72
22073,Rigid,1298548,1298548,1298821,0,273,273,completed,36
22074,Rigid,1298571,1298572,1298582,1,10,11,completed,72
22075,Rigid,1298843,1298844,1298846,1,2,3,completed,36
22076,Rigid,1298884,1298885,1298887,1,2,3,completed,36
22077,Rigid,1298933,1298933,1299116,0,183,183,completed,36
22078,Rigid,1298987,1298987,1299057,0,70,70,completed,36
22079,Rigid,1299058,1299059,1299741,1,682,683,completed,36
22080,Rigid,1299312,1299314,1299520,2,206,208,completed,72
22081,Rigid,1299490,1299494,1299524,4,30,34,completed,1
22082,Rigid,1299529,1299529,1324738,0,25209,25209,completed,36
22083,Rigid,1299538,1299745,1299951,207,206,413,completed,72
22084,Rigid,1299764,1299808,1366884,44,67076,67120,completed,36
22085,Rigid,1299816,1299816,1323767,0,23951,23951,completed,36
22086,Rigid,1300221,1300221,1300424,0,203,203,completed,72
22087,Rigid,1300247,1300247,1300276,0,29,29,completed,1
22088,Rigid,1300797,1300797,1300826,0,29,29,completed,36
22089,Rigid,1301019,1301020,1301044,1,24,25,completed,36
22090,Rigid,1301072,1301072,1301117,0,45,45,completed,36
22091,Rigid,1301311,1301312,1301517,1,205,206,completed,72
22092,Rigid,1301500,1301501,1337416,1,35915,35916,completed,36
22093,Rigid,1301505,1301505,1301552,0,47,47,completed,1
22094,Rigid,1301505,1301509,1301514,4,5,9,completed,1
22095,Rigid,1301506,1301509,1301536,3,27,30,completed,1
22096,Rigid,1301506,1301509,1301631,3,122,125,completed,1
22097,Rigid,1301506,1301509,1301521,3,12,15,completed,1
22098,Rigid,1301506,1301509,1301561,3,52,55,completed,1
22099,Rigid,1301507,1301509,1301560,2,51,53,completed,1
22100,Rigid,1301507,1301509,1301535,2,26,28,completed,1
22101,Rigid,1301507,1301509,1301525,2,16,18,completed,1
22102,Rigid,1301507,1301509,1301555,2,46,48,completed,1
22103,Rigid,1301507,1301509,1301553,2,44,46,completed,1
22104,Rigid,1301507,1301509,1301526,2,17,19,completed,1
22105,Rigid,1301507,1301509,1301629,2,120,122,completed,1
22106,Rigid,1301507,1301509,1301525,2,16,18,completed,1
22107,Rigid,1301508,1301509,1301532,1,23,24,completed,1
22108,Rigid,1301508,1301509,1301632,1,123,124,completed,1
22109,Rigid,1301508,1301509,1301523,1,14,15,completed,1
22110,Rigid,1301508,1301509,1301597,1,88,89,completed,1
22111,Rigid,1301508,1301509,1301540,1,31,32,completed,1
22112,Rigid,1301509,1301509,1301539,0,30,30,completed,1
22113,Rigid,1301509,1301509,1301517,0,8,8,completed,1
22114,Rigid,1301509,1301509,1301535,0,26,26,completed,1
22115,Rigid,1301509,1301509,1301599,0,90,90,completed,1
22116,Rigid,1301509,1301509,1301527,0,18,18,completed,1
22117,Rigid,1301509,1301513,1301599,4,86,90,completed,1
22118,Rigid,1301509,1301513,1301529,4,16,20,completed,1
22119,Rigid,1301509,1301513,1301545,4,32,36,completed,1
22120,Rigid,1301509,1301513,1301606,4,93,97,completed,1
22121,Rigid,1301509,1301513,1301521,4,8,12,completed,1
22122,Rigid,1301509,1301513,1301587,4,74,78,completed,1
22123,Rigid,1301509,1301513,1301574,4,61,65,completed,1
22124,Rigid,1301509,1301513,1301538,4,25,29,completed,1
22125,Rigid,1301509,1301513,1301533,4,20,24,completed,1
22126,Rigid,1301509,1301513,1301525,4,12,16,completed,1
22127,Rigid,1301509,1301513,1301602,4,89,93,completed,1
22128,Rigid,1301509,1301513,1301528,4,15,19,completed,1
22129,Rigid,1301509,1301513,1301610,4,97,101,completed,1
22130,Rigid,1301509,1301513,1301528,4,15,19,completed,1
22131,Rigid,1301509,1301513,1301549,4,36,40,completed,1
22132,Rigid,1301509,1301513,1301644,4,131,135,completed,1
22133,Rigid,1301509,1301513,1301532,4,19,23,completed,1
22134,Rigid,1301509,1301513,1301537,4,24,28,completed,1
22135,Rigid,1301510,1301513,1301583,3,70,73,completed,1
22136,Rigid,1301510,1301513,1301550,3,37,40,completed,1
22137,Rigid,1301510,1301513,1301651,3,138,141,completed,1
22138,Rigid,1301510,1301513,1301582,3,69,72,completed,1
22139,Rigid,1301510,1301513,1301599,3,86,89,completed,1
22140,Rigid,1301510,1301513,1301579,3,66,69,completed,1
22141,Rigid,1301510,1301513,1301618,3,105,108,completed,1
22142,Rigid,1301510,1301513,1301531,3,18,21,completed,1
22143,Rigid,1301510,1301513,1301562,3,49,52,completed,1
22144,Rigid,1301510,1301513,1301606,3,93,96,completed,1
22145,Rigid,1301510,1301513,1301530,3,17,20,completed,1
22146,Rigid,1301510,1301513,1301584,3,71,74,completed,1
22147,Rigid,1301510,1301513,1301540,3,27,30,completed,1
22148,Rigid,1301510,1301513,1301547,3,34,37,completed,1
22149,Rigid,1301510,1301513,1301599,3,86,89,completed,1
22150,Rigid,1301510,1301513,1301572,3,59,62,completed,1
22151,Rigid,1301510,1301513,1301578,3,65,68,completed,1
22152,Rigid,1301510,1301513,1301529,3,16,19,completed,1
22153,Rigid,1301510,1301513,1301560,3,47,50,completed,1
22154,Rigid,1301510,1301513,1301573,3,60,63,completed,1
22155,Rigid,1301510,1301513,1301558,3,45,48,completed,1
22156,Rigid,1301510,1301513,1301630,3,117,120,completed,1
22157,Rigid,1301510,1301513,1301532,3,19,22,completed,1
22158,Rigid,1301510,1301513,1301584,3,71,74,completed,1
22159,Rigid,1301510,1301513,1301550,3,37,40,completed,1
22160,Rigid,1301510,1301513,1301642,3,129,132,completed,1
22161,Rigid,1301510,1301513,1301532,3,19,22,completed,1
22162,Rigid,1301510,1301513,1301623,3,110,113,completed,1
22163,Rigid,1301510,1301513,1301575,3,62,65,completed,1
22164,Rigid,1301510,1301513,1301537,3,24,27,completed,1
22165,Rigid,1301510,1301513,1301577,3,64,67,completed,1
22166,Rigid,1301511,1301513,1301555,2,42,44,completed,1
22167,Rigid,1301511,1301513,1301582,2,69,71,completed,1
22168,Rigid,1301511,1301513,1301532,2,19,21,completed,1
22169,Rigid,1301511,1301513,1301576,2,63,65,completed,1
22170,Rigid,1301511,1301513,1301565,2,52,54,completed,1
22171,Rigid,1301511,1301513,1301605,2,92,94,completed,1
22172,Rigid,1301511,1301513,1301528,2,15,17,completed,1
22173,Rigid,1301511,1301513,1301549,2,36,38,completed,1
22174,Rigid,1301511,1301513,1301626,2,113,115,completed,1
22175,Rigid,1301511,1301513,1301535,2,22,24,completed,1
22176,Rigid,1301511,1301513,1301581,2,68,70,completed,1
22177,Rigid,1301511,1301513,1301555,2,42,44,completed,1
22178,Rigid,1301511,1301513,1301604,2,91,93,completed,1
22179,Rigid,1301511,1301513,1301533,2,20,22,completed,1
22180,Rigid,1301511,1301513,1301557,2,44,46,completed,1
22181,Rigid,1301511,1301513,1301552,2,39,41,completed,1
22182,Rigid,1301511,1301513,1301563,2,50,52,completed,1
22183,Rigid,1301511,1301513,1301528,2,15,17,completed,1
22184,Rigid,1301511,1301513,1301535,2,22,24,completed,1
22185,Rigid,1301511,1301513,1301586,2,73,75,completed,1
22186,Rigid,1301511,1301513,1301558,2,45,47,completed,1
22187,Rigid,1301511,1301513,1301561,2,48,50,completed,1
22188,Rigid,1301511,1301513,1301550,2,37,39,completed,1
22189,Rigid,1301981,1301982,1301984,1,2,3,completed,36
22190,Rigid,1302111,1302111,1342942,0,40831,40831,completed,36
22191,Rigid,1302521,1302521,1302532,0,11,11,completed,36
22192,Rigid,1302676,1302677,1302699,1,22,23,completed,36
22193,Rigid,1302965,1302965,1303287,0,322,322,completed,36
22194,Rigid,1303114,1303114,1303120,0,6,6,completed,36
22195,Rigid,1303124,1303125,1303148,1,23,24,completed,36
22196,Rigid,1303131,1303131,1303176,0,45,45,completed,36
22197,Rigid,1303205,1303206,1303238,1,32,33,completed,36
22198,Rigid,1303391,1303395,1303398,4,3,7,completed,36
22199,Rigid,1303431,1303431,1303636,0,205,205,completed,72
22200,Rigid,1303443,1303443,1303452,0,9,9,completed,36
22201,Rigid,1303476,1303476,1303479,0,3,3,completed,36
22202,Rigid,1303582,1303583,1315033,1,11450,11451,completed,144
22203,Rigid,1303660,1303661,1303866,1,205,206,completed,72
22204,Rigid,1303800,1303801,1304006,1,205,206,completed,72
22205,Rigid,1304065,1304065,1304087,0,22,22,completed,36
22206,Rigid,1304292,1304294,1314953,2,10659,10661,completed,144
22207,Rigid,1304792,1304793,1304900,1,107,108,completed,72
22208,Rigid,1304910,1304910,1305116,0,206,206,completed,72
22209,Rigid,1304999,1304999,1305202,0,203,203,completed,72
22210,Rigid,1305498,1305499,1305515,1,16,17,completed,36
22211,Rigid,1305586,1305587,1305621,1,34,35,completed,36
22212,Rigid,1305624,1305624,1305818,0,194,194,completed,36
22213,Rigid,1305668,1305668,1305703,0,35,35,completed,36
22214,Rigid,1305737,1305738,1305772,1,34,35,completed,36
22215,Rigid,1306070,1306071,1306915,1,844,845,completed,36
22216,Rigid,1306101,1306102,1306136,1,34,35,completed,36
22217,Rigid,1306452,1306455,1306491,3,36,39,completed,36
22218,Rigid,1306515,1306516,1306544,1,28,29,completed,36
22219,Rigid,1306534,1306535,1306953,1,418,419,completed,36
22220,Rigid,1306666,1306666,1306684,0,18,18,completed,144
22221,Rigid,1306674,1306674,1306682,0,8,8,completed,36
22222,Rigid,1306743,1306743,1306770,0,27,27,completed,144
22223,Rigid,1306804,1306805,1307270,1,465,466,completed,144
22224,Rigid,1306815,1315681,1322516,8866,6835,15701,completed,1296
22225,Rigid,1306929,1306930,1307054,1,124,125,completed,36
22226,Rigid,1306982,1306982,1308285,0,1303,1303,completed,36
22227,Rigid,1307032,1307033,1307053,1,20,21,completed,26
22228,Rigid,1307117,1307127,1308010,10,883,893,completed,26
22229,Rigid,1307437,1307458,1307485,21,27,48,completed,36
22230,Rigid,1307590,1307591,1307614,1,23,24,completed,36
22231,Rigid,1307630,1307630,1307638,0,8,8,completed,36
22232,Rigid,1307782,1307782,1307994,0,212,212,completed,72
22233,Rigid,1307853,1308240,1320047,387,11807,12194,completed,144
22234,Rigid,1307875,1307879,1325905,4,18026,18030,completed,144
22235,Rigid,1307978,1307978,1308005,0,27,27,completed,36
22236,Rigid,1308112,1308120,1308133,8,13,21,completed,26
22237,Rigid,1308122,1308123,1308148,1,25,26,completed,36
22238,Rigid,1308332,1308332,1308336,0,4,4,completed,36
22239,Rigid,1308340,1308340,1309597,0,1257,1257,completed,36
22240,Rigid,1308376,1308376,1308388,0,12,12,completed,36
22241,Rigid,1308400,1308401,1308411,1,10,11,completed,36
22242,Rigid,1308430,1308430,1308453,0,23,23,completed,36
22243,Rigid,1308465,1308465,1308485,0,20,20,completed,36
22244,Rigid,1308469,1308469,1310272,0,1803,1803,completed,36
22245,Rigid,1308491,1308491,1308504,0,13,13,completed,36
22246,Rigid,1308520,1308520,1308530,0,10,10,completed,36
22247,Rigid,1308571,1308572,1309458,1,886,887,completed,26
22248,Rigid,1308635,1308636,1308646,1,10,11,completed,36
22249,Rigid,1308802,1308803,1308819,1,16,17,completed,36
22250,Rigid,1308822,1308823,1308844,1,21,22,completed,36
22251,Rigid,1308852,1308855,1308869,3,14,17,completed,36
22252,Rigid,1308881,1308882,1308913,1,31,32,completed,36
22253,Rigid,1308915,1308916,1308920,1,4,5,completed,36
22254,Rigid,1308925,1308926,1308938,1,12,13,completed,36
22255,Rigid,1308949,1308950,1308962,1,12,13,completed,36
22256,Rigid,1309002,1309002,1309009,0,7,7,completed,36
22257,Rigid,1309173,1309203,1321653,30,12450,12480,completed,144
22258,Rigid,1309219,1309219,1309246,0,27,27,completed,36
22259,Rigid,1309315,1309316,1309338,1,22,23,completed,36
22260,Rigid,1309717,1309717,1309836,0,119,119,completed,36
22261,Rigid,1309947,1309948,1311772,1,1824,1825,completed,36
22262,Rigid,1310064,1310064,1310101,0,37,37,completed,36
22263,Rigid,1310115,1310115,1310140,0,25,25,completed,36
22264,Rigid,1310293,1310295,1310321,2,26,28,completed,36
22265,Rigid,1310377,1310377,1310404,0,27,27,completed,36
22266,Rigid,1310485,1310486,1310515,1,29,30,completed,36
22267,Rigid,1310642,1310643,1310669,1,26,27,completed,36
22268,Rigid,1310744,1310745,1310770,1,25,26,completed,36
22269,Rigid,1310817,1310817,1318550,0,7733,7733,completed,360
22270,Rigid,1310820,1310821,1310845,1,24,25,completed,36
22271,Rigid,1310952,1310952,1311022,0,70,70,completed,36
22272,Rigid,1311014,1311024,1311044,10,20,30,completed,36
22273,Rigid,1311068,1311069,1311093,1,24,25,completed,36
22274,Rigid,1311108,1311109,1311130,1,21,22,completed,36
22275,Rigid,1311145,1311335,1322801,190,11466,11656,completed,144
22276,Rigid,1311149,1311151,1311173,2,22,24,completed,36
22277,Rigid,1311274,1311274,1311275,0,1,1,completed,36
22278,Rigid,1311313,1311316,1311469,3,153,156,completed,36
22279,Rigid,1311332,1312026,1323367,694,11341,12035,completed,144
22280,Rigid,1311425,1311425,1311451,0,26,26,completed,36
22281,Rigid,1311470,1311471,1311508,1,37,38,completed,36
22282,Rigid,1311523,1311524,1311560,1,36,37,completed,36
22283,Rigid,1311539,1311540,1311693,1,153,154,completed,36
22284,Rigid,1311575,1311575,1311576,0,1,1,completed,36
22285,Rigid,1311583,1311583,1311607,0,24,24,completed,36
22286,Rigid,1311692,1311692,1312307,0,615,615,completed,36
22287,Rigid,1311733,1311736,1311762,3,26,29,completed,36
22288,Rigid,1311787,1311787,1311809,0,22,22,completed,36
22289,Rigid,1311868,1311869,1311893,1,24,25,completed,36
22290,Rigid,1311909,1312026,1322818,117,10792,10909,completed,144
22291,Rigid,1311929,1311929,1311959,0,30,30,completed,36
22292,Rigid,1311979,1311980,1312008,1,28,29,completed,36
22293,Rigid,1312019,1313047,1323091,1028,10044,11072,completed,144
22294,Rigid,1312111,1312116,1312153,5,37,42,completed,36
22295,Rigid,1312185,1312185,1312206,0,21,21,completed,36
22296,Rigid,1312218,1312218,1312251,0,33,33,completed,36
22297,Rigid,1312260,1312260,1312286,0,26,26,completed,36
22298,Rigid,1312320,1312321,1321766,1,9445,9446,completed,36
22299,Rigid,1312320,1312321,1321168,1,8847,8848,completed,36
22300,Rigid,1312321,1312325,1324801,4,12476,12480,completed,36
22301,Rigid,1312321,1312325,1320849,4,8524,8528,completed,36
22302,Rigid,1312321,1312325,1343147,4,30822,30826,completed,36
22303,Rigid,1312322,1312325,1321304,3,8979,8982,completed,36
22304,Rigid,1312322,1312325,1321667,3,9342,9345,completed,36
22305,Rigid,1312362,1312363,1312392,1,29,30,completed,36
22306,Rigid,1312409,1312410,1312431,1,21,22,completed,36
22307,Rigid,1312412,1315681,1327858,3269,12177,15446,completed,144
22308,Rigid,1312426,1312426,1321830,0,9404,9404,completed,360
22309,Rigid,1312534,1312535,1312558,1,23,24,completed,36
22310,Rigid,1312574,1312576,1312598,2,22,24,completed,36
22311,Rigid,1312635,1312657,1312675,22,18,40,completed,36
22312,Rigid,1312643,1312643,1312666,0,23,23,completed,36
22313,Rigid,1312653,1312653,1312752,0,99,99,completed,36
22314,Rigid,1312697,1312697,1312722,0,25,25,completed,36
22315,Rigid,1312789,1312807,1312817,18,10,28,completed,36
22316,Rigid,1312812,1312812,1312837,0,25,25,completed,36
22317,Rigid,1312890,1312891,1312916,1,25,26,completed,36
22318,Rigid,1312940,1312941,1312964,1,23,24,completed,36
22319,Rigid,1312990,1312991,1313030,1,39,40,completed,36
22320,Rigid,1313041,1313041,1484072,0,171031,171031,completed,72
22321,Rigid,1313076,1313076,1313108,0,32,32,completed,36
22322,Rigid,1313076,1313078,1313244,2,166,168,completed,36
22323,Rigid,1313077,1313078,1313203,1,125,126,completed,36
22324,Rigid,1313322,1313323,1313351,1,28,29,completed,36
22325,Rigid,1313407,1313408,1313424,1,16,17,completed,36
22326,Rigid,1313452,1313452,1313488,0,36,36,completed,36
22327,Rigid,1313480,1318551,1332190,5071,13639,18710,completed,144
22328,Rigid,1313486,1313498,1313520,12,22,34,completed,36
22329,Rigid,1313530,1318551,1329998,5021,11447,16468,completed,144
22330,Rigid,1313596,1313619,1313640,23,21,44,completed,36
22331,Rigid,1313613,1313614,1313617,1,3,4,completed,36
22332,Rigid,1313996,1313996,1314021,0,25,25,completed,36
22333,Rigid,1314070,1314071,1314092,1,21,22,completed,36
22334,Rigid,1314208,1314209,1314229,1,20,21,completed,36
22335,Rigid,1314275,1314275,1314278,0,3,3,completed,36
22336,Rigid,1314328,1314328,1314331,0,3,3,completed,36
22337,Rigid,1314659,1314659,1314728,0,69,69,completed,36
22338,Rigid,1314809,1314810,1315015,1,205,206,completed,72
22339,Rigid,1314881,1314881,1314903,0,22,22,completed,36
22340,Rigid,1314931,1314931,1314956,0,25,25,completed,36
22341,Rigid,1314996,1314997,1315019,1,22,23,completed,36
22342,Rigid,1315648,1315649,1367434,1,51785,51786,completed,8
22343,Rigid,1315649,1315649,1316338,0,689,689,completed,8
22344,Rigid,1315649,1315649,1359158,0,43509,43509,completed,8
22345,Rigid,1315649,1315649,1320891,0,5242,5242,completed,8
22346,Rigid,1315649,1315649,1369582,0,53933,53933,completed,8
22347,Rigid,1315661,1315661,1363819,0,48158,48158,completed,8
22348,Rigid,1315661,1315661,1316096,0,435,435,completed,8
22349,Rigid,1315661,1315661,1360329,0,44668,44668,completed,8
22350,Rigid,1315661,1315661,1318097,0,2436,2436,completed,8
22351,Rigid,1315661,1315661,1335991,0,20330,20330,completed,8
22352,Rigid,1315667,1315668,1363066,1,47398,47399,completed,8
22353,Rigid,1315668,1315668,1315796,0,128,128,completed,8
22354,Rigid,1315668,1315668,1363831,0,48163,48163,completed,8
22355,Rigid,1315668,1315668,1317070,0,1402,1402,completed,8
22356,Rigid,1315668,1315668,1323561,0,7893,7893,completed,8
22357,Rigid,1315674,1315675,1346687,1,31012,31013,completed,8
22358,Rigid,1315675,1315675,1315752,0,77,77,completed,8
22359,Rigid,1315675,1315675,1376935,0,61260,61260,completed,8
22360,Rigid,1315675,1315675,1316079,0,404,404,completed,8
22361,Rigid,1315675,1315675,1319843,0,4168,4168,completed,8
22362,Rigid,1315684,1315685,1333660,1,17975,17976,completed,8
22363,Rigid,1315684,1315685,1368865,1,53180,53181,completed,8
22364,Rigid,1315717,1315718,1361232,1,45514,45515,completed,8
22365,Rigid,1315718,1315718,1315953,0,235,235,completed,8
22366,Rigid,1315718,1315721,1373000,3,57279,57282,completed,8
22367,Rigid,1315718,1315721,1317350,3,1629,1632,completed,8
22368,Rigid,1315718,1315721,1327445,3,11724,11727,completed,8
22369,Rigid,1315721,1315721,1315789,0,68,68,completed,36
22370,Rigid,1315724,1315726,1377632,2,61906,61908,completed,8
22371,Rigid,1315724,1315726,1315799,2,73,75,completed,8
22372,Rigid,1315724,1315726,1361898,2,46172,46174,completed,8
22373,Rigid,1315724,1315753,1316427,29,674,703,completed,8
22374,Rigid,1315724,1315798,1321251,74,5453,5527,completed,8
22375,Rigid,1315728,1315801,1340076,73,24275,24348,completed,8
22376,Rigid,1315728,1315954,1316022,226,68,294,completed,8
22377,Rigid,1315728,1316023,1371658,295,55635,55930,completed,8
22378,Rigid,1315729,1316080,1316205,351,125,476,completed,8
22379,Rigid,1315729,1316097,1318489,368,2392,2760,completed,8
22380,Rigid,1315734,1316233,1325459,499,9226,9725,completed,8
22381,Rigid,1315734,1316340,1316423,606,83,689,completed,8
22382,Rigid,1315734,1316425,1364271,691,47846,48537,completed,8
22383,Rigid,1315734,1316429,1316530,695,101,796,completed,8
22384,Rigid,1315734,1316531,1316929,797,398,1195,completed,8
22385,Rigid,1315739,1316930,1318766,1191,1836,3027,completed,8
22386,Rigid,1315739,1317071,1363692,1332,46621,47953,completed,8
22387,Rigid,1315868,1315869,1315893,1,24,25,completed,36
22388,Rigid,1316000,1316000,1316068,0,68,68,completed,36
22389,Rigid,1316347,1316347,1316379,0,32,32,completed,36
22390,Rigid,1316381,1316382,1316421,1,39,40,completed,36
22391,Rigid,1316495,1320048,1373780,3553,53732,57285,completed,288
22392,Rigid,1316510,1316511,1316633,1,122,123,completed,36
22393,Rigid,1317088,1318366,1318568,1278,202,1480,completed,72
22394,Rigid,1317434,1317437,1317466,3,29,32,completed,1
22395,Rigid,1318141,1318141,1318173,0,32,32,completed,36
22396,Rigid,1318532,1318533,1318564,1,31,32,completed,36
22397,Rigid,1318573,1318573,1318616,0,43,43,completed,36
22398,Rigid,1318639,1318640,1318849,1,209,210,completed,36
22399,Rigid,1318863,1318864,1318964,1,100,101,completed,36
22400,Rigid,1318974,1318974,1319292,0,318,318,completed,36
22401,Rigid,1319312,1319313,1319375,1,62,63,completed,72
22402,Rigid,1319777,1319777,1320100,0,323,323,completed,36
22403,Rigid,1319921,1319935,1330407,14,10472,10486,completed,1
22404,Rigid,1320047,1320132,1331363,85,11231,11316,completed,144
22405,Rigid,1320512,1320512,1320832,0,320,320,completed,36
22406,Rigid,1320598,1320598,1320630,0,32,32,completed,1
22407,Rigid,1320838,1320839,1320863,1,24,25,completed,36
22408,Rigid,1320906,1320906,1320954,0,48,48,completed,36
22409,Rigid,1320995,1320995,1321102,0,107,107,completed,36
22410,Rigid,1321276,1321277,1321462,1,185,186,completed,36
22411,Rigid,1321653,1321654,1332219,1,10565,10566,completed,144
22412,Rigid,1322721,1322722,1322725,1,3,4,completed,36
22413,Rigid,1322782,1322782,1322785,0,3,3,completed,36
22414,Rigid,1322801,1322802,1334159,1,11357,11358,completed,144
22415,Rigid,1322818,1322819,1342746,1,19927,19928,completed,144
22416,Rigid,1322826,1322827,1322834,1,7,8,completed,36
22417,Rigid,1322924,1322925,1322947,1,22,23,completed,36
22418,Rigid,1323091,1323091,1334574,0,11483,11483,completed,144
22419,Rigid,1323334,1323335,1323357,1,22,23,completed,36
22420,Rigid,1323367,1323368,1334829,1,11461,11462,completed,144
22421,Rigid,1323401,1323401,1323468,0,67,67,completed,36
22422,Rigid,1323493,1323497,1323565,4,68,72,completed,36
22423,Rigid,1323786,1323786,1323853,0,67,67,completed,36
22424,Rigid,1323942,1323942,1324010,0,68,68,completed,36
22425,Rigid,1324879,1324880,1324904,1,24,25,completed,36
22426,Rigid,1324926,1324927,1324965,1,38,39,completed,36
22427,Rigid,1324980,1324981,1325022,1,41,42,completed,36
22428,Rigid,1325045,1325046,1325093,1,47,48,completed,36
22429,Rigid,1325113,1325113,1325156,0,43,43,completed,36
22430,Rigid,1325181,1325181,1325209,0,28,28,completed,36
22431,Rigid,1325237,1325237,1325302,0,65,65,completed,36
22432,Rigid,1325288,1325306,1325356,18,50,68,completed,36
22433,Rigid,1325361,1325362,1325429,1,67,68,completed,36
22434,Rigid,1325672,1325673,1325676,1,3,4,completed,36
22435,Rigid,1325674,1325677,1325689,3,12,15,completed,1
22436,Rigid,1325708,1325709,1325711,1,2,3,completed,36
22437,Rigid,1325792,1325793,1325804,1,11,12,completed,36
22438,Rigid,1325840,1325841,1325852,1,11,12,completed,36
22439,Rigid,1325846,1325847,1325874,1,27,28,completed,1
22440,Rigid,1325887,1325888,1325925,1,37,38,completed,36
22441,Rigid,1325947,1325947,1325987,0,40,40,completed,36
22442,Rigid,1326099,1326099,1326111,0,12,12,completed,36
22443,Rigid,1326210,1326211,1326246,1,35,36,completed,36
22444,Rigid,1326252,1326252,1326322,0,70,70,completed,36
22445,Rigid,1326346,1326347,1326417,1,70,71,completed,36
22446,Rigid,1326611,1326612,1326681,1,69,70,completed,36
22447,Rigid,1326752,1326754,1326823,2,69,71,completed,36
22448,Rigid,1326850,1326851,1326921,1,70,71,completed,36
22449,Rigid,1327075,1327075,1327242,0,167,167,completed,36
22450,Rigid,1327858,1327858,1338644,0,10786,10786,completed,144
22451,Rigid,1329343,1329343,1329475,0,132,132,completed,180
22452,Rigid,1329804,1329804,1329925,0,121,121,completed,288
22453,Rigid,1329904,1329904,1329914,0,10,10,completed,1
22454,Rigid,1329998,1329998,1341790,0,11792,11792,completed,144
22455,Rigid,1330014,1330015,1330054,1,39,40,completed,1
22456,Rigid,1330142,1330142,1330348,0,206,206,completed,72
22457,Rigid,1330182,1330182,1330315,0,133,133,completed,72
22458,Rigid,1330397,1330398,1330482,1,84,85,completed,180
22459,Rigid,1330610,1330611,1330665,1,54,55,completed,144
22460,Rigid,1330648,1330648,1330852,0,204,204,completed,72
22461,Rigid,1330726,1330727,1330783,1,56,57,completed,108
22462,Rigid,1330864,1330865,1331005,1,140,141,completed,72
22463,Rigid,1330866,1330868,1330884,2,16,18,completed,1
22464,Rigid,1331030,1331030,1331067,0,37,37,completed,1
22465,Rigid,1331078,1331078,1331283,0,205,205,completed,72
22466,Rigid,1331363,1331364,1342509,1,11145,11146,completed,144
22467,Rigid,1332110,1332111,1332203,1,92,93,completed,36
22468,Rigid,1332190,1332191,1342828,1,10637,10638,completed,144
22469,Rigid,1332219,1332220,1343170,1,10950,10951,completed,144
22470,Rigid,1332560,1332561,1332571,1,10,11,completed,1
22471,Rigid,1332717,1332717,1333345,0,628,628,completed,72
22472,Rigid,1334159,1334159,1349741,0,15582,15582,completed,144
22473,Rigid,1334829,1334829,1345114,0,10285,10285,completed,144
22474,Rigid,1335583,1335583,1336195,0,612,612,completed,72
22475,Rigid,1336254,1336254,1338055,0,1801,1801,completed,72
22476,Rigid,1338379,1338379,1338429,0,50,50,completed,72
22477,Rigid,1338476,1338476,1340305,0,1829,1829,completed,72
22478,Rigid,1338644,1338644,1359621,0,20977,20977,completed,144
22479,Rigid,1339744,1339745,1339788,1,43,44,completed,1
22480,Rigid,1342181,1342181,1342884,0,703,703,completed,72
22481,Rigid,1342307,1342307,1342896,0,589,589,completed,72
22482,Rigid,1342927,1342928,1343133,1,205,206,completed,72
22483,Rigid,1343825,1343825,1343965,0,140,140,completed,72
22484,Rigid,1344239,1344239,1344325,0,86,86,completed,72
22485,Rigid,1344531,1344532,1344655,1,123,124,completed,72
22486,Rigid,1346074,1346075,1390637,1,44562,44563,completed,36
22487,Rigid,1350479,1350480,1381877,1,31397,31398,completed,1
22488,Rigid,1350490,1350491,1361697,1,11206,11207,completed,144
22489,Rigid,1350536,1350537,1362835,1,12298,12299,completed,144
22490,Rigid,1350850,1350850,1350875,0,25,25,completed,72
22491,Rigid,1350997,1350998,1361873,1,10875,10876,completed,144
22492,Rigid,1351519,1351520,1351597,1,77,78,completed,36
22493,Rigid,1351877,1351877,1422952,0,71075,71075,completed,36
22494,Rigid,1351877,1351878,1368680,1,16802,16803,completed,36
22495,Rigid,1351877,1351878,1358445,1,6567,6568,completed,36
22496,Rigid,1351981,1351982,1403840,1,51858,51859,completed,72
22497,Rigid,1351981,1351982,1455899,1,103917,103918,completed,72
22498,Rigid,1351981,1351982,1423839,1,71857,71858,completed,72
22499,Rigid,1352094,1352095,1433944,1,81849,81850,completed,72
22500,Rigid,1352094,1352095,1438338,1,86243,86244,completed,72
22501,Rigid,1352094,1352095,1495364,1,143269,143270,completed,72
22502,Rigid,1352135,1352136,1463532,1,111396,111397,completed,36
22503,Rigid,1352135,1620777,1718321,268642,97544,366186,completed,36
22504,Rigid,1352135,1645255,1734414,293120,89159,382279,completed,36
22505,Rigid,1352277,1648837,1701169,296560,52332,348892,completed,36
22506,Rigid,1352301,1651032,1782775,298731,131743,430474,completed,36
22507,Rigid,1352329,1352330,1352339,1,9,10,completed,36
22508,Rigid,1352733,1352733,1352743,0,10,10,completed,36
22509,Rigid,1352811,1352811,1367373,0,14562,14562,completed,36
22510,Rigid,1353013,1353014,1353023,1,9,10,completed,36
22511,Rigid,1353090,1353093,1353193,3,100,103,completed,36
22512,Rigid,1353106,1353106,1366899,0,13793,13793,completed,36
22513,Rigid,1353514,1353514,1353606,0,92,92,completed,36
22514,Rigid,1354019,1354020,1354200,1,180,181,completed,36
22515,Rigid,1354224,1354224,1354904,0,680,680,completed,36
22516,Rigid,1355415,1355416,1373429,1,18013,18014,completed,144
22517,Rigid,1355419,1355420,1355421,1,1,2,completed,36
22518,Rigid,1355474,1355474,1355811,0,337,337,completed,36
22519,Rigid,1355825,1355826,1355969,1,143,144,completed,36
22520,Rigid,1356123,1356124,1356568,1,444,445,completed,36
22521,Rigid,1356294,1356294,1359367,0,3073,3073,completed,36
22522,Rigid,1356570,1356570,1356637,0,67,67,completed,36
22523,Rigid,1356653,1356653,1363037,0,6384,6384,completed,36
22524,Rigid,1356964,1356964,1363308,0,6344,6344,completed,1
22525,Rigid,1357038,1357039,1357409,1,370,371,completed,1
22526,Rigid,1357431,1357432,1358591,1,1159,1160,completed,36
22527,Rigid,1357636,1357637,1357670,1,33,34,completed,1
22528,Rigid,1357718,1357719,1591788,1,234069,234070,completed,72
22529,Rigid,1357722,1357723,1357728,1,5,6,completed,432
22530,Rigid,1357730,1357731,1357735,1,4,5,completed,432
22531,Rigid,1357737,1357738,1357742,1,4,5,completed,432
22532,Rigid,1357744,1357745,1357749,1,4,5,completed,432
22533,Rigid,1357752,1357752,1357756,0,4,4,completed,432
22534,Rigid,1357760,1357761,1703376,1,345615,345616,completed,288
22535,Rigid,1357760,1357761,1357765,1,4,5,completed,432
22536,Rigid,1357792,1357793,1616833,1,259040,259041,completed,144
22537,Rigid,1357831,1357832,1703436,1,345604,345605,completed,36
22538,Rigid,1357869,1357869,1703496,0,345627,345627,completed,144
22539,Rigid,1357899,1357900,1373681,1,15781,15782,completed,432
22540,Rigid,1357903,1357904,1703526,1,345622,345623,completed,288
22541,Rigid,1357910,1357910,1373717,0,15807,15807,completed,432
22542,Rigid,1357920,1373718,1383552,15798,9834,25632,completed,432
22543,Rigid,1357929,1357929,1359402,0,1473,1473,completed,1
22544,Rigid,1357933,1373771,1383286,15838,9515,25353,completed,432
22545,Rigid,1357941,1373782,1383286,15841,9504,25345,completed,432
22546,Rigid,1357941,1357941,1559547,0,201606,201606,completed,144
22547,Rigid,1358023,1358023,1358919,0,896,896,completed,36
22548,Rigid,1358031,1358032,1559637,1,201605,201606,completed,144
22549,Rigid,1358061,1358592,1560207,531,201615,202146,completed,144
22550,Rigid,1358083,1358084,1358098,1,14,15,completed,36
22551,Rigid,1358094,1361809,1563417,3715,201608,205323,completed,144
22552,Rigid,1358146,1361875,1563477,3729,201602,205331,completed,144
22553,Rigid,1358188,1362016,1707637,3828,345621,349449,completed,144
22554,Rigid,1358223,1362931,1708537,4708,345606,350314,completed,144
22555,Rigid,1358235,1358263,1360488,28,2225,2253,completed,1
22556,Rigid,1358249,1358249,1358256,0,7,7,completed,1
22557,Rigid,1358288,1366407,1712018,8119,345611,353730,completed,144
22558,Rigid,1358351,1358353,1360442,2,2089,2091,completed,1
22559,Rigid,1358470,1358474,1360602,4,2128,2132,completed,1
22560,Rigid,1358620,1358620,1358621,0,1,1,completed,1
22561,Rigid,1358639,1358640,1358766,1,126,127,completed,1
22562,Rigid,1358819,1358820,1358824,1,4,5,completed,1
22563,Rigid,1358827,1358926,1359661,99,735,834,completed,36
22564,Rigid,1358851,1358852,1358853,1,1,2,completed,1
22565,Rigid,1359046,1359047,1359143,1,96,97,completed,1
22566,Rigid,1359068,1359109,1359287,41,178,219,completed,36
22567,Rigid,1359068,1359109,1366296,41,7187,7228,completed,36
22568,Rigid,1359069,1359289,1359840,220,551,771,completed,36
22569,Rigid,1359069,1359368,1372173,299,12805,13104,completed,36
22570,Rigid,1359069,1359622,1368331,553,8709,9262,completed,36
22571,Rigid,1359069,1359622,1389963,553,30341,30894,completed,36
22572,Rigid,1359070,1359622,1369202,552,9580,10132,completed,36
22573,Rigid,1359070,1359622,1361947,552,2325,2877,completed,36
22574,Rigid,1359111,1360678,1361100,1567,422,1989,completed,36
22575,Rigid,1359200,1364815,1365648,5615,833,6448,completed,36
22576,Rigid,1359327,1359353,1704966,26,345613,345639,completed,1
22577,Rigid,1359362,1359383,1704996,21,345613,345634,completed,1
22578,Rigid,1359452,1359473,1705086,21,345613,345634,completed,1
22579,Rigid,1359487,1359503,1689333,16,329830,329846,completed,1
22580,Rigid,1359539,1359563,1466649,24,107086,107110,completed,1
22581,Rigid,1359566,1359594,1705206,28,345612,345640,completed,1
22582,Rigid,1359742,1359744,1359761,2,17,19,completed,36
22583,Rigid,1359746,1359774,1359788,28,14,42,completed,36
22584,Rigid,1359749,1359804,1359818,55,14,69,completed,36
22585,Rigid,1359752,1359834,1359850,82,16,98,completed,36
22586,Rigid,1359756,1359864,1359880,108,16,124,completed,36
22587,Rigid,1359759,1359864,1359880,105,16,121,completed,36
22588,Rigid,1359763,1359895,1359913,132,18,150,completed,36
22589,Rigid,1359767,1359895,1359912,128,17,145,completed,36
22590,Rigid,1359771,1359925,1359942,154,17,171,completed,36
22591,Rigid,1359774,1359925,1359942,151,17,168,completed,36
22592,Rigid,1359778,1359955,1359971,177,16,193,completed,36
22593,Rigid,1359781,1359955,1359971,174,16,190,completed,36
22594,Rigid,1359785,1359985,1360001,200,16,216,completed,36
22595,Rigid,1359788,1359985,1360001,197,16,213,completed,36
22596,Rigid,1359791,1360015,1360031,224,16,240,completed,36
22597,Rigid,1359795,1360015,1360032,220,17,237,completed,36
22598,Rigid,1359798,1360045,1360057,247,12,259,completed,36
22599,Rigid,1359799,1368845,1385103,9046,16258,25304,completed,360
22600,Rigid,1359802,1360045,1360055,243,10,253,completed,36
22601,Rigid,1359945,1361699,1361807,1754,108,1862,completed,288
22602,Rigid,1360115,1360135,1687357,20,327222,327242,completed,1
22603,Rigid,1360333,1360346,1360370,13,24,37,completed,36
22604,Rigid,1360349,1360376,1360402,27,26,53,completed,36
22605,Rigid,1360353,1360376,1360402,23,26,49,completed,36
22606,Rigid,1360357,1360376,1360403,19,27,46,completed,36
22607,Rigid,1360367,1360376,1360403,9,27,36,completed,36
22608,Rigid,1360370,1360406,1360433,36,27,63,completed,36
22609,Rigid,1360373,1360406,1360433,33,27,60,completed,36
22610,Rigid,1360377,1360406,1360434,29,28,57,completed,36
22611,Rigid,1360381,1360406,1360435,25,29,54,completed,36
22612,Rigid,1360384,1360436,1360463,52,27,79,completed,36
22613,Rigid,1360387,1360436,1360463,49,27,76,completed,36
22614,Rigid,1360451,1360452,1360456,1,4,5,completed,1
22615,Rigid,1360462,1373651,1373661,13189,10,13199,completed,144
22616,Rigid,1360473,1360496,1360527,23,31,54,completed,36
22617,Rigid,1360477,1360496,1360527,19,31,50,completed,36
22618,Rigid,1360480,1360496,1360528,16,32,48,completed,36
22619,Rigid,1360484,1360496,1360528,12,32,44,completed,36
22620,Rigid,1360488,1360557,1360589,69,32,101,completed,36
22621,Rigid,1360491,1360557,1360589,66,32,98,completed,36
22622,Rigid,1360494,1360557,1360590,63,33,96,completed,36
22623,Rigid,1360498,1360618,1360651,120,33,153,completed,36
22624,Rigid,1360502,1360618,1360650,116,32,148,completed,36
22625,Rigid,1360506,1360618,1360652,112,34,146,completed,36
22626,Rigid,1360507,1360527,1706136,20,345609,345629,completed,1
22627,Rigid,1360538,1360557,1363021,19,2464,2483,completed,36
22628,Rigid,1360693,1360708,1379387,15,18679,18694,completed,1
22629,Rigid,1360729,1360738,1444397,9,83659,83668,completed,1
22630,Rigid,1360761,1360768,1706377,7,345609,345616,completed,1
22631,Rigid,1360793,1360799,1706254,6,345455,345461,completed,1
22632,Rigid,1361048,1361069,1361275,21,206,227,completed,72
22633,Rigid,1361056,1361069,1361075,13,6,19,completed,1
22634,Rigid,1361088,1361100,1362926,12,1826,1838,completed,36
22635,Rigid,1361138,1361138,1361284,0,146,146,completed,36
22636,Rigid,1361166,1361190,1361225,24,35,59,completed,1
22637,Rigid,1361278,1361280,1702345,2,341065,341067,completed,1
22638,Rigid,1361287,1361287,1361292,0,5,5,completed,1
22639,Rigid,1361307,1361310,1706917,3,345607,345610,completed,1
22640,Rigid,1361349,1361371,1361577,22,206,228,completed,72
22641,Rigid,1361660,1361674,1674569,14,312895,312909,completed,1
22642,Rigid,1361697,1361699,1361830,2,131,133,completed,1
22643,Rigid,1361697,1373652,1384854,11955,11202,23157,completed,144
22644,Rigid,1361706,1361809,1362015,103,206,309,completed,72
22645,Rigid,1361804,1361825,1707427,21,345602,345623,completed,1
22646,Rigid,1362059,1362059,1362250,0,191,191,completed,36
22647,Rigid,1362263,1362356,1362561,93,205,298,completed,72
22648,Rigid,1362718,1373662,1373683,10944,21,10965,completed,144
22649,Rigid,1362763,1362764,1362985,1,221,222,completed,72
22650,Rigid,1362798,1362798,1474598,0,111800,111800,completed,36
22651,Rigid,1362814,1362836,1364074,22,1238,1260,completed,36
22652,Rigid,1362835,1373682,1384958,10847,11276,22123,completed,144
22653,Rigid,1362877,1362877,1362882,0,5,5,completed,4
22654,Rigid,1362936,1366297,1366405,3361,108,3469,completed,288
22655,Rigid,1362944,1364755,1369430,1811,4675,6486,completed,72
22656,Rigid,1363091,1363094,1363315,3,221,224,completed,72
22657,Rigid,1363219,1363245,1366856,26,3611,3637,completed,36
22658,Rigid,1363268,1363268,1364486,0,1218,1218,completed,36
22659,Rigid,1363455,1363456,1363693,1,237,238,completed,72
22660,Rigid,1363483,1363484,1363738,1,254,255,completed,36
22661,Rigid,1363768,1363790,1373555,22,9765,9787,completed,36
22662,Rigid,1363774,1363790,1364026,16,236,252,completed,72
22663,Rigid,1363799,1363799,1363829,0,30,30,completed,36
22664,Rigid,1364184,1364212,1364754,28,542,570,completed,72
22665,Rigid,1364608,1364634,1373771,26,9137,9163,completed,26
22666,Rigid,1364636,1364664,1677913,28,313249,313277,completed,1
22667,Rigid,1364987,1364996,1365544,9,548,557,completed,72
22668,Rigid,1365878,1366407,1367412,529,1005,1534,completed,72
22669,Rigid,1366173,1366407,1370008,234,3601,3835,completed,36
22670,Rigid,1366968,1366969,1388698,1,21729,21730,completed,36
22671,Rigid,1367578,1367578,1381891,0,14313,14313,completed,36
22672,Rigid,1367652,1367653,1367855,1,202,203,completed,72
22673,Rigid,1367756,1367756,1388059,0,20303,20303,completed,36
22674,Rigid,1367895,1367896,1368386,1,490,491,completed,72
22675,Rigid,1368043,1368681,1368790,638,109,747,completed,288
22676,Rigid,1368067,1368069,1368566,2,497,499,completed,72
22677,Rigid,1368097,1368310,1368844,213,534,747,completed,72
22678,Rigid,1368425,1368430,1368633,5,203,208,completed,72
22679,Rigid,1368939,1368939,1368944,0,5,5,completed,1
22680,Rigid,1369142,1369203,1369966,61,763,824,completed,72
22681,Rigid,1369202,1369431,1370103,229,672,901,completed,72
22682,Rigid,1369298,1369298,1369325,0,27,27,completed,36
22683,Rigid,1369354,1369354,1369424,0,70,70,completed,36
22684,Rigid,1369576,1369967,1373772,391,3805,4196,completed,72
22685,Rigid,1369590,1370009,1370188,419,179,598,completed,72
22686,Rigid,1369607,1372272,1373779,2665,1507,4172,completed,72
22687,Rigid,1369739,1369740,1369742,1,2,3,completed,36
22688,Rigid,1369762,1369762,1369765,0,3,3,completed,36
22689,Rigid,1369787,1710943,1792869,341156,81926,423082,completed,72
22690,Rigid,1369787,1712055,1809360,342268,97305,439573,completed,72
22691,Rigid,1369787,1712055,1828037,342268,115982,458250,completed,72
22692,Rigid,1369806,1369807,1369809,1,2,3,completed,36
22693,Rigid,1369828,1369829,1369832,1,3,4,completed,36
22694,Rigid,1370017,1373435,1373650,3418,215,3633,completed,288
22695,Rigid,1370063,1370129,1370668,66,539,605,completed,72
22696,Rigid,1370095,1370096,1370168,1,72,73,completed,36
22697,Rigid,1370188,1370190,1370260,2,70,72,completed,36
22698,Rigid,1370361,1370362,1370431,1,69,70,completed,36
22699,Rigid,1370470,1370470,1370540,0,70,70,completed,36
22700,Rigid,1370574,1370575,1370626,1,51,52,completed,36
22701,Rigid,1370617,1370630,1370700,13,70,83,completed,36
22702,Rigid,1370731,1372181,1373150,1450,969,2419,completed,36
22703,Rigid,1370761,1370762,1370837,1,75,76,completed,36
22704,Rigid,1370852,1370853,1370900,1,47,48,completed,36
22705,Rigid,1370898,1372573,1373769,1675,1196,2871,completed,72
22706,Rigid,1370930,1370931,1370962,1,31,32,completed,36
22707,Rigid,1371166,1371166,1371235,0,69,69,completed,36
22708,Rigid,1371312,1371312,1371379,0,67,67,completed,36
22709,Rigid,1371772,1371773,1371840,1,67,68,completed,36
22710,Rigid,1371958,1371959,1372029,1,70,71,completed,36
22711,Rigid,1372722,1372723,1372822,1,99,100,completed,36
22712,Rigid,1372746,1372754,1373031,8,277,285,completed,8
22713,Rigid,1372848,1372849,1373099,1,250,251,completed,36
22714,Rigid,1372955,1372964,1373203,9,239,248,completed,8
22715,Rigid,1373144,1373145,1382999,1,9854,9855,completed,36
22716,Rigid,1373157,1373175,1383083,18,9908,9926,completed,36
22717,Rigid,1373222,1373557,1978360,335,604803,605138,completed,36
22718,Rigid,1373290,1373295,1377124,5,3829,3834,completed,8
22719,Rigid,1373290,1373295,1376745,5,3450,3455,completed,8
22720,Rigid,1373290,1373295,1376620,5,3325,3330,completed,8
22721,Rigid,1373290,1373295,1376969,5,3674,3679,completed,8
22722,Rigid,1373290,1373295,1376702,5,3407,3412,completed,8
22723,Rigid,1373290,1373295,1376771,5,3476,3481,completed,8
22724,Rigid,1373290,1373295,1376655,5,3360,3365,completed,8
22725,Rigid,1373290,1373295,1376681,5,3386,3391,completed,8
22726,Rigid,1373328,1373329,1374005,1,676,677,completed,36
22727,Rigid,1373683,1373683,1544710,0,171027,171027,completed,72
22728,Rigid,1373683,1373685,1373701,2,16,18,completed,144
22729,Rigid,1373819,1383288,1383496,9469,208,9677,completed,72
22730,Rigid,1373837,1373963,1383788,126,9825,9951,completed,36
22731,Rigid,1373895,1383288,1468834,9393,85546,94939,completed,72
22732,Rigid,1374613,1374614,1374681,1,67,68,completed,36
22733,Rigid,1374838,1374839,1374917,1,78,79,completed,36
22734,Rigid,1374971,1374971,1375045,0,74,74,completed,36
22735,Rigid,1375093,1375094,1375167,1,73,74,completed,36
22736,Rigid,1375108,1375134,1375332,26,198,224,completed,1
22737,Rigid,1375208,1375209,1375281,1,72,73,completed,36
22738,Rigid,1375213,1711845,1776724,336632,64879,401511,completed,36
22739,Rigid,1375213,1712626,1767170,337413,54544,391957,completed,36
22740,Rigid,1375213,1712867,1777720,337654,64853,402507,completed,36
22741,Rigid,1375291,1714432,1802466,339141,88034,427175,completed,72
22742,Rigid,1375291,1714432,1795116,339141,80684,419825,completed,72
22743,Rigid,1375291,1714432,1817499,339141,103067,442208,completed,72
22744,Rigid,1375312,1375312,1375378,0,66,66,completed,36
22745,Rigid,1375351,1375351,1375353,0,2,2,completed,1
22746,Rigid,1375530,1383288,1385261,7758,1973,9731,completed,36
22747,Rigid,1375537,1383288,1429675,7751,46387,54138,completed,36
22748,Rigid,1375616,1375616,1375636,0,20,20,completed,36
22749,Rigid,1375703,1375704,1379315,1,3611,3612,completed,36
22750,Rigid,1375861,1375862,1375939,1,77,78,completed,36
22751,Rigid,1376016,1376045,1623267,29,247222,247251,completed,1
22752,Rigid,1376035,1376036,1376109,1,73,74,completed,36
22753,Rigid,1376076,1376105,1392686,29,16581,16610,completed,26
22754,Rigid,1376102,1383288,1451054,7186,67766,74952,completed,36
22755,Rigid,1376153,1376153,1376224,0,71,71,completed,36
22756,Rigid,1376297,1376298,1376365,1,67,68,completed,36
22757,Rigid,1376502,1376503,1376505,1,2,3,completed,1
22758,Rigid,1376528,1376528,1376530,0,2,2,completed,1
22759,Rigid,1376532,1385108,1396748,8576,11640,20216,completed,144
22760,Rigid,1376546,1376556,1376558,10,2,12,completed,1
22761,Rigid,1376552,1376556,1376558,4,2,6,completed,1
22762,Rigid,1376609,1376609,1376676,0,67,67,completed,36
22763,Rigid,1376619,1376646,1380377,27,3731,3758,completed,1
22764,Rigid,1376624,1376646,1376654,22,8,30,completed,1
22765,Rigid,1376631,1376646,1380309,15,3663,3678,completed,1
22766,Rigid,1376637,1376646,1380307,9,3661,3670,completed,1
22767,Rigid,1376762,1376762,1376829,0,67,67,completed,36
22768,Rigid,1376841,1376842,1376851,1,9,10,completed,2
22769,Rigid,1376842,1376842,1376851,0,9,9,completed,2
22770,Rigid,1376842,1376842,1376851,0,9,9,completed,2
22771,Rigid,1376842,1376842,1376851,0,9,9,completed,2
22772,Rigid,1376843,1376846,1376851,3,5,8,completed,2
22773,Rigid,1376844,1376846,1376851,2,5,7,completed,2
22774,Rigid,1376844,1376846,1376851,2,5,7,completed,2
22775,Rigid,1376844,1376846,1376851,2,5,7,completed,2
22776,Rigid,1376844,1376846,1376851,2,5,7,completed,2
22777,Rigid,1376844,1376846,1376851,2,5,7,completed,2
22778,Rigid,1376844,1376846,1376851,2,5,7,completed,2
22779,Rigid,1376844,1376846,1376851,2,5,7,completed,2
22780,Rigid,1376844,1376846,1376851,2,5,7,completed,2
22781,Rigid,1376844,1376846,1376851,2,5,7,completed,2
22782,Rigid,1376844,1376846,1376851,2,5,7,completed,2
22783,Rigid,1376844,1376846,1376851,2,5,7,completed,2
22784,Rigid,1376844,1376846,1376851,2,5,7,completed,2
22785,Rigid,1376844,1376846,1376851,2,5,7,completed,2
22786,Rigid,1376844,1376846,1376851,2,5,7,completed,2
22787,Rigid,1376844,1376846,1376851,2,5,7,completed,2
22788,Rigid,1376844,1376846,1376851,2,5,7,completed,2
22789,Rigid,1376844,1376846,1376851,2,5,7,completed,2
22790,Rigid,1376844,1376846,1376851,2,5,7,completed,2
22791,Rigid,1376844,1376846,1376851,2,5,7,completed,2
22792,Rigid,1376844,1376846,1376851,2,5,7,completed,2
22793,Rigid,1376844,1376846,1376851,2,5,7,completed,2
22794,Rigid,1376844,1376846,1376851,2,5,7,completed,2
22795,Rigid,1376844,1376846,1376851,2,5,7,completed,2
22796,Rigid,1376844,1376846,1376851,2,5,7,completed,2
22797,Rigid,1376844,1376846,1376851,2,5,7,completed,2
22798,Rigid,1376844,1376846,1376851,2,5,7,completed,2
22799,Rigid,1376844,1376846,1376851,2,5,7,completed,2
22800,Rigid,1376910,1376911,1376978,1,67,68,completed,36
22801,Rigid,1377046,1379318,1724921,2272,345603,347875,completed,144
22802,Rigid,1377066,1377067,1377088,1,21,22,completed,36
22803,Rigid,1377101,1383288,1389958,6187,6670,12857,completed,72
22804,Rigid,1377107,1385108,1396331,8001,11223,19224,completed,144
22805,Rigid,1377114,1383288,1408479,6174,25191,31365,completed,72
22806,Rigid,1377134,1377157,1377159,23,2,25,completed,1
22807,Rigid,1377139,1383288,1437881,6149,54593,60742,completed,72
22808,Rigid,1377159,1377187,1377190,28,3,31,completed,1
22809,Rigid,1377175,1377187,1377189,12,2,14,completed,1
22810,Rigid,1377179,1377180,1377246,1,66,67,completed,36
22811,Rigid,1377190,1377217,1377219,27,2,29,completed,1
22812,Rigid,1377206,1377217,1377220,11,3,14,completed,1
22813,Rigid,1377350,1377350,1377356,0,6,6,completed,2
22814,Rigid,1377350,1377350,1377356,0,6,6,completed,2
22815,Rigid,1377350,1377350,1377356,0,6,6,completed,2
22816,Rigid,1377350,1377350,1377356,0,6,6,completed,2
22817,Rigid,1377350,1377350,1377356,0,6,6,completed,2
22818,Rigid,1377350,1377350,1377356,0,6,6,completed,2
22819,Rigid,1377350,1377350,1377356,0,6,6,completed,2
22820,Rigid,1377350,1377354,1377359,4,5,9,completed,2
22821,Rigid,1377350,1377354,1377359,4,5,9,completed,2
22822,Rigid,1377350,1377354,1377359,4,5,9,completed,2
22823,Rigid,1377350,1377354,1377359,4,5,9,completed,2
22824,Rigid,1377350,1377354,1377359,4,5,9,completed,2
22825,Rigid,1377350,1377354,1377359,4,5,9,completed,2
22826,Rigid,1377350,1377354,1377359,4,5,9,completed,2
22827,Rigid,1377350,1377354,1377359,4,5,9,completed,2
22828,Rigid,1377350,1377354,1377359,4,5,9,completed,2
22829,Rigid,1377350,1377354,1377359,4,5,9,completed,2
22830,Rigid,1377350,1377354,1377359,4,5,9,completed,2
22831,Rigid,1377350,1377354,1377359,4,5,9,completed,2
22832,Rigid,1377350,1377354,1377359,4,5,9,completed,2
22833,Rigid,1377350,1377354,1377359,4,5,9,completed,2
22834,Rigid,1377350,1377354,1377359,4,5,9,completed,2
22835,Rigid,1377350,1377354,1377359,4,5,9,completed,2
22836,Rigid,1377350,1377354,1377359,4,5,9,completed,2
22837,Rigid,1377350,1377354,1377359,4,5,9,completed,2
22838,Rigid,1377351,1377354,1377359,3,5,8,completed,2
22839,Rigid,1377351,1377354,1377359,3,5,8,completed,2
22840,Rigid,1377351,1377354,1377359,3,5,8,completed,2
22841,Rigid,1377351,1377354,1377359,3,5,8,completed,2
22842,Rigid,1377351,1377354,1377359,3,5,8,completed,2
22843,Rigid,1377351,1377354,1377359,3,5,8,completed,2
22844,Rigid,1377351,1377354,1377359,3,5,8,completed,2
22845,Rigid,1377402,1377428,1377431,26,3,29,completed,1
22846,Rigid,1377414,1377428,1377430,14,2,16,completed,1
22847,Rigid,1377583,1377608,1377610,25,2,27,completed,1
22848,Rigid,1377649,1377668,1377670,19,2,21,completed,1
22849,Rigid,1377652,1377668,1377671,16,3,19,completed,1
22850,Rigid,1377707,1377708,1377988,1,280,281,completed,2
22851,Rigid,1377707,1377708,1377714,1,6,7,completed,2
22852,Rigid,1377707,1377708,1377980,1,272,273,completed,2
22853,Rigid,1377707,1377708,1377714,1,6,7,completed,2
22854,Rigid,1377707,1377708,1377978,1,270,271,completed,2
22855,Rigid,1377707,1377708,1377714,1,6,7,completed,2
22856,Rigid,1377707,1377708,1377981,1,273,274,completed,2
22857,Rigid,1377707,1377708,1377972,1,264,265,completed,2
22858,Rigid,1377707,1377708,1377714,1,6,7,completed,2
22859,Rigid,1377707,1377708,1377980,1,272,273,completed,2
22860,Rigid,1377708,1377708,1377714,0,6,6,completed,2
22861,Rigid,1377708,1377708,1377983,0,275,275,completed,2
22862,Rigid,1377708,1377708,1377714,0,6,6,completed,2
22863,Rigid,1377708,1377708,1377714,0,6,6,completed,2
22864,Rigid,1377708,1377708,1377714,0,6,6,completed,2
22865,Rigid,1377708,1377708,1377980,0,272,272,completed,2
22866,Rigid,1377708,1377708,1377714,0,6,6,completed,2
22867,Rigid,1377708,1377708,1377714,0,6,6,completed,2
22868,Rigid,1377708,1377708,1377978,0,270,270,completed,2
22869,Rigid,1377708,1377708,1377968,0,260,260,completed,2
22870,Rigid,1377708,1377708,1377714,0,6,6,completed,2
22871,Rigid,1377708,1377708,1377975,0,267,267,completed,2
22872,Rigid,1377708,1377708,1377714,0,6,6,completed,2
22873,Rigid,1377708,1377708,1377978,0,270,270,completed,2
22874,Rigid,1377708,1377708,1377714,0,6,6,completed,2
22875,Rigid,1377708,1377712,1377717,4,5,9,completed,2
22876,Rigid,1377708,1377712,1377980,4,268,272,completed,2
22877,Rigid,1377708,1377712,1377987,4,275,279,completed,2
22878,Rigid,1377708,1377712,1377717,4,5,9,completed,2
22879,Rigid,1377708,1377712,1377972,4,260,264,completed,2
22880,Rigid,1377708,1377712,1377717,4,5,9,completed,2
22881,Rigid,1377708,1377712,1377981,4,269,273,completed,2
22882,Rigid,1377854,1386494,1397570,8640,11076,19716,completed,144
22883,Rigid,1378015,1383288,1385296,5273,2008,7281,completed,36
22884,Rigid,1378019,1383288,1431440,5269,48152,53421,completed,36
22885,Rigid,1378304,1383288,1387644,4984,4356,9340,completed,72
22886,Rigid,1378326,1714432,1793265,336106,78833,414939,completed,36
22887,Rigid,1378331,1383288,1387674,4957,4386,9343,completed,72
22888,Rigid,1378570,1378571,1378573,1,2,3,completed,1
22889,Rigid,1378618,1378618,1378624,0,6,6,completed,1
22890,Rigid,1378650,1378661,1378663,11,2,13,completed,1
22891,Rigid,1378672,1378673,1378699,1,26,27,completed,1
22892,Rigid,1378784,1378811,1386483,27,7672,7699,completed,1
22893,Rigid,1378898,1381892,1492162,2994,110270,113264,completed,36
22894,Rigid,1378914,1378914,1378939,0,25,25,completed,1
22895,Rigid,1379069,1379070,1379095,1,25,26,completed,1
22896,Rigid,1379195,1387699,1398829,8504,11130,19634,completed,144
22897,Rigid,1379291,1388063,1400388,8772,12325,21097,completed,144
22898,Rigid,1379371,1391645,1412254,12274,20609,32883,completed,144
22899,Rigid,1379565,1379565,1379614,0,49,49,completed,1
22900,Rigid,1380340,1380341,1380416,1,75,76,completed,36
22901,Rigid,1380350,1380418,1380493,68,75,143,completed,36
22902,Rigid,1380420,1380494,1380571,74,77,151,completed,36
22903,Rigid,1380501,1380572,1380649,71,77,148,completed,36
22904,Rigid,1380571,1380650,1380726,79,76,155,completed,36
22905,Rigid,1380652,1380728,1380803,76,75,151,completed,36
22906,Rigid,1380732,1380804,1380879,72,75,147,completed,36
22907,Rigid,1380812,1383001,1392932,2189,9931,12120,completed,36
22908,Rigid,1380812,1380881,1380957,69,76,145,completed,36
22909,Rigid,1380858,1391645,1397379,10787,5734,16521,completed,144
22910,Rigid,1380883,1380959,1381035,76,76,152,completed,36
22911,Rigid,1380963,1381036,1381112,73,76,149,completed,36
22912,Rigid,1381000,1383084,1384103,2084,1019,3103,completed,36
22913,Rigid,1381314,1381315,1381348,1,33,34,completed,1
22914,Rigid,1381628,1381628,1381661,0,33,33,completed,1
22915,Rigid,1381772,1381772,1381803,0,31,31,completed,36
22916,Rigid,1381883,1383288,1386490,1405,3202,4607,completed,144
22917,Rigid,1384172,1384174,1389548,2,5374,5376,completed,144
22918,Rigid,1384270,1384270,1384378,0,108,108,completed,288
22919,Rigid,1384289,1384290,1387895,1,3605,3606,completed,36
22920,Rigid,1384460,1384460,1384537,0,77,77,completed,36
22921,Rigid,1384470,1384539,1384617,69,78,147,completed,36
22922,Rigid,1384540,1384618,1384690,78,72,150,completed,36
22923,Rigid,1384577,1384578,1384791,1,213,214,completed,288
22924,Rigid,1384621,1384691,1384769,70,78,148,completed,36
22925,Rigid,1384691,1384771,1384852,80,81,161,completed,36
22926,Rigid,1384772,1384854,1384931,82,77,159,completed,36
22927,Rigid,1384854,1391645,1402386,6791,10741,17532,completed,144
22928,Rigid,1384862,1384932,1385009,70,77,147,completed,36
22929,Rigid,1384933,1385011,1385088,78,77,155,completed,36
22930,Rigid,1384958,1391645,1402125,6687,10480,17167,completed,144
22931,Rigid,1385013,1385089,1385167,76,78,154,completed,36
22932,Rigid,1385094,1385168,1385247,74,79,153,completed,36
22933,Rigid,1385348,1385349,1385368,1,19,20,completed,36
22934,Rigid,1385653,1385653,1385866,0,213,213,completed,288
22935,Rigid,1386166,1391645,1391650,5479,5,5484,completed,144
22936,Rigid,1386335,1386339,1386549,4,210,214,completed,288
22937,Rigid,1386697,1386699,1386913,2,214,216,completed,288
22938,Rigid,1386939,1391645,1737253,4706,345608,350314,completed,360
22939,Rigid,1386940,1391651,1737253,4711,345602,350313,completed,360
22940,Rigid,1386940,1399925,1729589,12985,329664,342649,completed,360
22941,Rigid,1386941,1403842,1729741,16901,325899,342800,completed,360
22942,Rigid,1386941,1406176,1714405,19235,308229,327464,completed,360
22943,Rigid,1386941,1414270,1690580,27329,276310,303639,completed,360
22944,Rigid,1386942,1414992,1436519,28050,21527,49577,completed,360
22945,Rigid,1386942,1437882,1783502,50940,345620,396560,completed,360
22946,Rigid,1387062,1387063,1387331,1,268,269,completed,36
22947,Rigid,1387609,1387609,1388825,0,1216,1216,completed,36
22948,Rigid,1388828,1388828,1389188,0,360,360,completed,36
22949,Rigid,1389054,1389054,1389081,0,27,27,completed,36
22950,Rigid,1389256,1389257,1392745,1,3488,3489,completed,36
22951,Rigid,1389879,1389900,1397411,21,7511,7532,completed,144
22952,Rigid,1390095,1390096,1390403,1,307,308,completed,36
22953,Rigid,1390229,1390230,1390251,1,21,22,completed,36
22954,Rigid,1390491,1390491,1390558,0,67,67,completed,36
22955,Rigid,1390569,1390569,1390648,0,79,79,completed,36
22956,Rigid,1390670,1390671,1736293,1,345622,345623,completed,36
22957,Rigid,1390725,1390725,1390792,0,67,67,completed,36
22958,Rigid,1390775,1390793,1390863,18,70,88,completed,36
22959,Rigid,1392677,1395980,1396191,3303,211,3514,completed,288
22960,Rigid,1393306,1393306,1393373,0,67,67,completed,36
22961,Rigid,1393511,1393511,1393533,0,22,22,completed,36
22962,Rigid,1393617,1393618,1393652,1,34,35,completed,36
22963,Rigid,1393898,1393901,1394774,3,873,876,completed,26
22964,Rigid,1393977,1393978,1394045,1,67,68,completed,36
22965,Rigid,1394464,1394464,1394537,0,73,73,completed,36
22966,Rigid,1395155,1396192,1740089,1037,343897,344934,completed,288
22967,Rigid,1395520,1395521,1395556,1,35,36,completed,36
22968,Rigid,1395616,1397046,1397062,1430,16,1446,completed,72
22969,Rigid,1395849,1395850,1395916,1,66,67,completed,36
22970,Rigid,1396015,1396749,1618914,734,222165,222899,completed,288
22971,Rigid,1396154,1397876,1397912,1722,36,1758,completed,36
22972,Rigid,1396331,1411858,1422919,15527,11061,26588,completed,144
22973,Rigid,1396748,1418615,1428794,21867,10179,32046,completed,144
22974,Rigid,1396775,1396775,1396809,0,34,34,completed,1
22975,Rigid,1396905,1396906,1396933,1,27,28,completed,36
22976,Rigid,1396995,1396996,1397011,1,15,16,completed,36
22977,Rigid,1396996,1397000,1397135,4,135,139,completed,36
22978,Rigid,1397023,1397023,1397059,0,36,36,completed,36
22979,Rigid,1397068,1397068,1397103,0,35,35,completed,36
22980,Rigid,1397103,1397104,1397255,1,151,152,completed,36
22981,Rigid,1397137,1397139,1397255,2,116,118,completed,36
22982,Rigid,1397221,1397222,1397343,1,121,122,completed,36
22983,Rigid,1397301,1397301,1397339,0,38,38,completed,1
22984,Rigid,1397331,1397344,1397465,13,121,134,completed,36
22985,Rigid,1397431,1397431,1397599,0,168,168,completed,36
22986,Rigid,1397436,1397439,1397593,3,154,157,completed,36
22987,Rigid,1397554,1397554,1397621,0,67,67,completed,36
22988,Rigid,1397570,1421080,1432794,23510,11714,35224,completed,144
22989,Rigid,1397596,1397605,1397864,9,259,268,completed,26
22990,Rigid,1397628,1397629,1397643,1,14,15,completed,1
22991,Rigid,1397739,1397740,1397754,1,14,15,completed,1
22992,Rigid,1397820,1397820,1397835,0,15,15,completed,1
22993,Rigid,1397827,1397827,1397897,0,70,70,completed,36
22994,Rigid,1397895,1397895,1397910,0,15,15,completed,1
22995,Rigid,1397948,1397948,1397956,0,8,8,completed,36
22996,Rigid,1397966,1397966,1397985,0,19,19,completed,1
22997,Rigid,1398027,1398028,1398042,1,14,15,completed,1
22998,Rigid,1398080,1398081,1398088,1,7,8,completed,36
22999,Rigid,1398119,1398119,1398122,0,3,3,completed,36
23000,Rigid,1398120,1398123,1398137,3,14,17,completed,1
23001,Rigid,1398154,1398154,1398162,0,8,8,completed,36
23002,Rigid,1398178,1422921,1520961,24743,98040,122783,completed,144
23003,Rigid,1398182,1423840,1523202,25658,99362,125020,completed,144
23004,Rigid,1398185,1428795,1537241,30610,108446,139056,completed,144
23005,Rigid,1398216,1398219,1398226,3,7,10,completed,36
23006,Rigid,1398282,1398283,1398290,1,7,8,completed,36
23007,Rigid,1398345,1398346,1398354,1,8,9,completed,36
23008,Rigid,1398829,1431442,1442702,32613,11260,43873,completed,144
23009,Rigid,1398895,1398896,1398910,1,14,15,completed,1
23010,Rigid,1398901,1398901,1398929,0,28,28,completed,36
23011,Rigid,1398968,1398969,1398976,1,7,8,completed,36
23012,Rigid,1399023,1399024,1399550,1,526,527,completed,36
23013,Rigid,1399030,1399030,1399550,0,520,520,completed,36
23014,Rigid,1399495,1399495,1399509,0,14,14,completed,1
23015,Rigid,1399579,1399580,1418199,1,18619,18620,completed,36
23016,Rigid,1399585,1399585,1399613,0,28,28,completed,1
23017,Rigid,1399590,1399591,1401380,1,1789,1790,completed,36
23018,Rigid,1399644,1399645,1399723,1,78,79,completed,36
23019,Rigid,1400004,1400005,1400033,1,28,29,completed,36
23020,Rigid,1400038,1400039,1400139,1,100,101,completed,36
23021,Rigid,1400080,1400080,1400091,0,11,11,completed,144
23022,Rigid,1400128,1400129,1418614,1,18485,18486,completed,144
23023,Rigid,1400143,1400143,1400220,0,77,77,completed,36
23024,Rigid,1400234,1400234,1400311,0,77,77,completed,36
23025,Rigid,1400322,1400323,1400393,1,70,71,completed,36
23026,Rigid,1400388,1432795,1444707,32407,11912,44319,completed,144
23027,Rigid,1400404,1400404,1400470,0,66,66,completed,36
23028,Rigid,1400683,1400683,1401549,0,866,866,completed,36
23029,Rigid,1400894,1400894,1400896,0,2,2,completed,36
23030,Rigid,1401016,1401017,1401092,1,75,76,completed,36
23031,Rigid,1401234,1401234,1401281,0,47,47,completed,36
23032,Rigid,1401268,1401268,1409990,0,8722,8722,completed,1
23033,Rigid,1401268,1401269,1413738,1,12469,12470,completed,1
23034,Rigid,1401268,1401269,1408962,1,7693,7694,completed,1
23035,Rigid,1401268,1401269,1414380,1,13111,13112,completed,1
23036,Rigid,1401268,1401269,1408715,1,7446,7447,completed,1
23037,Rigid,1401268,1401269,1414299,1,13030,13031,completed,1
23038,Rigid,1401268,1401269,1408829,1,7560,7561,completed,1
23039,Rigid,1401268,1401269,1413760,1,12491,12492,completed,1
23040,Rigid,1401268,1401269,1409014,1,7745,7746,completed,1
23041,Rigid,1401268,1401269,1412883,1,11614,11615,completed,1
23042,Rigid,1401268,1401269,1408679,1,7410,7411,completed,1
23043,Rigid,1401268,1401269,1414991,1,13722,13723,completed,1
23044,Rigid,1401268,1401269,1409206,1,7937,7938,completed,1
23045,Rigid,1401268,1401269,1413983,1,12714,12715,completed,1
23046,Rigid,1401268,1401269,1408572,1,7303,7304,completed,1
23047,Rigid,1401268,1401269,1412455,1,11186,11187,completed,1
23048,Rigid,1401268,1401269,1409064,1,7795,7796,completed,1
23049,Rigid,1401268,1401269,1414539,1,13270,13271,completed,1
23050,Rigid,1401268,1401269,1409958,1,8689,8690,completed,1
23051,Rigid,1401268,1401269,1414630,1,13361,13362,completed,1
23052,Rigid,1401268,1401269,1408800,1,7531,7532,completed,1
23053,Rigid,1401268,1401269,1413618,1,12349,12350,completed,1
23054,Rigid,1401268,1401269,1408718,1,7449,7450,completed,1
23055,Rigid,1401268,1401269,1413812,1,12543,12544,completed,1
23056,Rigid,1401268,1401269,1408869,1,7600,7601,completed,1
23057,Rigid,1401268,1401269,1414014,1,12745,12746,completed,1
23058,Rigid,1401268,1401269,1408958,1,7689,7690,completed,1
23059,Rigid,1401268,1401269,1414382,1,13113,13114,completed,1
23060,Rigid,1401268,1401269,1408501,1,7232,7233,completed,1
23061,Rigid,1401268,1401269,1413503,1,12234,12235,completed,1
23062,Rigid,1401268,1401269,1408928,1,7659,7660,completed,1
23063,Rigid,1401268,1401269,1416214,1,14945,14946,completed,1
23064,Rigid,1401268,1401269,1408789,1,7520,7521,completed,1
23065,Rigid,1401268,1401275,1414105,7,12830,12837,completed,1
23066,Rigid,1401268,1401275,1408779,7,7504,7511,completed,1
23067,Rigid,1401268,1401275,1414874,7,13599,13606,completed,1
23068,Rigid,1401268,1401275,1409132,7,7857,7864,completed,1
23069,Rigid,1401268,1401275,1413362,7,12087,12094,completed,1
23070,Rigid,1401268,1401275,1409389,7,8114,8121,completed,1
23071,Rigid,1401268,1401275,1413891,7,12616,12623,completed,1
23072,Rigid,1401268,1401275,1409083,7,7808,7815,completed,1
23073,Rigid,1401268,1401275,1413128,7,11853,11860,completed,1
23074,Rigid,1401268,1401275,1408886,7,7611,7618,completed,1
23075,Rigid,1401268,1401275,1414313,7,13038,13045,completed,1
23076,Rigid,1401268,1401275,1408929,7,7654,7661,completed,1
23077,Rigid,1401268,1401275,1414695,7,13420,13427,completed,1
23078,Rigid,1401268,1401275,1409231,7,7956,7963,completed,1
23079,Rigid,1401268,1401275,1413263,7,11988,11995,completed,1
23080,Rigid,1401268,1401275,1409083,7,7808,7815,completed,1
23081,Rigid,1401268,1401275,1413848,7,12573,12580,completed,1
23082,Rigid,1401268,1401275,1408978,7,7703,7710,completed,1
23083,Rigid,1401268,1401275,1414281,7,13006,13013,completed,1
23084,Rigid,1401268,1401275,1408813,7,7538,7545,completed,1
23085,Rigid,1401268,1401275,1415026,7,13751,13758,completed,1
23086,Rigid,1401268,1401275,1408960,7,7685,7692,completed,1
23087,Rigid,1401268,1401275,1413818,7,12543,12550,completed,1
23088,Rigid,1401268,1401275,1409062,7,7787,7794,completed,1
23089,Rigid,1401268,1401275,1414411,7,13136,13143,completed,1
23090,Rigid,1401268,1401275,1408660,7,7385,7392,completed,1
23091,Rigid,1401268,1401275,1414251,7,12976,12983,completed,1
23092,Rigid,1401268,1401275,1408757,7,7482,7489,completed,1
23093,Rigid,1401268,1401275,1413941,7,12666,12673,completed,1
23094,Rigid,1401268,1401275,1408725,7,7450,7457,completed,1
23095,Rigid,1401268,1401275,1414682,7,13407,13414,completed,1
23096,Rigid,1401268,1401275,1409049,7,7774,7781,completed,1
23097,Rigid,1401268,1401275,1413871,7,12596,12603,completed,1
23098,Rigid,1401268,1401275,1408527,7,7252,7259,completed,1
23099,Rigid,1401268,1401275,1413662,7,12387,12394,completed,1
23100,Rigid,1401268,1401275,1408863,7,7588,7595,completed,1
23101,Rigid,1401268,1401275,1417714,7,16439,16446,completed,1
23102,Rigid,1401268,1401275,1409283,7,8008,8015,completed,1
23103,Rigid,1401268,1401275,1414022,7,12747,12754,completed,1
23104,Rigid,1401268,1401275,1408808,7,7533,7540,completed,1
23105,Rigid,1401268,1401275,1414417,7,13142,13149,completed,1
23106,Rigid,1401268,1401275,1408937,7,7662,7669,completed,1
23107,Rigid,1401268,1401275,1414564,7,13289,13296,completed,1
23108,Rigid,1401268,1401275,1408800,7,7525,7532,completed,1
23109,Rigid,1401268,1401275,1414445,7,13170,13177,completed,1
23110,Rigid,1401268,1401275,1408772,7,7497,7504,completed,1
23111,Rigid,1401268,1401275,1414532,7,13257,13264,completed,1
23112,Rigid,1401268,1401275,1408757,7,7482,7489,completed,1
23113,Rigid,1401268,1401275,1415397,7,14122,14129,completed,1
23114,Rigid,1401268,1401275,1408743,7,7468,7475,completed,1
23115,Rigid,1401268,1401275,1414567,7,13292,13299,completed,1
23116,Rigid,1401268,1401275,1408501,7,7226,7233,completed,1
23117,Rigid,1401268,1401275,1415237,7,13962,13969,completed,1
23118,Rigid,1401268,1401275,1409283,7,8008,8015,completed,1
23119,Rigid,1401268,1401275,1415095,7,13820,13827,completed,1
23120,Rigid,1401268,1401275,1410097,7,8822,8829,completed,1
23121,Rigid,1401268,1401275,1414789,7,13514,13521,completed,1
23122,Rigid,1401268,1401275,1408886,7,7611,7618,completed,1
23123,Rigid,1401268,1401275,1414115,7,12840,12847,completed,1
23124,Rigid,1401268,1401275,1408892,7,7617,7624,completed,1
23125,Rigid,1401268,1401275,1413853,7,12578,12585,completed,1
23126,Rigid,1401268,1401275,1409214,7,7939,7946,completed,1
23127,Rigid,1401268,1401275,1413251,7,11976,11983,completed,1
23128,Rigid,1401268,1401275,1408477,7,7202,7209,completed,1
23129,Rigid,1401268,1401275,1414821,7,13546,13553,completed,1
23130,Rigid,1401268,1401275,1408901,7,7626,7633,completed,1
23131,Rigid,1401268,1401275,1414314,7,13039,13046,completed,1
23132,Rigid,1401268,1401275,1406079,7,4804,4811,completed,1
23133,Rigid,1401268,1401275,1411006,7,9731,9738,completed,1
23134,Rigid,1401268,1401275,1406407,7,5132,5139,completed,1
23135,Rigid,1401268,1401275,1410885,7,9610,9617,completed,1
23136,Rigid,1401268,1401275,1406087,7,4812,4819,completed,1
23137,Rigid,1401268,1401275,1410355,7,9080,9087,completed,1
23138,Rigid,1401268,1401275,1406408,7,5133,5140,completed,1
23139,Rigid,1401268,1401275,1411315,7,10040,10047,completed,1
23140,Rigid,1401268,1401275,1406322,7,5047,5054,completed,1
23141,Rigid,1401268,1401275,1411357,7,10082,10089,completed,1
23142,Rigid,1401268,1401275,1406157,7,4882,4889,completed,1
23143,Rigid,1401268,1401275,1410215,7,8940,8947,completed,1
23144,Rigid,1401268,1401275,1406310,7,5035,5042,completed,1
23145,Rigid,1401268,1401275,1411003,7,9728,9735,completed,1
23146,Rigid,1401268,1401275,1406162,7,4887,4894,completed,1
23147,Rigid,1401268,1401275,1410142,7,8867,8874,completed,1
23148,Rigid,1401268,1401275,1406179,7,4904,4911,completed,1
23149,Rigid,1401268,1401275,1410872,7,9597,9604,completed,1
23150,Rigid,1401268,1401275,1406447,7,5172,5179,completed,1
23151,Rigid,1401268,1401275,1410680,7,9405,9412,completed,1
23152,Rigid,1401268,1401275,1406376,7,5101,5108,completed,1
23153,Rigid,1401268,1401275,1409508,7,8233,8240,completed,1
23154,Rigid,1401268,1401275,1406157,7,4882,4889,completed,1
23155,Rigid,1401268,1401275,1411307,7,10032,10039,completed,1
23156,Rigid,1401268,1401275,1407200,7,5925,5932,completed,1
23157,Rigid,1401268,1401275,1411979,7,10704,10711,completed,1
23158,Rigid,1401268,1401275,1406901,7,5626,5633,completed,1
23159,Rigid,1401268,1401275,1411112,7,9837,9844,completed,1
23160,Rigid,1401268,1401275,1406610,7,5335,5342,completed,1
23161,Rigid,1401268,1401275,1410891,7,9616,9623,completed,1
23162,Rigid,1401268,1401275,1406193,7,4918,4925,completed,1
23163,Rigid,1401268,1401276,1410345,8,9069,9077,completed,1
23164,Rigid,1401268,1401276,1406105,8,4829,4837,completed,1
23165,Rigid,1401268,1401276,1411222,8,9946,9954,completed,1
23166,Rigid,1401268,1401276,1406251,8,4975,4983,completed,1
23167,Rigid,1401268,1401276,1410459,8,9183,9191,completed,1
23168,Rigid,1401268,1401276,1406153,8,4877,4885,completed,1
23169,Rigid,1401268,1401276,1410652,8,9376,9384,completed,1
23170,Rigid,1401268,1401276,1406121,8,4845,4853,completed,1
23171,Rigid,1401268,1401276,1411638,8,10362,10370,completed,1
23172,Rigid,1401268,1401276,1406406,8,5130,5138,completed,1
23173,Rigid,1401268,1401276,1409783,8,8507,8515,completed,1
23174,Rigid,1401268,1401276,1406141,8,4865,4873,completed,1
23175,Rigid,1401268,1401276,1409970,8,8694,8702,completed,1
23176,Rigid,1401268,1401276,1406319,8,5043,5051,completed,1
23177,Rigid,1401268,1401276,1409862,8,8586,8594,completed,1
23178,Rigid,1401268,1401276,1407057,8,5781,5789,completed,1
23179,Rigid,1401268,1401276,1410454,8,9178,9186,completed,1
23180,Rigid,1401268,1401276,1406317,8,5041,5049,completed,1
23181,Rigid,1401268,1401276,1410625,8,9349,9357,completed,1
23182,Rigid,1401268,1401276,1406108,8,4832,4840,completed,1
23183,Rigid,1401268,1401276,1409789,8,8513,8521,completed,1
23184,Rigid,1401268,1401276,1406217,8,4941,4949,completed,1
23185,Rigid,1401268,1401276,1410720,8,9444,9452,completed,1
23186,Rigid,1401268,1401276,1406034,8,4758,4766,completed,1
23187,Rigid,1401268,1401276,1409217,8,7941,7949,completed,1
23188,Rigid,1401268,1401276,1406210,8,4934,4942,completed,1
23189,Rigid,1401268,1401276,1410661,8,9385,9393,completed,1
23190,Rigid,1401268,1401276,1406410,8,5134,5142,completed,1
23191,Rigid,1401268,1401276,1410841,8,9565,9573,completed,1
23192,Rigid,1401268,1401276,1406190,8,4914,4922,completed,1
23193,Rigid,1401268,1401276,1410191,8,8915,8923,completed,1
23194,Rigid,1401268,1401276,1406319,8,5043,5051,completed,1
23195,Rigid,1401268,1401276,1411588,8,10312,10320,completed,1
23196,Rigid,1401268,1401276,1406437,8,5161,5169,completed,1
23197,Rigid,1401268,1401276,1409795,8,8519,8527,completed,1
23198,Rigid,1401268,1401276,1406050,8,4774,4782,completed,1
23199,Rigid,1401268,1401276,1410401,8,9125,9133,completed,1
23200,Rigid,1401268,1401276,1406056,8,4780,4788,completed,1
23201,Rigid,1401268,1401276,1410475,8,9199,9207,completed,1
23202,Rigid,1401268,1401276,1406056,8,4780,4788,completed,1
23203,Rigid,1401268,1401276,1409968,8,8692,8700,completed,1
23204,Rigid,1401268,1401276,1406038,8,4762,4770,completed,1
23205,Rigid,1401268,1401276,1409480,8,8204,8212,completed,1
23206,Rigid,1401268,1401276,1406143,8,4867,4875,completed,1
23207,Rigid,1401268,1401276,1410059,8,8783,8791,completed,1
23208,Rigid,1401268,1401276,1406221,8,4945,4953,completed,1
23209,Rigid,1401268,1401276,1410643,8,9367,9375,completed,1
23210,Rigid,1401268,1401276,1405890,8,4614,4622,completed,1
23211,Rigid,1401268,1401276,1411391,8,10115,10123,completed,1
23212,Rigid,1401268,1401276,1406026,8,4750,4758,completed,1
23213,Rigid,1401268,1401276,1411536,8,10260,10268,completed,1
23214,Rigid,1401268,1401276,1406784,8,5508,5516,completed,1
23215,Rigid,1401268,1401276,1411669,8,10393,10401,completed,1
23216,Rigid,1401268,1401276,1406048,8,4772,4780,completed,1
23217,Rigid,1401268,1401276,1410135,8,8859,8867,completed,1
23218,Rigid,1401268,1401276,1405856,8,4580,4588,completed,1
23219,Rigid,1401268,1401276,1410542,8,9266,9274,completed,1
23220,Rigid,1401268,1401276,1406075,8,4799,4807,completed,1
23221,Rigid,1401268,1401276,1410241,8,8965,8973,completed,1
23222,Rigid,1401268,1401276,1406042,8,4766,4774,completed,1
23223,Rigid,1401268,1401276,1410897,8,9621,9629,completed,1
23224,Rigid,1401268,1401276,1406027,8,4751,4759,completed,1
23225,Rigid,1401268,1401276,1410081,8,8805,8813,completed,1
23226,Rigid,1401268,1401276,1406466,8,5190,5198,completed,1
23227,Rigid,1401268,1401276,1410583,8,9307,9315,completed,1
23228,Rigid,1401268,1401276,1406049,8,4773,4781,completed,1
23229,Rigid,1401268,1401276,1411038,8,9762,9770,completed,1
23230,Rigid,1401268,1401276,1406035,8,4759,4767,completed,1
23231,Rigid,1401268,1401276,1409753,8,8477,8485,completed,1
23232,Rigid,1401268,1401276,1423849,8,22573,22581,completed,1
23233,Rigid,1401268,1401276,1469667,8,68391,68399,completed,1
23234,Rigid,1401268,1401276,1422953,8,21677,21685,completed,1
23235,Rigid,1401268,1401276,1461906,8,60630,60638,completed,1
23236,Rigid,1401268,1401276,1422952,8,21676,21684,completed,1
23237,Rigid,1401268,1401276,1474236,8,72960,72968,completed,1
23238,Rigid,1401268,1401276,1422609,8,21333,21341,completed,1
23239,Rigid,1401268,1401276,1467783,8,66507,66515,completed,1
23240,Rigid,1401268,1401276,1422758,8,21482,21490,completed,1
23241,Rigid,1401268,1401276,1470213,8,68937,68945,completed,1
23242,Rigid,1401268,1401276,1422983,8,21707,21715,completed,1
23243,Rigid,1401268,1401276,1469765,8,68489,68497,completed,1
23244,Rigid,1401268,1401276,1424142,8,22866,22874,completed,1
23245,Rigid,1401268,1401276,1471712,8,70436,70444,completed,1
23246,Rigid,1401268,1401276,1422733,8,21457,21465,completed,1
23247,Rigid,1401268,1401276,1468200,8,66924,66932,completed,1
23248,Rigid,1401268,1401276,1422737,8,21461,21469,completed,1
23249,Rigid,1401268,1401276,1472897,8,71621,71629,completed,1
23250,Rigid,1401268,1401276,1425894,8,24618,24626,completed,1
23251,Rigid,1401268,1401276,1471739,8,70463,70471,completed,1
23252,Rigid,1401268,1401276,1423063,8,21787,21795,completed,1
23253,Rigid,1401268,1401276,1472422,8,71146,71154,completed,1
23254,Rigid,1401268,1401276,1422536,8,21260,21268,completed,1
23255,Rigid,1401268,1401276,1468835,8,67559,67567,completed,1
23256,Rigid,1401268,1401276,1422517,8,21241,21249,completed,1
23257,Rigid,1401268,1401276,1470610,8,69334,69342,completed,1
23258,Rigid,1401268,1401276,1422746,8,21470,21478,completed,1
23259,Rigid,1401268,1401276,1464219,8,62943,62951,completed,1
23260,Rigid,1401268,1401276,1423309,8,22033,22041,completed,1
23261,Rigid,1401268,1401276,1467773,8,66497,66505,completed,1
23262,Rigid,1401268,1401276,1423902,8,22626,22634,completed,1
23263,Rigid,1401268,1401276,1473649,8,72373,72381,completed,1
23264,Rigid,1401268,1401276,1422698,8,21422,21430,completed,1
23265,Rigid,1401268,1401276,1465120,8,63844,63852,completed,1
23266,Rigid,1401268,1401276,1424400,8,23124,23132,completed,1
23267,Rigid,1401268,1401276,1472870,8,71594,71602,completed,1
23268,Rigid,1401268,1401276,1423881,8,22605,22613,completed,1
23269,Rigid,1401268,1401276,1472877,8,71601,71609,completed,1
23270,Rigid,1401268,1401276,1423920,8,22644,22652,completed,1
23271,Rigid,1401268,1401276,1470712,8,69436,69444,completed,1
23272,Rigid,1401268,1401276,1423085,8,21809,21817,completed,1
23273,Rigid,1401268,1401276,1469352,8,68076,68084,completed,1
23274,Rigid,1401268,1401276,1423226,8,21950,21958,completed,1
23275,Rigid,1401268,1401276,1469714,8,68438,68446,completed,1
23276,Rigid,1401268,1401276,1422949,8,21673,21681,completed,1
23277,Rigid,1401268,1401276,1479735,8,78459,78467,completed,1
23278,Rigid,1401268,1401276,1422822,8,21546,21554,completed,1
23279,Rigid,1401268,1401276,1470652,8,69376,69384,completed,1
23280,Rigid,1401268,1401276,1424323,8,23047,23055,completed,1
23281,Rigid,1401268,1401276,1472177,8,70901,70909,completed,1
23282,Rigid,1401268,1401276,1423035,8,21759,21767,completed,1
23283,Rigid,1401268,1401276,1466683,8,65407,65415,completed,1
23284,Rigid,1401268,1401276,1424598,8,23322,23330,completed,1
23285,Rigid,1401268,1401276,1466919,8,65643,65651,completed,1
23286,Rigid,1401268,1401276,1427466,8,26190,26198,completed,1
23287,Rigid,1401268,1401276,1469384,8,68108,68116,completed,1
23288,Rigid,1401268,1401276,1422607,8,21331,21339,completed,1
23289,Rigid,1401268,1401276,1465592,8,64316,64324,completed,1
23290,Rigid,1401268,1401276,1422517,8,21241,21249,completed,1
23291,Rigid,1401268,1401276,1472298,8,71022,71030,completed,1
23292,Rigid,1401268,1401276,1423072,8,21796,21804,completed,1
23293,Rigid,1401268,1401276,1465133,8,63857,63865,completed,1
23294,Rigid,1401268,1401276,1424824,8,23548,23556,completed,1
23295,Rigid,1401268,1401276,1468223,8,66947,66955,completed,1
23296,Rigid,1401268,1401276,1422779,8,21503,21511,completed,1
23297,Rigid,1401268,1401276,1470838,8,69562,69570,completed,1
23298,Rigid,1401268,1401276,1424238,8,22962,22970,completed,1
23299,Rigid,1401268,1401276,1473794,8,72518,72526,completed,1
23300,Rigid,1401268,1401276,1422812,8,21536,21544,completed,1
23301,Rigid,1401268,1401276,1470501,8,69225,69233,completed,1
23302,Rigid,1401268,1401276,1423212,8,21936,21944,completed,1
23303,Rigid,1401268,1401276,1473265,8,71989,71997,completed,1
23304,Rigid,1401268,1401276,1423900,8,22624,22632,completed,1
23305,Rigid,1401268,1401276,1471795,8,70519,70527,completed,1
23306,Rigid,1401268,1401276,1422634,8,21358,21366,completed,1
23307,Rigid,1401268,1401276,1472880,8,71604,71612,completed,1
23308,Rigid,1401268,1401276,1422895,8,21619,21627,completed,1
23309,Rigid,1401268,1401276,1469276,8,68000,68008,completed,1
23310,Rigid,1401268,1401276,1423369,8,22093,22101,completed,1
23311,Rigid,1401268,1401276,1471524,8,70248,70256,completed,1
23312,Rigid,1401268,1401276,1422907,8,21631,21639,completed,1
23313,Rigid,1401268,1401276,1467142,8,65866,65874,completed,1
23314,Rigid,1401268,1401276,1423382,8,22106,22114,completed,1
23315,Rigid,1401268,1401276,1472137,8,70861,70869,completed,1
23316,Rigid,1401268,1401276,1423830,8,22554,22562,completed,1
23317,Rigid,1401268,1401276,1475913,8,74637,74645,completed,1
23318,Rigid,1401268,1401276,1422756,8,21480,21488,completed,1
23319,Rigid,1401268,1401276,1471524,8,70248,70256,completed,1
23320,Rigid,1401268,1401276,1423483,8,22207,22215,completed,1
23321,Rigid,1401268,1401276,1475264,8,73988,73996,completed,1
23322,Rigid,1401268,1401276,1425838,8,24562,24570,completed,1
23323,Rigid,1401268,1401276,1469856,8,68580,68588,completed,1
23324,Rigid,1401268,1401276,1422611,8,21335,21343,completed,1
23325,Rigid,1401268,1401276,1471526,8,70250,70258,completed,1
23326,Rigid,1401268,1401276,1424135,8,22859,22867,completed,1
23327,Rigid,1401268,1401276,1474212,8,72936,72944,completed,1
23328,Rigid,1401268,1401276,1423230,8,21954,21962,completed,1
23329,Rigid,1401268,1401276,1467027,8,65751,65759,completed,1
23330,Rigid,1401268,1401276,1423103,8,21827,21835,completed,1
23331,Rigid,1401268,1401276,1468549,8,67273,67281,completed,1
23332,Rigid,1401321,1401322,1401352,1,30,31,completed,36
23333,Rigid,1401402,1401402,1401514,0,112,112,completed,36
23334,Rigid,1401429,1401429,1403566,0,2137,2137,completed,1
23335,Rigid,1401429,1401429,1411707,0,10278,10278,completed,1
23336,Rigid,1401429,1401429,1403628,0,2199,2199,completed,1
23337,Rigid,1401429,1401429,1413961,0,12532,12532,completed,1
23338,Rigid,1401429,1401429,1403585,0,2156,2156,completed,1
23339,Rigid,1401429,1401429,1411351,0,9922,9922,completed,1
23340,Rigid,1401429,1401429,1403627,0,2198,2198,completed,1
23341,Rigid,1401429,1401429,1412118,0,10689,10689,completed,1
23342,Rigid,1401429,1401429,1403660,0,2231,2231,completed,1
23343,Rigid,1401429,1401429,1411960,0,10531,10531,completed,1
23344,Rigid,1401429,1401430,1403532,1,2102,2103,completed,1
23345,Rigid,1401429,1401430,1412005,1,10575,10576,completed,1
23346,Rigid,1401429,1401430,1403579,1,2149,2150,completed,1
23347,Rigid,1401429,1401430,1412241,1,10811,10812,completed,1
23348,Rigid,1401429,1401430,1403576,1,2146,2147,completed,1
23349,Rigid,1401429,1401430,1412096,1,10666,10667,completed,1
23350,Rigid,1401429,1401430,1403538,1,2108,2109,completed,1
23351,Rigid,1401429,1401430,1412203,1,10773,10774,completed,1
23352,Rigid,1401429,1401430,1403537,1,2107,2108,completed,1
23353,Rigid,1401429,1401430,1412898,1,11468,11469,completed,1
23354,Rigid,1401429,1401430,1403678,1,2248,2249,completed,1
23355,Rigid,1401429,1401430,1411950,1,10520,10521,completed,1
23356,Rigid,1401429,1401430,1403585,1,2155,2156,completed,1
23357,Rigid,1401429,1401430,1412580,1,11150,11151,completed,1
23358,Rigid,1401429,1401430,1403649,1,2219,2220,completed,1
23359,Rigid,1401429,1401430,1412245,1,10815,10816,completed,1
23360,Rigid,1401429,1401430,1403874,1,2444,2445,completed,1
23361,Rigid,1401429,1401430,1412980,1,11550,11551,completed,1
23362,Rigid,1401429,1401430,1403601,1,2171,2172,completed,1
23363,Rigid,1401429,1401430,1411801,1,10371,10372,completed,1
23364,Rigid,1401429,1401430,1403535,1,2105,2106,completed,1
23365,Rigid,1401429,1401430,1412026,1,10596,10597,completed,1
23366,Rigid,1401429,1401430,1403541,1,2111,2112,completed,1
23367,Rigid,1401429,1401430,1412691,1,11261,11262,completed,1
23368,Rigid,1401429,1401430,1403537,1,2107,2108,completed,1
23369,Rigid,1401429,1401430,1412078,1,10648,10649,completed,1
23370,Rigid,1401429,1401430,1403544,1,2114,2115,completed,1
23371,Rigid,1401429,1401430,1412347,1,10917,10918,completed,1
23372,Rigid,1401429,1401430,1403626,1,2196,2197,completed,1
23373,Rigid,1401429,1401430,1412731,1,11301,11302,completed,1
23374,Rigid,1401429,1401430,1403550,1,2120,2121,completed,1
23375,Rigid,1401429,1401430,1412895,1,11465,11466,completed,1
23376,Rigid,1401429,1401430,1403543,1,2113,2114,completed,1
23377,Rigid,1401429,1401430,1413620,1,12190,12191,completed,1
23378,Rigid,1401429,1401430,1403597,1,2167,2168,completed,1
23379,Rigid,1401429,1401430,1412157,1,10727,10728,completed,1
23380,Rigid,1401429,1401430,1403593,1,2163,2164,completed,1
23381,Rigid,1401429,1401430,1412834,1,11404,11405,completed,1
23382,Rigid,1401429,1401430,1403532,1,2102,2103,completed,1
23383,Rigid,1401429,1401430,1412643,1,11213,11214,completed,1
23384,Rigid,1401429,1401430,1403616,1,2186,2187,completed,1
23385,Rigid,1401429,1401430,1412630,1,11200,11201,completed,1
23386,Rigid,1401429,1401430,1403569,1,2139,2140,completed,1
23387,Rigid,1401429,1401430,1413352,1,11922,11923,completed,1
23388,Rigid,1401429,1401430,1403586,1,2156,2157,completed,1
23389,Rigid,1401429,1401430,1412837,1,11407,11408,completed,1
23390,Rigid,1401429,1401430,1403616,1,2186,2187,completed,1
23391,Rigid,1401429,1401430,1412891,1,11461,11462,completed,1
23392,Rigid,1401429,1401430,1403579,1,2149,2150,completed,1
23393,Rigid,1401429,1401430,1411544,1,10114,10115,completed,1
23394,Rigid,1401429,1401430,1403628,1,2198,2199,completed,1
23395,Rigid,1401429,1401430,1412855,1,11425,11426,completed,1
23396,Rigid,1401429,1401430,1403857,1,2427,2428,completed,1
23397,Rigid,1401429,1401430,1411764,1,10334,10335,completed,1
23398,Rigid,1401429,1401430,1403598,1,2168,2169,completed,1
23399,Rigid,1401429,1401430,1412664,1,11234,11235,completed,1
23400,Rigid,1401429,1401430,1403582,1,2152,2153,completed,1
23401,Rigid,1401429,1401430,1411351,1,9921,9922,completed,1
23402,Rigid,1401429,1401430,1403615,1,2185,2186,completed,1
23403,Rigid,1401429,1401430,1412731,1,11301,11302,completed,1
23404,Rigid,1401429,1401430,1403552,1,2122,2123,completed,1
23405,Rigid,1401429,1401430,1412632,1,11202,11203,completed,1
23406,Rigid,1401429,1401430,1403559,1,2129,2130,completed,1
23407,Rigid,1401429,1401430,1411835,1,10405,10406,completed,1
23408,Rigid,1401429,1401430,1403667,1,2237,2238,completed,1
23409,Rigid,1401429,1401430,1412885,1,11455,11456,completed,1
23410,Rigid,1401429,1401430,1403558,1,2128,2129,completed,1
23411,Rigid,1401429,1401430,1411693,1,10263,10264,completed,1
23412,Rigid,1401429,1401430,1403696,1,2266,2267,completed,1
23413,Rigid,1401429,1401430,1413514,1,12084,12085,completed,1
23414,Rigid,1401429,1401430,1403632,1,2202,2203,completed,1
23415,Rigid,1401429,1401430,1413249,1,11819,11820,completed,1
23416,Rigid,1401429,1401430,1403577,1,2147,2148,completed,1
23417,Rigid,1401429,1401430,1412571,1,11141,11142,completed,1
23418,Rigid,1401429,1401430,1403554,1,2124,2125,completed,1
23419,Rigid,1401429,1401430,1412040,1,10610,10611,completed,1
23420,Rigid,1401429,1401430,1403555,1,2125,2126,completed,1
23421,Rigid,1401429,1401430,1411619,1,10189,10190,completed,1
23422,Rigid,1401429,1401430,1403519,1,2089,2090,completed,1
23423,Rigid,1401429,1401430,1412643,1,11213,11214,completed,1
23424,Rigid,1401429,1401430,1403517,1,2087,2088,completed,1
23425,Rigid,1401429,1401430,1412576,1,11146,11147,completed,1
23426,Rigid,1401429,1401430,1403643,1,2213,2214,completed,1
23427,Rigid,1401429,1401430,1412632,1,11202,11203,completed,1
23428,Rigid,1401429,1401430,1403523,1,2093,2094,completed,1
23429,Rigid,1401429,1401430,1411054,1,9624,9625,completed,1
23430,Rigid,1401429,1401430,1403561,1,2131,2132,completed,1
23431,Rigid,1401429,1401430,1412954,1,11524,11525,completed,1
23432,Rigid,1401429,1401430,1403854,1,2424,2425,completed,1
23433,Rigid,1401429,1401430,1412319,1,10889,10890,completed,1
23434,Rigid,1401429,1401430,1402907,1,1477,1478,completed,1
23435,Rigid,1401429,1401430,1409845,1,8415,8416,completed,1
23436,Rigid,1401429,1401430,1402865,1,1435,1436,completed,1
23437,Rigid,1401429,1401430,1410204,1,8774,8775,completed,1
23438,Rigid,1401429,1401430,1402904,1,1474,1475,completed,1
23439,Rigid,1401429,1401430,1408710,1,7280,7281,completed,1
23440,Rigid,1401429,1401430,1402863,1,1433,1434,completed,1
23441,Rigid,1401429,1401430,1409036,1,7606,7607,completed,1
23442,Rigid,1401429,1401430,1402859,1,1429,1430,completed,1
23443,Rigid,1401429,1401430,1409098,1,7668,7669,completed,1
23444,Rigid,1401429,1401430,1402912,1,1482,1483,completed,1
23445,Rigid,1401429,1401430,1409023,1,7593,7594,completed,1
23446,Rigid,1401429,1401430,1402861,1,1431,1432,completed,1
23447,Rigid,1401429,1401430,1409800,1,8370,8371,completed,1
23448,Rigid,1401429,1401430,1402905,1,1475,1476,completed,1
23449,Rigid,1401429,1401430,1410081,1,8651,8652,completed,1
23450,Rigid,1401429,1401430,1402918,1,1488,1489,completed,1
23451,Rigid,1401429,1401430,1409956,1,8526,8527,completed,1
23452,Rigid,1401429,1401430,1402896,1,1466,1467,completed,1
23453,Rigid,1401429,1401430,1408620,1,7190,7191,completed,1
23454,Rigid,1401429,1401430,1402856,1,1426,1427,completed,1
23455,Rigid,1401429,1401430,1409607,1,8177,8178,completed,1
23456,Rigid,1401429,1401430,1402873,1,1443,1444,completed,1
23457,Rigid,1401429,1401430,1409610,1,8180,8181,completed,1
23458,Rigid,1401429,1401430,1402875,1,1445,1446,completed,1
23459,Rigid,1401429,1401430,1409408,1,7978,7979,completed,1
23460,Rigid,1401429,1401430,1402889,1,1459,1460,completed,1
23461,Rigid,1401429,1401430,1410796,1,9366,9367,completed,1
23462,Rigid,1401429,1401430,1402910,1,1480,1481,completed,1
23463,Rigid,1401429,1401430,1408775,1,7345,7346,completed,1
23464,Rigid,1401429,1401430,1402861,1,1431,1432,completed,1
23465,Rigid,1401429,1401430,1409139,1,7709,7710,completed,1
23466,Rigid,1401429,1401430,1402918,1,1488,1489,completed,1
23467,Rigid,1401429,1401430,1410990,1,9560,9561,completed,1
23468,Rigid,1401429,1401430,1402900,1,1470,1471,completed,1
23469,Rigid,1401429,1401430,1410223,1,8793,8794,completed,1
23470,Rigid,1401429,1401430,1402851,1,1421,1422,completed,1
23471,Rigid,1401429,1401430,1409668,1,8238,8239,completed,1
23472,Rigid,1401429,1401430,1402924,1,1494,1495,completed,1
23473,Rigid,1401429,1401430,1410644,1,9214,9215,completed,1
23474,Rigid,1401429,1401430,1402863,1,1433,1434,completed,1
23475,Rigid,1401429,1401430,1409363,1,7933,7934,completed,1
23476,Rigid,1401429,1401430,1402844,1,1414,1415,completed,1
23477,Rigid,1401429,1401430,1409579,1,8149,8150,completed,1
23478,Rigid,1401429,1401430,1402891,1,1461,1462,completed,1
23479,Rigid,1401429,1401430,1408980,1,7550,7551,completed,1
23480,Rigid,1401429,1401430,1402922,1,1492,1493,completed,1
23481,Rigid,1401429,1401430,1409117,1,7687,7688,completed,1
23482,Rigid,1401429,1401430,1402862,1,1432,1433,completed,1
23483,Rigid,1401429,1401430,1409075,1,7645,7646,completed,1
23484,Rigid,1401429,1401430,1402957,1,1527,1528,completed,1
23485,Rigid,1401429,1401430,1409298,1,7868,7869,completed,1
23486,Rigid,1401429,1401430,1402958,1,1528,1529,completed,1
23487,Rigid,1401429,1401430,1409686,1,8256,8257,completed,1
23488,Rigid,1401429,1401430,1402896,1,1466,1467,completed,1
23489,Rigid,1401429,1401430,1409433,1,8003,8004,completed,1
23490,Rigid,1401429,1401430,1402939,1,1509,1510,completed,1
23491,Rigid,1401429,1401430,1409687,1,8257,8258,completed,1
23492,Rigid,1401429,1401430,1402879,1,1449,1450,completed,1
23493,Rigid,1401429,1401430,1409700,1,8270,8271,completed,1
23494,Rigid,1401429,1401430,1402875,1,1445,1446,completed,1
23495,Rigid,1401429,1401430,1409209,1,7779,7780,completed,1
23496,Rigid,1401429,1401430,1402861,1,1431,1432,completed,1
23497,Rigid,1401429,1401430,1409818,1,8388,8389,completed,1
23498,Rigid,1401429,1401430,1402955,1,1525,1526,completed,1
23499,Rigid,1401429,1401430,1409789,1,8359,8360,completed,1
23500,Rigid,1401429,1401430,1402877,1,1447,1448,completed,1
23501,Rigid,1401429,1401430,1409344,1,7914,7915,completed,1
23502,Rigid,1401429,1401430,1402959,1,1529,1530,completed,1
23503,Rigid,1401429,1401430,1409425,1,7995,7996,completed,1
23504,Rigid,1401429,1401430,1402872,1,1442,1443,completed,1
23505,Rigid,1401429,1401430,1409650,1,8220,8221,completed,1
23506,Rigid,1401429,1401430,1402876,1,1446,1447,completed,1
23507,Rigid,1401429,1401430,1410201,1,8771,8772,completed,1
23508,Rigid,1401429,1401430,1402891,1,1461,1462,completed,1
23509,Rigid,1401429,1401430,1408939,1,7509,7510,completed,1
23510,Rigid,1401429,1401430,1402855,1,1425,1426,completed,1
23511,Rigid,1401429,1401430,1409363,1,7933,7934,completed,1
23512,Rigid,1401429,1401430,1402852,1,1422,1423,completed,1
23513,Rigid,1401429,1401430,1409956,1,8526,8527,completed,1
23514,Rigid,1401429,1401430,1402856,1,1426,1427,completed,1
23515,Rigid,1401429,1401430,1409954,1,8524,8525,completed,1
23516,Rigid,1401429,1401430,1402920,1,1490,1491,completed,1
23517,Rigid,1401429,1401430,1409363,1,7933,7934,completed,1
23518,Rigid,1401429,1401430,1402889,1,1459,1460,completed,1
23519,Rigid,1401429,1401430,1409016,1,7586,7587,completed,1
23520,Rigid,1401429,1401430,1402945,1,1515,1516,completed,1
23521,Rigid,1401429,1401430,1410893,1,9463,9464,completed,1
23522,Rigid,1401429,1401430,1402920,1,1490,1491,completed,1
23523,Rigid,1401429,1401430,1408837,1,7407,7408,completed,1
23524,Rigid,1401429,1401430,1402863,1,1433,1434,completed,1
23525,Rigid,1401429,1401430,1409758,1,8328,8329,completed,1
23526,Rigid,1401429,1401430,1402899,1,1469,1470,completed,1
23527,Rigid,1401429,1401430,1409429,1,7999,8000,completed,1
23528,Rigid,1401429,1401430,1402872,1,1442,1443,completed,1
23529,Rigid,1401429,1401430,1410150,1,8720,8721,completed,1
23530,Rigid,1401429,1401430,1402860,1,1430,1431,completed,1
23531,Rigid,1401429,1401430,1409061,1,7631,7632,completed,1
23532,Rigid,1401429,1401430,1402902,1,1472,1473,completed,1
23533,Rigid,1401429,1401430,1409679,1,8249,8250,completed,1
23534,Rigid,1401501,1401502,1401538,1,36,37,completed,36
23535,Rigid,1401550,1401550,1401673,0,123,123,completed,36
23536,Rigid,1401773,1401773,1402023,0,250,250,completed,36
23537,Rigid,1401786,1401786,1401911,0,125,125,completed,36
23538,Rigid,1401847,1401847,1401872,0,25,25,completed,36
23539,Rigid,1402125,1434154,1444662,32029,10508,42537,completed,144
23540,Rigid,1402192,1402193,1402217,1,24,25,completed,36
23541,Rigid,1402379,1402380,1402704,1,324,325,completed,36
23542,Rigid,1402386,1436520,1447270,34134,10750,44884,completed,144
23543,Rigid,1402613,1402614,1402637,1,23,24,completed,36
23544,Rigid,1402668,1402669,1402742,1,73,74,completed,36
23545,Rigid,1402764,1402765,1407992,1,5227,5228,completed,5
23546,Rigid,1402802,1402803,1474053,1,71250,71251,completed,36
23547,Rigid,1402846,1402847,1402924,1,77,78,completed,36
23548,Rigid,1403021,1403021,1403332,0,311,311,completed,36
23549,Rigid,1403144,1403144,1403221,0,77,77,completed,36
23550,Rigid,1403258,1403259,1403287,1,28,29,completed,36
23551,Rigid,1403452,1403453,1403488,1,35,36,completed,36
23552,Rigid,1404126,1404127,1404160,1,33,34,completed,36
23553,Rigid,1404479,1404479,1412141,0,7662,7662,completed,1
23554,Rigid,1404479,1404479,1468653,0,64174,64174,completed,1
23555,Rigid,1404479,1404479,1411920,0,7441,7441,completed,1
23556,Rigid,1404479,1404479,1464841,0,60362,60362,completed,1
23557,Rigid,1404479,1404479,1411939,0,7460,7460,completed,1
23558,Rigid,1404479,1404479,1461778,0,57299,57299,completed,1
23559,Rigid,1404479,1404479,1412294,0,7815,7815,completed,1
23560,Rigid,1404479,1404479,1462535,0,58056,58056,completed,1
23561,Rigid,1404479,1404479,1412222,0,7743,7743,completed,1
23562,Rigid,1404479,1404479,1471471,0,66992,66992,completed,1
23563,Rigid,1404479,1404479,1412134,0,7655,7655,completed,1
23564,Rigid,1404479,1404479,1464588,0,60109,60109,completed,1
23565,Rigid,1404479,1404479,1411850,0,7371,7371,completed,1
23566,Rigid,1404479,1404479,1463156,0,58677,58677,completed,1
23567,Rigid,1404479,1404479,1411919,0,7440,7440,completed,1
23568,Rigid,1404479,1404479,1467080,0,62601,62601,completed,1
23569,Rigid,1404479,1404479,1411915,0,7436,7436,completed,1
23570,Rigid,1404479,1404479,1462124,0,57645,57645,completed,1
23571,Rigid,1404479,1404479,1412405,0,7926,7926,completed,1
23572,Rigid,1404479,1404479,1460812,0,56333,56333,completed,1
23573,Rigid,1404479,1404479,1411961,0,7482,7482,completed,1
23574,Rigid,1404479,1404479,1458653,0,54174,54174,completed,1
23575,Rigid,1404479,1404479,1411930,0,7451,7451,completed,1
23576,Rigid,1404479,1404479,1460322,0,55843,55843,completed,1
23577,Rigid,1404479,1404479,1412027,0,7548,7548,completed,1
23578,Rigid,1404479,1404479,1462489,0,58010,58010,completed,1
23579,Rigid,1404479,1404479,1412413,0,7934,7934,completed,1
23580,Rigid,1404479,1404479,1457347,0,52868,52868,completed,1
23581,Rigid,1404479,1404479,1411930,0,7451,7451,completed,1
23582,Rigid,1404479,1404479,1460430,0,55951,55951,completed,1
23583,Rigid,1404479,1404479,1412453,0,7974,7974,completed,1
23584,Rigid,1404479,1404479,1465235,0,60756,60756,completed,1
23585,Rigid,1404479,1404479,1412353,0,7874,7874,completed,1
23586,Rigid,1404479,1404479,1462320,0,57841,57841,completed,1
23587,Rigid,1404479,1404479,1412271,0,7792,7792,completed,1
23588,Rigid,1404479,1404479,1465413,0,60934,60934,completed,1
23589,Rigid,1404479,1404479,1412193,0,7714,7714,completed,1
23590,Rigid,1404479,1404479,1465050,0,60571,60571,completed,1
23591,Rigid,1404479,1404479,1412004,0,7525,7525,completed,1
23592,Rigid,1404479,1404479,1462924,0,58445,58445,completed,1
23593,Rigid,1404479,1404479,1412145,0,7666,7666,completed,1
23594,Rigid,1404479,1404479,1464917,0,60438,60438,completed,1
23595,Rigid,1404479,1404479,1411962,0,7483,7483,completed,1
23596,Rigid,1404479,1404479,1459996,0,55517,55517,completed,1
23597,Rigid,1404479,1404479,1413009,0,8530,8530,completed,1
23598,Rigid,1404479,1404479,1466781,0,62302,62302,completed,1
23599,Rigid,1404479,1404479,1411842,0,7363,7363,completed,1
23600,Rigid,1404479,1404479,1473085,0,68606,68606,completed,1
23601,Rigid,1404479,1404479,1411878,0,7399,7399,completed,1
23602,Rigid,1404479,1404479,1473922,0,69443,69443,completed,1
23603,Rigid,1404479,1404479,1412133,0,7654,7654,completed,1
23604,Rigid,1404479,1404479,1470910,0,66431,66431,completed,1
23605,Rigid,1404479,1404479,1412325,0,7846,7846,completed,1
23606,Rigid,1404479,1404479,1465423,0,60944,60944,completed,1
23607,Rigid,1404479,1404479,1411759,0,7280,7280,completed,1
23608,Rigid,1404479,1404479,1463003,0,58524,58524,completed,1
23609,Rigid,1404479,1404479,1411996,0,7517,7517,completed,1
23610,Rigid,1404479,1404479,1458445,0,53966,53966,completed,1
23611,Rigid,1404479,1404479,1412289,0,7810,7810,completed,1
23612,Rigid,1404479,1404479,1459764,0,55285,55285,completed,1
23613,Rigid,1404479,1404479,1411834,0,7355,7355,completed,1
23614,Rigid,1404479,1404479,1457610,0,53131,53131,completed,1
23615,Rigid,1404479,1404479,1412952,0,8473,8473,completed,1
23616,Rigid,1404479,1404479,1464198,0,59719,59719,completed,1
23617,Rigid,1404479,1404479,1411920,0,7441,7441,completed,1
23618,Rigid,1404479,1404479,1464646,0,60167,60167,completed,1
23619,Rigid,1404479,1404479,1412175,0,7696,7696,completed,1
23620,Rigid,1404479,1404479,1461637,0,57158,57158,completed,1
23621,Rigid,1404479,1404479,1412268,0,7789,7789,completed,1
23622,Rigid,1404479,1404479,1465498,0,61019,61019,completed,1
23623,Rigid,1404479,1404479,1412069,0,7590,7590,completed,1
23624,Rigid,1404479,1404479,1464927,0,60448,60448,completed,1
23625,Rigid,1404479,1404479,1411789,0,7310,7310,completed,1
23626,Rigid,1404479,1404479,1459533,0,55054,55054,completed,1
23627,Rigid,1404479,1404479,1411871,0,7392,7392,completed,1
23628,Rigid,1404479,1404479,1462187,0,57708,57708,completed,1
23629,Rigid,1404479,1404479,1411999,0,7520,7520,completed,1
23630,Rigid,1404479,1404479,1464139,0,59660,59660,completed,1
23631,Rigid,1404479,1404479,1411937,0,7458,7458,completed,1
23632,Rigid,1404479,1404479,1465247,0,60768,60768,completed,1
23633,Rigid,1404479,1404479,1412080,0,7601,7601,completed,1
23634,Rigid,1404479,1404479,1468208,0,63729,63729,completed,1
23635,Rigid,1404479,1404479,1412001,0,7522,7522,completed,1
23636,Rigid,1404479,1404479,1467033,0,62554,62554,completed,1
23637,Rigid,1404479,1404479,1411716,0,7237,7237,completed,1
23638,Rigid,1404479,1404479,1464681,0,60202,60202,completed,1
23639,Rigid,1404479,1404479,1412278,0,7799,7799,completed,1
23640,Rigid,1404479,1404479,1464806,0,60327,60327,completed,1
23641,Rigid,1404479,1404480,1412494,1,8014,8015,completed,1
23642,Rigid,1404479,1404480,1464582,1,60102,60103,completed,1
23643,Rigid,1404479,1404480,1411878,1,7398,7399,completed,1
23644,Rigid,1404479,1404480,1462935,1,58455,58456,completed,1
23645,Rigid,1404479,1404480,1411926,1,7446,7447,completed,1
23646,Rigid,1404479,1404480,1463406,1,58926,58927,completed,1
23647,Rigid,1404479,1404480,1411924,1,7444,7445,completed,1
23648,Rigid,1404479,1404480,1466473,1,61993,61994,completed,1
23649,Rigid,1404479,1404480,1411975,1,7495,7496,completed,1
23650,Rigid,1404479,1404480,1466654,1,62174,62175,completed,1
23651,Rigid,1404479,1404480,1412306,1,7826,7827,completed,1
23652,Rigid,1404479,1404480,1465209,1,60729,60730,completed,1
23653,Rigid,1404593,1404593,1404606,0,13,13,completed,1
23654,Rigid,1404672,1404672,1404684,0,12,12,completed,1
23655,Rigid,1404733,1404734,1404746,1,12,13,completed,1
23656,Rigid,1404766,1404767,1404779,1,12,13,completed,1
23657,Rigid,1404864,1404864,1404876,0,12,12,completed,1
23658,Rigid,1404890,1404891,1404903,1,12,13,completed,1
23659,Rigid,1404920,1404921,1404934,1,13,14,completed,1
23660,Rigid,1405006,1405006,1405019,0,13,13,completed,1
23661,Rigid,1405063,1405063,1405141,0,78,78,completed,36
23662,Rigid,1405099,1405099,1405112,0,13,13,completed,1
23663,Rigid,1405202,1405203,1405216,1,13,14,completed,1
23664,Rigid,1405267,1405267,1405280,0,13,13,completed,1
23665,Rigid,1405389,1405390,1405402,1,12,13,completed,1
23666,Rigid,1405591,1405593,1405606,2,13,15,completed,1
23667,Rigid,1405647,1405647,1405659,0,12,12,completed,1
23668,Rigid,1405726,1405726,1405764,0,38,38,completed,36
23669,Rigid,1405882,1405882,1405895,0,13,13,completed,1
23670,Rigid,1405995,1405996,1406015,1,19,20,completed,36
23671,Rigid,1406102,1406102,1406160,0,58,58,completed,36
23672,Rigid,1406929,1406929,1407007,0,78,78,completed,36
23673,Rigid,1406939,1407009,1407087,70,78,148,completed,36
23674,Rigid,1407014,1407089,1407166,75,77,152,completed,36
23675,Rigid,1407094,1407167,1407246,73,79,152,completed,36
23676,Rigid,1408031,1408031,1437253,0,29222,29222,completed,5
23677,Rigid,1408710,1408711,1408717,1,6,7,completed,36
23678,Rigid,1408751,1408752,1408792,1,40,41,completed,36
23679,Rigid,1408751,1408794,1408831,43,37,80,completed,36
23680,Rigid,1408756,1408756,1408775,0,19,19,completed,36
23681,Rigid,1408794,1408831,1408871,37,40,77,completed,36
23682,Rigid,1408795,1408799,1408874,4,75,79,completed,36
23683,Rigid,1408834,1408873,1408909,39,36,75,completed,36
23684,Rigid,1408874,1408911,1408951,37,40,77,completed,36
23685,Rigid,1408884,1408885,1408928,1,43,44,completed,36
23686,Rigid,1408915,1408952,1408991,37,39,76,completed,36
23687,Rigid,1408937,1408937,1408966,0,29,29,completed,36
23688,Rigid,1408955,1408992,1409032,37,40,77,completed,36
23689,Rigid,1408975,1408975,1409015,0,40,40,completed,36
23690,Rigid,1408995,1409034,1409071,39,37,76,completed,36
23691,Rigid,1409035,1409072,1409112,37,40,77,completed,36
23692,Rigid,1409075,1409114,1409151,39,37,76,completed,36
23693,Rigid,1409182,1444664,1444682,35482,18,35500,completed,144
23694,Rigid,1409639,1409640,1409869,1,229,230,completed,36
23695,Rigid,1411196,1411196,1411255,0,59,59,completed,36
23696,Rigid,1411267,1411267,1411325,0,58,58,completed,36
23697,Rigid,1411515,1411515,1411573,0,58,58,completed,36
23698,Rigid,1411719,1411719,1411733,0,14,14,completed,36
23699,Rigid,1411750,1411751,1412144,1,393,394,completed,36
23700,Rigid,1413693,1413694,1413733,1,39,40,completed,36
23701,Rigid,1413693,1413734,1413769,41,35,76,completed,36
23702,Rigid,1413733,1413771,1413806,38,35,73,completed,36
23703,Rigid,1413774,1413807,1413845,33,38,71,completed,36
23704,Rigid,1413814,1413847,1413885,33,38,71,completed,36
23705,Rigid,1413854,1413886,1413921,32,35,67,completed,36
23706,Rigid,1413894,1413923,1413961,29,38,67,completed,36
23707,Rigid,1413925,1413962,1414000,37,38,75,completed,36
23708,Rigid,1413965,1414002,1414040,37,38,75,completed,36
23709,Rigid,1414005,1414042,1414080,37,38,75,completed,36
23710,Rigid,1414642,1414643,1414659,1,16,17,completed,36
23711,Rigid,1414642,1414660,1414662,18,2,20,completed,36
23712,Rigid,1414667,1414667,1414705,0,38,38,completed,36
23713,Rigid,1414667,1414707,1414745,40,38,78,completed,36
23714,Rigid,1414708,1414746,1414787,38,41,79,completed,36
23715,Rigid,1414748,1414788,1414826,40,38,78,completed,36
23716,Rigid,1414788,1414828,1414866,40,38,78,completed,36
23717,Rigid,1414828,1414867,1414905,39,38,77,completed,36
23718,Rigid,1414868,1414907,1414942,39,35,74,completed,36
23719,Rigid,1414909,1414943,1414981,34,38,72,completed,36
23720,Rigid,1414949,1414982,1415020,33,38,71,completed,36
23721,Rigid,1414989,1415022,1415059,33,37,70,completed,36
23722,Rigid,1415036,1415061,1415098,25,37,62,completed,36
23723,Rigid,1415067,1415099,1415137,32,38,70,completed,36
23724,Rigid,1415107,1415139,1415177,32,38,70,completed,36
23725,Rigid,1415147,1415177,1415215,30,38,68,completed,36
23726,Rigid,1415177,1415216,1415251,39,35,74,completed,36
23727,Rigid,1415217,1415252,1415290,35,38,73,completed,36
23728,Rigid,1415258,1415292,1415330,34,38,72,completed,36
23729,Rigid,1415298,1415331,1415370,33,39,72,completed,36
23730,Rigid,1415338,1415371,1415409,33,38,71,completed,36
23731,Rigid,1415378,1415410,1415448,32,38,70,completed,36
23732,Rigid,1422919,1444709,1455921,21790,11212,33002,completed,144
23733,Rigid,1427049,1427050,1435057,1,8007,8008,completed,1
23734,Rigid,1427050,1427054,1435808,4,8754,8758,completed,1
23735,Rigid,1428794,1460819,1480455,32025,19636,51661,completed,144
23736,Rigid,1430189,1430190,1430297,1,107,108,completed,1
23737,Rigid,1430190,1430193,1430573,3,380,383,completed,1
23738,Rigid,1430191,1430193,1430573,2,380,382,completed,1
23739,Rigid,1430192,1430193,1430564,1,371,372,completed,1
23740,Rigid,1430193,1430197,1430588,4,391,395,completed,1
23741,Rigid,1430194,1430197,1430297,3,100,103,completed,1
23742,Rigid,1430393,1430393,1430588,0,195,195,completed,1
23743,Rigid,1430394,1430397,1430588,3,191,194,completed,1
23744,Rigid,1430395,1430397,1430588,2,191,193,completed,1
23745,Rigid,1430398,1430401,1430588,3,187,190,completed,1
23746,Rigid,1430992,1430992,1438343,0,7351,7351,completed,1
23747,Rigid,1430993,1430996,1438134,3,7138,7141,completed,1
23748,Rigid,1430993,1430996,1438542,3,7546,7549,completed,1
23749,Rigid,1430994,1430996,1437841,2,6845,6847,completed,1
23750,Rigid,1430995,1430996,1438309,1,7313,7314,completed,1
23751,Rigid,1430996,1430996,1437875,0,6879,6879,completed,1
23752,Rigid,1430997,1431000,1437956,3,6956,6959,completed,1
23753,Rigid,1430998,1431000,1437992,2,6992,6994,completed,1
23754,Rigid,1430998,1431000,1438298,2,7298,7300,completed,1
23755,Rigid,1430999,1431000,1437994,1,6994,6995,completed,1
23756,Rigid,1432794,1461004,1471932,28210,10928,39138,completed,144
23757,Rigid,1434308,1434309,1434322,1,13,14,completed,1
23758,Rigid,1434471,1434471,1434483,0,12,12,completed,1
23759,Rigid,1437526,1437527,1437739,1,212,213,completed,36
23760,Rigid,1438055,1439504,1473284,1449,33780,35229,completed,36
23761,Rigid,1438074,1439475,1441980,1401,2505,3906,completed,144
23762,Rigid,1438227,1439504,1457004,1277,17500,18777,completed,36
23763,Rigid,1438701,1439565,1785175,864,345610,346474,completed,36
23764,Rigid,1439104,1439105,1439110,1,5,6,completed,16
23765,Rigid,1439144,1439165,1439167,21,2,23,completed,16
23766,Rigid,1439286,1439315,1439318,29,3,32,completed,16
23767,Rigid,1439388,1439406,1439408,18,2,20,completed,16
23768,Rigid,1439565,1439586,1439681,21,95,116,completed,16
23769,Rigid,1439581,1439586,1439594,5,8,13,completed,16
23770,Rigid,1439584,1439586,1566813,2,127227,127229,completed,16
23771,Rigid,1439587,1439616,1566759,29,127143,127172,completed,16
23772,Rigid,1439736,1439736,1580879,0,141143,141143,completed,16
23773,Rigid,1439775,1440910,1578717,1135,137807,138942,completed,16
23774,Rigid,1439922,1441030,1621979,1108,180949,182057,completed,16
23775,Rigid,1439950,1441753,1576134,1803,134381,136184,completed,16
23776,Rigid,1439970,1441753,1580565,1783,138812,140595,completed,16
23777,Rigid,1439998,1439999,1440011,1,12,13,completed,1
23778,Rigid,1440028,1442839,1746895,2811,304056,306867,completed,16
23779,Rigid,1440046,1442839,1707258,2793,264419,267212,completed,16
23780,Rigid,1440063,1442995,1712670,2932,269675,272607,completed,16
23781,Rigid,1440073,1440073,1440087,0,14,14,completed,1
23782,Rigid,1440128,1442995,1551563,2867,108568,111435,completed,16
23783,Rigid,1440145,1444664,1600373,4519,155709,160228,completed,16
23784,Rigid,1440164,1444664,1596440,4500,151776,156276,completed,16
23785,Rigid,1440187,1440188,1440202,1,14,15,completed,1
23786,Rigid,1440210,1444664,1713176,4454,268512,272966,completed,16
23787,Rigid,1440227,1444664,1782039,4437,337375,341812,completed,16
23788,Rigid,1440245,1444664,1612462,4419,167798,172217,completed,16
23789,Rigid,1440353,1444664,1616733,4311,172069,176380,completed,16
23790,Rigid,1440368,1440368,1440385,0,17,17,completed,1
23791,Rigid,1440430,1444683,1528147,4253,83464,87717,completed,16
23792,Rigid,1440492,1444683,1790306,4191,345623,349814,completed,16
23793,Rigid,1440545,1444683,1689163,4138,244480,248618,completed,16
23794,Rigid,1441038,1441038,1441053,0,15,15,completed,1
23795,Rigid,1441266,1441266,1441281,0,15,15,completed,1
23796,Rigid,1441525,1441538,1450003,13,8465,8478,completed,36
23797,Rigid,1441526,1461004,1464491,19478,3487,22965,completed,144
23798,Rigid,1441532,1441538,1451807,6,10269,10275,completed,36
23799,Rigid,1441558,1441725,1445326,167,3601,3768,completed,36
23800,Rigid,1441694,1441725,1447410,31,5685,5716,completed,36
23801,Rigid,1441756,1442827,1446676,1071,3849,4920,completed,36
23802,Rigid,1441783,1441783,1441795,0,12,12,completed,1
23803,Rigid,1441974,1442704,1442825,730,121,851,completed,288
23804,Rigid,1442046,1442827,1461845,781,19018,19799,completed,180
23805,Rigid,1442211,1461584,1573338,19373,111754,131127,completed,72
23806,Rigid,1442211,1480653,1615314,38442,134661,173103,completed,72
23807,Rigid,1442211,1480653,1537504,38442,56851,95293,completed,72
23808,Rigid,1442611,1714432,1822597,271821,108165,379986,completed,72
23809,Rigid,1442611,1714433,1798577,271822,84144,355966,completed,72
23810,Rigid,1442611,1714433,1803121,271822,88688,360510,completed,72
23811,Rigid,1442687,1714433,1795762,271746,81329,353075,completed,36
23812,Rigid,1442702,1463126,1474620,20424,11494,31918,completed,144
23813,Rigid,1444143,1444144,1444179,1,35,36,completed,1
23814,Rigid,1444218,1444218,1444403,0,185,185,completed,1
23815,Rigid,1444248,1444248,1444250,0,2,2,completed,1
23816,Rigid,1444662,1479732,1492095,35070,12363,47433,completed,144
23817,Rigid,1444673,1444683,1458667,10,13984,13994,completed,36
23818,Rigid,1444707,1479915,1491750,35208,11835,47043,completed,144
23819,Rigid,1445070,1445345,1452571,275,7226,7501,completed,72
23820,Rigid,1445124,1446297,1453038,1173,6741,7914,completed,144
23821,Rigid,1445179,1455481,1455491,10302,10,10312,completed,36
23822,Rigid,1445195,1446679,1453750,1484,7071,8555,completed,288
23823,Rigid,1445248,1445248,1445319,0,71,71,completed,36
23824,Rigid,1445255,1446174,1446296,919,122,1041,completed,288
23825,Rigid,1445503,1453751,1460975,8248,7224,15472,completed,576
23826,Rigid,1445647,1457321,1463080,11674,5759,17433,completed,1152
23827,Rigid,1445716,1456535,1482595,10819,26060,36879,completed,36
23828,Rigid,1445746,1456504,1490593,10758,34089,44847,completed,36
23829,Rigid,1445780,1474621,1480542,28841,5921,34762,completed,2304
23830,Rigid,1445862,1456535,1459800,10673,3265,13938,completed,36
23831,Rigid,1445885,1445885,1446136,0,251,251,completed,36
23832,Rigid,1445922,1457336,1460636,11414,3300,14714,completed,36
23833,Rigid,1446960,1452597,1495245,5637,42648,48285,completed,36
23834,Rigid,1446968,1453780,1469770,6812,15990,22802,completed,36
23835,Rigid,1446982,1455481,1466799,8499,11318,19817,completed,36
23836,Rigid,1447270,1480120,1491221,32850,11101,43951,completed,144
23837,Rigid,1448910,1460480,1719698,11570,259218,270788,completed,36
23838,Rigid,1448910,1478001,1737223,29091,259222,288313,completed,36
23839,Rigid,1448910,1480653,1739863,31743,259210,290953,completed,36
23840,Rigid,1448910,1480653,1739863,31743,259210,290953,completed,36
23841,Rigid,1448910,1480653,1739863,31743,259210,290953,completed,36
23842,Rigid,1448910,1480653,1739863,31743,259210,290953,completed,36
23843,Rigid,1448910,1480653,1739863,31743,259210,290953,completed,36
23844,Rigid,1448910,1480653,1739863,31743,259210,290953,completed,36
23845,Rigid,1448910,1480653,1739863,31743,259210,290953,completed,36
23846,Rigid,1448910,1480653,1739863,31743,259210,290953,completed,36
23847,Rigid,1448910,1480653,1739863,31743,259210,290953,completed,36
23848,Rigid,1448910,1480653,1739863,31743,259210,290953,completed,36
23849,Rigid,1448910,1480653,1739863,31743,259210,290953,completed,36
23850,Rigid,1448910,1480653,1739863,31743,259210,290953,completed,36
23851,Rigid,1448910,1480653,1739863,31743,259210,290953,completed,36
23852,Rigid,1448910,1480653,1739863,31743,259210,290953,completed,36
23853,Rigid,1448910,1480653,1739863,31743,259210,290953,completed,36
23854,Rigid,1448910,1480653,1739863,31743,259210,290953,completed,36
23855,Rigid,1448910,1480653,1739863,31743,259210,290953,completed,36
23856,Rigid,1448910,1480653,1739863,31743,259210,290953,completed,36
23857,Rigid,1448910,1480653,1739863,31743,259210,290953,completed,36
23858,Rigid,1448910,1480653,1739863,31743,259210,290953,completed,36
23859,Rigid,1448910,1480653,1739863,31743,259210,290953,completed,36
23860,Rigid,1448910,1480653,1739863,31743,259210,290953,completed,36
23861,Rigid,1448910,1480653,1739863,31743,259210,290953,completed,36
23862,Rigid,1448910,1480653,1739863,31743,259210,290953,completed,36
23863,Rigid,1448910,1480653,1739863,31743,259210,290953,completed,36
23864,Rigid,1448910,1480653,1739863,31743,259210,290953,completed,36
23865,Rigid,1448910,1480653,1739863,31743,259210,290953,completed,36
23866,Rigid,1448910,1480653,1739863,31743,259210,290953,completed,36
23867,Rigid,1448910,1480653,1739863,31743,259210,290953,completed,36
23868,Rigid,1448910,1480653,1739863,31743,259210,290953,completed,36
23869,Rigid,1448910,1480653,1739863,31743,259210,290953,completed,36
23870,Rigid,1448910,1480653,1739863,31743,259210,290953,completed,36
23871,Rigid,1448910,1480653,1739863,31743,259210,290953,completed,36
23872,Rigid,1448910,1480653,1739863,31743,259210,290953,completed,36
23873,Rigid,1448910,1480653,1739863,31743,259210,290953,completed,36
23874,Rigid,1448910,1480654,1727714,31744,247060,278804,completed,36
23875,Rigid,1448910,1480654,1739863,31744,259209,290953,completed,36
23876,Rigid,1448910,1480654,1739863,31744,259209,290953,completed,36
23877,Rigid,1448910,1480654,1739863,31744,259209,290953,completed,36
23878,Rigid,1448910,1480654,1739863,31744,259209,290953,completed,36
23879,Rigid,1448910,1480654,1739863,31744,259209,290953,completed,36
23880,Rigid,1448910,1480654,1739863,31744,259209,290953,completed,36
23881,Rigid,1448910,1480654,1691513,31744,210859,242603,completed,36
23882,Rigid,1448910,1480654,1739863,31744,259209,290953,completed,36
23883,Rigid,1448910,1480654,1739863,31744,259209,290953,completed,36
23884,Rigid,1448910,1480654,1739863,31744,259209,290953,completed,36
23885,Rigid,1448910,1480654,1739863,31744,259209,290953,completed,36
23886,Rigid,1448910,1480654,1739863,31744,259209,290953,completed,36
23887,Rigid,1448910,1480654,1739863,31744,259209,290953,completed,36
23888,Rigid,1448910,1480654,1739863,31744,259209,290953,completed,36
23889,Rigid,1448910,1480654,1739863,31744,259209,290953,completed,36
23890,Rigid,1448910,1480654,1739863,31744,259209,290953,completed,36
23891,Rigid,1448910,1480654,1729991,31744,249337,281081,completed,36
23892,Rigid,1448910,1480654,1739863,31744,259209,290953,completed,36
23893,Rigid,1448910,1480654,1679452,31744,198798,230542,completed,36
23894,Rigid,1448910,1480654,1739863,31744,259209,290953,completed,36
23895,Rigid,1448910,1480654,1739863,31744,259209,290953,completed,36
23896,Rigid,1449267,1449268,1449390,1,122,123,completed,16
23897,Rigid,1449267,1449268,1449373,1,105,106,completed,1
23898,Rigid,1449267,1449268,1449419,1,151,152,completed,6
23899,Rigid,1449267,1449268,1449360,1,92,93,completed,8
23900,Rigid,1449283,1449284,1449299,1,15,16,completed,1
23901,Rigid,1449283,1449284,1449307,1,23,24,completed,6
23902,Rigid,1449301,1449302,1449334,1,32,33,completed,1
23903,Rigid,1449301,1449302,1449347,1,45,46,completed,6
23904,Rigid,1449361,1449361,1449408,0,47,47,completed,1
23905,Rigid,1449362,1449362,1449441,0,79,79,completed,6
23906,Rigid,1449362,1449362,1449405,0,43,43,completed,8
23907,Rigid,1449362,1449362,1449424,0,62,62,completed,16
23908,Rigid,1449363,1449366,1449375,3,9,12,completed,1
23909,Rigid,1449363,1449366,1449375,3,9,12,completed,8
23910,Rigid,1449364,1449366,1449375,2,9,11,completed,16
23911,Rigid,1449364,1449366,1449376,2,10,12,completed,6
23912,Rigid,1449364,1449366,1449378,2,12,14,completed,1
23913,Rigid,1449364,1449366,1449382,2,16,18,completed,1
23914,Rigid,1449372,1449372,1449386,0,14,14,completed,6
23915,Rigid,1449372,1449372,1449379,0,7,7,completed,1
23916,Rigid,1449376,1449376,1449384,0,8,8,completed,1
23917,Rigid,1449376,1449376,1449381,0,5,5,completed,1
23918,Rigid,1449376,1449376,1449378,0,2,2,completed,1
23919,Rigid,1449376,1449376,1449379,0,3,3,completed,1
23920,Rigid,1449387,1449387,1450380,0,993,993,completed,6
23921,Rigid,1449387,1449387,1450376,0,989,989,completed,6
23922,Rigid,1449387,1449387,1450376,0,989,989,completed,6
23923,Rigid,1449387,1449388,1450376,1,988,989,completed,6
23924,Rigid,1449387,1449388,1450380,1,992,993,completed,6
23925,Rigid,1449387,1449388,1450380,1,992,993,completed,6
23926,Rigid,1449388,1449388,1450380,0,992,992,completed,6
23927,Rigid,1449388,1449391,1450380,3,989,992,completed,6
23928,Rigid,1449388,1449391,1450376,3,985,988,completed,6
23929,Rigid,1449388,1449391,1450380,3,989,992,completed,6
23930,Rigid,1449388,1449391,1450380,3,989,992,completed,6
23931,Rigid,1449388,1449391,1450376,3,985,988,completed,6
23932,Rigid,1449388,1449391,1450380,3,989,992,completed,6
23933,Rigid,1449388,1449391,1450380,3,989,992,completed,6
23934,Rigid,1449388,1449391,1450380,3,989,992,completed,6
23935,Rigid,1449388,1449391,1450376,3,985,988,completed,6
23936,Rigid,1449388,1449391,1450380,3,989,992,completed,6
23937,Rigid,1449389,1449391,1450380,2,989,991,completed,6
23938,Rigid,1449389,1449391,1450377,2,986,988,completed,6
23939,Rigid,1449389,1449391,1450380,2,989,991,completed,6
23940,Rigid,1449389,1449391,1450376,2,985,987,completed,6
23941,Rigid,1449389,1449391,1450380,2,989,991,completed,6
23942,Rigid,1449389,1449391,1450377,2,986,988,completed,6
23943,Rigid,1449389,1449391,1450380,2,989,991,completed,6
23944,Rigid,1449389,1449391,1450380,2,989,991,completed,6
23945,Rigid,1449389,1449391,1450380,2,989,991,completed,6
23946,Rigid,1449389,1449391,1450380,2,989,991,completed,6
23947,Rigid,1449390,1449391,1450380,1,989,990,completed,6
23948,Rigid,1449390,1449391,1450377,1,986,987,completed,6
23949,Rigid,1449390,1449391,1450376,1,985,986,completed,6
23950,Rigid,1449390,1449391,1450377,1,986,987,completed,6
23951,Rigid,1449390,1449391,1450376,1,985,986,completed,6
23952,Rigid,1449390,1449391,1450380,1,989,990,completed,6
23953,Rigid,1449391,1449391,1450377,0,986,986,completed,6
23954,Rigid,1449391,1449391,1450380,0,989,989,completed,6
23955,Rigid,1449391,1449391,1450380,0,989,989,completed,6
23956,Rigid,1449391,1449391,1450380,0,989,989,completed,6
23957,Rigid,1449391,1449391,1450380,0,989,989,completed,6
23958,Rigid,1449391,1449391,1450380,0,989,989,completed,6
23959,Rigid,1449391,1449391,1450380,0,989,989,completed,6
23960,Rigid,1449391,1449391,1450380,0,989,989,completed,6
23961,Rigid,1449391,1449391,1450380,0,989,989,completed,6
23962,Rigid,1449391,1449391,1450380,0,989,989,completed,6
23963,Rigid,1449391,1449391,1450380,0,989,989,completed,6
23964,Rigid,1449391,1449391,1450380,0,989,989,completed,6
23965,Rigid,1449391,1449395,1450380,4,985,989,completed,6
23966,Rigid,1449391,1449395,1450380,4,985,989,completed,6
23967,Rigid,1449392,1449395,1450380,3,985,988,completed,6
23968,Rigid,1449392,1449395,1450380,3,985,988,completed,6
23969,Rigid,1449392,1449395,1450380,3,985,988,completed,6
23970,Rigid,1449392,1449395,1450380,3,985,988,completed,6
23971,Rigid,1449392,1449395,1450380,3,985,988,completed,6
23972,Rigid,1449392,1449395,1450380,3,985,988,completed,6
23973,Rigid,1449392,1449395,1450376,3,981,984,completed,6
23974,Rigid,1449392,1449395,1450380,3,985,988,completed,6
23975,Rigid,1449392,1449395,1450380,3,985,988,completed,6
23976,Rigid,1449392,1449395,1450376,3,981,984,completed,6
23977,Rigid,1449392,1449395,1450376,3,981,984,completed,6
23978,Rigid,1449392,1449395,1450376,3,981,984,completed,6
23979,Rigid,1449392,1449395,1450380,3,985,988,completed,6
23980,Rigid,1449392,1449395,1450376,3,981,984,completed,6
23981,Rigid,1449392,1449395,1450380,3,985,988,completed,6
23982,Rigid,1449392,1449395,1450380,3,985,988,completed,6
23983,Rigid,1449392,1449395,1450380,3,985,988,completed,6
23984,Rigid,1449392,1449395,1450380,3,985,988,completed,6
23985,Rigid,1449392,1449395,1450380,3,985,988,completed,6
23986,Rigid,1449392,1449395,1450380,3,985,988,completed,6
23987,Rigid,1449393,1449395,1450377,2,982,984,completed,6
23988,Rigid,1449393,1449395,1450376,2,981,983,completed,6
23989,Rigid,1449393,1449395,1450376,2,981,983,completed,6
23990,Rigid,1449393,1449395,1450380,2,985,987,completed,6
23991,Rigid,1449393,1449395,1450380,2,985,987,completed,6
23992,Rigid,1449393,1449395,1450380,2,985,987,completed,6
23993,Rigid,1449393,1449395,1450376,2,981,983,completed,6
23994,Rigid,1449393,1449395,1450376,2,981,983,completed,6
23995,Rigid,1449393,1449395,1450380,2,985,987,completed,6
23996,Rigid,1449393,1449395,1450380,2,985,987,completed,6
23997,Rigid,1449393,1449395,1450380,2,985,987,completed,6
23998,Rigid,1449393,1449395,1450376,2,981,983,completed,6
23999,Rigid,1449393,1449395,1450380,2,985,987,completed,6
24000,Rigid,1449393,1449395,1450380,2,985,987,completed,6
24001,Rigid,1449393,1449395,1450380,2,985,987,completed,6
24002,Rigid,1449393,1449395,1450380,2,985,987,completed,6
24003,Rigid,1449393,1449395,1450380,2,985,987,completed,6
24004,Rigid,1449393,1449395,1450380,2,985,987,completed,6
24005,Rigid,1449393,1449395,1450380,2,985,987,completed,6
24006,Rigid,1449393,1449395,1450380,2,985,987,completed,6
24007,Rigid,1449394,1449395,1450376,1,981,982,completed,6
24008,Rigid,1449394,1449395,1450380,1,985,986,completed,6
24009,Rigid,1449394,1449395,1450376,1,981,982,completed,6
24010,Rigid,1449394,1449395,1450376,1,981,982,completed,6
24011,Rigid,1449394,1449395,1450380,1,985,986,completed,6
24012,Rigid,1449394,1449395,1450380,1,985,986,completed,6
24013,Rigid,1449394,1449395,1450376,1,981,982,completed,6
24014,Rigid,1449394,1449395,1450376,1,981,982,completed,6
24015,Rigid,1449394,1449395,1450380,1,985,986,completed,6
24016,Rigid,1449394,1449395,1450380,1,985,986,completed,6
24017,Rigid,1449394,1449395,1450380,1,985,986,completed,6
24018,Rigid,1449394,1449395,1450380,1,985,986,completed,6
24019,Rigid,1449394,1449395,1450380,1,985,986,completed,6
24020,Rigid,1449395,1449395,1450377,0,982,982,completed,6
24021,Rigid,1449395,1449395,1450393,0,998,998,completed,6
24022,Rigid,1449395,1449395,1450387,0,992,992,completed,6
24023,Rigid,1449395,1449395,1450380,0,985,985,completed,6
24024,Rigid,1449395,1449395,1450380,0,985,985,completed,6
24025,Rigid,1449395,1449395,1450376,0,981,981,completed,6
24026,Rigid,1449395,1449398,1450380,3,982,985,completed,6
24027,Rigid,1449395,1449398,1450376,3,978,981,completed,6
24028,Rigid,1449395,1449398,1450380,3,982,985,completed,6
24029,Rigid,1449395,1449398,1450380,3,982,985,completed,6
24030,Rigid,1449396,1449398,1450380,2,982,984,completed,6
24031,Rigid,1449396,1449398,1450376,2,978,980,completed,6
24032,Rigid,1449396,1449398,1450376,2,978,980,completed,6
24033,Rigid,1449396,1449398,1450380,2,982,984,completed,6
24034,Rigid,1449398,1449398,1450380,0,982,982,completed,6
24035,Rigid,1449419,1449420,1450380,1,960,961,completed,6
24036,Rigid,1449419,1449420,1450388,1,968,969,completed,6
24037,Rigid,1449420,1449420,1450389,0,969,969,completed,6
24038,Rigid,1449433,1480185,1482530,30752,2345,33097,completed,144
24039,Rigid,1449441,1449441,1450380,0,939,939,completed,6
24040,Rigid,1449462,1449463,1449473,1,10,11,completed,1
24041,Rigid,1449482,1449483,1450377,1,894,895,completed,6
24042,Rigid,1449615,1449644,1449654,29,10,39,completed,1
24043,Rigid,1449776,1457336,1460474,7560,3138,10698,completed,180
24044,Rigid,1449804,1449826,1449839,22,13,35,completed,1
24045,Rigid,1450271,1450286,1450297,15,11,26,completed,1
24046,Rigid,1450320,1463528,1463532,13208,4,13212,completed,1008
24047,Rigid,1450368,1450407,1450410,39,3,42,completed,144
24048,Rigid,1450378,1450378,1451344,0,966,966,completed,6
24049,Rigid,1450379,1450381,1451341,2,960,962,completed,6
24050,Rigid,1450379,1450381,1451344,2,963,965,completed,6
24051,Rigid,1450380,1450381,1451341,1,960,961,completed,6
24052,Rigid,1450380,1450381,1451344,1,963,964,completed,6
24053,Rigid,1450380,1450381,1451344,1,963,964,completed,6
24054,Rigid,1450380,1450381,1451344,1,963,964,completed,6
24055,Rigid,1450381,1450381,1451345,0,964,964,completed,6
24056,Rigid,1450381,1450381,1451345,0,964,964,completed,6
24057,Rigid,1450381,1450381,1451339,0,958,958,completed,6
24058,Rigid,1450381,1450381,1451345,0,964,964,completed,6
24059,Rigid,1450381,1450381,1450391,0,10,10,completed,1
24060,Rigid,1450381,1450381,1451345,0,964,964,completed,6
24061,Rigid,1450381,1450381,1451341,0,960,960,completed,6
24062,Rigid,1450381,1450381,1451339,0,958,958,completed,6
24063,Rigid,1450381,1450381,1451341,0,960,960,completed,6
24064,Rigid,1450381,1450381,1451344,0,963,963,completed,6
24065,Rigid,1450381,1450381,1451344,0,963,963,completed,6
24066,Rigid,1450381,1451059,1451286,678,227,905,completed,144
24067,Rigid,1450381,1450382,1451344,1,962,963,completed,6
24068,Rigid,1450382,1450382,1451339,0,957,957,completed,6
24069,Rigid,1450382,1450382,1451339,0,957,957,completed,6
24070,Rigid,1450382,1450382,1451345,0,963,963,completed,6
24071,Rigid,1450382,1450382,1451343,0,961,961,completed,6
24072,Rigid,1450382,1450382,1451341,0,959,959,completed,6
24073,Rigid,1450382,1450382,1450392,0,10,10,completed,1
24074,Rigid,1450382,1450382,1451345,0,963,963,completed,6
24075,Rigid,1450382,1450382,1451345,0,963,963,completed,6
24076,Rigid,1450382,1450382,1451341,0,959,959,completed,6
24077,Rigid,1450382,1450382,1450396,0,14,14,completed,1
24078,Rigid,1450382,1450382,1451344,0,962,962,completed,6
24079,Rigid,1450382,1450386,1451344,4,958,962,completed,6
24080,Rigid,1450382,1450386,1451339,4,953,957,completed,6
24081,Rigid,1450383,1450386,1451341,3,955,958,completed,6
24082,Rigid,1450383,1450386,1450430,3,44,47,completed,1
24083,Rigid,1450383,1450386,1451344,3,958,961,completed,6
24084,Rigid,1450383,1450386,1451341,3,955,958,completed,6
24085,Rigid,1450383,1450386,1451345,3,959,962,completed,6
24086,Rigid,1450383,1450386,1451345,3,959,962,completed,6
24087,Rigid,1450383,1450386,1451341,3,955,958,completed,6
24088,Rigid,1450383,1450386,1451344,3,958,961,completed,6
24089,Rigid,1450383,1450386,1451344,3,958,961,completed,6
24090,Rigid,1450383,1450386,1451342,3,956,959,completed,6
24091,Rigid,1450383,1450386,1451344,3,958,961,completed,6
24092,Rigid,1450383,1450386,1451344,3,958,961,completed,6
24093,Rigid,1450383,1450386,1451344,3,958,961,completed,6
24094,Rigid,1450384,1450386,1451343,2,957,959,completed,6
24095,Rigid,1450384,1450386,1451344,2,958,960,completed,6
24096,Rigid,1450384,1450386,1451344,2,958,960,completed,6
24097,Rigid,1450384,1450386,1451342,2,956,958,completed,6
24098,Rigid,1450384,1450386,1451344,2,958,960,completed,6
24099,Rigid,1450384,1450386,1451345,2,959,961,completed,6
24100,Rigid,1450384,1450386,1451345,2,959,961,completed,6
24101,Rigid,1450384,1450386,1451340,2,954,956,completed,6
24102,Rigid,1450384,1450386,1451340,2,954,956,completed,6
24103,Rigid,1450385,1450386,1451345,1,959,960,completed,6
24104,Rigid,1450385,1450386,1451345,1,959,960,completed,6
24105,Rigid,1450385,1450386,1451345,1,959,960,completed,6
24106,Rigid,1450385,1450386,1451342,1,956,957,completed,6
24107,Rigid,1450385,1450386,1451345,1,959,960,completed,6
24108,Rigid,1450385,1450386,1451342,1,956,957,completed,6
24109,Rigid,1450385,1450386,1451345,1,959,960,completed,6
24110,Rigid,1450385,1450386,1451345,1,959,960,completed,6
24111,Rigid,1450385,1450386,1451345,1,959,960,completed,6
24112,Rigid,1450386,1450386,1450454,0,68,68,completed,1
24113,Rigid,1450386,1450386,1451344,0,958,958,completed,6
24114,Rigid,1450386,1450386,1451344,0,958,958,completed,6
24115,Rigid,1450386,1450386,1451339,0,953,953,completed,6
24116,Rigid,1450386,1450386,1451344,0,958,958,completed,6
24117,Rigid,1450386,1450386,1451344,0,958,958,completed,6
24118,Rigid,1450386,1450386,1451344,0,958,958,completed,6
24119,Rigid,1450386,1450386,1451344,0,958,958,completed,6
24120,Rigid,1450386,1450389,1451344,3,955,958,completed,6
24121,Rigid,1450386,1450389,1451344,3,955,958,completed,6
24122,Rigid,1450387,1450389,1451344,2,955,957,completed,6
24123,Rigid,1450387,1450389,1451344,2,955,957,completed,6
24124,Rigid,1450387,1450389,1451344,2,955,957,completed,6
24125,Rigid,1450387,1450389,1451342,2,953,955,completed,6
24126,Rigid,1450387,1450389,1451345,2,956,958,completed,6
24127,Rigid,1450387,1450389,1451345,2,956,958,completed,6
24128,Rigid,1450387,1450389,1451345,2,956,958,completed,6
24129,Rigid,1450387,1450389,1451345,2,956,958,completed,6
24130,Rigid,1450387,1450389,1451342,2,953,955,completed,6
24131,Rigid,1450387,1450389,1451343,2,954,956,completed,6
24132,Rigid,1450388,1450389,1451343,1,954,955,completed,6
24133,Rigid,1450388,1450389,1451345,1,956,957,completed,6
24134,Rigid,1450402,1450402,1451345,0,943,943,completed,6
24135,Rigid,1450402,1450402,1451345,0,943,943,completed,6
24136,Rigid,1450402,1450402,1451345,0,943,943,completed,6
24137,Rigid,1450402,1450402,1451344,0,942,942,completed,6
24138,Rigid,1450402,1450406,1451344,4,938,942,completed,6
24139,Rigid,1450403,1450406,1451341,3,935,938,completed,6
24140,Rigid,1450403,1450406,1451344,3,938,941,completed,6
24141,Rigid,1450403,1450406,1451344,3,938,941,completed,6
24142,Rigid,1450403,1450406,1451344,3,938,941,completed,6
24143,Rigid,1450404,1450406,1451345,2,939,941,completed,6
24144,Rigid,1450404,1450406,1451345,2,939,941,completed,6
24145,Rigid,1450404,1450406,1451345,2,939,941,completed,6
24146,Rigid,1450404,1450406,1451345,2,939,941,completed,6
24147,Rigid,1450404,1450406,1451345,2,939,941,completed,6
24148,Rigid,1450404,1450406,1451345,2,939,941,completed,6
24149,Rigid,1450404,1450406,1451343,2,937,939,completed,6
24150,Rigid,1450404,1450406,1451345,2,939,941,completed,6
24151,Rigid,1450408,1450410,1451345,2,935,937,completed,6
24152,Rigid,1450408,1450410,1451345,2,935,937,completed,6
24153,Rigid,1450408,1450410,1451343,2,933,935,completed,6
24154,Rigid,1450408,1450410,1451345,2,935,937,completed,6
24155,Rigid,1450408,1450410,1451345,2,935,937,completed,6
24156,Rigid,1450408,1450410,1451345,2,935,937,completed,6
24157,Rigid,1450408,1450410,1451345,2,935,937,completed,6
24158,Rigid,1450409,1450410,1451345,1,935,936,completed,6
24159,Rigid,1450409,1450410,1451345,1,935,936,completed,6
24160,Rigid,1450409,1450410,1451342,1,932,933,completed,6
24161,Rigid,1450409,1450410,1451345,1,935,936,completed,6
24162,Rigid,1450409,1450410,1451345,1,935,936,completed,6
24163,Rigid,1450409,1450410,1451363,1,953,954,completed,6
24164,Rigid,1450409,1450410,1451357,1,947,948,completed,6
24165,Rigid,1450409,1450410,1451363,1,953,954,completed,6
24166,Rigid,1450409,1450410,1451358,1,948,949,completed,6
24167,Rigid,1450409,1450410,1451347,1,937,938,completed,6
24168,Rigid,1450409,1450410,1451347,1,937,938,completed,6
24169,Rigid,1450410,1450410,1451379,0,969,969,completed,6
24170,Rigid,1450410,1450410,1451350,0,940,940,completed,6
24171,Rigid,1450411,1450411,1450427,0,16,16,completed,6
24172,Rigid,1450431,1450431,1451349,0,918,918,completed,6
24173,Rigid,1450447,1450447,1451349,0,902,902,completed,6
24174,Rigid,1450471,1450471,1451345,0,874,874,completed,6
24175,Rigid,1450501,1450529,1470802,28,20273,20301,completed,1
24176,Rigid,1450501,1450529,1451904,28,1375,1403,completed,1
24177,Rigid,1450501,1450529,1469031,28,18502,18530,completed,1
24178,Rigid,1450501,1450529,1479506,28,28977,29005,completed,1
24179,Rigid,1450501,1450529,1473725,28,23196,23224,completed,1
24180,Rigid,1450501,1450529,1493018,28,42489,42517,completed,1
24181,Rigid,1450501,1450529,1450628,28,99,127,completed,1
24182,Rigid,1450501,1450529,1450936,28,407,435,completed,1
24183,Rigid,1450501,1450529,1452195,28,1666,1694,completed,1
24184,Rigid,1450501,1450529,1451213,28,684,712,completed,1
24185,Rigid,1450501,1450529,1451909,28,1380,1408,completed,1
24186,Rigid,1450501,1450529,1462439,28,11910,11938,completed,1
24187,Rigid,1450593,1485500,1655321,34907,169821,204728,completed,18
24188,Rigid,1450593,1489392,1655048,38799,165656,204455,completed,18
24189,Rigid,1450593,1490967,1658406,40374,167439,207813,completed,18
24190,Rigid,1450593,1492114,1646728,41521,154614,196135,completed,18
24191,Rigid,1450593,1494628,1656721,44035,162093,206128,completed,18
24192,Rigid,1450593,1534841,1684917,84248,150076,234324,completed,18
24193,Rigid,1450593,1534903,1686453,84310,151550,235860,completed,18
24194,Rigid,1450593,1534903,1687805,84310,152902,237212,completed,18
24195,Rigid,1450593,1534934,1707757,84341,172823,257164,completed,18
24196,Rigid,1450593,1534934,1707757,84341,172823,257164,completed,18
24197,Rigid,1450593,1534997,1707817,84404,172820,257224,completed,18
24198,Rigid,1450593,1534997,1707817,84404,172820,257224,completed,18
24199,Rigid,1450593,1534965,1707787,84372,172822,257194,completed,18
24200,Rigid,1450593,1534997,1707817,84404,172820,257224,completed,18
24201,Rigid,1450593,1534997,1707817,84404,172820,257224,completed,18
24202,Rigid,1450593,1534997,1707817,84404,172820,257224,completed,18
24203,Rigid,1450593,1534997,1698796,84404,163799,248203,completed,18
24204,Rigid,1450593,1535028,1698547,84435,163519,247954,completed,18
24205,Rigid,1450593,1535028,1698130,84435,163102,247537,completed,18
24206,Rigid,1450593,1535028,1705049,84435,170021,254456,completed,18
24207,Rigid,1450593,1535059,1697259,84466,162200,246666,completed,18
24208,Rigid,1450593,1535090,1699175,84497,164085,248582,completed,18
24209,Rigid,1450593,1535121,1699168,84528,164047,248575,completed,18
24210,Rigid,1450593,1535152,1704830,84559,169678,254237,completed,18
24211,Rigid,1450593,1535152,1703663,84559,168511,253070,completed,18
24212,Rigid,1450593,1535215,1701421,84622,166206,250828,completed,18
24213,Rigid,1450593,1535246,1700324,84653,165078,249731,completed,18
24214,Rigid,1450593,1535247,1699516,84654,164269,248923,completed,18
24215,Rigid,1450594,1535247,1702791,84653,167544,252197,completed,18
24216,Rigid,1450594,1535403,1704638,84809,169235,254044,completed,18
24217,Rigid,1450594,1536827,1697489,86233,160662,246895,completed,18
24218,Rigid,1450594,1568845,1741663,118251,172818,291069,completed,18
24219,Rigid,1450594,1569147,1718995,118553,149848,268401,completed,18
24220,Rigid,1450594,1570810,1720180,120216,149370,269586,completed,18
24221,Rigid,1450594,1571686,1722941,121092,151255,272347,completed,18
24222,Rigid,1450594,1576944,1731684,126350,154740,281090,completed,18
24223,Rigid,1450594,1578728,1730296,128134,151568,279702,completed,18
24224,Rigid,1450594,1580026,1734575,129432,154549,283981,completed,18
24225,Rigid,1450594,1580571,1736676,129977,156105,286082,completed,18
24226,Rigid,1450594,1581054,1733089,130460,152035,282495,completed,18
24227,Rigid,1450594,1585178,1737281,134584,152103,286687,completed,18
24228,Rigid,1450594,1596328,1747639,145734,151311,297045,completed,18
24229,Rigid,1450594,1596450,1752887,145856,156437,302293,completed,18
24230,Rigid,1450594,1600398,1749651,149804,149253,299057,completed,18
24231,Rigid,1450594,1604015,1758477,153421,154462,307883,completed,18
24232,Rigid,1450594,1605863,1756498,155269,150635,305904,completed,18
24233,Rigid,1450594,1621989,1778316,171395,156327,327722,completed,18
24234,Rigid,1450595,1689176,1843728,238581,154552,393133,completed,18
24235,Rigid,1450595,1697514,1856016,246919,158502,405421,completed,18
24236,Rigid,1450595,1705076,1874399,254481,169323,423804,completed,18
24237,Rigid,1450595,1705528,1873431,254933,167903,422836,completed,18
24238,Rigid,1450595,1706401,1878972,255806,172571,428377,completed,18
24239,Rigid,1450595,1707276,1870154,256681,162878,419559,completed,18
24240,Rigid,1450595,1707787,1868924,257192,161137,418329,completed,18
24241,Rigid,1450595,1712686,1873308,262091,160622,422713,completed,18
24242,Rigid,1450595,1713200,1886028,262605,172828,435433,completed,18
24243,Rigid,1450595,1714793,1876057,264198,161264,425462,completed,18
24244,Rigid,1450596,1714793,1874595,264197,159802,423999,completed,18
24245,Rigid,1450596,1714793,1878305,264197,163512,427709,completed,18
24246,Rigid,1450596,1714793,1879134,264197,164341,428538,completed,18
24247,Rigid,1450596,1715544,1879263,264948,163719,428667,completed,18
24248,Rigid,1450596,1715544,1880769,264948,165225,430173,completed,18
24249,Rigid,1450596,1715544,1882329,264948,166785,431733,completed,18
24250,Rigid,1450596,1715544,1883148,264948,167604,432552,completed,18
24251,Rigid,1450596,1715544,1864821,264948,149277,414225,completed,18
24252,Rigid,1450596,1715544,1867554,264948,152010,416958,completed,18
24253,Rigid,1450596,1715544,1865239,264948,149695,414643,completed,18
24254,Rigid,1450596,1715544,1867237,264948,151693,416641,completed,18
24255,Rigid,1450596,1715544,1867924,264948,152380,417328,completed,18
24256,Rigid,1450596,1715544,1868307,264948,152763,417711,completed,18
24257,Rigid,1450596,1715604,1865767,265008,150163,415171,completed,18
24258,Rigid,1451344,1451344,1452359,0,1015,1015,completed,6
24259,Rigid,1451345,1451345,1452359,0,1014,1014,completed,6
24260,Rigid,1451345,1451345,1452360,0,1015,1015,completed,6
24261,Rigid,1451345,1451345,1452360,0,1015,1015,completed,6
24262,Rigid,1451345,1451345,1452360,0,1015,1015,completed,6
24263,Rigid,1451345,1451345,1452360,0,1015,1015,completed,6
24264,Rigid,1451345,1451346,1452359,1,1013,1014,completed,6
24265,Rigid,1451346,1451346,1452359,0,1013,1013,completed,6
24266,Rigid,1451346,1451346,1452359,0,1013,1013,completed,6
24267,Rigid,1451346,1451346,1452359,0,1013,1013,completed,6
24268,Rigid,1451346,1451346,1452359,0,1013,1013,completed,6
24269,Rigid,1451346,1451346,1452359,0,1013,1013,completed,6
24270,Rigid,1451346,1451347,1451393,1,46,47,completed,6
24271,Rigid,1451347,1451347,1452359,0,1012,1012,completed,6
24272,Rigid,1451347,1451347,1452359,0,1012,1012,completed,6
24273,Rigid,1451347,1451348,1452358,1,1010,1011,completed,6
24274,Rigid,1451347,1451348,1452359,1,1011,1012,completed,6
24275,Rigid,1451347,1451348,1452359,1,1011,1012,completed,6
24276,Rigid,1451347,1451348,1452359,1,1011,1012,completed,6
24277,Rigid,1451347,1451348,1452359,1,1011,1012,completed,6
24278,Rigid,1451347,1451348,1452359,1,1011,1012,completed,6
24279,Rigid,1451347,1451348,1452359,1,1011,1012,completed,6
24280,Rigid,1451347,1451348,1452359,1,1011,1012,completed,6
24281,Rigid,1451348,1451348,1452359,0,1011,1011,completed,6
24282,Rigid,1451348,1451348,1452359,0,1011,1011,completed,6
24283,Rigid,1451348,1451348,1452359,0,1011,1011,completed,6
24284,Rigid,1451348,1451348,1452359,0,1011,1011,completed,6
24285,Rigid,1451348,1451348,1452359,0,1011,1011,completed,6
24286,Rigid,1451348,1451348,1452359,0,1011,1011,completed,6
24287,Rigid,1451348,1451348,1452359,0,1011,1011,completed,6
24288,Rigid,1451348,1451348,1452359,0,1011,1011,completed,6
24289,Rigid,1451348,1451348,1452359,0,1011,1011,completed,6
24290,Rigid,1451348,1451348,1452359,0,1011,1011,completed,6
24291,Rigid,1451348,1451348,1452359,0,1011,1011,completed,6
24292,Rigid,1451348,1451348,1452358,0,1010,1010,completed,6
24293,Rigid,1451349,1451350,1452359,1,1009,1010,completed,6
24294,Rigid,1451349,1451350,1452358,1,1008,1009,completed,6
24295,Rigid,1451349,1451350,1452358,1,1008,1009,completed,6
24296,Rigid,1451349,1451350,1452359,1,1009,1010,completed,6
24297,Rigid,1451349,1451350,1452359,1,1009,1010,completed,6
24298,Rigid,1451349,1451350,1451393,1,43,44,completed,6
24299,Rigid,1451349,1451350,1452358,1,1008,1009,completed,6
24300,Rigid,1451349,1451350,1452359,1,1009,1010,completed,6
24301,Rigid,1451349,1451350,1452359,1,1009,1010,completed,6
24302,Rigid,1451349,1451350,1452359,1,1009,1010,completed,6
24303,Rigid,1451349,1451350,1452359,1,1009,1010,completed,6
24304,Rigid,1451349,1451350,1452359,1,1009,1010,completed,6
24305,Rigid,1451350,1451350,1452359,0,1009,1009,completed,6
24306,Rigid,1451350,1451350,1452359,0,1009,1009,completed,6
24307,Rigid,1451350,1451350,1452359,0,1009,1009,completed,6
24308,Rigid,1451350,1451350,1452359,0,1009,1009,completed,6
24309,Rigid,1451350,1451350,1452358,0,1008,1008,completed,6
24310,Rigid,1451350,1451350,1452359,0,1009,1009,completed,6
24311,Rigid,1451350,1451350,1452359,0,1009,1009,completed,6
24312,Rigid,1451350,1451350,1452359,0,1009,1009,completed,6
24313,Rigid,1451350,1451350,1452359,0,1009,1009,completed,6
24314,Rigid,1451351,1451351,1452359,0,1008,1008,completed,6
24315,Rigid,1451351,1451351,1452359,0,1008,1008,completed,6
24316,Rigid,1451351,1451351,1451393,0,42,42,completed,6
24317,Rigid,1451351,1451351,1452359,0,1008,1008,completed,6
24318,Rigid,1451351,1451351,1452358,0,1007,1007,completed,6
24319,Rigid,1451351,1451351,1452359,0,1008,1008,completed,6
24320,Rigid,1451351,1451351,1452359,0,1008,1008,completed,6
24321,Rigid,1451353,1451356,1451363,3,7,10,completed,6
24322,Rigid,1451373,1451373,1451393,0,20,20,completed,6
24323,Rigid,1451373,1451373,1451393,0,20,20,completed,6
24324,Rigid,1451373,1451373,1451393,0,20,20,completed,6
24325,Rigid,1452309,1452315,1452334,6,19,25,completed,36
24326,Rigid,1452358,1452378,1452465,20,87,107,completed,36
24327,Rigid,1452369,1452369,1452384,0,15,15,completed,6
24328,Rigid,1452389,1452391,1452422,2,31,33,completed,6
24329,Rigid,1452390,1452391,1452422,1,31,32,completed,6
24330,Rigid,1452390,1452391,1452422,1,31,32,completed,6
24331,Rigid,1452731,1452752,1453054,21,302,323,completed,36
24332,Rigid,1453434,1453780,1454043,346,263,609,completed,36
24333,Rigid,1453434,1453780,1454043,346,263,609,completed,36
24334,Rigid,1453435,1453780,1454041,345,261,606,completed,36
24335,Rigid,1453436,1454063,1454324,627,261,888,completed,36
24336,Rigid,1453436,1454063,1454327,627,264,891,completed,36
24337,Rigid,1453437,1454063,1454322,626,259,885,completed,36
24338,Rigid,1453437,1454347,1454609,910,262,1172,completed,36
24339,Rigid,1453437,1454347,1454608,910,261,1171,completed,36
24340,Rigid,1453695,1454347,1454611,652,264,916,completed,36
24341,Rigid,1453695,1454629,1454896,934,267,1201,completed,36
24342,Rigid,1453695,1454629,1454896,934,267,1201,completed,36
24343,Rigid,1453696,1454629,1454894,933,265,1198,completed,36
24344,Rigid,1453696,1454914,1455175,1218,261,1479,completed,36
24345,Rigid,1453696,1454914,1455177,1218,263,1481,completed,36
24346,Rigid,1453696,1454914,1455175,1218,261,1479,completed,36
24347,Rigid,1453696,1455198,1455464,1502,266,1768,completed,36
24348,Rigid,1453743,1455198,1455463,1455,265,1720,completed,36
24349,Rigid,1453743,1455198,1455462,1455,264,1719,completed,36
24350,Rigid,1453743,1455481,1455742,1738,261,1999,completed,36
24351,Rigid,1453743,1455512,1455773,1769,261,2030,completed,36
24352,Rigid,1453744,1455760,1456022,2016,262,2278,completed,36
24353,Rigid,1453744,1455792,1456052,2048,260,2308,completed,36
24354,Rigid,1453744,1455916,1456181,2172,265,2437,completed,36
24355,Rigid,1453744,1455916,1456176,2172,260,2432,completed,36
24356,Rigid,1453751,1456411,1456423,2660,12,2672,completed,36
24357,Rigid,1453863,1455947,1456382,2084,435,2519,completed,36
24358,Rigid,1453863,1455947,1456380,2084,433,2517,completed,36
24359,Rigid,1453863,1455947,1456384,2084,437,2521,completed,36
24360,Rigid,1453863,1455947,1456383,2084,436,2520,completed,36
24361,Rigid,1453863,1456041,1456472,2178,431,2609,completed,36
24362,Rigid,1453864,1456072,1456503,2208,431,2639,completed,36
24363,Rigid,1453864,1456195,1456634,2331,439,2770,completed,36
24364,Rigid,1453864,1456195,1456623,2331,428,2759,completed,36
24365,Rigid,1453870,1456411,1456425,2541,14,2555,completed,36
24366,Rigid,1454054,1454054,1454828,0,774,774,completed,36
24367,Rigid,1455680,1456504,1456513,824,9,833,completed,36
24368,Rigid,1455737,1455760,1460975,23,5215,5238,completed,12
24369,Rigid,1455758,1455758,1455768,0,10,10,completed,4
24370,Rigid,1455815,1455815,1455824,0,9,9,completed,4
24371,Rigid,1455838,1455838,1455846,0,8,8,completed,4
24372,Rigid,1455858,1455858,1455866,0,8,8,completed,4
24373,Rigid,1455879,1455879,1455887,0,8,8,completed,4
24374,Rigid,1455910,1455910,1455919,0,9,9,completed,4
24375,Rigid,1455921,1480456,1491467,24535,11011,35546,completed,144
24376,Rigid,1455934,1455934,1455944,0,10,10,completed,4
24377,Rigid,1456040,1493713,1565976,37673,72263,109936,completed,72
24378,Rigid,1456040,1493713,1600484,37673,106771,144444,completed,72
24379,Rigid,1456040,1493737,1612634,37697,118897,156594,completed,72
24380,Rigid,1456899,1456899,1456907,0,8,8,completed,4
24381,Rigid,1456922,1456922,1456930,0,8,8,completed,4
24382,Rigid,1456949,1456949,1456957,0,8,8,completed,4
24383,Rigid,1456972,1456972,1456980,0,8,8,completed,4
24384,Rigid,1457004,1457004,1457007,0,3,3,completed,4
24385,Rigid,1457016,1457016,1457024,0,8,8,completed,4
24386,Rigid,1457081,1457081,1457090,0,9,9,completed,4
24387,Rigid,1457120,1457120,1457128,0,8,8,completed,4
24388,Rigid,1457153,1457153,1457161,0,8,8,completed,4
24389,Rigid,1457240,1457240,1457248,0,8,8,completed,4
24390,Rigid,1457263,1457263,1457271,0,8,8,completed,4
24391,Rigid,1457295,1457295,1457303,0,8,8,completed,4
24392,Rigid,1457355,1495350,1730713,37995,235363,273358,completed,360
24393,Rigid,1457570,1457570,1457578,0,8,8,completed,4
24394,Rigid,1457897,1458688,1458694,791,6,797,completed,36
24395,Rigid,1458897,1458903,1458943,6,40,46,completed,36
24396,Rigid,1458945,1458964,1460582,19,1618,1637,completed,36
24397,Rigid,1459295,1460511,1460810,1216,299,1515,completed,144
24398,Rigid,1459942,1459943,1459952,1,9,10,completed,36
24399,Rigid,1460017,1460017,1460023,0,6,6,completed,36
24400,Rigid,1460038,1460039,1460048,1,9,10,completed,36
24401,Rigid,1460102,1460666,1806266,564,345600,346164,completed,144
24402,Rigid,1460129,1460132,1460141,3,9,12,completed,36
24403,Rigid,1460202,1460203,1460211,1,8,9,completed,36
24404,Rigid,1460258,1460259,1460268,1,9,10,completed,36
24405,Rigid,1460300,1460300,1460309,0,9,9,completed,36
24406,Rigid,1460468,1461004,1742119,536,281115,281651,completed,180
24407,Rigid,1461572,1461572,1466013,0,4441,4441,completed,36
24408,Rigid,1461617,1461854,1463249,237,1395,1632,completed,72
24409,Rigid,1461691,1461854,1462695,163,841,1004,completed,144
24410,Rigid,1461728,1462697,1463155,969,458,1427,completed,288
24411,Rigid,1461776,1463095,1463364,1319,269,1588,completed,576
24412,Rigid,1461830,1463374,1463525,1544,151,1695,completed,1152
24413,Rigid,1461833,1463126,1733143,1293,270017,271310,completed,180
24414,Rigid,1461834,1477939,1477980,16105,41,16146,completed,36
24415,Rigid,1461888,1480544,1480651,18656,107,18763,completed,2304
24416,Rigid,1463149,1463157,1464131,8,974,982,completed,36
24417,Rigid,1463245,1463250,1463572,5,322,327,completed,1
24418,Rigid,1463278,1464580,1464587,1302,7,1309,completed,36
24419,Rigid,1463767,1463767,1463782,0,15,15,completed,1
24420,Rigid,1463924,1463924,1463938,0,14,14,completed,1
24421,Rigid,1464001,1464001,1464014,0,13,13,completed,1
24422,Rigid,1464188,1464518,1464568,330,50,380,completed,36
24423,Rigid,1464196,1464196,1464210,0,14,14,completed,1
24424,Rigid,1464332,1464332,1522391,0,58059,58059,completed,36
24425,Rigid,1464346,1464350,1464363,4,13,17,completed,1
24426,Rigid,1464421,1464421,1464435,0,14,14,completed,1
24427,Rigid,1464520,1464520,1464534,0,14,14,completed,1
24428,Rigid,1464720,1464720,1464733,0,13,13,completed,1
24429,Rigid,1464771,1464796,1466384,25,1588,1613,completed,36
24430,Rigid,1464798,1464799,1464811,1,12,13,completed,1
24431,Rigid,1464895,1464895,1464908,0,13,13,completed,1
24432,Rigid,1464931,1466467,1466544,1536,77,1613,completed,36
24433,Rigid,1464957,1464958,1464970,1,12,13,completed,1
24434,Rigid,1465001,1465010,1465901,9,891,900,completed,1
24435,Rigid,1465364,1465381,1465759,17,378,395,completed,12
24436,Rigid,1465493,1465494,1465505,1,11,12,completed,1
24437,Rigid,1465615,1465629,1465640,14,11,25,completed,144
24438,Rigid,1465619,1465629,1465640,10,11,21,completed,144
24439,Rigid,1465693,1465722,1465933,29,211,240,completed,144
24440,Rigid,1465694,1465722,1465933,28,211,239,completed,144
24441,Rigid,1465764,1466404,1466418,640,14,654,completed,36
24442,Rigid,1465886,1466436,1466442,550,6,556,completed,36
24443,Rigid,1465932,1465938,1466112,6,174,180,completed,4
24444,Rigid,1465983,1465999,1466869,16,870,886,completed,12
24445,Rigid,1466265,1466280,1466493,15,213,228,completed,144
24446,Rigid,1466266,1466280,1466491,14,211,225,completed,144
24447,Rigid,1466364,1466373,1466377,9,4,13,completed,180
24448,Rigid,1466365,1466373,1466377,8,4,12,completed,180
24449,Rigid,1466400,1466404,1466408,4,4,8,completed,180
24450,Rigid,1466402,1466404,1466408,2,4,6,completed,180
24451,Rigid,1466416,1466417,1466429,1,12,13,completed,1
24452,Rigid,1466443,1466467,1466470,24,3,27,completed,180
24453,Rigid,1466443,1466467,1466470,24,3,27,completed,180
24454,Rigid,1466484,1466498,1466501,14,3,17,completed,180
24455,Rigid,1466573,1466591,1467033,18,442,460,completed,36
24456,Rigid,1466573,1466591,1467035,18,444,462,completed,36
24457,Rigid,1466573,1466591,1467034,18,443,461,completed,36
24458,Rigid,1466573,1466591,1467030,18,439,457,completed,36
24459,Rigid,1466573,1466591,1467028,18,437,455,completed,36
24460,Rigid,1466574,1466591,1467034,17,443,460,completed,36
24461,Rigid,1466574,1466591,1467034,17,443,460,completed,36
24462,Rigid,1466574,1466591,1467028,17,437,454,completed,36
24463,Rigid,1466671,1466684,1466952,13,268,281,completed,36
24464,Rigid,1466671,1466684,1466954,13,270,283,completed,36
24465,Rigid,1466672,1466684,1466954,12,270,282,completed,36
24466,Rigid,1466672,1466684,1466952,12,268,280,completed,36
24467,Rigid,1466672,1466684,1466950,12,266,278,completed,36
24468,Rigid,1466672,1466684,1466950,12,266,278,completed,36
24469,Rigid,1466672,1466684,1466939,12,255,267,completed,36
24470,Rigid,1466672,1466684,1466954,12,270,282,completed,36
24471,Rigid,1466721,1466746,1467014,25,268,293,completed,36
24472,Rigid,1466721,1466746,1467014,25,268,293,completed,36
24473,Rigid,1466722,1466746,1466997,24,251,275,completed,36
24474,Rigid,1466722,1466746,1467013,24,267,291,completed,36
24475,Rigid,1466722,1466746,1467010,24,264,288,completed,36
24476,Rigid,1466722,1466746,1467013,24,267,291,completed,36
24477,Rigid,1466722,1466746,1467012,24,266,290,completed,36
24478,Rigid,1466722,1466746,1467014,24,268,292,completed,36
24479,Rigid,1466783,1466808,1467075,25,267,292,completed,36
24480,Rigid,1466783,1466808,1467073,25,265,290,completed,36
24481,Rigid,1466783,1466808,1467074,25,266,291,completed,36
24482,Rigid,1466783,1466808,1467073,25,265,290,completed,36
24483,Rigid,1466783,1466808,1467070,25,262,287,completed,36
24484,Rigid,1466784,1466808,1467074,24,266,290,completed,36
24485,Rigid,1466784,1466808,1467072,24,264,288,completed,36
24486,Rigid,1466784,1466808,1467074,24,266,290,completed,36
24487,Rigid,1466863,1466870,1466877,7,7,14,completed,36
24488,Rigid,1466899,1479741,1482296,12842,2555,15397,completed,72
24489,Rigid,1467042,1467056,1483663,14,16607,16621,completed,12
24490,Rigid,1467147,1467148,1467159,1,11,12,completed,1
24491,Rigid,1467220,1467242,1470522,22,3280,3302,completed,36
24492,Rigid,1467255,1474621,1477937,7366,3316,10682,completed,36
24493,Rigid,1467334,1470687,1476010,3353,5323,8676,completed,36
24494,Rigid,1467699,1482310,1494052,14611,11742,26353,completed,144
24495,Rigid,1467704,1482558,1493498,14854,10940,25794,completed,144
24496,Rigid,1467708,1484074,1495095,16366,11021,27387,completed,144
24497,Rigid,1467711,1491752,1502868,24041,11116,35157,completed,144
24498,Rigid,1467714,1491913,1502932,24199,11019,35218,completed,144
24499,Rigid,1467718,1492096,1503128,24378,11032,35410,completed,144
24500,Rigid,1467736,1470529,1470535,2793,6,2799,completed,36
24501,Rigid,1468045,1468047,1468051,2,4,6,completed,180
24502,Rigid,1468081,1468109,1468113,28,4,32,completed,180
24503,Rigid,1468091,1468109,1468112,18,3,21,completed,180
24504,Rigid,1468136,1468140,1468144,4,4,8,completed,180
24505,Rigid,1468157,1470564,1470667,2407,103,2510,completed,36
24506,Rigid,1468188,1468188,1468200,0,12,12,completed,1
24507,Rigid,1468188,1468202,1468206,14,4,18,completed,180
24508,Rigid,1468263,1468264,1468268,1,4,5,completed,180
24509,Rigid,1468284,1468296,1468299,12,3,15,completed,180
24510,Rigid,1468317,1468327,1468539,10,212,222,completed,180
24511,Rigid,1468592,1468592,1468605,0,13,13,completed,1
24512,Rigid,1468954,1468954,1468966,0,12,12,completed,1
24513,Rigid,1469021,1665034,1673675,196013,8641,204654,completed,432
24514,Rigid,1469023,1673677,1687948,204654,14271,218925,completed,432
24515,Rigid,1469026,1687949,1769683,218923,81734,300657,completed,432
24516,Rigid,1469107,1469107,1469118,0,11,11,completed,1
24517,Rigid,1469231,1469232,1469244,1,12,13,completed,1
24518,Rigid,1469599,1469599,1469612,0,13,13,completed,1
24519,Rigid,1469629,1469631,1469643,2,12,14,completed,1
24520,Rigid,1469780,1469781,1469792,1,11,12,completed,1
24521,Rigid,1469891,1469891,1469903,0,12,12,completed,1
24522,Rigid,1469953,1469954,1469965,1,11,12,completed,1
24523,Rigid,1470170,1470172,1470184,2,12,14,completed,1
24524,Rigid,1471030,1471031,1471044,1,13,14,completed,1
24525,Rigid,1471240,1474063,1474071,2823,8,2831,completed,36
24526,Rigid,1471425,1474094,1557166,2669,83072,85741,completed,36
24527,Rigid,1471932,1492208,1503128,20276,10920,31196,completed,144
24528,Rigid,1472516,1473290,1475017,774,1727,2501,completed,36
24529,Rigid,1472683,1472699,1472903,16,204,220,completed,72
24530,Rigid,1472958,1495335,1495349,22377,14,22391,completed,432
24531,Rigid,1473167,1473197,1473401,30,204,234,completed,72
24532,Rigid,1474148,1474148,1474253,0,105,105,completed,36
24533,Rigid,1474620,1495210,1508464,20590,13254,33844,completed,144
24534,Rigid,1475891,1475891,1475917,0,26,26,completed,1
24535,Rigid,1476458,1476459,1476484,1,25,26,completed,1
24536,Rigid,1476823,1476823,1476842,0,19,19,completed,1
24537,Rigid,1476954,1476957,1476982,3,25,28,completed,1
24538,Rigid,1477986,1477986,1477992,0,6,6,completed,36
24539,Rigid,1482575,1482575,1482608,0,33,33,completed,36
24540,Rigid,1482831,1482832,1483004,1,172,173,completed,36
24541,Rigid,1483355,1483356,1484144,1,788,789,completed,36
24542,Rigid,1484011,2758909,2787145,1274898,28236,1303134,completed,1152
24543,Rigid,1484189,1484189,1484202,0,13,13,completed,1
24544,Rigid,1484267,1484268,1484280,1,12,13,completed,1
24545,Rigid,1484304,1484305,1484317,1,12,13,completed,1
24546,Rigid,1484336,1484337,1484348,1,11,12,completed,1
24547,Rigid,1484449,1484450,1484461,1,11,12,completed,1
24548,Rigid,1484579,1487604,1487869,3025,265,3290,completed,36
24549,Rigid,1484579,1487886,1488151,3307,265,3572,completed,36
24550,Rigid,1484579,1488168,1488429,3589,261,3850,completed,36
24551,Rigid,1484579,1488450,1488714,3871,264,4135,completed,36
24552,Rigid,1484579,1488983,1489242,4404,259,4663,completed,36
24553,Rigid,1484580,1489266,1489529,4686,263,4949,completed,36
24554,Rigid,1484580,1489549,1489805,4969,256,5225,completed,36
24555,Rigid,1484581,1489831,1490095,5250,264,5514,completed,36
24556,Rigid,1484615,1484615,1484628,0,13,13,completed,1
24557,Rigid,1484681,1490113,1490378,5432,265,5697,completed,36
24558,Rigid,1484681,1490398,1490659,5717,261,5978,completed,36
24559,Rigid,1484681,1490617,1490882,5936,265,6201,completed,36
24560,Rigid,1484681,1490679,1490944,5998,265,6263,completed,36
24561,Rigid,1484682,1490901,1491164,6219,263,6482,completed,36
24562,Rigid,1484682,1490967,1491229,6285,262,6547,completed,36
24563,Rigid,1484682,1491188,1491442,6506,254,6760,completed,36
24564,Rigid,1484682,1491223,1491482,6541,259,6800,completed,36
24565,Rigid,1484707,1484708,1484733,1,25,26,completed,1
24566,Rigid,1484725,1491223,1491480,6498,257,6755,completed,36
24567,Rigid,1484725,1491226,1491482,6501,256,6757,completed,36
24568,Rigid,1484725,1491226,1491484,6501,258,6759,completed,36
24569,Rigid,1484726,1491230,1491485,6504,255,6759,completed,36
24570,Rigid,1484726,1491443,1491705,6717,262,6979,completed,36
24571,Rigid,1484726,1491468,1491714,6742,246,6988,completed,36
24572,Rigid,1484727,1491468,1491731,6741,263,7004,completed,36
24573,Rigid,1484727,1491468,1491729,6741,261,7002,completed,36
24574,Rigid,1484771,1491468,1491897,6697,429,7126,completed,36
24575,Rigid,1484772,1491481,1491911,6709,430,7139,completed,36
24576,Rigid,1484772,1491483,1491907,6711,424,7135,completed,36
24577,Rigid,1484772,1491484,1491916,6712,432,7144,completed,36
24578,Rigid,1484772,1491485,1491916,6713,431,7144,completed,36
24579,Rigid,1484772,1491486,1491912,6714,426,7140,completed,36
24580,Rigid,1484772,1491706,1492139,6934,433,7367,completed,36
24581,Rigid,1484772,1491715,1492136,6943,421,7364,completed,36
24582,Rigid,1484921,1484922,1484947,1,25,26,completed,1
24583,Rigid,1485970,1491732,1500414,5762,8682,14444,completed,72
24584,Rigid,1486330,1487164,1487596,834,432,1266,completed,36
24585,Rigid,1486448,1491223,1491225,4775,2,4777,completed,72
24586,Rigid,1486931,1529065,1597095,42134,68030,110164,completed,36
24587,Rigid,1488686,1488732,1488973,46,241,287,completed,36
24588,Rigid,1488978,1488983,1488991,5,8,13,completed,1
24589,Rigid,1489010,1489015,1489020,5,5,10,completed,1
24590,Rigid,1489035,1489046,1489051,11,5,16,completed,1
24591,Rigid,1489043,1489046,1489051,3,5,8,completed,1
24592,Rigid,1489144,1489172,1489208,28,36,64,completed,1
24593,Rigid,1489283,1489297,1489303,14,6,20,completed,1
24594,Rigid,1489359,1489360,1489449,1,89,90,completed,1
24595,Rigid,1489712,1489713,1489759,1,46,47,completed,36
24596,Rigid,1489796,1489799,1489889,3,90,93,completed,1
24597,Rigid,1489910,1489925,1490008,15,83,98,completed,1
24598,Rigid,1490042,1490050,1490058,8,8,16,completed,1
24599,Rigid,1490905,1490905,1490907,0,2,2,completed,1
24600,Rigid,1490906,1490908,1490916,2,8,10,completed,1
24601,Rigid,1490906,1490908,1490915,2,7,9,completed,1
24602,Rigid,1490915,1490915,1490919,0,4,4,completed,1
24603,Rigid,1490915,1490915,1490919,0,4,4,completed,1
24604,Rigid,1490946,1490947,1490950,1,3,4,completed,1
24605,Rigid,1490946,1490947,1490950,1,3,4,completed,1
24606,Rigid,1490968,1490968,1490974,0,6,6,completed,1
24607,Rigid,1490968,1490972,1490980,4,8,12,completed,1
24608,Rigid,1490968,1490972,1490973,4,1,5,completed,1
24609,Rigid,1490969,1490972,1490974,3,2,5,completed,1
24610,Rigid,1490969,1490972,1490979,3,7,10,completed,1
24611,Rigid,1491221,1495365,1507334,4144,11969,16113,completed,144
24612,Rigid,1491467,1502869,1514032,11402,11163,22565,completed,144
24613,Rigid,1491750,1502934,1514129,11184,11195,22379,completed,144
24614,Rigid,1492003,1492003,1492206,0,203,203,completed,72
24615,Rigid,1492095,1503130,1514387,11035,11257,22292,completed,144
24616,Rigid,1493058,1493059,1493105,1,46,47,completed,36
24617,Rigid,1493498,1503130,1514271,9632,11141,20773,completed,144
24618,Rigid,1494052,1507335,1518299,13283,10964,24247,completed,144
24619,Rigid,1494787,1494812,1494815,25,3,28,completed,1
24620,Rigid,1494787,1494812,1494816,25,4,29,completed,1
24621,Rigid,1494787,1494812,1494815,25,3,28,completed,1
24622,Rigid,1494787,1494812,1494816,25,4,29,completed,1
24623,Rigid,1494787,1494812,1494816,25,4,29,completed,1
24624,Rigid,1494787,1494812,1494816,25,4,29,completed,1
24625,Rigid,1494787,1494812,1494816,25,4,29,completed,1
24626,Rigid,1494787,1494812,1494816,25,4,29,completed,1
24627,Rigid,1494787,1494812,1494816,25,4,29,completed,1
24628,Rigid,1494787,1494812,1494816,25,4,29,completed,1
24629,Rigid,1494787,1494812,1494815,25,3,28,completed,1
24630,Rigid,1494787,1494812,1494816,25,4,29,completed,1
24631,Rigid,1495095,1508465,1519445,13370,10980,24350,completed,144
24632,Rigid,1495134,1495148,1495309,14,161,175,completed,1
24633,Rigid,1495318,1495332,1509910,14,14578,14592,completed,1
24634,Rigid,1495318,1495332,1496385,14,1053,1067,completed,1
24635,Rigid,1495318,1495332,1508179,14,12847,12861,completed,1
24636,Rigid,1495318,1495332,1513801,14,18469,18483,completed,1
24637,Rigid,1495318,1495332,1512011,14,16679,16693,completed,1
24638,Rigid,1495318,1495332,1526441,14,31109,31123,completed,1
24639,Rigid,1495318,1495332,1495426,14,94,108,completed,1
24640,Rigid,1495318,1495332,1495627,14,295,309,completed,1
24641,Rigid,1495318,1495332,1496428,14,1096,1110,completed,1
24642,Rigid,1495318,1495332,1495809,14,477,491,completed,1
24643,Rigid,1495318,1495332,1496239,14,907,921,completed,1
24644,Rigid,1495319,1495332,1503455,13,8123,8136,completed,1
24645,Rigid,1495427,1495455,1526843,28,31388,31416,completed,18
24646,Rigid,1495427,1495455,1506201,28,10746,10774,completed,18
24647,Rigid,1495427,1495455,1506181,28,10726,10754,completed,18
24648,Rigid,1495427,1506198,1515686,10771,9488,20259,completed,18
24649,Rigid,1495427,1506230,1542075,10803,35845,46648,completed,18
24650,Rigid,1495427,1515672,1543215,20245,27543,47788,completed,18
24651,Rigid,1495427,1515672,1524827,20245,9155,29400,completed,18
24652,Rigid,1495427,1515672,1524636,20245,8964,29209,completed,18
24653,Rigid,1495427,1515672,1524443,20245,8771,29016,completed,18
24654,Rigid,1495427,1515687,1526260,20260,10573,30833,completed,18
24655,Rigid,1495427,1520963,1587869,25536,66906,92442,completed,18
24656,Rigid,1495427,1520963,1551274,25536,30311,55847,completed,18
24657,Rigid,1495427,1520963,1544636,25536,23673,49209,completed,18
24658,Rigid,1495428,1520963,1549194,25535,28231,53766,completed,18
24659,Rigid,1495428,1520963,1529927,25535,8964,34499,completed,18
24660,Rigid,1495428,1520964,1529960,25536,8996,34532,completed,18
24661,Rigid,1495428,1520964,1530034,25536,9070,34606,completed,18
24662,Rigid,1495428,1520964,1530039,25536,9075,34611,completed,18
24663,Rigid,1495430,1523203,1532105,27773,8902,36675,completed,18
24664,Rigid,1495431,1523204,1532214,27773,9010,36783,completed,18
24665,Rigid,1495431,1523204,1532269,27773,9065,36838,completed,18
24666,Rigid,1495432,1523204,1531941,27772,8737,36509,completed,18
24667,Rigid,1495432,1523204,1532173,27772,8969,36741,completed,18
24668,Rigid,1495432,1523204,1532530,27772,9326,37098,completed,18
24669,Rigid,1495437,1523204,1531773,27767,8569,36336,completed,18
24670,Rigid,1495437,1523204,1532102,27767,8898,36665,completed,18
24671,Rigid,1495437,1524466,1533272,29029,8806,37835,completed,18
24672,Rigid,1495440,1524660,1533373,29220,8713,37933,completed,18
24673,Rigid,1495440,1524853,1534088,29413,9235,38648,completed,18
24674,Rigid,1495440,1525775,1534328,30335,8553,38888,completed,18
24675,Rigid,1495440,1525776,1534763,30336,8987,39323,completed,18
24676,Rigid,1495440,1525776,1534660,30336,8884,39220,completed,18
24677,Rigid,1495440,1525776,1534739,30336,8963,39299,completed,18
24678,Rigid,1495441,1525797,1534813,30356,9016,39372,completed,18
24679,Rigid,1495441,1525798,1535147,30357,9349,39706,completed,18
24680,Rigid,1495441,1525810,1534784,30369,8974,39343,completed,18
24681,Rigid,1495441,1525810,1556032,30369,30222,60591,completed,18
24682,Rigid,1495441,1525876,1534964,30435,9088,39523,completed,18
24683,Rigid,1495441,1525876,1535242,30435,9366,39801,completed,18
24684,Rigid,1495441,1525894,1534908,30453,9014,39467,completed,18
24685,Rigid,1495441,1525894,1553436,30453,27542,57995,completed,18
24686,Rigid,1495441,1525899,1535007,30458,9108,39566,completed,18
24687,Rigid,1495441,1525899,1534969,30458,9070,39528,completed,18
24688,Rigid,1495441,1525916,1534810,30475,8894,39369,completed,18
24689,Rigid,1495442,1525917,1534967,30475,9050,39525,completed,18
24690,Rigid,1495442,1525921,1534891,30479,8970,39449,completed,18
24691,Rigid,1495442,1525921,1534965,30479,9044,39523,completed,18
24692,Rigid,1495442,1525945,1534888,30503,8943,39446,completed,18
24693,Rigid,1495442,1525945,1535073,30503,9128,39631,completed,18
24694,Rigid,1495443,1525970,1535102,30527,9132,39659,completed,18
24695,Rigid,1495443,1525970,1534944,30527,8974,39501,completed,18
24696,Rigid,1495443,1525989,1534970,30546,8981,39527,completed,18
24697,Rigid,1495443,1525989,1535003,30546,9014,39560,completed,18
24698,Rigid,1495443,1526012,1535056,30569,9044,39613,completed,18
24699,Rigid,1495443,1526012,1535202,30569,9190,39759,completed,18
24700,Rigid,1495443,1526052,1535371,30609,9319,39928,completed,18
24701,Rigid,1495444,1526053,1535133,30609,9080,39689,completed,18
24702,Rigid,1495444,1526100,1535235,30656,9135,39791,completed,18
24703,Rigid,1495445,1526100,1534921,30655,8821,39476,completed,18
24704,Rigid,1495445,1526149,1535238,30704,9089,39793,completed,18
24705,Rigid,1495446,1526149,1534978,30703,8829,39532,completed,18
24706,Rigid,1495446,1526262,1557732,30816,31470,62286,completed,18
24707,Rigid,1495446,1526845,1538416,31399,11571,42970,completed,18
24708,Rigid,1495446,1528171,1536838,32725,8667,41392,completed,18
24709,Rigid,1495446,1529095,1538307,33649,9212,42861,completed,18
24710,Rigid,1495447,1529901,1538876,34454,8975,43429,completed,18
24711,Rigid,1495447,1529932,1539131,34485,9199,43684,completed,18
24712,Rigid,1495449,1529964,1539224,34515,9260,43775,completed,18
24713,Rigid,1495449,1530058,1539059,34609,9001,43610,completed,18
24714,Rigid,1495450,1530058,1539128,34608,9070,43678,completed,18
24715,Rigid,1495451,1530928,1540196,35477,9268,44745,completed,18
24716,Rigid,1495452,1530959,1540170,35507,9211,44718,completed,18
24717,Rigid,1495452,1531763,1540997,36311,9234,45545,completed,18
24718,Rigid,1495453,1531794,1540292,36341,8498,44839,completed,18
24719,Rigid,1495454,1531856,1540792,36402,8936,45338,completed,18
24720,Rigid,1495454,1531919,1540685,36465,8766,45231,completed,18
24721,Rigid,1495456,1531949,1540882,36493,8933,45426,completed,18
24722,Rigid,1495456,1532104,1540820,36648,8716,45364,completed,18
24723,Rigid,1495456,1532135,1541239,36679,9104,45783,completed,18
24724,Rigid,1495457,1532197,1541201,36740,9004,45744,completed,18
24725,Rigid,1495457,1532228,1541211,36771,8983,45754,completed,18
24726,Rigid,1495457,1532289,1541470,36832,9181,46013,completed,18
24727,Rigid,1495458,1534778,1543940,39320,9162,48482,completed,18
24728,Rigid,1495458,1534809,1543847,39351,9038,48389,completed,18
24729,Rigid,1495461,1534840,1594648,39379,59808,99187,completed,18
24730,Rigid,1498879,1500415,1500537,1536,122,1658,completed,72
24731,Rigid,1502868,1514033,1525141,11165,11108,22273,completed,144
24732,Rigid,1502932,1514131,1525063,11199,10932,22131,completed,144
24733,Rigid,1503126,1503127,1503152,1,25,26,completed,1
24734,Rigid,1503128,1514273,1525425,11145,11152,22297,completed,144
24735,Rigid,1503128,1514389,1525336,11261,10947,22208,completed,144
24736,Rigid,1504211,1504214,1504416,3,202,205,completed,72
24737,Rigid,1504276,1504417,1504538,141,121,262,completed,72
24738,Rigid,1504463,1504545,1505027,82,482,564,completed,72
24739,Rigid,1505431,1505432,1505635,1,203,204,completed,72
24740,Rigid,1507334,1518300,1529044,10966,10744,21710,completed,144
24741,Rigid,1508009,1508009,1509368,0,1359,1359,completed,18
24742,Rigid,1508009,1508009,1509260,0,1251,1251,completed,18
24743,Rigid,1508464,1519446,1531737,10982,12291,23273,completed,144
24744,Rigid,1509506,1509507,1509511,1,4,5,completed,1
24745,Rigid,1509507,1509507,1509522,0,15,15,completed,1
24746,Rigid,1509508,1509510,1509517,2,7,9,completed,1
24747,Rigid,1509508,1509510,1509522,2,12,14,completed,1
24748,Rigid,1509508,1509510,1509513,2,3,5,completed,1
24749,Rigid,1509617,1509618,1509622,1,4,5,completed,1
24750,Rigid,1509617,1509618,1509622,1,4,5,completed,1
24751,Rigid,1509617,1509618,1509740,1,122,123,completed,1
24752,Rigid,1509617,1509618,1509653,1,35,36,completed,1
24753,Rigid,1509618,1509618,1509621,0,3,3,completed,1
24754,Rigid,1509618,1509618,1509623,0,5,5,completed,1
24755,Rigid,1509618,1509622,1510793,4,1171,1175,completed,2
24756,Rigid,1509618,1509622,1510825,4,1203,1207,completed,2
24757,Rigid,1509618,1509622,1509636,4,14,18,completed,1
24758,Rigid,1509618,1509622,1510712,4,1090,1094,completed,2
24759,Rigid,1509618,1509622,1510035,4,413,417,completed,2
24760,Rigid,1509619,1509622,1509710,3,88,91,completed,2
24761,Rigid,1509619,1509622,1510100,3,478,481,completed,1
24762,Rigid,1509619,1509622,1509827,3,205,208,completed,1
24763,Rigid,1509619,1509622,1509628,3,6,9,completed,1
24764,Rigid,1509619,1509622,1509630,3,8,11,completed,1
24765,Rigid,1509619,1509622,1509694,3,72,75,completed,2
24766,Rigid,1509620,1509622,1510063,2,441,443,completed,2
24767,Rigid,1509620,1509622,1510073,2,451,453,completed,1
24768,Rigid,1509620,1509622,1510124,2,502,504,completed,2
24769,Rigid,1509620,1509622,1509669,2,47,49,completed,2
24770,Rigid,1509620,1509622,1510832,2,1210,1212,completed,2
24771,Rigid,1509621,1509622,1509774,1,152,153,completed,2
24772,Rigid,1509621,1509622,1509782,1,160,161,completed,1
24773,Rigid,1509621,1509622,1509693,1,71,72,completed,2
24774,Rigid,1509621,1509622,1510085,1,463,464,completed,2
24775,Rigid,1509621,1509622,1509849,1,227,228,completed,2
24776,Rigid,1509621,1509622,1510839,1,1217,1218,completed,2
24777,Rigid,1509622,1509622,1510772,0,1150,1150,completed,2
24778,Rigid,1509622,1509622,1510724,0,1102,1102,completed,2
24779,Rigid,1509622,1509623,1509627,1,4,5,completed,1
24780,Rigid,1509622,1509623,1509972,1,349,350,completed,2
24781,Rigid,1509622,1509623,1510437,1,814,815,completed,1
24782,Rigid,1509623,1509623,1509687,0,64,64,completed,2
24783,Rigid,1509623,1509623,1510736,0,1113,1113,completed,2
24784,Rigid,1509623,1509623,1509640,0,17,17,completed,1
24785,Rigid,1509623,1509623,1509662,0,39,39,completed,1
24786,Rigid,1509623,1509623,1511697,0,2074,2074,completed,1
24787,Rigid,1509623,1509623,1509639,0,16,16,completed,1
24788,Rigid,1509623,1509623,1509625,0,2,2,completed,1
24789,Rigid,1509623,1509623,1512062,0,2439,2439,completed,1
24790,Rigid,1509623,1509623,1509732,0,109,109,completed,2
24791,Rigid,1509624,1509624,1509771,0,147,147,completed,1
24792,Rigid,1509624,1509624,1509630,0,6,6,completed,1
24793,Rigid,1509625,1509626,1510918,1,1292,1293,completed,2
24794,Rigid,1509625,1509626,1510929,1,1303,1304,completed,2
24795,Rigid,1509625,1509626,1509676,1,50,51,completed,2
24796,Rigid,1509625,1509626,1510289,1,663,664,completed,1
24797,Rigid,1509626,1509628,1510662,2,1034,1036,completed,2
24798,Rigid,1509626,1509628,1511855,2,2227,2229,completed,1
24799,Rigid,1509627,1509628,1509662,1,34,35,completed,1
24800,Rigid,1509627,1509628,1509634,1,6,7,completed,1
24801,Rigid,1509627,1509628,1509644,1,16,17,completed,1
24802,Rigid,1509627,1509628,1510835,1,1207,1208,completed,2
24803,Rigid,1509627,1509628,1510716,1,1088,1089,completed,2
24804,Rigid,1509627,1509628,1511028,1,1400,1401,completed,2
24805,Rigid,1509627,1509628,1510034,1,406,407,completed,2
24806,Rigid,1509628,1509628,1509862,0,234,234,completed,2
24807,Rigid,1509628,1509628,1509795,0,167,167,completed,2
24808,Rigid,1509628,1509628,1509652,0,24,24,completed,1
24809,Rigid,1509628,1509629,1509669,1,40,41,completed,2
24810,Rigid,1509629,1509629,1509650,0,21,21,completed,1
24811,Rigid,1509629,1509629,1509650,0,21,21,completed,1
24812,Rigid,1509629,1509630,1510951,1,1321,1322,completed,2
24813,Rigid,1509630,1509630,1510772,0,1142,1142,completed,2
24814,Rigid,1509630,1509630,1511603,0,1973,1973,completed,1
24815,Rigid,1509630,1509631,1509740,1,109,110,completed,2
24816,Rigid,1509630,1509631,1509637,1,6,7,completed,1
24817,Rigid,1509630,1509631,1509682,1,51,52,completed,2
24818,Rigid,1509631,1509631,1509665,0,34,34,completed,1
24819,Rigid,1509631,1509631,1509649,0,18,18,completed,1
24820,Rigid,1509631,1509631,1509637,0,6,6,completed,1
24821,Rigid,1512079,1512080,1513716,1,1636,1637,completed,1
24822,Rigid,1512080,1512080,1513925,0,1845,1845,completed,1
24823,Rigid,1514032,1539129,1550530,25097,11401,36498,completed,144
24824,Rigid,1514129,1540198,1540315,26069,117,26186,completed,144
24825,Rigid,1514387,1541183,1551720,26796,10537,37333,completed,144
24826,Rigid,1515659,1515659,1515660,0,1,1,completed,4
24827,Rigid,1515679,1515679,1515687,0,8,8,completed,4
24828,Rigid,1515959,1515959,1515967,0,8,8,completed,4
24829,Rigid,1516206,1516206,1516214,0,8,8,completed,4
24830,Rigid,1516228,1516228,1516236,0,8,8,completed,4
24831,Rigid,1516450,1516450,1516459,0,9,9,completed,4
24832,Rigid,1516580,1516580,1516588,0,8,8,completed,4
24833,Rigid,1516596,1516596,1516604,0,8,8,completed,4
24834,Rigid,1516616,1516616,1516625,0,9,9,completed,4
24835,Rigid,1516642,1516642,1516651,0,9,9,completed,4
24836,Rigid,1516665,1516665,1516673,0,8,8,completed,4
24837,Rigid,1516686,1516686,1516695,0,9,9,completed,4
24838,Rigid,1516986,1516986,1516994,0,8,8,completed,4
24839,Rigid,1517014,1517014,1517022,0,8,8,completed,4
24840,Rigid,1517031,1517031,1517039,0,8,8,completed,4
24841,Rigid,1517054,1517054,1517062,0,8,8,completed,4
24842,Rigid,1518454,1518454,1518463,0,9,9,completed,4
24843,Rigid,1518508,1518508,1518516,0,8,8,completed,4
24844,Rigid,1518535,1518535,1518544,0,9,9,completed,4
24845,Rigid,1518584,1518584,1518592,0,8,8,completed,4
24846,Rigid,1518617,1518617,1518626,0,9,9,completed,4
24847,Rigid,1518792,1518792,1518800,0,8,8,completed,4
24848,Rigid,1518867,1518867,1518870,0,3,3,completed,4
24849,Rigid,1519150,1519150,1519151,0,1,1,completed,4
24850,Rigid,1519182,1519182,1519183,0,1,1,completed,4
24851,Rigid,1519393,1519393,1519397,0,4,4,completed,36
24852,Rigid,1519434,1519434,1519451,0,17,17,completed,36
24853,Rigid,1519549,1519549,1519557,0,8,8,completed,4
24854,Rigid,1519562,1519562,1519572,0,10,10,completed,4
24855,Rigid,1519585,1519585,1519593,0,8,8,completed,4
24856,Rigid,1519776,1519776,1519785,0,9,9,completed,4
24857,Rigid,1519816,1519816,1519825,0,9,9,completed,4
24858,Rigid,1519848,1519848,1519857,0,9,9,completed,4
24859,Rigid,1520046,1520046,1520055,0,9,9,completed,4
24860,Rigid,1520076,1520076,1520086,0,10,10,completed,4
24861,Rigid,1520198,1520198,1520207,0,9,9,completed,4
24862,Rigid,1520264,1520264,1520273,0,9,9,completed,4
24863,Rigid,1520319,1520319,1520326,0,7,7,completed,4
24864,Rigid,1520339,1520339,1520347,0,8,8,completed,4
24865,Rigid,1520383,1520383,1520392,0,9,9,completed,4
24866,Rigid,1520411,1520411,1520415,0,4,4,completed,4
24867,Rigid,1520433,1520433,1520441,0,8,8,completed,4
24868,Rigid,1524130,1524130,1544563,0,20433,20433,completed,1
24869,Rigid,1524145,1524146,1544563,1,20417,20418,completed,1
24870,Rigid,1524213,1525064,1525500,851,436,1287,completed,36
24871,Rigid,1524214,1525064,1525509,850,445,1295,completed,36
24872,Rigid,1524214,1525064,1525509,850,445,1295,completed,36
24873,Rigid,1524214,1525064,1525518,850,454,1304,completed,36
24874,Rigid,1524214,1525143,1525605,929,462,1391,completed,36
24875,Rigid,1524214,1525143,1525636,929,493,1422,completed,36
24876,Rigid,1524214,1525143,1525657,929,514,1443,completed,36
24877,Rigid,1524214,1525143,1525692,929,549,1478,completed,36
24878,Rigid,1524281,1525337,1525601,1056,264,1320,completed,36
24879,Rigid,1524281,1525337,1525598,1056,261,1317,completed,36
24880,Rigid,1524282,1525337,1525612,1055,275,1330,completed,36
24881,Rigid,1524282,1525337,1525620,1055,283,1338,completed,36
24882,Rigid,1524282,1525427,1525722,1145,295,1440,completed,36
24883,Rigid,1524282,1525427,1525743,1145,316,1461,completed,36
24884,Rigid,1524282,1525427,1525774,1145,347,1492,completed,36
24885,Rigid,1524282,1525427,1525809,1145,382,1527,completed,36
24886,Rigid,1524334,1525502,1525762,1168,260,1428,completed,36
24887,Rigid,1524334,1525510,1525771,1176,261,1437,completed,36
24888,Rigid,1524334,1525511,1525774,1177,263,1440,completed,36
24889,Rigid,1524334,1525521,1525796,1187,275,1462,completed,36
24890,Rigid,1524335,1525600,1525893,1265,293,1558,completed,36
24891,Rigid,1524335,1525602,1525915,1267,313,1580,completed,36
24892,Rigid,1524335,1525606,1525944,1271,338,1609,completed,36
24893,Rigid,1524335,1525613,1525987,1278,374,1652,completed,36
24894,Rigid,1524413,1525621,1525875,1208,254,1462,completed,36
24895,Rigid,1524413,1525638,1525896,1225,258,1483,completed,36
24896,Rigid,1524413,1525658,1525920,1245,262,1507,completed,36
24897,Rigid,1524413,1525693,1525968,1280,275,1555,completed,36
24898,Rigid,1524413,1525723,1526010,1310,287,1597,completed,36
24899,Rigid,1524413,1525744,1526051,1331,307,1638,completed,36
24900,Rigid,1524413,1525763,1526098,1350,335,1685,completed,36
24901,Rigid,1524414,1525774,1526147,1360,373,1733,completed,36
24902,Rigid,1525336,1541183,1552236,15847,11053,26900,completed,144
24903,Rigid,1525479,1525479,1544531,0,19052,19052,completed,1
24904,Rigid,1525650,1525651,1544563,1,18912,18913,completed,1
24905,Rigid,1525811,1525812,1526010,1,198,199,completed,2
24906,Rigid,1526406,1541471,1544255,15065,2784,17849,completed,36
24907,Rigid,1526440,1526441,1526540,1,99,100,completed,36
24908,Rigid,1526446,1541732,1542000,15286,268,15554,completed,36
24909,Rigid,1526455,1542011,1542265,15556,254,15810,completed,36
24910,Rigid,1526464,1542267,1548833,15803,6566,22369,completed,36
24911,Rigid,1526479,1526489,1526857,10,368,378,completed,4
24912,Rigid,1526561,1526565,1527288,4,723,727,completed,36
24913,Rigid,1526748,1690583,1700222,163835,9639,173474,completed,216
24914,Rigid,1526748,1690583,1695842,163835,5259,169094,completed,216
24915,Rigid,1526748,1707820,1713099,181072,5279,186351,completed,216
24916,Rigid,1526748,1709044,1718347,182296,9303,191599,completed,216
24917,Rigid,1526748,1709473,1714775,182725,5302,188027,completed,216
24918,Rigid,1526748,1710320,1715523,183572,5203,188775,completed,216
24919,Rigid,1526809,1713100,1722131,186291,9031,195322,completed,216
24920,Rigid,1526954,1538892,1742020,11938,203128,215066,completed,180
24921,Rigid,1528138,1547315,1558897,19177,11582,30759,completed,144
24922,Rigid,1528184,1551721,1563288,23537,11567,35104,completed,144
24923,Rigid,1528967,1528967,1529058,0,91,91,completed,1
24924,Rigid,1529044,1552237,1563009,23193,10772,33965,completed,144
24925,Rigid,1529106,1553457,1558971,24351,5514,29865,completed,144
24926,Rigid,1529112,1558898,1564439,29786,5541,35327,completed,144
24927,Rigid,1529123,1558972,1564504,29849,5532,35381,completed,144
24928,Rigid,1529129,1559557,1565263,30428,5706,36134,completed,144
24929,Rigid,1529141,1559646,1597891,30505,38245,68750,completed,144
24930,Rigid,1529545,1560216,1571910,30671,11694,42365,completed,144
24931,Rigid,1529595,1563150,1575352,33555,12202,45757,completed,144
24932,Rigid,1529679,1529680,1529761,1,81,82,completed,1
24933,Rigid,1529690,1529715,1531912,25,2197,2222,completed,12
24934,Rigid,1529695,1529901,1531910,206,2009,2215,completed,12
24935,Rigid,1529808,1529808,1532038,0,2230,2230,completed,12
24936,Rigid,1530096,1530096,1530123,0,27,27,completed,1
24937,Rigid,1530110,1530111,1530123,1,12,13,completed,1
24938,Rigid,1530134,1530134,1530273,0,139,139,completed,36
24939,Rigid,1530143,1530144,1530273,1,129,130,completed,36
24940,Rigid,1530287,1530288,1532425,1,2137,2138,completed,36
24941,Rigid,1530320,1530321,1532527,1,2206,2207,completed,36
24942,Rigid,1530495,1539037,1539076,8542,39,8581,completed,36
24943,Rigid,1530702,1538362,1538384,7660,22,7682,completed,180
24944,Rigid,1530923,1530928,1530933,5,5,10,completed,8
24945,Rigid,1531028,1531738,1531840,710,102,812,completed,8
24946,Rigid,1531068,1531738,1799945,670,268207,268877,completed,72
24947,Rigid,1531737,1563289,1574459,31552,11170,42722,completed,144
24948,Rigid,1532037,1538329,1538533,6292,204,6496,completed,72
24949,Rigid,1532044,1532045,1532056,1,11,12,completed,1
24950,Rigid,1532044,1532045,1532052,1,7,8,completed,1
24951,Rigid,1532045,1532045,1532067,0,22,22,completed,1
24952,Rigid,1532045,1532045,1532051,0,6,6,completed,1
24953,Rigid,1532045,1532045,1532053,0,8,8,completed,1
24954,Rigid,1532045,1532049,1532054,4,5,9,completed,1
24955,Rigid,1532045,1532049,1532065,4,16,20,completed,1
24956,Rigid,1532045,1532049,1532057,4,8,12,completed,1
24957,Rigid,1532045,1532049,1532055,4,6,10,completed,1
24958,Rigid,1532045,1532049,1532057,4,8,12,completed,1
24959,Rigid,1532045,1532049,1532071,4,22,26,completed,1
24960,Rigid,1532045,1532049,1532064,4,15,19,completed,1
24961,Rigid,1532046,1532049,1532060,3,11,14,completed,1
24962,Rigid,1532046,1532049,1532063,3,14,17,completed,1
24963,Rigid,1532046,1532049,1532054,3,5,8,completed,1
24964,Rigid,1532046,1532049,1532084,3,35,38,completed,1
24965,Rigid,1532046,1532049,1532054,3,5,8,completed,1
24966,Rigid,1532046,1532049,1532079,3,30,33,completed,1
24967,Rigid,1532046,1532049,1532054,3,5,8,completed,1
24968,Rigid,1532046,1532049,1532088,3,39,42,completed,1
24969,Rigid,1532046,1532049,1532055,3,6,9,completed,1
24970,Rigid,1532046,1532049,1532059,3,10,13,completed,1
24971,Rigid,1532046,1532049,1532057,3,8,11,completed,1
24972,Rigid,1532046,1532049,1532060,3,11,14,completed,1
24973,Rigid,1532046,1532049,1532085,3,36,39,completed,1
24974,Rigid,1532046,1532049,1532054,3,5,8,completed,1
24975,Rigid,1532046,1532049,1532088,3,39,42,completed,1
24976,Rigid,1532046,1532049,1532055,3,6,9,completed,1
24977,Rigid,1532046,1532049,1532102,3,53,56,completed,1
24978,Rigid,1532046,1532049,1532060,3,11,14,completed,1
24979,Rigid,1532046,1532049,1532102,3,53,56,completed,1
24980,Rigid,1532046,1532049,1532094,3,45,48,completed,1
24981,Rigid,1532046,1532049,1532055,3,6,9,completed,1
24982,Rigid,1532047,1532049,1532060,2,11,13,completed,1
24983,Rigid,1532047,1532049,1532060,2,11,13,completed,1
24984,Rigid,1532047,1532049,1532092,2,43,45,completed,1
24985,Rigid,1532047,1532049,1532070,2,21,23,completed,1
24986,Rigid,1532047,1532049,1532053,2,4,6,completed,1
24987,Rigid,1532047,1532049,1532055,2,6,8,completed,1
24988,Rigid,1532047,1532049,1532057,2,8,10,completed,1
24989,Rigid,1532191,1532426,1800638,235,268212,268447,completed,72
24990,Rigid,1532535,1532539,1535013,4,2474,2478,completed,12
24991,Rigid,1532540,1532570,1536149,30,3579,3609,completed,12
24992,Rigid,1532545,1533285,1536314,740,3029,3769,completed,12
24993,Rigid,1532551,1533378,1536343,827,2965,3792,completed,12
24994,Rigid,1532572,1538595,1539440,6023,845,6868,completed,36
24995,Rigid,1532774,1533378,1536509,604,3131,3735,completed,12
24996,Rigid,1532779,1534094,1536548,1315,2454,3769,completed,12
24997,Rigid,1532784,1534342,1536815,1558,2473,4031,completed,12
24998,Rigid,1533224,1564550,1577067,31326,12517,43843,completed,144
24999,Rigid,1533228,1565264,1576288,32036,11024,43060,completed,144
25000,Rigid,1533233,1571912,1583516,38679,11604,50283,completed,144
25001,Rigid,1533238,1574461,1585451,41223,10990,52213,completed,144
25002,Rigid,1533240,1575353,1575810,42113,457,42570,completed,144
25003,Rigid,1533242,1575812,1577813,42570,2001,44571,completed,144
25004,Rigid,1533634,1533634,1533656,0,22,22,completed,72
25005,Rigid,1533785,1533785,1533807,0,22,22,completed,72
25006,Rigid,1533852,1533853,1533859,1,6,7,completed,36
25007,Rigid,1534270,1534270,1534293,0,23,23,completed,72
25008,Rigid,1534561,1534591,1534596,30,5,35,completed,1
25009,Rigid,1534562,1534591,1534595,29,4,33,completed,1
25010,Rigid,1534569,1534591,1534596,22,5,27,completed,1
25011,Rigid,1534569,1534591,1534596,22,5,27,completed,1
25012,Rigid,1534572,1534591,1534595,19,4,23,completed,1
25013,Rigid,1534575,1534591,1534595,16,4,20,completed,1
25014,Rigid,1534592,1534622,1534643,30,21,51,completed,36
25015,Rigid,1534593,1534653,1534674,60,21,81,completed,36
25016,Rigid,1534596,1534622,1534629,26,7,33,completed,1
25017,Rigid,1534601,1534622,1534629,21,7,28,completed,1
25018,Rigid,1534603,1534622,1534626,19,4,23,completed,2
25019,Rigid,1534604,1534622,1534627,18,5,23,completed,2
25020,Rigid,1534609,1534622,1534626,13,4,17,completed,1
25021,Rigid,1534611,1534622,1534626,11,4,15,completed,1
25022,Rigid,1534613,1539037,1540021,4424,984,5408,completed,36
25023,Rigid,1534614,1534622,1534626,8,4,12,completed,1
25024,Rigid,1534617,1534622,1534626,5,4,9,completed,1
25025,Rigid,1534618,1534622,1534626,4,4,8,completed,1
25026,Rigid,1534622,1534622,1534626,0,4,4,completed,1
25027,Rigid,1534623,1534653,1534657,30,4,34,completed,1
25028,Rigid,1534624,1534653,1534656,29,3,32,completed,1
25029,Rigid,1534625,1534653,1534657,28,4,32,completed,1
25030,Rigid,1534626,1538535,1538890,3909,355,4264,completed,216
25031,Rigid,1534629,1534653,1534656,24,3,27,completed,1
25032,Rigid,1534632,1538694,1539036,4062,342,4404,completed,144
25033,Rigid,1534641,1538565,1538569,3924,4,3928,completed,36
25034,Rigid,1534642,1538565,1538569,3923,4,3927,completed,36
25035,Rigid,1534642,1538565,1538567,3923,2,3925,completed,18
25036,Rigid,1534644,1538595,1538598,3951,3,3954,completed,18
25037,Rigid,1534654,1534740,1613116,86,78376,78462,completed,72
25038,Rigid,1534660,1534684,1534690,24,6,30,completed,16
25039,Rigid,1534660,1534684,1534690,24,6,30,completed,8
25040,Rigid,1534661,1534684,1534689,23,5,28,completed,4
25041,Rigid,1534661,1534684,1534689,23,5,28,completed,2
25042,Rigid,1534662,1534684,1534849,22,165,187,completed,2
25043,Rigid,1534663,1534684,1534693,21,9,30,completed,2
25044,Rigid,1534676,1534716,1534723,40,7,47,completed,16
25045,Rigid,1534677,1534716,1534722,39,6,45,completed,8
25046,Rigid,1534677,1534716,1534722,39,6,45,completed,4
25047,Rigid,1534679,1534716,1534721,37,5,42,completed,2
25048,Rigid,1534690,1534716,1534877,26,161,187,completed,2
25049,Rigid,1534691,1534716,1534724,25,8,33,completed,2
25050,Rigid,1534753,1536012,1804224,1259,268212,269471,completed,72
25051,Rigid,1535016,1538595,1544740,3579,6145,9724,completed,36
25052,Rigid,1535032,1535058,1535061,26,3,29,completed,1
25053,Rigid,1535120,1535120,1535281,0,161,161,completed,1
25054,Rigid,1535146,1535152,1545611,6,10459,10465,completed,1
25055,Rigid,1535227,1535246,1535255,19,9,28,completed,1
25056,Rigid,1535460,1536159,1536409,699,250,949,completed,12
25057,Rigid,1535658,1564506,1564522,28848,16,28864,completed,144
25058,Rigid,1535690,1564523,1564538,28833,15,28848,completed,144
25059,Rigid,1535742,1564539,1564549,28797,10,28807,completed,144
25060,Rigid,1536109,1536319,1538693,210,2374,2584,completed,12
25061,Rigid,1536112,1537243,1537800,1131,557,1688,completed,36
25062,Rigid,1536113,1537243,1537799,1130,556,1686,completed,36
25063,Rigid,1536114,1537243,1537802,1129,559,1688,completed,36
25064,Rigid,1536115,1537243,1537801,1128,558,1686,completed,36
25065,Rigid,1536116,1537505,1538062,1389,557,1946,completed,36
25066,Rigid,1536116,1537505,1538060,1389,555,1944,completed,36
25067,Rigid,1536116,1537738,1538295,1622,557,2179,completed,36
25068,Rigid,1536117,1537772,1538329,1655,557,2212,completed,36
25069,Rigid,1536117,1537772,1538328,1655,556,2211,completed,36
25070,Rigid,1536117,1537801,1538355,1684,554,2238,completed,36
25071,Rigid,1536117,1537801,1538361,1684,560,2244,completed,36
25072,Rigid,1536118,1537802,1538357,1684,555,2239,completed,36
25073,Rigid,1536118,1537803,1538360,1685,557,2242,completed,36
25074,Rigid,1536118,1537986,1538542,1868,556,2424,completed,36
25075,Rigid,1536119,1537986,1538541,1867,555,2422,completed,36
25076,Rigid,1536119,1538061,1538616,1942,555,2497,completed,36
25077,Rigid,1536119,1538064,1538622,1945,558,2503,completed,36
25078,Rigid,1536849,1536858,1537052,9,194,203,completed,8
25079,Rigid,1537918,1541241,1541244,3323,3,3326,completed,36
25080,Rigid,1537991,1541245,1541248,3254,3,3257,completed,36
25081,Rigid,1538026,1541250,1541253,3224,3,3227,completed,36
25082,Rigid,1538069,1541254,1736025,3185,194771,197956,completed,36
25083,Rigid,1538630,1538630,1540568,0,1938,1938,completed,8
25084,Rigid,1538849,1538849,1538853,0,4,4,completed,2
25085,Rigid,1538912,1538912,1538915,0,3,3,completed,2
25086,Rigid,1539129,1539129,1608987,0,69858,69858,completed,1
25087,Rigid,1539335,1539336,1539338,1,2,3,completed,1
25088,Rigid,1539336,1539340,1539342,4,2,6,completed,1
25089,Rigid,1539342,1539344,1539346,2,2,4,completed,1
25090,Rigid,1539343,1539344,1539346,1,2,3,completed,1
25091,Rigid,1539348,1539349,1539351,1,2,3,completed,1
25092,Rigid,1539349,1539350,1539352,1,2,3,completed,1
25093,Rigid,1539366,1539366,1539386,0,20,20,completed,36
25094,Rigid,1539366,1539388,1539407,22,19,41,completed,36
25095,Rigid,1539368,1539388,1539394,20,6,26,completed,1
25096,Rigid,1539374,1539388,1539395,14,7,21,completed,1
25097,Rigid,1539378,1539388,1539390,10,2,12,completed,2
25098,Rigid,1539379,1539388,1539391,9,3,12,completed,2
25099,Rigid,1539388,1539388,1539392,0,4,4,completed,1
25100,Rigid,1539389,1539389,1539392,0,3,3,completed,1
25101,Rigid,1539392,1539392,1539395,0,3,3,completed,1
25102,Rigid,1539393,1539393,1539395,0,2,2,completed,1
25103,Rigid,1539397,1539401,1539403,4,2,6,completed,1
25104,Rigid,1539397,1539401,1539403,4,2,6,completed,1
25105,Rigid,1539398,1539401,1539403,3,2,5,completed,1
25106,Rigid,1539398,1539401,1539405,3,4,7,completed,1
25107,Rigid,1539400,1539401,1539404,1,3,4,completed,1
25108,Rigid,1539400,1539401,1539403,1,2,3,completed,1
25109,Rigid,1539417,1539419,1539423,2,4,6,completed,36
25110,Rigid,1539418,1539450,1539459,32,9,41,completed,36
25111,Rigid,1539419,1539450,1539453,31,3,34,completed,18
25112,Rigid,1539421,1539481,1539484,60,3,63,completed,18
25113,Rigid,1539436,1539450,1539455,14,5,19,completed,16
25114,Rigid,1539437,1539450,1539454,13,4,17,completed,8
25115,Rigid,1539438,1539450,1539454,12,4,16,completed,4
25116,Rigid,1539439,1539450,1539454,11,4,15,completed,2
25117,Rigid,1539440,1539450,1539616,10,166,176,completed,2
25118,Rigid,1539440,1539450,1539458,10,8,18,completed,2
25119,Rigid,1539454,1539481,1539486,27,5,32,completed,16
25120,Rigid,1539455,1539481,1539485,26,4,30,completed,8
25121,Rigid,1539455,1539481,1539486,26,5,31,completed,4
25122,Rigid,1539457,1539481,1539484,24,3,27,completed,2
25123,Rigid,1539458,1539481,1539645,23,164,187,completed,2
25124,Rigid,1539459,1539481,1539490,22,9,31,completed,2
25125,Rigid,1540170,1540171,1540174,1,3,4,completed,1
25126,Rigid,1540171,1540171,1540174,0,3,3,completed,1
25127,Rigid,1540176,1540177,1540180,1,3,4,completed,1
25128,Rigid,1540177,1540177,1540180,0,3,3,completed,1
25129,Rigid,1540182,1540185,1540188,3,3,6,completed,1
25130,Rigid,1540183,1540185,1540188,2,3,5,completed,1
25131,Rigid,1540202,1540316,1540337,114,21,135,completed,36
25132,Rigid,1540203,1540316,1540337,113,21,134,completed,36
25133,Rigid,1540210,1540212,1540218,2,6,8,completed,1
25134,Rigid,1540211,1540212,1540218,1,6,7,completed,1
25135,Rigid,1540215,1540242,1540245,27,3,30,completed,2
25136,Rigid,1540216,1540242,1540247,26,5,31,completed,2
25137,Rigid,1540221,1540242,1540245,21,3,24,completed,1
25138,Rigid,1540221,1540242,1540245,21,3,24,completed,1
25139,Rigid,1540222,1540242,1540246,20,4,24,completed,1
25140,Rigid,1540224,1540242,1540245,18,3,21,completed,1
25141,Rigid,1540232,1540242,1540245,10,3,13,completed,1
25142,Rigid,1540233,1540242,1540245,9,3,12,completed,1
25143,Rigid,1540233,1540242,1540245,9,3,12,completed,1
25144,Rigid,1540234,1540242,1540246,8,4,12,completed,1
25145,Rigid,1540237,1540242,1540245,5,3,8,completed,1
25146,Rigid,1540237,1540242,1540246,5,4,9,completed,1
25147,Rigid,1540238,1540821,1541182,583,361,944,completed,216
25148,Rigid,1540242,1540365,1540699,123,334,457,completed,144
25149,Rigid,1540256,1540334,1540338,78,4,82,completed,36
25150,Rigid,1540257,1540877,1540881,620,4,624,completed,36
25151,Rigid,1540269,1540883,1540885,614,2,616,completed,18
25152,Rigid,1540270,1540886,1540888,616,2,618,completed,18
25153,Rigid,1540286,1540303,1540308,17,5,22,completed,16
25154,Rigid,1540288,1540303,1540307,15,4,19,completed,8
25155,Rigid,1540289,1540303,1540307,14,4,18,completed,4
25156,Rigid,1540290,1540303,1540306,13,3,16,completed,2
25157,Rigid,1540291,1540303,1540469,12,166,178,completed,2
25158,Rigid,1540291,1540303,1540312,12,9,21,completed,2
25159,Rigid,1540310,1540334,1540340,24,6,30,completed,16
25160,Rigid,1540311,1540334,1540339,23,5,28,completed,8
25161,Rigid,1540313,1540334,1540338,21,4,25,completed,4
25162,Rigid,1540313,1540334,1540338,21,4,25,completed,2
25163,Rigid,1540315,1540334,1540498,19,164,183,completed,2
25164,Rigid,1540315,1576923,1588579,36608,11656,48264,completed,144
25165,Rigid,1540315,1540334,1540344,19,10,29,completed,2
25166,Rigid,1541339,1541339,1541386,0,47,47,completed,36
25167,Rigid,1541473,1541473,1542699,0,1226,1226,completed,36
25168,Rigid,1541583,1541583,1546350,0,4767,4767,completed,12
25169,Rigid,1542270,1542270,1542278,0,8,8,completed,1
25170,Rigid,1542374,1542374,1542378,0,4,4,completed,2
25171,Rigid,1542442,1544323,1545250,1881,927,2808,completed,36
25172,Rigid,1542511,1542512,1542520,1,8,9,completed,1
25173,Rigid,1542514,1542516,1542551,2,35,37,completed,1
25174,Rigid,1542516,1542520,1542551,4,31,35,completed,1
25175,Rigid,1542519,1542520,1542551,1,31,32,completed,1
25176,Rigid,1542644,1542674,1546391,30,3717,3747,completed,12
25177,Rigid,1542660,1542660,1542669,0,9,9,completed,1
25178,Rigid,1542664,1542665,1542674,1,9,10,completed,1
25179,Rigid,1542667,1542669,1542676,2,7,9,completed,1
25180,Rigid,1542672,1542673,1549119,1,6446,6447,completed,1
25181,Rigid,1542893,1542893,1542898,0,5,5,completed,4
25182,Rigid,1542907,1542907,1542915,0,8,8,completed,4
25183,Rigid,1542927,1542927,1549513,0,6586,6586,completed,1
25184,Rigid,1542930,1542931,1549536,1,6605,6606,completed,1
25185,Rigid,1542932,1542935,1549566,3,6631,6634,completed,1
25186,Rigid,1542977,1543216,1547371,239,4155,4394,completed,36
25187,Rigid,1543093,1543093,1543103,0,10,10,completed,4
25188,Rigid,1543293,1544257,1544319,964,62,1026,completed,36
25189,Rigid,1544058,1544712,1554744,654,10032,10686,completed,36
25190,Rigid,1544438,1544712,1544715,274,3,277,completed,36
25191,Rigid,1544582,1544584,1564489,2,19905,19907,completed,1
25192,Rigid,1544778,1544778,1545947,0,1169,1169,completed,36
25193,Rigid,1544944,1544944,1565501,0,20557,20557,completed,36
25194,Rigid,1545102,1545103,1564005,1,18902,18903,completed,1
25195,Rigid,1545232,1545235,1545265,3,30,33,completed,36
25196,Rigid,1545835,1545835,1545854,0,19,19,completed,36
25197,Rigid,1545838,1545855,1545882,17,27,44,completed,36
25198,Rigid,1545842,1545883,1545909,41,26,67,completed,36
25199,Rigid,1545845,1545910,1545936,65,26,91,completed,36
25200,Rigid,1545851,1545938,1545963,87,25,112,completed,36
25201,Rigid,1545854,1545953,1545981,99,28,127,completed,36
25202,Rigid,1545860,1545965,1545991,105,26,131,completed,36
25203,Rigid,1545864,1545983,1546010,119,27,146,completed,36
25204,Rigid,1545965,1545965,1546012,0,47,47,completed,36
25205,Rigid,1545982,1545993,1828777,11,282784,282795,completed,36
25206,Rigid,1546156,1546157,1546159,1,2,3,completed,1
25207,Rigid,1546158,1546161,1546163,3,2,5,completed,1
25208,Rigid,1546176,1546176,1546178,0,2,2,completed,1
25209,Rigid,1546177,1546179,1546181,2,2,4,completed,1
25210,Rigid,1546182,1546183,1546185,1,2,3,completed,1
25211,Rigid,1546184,1546184,1546186,0,2,2,completed,1
25212,Rigid,1546245,1546245,1546247,0,2,2,completed,1
25213,Rigid,1546246,1546248,1546252,2,4,6,completed,1
25214,Rigid,1546258,1546258,1546261,0,3,3,completed,1
25215,Rigid,1546258,1546262,1546265,4,3,7,completed,1
25216,Rigid,1546266,1546267,1546269,1,2,3,completed,1
25217,Rigid,1546268,1546270,1546273,2,3,5,completed,1
25218,Rigid,1546315,1546315,1546348,0,33,33,completed,36
25219,Rigid,1546322,1546350,1546369,28,19,47,completed,36
25220,Rigid,1546326,1546370,1546389,44,19,63,completed,36
25221,Rigid,1546329,1546391,1546410,62,19,81,completed,36
25222,Rigid,1546332,1546411,1546430,79,19,98,completed,36
25223,Rigid,1546336,1546431,1546450,95,19,114,completed,36
25224,Rigid,1546339,1546452,1546470,113,18,131,completed,36
25225,Rigid,1546345,1546471,1546489,126,18,144,completed,36
25226,Rigid,1546348,1546490,1546508,142,18,160,completed,36
25227,Rigid,1546351,1546370,1546372,19,2,21,completed,1
25228,Rigid,1546357,1546370,1546373,13,3,16,completed,1
25229,Rigid,1546362,1546370,1546372,8,2,10,completed,1
25230,Rigid,1546363,1546370,1546373,7,3,10,completed,1
25231,Rigid,1546371,1546400,1546402,29,2,31,completed,1
25232,Rigid,1546371,1546400,1546402,29,2,31,completed,1
25233,Rigid,1546497,1546498,1552672,1,6174,6175,completed,12
25234,Rigid,1546644,1546645,1546663,1,18,19,completed,36
25235,Rigid,1546872,1546872,1546889,0,17,17,completed,36
25236,Rigid,1547056,1547057,1547076,1,19,20,completed,36
25237,Rigid,1547197,1547198,1547216,1,18,19,completed,36
25238,Rigid,1547343,1547373,1547378,30,5,35,completed,36
25239,Rigid,1547546,1547547,1547549,1,2,3,completed,1
25240,Rigid,1547548,1547551,1547553,3,2,5,completed,1
25241,Rigid,1547553,1547554,1547556,1,2,3,completed,1
25242,Rigid,1547561,1547562,1547564,1,2,3,completed,1
25243,Rigid,1547565,1547566,1547568,1,2,3,completed,1
25244,Rigid,1547569,1547569,1547571,0,2,2,completed,1
25245,Rigid,1547937,1550531,1741333,2594,190802,193396,completed,180
25246,Rigid,1548058,1548058,1548060,0,2,2,completed,36
25247,Rigid,1548187,1548187,1548253,0,66,66,completed,36
25248,Rigid,1548495,1548495,1548497,0,2,2,completed,1
25249,Rigid,1548496,1548499,1548501,3,2,5,completed,1
25250,Rigid,1548503,1548503,1548505,0,2,2,completed,1
25251,Rigid,1548503,1548507,1548510,4,3,7,completed,1
25252,Rigid,1548506,1548507,1548509,1,2,3,completed,1
25253,Rigid,1548509,1548510,1548512,1,2,3,completed,1
25254,Rigid,1548589,1548920,1549717,331,797,1128,completed,36
25255,Rigid,1548594,1548595,1548597,1,2,3,completed,1
25256,Rigid,1548595,1548598,1548601,3,3,6,completed,1
25257,Rigid,1548601,1548602,1548604,1,2,3,completed,1
25258,Rigid,1548602,1548602,1548604,0,2,2,completed,1
25259,Rigid,1548605,1548605,1548607,0,2,2,completed,1
25260,Rigid,1548608,1548608,1548611,0,3,3,completed,1
25261,Rigid,1548717,1549224,1632614,507,83390,83897,completed,36
25262,Rigid,1548886,1548887,1548889,1,2,3,completed,1
25263,Rigid,1548887,1548890,1548892,3,2,5,completed,1
25264,Rigid,1548892,1548894,1548896,2,2,4,completed,1
25265,Rigid,1548895,1548895,1548897,0,2,2,completed,1
25266,Rigid,1548898,1548899,1548901,1,2,3,completed,1
25267,Rigid,1548899,1548899,1548902,0,3,3,completed,1
25268,Rigid,1549210,1549210,1549215,0,5,5,completed,36
25269,Rigid,1549291,1549291,1549295,0,4,4,completed,1
25270,Rigid,1549291,1549291,1549294,0,3,3,completed,1
25271,Rigid,1549296,1549296,1549299,0,3,3,completed,1
25272,Rigid,1549297,1549300,1549302,3,2,5,completed,1
25273,Rigid,1549305,1549305,1549307,0,2,2,completed,1
25274,Rigid,1549306,1549309,1549312,3,3,6,completed,1
25275,Rigid,1549325,1549326,1549401,1,75,76,completed,36
25276,Rigid,1549505,1549506,1549508,1,2,3,completed,1
25277,Rigid,1549508,1549509,1549511,1,2,3,completed,1
25278,Rigid,1549512,1549513,1549515,1,2,3,completed,1
25279,Rigid,1549514,1549516,1549518,2,2,4,completed,1
25280,Rigid,1549518,1549519,1549523,1,4,5,completed,1
25281,Rigid,1549519,1549519,1549522,0,3,3,completed,1
25282,Rigid,1549620,1549621,1549623,1,2,3,completed,1
25283,Rigid,1549622,1549624,1549626,2,2,4,completed,1
25284,Rigid,1549627,1549628,1549630,1,2,3,completed,1
25285,Rigid,1549628,1549628,1549630,0,2,2,completed,1
25286,Rigid,1549632,1549633,1549635,1,2,3,completed,1
25287,Rigid,1549633,1549636,1549639,3,3,6,completed,1
25288,Rigid,1549806,1549806,1549808,0,2,2,completed,1
25289,Rigid,1549808,1549810,1549812,2,2,4,completed,1
25290,Rigid,1549813,1549813,1549816,0,3,3,completed,1
25291,Rigid,1549813,1549814,1549817,1,3,4,completed,1
25292,Rigid,1549818,1549818,1549821,0,3,3,completed,1
25293,Rigid,1549818,1549822,1549824,4,2,6,completed,1
25294,Rigid,1550242,1563924,1609494,13682,45570,59252,completed,36
25295,Rigid,1550250,1564539,1723892,14289,159353,173642,completed,36
25296,Rigid,1550273,1564539,1612427,14266,47888,62154,completed,36
25297,Rigid,1550501,1550501,1550504,0,3,3,completed,1
25298,Rigid,1550501,1550501,1550505,0,4,4,completed,1
25299,Rigid,1550507,1550507,1550510,0,3,3,completed,1
25300,Rigid,1550508,1550511,1550513,3,2,5,completed,1
25301,Rigid,1550513,1550514,1550516,1,2,3,completed,1
25302,Rigid,1550514,1550514,1550518,0,4,4,completed,1
25303,Rigid,1550530,1577068,1588374,26538,11306,37844,completed,144
25304,Rigid,1550591,1550591,1550594,0,3,3,completed,1
25305,Rigid,1550592,1550592,1550594,0,2,2,completed,1
25306,Rigid,1550599,1550600,1550602,1,2,3,completed,1
25307,Rigid,1550601,1550603,1550606,2,3,5,completed,1
25308,Rigid,1550602,1550603,1550605,1,2,3,completed,1
25309,Rigid,1550604,1550606,1550609,2,3,5,completed,1
25310,Rigid,1550988,1550988,1550991,0,3,3,completed,1
25311,Rigid,1550989,1550989,1550992,0,3,3,completed,1
25312,Rigid,1550995,1550995,1550998,0,3,3,completed,1
25313,Rigid,1550997,1550999,1551001,2,2,4,completed,1
25314,Rigid,1551001,1551002,1551004,1,2,3,completed,1
25315,Rigid,1551001,1551002,1551004,1,2,3,completed,1
25316,Rigid,1551061,1551061,1551063,0,2,2,completed,1
25317,Rigid,1551061,1551064,1551067,3,3,6,completed,1
25318,Rigid,1551068,1551068,1551070,0,2,2,completed,1
25319,Rigid,1551072,1551073,1551076,1,3,4,completed,1
25320,Rigid,1551074,1551077,1551079,3,2,5,completed,1
25321,Rigid,1551077,1551077,1551080,0,3,3,completed,1
25322,Rigid,1551108,1551109,1551111,1,2,3,completed,1
25323,Rigid,1551110,1551111,1551113,1,2,3,completed,1
25324,Rigid,1551114,1551115,1551117,1,2,3,completed,1
25325,Rigid,1551116,1551118,1551120,2,2,4,completed,1
25326,Rigid,1551119,1551122,1551124,3,2,5,completed,1
25327,Rigid,1551120,1551122,1551125,2,3,5,completed,1
25328,Rigid,1551194,1551195,1551197,1,2,3,completed,1
25329,Rigid,1551195,1551195,1551198,0,3,3,completed,1
25330,Rigid,1551720,1577881,1578239,26161,358,26519,completed,144
25331,Rigid,1552236,1578309,1581466,26073,3157,29230,completed,144
25332,Rigid,1552779,1552780,1580836,1,28056,28057,completed,36
25333,Rigid,1554789,1554790,1585028,1,30238,30239,completed,36
25334,Rigid,1554863,1554864,1584930,1,30066,30067,completed,36
25335,Rigid,1554960,1556168,1557731,1208,1563,2771,completed,36
25336,Rigid,1555177,1597896,1943520,42719,345624,388343,completed,216
25337,Rigid,1555207,1556033,1556167,826,134,960,completed,36
25338,Rigid,1555582,1581658,1612166,26076,30508,56584,completed,288
25339,Rigid,1555631,1581055,1581655,25424,600,26024,completed,144
25340,Rigid,1555650,1603483,1603538,47833,55,47888,completed,180
25341,Rigid,1556071,1580843,1666392,24772,85549,110321,completed,72
25342,Rigid,1557228,1557229,1620591,1,63362,63363,completed,36
25343,Rigid,1557253,1575812,1836967,18559,261155,279714,completed,36
25344,Rigid,1557286,1575812,1829045,18526,253233,271759,completed,36
25345,Rigid,1557318,1575812,1832433,18494,256621,275115,completed,36
25346,Rigid,1557355,1576290,1832953,18935,256663,275598,completed,36
25347,Rigid,1557849,1557849,1557854,0,5,5,completed,2
25348,Rigid,1557969,1557969,1558124,0,155,155,completed,36
25349,Rigid,1558748,1558749,1558917,1,168,169,completed,2
25350,Rigid,1558897,1583517,1596308,24620,12791,37411,completed,144
25351,Rigid,1558922,1558923,1558947,1,24,25,completed,2
25352,Rigid,1558971,1584931,1590449,25960,5518,31478,completed,144
25353,Rigid,1561688,1563011,1563149,1323,138,1461,completed,36
25354,Rigid,1563009,1585520,1596675,22511,11155,33666,completed,144
25355,Rigid,1563288,1587870,1599646,24582,11776,36358,completed,144
25356,Rigid,1563308,1563427,1566815,119,3388,3507,completed,36
25357,Rigid,1563328,1563486,1602667,158,39181,39339,completed,144
25358,Rigid,1563645,1563646,1567662,1,4016,4017,completed,72
25359,Rigid,1564240,1564440,1564612,200,172,372,completed,36
25360,Rigid,1564439,1588455,1593976,24016,5521,29537,completed,144
25361,Rigid,1564504,1588580,1594088,24076,5508,29584,completed,144
25362,Rigid,1564763,1564775,1579194,12,14419,14431,completed,36
25363,Rigid,1564783,1564805,1572310,22,7505,7527,completed,36
25364,Rigid,1564797,1565506,1579914,709,14408,15117,completed,36
25365,Rigid,1564811,1566572,1580995,1761,14423,16184,completed,36
25366,Rigid,1564823,1566572,1580995,1749,14423,16172,completed,36
25367,Rigid,1564835,1567299,1581715,2464,14416,16880,completed,36
25368,Rigid,1565263,1590490,1596198,25227,5708,30935,completed,144
25369,Rigid,1565264,1565264,1565379,0,115,115,completed,36
25370,Rigid,1565593,1565978,1566551,385,573,958,completed,72
25371,Rigid,1565625,1565625,1565878,0,253,253,completed,36
25372,Rigid,1566095,1566096,1566715,1,619,620,completed,36
25373,Rigid,1566653,1566819,1567176,166,357,523,completed,36
25374,Rigid,1567205,1567205,1567293,0,88,88,completed,36
25375,Rigid,1567319,1567670,1567732,351,62,413,completed,36
25376,Rigid,1567772,1570418,1570476,2646,58,2704,completed,36
25377,Rigid,1567901,1590450,1590461,22549,11,22560,completed,144
25378,Rigid,1567946,1590463,1590472,22517,9,22526,completed,144
25379,Rigid,1567973,1570418,1570692,2445,274,2719,completed,36
25380,Rigid,1567980,1590474,1590489,22494,15,22509,completed,144
25381,Rigid,1567998,1570481,1570558,2483,77,2560,completed,36
25382,Rigid,1568023,1570559,1572589,2536,2030,4566,completed,36
25383,Rigid,1568044,1570693,1570781,2649,88,2737,completed,36
25384,Rigid,1570327,1570327,1570948,0,621,621,completed,36
25385,Rigid,1570698,1570949,1571737,251,788,1039,completed,36
25386,Rigid,1571910,1591789,1603482,19879,11693,31572,completed,144
25387,Rigid,1572098,1572099,1572105,1,6,7,completed,36
25388,Rigid,1572135,1572135,1744021,0,171886,171886,completed,36
25389,Rigid,1572287,1572287,1572296,0,9,9,completed,36
25390,Rigid,1572316,1572317,1684989,1,112672,112673,completed,36
25391,Rigid,1572431,1572432,1829198,1,256766,256767,completed,36
25392,Rigid,1572517,1572517,1701355,0,128838,128838,completed,36
25393,Rigid,1574459,1593978,1605533,19519,11555,31074,completed,144
25394,Rigid,1575351,1594089,1605330,18738,11241,29979,completed,144
25395,Rigid,1575810,1596199,1607170,20389,10971,31360,completed,144
25396,Rigid,1576288,1596309,1607289,20021,10980,31001,completed,144
25397,Rigid,1577067,1596681,1607645,19614,10964,30578,completed,144
25398,Rigid,1577677,1577814,1577880,137,66,203,completed,36
25399,Rigid,1577812,1600490,1612320,22678,11830,34508,completed,144
25400,Rigid,1577987,1578241,1578308,254,67,321,completed,36
25401,Rigid,1578239,1602676,1613147,24437,10471,34908,completed,144
25402,Rigid,1579681,1579685,1579709,4,24,28,completed,36
25403,Rigid,1579681,1579710,1579734,29,24,53,completed,36
25404,Rigid,1579712,1579735,1579758,23,23,46,completed,36
25405,Rigid,1579742,1579760,1579783,18,23,41,completed,36
25406,Rigid,1579762,1579785,1579808,23,23,46,completed,36
25407,Rigid,1579793,1579809,1579833,16,24,40,completed,36
25408,Rigid,1579813,1579834,1579858,21,24,45,completed,36
25409,Rigid,1579833,1579859,1579881,26,22,48,completed,36
25410,Rigid,1579864,1579882,1579906,18,24,42,completed,36
25411,Rigid,1579884,1579907,1579930,23,23,46,completed,36
25412,Rigid,1580140,1580140,1580172,0,32,32,completed,36
25413,Rigid,1580140,1580174,1580206,34,32,66,completed,36
25414,Rigid,1580180,1580207,1580240,27,33,60,completed,36
25415,Rigid,1580210,1580241,1580273,31,32,63,completed,36
25416,Rigid,1580241,1580275,1580307,34,32,66,completed,36
25417,Rigid,1580281,1580308,1580338,27,30,57,completed,36
25418,Rigid,1580311,1580339,1580373,28,34,62,completed,36
25419,Rigid,1580342,1580374,1580405,32,31,63,completed,36
25420,Rigid,1580373,1580406,1580439,33,33,66,completed,36
25421,Rigid,1580413,1580440,1580470,27,30,57,completed,36
25422,Rigid,1580761,1580761,1580930,0,169,169,completed,36
25423,Rigid,1580866,1580866,1581025,0,159,159,completed,36
25424,Rigid,1580943,1580945,1580947,2,2,4,completed,36
25425,Rigid,1581087,1581192,1581194,105,2,107,completed,36
25426,Rigid,1581118,1581119,1581151,1,32,33,completed,36
25427,Rigid,1581118,1581153,1581185,35,32,67,completed,36
25428,Rigid,1581158,1581186,1581219,28,33,61,completed,36
25429,Rigid,1581189,1581221,1581253,32,32,64,completed,36
25430,Rigid,1581229,1581254,1581286,25,32,57,completed,36
25431,Rigid,1581259,1581288,1581320,29,32,61,completed,36
25432,Rigid,1581290,1581321,1581354,31,33,64,completed,36
25433,Rigid,1581330,1581356,1581388,26,32,58,completed,36
25434,Rigid,1581360,1581389,1581423,29,34,63,completed,36
25435,Rigid,1581390,1581424,1581456,34,32,66,completed,36
25436,Rigid,1581466,1603539,1614601,22073,11062,33135,completed,144
25437,Rigid,1581538,1581539,1581573,1,34,35,completed,36
25438,Rigid,1581538,1581574,1581606,36,32,68,completed,36
25439,Rigid,1581573,1581607,1581640,34,33,67,completed,36
25440,Rigid,1581614,1581641,1581674,27,33,60,completed,36
25441,Rigid,1581644,1581675,1581708,31,33,64,completed,36
25442,Rigid,1581675,1581709,1581742,34,33,67,completed,36
25443,Rigid,1581715,1581743,1581776,28,33,61,completed,36
25444,Rigid,1581745,1581777,1581810,32,33,65,completed,36
25445,Rigid,1581786,1581812,1581845,26,33,59,completed,36
25446,Rigid,1581816,1581846,1581879,30,33,63,completed,36
25447,Rigid,1581868,1581880,1581903,12,23,35,completed,36
25448,Rigid,1581888,1581905,1581928,17,23,40,completed,36
25449,Rigid,1581908,1581929,1581952,21,23,44,completed,36
25450,Rigid,1581928,1581954,1581977,26,23,49,completed,36
25451,Rigid,1581958,1581978,1582002,20,24,44,completed,36
25452,Rigid,1581979,1582003,1582027,24,24,48,completed,36
25453,Rigid,1582009,1582028,1582052,19,24,43,completed,36
25454,Rigid,1582029,1582054,1582077,25,23,48,completed,36
25455,Rigid,1582059,1582079,1582102,20,23,43,completed,36
25456,Rigid,1582079,1582104,1582127,25,23,48,completed,36
25457,Rigid,1583044,1583045,1583107,1,62,63,completed,36
25458,Rigid,1583278,1583279,1583351,1,72,73,completed,36
25459,Rigid,1583516,1605333,1616282,21817,10949,32766,completed,144
25460,Rigid,1583759,1583759,1583858,0,99,99,completed,36
25461,Rigid,1583799,1583799,1583873,0,74,74,completed,36
25462,Rigid,1583905,1583905,1584003,0,98,98,completed,36
25463,Rigid,1584307,1584307,1584407,0,100,100,completed,36
25464,Rigid,1584498,1584499,1584561,1,62,63,completed,36
25465,Rigid,1584501,1584503,1584572,2,69,71,completed,36
25466,Rigid,1585000,1585001,1585138,1,137,138,completed,36
25467,Rigid,1585083,1585085,1585152,2,67,69,completed,36
25468,Rigid,1585086,1585153,1585220,67,67,134,completed,36
25469,Rigid,1585199,1585199,1585569,0,370,370,completed,36
25470,Rigid,1585440,1585441,1585611,1,170,171,completed,36
25471,Rigid,1585443,1585452,1585518,9,66,75,completed,36
25472,Rigid,1585451,1605535,1616697,20084,11162,31246,completed,144
25473,Rigid,1585776,1585776,1585872,0,96,96,completed,36
25474,Rigid,1585914,1585915,1586104,1,189,190,completed,36
25475,Rigid,1587797,1587798,1587862,1,64,65,completed,36
25476,Rigid,1588117,1588375,1588454,258,79,337,completed,36
25477,Rigid,1588374,1607172,1618499,18798,11327,30125,completed,144
25478,Rigid,1589534,1589535,1589541,1,6,7,completed,36
25479,Rigid,1589628,1589629,1589633,1,4,5,completed,36
25480,Rigid,1589674,1589674,1589678,0,4,4,completed,36
25481,Rigid,1589766,1589767,1589779,1,12,13,completed,36
25482,Rigid,1590449,1607290,1612781,16841,5491,22332,completed,144
25483,Rigid,1591351,1591351,1591364,0,13,13,completed,36
25484,Rigid,1591497,1591497,1591511,0,14,14,completed,36
25485,Rigid,1591789,1591789,1591797,0,8,8,completed,36
25486,Rigid,1593976,1607647,1613213,13671,5566,19237,completed,144
25487,Rigid,1594088,1609495,1615102,15407,5607,21014,completed,144
25488,Rigid,1596198,1612173,1617840,15975,5667,21642,completed,144
25489,Rigid,1596308,1612173,1623684,15865,11511,27376,completed,144
25490,Rigid,1596313,1596676,1596679,363,3,366,completed,180
25491,Rigid,1596675,1612322,1623466,15647,11144,26791,completed,144
25492,Rigid,1596717,1597892,1597895,1175,3,1178,completed,180
25493,Rigid,1598002,1600485,1600488,2483,3,2486,completed,180
25494,Rigid,1599646,1612782,1624393,13136,11611,24747,completed,144
25495,Rigid,1603408,1603409,1605982,1,2573,2574,completed,36
25496,Rigid,1603482,1613118,1623446,9636,10328,19964,completed,144
25497,Rigid,1604015,1604015,1606640,0,2625,2625,completed,36
25498,Rigid,1604045,1604657,1607338,612,2681,3293,completed,36
25499,Rigid,1605330,1613148,1624773,7818,11625,19443,completed,144
25500,Rigid,1605533,1613214,1625049,7681,11835,19516,completed,144
25501,Rigid,1607170,1614602,1635942,7432,21340,28772,completed,144
25502,Rigid,1607289,1615104,1626170,7815,11066,18881,completed,144
25503,Rigid,1607645,1616284,1627578,8639,11294,19933,completed,144
25504,Rigid,1612320,1616698,1637489,4378,20791,25169,completed,144
25505,Rigid,1612489,1616883,1619049,4394,2166,6560,completed,288
25506,Rigid,1612781,1617841,1623301,5060,5460,10520,completed,144
25507,Rigid,1613147,1618501,1629877,5354,11376,16730,completed,144
25508,Rigid,1613213,1618917,1624445,5704,5528,11232,completed,144
25509,Rigid,1613676,1613677,1614597,1,920,921,completed,72
25510,Rigid,1614601,1618917,1629883,4316,10966,15282,completed,144
25511,Rigid,1615102,1619052,1625095,3950,6043,9993,completed,144
25512,Rigid,1616282,1619052,1631105,2770,12053,14823,completed,144
25513,Rigid,1616697,1623317,1634239,6620,10922,17542,completed,144
25514,Rigid,1617840,1623678,1630094,5838,6416,12254,completed,144
25515,Rigid,1618499,1623678,1634972,5179,11294,16473,completed,144
25516,Rigid,1619526,1625262,1880006,5736,254744,260480,completed,288
25517,Rigid,1620752,1623709,1632001,2957,8292,11249,completed,144
25518,Rigid,1620798,1624403,1631512,3605,7109,10714,completed,144
25519,Rigid,1620855,1624464,1628125,3609,3661,7270,completed,144
25520,Rigid,1623035,1623468,1623676,433,208,641,completed,180
25521,Rigid,1623301,1625262,1630749,1961,5487,7448,completed,144
25522,Rigid,1623446,1628127,1638389,4681,10262,14943,completed,144
25523,Rigid,1623684,1628804,1640282,5120,11478,16598,completed,144
25524,Rigid,1624393,1628804,1640514,4411,11710,16121,completed,144
25525,Rigid,1624445,1630095,1635596,5650,5501,11151,completed,144
25526,Rigid,1624475,1625050,1625261,575,211,786,completed,180
25527,Rigid,1624773,1630095,1641993,5322,11898,17220,completed,144
25528,Rigid,1625095,1631317,1636931,6222,5614,11836,completed,144
25529,Rigid,1625331,1627579,1628797,2248,1218,3466,completed,180
25530,Rigid,1626170,1631317,1635770,5147,4453,9600,completed,144
25531,Rigid,1626292,1627578,1628563,1286,985,2271,completed,36
25532,Rigid,1626358,1626358,1626457,0,99,99,completed,36
25533,Rigid,1626767,1626767,1626830,0,63,63,completed,36
25534,Rigid,1626898,1626898,1626966,0,68,68,completed,36
25535,Rigid,1627513,1627514,1627518,1,4,5,completed,36
25536,Rigid,1627559,1627559,1627571,0,12,12,completed,36
25537,Rigid,1627578,1631513,1635753,3935,4240,8175,completed,144
25538,Rigid,1627596,1627596,1627604,0,8,8,completed,36
25539,Rigid,1627627,1627628,1627640,1,12,13,completed,36
25540,Rigid,1627660,1627661,1627673,1,12,13,completed,36
25541,Rigid,1627696,1627696,1627704,0,8,8,completed,36
25542,Rigid,1627866,1627868,1627879,2,11,13,completed,36
25543,Rigid,1628819,1630095,1695374,1276,65279,66555,completed,144
25544,Rigid,1629270,1629884,1630093,614,209,823,completed,180
25545,Rigid,1629384,1629395,1629940,11,545,556,completed,5
25546,Rigid,1629883,1634240,1645243,4357,11003,15360,completed,144
25547,Rigid,1629898,1629898,1629902,0,4,4,completed,36
25548,Rigid,1629990,1629991,1634979,1,4988,4989,completed,5
25549,Rigid,1629991,1629991,1629994,0,3,3,completed,36
25550,Rigid,1630033,1630033,1630045,0,12,12,completed,36
25551,Rigid,1630069,1630070,1630073,1,3,4,completed,36
25552,Rigid,1630094,1634974,1640802,4880,5828,10708,completed,144
25553,Rigid,1630107,1630750,1630755,643,5,648,completed,36
25554,Rigid,1630250,1632619,1636288,2369,3669,6038,completed,144
25555,Rigid,1630296,1631106,1631315,810,209,1019,completed,180
25556,Rigid,1630749,1635598,1641077,4849,5479,10328,completed,144
25557,Rigid,1631747,1632615,1632617,868,2,870,completed,180
25558,Rigid,1632535,1632535,1632598,0,63,63,completed,36
25559,Rigid,1632687,1632688,1632751,1,63,64,completed,36
25560,Rigid,1632839,1635762,1648630,2923,12868,15791,completed,144
25561,Rigid,1632943,1632943,1633097,0,154,154,completed,36
25562,Rigid,1633300,1633301,1633363,1,62,63,completed,36
25563,Rigid,1634144,1635779,1648007,1635,12228,13863,completed,144
25564,Rigid,1634672,1635943,1648292,1271,12349,13620,completed,144
25565,Rigid,1634972,1636289,1647392,1317,11103,12420,completed,144
25566,Rigid,1635212,1635212,1635657,0,445,445,completed,5
25567,Rigid,1635596,1636932,1642470,1336,5538,6874,completed,144
25568,Rigid,1635679,1635679,1701433,0,65754,65754,completed,5
25569,Rigid,1636915,1636932,1643639,17,6707,6724,completed,36
25570,Rigid,1636931,1637490,1643364,559,5874,6433,completed,144
25571,Rigid,1636965,1638390,1649939,1425,11549,12974,completed,36
25572,Rigid,1636983,1638390,1649914,1407,11524,12931,completed,36
25573,Rigid,1636999,1638390,1646574,1391,8184,9575,completed,36
25574,Rigid,1637010,1638390,1651885,1380,13495,14875,completed,36
25575,Rigid,1638389,1640284,1651935,1895,11651,13546,completed,144
25576,Rigid,1639463,1639464,1639894,1,430,431,completed,36
25577,Rigid,1640185,1640185,1640246,0,61,61,completed,36
25578,Rigid,1640264,1640265,1640687,1,422,423,completed,36
25579,Rigid,1640282,1640515,1652011,233,11496,11729,completed,144
25580,Rigid,1640514,1640803,1652482,289,11679,11968,completed,144
25581,Rigid,1640802,1641078,1646775,276,5697,5973,completed,144
25582,Rigid,1641077,1642471,1647980,1394,5509,6903,completed,144
25583,Rigid,1641096,1641994,1644407,898,2413,3311,completed,144
25584,Rigid,1641993,1643366,1663710,1373,20344,21717,completed,144
25585,Rigid,1642470,1643684,1649212,1214,5528,6742,completed,144
25586,Rigid,1643364,1643684,1649212,320,5528,5848,completed,144
25587,Rigid,1644531,1644532,1651029,1,6497,6498,completed,144
25588,Rigid,1645475,1645476,1645490,1,14,15,completed,72
25589,Rigid,1645535,1645536,1645709,1,173,174,completed,72
25590,Rigid,1646775,1646775,1652468,0,5693,5693,completed,144
25591,Rigid,1647980,1647980,1653536,0,5556,5556,completed,144
25592,Rigid,1648007,1648008,1661318,1,13310,13311,completed,144
25593,Rigid,1648292,1648292,1660519,0,12227,12227,completed,144
25594,Rigid,1648630,1648631,1659727,1,11096,11097,completed,144
25595,Rigid,1648820,1648821,1714417,1,65596,65597,completed,144
25596,Rigid,1649212,1649212,1654695,0,5483,5483,completed,144
25597,Rigid,1649212,1649213,1654766,1,5553,5554,completed,144
25598,Rigid,1649469,1649470,1651947,1,2477,2478,completed,72
25599,Rigid,1649541,1649541,1653161,0,3620,3620,completed,72
25600,Rigid,1649607,1649607,1650587,0,980,980,completed,72
25601,Rigid,1651935,1651937,1663636,2,11699,11701,completed,144
25602,Rigid,1652011,1652012,1663519,1,11507,11508,completed,144
25603,Rigid,1652084,1652084,1708607,0,56523,56523,completed,72
25604,Rigid,1652468,1652469,1658197,1,5728,5729,completed,144
25605,Rigid,1652482,1652482,1664051,0,11569,11569,completed,144
25606,Rigid,1652618,1652619,1662875,1,10256,10257,completed,144
25607,Rigid,1653229,1653229,1660371,0,7142,7142,completed,72
25608,Rigid,1653331,1653331,1654260,0,929,929,completed,36
25609,Rigid,1653536,1653538,1659052,2,5514,5516,completed,144
25610,Rigid,1653639,1653639,1656704,0,3065,3065,completed,72
25611,Rigid,1654087,1654090,1658997,3,4907,4910,completed,36
25612,Rigid,1654087,1654263,1659344,176,5081,5257,completed,36
25613,Rigid,1654087,1654696,1659532,609,4836,5445,completed,36
25614,Rigid,1654087,1654696,1659338,609,4642,5251,completed,36
25615,Rigid,1654087,1654696,1659612,609,4916,5525,completed,36
25616,Rigid,1654087,1654696,1659612,609,4916,5525,completed,36
25617,Rigid,1654088,1654768,1659532,680,4764,5444,completed,36
25618,Rigid,1654088,1654768,1659612,680,4844,5524,completed,36
25619,Rigid,1654088,1654768,1659345,680,4577,5257,completed,36
25620,Rigid,1654089,1654768,1659370,679,4602,5281,completed,36
25621,Rigid,1654089,1655049,1659612,960,4563,5523,completed,36
25622,Rigid,1654089,1655323,1659612,1234,4289,5523,completed,36
25623,Rigid,1654090,1656705,1659612,2615,2907,5522,completed,36
25624,Rigid,1654090,1656705,1659612,2615,2907,5522,completed,36
25625,Rigid,1654090,1656722,1659612,2632,2890,5522,completed,36
25626,Rigid,1654090,1658199,1659612,4109,1413,5522,completed,36
25627,Rigid,1654090,1658199,1659612,4109,1413,5522,completed,36
25628,Rigid,1654090,1658199,1659612,4109,1413,5522,completed,36
25629,Rigid,1654090,1658199,1659612,4109,1413,5522,completed,36
25630,Rigid,1654091,1658408,1659612,4317,1204,5521,completed,36
25631,Rigid,1654091,1658999,1659612,4908,613,5521,completed,36
25632,Rigid,1654091,1659053,1659612,4962,559,5521,completed,36
25633,Rigid,1654091,1659053,1659612,4962,559,5521,completed,36
25634,Rigid,1654091,1659053,1659612,4962,559,5521,completed,36
25635,Rigid,1654695,1659346,1664870,4651,5524,10175,completed,144
25636,Rigid,1654766,1659615,1665160,4849,5545,10394,completed,144
25637,Rigid,1655219,2017075,2189902,361856,172827,534683,completed,252
25638,Rigid,1655384,1967204,2140025,311820,172821,484641,completed,144
25639,Rigid,1655482,2042154,2214959,386672,172805,559477,completed,144
25640,Rigid,1658197,1659615,1665351,1418,5736,7154,completed,144
25641,Rigid,1659052,1659615,1665112,563,5497,6060,completed,144
25642,Rigid,1659664,1659664,1659693,0,29,29,completed,36
25643,Rigid,1659664,1659664,1659693,0,29,29,completed,36
25644,Rigid,1659664,1659664,1659693,0,29,29,completed,36
25645,Rigid,1659664,1659664,1659693,0,29,29,completed,36
25646,Rigid,1659664,1659664,1659693,0,29,29,completed,36
25647,Rigid,1659664,1659664,1659693,0,29,29,completed,36
25648,Rigid,1659664,1659664,1659693,0,29,29,completed,36
25649,Rigid,1659664,1659664,1659693,0,29,29,completed,36
25650,Rigid,1659695,1659696,1660463,1,767,768,completed,36
25651,Rigid,1659695,1659696,1664940,1,5244,5245,completed,36
25652,Rigid,1659696,1659696,1664319,0,4623,4623,completed,36
25653,Rigid,1659696,1659696,1664541,0,4845,4845,completed,36
25654,Rigid,1659696,1659696,1664693,0,4997,4997,completed,36
25655,Rigid,1659696,1659700,1664426,4,4726,4730,completed,36
25656,Rigid,1659697,1659700,1664550,3,4850,4853,completed,36
25657,Rigid,1659697,1659700,1664862,3,5162,5165,completed,36
25658,Rigid,1659697,1659728,1664280,31,4552,4583,completed,36
25659,Rigid,1659698,1659728,1664394,30,4666,4696,completed,36
25660,Rigid,1659698,1659728,1664714,30,4986,5016,completed,36
25661,Rigid,1659698,1659728,1664473,30,4745,4775,completed,36
25662,Rigid,1659698,1660372,1664767,674,4395,5069,completed,36
25663,Rigid,1659698,1660372,1664759,674,4387,5061,completed,36
25664,Rigid,1659698,1660520,1664850,822,4330,5152,completed,36
25665,Rigid,1659698,1660520,1664838,822,4318,5140,completed,36
25666,Rigid,1659698,1660520,1664838,822,4318,5140,completed,36
25667,Rigid,1659698,1660520,1664976,822,4456,5278,completed,36
25668,Rigid,1659698,1661320,1666141,1622,4821,6443,completed,36
25669,Rigid,1659699,1661320,1666502,1621,5182,6803,completed,36
25670,Rigid,1659699,1661320,1665969,1621,4649,6270,completed,36
25671,Rigid,1659699,1661320,1666141,1621,4821,6442,completed,36
25672,Rigid,1659699,1662876,1663125,3177,249,3426,completed,36
25673,Rigid,1659699,1662876,1663125,3177,249,3426,completed,36
25674,Rigid,1659727,1663520,1676954,3793,13434,17227,completed,144
25675,Rigid,1660413,1660414,1660427,1,13,14,completed,72
25676,Rigid,1660459,1660460,1660471,1,11,12,completed,36
25677,Rigid,1660519,1663683,1673973,3164,10290,13454,completed,144
25678,Rigid,1660604,1660605,1660611,1,6,7,completed,36
25679,Rigid,1660785,1660786,1660792,1,6,7,completed,36
25680,Rigid,1660828,1660830,1660836,2,6,8,completed,36
25681,Rigid,1660872,1660872,1660878,0,6,6,completed,36
25682,Rigid,1660921,1660921,1660927,0,6,6,completed,36
25683,Rigid,1660932,1660932,1660938,0,6,6,completed,36
25684,Rigid,1660981,1660981,1660987,0,6,6,completed,36
25685,Rigid,1661010,1661010,1661016,0,6,6,completed,36
25686,Rigid,1661318,1664871,1674975,3553,10104,13657,completed,144
25687,Rigid,1661344,1661346,1661413,2,67,69,completed,36
25688,Rigid,1661470,1661471,1661533,1,62,63,completed,36
25689,Rigid,1661563,1661563,1661670,0,107,107,completed,36
25690,Rigid,1661723,1661724,1661727,1,3,4,completed,36
25691,Rigid,1662098,1663126,1663143,1028,17,1045,completed,72
25692,Rigid,1662101,1663127,1663145,1026,18,1044,completed,72
25693,Rigid,1662105,1663145,1663158,1040,13,1053,completed,72
25694,Rigid,1662108,1663147,1663166,1039,19,1058,completed,72
25695,Rigid,1662111,1663159,1663189,1048,30,1078,completed,72
25696,Rigid,1662115,1663168,1663218,1053,50,1103,completed,72
25697,Rigid,1662118,1663191,1663260,1073,69,1142,completed,72
25698,Rigid,1662126,1663219,1663552,1093,333,1426,completed,72
25699,Rigid,1662130,1663262,1664537,1132,1275,2407,completed,72
25700,Rigid,1662187,1662876,1663125,689,249,938,completed,36
25701,Rigid,1663519,1664895,1676458,1376,11563,12939,completed,144
25702,Rigid,1663603,1663638,1663679,35,41,76,completed,144
25703,Rigid,1663610,1663610,1663789,0,179,179,completed,36
25704,Rigid,1663636,1664920,1675245,1284,10325,11609,completed,144
25705,Rigid,1663690,1663691,1663867,1,176,177,completed,36
25706,Rigid,1663690,1663711,1663867,21,156,177,completed,36
25707,Rigid,1663690,1663711,1663867,21,156,177,completed,36
25708,Rigid,1663690,1663711,1663867,21,156,177,completed,36
25709,Rigid,1663690,1663711,1663867,21,156,177,completed,36
25710,Rigid,1663690,1663790,1663954,100,164,264,completed,36
25711,Rigid,1663690,1663868,1664065,178,197,375,completed,36
25712,Rigid,1663691,1663868,1664065,177,197,374,completed,36
25713,Rigid,1663691,1663868,1664065,177,197,374,completed,36
25714,Rigid,1663691,1663868,1664065,177,197,374,completed,36
25715,Rigid,1663691,1663868,1664065,177,197,374,completed,36
25716,Rigid,1663691,1663955,1664116,264,161,425,completed,36
25717,Rigid,1663691,1664052,1664248,361,196,557,completed,36
25718,Rigid,1663691,1664052,1664248,361,196,557,completed,36
25719,Rigid,1663691,1664052,1664249,361,197,558,completed,36
25720,Rigid,1663691,1664052,1664248,361,196,557,completed,36
25721,Rigid,1663691,1664066,1664248,375,182,557,completed,36
25722,Rigid,1663691,1664066,1664248,375,182,557,completed,36
25723,Rigid,1663692,1664066,1664248,374,182,556,completed,36
25724,Rigid,1663692,1664066,1664249,374,183,557,completed,36
25725,Rigid,1663692,1664066,1664248,374,182,556,completed,36
25726,Rigid,1663692,1664117,1664262,425,145,570,completed,36
25727,Rigid,1663692,1664250,1664428,558,178,736,completed,36
25728,Rigid,1663692,1664250,1664428,558,178,736,completed,36
25729,Rigid,1663701,1664250,1664428,549,178,727,completed,36
25730,Rigid,1663701,1664250,1664428,549,178,727,completed,36
25731,Rigid,1663701,1664250,1664428,549,178,727,completed,36
25732,Rigid,1663701,1664250,1664428,549,178,727,completed,36
25733,Rigid,1663702,1664250,1664428,548,178,726,completed,36
25734,Rigid,1663702,1664250,1664428,548,178,726,completed,36
25735,Rigid,1663702,1664250,1664428,548,178,726,completed,36
25736,Rigid,1663702,1664264,1664428,562,164,726,completed,36
25737,Rigid,1663702,1664281,1664428,579,147,726,completed,36
25738,Rigid,1663702,1664320,1664459,618,139,757,completed,36
25739,Rigid,1663702,1664396,1664555,694,159,853,completed,36
25740,Rigid,1663702,1664427,1664582,725,155,880,completed,36
25741,Rigid,1663702,1664430,1664582,728,152,880,completed,36
25742,Rigid,1663702,1664430,1664579,728,149,877,completed,36
25743,Rigid,1663702,1664430,1664579,728,149,877,completed,36
25744,Rigid,1663703,1664430,1664582,727,152,879,completed,36
25745,Rigid,1663703,1664430,1664581,727,151,878,completed,36
25746,Rigid,1663703,1664430,1664581,727,151,878,completed,36
25747,Rigid,1663703,1664430,1664581,727,151,878,completed,36
25748,Rigid,1663703,1664430,1664579,727,149,876,completed,36
25749,Rigid,1663703,1664430,1664581,727,151,878,completed,36
25750,Rigid,1663703,1664430,1664579,727,149,876,completed,36
25751,Rigid,1663703,1664430,1664581,727,151,878,completed,36
25752,Rigid,1663703,1664461,1664601,758,140,898,completed,36
25753,Rigid,1663708,1664475,1664610,767,135,902,completed,36
25754,Rigid,1663708,1664539,1664707,831,168,999,completed,36
25755,Rigid,1663708,1664539,1664707,831,168,999,completed,36
25756,Rigid,1663708,1664542,1664707,834,165,999,completed,36
25757,Rigid,1663708,1664552,1664707,844,155,999,completed,36
25758,Rigid,1663708,1664556,1664707,848,151,999,completed,36
25759,Rigid,1663709,1664580,1664753,871,173,1044,completed,36
25760,Rigid,1663709,1664580,1664754,871,174,1045,completed,36
25761,Rigid,1663709,1664581,1664754,872,173,1045,completed,36
25762,Rigid,1663710,1664581,1664753,871,172,1043,completed,36
25763,Rigid,1663710,1664582,1664755,872,173,1045,completed,36
25764,Rigid,1663710,1664582,1664754,872,172,1044,completed,36
25765,Rigid,1663710,1664583,1664754,873,171,1044,completed,36
25766,Rigid,1663710,1664583,1664753,873,170,1043,completed,36
25767,Rigid,1663710,1664583,1664754,873,171,1044,completed,36
25768,Rigid,1663710,1664583,1664755,873,172,1045,completed,36
25769,Rigid,1663710,1664583,1664754,873,171,1044,completed,36
25770,Rigid,1663711,1664583,1664754,872,171,1043,completed,36
25771,Rigid,1663711,1664602,1664754,891,152,1043,completed,36
25772,Rigid,1663711,1664612,1664755,901,143,1044,completed,36
25773,Rigid,1663711,1664695,1664848,984,153,1137,completed,36
25774,Rigid,1663711,1664708,1664854,997,146,1143,completed,36
25775,Rigid,1663711,1664708,1664853,997,145,1142,completed,36
25776,Rigid,1663711,1664708,1664852,997,144,1141,completed,36
25777,Rigid,1663713,1664708,1664852,995,144,1139,completed,36
25778,Rigid,1663713,1664708,1664853,995,145,1140,completed,36
25779,Rigid,1663713,1664715,1664855,1002,140,1142,completed,36
25780,Rigid,1663713,1664754,1664918,1041,164,1205,completed,36
25781,Rigid,1663713,1664754,1664920,1041,166,1207,completed,36
25782,Rigid,1663713,1664755,1664918,1042,163,1205,completed,36
25783,Rigid,1663714,1664755,1664918,1041,163,1204,completed,36
25784,Rigid,1663714,1664755,1664918,1041,163,1204,completed,36
25785,Rigid,1663714,1664755,1664918,1041,163,1204,completed,36
25786,Rigid,1663714,1664755,1664918,1041,163,1204,completed,36
25787,Rigid,1663715,1664755,1664918,1040,163,1203,completed,36
25788,Rigid,1663715,1664756,1664920,1041,164,1205,completed,36
25789,Rigid,1663715,1664756,1664921,1041,165,1206,completed,36
25790,Rigid,1663715,1664756,1664921,1041,165,1206,completed,36
25791,Rigid,1663715,1664756,1664918,1041,162,1203,completed,36
25792,Rigid,1663715,1664756,1664918,1041,162,1203,completed,36
25793,Rigid,1663715,1664756,1664920,1041,164,1205,completed,36
25794,Rigid,1663715,1664760,1664918,1045,158,1203,completed,36
25795,Rigid,1663715,1664769,1664920,1054,151,1205,completed,36
25796,Rigid,1663716,1664839,1665033,1123,194,1317,completed,36
25797,Rigid,1663716,1664839,1665009,1123,170,1293,completed,36
25798,Rigid,1663716,1664849,1665033,1133,184,1317,completed,36
25799,Rigid,1663716,1664851,1665033,1135,182,1317,completed,36
25800,Rigid,1663716,1664853,1665033,1137,180,1317,completed,36
25801,Rigid,1664051,1664920,1676466,869,11546,12415,completed,144
25802,Rigid,1664487,1664855,1664894,368,39,407,completed,108
25803,Rigid,1664870,1664920,1670422,50,5502,5552,completed,144
25804,Rigid,1665062,1665113,1704457,51,39344,39395,completed,108
25805,Rigid,1665112,1665162,1670634,50,5472,5522,completed,144
25806,Rigid,1665160,1665352,1670894,192,5542,5734,completed,144
25807,Rigid,1665351,1666142,1671882,791,5740,6531,completed,144
25808,Rigid,1666408,1666408,1666483,0,75,75,completed,36
25809,Rigid,1666561,1666561,1666641,0,80,80,completed,36
25810,Rigid,1666575,1666575,1666650,0,75,75,completed,36
25811,Rigid,1667128,1667129,1667472,1,343,344,completed,36
25812,Rigid,1667172,1667172,1667509,0,337,337,completed,36
25813,Rigid,1667213,1667213,1667560,0,347,347,completed,36
25814,Rigid,1667733,1667733,1669050,0,1317,1317,completed,36
25815,Rigid,1667762,1667762,1669057,0,1295,1295,completed,36
25816,Rigid,1667785,1667785,1669056,0,1271,1271,completed,36
25817,Rigid,1670025,1670025,1720304,0,50279,50279,completed,36
25818,Rigid,1670079,1670079,1694484,0,24405,24405,completed,36
25819,Rigid,1670127,1670127,1708610,0,38483,38483,completed,36
25820,Rigid,1670422,1670424,1675958,2,5534,5536,completed,144
25821,Rigid,1670634,1670636,1676124,2,5488,5490,completed,144
25822,Rigid,1670894,1670896,1676436,2,5540,5542,completed,144
25823,Rigid,1671882,1671883,1677599,1,5716,5717,completed,144
25824,Rigid,1673973,1673975,1695116,2,21141,21143,completed,144
25825,Rigid,1674975,1674976,1685804,1,10828,10829,completed,144
25826,Rigid,1675245,1675246,1695440,1,20194,20195,completed,144
25827,Rigid,1675958,1675959,1681450,1,5491,5492,completed,144
25828,Rigid,1676124,1676125,1681596,1,5471,5472,completed,144
25829,Rigid,1676436,1676438,1682078,2,5640,5642,completed,144
25830,Rigid,1676458,1676460,1688061,2,11601,11603,completed,144
25831,Rigid,1676466,1676467,1697085,1,20618,20619,completed,144
25832,Rigid,1676954,1676956,1687605,2,10649,10651,completed,144
25833,Rigid,1677599,1677600,1683321,1,5721,5722,completed,144
25834,Rigid,1681450,1681452,1687630,2,6178,6180,completed,144
25835,Rigid,1681596,1681598,1687093,2,5495,5497,completed,144
25836,Rigid,1682078,1682080,1687682,2,5602,5604,completed,144
25837,Rigid,1683321,1683322,1689068,1,5746,5747,completed,144
25838,Rigid,1685804,1685805,1697913,1,12108,12109,completed,144
25839,Rigid,1687093,1687094,1692559,1,5465,5466,completed,144
25840,Rigid,1687605,1687606,1700657,1,13051,13052,completed,144
25841,Rigid,1687630,1687632,1693136,2,5504,5506,completed,144
25842,Rigid,1687681,1687683,1693211,2,5528,5530,completed,144
25843,Rigid,1688060,1688062,1699697,2,11635,11637,completed,144
25844,Rigid,1689068,1689069,1694729,1,5660,5661,completed,144
25845,Rigid,1690988,1691515,1695534,527,4019,4546,completed,36
25846,Rigid,1690988,1692560,1696090,1572,3530,5102,completed,36
25847,Rigid,1690988,1692560,1696319,1572,3759,5331,completed,36
25848,Rigid,1690989,1692560,1696444,1571,3884,5455,completed,36
25849,Rigid,1690989,1692560,1696251,1571,3691,5262,completed,36
25850,Rigid,1690989,1693138,1697141,2149,4003,6152,completed,36
25851,Rigid,1690989,1693138,1697302,2149,4164,6313,completed,36
25852,Rigid,1690990,1693138,1696698,2148,3560,5708,completed,36
25853,Rigid,1690990,1693138,1696711,2148,3573,5721,completed,36
25854,Rigid,1690990,1693212,1696989,2222,3777,5999,completed,36
25855,Rigid,1690990,1693212,1696774,2222,3562,5784,completed,36
25856,Rigid,1690990,1693212,1697129,2222,3917,6139,completed,36
25857,Rigid,1690991,1693212,1696774,2221,3562,5783,completed,36
25858,Rigid,1690991,1694485,1698027,3494,3542,7036,completed,36
25859,Rigid,1690991,1694730,1698330,3739,3600,7339,completed,36
25860,Rigid,1690991,1694730,1698258,3739,3528,7267,completed,36
25861,Rigid,1690991,1694730,1698332,3739,3602,7341,completed,36
25862,Rigid,1690992,1694730,1698334,3738,3604,7342,completed,36
25863,Rigid,1690992,1695117,1699260,4125,4143,8268,completed,36
25864,Rigid,1690992,1695117,1698718,4125,3601,7726,completed,36
25865,Rigid,1690992,1695117,1698817,4125,3700,7825,completed,36
25866,Rigid,1690993,1695117,1699084,4124,3967,8091,completed,36
25867,Rigid,1690993,1695375,1699096,4382,3721,8103,completed,36
25868,Rigid,1690993,1695375,1699385,4382,4010,8392,completed,36
25869,Rigid,1690998,1695375,1699737,4377,4362,8739,completed,36
25870,Rigid,1690998,1695375,1698916,4377,3541,7918,completed,36
25871,Rigid,1690998,1695442,1699026,4444,3584,8028,completed,36
25872,Rigid,1690998,1695442,1699260,4444,3818,8262,completed,36
25873,Rigid,1690998,1695442,1699280,4444,3838,8282,completed,36
25874,Rigid,1690999,1695442,1699467,4443,4025,8468,completed,36
25875,Rigid,1690999,1695535,1699587,4536,4052,8588,completed,36
25876,Rigid,1690999,1695843,1699373,4844,3530,8374,completed,36
25877,Rigid,1690999,1695843,1699476,4844,3633,8477,completed,36
25878,Rigid,1690999,1695843,1699741,4844,3898,8742,completed,36
25879,Rigid,1690999,1695843,1699526,4844,3683,8527,completed,36
25880,Rigid,1690999,1695843,1699749,4844,3906,8750,completed,36
25881,Rigid,1690999,1695843,1699435,4844,3592,8436,completed,36
25882,Rigid,1690999,1696091,1699626,5092,3535,8627,completed,36
25883,Rigid,1691000,1696253,1699754,5253,3501,8754,completed,36
25884,Rigid,1691000,1696320,1699867,5320,3547,8867,completed,36
25885,Rigid,1691000,1696445,1700012,5445,3567,9012,completed,36
25886,Rigid,1691000,1696699,1700295,5699,3596,9295,completed,36
25887,Rigid,1691000,1696712,1700827,5712,4115,9827,completed,36
25888,Rigid,1691000,1696775,1700390,5775,3615,9390,completed,36
25889,Rigid,1691000,1696775,1700470,5775,3695,9470,completed,36
25890,Rigid,1691000,1696990,1700828,5990,3838,9828,completed,36
25891,Rigid,1691000,1697088,1700823,6088,3735,9823,completed,36
25892,Rigid,1691001,1697088,1701060,6087,3972,10059,completed,36
25893,Rigid,1691006,1697088,1702990,6082,5902,11984,completed,36
25894,Rigid,1691006,1697088,1704851,6082,7763,13845,completed,36
25895,Rigid,1691006,1697130,1703542,6124,6412,12536,completed,36
25896,Rigid,1691006,1697143,1703342,6137,6199,12336,completed,36
25897,Rigid,1691007,1697304,1704863,6297,7559,13856,completed,36
25898,Rigid,1691007,1697915,1703494,6908,5579,12487,completed,36
25899,Rigid,1691007,1697915,1703925,6908,6010,12918,completed,36
25900,Rigid,1691007,1697915,1705765,6908,7850,14758,completed,36
25901,Rigid,1691007,1697915,1704371,6908,6456,13364,completed,36
25902,Rigid,1691008,1698029,1704153,7021,6124,13145,completed,36
25903,Rigid,1691008,1698259,1706148,7251,7889,15140,completed,36
25904,Rigid,1691008,1698332,1704153,7324,5821,13145,completed,36
25905,Rigid,1691008,1698333,1703596,7325,5263,12588,completed,36
25906,Rigid,1691009,1698335,1703870,7326,5535,12861,completed,36
25907,Rigid,1691009,1698720,1703909,7711,5189,12900,completed,36
25908,Rigid,1691009,1698818,1704002,7809,5184,12993,completed,36
25909,Rigid,1691009,1698917,1704248,7908,5331,13239,completed,36
25910,Rigid,1691009,1699027,1704153,8018,5126,13144,completed,36
25911,Rigid,1691010,1699085,1704979,8075,5894,13969,completed,36
25912,Rigid,1691010,1699097,1706870,8087,7773,15860,completed,36
25913,Rigid,1691010,1699176,1705533,8166,6357,14523,completed,36
25914,Rigid,1691010,1699261,1705923,8251,6662,14913,completed,36
25915,Rigid,1691010,1699261,1706843,8251,7582,15833,completed,36
25916,Rigid,1691010,1699281,1704985,8271,5704,13975,completed,36
25917,Rigid,1691012,1699374,1705497,8362,6123,14485,completed,36
25918,Rigid,1691013,1699387,1709237,8374,9850,18224,completed,36
25919,Rigid,1691013,1699436,1706947,8423,7511,15934,completed,36
25920,Rigid,1691013,1699468,1706536,8455,7068,15523,completed,36
25921,Rigid,1691013,1699477,1708312,8464,8835,17299,completed,36
25922,Rigid,1691013,1699527,1705433,8514,5906,14420,completed,36
25923,Rigid,1691014,1699589,1705651,8575,6062,14637,completed,36
25924,Rigid,1691014,1699627,1709163,8613,9536,18149,completed,36
25925,Rigid,1691014,1699699,1707443,8685,7744,16429,completed,36
25926,Rigid,1691014,1699699,1706778,8685,7079,15764,completed,36
25927,Rigid,1691014,1699699,1709163,8685,9464,18149,completed,36
25928,Rigid,1691015,1699699,1705533,8684,5834,14518,completed,36
25929,Rigid,1691015,1699738,1705760,8723,6022,14745,completed,36
25930,Rigid,1691015,1699742,1705760,8727,6018,14745,completed,36
25931,Rigid,1691015,1699750,1705700,8735,5950,14685,completed,36
25932,Rigid,1691015,1699755,1705943,8740,6188,14928,completed,36
25933,Rigid,1691015,1699868,1705943,8853,6075,14928,completed,36
25934,Rigid,1691015,1700013,1706053,8998,6040,15038,completed,36
25935,Rigid,1691015,1700223,1706388,9208,6165,15373,completed,36
25936,Rigid,1691015,1700223,1709748,9208,9525,18733,completed,36
25937,Rigid,1691016,1700223,1707782,9207,7559,16766,completed,36
25938,Rigid,1691016,1700223,1707179,9207,6956,16163,completed,36
25939,Rigid,1691016,1700223,1709473,9207,9250,18457,completed,36
25940,Rigid,1691016,1700223,1705923,9207,5700,14907,completed,36
25941,Rigid,1691027,1700296,1706521,9269,6225,15494,completed,36
25942,Rigid,1691027,1700391,1709783,9364,9392,18756,completed,36
25943,Rigid,1691028,1700471,1708002,9443,7531,16974,completed,36
25944,Rigid,1691028,1700658,1707577,9630,6919,16549,completed,36
25945,Rigid,1691028,1700658,1709760,9630,9102,18732,completed,36
25946,Rigid,1691028,1700658,1706388,9630,5730,15360,completed,36
25947,Rigid,1691028,1700658,1706738,9630,6080,15710,completed,36
25948,Rigid,1691028,1700824,1710464,9796,9640,19436,completed,36
25949,Rigid,1691028,1700828,1708359,9800,7531,17331,completed,36
25950,Rigid,1691029,1700829,1707981,9800,7152,16952,completed,36
25951,Rigid,1691029,1701061,1710135,10032,9074,19106,completed,36
25952,Rigid,1691029,1701170,1706947,10141,5777,15918,completed,36
25953,Rigid,1691029,1701360,1707315,10331,5955,16286,completed,36
25954,Rigid,1691029,1701422,1707315,10393,5893,16286,completed,36
25955,Rigid,1691029,1702920,1708936,11891,6016,17907,completed,36
25956,Rigid,1691029,1702991,1709043,11962,6052,18014,completed,36
25957,Rigid,1691029,1703343,1709472,12314,6129,18443,completed,36
25958,Rigid,1691029,1703387,1709472,12358,6085,18443,completed,36
25959,Rigid,1691029,1703387,1709472,12358,6085,18443,completed,36
25960,Rigid,1691029,1703388,1712857,12359,9469,21828,completed,36
25961,Rigid,1691030,1703388,1710935,12358,7547,19905,completed,36
25962,Rigid,1691030,1703388,1710324,12358,6936,19294,completed,36
25963,Rigid,1691030,1703388,1712607,12358,9219,21577,completed,36
25964,Rigid,1691030,1703388,1709324,12358,5936,18294,completed,36
25965,Rigid,1691035,1703388,1706109,12353,2721,15074,completed,36
25966,Rigid,1691035,1703443,1706112,12408,2669,15077,completed,36
25967,Rigid,1691035,1703495,1706376,12460,2881,15341,completed,36
25968,Rigid,1691035,1703505,1706396,12470,2891,15361,completed,36
25969,Rigid,1691035,1703505,1706054,12470,2549,15019,completed,36
25970,Rigid,1691035,1703505,1706202,12470,2697,15167,completed,36
25971,Rigid,1691035,1703506,1706179,12471,2673,15144,completed,36
25972,Rigid,1691036,1703537,1706111,12501,2574,15075,completed,36
25973,Rigid,1691036,1703537,1706208,12501,2671,15172,completed,36
25974,Rigid,1691036,1703537,1706361,12501,2824,15325,completed,36
25975,Rigid,1691036,1703537,1706160,12501,2623,15124,completed,36
25976,Rigid,1691036,1703537,1706239,12501,2702,15203,completed,36
25977,Rigid,1691036,1703537,1706248,12501,2711,15212,completed,36
25978,Rigid,1691036,1703537,1706286,12501,2749,15250,completed,36
25979,Rigid,1691036,1703537,1706282,12501,2745,15246,completed,36
25980,Rigid,1691036,1703543,1706431,12507,2888,15395,completed,36
25981,Rigid,1691036,1703597,1706299,12561,2702,15263,completed,36
25982,Rigid,1691037,1703871,1706646,12834,2775,15609,completed,36
25983,Rigid,1691037,1703910,1706671,12873,2761,15634,completed,36
25984,Rigid,1691037,1703926,1706633,12889,2707,15596,completed,36
25985,Rigid,1691037,1704003,1706710,12966,2707,15673,completed,36
25986,Rigid,1691037,1704154,1707041,13117,2887,16004,completed,36
25987,Rigid,1691037,1704154,1706666,13117,2512,15629,completed,36
25988,Rigid,1691037,1704154,1706767,13117,2613,15730,completed,36
25989,Rigid,1692559,1706250,1711713,13691,5463,19154,completed,144
25990,Rigid,1693136,1706310,1711830,13174,5520,18694,completed,144
25991,Rigid,1693211,1706401,1711974,13190,5573,18763,completed,144
25992,Rigid,1694729,1706551,1712884,11822,6333,18155,completed,144
25993,Rigid,1697913,1706702,1718927,8789,12225,21014,completed,144
25994,Rigid,1698029,1706792,1719125,8763,12333,21096,completed,144
25995,Rigid,1699697,1707646,1719873,7949,12227,20176,completed,144
25996,Rigid,1700657,1707760,1729486,7103,21726,28829,completed,144
25997,Rigid,1701449,1706161,1866079,4712,159918,164630,completed,72
25998,Rigid,1702059,1702793,1702796,734,3,737,completed,36
25999,Rigid,1702060,1702797,1702800,737,3,740,completed,36
26000,Rigid,1702061,1702801,1702804,740,3,743,completed,36
26001,Rigid,1702196,1702805,1702808,609,3,612,completed,36
26002,Rigid,1702205,1702810,1702816,605,6,611,completed,36
26003,Rigid,1702206,1702817,1702824,611,7,618,completed,36
26004,Rigid,1702207,1702825,1702831,618,6,624,completed,36
26005,Rigid,1702207,1702833,1702839,626,6,632,completed,36
26006,Rigid,1702219,1702840,1702849,621,9,630,completed,36
26007,Rigid,1702219,1702851,1702860,632,9,641,completed,36
26008,Rigid,1702220,1702862,1702870,642,8,650,completed,36
26009,Rigid,1702221,1702238,1704518,17,2280,2297,completed,8
26010,Rigid,1702221,1702872,1702881,651,9,660,completed,36
26011,Rigid,1702232,1702882,1702890,650,8,658,completed,36
26012,Rigid,1702233,1702892,1702900,659,8,667,completed,36
26013,Rigid,1702233,1702901,1702909,668,8,676,completed,36
26014,Rigid,1702234,1702911,1702919,677,8,685,completed,36
26015,Rigid,1702766,1704249,1727987,1483,23738,25221,completed,36
26016,Rigid,1702766,1704373,1718893,1607,14520,16127,completed,36
26017,Rigid,1702766,1704464,1717991,1698,13527,15225,completed,36
26018,Rigid,1702766,1704464,1718700,1698,14236,15934,completed,36
26019,Rigid,1702766,1704464,1719643,1698,15179,16877,completed,36
26020,Rigid,1702766,1704640,1727350,1874,22710,24584,completed,36
26021,Rigid,1702767,1704852,1727366,2085,22514,24599,completed,36
26022,Rigid,1702767,1704865,1719832,2098,14967,17065,completed,36
26023,Rigid,1702767,1704980,1718369,2213,13389,15602,completed,36
26024,Rigid,1702767,1704986,1719144,2219,14158,16377,completed,36
26025,Rigid,1702767,1705434,1720508,2667,15074,17741,completed,36
26026,Rigid,1702767,1705498,1728318,2731,22820,25551,completed,36
26027,Rigid,1702767,1705534,1725863,2767,20329,23096,completed,36
26028,Rigid,1702767,1705534,1725477,2767,19943,22710,completed,36
26029,Rigid,1702767,1705652,1725783,2885,20131,23016,completed,36
26030,Rigid,1702767,1705701,1725646,2934,19945,22879,completed,36
26031,Rigid,1702767,1705762,1725838,2995,20076,23071,completed,36
26032,Rigid,1702768,1705762,1725156,2994,19394,22388,completed,36
26033,Rigid,1702768,1705766,1728318,2998,22552,25550,completed,36
26034,Rigid,1702768,1705924,1720481,3156,14557,17713,completed,36
26035,Rigid,1702768,1705924,1719339,3156,13415,16571,completed,36
26036,Rigid,1702768,1705945,1720629,3177,14684,17861,completed,36
26037,Rigid,1702768,1705945,1721072,3177,15127,18304,completed,36
26038,Rigid,1702768,1706054,1729936,3286,23882,27168,completed,36
26039,Rigid,1704717,1706113,1736461,1396,30348,31744,completed,144
26040,Rigid,1705494,1707317,2052939,1823,345622,347445,completed,288
26041,Rigid,1708320,1708546,2054169,226,345623,345849,completed,288
26042,Rigid,1709888,1709888,1710319,0,431,431,completed,36
26043,Rigid,1711713,1711714,1717185,1,5471,5472,completed,144
26044,Rigid,1711830,1711831,1717343,1,5512,5513,completed,144
26045,Rigid,1711974,1711975,1717497,1,5522,5523,completed,144
26046,Rigid,1712884,1712886,1718625,2,5739,5741,completed,144
26047,Rigid,1714728,1714776,1782098,48,67322,67370,completed,144
26048,Rigid,1716275,1717187,1946267,912,229080,229992,completed,72
26049,Rigid,1716306,1717498,2063113,1192,345615,346807,completed,288
26050,Rigid,1716343,1718322,1964454,1979,246132,248111,completed,144
26051,Rigid,1716613,1718348,1835557,1735,117209,118944,completed,144
26052,Rigid,1716651,1718626,2064253,1975,345627,347602,completed,144
26053,Rigid,1716689,1718929,2064553,2240,345624,347864,completed,288
26054,Rigid,1716736,1719126,1920749,2390,201623,204013,completed,144
26055,Rigid,1716835,1719834,1921439,2999,201605,204604,completed,144
26056,Rigid,1716912,1719874,1921499,2962,201625,204587,completed,144
26057,Rigid,1716943,1729487,1931099,12544,201612,214156,completed,144
26058,Rigid,1716960,1716986,1865800,26,148814,148840,completed,18
26059,Rigid,1716960,1730821,1884753,13861,153932,167793,completed,18
26060,Rigid,1716960,1731728,1883845,14768,152117,166885,completed,18
26061,Rigid,1716960,1733536,1883605,16576,150069,166645,completed,18
26062,Rigid,1716960,1733566,1886099,16606,152533,169139,completed,18
26063,Rigid,1716960,1733777,1884772,16817,150995,167812,completed,18
26064,Rigid,1716960,1734079,1886937,17119,152858,169977,completed,18
26065,Rigid,1716960,1734260,1886937,17300,152677,169977,completed,18
26066,Rigid,1716960,1734260,1886937,17300,152677,169977,completed,18
26067,Rigid,1716960,1734592,1886937,17632,152345,169977,completed,18
26068,Rigid,1716960,1734713,1886816,17753,152103,169856,completed,18
26069,Rigid,1716960,1734773,1885021,17813,150248,168061,completed,18
26070,Rigid,1716960,1734833,1886937,17873,152104,169977,completed,18
26071,Rigid,1716960,1734864,1885591,17904,150727,168631,completed,18
26072,Rigid,1716960,1734954,1886691,17994,151737,169731,completed,18
26073,Rigid,1716960,1734954,1886704,17994,151750,169744,completed,18
26074,Rigid,1716960,1735045,1886937,18085,151892,169977,completed,18
26075,Rigid,1716960,1735256,1883042,18296,147786,166082,completed,18
26076,Rigid,1716960,1735256,1886937,18296,151681,169977,completed,18
26077,Rigid,1716960,1735949,1884218,18989,148269,167258,completed,18
26078,Rigid,1716960,1736039,1881212,19079,145173,164252,completed,18
26079,Rigid,1716960,1736400,1884160,19440,147760,167200,completed,18
26080,Rigid,1716961,1736732,1885884,19771,149152,168923,completed,18
26081,Rigid,1716961,1737157,1886937,20196,149780,169976,completed,18
26082,Rigid,1716961,1737307,1886486,20346,149179,169525,completed,18
26083,Rigid,1716961,1737427,1886937,20466,149510,169976,completed,18
26084,Rigid,1716961,1737999,1885208,21038,147209,168247,completed,18
26085,Rigid,1716961,1738871,1886937,21910,148066,169976,completed,18
26086,Rigid,1716961,1739022,1886937,22061,147915,169976,completed,18
26087,Rigid,1716961,1739142,1886937,22181,147795,169976,completed,18
26088,Rigid,1716961,1739172,1886937,22211,147765,169976,completed,18
26089,Rigid,1716961,1739263,1886937,22302,147674,169976,completed,18
26090,Rigid,1716961,1739954,1886937,22993,146983,169976,completed,18
26091,Rigid,1717003,1729593,1931219,12590,201626,214216,completed,144
26092,Rigid,1717033,1729593,2075215,12560,345622,358182,completed,144
26093,Rigid,1717056,1729745,2075365,12689,345620,358309,completed,144
26094,Rigid,1717087,1718702,1727312,1615,8610,10225,completed,18
26095,Rigid,1717088,1718702,1727206,1614,8504,10118,completed,18
26096,Rigid,1717088,1719006,1727853,1918,8847,10765,completed,18
26097,Rigid,1717088,1719156,1727806,2068,8650,10718,completed,18
26098,Rigid,1717088,1719156,1727976,2068,8820,10888,completed,18
26099,Rigid,1717090,1720210,1729097,3120,8887,12007,completed,18
26100,Rigid,1717090,1722410,1731620,5320,9210,14530,completed,18
26101,Rigid,1717090,1722952,1731722,5862,8770,14632,completed,18
26102,Rigid,1717091,1724942,1733757,7851,8815,16666,completed,18
26103,Rigid,1717091,1724942,1733534,7851,8592,16443,completed,18
26104,Rigid,1717091,1725187,1734245,8096,9058,17154,completed,18
26105,Rigid,1717092,1725187,1734051,8095,8864,16959,completed,18
26106,Rigid,1717092,1725489,1734355,8397,8866,17263,completed,18
26107,Rigid,1717093,1725489,1734258,8396,8769,17165,completed,18
26108,Rigid,1717093,1725669,1734695,8576,9026,17602,completed,18
26109,Rigid,1717094,1725670,1734814,8576,9144,17720,completed,18
26110,Rigid,1717094,1725790,1734927,8696,9137,17833,completed,18
26111,Rigid,1717094,1725790,1734751,8696,8961,17657,completed,18
26112,Rigid,1717094,1725851,1734861,8757,9010,17767,completed,18
26113,Rigid,1717094,1725851,1734924,8757,9073,17830,completed,18
26114,Rigid,1717094,1725881,1735017,8787,9136,17923,completed,18
26115,Rigid,1717094,1725881,1735234,8787,9353,18140,completed,18
26116,Rigid,1717095,1727237,1735925,10142,8688,18830,completed,18
26117,Rigid,1717095,1727327,1736018,10232,8691,18923,completed,18
26118,Rigid,1717095,1727358,1736586,10263,9228,19491,completed,18
26119,Rigid,1717095,1727358,1736585,10263,9227,19490,completed,18
26120,Rigid,1717095,1727809,1736384,10714,8575,19289,completed,18
26121,Rigid,1717096,1727870,1736669,10774,8799,19573,completed,18
26122,Rigid,1717096,1727990,1736703,10894,8713,19607,completed,18
26123,Rigid,1717097,1728322,1737133,11225,8811,20036,completed,18
26124,Rigid,1717100,1728322,1737413,11222,9091,20313,completed,18
26125,Rigid,1717100,1729104,1737994,12004,8890,20894,completed,18
26126,Rigid,1717101,1729947,1739004,12846,9057,21903,completed,18
26127,Rigid,1717101,1729947,1739157,12846,9210,22056,completed,18
26128,Rigid,1717101,1730007,1738849,12906,8842,21748,completed,18
26129,Rigid,1717101,1730007,1739117,12906,9110,22016,completed,18
26130,Rigid,1717102,1730309,1739260,13207,8951,22158,completed,18
26131,Rigid,1717102,1730821,1739946,13719,9125,22844,completed,18
26132,Rigid,1717116,1729745,2075365,12629,345620,358249,completed,144
26133,Rigid,1717185,1720707,1726191,3522,5484,9006,completed,144
26134,Rigid,1717343,1726193,1731701,8850,5508,14358,completed,144
26135,Rigid,1717497,1729745,1735253,12248,5508,17756,completed,144
26136,Rigid,1718625,1730714,1736415,12089,5701,17790,completed,144
26137,Rigid,1719125,1730714,1743957,11589,13243,24832,completed,144
26138,Rigid,1720351,1720351,1720706,0,355,355,completed,36
26139,Rigid,1720475,1724929,1730972,4454,6043,10497,completed,288
26140,Rigid,1720692,1724929,1724939,4237,10,4247,completed,72
26141,Rigid,1721353,1724941,1895965,3588,171024,174612,completed,72
26142,Rigid,1722127,1728320,1742743,6193,14423,20616,completed,144
26143,Rigid,1722399,1722399,1747604,0,25205,25205,completed,1
26144,Rigid,1723571,1723571,1748774,0,25203,25203,completed,1
26145,Rigid,1725258,1725258,1750484,0,25226,25226,completed,1
26146,Rigid,1726191,1730978,1736427,4787,5449,10236,completed,144
26147,Rigid,1728577,1739870,1741270,11293,1400,12693,completed,360
26148,Rigid,1728580,1739870,1741371,11290,1501,12791,completed,360
26149,Rigid,1728835,1730978,1742242,2143,11264,13407,completed,144
26150,Rigid,1729393,1732871,1743988,3478,11117,14595,completed,144
26151,Rigid,1729398,1736702,1757452,7304,20750,28054,completed,144
26152,Rigid,1729403,1738579,1749862,9176,11283,20459,completed,144
26153,Rigid,1731522,1735254,1748558,3732,13304,17036,completed,288
26154,Rigid,1731603,1731604,1731779,1,175,176,completed,36
26155,Rigid,1731701,1738579,1744089,6878,5510,12388,completed,144
26156,Rigid,1731755,1743618,1920386,11863,176768,188631,completed,360
26157,Rigid,1731757,1744997,1920841,13240,175844,189084,completed,360
26158,Rigid,1732213,1927546,1967182,195333,39636,234969,completed,648
26159,Rigid,1732214,1936055,1962801,203841,26746,230587,completed,648
26160,Rigid,1732215,1967184,2004650,234969,37466,272435,completed,648
26161,Rigid,1732216,2016543,2041910,284327,25367,309694,completed,648
26162,Rigid,1732318,2039373,2073201,307055,33828,340883,completed,648
26163,Rigid,1732319,2041911,2063171,309592,21260,330852,completed,648
26164,Rigid,1732321,2123678,2154142,391357,30464,421821,completed,648
26165,Rigid,1732322,2188046,2207685,455724,19639,475363,completed,648
26166,Rigid,1732730,1732731,1732905,1,174,175,completed,36
26167,Rigid,1733082,1737265,1738577,4183,1312,5495,completed,432
26168,Rigid,1733134,1737265,1772887,4131,35622,39753,completed,432
26169,Rigid,1733946,1733947,1740354,1,6407,6408,completed,36
26170,Rigid,1734788,1734789,1734987,1,198,199,completed,8
26171,Rigid,1735253,1738579,1744072,3326,5493,8819,completed,144
26172,Rigid,1735824,1735824,1738069,0,2245,2245,completed,36
26173,Rigid,1736334,1736428,2082055,94,345627,345721,completed,288
26174,Rigid,1736415,1739868,1746235,3453,6367,9820,completed,144
26175,Rigid,1736427,1739870,1745368,3443,5498,8941,completed,144
26176,Rigid,1737985,1737985,1738061,0,76,76,completed,36
26177,Rigid,1738514,1738516,1738592,2,76,78,completed,36
26178,Rigid,1738676,1738677,1738750,1,73,74,completed,36
26179,Rigid,1738794,1738795,1738866,1,71,72,completed,36
26180,Rigid,1739432,1739433,1739505,1,72,73,completed,36
26181,Rigid,1739590,1739590,1739657,0,67,67,completed,36
26182,Rigid,1739724,1739867,1744995,143,5128,5271,completed,432
26183,Rigid,1739745,1739868,1753940,123,14072,14195,completed,432
26184,Rigid,1739854,1739854,1739856,0,2,2,completed,36
26185,Rigid,1739922,1740355,1760723,433,20368,20801,completed,432
26186,Rigid,1739967,1739968,1740037,1,69,70,completed,36
26187,Rigid,1740501,1741342,1800234,841,58892,59733,completed,432
26188,Rigid,1740614,1741373,1800384,759,59011,59770,completed,432
26189,Rigid,1741047,1742243,1743617,1196,1374,2570,completed,432
26190,Rigid,1741992,1741992,1742066,0,74,74,completed,36
26191,Rigid,1742016,1742029,1742094,13,65,78,completed,36
26192,Rigid,1742180,1742180,1742256,0,76,76,completed,36
26193,Rigid,1742242,1743618,1754772,1376,11154,12530,completed,144
26194,Rigid,1742336,1742336,1742397,0,61,61,completed,36
26195,Rigid,1742466,1742748,1934649,282,191901,192183,completed,144
26196,Rigid,1743462,1743463,1743522,1,59,60,completed,36
26197,Rigid,1743696,1743697,1743761,1,64,65,completed,36
26198,Rigid,1743957,1743959,1754342,2,10383,10385,completed,144
26199,Rigid,1743988,1743989,1754747,1,10758,10759,completed,144
26200,Rigid,1744072,1744073,1749595,1,5522,5523,completed,144
26201,Rigid,1744089,1744091,1749594,2,5503,5505,completed,144
26202,Rigid,1744362,1744362,1744364,0,2,2,completed,36
26203,Rigid,1744367,1744367,1744434,0,67,67,completed,36
26204,Rigid,1746011,1746236,1816428,225,70192,70417,completed,360
26205,Rigid,1746235,1748561,1754953,2326,6392,8718,completed,144
26206,Rigid,1746612,1746616,1746629,4,13,17,completed,2
26207,Rigid,1746612,1746616,1746629,4,13,17,completed,2
26208,Rigid,1746612,1746616,1746629,4,13,17,completed,2
26209,Rigid,1746612,1746616,1746629,4,13,17,completed,2
26210,Rigid,1746612,1746616,1746629,4,13,17,completed,2
26211,Rigid,1746612,1746616,1746629,4,13,17,completed,2
26212,Rigid,1746849,1746850,1746923,1,73,74,completed,2
26213,Rigid,1746872,1746873,1746938,1,65,66,completed,2
26214,Rigid,1746872,1746873,1746980,1,107,108,completed,2
26215,Rigid,1746873,1746873,1746980,0,107,107,completed,2
26216,Rigid,1746873,1746873,1746936,0,63,63,completed,2
26217,Rigid,1746873,1746873,1746981,0,108,108,completed,2
26218,Rigid,1746873,1746877,1746986,4,109,113,completed,2
26219,Rigid,1746983,1746983,1746992,0,9,9,completed,2
26220,Rigid,1746983,1746983,1746992,0,9,9,completed,2
26221,Rigid,1746983,1746987,1746995,4,8,12,completed,2
26222,Rigid,1746993,1746993,1747001,0,8,8,completed,2
26223,Rigid,1747866,1747866,1748057,0,191,191,completed,2
26224,Rigid,1747866,1747866,1747982,0,116,116,completed,2
26225,Rigid,1747866,1747866,1747985,0,119,119,completed,2
26226,Rigid,1747866,1747866,1747880,0,14,14,completed,2
26227,Rigid,1747866,1747866,1747981,0,115,115,completed,2
26228,Rigid,1747866,1747866,1747982,0,116,116,completed,2
26229,Rigid,1747952,1747953,1747988,1,35,36,completed,36
26230,Rigid,1747986,1747986,1747995,0,9,9,completed,2
26231,Rigid,1747987,1747987,1747995,0,8,8,completed,2
26232,Rigid,1747987,1747987,1747995,0,8,8,completed,2
26233,Rigid,1747987,1747987,1747995,0,8,8,completed,2
26234,Rigid,1748067,1748067,1748094,0,27,27,completed,2
26235,Rigid,1748189,1748189,1748226,0,37,37,completed,72
26236,Rigid,1748250,1748250,1748285,0,35,35,completed,36
26237,Rigid,1748662,1748662,1748691,0,29,29,completed,2
26238,Rigid,1748712,1749596,1750496,884,900,1784,completed,288
26239,Rigid,1748841,1749597,2093598,756,344001,344757,completed,144
26240,Rigid,1748932,1748932,1748961,0,29,29,completed,2
26241,Rigid,1749109,1749110,1749146,1,36,37,completed,72
26242,Rigid,1749594,1749863,1755335,269,5472,5741,completed,144
26243,Rigid,1749595,1750499,1756085,904,5586,6490,completed,144
26244,Rigid,1749753,1749754,1889773,1,140019,140020,completed,36
26245,Rigid,1749862,1750499,1761283,637,10784,11421,completed,144
26246,Rigid,1750648,1750648,1754843,0,4195,4195,completed,36
26247,Rigid,1750648,1750648,1753269,0,2621,2621,completed,36
26248,Rigid,1750648,1752888,1756496,2240,3608,5848,completed,36
26249,Rigid,1750648,1753271,1761123,2623,7852,10475,completed,36
26250,Rigid,1750648,1753941,1755587,3293,1646,4939,completed,36
26251,Rigid,1750648,1753941,1757148,3293,3207,6500,completed,36
26252,Rigid,1750648,1753941,1771007,3293,17066,20359,completed,36
26253,Rigid,1750648,1753941,1758854,3293,4913,8206,completed,36
26254,Rigid,1750648,1753942,1756571,3294,2629,5923,completed,36
26255,Rigid,1750648,1753942,1755547,3294,1605,4899,completed,36
26256,Rigid,1750648,1753942,1757061,3294,3119,6413,completed,36
26257,Rigid,1750648,1753942,1757457,3294,3515,6809,completed,36
26258,Rigid,1750648,1753942,1755662,3294,1720,5014,completed,36
26259,Rigid,1750648,1753942,1756332,3294,2390,5684,completed,36
26260,Rigid,1750648,1753942,1768090,3294,14148,17442,completed,36
26261,Rigid,1750649,1753942,1756804,3293,2862,6155,completed,36
26262,Rigid,1750649,1754343,1768493,3694,14150,17844,completed,36
26263,Rigid,1750649,1754343,1759922,3694,5579,9273,completed,36
26264,Rigid,1750649,1754343,1762132,3694,7789,11483,completed,36
26265,Rigid,1750649,1754343,1758943,3694,4600,8294,completed,36
26266,Rigid,1750649,1754748,1758383,4099,3635,7734,completed,36
26267,Rigid,1750649,1754748,1757520,4099,2772,6871,completed,36
26268,Rigid,1750649,1754749,1759597,4100,4848,8948,completed,36
26269,Rigid,1750649,1754749,1762811,4100,8062,12162,completed,36
26270,Rigid,1750649,1754773,1759865,4124,5092,9216,completed,36
26271,Rigid,1750649,1754773,1759006,4124,4233,8357,completed,36
26272,Rigid,1750649,1754773,1756756,4124,1983,6107,completed,36
26273,Rigid,1750649,1754773,1759442,4124,4669,8793,completed,36
26274,Rigid,1750649,1754844,1766717,4195,11873,16068,completed,36
26275,Rigid,1750649,1754954,1757372,4305,2418,6723,completed,36
26276,Rigid,1750649,1754954,1757871,4305,2917,7222,completed,36
26277,Rigid,1750649,1754954,1756797,4305,1843,6148,completed,36
26278,Rigid,1750649,1754954,1759188,4305,4234,8539,completed,36
26279,Rigid,1750649,1755336,1761556,4687,6220,10907,completed,36
26280,Rigid,1750649,1755336,1759456,4687,4120,8807,completed,36
26281,Rigid,1750649,1755336,1759074,4687,3738,8425,completed,36
26282,Rigid,1750649,1755336,1760810,4687,5474,10161,completed,36
26283,Rigid,1750649,1755548,1757316,4899,1768,6667,completed,36
26284,Rigid,1750649,1755590,1766456,4941,10866,15807,completed,36
26285,Rigid,1750649,1755663,1757205,5014,1542,6556,completed,36
26286,Rigid,1750649,1756087,1759287,5438,3200,8638,completed,36
26287,Rigid,1750649,1756087,1758044,5438,1957,7395,completed,36
26288,Rigid,1750649,1756087,1758906,5438,2819,8257,completed,36
26289,Rigid,1750649,1756087,1758254,5438,2167,7605,completed,36
26290,Rigid,1750649,1756333,1758753,5684,2420,8104,completed,36
26291,Rigid,1750649,1756498,1759359,5849,2861,8710,completed,36
26292,Rigid,1750649,1756572,1760053,5923,3481,9404,completed,36
26293,Rigid,1750649,1756757,1769853,6108,13096,19204,completed,36
26294,Rigid,1750649,1756798,1758578,6149,1780,7929,completed,36
26295,Rigid,1750649,1756806,1758442,6157,1636,7793,completed,36
26296,Rigid,1750649,1757063,1758359,6414,1296,7710,completed,36
26297,Rigid,1750649,1757149,1759048,6500,1899,8399,completed,36
26298,Rigid,1750649,1757206,1758571,6557,1365,7922,completed,36
26299,Rigid,1750649,1757317,1764531,6668,7214,13882,completed,36
26300,Rigid,1750649,1757379,1768227,6730,10848,17578,completed,36
26301,Rigid,1750649,1757453,1766112,6804,8659,15463,completed,36
26302,Rigid,1750649,1757454,1764404,6805,6950,13755,completed,36
26303,Rigid,1750649,1757454,1760039,6805,2585,9390,completed,36
26304,Rigid,1750649,1757454,1771088,6805,13634,20439,completed,36
26305,Rigid,1750649,1757459,1763548,6810,6089,12899,completed,36
26306,Rigid,1750649,1757522,1764081,6873,6559,13432,completed,36
26307,Rigid,1750649,1757873,1759250,7224,1377,8601,completed,36
26308,Rigid,1750649,1758045,1761213,7396,3168,10564,completed,36
26309,Rigid,1750650,1758256,1759658,7606,1402,9008,completed,36
26310,Rigid,1750650,1758360,1760123,7710,1763,9473,completed,36
26311,Rigid,1750650,1758384,1759789,7734,1405,9139,completed,36
26312,Rigid,1750650,1758444,1760264,7794,1820,9614,completed,36
26313,Rigid,1750650,1758573,1760462,7923,1889,9812,completed,36
26314,Rigid,1750650,1758579,1770470,7929,11891,19820,completed,36
26315,Rigid,1750650,1758754,1760039,8104,1285,9389,completed,36
26316,Rigid,1750650,1758855,1769953,8205,11098,19303,completed,36
26317,Rigid,1750650,1758907,1760502,8257,1595,9852,completed,36
26318,Rigid,1750650,1758944,1760586,8294,1642,9936,completed,36
26319,Rigid,1750650,1759007,1761977,8357,2970,11327,completed,36
26320,Rigid,1750650,1759050,1765696,8400,6646,15046,completed,36
26321,Rigid,1750650,1759077,1769440,8427,10363,18790,completed,36
26322,Rigid,1750650,1759190,1766096,8540,6906,15446,completed,36
26323,Rigid,1750650,1759251,1765570,8601,6319,14920,completed,36
26324,Rigid,1750650,1759289,1766399,8639,7110,15749,completed,36
26325,Rigid,1750650,1759361,1761737,8711,2376,11087,completed,36
26326,Rigid,1750650,1759443,1761461,8793,2018,10811,completed,36
26327,Rigid,1750650,1759457,1763080,8807,3623,12430,completed,36
26328,Rigid,1750650,1759598,1761104,8948,1506,10454,completed,36
26329,Rigid,1750650,1759659,1763471,9009,3812,12821,completed,36
26330,Rigid,1750650,1759790,1761892,9140,2102,11242,completed,36
26331,Rigid,1750650,1759866,1771988,9216,12122,21338,completed,36
26332,Rigid,1750650,1759923,1762593,9273,2670,11943,completed,36
26333,Rigid,1750650,1760040,1762572,9390,2532,11922,completed,36
26334,Rigid,1750650,1760041,1761770,9391,1729,11120,completed,36
26335,Rigid,1750650,1760054,1763526,9404,3472,12876,completed,36
26336,Rigid,1750650,1760124,1769832,9474,9708,19182,completed,36
26337,Rigid,1750650,1760266,1765206,9616,4940,14556,completed,36
26338,Rigid,1750650,1760463,1762727,9813,2264,12077,completed,36
26339,Rigid,1750650,1760503,1762897,9853,2394,12247,completed,36
26340,Rigid,1750650,1760587,1762053,9937,1466,11403,completed,36
26341,Rigid,1750650,1760730,1763176,10080,2446,12526,completed,36
26342,Rigid,1750650,1760730,1762141,10080,1411,11491,completed,36
26343,Rigid,1750650,1760731,1763947,10081,3216,13297,completed,36
26344,Rigid,1750650,1760731,1764281,10081,3550,13631,completed,36
26345,Rigid,1750650,1760731,1766848,10081,6117,16198,completed,36
26346,Rigid,1750650,1760731,1762280,10081,1549,11630,completed,36
26347,Rigid,1750650,1760731,1764229,10081,3498,13579,completed,36
26348,Rigid,1750650,1760731,1766911,10081,6180,16261,completed,36
26349,Rigid,1750650,1760731,1768292,10081,7561,17642,completed,36
26350,Rigid,1750650,1760731,1763924,10081,3193,13274,completed,36
26351,Rigid,1750650,1760731,1762910,10081,2179,12260,completed,36
26352,Rigid,1750650,1760731,1762432,10081,1701,11782,completed,36
26353,Rigid,1750650,1760811,1767173,10161,6362,16523,completed,36
26354,Rigid,1750650,1761106,1762516,10456,1410,11866,completed,36
26355,Rigid,1750650,1761124,1765730,10474,4606,15080,completed,36
26356,Rigid,1750650,1761214,1762258,10564,1044,11608,completed,36
26357,Rigid,1750650,1761285,1764188,10635,2903,13538,completed,36
26358,Rigid,1750650,1761285,1765445,10635,4160,14795,completed,36
26359,Rigid,1750650,1761285,1763395,10635,2110,12745,completed,36
26360,Rigid,1750650,1761285,1762457,10635,1172,11807,completed,36
26361,Rigid,1750650,1761462,1763377,10812,1915,12727,completed,36
26362,Rigid,1750650,1761557,1767147,10907,5590,16497,completed,36
26363,Rigid,1750651,1761738,1763342,11087,1604,12691,completed,36
26364,Rigid,1750651,1761771,1764185,11120,2414,13534,completed,36
26365,Rigid,1750651,1761893,1763282,11242,1389,12631,completed,36
26366,Rigid,1750651,1761978,1774269,11327,12291,23618,completed,36
26367,Rigid,1750651,1762054,1764041,11403,1987,13390,completed,36
26368,Rigid,1750651,1762133,1763795,11482,1662,13144,completed,36
26369,Rigid,1750651,1762142,1765408,11491,3266,14757,completed,36
26370,Rigid,1750651,1762259,1771220,11608,8961,20569,completed,36
26371,Rigid,1750651,1762282,1763222,11631,940,12571,completed,36
26372,Rigid,1750651,1762433,1771259,11782,8826,20608,completed,36
26373,Rigid,1750651,1762459,1763817,11808,1358,13166,completed,36
26374,Rigid,1750651,1762517,1765281,11866,2764,14630,completed,36
26375,Rigid,1750651,1762574,1767470,11923,4896,16819,completed,36
26376,Rigid,1750651,1762594,1764132,11943,1538,13481,completed,36
26377,Rigid,1750651,1762729,1765920,12078,3191,15269,completed,36
26378,Rigid,1750651,1762812,1764866,12161,2054,14215,completed,36
26379,Rigid,1750651,1762899,1764107,12248,1208,13456,completed,36
26380,Rigid,1750651,1762912,1766615,12261,3703,15964,completed,36
26381,Rigid,1750651,1763081,1765164,12430,2083,14513,completed,36
26382,Rigid,1750651,1763177,1768516,12526,5339,17865,completed,36
26383,Rigid,1750651,1763223,1765815,12572,2592,15164,completed,36
26384,Rigid,1750651,1763283,1765317,12632,2034,14666,completed,36
26385,Rigid,1750651,1763344,1772151,12693,8807,21500,completed,36
26386,Rigid,1750651,1763379,1764513,12728,1134,13862,completed,36
26387,Rigid,1750651,1763396,1766272,12745,2876,15621,completed,36
26388,Rigid,1750651,1763472,1770972,12821,7500,20321,completed,36
26389,Rigid,1750651,1763527,1765363,12876,1836,14712,completed,36
26390,Rigid,1750651,1763549,1765381,12898,1832,14730,completed,36
26391,Rigid,1750651,1763796,1765732,13145,1936,15081,completed,36
26392,Rigid,1750651,1763818,1766216,13167,2398,15565,completed,36
26393,Rigid,1750651,1763926,1765672,13275,1746,15021,completed,36
26394,Rigid,1750651,1763948,1765206,13297,1258,14555,completed,36
26395,Rigid,1750651,1764043,1766516,13392,2473,15865,completed,36
26396,Rigid,1750651,1764083,1765095,13432,1012,14444,completed,36
26397,Rigid,1750651,1764108,1765927,13457,1819,15276,completed,36
26398,Rigid,1750651,1764133,1768939,13482,4806,18288,completed,36
26399,Rigid,1750651,1764187,1766224,13536,2037,15573,completed,36
26400,Rigid,1750651,1764189,1766417,13538,2228,15766,completed,36
26401,Rigid,1750651,1764230,1766201,13579,1971,15550,completed,36
26402,Rigid,1750651,1764282,1776743,13631,12461,26092,completed,36
26403,Rigid,1750651,1764405,1765356,13754,951,14705,completed,36
26404,Rigid,1750651,1764514,1765795,13863,1281,15144,completed,36
26405,Rigid,1750651,1764532,1766361,13881,1829,15710,completed,36
26406,Rigid,1750651,1764868,1766651,14217,1783,16000,completed,36
26407,Rigid,1750651,1765096,1768259,14445,3163,17608,completed,36
26408,Rigid,1750651,1765167,1775039,14516,9872,24388,completed,36
26409,Rigid,1750651,1765207,1768032,14556,2825,17381,completed,36
26410,Rigid,1750651,1765208,1767465,14557,2257,16814,completed,36
26411,Rigid,1750651,1765282,1776743,14631,11461,26092,completed,36
26412,Rigid,1750651,1765318,1769064,14667,3746,18413,completed,36
26413,Rigid,1750651,1765357,1768066,14706,2709,17415,completed,36
26414,Rigid,1750651,1765365,1766801,14714,1436,16150,completed,36
26415,Rigid,1750651,1765382,1766365,14731,983,15714,completed,36
26416,Rigid,1750651,1765409,1769744,14758,4335,19093,completed,36
26417,Rigid,1750651,1765446,1773143,14795,7697,22492,completed,36
26418,Rigid,1750651,1765571,1768763,14920,3192,18112,completed,36
26419,Rigid,1750651,1765674,1767699,15023,2025,17048,completed,36
26420,Rigid,1750651,1765699,1767566,15048,1867,16915,completed,36
26421,Rigid,1750651,1765731,1770072,15080,4341,19421,completed,36
26422,Rigid,1750651,1765733,1776743,15082,11010,26092,completed,36
26423,Rigid,1750651,1765796,1767409,15145,1613,16758,completed,36
26424,Rigid,1750651,1765817,1769920,15166,4103,19269,completed,36
26425,Rigid,1750651,1765921,1768604,15270,2683,17953,completed,36
26426,Rigid,1750651,1765928,1773315,15277,7387,22664,completed,36
26427,Rigid,1750651,1766097,1775302,15446,9205,24651,completed,36
26428,Rigid,1750651,1766113,1770282,15462,4169,19631,completed,36
26429,Rigid,1750651,1766203,1767209,15552,1006,16558,completed,36
26430,Rigid,1750651,1766217,1772837,15566,6620,22186,completed,36
26431,Rigid,1750651,1766225,1767449,15574,1224,16798,completed,36
26432,Rigid,1750651,1766273,1771523,15622,5250,20872,completed,36
26433,Rigid,1750652,1766363,1767566,15711,1203,16914,completed,36
26434,Rigid,1750652,1766366,1772717,15714,6351,22065,completed,36
26435,Rigid,1750652,1766401,1771230,15749,4829,20578,completed,36
26436,Rigid,1750652,1766418,1767324,15766,906,16672,completed,36
26437,Rigid,1750652,1766457,1767398,15805,941,16746,completed,36
26438,Rigid,1750652,1766517,1767509,15865,992,16857,completed,36
26439,Rigid,1750652,1766617,1768735,15965,2118,18083,completed,36
26440,Rigid,1750652,1766652,1767538,16000,886,16886,completed,36
26441,Rigid,1750652,1766718,1772629,16066,5911,21977,completed,36
26442,Rigid,1750652,1766802,1769486,16150,2684,18834,completed,36
26443,Rigid,1750652,1766850,1770585,16198,3735,19933,completed,36
26444,Rigid,1750652,1766913,1768078,16261,1165,17426,completed,36
26445,Rigid,1750652,1767149,1769138,16497,1989,18486,completed,36
26446,Rigid,1750680,1750681,1750717,1,36,37,completed,36
26447,Rigid,1750830,1767171,1771284,16341,4113,20454,completed,36
26448,Rigid,1750830,1767174,1769806,16344,2632,18976,completed,36
26449,Rigid,1750830,1767210,1770618,16380,3408,19788,completed,36
26450,Rigid,1750830,1767326,1774582,16496,7256,23752,completed,36
26451,Rigid,1750830,1767399,1769111,16569,1712,18281,completed,36
26452,Rigid,1750830,1767411,1770133,16581,2722,19303,completed,36
26453,Rigid,1750830,1767451,1776743,16621,9292,25913,completed,36
26454,Rigid,1750830,1767466,1771588,16636,4122,20758,completed,36
26455,Rigid,1750831,1767471,1769755,16640,2284,18924,completed,36
26456,Rigid,1750831,1767512,1769092,16681,1580,18261,completed,36
26457,Rigid,1750831,1767539,1770952,16708,3413,20121,completed,36
26458,Rigid,1750831,1767568,1774502,16737,6934,23671,completed,36
26459,Rigid,1750831,1767568,1769312,16737,1744,18481,completed,36
26460,Rigid,1750831,1767700,1769635,16869,1935,18804,completed,36
26461,Rigid,1750831,1768034,1776743,17203,8709,25912,completed,36
26462,Rigid,1750831,1768068,1770391,17237,2323,19560,completed,36
26463,Rigid,1750831,1768079,1776743,17248,8664,25912,completed,36
26464,Rigid,1750831,1768091,1773476,17260,5385,22645,completed,36
26465,Rigid,1750831,1768230,1775421,17399,7191,24590,completed,36
26466,Rigid,1750831,1768261,1772145,17430,3884,21314,completed,36
26467,Rigid,1750831,1768293,1771487,17462,3194,20656,completed,36
26468,Rigid,1750831,1768494,1771220,17663,2726,20389,completed,36
26469,Rigid,1750831,1768517,1772398,17686,3881,21567,completed,36
26470,Rigid,1750831,1768606,1776225,17775,7619,25394,completed,36
26471,Rigid,1750831,1768737,1772379,17906,3642,21548,completed,36
26472,Rigid,1750831,1768765,1772448,17934,3683,21617,completed,36
26473,Rigid,1750831,1768941,1770748,18110,1807,19917,completed,36
26474,Rigid,1750831,1769065,1773170,18234,4105,22339,completed,36
26475,Rigid,1750831,1769094,1776743,18263,7649,25912,completed,36
26476,Rigid,1750831,1769112,1771143,18281,2031,20312,completed,36
26477,Rigid,1750831,1769139,1771461,18308,2322,20630,completed,36
26478,Rigid,1750831,1769313,1770838,18482,1525,20007,completed,36
26479,Rigid,1750831,1769441,1773241,18610,3800,22410,completed,36
26480,Rigid,1750831,1769487,1775922,18656,6435,25091,completed,36
26481,Rigid,1750831,1769637,1773092,18806,3455,22261,completed,36
26482,Rigid,1750831,1769685,1772249,18854,2564,21418,completed,36
26483,Rigid,1750831,1769685,1775360,18854,5675,24529,completed,36
26484,Rigid,1750831,1769685,1771688,18854,2003,20857,completed,36
26485,Rigid,1750831,1769685,1776744,18854,7059,25913,completed,36
26486,Rigid,1750831,1769685,1771482,18854,1797,20651,completed,36
26487,Rigid,1750831,1769685,1772471,18854,2786,21640,completed,36
26488,Rigid,1750831,1769685,1771233,18854,1548,20402,completed,36
26489,Rigid,1750831,1769685,1772556,18854,2871,21725,completed,36
26490,Rigid,1750831,1769685,1771480,18854,1795,20649,completed,36
26491,Rigid,1750831,1769685,1772005,18854,2320,21174,completed,36
26492,Rigid,1750831,1769685,1773628,18854,3943,22797,completed,36
26493,Rigid,1750831,1769686,1773085,18855,3399,22254,completed,36
26494,Rigid,1750831,1769746,1776744,18915,6998,25913,completed,36
26495,Rigid,1750831,1769756,1771629,18925,1873,20798,completed,36
26496,Rigid,1750831,1769807,1771906,18976,2099,21075,completed,36
26497,Rigid,1750831,1769833,1771065,19002,1232,20234,completed,36
26498,Rigid,1750831,1769854,1771087,19023,1233,20256,completed,36
26499,Rigid,1750831,1769954,1771114,19123,1160,20283,completed,36
26500,Rigid,1750831,1770016,1776123,19185,6107,25292,completed,36
26501,Rigid,1750831,1770074,1776744,19243,6670,25913,completed,36
26502,Rigid,1750831,1770248,1774303,19417,4055,23472,completed,36
26503,Rigid,1750831,1770283,1776744,19452,6461,25913,completed,36
26504,Rigid,1750831,1770471,1771738,19640,1267,20907,completed,36
26505,Rigid,1750831,1770587,1776744,19756,6157,25913,completed,36
26506,Rigid,1750831,1770608,1775472,19777,4864,24641,completed,36
26507,Rigid,1750831,1770619,1774500,19788,3881,23669,completed,36
26508,Rigid,1750831,1770839,1771836,20008,997,21005,completed,36
26509,Rigid,1750831,1770955,1773216,20124,2261,22385,completed,36
26510,Rigid,1750831,1770974,1772246,20143,1272,21415,completed,36
26511,Rigid,1750831,1771008,1772532,20177,1524,21701,completed,36
26512,Rigid,1750831,1771067,1772005,20236,938,21174,completed,36
26513,Rigid,1750831,1771088,1772324,20257,1236,21493,completed,36
26514,Rigid,1750831,1771090,1772526,20259,1436,21695,completed,36
26515,Rigid,1750831,1771115,1776744,20284,5629,25913,completed,36
26516,Rigid,1750831,1771119,1772167,20288,1048,21336,completed,36
26517,Rigid,1750831,1771145,1776744,20314,5599,25913,completed,36
26518,Rigid,1750831,1771221,1772805,20390,1584,21974,completed,36
26519,Rigid,1750831,1771221,1772526,20390,1305,21695,completed,36
26520,Rigid,1750831,1771231,1772862,20400,1631,22031,completed,36
26521,Rigid,1750831,1771234,1776744,20403,5510,25913,completed,36
26522,Rigid,1750831,1771261,1776744,20430,5483,25913,completed,36
26523,Rigid,1750831,1771462,1776374,20631,4912,25543,completed,36
26524,Rigid,1750831,1771481,1776744,20650,5263,25913,completed,36
26525,Rigid,1750831,1771483,1775813,20652,4330,24982,completed,36
26526,Rigid,1750831,1771489,1773385,20658,1896,22554,completed,36
26527,Rigid,1750831,1771525,1773114,20694,1589,22283,completed,36
26528,Rigid,1750831,1771589,1773680,20758,2091,22849,completed,36
26529,Rigid,1750831,1771629,1772821,20798,1192,21990,completed,36
26530,Rigid,1750832,1771630,1773745,20798,2115,22913,completed,36
26531,Rigid,1750832,1771690,1773379,20858,1689,22547,completed,36
26532,Rigid,1750832,1771739,1776744,20907,5005,25912,completed,36
26533,Rigid,1750832,1771908,1773680,21076,1772,22848,completed,36
26534,Rigid,1750832,1771990,1773410,21158,1420,22578,completed,36
26535,Rigid,1750832,1772006,1773241,21174,1235,22409,completed,36
26536,Rigid,1750832,1772006,1774453,21174,2447,23621,completed,36
26537,Rigid,1750832,1772046,1775296,21214,3250,24464,completed,36
26538,Rigid,1750832,1772146,1776744,21314,4598,25912,completed,36
26539,Rigid,1750832,1772169,1773842,21337,1673,23010,completed,36
26540,Rigid,1750832,1772248,1773732,21416,1484,22900,completed,36
26541,Rigid,1750832,1772251,1773855,21419,1604,23023,completed,36
26542,Rigid,1750832,1772326,1774332,21494,2006,23500,completed,36
26543,Rigid,1750832,1772380,1773977,21548,1597,23145,completed,36
26544,Rigid,1750832,1772399,1774523,21567,2124,23691,completed,36
26545,Rigid,1750832,1772450,1775793,21618,3343,24961,completed,36
26546,Rigid,1750832,1772472,1775265,21640,2793,24433,completed,36
26547,Rigid,1750832,1772528,1773800,21696,1272,22968,completed,36
26548,Rigid,1750832,1772528,1776744,21696,4216,25912,completed,36
26549,Rigid,1750832,1772533,1776744,21701,4211,25912,completed,36
26550,Rigid,1750832,1772557,1776744,21725,4187,25912,completed,36
26551,Rigid,1750832,1772630,1775195,21798,2565,24363,completed,36
26552,Rigid,1750832,1772718,1775898,21886,3180,25066,completed,36
26553,Rigid,1750832,1772770,1774664,21938,1894,23832,completed,36
26554,Rigid,1750832,1772806,1776744,21974,3938,25912,completed,36
26555,Rigid,1750832,1772822,1774352,21990,1530,23520,completed,36
26556,Rigid,1750832,1772838,1776094,22006,3256,25262,completed,36
26557,Rigid,1750832,1772863,1774070,22031,1207,23238,completed,36
26558,Rigid,1750832,1772889,1774853,22057,1964,24021,completed,36
26559,Rigid,1750832,1772889,1776744,22057,3855,25912,completed,36
26560,Rigid,1750832,1772889,1775059,22057,2170,24227,completed,36
26561,Rigid,1750832,1772889,1774152,22057,1263,23320,completed,36
26562,Rigid,1750832,1772889,1774469,22057,1580,23637,completed,36
26563,Rigid,1750832,1772889,1776744,22057,3855,25912,completed,36
26564,Rigid,1750832,1772889,1774249,22057,1360,23417,completed,36
26565,Rigid,1750832,1772889,1775251,22057,2362,24419,completed,36
26566,Rigid,1750832,1772889,1774045,22057,1156,23213,completed,36
26567,Rigid,1750832,1772889,1774301,22057,1412,23469,completed,36
26568,Rigid,1750832,1772889,1774664,22057,1775,23832,completed,36
26569,Rigid,1750832,1772889,1774397,22057,1508,23565,completed,36
26570,Rigid,1750832,1773086,1775740,22254,2654,24908,completed,36
26571,Rigid,1750832,1773093,1776744,22261,3651,25912,completed,36
26572,Rigid,1750832,1773115,1774342,22283,1227,23510,completed,36
26573,Rigid,1750832,1773145,1776744,22313,3599,25912,completed,36
26574,Rigid,1750832,1773171,1774453,22339,1282,23621,completed,36
26575,Rigid,1750832,1773217,1776744,22385,3527,25912,completed,36
26576,Rigid,1750832,1773243,1776744,22411,3501,25912,completed,36
26577,Rigid,1750832,1773243,1775124,22411,1881,24292,completed,36
26578,Rigid,1750832,1773317,1775589,22485,2272,24757,completed,36
26579,Rigid,1750832,1773380,1774895,22548,1515,24063,completed,36
26580,Rigid,1750832,1773387,1774653,22555,1266,23821,completed,36
26581,Rigid,1750832,1773412,1776745,22580,3333,25913,completed,36
26582,Rigid,1750832,1773477,1775636,22645,2159,24804,completed,36
26583,Rigid,1750832,1773630,1776745,22798,3115,25913,completed,36
26584,Rigid,1750832,1773681,1776626,22849,2945,25794,completed,36
26585,Rigid,1750832,1773682,1775819,22850,2137,24987,completed,36
26586,Rigid,1750832,1773733,1776745,22901,3012,25913,completed,36
26587,Rigid,1750832,1773747,1774894,22915,1147,24062,completed,36
26588,Rigid,1750832,1773801,1776677,22969,2876,25845,completed,36
26589,Rigid,1750832,1773844,1776745,23012,2901,25913,completed,36
26590,Rigid,1750832,1773857,1775008,23025,1151,24176,completed,36
26591,Rigid,1750832,1773978,1775342,23146,1364,24510,completed,36
26592,Rigid,1750832,1774047,1775482,23215,1435,24650,completed,36
26593,Rigid,1750832,1774071,1776236,23239,2165,25404,completed,36
26594,Rigid,1750832,1774154,1775492,23322,1338,24660,completed,36
26595,Rigid,1750832,1774250,1775361,23418,1111,24529,completed,36
26596,Rigid,1750832,1774270,1776028,23438,1758,25196,completed,36
26597,Rigid,1750832,1774302,1775333,23470,1031,24501,completed,36
26598,Rigid,1750832,1774304,1775834,23472,1530,25002,completed,36
26599,Rigid,1750832,1774333,1776745,23501,2412,25913,completed,36
26600,Rigid,1750832,1774343,1776745,23511,2402,25913,completed,36
26601,Rigid,1750832,1774354,1775992,23522,1638,25160,completed,36
26602,Rigid,1750832,1774454,1776587,23622,2133,25755,completed,36
26603,Rigid,1750832,1774454,1776745,23622,2291,25913,completed,36
26604,Rigid,1750832,1774471,1775423,23639,952,24591,completed,36
26605,Rigid,1750832,1774501,1775845,23669,1344,25013,completed,36
26606,Rigid,1750832,1774503,1776116,23671,1613,25284,completed,36
26607,Rigid,1750832,1774525,1776040,23693,1515,25208,completed,36
26608,Rigid,1750832,1774583,1776745,23751,2162,25913,completed,36
26609,Rigid,1750832,1774654,1776745,23822,2091,25913,completed,36
26610,Rigid,1750832,1774662,1776745,23830,2083,25913,completed,36
26611,Rigid,1750833,1774665,1776381,23832,1716,25548,completed,36
26612,Rigid,1750833,1774665,1776745,23832,2080,25912,completed,36
26613,Rigid,1750833,1774854,1776745,24021,1891,25912,completed,36
26614,Rigid,1750833,1774896,1776745,24063,1849,25912,completed,36
26615,Rigid,1750833,1774896,1775963,24063,1067,25130,completed,36
26616,Rigid,1750833,1775010,1776097,24177,1087,25264,completed,36
26617,Rigid,1750833,1775041,1776745,24208,1704,25912,completed,36
26618,Rigid,1750833,1775060,1776745,24227,1685,25912,completed,36
26619,Rigid,1750833,1775125,1776745,24292,1620,25912,completed,36
26620,Rigid,1750833,1775197,1776745,24364,1548,25912,completed,36
26621,Rigid,1750833,1775252,1776745,24419,1493,25912,completed,36
26622,Rigid,1750833,1775266,1776745,24433,1479,25912,completed,36
26623,Rigid,1750833,1775297,1776745,24464,1448,25912,completed,36
26624,Rigid,1750833,1775303,1776745,24470,1442,25912,completed,36
26625,Rigid,1750833,1775334,1776745,24501,1411,25912,completed,36
26626,Rigid,1750833,1775343,1776745,24510,1402,25912,completed,36
26627,Rigid,1750833,1775362,1776745,24529,1383,25912,completed,36
26628,Rigid,1750833,1775362,1776745,24529,1383,25912,completed,36
26629,Rigid,1750833,1775422,1776745,24589,1323,25912,completed,36
26630,Rigid,1750833,1775425,1776352,24592,927,25519,completed,36
26631,Rigid,1750833,1775473,1776745,24640,1272,25912,completed,36
26632,Rigid,1750833,1775483,1776463,24650,980,25630,completed,36
26633,Rigid,1750833,1775493,1776745,24660,1252,25912,completed,36
26634,Rigid,1750833,1775591,1776664,24758,1073,25831,completed,36
26635,Rigid,1750833,1775637,1776745,24804,1108,25912,completed,36
26636,Rigid,1750833,1775742,1776745,24909,1003,25912,completed,36
26637,Rigid,1750833,1775794,1776677,24961,883,25844,completed,36
26638,Rigid,1750833,1775814,1776660,24981,846,25827,completed,36
26639,Rigid,1750833,1775820,1776638,24987,818,25805,completed,36
26640,Rigid,1750833,1775835,1776745,25002,910,25912,completed,36
26641,Rigid,1750833,1775847,1776745,25014,898,25912,completed,36
26642,Rigid,1750833,1775899,1776745,25066,846,25912,completed,36
26643,Rigid,1750833,1775923,1776745,25090,822,25912,completed,36
26644,Rigid,1750833,1775965,1776745,25132,780,25912,completed,36
26645,Rigid,1750833,1775994,1776745,25161,751,25912,completed,36
26646,Rigid,1750833,1776030,1776745,25197,715,25912,completed,36
26647,Rigid,1751416,1751416,1751477,0,61,61,completed,2
26648,Rigid,1751503,1751503,1751537,0,34,34,completed,36
26649,Rigid,1751588,1751588,1751623,0,35,35,completed,36
26650,Rigid,1752111,1752113,1752148,2,35,37,completed,72
26651,Rigid,1752475,1752476,1752634,1,158,159,completed,72
26652,Rigid,1752631,1752635,1752740,4,105,109,completed,36
26653,Rigid,1754342,1776748,1787780,22406,11032,33438,completed,144
26654,Rigid,1754747,1776748,1788114,22001,11366,33367,completed,144
26655,Rigid,1754772,1776749,1788114,21977,11365,33342,completed,144
26656,Rigid,1754953,1776749,1782508,21796,5759,27555,completed,144
26657,Rigid,1757478,1776666,1813867,19188,37201,56389,completed,576
26658,Rigid,1757555,1776750,2015967,19195,239217,258412,completed,360
26659,Rigid,1757559,1776753,1778265,19194,1512,20706,completed,360
26660,Rigid,1761283,1776749,1789225,15466,12476,27942,completed,144
26661,Rigid,1764583,1776754,2011935,12171,235181,247352,completed,360
26662,Rigid,1765346,1776754,2122355,11408,345601,357009,completed,360
26663,Rigid,1765350,1813868,2049807,48518,235939,284457,completed,360
26664,Rigid,1769907,1769921,1770014,14,93,107,completed,36
26665,Rigid,1770130,1770134,1770245,4,111,115,completed,36
26666,Rigid,1770286,1770393,1770607,107,214,321,completed,36
26667,Rigid,1770722,1770749,1771118,27,369,396,completed,36
26668,Rigid,1771266,1771286,1771628,20,342,362,completed,36
26669,Rigid,1771803,1771837,1772045,34,208,242,completed,36
26670,Rigid,1772147,1772153,1772768,6,615,621,completed,36
26671,Rigid,1774397,1774398,1774661,1,263,264,completed,36
26672,Rigid,1776949,1776949,1776952,0,3,3,completed,36
26673,Rigid,1776949,1776949,1776952,0,3,3,completed,36
26674,Rigid,1776949,1776949,1776952,0,3,3,completed,36
26675,Rigid,1776949,1776949,1776952,0,3,3,completed,36
26676,Rigid,1776949,1776949,1776952,0,3,3,completed,36
26677,Rigid,1776949,1776949,1776952,0,3,3,completed,36
26678,Rigid,1776949,1776949,1776952,0,3,3,completed,36
26679,Rigid,1776949,1776949,1776952,0,3,3,completed,36
26680,Rigid,1776950,1776953,1776956,3,3,6,completed,36
26681,Rigid,1776950,1776953,1776954,3,1,4,completed,36
26682,Rigid,1776950,1776954,1776955,4,1,5,completed,36
26683,Rigid,1776950,1776954,1776955,4,1,5,completed,36
26684,Rigid,1776950,1776954,1776955,4,1,5,completed,36
26685,Rigid,1776950,1776954,1776955,4,1,5,completed,36
26686,Rigid,1776951,1776956,1776957,5,1,6,completed,36
26687,Rigid,1776951,1776956,1776957,5,1,6,completed,36
26688,Rigid,1776951,1776956,1776957,5,1,6,completed,36
26689,Rigid,1776951,1776956,1776957,5,1,6,completed,36
26690,Rigid,1776951,1776956,1776957,5,1,6,completed,36
26691,Rigid,1776952,1776956,1776957,4,1,5,completed,36
26692,Rigid,1776952,1776957,1776958,5,1,6,completed,36
26693,Rigid,1776952,1776958,1776959,6,1,7,completed,36
26694,Rigid,1776952,1776958,1776959,6,1,7,completed,36
26695,Rigid,1776952,1776958,1776959,6,1,7,completed,36
26696,Rigid,1776952,1776958,1776959,6,1,7,completed,36
26697,Rigid,1776952,1776958,1776959,6,1,7,completed,36
26698,Rigid,1776952,1776958,1776959,6,1,7,completed,36
26699,Rigid,1776952,1776958,1776959,6,1,7,completed,36
26700,Rigid,1776953,1776959,1776960,6,1,7,completed,36
26701,Rigid,1776953,1776959,1776960,6,1,7,completed,36
26702,Rigid,1776953,1776960,1776961,7,1,8,completed,36
26703,Rigid,1776953,1776960,1776961,7,1,8,completed,36
26704,Rigid,1776953,1776960,1776961,7,1,8,completed,36
26705,Rigid,1776953,1776960,1776961,7,1,8,completed,36
26706,Rigid,1776954,1776960,1776961,6,1,7,completed,36
26707,Rigid,1776954,1776960,1776961,6,1,7,completed,36
26708,Rigid,1776954,1776961,1776962,7,1,8,completed,36
26709,Rigid,1776954,1776961,1776962,7,1,8,completed,36
26710,Rigid,1776954,1776961,1776962,7,1,8,completed,36
26711,Rigid,1776954,1776962,1776963,8,1,9,completed,36
26712,Rigid,1776954,1776962,1776963,8,1,9,completed,36
26713,Rigid,1776954,1776962,1776963,8,1,9,completed,36
26714,Rigid,1776955,1776962,1776963,7,1,8,completed,36
26715,Rigid,1776955,1776962,1776963,7,1,8,completed,36
26716,Rigid,1776955,1776963,1776964,8,1,9,completed,36
26717,Rigid,1776955,1776963,1776964,8,1,9,completed,36
26718,Rigid,1776955,1776963,1776964,8,1,9,completed,36
26719,Rigid,1776955,1776964,1776965,9,1,10,completed,36
26720,Rigid,1776955,1776964,1776965,9,1,10,completed,36
26721,Rigid,1776955,1776965,1776966,10,1,11,completed,36
26722,Rigid,1776955,1776965,1776966,10,1,11,completed,36
26723,Rigid,1776956,1776965,1776966,9,1,10,completed,36
26724,Rigid,1776956,1776967,1776968,11,1,12,completed,36
26725,Rigid,1776956,1776967,1776968,11,1,12,completed,36
26726,Rigid,1776956,1776967,1776968,11,1,12,completed,36
26727,Rigid,1776956,1776967,1776968,11,1,12,completed,36
26728,Rigid,1776956,1776968,1776969,12,1,13,completed,36
26729,Rigid,1776956,1776968,1776969,12,1,13,completed,36
26730,Rigid,1776957,1776968,1776969,11,1,12,completed,36
26731,Rigid,1776957,1776969,1776970,12,1,13,completed,36
26732,Rigid,1776957,1776969,1776970,12,1,13,completed,36
26733,Rigid,1776957,1776969,1776970,12,1,13,completed,36
26734,Rigid,1776957,1776969,1776970,12,1,13,completed,36
26735,Rigid,1776957,1776969,1776970,12,1,13,completed,36
26736,Rigid,1776957,1776970,1776971,13,1,14,completed,36
26737,Rigid,1776957,1776970,1776971,13,1,14,completed,36
26738,Rigid,1776957,1776970,1776971,13,1,14,completed,36
26739,Rigid,1776957,1776971,1776972,14,1,15,completed,36
26740,Rigid,1776958,1776971,1776972,13,1,14,completed,36
26741,Rigid,1776958,1776971,1776972,13,1,14,completed,36
26742,Rigid,1776958,1776971,1776972,13,1,14,completed,36
26743,Rigid,1776958,1776971,1776972,13,1,14,completed,36
26744,Rigid,1776958,1776972,1776973,14,1,15,completed,36
26745,Rigid,1776958,1776972,1776973,14,1,15,completed,36
26746,Rigid,1776959,1776972,1776973,13,1,14,completed,36
26747,Rigid,1776959,1776973,1776974,14,1,15,completed,36
26748,Rigid,1776959,1776973,1776974,14,1,15,completed,36
26749,Rigid,1776959,1776973,1776974,14,1,15,completed,36
26750,Rigid,1776960,1776974,1776975,14,1,15,completed,36
26751,Rigid,1776960,1776974,1776975,14,1,15,completed,36
26752,Rigid,1776960,1776975,1776976,15,1,16,completed,36
26753,Rigid,1776960,1776975,1776976,15,1,16,completed,36
26754,Rigid,1776960,1776975,1776976,15,1,16,completed,36
26755,Rigid,1776960,1776976,1776977,16,1,17,completed,36
26756,Rigid,1776961,1776976,1776977,15,1,16,completed,36
26757,Rigid,1776961,1776976,1776977,15,1,16,completed,36
26758,Rigid,1776961,1776976,1776977,15,1,16,completed,36
26759,Rigid,1776961,1776977,1776978,16,1,17,completed,36
26760,Rigid,1776961,1776977,1776978,16,1,17,completed,36
26761,Rigid,1776961,1776977,1776978,16,1,17,completed,36
26762,Rigid,1776961,1776977,1776978,16,1,17,completed,36
26763,Rigid,1776961,1776977,1776978,16,1,17,completed,36
26764,Rigid,1776961,1776978,1776979,17,1,18,completed,36
26765,Rigid,1776962,1776978,1776979,16,1,17,completed,36
26766,Rigid,1776962,1776978,1776979,16,1,17,completed,36
26767,Rigid,1776962,1776979,1776980,17,1,18,completed,36
26768,Rigid,1776962,1776979,1776980,17,1,18,completed,36
26769,Rigid,1776962,1776979,1776980,17,1,18,completed,36
26770,Rigid,1776962,1776979,1776980,17,1,18,completed,36
26771,Rigid,1776962,1776979,1776980,17,1,18,completed,36
26772,Rigid,1776962,1776980,1776981,18,1,19,completed,36
26773,Rigid,1776962,1776980,1776981,18,1,19,completed,36
26774,Rigid,1776962,1776981,1776982,19,1,20,completed,36
26775,Rigid,1776962,1776981,1776982,19,1,20,completed,36
26776,Rigid,1776963,1776981,1776982,18,1,19,completed,36
26777,Rigid,1776963,1776981,1776982,18,1,19,completed,36
26778,Rigid,1776963,1776981,1776982,18,1,19,completed,36
26779,Rigid,1776963,1776981,1776982,18,1,19,completed,36
26780,Rigid,1776963,1776982,1776983,19,1,20,completed,36
26781,Rigid,1776963,1776982,1776983,19,1,20,completed,36
26782,Rigid,1776963,1776983,1776984,20,1,21,completed,36
26783,Rigid,1776963,1776983,1776984,20,1,21,completed,36
26784,Rigid,1776964,1776983,1776984,19,1,20,completed,36
26785,Rigid,1776964,1776983,1776984,19,1,20,completed,36
26786,Rigid,1776964,1776984,1776985,20,1,21,completed,36
26787,Rigid,1776965,1776984,1776985,19,1,20,completed,36
26788,Rigid,1776965,1776985,1776986,20,1,21,completed,36
26789,Rigid,1776965,1776985,1776986,20,1,21,completed,36
26790,Rigid,1776965,1776985,1776986,20,1,21,completed,36
26791,Rigid,1776966,1776986,1776987,20,1,21,completed,36
26792,Rigid,1776966,1776986,1776987,20,1,21,completed,36
26793,Rigid,1776966,1776986,1776987,20,1,21,completed,36
26794,Rigid,1776966,1776986,1776987,20,1,21,completed,36
26795,Rigid,1776967,1776987,1776988,20,1,21,completed,36
26796,Rigid,1776967,1776988,1776989,21,1,22,completed,36
26797,Rigid,1776967,1776988,1776989,21,1,22,completed,36
26798,Rigid,1776967,1776988,1776989,21,1,22,completed,36
26799,Rigid,1776967,1776988,1776989,21,1,22,completed,36
26800,Rigid,1776967,1776989,1776990,22,1,23,completed,36
26801,Rigid,1776967,1776989,1776990,22,1,23,completed,36
26802,Rigid,1776968,1776990,1776991,22,1,23,completed,36
26803,Rigid,1776968,1776990,1776991,22,1,23,completed,36
26804,Rigid,1776968,1776990,1776991,22,1,23,completed,36
26805,Rigid,1776968,1776991,1776992,23,1,24,completed,36
26806,Rigid,1776968,1776991,1776992,23,1,24,completed,36
26807,Rigid,1776968,1776991,1776992,23,1,24,completed,36
26808,Rigid,1776968,1776991,1776992,23,1,24,completed,36
26809,Rigid,1776968,1776992,1776993,24,1,25,completed,36
26810,Rigid,1776968,1776992,1776993,24,1,25,completed,36
26811,Rigid,1776968,1776992,1776993,24,1,25,completed,36
26812,Rigid,1776968,1776992,1776993,24,1,25,completed,36
26813,Rigid,1776969,1776992,1776994,23,2,25,completed,36
26814,Rigid,1776969,1776993,1776994,24,1,25,completed,36
26815,Rigid,1776969,1776993,1776994,24,1,25,completed,36
26816,Rigid,1776969,1776993,1776994,24,1,25,completed,36
26817,Rigid,1776969,1776994,1776995,25,1,26,completed,36
26818,Rigid,1776970,1776994,1776995,24,1,25,completed,36
26819,Rigid,1776970,1776994,1776995,24,1,25,completed,36
26820,Rigid,1776970,1776995,1776996,25,1,26,completed,36
26821,Rigid,1776970,1776995,1776996,25,1,26,completed,36
26822,Rigid,1776971,1776996,1776997,25,1,26,completed,36
26823,Rigid,1776971,1776996,1776997,25,1,26,completed,36
26824,Rigid,1776971,1776996,1776997,25,1,26,completed,36
26825,Rigid,1776971,1776996,1776997,25,1,26,completed,36
26826,Rigid,1776971,1776996,1776997,25,1,26,completed,36
26827,Rigid,1776971,1776997,1776998,26,1,27,completed,36
26828,Rigid,1776971,1776997,1776998,26,1,27,completed,36
26829,Rigid,1776972,1776998,1776999,26,1,27,completed,36
26830,Rigid,1776972,1776998,1776999,26,1,27,completed,36
26831,Rigid,1776972,1776998,1776999,26,1,27,completed,36
26832,Rigid,1776972,1776998,1776999,26,1,27,completed,36
26833,Rigid,1776972,1776999,1777000,27,1,28,completed,36
26834,Rigid,1776973,1776999,1777000,26,1,27,completed,36
26835,Rigid,1776973,1777000,1777001,27,1,28,completed,36
26836,Rigid,1776973,1777000,1777001,27,1,28,completed,36
26837,Rigid,1776973,1777000,1777001,27,1,28,completed,36
26838,Rigid,1776973,1777000,1777001,27,1,28,completed,36
26839,Rigid,1776973,1777001,1777002,28,1,29,completed,36
26840,Rigid,1776974,1777001,1777002,27,1,28,completed,36
26841,Rigid,1776974,1777002,1777003,28,1,29,completed,36
26842,Rigid,1776974,1777002,1777003,28,1,29,completed,36
26843,Rigid,1776974,1777003,1777004,29,1,30,completed,36
26844,Rigid,1776974,1777003,1777004,29,1,30,completed,36
26845,Rigid,1776974,1777003,1777004,29,1,30,completed,36
26846,Rigid,1776974,1777003,1777004,29,1,30,completed,36
26847,Rigid,1776975,1777003,1777004,28,1,29,completed,36
26848,Rigid,1776975,1777003,1777004,28,1,29,completed,36
26849,Rigid,1776975,1777004,1777005,29,1,30,completed,36
26850,Rigid,1776975,1777004,1777005,29,1,30,completed,36
26851,Rigid,1776975,1777005,1777006,30,1,31,completed,36
26852,Rigid,1776976,1777005,1777006,29,1,30,completed,36
26853,Rigid,1776976,1777005,1777006,29,1,30,completed,36
26854,Rigid,1776976,1777005,1777006,29,1,30,completed,36
26855,Rigid,1776977,1777005,1777006,28,1,29,completed,36
26856,Rigid,1776977,1777005,1777006,28,1,29,completed,36
26857,Rigid,1776977,1777005,1777006,28,1,29,completed,36
26858,Rigid,1776977,1777006,1777007,29,1,30,completed,36
26859,Rigid,1776977,1777006,1777007,29,1,30,completed,36
26860,Rigid,1776977,1777007,1777008,30,1,31,completed,36
26861,Rigid,1776978,1777007,1777008,29,1,30,completed,36
26862,Rigid,1776978,1777007,1777008,29,1,30,completed,36
26863,Rigid,1776978,1777007,1777008,29,1,30,completed,36
26864,Rigid,1776978,1777007,1777008,29,1,30,completed,36
26865,Rigid,1776978,1777007,1777008,29,1,30,completed,36
26866,Rigid,1776978,1777008,1777009,30,1,31,completed,36
26867,Rigid,1776978,1777008,1777009,30,1,31,completed,36
26868,Rigid,1776979,1777010,1777011,31,1,32,completed,36
26869,Rigid,1776979,1777010,1777011,31,1,32,completed,36
26870,Rigid,1776979,1777010,1777011,31,1,32,completed,36
26871,Rigid,1776979,1777010,1777011,31,1,32,completed,36
26872,Rigid,1776979,1777010,1777011,31,1,32,completed,36
26873,Rigid,1776979,1777011,1777012,32,1,33,completed,36
26874,Rigid,1776979,1777012,1777013,33,1,34,completed,36
26875,Rigid,1776980,1777012,1777013,32,1,33,completed,36
26876,Rigid,1776980,1777012,1777013,32,1,33,completed,36
26877,Rigid,1776980,1777012,1777013,32,1,33,completed,36
26878,Rigid,1776980,1777012,1777013,32,1,33,completed,36
26879,Rigid,1776980,1777012,1777013,32,1,33,completed,36
26880,Rigid,1776980,1777013,1777014,33,1,34,completed,36
26881,Rigid,1776981,1777014,1777015,33,1,34,completed,36
26882,Rigid,1776981,1777014,1777015,33,1,34,completed,36
26883,Rigid,1776981,1777014,1777015,33,1,34,completed,36
26884,Rigid,1776981,1777015,1777016,34,1,35,completed,36
26885,Rigid,1776981,1777015,1777016,34,1,35,completed,36
26886,Rigid,1776982,1777015,1777016,33,1,34,completed,36
26887,Rigid,1776982,1777015,1777016,33,1,34,completed,36
26888,Rigid,1776982,1777015,1777016,33,1,34,completed,36
26889,Rigid,1776982,1777016,1777017,34,1,35,completed,36
26890,Rigid,1776983,1777017,1777018,34,1,35,completed,36
26891,Rigid,1776983,1777017,1777018,34,1,35,completed,36
26892,Rigid,1776983,1777017,1777018,34,1,35,completed,36
26893,Rigid,1776983,1777017,1777018,34,1,35,completed,36
26894,Rigid,1776983,1777017,1777018,34,1,35,completed,36
26895,Rigid,1776983,1777017,1777018,34,1,35,completed,36
26896,Rigid,1776983,1777018,1777019,35,1,36,completed,36
26897,Rigid,1776983,1777018,1777019,35,1,36,completed,36
26898,Rigid,1776983,1777019,1777020,36,1,37,completed,36
26899,Rigid,1776984,1777019,1777020,35,1,36,completed,36
26900,Rigid,1776984,1777019,1777020,35,1,36,completed,36
26901,Rigid,1776984,1777019,1777020,35,1,36,completed,36
26902,Rigid,1776984,1777019,1777020,35,1,36,completed,36
26903,Rigid,1776984,1777019,1777021,35,2,37,completed,36
26904,Rigid,1776984,1777019,1777021,35,2,37,completed,36
26905,Rigid,1776985,1777020,1777021,35,1,36,completed,36
26906,Rigid,1776985,1777020,1777021,35,1,36,completed,36
26907,Rigid,1776986,1777022,1777023,36,1,37,completed,36
26908,Rigid,1776986,1777022,1777023,36,1,37,completed,36
26909,Rigid,1776986,1777022,1777023,36,1,37,completed,36
26910,Rigid,1776986,1777022,1777023,36,1,37,completed,36
26911,Rigid,1776986,1777022,1777023,36,1,37,completed,36
26912,Rigid,1776987,1777022,1777023,35,1,36,completed,36
26913,Rigid,1776987,1777024,1777025,37,1,38,completed,36
26914,Rigid,1776987,1777024,1777025,37,1,38,completed,36
26915,Rigid,1776987,1777024,1777025,37,1,38,completed,36
26916,Rigid,1776988,1777024,1777025,36,1,37,completed,36
26917,Rigid,1776988,1777024,1777025,36,1,37,completed,36
26918,Rigid,1776988,1777024,1777025,36,1,37,completed,36
26919,Rigid,1776988,1777024,1777025,36,1,37,completed,36
26920,Rigid,1776988,1777026,1777027,38,1,39,completed,36
26921,Rigid,1776988,1777026,1777027,38,1,39,completed,36
26922,Rigid,1776988,1777026,1777027,38,1,39,completed,36
26923,Rigid,1776989,1777026,1777027,37,1,38,completed,36
26924,Rigid,1776989,1777026,1777027,37,1,38,completed,36
26925,Rigid,1776990,1777028,1777029,38,1,39,completed,36
26926,Rigid,1776990,1777028,1777029,38,1,39,completed,36
26927,Rigid,1776990,1777028,1777029,38,1,39,completed,36
26928,Rigid,1776990,1777028,1777029,38,1,39,completed,36
26929,Rigid,1776990,1777029,1777030,39,1,40,completed,36
26930,Rigid,1776991,1777029,1777030,38,1,39,completed,36
26931,Rigid,1776991,1777029,1777030,38,1,39,completed,36
26932,Rigid,1776991,1777030,1777031,39,1,40,completed,36
26933,Rigid,1776991,1777030,1777031,39,1,40,completed,36
26934,Rigid,1776991,1777030,1777031,39,1,40,completed,36
26935,Rigid,1776991,1777030,1777031,39,1,40,completed,36
26936,Rigid,1776991,1777030,1777031,39,1,40,completed,36
26937,Rigid,1776992,1777031,1777032,39,1,40,completed,36
26938,Rigid,1776992,1777031,1777032,39,1,40,completed,36
26939,Rigid,1776992,1777031,1777032,39,1,40,completed,36
26940,Rigid,1776992,1777032,1777033,40,1,41,completed,36
26941,Rigid,1776992,1777032,1777033,40,1,41,completed,36
26942,Rigid,1776992,1777032,1777033,40,1,41,completed,36
26943,Rigid,1776993,1777033,1777034,40,1,41,completed,36
26944,Rigid,1776993,1777034,1777035,41,1,42,completed,36
26945,Rigid,1776994,1777034,1777035,40,1,41,completed,36
26946,Rigid,1776994,1777035,1777036,41,1,42,completed,36
26947,Rigid,1776994,1777035,1777036,41,1,42,completed,36
26948,Rigid,1776994,1777036,1777037,42,1,43,completed,36
26949,Rigid,1776994,1777036,1777037,42,1,43,completed,36
26950,Rigid,1776994,1777036,1777037,42,1,43,completed,36
26951,Rigid,1776994,1777036,1777037,42,1,43,completed,36
26952,Rigid,1776995,1777037,1777038,42,1,43,completed,36
26953,Rigid,1776995,1777037,1777038,42,1,43,completed,36
26954,Rigid,1776995,1777038,1777039,43,1,44,completed,36
26955,Rigid,1776995,1777038,1777039,43,1,44,completed,36
26956,Rigid,1776995,1777038,1777039,43,1,44,completed,36
26957,Rigid,1776995,1777039,1777040,44,1,45,completed,36
26958,Rigid,1776996,1777039,1777040,43,1,44,completed,36
26959,Rigid,1776996,1777039,1777040,43,1,44,completed,36
26960,Rigid,1776996,1777040,1777041,44,1,45,completed,36
26961,Rigid,1776996,1777040,1777041,44,1,45,completed,36
26962,Rigid,1776996,1777040,1777041,44,1,45,completed,36
26963,Rigid,1776997,1777041,1777042,44,1,45,completed,36
26964,Rigid,1776997,1777041,1777042,44,1,45,completed,36
26965,Rigid,1776997,1777041,1777042,44,1,45,completed,36
26966,Rigid,1776997,1777042,1777043,45,1,46,completed,36
26967,Rigid,1776997,1777042,1777043,45,1,46,completed,36
26968,Rigid,1776998,1777043,1777044,45,1,46,completed,36
26969,Rigid,1776998,1777043,1777044,45,1,46,completed,36
26970,Rigid,1776998,1777043,1777044,45,1,46,completed,36
26971,Rigid,1776998,1777043,1777044,45,1,46,completed,36
26972,Rigid,1776999,1777044,1777045,45,1,46,completed,36
26973,Rigid,1776999,1777045,1777046,46,1,47,completed,36
26974,Rigid,1776999,1777045,1777046,46,1,47,completed,36
26975,Rigid,1776999,1777045,1777046,46,1,47,completed,36
26976,Rigid,1776999,1777045,1777046,46,1,47,completed,36
26977,Rigid,1776999,1777045,1777046,46,1,47,completed,36
26978,Rigid,1777000,1777046,1777047,46,1,47,completed,36
26979,Rigid,1777000,1777047,1777048,47,1,48,completed,36
26980,Rigid,1777000,1777047,1777048,47,1,48,completed,36
26981,Rigid,1777000,1777047,1777048,47,1,48,completed,36
26982,Rigid,1777000,1777047,1777048,47,1,48,completed,36
26983,Rigid,1777000,1777047,1777048,47,1,48,completed,36
26984,Rigid,1777000,1777047,1777048,47,1,48,completed,36
26985,Rigid,1777001,1777048,1777049,47,1,48,completed,36
26986,Rigid,1777001,1777048,1777049,47,1,48,completed,36
26987,Rigid,1777001,1777049,1777050,48,1,49,completed,36
26988,Rigid,1777001,1777049,1777050,48,1,49,completed,36
26989,Rigid,1777001,1777049,1777050,48,1,49,completed,36
26990,Rigid,1777001,1777049,1777050,48,1,49,completed,36
26991,Rigid,1777001,1777049,1777050,48,1,49,completed,36
26992,Rigid,1777001,1777050,1777051,49,1,50,completed,36
26993,Rigid,1777001,1777050,1777051,49,1,50,completed,36
26994,Rigid,1777511,1777511,1781614,0,4103,4103,completed,36
26995,Rigid,1777511,1777511,1780215,0,2704,2704,completed,36
26996,Rigid,1777511,1777515,1781093,4,3578,3582,completed,36
26997,Rigid,1777511,1777515,1785244,4,7729,7733,completed,36
26998,Rigid,1777511,1777515,1779356,4,1841,1845,completed,36
26999,Rigid,1777512,1777515,1780325,3,2810,2813,completed,36
27000,Rigid,1777512,1777515,1789887,3,12372,12375,completed,36
27001,Rigid,1777512,1777515,1781611,3,4096,4099,completed,36
27002,Rigid,1777512,1777515,1779935,3,2420,2423,completed,36
27003,Rigid,1777512,1777722,1779365,210,1643,1853,completed,36
27004,Rigid,1777512,1778267,1781769,755,3502,4257,completed,36
27005,Rigid,1777512,1778267,1785618,755,7351,8106,completed,36
27006,Rigid,1777512,1778267,1780116,755,1849,2604,completed,36
27007,Rigid,1777513,1778267,1780313,754,2046,2800,completed,36
27008,Rigid,1777513,1778267,1792299,754,14032,14786,completed,36
27009,Rigid,1777513,1778267,1780689,754,2422,3176,completed,36
27010,Rigid,1777513,1778267,1790438,754,12171,12925,completed,36
27011,Rigid,1777513,1778267,1783647,754,5380,6134,completed,36
27012,Rigid,1777513,1778267,1785719,754,7452,8206,completed,36
27013,Rigid,1777513,1778267,1782362,754,4095,4849,completed,36
27014,Rigid,1777514,1779358,1782641,1844,3283,5127,completed,36
27015,Rigid,1777514,1779366,1782130,1852,2764,4616,completed,36
27016,Rigid,1777514,1779936,1783615,2422,3679,6101,completed,36
27017,Rigid,1777514,1780117,1787965,2603,7848,10451,completed,36
27018,Rigid,1777514,1780216,1783882,2702,3666,6368,completed,36
27019,Rigid,1777514,1780315,1784176,2801,3861,6662,completed,36
27020,Rigid,1777515,1780326,1782047,2811,1721,4532,completed,36
27021,Rigid,1777515,1780691,1784903,3176,4212,7388,completed,36
27022,Rigid,1777515,1781094,1791830,3579,10736,14315,completed,36
27023,Rigid,1777515,1781613,1783732,4098,2119,6217,completed,36
27024,Rigid,1777515,1781615,1783989,4100,2374,6474,completed,36
27025,Rigid,1777515,1781770,1783281,4255,1511,5766,completed,36
27026,Rigid,1777515,1782048,1785737,4533,3689,8222,completed,36
27027,Rigid,1777516,1782099,1788409,4583,6310,10893,completed,36
27028,Rigid,1777516,1782099,1785286,4583,3187,7770,completed,36
27029,Rigid,1777516,1782099,1784592,4583,2493,7076,completed,36
27030,Rigid,1777516,1782099,1787621,4583,5522,10105,completed,36
27031,Rigid,1777516,1782132,1784091,4616,1959,6575,completed,36
27032,Rigid,1777516,1782363,1792279,4847,9916,14763,completed,36
27033,Rigid,1777516,1782509,1784362,4993,1853,6846,completed,36
27034,Rigid,1777517,1782509,1785255,4992,2746,7738,completed,36
27035,Rigid,1777517,1782509,1784105,4992,1596,6588,completed,36
27036,Rigid,1777517,1782509,1785279,4992,2770,7762,completed,36
27037,Rigid,1777517,1782642,1784409,5125,1767,6892,completed,36
27038,Rigid,1777517,1782779,1785144,5262,2365,7627,completed,36
27039,Rigid,1777518,1783283,1787193,5765,3910,9675,completed,36
27040,Rigid,1777518,1783514,1787085,5996,3571,9567,completed,36
27041,Rigid,1777518,1783514,1795518,5996,12004,18000,completed,36
27042,Rigid,1777518,1783514,1785485,5996,1971,7967,completed,36
27043,Rigid,1777518,1783514,1785681,5996,2167,8163,completed,36
27044,Rigid,1777518,1783514,1784814,5996,1300,7296,completed,36
27045,Rigid,1777518,1783514,1784814,5996,1300,7296,completed,36
27046,Rigid,1777518,1783514,1784750,5996,1236,7232,completed,36
27047,Rigid,1777519,1783514,1789644,5995,6130,12125,completed,36
27048,Rigid,1777519,1783514,1790729,5995,7215,13210,completed,36
27049,Rigid,1777519,1783514,1787629,5995,4115,10110,completed,36
27050,Rigid,1777519,1783617,1792417,6098,8800,14898,completed,36
27051,Rigid,1777519,1783648,1784863,6129,1215,7344,completed,36
27052,Rigid,1777519,1783734,1792449,6215,8715,14930,completed,36
27053,Rigid,1777519,1783883,1788663,6364,4780,11144,completed,36
27054,Rigid,1777519,1783990,1787732,6471,3742,10213,completed,36
27055,Rigid,1777519,1784093,1785032,6574,939,7513,completed,36
27056,Rigid,1777519,1784106,1786349,6587,2243,8830,completed,36
27057,Rigid,1777520,1784177,1785459,6657,1282,7939,completed,36
27058,Rigid,1777520,1784364,1785861,6844,1497,8341,completed,36
27059,Rigid,1777520,1784410,1785301,6890,891,7781,completed,36
27060,Rigid,1777520,1784594,1785777,7074,1183,8257,completed,36
27061,Rigid,1777520,1784751,1786181,7231,1430,8661,completed,36
27062,Rigid,1777520,1784815,1790593,7295,5778,13073,completed,36
27063,Rigid,1777520,1784815,1785823,7295,1008,8303,completed,36
27064,Rigid,1777520,1784864,1792662,7344,7798,15142,completed,36
27065,Rigid,1777520,1784904,1786437,7384,1533,8917,completed,36
27066,Rigid,1777520,1785033,1786330,7513,1297,8810,completed,36
27067,Rigid,1777521,1785145,1786775,7624,1630,9254,completed,36
27068,Rigid,1777521,1785179,1791805,7658,6626,14284,completed,36
27069,Rigid,1777521,1785246,1792032,7725,6786,14511,completed,36
27070,Rigid,1777521,1785256,1790259,7735,5003,12738,completed,36
27071,Rigid,1777521,1785280,1790984,7759,5704,13463,completed,36
27072,Rigid,1777521,1785287,1789607,7766,4320,12086,completed,36
27073,Rigid,1777521,1785302,1787127,7781,1825,9606,completed,36
27074,Rigid,1777522,1785460,1787150,7938,1690,9628,completed,36
27075,Rigid,1777522,1785486,1787628,7964,2142,10106,completed,36
27076,Rigid,1777522,1785619,1786854,8097,1235,9332,completed,36
27077,Rigid,1777522,1785683,1787791,8161,2108,10269,completed,36
27078,Rigid,1777522,1785721,1787366,8199,1645,9844,completed,36
27079,Rigid,1777522,1785738,1794570,8216,8832,17048,completed,36
27080,Rigid,1777523,1785778,1787452,8255,1674,9929,completed,36
27081,Rigid,1777523,1785824,1787198,8301,1374,9675,completed,36
27082,Rigid,1777523,1785863,1787086,8340,1223,9563,completed,36
27083,Rigid,1777523,1786332,1788840,8809,2508,11317,completed,36
27084,Rigid,1777523,1786349,1789467,8826,3118,11944,completed,36
27085,Rigid,1777523,1786351,1791498,8828,5147,13975,completed,36
27086,Rigid,1777523,1786714,1788397,9191,1683,10874,completed,36
27087,Rigid,1777523,1786855,1788363,9332,1508,10840,completed,36
27088,Rigid,1777524,1787088,1788729,9564,1641,11205,completed,36
27089,Rigid,1777524,1787118,1789068,9594,1950,11544,completed,36
27090,Rigid,1777524,1787128,1788745,9604,1617,11221,completed,36
27091,Rigid,1777524,1787151,1789331,9627,2180,11807,completed,36
27092,Rigid,1777525,1787195,1790388,9670,3193,12863,completed,36
27093,Rigid,1777525,1787199,1790051,9674,2852,12526,completed,36
27094,Rigid,1777525,1787453,1788714,9928,1261,11189,completed,36
27095,Rigid,1777525,1787586,1792095,10061,4509,14570,completed,36
27096,Rigid,1777525,1787622,1794292,10097,6670,16767,completed,36
27097,Rigid,1777525,1787630,1793247,10105,5617,15722,completed,36
27098,Rigid,1777525,1787630,1790125,10105,2495,12600,completed,36
27099,Rigid,1777526,1787733,1790895,10207,3162,13369,completed,36
27100,Rigid,1777526,1787781,1789670,10255,1889,12144,completed,36
27101,Rigid,1777526,1787781,1792338,10255,4557,14812,completed,36
27102,Rigid,1777526,1787781,1789268,10255,1487,11742,completed,36
27103,Rigid,1777526,1787781,1790966,10255,3185,13440,completed,36
27104,Rigid,1777526,1787792,1788940,10266,1148,11414,completed,36
27105,Rigid,1777526,1788115,1790083,10589,1968,12557,completed,36
27106,Rigid,1777527,1788115,1792306,10588,4191,14779,completed,36
27107,Rigid,1777527,1788115,1790221,10588,2106,12694,completed,36
27108,Rigid,1777527,1788115,1789409,10588,1294,11882,completed,36
27109,Rigid,1777527,1788116,1789717,10589,1601,12190,completed,36
27110,Rigid,1777528,1788116,1795456,10588,7340,17928,completed,36
27111,Rigid,1777528,1788116,1789464,10588,1348,11936,completed,36
27112,Rigid,1777528,1788116,1790380,10588,2264,12852,completed,36
27113,Rigid,1777528,1788364,1789517,10836,1153,11989,completed,36
27114,Rigid,1777528,1788377,1789755,10849,1378,12227,completed,36
27115,Rigid,1777529,1788398,1790096,10869,1698,12567,completed,36
27116,Rigid,1777529,1788410,1789848,10881,1438,12319,completed,36
27117,Rigid,1777529,1788664,1791131,11135,2467,13602,completed,36
27118,Rigid,1777529,1788716,1796225,11187,7509,18696,completed,36
27119,Rigid,1777529,1788731,1789815,11202,1084,12286,completed,36
27120,Rigid,1777529,1788746,1796328,11217,7582,18799,completed,36
27121,Rigid,1777529,1788842,1790050,11313,1208,12521,completed,36
27122,Rigid,1777530,1788941,1793263,11411,4322,15733,completed,36
27123,Rigid,1777530,1789069,1793315,11539,4246,15785,completed,36
27124,Rigid,1777531,1789227,1791179,11696,1952,13648,completed,36
27125,Rigid,1777531,1789227,1791484,11696,2257,13953,completed,36
27126,Rigid,1777531,1789227,1790848,11696,1621,13317,completed,36
27127,Rigid,1777531,1789227,1790564,11696,1337,13033,completed,36
27128,Rigid,1777531,1789269,1792635,11738,3366,15104,completed,36
27129,Rigid,1777532,1789333,1791506,11801,2173,13974,completed,36
27130,Rigid,1777532,1789411,1793122,11879,3711,15590,completed,36
27131,Rigid,1777532,1789465,1792467,11933,3002,14935,completed,36
27132,Rigid,1777532,1789468,1791617,11936,2149,14085,completed,36
27133,Rigid,1777532,1789518,1797119,11986,7601,19587,completed,36
27134,Rigid,1777533,1789609,1790816,12076,1207,13283,completed,36
27135,Rigid,1777533,1789645,1792591,12112,2946,15058,completed,36
27136,Rigid,1777533,1789671,1795474,12138,5803,17941,completed,36
27137,Rigid,1777533,1789718,1790900,12185,1182,13367,completed,36
27138,Rigid,1777533,1789757,1791114,12224,1357,13581,completed,36
27139,Rigid,1777534,1789817,1791289,12283,1472,13755,completed,36
27140,Rigid,1777534,1789849,1792095,12315,2246,14561,completed,36
27141,Rigid,1777534,1789888,1791238,12354,1350,13704,completed,36
27142,Rigid,1777534,1790051,1791240,12517,1189,13706,completed,36
27143,Rigid,1777534,1790052,1791889,12518,1837,14355,completed,36
27144,Rigid,1777535,1790085,1791190,12550,1105,13655,completed,36
27145,Rigid,1777535,1790098,1791605,12563,1507,14070,completed,36
27146,Rigid,1777535,1790126,1794210,12591,4084,16675,completed,36
27147,Rigid,1777535,1790222,1792859,12687,2637,15324,completed,36
27148,Rigid,1777535,1790260,1791845,12725,1585,14310,completed,36
27149,Rigid,1777535,1790382,1792546,12847,2164,15011,completed,36
27150,Rigid,1777535,1790390,1797530,12855,7140,19995,completed,36
27151,Rigid,1777535,1790440,1791423,12905,983,13888,completed,36
27152,Rigid,1777536,1790566,1791884,13030,1318,14348,completed,36
27153,Rigid,1777536,1790595,1792164,13059,1569,14628,completed,36
27154,Rigid,1777536,1790730,1792290,13194,1560,14754,completed,36
27155,Rigid,1777536,1790817,1794254,13281,3437,16718,completed,36
27156,Rigid,1777536,1790850,1796520,13314,5670,18984,completed,36
27157,Rigid,1777537,1790896,1793182,13359,2286,15645,completed,36
27158,Rigid,1777537,1790901,1792489,13364,1588,14952,completed,36
27159,Rigid,1777537,1790967,1798910,13430,7943,21373,completed,36
27160,Rigid,1777537,1790986,1794113,13449,3127,16576,completed,36
27161,Rigid,1777537,1791115,1793959,13578,2844,16422,completed,36
27162,Rigid,1777537,1791132,1792260,13595,1128,14723,completed,36
27163,Rigid,1777537,1791291,1792409,13754,1118,14872,completed,36
27164,Rigid,1777537,1791425,1794793,13888,3368,17256,completed,36
27165,Rigid,1777537,1791485,1798001,13948,6516,20464,completed,36
27166,Rigid,1777537,1791499,1795652,13962,4153,18115,completed,36
27167,Rigid,1777538,1791508,1794336,13970,2828,16798,completed,36
27168,Rigid,1777538,1791606,1794118,14068,2512,16580,completed,36
27169,Rigid,1777538,1791621,1795681,14083,4060,18143,completed,36
27170,Rigid,1777538,1791687,1800612,14149,8925,23074,completed,36
27171,Rigid,1777538,1791687,1793266,14149,1579,15728,completed,36
27172,Rigid,1777538,1791687,1794035,14149,2348,16497,completed,36
27173,Rigid,1777539,1791687,1793475,14148,1788,15936,completed,36
27174,Rigid,1777539,1791806,1797440,14267,5634,19901,completed,36
27175,Rigid,1777539,1791831,1797413,14292,5582,19874,completed,36
27176,Rigid,1777539,1791847,1794922,14308,3075,17383,completed,36
27177,Rigid,1777539,1791886,1792859,14347,973,15320,completed,36
27178,Rigid,1777540,1791890,1795567,14350,3677,18027,completed,36
27179,Rigid,1777540,1792033,1793019,14493,986,15479,completed,36
27180,Rigid,1777540,1792096,1797963,14556,5867,20423,completed,36
27181,Rigid,1777540,1792096,1793176,14556,1080,15636,completed,36
27182,Rigid,1777540,1792165,1799345,14625,7180,21805,completed,36
27183,Rigid,1777540,1792261,1798078,14721,5817,20538,completed,36
27184,Rigid,1777540,1792280,1793147,14740,867,15607,completed,36
27185,Rigid,1777540,1792292,1793109,14752,817,15569,completed,36
27186,Rigid,1777540,1792300,1793089,14760,789,15549,completed,36
27187,Rigid,1777540,1792315,1794127,14775,1812,16587,completed,36
27188,Rigid,1777541,1792347,1793848,14806,1501,16307,completed,36
27189,Rigid,1777541,1792411,1797181,14870,4770,19640,completed,36
27190,Rigid,1777541,1792443,1795298,14902,2855,17757,completed,36
27191,Rigid,1777541,1792490,1795002,14949,2512,17461,completed,36
27192,Rigid,1777541,1792601,1794028,15060,1427,16487,completed,36
27193,Rigid,1777541,1792870,1794218,15329,1348,16677,completed,36
27194,Rigid,1777541,1792870,1797089,15329,4219,19548,completed,36
27195,Rigid,1777541,1792898,1795488,15357,2590,17947,completed,36
27196,Rigid,1777541,1792898,1796554,15357,3656,19013,completed,36
27197,Rigid,1777542,1792898,1800791,15356,7893,23249,completed,36
27198,Rigid,1777542,1792898,1794515,15356,1617,16973,completed,36
27199,Rigid,1777542,1792898,1796015,15356,3117,18473,completed,36
27200,Rigid,1777542,1793021,1810174,15479,17153,32632,completed,36
27201,Rigid,1777542,1793090,1798078,15548,4988,20536,completed,36
27202,Rigid,1777542,1793110,1795564,15568,2454,18022,completed,36
27203,Rigid,1777542,1793123,1794596,15581,1473,17054,completed,36
27204,Rigid,1777542,1793148,1796125,15606,2977,18583,completed,36
27205,Rigid,1777542,1793178,1802643,15636,9465,25101,completed,36
27206,Rigid,1777543,1793184,1794807,15641,1623,17264,completed,36
27207,Rigid,1777543,1793268,1795569,15725,2301,18026,completed,36
27208,Rigid,1777543,1793269,1807425,15726,14156,29882,completed,36
27209,Rigid,1777543,1793316,1796045,15773,2729,18502,completed,36
27210,Rigid,1777543,1793476,1807714,15933,14238,30171,completed,36
27211,Rigid,1777544,1793863,1799307,16319,5444,21763,completed,36
27212,Rigid,1777544,1794052,1801839,16508,7787,24295,completed,36
27213,Rigid,1777544,1794115,1798627,16571,4512,21083,completed,36
27214,Rigid,1777544,1794212,1797714,16668,3502,20170,completed,36
27215,Rigid,1777545,1794219,1796873,16674,2654,19328,completed,36
27216,Rigid,1777545,1794256,1798783,16711,4527,21238,completed,36
27217,Rigid,1777545,1794294,1801983,16749,7689,24438,completed,36
27218,Rigid,1777545,1794337,1799388,16792,5051,21843,completed,36
27219,Rigid,1777545,1794516,1798740,16971,4224,21195,completed,36
27220,Rigid,1777545,1794572,1796481,17027,1909,18936,completed,36
27221,Rigid,1777545,1794597,1799307,17052,4710,21762,completed,36
27222,Rigid,1777545,1794794,1806739,17249,11945,29194,completed,36
27223,Rigid,1777546,1794808,1797233,17262,2425,19687,completed,36
27224,Rigid,1777546,1794924,1797803,17378,2879,20257,completed,36
27225,Rigid,1777546,1795003,1796766,17457,1763,19220,completed,36
27226,Rigid,1777546,1795118,1799309,17572,4191,21763,completed,36
27227,Rigid,1777546,1795118,1801326,17572,6208,23780,completed,36
27228,Rigid,1777546,1795300,1799356,17754,4056,21810,completed,36
27229,Rigid,1777546,1795457,1799089,17911,3632,21543,completed,36
27230,Rigid,1777546,1795475,1800796,17929,5321,23250,completed,36
27231,Rigid,1777546,1795490,1797188,17944,1698,19642,completed,36
27232,Rigid,1777546,1795519,1805918,17973,10399,28372,completed,36
27233,Rigid,1777547,1795566,1797175,18019,1609,19628,completed,36
27234,Rigid,1777547,1795568,1798702,18021,3134,21155,completed,36
27235,Rigid,1777547,1795570,1797457,18023,1887,19910,completed,36
27236,Rigid,1777547,1795653,1798599,18106,2946,21052,completed,36
27237,Rigid,1777547,1795683,1797684,18136,2001,20137,completed,36
27238,Rigid,1777547,1795763,1798088,18216,2325,20541,completed,36
27239,Rigid,1777547,1796016,1798796,18469,2780,21249,completed,36
27240,Rigid,1777547,1796047,1799539,18500,3492,21992,completed,36
27241,Rigid,1777547,1796126,1809566,18579,13440,32019,completed,36
27242,Rigid,1777548,1796226,1797954,18678,1728,20406,completed,36
27243,Rigid,1777548,1796329,1798000,18781,1671,20452,completed,36
27244,Rigid,1777548,1796500,1797780,18952,1280,20232,completed,36
27245,Rigid,1777548,1796794,1798712,19246,1918,21164,completed,36
27246,Rigid,1777548,1796892,1798306,19344,1414,20758,completed,36
27247,Rigid,1777548,1797176,1804531,19628,7355,26983,completed,36
27248,Rigid,1777548,1797182,1808052,19634,10870,30504,completed,36
27249,Rigid,1777549,1797189,1805918,19640,8729,28369,completed,36
27250,Rigid,1777549,1797234,1804221,19685,6987,26672,completed,36
27251,Rigid,1777549,1797416,1799921,19867,2505,22372,completed,36
27252,Rigid,1777549,1797441,1811329,19892,13888,33780,completed,36
27253,Rigid,1777549,1797458,1803571,19909,6113,26022,completed,36
27254,Rigid,1777549,1797532,1804154,19983,6622,26605,completed,36
27255,Rigid,1777550,1797685,1799096,20135,1411,21546,completed,36
27256,Rigid,1777550,1797716,1800861,20166,3145,23311,completed,36
27257,Rigid,1777550,1797782,1799214,20232,1432,21664,completed,36
27258,Rigid,1777550,1797804,1799575,20254,1771,22025,completed,36
27259,Rigid,1777552,1797956,1799418,20404,1462,21866,completed,36
27260,Rigid,1777552,1797964,1799830,20412,1866,22278,completed,36
27261,Rigid,1777552,1798002,1799923,20450,1921,22371,completed,36
27262,Rigid,1777552,1798002,1810294,20450,12292,32742,completed,36
27263,Rigid,1777552,1798080,1799424,20528,1344,21872,completed,36
27264,Rigid,1777553,1798080,1809360,20527,11280,31807,completed,36
27265,Rigid,1777553,1798089,1799705,20536,1616,22152,completed,36
27266,Rigid,1777553,1798308,1799966,20755,1658,22413,completed,36
27267,Rigid,1777553,1798592,1801501,21039,2909,23948,completed,36
27268,Rigid,1777553,1798625,1805598,21072,6973,28045,completed,36
27269,Rigid,1777553,1798657,1809210,21104,10553,31657,completed,36
27270,Rigid,1777553,1798755,1805627,21202,6872,28074,completed,36
27271,Rigid,1777553,1798787,1804957,21234,6170,27404,completed,36
27272,Rigid,1777553,1798820,1805918,21267,7098,28365,completed,36
27273,Rigid,1777554,1798918,1801311,21364,2393,23757,completed,36
27274,Rigid,1777554,1799215,1801267,21661,2052,23713,completed,36
27275,Rigid,1777554,1799308,1803011,21754,3703,25457,completed,36
27276,Rigid,1777554,1799308,1800797,21754,1489,23243,completed,36
27277,Rigid,1777554,1799312,1803089,21758,3777,25535,completed,36
27278,Rigid,1777554,1799346,1801424,21792,2078,23870,completed,36
27279,Rigid,1777554,1799357,1811512,21803,12155,33958,completed,36
27280,Rigid,1777555,1799389,1802063,21834,2674,24508,completed,36
27281,Rigid,1777555,1799420,1801941,21865,2521,24386,completed,36
27282,Rigid,1777555,1799426,1801190,21871,1764,23635,completed,36
27283,Rigid,1777555,1799540,1803056,21985,3516,25501,completed,36
27284,Rigid,1777555,1799577,1807714,22022,8137,30159,completed,36
27285,Rigid,1777556,1799706,1804864,22150,5158,27308,completed,36
27286,Rigid,1777556,1799832,1802176,22276,2344,24620,completed,36
27287,Rigid,1777556,1800256,1802737,22700,2481,25181,completed,36
27288,Rigid,1777556,1800256,1801854,22700,1598,24298,completed,36
27289,Rigid,1777556,1800256,1802983,22700,2727,25427,completed,36
27290,Rigid,1777556,1800256,1801721,22700,1465,24165,completed,36
27291,Rigid,1777556,1800406,1803674,22850,3268,26118,completed,36
27292,Rigid,1777556,1800406,1804190,22850,3784,26634,completed,36
27293,Rigid,1777557,1800406,1806642,22849,6236,29085,completed,36
27294,Rigid,1777557,1800406,1802046,22849,1640,24489,completed,36
27295,Rigid,1777557,1800406,1804101,22849,3695,26544,completed,36
27296,Rigid,1777557,1800406,1806739,22849,6333,29182,completed,36
27297,Rigid,1777557,1800406,1808052,22849,7646,30495,completed,36
27298,Rigid,1777557,1800406,1803744,22849,3338,26187,completed,36
27299,Rigid,1777557,1800406,1802642,22849,2236,25085,completed,36
27300,Rigid,1777557,1800406,1802155,22849,1749,24598,completed,36
27301,Rigid,1777557,1800406,1807240,22849,6834,29683,completed,36
27302,Rigid,1777558,1800406,1801900,22848,1494,24342,completed,36
27303,Rigid,1777558,1800549,1805503,22991,4954,27945,completed,36
27304,Rigid,1777558,1800552,1801758,22994,1206,24200,completed,36
27305,Rigid,1777558,1800568,1803528,23010,2960,25970,completed,36
27306,Rigid,1777558,1800570,1804876,23012,4306,27318,completed,36
27307,Rigid,1777558,1800571,1802793,23013,2222,25235,completed,36
27308,Rigid,1777558,1800574,1801862,23016,1288,24304,completed,36
27309,Rigid,1777558,1800583,1802572,23025,1989,25014,completed,36
27310,Rigid,1777558,1800583,1806322,23025,5739,28764,completed,36
27311,Rigid,1777559,1800595,1802280,23036,1685,24721,completed,36
27312,Rigid,1777559,1800613,1803285,23054,2672,25726,completed,36
27313,Rigid,1777559,1800642,1802171,23083,1529,24612,completed,36
27314,Rigid,1777559,1800642,1812599,23083,11957,35040,completed,36
27315,Rigid,1777559,1800798,1802990,23239,2192,25431,completed,36
27316,Rigid,1777559,1800863,1802619,23304,1756,25060,completed,36
27317,Rigid,1777559,1800884,1804270,23325,3386,26711,completed,36
27318,Rigid,1777559,1800886,1810236,23327,9350,32677,completed,36
27319,Rigid,1777560,1800887,1801942,23327,1055,24382,completed,36
27320,Rigid,1777560,1800887,1809878,23327,8991,32318,completed,36
27321,Rigid,1777560,1800888,1802345,23328,1457,24785,completed,36
27322,Rigid,1777560,1800888,1803838,23328,2950,26278,completed,36
27323,Rigid,1777560,1800888,1805918,23328,5030,28358,completed,36
27324,Rigid,1777561,1800888,1802605,23327,1717,25044,completed,36
27325,Rigid,1777561,1801191,1804642,23630,3451,27081,completed,36
27326,Rigid,1777561,1801268,1803345,23707,2077,25784,completed,36
27327,Rigid,1777561,1801312,1802572,23751,1260,25011,completed,36
27328,Rigid,1777563,1801328,1805259,23765,3931,27696,completed,36
27329,Rigid,1777563,1801425,1803573,23862,2148,26010,completed,36
27330,Rigid,1777563,1801502,1806874,23939,5372,29311,completed,36
27331,Rigid,1777563,1801759,1804456,24196,2697,26893,completed,36
27332,Rigid,1777564,1801773,1803861,24209,2088,26297,completed,36
27333,Rigid,1777564,1801840,1810733,24276,8893,33169,completed,36
27334,Rigid,1777564,1801855,1803008,24291,1153,25444,completed,36
27335,Rigid,1777564,1801863,1804820,24299,2957,27256,completed,36
27336,Rigid,1777564,1801902,1809455,24338,7553,31891,completed,36
27337,Rigid,1777564,1801943,1803790,24379,1847,26226,completed,36
27338,Rigid,1777564,1801943,1803777,24379,1834,26213,completed,36
27339,Rigid,1777564,1801984,1803962,24420,1978,26398,completed,36
27340,Rigid,1777565,1802064,1804429,24499,2365,26864,completed,36
27341,Rigid,1777565,1802089,1803859,24524,1770,26294,completed,36
27342,Rigid,1777565,1802156,1803493,24591,1337,25928,completed,36
27343,Rigid,1777565,1802172,1804804,24607,2632,27239,completed,36
27344,Rigid,1777565,1802177,1803229,24612,1052,25664,completed,36
27345,Rigid,1777565,1802282,1804152,24717,1870,26587,completed,36
27346,Rigid,1777566,1802656,1807300,25090,4644,29734,completed,36
27347,Rigid,1777566,1802656,1804703,25090,2047,27137,completed,36
27348,Rigid,1777566,1802656,1804894,25090,2238,27328,completed,36
27349,Rigid,1777566,1802656,1804711,25090,2055,27145,completed,36
27350,Rigid,1777566,1802658,1815423,25092,12765,37857,completed,36
27351,Rigid,1777567,1802658,1803708,25091,1050,26141,completed,36
27352,Rigid,1777567,1802658,1804063,25091,1405,26496,completed,36
27353,Rigid,1777567,1802658,1804579,25091,1921,27012,completed,36
27354,Rigid,1777567,1802739,1804534,25172,1795,26967,completed,36
27355,Rigid,1777567,1802794,1805926,25227,3132,28359,completed,36
27356,Rigid,1777567,1802914,1812985,25347,10071,35418,completed,36
27357,Rigid,1777567,1802950,1805782,25383,2832,28215,completed,36
27358,Rigid,1777567,1802985,1805262,25418,2277,27695,completed,36
27359,Rigid,1777567,1802991,1817146,25424,14155,39579,completed,36
27360,Rigid,1777568,1803010,1806761,25442,3751,29193,completed,36
27361,Rigid,1777568,1803012,1805592,25444,2580,28024,completed,36
27362,Rigid,1777568,1803057,1804486,25489,1429,26918,completed,36
27363,Rigid,1777568,1803090,1804102,25522,1012,26534,completed,36
27364,Rigid,1777568,1803122,1807255,25554,4133,29687,completed,36
27365,Rigid,1777568,1803122,1811151,25554,8029,33583,completed,36
27366,Rigid,1777568,1803604,1806881,26036,3277,29313,completed,36
27367,Rigid,1777568,1803697,1805768,26129,2071,28200,completed,36
27368,Rigid,1777568,1804905,1806758,27337,1853,29190,completed,36
27369,Rigid,1777569,1804966,1809343,27397,4377,31774,completed,36
27370,Rigid,1777569,1805672,1816553,28103,10881,38984,completed,36
27371,Rigid,1777569,1805703,1807333,28134,1630,29764,completed,36
27372,Rigid,1777569,1805794,1809868,28225,4074,32299,completed,36
27373,Rigid,1777569,1805946,1808734,28377,2788,31165,completed,36
27374,Rigid,1777569,1805946,1813352,28377,7406,35783,completed,36
27375,Rigid,1777569,1806646,1815423,29077,8777,37854,completed,36
27376,Rigid,1777570,1806889,1810945,29319,4056,33375,completed,36
27377,Rigid,1777570,1806889,1807981,29319,1092,30411,completed,36
27378,Rigid,1777570,1807133,1813898,29563,6765,36328,completed,36
27379,Rigid,1777570,1807255,1808544,29685,1289,30974,completed,36
27380,Rigid,1777570,1807285,1812798,29715,5513,35228,completed,36
27381,Rigid,1777570,1807346,1808637,29776,1291,31067,completed,36
27382,Rigid,1777570,1807437,1813761,29867,6324,36191,completed,36
27383,Rigid,1777570,1807711,1812797,30141,5086,35227,completed,36
27384,Rigid,1777571,1807711,1808718,30140,1007,31147,completed,36
27385,Rigid,1777571,1807711,1808787,30140,1076,31216,completed,36
27386,Rigid,1777571,1807711,1808826,30140,1115,31255,completed,36
27387,Rigid,1777571,1807712,1809894,30141,2182,32323,completed,36
27388,Rigid,1777571,1807712,1808712,30141,1000,31141,completed,36
27389,Rigid,1777572,1807742,1813877,30170,6135,36305,completed,36
27390,Rigid,1777572,1807742,1810611,30170,2869,33039,completed,36
27391,Rigid,1777572,1807985,1811671,30413,3686,34099,completed,36
27392,Rigid,1777572,1808076,1809339,30504,1263,31767,completed,36
27393,Rigid,1777572,1808564,1810675,30992,2111,33103,completed,36
27394,Rigid,1779162,1844312,2068963,65150,224651,289801,completed,360
27395,Rigid,1781981,1781982,1781991,1,9,10,completed,1
27396,Rigid,1782533,1782533,1786615,0,4082,4082,completed,1
27397,Rigid,1782607,1782607,2128235,0,345628,345628,completed,1
27398,Rigid,1782645,1782646,2128265,1,345619,345620,completed,1
27399,Rigid,1783155,1811513,1823963,28358,12450,40808,completed,144
27400,Rigid,1783641,1812110,1822959,28469,10849,39318,completed,144
27401,Rigid,1783710,1783711,1784333,1,622,623,completed,4
27402,Rigid,1784228,1784229,2129855,1,345626,345627,completed,1
27403,Rigid,1784319,1784319,2129945,0,345626,345626,completed,1
27404,Rigid,1784372,1784372,2091270,0,306898,306898,completed,1
27405,Rigid,1784387,1847697,2119329,63310,271632,334942,completed,360
27406,Rigid,1784418,1784418,2130035,0,345617,345617,completed,1
27407,Rigid,1784468,1784469,2130095,1,345626,345627,completed,1
27408,Rigid,1784705,1784709,2130335,4,345626,345630,completed,1
27409,Rigid,1784842,1784843,2130455,1,345612,345613,completed,1
27410,Rigid,1784881,1784881,2130485,0,345604,345604,completed,1
27411,Rigid,1785354,1794128,1823368,8774,29240,38014,completed,144
27412,Rigid,1785394,1785394,2130995,0,345601,345601,completed,1
27413,Rigid,1785409,1785409,1785424,0,15,15,completed,36
27414,Rigid,1785427,1785427,1785820,0,393,393,completed,36
27415,Rigid,1785692,1785693,2131295,1,345602,345603,completed,1
27416,Rigid,1785745,1785746,2131355,1,345609,345610,completed,1
27417,Rigid,1785854,1785854,2131475,0,345621,345621,completed,1
27418,Rigid,1785890,1785890,2131505,0,345615,345615,completed,1
27419,Rigid,1785931,1786182,1786343,251,161,412,completed,36
27420,Rigid,1785936,1785965,2131565,29,345600,345629,completed,1
27421,Rigid,1785975,1785997,2131625,22,345628,345650,completed,1
27422,Rigid,1786033,1786060,2131685,27,345625,345652,completed,1
27423,Rigid,1786112,1786123,2131745,11,345622,345633,completed,1
27424,Rigid,1786200,1786201,2131805,1,345604,345605,completed,1
27425,Rigid,1786242,1786242,2131865,0,345623,345623,completed,1
27426,Rigid,1786273,1786274,2131895,1,345621,345622,completed,1
27427,Rigid,1786321,1786322,2131925,1,345603,345604,completed,1
27428,Rigid,1786379,1786380,2131985,1,345605,345606,completed,1
27429,Rigid,1786416,1786438,1786708,22,270,292,completed,36
27430,Rigid,1786434,1786438,2132045,4,345607,345611,completed,1
27431,Rigid,1786771,1786780,1786809,9,29,38,completed,36
27432,Rigid,1786786,1786810,1816405,24,29595,29619,completed,36
27433,Rigid,1786861,1787087,1787117,226,30,256,completed,36
27434,Rigid,1786935,1786948,1962609,13,175661,175674,completed,1
27435,Rigid,1787081,1787087,1830571,6,43484,43490,completed,1
27436,Rigid,1787121,1787122,1990536,1,203414,203415,completed,1
27437,Rigid,1787204,1787205,1787207,1,2,3,completed,36
27438,Rigid,1787228,1787367,1787585,139,218,357,completed,36
27439,Rigid,1787288,1964609,2042393,177321,77784,255105,completed,36
27440,Rigid,1787418,1787418,1787621,0,203,203,completed,36
27441,Rigid,1787691,1787692,2133305,1,345613,345614,completed,1
27442,Rigid,1787780,1813868,1826193,26088,12325,38413,completed,144
27443,Rigid,1787854,1787966,1788374,112,408,520,completed,36
27444,Rigid,1788019,1788020,2133635,1,345615,345616,completed,1
27445,Rigid,1788058,1788058,1923429,0,135371,135371,completed,1
27446,Rigid,1788114,1813868,1824955,25754,11087,36841,completed,144
27447,Rigid,1788114,1814582,1825389,26468,10807,37275,completed,144
27448,Rigid,1788570,1788571,1854712,1,66141,66142,completed,1
27449,Rigid,1788625,1788625,1924087,0,135462,135462,completed,1
27450,Rigid,1788861,1810451,1812108,21590,1657,23247,completed,288
27451,Rigid,1788931,1812799,1834013,23868,21214,45082,completed,288
27452,Rigid,1789225,1814582,1826470,25357,11888,37245,completed,144
27453,Rigid,1789647,1789647,2135255,0,345608,345608,completed,1
27454,Rigid,1789883,1789884,2135495,1,345611,345612,completed,1
27455,Rigid,1789929,1789930,1845840,1,55910,55911,completed,1
27456,Rigid,1790192,1814582,1827025,24390,12443,36833,completed,144
27457,Rigid,1790281,1790282,2135885,1,345603,345604,completed,1
27458,Rigid,1790323,1790324,1806308,1,15984,15985,completed,1
27459,Rigid,1790416,1790416,1790672,0,256,256,completed,2
27460,Rigid,1790416,1790416,1790651,0,235,235,completed,2
27461,Rigid,1790416,1790416,1790430,0,14,14,completed,2
27462,Rigid,1790416,1790416,1790430,0,14,14,completed,2
27463,Rigid,1790416,1790416,1790430,0,14,14,completed,2
27464,Rigid,1790416,1790419,1790644,3,225,228,completed,2
27465,Rigid,1790417,1790419,1790657,2,238,240,completed,2
27466,Rigid,1790417,1790419,1790430,2,11,13,completed,2
27467,Rigid,1790417,1790419,1790430,2,11,13,completed,2
27468,Rigid,1790440,1814582,1826407,24142,11825,35967,completed,144
27469,Rigid,1790584,1790585,1790590,1,5,6,completed,1
27470,Rigid,1790650,1790652,1790697,2,45,47,completed,2
27471,Rigid,1790661,1790665,1790707,4,42,46,completed,2
27472,Rigid,1790661,1790665,1790706,4,41,45,completed,2
27473,Rigid,1790681,1790682,1790726,1,44,45,completed,2
27474,Rigid,1790854,1790854,1790858,0,4,4,completed,1
27475,Rigid,1790916,1790917,1798959,1,8042,8043,completed,1
27476,Rigid,1790939,1816136,1829388,25197,13252,38449,completed,144
27477,Rigid,1790962,1792860,1792894,1898,34,1932,completed,180
27478,Rigid,1791155,1791156,1791160,1,4,5,completed,1
27479,Rigid,1791180,1791241,1791686,61,445,506,completed,144
27480,Rigid,1791425,1791426,1791431,1,5,6,completed,1
27481,Rigid,1792305,1792468,1805643,163,13175,13338,completed,72
27482,Rigid,1792752,1792752,1792758,0,6,6,completed,72
27483,Rigid,1792813,1792814,1792818,1,4,5,completed,72
27484,Rigid,1792867,1792867,1792889,0,22,22,completed,72
27485,Rigid,1792978,1792979,1794199,1,1220,1221,completed,72
27486,Rigid,1793198,1793266,1805648,68,12382,12450,completed,72
27487,Rigid,1794745,1794745,1794751,0,6,6,completed,72
27488,Rigid,1794754,1794755,1794772,1,17,18,completed,72
27489,Rigid,1795873,1795873,1796153,0,280,280,completed,2
27490,Rigid,1795885,1795886,1796125,1,239,240,completed,2
27491,Rigid,1795890,1795892,1796136,2,244,246,completed,2
27492,Rigid,1795901,1795902,1796151,1,249,250,completed,2
27493,Rigid,1796141,1796142,1796188,1,46,47,completed,2
27494,Rigid,1796145,1796146,1796190,1,44,45,completed,2
27495,Rigid,1796175,1796175,1796225,0,50,50,completed,2
27496,Rigid,1796182,1796182,1796224,0,42,42,completed,2
27497,Rigid,1796253,1796253,1796270,0,17,17,completed,4
27498,Rigid,1796372,1797121,1804471,749,7350,8099,completed,144
27499,Rigid,1796504,1796504,1796514,0,10,10,completed,4
27500,Rigid,1796527,1796527,1796537,0,10,10,completed,4
27501,Rigid,1796545,1796545,1796555,0,10,10,completed,4
27502,Rigid,1797875,1797875,1797910,0,35,35,completed,4
27503,Rigid,1797914,1797914,1797949,0,35,35,completed,4
27504,Rigid,1797953,1797953,1797963,0,10,10,completed,4
27505,Rigid,1798048,1798048,1798052,0,4,4,completed,4
27506,Rigid,1798065,1798065,1798099,0,34,34,completed,4
27507,Rigid,1798111,1798111,1798138,0,27,27,completed,4
27508,Rigid,1798212,1798212,1798236,0,24,24,completed,4
27509,Rigid,1798265,1798265,1798273,0,8,8,completed,4
27510,Rigid,1798293,1798293,1798309,0,16,16,completed,4
27511,Rigid,1798324,1798324,1798334,0,10,10,completed,4
27512,Rigid,1798439,1798579,1885252,140,86673,86813,completed,36
27513,Rigid,1798444,1798444,1798452,0,8,8,completed,4
27514,Rigid,1798529,1798529,1798537,0,8,8,completed,4
27515,Rigid,1798561,1799098,1799942,537,844,1381,completed,144
27516,Rigid,1798680,1798680,1798688,0,8,8,completed,4
27517,Rigid,1799457,1799457,1985456,0,185999,185999,completed,16
27518,Rigid,1799625,1799635,2053945,10,254310,254320,completed,1
27519,Rigid,1799691,1799699,2027133,8,227434,227442,completed,1
27520,Rigid,1799734,1799763,1994076,29,194313,194342,completed,1
27521,Rigid,1799849,1799923,1800547,74,624,698,completed,36
27522,Rigid,1799851,1799925,1800551,74,626,700,completed,36
27523,Rigid,1799852,1799943,1800573,91,630,721,completed,36
27524,Rigid,1799853,1799943,1800569,90,626,716,completed,36
27525,Rigid,1799853,1799943,1800569,90,626,716,completed,36
27526,Rigid,1799853,1799943,1800567,90,624,714,completed,36
27527,Rigid,1799854,1799952,1800582,98,630,728,completed,36
27528,Rigid,1799854,1799952,1800577,98,625,723,completed,36
27529,Rigid,1799855,1799968,1800593,113,625,738,completed,36
27530,Rigid,1799855,1800256,1800887,401,631,1032,completed,36
27531,Rigid,1799855,1800256,1800886,401,630,1031,completed,36
27532,Rigid,1799856,1800256,1800883,400,627,1027,completed,36
27533,Rigid,1799856,1800256,1800886,400,630,1030,completed,36
27534,Rigid,1799857,1800256,1800885,399,629,1028,completed,36
27535,Rigid,1799857,1800256,1800886,399,630,1029,completed,36
27536,Rigid,1799857,1800256,1800885,399,629,1028,completed,36
27537,Rigid,1799858,1800256,1800886,398,630,1028,completed,36
27538,Rigid,1799968,1809783,1809806,9815,23,9838,completed,144
27539,Rigid,1800739,1800792,1802912,53,2120,2173,completed,36
27540,Rigid,1800755,1964639,1994951,163884,30312,194196,completed,36
27541,Rigid,1800786,1800797,1802948,11,2151,2162,completed,36
27542,Rigid,1801099,1801099,1801107,0,8,8,completed,4
27543,Rigid,1801352,1816136,1841083,14784,24947,39731,completed,36
27544,Rigid,1801635,1801723,1801771,88,48,136,completed,36
27545,Rigid,1801640,1801640,1801649,0,9,9,completed,4
27546,Rigid,1801997,1802047,1802088,50,41,91,completed,36
27547,Rigid,1802008,1802008,1802016,0,8,8,completed,4
27548,Rigid,1802111,1802111,1802124,0,13,13,completed,4
27549,Rigid,1802169,1802169,1802170,0,1,1,completed,4
27550,Rigid,1802201,1802201,1802205,0,4,4,completed,16
27551,Rigid,1802303,1802346,1807131,43,4785,4828,completed,36
27552,Rigid,1802382,1802382,1802383,0,1,1,completed,16
27553,Rigid,1802416,1802573,1802580,157,7,164,completed,144
27554,Rigid,1802416,1802581,1802584,165,3,168,completed,144
27555,Rigid,1802416,1802586,1802589,170,3,173,completed,144
27556,Rigid,1802416,1802590,1802593,174,3,177,completed,144
27557,Rigid,1802416,1802595,1802598,179,3,182,completed,144
27558,Rigid,1802416,1802599,1802602,183,3,186,completed,144
27559,Rigid,1802416,1802604,1802607,188,3,191,completed,144
27560,Rigid,1802416,1802608,1802614,192,6,198,completed,144
27561,Rigid,1802416,1802615,1802619,199,4,203,completed,144
27562,Rigid,1802417,1802620,1802623,203,3,206,completed,144
27563,Rigid,1802417,1802625,1802628,208,3,211,completed,144
27564,Rigid,1802417,1802629,1802632,212,3,215,completed,144
27565,Rigid,1802417,1802633,1802637,216,4,220,completed,144
27566,Rigid,1802417,1802639,1802641,222,2,224,completed,144
27567,Rigid,1802417,1802643,1802646,226,3,229,completed,144
27568,Rigid,1802417,1802644,1802647,227,3,230,completed,144
27569,Rigid,1802417,1802647,1802650,230,3,233,completed,144
27570,Rigid,1802417,1802648,1802651,231,3,234,completed,144
27571,Rigid,1802417,1802652,1802655,235,3,238,completed,144
27572,Rigid,1802417,1802653,1802656,236,3,239,completed,144
27573,Rigid,1802419,1802419,1802420,0,1,1,completed,16
27574,Rigid,1802457,1802457,1802462,0,5,5,completed,16
27575,Rigid,1802641,1802641,1802661,0,20,20,completed,16
27576,Rigid,1802681,1802681,1802685,0,4,4,completed,16
27577,Rigid,1803182,1803494,1833129,312,29635,29947,completed,144
27578,Rigid,1803182,1803745,1824597,563,20852,21415,completed,144
27579,Rigid,1803182,1803861,1818600,679,14739,15418,completed,144
27580,Rigid,1803182,1804103,1856286,921,52183,53104,completed,144
27581,Rigid,1803182,1804192,1810977,1010,6785,7795,completed,144
27582,Rigid,1803182,1804271,1848995,1089,44724,45813,completed,144
27583,Rigid,1803182,1804472,1812548,1290,8076,9366,completed,144
27584,Rigid,1803182,1804533,1814861,1351,10328,11679,completed,144
27585,Rigid,1803182,1804705,1836131,1523,31426,32949,completed,144
27586,Rigid,1803182,1804865,1833965,1683,29100,30783,completed,144
27587,Rigid,1803182,1810980,1860248,7798,49268,57066,completed,144
27588,Rigid,1803182,1812549,1846509,9367,33960,43327,completed,144
27589,Rigid,1803182,1814862,1856274,11680,41412,53092,completed,144
27590,Rigid,1803182,1818601,1833339,15419,14738,30157,completed,144
27591,Rigid,1803182,1824598,1857212,21416,32614,54030,completed,144
27592,Rigid,1803182,1833131,1878394,29949,45263,75212,completed,144
27593,Rigid,1803182,1833340,1875586,30158,42246,72404,completed,144
27594,Rigid,1803182,1833968,1876445,30786,42477,73263,completed,144
27595,Rigid,1803182,1836132,1855113,32950,18981,51931,completed,144
27596,Rigid,1803182,1846510,1866024,43328,19514,62842,completed,144
27597,Rigid,1803290,1817542,1834011,14252,16469,30721,completed,36
27598,Rigid,1803410,1817542,1818443,14132,901,15033,completed,36
27599,Rigid,1803641,1818444,2164063,14803,345619,360422,completed,36
27600,Rigid,1803747,1822062,1869719,18315,47657,65972,completed,36
27601,Rigid,1803798,1803798,1803802,0,4,4,completed,16
27602,Rigid,1803827,1803827,1803831,0,4,4,completed,16
27603,Rigid,1803862,1822599,1844117,18737,21518,40255,completed,36
27604,Rigid,1804439,1809843,1814580,5404,4737,10141,completed,576
27605,Rigid,1804792,1806280,1807707,1488,1427,2915,completed,180
27606,Rigid,1804819,1805672,1810442,853,4770,5623,completed,144
27607,Rigid,1805227,1806768,1870719,1541,63951,65492,completed,144
27608,Rigid,1805585,1805585,1805589,0,4,4,completed,16
27609,Rigid,1805635,1808655,1850636,3020,41981,45001,completed,36
27610,Rigid,1805642,1808716,1808723,3074,7,3081,completed,36
27611,Rigid,1805645,1808746,1859986,3101,51240,54341,completed,36
27612,Rigid,1805659,1808746,1853684,3087,44938,48025,completed,36
27613,Rigid,1805663,1808746,1842757,3083,34011,37094,completed,36
27614,Rigid,1805666,1808837,1839894,3171,31057,34228,completed,36
27615,Rigid,1805722,1805946,1872588,224,66642,66866,completed,72
27616,Rigid,1806036,1806036,1806040,0,4,4,completed,16
27617,Rigid,1806528,1806528,1806532,0,4,4,completed,16
27618,Rigid,1806565,1806565,1806569,0,4,4,completed,16
27619,Rigid,1806647,1806647,1806671,0,24,24,completed,16
27620,Rigid,1806685,1806685,1806689,0,4,4,completed,16
27621,Rigid,1806769,1806769,1806772,0,3,3,completed,16
27622,Rigid,1806787,1806787,1806791,0,4,4,completed,16
27623,Rigid,1806848,1806848,1806851,0,3,3,completed,16
27624,Rigid,1806925,1806925,1806928,0,3,3,completed,16
27625,Rigid,1806953,1806953,1806956,0,3,3,completed,16
27626,Rigid,1806985,1806985,1806989,0,4,4,completed,16
27627,Rigid,1807021,1807021,1807026,0,5,5,completed,16
27628,Rigid,1807182,1807182,1807186,0,4,4,completed,16
27629,Rigid,1807196,1807196,1807199,0,3,3,completed,16
27630,Rigid,1808202,1808202,1808207,0,5,5,completed,16
27631,Rigid,1809052,1809232,1852859,180,43627,43807,completed,36
27632,Rigid,1809322,1809323,1809463,1,140,141,completed,1
27633,Rigid,1809322,1809323,1809463,1,140,141,completed,1
27634,Rigid,1809322,1809323,1809460,1,137,138,completed,1
27635,Rigid,1809322,1809323,1809462,1,139,140,completed,1
27636,Rigid,1809322,1809323,1809460,1,137,138,completed,1
27637,Rigid,1809322,1809323,1809461,1,138,139,completed,1
27638,Rigid,1809322,1809323,1809460,1,137,138,completed,1
27639,Rigid,1809322,1809323,1809461,1,138,139,completed,1
27640,Rigid,1809322,1809323,1809458,1,135,136,completed,1
27641,Rigid,1809322,1809323,1809461,1,138,139,completed,1
27642,Rigid,1809322,1809323,1809461,1,138,139,completed,1
27643,Rigid,1809322,1809323,1809463,1,140,141,completed,1
27644,Rigid,1809322,1809323,1809458,1,135,136,completed,1
27645,Rigid,1809322,1809323,1809459,1,136,137,completed,1
27646,Rigid,1809322,1809323,1809460,1,137,138,completed,1
27647,Rigid,1809322,1809323,1809463,1,140,141,completed,1
27648,Rigid,1809322,1809323,1809459,1,136,137,completed,1
27649,Rigid,1809322,1809323,1809463,1,140,141,completed,1
27650,Rigid,1809322,1809323,1809455,1,132,133,completed,1
27651,Rigid,1809322,1809323,1809462,1,139,140,completed,1
27652,Rigid,1809322,1809323,1809457,1,134,135,completed,1
27653,Rigid,1809322,1809323,1809462,1,139,140,completed,1
27654,Rigid,1809322,1809323,1809459,1,136,137,completed,1
27655,Rigid,1809322,1809323,1809460,1,137,138,completed,1
27656,Rigid,1809322,1809323,1809456,1,133,134,completed,1
27657,Rigid,1809322,1809323,1809458,1,135,136,completed,1
27658,Rigid,1809322,1809323,1809456,1,133,134,completed,1
27659,Rigid,1809322,1809323,1809461,1,138,139,completed,1
27660,Rigid,1809322,1809323,1809460,1,137,138,completed,1
27661,Rigid,1809322,1809323,1809465,1,142,143,completed,1
27662,Rigid,1809322,1809323,1809456,1,133,134,completed,1
27663,Rigid,1809322,1809323,1809459,1,136,137,completed,1
27664,Rigid,1809322,1809323,1809455,1,132,133,completed,1
27665,Rigid,1809322,1809323,1809464,1,141,142,completed,1
27666,Rigid,1809322,1809323,1809466,1,143,144,completed,1
27667,Rigid,1809322,1809323,1809462,1,139,140,completed,1
27668,Rigid,1809322,1809323,1809455,1,132,133,completed,1
27669,Rigid,1809322,1809323,1809462,1,139,140,completed,1
27670,Rigid,1809322,1809323,1809455,1,132,133,completed,1
27671,Rigid,1809322,1809323,1809462,1,139,140,completed,1
27672,Rigid,1809322,1809323,1809457,1,134,135,completed,1
27673,Rigid,1809322,1809323,1809462,1,139,140,completed,1
27674,Rigid,1809322,1809323,1809456,1,133,134,completed,1
27675,Rigid,1809322,1809323,1809460,1,137,138,completed,1
27676,Rigid,1809322,1809323,1809457,1,134,135,completed,1
27677,Rigid,1809322,1809323,1809458,1,135,136,completed,1
27678,Rigid,1809322,1809323,1809459,1,136,137,completed,1
27679,Rigid,1809322,1809323,1809461,1,138,139,completed,1
27680,Rigid,1809322,1809323,1809455,1,132,133,completed,1
27681,Rigid,1809322,1809323,1809460,1,137,138,completed,1
27682,Rigid,1809322,1809323,1809457,1,134,135,completed,1
27683,Rigid,1809322,1809323,1809465,1,142,143,completed,1
27684,Rigid,1809322,1809323,1809458,1,135,136,completed,1
27685,Rigid,1809322,1809323,1809462,1,139,140,completed,1
27686,Rigid,1809322,1809323,1809456,1,133,134,completed,1
27687,Rigid,1809322,1809323,1809460,1,137,138,completed,1
27688,Rigid,1809322,1809323,1809457,1,134,135,completed,1
27689,Rigid,1809322,1809323,1809462,1,139,140,completed,1
27690,Rigid,1809322,1809323,1809456,1,133,134,completed,1
27691,Rigid,1809322,1809323,1809458,1,135,136,completed,1
27692,Rigid,1809322,1809323,1809457,1,134,135,completed,1
27693,Rigid,1809322,1809323,1809458,1,135,136,completed,1
27694,Rigid,1809322,1809323,1809457,1,134,135,completed,1
27695,Rigid,1809322,1809323,1809459,1,136,137,completed,1
27696,Rigid,1809322,1809323,1809459,1,136,137,completed,1
27697,Rigid,1809322,1809323,1809463,1,140,141,completed,1
27698,Rigid,1809322,1809323,1809456,1,133,134,completed,1
27699,Rigid,1809322,1809323,1809462,1,139,140,completed,1
27700,Rigid,1809322,1809323,1809455,1,132,133,completed,1
27701,Rigid,1809322,1809323,1809464,1,141,142,completed,1
27702,Rigid,1809322,1809323,1809458,1,135,136,completed,1
27703,Rigid,1809322,1809323,1809462,1,139,140,completed,1
27704,Rigid,1809322,1809323,1809456,1,133,134,completed,1
27705,Rigid,1809322,1809323,1809459,1,136,137,completed,1
27706,Rigid,1809322,1809323,1809455,1,132,133,completed,1
27707,Rigid,1809322,1809323,1809462,1,139,140,completed,1
27708,Rigid,1809322,1809323,1809455,1,132,133,completed,1
27709,Rigid,1809322,1809323,1809459,1,136,137,completed,1
27710,Rigid,1809322,1809323,1809456,1,133,134,completed,1
27711,Rigid,1809322,1809323,1809457,1,134,135,completed,1
27712,Rigid,1809322,1809323,1809456,1,133,134,completed,1
27713,Rigid,1809322,1809323,1809460,1,137,138,completed,1
27714,Rigid,1809322,1809323,1809460,1,137,138,completed,1
27715,Rigid,1809322,1809323,1809462,1,139,140,completed,1
27716,Rigid,1809322,1809323,1809455,1,132,133,completed,1
27717,Rigid,1809322,1809323,1809463,1,140,141,completed,1
27718,Rigid,1809322,1809323,1809456,1,133,134,completed,1
27719,Rigid,1809322,1809323,1809463,1,140,141,completed,1
27720,Rigid,1809322,1809323,1809468,1,145,146,completed,1
27721,Rigid,1809322,1809323,1809461,1,138,139,completed,1
27722,Rigid,1809322,1809323,1809456,1,133,134,completed,1
27723,Rigid,1809322,1809323,1809460,1,137,138,completed,1
27724,Rigid,1809322,1809323,1809457,1,134,135,completed,1
27725,Rigid,1809322,1809323,1809463,1,140,141,completed,1
27726,Rigid,1809322,1809323,1809456,1,133,134,completed,1
27727,Rigid,1809322,1809323,1809460,1,137,138,completed,1
27728,Rigid,1809322,1809323,1809456,1,133,134,completed,1
27729,Rigid,1809322,1809323,1809460,1,137,138,completed,1
27730,Rigid,1809322,1809323,1809455,1,132,133,completed,1
27731,Rigid,1809322,1809323,1809460,1,137,138,completed,1
27732,Rigid,1809322,1809323,1809425,1,102,103,completed,1
27733,Rigid,1809322,1809323,1809432,1,109,110,completed,1
27734,Rigid,1809322,1809324,1809423,2,99,101,completed,1
27735,Rigid,1809322,1809324,1809430,2,106,108,completed,1
27736,Rigid,1809322,1809324,1809423,2,99,101,completed,1
27737,Rigid,1809322,1809324,1809432,2,108,110,completed,1
27738,Rigid,1809322,1809354,1809442,32,88,120,completed,1
27739,Rigid,1809322,1809354,1809449,32,95,127,completed,1
27740,Rigid,1809322,1809354,1809440,32,86,118,completed,1
27741,Rigid,1809322,1809354,1809448,32,94,126,completed,1
27742,Rigid,1809322,1809354,1809445,32,91,123,completed,1
27743,Rigid,1809322,1809354,1809449,32,95,127,completed,1
27744,Rigid,1809322,1809354,1809442,32,88,120,completed,1
27745,Rigid,1809322,1809354,1809448,32,94,126,completed,1
27746,Rigid,1809322,1809354,1809440,32,86,118,completed,1
27747,Rigid,1809322,1809354,1809449,32,95,127,completed,1
27748,Rigid,1809322,1809354,1809442,32,88,120,completed,1
27749,Rigid,1809322,1809354,1809449,32,95,127,completed,1
27750,Rigid,1809322,1809354,1809443,32,89,121,completed,1
27751,Rigid,1809322,1809354,1809450,32,96,128,completed,1
27752,Rigid,1809322,1809354,1809441,32,87,119,completed,1
27753,Rigid,1809322,1809354,1809450,32,96,128,completed,1
27754,Rigid,1809322,1809354,1809444,32,90,122,completed,1
27755,Rigid,1809322,1809354,1809451,32,97,129,completed,1
27756,Rigid,1809322,1809354,1809447,32,93,125,completed,1
27757,Rigid,1809322,1809354,1809451,32,97,129,completed,1
27758,Rigid,1809322,1809354,1809441,32,87,119,completed,1
27759,Rigid,1809322,1809354,1809447,32,93,125,completed,1
27760,Rigid,1809322,1809354,1809441,32,87,119,completed,1
27761,Rigid,1809322,1809354,1809454,32,100,132,completed,1
27762,Rigid,1809322,1809354,1809441,32,87,119,completed,1
27763,Rigid,1809322,1809354,1809448,32,94,126,completed,1
27764,Rigid,1809322,1809354,1809442,32,88,120,completed,1
27765,Rigid,1809322,1809354,1809452,32,98,130,completed,1
27766,Rigid,1809322,1809354,1809441,32,87,119,completed,1
27767,Rigid,1809322,1809354,1809450,32,96,128,completed,1
27768,Rigid,1809322,1809354,1809442,32,88,120,completed,1
27769,Rigid,1809322,1809354,1809449,32,95,127,completed,1
27770,Rigid,1809322,1809354,1809444,32,90,122,completed,1
27771,Rigid,1809322,1809354,1809450,32,96,128,completed,1
27772,Rigid,1809322,1809354,1809440,32,86,118,completed,1
27773,Rigid,1809322,1809354,1809452,32,98,130,completed,1
27774,Rigid,1809322,1809354,1809441,32,87,119,completed,1
27775,Rigid,1809322,1809354,1809448,32,94,126,completed,1
27776,Rigid,1809322,1809354,1809441,32,87,119,completed,1
27777,Rigid,1809322,1809354,1809447,32,93,125,completed,1
27778,Rigid,1809322,1809354,1809440,32,86,118,completed,1
27779,Rigid,1809322,1809354,1809448,32,94,126,completed,1
27780,Rigid,1809322,1809354,1809440,32,86,118,completed,1
27781,Rigid,1809322,1809354,1809447,32,93,125,completed,1
27782,Rigid,1809322,1809354,1809440,32,86,118,completed,1
27783,Rigid,1809322,1809354,1809447,32,93,125,completed,1
27784,Rigid,1809322,1809354,1809440,32,86,118,completed,1
27785,Rigid,1809322,1809354,1809447,32,93,125,completed,1
27786,Rigid,1809322,1809354,1809442,32,88,120,completed,1
27787,Rigid,1809322,1809354,1809450,32,96,128,completed,1
27788,Rigid,1809322,1809354,1809440,32,86,118,completed,1
27789,Rigid,1809322,1809354,1809447,32,93,125,completed,1
27790,Rigid,1809322,1809354,1809440,32,86,118,completed,1
27791,Rigid,1809322,1809354,1809450,32,96,128,completed,1
27792,Rigid,1809322,1809354,1809445,32,91,123,completed,1
27793,Rigid,1809322,1809354,1809449,32,95,127,completed,1
27794,Rigid,1809322,1809354,1809440,32,86,118,completed,1
27795,Rigid,1809322,1809354,1809448,32,94,126,completed,1
27796,Rigid,1809322,1809354,1809440,32,86,118,completed,1
27797,Rigid,1809322,1809354,1809448,32,94,126,completed,1
27798,Rigid,1809322,1809354,1809442,32,88,120,completed,1
27799,Rigid,1809322,1809354,1809447,32,93,125,completed,1
27800,Rigid,1809322,1809354,1809440,32,86,118,completed,1
27801,Rigid,1809322,1809354,1809448,32,94,126,completed,1
27802,Rigid,1809322,1809354,1809440,32,86,118,completed,1
27803,Rigid,1809322,1809354,1809447,32,93,125,completed,1
27804,Rigid,1809322,1809354,1809442,32,88,120,completed,1
27805,Rigid,1809322,1809355,1809449,33,94,127,completed,1
27806,Rigid,1809322,1809355,1809441,33,86,119,completed,1
27807,Rigid,1809322,1809355,1809448,33,93,126,completed,1
27808,Rigid,1809322,1809355,1809442,33,87,120,completed,1
27809,Rigid,1809322,1809355,1809449,33,94,127,completed,1
27810,Rigid,1809322,1809385,1809470,63,85,148,completed,1
27811,Rigid,1809322,1809385,1809476,63,91,154,completed,1
27812,Rigid,1809322,1809385,1809469,63,84,147,completed,1
27813,Rigid,1809322,1809385,1809477,63,92,155,completed,1
27814,Rigid,1809322,1809385,1809469,63,84,147,completed,1
27815,Rigid,1809322,1809385,1809477,63,92,155,completed,1
27816,Rigid,1809322,1809385,1809470,63,85,148,completed,1
27817,Rigid,1809322,1809385,1809476,63,91,154,completed,1
27818,Rigid,1809322,1809385,1809469,63,84,147,completed,1
27819,Rigid,1809322,1809385,1809475,63,90,153,completed,1
27820,Rigid,1809322,1809385,1809469,63,84,147,completed,1
27821,Rigid,1809322,1809385,1809475,63,90,153,completed,1
27822,Rigid,1809322,1809385,1809470,63,85,148,completed,1
27823,Rigid,1809322,1809385,1809476,63,91,154,completed,1
27824,Rigid,1809322,1809385,1809469,63,84,147,completed,1
27825,Rigid,1809322,1809385,1809476,63,91,154,completed,1
27826,Rigid,1809322,1809385,1809471,63,86,149,completed,1
27827,Rigid,1809322,1809385,1809480,63,95,158,completed,1
27828,Rigid,1809322,1809385,1809475,63,90,153,completed,1
27829,Rigid,1809322,1809385,1809479,63,94,157,completed,1
27830,Rigid,1809322,1809385,1809470,63,85,148,completed,1
27831,Rigid,1809322,1809385,1809476,63,91,154,completed,1
27832,Rigid,1809322,1809385,1809668,63,283,346,completed,1
27833,Rigid,1809322,1809385,1809668,63,283,346,completed,1
27834,Rigid,1809322,1809385,1809675,63,290,353,completed,1
27835,Rigid,1809322,1809385,1809655,63,270,333,completed,1
27836,Rigid,1809322,1809385,1809676,63,291,354,completed,1
27837,Rigid,1809322,1809385,1809656,63,271,334,completed,1
27838,Rigid,1809322,1809385,1809667,63,282,345,completed,1
27839,Rigid,1809322,1809385,1809662,63,277,340,completed,1
27840,Rigid,1809322,1809385,1809677,63,292,355,completed,1
27841,Rigid,1809322,1809385,1809670,63,285,348,completed,1
27842,Rigid,1809322,1809385,1809669,63,284,347,completed,1
27843,Rigid,1809322,1809385,1809656,63,271,334,completed,1
27844,Rigid,1809322,1809385,1809676,63,291,354,completed,1
27845,Rigid,1809322,1809385,1809662,63,277,340,completed,1
27846,Rigid,1809322,1809385,1809673,63,288,351,completed,1
27847,Rigid,1809322,1809385,1809663,63,278,341,completed,1
27848,Rigid,1809322,1809385,1809667,63,282,345,completed,1
27849,Rigid,1809322,1809385,1809662,63,277,340,completed,1
27850,Rigid,1809322,1809385,1809665,63,280,343,completed,1
27851,Rigid,1809322,1809385,1809659,63,274,337,completed,1
27852,Rigid,1809322,1809385,1809668,63,283,346,completed,1
27853,Rigid,1809322,1809385,1809655,63,270,333,completed,1
27854,Rigid,1809322,1809385,1809672,63,287,350,completed,1
27855,Rigid,1809322,1809385,1809651,63,266,329,completed,1
27856,Rigid,1809322,1809385,1809666,63,281,344,completed,1
27857,Rigid,1809322,1809385,1809653,63,268,331,completed,1
27858,Rigid,1809322,1809385,1809682,63,297,360,completed,1
27859,Rigid,1809322,1809385,1809668,63,283,346,completed,1
27860,Rigid,1809322,1809385,1809672,63,287,350,completed,1
27861,Rigid,1809322,1809385,1809656,63,271,334,completed,1
27862,Rigid,1809322,1809385,1809668,63,283,346,completed,1
27863,Rigid,1809322,1809385,1809669,63,284,347,completed,1
27864,Rigid,1809322,1809385,1809700,63,315,378,completed,1
27865,Rigid,1809322,1809385,1809663,63,278,341,completed,1
27866,Rigid,1809322,1809385,1809664,63,279,342,completed,1
27867,Rigid,1809322,1809385,1809655,63,270,333,completed,1
27868,Rigid,1809322,1809385,1809665,63,280,343,completed,1
27869,Rigid,1809322,1809385,1809657,63,272,335,completed,1
27870,Rigid,1809322,1809385,1809663,63,278,341,completed,1
27871,Rigid,1809322,1809385,1809656,63,271,334,completed,1
27872,Rigid,1809322,1809385,1809665,63,280,343,completed,1
27873,Rigid,1809322,1809385,1809653,63,268,331,completed,1
27874,Rigid,1809322,1809385,1809663,63,278,341,completed,1
27875,Rigid,1809322,1809385,1809653,63,268,331,completed,1
27876,Rigid,1809322,1809385,1809676,63,291,354,completed,1
27877,Rigid,1809322,1809385,1809668,63,283,346,completed,1
27878,Rigid,1809322,1809386,1809666,64,280,344,completed,1
27879,Rigid,1809322,1809386,1809653,64,267,331,completed,1
27880,Rigid,1809322,1809386,1809664,64,278,342,completed,1
27881,Rigid,1809322,1809386,1809669,64,283,347,completed,1
27882,Rigid,1809322,1809386,1809674,64,288,352,completed,1
27883,Rigid,1809322,1809386,1809669,64,283,347,completed,1
27884,Rigid,1809322,1809386,1809665,64,279,343,completed,1
27885,Rigid,1809322,1809386,1809662,64,276,340,completed,1
27886,Rigid,1809322,1809386,1809666,64,280,344,completed,1
27887,Rigid,1809322,1809386,1809662,64,276,340,completed,1
27888,Rigid,1809322,1809386,1809666,64,280,344,completed,1
27889,Rigid,1809322,1809386,1809654,64,268,332,completed,1
27890,Rigid,1809322,1809386,1809665,64,279,343,completed,1
27891,Rigid,1809322,1809386,1809653,64,267,331,completed,1
27892,Rigid,1809322,1809386,1809668,64,282,346,completed,1
27893,Rigid,1809322,1809386,1809656,64,270,334,completed,1
27894,Rigid,1809322,1809386,1809673,64,287,351,completed,1
27895,Rigid,1809322,1809386,1809671,64,285,349,completed,1
27896,Rigid,1809322,1809386,1809665,64,279,343,completed,1
27897,Rigid,1809322,1809386,1809656,64,270,334,completed,1
27898,Rigid,1809322,1809386,1809663,64,277,341,completed,1
27899,Rigid,1809322,1809386,1809663,64,277,341,completed,1
27900,Rigid,1809322,1809386,1809699,64,313,377,completed,1
27901,Rigid,1809322,1809386,1809663,64,277,341,completed,1
27902,Rigid,1809322,1809386,1809665,64,279,343,completed,1
27903,Rigid,1809322,1809386,1809658,64,272,336,completed,1
27904,Rigid,1809322,1809386,1809663,64,277,341,completed,1
27905,Rigid,1809322,1809386,1809663,64,277,341,completed,1
27906,Rigid,1809322,1809386,1809671,64,285,349,completed,1
27907,Rigid,1809322,1809386,1809658,64,272,336,completed,1
27908,Rigid,1809322,1809386,1809664,64,278,342,completed,1
27909,Rigid,1809322,1809386,1809656,64,270,334,completed,1
27910,Rigid,1809322,1809386,1809669,64,283,347,completed,1
27911,Rigid,1809322,1809386,1809656,64,270,334,completed,1
27912,Rigid,1809322,1809386,1809675,64,289,353,completed,1
27913,Rigid,1809322,1809386,1809661,64,275,339,completed,1
27914,Rigid,1809322,1809386,1809674,64,288,352,completed,1
27915,Rigid,1809322,1809386,1809654,64,268,332,completed,1
27916,Rigid,1809322,1809386,1809665,64,279,343,completed,1
27917,Rigid,1809322,1809386,1809669,64,283,347,completed,1
27918,Rigid,1809322,1809446,1809704,124,258,382,completed,1
27919,Rigid,1809322,1809446,1809693,124,247,371,completed,1
27920,Rigid,1809322,1809446,1809699,124,253,377,completed,1
27921,Rigid,1809322,1809446,1809689,124,243,367,completed,1
27922,Rigid,1809322,1809447,1809699,125,252,377,completed,1
27923,Rigid,1809322,1809447,1809718,125,271,396,completed,1
27924,Rigid,1809322,1809447,1809695,125,248,373,completed,1
27925,Rigid,1809322,1809447,1809691,125,244,369,completed,1
27926,Rigid,1809322,1809447,1809708,125,261,386,completed,1
27927,Rigid,1809322,1809447,1809688,125,241,366,completed,1
27928,Rigid,1809322,1809447,1809699,125,252,377,completed,1
27929,Rigid,1809322,1809447,1809709,125,262,387,completed,1
27930,Rigid,1809322,1809447,1809704,125,257,382,completed,1
27931,Rigid,1809322,1809447,1809687,125,240,365,completed,1
27932,Rigid,1809322,1809447,1809640,125,193,318,completed,1
27933,Rigid,1809322,1809447,1809638,125,191,316,completed,1
27934,Rigid,1809322,1809447,1809630,125,183,308,completed,1
27935,Rigid,1809322,1809447,1809646,125,199,324,completed,1
27936,Rigid,1809322,1809447,1809637,125,190,315,completed,1
27937,Rigid,1809322,1809447,1809641,125,194,319,completed,1
27938,Rigid,1809322,1809447,1809629,125,182,307,completed,1
27939,Rigid,1809322,1809447,1809643,125,196,321,completed,1
27940,Rigid,1809322,1809447,1809637,125,190,315,completed,1
27941,Rigid,1809322,1809477,1809693,155,216,371,completed,1
27942,Rigid,1809322,1809477,1809677,155,200,355,completed,1
27943,Rigid,1809322,1809477,1809695,155,218,373,completed,1
27944,Rigid,1809322,1809477,1809681,155,204,359,completed,1
27945,Rigid,1809322,1809477,1809688,155,211,366,completed,1
27946,Rigid,1809322,1809477,1809684,155,207,362,completed,1
27947,Rigid,1809322,1809477,1809696,155,219,374,completed,1
27948,Rigid,1809322,1809477,1809683,155,206,361,completed,1
27949,Rigid,1809322,1809477,1809701,155,224,379,completed,1
27950,Rigid,1809322,1809477,1809706,155,229,384,completed,1
27951,Rigid,1809322,1809477,1809696,155,219,374,completed,1
27952,Rigid,1809322,1809477,1809680,155,203,358,completed,1
27953,Rigid,1809322,1809477,1809698,155,221,376,completed,1
27954,Rigid,1809322,1809477,1809676,155,199,354,completed,1
27955,Rigid,1809322,1809477,1809689,155,212,367,completed,1
27956,Rigid,1809322,1809477,1809695,155,218,373,completed,1
27957,Rigid,1809322,1809477,1809705,155,228,383,completed,1
27958,Rigid,1809322,1809477,1809680,155,203,358,completed,1
27959,Rigid,1809322,1809477,1809714,155,237,392,completed,1
27960,Rigid,1809322,1809477,1809683,155,206,361,completed,1
27961,Rigid,1809322,1809477,1809693,155,216,371,completed,1
27962,Rigid,1809322,1809477,1809686,155,209,364,completed,1
27963,Rigid,1809322,1809477,1809700,155,223,378,completed,1
27964,Rigid,1809322,1809477,1809679,155,202,357,completed,1
27965,Rigid,1809322,1809477,1809691,155,214,369,completed,1
27966,Rigid,1809322,1809477,1809680,155,203,358,completed,1
27967,Rigid,1809322,1809477,1809686,155,209,364,completed,1
27968,Rigid,1809322,1809477,1809678,155,201,356,completed,1
27969,Rigid,1809322,1809477,1809696,155,219,374,completed,1
27970,Rigid,1809322,1809477,1809686,155,209,364,completed,1
27971,Rigid,1809322,1809477,1809692,155,215,370,completed,1
27972,Rigid,1809322,1809477,1809679,155,202,357,completed,1
27973,Rigid,1809322,1809477,1809696,155,219,374,completed,1
27974,Rigid,1809322,1809477,1809686,155,209,364,completed,1
27975,Rigid,1809322,1809477,1809701,155,224,379,completed,1
27976,Rigid,1809322,1809477,1809682,155,205,360,completed,1
27977,Rigid,1809322,1809477,1809691,155,214,369,completed,1
27978,Rigid,1809322,1809477,1809680,155,203,358,completed,1
27979,Rigid,1809322,1809477,1809686,155,209,364,completed,1
27980,Rigid,1809322,1809477,1809680,155,203,358,completed,1
27981,Rigid,1809322,1809477,1809692,155,215,370,completed,1
27982,Rigid,1809322,1809477,1809676,155,199,354,completed,1
27983,Rigid,1809322,1809477,1809686,155,209,364,completed,1
27984,Rigid,1809322,1809477,1809676,155,199,354,completed,1
27985,Rigid,1809322,1809477,1809686,155,209,364,completed,1
27986,Rigid,1809322,1809477,1809676,155,199,354,completed,1
27987,Rigid,1809322,1809477,1809683,155,206,361,completed,1
27988,Rigid,1809322,1809477,1809684,155,207,362,completed,1
27989,Rigid,1809322,1809477,1809692,155,215,370,completed,1
27990,Rigid,1809322,1809477,1809680,155,203,358,completed,1
27991,Rigid,1809322,1809477,1809686,155,209,364,completed,1
27992,Rigid,1809322,1809477,1809675,155,198,353,completed,1
27993,Rigid,1809322,1809477,1809694,155,217,372,completed,1
27994,Rigid,1809322,1809477,1809705,155,228,383,completed,1
27995,Rigid,1809322,1809477,1809692,155,215,370,completed,1
27996,Rigid,1809322,1809477,1809676,155,199,354,completed,1
27997,Rigid,1809322,1809477,1809689,155,212,367,completed,1
27998,Rigid,1809322,1809477,1809676,155,199,354,completed,1
27999,Rigid,1809322,1809477,1809691,155,214,369,completed,1
28000,Rigid,1809322,1809477,1809678,155,201,356,completed,1
28001,Rigid,1809322,1809477,1809688,155,211,366,completed,1
28002,Rigid,1809322,1809477,1809679,155,202,357,completed,1
28003,Rigid,1809322,1809477,1809683,155,206,361,completed,1
28004,Rigid,1809322,1809477,1809680,155,203,358,completed,1
28005,Rigid,1809322,1809477,1809685,155,208,363,completed,1
28006,Rigid,1809322,1809478,1809685,156,207,363,completed,1
28007,Rigid,1809322,1809478,1809693,156,215,371,completed,1
28008,Rigid,1809322,1809478,1809677,156,199,355,completed,1
28009,Rigid,1809322,1809478,1809689,156,211,367,completed,1
28010,Rigid,1809322,1809478,1809674,156,196,352,completed,1
28011,Rigid,1809322,1809478,1809693,156,215,371,completed,1
28012,Rigid,1809322,1809478,1809692,156,214,370,completed,1
28013,Rigid,1809322,1809478,1809681,156,203,359,completed,1
28014,Rigid,1809322,1809478,1809670,156,192,348,completed,1
28015,Rigid,1809322,1809478,1809682,156,204,360,completed,1
28016,Rigid,1809322,1809478,1809673,156,195,351,completed,1
28017,Rigid,1809322,1809478,1809684,156,206,362,completed,1
28018,Rigid,1809322,1809478,1809675,156,197,353,completed,1
28019,Rigid,1809322,1809478,1809678,156,200,356,completed,1
28020,Rigid,1809322,1809478,1809672,156,194,350,completed,1
28021,Rigid,1809322,1809478,1809679,156,201,357,completed,1
28022,Rigid,1809322,1809478,1809668,156,190,346,completed,1
28023,Rigid,1809322,1809478,1809676,156,198,354,completed,1
28024,Rigid,1809322,1809478,1809683,156,205,361,completed,1
28025,Rigid,1809322,1809478,1809691,156,213,369,completed,1
28026,Rigid,1809322,1809478,1809676,156,198,354,completed,1
28027,Rigid,1809322,1809478,1809686,156,208,364,completed,1
28028,Rigid,1809322,1809478,1809677,156,199,355,completed,1
28029,Rigid,1809322,1809478,1809691,156,213,369,completed,1
28030,Rigid,1809322,1809478,1809677,156,199,355,completed,1
28031,Rigid,1809322,1809478,1809690,156,212,368,completed,1
28032,Rigid,1809322,1809478,1809727,156,249,405,completed,1
28033,Rigid,1809322,1809478,1809702,156,224,380,completed,1
28034,Rigid,1809322,1809478,1809722,156,244,400,completed,1
28035,Rigid,1809322,1809478,1809711,156,233,389,completed,1
28036,Rigid,1809322,1809478,1809738,156,260,416,completed,1
28037,Rigid,1809322,1809478,1809713,156,235,391,completed,1
28038,Rigid,1809322,1809478,1809723,156,245,401,completed,1
28039,Rigid,1809322,1809478,1809705,156,227,383,completed,1
28040,Rigid,1809322,1809478,1809720,156,242,398,completed,1
28041,Rigid,1809322,1809478,1809712,156,234,390,completed,1
28042,Rigid,1809322,1809478,1809745,156,267,423,completed,1
28043,Rigid,1809322,1809478,1809727,156,249,405,completed,1
28044,Rigid,1809322,1809478,1809736,156,258,414,completed,1
28045,Rigid,1809322,1809478,1809716,156,238,394,completed,1
28046,Rigid,1809322,1809478,1809737,156,259,415,completed,1
28047,Rigid,1809322,1809478,1809722,156,244,400,completed,1
28048,Rigid,1809322,1809478,1809737,156,259,415,completed,1
28049,Rigid,1809322,1809478,1809719,156,241,397,completed,1
28050,Rigid,1809322,1809478,1809734,156,256,412,completed,1
28051,Rigid,1809322,1809478,1809715,156,237,393,completed,1
28052,Rigid,1809322,1809478,1809740,156,262,418,completed,1
28053,Rigid,1809322,1809478,1809722,156,244,400,completed,1
28054,Rigid,1809322,1809478,1809747,156,269,425,completed,1
28055,Rigid,1809322,1809478,1809726,156,248,404,completed,1
28056,Rigid,1809322,1809478,1809740,156,262,418,completed,1
28057,Rigid,1809322,1809478,1809720,156,242,398,completed,1
28058,Rigid,1809322,1809478,1809738,156,260,416,completed,1
28059,Rigid,1809322,1809478,1809721,156,243,399,completed,1
28060,Rigid,1809322,1809478,1809767,156,289,445,completed,1
28061,Rigid,1809322,1809478,1809717,156,239,395,completed,1
28062,Rigid,1809322,1809478,1809738,156,260,416,completed,1
28063,Rigid,1809322,1809479,1809723,157,244,401,completed,1
28064,Rigid,1809322,1809479,1809736,157,257,414,completed,1
28065,Rigid,1809322,1809479,1809725,157,246,403,completed,1
28066,Rigid,1809322,1809479,1809741,157,262,419,completed,1
28067,Rigid,1809322,1809479,1809714,157,235,392,completed,1
28068,Rigid,1809322,1809479,1809737,157,258,415,completed,1
28069,Rigid,1809322,1809479,1809714,157,235,392,completed,1
28070,Rigid,1809322,1809479,1809736,157,257,414,completed,1
28071,Rigid,1809322,1809479,1809717,157,238,395,completed,1
28072,Rigid,1809322,1809479,1809748,157,269,426,completed,1
28073,Rigid,1809322,1809479,1809726,157,247,404,completed,1
28074,Rigid,1809322,1809479,1809745,157,266,423,completed,1
28075,Rigid,1809322,1809479,1809718,157,239,396,completed,1
28076,Rigid,1809322,1809479,1809750,157,271,428,completed,1
28077,Rigid,1809322,1809479,1809723,157,244,401,completed,1
28078,Rigid,1809322,1809479,1809730,157,251,408,completed,1
28079,Rigid,1809322,1809479,1809715,157,236,393,completed,1
28080,Rigid,1809322,1809479,1809727,157,248,405,completed,1
28081,Rigid,1809322,1809479,1809704,157,225,382,completed,1
28082,Rigid,1809322,1809479,1809723,157,244,401,completed,1
28083,Rigid,1809322,1809479,1809711,157,232,389,completed,1
28084,Rigid,1809322,1809479,1809725,157,246,403,completed,1
28085,Rigid,1809322,1809479,1809704,157,225,382,completed,1
28086,Rigid,1809322,1809479,1809720,157,241,398,completed,1
28087,Rigid,1809322,1809479,1809705,157,226,383,completed,1
28088,Rigid,1809322,1809479,1809725,157,246,403,completed,1
28089,Rigid,1809322,1809479,1809710,157,231,388,completed,1
28090,Rigid,1809322,1809479,1809732,157,253,410,completed,1
28091,Rigid,1809322,1809479,1809709,157,230,387,completed,1
28092,Rigid,1809322,1809479,1809723,157,244,401,completed,1
28093,Rigid,1809322,1809479,1809702,157,223,380,completed,1
28094,Rigid,1809322,1809479,1809726,157,247,404,completed,1
28095,Rigid,1809322,1809479,1809712,157,233,390,completed,1
28096,Rigid,1809322,1809510,1809772,188,262,450,completed,1
28097,Rigid,1809322,1809510,1809732,188,222,410,completed,1
28098,Rigid,1809322,1809510,1809747,188,237,425,completed,1
28099,Rigid,1809322,1809510,1809725,188,215,403,completed,1
28100,Rigid,1809322,1809510,1809753,188,243,431,completed,1
28101,Rigid,1809322,1809510,1809731,188,221,409,completed,1
28102,Rigid,1809322,1809510,1809749,188,239,427,completed,1
28103,Rigid,1809322,1809510,1809727,188,217,405,completed,1
28104,Rigid,1809322,1809510,1809746,188,236,424,completed,1
28105,Rigid,1809322,1809510,1809736,188,226,414,completed,1
28106,Rigid,1809322,1809510,1809755,188,245,433,completed,1
28107,Rigid,1809322,1809510,1809731,188,221,409,completed,1
28108,Rigid,1809322,1809510,1809745,188,235,423,completed,1
28109,Rigid,1809322,1809510,1809724,188,214,402,completed,1
28110,Rigid,1809322,1809510,1809743,188,233,421,completed,1
28111,Rigid,1809322,1809510,1809724,188,214,402,completed,1
28112,Rigid,1809322,1809510,1809761,188,251,439,completed,1
28113,Rigid,1809322,1809510,1809735,188,225,413,completed,1
28114,Rigid,1809322,1809510,1809753,188,243,431,completed,1
28115,Rigid,1809322,1809510,1809729,188,219,407,completed,1
28116,Rigid,1809322,1809510,1809754,188,244,432,completed,1
28117,Rigid,1809322,1809510,1809733,188,223,411,completed,1
28118,Rigid,1809322,1809570,1809842,248,272,520,completed,1
28119,Rigid,1809322,1809570,1809818,248,248,496,completed,1
28120,Rigid,1809322,1809570,1809832,248,262,510,completed,1
28121,Rigid,1809322,1809570,1809817,248,247,495,completed,1
28122,Rigid,1809322,1809570,1809839,248,269,517,completed,1
28123,Rigid,1809322,1809570,1809819,248,249,497,completed,1
28124,Rigid,1809322,1809570,1809833,248,263,511,completed,1
28125,Rigid,1809322,1809570,1809818,248,248,496,completed,1
28126,Rigid,1809322,1809570,1809832,248,262,510,completed,1
28127,Rigid,1809322,1809570,1809811,248,241,489,completed,1
28128,Rigid,1809322,1809570,1809834,248,264,512,completed,1
28129,Rigid,1809322,1809570,1809811,248,241,489,completed,1
28130,Rigid,1809322,1809570,1809840,248,270,518,completed,1
28131,Rigid,1809322,1809570,1809821,248,251,499,completed,1
28132,Rigid,1809806,1809813,1809815,7,2,9,completed,16
28133,Rigid,1809983,1809983,1811373,0,1390,1390,completed,1
28134,Rigid,1809983,1809983,1811395,0,1412,1412,completed,1
28135,Rigid,1809983,1809983,1811361,0,1378,1378,completed,1
28136,Rigid,1809983,1809983,1811346,0,1363,1363,completed,1
28137,Rigid,1809983,1809983,1811335,0,1352,1352,completed,1
28138,Rigid,1809983,1809983,1811390,0,1407,1407,completed,1
28139,Rigid,1809983,1809983,1811412,0,1429,1429,completed,1
28140,Rigid,1809983,1809983,1811339,0,1356,1356,completed,1
28141,Rigid,1809983,1809983,1811338,0,1355,1355,completed,1
28142,Rigid,1809983,1809983,1811326,0,1343,1343,completed,1
28143,Rigid,1809983,1809984,1811346,1,1362,1363,completed,1
28144,Rigid,1809983,1809984,1811387,1,1403,1404,completed,1
28145,Rigid,1809983,1809984,1811422,1,1438,1439,completed,1
28146,Rigid,1809983,1809984,1811382,1,1398,1399,completed,1
28147,Rigid,1809983,1809984,1811330,1,1346,1347,completed,1
28148,Rigid,1809983,1809984,1811345,1,1361,1362,completed,1
28149,Rigid,1809983,1809984,1811382,1,1398,1399,completed,1
28150,Rigid,1809983,1809984,1811392,1,1408,1409,completed,1
28151,Rigid,1809983,1809984,1811491,1,1507,1508,completed,1
28152,Rigid,1809983,1809984,1811372,1,1388,1389,completed,1
28153,Rigid,1809983,1809984,1811329,1,1345,1346,completed,1
28154,Rigid,1809983,1809984,1811406,1,1422,1423,completed,1
28155,Rigid,1809983,1809984,1811325,1,1341,1342,completed,1
28156,Rigid,1809983,1809984,1811382,1,1398,1399,completed,1
28157,Rigid,1809983,1809984,1811346,1,1362,1363,completed,1
28158,Rigid,1809983,1809984,1811341,1,1357,1358,completed,1
28159,Rigid,1809983,1809984,1811335,1,1351,1352,completed,1
28160,Rigid,1809983,1809984,1811319,1,1335,1336,completed,1
28161,Rigid,1809983,1809984,1811325,1,1341,1342,completed,1
28162,Rigid,1809983,1809984,1811343,1,1359,1360,completed,1
28163,Rigid,1809983,1809984,1811390,1,1406,1407,completed,1
28164,Rigid,1809983,1809984,1811363,1,1379,1380,completed,1
28165,Rigid,1809983,1809984,1811323,1,1339,1340,completed,1
28166,Rigid,1809983,1809984,1811324,1,1340,1341,completed,1
28167,Rigid,1809983,1809984,1811310,1,1326,1327,completed,1
28168,Rigid,1809983,1809984,1811418,1,1434,1435,completed,1
28169,Rigid,1809983,1809984,1811464,1,1480,1481,completed,1
28170,Rigid,1809983,1809984,1811355,1,1371,1372,completed,1
28171,Rigid,1809983,1809984,1811309,1,1325,1326,completed,1
28172,Rigid,1809983,1809984,1811341,1,1357,1358,completed,1
28173,Rigid,1809983,1809984,1811326,1,1342,1343,completed,1
28174,Rigid,1809983,1809984,1811334,1,1350,1351,completed,1
28175,Rigid,1809983,1809984,1811331,1,1347,1348,completed,1
28176,Rigid,1809983,1809984,1811296,1,1312,1313,completed,1
28177,Rigid,1809983,1809984,1811297,1,1313,1314,completed,1
28178,Rigid,1809983,1809984,1811314,1,1330,1331,completed,1
28179,Rigid,1809983,1809984,1811356,1,1372,1373,completed,1
28180,Rigid,1809983,1809984,1811369,1,1385,1386,completed,1
28181,Rigid,1809983,1809984,1811308,1,1324,1325,completed,1
28182,Rigid,1809983,1809984,1811324,1,1340,1341,completed,1
28183,Rigid,1809983,1809984,1811339,1,1355,1356,completed,1
28184,Rigid,1809983,1809984,1811363,1,1379,1380,completed,1
28185,Rigid,1809983,1809984,1811322,1,1338,1339,completed,1
28186,Rigid,1809983,1809984,1811337,1,1353,1354,completed,1
28187,Rigid,1809983,1809984,1811267,1,1283,1284,completed,1
28188,Rigid,1809983,1809984,1811296,1,1312,1313,completed,1
28189,Rigid,1809983,1809984,1811277,1,1293,1294,completed,1
28190,Rigid,1809983,1809984,1811303,1,1319,1320,completed,1
28191,Rigid,1809983,1809984,1811278,1,1294,1295,completed,1
28192,Rigid,1809983,1809984,1811267,1,1283,1284,completed,1
28193,Rigid,1809983,1809984,1811290,1,1306,1307,completed,1
28194,Rigid,1809983,1809984,1811294,1,1310,1311,completed,1
28195,Rigid,1809983,1809984,1811275,1,1291,1292,completed,1
28196,Rigid,1809983,1809984,1811313,1,1329,1330,completed,1
28197,Rigid,1809983,1809984,1811355,1,1371,1372,completed,1
28198,Rigid,1809983,1809984,1811315,1,1331,1332,completed,1
28199,Rigid,1809983,1809984,1811264,1,1280,1281,completed,1
28200,Rigid,1809983,1809984,1811302,1,1318,1319,completed,1
28201,Rigid,1809983,1809984,1811268,1,1284,1285,completed,1
28202,Rigid,1809983,1809984,1811333,1,1349,1350,completed,1
28203,Rigid,1809983,1809984,1811366,1,1382,1383,completed,1
28204,Rigid,1809983,1809984,1811358,1,1374,1375,completed,1
28205,Rigid,1809983,1809984,1811322,1,1338,1339,completed,1
28206,Rigid,1809983,1809984,1811374,1,1390,1391,completed,1
28207,Rigid,1809983,1809984,1811335,1,1351,1352,completed,1
28208,Rigid,1809983,1809984,1811408,1,1424,1425,completed,1
28209,Rigid,1809983,1809984,1811320,1,1336,1337,completed,1
28210,Rigid,1809983,1809984,1811329,1,1345,1346,completed,1
28211,Rigid,1809983,1809984,1811349,1,1365,1366,completed,1
28212,Rigid,1809983,1809984,1811325,1,1341,1342,completed,1
28213,Rigid,1809983,1809984,1811328,1,1344,1345,completed,1
28214,Rigid,1809983,1809984,1811384,1,1400,1401,completed,1
28215,Rigid,1809983,1809984,1811383,1,1399,1400,completed,1
28216,Rigid,1809983,1809984,1811423,1,1439,1440,completed,1
28217,Rigid,1809983,1809984,1811347,1,1363,1364,completed,1
28218,Rigid,1809983,1809984,1811366,1,1382,1383,completed,1
28219,Rigid,1809983,1809984,1811314,1,1330,1331,completed,1
28220,Rigid,1809983,1809984,1811406,1,1422,1423,completed,1
28221,Rigid,1809983,1809984,1811478,1,1494,1495,completed,1
28222,Rigid,1809983,1809984,1811384,1,1400,1401,completed,1
28223,Rigid,1809983,1809984,1811355,1,1371,1372,completed,1
28224,Rigid,1809983,1809984,1811362,1,1378,1379,completed,1
28225,Rigid,1809983,1809984,1811333,1,1349,1350,completed,1
28226,Rigid,1809983,1809984,1811361,1,1377,1378,completed,1
28227,Rigid,1809983,1809984,1811392,1,1408,1409,completed,1
28228,Rigid,1809983,1809984,1811359,1,1375,1376,completed,1
28229,Rigid,1809983,1809984,1811343,1,1359,1360,completed,1
28230,Rigid,1809983,1809984,1811335,1,1351,1352,completed,1
28231,Rigid,1809983,1809984,1811333,1,1349,1350,completed,1
28232,Rigid,1809983,1809984,1811390,1,1406,1407,completed,1
28233,Rigid,1810363,1810364,1810365,1,1,2,completed,16
28234,Rigid,1810417,1810418,1810431,1,13,14,completed,16
28235,Rigid,1810490,1857739,2203348,47249,345609,392858,completed,216
28236,Rigid,1810546,1810947,1843510,401,32563,32964,completed,144
28237,Rigid,1810678,1859988,2205598,49310,345610,394920,completed,180
28238,Rigid,1811012,1863076,2208688,52064,345612,397676,completed,180
28239,Rigid,1811367,1811367,1815042,0,3675,3675,completed,36
28240,Rigid,1814072,1815043,1816128,971,1085,2056,completed,144
28241,Rigid,1814209,1866328,2211928,52119,345600,397719,completed,216
28242,Rigid,1814630,1817508,1821668,2878,4160,7038,completed,36
28243,Rigid,1814630,1824975,1827179,10345,2204,12549,completed,36
28244,Rigid,1815567,1815568,1815629,1,61,62,completed,1
28245,Rigid,1815709,1815712,1815723,3,11,14,completed,1
28246,Rigid,1815786,1815787,1868559,1,52772,52773,completed,1
28247,Rigid,1816160,1816430,1848648,270,32218,32488,completed,144
28248,Rigid,1816176,1816430,1832557,254,16127,16381,completed,144
28249,Rigid,1816193,1816555,1848777,362,32222,32584,completed,144
28250,Rigid,1816204,1822961,1837881,6757,14920,21677,completed,144
28251,Rigid,1816224,1823376,1837044,7152,13668,20820,completed,144
28252,Rigid,1816242,1823965,1834210,7723,10245,17968,completed,144
28253,Rigid,1816267,1824956,1857298,8689,32342,41031,completed,144
28254,Rigid,1816327,1825391,1841150,9064,15759,24823,completed,144
28255,Rigid,1816347,1826194,1857832,9847,31638,41485,completed,144
28256,Rigid,1816380,1826412,1841881,10032,15469,25501,completed,144
28257,Rigid,1816446,1826471,1839623,10025,13152,23177,completed,144
28258,Rigid,1816461,1827030,1842516,10569,15486,26055,completed,144
28259,Rigid,1816488,1829046,1861471,12558,32425,44983,completed,144
28260,Rigid,1816497,1829390,1845170,12893,15780,28673,completed,144
28261,Rigid,1816510,1832558,1864812,16048,32254,48302,completed,144
28262,Rigid,1816524,1834016,1849172,17492,15156,32648,completed,144
28263,Rigid,1816545,1834016,1847695,17471,13679,31150,completed,144
28264,Rigid,1816558,1834212,1844311,17654,10099,27753,completed,144
28265,Rigid,1820235,1820236,1820252,1,16,17,completed,16
28266,Rigid,1820331,1820331,1820340,0,9,9,completed,16
28267,Rigid,1820439,1820439,1820450,0,11,11,completed,16
28268,Rigid,1820511,1820512,1820575,1,63,64,completed,16
28269,Rigid,1820715,1821670,1822061,955,391,1346,completed,36
28270,Rigid,1822271,1822272,1822343,1,71,72,completed,36
28271,Rigid,1822341,1822599,1823045,258,446,704,completed,36
28272,Rigid,1822407,1822408,1822418,1,10,11,completed,36
28273,Rigid,1822959,1837534,1848378,14575,10844,25419,completed,144
28274,Rigid,1823360,1835568,1835586,12208,18,12226,completed,144
28275,Rigid,1823385,1848650,1898662,25265,50012,75277,completed,360
28276,Rigid,1823447,1823447,1823459,0,12,12,completed,36
28277,Rigid,1823487,1823488,1823495,1,7,8,completed,36
28278,Rigid,1823524,1823524,1823530,0,6,6,completed,36
28279,Rigid,1823555,1848997,1906778,25442,57781,83223,completed,360
28280,Rigid,1823635,1823636,1823642,1,6,7,completed,36
28281,Rigid,1823638,1850719,1950025,27081,99306,126387,completed,360
28282,Rigid,1823651,1823655,1823661,4,6,10,completed,36
28283,Rigid,1823676,1823677,1823683,1,6,7,completed,36
28284,Rigid,1823759,1823759,1823766,0,7,7,completed,36
28285,Rigid,1823820,1853240,1903674,29420,50434,79854,completed,360
28286,Rigid,1823881,1823881,1824085,0,204,204,completed,36
28287,Rigid,1823963,1838201,1848865,14238,10664,24902,completed,144
28288,Rigid,1824062,1855114,1913849,31052,58735,89787,completed,360
28289,Rigid,1824955,1839111,1850994,14156,11883,26039,completed,144
28290,Rigid,1825389,1839625,1850717,14236,11092,25328,completed,144
28291,Rigid,1826193,1841043,1853426,14850,12383,27233,completed,144
28292,Rigid,1826372,1826408,1826410,36,2,38,completed,36
28293,Rigid,1826407,1841164,1853165,14757,12001,26758,completed,144
28294,Rigid,1826470,1841888,1863759,15418,21871,37289,completed,144
28295,Rigid,1826551,1826551,1826558,0,7,7,completed,36
28296,Rigid,1826625,1827026,1827028,401,2,403,completed,36
28297,Rigid,1826643,1826643,1826650,0,7,7,completed,36
28298,Rigid,1826678,1826678,1826684,0,6,6,completed,36
28299,Rigid,1827025,1842522,1853239,15497,10717,26214,completed,144
28300,Rigid,1827048,1827049,1827055,1,6,7,completed,36
28301,Rigid,1827249,1827250,1827254,1,4,5,completed,36
28302,Rigid,1827379,1827379,1827389,0,10,10,completed,36
28303,Rigid,1827449,1827450,1827464,1,14,15,completed,36
28304,Rigid,1827696,1827696,1827710,0,14,14,completed,36
28305,Rigid,1827817,1827842,1840401,25,12559,12584,completed,36
28306,Rigid,1827823,1829416,1839109,1593,9693,11286,completed,36
28307,Rigid,1827830,1832961,1834762,5131,1801,6932,completed,36
28308,Rigid,1827835,1834172,1841013,6337,6841,13178,completed,36
28309,Rigid,1827893,1857213,1903079,29320,45866,75186,completed,360
28310,Rigid,1827915,1827916,1827969,1,53,54,completed,1
28311,Rigid,1827947,1834626,1847299,6679,12673,19352,completed,36
28312,Rigid,1827953,1835568,1844682,7615,9114,16729,completed,36
28313,Rigid,1827957,1835598,1836920,7641,1322,8963,completed,36
28314,Rigid,1827962,1835598,1841601,7636,6003,13639,completed,36
28315,Rigid,1828020,1828038,1828059,18,21,39,completed,36
28316,Rigid,1828024,1828025,1828034,1,9,10,completed,1
28317,Rigid,1828643,1828645,1828647,2,2,4,completed,36
28318,Rigid,1828696,1828697,1828699,1,2,3,completed,36
28319,Rigid,1828737,1828738,1829602,1,864,865,completed,1
28320,Rigid,1828965,1828965,1829038,0,73,73,completed,36
28321,Rigid,1829232,1829233,1829235,1,2,3,completed,36
28322,Rigid,1829388,1851008,1863521,21620,12513,34133,completed,144
28323,Rigid,1829615,1829615,1868559,0,38944,38944,completed,1
28324,Rigid,1831289,1832435,1832437,1146,2,1148,completed,36
28325,Rigid,1832624,1832624,1832627,0,3,3,completed,36
28326,Rigid,1832813,1832813,1833490,0,677,677,completed,36
28327,Rigid,1832921,1832955,1832957,34,2,36,completed,36
28328,Rigid,1833159,1833491,1833495,332,4,336,completed,36
28329,Rigid,1833941,1865801,1902987,31860,37186,69046,completed,576
28330,Rigid,1834108,1876059,1877039,41951,980,42931,completed,288
28331,Rigid,1834162,1834163,1834621,1,458,459,completed,36
28332,Rigid,1836297,1836298,1836975,1,677,678,completed,1
28333,Rigid,1836297,1836298,1836960,1,662,663,completed,1
28334,Rigid,1836297,1836298,1836817,1,519,520,completed,1
28335,Rigid,1836297,1836298,1836843,1,545,546,completed,1
28336,Rigid,1836297,1836298,1837017,1,719,720,completed,1
28337,Rigid,1836297,1836298,1837077,1,779,780,completed,1
28338,Rigid,1836297,1836298,1836815,1,517,518,completed,1
28339,Rigid,1836297,1836298,1836853,1,555,556,completed,1
28340,Rigid,1836297,1836298,1836940,1,642,643,completed,1
28341,Rigid,1836297,1836298,1837055,1,757,758,completed,1
28342,Rigid,1836297,1836298,1836831,1,533,534,completed,1
28343,Rigid,1836297,1836298,1836856,1,558,559,completed,1
28344,Rigid,1836297,1836298,1837046,1,748,749,completed,1
28345,Rigid,1836297,1836298,1837117,1,819,820,completed,1
28346,Rigid,1836297,1836298,1836850,1,552,553,completed,1
28347,Rigid,1836297,1836298,1836894,1,596,597,completed,1
28348,Rigid,1836297,1836298,1837022,1,724,725,completed,1
28349,Rigid,1836297,1836298,1837025,1,727,728,completed,1
28350,Rigid,1836297,1836298,1836812,1,514,515,completed,1
28351,Rigid,1836297,1836298,1836858,1,560,561,completed,1
28352,Rigid,1836297,1836298,1836971,1,673,674,completed,1
28353,Rigid,1836297,1836298,1837127,1,829,830,completed,1
28354,Rigid,1836297,1836298,1836835,1,537,538,completed,1
28355,Rigid,1836297,1836298,1836832,1,534,535,completed,1
28356,Rigid,1836297,1836298,1837048,1,750,751,completed,1
28357,Rigid,1836297,1836298,1837004,1,706,707,completed,1
28358,Rigid,1836297,1836298,1836846,1,548,549,completed,1
28359,Rigid,1836297,1836298,1836819,1,521,522,completed,1
28360,Rigid,1836297,1836298,1837033,1,735,736,completed,1
28361,Rigid,1836297,1836298,1837100,1,802,803,completed,1
28362,Rigid,1836297,1836298,1836809,1,511,512,completed,1
28363,Rigid,1836297,1836298,1836866,1,568,569,completed,1
28364,Rigid,1836297,1836298,1836973,1,675,676,completed,1
28365,Rigid,1836297,1836298,1837099,1,801,802,completed,1
28366,Rigid,1836297,1836298,1836939,1,641,642,completed,1
28367,Rigid,1836297,1836298,1836970,1,672,673,completed,1
28368,Rigid,1836297,1836298,1836981,1,683,684,completed,1
28369,Rigid,1836297,1836298,1837034,1,736,737,completed,1
28370,Rigid,1836297,1836298,1836834,1,536,537,completed,1
28371,Rigid,1836297,1836298,1836861,1,563,564,completed,1
28372,Rigid,1836297,1836298,1837052,1,754,755,completed,1
28373,Rigid,1836297,1836298,1836971,1,673,674,completed,1
28374,Rigid,1836297,1836298,1836836,1,538,539,completed,1
28375,Rigid,1836297,1836298,1836876,1,578,579,completed,1
28376,Rigid,1836297,1836298,1837021,1,723,724,completed,1
28377,Rigid,1836297,1836298,1837004,1,706,707,completed,1
28378,Rigid,1836297,1836298,1836839,1,541,542,completed,1
28379,Rigid,1836297,1836298,1836855,1,557,558,completed,1
28380,Rigid,1836297,1836298,1836943,1,645,646,completed,1
28381,Rigid,1836297,1836298,1837096,1,798,799,completed,1
28382,Rigid,1836297,1836298,1836849,1,551,552,completed,1
28383,Rigid,1836297,1836298,1836868,1,570,571,completed,1
28384,Rigid,1836297,1836298,1837039,1,741,742,completed,1
28385,Rigid,1836297,1836298,1837005,1,707,708,completed,1
28386,Rigid,1836297,1836298,1836815,1,517,518,completed,1
28387,Rigid,1836297,1836298,1836848,1,550,551,completed,1
28388,Rigid,1836297,1836298,1837008,1,710,711,completed,1
28389,Rigid,1836297,1836298,1837028,1,730,731,completed,1
28390,Rigid,1836297,1836298,1836816,1,518,519,completed,1
28391,Rigid,1836297,1836298,1836845,1,547,548,completed,1
28392,Rigid,1836297,1836298,1837015,1,717,718,completed,1
28393,Rigid,1836297,1836298,1837021,1,723,724,completed,1
28394,Rigid,1836297,1836298,1836807,1,509,510,completed,1
28395,Rigid,1836297,1836298,1836892,1,594,595,completed,1
28396,Rigid,1836297,1836298,1836986,1,688,689,completed,1
28397,Rigid,1836297,1836298,1837056,1,758,759,completed,1
28398,Rigid,1836297,1836298,1836808,1,510,511,completed,1
28399,Rigid,1836297,1836298,1836851,1,553,554,completed,1
28400,Rigid,1836297,1836299,1837002,2,703,705,completed,1
28401,Rigid,1836297,1836299,1837084,2,785,787,completed,1
28402,Rigid,1836297,1836299,1836823,2,524,526,completed,1
28403,Rigid,1836297,1836299,1836852,2,553,555,completed,1
28404,Rigid,1836297,1836299,1836935,2,636,638,completed,1
28405,Rigid,1836297,1836299,1837069,2,770,772,completed,1
28406,Rigid,1836297,1836299,1836815,2,516,518,completed,1
28407,Rigid,1836297,1836299,1836819,2,520,522,completed,1
28408,Rigid,1836297,1836299,1836971,2,672,674,completed,1
28409,Rigid,1836297,1836299,1836979,2,680,682,completed,1
28410,Rigid,1836297,1836299,1836798,2,499,501,completed,1
28411,Rigid,1836297,1836299,1836868,2,569,571,completed,1
28412,Rigid,1836297,1836299,1836948,2,649,651,completed,1
28413,Rigid,1836297,1836299,1837071,2,772,774,completed,1
28414,Rigid,1836297,1836299,1836860,2,561,563,completed,1
28415,Rigid,1836297,1836299,1836866,2,567,569,completed,1
28416,Rigid,1836297,1836299,1836928,2,629,631,completed,1
28417,Rigid,1836297,1836299,1837057,2,758,760,completed,1
28418,Rigid,1836297,1836299,1836821,2,522,524,completed,1
28419,Rigid,1836297,1836299,1836868,2,569,571,completed,1
28420,Rigid,1836297,1836299,1836942,2,643,645,completed,1
28421,Rigid,1836297,1836299,1836979,2,680,682,completed,1
28422,Rigid,1836297,1836299,1836804,2,505,507,completed,1
28423,Rigid,1836297,1836299,1836874,2,575,577,completed,1
28424,Rigid,1836297,1836299,1837009,2,710,712,completed,1
28425,Rigid,1836297,1836299,1837039,2,740,742,completed,1
28426,Rigid,1836297,1836299,1836797,2,498,500,completed,1
28427,Rigid,1836297,1836299,1836842,2,543,545,completed,1
28428,Rigid,1836297,1836299,1836945,2,646,648,completed,1
28429,Rigid,1836297,1836299,1837084,2,785,787,completed,1
28430,Rigid,1836297,1836299,1836804,2,505,507,completed,1
28431,Rigid,1836297,1836299,1836895,2,596,598,completed,1
28432,Rigid,1836297,1836299,1836940,2,641,643,completed,1
28433,Rigid,1836297,1836299,1836999,2,700,702,completed,1
28434,Rigid,1836297,1836299,1836796,2,497,499,completed,1
28435,Rigid,1836297,1836299,1836846,2,547,549,completed,1
28436,Rigid,1836297,1836299,1837037,2,738,740,completed,1
28437,Rigid,1836297,1836299,1837096,2,797,799,completed,1
28438,Rigid,1836297,1836299,1836824,2,525,527,completed,1
28439,Rigid,1836297,1836299,1836849,2,550,552,completed,1
28440,Rigid,1836297,1836299,1836953,2,654,656,completed,1
28441,Rigid,1836297,1836299,1837089,2,790,792,completed,1
28442,Rigid,1836297,1836299,1836821,2,522,524,completed,1
28443,Rigid,1836297,1836299,1836852,2,553,555,completed,1
28444,Rigid,1836297,1836299,1836929,2,630,632,completed,1
28445,Rigid,1836297,1836299,1837005,2,706,708,completed,1
28446,Rigid,1836297,1836299,1836780,2,481,483,completed,1
28447,Rigid,1836297,1836299,1836837,2,538,540,completed,1
28448,Rigid,1836297,1836299,1836994,2,695,697,completed,1
28449,Rigid,1836297,1836299,1837141,2,842,844,completed,1
28450,Rigid,1836297,1836299,1836854,2,555,557,completed,1
28451,Rigid,1836297,1836299,1836870,2,571,573,completed,1
28452,Rigid,1836297,1836299,1837000,2,701,703,completed,1
28453,Rigid,1836297,1836299,1836988,2,689,691,completed,1
28454,Rigid,1836297,1836299,1836832,2,533,535,completed,1
28455,Rigid,1836297,1836299,1836855,2,556,558,completed,1
28456,Rigid,1836297,1836299,1836971,2,672,674,completed,1
28457,Rigid,1836297,1836299,1837020,2,721,723,completed,1
28458,Rigid,1836297,1836299,1836813,2,514,516,completed,1
28459,Rigid,1836297,1836299,1836856,2,557,559,completed,1
28460,Rigid,1836297,1836299,1836976,2,677,679,completed,1
28461,Rigid,1836297,1836299,1837041,2,742,744,completed,1
28462,Rigid,1836297,1836299,1836819,2,520,522,completed,1
28463,Rigid,1836297,1836299,1836870,2,571,573,completed,1
28464,Rigid,1836297,1836299,1836907,2,608,610,completed,1
28465,Rigid,1836297,1836299,1837058,2,759,761,completed,1
28466,Rigid,1836297,1836299,1836813,2,514,516,completed,1
28467,Rigid,1836297,1836299,1836891,2,592,594,completed,1
28468,Rigid,1836297,1836299,1837038,2,739,741,completed,1
28469,Rigid,1836297,1836299,1836998,2,699,701,completed,1
28470,Rigid,1836297,1836299,1836807,2,508,510,completed,1
28471,Rigid,1836297,1836299,1836858,2,559,561,completed,1
28472,Rigid,1836297,1836299,1837084,2,785,787,completed,1
28473,Rigid,1836297,1836299,1837116,2,817,819,completed,1
28474,Rigid,1836297,1836299,1836835,2,536,538,completed,1
28475,Rigid,1836297,1836299,1836884,2,585,587,completed,1
28476,Rigid,1836297,1836299,1837041,2,742,744,completed,1
28477,Rigid,1836297,1836299,1836994,2,695,697,completed,1
28478,Rigid,1836297,1836299,1836844,2,545,547,completed,1
28479,Rigid,1836297,1836299,1836888,2,589,591,completed,1
28480,Rigid,1836297,1836299,1836979,2,680,682,completed,1
28481,Rigid,1836297,1836299,1837007,2,708,710,completed,1
28482,Rigid,1836297,1836299,1836772,2,473,475,completed,1
28483,Rigid,1836297,1836299,1836874,2,575,577,completed,1
28484,Rigid,1836297,1836299,1836962,2,663,665,completed,1
28485,Rigid,1836297,1836299,1837056,2,757,759,completed,1
28486,Rigid,1836297,1836299,1836829,2,530,532,completed,1
28487,Rigid,1836297,1836299,1836860,2,561,563,completed,1
28488,Rigid,1836297,1836299,1837032,2,733,735,completed,1
28489,Rigid,1836297,1836299,1836973,2,674,676,completed,1
28490,Rigid,1836297,1836299,1836830,2,531,533,completed,1
28491,Rigid,1836297,1836299,1836900,2,601,603,completed,1
28492,Rigid,1836297,1836299,1836944,2,645,647,completed,1
28493,Rigid,1836297,1836299,1836952,2,653,655,completed,1
28494,Rigid,1836297,1836299,1836790,2,491,493,completed,1
28495,Rigid,1836297,1836299,1836843,2,544,546,completed,1
28496,Rigid,1836297,1836299,1837035,2,736,738,completed,1
28497,Rigid,1836297,1836299,1837098,2,799,801,completed,1
28498,Rigid,1836297,1836299,1836816,2,517,519,completed,1
28499,Rigid,1836297,1836299,1836853,2,554,556,completed,1
28500,Rigid,1836297,1836299,1836935,2,636,638,completed,1
28501,Rigid,1836297,1836299,1837087,2,788,790,completed,1
28502,Rigid,1836297,1836299,1836813,2,514,516,completed,1
28503,Rigid,1836297,1836299,1836893,2,594,596,completed,1
28504,Rigid,1836297,1836299,1837099,2,800,802,completed,1
28505,Rigid,1836297,1836299,1837050,2,751,753,completed,1
28506,Rigid,1836297,1836299,1836802,2,503,505,completed,1
28507,Rigid,1836297,1836299,1836837,2,538,540,completed,1
28508,Rigid,1836297,1836299,1836935,2,636,638,completed,1
28509,Rigid,1836297,1836299,1837033,2,734,736,completed,1
28510,Rigid,1836297,1836299,1836827,2,528,530,completed,1
28511,Rigid,1836297,1836299,1836840,2,541,543,completed,1
28512,Rigid,1836297,1836299,1836959,2,660,662,completed,1
28513,Rigid,1836297,1836299,1836988,2,689,691,completed,1
28514,Rigid,1836297,1836299,1836824,2,525,527,completed,1
28515,Rigid,1836297,1836299,1836879,2,580,582,completed,1
28516,Rigid,1836297,1836299,1836944,2,645,647,completed,1
28517,Rigid,1836297,1836299,1837075,2,776,778,completed,1
28518,Rigid,1836297,1836299,1836799,2,500,502,completed,1
28519,Rigid,1836297,1836299,1836843,2,544,546,completed,1
28520,Rigid,1836297,1836299,1836959,2,660,662,completed,1
28521,Rigid,1836297,1836299,1837023,2,724,726,completed,1
28522,Rigid,1836297,1836299,1836845,2,546,548,completed,1
28523,Rigid,1836297,1836299,1836831,2,532,534,completed,1
28524,Rigid,1836297,1836299,1836951,2,652,654,completed,1
28525,Rigid,1836297,1836299,1837149,2,850,852,completed,1
28526,Rigid,1836297,1836299,1836832,2,533,535,completed,1
28527,Rigid,1836297,1836299,1836951,2,652,654,completed,1
28528,Rigid,1836297,1836299,1837027,2,728,730,completed,1
28529,Rigid,1836297,1836299,1836952,2,653,655,completed,1
28530,Rigid,1836297,1836299,1836800,2,501,503,completed,1
28531,Rigid,1836297,1836299,1836838,2,539,541,completed,1
28532,Rigid,1836297,1836299,1836855,2,556,558,completed,1
28533,Rigid,1836297,1836299,1836894,2,595,597,completed,1
28534,Rigid,1836297,1836299,1836817,2,518,520,completed,1
28535,Rigid,1836297,1836299,1836866,2,567,569,completed,1
28536,Rigid,1836297,1836299,1836833,2,534,536,completed,1
28537,Rigid,1836297,1836299,1836883,2,584,586,completed,1
28538,Rigid,1836297,1836299,1836806,2,507,509,completed,1
28539,Rigid,1836297,1836299,1836886,2,587,589,completed,1
28540,Rigid,1836297,1836299,1836865,2,566,568,completed,1
28541,Rigid,1836297,1836299,1836884,2,585,587,completed,1
28542,Rigid,1836297,1836299,1836817,2,518,520,completed,1
28543,Rigid,1836297,1836299,1836886,2,587,589,completed,1
28544,Rigid,1836297,1836299,1836854,2,555,557,completed,1
28545,Rigid,1836297,1836773,1837293,476,520,996,completed,1
28546,Rigid,1836297,1836782,1837246,485,464,949,completed,1
28547,Rigid,1836297,1836791,1837308,494,517,1011,completed,1
28548,Rigid,1836297,1836797,1837285,500,488,988,completed,1
28549,Rigid,1836297,1836798,1837326,501,528,1029,completed,1
28550,Rigid,1836297,1836800,1837257,503,457,960,completed,1
28551,Rigid,1836297,1836801,1837313,504,512,1016,completed,1
28552,Rigid,1836297,1836801,1837312,504,511,1015,completed,1
28553,Rigid,1836297,1836803,1837340,506,537,1043,completed,1
28554,Rigid,1836297,1836806,1837269,509,463,972,completed,1
28555,Rigid,1836297,1836806,1837317,509,511,1020,completed,1
28556,Rigid,1836297,1836807,1837244,510,437,947,completed,1
28557,Rigid,1836297,1836808,1837305,511,497,1008,completed,1
28558,Rigid,1836297,1836809,1837240,512,431,943,completed,1
28559,Rigid,1836297,1836809,1837295,512,486,998,completed,1
28560,Rigid,1836297,1836810,1837252,513,442,955,completed,1
28561,Rigid,1836297,1836813,1837305,516,492,1008,completed,1
28562,Rigid,1836297,1836814,1837240,517,426,943,completed,1
28563,Rigid,1836297,1836814,1837297,517,483,1000,completed,1
28564,Rigid,1836297,1836814,1837276,517,462,979,completed,1
28565,Rigid,1836297,1836817,1837332,520,515,1035,completed,1
28566,Rigid,1836297,1836817,1837253,520,436,956,completed,1
28567,Rigid,1836297,1836817,1837309,520,492,1012,completed,1
28568,Rigid,1836297,1836817,1837278,520,461,981,completed,1
28569,Rigid,1836297,1836818,1837315,521,497,1018,completed,1
28570,Rigid,1836297,1836818,1837250,521,432,953,completed,1
28571,Rigid,1836297,1836818,1837303,521,485,1006,completed,1
28572,Rigid,1836297,1836818,1837319,521,501,1022,completed,1
28573,Rigid,1836297,1836820,1837362,523,542,1065,completed,1
28574,Rigid,1836297,1836820,1837285,523,465,988,completed,1
28575,Rigid,1836297,1836820,1837338,523,518,1041,completed,1
28576,Rigid,1836297,1836822,1837326,525,504,1029,completed,1
28577,Rigid,1836297,1836822,1837365,525,543,1068,completed,1
28578,Rigid,1836297,1836825,1837296,528,471,999,completed,1
28579,Rigid,1836297,1836825,1837361,528,536,1064,completed,1
28580,Rigid,1836297,1836826,1837318,529,492,1021,completed,1
28581,Rigid,1836297,1836829,1837381,532,552,1084,completed,1
28582,Rigid,1836297,1836831,1837317,534,486,1020,completed,1
28583,Rigid,1836297,1836831,1837369,534,538,1072,completed,1
28584,Rigid,1836297,1836832,1837332,535,500,1035,completed,1
28585,Rigid,1836297,1836834,1837375,537,541,1078,completed,1
28586,Rigid,1836297,1836834,1837322,537,488,1025,completed,1
28587,Rigid,1836297,1836834,1837358,537,524,1061,completed,1
28588,Rigid,1836297,1836834,1837320,537,486,1023,completed,1
28589,Rigid,1836297,1836834,1837402,537,568,1105,completed,1
28590,Rigid,1836297,1836836,1837311,539,475,1014,completed,1
28591,Rigid,1836297,1836836,1837360,539,524,1063,completed,1
28592,Rigid,1836297,1836837,1837354,540,517,1057,completed,1
28593,Rigid,1836297,1836837,1837403,540,566,1106,completed,1
28594,Rigid,1836297,1836838,1837296,541,458,999,completed,1
28595,Rigid,1836297,1836838,1837358,541,520,1061,completed,1
28596,Rigid,1836297,1836839,1837296,542,457,999,completed,1
28597,Rigid,1836297,1836840,1837382,543,542,1085,completed,1
28598,Rigid,1836297,1836841,1837283,544,442,986,completed,1
28599,Rigid,1836297,1836843,1837329,546,486,1032,completed,1
28600,Rigid,1836297,1836844,1837282,547,438,985,completed,1
28601,Rigid,1836297,1836844,1837356,547,512,1059,completed,1
28602,Rigid,1836297,1836844,1837283,547,439,986,completed,1
28603,Rigid,1836297,1836845,1837344,548,499,1047,completed,1
28604,Rigid,1836297,1836846,1837318,549,472,1021,completed,1
28605,Rigid,1836297,1836846,1837373,549,527,1076,completed,1
28606,Rigid,1836297,1836847,1837290,550,443,993,completed,1
28607,Rigid,1836297,1836847,1837323,550,476,1026,completed,1
28608,Rigid,1836297,1836850,1837291,553,441,994,completed,1
28609,Rigid,1836297,1836850,1837346,553,496,1049,completed,1
28610,Rigid,1836297,1836851,1837315,554,464,1018,completed,1
28611,Rigid,1836297,1836851,1837345,554,494,1048,completed,1
28612,Rigid,1836297,1836852,1837320,555,468,1023,completed,1
28613,Rigid,1836297,1836853,1837365,556,512,1068,completed,1
28614,Rigid,1836297,1836853,1837311,556,458,1014,completed,1
28615,Rigid,1836297,1836854,1837372,557,518,1075,completed,1
28616,Rigid,1836297,1836854,1837343,557,489,1046,completed,1
28617,Rigid,1836297,1836855,1837421,558,566,1124,completed,1
28618,Rigid,1836297,1836856,1837343,559,487,1046,completed,1
28619,Rigid,1836297,1836856,1837395,559,539,1098,completed,1
28620,Rigid,1836297,1836856,1837354,559,498,1057,completed,1
28621,Rigid,1836297,1836857,1837394,560,537,1097,completed,1
28622,Rigid,1836297,1836857,1837347,560,490,1050,completed,1
28623,Rigid,1836297,1836858,1837368,561,510,1071,completed,1
28624,Rigid,1836297,1836859,1837340,562,481,1043,completed,1
28625,Rigid,1836297,1836859,1837387,562,528,1090,completed,1
28626,Rigid,1836297,1836861,1837323,564,462,1026,completed,1
28627,Rigid,1836297,1836862,1837402,565,540,1105,completed,1
28628,Rigid,1836297,1836863,1837364,566,501,1067,completed,1
28629,Rigid,1836297,1836866,1837416,569,550,1119,completed,1
28630,Rigid,1836297,1836867,1837333,570,466,1036,completed,1
28631,Rigid,1836297,1836867,1837388,570,521,1091,completed,1
28632,Rigid,1836297,1836868,1837345,571,477,1048,completed,1
28633,Rigid,1836297,1836869,1837418,572,549,1121,completed,1
28634,Rigid,1836297,1836869,1837358,572,489,1061,completed,1
28635,Rigid,1836297,1836870,1837387,573,517,1090,completed,1
28636,Rigid,1836297,1836871,1837310,574,439,1013,completed,1
28637,Rigid,1836297,1836872,1837360,575,488,1063,completed,1
28638,Rigid,1836297,1836875,1837298,578,423,1001,completed,1
28639,Rigid,1836297,1836876,1837355,579,479,1058,completed,1
28640,Rigid,1836297,1836878,1837344,581,466,1047,completed,1
28641,Rigid,1836297,1836880,1837404,583,524,1107,completed,1
28642,Rigid,1836297,1836885,1837317,588,432,1020,completed,1
28643,Rigid,1836297,1836885,1837366,588,481,1069,completed,1
28644,Rigid,1836297,1836886,1837350,589,464,1053,completed,1
28645,Rigid,1836297,1836888,1837415,591,527,1118,completed,1
28646,Rigid,1836297,1836888,1837343,591,455,1046,completed,1
28647,Rigid,1836297,1836889,1837375,592,486,1078,completed,1
28648,Rigid,1836297,1836892,1837367,595,475,1070,completed,1
28649,Rigid,1836297,1836893,1837388,596,495,1091,completed,1
28650,Rigid,1836297,1836894,1837336,597,442,1039,completed,1
28651,Rigid,1836297,1836895,1837390,598,495,1093,completed,1
28652,Rigid,1836297,1836895,1837393,598,498,1096,completed,1
28653,Rigid,1836297,1836896,1837454,599,558,1157,completed,1
28654,Rigid,1836297,1836902,1837427,605,525,1130,completed,1
28655,Rigid,1836297,1836908,1837428,611,520,1131,completed,1
28656,Rigid,1836297,1836922,1837479,625,557,1182,completed,1
28657,Rigid,1836297,1836922,1837520,625,598,1223,completed,1
28658,Rigid,1836297,1836922,1837424,625,502,1127,completed,1
28659,Rigid,1836297,1836922,1837478,625,556,1181,completed,1
28660,Rigid,1836297,1836922,1837436,625,514,1139,completed,1
28661,Rigid,1836297,1836922,1837501,625,579,1204,completed,1
28662,Rigid,1836297,1836922,1837424,625,502,1127,completed,1
28663,Rigid,1836297,1836922,1837476,625,554,1179,completed,1
28664,Rigid,1836297,1836922,1837450,625,528,1153,completed,1
28665,Rigid,1836297,1836922,1837485,625,563,1188,completed,1
28666,Rigid,1836297,1836922,1837426,625,504,1129,completed,1
28667,Rigid,1836297,1836922,1837472,625,550,1175,completed,1
28668,Rigid,1836297,1836922,1837463,625,541,1166,completed,1
28669,Rigid,1836297,1836922,1837532,625,610,1235,completed,1
28670,Rigid,1836297,1836922,1837428,625,506,1131,completed,1
28671,Rigid,1836297,1836922,1837484,625,562,1187,completed,1
28672,Rigid,1836297,1836922,1837439,625,517,1142,completed,1
28673,Rigid,1836297,1836922,1837508,625,586,1211,completed,1
28674,Rigid,1836297,1836922,1837489,625,567,1192,completed,1
28675,Rigid,1836297,1836922,1837488,625,566,1191,completed,1
28676,Rigid,1836297,1836922,1837408,625,486,1111,completed,1
28677,Rigid,1836297,1836922,1837457,625,535,1160,completed,1
28678,Rigid,1836297,1836922,1837395,625,473,1098,completed,1
28679,Rigid,1836297,1836922,1837466,625,544,1169,completed,1
28680,Rigid,1836297,1836922,1837415,625,493,1118,completed,1
28681,Rigid,1836297,1836922,1837463,625,541,1166,completed,1
28682,Rigid,1836297,1836922,1837400,625,478,1103,completed,1
28683,Rigid,1836297,1836922,1837450,625,528,1153,completed,1
28684,Rigid,1836297,1836922,1837409,625,487,1112,completed,1
28685,Rigid,1836297,1836922,1837462,625,540,1165,completed,1
28686,Rigid,1836297,1836922,1837417,625,495,1120,completed,1
28687,Rigid,1836297,1836922,1837467,625,545,1170,completed,1
28688,Rigid,1836297,1836922,1837408,625,486,1111,completed,1
28689,Rigid,1836297,1836922,1837448,625,526,1151,completed,1
28690,Rigid,1836297,1836922,1837395,625,473,1098,completed,1
28691,Rigid,1836297,1836922,1837471,625,549,1174,completed,1
28692,Rigid,1836297,1836930,1837420,633,490,1123,completed,1
28693,Rigid,1836297,1836931,1837467,634,536,1170,completed,1
28694,Rigid,1836297,1836936,1837401,639,465,1104,completed,1
28695,Rigid,1836297,1836937,1837443,640,506,1146,completed,1
28696,Rigid,1836297,1836937,1837438,640,501,1141,completed,1
28697,Rigid,1836297,1836941,1837627,644,686,1330,completed,1
28698,Rigid,1836297,1836941,1837397,644,456,1100,completed,1
28699,Rigid,1836297,1836941,1837472,644,531,1175,completed,1
28700,Rigid,1836297,1836944,1837443,647,499,1146,completed,1
28701,Rigid,1836297,1836944,1837492,647,548,1195,completed,1
28702,Rigid,1836297,1836945,1837420,648,475,1123,completed,1
28703,Rigid,1836297,1836945,1837455,648,510,1158,completed,1
28704,Rigid,1836297,1836946,1837421,649,475,1124,completed,1
28705,Rigid,1836297,1836949,1837505,652,556,1208,completed,1
28706,Rigid,1836297,1836952,1837413,655,461,1116,completed,1
28707,Rigid,1836297,1836952,1837529,655,577,1232,completed,1
28708,Rigid,1836297,1836953,1837440,656,487,1143,completed,1
28709,Rigid,1836297,1836954,1837498,657,544,1201,completed,1
28710,Rigid,1836297,1836954,1837414,657,460,1117,completed,1
28711,Rigid,1836297,1836960,1837478,663,518,1181,completed,1
28712,Rigid,1836297,1836960,1837442,663,482,1145,completed,1
28713,Rigid,1836297,1836962,1837477,665,515,1180,completed,1
28714,Rigid,1836297,1836964,1837420,667,456,1123,completed,1
28715,Rigid,1836297,1836968,1837525,671,557,1228,completed,1
28716,Rigid,1836297,1836968,1837460,671,492,1163,completed,1
28717,Rigid,1836297,1836968,1837506,671,538,1209,completed,1
28718,Rigid,1836297,1836968,1837432,671,464,1135,completed,1
28719,Rigid,1836297,1836968,1837468,671,500,1171,completed,1
28720,Rigid,1836297,1836968,1837447,671,479,1150,completed,1
28721,Rigid,1836297,1836968,1837485,671,517,1188,completed,1
28722,Rigid,1836297,1836968,1837425,671,457,1128,completed,1
28723,Rigid,1836297,1836968,1837464,671,496,1167,completed,1
28724,Rigid,1836297,1836968,1837448,671,480,1151,completed,1
28725,Rigid,1836297,1836968,1837492,671,524,1195,completed,1
28726,Rigid,1836297,1836968,1837427,671,459,1130,completed,1
28727,Rigid,1836297,1836968,1837493,671,525,1196,completed,1
28728,Rigid,1836297,1836968,1837469,671,501,1172,completed,1
28729,Rigid,1836297,1836968,1837487,671,519,1190,completed,1
28730,Rigid,1836297,1836968,1837425,671,457,1128,completed,1
28731,Rigid,1836297,1836968,1837468,671,500,1171,completed,1
28732,Rigid,1836297,1836968,1838947,671,1979,2650,completed,1
28733,Rigid,1836297,1836968,1839199,671,2231,2902,completed,1
28734,Rigid,1836297,1836968,1838080,671,1112,1783,completed,1
28735,Rigid,1836297,1836968,1838033,671,1065,1736,completed,1
28736,Rigid,1836297,1836968,1838874,671,1906,2577,completed,1
28737,Rigid,1836297,1836968,1839023,671,2055,2726,completed,1
28738,Rigid,1836297,1836968,1838091,671,1123,1794,completed,1
28739,Rigid,1836297,1836968,1838050,671,1082,1753,completed,1
28740,Rigid,1836297,1836968,1838885,671,1917,2588,completed,1
28741,Rigid,1836297,1836968,1838787,671,1819,2490,completed,1
28742,Rigid,1836297,1836968,1838113,671,1145,1816,completed,1
28743,Rigid,1836297,1836968,1838120,671,1152,1823,completed,1
28744,Rigid,1836297,1836969,1838858,672,1889,2561,completed,1
28745,Rigid,1836297,1836969,1838924,672,1955,2627,completed,1
28746,Rigid,1836297,1836969,1838100,672,1131,1803,completed,1
28747,Rigid,1836297,1836969,1838098,672,1129,1801,completed,1
28748,Rigid,1836297,1836969,1838980,672,2011,2683,completed,1
28749,Rigid,1836297,1836969,1838896,672,1927,2599,completed,1
28750,Rigid,1836297,1836969,1838116,672,1147,1819,completed,1
28751,Rigid,1836297,1836971,1838217,674,1246,1920,completed,1
28752,Rigid,1836297,1836972,1838779,675,1807,2482,completed,1
28753,Rigid,1836297,1836972,1838947,675,1975,2650,completed,1
28754,Rigid,1836297,1836972,1838000,675,1028,1703,completed,1
28755,Rigid,1836297,1836973,1838081,676,1108,1784,completed,1
28756,Rigid,1836297,1836974,1838910,677,1936,2613,completed,1
28757,Rigid,1836297,1836974,1838808,677,1834,2511,completed,1
28758,Rigid,1836297,1836976,1837994,679,1018,1697,completed,1
28759,Rigid,1836297,1836977,1838078,680,1101,1781,completed,1
28760,Rigid,1836297,1836980,1838579,683,1599,2282,completed,1
28761,Rigid,1836297,1836980,1838756,683,1776,2459,completed,1
28762,Rigid,1836297,1836981,1837987,684,1006,1690,completed,1
28763,Rigid,1836297,1836982,1838173,685,1191,1876,completed,1
28764,Rigid,1836297,1836987,1838901,690,1914,2604,completed,1
28765,Rigid,1836297,1836989,1838653,692,1664,2356,completed,1
28766,Rigid,1836297,1836989,1838049,692,1060,1752,completed,1
28767,Rigid,1836297,1836996,1838100,699,1104,1803,completed,1
28768,Rigid,1836297,1836996,1838698,699,1702,2401,completed,1
28769,Rigid,1836297,1836999,1838822,702,1823,2525,completed,1
28770,Rigid,1836297,1837001,1838059,704,1058,1762,completed,1
28771,Rigid,1836297,1837001,1838076,704,1075,1779,completed,1
28772,Rigid,1836297,1837004,1838906,707,1902,2609,completed,1
28773,Rigid,1836297,1837005,1839011,708,2006,2714,completed,1
28774,Rigid,1836297,1837005,1838059,708,1054,1762,completed,1
28775,Rigid,1836297,1837006,1838078,709,1072,1781,completed,1
28776,Rigid,1836297,1837006,1838904,709,1898,2607,completed,1
28777,Rigid,1836297,1837008,1838855,711,1847,2558,completed,1
28778,Rigid,1836297,1837009,1838100,712,1091,1803,completed,1
28779,Rigid,1836297,1837010,1838070,713,1060,1773,completed,1
28780,Rigid,1836297,1837016,1838897,719,1881,2600,completed,1
28781,Rigid,1836297,1837018,1838761,721,1743,2464,completed,1
28782,Rigid,1836297,1837021,1838049,724,1028,1752,completed,1
28783,Rigid,1836297,1837022,1838023,725,1001,1726,completed,1
28784,Rigid,1836297,1837022,1838925,725,1903,2628,completed,1
28785,Rigid,1836297,1837023,1839004,726,1981,2707,completed,1
28786,Rigid,1836297,1837024,1838058,727,1034,1761,completed,1
28787,Rigid,1836297,1837027,1838137,730,1110,1840,completed,1
28788,Rigid,1836297,1837028,1838889,731,1861,2592,completed,1
28789,Rigid,1836297,1837029,1838779,732,1750,2482,completed,1
28790,Rigid,1836297,1837033,1838086,736,1053,1789,completed,1
28791,Rigid,1836297,1837034,1838129,737,1095,1832,completed,1
28792,Rigid,1836297,1837034,1838767,737,1733,2470,completed,1
28793,Rigid,1836297,1837036,1838956,739,1920,2659,completed,1
28794,Rigid,1836297,1837036,1838072,739,1036,1775,completed,1
28795,Rigid,1836297,1837039,1838119,742,1080,1822,completed,1
28796,Rigid,1836297,1837040,1838794,743,1754,2497,completed,1
28797,Rigid,1836297,1837040,1838904,743,1864,2607,completed,1
28798,Rigid,1836297,1837041,1838085,744,1044,1788,completed,1
28799,Rigid,1836297,1837042,1838077,745,1035,1780,completed,1
28800,Rigid,1836297,1837043,1838917,746,1874,2620,completed,1
28801,Rigid,1836297,1837045,1838929,748,1884,2632,completed,1
28802,Rigid,1836297,1837045,1838239,748,1194,1942,completed,1
28803,Rigid,1836297,1837045,1838132,748,1087,1835,completed,1
28804,Rigid,1836297,1837045,1838993,748,1948,2696,completed,1
28805,Rigid,1836297,1837045,1838837,748,1792,2540,completed,1
28806,Rigid,1836297,1837045,1838220,748,1175,1923,completed,1
28807,Rigid,1836297,1837045,1838166,748,1121,1869,completed,1
28808,Rigid,1836297,1837045,1838871,748,1826,2574,completed,1
28809,Rigid,1836297,1837045,1838893,748,1848,2596,completed,1
28810,Rigid,1836297,1837045,1838186,748,1141,1889,completed,1
28811,Rigid,1836297,1837045,1838165,748,1120,1868,completed,1
28812,Rigid,1836297,1837045,1838996,748,1951,2699,completed,1
28813,Rigid,1836297,1837045,1838968,748,1923,2671,completed,1
28814,Rigid,1836297,1837045,1838165,748,1120,1868,completed,1
28815,Rigid,1836297,1837045,1838181,748,1136,1884,completed,1
28816,Rigid,1836297,1837045,1839025,748,1980,2728,completed,1
28817,Rigid,1836297,1837045,1838956,748,1911,2659,completed,1
28818,Rigid,1836297,1837045,1838288,748,1243,1991,completed,1
28819,Rigid,1836297,1837045,1838314,748,1269,2017,completed,1
28820,Rigid,1836297,1837045,1839107,748,2062,2810,completed,1
28821,Rigid,1836297,1837045,1839060,748,2015,2763,completed,1
28822,Rigid,1836297,1837045,1838182,748,1137,1885,completed,1
28823,Rigid,1836297,1837046,1838144,749,1098,1847,completed,1
28824,Rigid,1836297,1837046,1839056,749,2010,2759,completed,1
28825,Rigid,1836297,1837046,1839019,749,1973,2722,completed,1
28826,Rigid,1836297,1837046,1838115,749,1069,1818,completed,1
28827,Rigid,1836297,1837046,1838145,749,1099,1848,completed,1
28828,Rigid,1836297,1837046,1838954,749,1908,2657,completed,1
28829,Rigid,1836297,1837046,1838825,749,1779,2528,completed,1
28830,Rigid,1836297,1837046,1838176,749,1130,1879,completed,1
28831,Rigid,1836297,1837046,1838165,749,1119,1868,completed,1
28832,Rigid,1836322,1870735,2041768,34413,171033,205446,completed,72
28833,Rigid,1837002,1876446,1877039,39444,593,40037,completed,288
28834,Rigid,1837017,1877042,1877220,40025,178,40203,completed,288
28835,Rigid,1837607,1837882,1838187,275,305,580,completed,36
28836,Rigid,1838351,1838351,1838353,0,2,2,completed,1
28837,Rigid,1838361,1838362,1838365,1,3,4,completed,1
28838,Rigid,1838361,1838362,1838365,1,3,4,completed,1
28839,Rigid,1838361,1838362,1838365,1,3,4,completed,1
28840,Rigid,1838361,1838362,1838365,1,3,4,completed,1
28841,Rigid,1838391,1838392,1838396,1,4,5,completed,1
28842,Rigid,1838391,1838392,1838396,1,4,5,completed,1
28843,Rigid,1838391,1838392,1838396,1,4,5,completed,1
28844,Rigid,1838392,1838392,1838396,0,4,4,completed,1
28845,Rigid,1838412,1838412,1838414,0,2,2,completed,1
28846,Rigid,1838412,1838412,1838414,0,2,2,completed,1
28847,Rigid,1838412,1838412,1838420,0,8,8,completed,1
28848,Rigid,1838412,1838412,1838419,0,7,7,completed,1
28849,Rigid,1838412,1838415,1838421,3,6,9,completed,1
28850,Rigid,1842035,1842035,1852673,0,10638,10638,completed,36
28851,Rigid,1848378,1877043,1888055,28665,11012,39677,completed,144
28852,Rigid,1848865,1877043,1889387,28178,12344,40522,completed,144
28853,Rigid,1850717,1877238,1888036,26521,10798,37319,completed,144
28854,Rigid,1850994,1877279,1888626,26285,11347,37632,completed,144
28855,Rigid,1853165,1878395,1890471,25230,12076,37306,completed,144
28856,Rigid,1853239,1880009,1893808,26770,13799,40569,completed,144
28857,Rigid,1853425,1880009,1890446,26584,10437,37021,completed,144
28858,Rigid,1863521,1886940,1897494,23419,10554,33973,completed,144
28859,Rigid,1868481,1868481,1869354,0,873,873,completed,36
28860,Rigid,1868615,1868616,1935061,1,66445,66446,completed,1
28861,Rigid,1868732,1868733,1934670,1,65937,65938,completed,1
28862,Rigid,1868796,1868797,1934122,1,65325,65326,completed,1
28863,Rigid,1869022,1869023,1934513,1,65490,65491,completed,1
28864,Rigid,1869118,1869119,1934102,1,64983,64984,completed,1
28865,Rigid,1869188,1869189,1934567,1,65378,65379,completed,1
28866,Rigid,1869265,1869265,1934907,0,65642,65642,completed,1
28867,Rigid,1869321,1869322,1934201,1,64879,64880,completed,1
28868,Rigid,1869377,1869377,1934102,0,64725,64725,completed,1
28869,Rigid,1869430,1869431,1933252,1,63821,63822,completed,1
28870,Rigid,1869750,1869769,1871767,19,1998,2017,completed,144
28871,Rigid,1870071,1870071,1870147,0,76,76,completed,16
28872,Rigid,1871803,1871803,1871843,0,40,40,completed,144
28873,Rigid,1871874,1871874,1871907,0,33,33,completed,144
28874,Rigid,1871967,1871968,1892606,1,20638,20639,completed,144
28875,Rigid,1872091,1872092,1964725,1,92633,92634,completed,36
28876,Rigid,1872815,1872816,1874856,1,2040,2041,completed,1
28877,Rigid,1872815,1872816,1874814,1,1998,1999,completed,1
28878,Rigid,1872815,1872816,1873976,1,1160,1161,completed,1
28879,Rigid,1872815,1872816,1874008,1,1192,1193,completed,1
28880,Rigid,1872815,1872816,1874786,1,1970,1971,completed,1
28881,Rigid,1872815,1872816,1874673,1,1857,1858,completed,1
28882,Rigid,1872815,1872816,1874005,1,1189,1190,completed,1
28883,Rigid,1872815,1872816,1874003,1,1187,1188,completed,1
28884,Rigid,1872815,1872816,1874904,1,2088,2089,completed,1
28885,Rigid,1872815,1872816,1874761,1,1945,1946,completed,1
28886,Rigid,1872815,1872816,1873949,1,1133,1134,completed,1
28887,Rigid,1872815,1872816,1873996,1,1180,1181,completed,1
28888,Rigid,1872815,1872816,1874815,1,1999,2000,completed,1
28889,Rigid,1872815,1872816,1874940,1,2124,2125,completed,1
28890,Rigid,1872815,1872816,1873989,1,1173,1174,completed,1
28891,Rigid,1872815,1872816,1873959,1,1143,1144,completed,1
28892,Rigid,1872815,1872816,1875043,1,2227,2228,completed,1
28893,Rigid,1872815,1872816,1874767,1,1951,1952,completed,1
28894,Rigid,1872815,1872816,1873963,1,1147,1148,completed,1
28895,Rigid,1872815,1872816,1873930,1,1114,1115,completed,1
28896,Rigid,1872815,1872816,1874827,1,2011,2012,completed,1
28897,Rigid,1872815,1872816,1874950,1,2134,2135,completed,1
28898,Rigid,1872815,1872816,1873985,1,1169,1170,completed,1
28899,Rigid,1872815,1872816,1873922,1,1106,1107,completed,1
28900,Rigid,1872815,1872816,1875072,1,2256,2257,completed,1
28901,Rigid,1872815,1872816,1874922,1,2106,2107,completed,1
28902,Rigid,1872815,1872816,1874065,1,1249,1250,completed,1
28903,Rigid,1872815,1872816,1874046,1,1230,1231,completed,1
28904,Rigid,1872815,1872816,1874823,1,2007,2008,completed,1
28905,Rigid,1872815,1872816,1874813,1,1997,1998,completed,1
28906,Rigid,1872815,1872816,1873959,1,1143,1144,completed,1
28907,Rigid,1872815,1872816,1874032,1,1216,1217,completed,1
28908,Rigid,1872815,1872816,1874923,1,2107,2108,completed,1
28909,Rigid,1872815,1872816,1874681,1,1865,1866,completed,1
28910,Rigid,1872815,1872816,1874027,1,1211,1212,completed,1
28911,Rigid,1872815,1872816,1873974,1,1158,1159,completed,1
28912,Rigid,1872815,1872816,1874763,1,1947,1948,completed,1
28913,Rigid,1872815,1872816,1874805,1,1989,1990,completed,1
28914,Rigid,1872815,1872816,1873999,1,1183,1184,completed,1
28915,Rigid,1872815,1872816,1873975,1,1159,1160,completed,1
28916,Rigid,1872815,1872816,1874822,1,2006,2007,completed,1
28917,Rigid,1872815,1872817,1874714,2,1897,1899,completed,1
28918,Rigid,1872815,1872817,1874039,2,1222,1224,completed,1
28919,Rigid,1872815,1872817,1874024,2,1207,1209,completed,1
28920,Rigid,1872815,1872817,1875151,2,2334,2336,completed,1
28921,Rigid,1872815,1872817,1875021,2,2204,2206,completed,1
28922,Rigid,1872815,1872817,1874072,2,1255,1257,completed,1
28923,Rigid,1872815,1872817,1873972,2,1155,1157,completed,1
28924,Rigid,1872815,1872817,1874894,2,2077,2079,completed,1
28925,Rigid,1872815,1872817,1874770,2,1953,1955,completed,1
28926,Rigid,1872815,1872817,1874101,2,1284,1286,completed,1
28927,Rigid,1872815,1872817,1874009,2,1192,1194,completed,1
28928,Rigid,1872815,1872817,1874895,2,2078,2080,completed,1
28929,Rigid,1872815,1872817,1875044,2,2227,2229,completed,1
28930,Rigid,1872815,1872817,1874056,2,1239,1241,completed,1
28931,Rigid,1872815,1872817,1874079,2,1262,1264,completed,1
28932,Rigid,1872815,1872817,1874971,2,2154,2156,completed,1
28933,Rigid,1872815,1872817,1874795,2,1978,1980,completed,1
28934,Rigid,1872815,1872817,1874043,2,1226,1228,completed,1
28935,Rigid,1872815,1872817,1874006,2,1189,1191,completed,1
28936,Rigid,1872815,1872817,1874900,2,2083,2085,completed,1
28937,Rigid,1872815,1872817,1874773,2,1956,1958,completed,1
28938,Rigid,1872815,1872817,1874036,2,1219,1221,completed,1
28939,Rigid,1872815,1872817,1873991,2,1174,1176,completed,1
28940,Rigid,1872815,1872817,1874674,2,1857,1859,completed,1
28941,Rigid,1872815,1872817,1874775,2,1958,1960,completed,1
28942,Rigid,1872815,1872817,1874030,2,1213,1215,completed,1
28943,Rigid,1872815,1872817,1874011,2,1194,1196,completed,1
28944,Rigid,1872815,1872817,1874645,2,1828,1830,completed,1
28945,Rigid,1872815,1872817,1874516,2,1699,1701,completed,1
28946,Rigid,1872815,1872817,1874013,2,1196,1198,completed,1
28947,Rigid,1872815,1872817,1873971,2,1154,1156,completed,1
28948,Rigid,1872815,1872817,1874819,2,2002,2004,completed,1
28949,Rigid,1872815,1872817,1874574,2,1757,1759,completed,1
28950,Rigid,1872815,1872817,1874021,2,1204,1206,completed,1
28951,Rigid,1872815,1872817,1874047,2,1230,1232,completed,1
28952,Rigid,1872815,1872817,1874709,2,1892,1894,completed,1
28953,Rigid,1872815,1872817,1874842,2,2025,2027,completed,1
28954,Rigid,1872815,1872817,1873960,2,1143,1145,completed,1
28955,Rigid,1872815,1872817,1874028,2,1211,1213,completed,1
28956,Rigid,1872815,1872817,1874992,2,2175,2177,completed,1
28957,Rigid,1872815,1872817,1874997,2,2180,2182,completed,1
28958,Rigid,1872815,1872817,1873967,2,1150,1152,completed,1
28959,Rigid,1872815,1872817,1873945,2,1128,1130,completed,1
28960,Rigid,1872815,1872817,1874671,2,1854,1856,completed,1
28961,Rigid,1872815,1872817,1874689,2,1872,1874,completed,1
28962,Rigid,1872815,1872817,1873997,2,1180,1182,completed,1
28963,Rigid,1872815,1872817,1874045,2,1228,1230,completed,1
28964,Rigid,1872815,1872817,1874905,2,2088,2090,completed,1
28965,Rigid,1872815,1872817,1874657,2,1840,1842,completed,1
28966,Rigid,1872815,1872817,1873966,2,1149,1151,completed,1
28967,Rigid,1872815,1872817,1873960,2,1143,1145,completed,1
28968,Rigid,1872815,1872817,1874818,2,2001,2003,completed,1
28969,Rigid,1872815,1872817,1874737,2,1920,1922,completed,1
28970,Rigid,1872815,1872817,1874023,2,1206,1208,completed,1
28971,Rigid,1872815,1872817,1873946,2,1129,1131,completed,1
28972,Rigid,1872815,1872817,1874670,2,1853,1855,completed,1
28973,Rigid,1872815,1872817,1874857,2,2040,2042,completed,1
28974,Rigid,1872815,1872819,1874051,4,1232,1236,completed,1
28975,Rigid,1872815,1872819,1873972,4,1153,1157,completed,1
28976,Rigid,1872815,1872819,1874231,4,1412,1416,completed,1
28977,Rigid,1872815,1872819,1874098,4,1279,1283,completed,1
28978,Rigid,1872815,1872819,1873609,4,790,794,completed,1
28979,Rigid,1872815,1872819,1873583,4,764,768,completed,1
28980,Rigid,1872815,1872819,1874076,4,1257,1261,completed,1
28981,Rigid,1872815,1872819,1874460,4,1641,1645,completed,1
28982,Rigid,1872815,1872819,1873582,4,763,767,completed,1
28983,Rigid,1872815,1872819,1873667,4,848,852,completed,1
28984,Rigid,1872815,1872819,1874059,4,1240,1244,completed,1
28985,Rigid,1872815,1872819,1874173,4,1354,1358,completed,1
28986,Rigid,1872815,1872819,1873568,4,749,753,completed,1
28987,Rigid,1872815,1872819,1873652,4,833,837,completed,1
28988,Rigid,1872815,1872819,1874211,4,1392,1396,completed,1
28989,Rigid,1872815,1872819,1874214,4,1395,1399,completed,1
28990,Rigid,1872815,1872819,1873594,4,775,779,completed,1
28991,Rigid,1872815,1872819,1873542,4,723,727,completed,1
28992,Rigid,1872815,1872819,1874142,4,1323,1327,completed,1
28993,Rigid,1872815,1872819,1874171,4,1352,1356,completed,1
28994,Rigid,1872815,1872819,1873621,4,802,806,completed,1
28995,Rigid,1872815,1872819,1873598,4,779,783,completed,1
28996,Rigid,1872815,1872819,1874052,4,1233,1237,completed,1
28997,Rigid,1872815,1872819,1874140,4,1321,1325,completed,1
28998,Rigid,1872815,1872819,1873577,4,758,762,completed,1
28999,Rigid,1872815,1872819,1873614,4,795,799,completed,1
29000,Rigid,1872815,1872819,1874071,4,1252,1256,completed,1
29001,Rigid,1872815,1872819,1874077,4,1258,1262,completed,1
29002,Rigid,1872815,1872819,1873582,4,763,767,completed,1
29003,Rigid,1872815,1872820,1873570,5,750,755,completed,1
29004,Rigid,1872815,1872820,1874094,5,1274,1279,completed,1
29005,Rigid,1872815,1872820,1873976,5,1156,1161,completed,1
29006,Rigid,1872815,1872820,1873607,5,787,792,completed,1
29007,Rigid,1872815,1872820,1873693,5,873,878,completed,1
29008,Rigid,1872815,1872820,1874358,5,1538,1543,completed,1
29009,Rigid,1872815,1872820,1874404,5,1584,1589,completed,1
29010,Rigid,1872815,1872820,1873682,5,862,867,completed,1
29011,Rigid,1872815,1872820,1873617,5,797,802,completed,1
29012,Rigid,1872815,1872820,1874090,5,1270,1275,completed,1
29013,Rigid,1872815,1872820,1874292,5,1472,1477,completed,1
29014,Rigid,1872815,1872820,1873562,5,742,747,completed,1
29015,Rigid,1872815,1872820,1873637,5,817,822,completed,1
29016,Rigid,1872815,1872820,1874123,5,1303,1308,completed,1
29017,Rigid,1872815,1872820,1874083,5,1263,1268,completed,1
29018,Rigid,1872815,1872820,1873570,5,750,755,completed,1
29019,Rigid,1872815,1872820,1873652,5,832,837,completed,1
29020,Rigid,1872815,1872820,1874021,5,1201,1206,completed,1
29021,Rigid,1872815,1872820,1874332,5,1512,1517,completed,1
29022,Rigid,1872815,1872820,1873545,5,725,730,completed,1
29023,Rigid,1872815,1872820,1873627,5,807,812,completed,1
29024,Rigid,1872815,1872820,1874103,5,1283,1288,completed,1
29025,Rigid,1872815,1872820,1874153,5,1333,1338,completed,1
29026,Rigid,1872815,1872820,1873582,5,762,767,completed,1
29027,Rigid,1872815,1872820,1873589,5,769,774,completed,1
29028,Rigid,1872815,1872820,1874222,5,1402,1407,completed,1
29029,Rigid,1872815,1872820,1874176,5,1356,1361,completed,1
29030,Rigid,1872815,1872820,1873587,5,767,772,completed,1
29031,Rigid,1872815,1872820,1873655,5,835,840,completed,1
29032,Rigid,1872815,1872820,1874055,5,1235,1240,completed,1
29033,Rigid,1872815,1872820,1874087,5,1267,1272,completed,1
29034,Rigid,1872815,1872820,1873618,5,798,803,completed,1
29035,Rigid,1872815,1872820,1873605,5,785,790,completed,1
29036,Rigid,1872815,1872820,1874013,5,1193,1198,completed,1
29037,Rigid,1872815,1872820,1874132,5,1312,1317,completed,1
29038,Rigid,1872815,1872820,1873539,5,719,724,completed,1
29039,Rigid,1872815,1872820,1873569,5,749,754,completed,1
29040,Rigid,1872815,1872820,1874025,5,1205,1210,completed,1
29041,Rigid,1872815,1872820,1874274,5,1454,1459,completed,1
29042,Rigid,1872815,1872820,1873580,5,760,765,completed,1
29043,Rigid,1872815,1872820,1873580,5,760,765,completed,1
29044,Rigid,1872815,1872820,1874167,5,1347,1352,completed,1
29045,Rigid,1872815,1872820,1874020,5,1200,1205,completed,1
29046,Rigid,1872815,1872820,1873582,5,762,767,completed,1
29047,Rigid,1872815,1872820,1873633,5,813,818,completed,1
29048,Rigid,1872815,1872820,1874027,5,1207,1212,completed,1
29049,Rigid,1872815,1872820,1874101,5,1281,1286,completed,1
29050,Rigid,1872815,1872820,1873577,5,757,762,completed,1
29051,Rigid,1872815,1872820,1873579,5,759,764,completed,1
29052,Rigid,1872815,1872820,1874085,5,1265,1270,completed,1
29053,Rigid,1872815,1872820,1874022,5,1202,1207,completed,1
29054,Rigid,1872815,1872820,1873575,5,755,760,completed,1
29055,Rigid,1872815,1872820,1873585,5,765,770,completed,1
29056,Rigid,1872815,1872820,1874041,5,1221,1226,completed,1
29057,Rigid,1872815,1872820,1874440,5,1620,1625,completed,1
29058,Rigid,1872815,1872820,1873584,5,764,769,completed,1
29059,Rigid,1872815,1872820,1873639,5,819,824,completed,1
29060,Rigid,1872815,1872820,1874031,5,1211,1216,completed,1
29061,Rigid,1872815,1872820,1874269,5,1449,1454,completed,1
29062,Rigid,1872815,1872820,1873559,5,739,744,completed,1
29063,Rigid,1872815,1872820,1873603,5,783,788,completed,1
29064,Rigid,1872815,1872820,1874294,5,1474,1479,completed,1
29065,Rigid,1872815,1872820,1874462,5,1642,1647,completed,1
29066,Rigid,1872815,1872820,1873646,5,826,831,completed,1
29067,Rigid,1872815,1872820,1873645,5,825,830,completed,1
29068,Rigid,1872815,1872820,1874060,5,1240,1245,completed,1
29069,Rigid,1872815,1872820,1874313,5,1493,1498,completed,1
29070,Rigid,1872815,1872820,1873578,5,758,763,completed,1
29071,Rigid,1872815,1872820,1873627,5,807,812,completed,1
29072,Rigid,1872815,1872820,1874121,5,1301,1306,completed,1
29073,Rigid,1872815,1872820,1874137,5,1317,1322,completed,1
29074,Rigid,1872815,1872820,1873534,5,714,719,completed,1
29075,Rigid,1872815,1872820,1873685,5,865,870,completed,1
29076,Rigid,1872815,1872820,1873999,5,1179,1184,completed,1
29077,Rigid,1872815,1872820,1874109,5,1289,1294,completed,1
29078,Rigid,1872815,1872820,1873680,5,860,865,completed,1
29079,Rigid,1872815,1872820,1873621,5,801,806,completed,1
29080,Rigid,1872815,1872820,1874058,5,1238,1243,completed,1
29081,Rigid,1872815,1872820,1874046,5,1226,1231,completed,1
29082,Rigid,1872815,1872820,1873658,5,838,843,completed,1
29083,Rigid,1872815,1872820,1873715,5,895,900,completed,1
29084,Rigid,1872815,1872820,1874076,5,1256,1261,completed,1
29085,Rigid,1872815,1872820,1874176,5,1356,1361,completed,1
29086,Rigid,1872815,1872820,1873542,5,722,727,completed,1
29087,Rigid,1872815,1872820,1873575,5,755,760,completed,1
29088,Rigid,1872815,1872820,1874104,5,1284,1289,completed,1
29089,Rigid,1872815,1872820,1874134,5,1314,1319,completed,1
29090,Rigid,1872815,1872820,1873537,5,717,722,completed,1
29091,Rigid,1872815,1872820,1873597,5,777,782,completed,1
29092,Rigid,1872815,1872820,1874054,5,1234,1239,completed,1
29093,Rigid,1872815,1872820,1874332,5,1512,1517,completed,1
29094,Rigid,1872815,1872820,1873528,5,708,713,completed,1
29095,Rigid,1872815,1872820,1873595,5,775,780,completed,1
29096,Rigid,1872815,1872820,1874086,5,1266,1271,completed,1
29097,Rigid,1872815,1872820,1874061,5,1241,1246,completed,1
29098,Rigid,1872815,1872820,1873589,5,769,774,completed,1
29099,Rigid,1872815,1872820,1873540,5,720,725,completed,1
29100,Rigid,1872815,1872820,1874364,5,1544,1549,completed,1
29101,Rigid,1872815,1872820,1874167,5,1347,1352,completed,1
29102,Rigid,1872815,1872820,1873596,5,776,781,completed,1
29103,Rigid,1872815,1872820,1873653,5,833,838,completed,1
29104,Rigid,1872815,1872820,1874120,5,1300,1305,completed,1
29105,Rigid,1872815,1872820,1874135,5,1315,1320,completed,1
29106,Rigid,1872815,1872820,1873598,5,778,783,completed,1
29107,Rigid,1872815,1872820,1873627,5,807,812,completed,1
29108,Rigid,1872815,1872820,1874312,5,1492,1497,completed,1
29109,Rigid,1872815,1872820,1874154,5,1334,1339,completed,1
29110,Rigid,1872815,1872820,1873596,5,776,781,completed,1
29111,Rigid,1872815,1872820,1873659,5,839,844,completed,1
29112,Rigid,1872815,1872820,1874348,5,1528,1533,completed,1
29113,Rigid,1872815,1872820,1874121,5,1301,1306,completed,1
29114,Rigid,1872815,1872820,1873628,5,808,813,completed,1
29115,Rigid,1872815,1872820,1873633,5,813,818,completed,1
29116,Rigid,1872815,1872820,1874071,5,1251,1256,completed,1
29117,Rigid,1872815,1872820,1874142,5,1322,1327,completed,1
29118,Rigid,1872815,1872820,1873601,5,781,786,completed,1
29119,Rigid,1872815,1872820,1873723,5,903,908,completed,1
29120,Rigid,1872815,1872820,1874302,5,1482,1487,completed,1
29121,Rigid,1872815,1872820,1873982,5,1162,1167,completed,1
29122,Rigid,1872815,1872820,1873587,5,767,772,completed,1
29123,Rigid,1872815,1872820,1873591,5,771,776,completed,1
29124,Rigid,1872815,1872820,1874353,5,1533,1538,completed,1
29125,Rigid,1872815,1872820,1874133,5,1313,1318,completed,1
29126,Rigid,1872815,1872820,1873632,5,812,817,completed,1
29127,Rigid,1872815,1872820,1873656,5,836,841,completed,1
29128,Rigid,1872815,1872820,1874200,5,1380,1385,completed,1
29129,Rigid,1872815,1872820,1874146,5,1326,1331,completed,1
29130,Rigid,1872815,1872820,1873592,5,772,777,completed,1
29131,Rigid,1872815,1872820,1873621,5,801,806,completed,1
29132,Rigid,1872815,1872820,1874172,5,1352,1357,completed,1
29133,Rigid,1872815,1872820,1874116,5,1296,1301,completed,1
29134,Rigid,1872815,1872820,1873554,5,734,739,completed,1
29135,Rigid,1872815,1872820,1873561,5,741,746,completed,1
29136,Rigid,1872815,1872820,1874126,5,1306,1311,completed,1
29137,Rigid,1872815,1872820,1874277,5,1457,1462,completed,1
29138,Rigid,1872815,1872820,1873552,5,732,737,completed,1
29139,Rigid,1872815,1872820,1873624,5,804,809,completed,1
29140,Rigid,1872815,1872820,1874181,5,1361,1366,completed,1
29141,Rigid,1872815,1872820,1874323,5,1503,1508,completed,1
29142,Rigid,1872815,1872820,1873582,5,762,767,completed,1
29143,Rigid,1872815,1872820,1873565,5,745,750,completed,1
29144,Rigid,1872815,1872820,1874047,5,1227,1232,completed,1
29145,Rigid,1872815,1872820,1874173,5,1353,1358,completed,1
29146,Rigid,1872815,1872820,1873546,5,726,731,completed,1
29147,Rigid,1872815,1872820,1873666,5,846,851,completed,1
29148,Rigid,1872815,1872820,1874092,5,1272,1277,completed,1
29149,Rigid,1872815,1872820,1874329,5,1509,1514,completed,1
29150,Rigid,1872815,1872820,1873563,5,743,748,completed,1
29151,Rigid,1872815,1872820,1873586,5,766,771,completed,1
29152,Rigid,1872815,1872820,1874192,5,1372,1377,completed,1
29153,Rigid,1872815,1872820,1874179,5,1359,1364,completed,1
29154,Rigid,1872815,1872820,1873602,5,782,787,completed,1
29155,Rigid,1872815,1873310,1874141,495,831,1326,completed,1
29156,Rigid,1872815,1873310,1874590,495,1280,1775,completed,1
29157,Rigid,1872815,1873310,1874651,495,1341,1836,completed,1
29158,Rigid,1872815,1873310,1874019,495,709,1204,completed,1
29159,Rigid,1872815,1873310,1874097,495,787,1282,completed,1
29160,Rigid,1872815,1873310,1874565,495,1255,1750,completed,1
29161,Rigid,1872815,1873310,1874728,495,1418,1913,completed,1
29162,Rigid,1872815,1873310,1873995,495,685,1180,completed,1
29163,Rigid,1872815,1873310,1874097,495,787,1282,completed,1
29164,Rigid,1872815,1873310,1874716,495,1406,1901,completed,1
29165,Rigid,1872815,1873310,1874491,495,1181,1676,completed,1
29166,Rigid,1872815,1873310,1873991,495,681,1176,completed,1
29167,Rigid,1872815,1873310,1874146,495,836,1331,completed,1
29168,Rigid,1872815,1873310,1874608,495,1298,1793,completed,1
29169,Rigid,1872815,1873310,1874796,495,1486,1981,completed,1
29170,Rigid,1872815,1873310,1874042,495,732,1227,completed,1
29171,Rigid,1872815,1873310,1874124,495,814,1309,completed,1
29172,Rigid,1872815,1873310,1874609,495,1299,1794,completed,1
29173,Rigid,1872815,1873433,1874801,618,1368,1986,completed,1
29174,Rigid,1872815,1873433,1874140,618,707,1325,completed,1
29175,Rigid,1872815,1873433,1874184,618,751,1369,completed,1
29176,Rigid,1872815,1873433,1875470,618,2037,2655,completed,1
29177,Rigid,1872815,1873433,1875395,618,1962,2580,completed,1
29178,Rigid,1872815,1873433,1874784,618,1351,1969,completed,1
29179,Rigid,1872815,1873433,1874543,618,1110,1728,completed,1
29180,Rigid,1872815,1873433,1875726,618,2293,2911,completed,1
29181,Rigid,1872815,1873433,1875457,618,2024,2642,completed,1
29182,Rigid,1872815,1873433,1874658,618,1225,1843,completed,1
29183,Rigid,1872815,1873433,1874598,618,1165,1783,completed,1
29184,Rigid,1872815,1873433,1875669,618,2236,2854,completed,1
29185,Rigid,1872815,1873433,1875437,618,2004,2622,completed,1
29186,Rigid,1872815,1873433,1874724,618,1291,1909,completed,1
29187,Rigid,1872815,1873433,1874520,618,1087,1705,completed,1
29188,Rigid,1872815,1873433,1875483,618,2050,2668,completed,1
29189,Rigid,1872815,1873433,1875367,618,1934,2552,completed,1
29190,Rigid,1872815,1873433,1874774,618,1341,1959,completed,1
29191,Rigid,1872815,1873530,1874656,715,1126,1841,completed,1
29192,Rigid,1872815,1873535,1875444,720,1909,2629,completed,1
29193,Rigid,1872815,1873538,1875412,723,1874,2597,completed,1
29194,Rigid,1872815,1873540,1874716,725,1176,1901,completed,1
29195,Rigid,1872815,1873541,1874634,726,1093,1819,completed,1
29196,Rigid,1872815,1873543,1875625,728,2082,2810,completed,1
29197,Rigid,1872815,1873543,1875523,728,1980,2708,completed,1
29198,Rigid,1872815,1873546,1874761,731,1215,1946,completed,1
29199,Rigid,1872815,1873547,1874647,732,1100,1832,completed,1
29200,Rigid,1872815,1873553,1875601,738,2048,2786,completed,1
29201,Rigid,1872815,1873555,1875358,740,1803,2543,completed,1
29202,Rigid,1872815,1873560,1874800,745,1240,1985,completed,1
29203,Rigid,1872815,1873562,1874685,747,1123,1870,completed,1
29204,Rigid,1872815,1873563,1875597,748,2034,2782,completed,1
29205,Rigid,1872815,1873564,1875643,749,2079,2828,completed,1
29206,Rigid,1872815,1873566,1874816,751,1250,2001,completed,1
29207,Rigid,1872815,1873569,1874680,754,1111,1865,completed,1
29208,Rigid,1872815,1873571,1875746,756,2175,2931,completed,1
29209,Rigid,1872815,1873571,1875337,756,1766,2522,completed,1
29210,Rigid,1872815,1873571,1874859,756,1288,2044,completed,1
29211,Rigid,1872815,1873576,1874647,761,1071,1832,completed,1
29212,Rigid,1872815,1873576,1875558,761,1982,2743,completed,1
29213,Rigid,1872815,1873579,1875639,764,2060,2824,completed,1
29214,Rigid,1872815,1873579,1874816,764,1237,2001,completed,1
29215,Rigid,1872815,1873579,1874743,764,1164,1928,completed,1
29216,Rigid,1872815,1873581,1875381,766,1800,2566,completed,1
29217,Rigid,1872815,1873581,1875695,766,2114,2880,completed,1
29218,Rigid,1872815,1873581,1874950,766,1369,2135,completed,1
29219,Rigid,1872815,1873581,1874676,766,1095,1861,completed,1
29220,Rigid,1872815,1873581,1875412,766,1831,2597,completed,1
29221,Rigid,1872815,1873581,1875669,766,2088,2854,completed,1
29222,Rigid,1872815,1873581,1874922,766,1341,2107,completed,1
29223,Rigid,1872815,1873581,1874746,766,1165,1931,completed,1
29224,Rigid,1872815,1873581,1875402,766,1821,2587,completed,1
29225,Rigid,1872815,1873581,1875605,766,2024,2790,completed,1
29226,Rigid,1872815,1873581,1874868,766,1287,2053,completed,1
29227,Rigid,1872815,1873581,1874802,766,1221,1987,completed,1
29228,Rigid,1872815,1873581,1875595,766,2014,2780,completed,1
29229,Rigid,1872815,1873581,1875784,766,2203,2969,completed,1
29230,Rigid,1872815,1873581,1874909,766,1328,2094,completed,1
29231,Rigid,1872815,1873581,1874763,766,1182,1948,completed,1
29232,Rigid,1872815,1873581,1875701,766,2120,2886,completed,1
29233,Rigid,1872815,1873581,1875637,766,2056,2822,completed,1
29234,Rigid,1872815,1873581,1874904,766,1323,2089,completed,1
29235,Rigid,1872815,1873581,1874884,766,1303,2069,completed,1
29236,Rigid,1872815,1873581,1875895,766,2314,3080,completed,1
29237,Rigid,1872815,1873581,1875335,766,1754,2520,completed,1
29238,Rigid,1872815,1873581,1874977,766,1396,2162,completed,1
29239,Rigid,1872815,1873581,1874824,766,1243,2009,completed,1
29240,Rigid,1872815,1873581,1875740,766,2159,2925,completed,1
29241,Rigid,1872815,1873581,1875697,766,2116,2882,completed,1
29242,Rigid,1872815,1873581,1874902,766,1321,2087,completed,1
29243,Rigid,1872815,1873581,1874824,766,1243,2009,completed,1
29244,Rigid,1872815,1873581,1875714,766,2133,2899,completed,1
29245,Rigid,1872815,1873581,1875715,766,2134,2900,completed,1
29246,Rigid,1872815,1873581,1874858,766,1277,2043,completed,1
29247,Rigid,1872815,1873581,1874812,766,1231,1997,completed,1
29248,Rigid,1872815,1873581,1875738,766,2157,2923,completed,1
29249,Rigid,1872815,1873581,1875341,766,1760,2526,completed,1
29250,Rigid,1872815,1873581,1874882,766,1301,2067,completed,1
29251,Rigid,1872815,1873581,1874815,766,1234,2000,completed,1
29252,Rigid,1872815,1873582,1875829,767,2247,3014,completed,1
29253,Rigid,1872815,1873582,1875713,767,2131,2898,completed,1
29254,Rigid,1872815,1873582,1874823,767,1241,2008,completed,1
29255,Rigid,1872815,1873583,1874637,768,1054,1822,completed,1
29256,Rigid,1872815,1873583,1875698,768,2115,2883,completed,1
29257,Rigid,1872815,1873583,1875689,768,2106,2874,completed,1
29258,Rigid,1872815,1873583,1874787,768,1204,1972,completed,1
29259,Rigid,1872815,1873584,1874679,769,1095,1864,completed,1
29260,Rigid,1872815,1873584,1875309,769,1725,2494,completed,1
29261,Rigid,1872815,1873586,1875438,771,1852,2623,completed,1
29262,Rigid,1872815,1873586,1874809,771,1223,1994,completed,1
29263,Rigid,1872815,1873588,1874753,773,1165,1938,completed,1
29264,Rigid,1872815,1873588,1875244,773,1656,2429,completed,1
29265,Rigid,1872815,1873588,1875566,773,1978,2751,completed,1
29266,Rigid,1872815,1873590,1874786,775,1196,1971,completed,1
29267,Rigid,1872815,1873590,1874679,775,1089,1864,completed,1
29268,Rigid,1872815,1873593,1875652,778,2059,2837,completed,1
29269,Rigid,1872815,1873593,1875316,778,1723,2501,completed,1
29270,Rigid,1872815,1873595,1874878,780,1283,2063,completed,1
29271,Rigid,1872815,1873596,1874725,781,1129,1910,completed,1
29272,Rigid,1872815,1873597,1875515,782,1918,2700,completed,1
29273,Rigid,1872815,1873597,1875599,782,2002,2784,completed,1
29274,Rigid,1872815,1873599,1874807,784,1208,1992,completed,1
29275,Rigid,1872815,1873599,1874754,784,1155,1939,completed,1
29276,Rigid,1872815,1873600,1875272,785,1672,2457,completed,1
29277,Rigid,1872815,1873602,1875454,787,1852,2639,completed,1
29278,Rigid,1872815,1873603,1874915,788,1312,2100,completed,1
29279,Rigid,1872815,1873604,1874744,789,1140,1929,completed,1
29280,Rigid,1872815,1873607,1875359,792,1752,2544,completed,1
29281,Rigid,1872815,1873608,1875696,793,2088,2881,completed,1
29282,Rigid,1872815,1873610,1874783,795,1173,1968,completed,1
29283,Rigid,1872815,1873615,1874671,800,1056,1856,completed,1
29284,Rigid,1872815,1873618,1875471,803,1853,2656,completed,1
29285,Rigid,1872815,1873619,1875683,804,2064,2868,completed,1
29286,Rigid,1872815,1873622,1874798,807,1176,1983,completed,1
29287,Rigid,1872815,1873622,1874784,807,1162,1969,completed,1
29288,Rigid,1872815,1873623,1875554,808,1931,2739,completed,1
29289,Rigid,1872815,1873625,1875400,810,1775,2585,completed,1
29290,Rigid,1872815,1873628,1874882,813,1254,2067,completed,1
29291,Rigid,1872815,1873629,1874686,814,1057,1871,completed,1
29292,Rigid,1872815,1873629,1875528,814,1899,2713,completed,1
29293,Rigid,1872815,1873629,1875503,814,1874,2688,completed,1
29294,Rigid,1872815,1873634,1874914,819,1280,2099,completed,1
29295,Rigid,1872815,1873634,1874758,819,1124,1943,completed,1
29296,Rigid,1872815,1873634,1875304,819,1670,2489,completed,1
29297,Rigid,1872815,1873638,1875731,823,2093,2916,completed,1
29298,Rigid,1872815,1873638,1874986,823,1348,2171,completed,1
29299,Rigid,1872815,1873638,1874812,823,1174,1997,completed,1
29300,Rigid,1872815,1873638,1875622,823,1984,2807,completed,1
29301,Rigid,1872815,1873638,1875632,823,1994,2817,completed,1
29302,Rigid,1872815,1873638,1874865,823,1227,2050,completed,1
29303,Rigid,1872815,1873638,1874827,823,1189,2012,completed,1
29304,Rigid,1872815,1873638,1875588,823,1950,2773,completed,1
29305,Rigid,1872815,1873638,1875686,823,2048,2871,completed,1
29306,Rigid,1872815,1873638,1874925,823,1287,2110,completed,1
29307,Rigid,1872815,1873638,1874764,823,1126,1949,completed,1
29308,Rigid,1872815,1873638,1875792,823,2154,2977,completed,1
29309,Rigid,1872815,1873638,1875418,823,1780,2603,completed,1
29310,Rigid,1872815,1873638,1874920,823,1282,2105,completed,1
29311,Rigid,1872815,1873638,1874835,823,1197,2020,completed,1
29312,Rigid,1872815,1873638,1875401,823,1763,2586,completed,1
29313,Rigid,1872815,1873638,1875760,823,2122,2945,completed,1
29314,Rigid,1872815,1873638,1874943,823,1305,2128,completed,1
29315,Rigid,1872815,1873638,1874810,823,1172,1995,completed,1
29316,Rigid,1872815,1873638,1875841,823,2203,3026,completed,1
29317,Rigid,1872815,1873638,1875918,823,2280,3103,completed,1
29318,Rigid,1872815,1873638,1874849,823,1211,2034,completed,1
29319,Rigid,1872815,1873638,1874756,823,1118,1941,completed,1
29320,Rigid,1872815,1873638,1875811,823,2173,2996,completed,1
29321,Rigid,1872815,1873638,1875998,823,2360,3183,completed,1
29322,Rigid,1872815,1873638,1874858,823,1220,2043,completed,1
29323,Rigid,1872815,1873638,1874782,823,1144,1967,completed,1
29324,Rigid,1872815,1873638,1875921,823,2283,3106,completed,1
29325,Rigid,1872815,1873638,1875692,823,2054,2877,completed,1
29326,Rigid,1872815,1873638,1874924,823,1286,2109,completed,1
29327,Rigid,1872815,1873638,1874771,823,1133,1956,completed,1
29328,Rigid,1872815,1873638,1875964,823,2326,3149,completed,1
29329,Rigid,1872815,1873638,1875674,823,2036,2859,completed,1
29330,Rigid,1872815,1873638,1874913,823,1275,2098,completed,1
29331,Rigid,1872815,1873638,1874752,823,1114,1937,completed,1
29332,Rigid,1872815,1873638,1875345,823,1707,2530,completed,1
29333,Rigid,1872815,1873638,1875903,823,2265,3088,completed,1
29334,Rigid,1872815,1873638,1874928,823,1290,2113,completed,1
29335,Rigid,1872815,1873638,1874788,823,1150,1973,completed,1
29336,Rigid,1872815,1873638,1875877,823,2239,3062,completed,1
29337,Rigid,1872815,1873638,1875717,823,2079,2902,completed,1
29338,Rigid,1872815,1873638,1874894,823,1256,2079,completed,1
29339,Rigid,1872815,1873638,1874831,823,1193,2016,completed,1
29340,Rigid,1872815,1873638,1875787,823,2149,2972,completed,1
29341,Rigid,1872815,1873638,1875567,823,1929,2752,completed,1
29342,Rigid,1872815,1873638,1874927,823,1289,2112,completed,1
29343,Rigid,1872815,1873638,1874826,823,1188,2011,completed,1
29344,Rigid,1872815,1873638,1875787,823,2149,2972,completed,1
29345,Rigid,1872815,1873638,1875593,823,1955,2778,completed,1
29346,Rigid,1872815,1873638,1874960,823,1322,2145,completed,1
29347,Rigid,1872815,1873638,1874797,823,1159,1982,completed,1
29348,Rigid,1872815,1873638,1875588,823,1950,2773,completed,1
29349,Rigid,1872815,1873638,1875831,823,2193,3016,completed,1
29350,Rigid,1872815,1873638,1874929,823,1291,2114,completed,1
29351,Rigid,1872815,1873638,1874823,823,1185,2008,completed,1
29352,Rigid,1872815,1873638,1875797,823,2159,2982,completed,1
29353,Rigid,1872815,1873638,1875738,823,2100,2923,completed,1
29354,Rigid,1872815,1873638,1874923,823,1285,2108,completed,1
29355,Rigid,1872815,1873638,1874811,823,1173,1996,completed,1
29356,Rigid,1872815,1873638,1875491,823,1853,2676,completed,1
29357,Rigid,1872815,1873638,1876007,823,2369,3192,completed,1
29358,Rigid,1872815,1873638,1874986,823,1348,2171,completed,1
29359,Rigid,1872815,1873639,1874733,824,1094,1918,completed,1
29360,Rigid,1872815,1873639,1875596,824,1957,2781,completed,1
29361,Rigid,1872815,1873639,1875633,824,1994,2818,completed,1
29362,Rigid,1872815,1873639,1874865,824,1226,2050,completed,1
29363,Rigid,1872815,1873639,1874805,824,1166,1990,completed,1
29364,Rigid,1872815,1873639,1875707,824,2068,2892,completed,1
29365,Rigid,1872815,1873639,1875460,824,1821,2645,completed,1
29366,Rigid,1872815,1873639,1874871,824,1232,2056,completed,1
29367,Rigid,1872815,1873639,1874733,824,1094,1918,completed,1
29368,Rigid,1872815,1873639,1875624,824,1985,2809,completed,1
29369,Rigid,1872815,1873639,1875826,824,2187,3011,completed,1
29370,Rigid,1872815,1873639,1874822,824,1183,2007,completed,1
29371,Rigid,1872815,1873639,1874676,824,1037,1861,completed,1
29372,Rigid,1872815,1873639,1875576,824,1937,2761,completed,1
29373,Rigid,1872815,1873639,1875563,824,1924,2748,completed,1
29374,Rigid,1872815,1873639,1874797,824,1158,1982,completed,1
29375,Rigid,1872815,1873639,1874745,824,1106,1930,completed,1
29376,Rigid,1873952,1875023,1989606,1071,114583,115654,completed,72
29377,Rigid,1874015,1874027,1893152,12,19125,19137,completed,4
29378,Rigid,1874075,1874087,1902196,12,28109,28121,completed,4
29379,Rigid,1874178,1875587,1876231,1409,644,2053,completed,144
29380,Rigid,1875954,1875954,1923919,0,47965,47965,completed,36
29381,Rigid,1876147,1880009,1923209,3862,43200,47062,completed,36
29382,Rigid,1876197,1876198,1876206,1,8,9,completed,2
29383,Rigid,1876197,1876198,1876206,1,8,9,completed,2
29384,Rigid,1876197,1876198,1876206,1,8,9,completed,2
29385,Rigid,1876197,1876198,1876206,1,8,9,completed,2
29386,Rigid,1876197,1876198,1876206,1,8,9,completed,2
29387,Rigid,1876197,1876198,1876206,1,8,9,completed,2
29388,Rigid,1876197,1876198,1876206,1,8,9,completed,2
29389,Rigid,1876197,1876198,1876206,1,8,9,completed,2
29390,Rigid,1876197,1876198,1876206,1,8,9,completed,2
29391,Rigid,1876197,1876198,1876206,1,8,9,completed,2
29392,Rigid,1876197,1876198,1876206,1,8,9,completed,2
29393,Rigid,1876197,1876198,1876206,1,8,9,completed,2
29394,Rigid,1876197,1876198,1876206,1,8,9,completed,2
29395,Rigid,1876197,1876198,1876206,1,8,9,completed,2
29396,Rigid,1876197,1876198,1876206,1,8,9,completed,2
29397,Rigid,1876197,1876198,1876206,1,8,9,completed,2
29398,Rigid,1876222,1880847,1889335,4625,8488,13113,completed,36
29399,Rigid,1876228,1886940,1900097,10712,13157,23869,completed,36
29400,Rigid,1876410,1876410,1876418,0,8,8,completed,1
29401,Rigid,1876471,1876473,1879009,2,2536,2538,completed,18
29402,Rigid,1876471,1876473,1879013,2,2540,2542,completed,18
29403,Rigid,1876616,1886940,1886956,10324,16,10340,completed,144
29404,Rigid,1876641,1886965,2146176,10324,259211,269535,completed,36
29405,Rigid,1876641,1886965,2146176,10324,259211,269535,completed,36
29406,Rigid,1876641,1886965,1887094,10324,129,10453,completed,36
29407,Rigid,1876641,1886965,2146176,10324,259211,269535,completed,36
29408,Rigid,1876641,1886965,2146176,10324,259211,269535,completed,36
29409,Rigid,1876641,1887117,2146326,10476,259209,269685,completed,36
29410,Rigid,1876641,1889418,2148638,12777,259220,271997,completed,36
29411,Rigid,1876641,1889781,2148998,13140,259217,272357,completed,36
29412,Rigid,1876641,1890448,2149658,13807,259210,273017,completed,36
29413,Rigid,1876641,1890478,2149688,13837,259210,273047,completed,36
29414,Rigid,1876641,1893812,2153020,17171,259208,276379,completed,36
29415,Rigid,1876641,1893812,2153020,17171,259208,276379,completed,36
29416,Rigid,1876641,1893812,2153020,17171,259208,276379,completed,36
29417,Rigid,1876641,1893812,2153020,17171,259208,276379,completed,36
29418,Rigid,1876641,1895995,2155211,19354,259216,278570,completed,36
29419,Rigid,1876641,1895995,2155211,19354,259216,278570,completed,36
29420,Rigid,1876641,1896176,1896269,19535,93,19628,completed,36
29421,Rigid,1876641,1896298,2155511,19657,259213,278870,completed,36
29422,Rigid,1876641,1896328,2155541,19687,259213,278900,completed,36
29423,Rigid,1876641,1896753,2155961,20112,259208,279320,completed,36
29424,Rigid,1876641,1896874,2156081,20233,259207,279440,completed,36
29425,Rigid,1876641,1897116,2156321,20475,259205,279680,completed,36
29426,Rigid,1876641,1897116,2156321,20475,259205,279680,completed,36
29427,Rigid,1876641,1897510,2156711,20869,259201,280070,completed,36
29428,Rigid,1876641,1900116,2159322,23475,259206,282681,completed,36
29429,Rigid,1876641,1903060,2162263,26419,259203,285622,completed,36
29430,Rigid,1876641,1903080,2162293,26439,259213,285652,completed,36
29431,Rigid,1876641,1903080,2162293,26439,259213,285652,completed,36
29432,Rigid,1876641,1903080,2162293,26439,259213,285652,completed,36
29433,Rigid,1876641,1903080,2162293,26439,259213,285652,completed,36
29434,Rigid,1876641,1903109,2162323,26468,259214,285682,completed,36
29435,Rigid,1876641,1903109,2162323,26468,259214,285682,completed,36
29436,Rigid,1876641,1903676,2162893,27035,259217,286252,completed,36
29437,Rigid,1876641,1903676,2162893,27035,259217,286252,completed,36
29438,Rigid,1876641,1903676,2162893,27035,259217,286252,completed,36
29439,Rigid,1876641,1903676,2162893,27035,259217,286252,completed,36
29440,Rigid,1876641,1903676,2162893,27035,259217,286252,completed,36
29441,Rigid,1876641,1903676,2096136,27035,192460,219495,completed,36
29442,Rigid,1876641,1903676,2162893,27035,259217,286252,completed,36
29443,Rigid,1876641,1903676,2162893,27035,259217,286252,completed,36
29444,Rigid,1876641,1903676,2162893,27035,259217,286252,completed,36
29445,Rigid,1876641,1903676,2162893,27035,259217,286252,completed,36
29446,Rigid,1876641,1906780,2165983,30139,259203,289342,completed,36
29447,Rigid,1876641,1906780,2165983,30139,259203,289342,completed,36
29448,Rigid,1876641,1906780,2142203,30139,235423,265562,completed,36
29449,Rigid,1876641,1906780,2165983,30139,259203,289342,completed,36
29450,Rigid,1876641,1906780,2165983,30139,259203,289342,completed,36
29451,Rigid,1876641,1906780,2165983,30139,259203,289342,completed,36
29452,Rigid,1876641,1906780,2165983,30139,259203,289342,completed,36
29453,Rigid,1876641,1906780,2165983,30139,259203,289342,completed,36
29454,Rigid,1876641,1906780,2165983,30139,259203,289342,completed,36
29455,Rigid,1876641,1906780,2165983,30139,259203,289342,completed,36
29456,Rigid,1876641,1907830,2167033,31189,259203,290392,completed,36
29457,Rigid,1876641,1907830,2167033,31189,259203,290392,completed,36
29458,Rigid,1876641,1907830,2167033,31189,259203,290392,completed,36
29459,Rigid,1876641,1914373,1914488,37732,115,37847,completed,36
29460,Rigid,1876641,1914373,2132211,37732,217838,255570,completed,36
29461,Rigid,1876641,1914373,2154714,37732,240341,278073,completed,36
29462,Rigid,1876641,1914373,2173574,37732,259201,296933,completed,36
29463,Rigid,1876873,1876874,1877190,1,316,317,completed,2
29464,Rigid,1876873,1876874,1877186,1,312,313,completed,2
29465,Rigid,1876874,1876874,1877187,0,313,313,completed,2
29466,Rigid,1876874,1876874,1877186,0,312,312,completed,2
29467,Rigid,1876874,1876874,1877173,0,299,299,completed,2
29468,Rigid,1876874,1876874,1877181,0,307,307,completed,2
29469,Rigid,1876874,1876874,1877192,0,318,318,completed,2
29470,Rigid,1876874,1876874,1877186,0,312,312,completed,2
29471,Rigid,1876874,1876874,1877178,0,304,304,completed,2
29472,Rigid,1876874,1876874,1877192,0,318,318,completed,2
29473,Rigid,1876874,1876874,1877181,0,307,307,completed,2
29474,Rigid,1876874,1876874,1877191,0,317,317,completed,2
29475,Rigid,1876874,1876878,1877196,4,318,322,completed,2
29476,Rigid,1876874,1876878,1877192,4,314,318,completed,2
29477,Rigid,1876875,1876878,1877185,3,307,310,completed,2
29478,Rigid,1876875,1876878,1877184,3,306,309,completed,2
29479,Rigid,1877217,1877221,1877224,4,3,7,completed,36
29480,Rigid,1877217,1877221,1877224,4,3,7,completed,36
29481,Rigid,1877217,1877221,1877224,4,3,7,completed,36
29482,Rigid,1877217,1877221,1877224,4,3,7,completed,36
29483,Rigid,1877217,1877221,1877224,4,3,7,completed,36
29484,Rigid,1877218,1877223,1877225,5,2,7,completed,36
29485,Rigid,1877218,1877223,1877226,5,3,8,completed,36
29486,Rigid,1877218,1877223,1877225,5,2,7,completed,36
29487,Rigid,1877218,1877225,1877227,7,2,9,completed,36
29488,Rigid,1877218,1877225,1877227,7,2,9,completed,36
29489,Rigid,1877218,1877225,1877227,7,2,9,completed,36
29490,Rigid,1877218,1877225,1877227,7,2,9,completed,36
29491,Rigid,1877218,1877225,1877227,7,2,9,completed,36
29492,Rigid,1877218,1877227,1877229,9,2,11,completed,36
29493,Rigid,1877218,1877227,1877229,9,2,11,completed,36
29494,Rigid,1877218,1877227,1877229,9,2,11,completed,36
29495,Rigid,1877218,1877228,1877230,10,2,12,completed,36
29496,Rigid,1877218,1877228,1877230,10,2,12,completed,36
29497,Rigid,1877218,1877228,1877230,10,2,12,completed,36
29498,Rigid,1877218,1877228,1877230,10,2,12,completed,36
29499,Rigid,1877218,1877228,1877231,10,3,13,completed,36
29500,Rigid,1877218,1877230,1877232,12,2,14,completed,36
29501,Rigid,1877219,1877230,1877233,11,3,14,completed,36
29502,Rigid,1877219,1877231,1877233,12,2,14,completed,36
29503,Rigid,1877219,1877231,1877233,12,2,14,completed,36
29504,Rigid,1877219,1877232,1877234,13,2,15,completed,36
29505,Rigid,1877219,1877232,1877234,13,2,15,completed,36
29506,Rigid,1877219,1877232,1877234,13,2,15,completed,36
29507,Rigid,1877219,1877232,1877234,13,2,15,completed,36
29508,Rigid,1877219,1877234,1877236,15,2,17,completed,36
29509,Rigid,1877219,1877234,1877236,15,2,17,completed,36
29510,Rigid,1877219,1877234,1877236,15,2,17,completed,36
29511,Rigid,1877219,1877235,1877237,16,2,18,completed,36
29512,Rigid,1877219,1877235,1877237,16,2,18,completed,36
29513,Rigid,1877219,1877235,1877237,16,2,18,completed,36
29514,Rigid,1877219,1877235,1877237,16,2,18,completed,36
29515,Rigid,1877219,1877236,1877278,17,42,59,completed,36
29516,Rigid,1877439,1877440,1877454,1,14,15,completed,72
29517,Rigid,1877475,1877475,1877696,0,221,221,completed,72
29518,Rigid,1877735,1877735,1878211,0,476,476,completed,72
29519,Rigid,1877777,1914489,2173694,36712,259205,295917,completed,36
29520,Rigid,1877777,1914508,2173724,36731,259216,295947,completed,36
29521,Rigid,1877777,1914704,2173904,36927,259200,296127,completed,36
29522,Rigid,1877801,1914704,2173904,36903,259200,296103,completed,36
29523,Rigid,1877801,1914705,2173934,36904,259229,296133,completed,36
29524,Rigid,1877801,1914705,2173934,36904,259229,296133,completed,36
29525,Rigid,1878173,1878173,1878180,0,7,7,completed,2
29526,Rigid,1878224,1878224,1878229,0,5,5,completed,2
29527,Rigid,1878401,1878402,1922169,1,43767,43768,completed,1
29528,Rigid,1878462,1965390,2045728,86928,80338,167266,completed,36
29529,Rigid,1878477,1967204,1967321,88727,117,88844,completed,36
29530,Rigid,1878688,1878688,1917004,0,38316,38316,completed,1
29531,Rigid,1878821,1878821,1879019,0,198,198,completed,72
29532,Rigid,1878898,1878898,1917847,0,38949,38949,completed,1
29533,Rigid,1878995,1879135,1879218,140,83,223,completed,36
29534,Rigid,1879080,1879081,1880197,1,1116,1117,completed,72
29535,Rigid,1879106,1879106,1879110,0,4,4,completed,1
29536,Rigid,1879106,1879106,1879118,0,12,12,completed,1
29537,Rigid,1879106,1879106,1879110,0,4,4,completed,1
29538,Rigid,1879107,1879109,1879118,2,9,11,completed,1
29539,Rigid,1879107,1879109,1879119,2,10,12,completed,1
29540,Rigid,1879147,1879147,1921355,0,42208,42208,completed,1
29541,Rigid,1879185,1879186,1880252,1,1066,1067,completed,2
29542,Rigid,1879186,1879186,1879286,0,100,100,completed,1
29543,Rigid,1879186,1879186,1884333,0,5147,5147,completed,1
29544,Rigid,1879186,1879186,1879592,0,406,406,completed,2
29545,Rigid,1879186,1879186,1881766,0,2580,2580,completed,2
29546,Rigid,1879186,1879187,1880695,1,1508,1509,completed,2
29547,Rigid,1879186,1879187,1881033,1,1846,1847,completed,2
29548,Rigid,1879186,1879187,1879296,1,109,110,completed,1
29549,Rigid,1879187,1879187,1881034,0,1847,1847,completed,2
29550,Rigid,1879187,1879187,1879233,0,46,46,completed,1
29551,Rigid,1879187,1879187,1879251,0,64,64,completed,1
29552,Rigid,1879187,1879190,1880264,3,1074,1077,completed,2
29553,Rigid,1879187,1879190,1884445,3,5255,5258,completed,1
29554,Rigid,1879187,1879190,1879229,3,39,42,completed,1
29555,Rigid,1879188,1879190,1881135,2,1945,1947,completed,1
29556,Rigid,1879188,1879190,1884514,2,5324,5326,completed,1
29557,Rigid,1879188,1879190,1879264,2,74,76,completed,1
29558,Rigid,1879188,1879190,1881028,2,1838,1840,completed,2
29559,Rigid,1879188,1879190,1879286,2,96,98,completed,1
29560,Rigid,1879188,1879190,1879237,2,47,49,completed,1
29561,Rigid,1879188,1879190,1881152,2,1962,1964,completed,1
29562,Rigid,1879189,1879190,1880252,1,1062,1063,completed,2
29563,Rigid,1879189,1879190,1881815,1,2625,2626,completed,2
29564,Rigid,1879189,1879190,1881762,1,2572,2573,completed,2
29565,Rigid,1879189,1879190,1879206,1,16,17,completed,1
29566,Rigid,1879189,1879190,1880143,1,953,954,completed,2
29567,Rigid,1879189,1879190,1880693,1,1503,1504,completed,2
29568,Rigid,1879189,1879190,1881529,1,2339,2340,completed,2
29569,Rigid,1879189,1879190,1879214,1,24,25,completed,1
29570,Rigid,1879189,1879190,1879214,1,24,25,completed,1
29571,Rigid,1879190,1879190,1880151,0,961,961,completed,2
29572,Rigid,1879190,1879190,1881005,0,1815,1815,completed,2
29573,Rigid,1879190,1879190,1884059,0,4869,4869,completed,1
29574,Rigid,1879190,1879192,1880276,2,1084,1086,completed,2
29575,Rigid,1879190,1879192,1879249,2,57,59,completed,1
29576,Rigid,1879191,1879192,1879598,1,406,407,completed,2
29577,Rigid,1879771,1879773,1922090,2,42317,42319,completed,1
29578,Rigid,1880139,1880770,1880846,631,76,707,completed,36
29579,Rigid,1880855,1883150,1893117,2295,9967,12262,completed,36
29580,Rigid,1880971,1886693,1955200,5722,68507,74229,completed,36
29581,Rigid,1881046,1886705,1947160,5659,60455,66114,completed,36
29582,Rigid,1881074,1881096,1918055,22,36959,36981,completed,1
29583,Rigid,1881178,1881178,1881182,0,4,4,completed,16
29584,Rigid,1881447,1881447,1881749,0,302,302,completed,2
29585,Rigid,1881447,1881447,1881744,0,297,297,completed,2
29586,Rigid,1881447,1881447,1881753,0,306,306,completed,2
29587,Rigid,1881447,1881450,1881745,3,295,298,completed,2
29588,Rigid,1881447,1881450,1881734,3,284,287,completed,2
29589,Rigid,1881447,1881450,1881756,3,306,309,completed,2
29590,Rigid,1881447,1881450,1881747,3,297,300,completed,2
29591,Rigid,1881448,1881450,1881743,2,293,295,completed,2
29592,Rigid,1881448,1881450,1881740,2,290,292,completed,2
29593,Rigid,1881448,1881450,1881740,2,290,292,completed,2
29594,Rigid,1881448,1881450,1881741,2,291,293,completed,2
29595,Rigid,1881448,1881450,1881744,2,294,296,completed,2
29596,Rigid,1881448,1881450,1881737,2,287,289,completed,2
29597,Rigid,1881448,1881450,1881720,2,270,272,completed,2
29598,Rigid,1881448,1881450,1881717,2,267,269,completed,2
29599,Rigid,1881448,1881450,1881717,2,267,269,completed,2
29600,Rigid,1881527,1881527,1881529,0,2,2,completed,16
29601,Rigid,1881716,1884787,1890162,3071,5375,8446,completed,36
29602,Rigid,1881718,1881731,2137442,13,255711,255724,completed,1
29603,Rigid,1881733,1881734,1882027,1,293,294,completed,72
29604,Rigid,1881813,1886031,1891455,4218,5424,9642,completed,36
29605,Rigid,1881863,1881863,1881865,0,2,2,completed,72
29606,Rigid,1881877,1881882,1919181,5,37299,37304,completed,1
29607,Rigid,1881885,1881885,1881887,0,2,2,completed,72
29608,Rigid,1881927,1881927,1881929,0,2,2,completed,72
29609,Rigid,1881950,1881950,1881952,0,2,2,completed,36
29610,Rigid,1882005,1882005,1882008,0,3,3,completed,36
29611,Rigid,1882037,1882037,1882039,0,2,2,completed,36
29612,Rigid,1882070,1882070,1882072,0,2,2,completed,36
29613,Rigid,1882071,1882071,1882141,0,70,70,completed,72
29614,Rigid,1882105,1882124,1924936,19,42812,42831,completed,1
29615,Rigid,1882149,1882150,1882629,1,479,480,completed,72
29616,Rigid,1882166,1882166,1882170,0,4,4,completed,36
29617,Rigid,1882186,1882186,1882189,0,3,3,completed,72
29618,Rigid,1882209,1882209,1882214,0,5,5,completed,72
29619,Rigid,1882254,1882254,1882266,0,12,12,completed,72
29620,Rigid,1882323,1882323,1882335,0,12,12,completed,72
29621,Rigid,1882360,1882360,1882365,0,5,5,completed,72
29622,Rigid,1882416,1882416,1882417,0,1,1,completed,16
29623,Rigid,1882623,1882639,1920460,16,37821,37837,completed,1
29624,Rigid,1882817,1882817,1882823,0,6,6,completed,16
29625,Rigid,1883029,1883029,1883032,0,3,3,completed,16
29626,Rigid,1883139,1903058,1926676,19919,23618,43537,completed,576
29627,Rigid,1883187,1883213,1923560,26,40347,40373,completed,1
29628,Rigid,1883193,1883193,1883196,0,3,3,completed,16
29629,Rigid,1883479,1885885,1896709,2406,10824,13230,completed,144
29630,Rigid,1883502,1883502,1883503,0,1,1,completed,72
29631,Rigid,1883525,1883525,1883536,0,11,11,completed,72
29632,Rigid,1883778,1883778,1883786,0,8,8,completed,4
29633,Rigid,1884005,1884030,1927564,25,43534,43559,completed,1
29634,Rigid,1884192,1884192,1884193,0,1,1,completed,9
29635,Rigid,1884209,1884209,1884234,0,25,25,completed,9
29636,Rigid,1884281,1884281,1884284,0,3,3,completed,16
29637,Rigid,1884321,1884321,1884322,0,1,1,completed,16
29638,Rigid,1884329,1884329,1884385,0,56,56,completed,25
29639,Rigid,1884414,1884414,1884418,0,4,4,completed,36
29640,Rigid,1884469,1884469,1884480,0,11,11,completed,72
29641,Rigid,1884530,1884531,1886444,1,1913,1914,completed,1
29642,Rigid,1884530,1884531,1886469,1,1938,1939,completed,1
29643,Rigid,1884530,1884531,1886485,1,1954,1955,completed,1
29644,Rigid,1884530,1884531,1886531,1,2000,2001,completed,1
29645,Rigid,1884555,1884555,1884556,0,1,1,completed,4
29646,Rigid,1884596,1884596,1884597,0,1,1,completed,4
29647,Rigid,1884682,1884682,1884694,0,12,12,completed,1
29648,Rigid,1884722,1884722,1884788,0,66,66,completed,1
29649,Rigid,1884865,1884865,1884952,0,87,87,completed,1
29650,Rigid,1884985,1884985,1884994,0,9,9,completed,1
29651,Rigid,1885015,1885015,1885307,0,292,292,completed,1
29652,Rigid,1885341,1885341,1885358,0,17,17,completed,1
29653,Rigid,1885506,1885506,1885646,0,140,140,completed,1
29654,Rigid,1885636,1886487,1892670,851,6183,7034,completed,72
29655,Rigid,1886415,1886415,1886555,0,140,140,completed,1
29656,Rigid,1886994,1886995,1896588,1,9593,9594,completed,18
29657,Rigid,1886997,1887026,1911858,29,24832,24861,completed,18
29658,Rigid,1886997,1892843,1902143,5846,9300,15146,completed,18
29659,Rigid,1886998,1893116,1901975,6118,8859,14977,completed,18
29660,Rigid,1886998,1896601,1905852,9603,9251,18854,completed,18
29661,Rigid,1887004,1902001,1910851,14997,8850,23847,completed,18
29662,Rigid,1887004,1902153,1911260,15149,9107,24256,completed,18
29663,Rigid,1887004,1905877,1914913,18873,9036,27909,completed,18
29664,Rigid,1887004,1907841,1916650,20837,8809,29646,completed,18
29665,Rigid,1887005,1907871,1916556,20866,8685,29551,completed,18
29666,Rigid,1887005,1913878,1922725,26873,8847,35720,completed,18
29667,Rigid,1887005,1914425,1922774,27420,8349,35769,completed,18
29668,Rigid,1887006,1914425,1922843,27419,8418,35837,completed,18
29669,Rigid,1887006,1914487,1922885,27481,8398,35879,completed,18
29670,Rigid,1887007,1914455,1922903,27448,8448,35896,completed,18
29671,Rigid,1887007,1914487,1923242,27480,8755,36235,completed,18
29672,Rigid,1887007,1914456,1922852,27449,8396,35845,completed,18
29673,Rigid,1887007,1914456,1922925,27449,8469,35918,completed,18
29674,Rigid,1887008,1914456,1922998,27448,8542,35990,completed,18
29675,Rigid,1887008,1914456,1922781,27448,8325,35773,completed,18
29676,Rigid,1887055,1887056,1888279,1,1223,1224,completed,72
29677,Rigid,1887641,1887641,1887679,0,38,38,completed,72
29678,Rigid,1887668,1887680,1887713,12,33,45,completed,36
29679,Rigid,1887859,1888037,1927544,178,39507,39685,completed,144
29680,Rigid,1887865,1888057,1892823,192,4766,4958,completed,144
29681,Rigid,1887870,1888628,1936053,758,47425,48183,completed,144
29682,Rigid,1887965,1887966,1888003,1,37,38,completed,72
29683,Rigid,1888036,1896722,1907829,8686,11107,19793,completed,144
29684,Rigid,1888099,1888099,1888390,0,291,291,completed,2
29685,Rigid,1888099,1888099,1888394,0,295,295,completed,2
29686,Rigid,1888099,1888099,1888379,0,280,280,completed,2
29687,Rigid,1888099,1888103,1888382,4,279,283,completed,2
29688,Rigid,1888100,1888103,1888386,3,283,286,completed,2
29689,Rigid,1888100,1888103,1890089,3,1986,1989,completed,2
29690,Rigid,1888100,1888103,1890089,3,1986,1989,completed,2
29691,Rigid,1888100,1888103,1888383,3,280,283,completed,2
29692,Rigid,1888100,1888103,1888380,3,277,280,completed,2
29693,Rigid,1888100,1888103,1888397,3,294,297,completed,2
29694,Rigid,1888100,1888103,1888386,3,283,286,completed,2
29695,Rigid,1888100,1888103,1888393,3,290,293,completed,2
29696,Rigid,1888100,1888103,1888384,3,281,284,completed,2
29697,Rigid,1888101,1888103,1888396,2,293,295,completed,2
29698,Rigid,1888101,1888103,1888384,2,281,283,completed,2
29699,Rigid,1888101,1888103,1888404,2,301,303,completed,2
29700,Rigid,1888101,1888103,1888384,2,281,283,completed,2
29701,Rigid,1888101,1888103,1890089,2,1986,1988,completed,2
29702,Rigid,1888101,1888103,1890089,2,1986,1988,completed,2
29703,Rigid,1888101,1888103,1888347,2,244,246,completed,2
29704,Rigid,1888417,1889336,1890973,919,1637,2556,completed,36
29705,Rigid,1888417,1889388,1890971,971,1583,2554,completed,36
29706,Rigid,1888429,1903058,1915228,14629,12170,26799,completed,144
29707,Rigid,1888573,1888573,1888583,0,10,10,completed,1
29708,Rigid,1888626,1903058,1915342,14432,12284,26716,completed,144
29709,Rigid,1888808,1889418,1897110,610,7692,8302,completed,72
29710,Rigid,1888932,1888932,1888933,0,1,1,completed,1
29711,Rigid,1888940,1888940,1888944,0,4,4,completed,16
29712,Rigid,1889024,1903058,1914703,14034,11645,25679,completed,144
29713,Rigid,1889096,1889097,1889099,1,2,3,completed,36
29714,Rigid,1889098,1889100,1889419,2,319,321,completed,36
29715,Rigid,1889110,1889111,1889220,1,109,110,completed,72
29716,Rigid,1889225,1915956,1996707,26731,80751,107482,completed,72
29717,Rigid,1889225,1920387,2002476,31162,82089,113251,completed,72
29718,Rigid,1889225,1920387,2009835,31162,89448,120610,completed,72
29719,Rigid,1889311,1889311,1889312,0,1,1,completed,16
29720,Rigid,1889387,1903058,1913794,13671,10736,24407,completed,144
29721,Rigid,1889397,1889397,1889401,0,4,4,completed,36
29722,Rigid,1889436,1889436,1889447,0,11,11,completed,72
29723,Rigid,1889489,1889489,1889500,0,11,11,completed,72
29724,Rigid,1889561,1889561,1889571,0,10,10,completed,72
29725,Rigid,1889693,1889693,2084120,0,194427,194427,completed,1
29726,Rigid,1889703,1889703,2235329,0,345626,345626,completed,1
29727,Rigid,1889713,1889713,2235329,0,345616,345616,completed,1
29728,Rigid,1889719,1889720,2170988,1,281268,281269,completed,1
29729,Rigid,1889727,1889727,2108895,0,219168,219168,completed,1
29730,Rigid,1889737,1889737,2147066,0,257329,257329,completed,1
29731,Rigid,1889744,1889744,2103911,0,214167,214167,completed,1
29732,Rigid,1889763,1889764,2113273,1,223509,223510,completed,1
29733,Rigid,1889769,1889770,2115207,1,225437,225438,completed,1
29734,Rigid,1889777,1889778,2105418,1,215640,215641,completed,1
29735,Rigid,1889784,1889784,2088787,0,199003,199003,completed,1
29736,Rigid,1889790,1889794,2079751,4,189957,189961,completed,1
29737,Rigid,1889797,1889798,2180348,1,290550,290551,completed,1
29738,Rigid,1889805,1889806,2095818,1,206012,206013,completed,1
29739,Rigid,1889811,1889812,2135191,1,245379,245380,completed,1
29740,Rigid,1889818,1889818,2084559,0,194741,194741,completed,1
29741,Rigid,1889823,1889824,2066861,1,177037,177038,completed,1
29742,Rigid,1889840,1889841,2105678,1,215837,215838,completed,1
29743,Rigid,1889848,1889848,2097059,0,207211,207211,completed,1
29744,Rigid,1889858,1889859,2147586,1,257727,257728,completed,1
29745,Rigid,1889876,1889876,2235479,0,345603,345603,completed,1
29746,Rigid,1889889,1889889,2050863,0,160974,160974,completed,1
29747,Rigid,1889899,1889900,2085563,1,195663,195664,completed,1
29748,Rigid,1889936,1889937,2115260,1,225323,225324,completed,1
29749,Rigid,1890072,1890072,1890076,0,4,4,completed,16
29750,Rigid,1890111,1890112,1890255,1,143,144,completed,36
29751,Rigid,1890115,1890447,2236049,332,345602,345934,completed,144
29752,Rigid,1890189,1890189,1890477,0,288,288,completed,2
29753,Rigid,1890189,1890189,1890470,0,281,281,completed,2
29754,Rigid,1890189,1890189,1890477,0,288,288,completed,2
29755,Rigid,1890189,1890189,1890474,0,285,285,completed,2
29756,Rigid,1890189,1890189,1890474,0,285,285,completed,2
29757,Rigid,1890189,1890189,1890466,0,277,277,completed,2
29758,Rigid,1890189,1890189,1890464,0,275,275,completed,2
29759,Rigid,1890189,1890189,1897546,0,7357,7357,completed,2
29760,Rigid,1890189,1890189,1898718,0,8529,8529,completed,2
29761,Rigid,1890189,1890189,1890484,0,295,295,completed,2
29762,Rigid,1890189,1890189,1890478,0,289,289,completed,2
29763,Rigid,1890189,1890189,1890475,0,286,286,completed,2
29764,Rigid,1890189,1890193,1890472,4,279,283,completed,2
29765,Rigid,1890190,1890193,1890472,3,279,282,completed,2
29766,Rigid,1890190,1890193,1890474,3,281,284,completed,2
29767,Rigid,1890190,1890193,1890477,3,284,287,completed,2
29768,Rigid,1890190,1890193,1890482,3,289,292,completed,2
29769,Rigid,1890190,1890193,1898928,3,8735,8738,completed,2
29770,Rigid,1890190,1890193,1892774,3,2581,2584,completed,2
29771,Rigid,1890190,1890193,1890428,3,235,238,completed,2
29772,Rigid,1890350,1890351,1892872,1,2521,2522,completed,1
29773,Rigid,1890360,1920387,2007866,30027,87479,117506,completed,72
29774,Rigid,1890360,1920387,2020329,30027,99942,129969,completed,72
29775,Rigid,1890360,1920387,2045512,30027,125125,155152,completed,72
29776,Rigid,1890446,1903058,1925041,12612,21983,34595,completed,144
29777,Rigid,1890452,1915976,2029708,25524,113732,139256,completed,36
29778,Rigid,1890452,1916672,2053852,26220,137180,163400,completed,36
29779,Rigid,1890452,1920758,2015215,30306,94457,124763,completed,36
29780,Rigid,1890471,1903080,1914371,12609,11291,23900,completed,144
29781,Rigid,1890478,1890478,1890673,0,195,195,completed,36
29782,Rigid,1890488,1890488,1890492,0,4,4,completed,2
29783,Rigid,1890563,1892843,1893086,2280,243,2523,completed,4
29784,Rigid,1890572,1890574,1890650,2,76,78,completed,36
29785,Rigid,1890696,1890698,1890912,2,214,216,completed,36
29786,Rigid,1890696,1890698,1890937,2,239,241,completed,36
29787,Rigid,1890850,1890851,1891025,1,174,175,completed,36
29788,Rigid,1891015,1891015,1896388,0,5373,5373,completed,36
29789,Rigid,1891015,1891015,1896322,0,5307,5307,completed,36
29790,Rigid,1891016,1891019,1896414,3,5395,5398,completed,36
29791,Rigid,1891016,1891019,1896170,3,5151,5154,completed,36
29792,Rigid,1891016,1891026,1896726,10,5700,5710,completed,36
29793,Rigid,1891016,1891536,1896868,520,5332,5852,completed,36
29794,Rigid,1891016,1892608,1898085,1592,5477,7069,completed,36
29795,Rigid,1891162,1891162,1891234,0,72,72,completed,36
29796,Rigid,1891162,1891235,1891306,73,71,144,completed,36
29797,Rigid,1891242,1891307,1891379,65,72,137,completed,36
29798,Rigid,1891300,1891457,1891534,157,77,234,completed,36
29799,Rigid,1891313,1891380,1891451,67,71,138,completed,36
29800,Rigid,1891383,1891452,1891524,69,72,141,completed,36
29801,Rigid,1891454,1891525,1891595,71,70,141,completed,36
29802,Rigid,1891524,1891595,1891667,71,72,143,completed,36
29803,Rigid,1891595,1891667,1891738,72,71,143,completed,36
29804,Rigid,1891667,1892608,1892685,941,77,1018,completed,36
29805,Rigid,1891675,1891739,1891810,64,71,135,completed,36
29806,Rigid,1891746,1891811,1891882,65,71,136,completed,36
29807,Rigid,1891965,1891965,1892035,0,70,70,completed,36
29808,Rigid,1891965,1892037,1892108,72,71,143,completed,36
29809,Rigid,1892045,1892110,1892179,65,69,134,completed,36
29810,Rigid,1892116,1892181,1892251,65,70,135,completed,36
29811,Rigid,1892187,1892252,1892323,65,71,136,completed,36
29812,Rigid,1892258,1892324,1892395,66,71,137,completed,36
29813,Rigid,1892328,1892396,1892467,68,71,139,completed,36
29814,Rigid,1892399,1892469,1892539,70,70,140,completed,36
29815,Rigid,1892470,1892540,1892611,70,71,141,completed,36
29816,Rigid,1892541,1892613,1892680,72,67,139,completed,36
29817,Rigid,1892711,1892711,1892760,0,49,49,completed,16
29818,Rigid,1892887,1892888,1989593,1,96705,96706,completed,72
29819,Rigid,1892921,1892921,1892925,0,4,4,completed,16
29820,Rigid,1893016,1893016,1893049,0,33,33,completed,36
29821,Rigid,1893016,1893051,1893083,35,32,67,completed,36
29822,Rigid,1893056,1893084,1893117,28,33,61,completed,36
29823,Rigid,1893080,1893080,1893085,0,5,5,completed,16
29824,Rigid,1893087,1893118,1893151,31,33,64,completed,36
29825,Rigid,1893127,1893152,1893182,25,30,55,completed,36
29826,Rigid,1893157,1893184,1893216,27,32,59,completed,36
29827,Rigid,1893188,1893218,1893250,30,32,62,completed,36
29828,Rigid,1893218,1893252,1893281,34,29,63,completed,36
29829,Rigid,1893227,1893227,1893232,0,5,5,completed,16
29830,Rigid,1893258,1893283,1893315,25,32,57,completed,36
29831,Rigid,1893276,1893276,1893283,0,7,7,completed,16
29832,Rigid,1893289,1893317,1893349,28,32,60,completed,36
29833,Rigid,1893306,1893306,1893311,0,5,5,completed,16
29834,Rigid,1893402,1893402,1893407,0,5,5,completed,16
29835,Rigid,1893468,1893468,1893473,0,5,5,completed,16
29836,Rigid,1893524,1893524,1893525,0,1,1,completed,4
29837,Rigid,1893538,1893538,1893546,0,8,8,completed,4
29838,Rigid,1893576,1893576,1893579,0,3,3,completed,16
29839,Rigid,1893808,1915229,1926106,21421,10877,32298,completed,144
29840,Rigid,1893940,1893940,1894016,0,76,76,completed,36
29841,Rigid,1893943,1893944,1893982,1,38,39,completed,36
29842,Rigid,1894016,1894016,1894018,0,2,2,completed,6
29843,Rigid,1894124,1894125,1894180,1,55,56,completed,6
29844,Rigid,1894278,1894279,1894341,1,62,63,completed,6
29845,Rigid,1894323,1894324,1894397,1,73,74,completed,36
29846,Rigid,1894391,1894392,1894528,1,136,137,completed,6
29847,Rigid,1894601,1894602,1894709,1,107,108,completed,6
29848,Rigid,1894770,1894771,1894773,1,2,3,completed,36
29849,Rigid,1894770,1894771,1894773,1,2,3,completed,36
29850,Rigid,1894771,1894771,1894773,0,2,2,completed,36
29851,Rigid,1894771,1894772,1894774,1,2,3,completed,36
29852,Rigid,1894771,1894772,1894774,1,2,3,completed,36
29853,Rigid,1894771,1894772,1894774,1,2,3,completed,36
29854,Rigid,1894771,1894772,1894774,1,2,3,completed,36
29855,Rigid,1894771,1894775,1894777,4,2,6,completed,36
29856,Rigid,1894771,1894775,1894777,4,2,6,completed,36
29857,Rigid,1894771,1894775,1894777,4,2,6,completed,36
29858,Rigid,1894772,1894776,1894778,4,2,6,completed,36
29859,Rigid,1894772,1894776,1894778,4,2,6,completed,36
29860,Rigid,1894772,1894776,1894778,4,2,6,completed,36
29861,Rigid,1894772,1894776,1894778,4,2,6,completed,36
29862,Rigid,1894772,1894778,1894781,6,3,9,completed,36
29863,Rigid,1894772,1894779,1894781,7,2,9,completed,36
29864,Rigid,1894772,1894779,1894781,7,2,9,completed,36
29865,Rigid,1894772,1894779,1894782,7,3,10,completed,36
29866,Rigid,1894772,1894780,1894782,8,2,10,completed,36
29867,Rigid,1894772,1894780,1894782,8,2,10,completed,36
29868,Rigid,1894772,1894780,1894782,8,2,10,completed,36
29869,Rigid,1894772,1894782,1894788,10,6,16,completed,36
29870,Rigid,1894772,1894782,1894788,10,6,16,completed,36
29871,Rigid,1894772,1894782,1894790,10,8,18,completed,36
29872,Rigid,1894772,1894788,1894790,16,2,18,completed,36
29873,Rigid,1894773,1894788,1894790,15,2,17,completed,36
29874,Rigid,1894773,1894788,1894790,15,2,17,completed,36
29875,Rigid,1894773,1894788,1894790,15,2,17,completed,36
29876,Rigid,1894773,1894789,1894791,16,2,18,completed,36
29877,Rigid,1894773,1894789,1894791,16,2,18,completed,36
29878,Rigid,1894773,1894791,1894794,18,3,21,completed,36
29879,Rigid,1894773,1894791,1894794,18,3,21,completed,36
29880,Rigid,1894773,1894791,1894794,18,3,21,completed,36
29881,Rigid,1894773,1894792,1894794,19,2,21,completed,36
29882,Rigid,1894773,1894792,1894794,19,2,21,completed,36
29883,Rigid,1894773,1894792,1894795,19,3,22,completed,36
29884,Rigid,1894853,1894854,1895688,1,834,835,completed,6
29885,Rigid,1894868,1894868,1894870,0,2,2,completed,36
29886,Rigid,1894922,1894922,1894925,0,3,3,completed,36
29887,Rigid,1894922,1894922,1894925,0,3,3,completed,36
29888,Rigid,1894922,1894922,1894925,0,3,3,completed,36
29889,Rigid,1894922,1894922,1894925,0,3,3,completed,36
29890,Rigid,1894922,1894922,1894925,0,3,3,completed,36
29891,Rigid,1894922,1894922,1894925,0,3,3,completed,36
29892,Rigid,1894922,1894922,1894925,0,3,3,completed,36
29893,Rigid,1894922,1894926,1894928,4,2,6,completed,36
29894,Rigid,1894922,1894926,1894928,4,2,6,completed,36
29895,Rigid,1894922,1894926,1894929,4,3,7,completed,36
29896,Rigid,1894923,1894926,1894929,3,3,6,completed,36
29897,Rigid,1894923,1894926,1894929,3,3,6,completed,36
29898,Rigid,1894923,1894926,1894929,3,3,6,completed,36
29899,Rigid,1894923,1894926,1894929,3,3,6,completed,36
29900,Rigid,1894923,1894930,1894932,7,2,9,completed,36
29901,Rigid,1894923,1894930,1894932,7,2,9,completed,36
29902,Rigid,1894924,1894930,1894932,6,2,8,completed,36
29903,Rigid,1894924,1894930,1894932,6,2,8,completed,36
29904,Rigid,1894924,1894930,1894933,6,3,9,completed,36
29905,Rigid,1894924,1894930,1894933,6,3,9,completed,36
29906,Rigid,1894924,1894930,1894933,6,3,9,completed,36
29907,Rigid,1894924,1894933,1894935,9,2,11,completed,36
29908,Rigid,1894924,1894934,1894936,10,2,12,completed,36
29909,Rigid,1894925,1894934,1894936,9,2,11,completed,36
29910,Rigid,1894925,1894934,1894936,9,2,11,completed,36
29911,Rigid,1894925,1894934,1894936,9,2,11,completed,36
29912,Rigid,1894925,1894934,1894937,9,3,12,completed,36
29913,Rigid,1894925,1894934,1894937,9,3,12,completed,36
29914,Rigid,1894925,1894937,1894939,12,2,14,completed,36
29915,Rigid,1894925,1894937,1894940,12,3,15,completed,36
29916,Rigid,1894925,1894937,1894940,12,3,15,completed,36
29917,Rigid,1894925,1894938,1894940,13,2,15,completed,36
29918,Rigid,1894925,1894938,1894940,13,2,15,completed,36
29919,Rigid,1894925,1894938,1894940,13,2,15,completed,36
29920,Rigid,1894926,1894938,1894941,12,3,15,completed,36
29921,Rigid,1894926,1894940,1894942,14,2,16,completed,36
29922,Rigid,1895243,1895244,1895246,1,2,3,completed,36
29923,Rigid,1895244,1895244,1895247,0,3,3,completed,36
29924,Rigid,1895244,1895244,1895247,0,3,3,completed,36
29925,Rigid,1895244,1895244,1895247,0,3,3,completed,36
29926,Rigid,1895244,1895244,1895247,0,3,3,completed,36
29927,Rigid,1895244,1895244,1895247,0,3,3,completed,36
29928,Rigid,1895244,1895244,1895247,0,3,3,completed,36
29929,Rigid,1895244,1895248,1895250,4,2,6,completed,36
29930,Rigid,1895244,1895248,1895250,4,2,6,completed,36
29931,Rigid,1895245,1895248,1895251,3,3,6,completed,36
29932,Rigid,1895245,1895248,1895251,3,3,6,completed,36
29933,Rigid,1895245,1895248,1895251,3,3,6,completed,36
29934,Rigid,1895245,1895248,1895251,3,3,6,completed,36
29935,Rigid,1895245,1895248,1895251,3,3,6,completed,36
29936,Rigid,1895245,1895251,1895254,6,3,9,completed,36
29937,Rigid,1895245,1895252,1895254,7,2,9,completed,36
29938,Rigid,1895245,1895252,1895255,7,3,10,completed,36
29939,Rigid,1895245,1895252,1895255,7,3,10,completed,36
29940,Rigid,1895245,1895252,1895255,7,3,10,completed,36
29941,Rigid,1895245,1895252,1895255,7,3,10,completed,36
29942,Rigid,1895245,1895252,1895255,7,3,10,completed,36
29943,Rigid,1895246,1895256,1895258,10,2,12,completed,36
29944,Rigid,1895246,1895256,1895258,10,2,12,completed,36
29945,Rigid,1895246,1895256,1895258,10,2,12,completed,36
29946,Rigid,1895246,1895256,1895259,10,3,13,completed,36
29947,Rigid,1895246,1895256,1895259,10,3,13,completed,36
29948,Rigid,1895246,1895256,1895259,10,3,13,completed,36
29949,Rigid,1895246,1895257,1895259,11,2,13,completed,36
29950,Rigid,1895246,1895259,1895262,13,3,16,completed,36
29951,Rigid,1895246,1895260,1895262,14,2,16,completed,36
29952,Rigid,1895246,1895260,1895262,14,2,16,completed,36
29953,Rigid,1895246,1895260,1895262,14,2,16,completed,36
29954,Rigid,1895246,1895260,1895263,14,3,17,completed,36
29955,Rigid,1895246,1895260,1895263,14,3,17,completed,36
29956,Rigid,1895246,1895260,1895263,14,3,17,completed,36
29957,Rigid,1895247,1895263,1895265,16,2,18,completed,36
29958,Rigid,1895357,1895358,1895360,1,2,3,completed,36
29959,Rigid,1895357,1895358,1895360,1,2,3,completed,36
29960,Rigid,1895357,1895358,1895360,1,2,3,completed,36
29961,Rigid,1895357,1895358,1895360,1,2,3,completed,36
29962,Rigid,1895357,1895358,1895360,1,2,3,completed,36
29963,Rigid,1895357,1895358,1895360,1,2,3,completed,36
29964,Rigid,1895357,1895358,1895360,1,2,3,completed,36
29965,Rigid,1895357,1895361,1895364,4,3,7,completed,36
29966,Rigid,1895357,1895362,1895364,5,2,7,completed,36
29967,Rigid,1895358,1895362,1895364,4,2,6,completed,36
29968,Rigid,1895358,1895362,1895364,4,2,6,completed,36
29969,Rigid,1895358,1895362,1895365,4,3,7,completed,36
29970,Rigid,1895358,1895362,1895364,4,2,6,completed,36
29971,Rigid,1895358,1895362,1895364,4,2,6,completed,36
29972,Rigid,1895358,1895365,1895368,7,3,10,completed,36
29973,Rigid,1895358,1895366,1895368,8,2,10,completed,36
29974,Rigid,1895358,1895366,1895368,8,2,10,completed,36
29975,Rigid,1895358,1895366,1895368,8,2,10,completed,36
29976,Rigid,1895358,1895366,1895369,8,3,11,completed,36
29977,Rigid,1895358,1895366,1895369,8,3,11,completed,36
29978,Rigid,1895358,1895366,1895368,8,2,10,completed,36
29979,Rigid,1895359,1895369,1895371,10,2,12,completed,36
29980,Rigid,1895359,1895370,1895372,11,2,13,completed,36
29981,Rigid,1895359,1895370,1895372,11,2,13,completed,36
29982,Rigid,1895359,1895370,1895372,11,2,13,completed,36
29983,Rigid,1895359,1895370,1895372,11,2,13,completed,36
29984,Rigid,1895359,1895370,1895372,11,2,13,completed,36
29985,Rigid,1895360,1895370,1895372,10,2,12,completed,36
29986,Rigid,1895360,1895373,1895375,13,2,15,completed,36
29987,Rigid,1895360,1895373,1895376,13,3,16,completed,36
29988,Rigid,1895360,1895373,1895376,13,3,16,completed,36
29989,Rigid,1895360,1895374,1895376,14,2,16,completed,36
29990,Rigid,1895360,1895374,1895376,14,2,16,completed,36
29991,Rigid,1895360,1895374,1895377,14,3,17,completed,36
29992,Rigid,1895360,1895374,1895377,14,3,17,completed,36
29993,Rigid,1895361,1895376,1895379,15,3,18,completed,36
29994,Rigid,1895794,1895796,1896180,2,384,386,completed,36
29995,Rigid,1896080,1896081,1896158,1,77,78,completed,36
29996,Rigid,1896217,1896217,1896237,0,20,20,completed,9
29997,Rigid,1896242,1896242,1896265,0,23,23,completed,9
29998,Rigid,1896286,1896287,1899768,1,3481,3482,completed,9
29999,Rigid,1896705,1896706,1896784,1,78,79,completed,36
30000,Rigid,1896828,1896828,1896836,0,8,8,completed,72
30001,Rigid,1897077,1897077,1897081,0,4,4,completed,16
30002,Rigid,1897183,1897188,1897499,5,311,316,completed,72
30003,Rigid,1897360,1897360,1897371,0,11,11,completed,72
30004,Rigid,1897494,1915344,1926517,17850,11173,29023,completed,144
30005,Rigid,1897621,1897622,1897664,1,42,43,completed,36
30006,Rigid,1897621,1897622,1897665,1,43,44,completed,36
30007,Rigid,1897742,1897742,1897820,0,78,78,completed,36
30008,Rigid,1897867,1897868,1897946,1,78,79,completed,36
30009,Rigid,1897986,1897986,1902911,0,4925,4925,completed,72
30010,Rigid,1898227,1902989,1903055,4762,66,4828,completed,1152
30011,Rigid,1898232,1898691,1943324,459,44633,45092,completed,16
30012,Rigid,1898268,1898691,1944672,423,45981,46404,completed,16
30013,Rigid,1898661,1898721,1948324,60,49603,49663,completed,16
30014,Rigid,1898685,1898721,1949726,36,51005,51041,completed,16
30015,Rigid,1898899,1903080,1903107,4181,27,4208,completed,72
30016,Rigid,1904581,1904581,1904583,0,2,2,completed,1
30017,Rigid,1904936,1904936,1904946,0,10,10,completed,1
30018,Rigid,1904936,1904967,1904973,31,6,37,completed,1
30019,Rigid,1907756,1907830,1907856,74,26,100,completed,16
30020,Rigid,1907829,1920843,1932798,13014,11955,24969,completed,144
30021,Rigid,1907927,1911859,1914465,3932,2606,6538,completed,16
30022,Rigid,1909522,1909523,1917224,1,7701,7702,completed,1
30023,Rigid,1909525,1909527,1917101,2,7574,7576,completed,1
30024,Rigid,1909528,1909531,1917547,3,8016,8019,completed,1
30025,Rigid,1909530,1909531,1917510,1,7979,7980,completed,1
30026,Rigid,1909532,1909532,1917245,0,7713,7713,completed,1
30027,Rigid,1909534,1909536,1917342,2,7806,7808,completed,1
30028,Rigid,1909536,1909540,1917695,4,8155,8159,completed,1
30029,Rigid,1909537,1909540,1917550,3,8010,8013,completed,1
30030,Rigid,1909538,1909540,1918880,2,9340,9342,completed,1
30031,Rigid,1909540,1909544,1917667,4,8123,8127,completed,1
30032,Rigid,1909543,1909544,1917889,1,8345,8346,completed,1
30033,Rigid,1909544,1909548,1917460,4,7912,7916,completed,1
30034,Rigid,1909546,1909548,1917903,2,8355,8357,completed,1
30035,Rigid,1909548,1909552,1917433,4,7881,7885,completed,1
30036,Rigid,1909550,1909552,1917862,2,8310,8312,completed,1
30037,Rigid,1909552,1909556,1917900,4,8344,8348,completed,1
30038,Rigid,1909554,1909556,1917794,2,8238,8240,completed,1
30039,Rigid,1909556,1910853,1918944,1297,8091,9388,completed,1
30040,Rigid,1909558,1910853,1918778,1295,7925,9220,completed,1
30041,Rigid,1909560,1910853,1918479,1293,7626,8919,completed,1
30042,Rigid,1909562,1910853,1918566,1291,7713,9004,completed,1
30043,Rigid,1909564,1910853,1918457,1289,7604,8893,completed,1
30044,Rigid,1909565,1910853,1918650,1288,7797,9085,completed,1
30045,Rigid,1909566,1910853,1918550,1287,7697,8984,completed,1
30046,Rigid,1909569,1910853,1918438,1284,7585,8869,completed,1
30047,Rigid,1909571,1910853,1918485,1282,7632,8914,completed,1
30048,Rigid,1909574,1910853,1918490,1279,7637,8916,completed,1
30049,Rigid,1909575,1910853,1918410,1278,7557,8835,completed,1
30050,Rigid,1909577,1910853,1918405,1276,7552,8828,completed,1
30051,Rigid,1909580,1910853,1918724,1273,7871,9144,completed,1
30052,Rigid,1909582,1910853,1918944,1271,8091,9362,completed,1
30053,Rigid,1909584,1910853,1918378,1269,7525,8794,completed,1
30054,Rigid,1909586,1910853,1918582,1267,7729,8996,completed,1
30055,Rigid,1909588,1910853,1918702,1265,7849,9114,completed,1
30056,Rigid,1909590,1910853,1918820,1263,7967,9230,completed,1
30057,Rigid,1909592,1911261,1920227,1669,8966,10635,completed,1
30058,Rigid,1909593,1911261,1919065,1668,7804,9472,completed,1
30059,Rigid,1909596,1911261,1918836,1665,7575,9240,completed,1
30060,Rigid,1911570,1911571,1942871,1,31300,31301,completed,1
30061,Rigid,1912266,1912266,1912267,0,1,1,completed,36
30062,Rigid,1912409,1912409,1912418,0,9,9,completed,1
30063,Rigid,1912429,1912430,1912431,1,1,2,completed,1
30064,Rigid,1912429,1912430,1912431,1,1,2,completed,1
30065,Rigid,1912429,1912430,1912431,1,1,2,completed,1
30066,Rigid,1912429,1912430,1912438,1,8,9,completed,1
30067,Rigid,1912429,1912430,1912438,1,8,9,completed,1
30068,Rigid,1912602,1912602,1912603,0,1,1,completed,1
30069,Rigid,1912706,1912707,1912720,1,13,14,completed,1
30070,Rigid,1912736,1912736,1912737,0,1,1,completed,1
30071,Rigid,1912736,1912736,1912740,0,4,4,completed,1
30072,Rigid,1912736,1912736,1912737,0,1,1,completed,1
30073,Rigid,1912736,1912738,1912755,2,17,19,completed,1
30074,Rigid,1912736,1912738,1912740,2,2,4,completed,1
30075,Rigid,1912744,1912745,1912746,1,1,2,completed,1
30076,Rigid,1913388,1921507,1969795,8119,48288,56407,completed,360
30077,Rigid,1913474,1913475,1914300,1,825,826,completed,1
30078,Rigid,1913474,1913475,1914301,1,826,827,completed,1
30079,Rigid,1913474,1913475,1913988,1,513,514,completed,1
30080,Rigid,1913474,1913475,1914014,1,539,540,completed,1
30081,Rigid,1913474,1913475,1914256,1,781,782,completed,1
30082,Rigid,1913474,1913475,1914220,1,745,746,completed,1
30083,Rigid,1913474,1913475,1913988,1,513,514,completed,1
30084,Rigid,1913474,1913475,1913990,1,515,516,completed,1
30085,Rigid,1913474,1913475,1914196,1,721,722,completed,1
30086,Rigid,1913474,1913475,1914105,1,630,631,completed,1
30087,Rigid,1913474,1913475,1914003,1,528,529,completed,1
30088,Rigid,1913474,1913475,1914016,1,541,542,completed,1
30089,Rigid,1913474,1913475,1914211,1,736,737,completed,1
30090,Rigid,1913474,1913475,1914165,1,690,691,completed,1
30091,Rigid,1913474,1913475,1913998,1,523,524,completed,1
30092,Rigid,1913474,1913475,1914047,1,572,573,completed,1
30093,Rigid,1913474,1913795,1914623,321,828,1149,completed,1
30094,Rigid,1913474,1913795,1914660,321,865,1186,completed,1
30095,Rigid,1913474,1913795,1914351,321,556,877,completed,1
30096,Rigid,1913474,1913795,1914385,321,590,911,completed,1
30097,Rigid,1913474,1913795,1914637,321,842,1163,completed,1
30098,Rigid,1913474,1913795,1914539,321,744,1065,completed,1
30099,Rigid,1913474,1913795,1914359,321,564,885,completed,1
30100,Rigid,1913474,1913795,1914386,321,591,912,completed,1
30101,Rigid,1913474,1913795,1914488,321,693,1014,completed,1
30102,Rigid,1913474,1913795,1914529,321,734,1055,completed,1
30103,Rigid,1913474,1913795,1914346,321,551,872,completed,1
30104,Rigid,1913474,1913795,1914371,321,576,897,completed,1
30105,Rigid,1913474,1913795,1914662,321,867,1188,completed,1
30106,Rigid,1913474,1913795,1914717,321,922,1243,completed,1
30107,Rigid,1913474,1913795,1914354,321,559,880,completed,1
30108,Rigid,1913474,1913795,1914390,321,595,916,completed,1
30109,Rigid,1913474,1913795,1914575,321,780,1101,completed,1
30110,Rigid,1913474,1913795,1914636,321,841,1162,completed,1
30111,Rigid,1913474,1913795,1914443,321,648,969,completed,1
30112,Rigid,1913474,1913795,1914409,321,614,935,completed,1
30113,Rigid,1913474,1913795,1914509,321,714,1035,completed,1
30114,Rigid,1913474,1913795,1914578,321,783,1104,completed,1
30115,Rigid,1913474,1913795,1914362,321,567,888,completed,1
30116,Rigid,1913474,1913795,1914406,321,611,932,completed,1
30117,Rigid,1913474,1913795,1914583,321,788,1109,completed,1
30118,Rigid,1913474,1913795,1914533,321,738,1059,completed,1
30119,Rigid,1913474,1913795,1914361,321,566,887,completed,1
30120,Rigid,1913474,1913795,1914375,321,580,901,completed,1
30121,Rigid,1913474,1913795,1914488,321,693,1014,completed,1
30122,Rigid,1913474,1913795,1914601,321,806,1127,completed,1
30123,Rigid,1913474,1913795,1914391,321,596,917,completed,1
30124,Rigid,1913474,1913795,1914418,321,623,944,completed,1
30125,Rigid,1913474,1913795,1914604,321,809,1130,completed,1
30126,Rigid,1913474,1913795,1914534,321,739,1060,completed,1
30127,Rigid,1913474,1913795,1914368,321,573,894,completed,1
30128,Rigid,1913474,1913795,1914409,321,614,935,completed,1
30129,Rigid,1913474,1913795,1914593,321,798,1119,completed,1
30130,Rigid,1913474,1913795,1914672,321,877,1198,completed,1
30131,Rigid,1913474,1913795,1914346,321,551,872,completed,1
30132,Rigid,1913474,1913795,1914404,321,609,930,completed,1
30133,Rigid,1913474,1913795,1914525,321,730,1051,completed,1
30134,Rigid,1913474,1913796,1914541,322,745,1067,completed,1
30135,Rigid,1913474,1913796,1914343,322,547,869,completed,1
30136,Rigid,1913474,1913796,1914398,322,602,924,completed,1
30137,Rigid,1913474,1913796,1914613,322,817,1139,completed,1
30138,Rigid,1913474,1913796,1914669,322,873,1195,completed,1
30139,Rigid,1913474,1913796,1914355,322,559,881,completed,1
30140,Rigid,1913474,1913796,1914397,322,601,923,completed,1
30141,Rigid,1913474,1913796,1914631,322,835,1157,completed,1
30142,Rigid,1913474,1913796,1914721,322,925,1247,completed,1
30143,Rigid,1913474,1913796,1914350,322,554,876,completed,1
30144,Rigid,1913474,1913796,1914395,322,599,921,completed,1
30145,Rigid,1913474,1913796,1914559,322,763,1085,completed,1
30146,Rigid,1913474,1913796,1914723,322,927,1249,completed,1
30147,Rigid,1913474,1913796,1914401,322,605,927,completed,1
30148,Rigid,1913474,1913796,1914409,322,613,935,completed,1
30149,Rigid,1913474,1913796,1914516,322,720,1042,completed,1
30150,Rigid,1913474,1913796,1914692,322,896,1218,completed,1
30151,Rigid,1913474,1913796,1914379,322,583,905,completed,1
30152,Rigid,1913474,1913796,1914417,322,621,943,completed,1
30153,Rigid,1913474,1913796,1914615,322,819,1141,completed,1
30154,Rigid,1913474,1913796,1914588,322,792,1114,completed,1
30155,Rigid,1913474,1913796,1914361,322,565,887,completed,1
30156,Rigid,1913474,1913796,1914391,322,595,917,completed,1
30157,Rigid,1913474,1913796,1914694,322,898,1220,completed,1
30158,Rigid,1913474,1913796,1914740,322,944,1266,completed,1
30159,Rigid,1913474,1913796,1914384,322,588,910,completed,1
30160,Rigid,1913474,1913796,1914431,322,635,957,completed,1
30161,Rigid,1913474,1913796,1914625,322,829,1151,completed,1
30162,Rigid,1913474,1913796,1914637,322,841,1163,completed,1
30163,Rigid,1913474,1913796,1914380,322,584,906,completed,1
30164,Rigid,1913474,1913796,1914415,322,619,941,completed,1
30165,Rigid,1913474,1913796,1914669,322,873,1195,completed,1
30166,Rigid,1913474,1913796,1914604,322,808,1130,completed,1
30167,Rigid,1913474,1913796,1914342,322,546,868,completed,1
30168,Rigid,1913474,1913796,1914396,322,600,922,completed,1
30169,Rigid,1913474,1913796,1914540,322,744,1066,completed,1
30170,Rigid,1913474,1913796,1914703,322,907,1229,completed,1
30171,Rigid,1913474,1913796,1914387,322,591,913,completed,1
30172,Rigid,1913474,1913796,1914383,322,587,909,completed,1
30173,Rigid,1913474,1913796,1914504,322,708,1030,completed,1
30174,Rigid,1913474,1913796,1914616,322,820,1142,completed,1
30175,Rigid,1913474,1913796,1914345,322,549,871,completed,1
30176,Rigid,1913474,1913796,1914400,322,604,926,completed,1
30177,Rigid,1913474,1913796,1914668,322,872,1194,completed,1
30178,Rigid,1913474,1913796,1914713,322,917,1239,completed,1
30179,Rigid,1913474,1913796,1914368,322,572,894,completed,1
30180,Rigid,1913474,1913796,1914404,322,608,930,completed,1
30181,Rigid,1913474,1913796,1914657,322,861,1183,completed,1
30182,Rigid,1913474,1913796,1914612,322,816,1138,completed,1
30183,Rigid,1913474,1913796,1914414,322,618,940,completed,1
30184,Rigid,1913474,1913796,1914412,322,616,938,completed,1
30185,Rigid,1913474,1913796,1914623,322,827,1149,completed,1
30186,Rigid,1913474,1913796,1914601,322,805,1127,completed,1
30187,Rigid,1913474,1913796,1914353,322,557,879,completed,1
30188,Rigid,1913474,1913796,1914407,322,611,933,completed,1
30189,Rigid,1913474,1913796,1914606,322,810,1132,completed,1
30190,Rigid,1913474,1913796,1914604,322,808,1130,completed,1
30191,Rigid,1913474,1913796,1914337,322,541,863,completed,1
30192,Rigid,1913474,1913796,1914386,322,590,912,completed,1
30193,Rigid,1913474,1913796,1914587,322,791,1113,completed,1
30194,Rigid,1913474,1913796,1914598,322,802,1124,completed,1
30195,Rigid,1913474,1913796,1914381,322,585,907,completed,1
30196,Rigid,1913474,1913796,1914415,322,619,941,completed,1
30197,Rigid,1913474,1913796,1914635,322,839,1161,completed,1
30198,Rigid,1913474,1913796,1914708,322,912,1234,completed,1
30199,Rigid,1913474,1913796,1914344,322,548,870,completed,1
30200,Rigid,1913474,1913796,1914400,322,604,926,completed,1
30201,Rigid,1913474,1913796,1914667,322,871,1193,completed,1
30202,Rigid,1913474,1913796,1914751,322,955,1277,completed,1
30203,Rigid,1913474,1913796,1914355,322,559,881,completed,1
30204,Rigid,1913474,1913796,1914384,322,588,910,completed,1
30205,Rigid,1913474,1913796,1914598,322,802,1124,completed,1
30206,Rigid,1913474,1913796,1914644,322,848,1170,completed,1
30207,Rigid,1913474,1913796,1914360,322,564,886,completed,1
30208,Rigid,1913474,1913796,1914408,322,612,934,completed,1
30209,Rigid,1913474,1913796,1914650,322,854,1176,completed,1
30210,Rigid,1913474,1913796,1914601,322,805,1127,completed,1
30211,Rigid,1913474,1913796,1914342,322,546,868,completed,1
30212,Rigid,1913474,1913796,1914395,322,599,921,completed,1
30213,Rigid,1913474,1913796,1914613,322,817,1139,completed,1
30214,Rigid,1913474,1913796,1914535,322,739,1061,completed,1
30215,Rigid,1913474,1913796,1914349,322,553,875,completed,1
30216,Rigid,1913474,1913796,1914398,322,602,924,completed,1
30217,Rigid,1913474,1913796,1914587,322,791,1113,completed,1
30218,Rigid,1913474,1913796,1914587,322,791,1113,completed,1
30219,Rigid,1913474,1913796,1914412,322,616,938,completed,1
30220,Rigid,1913474,1913796,1914407,322,611,933,completed,1
30221,Rigid,1913474,1913796,1914516,322,720,1042,completed,1
30222,Rigid,1913474,1913796,1914640,322,844,1166,completed,1
30223,Rigid,1913474,1913796,1914358,322,562,884,completed,1
30224,Rigid,1913474,1913796,1914405,322,609,931,completed,1
30225,Rigid,1913474,1913796,1914658,322,862,1184,completed,1
30226,Rigid,1913474,1913796,1914665,322,869,1191,completed,1
30227,Rigid,1913474,1913796,1914358,322,562,884,completed,1
30228,Rigid,1913474,1913796,1914398,322,602,924,completed,1
30229,Rigid,1913474,1913796,1914655,322,859,1181,completed,1
30230,Rigid,1913474,1913796,1914667,322,871,1193,completed,1
30231,Rigid,1913474,1913796,1914373,322,577,899,completed,1
30232,Rigid,1913474,1913796,1914403,322,607,929,completed,1
30233,Rigid,1913474,1913796,1914579,322,783,1105,completed,1
30234,Rigid,1913474,1913796,1914620,322,824,1146,completed,1
30235,Rigid,1913474,1913796,1914385,322,589,911,completed,1
30236,Rigid,1913474,1913796,1914408,322,612,934,completed,1
30237,Rigid,1913474,1913850,1914695,376,845,1221,completed,1
30238,Rigid,1913474,1913850,1914723,376,873,1249,completed,1
30239,Rigid,1913474,1913851,1914396,377,545,922,completed,1
30240,Rigid,1913474,1913851,1914442,377,591,968,completed,1
30241,Rigid,1913474,1913851,1914670,377,819,1196,completed,1
30242,Rigid,1913474,1913851,1914588,377,737,1114,completed,1
30243,Rigid,1913474,1913851,1914376,377,525,902,completed,1
30244,Rigid,1913474,1913851,1914425,377,574,951,completed,1
30245,Rigid,1913474,1913851,1914645,377,794,1171,completed,1
30246,Rigid,1913474,1913851,1914717,377,866,1243,completed,1
30247,Rigid,1913474,1913851,1914395,377,544,921,completed,1
30248,Rigid,1913474,1913851,1914422,377,571,948,completed,1
30249,Rigid,1913474,1913851,1914796,377,945,1322,completed,1
30250,Rigid,1913474,1913851,1914832,377,981,1358,completed,1
30251,Rigid,1913474,1913851,1914395,377,544,921,completed,1
30252,Rigid,1913474,1913851,1914442,377,591,968,completed,1
30253,Rigid,1913474,1913851,1914633,377,782,1159,completed,1
30254,Rigid,1913474,1913851,1914815,377,964,1341,completed,1
30255,Rigid,1913474,1913851,1914458,377,607,984,completed,1
30256,Rigid,1913474,1913851,1914441,377,590,967,completed,1
30257,Rigid,1913474,1913851,1914523,377,672,1049,completed,1
30258,Rigid,1913474,1913851,1914683,377,832,1209,completed,1
30259,Rigid,1913474,1913851,1914388,377,537,914,completed,1
30260,Rigid,1913474,1913851,1914458,377,607,984,completed,1
30261,Rigid,1913474,1913851,1914646,377,795,1172,completed,1
30262,Rigid,1913474,1913851,1914746,377,895,1272,completed,1
30263,Rigid,1913474,1913851,1914395,377,544,921,completed,1
30264,Rigid,1913474,1913851,1914410,377,559,936,completed,1
30265,Rigid,1913474,1913851,1914729,377,878,1255,completed,1
30266,Rigid,1913474,1913851,1914723,377,872,1249,completed,1
30267,Rigid,1913474,1913851,1914412,377,561,938,completed,1
30268,Rigid,1913474,1913851,1914453,377,602,979,completed,1
30269,Rigid,1913474,1913851,1914679,377,828,1205,completed,1
30270,Rigid,1913474,1913851,1914561,377,710,1087,completed,1
30271,Rigid,1913474,1913851,1914407,377,556,933,completed,1
30272,Rigid,1913474,1913851,1914470,377,619,996,completed,1
30273,Rigid,1913474,1913851,1914631,377,780,1157,completed,1
30274,Rigid,1913474,1913851,1914639,377,788,1165,completed,1
30275,Rigid,1913474,1913851,1914388,377,537,914,completed,1
30276,Rigid,1913474,1913851,1914414,377,563,940,completed,1
30277,Rigid,1913474,1913851,1914423,377,572,949,completed,1
30278,Rigid,1913474,1913851,1914481,377,630,1007,completed,1
30279,Rigid,1913474,1913853,1914410,379,557,936,completed,1
30280,Rigid,1913474,1913853,1914454,379,601,980,completed,1
30281,Rigid,1913474,1913853,1914421,379,568,947,completed,1
30282,Rigid,1913474,1913853,1914473,379,620,999,completed,1
30283,Rigid,1913474,1913853,1914410,379,557,936,completed,1
30284,Rigid,1913474,1913853,1914455,379,602,981,completed,1
30285,Rigid,1913474,1913853,1914434,379,581,960,completed,1
30286,Rigid,1913474,1913853,1914481,379,628,1007,completed,1
30287,Rigid,1913474,1913853,1914403,379,550,929,completed,1
30288,Rigid,1913474,1913853,1914455,379,602,981,completed,1
30289,Rigid,1913474,1913853,1914427,379,574,953,completed,1
30290,Rigid,1913474,1913853,1914477,379,624,1003,completed,1
30291,Rigid,1913474,1913853,1914457,379,604,983,completed,1
30292,Rigid,1913474,1913853,1914471,379,618,997,completed,1
30293,Rigid,1913474,1913853,1914447,379,594,973,completed,1
30294,Rigid,1913474,1913853,1914478,379,625,1004,completed,1
30295,Rigid,1913474,1913853,1914400,379,547,926,completed,1
30296,Rigid,1913474,1913853,1914475,379,622,1001,completed,1
30297,Rigid,1913474,1913853,1914449,379,596,975,completed,1
30298,Rigid,1913474,1913853,1914476,379,623,1002,completed,1
30299,Rigid,1913474,1913853,1914403,379,550,929,completed,1
30300,Rigid,1913474,1913853,1914458,379,605,984,completed,1
30301,Rigid,1913474,1913853,1914382,379,529,908,completed,1
30302,Rigid,1913474,1913853,1914442,379,589,968,completed,1
30303,Rigid,1913474,1913853,1914387,379,534,913,completed,1
30304,Rigid,1913474,1913853,1914439,379,586,965,completed,1
30305,Rigid,1913474,1913853,1914394,379,541,920,completed,1
30306,Rigid,1913474,1913853,1914429,379,576,955,completed,1
30307,Rigid,1913474,1913853,1914387,379,534,913,completed,1
30308,Rigid,1913474,1913853,1914436,379,583,962,completed,1
30309,Rigid,1913474,1913853,1914416,379,563,942,completed,1
30310,Rigid,1913474,1913853,1914445,379,592,971,completed,1
30311,Rigid,1913474,1913853,1914377,379,524,903,completed,1
30312,Rigid,1913474,1913853,1914432,379,579,958,completed,1
30313,Rigid,1913474,1913853,1914387,379,534,913,completed,1
30314,Rigid,1913474,1913853,1914443,379,590,969,completed,1
30315,Rigid,1913474,1913853,1914374,379,521,900,completed,1
30316,Rigid,1913474,1913853,1914431,379,578,957,completed,1
30317,Rigid,1913474,1913853,1914440,379,587,966,completed,1
30318,Rigid,1913474,1913853,1914472,379,619,998,completed,1
30319,Rigid,1913474,1913853,1914404,379,551,930,completed,1
30320,Rigid,1913474,1913853,1914467,379,614,993,completed,1
30321,Rigid,1913474,1913853,1914445,379,592,971,completed,1
30322,Rigid,1913474,1913853,1914494,379,641,1020,completed,1
30323,Rigid,1913474,1913853,1914406,379,553,932,completed,1
30324,Rigid,1913474,1913853,1914472,379,619,998,completed,1
30325,Rigid,1913474,1913853,1914431,379,578,957,completed,1
30326,Rigid,1913474,1913853,1914499,379,646,1025,completed,1
30327,Rigid,1913474,1913853,1914480,379,627,1006,completed,1
30328,Rigid,1913474,1913853,1914479,379,626,1005,completed,1
30329,Rigid,1913474,1913853,1914440,379,587,966,completed,1
30330,Rigid,1913474,1913853,1914480,379,627,1006,completed,1
30331,Rigid,1913474,1913853,1914408,379,555,934,completed,1
30332,Rigid,1913474,1913853,1914481,379,628,1007,completed,1
30333,Rigid,1913474,1913853,1914422,379,569,948,completed,1
30334,Rigid,1913474,1913853,1914476,379,623,1002,completed,1
30335,Rigid,1913474,1913853,1914420,379,567,946,completed,1
30336,Rigid,1913474,1913853,1914464,379,611,990,completed,1
30337,Rigid,1913474,1913853,1914423,379,570,949,completed,1
30338,Rigid,1913474,1913853,1914473,379,620,999,completed,1
30339,Rigid,1913474,1913853,1914435,379,582,961,completed,1
30340,Rigid,1913474,1913853,1914484,379,631,1010,completed,1
30341,Rigid,1913474,1913853,1914402,379,549,928,completed,1
30342,Rigid,1913474,1913853,1914443,379,590,969,completed,1
30343,Rigid,1913474,1913853,1914371,379,518,897,completed,1
30344,Rigid,1913474,1913853,1914458,379,605,984,completed,1
30345,Rigid,1913474,1913853,1914416,379,563,942,completed,1
30346,Rigid,1913474,1913853,1914447,379,594,973,completed,1
30347,Rigid,1913474,1913854,1914390,380,536,916,completed,1
30348,Rigid,1913474,1913854,1914433,380,579,959,completed,1
30349,Rigid,1913474,1913854,1914391,380,537,917,completed,1
30350,Rigid,1913474,1913854,1914470,380,616,996,completed,1
30351,Rigid,1913474,1913854,1914382,380,528,908,completed,1
30352,Rigid,1913474,1913854,1914439,380,585,965,completed,1
30353,Rigid,1913474,1913854,1914398,380,544,924,completed,1
30354,Rigid,1913474,1913854,1914444,380,590,970,completed,1
30355,Rigid,1913474,1913854,1914379,380,525,905,completed,1
30356,Rigid,1913474,1913854,1914432,380,578,958,completed,1
30357,Rigid,1913474,1913854,1914445,380,591,971,completed,1
30358,Rigid,1913474,1913854,1914507,380,653,1033,completed,1
30359,Rigid,1913474,1913854,1914419,380,565,945,completed,1
30360,Rigid,1913474,1913854,1914467,380,613,993,completed,1
30361,Rigid,1913474,1913854,1914448,380,594,974,completed,1
30362,Rigid,1913474,1913854,1914500,380,646,1026,completed,1
30363,Rigid,1913474,1913854,1914480,380,626,1006,completed,1
30364,Rigid,1913474,1913854,1914486,380,632,1012,completed,1
30365,Rigid,1913474,1913854,1914454,380,600,980,completed,1
30366,Rigid,1913474,1913854,1914477,380,623,1003,completed,1
30367,Rigid,1913474,1913854,1914420,380,566,946,completed,1
30368,Rigid,1913474,1913854,1914483,380,629,1009,completed,1
30369,Rigid,1913474,1913854,1914436,380,582,962,completed,1
30370,Rigid,1913474,1913854,1914477,380,623,1003,completed,1
30371,Rigid,1913474,1913854,1914418,380,564,944,completed,1
30372,Rigid,1913474,1913854,1914474,380,620,1000,completed,1
30373,Rigid,1913474,1913854,1914443,380,589,969,completed,1
30374,Rigid,1913474,1913854,1914475,380,621,1001,completed,1
30375,Rigid,1913474,1913854,1914436,380,582,962,completed,1
30376,Rigid,1913474,1913854,1914493,380,639,1019,completed,1
30377,Rigid,1913474,1913854,1914448,380,594,974,completed,1
30378,Rigid,1913474,1913854,1914475,380,621,1001,completed,1
30379,Rigid,1913474,1913854,1914413,380,559,939,completed,1
30380,Rigid,1913474,1913854,1914497,380,643,1023,completed,1
30381,Rigid,1913474,1913854,1914413,380,559,939,completed,1
30382,Rigid,1913474,1913854,1914453,380,599,979,completed,1
30383,Rigid,1913474,1913854,1914382,380,528,908,completed,1
30384,Rigid,1913474,1913854,1914436,380,582,962,completed,1
30385,Rigid,1913474,1913854,1914394,380,540,920,completed,1
30386,Rigid,1913474,1913854,1914463,380,609,989,completed,1
30387,Rigid,1913474,1913854,1914383,380,529,909,completed,1
30388,Rigid,1913474,1913854,1914434,380,580,960,completed,1
30389,Rigid,1913474,1913854,1914413,380,559,939,completed,1
30390,Rigid,1913474,1913854,1914443,380,589,969,completed,1
30391,Rigid,1913474,1913854,1914377,380,523,903,completed,1
30392,Rigid,1913474,1913854,1914430,380,576,956,completed,1
30393,Rigid,1913474,1913854,1914427,380,573,953,completed,1
30394,Rigid,1913474,1913854,1914462,380,608,988,completed,1
30395,Rigid,1913474,1913854,1914384,380,530,910,completed,1
30396,Rigid,1913474,1913854,1914429,380,575,955,completed,1
30397,Rigid,1913474,1913854,1914448,380,594,974,completed,1
30398,Rigid,1913474,1913854,1914512,380,658,1038,completed,1
30399,Rigid,1913474,1913854,1914476,380,622,1002,completed,1
30400,Rigid,1913474,1913854,1914491,380,637,1017,completed,1
30401,Rigid,1913474,1913854,1914432,380,578,958,completed,1
30402,Rigid,1913474,1913854,1914481,380,627,1007,completed,1
30403,Rigid,1913474,1913854,1914412,380,558,938,completed,1
30404,Rigid,1913474,1913854,1914484,380,630,1010,completed,1
30405,Rigid,1913474,1913854,1914445,380,591,971,completed,1
30406,Rigid,1913474,1913854,1914479,380,625,1005,completed,1
30407,Rigid,1913474,1913854,1914411,380,557,937,completed,1
30408,Rigid,1913474,1913854,1914465,380,611,991,completed,1
30409,Rigid,1913474,1913854,1914433,380,579,959,completed,1
30410,Rigid,1913474,1913854,1914477,380,623,1003,completed,1
30411,Rigid,1913474,1913854,1914432,380,578,958,completed,1
30412,Rigid,1913474,1913854,1914486,380,632,1012,completed,1
30413,Rigid,1913474,1913854,1914438,380,584,964,completed,1
30414,Rigid,1913474,1913854,1914473,380,619,999,completed,1
30415,Rigid,1913474,1913854,1914435,380,581,961,completed,1
30416,Rigid,1913474,1913854,1914491,380,637,1017,completed,1
30417,Rigid,1913474,1913854,1914444,380,590,970,completed,1
30418,Rigid,1913474,1913854,1914485,380,631,1011,completed,1
30419,Rigid,1913474,1913854,1914415,380,561,941,completed,1
30420,Rigid,1913474,1913854,1914468,380,614,994,completed,1
30421,Rigid,1913474,1913854,1914412,380,558,938,completed,1
30422,Rigid,1913474,1913854,1914466,380,612,992,completed,1
30423,Rigid,1913474,1913854,1914391,380,537,917,completed,1
30424,Rigid,1913474,1913854,1914429,380,575,955,completed,1
30425,Rigid,1913474,1913854,1914415,380,561,941,completed,1
30426,Rigid,1913474,1913854,1914434,380,580,960,completed,1
30427,Rigid,1913474,1913854,1914383,380,529,909,completed,1
30428,Rigid,1913474,1913854,1914425,380,571,951,completed,1
30429,Rigid,1913474,1913854,1914426,380,572,952,completed,1
30430,Rigid,1913474,1913854,1914459,380,605,985,completed,1
30431,Rigid,1913474,1913854,1914376,380,522,902,completed,1
30432,Rigid,1913474,1913854,1914428,380,574,954,completed,1
30433,Rigid,1913474,1913854,1914380,380,526,906,completed,1
30434,Rigid,1913474,1913854,1914463,380,609,989,completed,1
30435,Rigid,1913474,1913854,1914449,380,595,975,completed,1
30436,Rigid,1913474,1913854,1914442,380,588,968,completed,1
30437,Rigid,1913474,1913854,1914453,380,599,979,completed,1
30438,Rigid,1913474,1913854,1914488,380,634,1014,completed,1
30439,Rigid,1913474,1913854,1914410,380,556,936,completed,1
30440,Rigid,1913474,1913854,1914481,380,627,1007,completed,1
30441,Rigid,1913474,1913854,1914429,380,575,955,completed,1
30442,Rigid,1913474,1913854,1914477,380,623,1003,completed,1
30443,Rigid,1913474,1913854,1914404,380,550,930,completed,1
30444,Rigid,1913474,1913854,1914463,380,609,989,completed,1
30445,Rigid,1913474,1913854,1914436,380,582,962,completed,1
30446,Rigid,1913474,1913854,1914469,380,615,995,completed,1
30447,Rigid,1913474,1913854,1914441,380,587,967,completed,1
30448,Rigid,1913474,1913854,1914481,380,627,1007,completed,1
30449,Rigid,1913474,1913854,1914434,380,580,960,completed,1
30450,Rigid,1913474,1913854,1914475,380,621,1001,completed,1
30451,Rigid,1913474,1913854,1914413,380,559,939,completed,1
30452,Rigid,1913474,1913854,1914494,380,640,1020,completed,1
30453,Rigid,1913474,1913854,1914458,380,604,984,completed,1
30454,Rigid,1913474,1913854,1914493,380,639,1019,completed,1
30455,Rigid,1913474,1913854,1914414,380,560,940,completed,1
30456,Rigid,1913474,1913854,1914471,380,617,997,completed,1
30457,Rigid,1913474,1913854,1914420,380,566,946,completed,1
30458,Rigid,1913474,1913854,1914489,380,635,1015,completed,1
30459,Rigid,1913474,1913854,1914415,380,561,941,completed,1
30460,Rigid,1913474,1913854,1914469,380,615,995,completed,1
30461,Rigid,1913474,1913854,1914398,380,544,924,completed,1
30462,Rigid,1913474,1913854,1914436,380,582,962,completed,1
30463,Rigid,1913474,1913854,1914380,380,526,906,completed,1
30464,Rigid,1913474,1913854,1914431,380,577,957,completed,1
30465,Rigid,1913474,1913854,1914419,380,565,945,completed,1
30466,Rigid,1913474,1913854,1914466,380,612,992,completed,1
30467,Rigid,1913474,1913854,1914393,380,539,919,completed,1
30468,Rigid,1913474,1913854,1914435,380,581,961,completed,1
30469,Rigid,1913474,1913854,1914391,380,537,917,completed,1
30470,Rigid,1913474,1913854,1914463,380,609,989,completed,1
30471,Rigid,1913474,1913854,1914449,380,595,975,completed,1
30472,Rigid,1913474,1913854,1914449,380,595,975,completed,1
30473,Rigid,1913474,1913854,1914396,380,542,922,completed,1
30474,Rigid,1913474,1913854,1914447,380,593,973,completed,1
30475,Rigid,1913474,1913854,1914387,380,533,913,completed,1
30476,Rigid,1913474,1913854,1914458,380,604,984,completed,1
30477,Rigid,1913474,1913854,1915875,380,2021,2401,completed,1
30478,Rigid,1913474,1913854,1915798,380,1944,2324,completed,1
30479,Rigid,1913474,1913854,1914949,380,1095,1475,completed,1
30480,Rigid,1913474,1913854,1914923,380,1069,1449,completed,1
30481,Rigid,1913474,1913854,1915878,380,2024,2404,completed,1
30482,Rigid,1913474,1913854,1915875,380,2021,2401,completed,1
30483,Rigid,1913474,1913854,1914983,380,1129,1509,completed,1
30484,Rigid,1913474,1913854,1914982,380,1128,1508,completed,1
30485,Rigid,1913474,1913854,1915806,380,1952,2332,completed,1
30486,Rigid,1913474,1913854,1915876,380,2022,2402,completed,1
30487,Rigid,1913474,1913854,1914953,380,1099,1479,completed,1
30488,Rigid,1913474,1913854,1914964,380,1110,1490,completed,1
30489,Rigid,1913474,1913854,1915952,380,2098,2478,completed,1
30490,Rigid,1913474,1913854,1915722,380,1868,2248,completed,1
30491,Rigid,1913474,1913854,1914929,380,1075,1455,completed,1
30492,Rigid,1913474,1913854,1914920,380,1066,1446,completed,1
30493,Rigid,1913474,1913854,1915916,380,2062,2442,completed,1
30494,Rigid,1913474,1913854,1915856,380,2002,2382,completed,1
30495,Rigid,1913474,1913854,1914904,380,1050,1430,completed,1
30496,Rigid,1913474,1913854,1914904,380,1050,1430,completed,1
30497,Rigid,1913474,1913854,1915872,380,2018,2398,completed,1
30498,Rigid,1913474,1913854,1915818,380,1964,2344,completed,1
30499,Rigid,1913474,1913854,1914903,380,1049,1429,completed,1
30500,Rigid,1913474,1913854,1914934,380,1080,1460,completed,1
30501,Rigid,1913474,1913854,1915942,380,2088,2468,completed,1
30502,Rigid,1913474,1913854,1915945,380,2091,2471,completed,1
30503,Rigid,1913474,1913854,1914916,380,1062,1442,completed,1
30504,Rigid,1913474,1913854,1914952,380,1098,1478,completed,1
30505,Rigid,1913474,1913854,1915952,380,2098,2478,completed,1
30506,Rigid,1913474,1913854,1915948,380,2094,2474,completed,1
30507,Rigid,1913474,1913854,1915039,380,1185,1565,completed,1
30508,Rigid,1913474,1913854,1914996,380,1142,1522,completed,1
30509,Rigid,1913474,1913854,1915699,380,1845,2225,completed,1
30510,Rigid,1913474,1913854,1915750,380,1896,2276,completed,1
30511,Rigid,1913474,1913854,1914902,380,1048,1428,completed,1
30512,Rigid,1913474,1913854,1914996,380,1142,1522,completed,1
30513,Rigid,1913474,1913854,1915952,380,2098,2478,completed,1
30514,Rigid,1913474,1913854,1915868,380,2014,2394,completed,1
30515,Rigid,1913474,1913854,1914937,380,1083,1463,completed,1
30516,Rigid,1913474,1913854,1914955,380,1101,1481,completed,1
30517,Rigid,1913474,1913854,1915824,380,1970,2350,completed,1
30518,Rigid,1913474,1913854,1915836,380,1982,2362,completed,1
30519,Rigid,1913474,1913854,1914963,380,1109,1489,completed,1
30520,Rigid,1913474,1913854,1914975,380,1121,1501,completed,1
30521,Rigid,1913474,1913854,1915787,380,1933,2313,completed,1
30522,Rigid,1913474,1913854,1915788,380,1934,2314,completed,1
30523,Rigid,1913474,1913854,1914927,380,1073,1453,completed,1
30524,Rigid,1913474,1913854,1914999,380,1145,1525,completed,1
30525,Rigid,1913474,1913854,1915806,380,1952,2332,completed,1
30526,Rigid,1913474,1913854,1915836,380,1982,2362,completed,1
30527,Rigid,1913474,1913854,1914906,380,1052,1432,completed,1
30528,Rigid,1913474,1913854,1914960,380,1106,1486,completed,1
30529,Rigid,1913474,1913854,1915837,380,1983,2363,completed,1
30530,Rigid,1913474,1913854,1915878,380,2024,2404,completed,1
30531,Rigid,1913474,1913854,1914916,380,1062,1442,completed,1
30532,Rigid,1913474,1913854,1914920,380,1066,1446,completed,1
30533,Rigid,1913474,1913854,1915751,380,1897,2277,completed,1
30534,Rigid,1913474,1913854,1915938,380,2084,2464,completed,1
30535,Rigid,1913474,1913854,1914923,380,1069,1449,completed,1
30536,Rigid,1913474,1913854,1914938,380,1084,1464,completed,1
30537,Rigid,1913474,1913854,1915849,380,1995,2375,completed,1
30538,Rigid,1913474,1913854,1915920,380,2066,2446,completed,1
30539,Rigid,1913474,1913854,1914924,380,1070,1450,completed,1
30540,Rigid,1913474,1913854,1914998,380,1144,1524,completed,1
30541,Rigid,1913474,1913854,1915869,380,2015,2395,completed,1
30542,Rigid,1913474,1913854,1915842,380,1988,2368,completed,1
30543,Rigid,1913474,1913854,1915097,380,1243,1623,completed,1
30544,Rigid,1913474,1913854,1914952,380,1098,1478,completed,1
30545,Rigid,1913474,1913854,1915762,380,1908,2288,completed,1
30546,Rigid,1913474,1913854,1915736,380,1882,2262,completed,1
30547,Rigid,1913474,1913854,1914945,380,1091,1471,completed,1
30548,Rigid,1913474,1913854,1914947,380,1093,1473,completed,1
30549,Rigid,1913474,1913854,1915952,380,2098,2478,completed,1
30550,Rigid,1913474,1913854,1915748,380,1894,2274,completed,1
30551,Rigid,1913474,1913854,1914906,380,1052,1432,completed,1
30552,Rigid,1913474,1913854,1914919,380,1065,1445,completed,1
30553,Rigid,1913474,1913854,1915815,380,1961,2341,completed,1
30554,Rigid,1913474,1913854,1915829,380,1975,2355,completed,1
30555,Rigid,1913474,1913854,1914966,380,1112,1492,completed,1
30556,Rigid,1913474,1913854,1914961,380,1107,1487,completed,1
30557,Rigid,1913474,1913854,1915952,380,2098,2478,completed,1
30558,Rigid,1913474,1913854,1915767,380,1913,2293,completed,1
30559,Rigid,1913474,1913854,1914944,380,1090,1470,completed,1
30560,Rigid,1913474,1913854,1914949,380,1095,1475,completed,1
30561,Rigid,1913474,1913854,1915952,380,2098,2478,completed,1
30562,Rigid,1913474,1913854,1915722,380,1868,2248,completed,1
30563,Rigid,1913474,1913854,1914926,380,1072,1452,completed,1
30564,Rigid,1913474,1913854,1914902,380,1048,1428,completed,1
30565,Rigid,1913474,1913854,1915952,380,2098,2478,completed,1
30566,Rigid,1913474,1913854,1915750,380,1896,2276,completed,1
30567,Rigid,1913474,1913854,1914939,380,1085,1465,completed,1
30568,Rigid,1913474,1913854,1914868,380,1014,1394,completed,1
30569,Rigid,1913474,1913854,1915952,380,2098,2478,completed,1
30570,Rigid,1913474,1913854,1915737,380,1883,2263,completed,1
30571,Rigid,1913474,1913854,1914901,380,1047,1427,completed,1
30572,Rigid,1913474,1913854,1914868,380,1014,1394,completed,1
30573,Rigid,1913474,1913854,1915882,380,2028,2408,completed,1
30574,Rigid,1913474,1913854,1915933,380,2079,2459,completed,1
30575,Rigid,1913474,1913854,1914848,380,994,1374,completed,1
30576,Rigid,1913474,1913854,1914907,380,1053,1433,completed,1
30577,Rigid,1913794,1920852,1933171,7058,12319,19377,completed,144
30578,Rigid,1914371,1922726,1934587,8355,11861,20216,completed,144
30579,Rigid,1914507,1914507,1914519,0,12,12,completed,18
30580,Rigid,1914703,1922853,1934596,8150,11743,19893,completed,144
30581,Rigid,1914806,1914806,1914813,0,7,7,completed,1
30582,Rigid,1914806,1914806,1914813,0,7,7,completed,1
30583,Rigid,1914806,1914806,1914808,0,2,2,completed,1
30584,Rigid,1914806,1914809,1914811,3,2,5,completed,1
30585,Rigid,1914806,1914809,1914810,3,1,4,completed,1
30586,Rigid,1914867,1914868,1914869,1,1,2,completed,1
30587,Rigid,1914868,1914870,1914871,2,1,3,completed,1
30588,Rigid,1914868,1914870,1914871,2,1,3,completed,1
30589,Rigid,1914870,1914870,1914871,0,1,1,completed,1
30590,Rigid,1914870,1914870,1914871,0,1,1,completed,1
30591,Rigid,1914871,1914872,1914873,1,1,2,completed,1
30592,Rigid,1914874,1914874,1914875,0,1,1,completed,1
30593,Rigid,1914874,1914874,1914875,0,1,1,completed,1
30594,Rigid,1914874,1914874,1914875,0,1,1,completed,1
30595,Rigid,1914874,1914877,1914878,3,1,4,completed,1
30596,Rigid,1914875,1914877,1914878,2,1,3,completed,1
30597,Rigid,1914875,1914877,1914878,2,1,3,completed,1
30598,Rigid,1914875,1914877,1914878,2,1,3,completed,1
30599,Rigid,1914875,1914877,1914878,2,1,3,completed,1
30600,Rigid,1914876,1914877,1914878,1,1,2,completed,1
30601,Rigid,1914876,1914877,1914878,1,1,2,completed,1
30602,Rigid,1914877,1914879,1914880,2,1,3,completed,1
30603,Rigid,1914877,1914879,1914880,2,1,3,completed,1
30604,Rigid,1914877,1914879,1914880,2,1,3,completed,1
30605,Rigid,1914878,1914879,1914880,1,1,2,completed,1
30606,Rigid,1914878,1914879,1914880,1,1,2,completed,1
30607,Rigid,1914878,1914879,1914880,1,1,2,completed,1
30608,Rigid,1914878,1914879,1914975,1,96,97,completed,2
30609,Rigid,1914878,1914879,1914880,1,1,2,completed,1
30610,Rigid,1914878,1914879,1914880,1,1,2,completed,1
30611,Rigid,1914878,1914879,1914891,1,12,13,completed,2
30612,Rigid,1914878,1914879,1914880,1,1,2,completed,1
30613,Rigid,1914878,1914879,1914891,1,12,13,completed,2
30614,Rigid,1914879,1914879,1914880,0,1,1,completed,1
30615,Rigid,1914879,1914879,1914880,0,1,1,completed,1
30616,Rigid,1914879,1914879,1914891,0,12,12,completed,2
30617,Rigid,1914879,1914879,1914892,0,13,13,completed,2
30618,Rigid,1914879,1914881,1914892,2,11,13,completed,2
30619,Rigid,1914879,1914881,1914882,2,1,3,completed,1
30620,Rigid,1914879,1914881,1914882,2,1,3,completed,1
30621,Rigid,1914879,1914881,1914885,2,4,6,completed,1
30622,Rigid,1914880,1914881,1914892,1,11,12,completed,2
30623,Rigid,1914880,1914881,1914882,1,1,2,completed,1
30624,Rigid,1914880,1914881,1914882,1,1,2,completed,1
30625,Rigid,1914880,1914881,1914882,1,1,2,completed,1
30626,Rigid,1914880,1914881,1914892,1,11,12,completed,2
30627,Rigid,1914880,1914881,1914882,1,1,2,completed,1
30628,Rigid,1914880,1914881,1914882,1,1,2,completed,1
30629,Rigid,1914880,1914881,1914882,1,1,2,completed,1
30630,Rigid,1914880,1914881,1914892,1,11,12,completed,2
30631,Rigid,1914880,1914881,1914892,1,11,12,completed,2
30632,Rigid,1914881,1914881,1914882,0,1,1,completed,1
30633,Rigid,1914881,1914881,1914882,0,1,1,completed,1
30634,Rigid,1914881,1914881,1914882,0,1,1,completed,1
30635,Rigid,1914881,1914881,1914882,0,1,1,completed,1
30636,Rigid,1914881,1914881,1914892,0,11,11,completed,2
30637,Rigid,1914881,1914881,1914882,0,1,1,completed,1
30638,Rigid,1914881,1914881,1914882,0,1,1,completed,1
30639,Rigid,1914882,1914882,1914885,0,3,3,completed,1
30640,Rigid,1914882,1914882,1914883,0,1,1,completed,1
30641,Rigid,1914882,1914883,1914891,1,8,9,completed,2
30642,Rigid,1914882,1914883,1914884,1,1,2,completed,1
30643,Rigid,1914883,1914883,1914884,0,1,1,completed,1
30644,Rigid,1914883,1914883,1914974,0,91,91,completed,2
30645,Rigid,1914883,1914883,1914884,0,1,1,completed,1
30646,Rigid,1914883,1914883,1914884,0,1,1,completed,1
30647,Rigid,1914883,1914883,1914884,0,1,1,completed,1
30648,Rigid,1914883,1914883,1914885,0,2,2,completed,1
30649,Rigid,1914883,1914883,1914884,0,1,1,completed,1
30650,Rigid,1914883,1914883,1914975,0,92,92,completed,2
30651,Rigid,1914884,1914884,1914885,0,1,1,completed,1
30652,Rigid,1914884,1914884,1914885,0,1,1,completed,1
30653,Rigid,1914884,1914884,1914885,0,1,1,completed,1
30654,Rigid,1914884,1914884,1914885,0,1,1,completed,1
30655,Rigid,1914884,1914884,1914892,0,8,8,completed,2
30656,Rigid,1914884,1914884,1914885,0,1,1,completed,1
30657,Rigid,1914884,1914884,1914885,0,1,1,completed,1
30658,Rigid,1914884,1914885,1914891,1,6,7,completed,2
30659,Rigid,1914884,1914885,1914886,1,1,2,completed,1
30660,Rigid,1914885,1914885,1914886,0,1,1,completed,1
30661,Rigid,1914885,1914885,1914978,0,93,93,completed,2
30662,Rigid,1914885,1914885,1914886,0,1,1,completed,1
30663,Rigid,1914885,1914885,1914886,0,1,1,completed,1
30664,Rigid,1914885,1914885,1914891,0,6,6,completed,2
30665,Rigid,1914885,1914885,1914886,0,1,1,completed,1
30666,Rigid,1914885,1914885,1914886,0,1,1,completed,1
30667,Rigid,1914885,1914886,1914887,1,1,2,completed,1
30668,Rigid,1914885,1914886,1914887,1,1,2,completed,1
30669,Rigid,1914886,1914886,1914887,0,1,1,completed,1
30670,Rigid,1914886,1914886,1914887,0,1,1,completed,1
30671,Rigid,1914886,1914886,1914887,0,1,1,completed,1
30672,Rigid,1914886,1914886,1914887,0,1,1,completed,1
30673,Rigid,1914886,1914886,1914887,0,1,1,completed,1
30674,Rigid,1914886,1914886,1914887,0,1,1,completed,1
30675,Rigid,1914886,1914886,1914887,0,1,1,completed,1
30676,Rigid,1914886,1914886,1914888,0,2,2,completed,1
30677,Rigid,1914886,1914886,1914887,0,1,1,completed,1
30678,Rigid,1914886,1914886,1914888,0,2,2,completed,1
30679,Rigid,1914887,1914887,1914892,0,5,5,completed,2
30680,Rigid,1914887,1914888,1914889,1,1,2,completed,1
30681,Rigid,1914887,1914888,1914889,1,1,2,completed,1
30682,Rigid,1914887,1914888,1914889,1,1,2,completed,1
30683,Rigid,1914887,1914888,1914975,1,87,88,completed,2
30684,Rigid,1914887,1914888,1914889,1,1,2,completed,1
30685,Rigid,1914887,1914888,1914889,1,1,2,completed,1
30686,Rigid,1914888,1914888,1914889,0,1,1,completed,1
30687,Rigid,1914888,1914888,1914889,0,1,1,completed,1
30688,Rigid,1914888,1914888,1914889,0,1,1,completed,1
30689,Rigid,1914888,1914888,1914894,0,6,6,completed,2
30690,Rigid,1914888,1914888,1914894,0,6,6,completed,2
30691,Rigid,1914888,1914888,1914894,0,6,6,completed,2
30692,Rigid,1914888,1914888,1914890,0,2,2,completed,1
30693,Rigid,1914888,1914888,1914894,0,6,6,completed,2
30694,Rigid,1914888,1914889,1914894,1,5,6,completed,2
30695,Rigid,1914889,1914889,1914973,0,84,84,completed,2
30696,Rigid,1914889,1914889,1914895,0,6,6,completed,2
30697,Rigid,1914889,1914889,1914973,0,84,84,completed,2
30698,Rigid,1914889,1914889,1914891,0,2,2,completed,1
30699,Rigid,1914889,1914889,1914894,0,5,5,completed,2
30700,Rigid,1914889,1914889,1914973,0,84,84,completed,2
30701,Rigid,1914889,1914889,1914894,0,5,5,completed,2
30702,Rigid,1914889,1914889,1914891,0,2,2,completed,1
30703,Rigid,1914889,1914889,1914891,0,2,2,completed,1
30704,Rigid,1914890,1914890,1914894,0,4,4,completed,2
30705,Rigid,1914890,1914890,1914973,0,83,83,completed,2
30706,Rigid,1914890,1914890,1914892,0,2,2,completed,1
30707,Rigid,1914890,1914890,1914973,0,83,83,completed,2
30708,Rigid,1914890,1914890,1914894,0,4,4,completed,2
30709,Rigid,1914890,1914890,1914894,0,4,4,completed,2
30710,Rigid,1914890,1914890,1914894,0,4,4,completed,2
30711,Rigid,1914890,1914890,1914896,0,6,6,completed,2
30712,Rigid,1914890,1914890,1914895,0,5,5,completed,2
30713,Rigid,1914891,1914891,1914893,0,2,2,completed,1
30714,Rigid,1914891,1914891,1914973,0,82,82,completed,2
30715,Rigid,1914891,1914891,1914893,0,2,2,completed,1
30716,Rigid,1914891,1914891,1914973,0,82,82,completed,2
30717,Rigid,1914891,1914891,1914896,0,5,5,completed,2
30718,Rigid,1914891,1914891,1914896,0,5,5,completed,2
30719,Rigid,1914891,1914891,1914893,0,2,2,completed,1
30720,Rigid,1914891,1914891,1914893,0,2,2,completed,1
30721,Rigid,1914891,1914891,1914973,0,82,82,completed,2
30722,Rigid,1914892,1914892,1914973,0,81,81,completed,2
30723,Rigid,1914892,1914892,1914893,0,1,1,completed,1
30724,Rigid,1914892,1914892,1914973,0,81,81,completed,2
30725,Rigid,1914892,1914892,1914896,0,4,4,completed,2
30726,Rigid,1914892,1914893,1914897,1,4,5,completed,2
30727,Rigid,1914892,1914893,1914894,1,1,2,completed,1
30728,Rigid,1914892,1914893,1914972,1,79,80,completed,2
30729,Rigid,1914893,1914893,1914898,0,5,5,completed,2
30730,Rigid,1914893,1914893,1914897,0,4,4,completed,2
30731,Rigid,1914893,1914893,1914894,0,1,1,completed,1
30732,Rigid,1914893,1914893,1914901,0,8,8,completed,2
30733,Rigid,1914893,1914893,1914973,0,80,80,completed,2
30734,Rigid,1914893,1914893,1914895,0,2,2,completed,1
30735,Rigid,1914894,1914894,1914973,0,79,79,completed,2
30736,Rigid,1914894,1914894,1914896,0,2,2,completed,1
30737,Rigid,1914894,1914894,1914973,0,79,79,completed,2
30738,Rigid,1914894,1914894,1914899,0,5,5,completed,2
30739,Rigid,1914894,1914894,1914899,0,5,5,completed,2
30740,Rigid,1914894,1914894,1914899,0,5,5,completed,2
30741,Rigid,1914894,1914894,1914899,0,5,5,completed,2
30742,Rigid,1914894,1914894,1914899,0,5,5,completed,2
30743,Rigid,1914894,1914894,1914899,0,5,5,completed,2
30744,Rigid,1914894,1914895,1914899,1,4,5,completed,2
30745,Rigid,1914895,1914895,1914899,0,4,4,completed,2
30746,Rigid,1914895,1914895,1914900,0,5,5,completed,2
30747,Rigid,1914895,1914895,1914900,0,5,5,completed,2
30748,Rigid,1914895,1914895,1914972,0,77,77,completed,2
30749,Rigid,1914895,1914895,1914897,0,2,2,completed,1
30750,Rigid,1914895,1914895,1914897,0,2,2,completed,1
30751,Rigid,1914895,1914895,1914972,0,77,77,completed,2
30752,Rigid,1914895,1914895,1914899,0,4,4,completed,2
30753,Rigid,1914895,1914895,1914900,0,5,5,completed,2
30754,Rigid,1914895,1914895,1914972,0,77,77,completed,2
30755,Rigid,1914896,1914896,1914902,0,6,6,completed,2
30756,Rigid,1914896,1914896,1914972,0,76,76,completed,2
30757,Rigid,1914896,1914896,1914898,0,2,2,completed,1
30758,Rigid,1914896,1914896,1914901,0,5,5,completed,2
30759,Rigid,1914896,1914896,1914901,0,5,5,completed,2
30760,Rigid,1914896,1914896,1914898,0,2,2,completed,1
30761,Rigid,1914896,1914896,1914898,0,2,2,completed,1
30762,Rigid,1914896,1914897,1914902,1,5,6,completed,2
30763,Rigid,1914896,1914897,1914899,1,2,3,completed,1
30764,Rigid,1914897,1914897,1914904,0,7,7,completed,2
30765,Rigid,1914897,1914897,1914972,0,75,75,completed,2
30766,Rigid,1914897,1914897,1914972,0,75,75,completed,2
30767,Rigid,1914897,1914897,1914902,0,5,5,completed,2
30768,Rigid,1914897,1914897,1914972,0,75,75,completed,2
30769,Rigid,1914897,1914897,1914903,0,6,6,completed,2
30770,Rigid,1914897,1914897,1914899,0,2,2,completed,1
30771,Rigid,1914897,1914897,1914972,0,75,75,completed,2
30772,Rigid,1914897,1914898,1914899,1,1,2,completed,1
30773,Rigid,1914898,1914898,1914972,0,74,74,completed,2
30774,Rigid,1914898,1914898,1914903,0,5,5,completed,2
30775,Rigid,1914898,1914898,1914903,0,5,5,completed,2
30776,Rigid,1914898,1914898,1914900,0,2,2,completed,1
30777,Rigid,1914898,1914898,1914903,0,5,5,completed,2
30778,Rigid,1914908,1914908,1914914,0,6,6,completed,2
30779,Rigid,1914908,1914908,1914914,0,6,6,completed,2
30780,Rigid,1914908,1914908,1914914,0,6,6,completed,2
30781,Rigid,1914908,1914908,1914914,0,6,6,completed,2
30782,Rigid,1914908,1914908,1914914,0,6,6,completed,2
30783,Rigid,1914908,1914908,1914914,0,6,6,completed,2
30784,Rigid,1914908,1914908,1914914,0,6,6,completed,2
30785,Rigid,1914909,1914911,1914917,2,6,8,completed,2
30786,Rigid,1914909,1914911,1914975,2,64,66,completed,2
30787,Rigid,1914909,1914911,1914913,2,2,4,completed,1
30788,Rigid,1914909,1914911,1914913,2,2,4,completed,1
30789,Rigid,1914909,1914911,1914975,2,64,66,completed,2
30790,Rigid,1914909,1914911,1914913,2,2,4,completed,1
30791,Rigid,1914910,1914911,1914975,1,64,65,completed,2
30792,Rigid,1914910,1914911,1914917,1,6,7,completed,2
30793,Rigid,1914910,1914911,1914922,1,11,12,completed,2
30794,Rigid,1914910,1914911,1914913,1,2,3,completed,1
30795,Rigid,1914910,1914911,1914922,1,11,12,completed,2
30796,Rigid,1914910,1914911,1914977,1,66,67,completed,2
30797,Rigid,1914910,1914911,1914922,1,11,12,completed,2
30798,Rigid,1914910,1914911,1914920,1,9,10,completed,2
30799,Rigid,1914911,1914911,1914914,0,3,3,completed,1
30800,Rigid,1914911,1914911,1914914,0,3,3,completed,1
30801,Rigid,1914911,1914911,1914977,0,66,66,completed,2
30802,Rigid,1914911,1914911,1914977,0,66,66,completed,2
30803,Rigid,1914911,1914911,1914977,0,66,66,completed,2
30804,Rigid,1914911,1914912,1914921,1,9,10,completed,2
30805,Rigid,1914911,1914912,1914914,1,2,3,completed,1
30806,Rigid,1914912,1914912,1914921,0,9,9,completed,2
30807,Rigid,1914912,1914912,1914914,0,2,2,completed,1
30808,Rigid,1914912,1914912,1914975,0,63,63,completed,2
30809,Rigid,1914912,1914912,1914921,0,9,9,completed,2
30810,Rigid,1914912,1914912,1914975,0,63,63,completed,2
30811,Rigid,1914912,1914912,1914921,0,9,9,completed,2
30812,Rigid,1914912,1914912,1914914,0,2,2,completed,1
30813,Rigid,1914912,1914914,1914922,2,8,10,completed,2
30814,Rigid,1914913,1914914,1914917,1,3,4,completed,1
30815,Rigid,1914913,1914914,1914922,1,8,9,completed,2
30816,Rigid,1914913,1914914,1914973,1,59,60,completed,2
30817,Rigid,1914913,1914914,1914917,1,3,4,completed,1
30818,Rigid,1914913,1914914,1914973,1,59,60,completed,2
30819,Rigid,1914913,1914914,1914922,1,8,9,completed,2
30820,Rigid,1914913,1914914,1914922,1,8,9,completed,2
30821,Rigid,1914914,1914914,1914917,0,3,3,completed,1
30822,Rigid,1914914,1914914,1914972,0,58,58,completed,2
30823,Rigid,1914914,1914914,1914922,0,8,8,completed,2
30824,Rigid,1914914,1914914,1914923,0,9,9,completed,2
30825,Rigid,1914914,1914914,1914917,0,3,3,completed,1
30826,Rigid,1914914,1914914,1914972,0,58,58,completed,2
30827,Rigid,1914914,1914914,1914922,0,8,8,completed,2
30828,Rigid,1915228,1922999,1935181,7771,12182,19953,completed,144
30829,Rigid,1915342,1925042,1936414,9700,11372,21072,completed,144
30830,Rigid,1916733,1916737,1917633,4,896,900,completed,1
30831,Rigid,1916733,1916737,1917515,4,778,782,completed,1
30832,Rigid,1916733,1916737,1917246,4,509,513,completed,1
30833,Rigid,1916733,1916737,1917268,4,531,535,completed,1
30834,Rigid,1916733,1916737,1917503,4,766,770,completed,1
30835,Rigid,1916733,1916737,1917511,4,774,778,completed,1
30836,Rigid,1916733,1916737,1917255,4,518,522,completed,1
30837,Rigid,1916733,1916737,1917253,4,516,520,completed,1
30838,Rigid,1916733,1916737,1917471,4,734,738,completed,1
30839,Rigid,1916733,1916737,1917389,4,652,656,completed,1
30840,Rigid,1916733,1916737,1917247,4,510,514,completed,1
30841,Rigid,1916733,1916737,1917263,4,526,530,completed,1
30842,Rigid,1916733,1916737,1917526,4,789,793,completed,1
30843,Rigid,1916733,1916737,1917447,4,710,714,completed,1
30844,Rigid,1916733,1916737,1917244,4,507,511,completed,1
30845,Rigid,1916733,1916737,1917288,4,551,555,completed,1
30846,Rigid,1916733,1916737,1917503,4,766,770,completed,1
30847,Rigid,1916733,1916737,1917553,4,816,820,completed,1
30848,Rigid,1916733,1916737,1917272,4,535,539,completed,1
30849,Rigid,1916733,1916737,1917310,4,573,577,completed,1
30850,Rigid,1916733,1916737,1917590,4,853,857,completed,1
30851,Rigid,1916733,1916737,1917459,4,722,726,completed,1
30852,Rigid,1916733,1916737,1917273,4,536,540,completed,1
30853,Rigid,1916733,1916737,1917302,4,565,569,completed,1
30854,Rigid,1916733,1916737,1917420,4,683,687,completed,1
30855,Rigid,1916733,1916737,1917466,4,729,733,completed,1
30856,Rigid,1916733,1916737,1917303,4,566,570,completed,1
30857,Rigid,1916733,1916737,1917333,4,596,600,completed,1
30858,Rigid,1916733,1916737,1917591,4,854,858,completed,1
30859,Rigid,1916733,1916737,1917662,4,925,929,completed,1
30860,Rigid,1916733,1916737,1917304,4,567,571,completed,1
30861,Rigid,1916733,1916737,1917324,4,587,591,completed,1
30862,Rigid,1916733,1916737,1917572,4,835,839,completed,1
30863,Rigid,1916733,1916737,1917591,4,854,858,completed,1
30864,Rigid,1916733,1916737,1917307,4,570,574,completed,1
30865,Rigid,1916733,1916737,1917378,4,641,645,completed,1
30866,Rigid,1916733,1916737,1917477,4,740,744,completed,1
30867,Rigid,1916733,1916737,1917556,4,819,823,completed,1
30868,Rigid,1916733,1916737,1917332,4,595,599,completed,1
30869,Rigid,1916733,1916737,1917344,4,607,611,completed,1
30870,Rigid,1916733,1916737,1917615,4,878,882,completed,1
30871,Rigid,1916733,1916737,1917510,4,773,777,completed,1
30872,Rigid,1916733,1916737,1917274,4,537,541,completed,1
30873,Rigid,1916733,1916737,1917269,4,532,536,completed,1
30874,Rigid,1916733,1916737,1917405,4,668,672,completed,1
30875,Rigid,1916733,1916737,1917499,4,762,766,completed,1
30876,Rigid,1916733,1916737,1917248,4,511,515,completed,1
30877,Rigid,1916733,1916737,1917278,4,541,545,completed,1
30878,Rigid,1916733,1916737,1917532,4,795,799,completed,1
30879,Rigid,1916733,1916737,1917448,4,711,715,completed,1
30880,Rigid,1916733,1916737,1917260,4,523,527,completed,1
30881,Rigid,1916733,1916737,1917279,4,542,546,completed,1
30882,Rigid,1916733,1916737,1917454,4,717,721,completed,1
30883,Rigid,1916733,1916737,1917578,4,841,845,completed,1
30884,Rigid,1916733,1916737,1917245,4,508,512,completed,1
30885,Rigid,1916733,1916737,1917313,4,576,580,completed,1
30886,Rigid,1916733,1916737,1917413,4,676,680,completed,1
30887,Rigid,1916733,1916737,1917408,4,671,675,completed,1
30888,Rigid,1916733,1916737,1917229,4,492,496,completed,1
30889,Rigid,1916733,1916737,1917294,4,557,561,completed,1
30890,Rigid,1916733,1916737,1917532,4,795,799,completed,1
30891,Rigid,1916733,1916737,1917538,4,801,805,completed,1
30892,Rigid,1916733,1916737,1917239,4,502,506,completed,1
30893,Rigid,1916733,1916737,1917290,4,553,557,completed,1
30894,Rigid,1916733,1916737,1917476,4,739,743,completed,1
30895,Rigid,1916733,1916737,1917541,4,804,808,completed,1
30896,Rigid,1916733,1916737,1917256,4,519,523,completed,1
30897,Rigid,1916733,1916737,1917297,4,560,564,completed,1
30898,Rigid,1916733,1916737,1917455,4,718,722,completed,1
30899,Rigid,1916733,1916737,1917581,4,844,848,completed,1
30900,Rigid,1916733,1916737,1917238,4,501,505,completed,1
30901,Rigid,1916733,1916737,1917293,4,556,560,completed,1
30902,Rigid,1916733,1916737,1917502,4,765,769,completed,1
30903,Rigid,1916733,1916737,1917715,4,978,982,completed,1
30904,Rigid,1916733,1916737,1917344,4,607,611,completed,1
30905,Rigid,1916733,1916737,1917354,4,617,621,completed,1
30906,Rigid,1916733,1916737,1917518,4,781,785,completed,1
30907,Rigid,1916733,1916737,1917486,4,749,753,completed,1
30908,Rigid,1916733,1916737,1917262,4,525,529,completed,1
30909,Rigid,1916733,1916737,1917271,4,534,538,completed,1
30910,Rigid,1916733,1916737,1917599,4,862,866,completed,1
30911,Rigid,1916733,1916737,1917592,4,855,859,completed,1
30912,Rigid,1916733,1916737,1917249,4,512,516,completed,1
30913,Rigid,1916733,1916737,1917290,4,553,557,completed,1
30914,Rigid,1916733,1916737,1917554,4,817,821,completed,1
30915,Rigid,1916733,1916737,1917568,4,831,835,completed,1
30916,Rigid,1916733,1916737,1917245,4,508,512,completed,1
30917,Rigid,1916733,1916737,1917269,4,532,536,completed,1
30918,Rigid,1916733,1916737,1917549,4,812,816,completed,1
30919,Rigid,1916733,1916737,1917505,4,768,772,completed,1
30920,Rigid,1916733,1916737,1917310,4,573,577,completed,1
30921,Rigid,1916733,1916737,1917357,4,620,624,completed,1
30922,Rigid,1916733,1916738,1917535,5,797,802,completed,1
30923,Rigid,1916733,1916738,1917665,5,927,932,completed,1
30924,Rigid,1916733,1916738,1917324,5,586,591,completed,1
30925,Rigid,1916733,1916738,1917345,5,607,612,completed,1
30926,Rigid,1916733,1916738,1917489,5,751,756,completed,1
30927,Rigid,1916733,1916738,1917592,5,854,859,completed,1
30928,Rigid,1916733,1916738,1917294,5,556,561,completed,1
30929,Rigid,1916733,1916738,1917358,5,620,625,completed,1
30930,Rigid,1916733,1916738,1917588,5,850,855,completed,1
30931,Rigid,1916733,1916738,1917686,5,948,953,completed,1
30932,Rigid,1916733,1916738,1917294,5,556,561,completed,1
30933,Rigid,1916733,1916738,1917337,5,599,604,completed,1
30934,Rigid,1916733,1916738,1917638,5,900,905,completed,1
30935,Rigid,1916733,1916738,1917550,5,812,817,completed,1
30936,Rigid,1916733,1916738,1917289,5,551,556,completed,1
30937,Rigid,1916733,1916738,1917355,5,617,622,completed,1
30938,Rigid,1916733,1916738,1917628,5,890,895,completed,1
30939,Rigid,1916733,1916738,1917504,5,766,771,completed,1
30940,Rigid,1916733,1916738,1917234,5,496,501,completed,1
30941,Rigid,1916733,1916738,1917268,5,530,535,completed,1
30942,Rigid,1916733,1916738,1917490,5,752,757,completed,1
30943,Rigid,1916733,1916738,1917508,5,770,775,completed,1
30944,Rigid,1916733,1916738,1917222,5,484,489,completed,1
30945,Rigid,1916733,1916738,1917271,5,533,538,completed,1
30946,Rigid,1916733,1916738,1917481,5,743,748,completed,1
30947,Rigid,1916733,1916738,1917480,5,742,747,completed,1
30948,Rigid,1916733,1916738,1917234,5,496,501,completed,1
30949,Rigid,1916733,1916738,1917273,5,535,540,completed,1
30950,Rigid,1916733,1916738,1917561,5,823,828,completed,1
30951,Rigid,1916733,1916738,1917664,5,926,931,completed,1
30952,Rigid,1916733,1916738,1917233,5,495,500,completed,1
30953,Rigid,1916733,1916738,1917265,5,527,532,completed,1
30954,Rigid,1916733,1916738,1917499,5,761,766,completed,1
30955,Rigid,1916733,1916738,1917663,5,925,930,completed,1
30956,Rigid,1916733,1916738,1917329,5,591,596,completed,1
30957,Rigid,1916733,1916738,1917353,5,615,620,completed,1
30958,Rigid,1916733,1916738,1917646,5,908,913,completed,1
30959,Rigid,1916733,1916738,1917675,5,937,942,completed,1
30960,Rigid,1916733,1916738,1917348,5,610,615,completed,1
30961,Rigid,1916733,1916738,1917313,5,575,580,completed,1
30962,Rigid,1916733,1916738,1917564,5,826,831,completed,1
30963,Rigid,1916733,1916738,1917499,5,761,766,completed,1
30964,Rigid,1916733,1916738,1917223,5,485,490,completed,1
30965,Rigid,1916733,1916738,1917290,5,552,557,completed,1
30966,Rigid,1916733,1916738,1917479,5,741,746,completed,1
30967,Rigid,1916733,1916738,1917394,5,656,661,completed,1
30968,Rigid,1916733,1916738,1917259,5,521,526,completed,1
30969,Rigid,1916733,1916738,1917306,5,568,573,completed,1
30970,Rigid,1916733,1916738,1917494,5,756,761,completed,1
30971,Rigid,1916733,1916738,1917435,5,697,702,completed,1
30972,Rigid,1916733,1916738,1917230,5,492,497,completed,1
30973,Rigid,1916733,1916738,1917305,5,567,572,completed,1
30974,Rigid,1916733,1916738,1917479,5,741,746,completed,1
30975,Rigid,1916733,1916738,1917619,5,881,886,completed,1
30976,Rigid,1916733,1916738,1917297,5,559,564,completed,1
30977,Rigid,1916733,1916738,1917336,5,598,603,completed,1
30978,Rigid,1916733,1916738,1917599,5,861,866,completed,1
30979,Rigid,1916733,1916738,1917612,5,874,879,completed,1
30980,Rigid,1916733,1916738,1917296,5,558,563,completed,1
30981,Rigid,1916733,1916738,1917336,5,598,603,completed,1
30982,Rigid,1916733,1916738,1917642,5,904,909,completed,1
30983,Rigid,1916733,1916738,1917659,5,921,926,completed,1
30984,Rigid,1916733,1916738,1917283,5,545,550,completed,1
30985,Rigid,1916733,1916738,1917327,5,589,594,completed,1
30986,Rigid,1916733,1916738,1917540,5,802,807,completed,1
30987,Rigid,1916733,1916738,1917574,5,836,841,completed,1
30988,Rigid,1916733,1916738,1917314,5,576,581,completed,1
30989,Rigid,1916733,1916738,1917337,5,599,604,completed,1
30990,Rigid,1916733,1916738,1917596,5,858,863,completed,1
30991,Rigid,1916733,1916738,1917685,5,947,952,completed,1
30992,Rigid,1916733,1916738,1917270,5,532,537,completed,1
30993,Rigid,1916733,1916738,1917335,5,597,602,completed,1
30994,Rigid,1916733,1916738,1917598,5,860,865,completed,1
30995,Rigid,1916733,1916738,1917470,5,732,737,completed,1
30996,Rigid,1916733,1916738,1917261,5,523,528,completed,1
30997,Rigid,1916733,1916738,1917308,5,570,575,completed,1
30998,Rigid,1916733,1916738,1917545,5,807,812,completed,1
30999,Rigid,1916733,1916738,1917639,5,901,906,completed,1
31000,Rigid,1916733,1916738,1917298,5,560,565,completed,1
31001,Rigid,1916733,1916738,1917323,5,585,590,completed,1
31002,Rigid,1916733,1916738,1917689,5,951,956,completed,1
31003,Rigid,1916733,1916738,1917730,5,992,997,completed,1
31004,Rigid,1916733,1916738,1917280,5,542,547,completed,1
31005,Rigid,1916733,1916738,1917307,5,569,574,completed,1
31006,Rigid,1916733,1916738,1917576,5,838,843,completed,1
31007,Rigid,1916733,1916738,1917711,5,973,978,completed,1
31008,Rigid,1916733,1916738,1917304,5,566,571,completed,1
31009,Rigid,1916733,1916738,1917333,5,595,600,completed,1
31010,Rigid,1916733,1916738,1917402,5,664,669,completed,1
31011,Rigid,1916733,1916738,1917544,5,806,811,completed,1
31012,Rigid,1916733,1916738,1917238,5,500,505,completed,1
31013,Rigid,1916733,1916738,1917288,5,550,555,completed,1
31014,Rigid,1916733,1916738,1917489,5,751,756,completed,1
31015,Rigid,1916733,1916738,1917595,5,857,862,completed,1
31016,Rigid,1916733,1916738,1917248,5,510,515,completed,1
31017,Rigid,1916733,1916738,1917251,5,513,518,completed,1
31018,Rigid,1916733,1916738,1917566,5,828,833,completed,1
31019,Rigid,1916733,1916738,1917587,5,849,854,completed,1
31020,Rigid,1916733,1916738,1917241,5,503,508,completed,1
31021,Rigid,1916733,1916738,1917290,5,552,557,completed,1
31022,Rigid,1916733,1916738,1917550,5,812,817,completed,1
31023,Rigid,1916733,1916738,1917427,5,689,694,completed,1
31024,Rigid,1916733,1916738,1917230,5,492,497,completed,1
31025,Rigid,1916733,1916738,1917298,5,560,565,completed,1
31026,Rigid,1916733,1916738,1917521,5,783,788,completed,1
31027,Rigid,1916733,1916738,1917514,5,776,781,completed,1
31028,Rigid,1916733,1916738,1917269,5,531,536,completed,1
31029,Rigid,1916733,1916738,1917300,5,562,567,completed,1
31030,Rigid,1916733,1916738,1917337,5,599,604,completed,1
31031,Rigid,1916733,1916738,1917359,5,621,626,completed,1
31032,Rigid,1916733,1916738,1917292,5,554,559,completed,1
31033,Rigid,1916733,1916738,1917347,5,609,614,completed,1
31034,Rigid,1916733,1916738,1917308,5,570,575,completed,1
31035,Rigid,1916733,1916738,1917363,5,625,630,completed,1
31036,Rigid,1916733,1916738,1917344,5,606,611,completed,1
31037,Rigid,1916733,1916738,1917400,5,662,667,completed,1
31038,Rigid,1916733,1916738,1917335,5,597,602,completed,1
31039,Rigid,1916733,1916738,1917414,5,676,681,completed,1
31040,Rigid,1916733,1916738,1917320,5,582,587,completed,1
31041,Rigid,1916733,1916738,1917387,5,649,654,completed,1
31042,Rigid,1916733,1916738,1917359,5,621,626,completed,1
31043,Rigid,1916733,1916738,1917405,5,667,672,completed,1
31044,Rigid,1916733,1916738,1917329,5,591,596,completed,1
31045,Rigid,1916733,1916738,1917409,5,671,676,completed,1
31046,Rigid,1916733,1916738,1917255,5,517,522,completed,1
31047,Rigid,1916733,1916738,1917326,5,588,593,completed,1
31048,Rigid,1916733,1916738,1917245,5,507,512,completed,1
31049,Rigid,1916733,1916738,1917291,5,553,558,completed,1
31050,Rigid,1916733,1916738,1917283,5,545,550,completed,1
31051,Rigid,1916733,1916738,1917300,5,562,567,completed,1
31052,Rigid,1916733,1916738,1917239,5,501,506,completed,1
31053,Rigid,1916733,1916738,1917284,5,546,551,completed,1
31054,Rigid,1916733,1916738,1917237,5,499,504,completed,1
31055,Rigid,1916733,1916738,1917283,5,545,550,completed,1
31056,Rigid,1916733,1916738,1917199,5,461,466,completed,1
31057,Rigid,1916733,1916738,1917261,5,523,528,completed,1
31058,Rigid,1916733,1916738,1917252,5,514,519,completed,1
31059,Rigid,1916733,1916738,1917290,5,552,557,completed,1
31060,Rigid,1916733,1917006,1917550,273,544,817,completed,1
31061,Rigid,1916733,1917102,1917590,369,488,857,completed,1
31062,Rigid,1916733,1917201,1917649,468,448,916,completed,1
31063,Rigid,1916733,1917224,1917725,491,501,992,completed,1
31064,Rigid,1916733,1917224,1917666,491,442,933,completed,1
31065,Rigid,1916733,1917226,1917721,493,495,988,completed,1
31066,Rigid,1916733,1917231,1917681,498,450,948,completed,1
31067,Rigid,1916733,1917231,1917717,498,486,984,completed,1
31068,Rigid,1916733,1917231,1917662,498,431,929,completed,1
31069,Rigid,1916733,1917236,1917747,503,511,1014,completed,1
31070,Rigid,1916733,1917236,1917726,503,490,993,completed,1
31071,Rigid,1916733,1917236,1917771,503,535,1038,completed,1
31072,Rigid,1916733,1917238,1917719,505,481,986,completed,1
31073,Rigid,1916733,1917239,1917775,506,536,1042,completed,1
31074,Rigid,1916733,1917240,1917729,507,489,996,completed,1
31075,Rigid,1916733,1917241,1917767,508,526,1034,completed,1
31076,Rigid,1916733,1917241,1917706,508,465,973,completed,1
31077,Rigid,1916733,1917242,1917767,509,525,1034,completed,1
31078,Rigid,1916733,1917246,1917730,513,484,997,completed,1
31079,Rigid,1916733,1917246,1917794,513,548,1061,completed,1
31080,Rigid,1916733,1917246,1917720,513,474,987,completed,1
31081,Rigid,1916733,1917248,1917772,515,524,1039,completed,1
31082,Rigid,1916733,1917248,1917741,515,493,1008,completed,1
31083,Rigid,1916733,1917248,1917781,515,533,1048,completed,1
31084,Rigid,1916733,1917248,1917712,515,464,979,completed,1
31085,Rigid,1916733,1917249,1917785,516,536,1052,completed,1
31086,Rigid,1916733,1917249,1917754,516,505,1021,completed,1
31087,Rigid,1916733,1917250,1917791,517,541,1058,completed,1
31088,Rigid,1916733,1917252,1917732,519,480,999,completed,1
31089,Rigid,1916733,1917253,1917793,520,540,1060,completed,1
31090,Rigid,1916733,1917254,1917742,521,488,1009,completed,1
31091,Rigid,1916733,1917256,1917801,523,545,1068,completed,1
31092,Rigid,1916733,1917257,1917717,524,460,984,completed,1
31093,Rigid,1916733,1917258,1917800,525,542,1067,completed,1
31094,Rigid,1916733,1917260,1917753,527,493,1020,completed,1
31095,Rigid,1916733,1917261,1917767,528,506,1034,completed,1
31096,Rigid,1916733,1917262,1917697,529,435,964,completed,1
31097,Rigid,1916733,1917262,1917790,529,528,1057,completed,1
31098,Rigid,1916733,1917263,1917739,530,476,1006,completed,1
31099,Rigid,1916733,1917265,1917749,532,484,1016,completed,1
31100,Rigid,1916733,1917267,1917711,534,444,978,completed,1
31101,Rigid,1916733,1917269,1917759,536,490,1026,completed,1
31102,Rigid,1916733,1917270,1917732,537,462,999,completed,1
31103,Rigid,1916733,1917270,1917794,537,524,1061,completed,1
31104,Rigid,1916733,1917270,1917715,537,445,982,completed,1
31105,Rigid,1916733,1917271,1917804,538,533,1071,completed,1
31106,Rigid,1916733,1917271,1917760,538,489,1027,completed,1
31107,Rigid,1916733,1917272,1917777,539,505,1044,completed,1
31108,Rigid,1916733,1917273,1917716,540,443,983,completed,1
31109,Rigid,1916733,1917273,1917803,540,530,1070,completed,1
31110,Rigid,1916733,1917274,1917760,541,486,1027,completed,1
31111,Rigid,1916733,1917275,1917852,542,577,1119,completed,1
31112,Rigid,1916733,1917275,1917767,542,492,1034,completed,1
31113,Rigid,1916733,1917279,1917810,546,531,1077,completed,1
31114,Rigid,1916733,1917281,1917795,548,514,1062,completed,1
31115,Rigid,1916733,1917282,1917870,549,588,1137,completed,1
31116,Rigid,1916733,1917285,1917820,552,535,1087,completed,1
31117,Rigid,1916733,1917285,1917804,552,519,1071,completed,1
31118,Rigid,1916733,1917285,1917792,552,507,1059,completed,1
31119,Rigid,1916733,1917285,1917838,552,553,1105,completed,1
31120,Rigid,1916733,1917289,1917774,556,485,1041,completed,1
31121,Rigid,1916733,1917290,1917813,557,523,1080,completed,1
31122,Rigid,1916733,1917290,1917855,557,565,1122,completed,1
31123,Rigid,1916733,1917291,1917819,558,528,1086,completed,1
31124,Rigid,1916733,1917291,1917761,558,470,1028,completed,1
31125,Rigid,1916733,1917291,1917821,558,530,1088,completed,1
31126,Rigid,1916733,1917292,1917771,559,479,1038,completed,1
31127,Rigid,1916733,1917292,1917823,559,531,1090,completed,1
31128,Rigid,1916733,1917292,1917774,559,482,1041,completed,1
31129,Rigid,1916733,1917293,1917861,560,568,1128,completed,1
31130,Rigid,1916733,1917295,1917868,562,573,1135,completed,1
31131,Rigid,1916733,1917295,1917900,562,605,1167,completed,1
31132,Rigid,1916733,1917295,1917776,562,481,1043,completed,1
31133,Rigid,1916733,1917295,1917837,562,542,1104,completed,1
31134,Rigid,1916733,1917298,1917767,565,469,1034,completed,1
31135,Rigid,1916733,1917298,1917855,565,557,1122,completed,1
31136,Rigid,1916733,1917298,1917799,565,501,1066,completed,1
31137,Rigid,1916733,1917299,1917788,566,489,1055,completed,1
31138,Rigid,1916733,1917299,1917824,566,525,1091,completed,1
31139,Rigid,1916733,1917301,1917797,568,496,1064,completed,1
31140,Rigid,1916733,1917302,1917780,569,478,1047,completed,1
31141,Rigid,1916733,1917305,1917834,572,529,1101,completed,1
31142,Rigid,1916733,1917305,1917855,572,550,1122,completed,1
31143,Rigid,1916733,1917305,1917886,572,581,1153,completed,1
31144,Rigid,1916733,1917306,1917797,573,491,1064,completed,1
31145,Rigid,1916733,1917307,1917821,574,514,1088,completed,1
31146,Rigid,1916733,1917307,1917797,574,490,1064,completed,1
31147,Rigid,1916733,1917309,1917861,576,552,1128,completed,1
31148,Rigid,1916733,1917309,1917778,576,469,1045,completed,1
31149,Rigid,1916733,1917309,1917836,576,527,1103,completed,1
31150,Rigid,1916733,1917309,1917856,576,547,1123,completed,1
31151,Rigid,1916733,1917312,1917956,579,644,1223,completed,1
31152,Rigid,1916733,1917312,1917826,579,514,1093,completed,1
31153,Rigid,1916733,1917314,1917852,581,538,1119,completed,1
31154,Rigid,1916733,1917314,1917819,581,505,1086,completed,1
31155,Rigid,1916733,1917315,1917946,582,631,1213,completed,1
31156,Rigid,1916733,1917321,1917859,588,538,1126,completed,1
31157,Rigid,1916733,1917324,1917904,591,580,1171,completed,1
31158,Rigid,1916733,1917326,1917861,593,535,1128,completed,1
31159,Rigid,1916733,1917326,1917936,593,610,1203,completed,1
31160,Rigid,1916733,1917327,1917799,594,472,1066,completed,1
31161,Rigid,1916733,1917329,1917921,596,592,1188,completed,1
31162,Rigid,1916733,1917330,1917924,597,594,1191,completed,1
31163,Rigid,1916733,1917330,1917941,597,611,1208,completed,1
31164,Rigid,1916733,1917334,1917898,601,564,1165,completed,1
31165,Rigid,1916733,1917335,1917916,602,581,1183,completed,1
31166,Rigid,1916733,1917335,1917906,602,571,1173,completed,1
31167,Rigid,1916733,1917336,1917939,603,603,1206,completed,1
31168,Rigid,1916733,1917336,1917843,603,507,1110,completed,1
31169,Rigid,1916733,1917337,1917939,604,602,1206,completed,1
31170,Rigid,1916733,1917337,1917879,604,542,1146,completed,1
31171,Rigid,1916733,1917338,1917932,605,594,1199,completed,1
31172,Rigid,1916733,1917338,1917850,605,512,1117,completed,1
31173,Rigid,1916733,1917339,1917935,606,596,1202,completed,1
31174,Rigid,1916733,1917344,1917796,611,452,1063,completed,1
31175,Rigid,1916733,1917345,1917971,612,626,1238,completed,1
31176,Rigid,1916733,1917346,1917850,613,504,1117,completed,1
31177,Rigid,1916733,1917346,1917921,613,575,1188,completed,1
31178,Rigid,1916733,1917346,1917902,613,556,1169,completed,1
31179,Rigid,1916733,1917348,1917881,615,533,1148,completed,1
31180,Rigid,1916733,1917349,1917896,616,547,1163,completed,1
31181,Rigid,1916733,1917354,1917932,621,578,1199,completed,1
31182,Rigid,1916733,1917355,1917880,622,525,1147,completed,1
31183,Rigid,1916733,1917356,1917934,623,578,1201,completed,1
31184,Rigid,1916733,1917360,1917866,627,506,1133,completed,1
31185,Rigid,1916733,1917360,1917931,627,571,1198,completed,1
31186,Rigid,1916733,1917361,1917897,628,536,1164,completed,1
31187,Rigid,1916733,1917361,1917892,628,531,1159,completed,1
31188,Rigid,1916733,1917364,1917831,631,467,1098,completed,1
31189,Rigid,1916733,1917379,1917951,646,572,1218,completed,1
31190,Rigid,1916733,1917388,1917968,655,580,1235,completed,1
31191,Rigid,1916733,1917390,1917922,657,532,1189,completed,1
31192,Rigid,1916733,1917396,1917864,663,468,1131,completed,1
31193,Rigid,1916733,1917401,1918004,668,603,1271,completed,1
31194,Rigid,1916733,1917403,1917922,670,519,1189,completed,1
31195,Rigid,1916733,1917406,1918028,673,622,1295,completed,1
31196,Rigid,1916733,1917406,1917895,673,489,1162,completed,1
31197,Rigid,1916733,1917410,1917931,677,521,1198,completed,1
31198,Rigid,1916733,1917411,1918001,678,590,1268,completed,1
31199,Rigid,1916733,1917414,1917937,681,523,1204,completed,1
31200,Rigid,1916733,1917415,1917956,682,541,1223,completed,1
31201,Rigid,1916733,1917421,1917978,688,557,1245,completed,1
31202,Rigid,1916733,1917429,1917937,696,508,1204,completed,1
31203,Rigid,1916733,1917434,1918038,701,604,1305,completed,1
31204,Rigid,1916733,1917437,1917906,704,469,1173,completed,1
31205,Rigid,1916733,1917448,1917986,715,538,1253,completed,1
31206,Rigid,1916733,1917449,1917978,716,529,1245,completed,1
31207,Rigid,1916733,1917455,1917990,722,535,1257,completed,1
31208,Rigid,1916733,1917457,1917920,724,463,1187,completed,1
31209,Rigid,1916733,1917460,1918016,727,556,1283,completed,1
31210,Rigid,1916733,1917462,1917975,729,513,1242,completed,1
31211,Rigid,1916733,1917467,1918036,734,569,1303,completed,1
31212,Rigid,1916733,1917471,1917969,738,498,1236,completed,1
31213,Rigid,1916733,1917472,1917990,739,518,1257,completed,1
31214,Rigid,1916733,1917477,1917935,744,458,1202,completed,1
31215,Rigid,1916733,1917478,1918038,745,560,1305,completed,1
31216,Rigid,1916733,1917480,1917915,747,435,1182,completed,1
31217,Rigid,1916733,1917481,1918018,748,537,1285,completed,1
31218,Rigid,1916733,1917482,1917928,749,446,1195,completed,1
31219,Rigid,1916733,1917482,1917969,749,487,1236,completed,1
31220,Rigid,1916733,1917487,1917927,754,440,1194,completed,1
31221,Rigid,1916733,1917490,1918049,757,559,1316,completed,1
31222,Rigid,1916733,1917491,1917948,758,457,1215,completed,1
31223,Rigid,1916733,1917492,1917985,759,493,1252,completed,1
31224,Rigid,1916733,1917495,1917938,762,443,1205,completed,1
31225,Rigid,1916733,1917500,1917990,767,490,1257,completed,1
31226,Rigid,1916733,1917500,1917960,767,460,1227,completed,1
31227,Rigid,1916733,1917501,1918003,768,502,1270,completed,1
31228,Rigid,1916733,1917504,1918030,771,526,1297,completed,1
31229,Rigid,1916733,1917504,1917990,771,486,1257,completed,1
31230,Rigid,1916733,1917504,1919492,771,1988,2759,completed,1
31231,Rigid,1916733,1917505,1919455,772,1950,2722,completed,1
31232,Rigid,1916733,1917506,1918566,773,1060,1833,completed,1
31233,Rigid,1916733,1917510,1918542,777,1032,1809,completed,1
31234,Rigid,1916733,1917512,1919755,779,2243,3022,completed,1
31235,Rigid,1916733,1917512,1919544,779,2032,2811,completed,1
31236,Rigid,1916733,1917512,1918539,779,1027,1806,completed,1
31237,Rigid,1916733,1917516,1918548,783,1032,1815,completed,1
31238,Rigid,1916733,1917516,1919417,783,1901,2684,completed,1
31239,Rigid,1916733,1917519,1919533,786,2014,2800,completed,1
31240,Rigid,1916733,1917523,1918544,790,1021,1811,completed,1
31241,Rigid,1916733,1917527,1918513,794,986,1780,completed,1
31242,Rigid,1916733,1917533,1919706,800,2173,2973,completed,1
31243,Rigid,1916733,1917534,1919230,801,1696,2497,completed,1
31244,Rigid,1916733,1917536,1918625,803,1089,1892,completed,1
31245,Rigid,1916733,1917540,1918475,807,935,1742,completed,1
31246,Rigid,1916733,1917542,1919702,809,2160,2969,completed,1
31247,Rigid,1916733,1917543,1919257,810,1714,2524,completed,1
31248,Rigid,1916733,1917545,1918552,812,1007,1819,completed,1
31249,Rigid,1916733,1917546,1918562,813,1016,1829,completed,1
31250,Rigid,1916733,1917548,1919575,815,2027,2842,completed,1
31251,Rigid,1916733,1917551,1919535,818,1984,2802,completed,1
31252,Rigid,1916733,1917551,1918566,818,1015,1833,completed,1
31253,Rigid,1916733,1917552,1918582,819,1030,1849,completed,1
31254,Rigid,1916733,1917552,1919701,819,2149,2968,completed,1
31255,Rigid,1916733,1917552,1919728,819,2176,2995,completed,1
31256,Rigid,1916733,1917555,1918544,822,989,1811,completed,1
31257,Rigid,1916733,1917556,1918647,823,1091,1914,completed,1
31258,Rigid,1916733,1917558,1919871,825,2313,3138,completed,1
31259,Rigid,1916733,1917563,1919550,830,1987,2817,completed,1
31260,Rigid,1916733,1917566,1918588,833,1022,1855,completed,1
31261,Rigid,1916733,1917567,1918575,834,1008,1842,completed,1
31262,Rigid,1916733,1917569,1919456,836,1887,2723,completed,1
31263,Rigid,1916733,1917574,1919586,841,2012,2853,completed,1
31264,Rigid,1916733,1917576,1918587,843,1011,1854,completed,1
31265,Rigid,1916733,1917578,1918707,845,1129,1974,completed,1
31266,Rigid,1916733,1917580,1919864,847,2284,3131,completed,1
31267,Rigid,1916733,1917582,1919343,849,1761,2610,completed,1
31268,Rigid,1916733,1917589,1918566,856,977,1833,completed,1
31269,Rigid,1916733,1917590,1918656,857,1066,1923,completed,1
31270,Rigid,1916733,1917591,1919456,858,1865,2723,completed,1
31271,Rigid,1916733,1917593,1919662,860,2069,2929,completed,1
31272,Rigid,1916733,1917593,1918636,860,1043,1903,completed,1
31273,Rigid,1916733,1917593,1918658,860,1065,1925,completed,1
31274,Rigid,1916733,1917593,1919510,860,1917,2777,completed,1
31275,Rigid,1916733,1917593,1919583,860,1990,2850,completed,1
31276,Rigid,1916733,1917596,1918603,863,1007,1870,completed,1
31277,Rigid,1916733,1917597,1918654,864,1057,1921,completed,1
31278,Rigid,1916733,1917599,1919720,866,2121,2987,completed,1
31279,Rigid,1916733,1917600,1919592,867,1992,2859,completed,1
31280,Rigid,1916733,1917600,1918568,867,968,1835,completed,1
31281,Rigid,1916733,1917613,1918685,880,1072,1952,completed,1
31282,Rigid,1916733,1917617,1919863,884,2246,3130,completed,1
31283,Rigid,1916733,1917620,1919632,887,2012,2899,completed,1
31284,Rigid,1916733,1917629,1918722,896,1093,1989,completed,1
31285,Rigid,1916733,1917634,1918705,901,1071,1972,completed,1
31286,Rigid,1916733,1917639,1919646,906,2007,2913,completed,1
31287,Rigid,1916733,1917640,1919784,907,2144,3051,completed,1
31288,Rigid,1916733,1917644,1918722,911,1078,1989,completed,1
31289,Rigid,1916733,1917647,1918856,914,1209,2123,completed,1
31290,Rigid,1916733,1917650,1919451,917,1801,2718,completed,1
31291,Rigid,1916733,1917660,1919548,927,1888,2815,completed,1
31292,Rigid,1916733,1917663,1918730,930,1067,1997,completed,1
31293,Rigid,1916733,1917664,1918674,931,1010,1941,completed,1
31294,Rigid,1916733,1917664,1919756,931,2092,3023,completed,1
31295,Rigid,1916733,1917666,1919547,933,1881,2814,completed,1
31296,Rigid,1916733,1917667,1918747,934,1080,2014,completed,1
31297,Rigid,1916733,1917667,1918648,934,981,1915,completed,1
31298,Rigid,1916733,1917668,1919580,935,1912,2847,completed,1
31299,Rigid,1916733,1917676,1919730,943,2054,2997,completed,1
31300,Rigid,1916733,1917682,1918628,949,946,1895,completed,1
31301,Rigid,1916733,1917687,1918765,954,1078,2032,completed,1
31302,Rigid,1916733,1917687,1919938,954,2251,3205,completed,1
31303,Rigid,1916733,1917691,1919579,958,1888,2846,completed,1
31304,Rigid,1916733,1917696,1918691,963,995,1958,completed,1
31305,Rigid,1916733,1917698,1918666,965,968,1933,completed,1
31306,Rigid,1916733,1917707,1919619,974,1912,2886,completed,1
31307,Rigid,1916733,1917712,1919541,979,1829,2808,completed,1
31308,Rigid,1916733,1917713,1918747,980,1034,2014,completed,1
31309,Rigid,1916733,1917714,1918672,981,958,1939,completed,1
31310,Rigid,1916733,1917716,1920066,983,2350,3333,completed,1
31311,Rigid,1916733,1917716,1919541,983,1825,2808,completed,1
31312,Rigid,1916733,1917717,1918715,984,998,1982,completed,1
31313,Rigid,1916733,1917718,1918662,985,944,1929,completed,1
31314,Rigid,1916733,1917719,1919700,986,1981,2967,completed,1
31315,Rigid,1916733,1917721,1919587,988,1866,2854,completed,1
31316,Rigid,1916733,1917721,1918724,988,1003,1991,completed,1
31317,Rigid,1916733,1917722,1918724,989,1002,1991,completed,1
31318,Rigid,1916733,1917726,1919801,993,2075,3068,completed,1
31319,Rigid,1916733,1917727,1919549,994,1822,2816,completed,1
31320,Rigid,1916733,1917730,1918696,997,966,1963,completed,1
31321,Rigid,1916733,1917731,1918763,998,1032,2030,completed,1
31322,Rigid,1916733,1917732,1919809,999,2077,3076,completed,1
31323,Rigid,1916733,1917733,1919564,1000,1831,2831,completed,1
31324,Rigid,1916733,1917734,1918714,1001,980,1981,completed,1
31325,Rigid,1916733,1917740,1918731,1007,991,1998,completed,1
31326,Rigid,1916733,1917744,1919638,1011,1894,2905,completed,1
31327,Rigid,1916733,1917744,1919667,1011,1923,2934,completed,1
31328,Rigid,1916733,1917748,1918662,1015,914,1929,completed,1
31329,Rigid,1916733,1917750,1918742,1017,992,2009,completed,1
31330,Rigid,1924664,1924665,1960441,1,35776,35777,completed,36
31331,Rigid,1924918,1924919,1945944,1,21025,21026,completed,36
31332,Rigid,1925101,1925102,2022363,1,97261,97262,completed,36
31333,Rigid,1926105,1926107,1938485,2,12378,12380,completed,144
31334,Rigid,1926517,1926518,1939142,1,12624,12625,completed,144
31335,Rigid,1932798,1932798,1943935,0,11137,11137,completed,144
31336,Rigid,1933171,1933172,1943813,1,10641,10642,completed,144
31337,Rigid,1934587,1934588,1946540,1,11952,11953,completed,144
31338,Rigid,1934596,1934597,1946347,1,11750,11751,completed,144
31339,Rigid,1935180,1935181,1946973,1,11792,11793,completed,144
31340,Rigid,1936414,1936416,1947555,2,11139,11141,completed,144
31341,Rigid,1938485,1938486,1949155,1,10669,10670,completed,144
31342,Rigid,1939142,1939144,1951760,2,12616,12618,completed,144
31343,Rigid,1943813,1943813,1956094,0,12281,12281,completed,144
31344,Rigid,1943935,1943935,1954666,0,10731,10731,completed,144
31345,Rigid,1944221,1946552,2186112,2331,239560,241891,completed,360
31346,Rigid,1944390,1950026,2192943,5636,242917,248553,completed,360
31347,Rigid,1945427,1945428,1945437,1,9,10,completed,8
31348,Rigid,1945937,1945938,1946245,1,307,308,completed,8
31349,Rigid,1945938,1945938,1946238,0,300,300,completed,8
31350,Rigid,1945938,1945938,1946238,0,300,300,completed,8
31351,Rigid,1945938,1945938,1946238,0,300,300,completed,8
31352,Rigid,1945938,1945938,1946239,0,301,301,completed,8
31353,Rigid,1945938,1945938,1946240,0,302,302,completed,8
31354,Rigid,1945938,1945942,1946240,4,298,302,completed,8
31355,Rigid,1945938,1945942,1946240,4,298,302,completed,8
31356,Rigid,1945938,1945942,1946240,4,298,302,completed,8
31357,Rigid,1945938,1945942,1946241,4,299,303,completed,8
31358,Rigid,1945938,1945942,1946240,4,298,302,completed,8
31359,Rigid,1945939,1945942,1946241,3,299,302,completed,8
31360,Rigid,1945939,1945942,1946241,3,299,302,completed,8
31361,Rigid,1945939,1945942,1946242,3,300,303,completed,8
31362,Rigid,1945939,1945942,1946241,3,299,302,completed,8
31363,Rigid,1945939,1945942,1946238,3,296,299,completed,8
31364,Rigid,1945939,1945942,1946238,3,296,299,completed,8
31365,Rigid,1945939,1945942,1946240,3,298,301,completed,8
31366,Rigid,1945939,1945942,1946239,3,297,300,completed,8
31367,Rigid,1945939,1945942,1946240,3,298,301,completed,8
31368,Rigid,1945939,1945942,1946241,3,299,302,completed,8
31369,Rigid,1945939,1945942,1946241,3,299,302,completed,8
31370,Rigid,1945939,1945942,1946241,3,299,302,completed,8
31371,Rigid,1945940,1945942,1946241,2,299,301,completed,8
31372,Rigid,1945940,1945942,1946241,2,299,301,completed,8
31373,Rigid,1945940,1945942,1946242,2,300,302,completed,8
31374,Rigid,1945940,1945942,1946241,2,299,301,completed,8
31375,Rigid,1945940,1945942,1946239,2,297,299,completed,8
31376,Rigid,1945940,1945942,1946240,2,298,300,completed,8
31377,Rigid,1945940,1945942,1946240,2,298,300,completed,8
31378,Rigid,1945940,1945942,1946240,2,298,300,completed,8
31379,Rigid,1945940,1945942,1946240,2,298,300,completed,8
31380,Rigid,1945940,1945942,1946240,2,298,300,completed,8
31381,Rigid,1945941,1945942,1946241,1,299,300,completed,8
31382,Rigid,1945941,1945942,1946240,1,298,299,completed,8
31383,Rigid,1945941,1945942,1946241,1,299,300,completed,8
31384,Rigid,1945941,1945942,1946242,1,300,301,completed,8
31385,Rigid,1945941,1945942,1946242,1,300,301,completed,8
31386,Rigid,1945941,1945942,1946242,1,300,301,completed,8
31387,Rigid,1945941,1945945,1946241,4,296,300,completed,8
31388,Rigid,1945941,1945945,1946241,4,296,300,completed,8
31389,Rigid,1945941,1945945,1946241,4,296,300,completed,8
31390,Rigid,1945941,1945945,1946241,4,296,300,completed,8
31391,Rigid,1945941,1946240,1946538,299,298,597,completed,8
31392,Rigid,1945941,1946240,1946539,299,299,598,completed,8
31393,Rigid,1945941,1946241,1946541,300,300,600,completed,8
31394,Rigid,1945941,1946241,1946543,300,302,602,completed,8
31395,Rigid,1945942,1946241,1946543,299,302,601,completed,8
31396,Rigid,1945942,1946241,1946393,299,152,451,completed,8
31397,Rigid,1945942,1946241,1946542,299,301,600,completed,8
31398,Rigid,1945942,1946241,1946542,299,301,600,completed,8
31399,Rigid,1945942,1946241,1946543,299,302,601,completed,8
31400,Rigid,1945942,1946241,1946541,299,300,599,completed,8
31401,Rigid,1945942,1946241,1946544,299,303,602,completed,8
31402,Rigid,1945942,1946241,1946541,299,300,599,completed,8
31403,Rigid,1945942,1946241,1946542,299,301,600,completed,8
31404,Rigid,1945942,1946241,1946542,299,301,600,completed,8
31405,Rigid,1945943,1946242,1946546,299,304,603,completed,8
31406,Rigid,1945943,1946242,1946544,299,302,601,completed,8
31407,Rigid,1945943,1946242,1946550,299,308,607,completed,8
31408,Rigid,1945943,1946242,1946546,299,304,603,completed,8
31409,Rigid,1945943,1946242,1946546,299,304,603,completed,8
31410,Rigid,1945943,1946242,1946545,299,303,602,completed,8
31411,Rigid,1945943,1946242,1946547,299,305,604,completed,8
31412,Rigid,1945943,1946242,1946545,299,303,602,completed,8
31413,Rigid,1945943,1946242,1946549,299,307,606,completed,8
31414,Rigid,1945943,1946242,1946549,299,307,606,completed,8
31415,Rigid,1945943,1946242,1946550,299,308,607,completed,8
31416,Rigid,1945943,1946242,1946549,299,307,606,completed,8
31417,Rigid,1945943,1946243,1946546,300,303,603,completed,8
31418,Rigid,1945944,1946243,1946547,299,304,603,completed,8
31419,Rigid,1945944,1946243,1946549,299,306,605,completed,8
31420,Rigid,1945944,1946243,1946548,299,305,604,completed,8
31421,Rigid,1945944,1946243,1946550,299,307,606,completed,8
31422,Rigid,1945944,1946243,1946550,299,307,606,completed,8
31423,Rigid,1945944,1946243,1946550,299,307,606,completed,8
31424,Rigid,1945944,1946243,1946550,299,307,606,completed,8
31425,Rigid,1945944,1946243,1946550,299,307,606,completed,8
31426,Rigid,1945944,1946243,1946550,299,307,606,completed,8
31427,Rigid,1945944,1946243,1946550,299,307,606,completed,8
31428,Rigid,1945944,1946243,1946550,299,307,606,completed,8
31429,Rigid,1945945,1946243,1946550,298,307,605,completed,8
31430,Rigid,1945945,1946243,1946550,298,307,605,completed,8
31431,Rigid,1945945,1946243,1946551,298,308,606,completed,8
31432,Rigid,1945945,1946243,1946551,298,308,606,completed,8
31433,Rigid,1945945,1946246,1946556,301,310,611,completed,8
31434,Rigid,1945945,1946268,1946571,323,303,626,completed,8
31435,Rigid,1945945,1946268,1946571,323,303,626,completed,8
31436,Rigid,1945945,1946268,1946572,323,304,627,completed,8
31437,Rigid,1945946,1946268,1946427,322,159,481,completed,8
31438,Rigid,1946347,1946349,1957520,2,11171,11173,completed,144
31439,Rigid,1946540,1946541,1957246,1,10705,10706,completed,144
31440,Rigid,1947353,1947353,1947384,0,31,31,completed,10
31441,Rigid,1947416,1947416,1947511,0,95,95,completed,4
31442,Rigid,1947555,1947556,1958755,1,11199,11200,completed,144
31443,Rigid,1948341,1948341,1948433,0,92,92,completed,4
31444,Rigid,1948688,1948689,1950765,1,2076,2077,completed,4
31445,Rigid,1949155,1949155,1961935,0,12780,12780,completed,144
31446,Rigid,1950316,1950316,1951521,0,1205,1205,completed,1
31447,Rigid,1950688,1950689,1952327,1,1638,1639,completed,4
31448,Rigid,1951554,1951555,2022669,1,71114,71115,completed,1
31449,Rigid,1951582,1951583,2021862,1,70279,70280,completed,1
31450,Rigid,1951647,1951647,2018925,0,67278,67278,completed,1
31451,Rigid,1951665,1951666,2017356,1,65690,65691,completed,1
31452,Rigid,1951679,1951680,2017577,1,65897,65898,completed,1
31453,Rigid,1951694,1951694,2018340,0,66646,66646,completed,1
31454,Rigid,1951707,1951707,2017356,0,65649,65649,completed,1
31455,Rigid,1951721,1951721,2018181,0,66460,66460,completed,1
31456,Rigid,1951733,1951733,2019334,0,67601,67601,completed,1
31457,Rigid,1951747,1951747,2020485,0,68738,68738,completed,1
31458,Rigid,1952369,1952370,1952523,1,153,154,completed,36
31459,Rigid,1952391,1952391,1953359,0,968,968,completed,8
31460,Rigid,1952391,1952391,1953364,0,973,973,completed,8
31461,Rigid,1952391,1952391,1953391,0,1000,1000,completed,8
31462,Rigid,1952391,1952391,1953392,0,1001,1001,completed,8
31463,Rigid,1952391,1952391,1953394,0,1003,1003,completed,8
31464,Rigid,1952391,1952391,1953392,0,1001,1001,completed,8
31465,Rigid,1952391,1952395,1953393,4,998,1002,completed,8
31466,Rigid,1952391,1952395,1953393,4,998,1002,completed,8
31467,Rigid,1952392,1952395,1953395,3,1000,1003,completed,8
31468,Rigid,1952392,1952395,1953393,3,998,1001,completed,8
31469,Rigid,1952392,1952395,1953392,3,997,1000,completed,8
31470,Rigid,1952392,1952395,1953392,3,997,1000,completed,8
31471,Rigid,1952392,1952395,1953394,3,999,1002,completed,8
31472,Rigid,1952392,1952395,1953393,3,998,1001,completed,8
31473,Rigid,1952392,1952395,1953382,3,987,990,completed,8
31474,Rigid,1952392,1952395,1953386,3,991,994,completed,8
31475,Rigid,1952392,1952395,1955173,3,2778,2781,completed,8
31476,Rigid,1952392,1952395,1955166,3,2771,2774,completed,8
31477,Rigid,1952392,1952395,1955165,3,2770,2773,completed,8
31478,Rigid,1952392,1952395,1955157,3,2762,2765,completed,8
31479,Rigid,1952392,1952395,1955172,3,2777,2780,completed,8
31480,Rigid,1952392,1952395,1955167,3,2772,2775,completed,8
31481,Rigid,1952393,1952395,1955126,2,2731,2733,completed,8
31482,Rigid,1952393,1952395,1955135,2,2740,2742,completed,8
31483,Rigid,1952393,1952395,1955316,2,2921,2923,completed,8
31484,Rigid,1952393,1952395,1955221,2,2826,2828,completed,8
31485,Rigid,1952393,1952395,1955175,2,2780,2782,completed,8
31486,Rigid,1952393,1952395,1955169,2,2774,2776,completed,8
31487,Rigid,1952393,1952395,1955188,2,2793,2795,completed,8
31488,Rigid,1952393,1952395,1955175,2,2780,2782,completed,8
31489,Rigid,1952393,1952395,1955167,2,2772,2774,completed,8
31490,Rigid,1952393,1952395,1955167,2,2772,2774,completed,8
31491,Rigid,1952393,1952395,1955316,2,2921,2923,completed,8
31492,Rigid,1952393,1952395,1955128,2,2733,2735,completed,8
31493,Rigid,1952393,1952395,1955234,2,2839,2841,completed,8
31494,Rigid,1952393,1952395,1955212,2,2817,2819,completed,8
31495,Rigid,1952393,1952395,1955326,2,2931,2933,completed,8
31496,Rigid,1952393,1952395,1955322,2,2927,2929,completed,8
31497,Rigid,1952393,1952395,1955276,2,2881,2883,completed,8
31498,Rigid,1952394,1952395,1955323,1,2928,2929,completed,8
31499,Rigid,1952394,1952395,1955289,1,2894,2895,completed,8
31500,Rigid,1952394,1952395,1955279,1,2884,2885,completed,8
31501,Rigid,1952394,1952395,1955235,1,2840,2841,completed,8
31502,Rigid,1952394,1952395,1955219,1,2824,2825,completed,8
31503,Rigid,1952394,1952395,1955232,1,2837,2838,completed,8
31504,Rigid,1952394,1952395,1955219,1,2824,2825,completed,8
31505,Rigid,1952394,1952524,1955323,130,2799,2929,completed,8
31506,Rigid,1952394,1952524,1955312,130,2788,2918,completed,8
31507,Rigid,1952394,1952524,1955334,130,2810,2940,completed,8
31508,Rigid,1952394,1952524,1953967,130,1443,1573,completed,8
31509,Rigid,1952394,1953371,1956078,977,2707,3684,completed,8
31510,Rigid,1952394,1953371,1956039,977,2668,3645,completed,8
31511,Rigid,1952394,1953395,1956180,1001,2785,3786,completed,8
31512,Rigid,1952394,1953395,1956222,1001,2827,3828,completed,8
31513,Rigid,1952394,1953395,1956200,1001,2805,3806,completed,8
31514,Rigid,1952394,1953395,1956140,1001,2745,3746,completed,8
31515,Rigid,1952394,1953395,1956116,1001,2721,3722,completed,8
31516,Rigid,1952394,1953395,1956101,1001,2706,3707,completed,8
31517,Rigid,1952394,1953396,1956117,1002,2721,3723,completed,8
31518,Rigid,1952395,1953396,1956105,1001,2709,3710,completed,8
31519,Rigid,1952395,1953396,1956116,1001,2720,3721,completed,8
31520,Rigid,1952395,1953396,1956102,1001,2706,3707,completed,8
31521,Rigid,1952395,1953558,1956221,1163,2663,3826,completed,8
31522,Rigid,1952395,1953558,1956322,1163,2764,3927,completed,8
31523,Rigid,1952395,1953558,1956349,1163,2791,3954,completed,8
31524,Rigid,1952395,1953558,1956233,1163,2675,3838,completed,8
31525,Rigid,1952395,1953968,1956639,1573,2671,4244,completed,8
31526,Rigid,1952395,1954667,1957283,2272,2616,4888,completed,8
31527,Rigid,1952395,1954667,1954694,2272,27,2299,completed,8
31528,Rigid,1952887,1953395,1953557,508,162,670,completed,36
31529,Rigid,1953886,1953886,1953891,0,5,5,completed,16
31530,Rigid,1953977,1954667,1954827,690,160,850,completed,36
31531,Rigid,1953990,1955173,1955230,1183,57,1240,completed,144
31532,Rigid,1953990,1955232,1962196,1242,6964,8206,completed,144
31533,Rigid,1953990,1955317,1962196,1327,6879,8206,completed,144
31534,Rigid,1953990,1956202,1956242,2212,40,2252,completed,144
31535,Rigid,1953990,1956243,1962196,2253,5953,8206,completed,144
31536,Rigid,1953990,1956640,1962196,2650,5556,8206,completed,144
31537,Rigid,1953990,1958756,1958797,4766,41,4807,completed,144
31538,Rigid,1953990,1958798,1962196,4808,3398,8206,completed,144
31539,Rigid,1955631,1955631,1956436,0,805,805,completed,36
31540,Rigid,1956094,1956095,1966647,1,10552,10553,completed,144
31541,Rigid,1956218,1962233,2038776,6015,76543,82558,completed,72
31542,Rigid,1956218,1962803,2060742,6585,97939,104524,completed,72
31543,Rigid,1956218,1962803,2047250,6585,84447,91032,completed,72
31544,Rigid,1956236,1962803,2048356,6567,85553,92120,completed,72
31545,Rigid,1956236,1962803,2062872,6567,100069,106636,completed,72
31546,Rigid,1956236,1962803,2002207,6567,39404,45971,completed,72
31547,Rigid,1956251,1962803,2015683,6552,52880,59432,completed,36
31548,Rigid,1956251,1962803,1990916,6552,28113,34665,completed,36
31549,Rigid,1956251,1962803,1994364,6552,31561,38113,completed,36
31550,Rigid,1956866,1956866,1956873,0,7,7,completed,16
31551,Rigid,1957238,1957238,1957243,0,5,5,completed,16
31552,Rigid,1957246,1957248,1977805,2,20557,20559,completed,144
31553,Rigid,1957370,1957370,1957375,0,5,5,completed,16
31554,Rigid,1957520,1957521,1969192,1,11671,11672,completed,144
31555,Rigid,1957872,1957872,1957876,0,4,4,completed,36
31556,Rigid,1957978,1957979,1957983,1,4,5,completed,36
31557,Rigid,1958023,1958024,1959247,1,1223,1224,completed,36
31558,Rigid,1958951,1958951,1960178,0,1227,1227,completed,72
31559,Rigid,1959990,1959992,1962066,2,2074,2076,completed,1
31560,Rigid,1959990,1959992,1961890,2,1898,1900,completed,1
31561,Rigid,1959990,1959992,1960990,2,998,1000,completed,1
31562,Rigid,1959990,1959992,1961040,2,1048,1050,completed,1
31563,Rigid,1959990,1959992,1962012,2,2020,2022,completed,1
31564,Rigid,1959990,1959992,1961904,2,1912,1914,completed,1
31565,Rigid,1959990,1959992,1961008,2,1016,1018,completed,1
31566,Rigid,1959990,1959992,1961026,2,1034,1036,completed,1
31567,Rigid,1959990,1959992,1961860,2,1868,1870,completed,1
31568,Rigid,1959990,1959992,1961853,2,1861,1863,completed,1
31569,Rigid,1959990,1959992,1960998,2,1006,1008,completed,1
31570,Rigid,1959990,1959992,1961072,2,1080,1082,completed,1
31571,Rigid,1959990,1959992,1962182,2,2190,2192,completed,1
31572,Rigid,1959990,1959992,1961970,2,1978,1980,completed,1
31573,Rigid,1959990,1959992,1961023,2,1031,1033,completed,1
31574,Rigid,1959990,1959992,1961041,2,1049,1051,completed,1
31575,Rigid,1959990,1959992,1962085,2,2093,2095,completed,1
31576,Rigid,1959990,1959992,1961862,2,1870,1872,completed,1
31577,Rigid,1959990,1959992,1961168,2,1176,1178,completed,1
31578,Rigid,1959990,1959993,1961056,3,1063,1066,completed,1
31579,Rigid,1959990,1959993,1962128,3,2135,2138,completed,1
31580,Rigid,1959990,1959993,1961899,3,1906,1909,completed,1
31581,Rigid,1959990,1959993,1961020,3,1027,1030,completed,1
31582,Rigid,1959990,1959993,1961073,3,1080,1083,completed,1
31583,Rigid,1959990,1959993,1962232,3,2239,2242,completed,1
31584,Rigid,1959990,1959993,1961860,3,1867,1870,completed,1
31585,Rigid,1959990,1959993,1961025,3,1032,1035,completed,1
31586,Rigid,1959990,1959993,1961008,3,1015,1018,completed,1
31587,Rigid,1959990,1959993,1961795,3,1802,1805,completed,1
31588,Rigid,1959990,1959993,1961975,3,1982,1985,completed,1
31589,Rigid,1959990,1959993,1961051,3,1058,1061,completed,1
31590,Rigid,1959990,1959993,1961064,3,1071,1074,completed,1
31591,Rigid,1959990,1959993,1962117,3,2124,2127,completed,1
31592,Rigid,1959990,1959993,1961940,3,1947,1950,completed,1
31593,Rigid,1959990,1959993,1960993,3,1000,1003,completed,1
31594,Rigid,1959990,1959993,1961107,3,1114,1117,completed,1
31595,Rigid,1959990,1959993,1962659,3,2666,2669,completed,1
31596,Rigid,1959990,1959993,1962156,3,2163,2166,completed,1
31597,Rigid,1959990,1959993,1961121,3,1128,1131,completed,1
31598,Rigid,1959990,1959993,1961111,3,1118,1121,completed,1
31599,Rigid,1959990,1959993,1962394,3,2401,2404,completed,1
31600,Rigid,1959990,1959993,1962116,3,2123,2126,completed,1
31601,Rigid,1959990,1959993,1961003,3,1010,1013,completed,1
31602,Rigid,1959990,1959993,1961059,3,1066,1069,completed,1
31603,Rigid,1959990,1959993,1962119,3,2126,2129,completed,1
31604,Rigid,1959990,1959993,1961957,3,1964,1967,completed,1
31605,Rigid,1959990,1959993,1961006,3,1013,1016,completed,1
31606,Rigid,1959990,1959993,1961068,3,1075,1078,completed,1
31607,Rigid,1959990,1959993,1961923,3,1930,1933,completed,1
31608,Rigid,1959990,1959993,1962068,3,2075,2078,completed,1
31609,Rigid,1959990,1959993,1961035,3,1042,1045,completed,1
31610,Rigid,1959990,1959993,1960997,3,1004,1007,completed,1
31611,Rigid,1959990,1959993,1962050,3,2057,2060,completed,1
31612,Rigid,1959990,1959993,1962110,3,2117,2120,completed,1
31613,Rigid,1959990,1959993,1961044,3,1051,1054,completed,1
31614,Rigid,1959990,1959993,1961010,3,1017,1020,completed,1
31615,Rigid,1959990,1959993,1962019,3,2026,2029,completed,1
31616,Rigid,1959990,1959993,1961982,3,1989,1992,completed,1
31617,Rigid,1959990,1960442,1961508,452,1066,1518,completed,1
31618,Rigid,1959990,1960442,1961540,452,1098,1550,completed,1
31619,Rigid,1959990,1960442,1962552,452,2110,2562,completed,1
31620,Rigid,1959990,1960442,1962297,452,1855,2307,completed,1
31621,Rigid,1959990,1960442,1961451,452,1009,1461,completed,1
31622,Rigid,1959990,1960442,1961507,452,1065,1517,completed,1
31623,Rigid,1959990,1960442,1962494,452,2052,2504,completed,1
31624,Rigid,1959990,1960442,1962154,452,1712,2164,completed,1
31625,Rigid,1959990,1960442,1961499,452,1057,1509,completed,1
31626,Rigid,1959990,1960442,1961461,452,1019,1471,completed,1
31627,Rigid,1959990,1960442,1962322,452,1880,2332,completed,1
31628,Rigid,1959990,1960442,1962449,452,2007,2459,completed,1
31629,Rigid,1959990,1960442,1961540,452,1098,1550,completed,1
31630,Rigid,1959990,1960442,1961583,452,1141,1593,completed,1
31631,Rigid,1959990,1960442,1962435,452,1993,2445,completed,1
31632,Rigid,1959990,1960442,1962259,452,1817,2269,completed,1
31633,Rigid,1959990,1960442,1961509,452,1067,1519,completed,1
31634,Rigid,1959990,1960442,1961543,452,1101,1553,completed,1
31635,Rigid,1959990,1960442,1962642,452,2200,2652,completed,1
31636,Rigid,1959990,1960442,1962348,452,1906,2358,completed,1
31637,Rigid,1959990,1960442,1961536,452,1094,1546,completed,1
31638,Rigid,1959990,1960442,1961493,452,1051,1503,completed,1
31639,Rigid,1959990,1960442,1962382,452,1940,2392,completed,1
31640,Rigid,1959990,1960442,1962339,452,1897,2349,completed,1
31641,Rigid,1959990,1960442,1961474,452,1032,1484,completed,1
31642,Rigid,1959990,1960442,1961488,452,1046,1498,completed,1
31643,Rigid,1959990,1960442,1962445,452,2003,2455,completed,1
31644,Rigid,1959990,1960442,1962176,452,1734,2186,completed,1
31645,Rigid,1959990,1960442,1961457,452,1015,1467,completed,1
31646,Rigid,1959990,1960442,1961458,452,1016,1468,completed,1
31647,Rigid,1959990,1960442,1962581,452,2139,2591,completed,1
31648,Rigid,1959990,1960442,1962249,452,1807,2259,completed,1
31649,Rigid,1959990,1960442,1961451,452,1009,1461,completed,1
31650,Rigid,1959990,1960442,1961559,452,1117,1569,completed,1
31651,Rigid,1959990,1960442,1962405,452,1963,2415,completed,1
31652,Rigid,1959990,1960442,1962456,452,2014,2466,completed,1
31653,Rigid,1959990,1960991,1962006,1001,1015,2016,completed,1
31654,Rigid,1959990,1960995,1961973,1005,978,1983,completed,1
31655,Rigid,1959990,1960998,1962951,1008,1953,2961,completed,1
31656,Rigid,1959990,1961000,1962911,1010,1911,2921,completed,1
31657,Rigid,1959990,1961004,1962014,1014,1010,2024,completed,1
31658,Rigid,1959990,1961007,1962061,1017,1054,2071,completed,1
31659,Rigid,1959990,1961009,1962545,1019,1536,2555,completed,1
31660,Rigid,1959990,1961010,1962438,1020,1428,2448,completed,1
31661,Rigid,1959990,1961011,1961669,1021,658,1679,completed,1
31662,Rigid,1959990,1961022,1961721,1032,699,1731,completed,1
31663,Rigid,1959990,1961027,1962535,1037,1508,2545,completed,1
31664,Rigid,1959990,1961027,1962774,1037,1747,2784,completed,1
31665,Rigid,1959990,1961027,1961705,1037,678,1715,completed,1
31666,Rigid,1959990,1961036,1961796,1046,760,1806,completed,1
31667,Rigid,1959990,1961041,1962579,1051,1538,2589,completed,1
31668,Rigid,1959990,1961043,1962435,1053,1392,2445,completed,1
31669,Rigid,1959990,1961046,1961780,1056,734,1790,completed,1
31670,Rigid,1959990,1961053,1961821,1063,768,1831,completed,1
31671,Rigid,1959990,1961058,1962554,1068,1496,2564,completed,1
31672,Rigid,1959990,1961060,1962649,1070,1589,2659,completed,1
31673,Rigid,1959990,1961066,1961776,1076,710,1786,completed,1
31674,Rigid,1959990,1961070,1961808,1080,738,1818,completed,1
31675,Rigid,1959990,1961073,1962548,1083,1475,2558,completed,1
31676,Rigid,1959990,1961075,1962596,1085,1521,2606,completed,1
31677,Rigid,1959990,1961109,1961823,1119,714,1833,completed,1
31678,Rigid,1959990,1961113,1961874,1123,761,1884,completed,1
31679,Rigid,1959990,1961122,1962882,1132,1760,2892,completed,1
31680,Rigid,1959990,1961169,1962900,1179,1731,2910,completed,1
31681,Rigid,1959990,1961452,1962124,1462,672,2134,completed,1
31682,Rigid,1959990,1961452,1962147,1462,695,2157,completed,1
31683,Rigid,1959990,1961458,1963008,1468,1550,3018,completed,1
31684,Rigid,1959990,1961460,1962977,1470,1517,2987,completed,1
31685,Rigid,1959990,1961463,1962145,1473,682,2155,completed,1
31686,Rigid,1959990,1961475,1962216,1485,741,2226,completed,1
31687,Rigid,1959990,1961489,1962982,1499,1493,2992,completed,1
31688,Rigid,1959990,1961494,1962994,1504,1500,3004,completed,1
31689,Rigid,1959990,1961500,1962187,1510,687,2197,completed,1
31690,Rigid,1959990,1961510,1962291,1520,781,2301,completed,1
31691,Rigid,1959990,1961510,1962974,1520,1464,2984,completed,1
31692,Rigid,1959990,1961510,1963029,1520,1519,3039,completed,1
31693,Rigid,1959990,1961537,1962229,1547,692,2239,completed,1
31694,Rigid,1959990,1961542,1962276,1552,734,2286,completed,1
31695,Rigid,1959990,1961542,1963042,1552,1500,3052,completed,1
31696,Rigid,1959990,1961545,1963039,1555,1494,3049,completed,1
31697,Rigid,1959990,1961560,1962234,1570,674,2244,completed,1
31698,Rigid,1959990,1961601,1962341,1611,740,2351,completed,1
31699,Rigid,1959990,1961691,1963050,1701,1359,3060,completed,1
31700,Rigid,1959990,1961751,1963291,1761,1540,3301,completed,1
31701,Rigid,1959990,1961751,1962442,1761,691,2452,completed,1
31702,Rigid,1959990,1961782,1962527,1792,745,2537,completed,1
31703,Rigid,1959990,1961782,1963330,1792,1548,3340,completed,1
31704,Rigid,1959990,1961812,1963262,1822,1450,3272,completed,1
31705,Rigid,1959990,1961812,1962508,1822,696,2518,completed,1
31706,Rigid,1959990,1961812,1962543,1822,731,2553,completed,1
31707,Rigid,1959990,1961842,1963448,1852,1606,3458,completed,1
31708,Rigid,1959990,1961842,1963459,1852,1617,3469,completed,1
31709,Rigid,1959990,1961872,1962551,1882,679,2561,completed,1
31710,Rigid,1959990,1961872,1962669,1882,797,2679,completed,1
31711,Rigid,1959990,1961872,1963219,1882,1347,3229,completed,1
31712,Rigid,1959990,1961872,1963513,1882,1641,3523,completed,1
31713,Rigid,1959990,1961902,1962632,1912,730,2642,completed,1
31714,Rigid,1959990,1961902,1962656,1912,754,2666,completed,1
31715,Rigid,1959990,1961902,1963596,1912,1694,3606,completed,1
31716,Rigid,1959990,1961932,1963496,1942,1564,3506,completed,1
31717,Rigid,1959990,1961932,1962628,1942,696,2638,completed,1
31718,Rigid,1959990,1961941,1962659,1951,718,2669,completed,1
31719,Rigid,1959990,1961958,1963476,1968,1518,3486,completed,1
31720,Rigid,1959990,1961960,1963527,1970,1567,3537,completed,1
31721,Rigid,1959990,1961960,1962737,1970,777,2747,completed,1
31722,Rigid,1959990,1961960,1962785,1970,825,2795,completed,1
31723,Rigid,1959990,1961960,1963672,1970,1712,3682,completed,1
31724,Rigid,1959990,1961960,1963732,1970,1772,3742,completed,1
31725,Rigid,1959990,1961960,1962788,1970,828,2798,completed,1
31726,Rigid,1959990,1961960,1962783,1970,823,2793,completed,1
31727,Rigid,1959990,1961960,1963765,1970,1805,3775,completed,1
31728,Rigid,1959990,1961960,1963600,1970,1640,3610,completed,1
31729,Rigid,1959990,1961960,1962696,1970,736,2706,completed,1
31730,Rigid,1959990,1961960,1962762,1970,802,2772,completed,1
31731,Rigid,1959990,1961961,1963588,1971,1627,3598,completed,1
31732,Rigid,1959990,1961961,1963535,1971,1574,3545,completed,1
31733,Rigid,1959990,1961961,1962771,1971,810,2781,completed,1
31734,Rigid,1959990,1961961,1962825,1971,864,2835,completed,1
31735,Rigid,1959990,1961961,1963512,1971,1551,3522,completed,1
31736,Rigid,1959990,1961961,1963774,1971,1813,3784,completed,1
31737,Rigid,1959990,1961961,1962755,1971,794,2765,completed,1
31738,Rigid,1959990,1961961,1962842,1971,881,2852,completed,1
31739,Rigid,1959990,1961961,1963579,1971,1618,3589,completed,1
31740,Rigid,1959990,1961961,1963660,1971,1699,3670,completed,1
31741,Rigid,1959990,1961961,1962738,1971,777,2748,completed,1
31742,Rigid,1959990,1961961,1962771,1971,810,2781,completed,1
31743,Rigid,1959990,1961961,1963428,1971,1467,3438,completed,1
31744,Rigid,1959990,1961961,1963499,1971,1538,3509,completed,1
31745,Rigid,1959990,1961961,1962746,1971,785,2756,completed,1
31746,Rigid,1959990,1961961,1962782,1971,821,2792,completed,1
31747,Rigid,1959990,1961961,1963465,1971,1504,3475,completed,1
31748,Rigid,1959990,1961961,1963632,1971,1671,3642,completed,1
31749,Rigid,1959990,1961961,1962746,1971,785,2756,completed,1
31750,Rigid,1959990,1961961,1962802,1971,841,2812,completed,1
31751,Rigid,1959990,1961961,1963661,1971,1700,3671,completed,1
31752,Rigid,1959990,1961961,1963643,1971,1682,3653,completed,1
31753,Rigid,1959990,1961961,1962727,1971,766,2737,completed,1
31754,Rigid,1959990,1961961,1962793,1971,832,2803,completed,1
31755,Rigid,1959990,1961961,1963743,1971,1782,3753,completed,1
31756,Rigid,1959990,1961963,1963606,1973,1643,3616,completed,1
31757,Rigid,1959990,1961963,1962732,1973,769,2742,completed,1
31758,Rigid,1959990,1961963,1962780,1973,817,2790,completed,1
31759,Rigid,1959990,1961963,1963557,1973,1594,3567,completed,1
31760,Rigid,1959990,1961963,1963544,1973,1581,3554,completed,1
31761,Rigid,1959990,1961963,1962736,1973,773,2746,completed,1
31762,Rigid,1959990,1961963,1962735,1973,772,2745,completed,1
31763,Rigid,1959990,1961963,1963633,1973,1670,3643,completed,1
31764,Rigid,1959990,1961963,1963658,1973,1695,3668,completed,1
31765,Rigid,1959990,1961963,1962722,1973,759,2732,completed,1
31766,Rigid,1959990,1961963,1962764,1973,801,2774,completed,1
31767,Rigid,1959990,1961963,1963441,1973,1478,3451,completed,1
31768,Rigid,1959990,1961963,1963566,1973,1603,3576,completed,1
31769,Rigid,1959990,1961963,1962733,1973,770,2743,completed,1
31770,Rigid,1959990,1961963,1962749,1973,786,2759,completed,1
31771,Rigid,1959990,1961963,1963681,1973,1718,3691,completed,1
31772,Rigid,1959990,1961963,1963593,1973,1630,3603,completed,1
31773,Rigid,1959990,1961963,1962762,1973,799,2772,completed,1
31774,Rigid,1959990,1961963,1962854,1973,891,2864,completed,1
31775,Rigid,1959990,1961963,1963639,1973,1676,3649,completed,1
31776,Rigid,1959990,1961963,1963513,1973,1550,3523,completed,1
31777,Rigid,1959990,1961963,1962767,1973,804,2777,completed,1
31778,Rigid,1959990,1961963,1962779,1973,816,2789,completed,1
31779,Rigid,1959990,1961963,1963629,1973,1666,3639,completed,1
31780,Rigid,1959990,1961963,1963632,1973,1669,3642,completed,1
31781,Rigid,1959990,1961963,1962723,1973,760,2733,completed,1
31782,Rigid,1959990,1961963,1962766,1973,803,2776,completed,1
31783,Rigid,1959990,1961963,1963542,1973,1579,3552,completed,1
31784,Rigid,1959990,1961963,1963452,1973,1489,3462,completed,1
31785,Rigid,1959990,1961963,1962746,1973,783,2756,completed,1
31786,Rigid,1959990,1961963,1962814,1973,851,2824,completed,1
31787,Rigid,1959990,1961963,1963687,1973,1724,3697,completed,1
31788,Rigid,1959990,1961963,1963524,1973,1561,3534,completed,1
31789,Rigid,1959990,1961963,1962707,1973,744,2717,completed,1
31790,Rigid,1959990,1961963,1962804,1973,841,2814,completed,1
31791,Rigid,1959990,1961963,1963750,1973,1787,3760,completed,1
31792,Rigid,1959990,1961963,1963526,1973,1563,3536,completed,1
31793,Rigid,1959990,1961963,1962761,1973,798,2771,completed,1
31794,Rigid,1959990,1961963,1962744,1973,781,2754,completed,1
31795,Rigid,1959990,1961963,1963671,1973,1708,3681,completed,1
31796,Rigid,1959990,1961963,1963577,1973,1614,3587,completed,1
31797,Rigid,1959990,1961963,1962747,1973,784,2757,completed,1
31798,Rigid,1959990,1961963,1962758,1973,795,2768,completed,1
31799,Rigid,1959990,1961963,1963592,1973,1629,3602,completed,1
31800,Rigid,1959990,1961963,1963582,1973,1619,3592,completed,1
31801,Rigid,1959990,1961963,1962717,1973,754,2727,completed,1
31802,Rigid,1959990,1961963,1962758,1973,795,2768,completed,1
31803,Rigid,1959990,1961963,1963504,1973,1541,3514,completed,1
31804,Rigid,1959990,1961963,1963601,1973,1638,3611,completed,1
31805,Rigid,1959990,1961963,1962755,1973,792,2765,completed,1
31806,Rigid,1959990,1961963,1962746,1973,783,2756,completed,1
31807,Rigid,1959990,1961963,1963567,1973,1604,3577,completed,1
31808,Rigid,1959990,1961963,1963669,1973,1706,3679,completed,1
31809,Rigid,1959990,1961963,1962753,1973,790,2763,completed,1
31810,Rigid,1959990,1961963,1962864,1973,901,2874,completed,1
31811,Rigid,1959990,1961963,1963533,1973,1570,3543,completed,1
31812,Rigid,1959990,1961963,1963483,1973,1520,3493,completed,1
31813,Rigid,1959990,1961963,1962741,1973,778,2751,completed,1
31814,Rigid,1959990,1961963,1962734,1973,771,2744,completed,1
31815,Rigid,1959990,1961963,1963662,1973,1699,3672,completed,1
31816,Rigid,1959990,1961963,1963602,1973,1639,3612,completed,1
31817,Rigid,1959990,1961963,1962703,1973,740,2713,completed,1
31818,Rigid,1959990,1961963,1962733,1973,770,2743,completed,1
31819,Rigid,1959990,1961963,1963600,1973,1637,3610,completed,1
31820,Rigid,1959990,1961963,1963538,1973,1575,3548,completed,1
31821,Rigid,1959990,1961963,1962737,1973,774,2747,completed,1
31822,Rigid,1959990,1961963,1962809,1973,846,2819,completed,1
31823,Rigid,1959990,1961963,1963624,1973,1661,3634,completed,1
31824,Rigid,1959990,1961963,1963521,1973,1558,3531,completed,1
31825,Rigid,1959990,1961963,1962731,1973,768,2741,completed,1
31826,Rigid,1959990,1961963,1962748,1973,785,2758,completed,1
31827,Rigid,1959990,1961963,1963637,1973,1674,3647,completed,1
31828,Rigid,1959990,1961963,1963649,1973,1686,3659,completed,1
31829,Rigid,1959990,1961963,1962739,1973,776,2749,completed,1
31830,Rigid,1959990,1961963,1962774,1973,811,2784,completed,1
31831,Rigid,1959990,1961963,1963414,1973,1451,3424,completed,1
31832,Rigid,1959990,1961963,1963644,1973,1681,3654,completed,1
31833,Rigid,1959990,1961963,1962735,1973,772,2745,completed,1
31834,Rigid,1959990,1961963,1962758,1973,795,2768,completed,1
31835,Rigid,1959990,1961963,1963546,1973,1583,3556,completed,1
31836,Rigid,1959990,1961963,1963610,1973,1647,3620,completed,1
31837,Rigid,1959990,1961963,1962706,1973,743,2716,completed,1
31838,Rigid,1959990,1961963,1962752,1973,789,2762,completed,1
31839,Rigid,1959990,1961963,1963620,1973,1657,3630,completed,1
31840,Rigid,1959990,1961963,1963684,1973,1721,3694,completed,1
31841,Rigid,1959990,1961963,1962734,1973,771,2744,completed,1
31842,Rigid,1959990,1961963,1962750,1973,787,2760,completed,1
31843,Rigid,1959990,1961963,1963440,1973,1477,3450,completed,1
31844,Rigid,1959990,1961964,1963466,1974,1502,3476,completed,1
31845,Rigid,1959990,1961964,1962743,1974,779,2753,completed,1
31846,Rigid,1959990,1961964,1962863,1974,899,2873,completed,1
31847,Rigid,1959990,1961964,1963581,1974,1617,3591,completed,1
31848,Rigid,1959990,1961964,1963464,1974,1500,3474,completed,1
31849,Rigid,1959990,1961964,1962756,1974,792,2766,completed,1
31850,Rigid,1959990,1961964,1962775,1974,811,2785,completed,1
31851,Rigid,1959990,1961964,1963673,1974,1709,3683,completed,1
31852,Rigid,1959990,1961964,1963553,1974,1589,3563,completed,1
31853,Rigid,1959990,1961964,1962696,1974,732,2706,completed,1
31854,Rigid,1959990,1961964,1962734,1974,770,2744,completed,1
31855,Rigid,1959990,1961964,1963721,1974,1757,3731,completed,1
31856,Rigid,1959990,1961964,1963599,1974,1635,3609,completed,1
31857,Rigid,1959990,1961964,1962717,1974,753,2727,completed,1
31858,Rigid,1959990,1961964,1962791,1974,827,2801,completed,1
31859,Rigid,1959990,1961964,1964274,1974,2310,4284,completed,1
31860,Rigid,1959990,1961964,1963930,1974,1966,3940,completed,1
31861,Rigid,1959990,1961964,1963179,1974,1215,3189,completed,1
31862,Rigid,1959990,1961964,1963055,1974,1091,3065,completed,1
31863,Rigid,1959990,1961964,1964327,1974,2363,4337,completed,1
31864,Rigid,1959990,1961971,1963986,1981,2015,3996,completed,1
31865,Rigid,1959990,1961976,1963123,1986,1147,3133,completed,1
31866,Rigid,1959990,1961976,1963063,1986,1087,3073,completed,1
31867,Rigid,1959990,1961987,1964274,1997,2287,4284,completed,1
31868,Rigid,1959990,1962007,1964002,2017,1995,4012,completed,1
31869,Rigid,1959990,1962013,1963132,2023,1119,3142,completed,1
31870,Rigid,1959990,1962015,1963066,2025,1051,3076,completed,1
31871,Rigid,1959990,1962020,1964019,2030,1999,4029,completed,1
31872,Rigid,1959990,1962051,1964152,2061,2101,4162,completed,1
31873,Rigid,1959990,1962062,1963193,2072,1131,3203,completed,1
31874,Rigid,1959990,1962068,1963174,2078,1106,3184,completed,1
31875,Rigid,1959990,1962070,1964101,2080,2031,4111,completed,1
31876,Rigid,1959990,1962086,1963981,2096,1895,3991,completed,1
31877,Rigid,1959990,1962114,1963305,2124,1191,3315,completed,1
31878,Rigid,1959990,1962145,1963198,2155,1053,3208,completed,1
31879,Rigid,1959990,1962145,1964237,2155,2092,4247,completed,1
31880,Rigid,1959990,1962145,1964037,2155,1892,4047,completed,1
31881,Rigid,1959990,1962145,1963336,2155,1191,3346,completed,1
31882,Rigid,1959990,1962145,1963201,2155,1056,3211,completed,1
31883,Rigid,1959990,1962175,1964342,2185,2167,4352,completed,1
31884,Rigid,1959990,1962175,1964132,2185,1957,4142,completed,1
31885,Rigid,1959990,1962175,1963283,2185,1108,3293,completed,1
31886,Rigid,1959990,1962175,1963318,2185,1143,3328,completed,1
31887,Rigid,1959990,1962202,1964321,2212,2119,4331,completed,1
31888,Rigid,1959990,1962202,1964374,2212,2172,4384,completed,1
31889,Rigid,1959990,1962202,1963410,2212,1208,3420,completed,1
31890,Rigid,1959990,1962202,1963384,2212,1182,3394,completed,1
31891,Rigid,1959990,1962202,1964365,2212,2163,4375,completed,1
31892,Rigid,1959990,1962202,1964231,2212,2029,4241,completed,1
31893,Rigid,1959990,1962202,1963408,2212,1206,3418,completed,1
31894,Rigid,1959990,1962202,1963316,2212,1114,3326,completed,1
31895,Rigid,1959990,1962202,1964396,2212,2194,4406,completed,1
31896,Rigid,1959990,1962202,1964403,2212,2201,4413,completed,1
31897,Rigid,1959990,1962202,1963394,2212,1192,3404,completed,1
31898,Rigid,1959990,1962202,1963354,2212,1152,3364,completed,1
31899,Rigid,1959990,1962202,1964518,2212,2316,4528,completed,1
31900,Rigid,1959990,1962202,1964454,2212,2252,4464,completed,1
31901,Rigid,1959990,1962202,1963416,2212,1214,3426,completed,1
31902,Rigid,1959990,1962202,1963413,2212,1211,3423,completed,1
31903,Rigid,1959990,1962202,1964593,2212,2391,4603,completed,1
31904,Rigid,1959990,1962202,1964297,2212,2095,4307,completed,1
31905,Rigid,1959990,1962202,1963412,2212,1210,3422,completed,1
31906,Rigid,1959990,1962202,1963293,2212,1091,3303,completed,1
31907,Rigid,1959990,1962202,1964493,2212,2291,4503,completed,1
31908,Rigid,1959990,1962202,1964639,2212,2437,4649,completed,1
31909,Rigid,1959990,1962202,1963422,2212,1220,3432,completed,1
31910,Rigid,1959990,1962202,1963312,2212,1110,3322,completed,1
31911,Rigid,1959990,1962202,1964491,2212,2289,4501,completed,1
31912,Rigid,1959990,1962202,1964304,2212,2102,4314,completed,1
31913,Rigid,1959990,1962202,1963461,2212,1259,3471,completed,1
31914,Rigid,1959990,1962202,1963365,2212,1163,3375,completed,1
31915,Rigid,1959990,1962202,1964443,2212,2241,4453,completed,1
31916,Rigid,1959990,1962202,1964257,2212,2055,4267,completed,1
31917,Rigid,1959990,1962202,1963392,2212,1190,3402,completed,1
31918,Rigid,1959990,1962202,1963332,2212,1130,3342,completed,1
31919,Rigid,1959990,1962202,1964254,2212,2052,4264,completed,1
31920,Rigid,1959990,1962202,1964497,2212,2295,4507,completed,1
31921,Rigid,1959990,1962202,1963478,2212,1276,3488,completed,1
31922,Rigid,1959990,1962202,1963367,2212,1165,3377,completed,1
31923,Rigid,1959990,1962202,1964342,2212,2140,4352,completed,1
31924,Rigid,1959990,1962202,1964416,2212,2214,4426,completed,1
31925,Rigid,1959990,1962202,1963455,2212,1253,3465,completed,1
31926,Rigid,1959990,1962202,1963351,2212,1149,3361,completed,1
31927,Rigid,1959990,1962202,1964383,2212,2181,4393,completed,1
31928,Rigid,1959990,1962202,1964263,2212,2061,4273,completed,1
31929,Rigid,1959990,1962202,1963426,2212,1224,3436,completed,1
31930,Rigid,1959990,1962202,1963313,2212,1111,3323,completed,1
31931,Rigid,1959990,1962202,1964507,2212,2305,4517,completed,1
31932,Rigid,1959990,1962202,1964234,2212,2032,4244,completed,1
31933,Rigid,1959990,1962202,1963412,2212,1210,3422,completed,1
31934,Rigid,1959990,1962202,1963338,2212,1136,3348,completed,1
31935,Rigid,1959990,1962202,1964599,2212,2397,4609,completed,1
31936,Rigid,1959990,1962202,1964319,2212,2117,4329,completed,1
31937,Rigid,1959990,1962202,1963476,2212,1274,3486,completed,1
31938,Rigid,1959990,1962202,1963394,2212,1192,3404,completed,1
31939,Rigid,1959990,1962202,1964395,2212,2193,4405,completed,1
31940,Rigid,1959990,1962202,1964232,2212,2030,4242,completed,1
31941,Rigid,1959990,1962202,1963391,2212,1189,3401,completed,1
31942,Rigid,1959990,1962202,1963411,2212,1209,3421,completed,1
31943,Rigid,1959990,1962202,1964407,2212,2205,4417,completed,1
31944,Rigid,1959990,1962202,1964520,2212,2318,4530,completed,1
31945,Rigid,1959990,1962202,1963454,2212,1252,3464,completed,1
31946,Rigid,1959990,1962202,1963337,2212,1135,3347,completed,1
31947,Rigid,1959990,1962202,1964500,2212,2298,4510,completed,1
31948,Rigid,1959990,1962202,1964303,2212,2101,4313,completed,1
31949,Rigid,1959990,1962202,1963451,2212,1249,3461,completed,1
31950,Rigid,1959990,1962202,1963354,2212,1152,3364,completed,1
31951,Rigid,1959990,1962202,1964420,2212,2218,4430,completed,1
31952,Rigid,1959990,1962202,1964319,2212,2117,4329,completed,1
31953,Rigid,1959990,1962202,1963411,2212,1209,3421,completed,1
31954,Rigid,1959990,1962202,1963316,2212,1114,3326,completed,1
31955,Rigid,1959990,1962202,1964533,2212,2331,4543,completed,1
31956,Rigid,1959990,1962202,1964397,2212,2195,4407,completed,1
31957,Rigid,1959990,1962202,1963424,2212,1222,3434,completed,1
31958,Rigid,1959990,1962202,1963401,2212,1199,3411,completed,1
31959,Rigid,1959990,1962202,1964408,2212,2206,4418,completed,1
31960,Rigid,1959990,1962202,1964377,2212,2175,4387,completed,1
31961,Rigid,1959990,1962202,1963471,2212,1269,3481,completed,1
31962,Rigid,1959990,1962202,1963351,2212,1149,3361,completed,1
31963,Rigid,1959990,1962202,1964307,2212,2105,4317,completed,1
31964,Rigid,1959990,1962202,1964520,2212,2318,4530,completed,1
31965,Rigid,1959990,1962202,1963382,2212,1180,3392,completed,1
31966,Rigid,1959990,1962202,1963346,2212,1144,3356,completed,1
31967,Rigid,1959990,1962202,1964535,2212,2333,4545,completed,1
31968,Rigid,1959990,1962202,1964347,2212,2145,4357,completed,1
31969,Rigid,1959990,1962202,1963412,2212,1210,3422,completed,1
31970,Rigid,1959990,1962202,1963323,2212,1121,3333,completed,1
31971,Rigid,1959990,1962202,1964367,2212,2165,4377,completed,1
31972,Rigid,1959990,1962202,1964280,2212,2078,4290,completed,1
31973,Rigid,1959990,1962202,1963423,2212,1221,3433,completed,1
31974,Rigid,1959990,1962202,1963392,2212,1190,3402,completed,1
31975,Rigid,1959990,1962202,1964571,2212,2369,4581,completed,1
31976,Rigid,1959990,1962202,1964335,2212,2133,4345,completed,1
31977,Rigid,1959990,1962202,1963440,2212,1238,3450,completed,1
31978,Rigid,1959990,1962202,1963302,2212,1100,3312,completed,1
31979,Rigid,1959990,1962202,1964566,2212,2364,4576,completed,1
31980,Rigid,1959990,1962202,1964487,2212,2285,4497,completed,1
31981,Rigid,1959990,1962202,1963483,2212,1281,3493,completed,1
31982,Rigid,1959990,1962202,1963363,2212,1161,3373,completed,1
31983,Rigid,1959990,1962202,1964356,2212,2154,4366,completed,1
31984,Rigid,1959990,1962202,1964311,2212,2109,4321,completed,1
31985,Rigid,1959990,1962202,1963489,2212,1287,3499,completed,1
31986,Rigid,1959990,1962202,1963320,2212,1118,3330,completed,1
31987,Rigid,1959990,1962203,1964388,2213,2185,4398,completed,1
31988,Rigid,1959990,1962203,1964431,2213,2228,4441,completed,1
31989,Rigid,1959990,1962203,1963423,2213,1220,3433,completed,1
31990,Rigid,1959990,1962203,1963332,2213,1129,3342,completed,1
31991,Rigid,1959990,1962203,1964340,2213,2137,4350,completed,1
31992,Rigid,1959990,1962203,1964473,2213,2270,4483,completed,1
31993,Rigid,1959990,1962203,1963418,2213,1215,3428,completed,1
31994,Rigid,1959990,1962203,1963312,2213,1109,3322,completed,1
31995,Rigid,1959990,1962203,1964313,2213,2110,4323,completed,1
31996,Rigid,1959990,1962203,1964315,2213,2112,4325,completed,1
31997,Rigid,1959990,1962203,1963455,2213,1252,3465,completed,1
31998,Rigid,1959990,1962203,1963368,2213,1165,3378,completed,1
31999,Rigid,1959990,1962203,1964388,2213,2185,4398,completed,1
32000,Rigid,1959990,1962203,1964318,2213,2115,4328,completed,1
32001,Rigid,1959990,1962203,1963394,2213,1191,3404,completed,1
32002,Rigid,1959990,1962203,1963347,2213,1144,3357,completed,1
32003,Rigid,1959990,1962203,1964537,2213,2334,4547,completed,1
32004,Rigid,1959990,1962203,1964389,2213,2186,4399,completed,1
32005,Rigid,1959990,1962203,1963421,2213,1218,3431,completed,1
32006,Rigid,1959990,1962203,1963345,2213,1142,3355,completed,1
32007,Rigid,1959990,1962203,1964416,2213,2213,4426,completed,1
32008,Rigid,1959990,1962203,1964355,2213,2152,4365,completed,1
32009,Rigid,1959990,1962203,1963453,2213,1250,3463,completed,1
32010,Rigid,1959990,1962203,1963430,2213,1227,3440,completed,1
32011,Rigid,1959990,1962203,1964407,2213,2204,4417,completed,1
32012,Rigid,1959990,1962203,1964311,2213,2108,4321,completed,1
32013,Rigid,1959990,1962203,1963427,2213,1224,3437,completed,1
32014,Rigid,1959990,1962203,1963363,2213,1160,3373,completed,1
32015,Rigid,1959990,1962203,1964701,2213,2498,4711,completed,1
32016,Rigid,1959990,1962203,1964749,2213,2546,4759,completed,1
32017,Rigid,1959990,1962203,1963471,2213,1268,3481,completed,1
32018,Rigid,1959990,1962203,1963346,2213,1143,3356,completed,1
32019,Rigid,1959990,1962203,1964303,2213,2100,4313,completed,1
32020,Rigid,1959990,1962203,1964196,2213,1993,4206,completed,1
32021,Rigid,1959990,1962203,1963483,2213,1280,3493,completed,1
32022,Rigid,1959990,1962203,1963434,2213,1231,3444,completed,1
32023,Rigid,1959990,1962203,1964356,2213,2153,4366,completed,1
32024,Rigid,1959990,1962203,1964264,2213,2061,4274,completed,1
32025,Rigid,1959990,1962203,1963419,2213,1216,3429,completed,1
32026,Rigid,1959990,1962203,1963363,2213,1160,3373,completed,1
32027,Rigid,1959990,1962203,1964332,2213,2129,4342,completed,1
32028,Rigid,1959990,1962203,1964422,2213,2219,4432,completed,1
32029,Rigid,1959990,1962203,1963468,2213,1265,3478,completed,1
32030,Rigid,1959990,1962203,1963349,2213,1146,3359,completed,1
32031,Rigid,1959990,1962203,1964323,2213,2120,4333,completed,1
32032,Rigid,1959990,1962203,1964355,2213,2152,4365,completed,1
32033,Rigid,1959990,1962203,1963435,2213,1232,3445,completed,1
32034,Rigid,1959990,1962204,1963379,2214,1175,3389,completed,1
32035,Rigid,1959990,1962204,1964466,2214,2262,4476,completed,1
32036,Rigid,1959990,1962204,1964276,2214,2072,4286,completed,1
32037,Rigid,1959990,1962204,1963413,2214,1209,3423,completed,1
32038,Rigid,1959990,1962204,1963354,2214,1150,3364,completed,1
32039,Rigid,1959990,1962204,1964605,2214,2401,4615,completed,1
32040,Rigid,1959990,1962204,1964324,2214,2120,4334,completed,1
32041,Rigid,1959990,1962204,1963415,2214,1211,3425,completed,1
32042,Rigid,1959990,1962204,1963365,2214,1161,3375,completed,1
32043,Rigid,1959990,1962204,1964421,2214,2217,4431,completed,1
32044,Rigid,1959990,1962204,1964428,2214,2224,4438,completed,1
32045,Rigid,1959990,1962204,1963383,2214,1179,3393,completed,1
32046,Rigid,1959990,1962204,1963410,2214,1206,3420,completed,1
32047,Rigid,1959990,1962204,1964362,2214,2158,4372,completed,1
32048,Rigid,1959990,1962204,1964143,2214,1939,4153,completed,1
32049,Rigid,1959990,1962204,1963477,2214,1273,3487,completed,1
32050,Rigid,1959990,1962204,1963382,2214,1178,3392,completed,1
32051,Rigid,1959990,1962204,1964512,2214,2308,4522,completed,1
32052,Rigid,1959990,1962204,1964687,2214,2483,4697,completed,1
32053,Rigid,1959990,1962204,1963408,2214,1204,3418,completed,1
32054,Rigid,1959990,1962204,1963342,2214,1138,3352,completed,1
32055,Rigid,1959990,1962204,1964369,2214,2165,4379,completed,1
32056,Rigid,1959990,1962204,1964243,2214,2039,4253,completed,1
32057,Rigid,1959990,1962204,1963445,2214,1241,3455,completed,1
32058,Rigid,1959990,1962204,1963346,2214,1142,3356,completed,1
32059,Rigid,1960170,1962204,2046825,2034,84621,86655,completed,16
32060,Rigid,1960206,1962204,2068320,1998,106116,108114,completed,16
32061,Rigid,1960246,1962204,2100935,1958,138731,140689,completed,16
32062,Rigid,1960292,1960292,1961499,0,1207,1207,completed,72
32063,Rigid,1960315,1962204,1962695,1889,491,2380,completed,16
32064,Rigid,1960344,1962204,1987692,1860,25488,27348,completed,16
32065,Rigid,1960523,1962204,2077345,1681,115141,116822,completed,16
32066,Rigid,1960706,1962207,1962363,1501,156,1657,completed,36
32067,Rigid,1961045,1962207,1962213,1162,6,1168,completed,16
32068,Rigid,1961254,1962207,1962213,953,6,959,completed,16
32069,Rigid,1961324,1962207,2039185,883,76978,77861,completed,36
32070,Rigid,1961411,1962207,1962213,796,6,802,completed,16
32071,Rigid,1961561,1961937,1961959,376,22,398,completed,144
32072,Rigid,1961602,1962205,1962487,603,282,885,completed,6
32073,Rigid,1961659,1962207,1962213,548,6,554,completed,16
32074,Rigid,1961662,1962207,1962213,545,6,551,completed,16
32075,Rigid,1961935,1962215,1972885,280,10670,10950,completed,144
32076,Rigid,1962094,1962202,1962919,108,717,825,completed,144
32077,Rigid,1962269,1962803,1975361,534,12558,13092,completed,144
32078,Rigid,1962558,1962559,1962895,1,336,337,completed,36
32079,Rigid,1962728,1962729,1967591,1,4862,4863,completed,16
32080,Rigid,1962772,1962772,1968133,0,5361,5361,completed,16
32081,Rigid,1962804,1962805,1981280,1,18475,18476,completed,16
32082,Rigid,1962832,1962833,1963076,1,243,244,completed,16
32083,Rigid,1962866,1962866,1977941,0,15075,15075,completed,16
32084,Rigid,1963090,1963090,2006316,0,43226,43226,completed,36
32085,Rigid,1964048,1964049,1973805,1,9756,9757,completed,1
32086,Rigid,1964048,1964049,1976477,1,12428,12429,completed,1
32087,Rigid,1964048,1964049,1967407,1,3358,3359,completed,1
32088,Rigid,1964048,1964049,1967627,1,3578,3579,completed,1
32089,Rigid,1964048,1964049,1974046,1,9997,9998,completed,1
32090,Rigid,1964048,1964049,1973553,1,9504,9505,completed,1
32091,Rigid,1964048,1964049,1967789,1,3740,3741,completed,1
32092,Rigid,1964048,1964049,1967629,1,3580,3581,completed,1
32093,Rigid,1964048,1964049,1974092,1,10043,10044,completed,1
32094,Rigid,1964048,1964049,1976766,1,12717,12718,completed,1
32095,Rigid,1964048,1964049,1967396,1,3347,3348,completed,1
32096,Rigid,1964048,1964049,1967631,1,3582,3583,completed,1
32097,Rigid,1964048,1964049,1974087,1,10038,10039,completed,1
32098,Rigid,1964048,1964049,1974041,1,9992,9993,completed,1
32099,Rigid,1964048,1964049,1967429,1,3380,3381,completed,1
32100,Rigid,1964048,1964049,1967729,1,3680,3681,completed,1
32101,Rigid,1964048,1964049,1973590,1,9541,9542,completed,1
32102,Rigid,1964048,1964049,1974875,1,10826,10827,completed,1
32103,Rigid,1964048,1964049,1967598,1,3549,3550,completed,1
32104,Rigid,1964048,1964049,1967866,1,3817,3818,completed,1
32105,Rigid,1964048,1964049,1973649,1,9600,9601,completed,1
32106,Rigid,1964048,1964049,1972671,1,8622,8623,completed,1
32107,Rigid,1964048,1964049,1967591,1,3542,3543,completed,1
32108,Rigid,1964048,1964049,1967789,1,3740,3741,completed,1
32109,Rigid,1964048,1964049,1973265,1,9216,9217,completed,1
32110,Rigid,1964048,1964049,1973943,1,9894,9895,completed,1
32111,Rigid,1964048,1964049,1967503,1,3454,3455,completed,1
32112,Rigid,1964048,1964049,1967563,1,3514,3515,completed,1
32113,Rigid,1964048,1964049,1973704,1,9655,9656,completed,1
32114,Rigid,1964048,1964049,1973624,1,9575,9576,completed,1
32115,Rigid,1964048,1964049,1967537,1,3488,3489,completed,1
32116,Rigid,1964048,1964049,1967469,1,3420,3421,completed,1
32117,Rigid,1964048,1964049,1974216,1,10167,10168,completed,1
32118,Rigid,1964048,1964049,1974742,1,10693,10694,completed,1
32119,Rigid,1964048,1964049,1967613,1,3564,3565,completed,1
32120,Rigid,1964048,1964049,1967781,1,3732,3733,completed,1
32121,Rigid,1964048,1964049,1973508,1,9459,9460,completed,1
32122,Rigid,1964048,1964049,1974348,1,10299,10300,completed,1
32123,Rigid,1964048,1964049,1967648,1,3599,3600,completed,1
32124,Rigid,1964048,1964049,1968050,1,4001,4002,completed,1
32125,Rigid,1964048,1964049,1974784,1,10735,10736,completed,1
32126,Rigid,1964048,1964049,1974340,1,10291,10292,completed,1
32127,Rigid,1964048,1964049,1967709,1,3660,3661,completed,1
32128,Rigid,1964048,1964049,1967518,1,3469,3470,completed,1
32129,Rigid,1964048,1964049,1974197,1,10148,10149,completed,1
32130,Rigid,1964048,1964049,1974620,1,10571,10572,completed,1
32131,Rigid,1964048,1964049,1967705,1,3656,3657,completed,1
32132,Rigid,1964048,1964049,1967653,1,3604,3605,completed,1
32133,Rigid,1964048,1964049,1974001,1,9952,9953,completed,1
32134,Rigid,1964048,1964049,1974898,1,10849,10850,completed,1
32135,Rigid,1964048,1964049,1967675,1,3626,3627,completed,1
32136,Rigid,1964048,1964049,1967775,1,3726,3727,completed,1
32137,Rigid,1964048,1964049,1975003,1,10954,10955,completed,1
32138,Rigid,1964048,1964049,1975573,1,11524,11525,completed,1
32139,Rigid,1964048,1964049,1967619,1,3570,3571,completed,1
32140,Rigid,1964048,1964049,1968049,1,4000,4001,completed,1
32141,Rigid,1964048,1964049,1974415,1,10366,10367,completed,1
32142,Rigid,1964048,1964049,1975193,1,11144,11145,completed,1
32143,Rigid,1964048,1964049,1967745,1,3696,3697,completed,1
32144,Rigid,1964048,1964049,1967883,1,3834,3835,completed,1
32145,Rigid,1964048,1964049,1974643,1,10594,10595,completed,1
32146,Rigid,1964048,1964049,1974009,1,9960,9961,completed,1
32147,Rigid,1964048,1964049,1967415,1,3366,3367,completed,1
32148,Rigid,1964048,1964049,1967536,1,3487,3488,completed,1
32149,Rigid,1964048,1964049,1973426,1,9377,9378,completed,1
32150,Rigid,1964048,1964049,1975257,1,11208,11209,completed,1
32151,Rigid,1964048,1964049,1967481,1,3432,3433,completed,1
32152,Rigid,1964048,1964049,1967612,1,3563,3564,completed,1
32153,Rigid,1964048,1964049,1973706,1,9657,9658,completed,1
32154,Rigid,1964048,1964049,1975226,1,11177,11178,completed,1
32155,Rigid,1964048,1964049,1967476,1,3427,3428,completed,1
32156,Rigid,1964048,1964049,1967542,1,3493,3494,completed,1
32157,Rigid,1964048,1964050,1973368,2,9318,9320,completed,1
32158,Rigid,1964048,1964050,1975734,2,11684,11686,completed,1
32159,Rigid,1964048,1964050,1967423,2,3373,3375,completed,1
32160,Rigid,1964048,1964050,1967625,2,3575,3577,completed,1
32161,Rigid,1964048,1964050,1973095,2,9045,9047,completed,1
32162,Rigid,1964048,1964050,1974729,2,10679,10681,completed,1
32163,Rigid,1964048,1964050,1967415,2,3365,3367,completed,1
32164,Rigid,1964048,1964050,1967781,2,3731,3733,completed,1
32165,Rigid,1964048,1964050,1973949,2,9899,9901,completed,1
32166,Rigid,1964048,1964050,1974284,2,10234,10236,completed,1
32167,Rigid,1964048,1964050,1967456,2,3406,3408,completed,1
32168,Rigid,1964048,1964050,1967379,2,3329,3331,completed,1
32169,Rigid,1964048,1964050,1973725,2,9675,9677,completed,1
32170,Rigid,1964048,1964050,1973477,2,9427,9429,completed,1
32171,Rigid,1964048,1964050,1967564,2,3514,3516,completed,1
32172,Rigid,1964048,1964050,1967707,2,3657,3659,completed,1
32173,Rigid,1964048,1964050,1973600,2,9550,9552,completed,1
32174,Rigid,1964048,1964050,1974588,2,10538,10540,completed,1
32175,Rigid,1964048,1964050,1967543,2,3493,3495,completed,1
32176,Rigid,1964048,1964050,1967647,2,3597,3599,completed,1
32177,Rigid,1964048,1964050,1973156,2,9106,9108,completed,1
32178,Rigid,1964048,1964050,1976663,2,12613,12615,completed,1
32179,Rigid,1964048,1964050,1967609,2,3559,3561,completed,1
32180,Rigid,1964048,1964050,1967931,2,3881,3883,completed,1
32181,Rigid,1964048,1964050,1973571,2,9521,9523,completed,1
32182,Rigid,1964048,1964050,1974226,2,10176,10178,completed,1
32183,Rigid,1964048,1964050,1967525,2,3475,3477,completed,1
32184,Rigid,1964048,1964050,1967696,2,3646,3648,completed,1
32185,Rigid,1964048,1964050,1973832,2,9782,9784,completed,1
32186,Rigid,1964048,1964050,1973736,2,9686,9688,completed,1
32187,Rigid,1964048,1964050,1967672,2,3622,3624,completed,1
32188,Rigid,1964048,1964050,1967864,2,3814,3816,completed,1
32189,Rigid,1964048,1964050,1974241,2,10191,10193,completed,1
32190,Rigid,1964048,1964050,1973888,2,9838,9840,completed,1
32191,Rigid,1964048,1964050,1967436,2,3386,3388,completed,1
32192,Rigid,1964048,1964050,1967662,2,3612,3614,completed,1
32193,Rigid,1964048,1964050,1973792,2,9742,9744,completed,1
32194,Rigid,1964048,1964050,1975810,2,11760,11762,completed,1
32195,Rigid,1964048,1964050,1967584,2,3534,3536,completed,1
32196,Rigid,1964048,1964050,1967686,2,3636,3638,completed,1
32197,Rigid,1964048,1964050,1974051,2,10001,10003,completed,1
32198,Rigid,1964048,1964050,1976466,2,12416,12418,completed,1
32199,Rigid,1964048,1964050,1967683,2,3633,3635,completed,1
32200,Rigid,1964048,1964050,1967870,2,3820,3822,completed,1
32201,Rigid,1964048,1964050,1973654,2,9604,9606,completed,1
32202,Rigid,1964048,1964050,1973468,2,9418,9420,completed,1
32203,Rigid,1964048,1964050,1967421,2,3371,3373,completed,1
32204,Rigid,1964048,1964050,1967460,2,3410,3412,completed,1
32205,Rigid,1964048,1964050,1974627,2,10577,10579,completed,1
32206,Rigid,1964048,1964050,1976439,2,12389,12391,completed,1
32207,Rigid,1964048,1964050,1967803,2,3753,3755,completed,1
32208,Rigid,1964048,1964050,1967652,2,3602,3604,completed,1
32209,Rigid,1964048,1964050,1974122,2,10072,10074,completed,1
32210,Rigid,1964048,1964050,1972815,2,8765,8767,completed,1
32211,Rigid,1964048,1964050,1967689,2,3639,3641,completed,1
32212,Rigid,1964048,1964050,1967980,2,3930,3932,completed,1
32213,Rigid,1964048,1964050,1974722,2,10672,10674,completed,1
32214,Rigid,1964048,1964050,1975305,2,11255,11257,completed,1
32215,Rigid,1964048,1964050,1967547,2,3497,3499,completed,1
32216,Rigid,1964048,1964050,1967676,2,3626,3628,completed,1
32217,Rigid,1964048,1964050,1973906,2,9856,9858,completed,1
32218,Rigid,1964048,1964050,1974229,2,10179,10181,completed,1
32219,Rigid,1964048,1964050,1967786,2,3736,3738,completed,1
32220,Rigid,1964048,1964050,1968086,2,4036,4038,completed,1
32221,Rigid,1964048,1964050,1974267,2,10217,10219,completed,1
32222,Rigid,1964048,1964050,1976148,2,12098,12100,completed,1
32223,Rigid,1964048,1964050,1967977,2,3927,3929,completed,1
32224,Rigid,1964048,1964050,1967650,2,3600,3602,completed,1
32225,Rigid,1964048,1964050,1974466,2,10416,10418,completed,1
32226,Rigid,1964048,1964050,1974888,2,10838,10840,completed,1
32227,Rigid,1964048,1964050,1967659,2,3609,3611,completed,1
32228,Rigid,1964048,1964050,1967955,2,3905,3907,completed,1
32229,Rigid,1964048,1964050,1973118,2,9068,9070,completed,1
32230,Rigid,1964048,1964050,1975276,2,11226,11228,completed,1
32231,Rigid,1964048,1964050,1967580,2,3530,3532,completed,1
32232,Rigid,1964048,1964050,1967903,2,3853,3855,completed,1
32233,Rigid,1964048,1964050,1974816,2,10766,10768,completed,1
32234,Rigid,1964048,1964050,1976357,2,12307,12309,completed,1
32235,Rigid,1964048,1964050,1967839,2,3789,3791,completed,1
32236,Rigid,1964048,1964050,1967961,2,3911,3913,completed,1
32237,Rigid,1964048,1964050,1974428,2,10378,10380,completed,1
32238,Rigid,1964048,1964050,1974538,2,10488,10490,completed,1
32239,Rigid,1964048,1964050,1967843,2,3793,3795,completed,1
32240,Rigid,1964048,1964050,1967834,2,3784,3786,completed,1
32241,Rigid,1964048,1964050,1974747,2,10697,10699,completed,1
32242,Rigid,1964048,1964050,1973336,2,9286,9288,completed,1
32243,Rigid,1964048,1964050,1967983,2,3933,3935,completed,1
32244,Rigid,1964048,1964050,1967771,2,3721,3723,completed,1
32245,Rigid,1964048,1964050,1974165,2,10115,10117,completed,1
32246,Rigid,1964048,1964050,1977095,2,13045,13047,completed,1
32247,Rigid,1964048,1964050,1967839,2,3789,3791,completed,1
32248,Rigid,1964048,1964050,1967963,2,3913,3915,completed,1
32249,Rigid,1964048,1964050,1974837,2,10787,10789,completed,1
32250,Rigid,1964048,1964050,1975759,2,11709,11711,completed,1
32251,Rigid,1964048,1964050,1967588,2,3538,3540,completed,1
32252,Rigid,1964048,1964050,1967447,2,3397,3399,completed,1
32253,Rigid,1964048,1964050,1974323,2,10273,10275,completed,1
32254,Rigid,1964048,1964050,1975153,2,11103,11105,completed,1
32255,Rigid,1964048,1964050,1967560,2,3510,3512,completed,1
32256,Rigid,1964048,1964050,1967744,2,3694,3696,completed,1
32257,Rigid,1964048,1964050,1973273,2,9223,9225,completed,1
32258,Rigid,1964048,1964050,1972808,2,8758,8760,completed,1
32259,Rigid,1964048,1964050,1967528,2,3478,3480,completed,1
32260,Rigid,1964048,1964050,1967747,2,3697,3699,completed,1
32261,Rigid,1964048,1964050,1973528,2,9478,9480,completed,1
32262,Rigid,1964048,1964050,1975141,2,11091,11093,completed,1
32263,Rigid,1964048,1964050,1967600,2,3550,3552,completed,1
32264,Rigid,1964048,1964050,1967608,2,3558,3560,completed,1
32265,Rigid,1964048,1964050,1974265,2,10215,10217,completed,1
32266,Rigid,1964048,1964050,1976310,2,12260,12262,completed,1
32267,Rigid,1964048,1964050,1967759,2,3709,3711,completed,1
32268,Rigid,1964048,1964050,1967923,2,3873,3875,completed,1
32269,Rigid,1964048,1964050,1973855,2,9805,9807,completed,1
32270,Rigid,1964048,1964050,1975218,2,11168,11170,completed,1
32271,Rigid,1964048,1964050,1967501,2,3451,3453,completed,1
32272,Rigid,1964048,1964050,1967795,2,3745,3747,completed,1
32273,Rigid,1964048,1964050,1973892,2,9842,9844,completed,1
32274,Rigid,1964048,1964050,1975085,2,11035,11037,completed,1
32275,Rigid,1964048,1964050,1967522,2,3472,3474,completed,1
32276,Rigid,1964048,1964050,1967702,2,3652,3654,completed,1
32277,Rigid,1964048,1964050,1975007,2,10957,10959,completed,1
32278,Rigid,1964048,1964050,1974959,2,10909,10911,completed,1
32279,Rigid,1964048,1964050,1967509,2,3459,3461,completed,1
32280,Rigid,1964048,1964050,1967691,2,3641,3643,completed,1
32281,Rigid,1964048,1964050,1974526,2,10476,10478,completed,1
32282,Rigid,1964048,1964050,1977260,2,13210,13212,completed,1
32283,Rigid,1964048,1964050,1967527,2,3477,3479,completed,1
32284,Rigid,1964048,1964050,1967570,2,3520,3522,completed,1
32285,Rigid,1964525,1964525,1965035,0,510,510,completed,1
32286,Rigid,1964556,1964556,1964561,0,5,5,completed,36
32287,Rigid,1964706,1964707,2034538,1,69831,69832,completed,36
32288,Rigid,1964789,1964789,1964794,0,5,5,completed,36
32289,Rigid,1965188,1965188,1965268,0,80,80,completed,36
32290,Rigid,1966031,1966032,1966372,1,340,341,completed,1
32291,Rigid,1966879,1966879,1978000,0,11121,11121,completed,144
32292,Rigid,1966938,1966938,1967019,0,81,81,completed,36
32293,Rigid,1966958,1966958,1966968,0,10,10,completed,36
32294,Rigid,1967063,1967064,1967083,1,19,20,completed,144
32295,Rigid,1967101,1967101,1967183,0,82,82,completed,36
32296,Rigid,1967136,1967136,1976175,0,9039,9039,completed,2
32297,Rigid,1967136,1967136,1975341,0,8205,8205,completed,2
32298,Rigid,1967404,1967404,2047699,0,80295,80295,completed,72
32299,Rigid,1967438,1967439,1967522,1,83,84,completed,36
32300,Rigid,1967469,1973039,2018050,5570,45011,50581,completed,36
32301,Rigid,1967792,1967793,1967965,1,172,173,completed,36
32302,Rigid,1968087,1968088,1971193,1,3105,3106,completed,144
32303,Rigid,1968208,1968208,1970618,0,2410,2410,completed,4
32304,Rigid,1968826,1968826,1969415,0,589,589,completed,36
32305,Rigid,1969136,1969193,1970420,57,1227,1284,completed,36
32306,Rigid,1969192,1969809,1980962,617,11153,11770,completed,144
32307,Rigid,1969501,2015969,2016540,46468,571,47039,completed,1440
32308,Rigid,1969610,1969627,2017059,17,47432,47449,completed,36
32309,Rigid,1969667,1969688,2015864,21,46176,46197,completed,36
32310,Rigid,1969823,1969839,2056242,16,86403,86419,completed,1
32311,Rigid,1970496,1970497,1970715,1,218,219,completed,36
32312,Rigid,1970559,1970563,1977405,4,6842,6846,completed,36
32313,Rigid,1970864,1970865,1970961,1,96,97,completed,36
32314,Rigid,1971007,1971007,1971120,0,113,113,completed,36
32315,Rigid,1971275,1971275,1972278,0,1003,1003,completed,36
32316,Rigid,1971394,1971394,1971398,0,4,4,completed,16
32317,Rigid,1971891,1971891,1971896,0,5,5,completed,16
32318,Rigid,1971920,1971920,1971924,0,4,4,completed,16
32319,Rigid,1971940,1971940,1971944,0,4,4,completed,16
32320,Rigid,1971952,2188416,2361220,216464,172804,389268,completed,180
32321,Rigid,1972014,1972014,1972018,0,4,4,completed,16
32322,Rigid,1972192,1972193,1972220,1,27,28,completed,36
32323,Rigid,1972346,1972347,1972377,1,30,31,completed,36
32324,Rigid,1972392,1972401,1972965,9,564,573,completed,1
32325,Rigid,1972392,1972401,1972465,9,64,73,completed,1
32326,Rigid,1972392,1972401,1972901,9,500,509,completed,1
32327,Rigid,1972392,1972401,1972465,9,64,73,completed,1
32328,Rigid,1972392,1972401,1973083,9,682,691,completed,1
32329,Rigid,1972392,1972401,1972465,9,64,73,completed,1
32330,Rigid,1972392,1972401,1972902,9,501,510,completed,1
32331,Rigid,1972392,1972401,1972465,9,64,73,completed,1
32332,Rigid,1972392,1972401,1973049,9,648,657,completed,1
32333,Rigid,1972392,1972401,1972465,9,64,73,completed,1
32334,Rigid,1972392,1972401,1972913,9,512,521,completed,1
32335,Rigid,1972392,1972401,1972465,9,64,73,completed,1
32336,Rigid,1972392,1972401,1973039,9,638,647,completed,1
32337,Rigid,1972392,1972401,1972465,9,64,73,completed,1
32338,Rigid,1972392,1972401,1972917,9,516,525,completed,1
32339,Rigid,1972392,1972401,1972465,9,64,73,completed,1
32340,Rigid,1972392,1972401,1973038,9,637,646,completed,1
32341,Rigid,1972392,1972401,1972465,9,64,73,completed,1
32342,Rigid,1972392,1972401,1972922,9,521,530,completed,1
32343,Rigid,1972392,1972401,1972465,9,64,73,completed,1
32344,Rigid,1972392,1972401,1973064,9,663,672,completed,1
32345,Rigid,1972392,1972401,1972465,9,64,73,completed,1
32346,Rigid,1972392,1972401,1972918,9,517,526,completed,1
32347,Rigid,1972392,1972401,1972465,9,64,73,completed,1
32348,Rigid,1972392,1972402,1973107,10,705,715,completed,1
32349,Rigid,1972392,1972402,1972465,10,63,73,completed,1
32350,Rigid,1972392,1972402,1972913,10,511,521,completed,1
32351,Rigid,1972392,1972402,1972465,10,63,73,completed,1
32352,Rigid,1972392,1972402,1973135,10,733,743,completed,1
32353,Rigid,1972392,1972402,1972465,10,63,73,completed,1
32354,Rigid,1972392,1972402,1972923,10,521,531,completed,1
32355,Rigid,1972392,1972402,1972465,10,63,73,completed,1
32356,Rigid,1972392,1972402,1973217,10,815,825,completed,1
32357,Rigid,1972392,1972402,1972465,10,63,73,completed,1
32358,Rigid,1972392,1972402,1972937,10,535,545,completed,1
32359,Rigid,1972392,1972402,1972465,10,63,73,completed,1
32360,Rigid,1972392,1972402,1973117,10,715,725,completed,1
32361,Rigid,1972392,1972402,1972465,10,63,73,completed,1
32362,Rigid,1972392,1972402,1972896,10,494,504,completed,1
32363,Rigid,1972392,1972402,1972465,10,63,73,completed,1
32364,Rigid,1972392,1972402,1973014,10,612,622,completed,1
32365,Rigid,1972392,1972402,1972465,10,63,73,completed,1
32366,Rigid,1972392,1972402,1972901,10,499,509,completed,1
32367,Rigid,1972392,1972402,1972465,10,63,73,completed,1
32368,Rigid,1972392,1972402,1973163,10,761,771,completed,1
32369,Rigid,1972392,1972402,1972465,10,63,73,completed,1
32370,Rigid,1972392,1972402,1972922,10,520,530,completed,1
32371,Rigid,1972392,1972402,1972467,10,65,75,completed,1
32372,Rigid,1972392,1972402,1973068,10,666,676,completed,1
32373,Rigid,1972392,1972402,1972467,10,65,75,completed,1
32374,Rigid,1972392,1972403,1972908,11,505,516,completed,1
32375,Rigid,1972392,1972403,1972467,11,64,75,completed,1
32376,Rigid,1972392,1972403,1973056,11,653,664,completed,1
32377,Rigid,1972392,1972403,1972467,11,64,75,completed,1
32378,Rigid,1972392,1972403,1972897,11,494,505,completed,1
32379,Rigid,1972392,1972403,1972467,11,64,75,completed,1
32380,Rigid,1972392,1972403,1973119,11,716,727,completed,1
32381,Rigid,1972392,1972403,1972467,11,64,75,completed,1
32382,Rigid,1972392,1972403,1972922,11,519,530,completed,1
32383,Rigid,1972392,1972403,1972467,11,64,75,completed,1
32384,Rigid,1972392,1972403,1973054,11,651,662,completed,1
32385,Rigid,1972392,1972403,1972467,11,64,75,completed,1
32386,Rigid,1972392,1972433,1972906,41,473,514,completed,1
32387,Rigid,1972392,1972433,1972482,41,49,90,completed,1
32388,Rigid,1972392,1972433,1973084,41,651,692,completed,1
32389,Rigid,1972392,1972433,1972482,41,49,90,completed,1
32390,Rigid,1972392,1972433,1972914,41,481,522,completed,1
32391,Rigid,1972392,1972433,1972482,41,49,90,completed,1
32392,Rigid,1972392,1972433,1973072,41,639,680,completed,1
32393,Rigid,1972392,1972433,1972482,41,49,90,completed,1
32394,Rigid,1972392,1972433,1972932,41,499,540,completed,1
32395,Rigid,1972392,1972433,1972482,41,49,90,completed,1
32396,Rigid,1972392,1972433,1973060,41,627,668,completed,1
32397,Rigid,1972392,1972433,1972482,41,49,90,completed,1
32398,Rigid,1972392,1972433,1972939,41,506,547,completed,1
32399,Rigid,1972392,1972433,1972491,41,58,99,completed,1
32400,Rigid,1972392,1972433,1973227,41,794,835,completed,1
32401,Rigid,1972392,1972433,1972491,41,58,99,completed,1
32402,Rigid,1972392,1972433,1972927,41,494,535,completed,1
32403,Rigid,1972392,1972433,1972491,41,58,99,completed,1
32404,Rigid,1972392,1972433,1973086,41,653,694,completed,1
32405,Rigid,1972392,1972433,1972491,41,58,99,completed,1
32406,Rigid,1972392,1972433,1972936,41,503,544,completed,1
32407,Rigid,1972392,1972433,1972491,41,58,99,completed,1
32408,Rigid,1972392,1972433,1973117,41,684,725,completed,1
32409,Rigid,1972392,1972433,1972491,41,58,99,completed,1
32410,Rigid,1972392,1972433,1972924,41,491,532,completed,1
32411,Rigid,1972392,1972433,1972491,41,58,99,completed,1
32412,Rigid,1972392,1972433,1973153,41,720,761,completed,1
32413,Rigid,1972392,1972433,1972491,41,58,99,completed,1
32414,Rigid,1972392,1972433,1972922,41,489,530,completed,1
32415,Rigid,1972392,1972433,1972491,41,58,99,completed,1
32416,Rigid,1972392,1972433,1973175,41,742,783,completed,1
32417,Rigid,1972392,1972433,1972477,41,44,85,completed,1
32418,Rigid,1972392,1972433,1972937,41,504,545,completed,1
32419,Rigid,1972392,1972433,1972477,41,44,85,completed,1
32420,Rigid,1972392,1972433,1973107,41,674,715,completed,1
32421,Rigid,1972392,1972433,1972477,41,44,85,completed,1
32422,Rigid,1972392,1972433,1972929,41,496,537,completed,1
32423,Rigid,1972392,1972433,1972477,41,44,85,completed,1
32424,Rigid,1972392,1972434,1973111,42,677,719,completed,1
32425,Rigid,1972392,1972434,1972477,42,43,85,completed,1
32426,Rigid,1972392,1972434,1972944,42,510,552,completed,1
32427,Rigid,1972392,1972434,1972496,42,62,104,completed,1
32428,Rigid,1972392,1972434,1973117,42,683,725,completed,1
32429,Rigid,1972392,1972434,1972496,42,62,104,completed,1
32430,Rigid,1972392,1972434,1972939,42,505,547,completed,1
32431,Rigid,1972392,1972434,1972496,42,62,104,completed,1
32432,Rigid,1972392,1972434,1973175,42,741,783,completed,1
32433,Rigid,1972392,1972434,1972496,42,62,104,completed,1
32434,Rigid,1972392,1972434,1972938,42,504,546,completed,1
32435,Rigid,1972392,1972434,1972496,42,62,104,completed,1
32436,Rigid,1972392,1972434,1973195,42,761,803,completed,1
32437,Rigid,1972392,1972434,1972496,42,62,104,completed,1
32438,Rigid,1972392,1972434,1972937,42,503,545,completed,1
32439,Rigid,1972392,1972434,1972496,42,62,104,completed,1
32440,Rigid,1972392,1972434,1973082,42,648,690,completed,1
32441,Rigid,1972392,1972434,1972496,42,62,104,completed,1
32442,Rigid,1972392,1972434,1972946,42,512,554,completed,1
32443,Rigid,1972392,1972434,1972496,42,62,104,completed,1
32444,Rigid,1972392,1972434,1973061,42,627,669,completed,1
32445,Rigid,1972392,1972434,1972496,42,62,104,completed,1
32446,Rigid,1972392,1972434,1973005,42,571,613,completed,1
32447,Rigid,1972392,1972434,1972512,42,78,120,completed,1
32448,Rigid,1972392,1972434,1973145,42,711,753,completed,1
32449,Rigid,1972392,1972434,1972512,42,78,120,completed,1
32450,Rigid,1972392,1972434,1972954,42,520,562,completed,1
32451,Rigid,1972392,1972434,1972512,42,78,120,completed,1
32452,Rigid,1972392,1972434,1973125,42,691,733,completed,1
32453,Rigid,1972392,1972434,1972512,42,78,120,completed,1
32454,Rigid,1972392,1972434,1972964,42,530,572,completed,1
32455,Rigid,1972392,1972434,1972512,42,78,120,completed,1
32456,Rigid,1972392,1972434,1973110,42,676,718,completed,1
32457,Rigid,1972392,1972434,1972512,42,78,120,completed,1
32458,Rigid,1972392,1972434,1972962,42,528,570,completed,1
32459,Rigid,1972392,1972434,1972512,42,78,120,completed,1
32460,Rigid,1972392,1972434,1973119,42,685,727,completed,1
32461,Rigid,1972392,1972434,1972512,42,78,120,completed,1
32462,Rigid,1972392,1972434,1972954,42,520,562,completed,1
32463,Rigid,1972392,1972434,1972512,42,78,120,completed,1
32464,Rigid,1972392,1972434,1973178,42,744,786,completed,1
32465,Rigid,1972392,1972434,1972512,42,78,120,completed,1
32466,Rigid,1972392,1972434,1972945,42,511,553,completed,1
32467,Rigid,1972392,1972434,1972512,42,78,120,completed,1
32468,Rigid,1972392,1972434,1973180,42,746,788,completed,1
32469,Rigid,1972392,1972434,1972512,42,78,120,completed,1
32470,Rigid,1972392,1972434,1972947,42,513,555,completed,1
32471,Rigid,1972392,1972434,1972512,42,78,120,completed,1
32472,Rigid,1972392,1972434,1973130,42,696,738,completed,1
32473,Rigid,1972392,1972434,1972478,42,44,86,completed,1
32474,Rigid,1972392,1972434,1972974,42,540,582,completed,1
32475,Rigid,1972392,1972434,1972497,42,63,105,completed,1
32476,Rigid,1972392,1972434,1973095,42,661,703,completed,1
32477,Rigid,1972392,1972434,1972497,42,63,105,completed,1
32478,Rigid,1972392,1972434,1972930,42,496,538,completed,1
32479,Rigid,1972392,1972434,1972497,42,63,105,completed,1
32480,Rigid,1972392,1972434,1973150,42,716,758,completed,1
32481,Rigid,1972392,1972434,1972497,42,63,105,completed,1
32482,Rigid,1972392,1972434,1972927,42,493,535,completed,1
32483,Rigid,1972392,1972434,1972497,42,63,105,completed,1
32484,Rigid,1972392,1972434,1973148,42,714,756,completed,1
32485,Rigid,1972392,1972434,1972497,42,63,105,completed,1
32486,Rigid,1972392,1972434,1972922,42,488,530,completed,1
32487,Rigid,1972392,1972434,1972497,42,63,105,completed,1
32488,Rigid,1972392,1972434,1973083,42,649,691,completed,1
32489,Rigid,1972392,1972434,1972497,42,63,105,completed,1
32490,Rigid,1972392,1972434,1972957,42,523,565,completed,1
32491,Rigid,1972392,1972434,1972497,42,63,105,completed,1
32492,Rigid,1972392,1972434,1973126,42,692,734,completed,1
32493,Rigid,1972392,1972434,1972497,42,63,105,completed,1
32494,Rigid,1972392,1972434,1972978,42,544,586,completed,1
32495,Rigid,1972392,1972434,1972530,42,96,138,completed,1
32496,Rigid,1972392,1972434,1973153,42,719,761,completed,1
32497,Rigid,1972392,1972434,1972530,42,96,138,completed,1
32498,Rigid,1972392,1972434,1972943,42,509,551,completed,1
32499,Rigid,1972392,1972434,1972530,42,96,138,completed,1
32500,Rigid,1972392,1972434,1973128,42,694,736,completed,1
32501,Rigid,1972392,1972434,1972530,42,96,138,completed,1
32502,Rigid,1972392,1972434,1972959,42,525,567,completed,1
32503,Rigid,1972392,1972434,1972530,42,96,138,completed,1
32504,Rigid,1972392,1972434,1973058,42,624,666,completed,1
32505,Rigid,1972392,1972434,1972530,42,96,138,completed,1
32506,Rigid,1972392,1972434,1972975,42,541,583,completed,1
32507,Rigid,1972392,1972434,1972530,42,96,138,completed,1
32508,Rigid,1972392,1972434,1973111,42,677,719,completed,1
32509,Rigid,1972392,1972434,1972530,42,96,138,completed,1
32510,Rigid,1972392,1972434,1972946,42,512,554,completed,1
32511,Rigid,1972392,1972434,1972530,42,96,138,completed,1
32512,Rigid,1972392,1972434,1973231,42,797,839,completed,1
32513,Rigid,1972392,1972434,1972530,42,96,138,completed,1
32514,Rigid,1972392,1972434,1972956,42,522,564,completed,1
32515,Rigid,1972392,1972434,1972530,42,96,138,completed,1
32516,Rigid,1972392,1972435,1973102,43,667,710,completed,1
32517,Rigid,1972392,1972435,1972530,43,95,138,completed,1
32518,Rigid,1972392,1972435,1972951,43,516,559,completed,1
32519,Rigid,1972392,1972435,1972530,43,95,138,completed,1
32520,Rigid,1972392,1972435,1973118,43,683,726,completed,1
32521,Rigid,1972392,1972435,1972530,43,95,138,completed,1
32522,Rigid,1972392,1972435,1972958,43,523,566,completed,1
32523,Rigid,1972392,1972435,1972530,43,95,138,completed,1
32524,Rigid,1972392,1972435,1972993,43,558,601,completed,1
32525,Rigid,1972392,1972435,1972529,43,94,137,completed,1
32526,Rigid,1972392,1972435,1972971,43,536,579,completed,1
32527,Rigid,1972392,1972435,1972529,43,94,137,completed,1
32528,Rigid,1972392,1972435,1972969,43,534,577,completed,1
32529,Rigid,1972392,1972435,1972529,43,94,137,completed,1
32530,Rigid,1972392,1972435,1972979,43,544,587,completed,1
32531,Rigid,1972392,1972435,1972529,43,94,137,completed,1
32532,Rigid,1972392,1972435,1972969,43,534,577,completed,1
32533,Rigid,1972392,1972436,1972529,44,93,137,completed,1
32534,Rigid,1972392,1972436,1972965,44,529,573,completed,1
32535,Rigid,1972392,1972436,1972529,44,93,137,completed,1
32536,Rigid,1972392,1972436,1972990,44,554,598,completed,1
32537,Rigid,1972392,1972436,1972529,44,93,137,completed,1
32538,Rigid,1972392,1972436,1972971,44,535,579,completed,1
32539,Rigid,1972392,1972436,1972529,44,93,137,completed,1
32540,Rigid,1972392,1972436,1972978,44,542,586,completed,1
32541,Rigid,1972392,1972436,1972529,44,93,137,completed,1
32542,Rigid,1972392,1972436,1972993,44,557,601,completed,1
32543,Rigid,1972392,1972436,1972529,44,93,137,completed,1
32544,Rigid,1972392,1972436,1972986,44,550,594,completed,1
32545,Rigid,1972392,1972436,1972529,44,93,137,completed,1
32546,Rigid,1972392,1972436,1972989,44,553,597,completed,1
32547,Rigid,1972392,1972436,1972529,44,93,137,completed,1
32548,Rigid,1972392,1972436,1973033,44,597,641,completed,1
32549,Rigid,1972392,1972436,1972529,44,93,137,completed,1
32550,Rigid,1972392,1972436,1972969,44,533,577,completed,1
32551,Rigid,1972392,1972436,1972529,44,93,137,completed,1
32552,Rigid,1972392,1972436,1972974,44,538,582,completed,1
32553,Rigid,1972392,1972436,1972529,44,93,137,completed,1
32554,Rigid,1972392,1972436,1972974,44,538,582,completed,1
32555,Rigid,1972392,1972436,1972529,44,93,137,completed,1
32556,Rigid,1972392,1972436,1972969,44,533,577,completed,1
32557,Rigid,1972392,1972436,1972529,44,93,137,completed,1
32558,Rigid,1972392,1972436,1972979,44,543,587,completed,1
32559,Rigid,1972392,1972436,1972529,44,93,137,completed,1
32560,Rigid,1972392,1972436,1973003,44,567,611,completed,1
32561,Rigid,1972392,1972436,1972529,44,93,137,completed,1
32562,Rigid,1972392,1972436,1972972,44,536,580,completed,1
32563,Rigid,1972392,1972436,1972529,44,93,137,completed,1
32564,Rigid,1972392,1972436,1972971,44,535,579,completed,1
32565,Rigid,1972392,1972436,1972529,44,93,137,completed,1
32566,Rigid,1972392,1972436,1972998,44,562,606,completed,1
32567,Rigid,1972392,1972436,1972533,44,97,141,completed,1
32568,Rigid,1972392,1972436,1972979,44,543,587,completed,1
32569,Rigid,1972392,1972436,1972532,44,96,140,completed,1
32570,Rigid,1972392,1972436,1972979,44,543,587,completed,1
32571,Rigid,1972392,1972437,1972533,45,96,141,completed,1
32572,Rigid,1972392,1972437,1972975,45,538,583,completed,1
32573,Rigid,1972392,1972437,1972532,45,95,140,completed,1
32574,Rigid,1972392,1972437,1972975,45,538,583,completed,1
32575,Rigid,1972392,1972437,1972532,45,95,140,completed,1
32576,Rigid,1972392,1972437,1972985,45,548,593,completed,1
32577,Rigid,1972392,1972437,1972532,45,95,140,completed,1
32578,Rigid,1972392,1972437,1973014,45,577,622,completed,1
32579,Rigid,1972392,1972437,1972533,45,96,141,completed,1
32580,Rigid,1972392,1972437,1972993,45,556,601,completed,1
32581,Rigid,1972392,1972437,1972532,45,95,140,completed,1
32582,Rigid,1972392,1972437,1972972,45,535,580,completed,1
32583,Rigid,1972392,1972437,1972533,45,96,141,completed,1
32584,Rigid,1972392,1972437,1973040,45,603,648,completed,1
32585,Rigid,1972392,1972437,1972532,45,95,140,completed,1
32586,Rigid,1972392,1972437,1972970,45,533,578,completed,1
32587,Rigid,1972392,1972437,1972532,45,95,140,completed,1
32588,Rigid,1972392,1972437,1973027,45,590,635,completed,1
32589,Rigid,1972392,1972437,1972532,45,95,140,completed,1
32590,Rigid,1972392,1972437,1972987,45,550,595,completed,1
32591,Rigid,1972392,1972437,1972533,45,96,141,completed,1
32592,Rigid,1972392,1972437,1973006,45,569,614,completed,1
32593,Rigid,1972392,1972437,1972532,45,95,140,completed,1
32594,Rigid,1972392,1972437,1973016,45,579,624,completed,1
32595,Rigid,1972392,1972437,1972533,45,96,141,completed,1
32596,Rigid,1972392,1972437,1973027,45,590,635,completed,1
32597,Rigid,1972392,1972437,1972532,45,95,140,completed,1
32598,Rigid,1972392,1972437,1972980,45,543,588,completed,1
32599,Rigid,1972392,1972437,1972532,45,95,140,completed,1
32600,Rigid,1972392,1972437,1973000,45,563,608,completed,1
32601,Rigid,1972392,1972437,1972532,45,95,140,completed,1
32602,Rigid,1972392,1972437,1972995,45,558,603,completed,1
32603,Rigid,1972392,1972437,1972533,45,96,141,completed,1
32604,Rigid,1972392,1972437,1972990,45,553,598,completed,1
32605,Rigid,1972392,1972437,1972533,45,96,141,completed,1
32606,Rigid,1972392,1972437,1972980,45,543,588,completed,1
32607,Rigid,1972392,1972437,1972533,45,96,141,completed,1
32608,Rigid,1972392,1972437,1973001,45,564,609,completed,1
32609,Rigid,1972392,1972437,1972533,45,96,141,completed,1
32610,Rigid,1972392,1972437,1972971,45,534,579,completed,1
32611,Rigid,1972392,1972437,1972533,45,96,141,completed,1
32612,Rigid,1972392,1972437,1972990,45,553,598,completed,1
32613,Rigid,1972392,1972437,1972533,45,96,141,completed,1
32614,Rigid,1972392,1972437,1972992,45,555,600,completed,1
32615,Rigid,1972392,1972437,1972533,45,96,141,completed,1
32616,Rigid,1972392,1972437,1972987,45,550,595,completed,1
32617,Rigid,1972392,1972437,1972533,45,96,141,completed,1
32618,Rigid,1972392,1972437,1973001,45,564,609,completed,1
32619,Rigid,1972392,1972437,1972533,45,96,141,completed,1
32620,Rigid,1972392,1972437,1973037,45,600,645,completed,1
32621,Rigid,1972392,1972437,1972533,45,96,141,completed,1
32622,Rigid,1972392,1972437,1972971,45,534,579,completed,1
32623,Rigid,1972392,1972437,1972533,45,96,141,completed,1
32624,Rigid,1972392,1972437,1972979,45,542,587,completed,1
32625,Rigid,1972392,1972437,1972533,45,96,141,completed,1
32626,Rigid,1972392,1972437,1972984,45,547,592,completed,1
32627,Rigid,1972392,1972437,1972533,45,96,141,completed,1
32628,Rigid,1972392,1972437,1972986,45,549,594,completed,1
32629,Rigid,1972392,1972437,1972533,45,96,141,completed,1
32630,Rigid,1972392,1972437,1972975,45,538,583,completed,1
32631,Rigid,1972392,1972437,1972533,45,96,141,completed,1
32632,Rigid,1972392,1972437,1973005,45,568,613,completed,1
32633,Rigid,1972392,1972437,1972533,45,96,141,completed,1
32634,Rigid,1972392,1972437,1972977,45,540,585,completed,1
32635,Rigid,1972392,1972437,1972533,45,96,141,completed,1
32636,Rigid,1972392,1972437,1973007,45,570,615,completed,1
32637,Rigid,1972392,1972437,1972533,45,96,141,completed,1
32638,Rigid,1972392,1972437,1972999,45,562,607,completed,1
32639,Rigid,1972392,1972437,1972532,45,95,140,completed,1
32640,Rigid,1972392,1972437,1972982,45,545,590,completed,1
32641,Rigid,1972392,1972437,1972532,45,95,140,completed,1
32642,Rigid,1972392,1972437,1972973,45,536,581,completed,1
32643,Rigid,1972392,1972437,1972532,45,95,140,completed,1
32644,Rigid,1972392,1972437,1972992,45,555,600,completed,1
32645,Rigid,1972392,1972437,1972532,45,95,140,completed,1
32646,Rigid,1972392,1972437,1972978,45,541,586,completed,1
32647,Rigid,1972392,1972437,1972532,45,95,140,completed,1
32648,Rigid,1972392,1972437,1972979,45,542,587,completed,1
32649,Rigid,1972392,1972437,1972532,45,95,140,completed,1
32650,Rigid,1972392,1972437,1972989,45,552,597,completed,1
32651,Rigid,1972392,1972437,1972532,45,95,140,completed,1
32652,Rigid,1972392,1972437,1972983,45,546,591,completed,1
32653,Rigid,1972392,1972437,1972532,45,95,140,completed,1
32654,Rigid,1972392,1972437,1972994,45,557,602,completed,1
32655,Rigid,1972392,1972437,1972532,45,95,140,completed,1
32656,Rigid,1972392,1972437,1973041,45,604,649,completed,1
32657,Rigid,1972392,1972437,1972532,45,95,140,completed,1
32658,Rigid,1972392,1972437,1972982,45,545,590,completed,1
32659,Rigid,1972392,1972437,1972532,45,95,140,completed,1
32660,Rigid,1972392,1972437,1972977,45,540,585,completed,1
32661,Rigid,1972392,1972437,1972532,45,95,140,completed,1
32662,Rigid,1972392,1972437,1972983,45,546,591,completed,1
32663,Rigid,1972392,1972437,1972532,45,95,140,completed,1
32664,Rigid,1972392,1972437,1972982,45,545,590,completed,1
32665,Rigid,1972392,1972437,1972532,45,95,140,completed,1
32666,Rigid,1972392,1972437,1972966,45,529,574,completed,1
32667,Rigid,1972392,1972437,1972532,45,95,140,completed,1
32668,Rigid,1972392,1972437,1972999,45,562,607,completed,1
32669,Rigid,1972392,1972437,1972532,45,95,140,completed,1
32670,Rigid,1972392,1972437,1972982,45,545,590,completed,1
32671,Rigid,1972392,1972437,1972532,45,95,140,completed,1
32672,Rigid,1972392,1972437,1972999,45,562,607,completed,1
32673,Rigid,1972392,1972437,1972532,45,95,140,completed,1
32674,Rigid,1972392,1972437,1972992,45,555,600,completed,1
32675,Rigid,1972392,1972437,1972533,45,96,141,completed,1
32676,Rigid,1972392,1972437,1972977,45,540,585,completed,1
32677,Rigid,1972392,1972437,1972533,45,96,141,completed,1
32678,Rigid,1972392,1972437,1972969,45,532,577,completed,1
32679,Rigid,1972392,1972437,1972533,45,96,141,completed,1
32680,Rigid,1972392,1972437,1972980,45,543,588,completed,1
32681,Rigid,1972392,1972437,1972533,45,96,141,completed,1
32682,Rigid,1972392,1972437,1972985,45,548,593,completed,1
32683,Rigid,1972392,1972437,1972533,45,96,141,completed,1
32684,Rigid,1972392,1972437,1972985,45,548,593,completed,1
32685,Rigid,1972392,1972437,1972533,45,96,141,completed,1
32686,Rigid,1972392,1972437,1972998,45,561,606,completed,1
32687,Rigid,1972392,1972437,1972533,45,96,141,completed,1
32688,Rigid,1972392,1972437,1972980,45,543,588,completed,1
32689,Rigid,1972392,1972437,1972533,45,96,141,completed,1
32690,Rigid,1972392,1972437,1972965,45,528,573,completed,1
32691,Rigid,1972392,1972437,1972533,45,96,141,completed,1
32692,Rigid,1972392,1972437,1973043,45,606,651,completed,1
32693,Rigid,1972392,1972437,1972533,45,96,141,completed,1
32694,Rigid,1972392,1972437,1972972,45,535,580,completed,1
32695,Rigid,1972392,1972437,1972533,45,96,141,completed,1
32696,Rigid,1972392,1972437,1972987,45,550,595,completed,1
32697,Rigid,1972392,1972437,1972533,45,96,141,completed,1
32698,Rigid,1972392,1972437,1972986,45,549,594,completed,1
32699,Rigid,1972392,1972437,1972533,45,96,141,completed,1
32700,Rigid,1972392,1972437,1972978,45,541,586,completed,1
32701,Rigid,1972392,1972437,1972533,45,96,141,completed,1
32702,Rigid,1972392,1972437,1972986,45,549,594,completed,1
32703,Rigid,1972392,1972437,1972533,45,96,141,completed,1
32704,Rigid,1972392,1972437,1973005,45,568,613,completed,1
32705,Rigid,1972392,1972437,1972533,45,96,141,completed,1
32706,Rigid,1972392,1972438,1972979,46,541,587,completed,1
32707,Rigid,1972392,1972438,1972533,46,95,141,completed,1
32708,Rigid,1972392,1972438,1973004,46,566,612,completed,1
32709,Rigid,1972392,1972438,1972533,46,95,141,completed,1
32710,Rigid,1972392,1972438,1972957,46,519,565,completed,1
32711,Rigid,1972392,1972438,1972493,46,55,101,completed,1
32712,Rigid,1972392,1972438,1972928,46,490,536,completed,1
32713,Rigid,1972392,1972438,1972493,46,55,101,completed,1
32714,Rigid,1972392,1972438,1972928,46,490,536,completed,1
32715,Rigid,1972392,1972438,1972493,46,55,101,completed,1
32716,Rigid,1972392,1972438,1972940,46,502,548,completed,1
32717,Rigid,1972392,1972438,1972493,46,55,101,completed,1
32718,Rigid,1972392,1972438,1972927,46,489,535,completed,1
32719,Rigid,1972392,1972438,1972493,46,55,101,completed,1
32720,Rigid,1972392,1972438,1972929,46,491,537,completed,1
32721,Rigid,1972392,1972438,1972493,46,55,101,completed,1
32722,Rigid,1972392,1972438,1972946,46,508,554,completed,1
32723,Rigid,1972392,1972438,1972493,46,55,101,completed,1
32724,Rigid,1972448,1972468,1972472,20,4,24,completed,1
32725,Rigid,1972513,1972528,1972532,15,4,19,completed,1
32726,Rigid,1972538,1972538,1972619,0,81,81,completed,36
32727,Rigid,1972814,1972828,1989669,14,16841,16855,completed,1
32728,Rigid,1972885,1972888,1985310,3,12422,12425,completed,144
32729,Rigid,1972936,1972948,1989373,12,16425,16437,completed,1
32730,Rigid,1972942,1972948,1989373,6,16425,16431,completed,1
32731,Rigid,1972947,1972948,1989378,1,16430,16431,completed,1
32732,Rigid,1972951,1972978,1989448,27,16470,16497,completed,1
32733,Rigid,1972956,1972978,1989386,22,16408,16430,completed,1
32734,Rigid,1973251,1973251,1973274,0,23,23,completed,16
32735,Rigid,1974085,1974090,1975816,5,1726,1731,completed,36
32736,Rigid,1974748,1974751,1974862,3,111,114,completed,1
32737,Rigid,1974748,1974751,1974837,3,86,89,completed,1
32738,Rigid,1974748,1974751,1974862,3,111,114,completed,1
32739,Rigid,1974748,1974751,1974838,3,87,90,completed,1
32740,Rigid,1974748,1974751,1974862,3,111,114,completed,1
32741,Rigid,1974748,1974751,1974838,3,87,90,completed,1
32742,Rigid,1974748,1974751,1974862,3,111,114,completed,1
32743,Rigid,1974748,1974751,1974836,3,85,88,completed,1
32744,Rigid,1974748,1974751,1974862,3,111,114,completed,1
32745,Rigid,1974748,1974751,1974836,3,85,88,completed,1
32746,Rigid,1974748,1974751,1974862,3,111,114,completed,1
32747,Rigid,1974748,1974751,1974837,3,86,89,completed,1
32748,Rigid,1974748,1974751,1974862,3,111,114,completed,1
32749,Rigid,1974748,1974751,1974835,3,84,87,completed,1
32750,Rigid,1974748,1974751,1974862,3,111,114,completed,1
32751,Rigid,1974748,1974751,1974836,3,85,88,completed,1
32752,Rigid,1974748,1974751,1974862,3,111,114,completed,1
32753,Rigid,1974748,1974751,1974836,3,85,88,completed,1
32754,Rigid,1974748,1974751,1974862,3,111,114,completed,1
32755,Rigid,1974748,1974751,1974837,3,86,89,completed,1
32756,Rigid,1974748,1974751,1974862,3,111,114,completed,1
32757,Rigid,1974748,1974751,1974837,3,86,89,completed,1
32758,Rigid,1974748,1974751,1974862,3,111,114,completed,1
32759,Rigid,1974748,1974751,1974836,3,85,88,completed,1
32760,Rigid,1974748,1974751,1974862,3,111,114,completed,1
32761,Rigid,1974748,1974751,1974837,3,86,89,completed,1
32762,Rigid,1974748,1974751,1974862,3,111,114,completed,1
32763,Rigid,1974748,1974751,1974836,3,85,88,completed,1
32764,Rigid,1974748,1974751,1974862,3,111,114,completed,1
32765,Rigid,1974748,1974751,1974838,3,87,90,completed,1
32766,Rigid,1974748,1974751,1974862,3,111,114,completed,1
32767,Rigid,1974748,1974751,1974836,3,85,88,completed,1
32768,Rigid,1974748,1974751,1974862,3,111,114,completed,1
32769,Rigid,1974748,1974751,1974795,3,44,47,completed,1
32770,Rigid,1974748,1974751,1974862,3,111,114,completed,1
32771,Rigid,1974748,1974751,1974794,3,43,46,completed,1
32772,Rigid,1974748,1974751,1974862,3,111,114,completed,1
32773,Rigid,1974748,1974751,1974812,3,61,64,completed,1
32774,Rigid,1974748,1974751,1974862,3,111,114,completed,1
32775,Rigid,1974748,1974751,1974793,3,42,45,completed,1
32776,Rigid,1974748,1974751,1974862,3,111,114,completed,1
32777,Rigid,1974748,1974751,1974795,3,44,47,completed,1
32778,Rigid,1974748,1974751,1974862,3,111,114,completed,1
32779,Rigid,1974748,1974751,1974806,3,55,58,completed,1
32780,Rigid,1974748,1974751,1974862,3,111,114,completed,1
32781,Rigid,1974748,1974751,1974806,3,55,58,completed,1
32782,Rigid,1974748,1974751,1974862,3,111,114,completed,1
32783,Rigid,1974748,1974751,1974812,3,61,64,completed,1
32784,Rigid,1974748,1974751,1974862,3,111,114,completed,1
32785,Rigid,1974748,1974751,1974810,3,59,62,completed,1
32786,Rigid,1974748,1974751,1974862,3,111,114,completed,1
32787,Rigid,1974748,1974751,1974810,3,59,62,completed,1
32788,Rigid,1974748,1974751,1974862,3,111,114,completed,1
32789,Rigid,1974748,1974751,1974810,3,59,62,completed,1
32790,Rigid,1974748,1974751,1974862,3,111,114,completed,1
32791,Rigid,1974748,1974751,1974838,3,87,90,completed,1
32792,Rigid,1974748,1974751,1974862,3,111,114,completed,1
32793,Rigid,1974748,1974751,1974836,3,85,88,completed,1
32794,Rigid,1974748,1974751,1974862,3,111,114,completed,1
32795,Rigid,1974748,1974751,1974837,3,86,89,completed,1
32796,Rigid,1974748,1974751,1974862,3,111,114,completed,1
32797,Rigid,1974748,1974751,1974837,3,86,89,completed,1
32798,Rigid,1974748,1974751,1974862,3,111,114,completed,1
32799,Rigid,1974748,1974751,1974837,3,86,89,completed,1
32800,Rigid,1974748,1974751,1974862,3,111,114,completed,1
32801,Rigid,1974748,1974751,1974837,3,86,89,completed,1
32802,Rigid,1974748,1974751,1974862,3,111,114,completed,1
32803,Rigid,1974748,1974751,1974837,3,86,89,completed,1
32804,Rigid,1974748,1974751,1974862,3,111,114,completed,1
32805,Rigid,1974748,1974751,1974838,3,87,90,completed,1
32806,Rigid,1974748,1974751,1974862,3,111,114,completed,1
32807,Rigid,1974748,1974751,1974837,3,86,89,completed,1
32808,Rigid,1974748,1974751,1974862,3,111,114,completed,1
32809,Rigid,1974748,1974752,1974837,4,85,89,completed,1
32810,Rigid,1974748,1974752,1974862,4,110,114,completed,1
32811,Rigid,1974748,1974752,1974837,4,85,89,completed,1
32812,Rigid,1974748,1974752,1974862,4,110,114,completed,1
32813,Rigid,1974748,1974752,1974838,4,86,90,completed,1
32814,Rigid,1974748,1974752,1974862,4,110,114,completed,1
32815,Rigid,1974748,1974752,1974838,4,86,90,completed,1
32816,Rigid,1974748,1974752,1974862,4,110,114,completed,1
32817,Rigid,1974748,1974752,1974838,4,86,90,completed,1
32818,Rigid,1974748,1974752,1974862,4,110,114,completed,1
32819,Rigid,1974748,1974752,1974837,4,85,89,completed,1
32820,Rigid,1974748,1974752,1974862,4,110,114,completed,1
32821,Rigid,1974748,1974752,1974838,4,86,90,completed,1
32822,Rigid,1974748,1974752,1974862,4,110,114,completed,1
32823,Rigid,1974748,1974752,1974806,4,54,58,completed,1
32824,Rigid,1974748,1974752,1974862,4,110,114,completed,1
32825,Rigid,1974748,1974752,1974806,4,54,58,completed,1
32826,Rigid,1974748,1974752,1974862,4,110,114,completed,1
32827,Rigid,1974748,1974752,1974806,4,54,58,completed,1
32828,Rigid,1974748,1974752,1974862,4,110,114,completed,1
32829,Rigid,1974748,1974752,1974806,4,54,58,completed,1
32830,Rigid,1974748,1974752,1974862,4,110,114,completed,1
32831,Rigid,1974748,1974752,1974806,4,54,58,completed,1
32832,Rigid,1974748,1974752,1974862,4,110,114,completed,1
32833,Rigid,1974748,1974752,1974806,4,54,58,completed,1
32834,Rigid,1974748,1974752,1974862,4,110,114,completed,1
32835,Rigid,1974748,1974752,1974806,4,54,58,completed,1
32836,Rigid,1974748,1974752,1974862,4,110,114,completed,1
32837,Rigid,1974748,1974752,1974806,4,54,58,completed,1
32838,Rigid,1974748,1974752,1974862,4,110,114,completed,1
32839,Rigid,1974748,1974752,1974793,4,41,45,completed,1
32840,Rigid,1974748,1974752,1974862,4,110,114,completed,1
32841,Rigid,1974748,1974752,1974793,4,41,45,completed,1
32842,Rigid,1974748,1974752,1974862,4,110,114,completed,1
32843,Rigid,1974748,1974752,1974793,4,41,45,completed,1
32844,Rigid,1974748,1974752,1974862,4,110,114,completed,1
32845,Rigid,1974748,1974752,1974793,4,41,45,completed,1
32846,Rigid,1974748,1974752,1974862,4,110,114,completed,1
32847,Rigid,1974748,1974752,1974793,4,41,45,completed,1
32848,Rigid,1974748,1974752,1974862,4,110,114,completed,1
32849,Rigid,1974748,1974752,1974811,4,59,63,completed,1
32850,Rigid,1974748,1974752,1974862,4,110,114,completed,1
32851,Rigid,1974748,1974752,1974811,4,59,63,completed,1
32852,Rigid,1974748,1974752,1974862,4,110,114,completed,1
32853,Rigid,1974748,1974752,1974812,4,60,64,completed,1
32854,Rigid,1974748,1974752,1974862,4,110,114,completed,1
32855,Rigid,1974748,1974752,1974812,4,60,64,completed,1
32856,Rigid,1974748,1974752,1974862,4,110,114,completed,1
32857,Rigid,1974748,1974752,1974812,4,60,64,completed,1
32858,Rigid,1974748,1974752,1974862,4,110,114,completed,1
32859,Rigid,1974748,1974752,1974812,4,60,64,completed,1
32860,Rigid,1974748,1974752,1974862,4,110,114,completed,1
32861,Rigid,1974748,1974752,1974812,4,60,64,completed,1
32862,Rigid,1974748,1974752,1974862,4,110,114,completed,1
32863,Rigid,1974748,1974752,1974811,4,59,63,completed,1
32864,Rigid,1974748,1974752,1974862,4,110,114,completed,1
32865,Rigid,1974748,1974752,1974831,4,79,83,completed,1
32866,Rigid,1974748,1974752,1974862,4,110,114,completed,1
32867,Rigid,1974748,1974752,1974831,4,79,83,completed,1
32868,Rigid,1974748,1974752,1974862,4,110,114,completed,1
32869,Rigid,1974748,1974752,1974831,4,79,83,completed,1
32870,Rigid,1974748,1974752,1974862,4,110,114,completed,1
32871,Rigid,1974748,1974752,1974831,4,79,83,completed,1
32872,Rigid,1974748,1974752,1974862,4,110,114,completed,1
32873,Rigid,1974748,1974752,1974831,4,79,83,completed,1
32874,Rigid,1974748,1974752,1974862,4,110,114,completed,1
32875,Rigid,1974748,1974752,1974831,4,79,83,completed,1
32876,Rigid,1974748,1974752,1974862,4,110,114,completed,1
32877,Rigid,1974748,1974752,1974831,4,79,83,completed,1
32878,Rigid,1974748,1974752,1974862,4,110,114,completed,1
32879,Rigid,1974748,1974752,1974831,4,79,83,completed,1
32880,Rigid,1974748,1974752,1974862,4,110,114,completed,1
32881,Rigid,1974748,1974752,1974831,4,79,83,completed,1
32882,Rigid,1974748,1974752,1974862,4,110,114,completed,1
32883,Rigid,1974748,1974752,1974831,4,79,83,completed,1
32884,Rigid,1974748,1974752,1974862,4,110,114,completed,1
32885,Rigid,1974748,1974752,1974831,4,79,83,completed,1
32886,Rigid,1974748,1974752,1974862,4,110,114,completed,1
32887,Rigid,1974748,1974752,1974831,4,79,83,completed,1
32888,Rigid,1974748,1974752,1974862,4,110,114,completed,1
32889,Rigid,1974748,1974752,1974831,4,79,83,completed,1
32890,Rigid,1974748,1974752,1974862,4,110,114,completed,1
32891,Rigid,1974748,1974752,1974831,4,79,83,completed,1
32892,Rigid,1974748,1974752,1974862,4,110,114,completed,1
32893,Rigid,1974748,1974752,1974846,4,94,98,completed,1
32894,Rigid,1974748,1974752,1974862,4,110,114,completed,1
32895,Rigid,1974748,1974752,1974846,4,94,98,completed,1
32896,Rigid,1974748,1974752,1974862,4,110,114,completed,1
32897,Rigid,1974748,1974752,1974847,4,95,99,completed,1
32898,Rigid,1974748,1974752,1974862,4,110,114,completed,1
32899,Rigid,1974748,1974752,1974846,4,94,98,completed,1
32900,Rigid,1974748,1974752,1974862,4,110,114,completed,1
32901,Rigid,1974748,1974752,1974846,4,94,98,completed,1
32902,Rigid,1974748,1974752,1974862,4,110,114,completed,1
32903,Rigid,1974748,1974752,1974846,4,94,98,completed,1
32904,Rigid,1974748,1974752,1974862,4,110,114,completed,1
32905,Rigid,1974748,1974752,1974846,4,94,98,completed,1
32906,Rigid,1974748,1974752,1974862,4,110,114,completed,1
32907,Rigid,1974748,1974752,1974846,4,94,98,completed,1
32908,Rigid,1974748,1974752,1974862,4,110,114,completed,1
32909,Rigid,1974748,1974752,1974847,4,95,99,completed,1
32910,Rigid,1974748,1974752,1974862,4,110,114,completed,1
32911,Rigid,1974748,1974752,1974846,4,94,98,completed,1
32912,Rigid,1974748,1974752,1974862,4,110,114,completed,1
32913,Rigid,1974748,1974752,1974846,4,94,98,completed,1
32914,Rigid,1974748,1974752,1974862,4,110,114,completed,1
32915,Rigid,1974748,1974752,1974847,4,95,99,completed,1
32916,Rigid,1974748,1974752,1974862,4,110,114,completed,1
32917,Rigid,1974748,1974752,1974847,4,95,99,completed,1
32918,Rigid,1974748,1974752,1974862,4,110,114,completed,1
32919,Rigid,1974748,1974752,1974846,4,94,98,completed,1
32920,Rigid,1974748,1974752,1974862,4,110,114,completed,1
32921,Rigid,1974748,1974752,1974847,4,95,99,completed,1
32922,Rigid,1974748,1974752,1974862,4,110,114,completed,1
32923,Rigid,1974748,1974752,1974847,4,95,99,completed,1
32924,Rigid,1974748,1974752,1974862,4,110,114,completed,1
32925,Rigid,1974748,1974752,1974846,4,94,98,completed,1
32926,Rigid,1974748,1974752,1974862,4,110,114,completed,1
32927,Rigid,1974748,1974752,1974846,4,94,98,completed,1
32928,Rigid,1974748,1974752,1974862,4,110,114,completed,1
32929,Rigid,1974748,1974752,1974846,4,94,98,completed,1
32930,Rigid,1974748,1974752,1974862,4,110,114,completed,1
32931,Rigid,1974748,1974752,1974846,4,94,98,completed,1
32932,Rigid,1974748,1974752,1974862,4,110,114,completed,1
32933,Rigid,1974748,1974752,1974846,4,94,98,completed,1
32934,Rigid,1974748,1974752,1974862,4,110,114,completed,1
32935,Rigid,1974748,1974752,1974846,4,94,98,completed,1
32936,Rigid,1974748,1974752,1974862,4,110,114,completed,1
32937,Rigid,1974748,1974752,1974847,4,95,99,completed,1
32938,Rigid,1974748,1974752,1974862,4,110,114,completed,1
32939,Rigid,1974748,1974752,1974847,4,95,99,completed,1
32940,Rigid,1974748,1974752,1974862,4,110,114,completed,1
32941,Rigid,1974748,1974752,1974847,4,95,99,completed,1
32942,Rigid,1974748,1974752,1974862,4,110,114,completed,1
32943,Rigid,1974748,1974752,1974847,4,95,99,completed,1
32944,Rigid,1974748,1974752,1974862,4,110,114,completed,1
32945,Rigid,1974748,1974752,1974847,4,95,99,completed,1
32946,Rigid,1974748,1974752,1974862,4,110,114,completed,1
32947,Rigid,1974748,1974752,1974847,4,95,99,completed,1
32948,Rigid,1974748,1974752,1974862,4,110,114,completed,1
32949,Rigid,1974748,1974752,1974847,4,95,99,completed,1
32950,Rigid,1974748,1974752,1974862,4,110,114,completed,1
32951,Rigid,1974748,1974752,1974847,4,95,99,completed,1
32952,Rigid,1974748,1974752,1974862,4,110,114,completed,1
32953,Rigid,1974748,1974752,1974847,4,95,99,completed,1
32954,Rigid,1974748,1974752,1974862,4,110,114,completed,1
32955,Rigid,1974748,1974752,1974847,4,95,99,completed,1
32956,Rigid,1974748,1974752,1974862,4,110,114,completed,1
32957,Rigid,1974748,1974752,1974847,4,95,99,completed,1
32958,Rigid,1974748,1974752,1974862,4,110,114,completed,1
32959,Rigid,1974748,1974752,1974847,4,95,99,completed,1
32960,Rigid,1974748,1974752,1974862,4,110,114,completed,1
32961,Rigid,1974748,1974752,1974847,4,95,99,completed,1
32962,Rigid,1974748,1974752,1974862,4,110,114,completed,1
32963,Rigid,1974748,1974752,1974847,4,95,99,completed,1
32964,Rigid,1974748,1974752,1974862,4,110,114,completed,1
32965,Rigid,1974748,1974752,1974794,4,42,46,completed,1
32966,Rigid,1974748,1974752,1974862,4,110,114,completed,1
32967,Rigid,1974748,1974752,1974794,4,42,46,completed,1
32968,Rigid,1974748,1974752,1974862,4,110,114,completed,1
32969,Rigid,1974748,1974752,1974847,4,95,99,completed,1
32970,Rigid,1974748,1974752,1974862,4,110,114,completed,1
32971,Rigid,1974748,1974752,1974847,4,95,99,completed,1
32972,Rigid,1974748,1974752,1974862,4,110,114,completed,1
32973,Rigid,1974748,1974752,1974847,4,95,99,completed,1
32974,Rigid,1974748,1974752,1974862,4,110,114,completed,1
32975,Rigid,1974748,1974752,1974846,4,94,98,completed,1
32976,Rigid,1974748,1974752,1974862,4,110,114,completed,1
32977,Rigid,1974748,1974752,1974847,4,95,99,completed,1
32978,Rigid,1974748,1974752,1974862,4,110,114,completed,1
32979,Rigid,1974748,1974752,1974847,4,95,99,completed,1
32980,Rigid,1974748,1974752,1974862,4,110,114,completed,1
32981,Rigid,1974748,1974753,1974847,5,94,99,completed,1
32982,Rigid,1974748,1974753,1974862,5,109,114,completed,1
32983,Rigid,1974748,1974753,1974847,5,94,99,completed,1
32984,Rigid,1974748,1974753,1974862,5,109,114,completed,1
32985,Rigid,1974748,1974753,1974847,5,94,99,completed,1
32986,Rigid,1974748,1974753,1974862,5,109,114,completed,1
32987,Rigid,1974748,1974753,1974847,5,94,99,completed,1
32988,Rigid,1974748,1974753,1974862,5,109,114,completed,1
32989,Rigid,1974748,1974753,1974847,5,94,99,completed,1
32990,Rigid,1974748,1974753,1974862,5,109,114,completed,1
32991,Rigid,1974748,1974753,1974847,5,94,99,completed,1
32992,Rigid,1974748,1974753,1974862,5,109,114,completed,1
32993,Rigid,1974748,1974753,1974847,5,94,99,completed,1
32994,Rigid,1974748,1974753,1974862,5,109,114,completed,1
32995,Rigid,1974748,1974753,1974846,5,93,98,completed,1
32996,Rigid,1974748,1974753,1974862,5,109,114,completed,1
32997,Rigid,1974748,1974753,1974847,5,94,99,completed,1
32998,Rigid,1974748,1974753,1974862,5,109,114,completed,1
32999,Rigid,1974748,1974753,1974847,5,94,99,completed,1
33000,Rigid,1974748,1974753,1974862,5,109,114,completed,1
33001,Rigid,1974748,1974753,1974847,5,94,99,completed,1
33002,Rigid,1974748,1974753,1974862,5,109,114,completed,1
33003,Rigid,1974748,1974753,1974847,5,94,99,completed,1
33004,Rigid,1974748,1974753,1974862,5,109,114,completed,1
33005,Rigid,1974748,1974753,1974848,5,95,100,completed,1
33006,Rigid,1974748,1974753,1974862,5,109,114,completed,1
33007,Rigid,1974748,1974753,1974848,5,95,100,completed,1
33008,Rigid,1974748,1974753,1974862,5,109,114,completed,1
33009,Rigid,1974748,1974753,1974848,5,95,100,completed,1
33010,Rigid,1974748,1974753,1974862,5,109,114,completed,1
33011,Rigid,1974748,1974753,1974848,5,95,100,completed,1
33012,Rigid,1974748,1974753,1974862,5,109,114,completed,1
33013,Rigid,1974748,1974753,1974848,5,95,100,completed,1
33014,Rigid,1974748,1974753,1974862,5,109,114,completed,1
33015,Rigid,1974748,1974753,1974848,5,95,100,completed,1
33016,Rigid,1974748,1974753,1974862,5,109,114,completed,1
33017,Rigid,1974748,1974753,1974848,5,95,100,completed,1
33018,Rigid,1974748,1974753,1974862,5,109,114,completed,1
33019,Rigid,1974748,1974753,1974848,5,95,100,completed,1
33020,Rigid,1974748,1974753,1974862,5,109,114,completed,1
33021,Rigid,1974748,1974753,1974848,5,95,100,completed,1
33022,Rigid,1974748,1974753,1974862,5,109,114,completed,1
33023,Rigid,1974748,1974753,1974848,5,95,100,completed,1
33024,Rigid,1974748,1974753,1974862,5,109,114,completed,1
33025,Rigid,1974748,1974753,1974848,5,95,100,completed,1
33026,Rigid,1974748,1974753,1974862,5,109,114,completed,1
33027,Rigid,1974748,1974753,1974848,5,95,100,completed,1
33028,Rigid,1974748,1974753,1974862,5,109,114,completed,1
33029,Rigid,1974748,1974753,1974848,5,95,100,completed,1
33030,Rigid,1974748,1974753,1974862,5,109,114,completed,1
33031,Rigid,1974748,1974753,1974848,5,95,100,completed,1
33032,Rigid,1974748,1974753,1974862,5,109,114,completed,1
33033,Rigid,1974748,1974753,1974848,5,95,100,completed,1
33034,Rigid,1974748,1974753,1974862,5,109,114,completed,1
33035,Rigid,1974748,1974753,1974848,5,95,100,completed,1
33036,Rigid,1974748,1974753,1974862,5,109,114,completed,1
33037,Rigid,1974748,1974753,1974848,5,95,100,completed,1
33038,Rigid,1974748,1974753,1974862,5,109,114,completed,1
33039,Rigid,1974748,1974753,1974848,5,95,100,completed,1
33040,Rigid,1974748,1974753,1974862,5,109,114,completed,1
33041,Rigid,1974748,1974753,1974848,5,95,100,completed,1
33042,Rigid,1974748,1974753,1974862,5,109,114,completed,1
33043,Rigid,1974748,1974753,1974848,5,95,100,completed,1
33044,Rigid,1974748,1974753,1974862,5,109,114,completed,1
33045,Rigid,1974748,1974753,1974848,5,95,100,completed,1
33046,Rigid,1974748,1974753,1974862,5,109,114,completed,1
33047,Rigid,1974748,1974753,1974848,5,95,100,completed,1
33048,Rigid,1974748,1974753,1974862,5,109,114,completed,1
33049,Rigid,1974748,1974753,1974848,5,95,100,completed,1
33050,Rigid,1974748,1974753,1974862,5,109,114,completed,1
33051,Rigid,1974748,1974753,1974848,5,95,100,completed,1
33052,Rigid,1974748,1974753,1974862,5,109,114,completed,1
33053,Rigid,1974748,1974753,1974848,5,95,100,completed,1
33054,Rigid,1974748,1974753,1974862,5,109,114,completed,1
33055,Rigid,1974748,1974753,1974848,5,95,100,completed,1
33056,Rigid,1974748,1974753,1974862,5,109,114,completed,1
33057,Rigid,1974748,1974753,1974848,5,95,100,completed,1
33058,Rigid,1974748,1974753,1974862,5,109,114,completed,1
33059,Rigid,1974748,1974753,1974848,5,95,100,completed,1
33060,Rigid,1974748,1974753,1974862,5,109,114,completed,1
33061,Rigid,1974748,1974753,1974848,5,95,100,completed,1
33062,Rigid,1974748,1974753,1974862,5,109,114,completed,1
33063,Rigid,1974748,1974753,1974848,5,95,100,completed,1
33064,Rigid,1974748,1974753,1974862,5,109,114,completed,1
33065,Rigid,1974748,1974753,1974848,5,95,100,completed,1
33066,Rigid,1974748,1974753,1974862,5,109,114,completed,1
33067,Rigid,1974748,1974753,1974848,5,95,100,completed,1
33068,Rigid,1974748,1974753,1974862,5,109,114,completed,1
33069,Rigid,1974748,1974753,1974848,5,95,100,completed,1
33070,Rigid,1974748,1974753,1974862,5,109,114,completed,1
33071,Rigid,1974748,1974753,1974848,5,95,100,completed,1
33072,Rigid,1974748,1974753,1974862,5,109,114,completed,1
33073,Rigid,1974748,1974753,1974848,5,95,100,completed,1
33074,Rigid,1974748,1974753,1974862,5,109,114,completed,1
33075,Rigid,1974748,1974753,1974848,5,95,100,completed,1
33076,Rigid,1974748,1974753,1974862,5,109,114,completed,1
33077,Rigid,1974748,1974753,1974848,5,95,100,completed,1
33078,Rigid,1974748,1974753,1974862,5,109,114,completed,1
33079,Rigid,1974748,1974753,1974847,5,94,99,completed,1
33080,Rigid,1974748,1974753,1974862,5,109,114,completed,1
33081,Rigid,1974748,1974753,1974848,5,95,100,completed,1
33082,Rigid,1974748,1974753,1974862,5,109,114,completed,1
33083,Rigid,1974748,1974753,1974847,5,94,99,completed,1
33084,Rigid,1974748,1974753,1974862,5,109,114,completed,1
33085,Rigid,1974748,1974753,1974847,5,94,99,completed,1
33086,Rigid,1974748,1974753,1974862,5,109,114,completed,1
33087,Rigid,1974748,1974753,1974847,5,94,99,completed,1
33088,Rigid,1974748,1974753,1974862,5,109,114,completed,1
33089,Rigid,1974748,1974753,1974848,5,95,100,completed,1
33090,Rigid,1974748,1974753,1974862,5,109,114,completed,1
33091,Rigid,1974748,1974753,1974847,5,94,99,completed,1
33092,Rigid,1974748,1974753,1974862,5,109,114,completed,1
33093,Rigid,1974748,1974753,1974848,5,95,100,completed,1
33094,Rigid,1974748,1974753,1974862,5,109,114,completed,1
33095,Rigid,1974748,1974753,1974848,5,95,100,completed,1
33096,Rigid,1974748,1974753,1974862,5,109,114,completed,1
33097,Rigid,1974748,1974753,1974848,5,95,100,completed,1
33098,Rigid,1974748,1974753,1974862,5,109,114,completed,1
33099,Rigid,1974748,1974753,1974847,5,94,99,completed,1
33100,Rigid,1974748,1974753,1974862,5,109,114,completed,1
33101,Rigid,1974748,1974753,1974847,5,94,99,completed,1
33102,Rigid,1974748,1974753,1974862,5,109,114,completed,1
33103,Rigid,1974748,1974753,1974847,5,94,99,completed,1
33104,Rigid,1974748,1974753,1974862,5,109,114,completed,1
33105,Rigid,1974748,1974753,1974847,5,94,99,completed,1
33106,Rigid,1974748,1974753,1974862,5,109,114,completed,1
33107,Rigid,1974748,1974753,1974847,5,94,99,completed,1
33108,Rigid,1974748,1974753,1974862,5,109,114,completed,1
33109,Rigid,1974748,1974753,1974847,5,94,99,completed,1
33110,Rigid,1974748,1974753,1974862,5,109,114,completed,1
33111,Rigid,1974748,1974753,1974847,5,94,99,completed,1
33112,Rigid,1974748,1974753,1974862,5,109,114,completed,1
33113,Rigid,1974748,1974753,1974825,5,72,77,completed,1
33114,Rigid,1974748,1974753,1974862,5,109,114,completed,1
33115,Rigid,1974748,1974753,1974825,5,72,77,completed,1
33116,Rigid,1974748,1974753,1974862,5,109,114,completed,1
33117,Rigid,1974748,1974753,1974825,5,72,77,completed,1
33118,Rigid,1974748,1974753,1974862,5,109,114,completed,1
33119,Rigid,1974748,1974753,1974825,5,72,77,completed,1
33120,Rigid,1974748,1974753,1974862,5,109,114,completed,1
33121,Rigid,1974748,1974753,1974825,5,72,77,completed,1
33122,Rigid,1974748,1974753,1974862,5,109,114,completed,1
33123,Rigid,1974748,1974753,1974825,5,72,77,completed,1
33124,Rigid,1974748,1974753,1974862,5,109,114,completed,1
33125,Rigid,1974748,1974753,1974825,5,72,77,completed,1
33126,Rigid,1974748,1974753,1974862,5,109,114,completed,1
33127,Rigid,1974748,1974753,1974825,5,72,77,completed,1
33128,Rigid,1974748,1974753,1974862,5,109,114,completed,1
33129,Rigid,1974748,1974753,1974825,5,72,77,completed,1
33130,Rigid,1974748,1974753,1974862,5,109,114,completed,1
33131,Rigid,1974748,1974753,1974825,5,72,77,completed,1
33132,Rigid,1974748,1974753,1974862,5,109,114,completed,1
33133,Rigid,1974748,1974753,1974825,5,72,77,completed,1
33134,Rigid,1974748,1974753,1974862,5,109,114,completed,1
33135,Rigid,1974748,1974753,1974825,5,72,77,completed,1
33136,Rigid,1975188,1975188,1975217,0,29,29,completed,36
33137,Rigid,1975233,1975234,1975808,1,574,575,completed,36
33138,Rigid,1975310,1975324,1978554,14,3230,3244,completed,36
33139,Rigid,1975352,1975353,1975384,1,31,32,completed,36
33140,Rigid,1975577,1975577,1976013,0,436,436,completed,72
33141,Rigid,1975710,1975711,1980318,1,4607,4608,completed,12
33142,Rigid,1975777,1975777,1975808,0,31,31,completed,36
33143,Rigid,1976030,1976047,1976143,17,96,113,completed,36
33144,Rigid,1976181,1976198,1976511,17,313,330,completed,36
33145,Rigid,1976217,1976228,1977426,11,1198,1209,completed,1
33146,Rigid,1976326,1976326,1976329,0,3,3,completed,72
33147,Rigid,1976345,1976345,1976366,0,21,21,completed,16
33148,Rigid,1976471,1976471,1976477,0,6,6,completed,16
33149,Rigid,1976520,1976529,1977127,9,598,607,completed,36
33150,Rigid,1976541,1976541,1976546,0,5,5,completed,16
33151,Rigid,1976563,1976589,1980466,26,3877,3903,completed,6
33152,Rigid,1976722,1976722,1976733,0,11,11,completed,16
33153,Rigid,1976888,1976888,1976897,0,9,9,completed,16
33154,Rigid,1976947,1976947,1976951,0,4,4,completed,36
33155,Rigid,1976987,1976988,1976993,1,5,6,completed,36
33156,Rigid,1977046,1977046,1977050,0,4,4,completed,16
33157,Rigid,1977069,1977069,1977074,0,5,5,completed,36
33158,Rigid,1977101,1977101,1977107,0,6,6,completed,16
33159,Rigid,1977132,1977161,1977434,29,273,302,completed,36
33160,Rigid,1977141,1977142,1977161,1,19,20,completed,36
33161,Rigid,1977201,1977203,1977324,2,121,123,completed,36
33162,Rigid,1977387,1977387,1977391,0,4,4,completed,16
33163,Rigid,1977429,1977430,1977446,1,16,17,completed,36
33164,Rigid,1977436,1977436,1977441,0,5,5,completed,16
33165,Rigid,1977442,1977462,1977822,20,360,380,completed,36
33166,Rigid,1977467,1977467,1977473,0,6,6,completed,16
33167,Rigid,1977529,1977529,1977538,0,9,9,completed,36
33168,Rigid,1977629,1977629,1977639,0,10,10,completed,36
33169,Rigid,1977700,1977700,1977724,0,24,24,completed,16
33170,Rigid,1977727,1977733,1978405,6,672,678,completed,1
33171,Rigid,1977727,1977733,1977795,6,62,68,completed,1
33172,Rigid,1977727,1977733,1978276,6,543,549,completed,1
33173,Rigid,1977727,1977733,1977796,6,63,69,completed,1
33174,Rigid,1977727,1977733,1978417,6,684,690,completed,1
33175,Rigid,1977727,1977733,1977794,6,61,67,completed,1
33176,Rigid,1977727,1977733,1978219,6,486,492,completed,1
33177,Rigid,1977727,1977733,1977797,6,64,70,completed,1
33178,Rigid,1977727,1977733,1978365,6,632,638,completed,1
33179,Rigid,1977727,1977733,1977802,6,69,75,completed,1
33180,Rigid,1977727,1977733,1978234,6,501,507,completed,1
33181,Rigid,1977727,1977733,1977802,6,69,75,completed,1
33182,Rigid,1977727,1977733,1978363,6,630,636,completed,1
33183,Rigid,1977727,1977733,1977801,6,68,74,completed,1
33184,Rigid,1977727,1977733,1978244,6,511,517,completed,1
33185,Rigid,1977727,1977733,1977795,6,62,68,completed,1
33186,Rigid,1977727,1977733,1978389,6,656,662,completed,1
33187,Rigid,1977727,1977733,1977802,6,69,75,completed,1
33188,Rigid,1977727,1977733,1978231,6,498,504,completed,1
33189,Rigid,1977727,1977733,1977794,6,61,67,completed,1
33190,Rigid,1977727,1977733,1978420,6,687,693,completed,1
33191,Rigid,1977727,1977733,1977795,6,62,68,completed,1
33192,Rigid,1977727,1977733,1978209,6,476,482,completed,1
33193,Rigid,1977727,1977733,1977800,6,67,73,completed,1
33194,Rigid,1977727,1977733,1978335,6,602,608,completed,1
33195,Rigid,1977727,1977733,1977791,6,58,64,completed,1
33196,Rigid,1977727,1977733,1978201,6,468,474,completed,1
33197,Rigid,1977727,1977733,1977797,6,64,70,completed,1
33198,Rigid,1977727,1977733,1978375,6,642,648,completed,1
33199,Rigid,1977727,1977733,1977796,6,63,69,completed,1
33200,Rigid,1977727,1977733,1978236,6,503,509,completed,1
33201,Rigid,1977727,1977733,1977795,6,62,68,completed,1
33202,Rigid,1977727,1977733,1978491,6,758,764,completed,1
33203,Rigid,1977727,1977733,1977801,6,68,74,completed,1
33204,Rigid,1977727,1977733,1978237,6,504,510,completed,1
33205,Rigid,1977727,1977733,1977801,6,68,74,completed,1
33206,Rigid,1977727,1977733,1978404,6,671,677,completed,1
33207,Rigid,1977727,1977733,1977800,6,67,73,completed,1
33208,Rigid,1977727,1977733,1978218,6,485,491,completed,1
33209,Rigid,1977727,1977733,1977790,6,57,63,completed,1
33210,Rigid,1977727,1977733,1978362,6,629,635,completed,1
33211,Rigid,1977727,1977733,1977786,6,53,59,completed,1
33212,Rigid,1977727,1977733,1978239,6,506,512,completed,1
33213,Rigid,1977727,1977733,1977788,6,55,61,completed,1
33214,Rigid,1977727,1977733,1978467,6,734,740,completed,1
33215,Rigid,1977727,1977733,1977783,6,50,56,completed,1
33216,Rigid,1977727,1977733,1978224,6,491,497,completed,1
33217,Rigid,1977727,1977733,1977783,6,50,56,completed,1
33218,Rigid,1977727,1977733,1978401,6,668,674,completed,1
33219,Rigid,1977727,1977734,1977780,7,46,53,completed,1
33220,Rigid,1977727,1977734,1978226,7,492,499,completed,1
33221,Rigid,1977727,1977734,1977780,7,46,53,completed,1
33222,Rigid,1977727,1977734,1978379,7,645,652,completed,1
33223,Rigid,1977727,1977734,1977780,7,46,53,completed,1
33224,Rigid,1977727,1977734,1978299,7,565,572,completed,1
33225,Rigid,1977727,1977734,1977850,7,116,123,completed,1
33226,Rigid,1977727,1977734,1978444,7,710,717,completed,1
33227,Rigid,1977727,1977734,1977850,7,116,123,completed,1
33228,Rigid,1977727,1977734,1978278,7,544,551,completed,1
33229,Rigid,1977727,1977734,1977850,7,116,123,completed,1
33230,Rigid,1977727,1977734,1978419,7,685,692,completed,1
33231,Rigid,1977727,1977734,1977850,7,116,123,completed,1
33232,Rigid,1977727,1977734,1978272,7,538,545,completed,1
33233,Rigid,1977727,1977734,1977850,7,116,123,completed,1
33234,Rigid,1977727,1977734,1978438,7,704,711,completed,1
33235,Rigid,1977727,1977734,1977850,7,116,123,completed,1
33236,Rigid,1977727,1977734,1978302,7,568,575,completed,1
33237,Rigid,1977727,1977734,1977850,7,116,123,completed,1
33238,Rigid,1977727,1977734,1978417,7,683,690,completed,1
33239,Rigid,1977727,1977734,1977850,7,116,123,completed,1
33240,Rigid,1977727,1977734,1978268,7,534,541,completed,1
33241,Rigid,1977727,1977734,1977850,7,116,123,completed,1
33242,Rigid,1977727,1977734,1978508,7,774,781,completed,1
33243,Rigid,1977727,1977734,1977850,7,116,123,completed,1
33244,Rigid,1977727,1977734,1978293,7,559,566,completed,1
33245,Rigid,1977727,1977734,1977850,7,116,123,completed,1
33246,Rigid,1977727,1977734,1978498,7,764,771,completed,1
33247,Rigid,1977727,1977734,1977850,7,116,123,completed,1
33248,Rigid,1977727,1977734,1978291,7,557,564,completed,1
33249,Rigid,1977727,1977734,1977850,7,116,123,completed,1
33250,Rigid,1977727,1977734,1978427,7,693,700,completed,1
33251,Rigid,1977727,1977734,1977850,7,116,123,completed,1
33252,Rigid,1977727,1977734,1978284,7,550,557,completed,1
33253,Rigid,1977727,1977734,1977850,7,116,123,completed,1
33254,Rigid,1977727,1977734,1978482,7,748,755,completed,1
33255,Rigid,1977727,1977734,1977850,7,116,123,completed,1
33256,Rigid,1977727,1977734,1978285,7,551,558,completed,1
33257,Rigid,1977727,1977734,1977850,7,116,123,completed,1
33258,Rigid,1977727,1977734,1978509,7,775,782,completed,1
33259,Rigid,1977727,1977734,1977850,7,116,123,completed,1
33260,Rigid,1977727,1977734,1978230,7,496,503,completed,1
33261,Rigid,1977727,1977734,1977774,7,40,47,completed,1
33262,Rigid,1977727,1977734,1978505,7,771,778,completed,1
33263,Rigid,1977727,1977734,1977774,7,40,47,completed,1
33264,Rigid,1977727,1977734,1978272,7,538,545,completed,1
33265,Rigid,1977727,1977734,1977803,7,69,76,completed,1
33266,Rigid,1977727,1977734,1978437,7,703,710,completed,1
33267,Rigid,1977727,1977734,1977808,7,74,81,completed,1
33268,Rigid,1977727,1977734,1978242,7,508,515,completed,1
33269,Rigid,1977727,1977734,1977805,7,71,78,completed,1
33270,Rigid,1977727,1977734,1978487,7,753,760,completed,1
33271,Rigid,1977727,1977734,1977803,7,69,76,completed,1
33272,Rigid,1977727,1977734,1978254,7,520,527,completed,1
33273,Rigid,1977727,1977734,1977803,7,69,76,completed,1
33274,Rigid,1977727,1977734,1978528,7,794,801,completed,1
33275,Rigid,1977727,1977734,1977805,7,71,78,completed,1
33276,Rigid,1977727,1977734,1978260,7,526,533,completed,1
33277,Rigid,1977727,1977734,1977806,7,72,79,completed,1
33278,Rigid,1977727,1977734,1978524,7,790,797,completed,1
33279,Rigid,1977727,1977734,1977803,7,69,76,completed,1
33280,Rigid,1977727,1977734,1978255,7,521,528,completed,1
33281,Rigid,1977727,1977734,1977803,7,69,76,completed,1
33282,Rigid,1977727,1977734,1978440,7,706,713,completed,1
33283,Rigid,1977727,1977734,1977806,7,72,79,completed,1
33284,Rigid,1977727,1977734,1978294,7,560,567,completed,1
33285,Rigid,1977727,1977734,1977837,7,103,110,completed,1
33286,Rigid,1977727,1977734,1978409,7,675,682,completed,1
33287,Rigid,1977727,1977734,1977842,7,108,115,completed,1
33288,Rigid,1977727,1977734,1978261,7,527,534,completed,1
33289,Rigid,1977727,1977734,1977837,7,103,110,completed,1
33290,Rigid,1977727,1977734,1978377,7,643,650,completed,1
33291,Rigid,1977727,1977734,1977837,7,103,110,completed,1
33292,Rigid,1977727,1977734,1978263,7,529,536,completed,1
33293,Rigid,1977727,1977734,1977842,7,108,115,completed,1
33294,Rigid,1977727,1977734,1978442,7,708,715,completed,1
33295,Rigid,1977727,1977734,1977841,7,107,114,completed,1
33296,Rigid,1977727,1977734,1978279,7,545,552,completed,1
33297,Rigid,1977727,1977734,1977837,7,103,110,completed,1
33298,Rigid,1977727,1977734,1978445,7,711,718,completed,1
33299,Rigid,1977727,1977734,1977842,7,108,115,completed,1
33300,Rigid,1977727,1977734,1978254,7,520,527,completed,1
33301,Rigid,1977727,1977734,1977838,7,104,111,completed,1
33302,Rigid,1977727,1977734,1978510,7,776,783,completed,1
33303,Rigid,1977727,1977734,1977842,7,108,115,completed,1
33304,Rigid,1977727,1977734,1978274,7,540,547,completed,1
33305,Rigid,1977727,1977734,1977842,7,108,115,completed,1
33306,Rigid,1977727,1977734,1978428,7,694,701,completed,1
33307,Rigid,1977727,1977734,1977842,7,108,115,completed,1
33308,Rigid,1977727,1977734,1978260,7,526,533,completed,1
33309,Rigid,1977727,1977734,1977838,7,104,111,completed,1
33310,Rigid,1977727,1977734,1978508,7,774,781,completed,1
33311,Rigid,1977727,1977734,1977841,7,107,114,completed,1
33312,Rigid,1977727,1977734,1978262,7,528,535,completed,1
33313,Rigid,1977727,1977734,1977841,7,107,114,completed,1
33314,Rigid,1977727,1977734,1978507,7,773,780,completed,1
33315,Rigid,1977727,1977734,1977839,7,105,112,completed,1
33316,Rigid,1977727,1977734,1978275,7,541,548,completed,1
33317,Rigid,1977727,1977734,1977837,7,103,110,completed,1
33318,Rigid,1977727,1977734,1978414,7,680,687,completed,1
33319,Rigid,1977727,1977734,1977841,7,107,114,completed,1
33320,Rigid,1977727,1977734,1978265,7,531,538,completed,1
33321,Rigid,1977727,1977734,1977839,7,105,112,completed,1
33322,Rigid,1977727,1977734,1978451,7,717,724,completed,1
33323,Rigid,1977727,1977734,1977843,7,109,116,completed,1
33324,Rigid,1977727,1977734,1978275,7,541,548,completed,1
33325,Rigid,1977727,1977734,1977843,7,109,116,completed,1
33326,Rigid,1977727,1977734,1978472,7,738,745,completed,1
33327,Rigid,1977727,1977734,1977842,7,108,115,completed,1
33328,Rigid,1977727,1977734,1978279,7,545,552,completed,1
33329,Rigid,1977727,1977734,1977843,7,109,116,completed,1
33330,Rigid,1977727,1977734,1978452,7,718,725,completed,1
33331,Rigid,1977727,1977734,1977839,7,105,112,completed,1
33332,Rigid,1977727,1977734,1978259,7,525,532,completed,1
33333,Rigid,1977727,1977734,1977840,7,106,113,completed,1
33334,Rigid,1977727,1977734,1978443,7,709,716,completed,1
33335,Rigid,1977727,1977734,1977842,7,108,115,completed,1
33336,Rigid,1977727,1977734,1978277,7,543,550,completed,1
33337,Rigid,1977727,1977734,1977842,7,108,115,completed,1
33338,Rigid,1977727,1977734,1978470,7,736,743,completed,1
33339,Rigid,1977727,1977734,1977840,7,106,113,completed,1
33340,Rigid,1977727,1977734,1978289,7,555,562,completed,1
33341,Rigid,1977727,1977734,1977843,7,109,116,completed,1
33342,Rigid,1977727,1977734,1978481,7,747,754,completed,1
33343,Rigid,1977727,1977734,1977843,7,109,116,completed,1
33344,Rigid,1977727,1977734,1978270,7,536,543,completed,1
33345,Rigid,1977727,1977734,1977843,7,109,116,completed,1
33346,Rigid,1977727,1977734,1978449,7,715,722,completed,1
33347,Rigid,1977727,1977734,1977840,7,106,113,completed,1
33348,Rigid,1977727,1977734,1978267,7,533,540,completed,1
33349,Rigid,1977727,1977734,1977839,7,105,112,completed,1
33350,Rigid,1977727,1977734,1978379,7,645,652,completed,1
33351,Rigid,1977727,1977734,1977844,7,110,117,completed,1
33352,Rigid,1977727,1977734,1978301,7,567,574,completed,1
33353,Rigid,1977727,1977734,1977841,7,107,114,completed,1
33354,Rigid,1977727,1977734,1978424,7,690,697,completed,1
33355,Rigid,1977727,1977734,1977841,7,107,114,completed,1
33356,Rigid,1977727,1977734,1978291,7,557,564,completed,1
33357,Rigid,1977727,1977734,1977778,7,44,51,completed,1
33358,Rigid,1977727,1977734,1978470,7,736,743,completed,1
33359,Rigid,1977727,1977734,1977778,7,44,51,completed,1
33360,Rigid,1977727,1977734,1978303,7,569,576,completed,1
33361,Rigid,1977727,1977734,1977851,7,117,124,completed,1
33362,Rigid,1977727,1977734,1978435,7,701,708,completed,1
33363,Rigid,1977727,1977734,1977851,7,117,124,completed,1
33364,Rigid,1977727,1977734,1978271,7,537,544,completed,1
33365,Rigid,1977727,1977734,1977851,7,117,124,completed,1
33366,Rigid,1977727,1977734,1978453,7,719,726,completed,1
33367,Rigid,1977727,1977734,1977851,7,117,124,completed,1
33368,Rigid,1977727,1977734,1978284,7,550,557,completed,1
33369,Rigid,1977727,1977734,1977851,7,117,124,completed,1
33370,Rigid,1977727,1977734,1978305,7,571,578,completed,1
33371,Rigid,1977727,1977734,1977851,7,117,124,completed,1
33372,Rigid,1977727,1977734,1978310,7,576,583,completed,1
33373,Rigid,1977727,1977734,1977851,7,117,124,completed,1
33374,Rigid,1977727,1977734,1978298,7,564,571,completed,1
33375,Rigid,1977727,1977734,1977851,7,117,124,completed,1
33376,Rigid,1977727,1977734,1978308,7,574,581,completed,1
33377,Rigid,1977727,1977734,1977851,7,117,124,completed,1
33378,Rigid,1977727,1977734,1978354,7,620,627,completed,1
33379,Rigid,1977727,1977734,1977851,7,117,124,completed,1
33380,Rigid,1977727,1977734,1978285,7,551,558,completed,1
33381,Rigid,1977727,1977734,1977851,7,117,124,completed,1
33382,Rigid,1977727,1977734,1978301,7,567,574,completed,1
33383,Rigid,1977727,1977734,1977851,7,117,124,completed,1
33384,Rigid,1977727,1977734,1978293,7,559,566,completed,1
33385,Rigid,1977727,1977734,1977851,7,117,124,completed,1
33386,Rigid,1977727,1977734,1978295,7,561,568,completed,1
33387,Rigid,1977727,1977734,1977851,7,117,124,completed,1
33388,Rigid,1977727,1977734,1978290,7,556,563,completed,1
33389,Rigid,1977727,1977734,1977851,7,117,124,completed,1
33390,Rigid,1977727,1977734,1978319,7,585,592,completed,1
33391,Rigid,1977727,1977734,1977851,7,117,124,completed,1
33392,Rigid,1977727,1977734,1978294,7,560,567,completed,1
33393,Rigid,1977727,1977734,1977851,7,117,124,completed,1
33394,Rigid,1977727,1977734,1978289,7,555,562,completed,1
33395,Rigid,1977727,1977734,1977851,7,117,124,completed,1
33396,Rigid,1977727,1977734,1978305,7,571,578,completed,1
33397,Rigid,1977727,1977734,1977844,7,110,117,completed,1
33398,Rigid,1977727,1977734,1978283,7,549,556,completed,1
33399,Rigid,1977727,1977734,1977843,7,109,116,completed,1
33400,Rigid,1977727,1977734,1978284,7,550,557,completed,1
33401,Rigid,1977727,1977734,1977841,7,107,114,completed,1
33402,Rigid,1977727,1977734,1978305,7,571,578,completed,1
33403,Rigid,1977727,1977734,1977841,7,107,114,completed,1
33404,Rigid,1977727,1977734,1978299,7,565,572,completed,1
33405,Rigid,1977727,1977734,1977840,7,106,113,completed,1
33406,Rigid,1977727,1977734,1978283,7,549,556,completed,1
33407,Rigid,1977727,1977734,1977844,7,110,117,completed,1
33408,Rigid,1977727,1977734,1978302,7,568,575,completed,1
33409,Rigid,1977727,1977734,1977840,7,106,113,completed,1
33410,Rigid,1977727,1977734,1978279,7,545,552,completed,1
33411,Rigid,1977727,1977734,1977843,7,109,116,completed,1
33412,Rigid,1977727,1977734,1978314,7,580,587,completed,1
33413,Rigid,1977727,1977734,1977840,7,106,113,completed,1
33414,Rigid,1977727,1977734,1978341,7,607,614,completed,1
33415,Rigid,1977727,1977734,1977840,7,106,113,completed,1
33416,Rigid,1977727,1977734,1978289,7,555,562,completed,1
33417,Rigid,1977727,1977734,1977844,7,110,117,completed,1
33418,Rigid,1977727,1977734,1978287,7,553,560,completed,1
33419,Rigid,1977727,1977734,1977842,7,108,115,completed,1
33420,Rigid,1977727,1977734,1978290,7,556,563,completed,1
33421,Rigid,1977727,1977734,1977844,7,110,117,completed,1
33422,Rigid,1977727,1977734,1978289,7,555,562,completed,1
33423,Rigid,1977727,1977734,1977842,7,108,115,completed,1
33424,Rigid,1977727,1977734,1978291,7,557,564,completed,1
33425,Rigid,1977727,1977734,1977843,7,109,116,completed,1
33426,Rigid,1977727,1977734,1978314,7,580,587,completed,1
33427,Rigid,1977727,1977734,1977844,7,110,117,completed,1
33428,Rigid,1977727,1977734,1978284,7,550,557,completed,1
33429,Rigid,1977727,1977734,1977840,7,106,113,completed,1
33430,Rigid,1977727,1977734,1978302,7,568,575,completed,1
33431,Rigid,1977727,1977734,1977844,7,110,117,completed,1
33432,Rigid,1977727,1977734,1978308,7,574,581,completed,1
33433,Rigid,1977727,1977734,1977851,7,117,124,completed,1
33434,Rigid,1977727,1977734,1978304,7,570,577,completed,1
33435,Rigid,1977727,1977734,1977851,7,117,124,completed,1
33436,Rigid,1977727,1977734,1978296,7,562,569,completed,1
33437,Rigid,1977727,1977734,1977851,7,117,124,completed,1
33438,Rigid,1977727,1977734,1978308,7,574,581,completed,1
33439,Rigid,1977727,1977734,1977851,7,117,124,completed,1
33440,Rigid,1977727,1977734,1978305,7,571,578,completed,1
33441,Rigid,1977727,1977734,1977851,7,117,124,completed,1
33442,Rigid,1977727,1977734,1978304,7,570,577,completed,1
33443,Rigid,1977727,1977734,1977851,7,117,124,completed,1
33444,Rigid,1977727,1977734,1978310,7,576,583,completed,1
33445,Rigid,1977727,1977734,1977851,7,117,124,completed,1
33446,Rigid,1977727,1977734,1978295,7,561,568,completed,1
33447,Rigid,1977727,1977734,1977851,7,117,124,completed,1
33448,Rigid,1977727,1977734,1978313,7,579,586,completed,1
33449,Rigid,1977727,1977734,1977851,7,117,124,completed,1
33450,Rigid,1977727,1977734,1978348,7,614,621,completed,1
33451,Rigid,1977727,1977734,1977851,7,117,124,completed,1
33452,Rigid,1977727,1977734,1978300,7,566,573,completed,1
33453,Rigid,1977727,1977734,1977851,7,117,124,completed,1
33454,Rigid,1977727,1977734,1978306,7,572,579,completed,1
33455,Rigid,1977727,1977734,1977851,7,117,124,completed,1
33456,Rigid,1977727,1977734,1978308,7,574,581,completed,1
33457,Rigid,1977727,1977734,1977851,7,117,124,completed,1
33458,Rigid,1977727,1977734,1978310,7,576,583,completed,1
33459,Rigid,1977727,1977734,1977851,7,117,124,completed,1
33460,Rigid,1977727,1977734,1978302,7,568,575,completed,1
33461,Rigid,1977727,1977734,1977851,7,117,124,completed,1
33462,Rigid,1977727,1977734,1978315,7,581,588,completed,1
33463,Rigid,1977727,1977734,1977851,7,117,124,completed,1
33464,Rigid,1977727,1977734,1978297,7,563,570,completed,1
33465,Rigid,1977727,1977734,1977851,7,117,124,completed,1
33466,Rigid,1977727,1977734,1978316,7,582,589,completed,1
33467,Rigid,1977727,1977734,1977851,7,117,124,completed,1
33468,Rigid,1977727,1977734,1978299,7,565,572,completed,1
33469,Rigid,1977727,1977734,1977841,7,107,114,completed,1
33470,Rigid,1977727,1977734,1978283,7,549,556,completed,1
33471,Rigid,1977727,1977734,1977845,7,111,118,completed,1
33472,Rigid,1977727,1977734,1978283,7,549,556,completed,1
33473,Rigid,1977727,1977734,1977845,7,111,118,completed,1
33474,Rigid,1977727,1977734,1978294,7,560,567,completed,1
33475,Rigid,1977727,1977734,1977844,7,110,117,completed,1
33476,Rigid,1977727,1977734,1978301,7,567,574,completed,1
33477,Rigid,1977727,1977734,1977841,7,107,114,completed,1
33478,Rigid,1977727,1977734,1978296,7,562,569,completed,1
33479,Rigid,1977727,1977734,1977844,7,110,117,completed,1
33480,Rigid,1977727,1977734,1978308,7,574,581,completed,1
33481,Rigid,1977727,1977734,1977844,7,110,117,completed,1
33482,Rigid,1977727,1977734,1978304,7,570,577,completed,1
33483,Rigid,1977727,1977734,1977841,7,107,114,completed,1
33484,Rigid,1977727,1977734,1978308,7,574,581,completed,1
33485,Rigid,1977727,1977734,1977845,7,111,118,completed,1
33486,Rigid,1977727,1977734,1978361,7,627,634,completed,1
33487,Rigid,1977727,1977734,1977842,7,108,115,completed,1
33488,Rigid,1977727,1977734,1978281,7,547,554,completed,1
33489,Rigid,1977727,1977734,1977845,7,111,118,completed,1
33490,Rigid,1977727,1977734,1978282,7,548,555,completed,1
33491,Rigid,1977727,1977734,1977845,7,111,118,completed,1
33492,Rigid,1977727,1977734,1978283,7,549,556,completed,1
33493,Rigid,1977727,1977734,1977845,7,111,118,completed,1
33494,Rigid,1977727,1977734,1978294,7,560,567,completed,1
33495,Rigid,1977727,1977734,1977841,7,107,114,completed,1
33496,Rigid,1977727,1977734,1978281,7,547,554,completed,1
33497,Rigid,1977727,1977734,1977845,7,111,118,completed,1
33498,Rigid,1977727,1977734,1978327,7,593,600,completed,1
33499,Rigid,1977727,1977734,1977845,7,111,118,completed,1
33500,Rigid,1977727,1977734,1978290,7,556,563,completed,1
33501,Rigid,1977727,1977734,1977845,7,111,118,completed,1
33502,Rigid,1977727,1977734,1978290,7,556,563,completed,1
33503,Rigid,1977727,1977734,1977844,7,110,117,completed,1
33504,Rigid,1977727,1977734,1978313,7,579,586,completed,1
33505,Rigid,1977727,1977734,1977851,7,117,124,completed,1
33506,Rigid,1977727,1977734,1978299,7,565,572,completed,1
33507,Rigid,1977727,1977734,1977851,7,117,124,completed,1
33508,Rigid,1977727,1977734,1978291,7,557,564,completed,1
33509,Rigid,1977727,1977734,1977851,7,117,124,completed,1
33510,Rigid,1977727,1977734,1978306,7,572,579,completed,1
33511,Rigid,1977727,1977734,1977851,7,117,124,completed,1
33512,Rigid,1977727,1977734,1978289,7,555,562,completed,1
33513,Rigid,1977727,1977734,1977851,7,117,124,completed,1
33514,Rigid,1977727,1977734,1978295,7,561,568,completed,1
33515,Rigid,1977727,1977734,1977851,7,117,124,completed,1
33516,Rigid,1977727,1977734,1978311,7,577,584,completed,1
33517,Rigid,1977727,1977734,1977851,7,117,124,completed,1
33518,Rigid,1977727,1977734,1978300,7,566,573,completed,1
33519,Rigid,1977727,1977734,1977851,7,117,124,completed,1
33520,Rigid,1977727,1977734,1978293,7,559,566,completed,1
33521,Rigid,1977727,1977734,1977851,7,117,124,completed,1
33522,Rigid,1977727,1977734,1978357,7,623,630,completed,1
33523,Rigid,1977727,1977734,1977851,7,117,124,completed,1
33524,Rigid,1977727,1977734,1978291,7,557,564,completed,1
33525,Rigid,1977727,1977734,1977851,7,117,124,completed,1
33526,Rigid,1977727,1977734,1978297,7,563,570,completed,1
33527,Rigid,1977727,1977734,1977851,7,117,124,completed,1
33528,Rigid,1977727,1977734,1978293,7,559,566,completed,1
33529,Rigid,1977727,1977734,1977851,7,117,124,completed,1
33530,Rigid,1977727,1977734,1978297,7,563,570,completed,1
33531,Rigid,1977727,1977734,1977851,7,117,124,completed,1
33532,Rigid,1977727,1977734,1978292,7,558,565,completed,1
33533,Rigid,1977727,1977734,1977851,7,117,124,completed,1
33534,Rigid,1977727,1977734,1978317,7,583,590,completed,1
33535,Rigid,1977727,1977734,1977851,7,117,124,completed,1
33536,Rigid,1977727,1977734,1978288,7,554,561,completed,1
33537,Rigid,1977727,1977734,1977851,7,117,124,completed,1
33538,Rigid,1977727,1977734,1978297,7,563,570,completed,1
33539,Rigid,1977727,1977734,1977851,7,117,124,completed,1
33540,Rigid,1977727,1977734,1978324,7,590,597,completed,1
33541,Rigid,1977727,1977734,1977846,7,112,119,completed,1
33542,Rigid,1977727,1977734,1978307,7,573,580,completed,1
33543,Rigid,1977727,1977734,1977846,7,112,119,completed,1
33544,Rigid,1977727,1977734,1978320,7,586,593,completed,1
33545,Rigid,1977727,1977734,1977844,7,110,117,completed,1
33546,Rigid,1977727,1977734,1978330,7,596,603,completed,1
33547,Rigid,1977727,1977734,1977844,7,110,117,completed,1
33548,Rigid,1977727,1977734,1978291,7,557,564,completed,1
33549,Rigid,1977727,1977734,1977846,7,112,119,completed,1
33550,Rigid,1977727,1977734,1978319,7,585,592,completed,1
33551,Rigid,1977727,1977734,1977846,7,112,119,completed,1
33552,Rigid,1977727,1977734,1978334,7,600,607,completed,1
33553,Rigid,1977727,1977734,1977846,7,112,119,completed,1
33554,Rigid,1977727,1977734,1978316,7,582,589,completed,1
33555,Rigid,1977727,1977734,1977845,7,111,118,completed,1
33556,Rigid,1977727,1977734,1978282,7,548,555,completed,1
33557,Rigid,1977727,1977734,1977846,7,112,119,completed,1
33558,Rigid,1977727,1977734,1978360,7,626,633,completed,1
33559,Rigid,1977727,1977734,1977844,7,110,117,completed,1
33560,Rigid,1977727,1977735,1978295,8,560,568,completed,1
33561,Rigid,1977727,1977735,1977844,8,109,117,completed,1
33562,Rigid,1977727,1977735,1978306,8,571,579,completed,1
33563,Rigid,1977727,1977735,1977845,8,110,118,completed,1
33564,Rigid,1977727,1977735,1978302,8,567,575,completed,1
33565,Rigid,1977727,1977735,1977845,8,110,118,completed,1
33566,Rigid,1977727,1977735,1978295,8,560,568,completed,1
33567,Rigid,1977727,1977735,1977846,8,111,119,completed,1
33568,Rigid,1977727,1977735,1978298,8,563,571,completed,1
33569,Rigid,1977727,1977735,1977846,8,111,119,completed,1
33570,Rigid,1977727,1977735,1979807,8,2072,2080,completed,1
33571,Rigid,1977727,1977735,1977848,8,113,121,completed,1
33572,Rigid,1977727,1977735,1978803,8,1068,1076,completed,1
33573,Rigid,1977727,1977735,1977848,8,113,121,completed,1
33574,Rigid,1977727,1977735,1979885,8,2150,2158,completed,1
33575,Rigid,1977727,1977735,1977847,8,112,120,completed,1
33576,Rigid,1977727,1977735,1978849,8,1114,1122,completed,1
33577,Rigid,1977727,1977735,1977848,8,113,121,completed,1
33578,Rigid,1977727,1977735,1979540,8,1805,1813,completed,1
33579,Rigid,1977727,1977735,1977848,8,113,121,completed,1
33580,Rigid,1977727,1977735,1978806,8,1071,1079,completed,1
33581,Rigid,1977727,1977735,1977847,8,112,120,completed,1
33582,Rigid,1977727,1977735,1979475,8,1740,1748,completed,1
33583,Rigid,1977727,1977735,1977848,8,113,121,completed,1
33584,Rigid,1977727,1977735,1978795,8,1060,1068,completed,1
33585,Rigid,1977727,1977735,1977848,8,113,121,completed,1
33586,Rigid,1977727,1977735,1979399,8,1664,1672,completed,1
33587,Rigid,1977727,1977735,1977848,8,113,121,completed,1
33588,Rigid,1977727,1977735,1978819,8,1084,1092,completed,1
33589,Rigid,1977727,1977735,1977847,8,112,120,completed,1
33590,Rigid,1977727,1977735,1979507,8,1772,1780,completed,1
33591,Rigid,1977727,1977735,1977848,8,113,121,completed,1
33592,Rigid,1977727,1977735,1978814,8,1079,1087,completed,1
33593,Rigid,1977727,1977735,1977848,8,113,121,completed,1
33594,Rigid,1977727,1977735,1979754,8,2019,2027,completed,1
33595,Rigid,1977727,1977735,1977848,8,113,121,completed,1
33596,Rigid,1977727,1977735,1978797,8,1062,1070,completed,1
33597,Rigid,1977727,1977735,1977847,8,112,120,completed,1
33598,Rigid,1977727,1977735,1979433,8,1698,1706,completed,1
33599,Rigid,1977727,1977735,1977848,8,113,121,completed,1
33600,Rigid,1977727,1977735,1978844,8,1109,1117,completed,1
33601,Rigid,1977727,1977735,1977848,8,113,121,completed,1
33602,Rigid,1977727,1977735,1979479,8,1744,1752,completed,1
33603,Rigid,1977727,1977735,1977848,8,113,121,completed,1
33604,Rigid,1977727,1977735,1978782,8,1047,1055,completed,1
33605,Rigid,1977727,1977735,1977848,8,113,121,completed,1
33606,Rigid,1977727,1977735,1979670,8,1935,1943,completed,1
33607,Rigid,1977727,1977735,1977847,8,112,120,completed,1
33608,Rigid,1977727,1977735,1978802,8,1067,1075,completed,1
33609,Rigid,1977727,1977735,1977848,8,113,121,completed,1
33610,Rigid,1977727,1977735,1979271,8,1536,1544,completed,1
33611,Rigid,1977727,1977735,1977848,8,113,121,completed,1
33612,Rigid,1977727,1977735,1978808,8,1073,1081,completed,1
33613,Rigid,1977727,1977735,1977848,8,113,121,completed,1
33614,Rigid,1977727,1977735,1979486,8,1751,1759,completed,1
33615,Rigid,1977727,1977735,1977849,8,114,122,completed,1
33616,Rigid,1977727,1977735,1978782,8,1047,1055,completed,1
33617,Rigid,1977727,1977735,1977849,8,114,122,completed,1
33618,Rigid,1977727,1977735,1979511,8,1776,1784,completed,1
33619,Rigid,1977727,1977735,1977849,8,114,122,completed,1
33620,Rigid,1977727,1977735,1978791,8,1056,1064,completed,1
33621,Rigid,1977727,1977735,1977848,8,113,121,completed,1
33622,Rigid,1977727,1977735,1979419,8,1684,1692,completed,1
33623,Rigid,1977727,1977735,1977849,8,114,122,completed,1
33624,Rigid,1977727,1977735,1978813,8,1078,1086,completed,1
33625,Rigid,1977727,1977735,1977849,8,114,122,completed,1
33626,Rigid,1977727,1977735,1979408,8,1673,1681,completed,1
33627,Rigid,1977727,1977735,1977849,8,114,122,completed,1
33628,Rigid,1977727,1977735,1978800,8,1065,1073,completed,1
33629,Rigid,1977727,1977735,1977848,8,113,121,completed,1
33630,Rigid,1977727,1977735,1979614,8,1879,1887,completed,1
33631,Rigid,1977727,1977735,1977849,8,114,122,completed,1
33632,Rigid,1977727,1977735,1978828,8,1093,1101,completed,1
33633,Rigid,1977727,1977735,1977848,8,113,121,completed,1
33634,Rigid,1977727,1977735,1979459,8,1724,1732,completed,1
33635,Rigid,1977727,1977735,1977849,8,114,122,completed,1
33636,Rigid,1977727,1977735,1978806,8,1071,1079,completed,1
33637,Rigid,1977727,1977735,1977849,8,114,122,completed,1
33638,Rigid,1977727,1977735,1979444,8,1709,1717,completed,1
33639,Rigid,1977727,1977735,1977849,8,114,122,completed,1
33640,Rigid,1977727,1977735,1978794,8,1059,1067,completed,1
33641,Rigid,1977727,1977735,1977848,8,113,121,completed,1
33642,Rigid,1977727,1977735,1979765,8,2030,2038,completed,1
33643,Rigid,1977727,1977735,1977848,8,113,121,completed,1
33644,Rigid,1977727,1977735,1978810,8,1075,1083,completed,1
33645,Rigid,1977727,1977735,1977848,8,113,121,completed,1
33646,Rigid,1977727,1977735,1979562,8,1827,1835,completed,1
33647,Rigid,1977727,1977735,1977849,8,114,122,completed,1
33648,Rigid,1977727,1977735,1978779,8,1044,1052,completed,1
33649,Rigid,1977727,1977735,1977811,8,76,84,completed,1
33650,Rigid,1977727,1977735,1979305,8,1570,1578,completed,1
33651,Rigid,1977727,1977735,1977809,8,74,82,completed,1
33652,Rigid,1977727,1977735,1978766,8,1031,1039,completed,1
33653,Rigid,1977727,1977735,1977812,8,77,85,completed,1
33654,Rigid,1977727,1977735,1979567,8,1832,1840,completed,1
33655,Rigid,1977727,1977735,1977810,8,75,83,completed,1
33656,Rigid,1977727,1977735,1978768,8,1033,1041,completed,1
33657,Rigid,1977727,1977735,1977810,8,75,83,completed,1
33658,Rigid,1977727,1977735,1979275,8,1540,1548,completed,1
33659,Rigid,1977727,1977735,1977810,8,75,83,completed,1
33660,Rigid,1977727,1977735,1978807,8,1072,1080,completed,1
33661,Rigid,1977727,1977735,1977809,8,74,82,completed,1
33662,Rigid,1977727,1977735,1979439,8,1704,1712,completed,1
33663,Rigid,1977727,1977735,1977810,8,75,83,completed,1
33664,Rigid,1977727,1977735,1978774,8,1039,1047,completed,1
33665,Rigid,1977727,1977735,1977812,8,77,85,completed,1
33666,Rigid,1977727,1977735,1979561,8,1826,1834,completed,1
33667,Rigid,1977727,1977735,1977811,8,76,84,completed,1
33668,Rigid,1977727,1977735,1978649,8,914,922,completed,1
33669,Rigid,1977727,1977735,1977813,8,78,86,completed,1
33670,Rigid,1977748,1978522,2004131,774,25609,26383,completed,576
33671,Rigid,1978000,1978097,1989252,97,11155,11252,completed,144
33672,Rigid,1978021,1978021,1987084,0,9063,9063,completed,2
33673,Rigid,1978021,1978021,1986367,0,8346,8346,completed,2
33674,Rigid,1978021,1978021,1981182,0,3161,3161,completed,2
33675,Rigid,1978021,1978021,1980923,0,2902,2902,completed,2
33676,Rigid,1978021,1978025,1986481,4,8456,8460,completed,2
33677,Rigid,1978044,1979788,1983436,1744,3648,5392,completed,144
33678,Rigid,1978045,2082104,2094272,104059,12168,116227,completed,144
33679,Rigid,1978045,2082104,2095593,104059,13489,117548,completed,144
33680,Rigid,1978045,2082709,2093343,104664,10634,115298,completed,144
33681,Rigid,1978045,2084032,2102409,105987,18377,124364,completed,144
33682,Rigid,1978045,2084965,2091369,106920,6404,113324,completed,144
33683,Rigid,1978045,2085476,2092681,107431,7205,114636,completed,144
33684,Rigid,1978045,2087521,2091483,109476,3962,113438,completed,144
33685,Rigid,1978045,2087521,2091629,109476,4108,113584,completed,144
33686,Rigid,1978045,2088032,2093332,109987,5300,115287,completed,144
33687,Rigid,1978045,2091494,2120950,113449,29456,142905,completed,144
33688,Rigid,1978045,2091649,2095790,113604,4141,117745,completed,144
33689,Rigid,1978045,2091769,2098167,113724,6398,120122,completed,144
33690,Rigid,1978045,2092702,2094386,114657,1684,116341,completed,144
33691,Rigid,1978095,1978097,1978506,2,409,411,completed,36
33692,Rigid,1978403,1978431,2149452,28,171021,171049,completed,72
33693,Rigid,1978772,1978793,1979292,21,499,520,completed,36
33694,Rigid,1979783,1979788,1980034,5,246,251,completed,36
33695,Rigid,1979803,1980964,1982025,1161,1061,2222,completed,144
33696,Rigid,1979849,1979850,1979889,1,39,40,completed,36
33697,Rigid,1979885,1979909,1980565,24,656,680,completed,36
33698,Rigid,1979911,1980060,1980072,149,12,161,completed,72
33699,Rigid,1980129,1980129,1980270,0,141,141,completed,36
33700,Rigid,1980322,1980322,1980362,0,40,40,completed,1
33701,Rigid,1980322,1980322,1980421,0,99,99,completed,1
33702,Rigid,1980322,1980322,1980339,0,17,17,completed,1
33703,Rigid,1980322,1980322,1980427,0,105,105,completed,1
33704,Rigid,1980322,1980322,1980356,0,34,34,completed,1
33705,Rigid,1980322,1980322,1980456,0,134,134,completed,1
33706,Rigid,1980322,1980322,1980349,0,27,27,completed,1
33707,Rigid,1980322,1980322,1980442,0,120,120,completed,1
33708,Rigid,1980322,1980322,1980458,0,136,136,completed,1
33709,Rigid,1980322,1980322,1980369,0,47,47,completed,1
33710,Rigid,1980322,1980326,1980463,4,137,141,completed,1
33711,Rigid,1980322,1980326,1980359,4,33,37,completed,1
33712,Rigid,1980323,1980326,1980371,3,45,48,completed,1
33713,Rigid,1980323,1980326,1980406,3,80,83,completed,1
33714,Rigid,1980323,1980326,1980371,3,45,48,completed,1
33715,Rigid,1980323,1980326,1980403,3,77,80,completed,1
33716,Rigid,1980614,1980634,1983048,20,2414,2434,completed,4
33717,Rigid,1980962,1981297,1992987,335,11690,12025,completed,144
33718,Rigid,1981412,1982027,1982309,615,282,897,completed,72
33719,Rigid,1982619,1982623,1982646,4,23,27,completed,72
33720,Rigid,1982756,1982756,1982767,0,11,11,completed,72
33721,Rigid,1982801,1982802,1982809,1,7,8,completed,72
33722,Rigid,1982894,1982894,1983157,0,263,263,completed,72
33723,Rigid,1982993,1982993,1982995,0,2,2,completed,1
33724,Rigid,1983092,1983109,1990028,17,6919,6936,completed,4
33725,Rigid,1983134,1983135,1983699,1,564,565,completed,72
33726,Rigid,1983353,1983354,1986983,1,3629,3630,completed,72
33727,Rigid,1983465,1983465,1983744,0,279,279,completed,72
33728,Rigid,1983784,1983784,1983786,0,2,2,completed,1
33729,Rigid,1983954,1983954,1984192,0,238,238,completed,72
33730,Rigid,1983977,1983978,1983979,1,1,2,completed,1
33731,Rigid,1983979,1983979,1983980,0,1,1,completed,4
33732,Rigid,1983980,1983980,1983981,0,1,1,completed,1
33733,Rigid,1983981,1983981,1983983,0,2,2,completed,4
33734,Rigid,1983983,1983983,1983984,0,1,1,completed,1
33735,Rigid,1983984,1983984,1983985,0,1,1,completed,4
33736,Rigid,1984037,1984037,1984041,0,4,4,completed,1
33737,Rigid,1984041,1984041,1984044,0,3,3,completed,4
33738,Rigid,1984044,1984044,1984046,0,2,2,completed,1
33739,Rigid,1984046,1984046,1984049,0,3,3,completed,4
33740,Rigid,1984049,1984049,1984051,0,2,2,completed,1
33741,Rigid,1984051,1984051,1984053,0,2,2,completed,4
33742,Rigid,1984107,1984107,1984109,0,2,2,completed,1
33743,Rigid,1984109,1984109,1984111,0,2,2,completed,4
33744,Rigid,1984112,1984112,1984114,0,2,2,completed,1
33745,Rigid,1984114,1984114,1984116,0,2,2,completed,4
33746,Rigid,1984116,1984116,1984118,0,2,2,completed,1
33747,Rigid,1984118,1984118,1984121,0,3,3,completed,4
33748,Rigid,1984152,1984152,1984154,0,2,2,completed,1
33749,Rigid,1984154,1984154,1984156,0,2,2,completed,4
33750,Rigid,1984157,1984157,1984158,0,1,1,completed,1
33751,Rigid,1984159,1984159,1984161,0,2,2,completed,4
33752,Rigid,1984161,1984161,1984163,0,2,2,completed,1
33753,Rigid,1984164,1984164,1984166,0,2,2,completed,4
33754,Rigid,1984214,1984214,1984218,0,4,4,completed,36
33755,Rigid,1984218,1984231,2027436,13,43205,43218,completed,36
33756,Rigid,1984219,1984219,1984222,0,3,3,completed,36
33757,Rigid,1984223,1984223,1984225,0,2,2,completed,36
33758,Rigid,1984226,1984226,1984229,0,3,3,completed,36
33759,Rigid,1984229,1984229,1984232,0,3,3,completed,36
33760,Rigid,1984232,1984232,1984243,0,11,11,completed,72
33761,Rigid,1984243,1984244,1984247,1,3,4,completed,36
33762,Rigid,1984310,1984310,1984313,0,3,3,completed,36
33763,Rigid,1984313,1984313,1984316,0,3,3,completed,36
33764,Rigid,1984316,1984316,1984319,0,3,3,completed,36
33765,Rigid,1984319,1984319,1984322,0,3,3,completed,36
33766,Rigid,1984322,1984322,1984326,0,4,4,completed,36
33767,Rigid,1984326,1984326,1984337,0,11,11,completed,72
33768,Rigid,1984337,1984337,1984340,0,3,3,completed,72
33769,Rigid,1984340,1984340,1984344,0,4,4,completed,36
33770,Rigid,1984375,1984375,1984379,0,4,4,completed,36
33771,Rigid,1984379,1984379,1984382,0,3,3,completed,36
33772,Rigid,1984388,1984388,1984390,0,2,2,completed,36
33773,Rigid,1984390,1984390,1984394,0,4,4,completed,36
33774,Rigid,1984394,1984394,1984397,0,3,3,completed,36
33775,Rigid,1984397,1984397,1984400,0,3,3,completed,36
33776,Rigid,1984400,1984400,1984403,0,3,3,completed,36
33777,Rigid,1984403,1984404,1984415,1,11,12,completed,72
33778,Rigid,1984415,1984415,1984418,0,3,3,completed,72
33779,Rigid,1984419,1984419,1984422,0,3,3,completed,36
33780,Rigid,1984732,1996874,2049520,12142,52646,64788,completed,288
33781,Rigid,1984906,1984906,1984911,0,5,5,completed,36
33782,Rigid,1984911,1984911,1984914,0,3,3,completed,36
33783,Rigid,1984915,1984915,1984918,0,3,3,completed,36
33784,Rigid,1984918,1984918,1984921,0,3,3,completed,36
33785,Rigid,1984921,1984921,1984924,0,3,3,completed,36
33786,Rigid,1984924,1984924,1984935,0,11,11,completed,72
33787,Rigid,1984936,1984936,1984939,0,3,3,completed,72
33788,Rigid,1984939,1984939,1984943,0,4,4,completed,36
33789,Rigid,1984957,1984957,1984960,0,3,3,completed,36
33790,Rigid,1984960,1984960,1984964,0,4,4,completed,36
33791,Rigid,1984964,1984964,1984967,0,3,3,completed,36
33792,Rigid,1984967,1984967,1984970,0,3,3,completed,36
33793,Rigid,1984971,1984971,1984973,0,2,2,completed,36
33794,Rigid,1984973,1984973,1984985,0,12,12,completed,72
33795,Rigid,1984985,1984985,1984988,0,3,3,completed,72
33796,Rigid,1984988,1984988,1984992,0,4,4,completed,36
33797,Rigid,1985220,1985227,1986232,7,1005,1012,completed,36
33798,Rigid,1985233,1985257,1985774,24,517,541,completed,72
33799,Rigid,1985257,1985318,1985601,61,283,344,completed,144
33800,Rigid,1985269,1985804,1985980,535,176,711,completed,288
33801,Rigid,1985310,1985988,1996681,678,10693,11371,completed,144
33802,Rigid,1985556,1985559,1985563,3,4,7,completed,1
33803,Rigid,1985819,1996724,1996859,10905,135,11040,completed,432
33804,Rigid,1986657,1986663,2006661,6,19998,20004,completed,1
33805,Rigid,1986714,1986725,2006149,11,19424,19435,completed,1
33806,Rigid,1986723,1986725,2006376,2,19651,19653,completed,1
33807,Rigid,1986731,1986756,2005151,25,18395,18420,completed,1
33808,Rigid,1986742,1986756,2005167,14,18411,18425,completed,1
33809,Rigid,1986754,1987002,2010023,248,23021,23269,completed,144
33810,Rigid,1986754,1986756,2005106,2,18350,18352,completed,1
33811,Rigid,1987649,1987678,2002680,29,15002,15031,completed,5
33812,Rigid,1988098,1988107,1988695,9,588,597,completed,1
33813,Rigid,1988098,1988107,1988816,9,709,718,completed,1
33814,Rigid,1988098,1988107,1988623,9,516,525,completed,1
33815,Rigid,1988098,1988107,1988661,9,554,563,completed,1
33816,Rigid,1988098,1988107,1988809,9,702,711,completed,1
33817,Rigid,1988098,1988107,1988901,9,794,803,completed,1
33818,Rigid,1988098,1988107,1988610,9,503,512,completed,1
33819,Rigid,1988098,1988107,1988661,9,554,563,completed,1
33820,Rigid,1988098,1988107,1988772,9,665,674,completed,1
33821,Rigid,1988098,1988107,1988762,9,655,664,completed,1
33822,Rigid,1988098,1988107,1988649,9,542,551,completed,1
33823,Rigid,1988098,1988107,1988697,9,590,599,completed,1
33824,Rigid,1988098,1988107,1988770,9,663,672,completed,1
33825,Rigid,1988098,1988107,1988831,9,724,733,completed,1
33826,Rigid,1988098,1988107,1988610,9,503,512,completed,1
33827,Rigid,1988098,1988107,1988658,9,551,560,completed,1
33828,Rigid,1988098,1988107,1988774,9,667,676,completed,1
33829,Rigid,1988098,1988107,1988874,9,767,776,completed,1
33830,Rigid,1988098,1988107,1988607,9,500,509,completed,1
33831,Rigid,1988098,1988107,1988649,9,542,551,completed,1
33832,Rigid,1988098,1988107,1988783,9,676,685,completed,1
33833,Rigid,1988098,1988107,1988831,9,724,733,completed,1
33834,Rigid,1988098,1988107,1988607,9,500,509,completed,1
33835,Rigid,1988098,1988107,1988635,9,528,537,completed,1
33836,Rigid,1988098,1988107,1988785,9,678,687,completed,1
33837,Rigid,1988098,1988107,1988838,9,731,740,completed,1
33838,Rigid,1988098,1988107,1988610,9,503,512,completed,1
33839,Rigid,1988098,1988107,1988644,9,537,546,completed,1
33840,Rigid,1988098,1988107,1988810,9,703,712,completed,1
33841,Rigid,1988098,1988107,1988889,9,782,791,completed,1
33842,Rigid,1988098,1988107,1988706,9,599,608,completed,1
33843,Rigid,1988098,1988107,1988701,9,594,603,completed,1
33844,Rigid,1988098,1988107,1988925,9,818,827,completed,1
33845,Rigid,1988098,1988107,1988973,9,866,875,completed,1
33846,Rigid,1988098,1988107,1988647,9,540,549,completed,1
33847,Rigid,1988098,1988107,1988681,9,574,583,completed,1
33848,Rigid,1988098,1988107,1988816,9,709,718,completed,1
33849,Rigid,1988098,1988107,1988863,9,756,765,completed,1
33850,Rigid,1988098,1988107,1988664,9,557,566,completed,1
33851,Rigid,1988098,1988107,1988678,9,571,580,completed,1
33852,Rigid,1988098,1988107,1988781,9,674,683,completed,1
33853,Rigid,1988098,1988107,1988854,9,747,756,completed,1
33854,Rigid,1988098,1988107,1988673,9,566,575,completed,1
33855,Rigid,1988098,1988107,1988726,9,619,628,completed,1
33856,Rigid,1988098,1988107,1988909,9,802,811,completed,1
33857,Rigid,1988098,1988107,1988970,9,863,872,completed,1
33858,Rigid,1988098,1988107,1988679,9,572,581,completed,1
33859,Rigid,1988098,1988107,1988674,9,567,576,completed,1
33860,Rigid,1988098,1988107,1988791,9,684,693,completed,1
33861,Rigid,1988098,1988107,1988905,9,798,807,completed,1
33862,Rigid,1988098,1988107,1988616,9,509,518,completed,1
33863,Rigid,1988098,1988107,1988674,9,567,576,completed,1
33864,Rigid,1988098,1988107,1988789,9,682,691,completed,1
33865,Rigid,1988098,1988107,1988941,9,834,843,completed,1
33866,Rigid,1988098,1988107,1988615,9,508,517,completed,1
33867,Rigid,1988098,1988107,1988669,9,562,571,completed,1
33868,Rigid,1988098,1988107,1988827,9,720,729,completed,1
33869,Rigid,1988098,1988107,1988844,9,737,746,completed,1
33870,Rigid,1988098,1988107,1988640,9,533,542,completed,1
33871,Rigid,1988098,1988107,1988697,9,590,599,completed,1
33872,Rigid,1988098,1988107,1988771,9,664,673,completed,1
33873,Rigid,1988098,1988107,1988848,9,741,750,completed,1
33874,Rigid,1988098,1988107,1988626,9,519,528,completed,1
33875,Rigid,1988098,1988107,1988655,9,548,557,completed,1
33876,Rigid,1988098,1988107,1988776,9,669,678,completed,1
33877,Rigid,1988098,1988107,1988824,9,717,726,completed,1
33878,Rigid,1988098,1988108,1988611,10,503,513,completed,1
33879,Rigid,1988098,1988108,1988652,10,544,554,completed,1
33880,Rigid,1988098,1988108,1988760,10,652,662,completed,1
33881,Rigid,1988098,1988108,1988905,10,797,807,completed,1
33882,Rigid,1988098,1988108,1988604,10,496,506,completed,1
33883,Rigid,1988098,1988108,1988638,10,530,540,completed,1
33884,Rigid,1988098,1988108,1988767,10,659,669,completed,1
33885,Rigid,1988098,1988108,1988815,10,707,717,completed,1
33886,Rigid,1988098,1988108,1988646,10,538,548,completed,1
33887,Rigid,1988098,1988108,1988662,10,554,564,completed,1
33888,Rigid,1988098,1988108,1988833,10,725,735,completed,1
33889,Rigid,1988098,1988108,1988848,10,740,750,completed,1
33890,Rigid,1988098,1988108,1988601,10,493,503,completed,1
33891,Rigid,1988098,1988108,1988656,10,548,558,completed,1
33892,Rigid,1988098,1988108,1988841,10,733,743,completed,1
33893,Rigid,1988098,1988108,1988861,10,753,763,completed,1
33894,Rigid,1988098,1988108,1988604,10,496,506,completed,1
33895,Rigid,1988098,1988108,1988640,10,532,542,completed,1
33896,Rigid,1988098,1988108,1988777,10,669,679,completed,1
33897,Rigid,1988098,1988108,1988817,10,709,719,completed,1
33898,Rigid,1988098,1988108,1988607,10,499,509,completed,1
33899,Rigid,1988098,1988108,1988649,10,541,551,completed,1
33900,Rigid,1988098,1988108,1988808,10,700,710,completed,1
33901,Rigid,1988098,1988108,1988766,10,658,668,completed,1
33902,Rigid,1988098,1988108,1988604,10,496,506,completed,1
33903,Rigid,1988098,1988108,1988642,10,534,544,completed,1
33904,Rigid,1988098,1988108,1988866,10,758,768,completed,1
33905,Rigid,1988098,1988108,1988813,10,705,715,completed,1
33906,Rigid,1988098,1988108,1988603,10,495,505,completed,1
33907,Rigid,1988098,1988108,1988643,10,535,545,completed,1
33908,Rigid,1988098,1988108,1988779,10,671,681,completed,1
33909,Rigid,1988098,1988108,1988735,10,627,637,completed,1
33910,Rigid,1988098,1988108,1988622,10,514,524,completed,1
33911,Rigid,1988098,1988108,1988664,10,556,566,completed,1
33912,Rigid,1988098,1988108,1988801,10,693,703,completed,1
33913,Rigid,1988098,1988108,1988771,10,663,673,completed,1
33914,Rigid,1988098,1988108,1988613,10,505,515,completed,1
33915,Rigid,1988098,1988108,1988659,10,551,561,completed,1
33916,Rigid,1988098,1988108,1988839,10,731,741,completed,1
33917,Rigid,1988098,1988108,1988828,10,720,730,completed,1
33918,Rigid,1988098,1988108,1988623,10,515,525,completed,1
33919,Rigid,1988098,1988108,1988643,10,535,545,completed,1
33920,Rigid,1988098,1988108,1988863,10,755,765,completed,1
33921,Rigid,1988098,1988108,1988877,10,769,779,completed,1
33922,Rigid,1988098,1988108,1988635,10,527,537,completed,1
33923,Rigid,1988098,1988108,1988672,10,564,574,completed,1
33924,Rigid,1988098,1988108,1988796,10,688,698,completed,1
33925,Rigid,1988098,1988108,1988765,10,657,667,completed,1
33926,Rigid,1988098,1988108,1988633,10,525,535,completed,1
33927,Rigid,1988098,1988108,1988671,10,563,573,completed,1
33928,Rigid,1988098,1988108,1988858,10,750,760,completed,1
33929,Rigid,1988098,1988108,1988842,10,734,744,completed,1
33930,Rigid,1988098,1988108,1988610,10,502,512,completed,1
33931,Rigid,1988098,1988108,1988641,10,533,543,completed,1
33932,Rigid,1988098,1988108,1988725,10,617,627,completed,1
33933,Rigid,1988098,1988108,1988746,10,638,648,completed,1
33934,Rigid,1988098,1988108,1988613,10,505,515,completed,1
33935,Rigid,1988098,1988108,1988644,10,536,546,completed,1
33936,Rigid,1988098,1988108,1988825,10,717,727,completed,1
33937,Rigid,1988098,1988108,1988836,10,728,738,completed,1
33938,Rigid,1988098,1988108,1988606,10,498,508,completed,1
33939,Rigid,1988098,1988108,1988647,10,539,549,completed,1
33940,Rigid,1988098,1988108,1988842,10,734,744,completed,1
33941,Rigid,1988098,1988108,1988858,10,750,760,completed,1
33942,Rigid,1988098,1988108,1988601,10,493,503,completed,1
33943,Rigid,1988098,1988108,1988649,10,541,551,completed,1
33944,Rigid,1988098,1988108,1988771,10,663,673,completed,1
33945,Rigid,1988098,1988108,1988941,10,833,843,completed,1
33946,Rigid,1988098,1988604,1989050,506,446,952,completed,1
33947,Rigid,1988098,1988634,1989133,536,499,1035,completed,1
33948,Rigid,1988098,1988634,1989262,536,628,1164,completed,1
33949,Rigid,1988098,1988634,1989310,536,676,1212,completed,1
33950,Rigid,1988098,1988634,1989087,536,453,989,completed,1
33951,Rigid,1988098,1988634,1989122,536,488,1024,completed,1
33952,Rigid,1988098,1988634,1989318,536,684,1220,completed,1
33953,Rigid,1988098,1988634,1989459,536,825,1361,completed,1
33954,Rigid,1988098,1988634,1989103,536,469,1005,completed,1
33955,Rigid,1988098,1988634,1989141,536,507,1043,completed,1
33956,Rigid,1988098,1988634,1989294,536,660,1196,completed,1
33957,Rigid,1988098,1988634,1989370,536,736,1272,completed,1
33958,Rigid,1988098,1988634,1989087,536,453,989,completed,1
33959,Rigid,1988098,1988634,1989115,536,481,1017,completed,1
33960,Rigid,1988098,1988634,1989237,536,603,1139,completed,1
33961,Rigid,1988098,1988634,1989296,536,662,1198,completed,1
33962,Rigid,1988098,1988634,1989078,536,444,980,completed,1
33963,Rigid,1988098,1988665,1989162,567,497,1064,completed,1
33964,Rigid,1988098,1988665,1989297,567,632,1199,completed,1
33965,Rigid,1988098,1988665,1989396,567,731,1298,completed,1
33966,Rigid,1988098,1988665,1989120,567,455,1022,completed,1
33967,Rigid,1988098,1988665,1989158,567,493,1060,completed,1
33968,Rigid,1988098,1988665,1989305,567,640,1207,completed,1
33969,Rigid,1988098,1988665,1989342,567,677,1244,completed,1
33970,Rigid,1988098,1988665,1989157,567,492,1059,completed,1
33971,Rigid,1988098,1988665,1989150,567,485,1052,completed,1
33972,Rigid,1988098,1988665,1989329,567,664,1231,completed,1
33973,Rigid,1988098,1988665,1989357,567,692,1259,completed,1
33974,Rigid,1988098,1988665,1989111,567,446,1013,completed,1
33975,Rigid,1988098,1988665,1989168,567,503,1070,completed,1
33976,Rigid,1988098,1988665,1989299,567,634,1201,completed,1
33977,Rigid,1988098,1988665,1989328,567,663,1230,completed,1
33978,Rigid,1988098,1988665,1989145,567,480,1047,completed,1
33979,Rigid,1988098,1988665,1989180,567,515,1082,completed,1
33980,Rigid,1988098,1988665,1989336,567,671,1238,completed,1
33981,Rigid,1988098,1988696,1989335,598,639,1237,completed,1
33982,Rigid,1988098,1988696,1989180,598,484,1082,completed,1
33983,Rigid,1988098,1988696,1989244,598,548,1146,completed,1
33984,Rigid,1988098,1988696,1989405,598,709,1307,completed,1
33985,Rigid,1988098,1988696,1989464,598,768,1366,completed,1
33986,Rigid,1988098,1988696,1989217,598,521,1119,completed,1
33987,Rigid,1988098,1988696,1989218,598,522,1120,completed,1
33988,Rigid,1988098,1988696,1989365,598,669,1267,completed,1
33989,Rigid,1988098,1988696,1989340,598,644,1242,completed,1
33990,Rigid,1988098,1988696,1989150,598,454,1052,completed,1
33991,Rigid,1988098,1988696,1989190,598,494,1092,completed,1
33992,Rigid,1988098,1988696,1989268,598,572,1170,completed,1
33993,Rigid,1988098,1988696,1989310,598,614,1212,completed,1
33994,Rigid,1988098,1988696,1989152,598,456,1054,completed,1
33995,Rigid,1988098,1988696,1989182,598,486,1084,completed,1
33996,Rigid,1988098,1988696,1989313,598,617,1215,completed,1
33997,Rigid,1988098,1988696,1989353,598,657,1255,completed,1
33998,Rigid,1988098,1988696,1989159,598,463,1061,completed,1
33999,Rigid,1988098,1988696,1989200,598,504,1102,completed,1
34000,Rigid,1988098,1988696,1989380,598,684,1282,completed,1
34001,Rigid,1988098,1988696,1989346,598,650,1248,completed,1
34002,Rigid,1988098,1988696,1989149,598,453,1051,completed,1
34003,Rigid,1988098,1988696,1989208,598,512,1110,completed,1
34004,Rigid,1988098,1988696,1989343,598,647,1245,completed,1
34005,Rigid,1988098,1988696,1989396,598,700,1298,completed,1
34006,Rigid,1988098,1988696,1989162,598,466,1064,completed,1
34007,Rigid,1988098,1988727,1989221,629,494,1123,completed,1
34008,Rigid,1988098,1988727,1989421,629,694,1323,completed,1
34009,Rigid,1988098,1988727,1989358,629,631,1260,completed,1
34010,Rigid,1988098,1988727,1989280,629,553,1182,completed,1
34011,Rigid,1988098,1988727,1989262,629,535,1164,completed,1
34012,Rigid,1988098,1988757,1989293,659,536,1195,completed,1
34013,Rigid,1988098,1988757,1989305,659,548,1207,completed,1
34014,Rigid,1988098,1988757,1989236,659,479,1138,completed,1
34015,Rigid,1988098,1988757,1989291,659,534,1193,completed,1
34016,Rigid,1988098,1988788,1989299,690,511,1201,completed,1
34017,Rigid,1988098,1988788,1989327,690,539,1229,completed,1
34018,Rigid,1988098,1988788,1989258,690,470,1160,completed,1
34019,Rigid,1988098,1988788,1989312,690,524,1214,completed,1
34020,Rigid,1988098,1988788,1989260,690,472,1162,completed,1
34021,Rigid,1988098,1988788,1989325,690,537,1227,completed,1
34022,Rigid,1988098,1988788,1989284,690,496,1186,completed,1
34023,Rigid,1988098,1988788,1989323,690,535,1225,completed,1
34024,Rigid,1988098,1988788,1989259,690,471,1161,completed,1
34025,Rigid,1988098,1988788,1989297,690,509,1199,completed,1
34026,Rigid,1988098,1988788,1989248,690,460,1150,completed,1
34027,Rigid,1988098,1988788,1989306,690,518,1208,completed,1
34028,Rigid,1988098,1988788,1989251,690,463,1153,completed,1
34029,Rigid,1988098,1988788,1989303,690,515,1205,completed,1
34030,Rigid,1988098,1988788,1989240,690,452,1142,completed,1
34031,Rigid,1988098,1988788,1989309,690,521,1211,completed,1
34032,Rigid,1988098,1988788,1989258,690,470,1160,completed,1
34033,Rigid,1988098,1988819,1989355,721,536,1257,completed,1
34034,Rigid,1988098,1988819,1989303,721,484,1205,completed,1
34035,Rigid,1988098,1988819,1989323,721,504,1225,completed,1
34036,Rigid,1988098,1988819,1989318,721,499,1220,completed,1
34037,Rigid,1988098,1988819,1989348,721,529,1250,completed,1
34038,Rigid,1988098,1988819,1989286,721,467,1188,completed,1
34039,Rigid,1988098,1988819,1989330,721,511,1232,completed,1
34040,Rigid,1988098,1988819,1989297,721,478,1199,completed,1
34041,Rigid,1988098,1988819,1989327,721,508,1229,completed,1
34042,Rigid,1988098,1988819,1989301,721,482,1203,completed,1
34043,Rigid,1988098,1988819,1989333,721,514,1235,completed,1
34044,Rigid,1988098,1988819,1989294,721,475,1196,completed,1
34045,Rigid,1988098,1988850,1989382,752,532,1284,completed,1
34046,Rigid,1988098,1988850,1989315,752,465,1217,completed,1
34047,Rigid,1988098,1988850,1989385,752,535,1287,completed,1
34048,Rigid,1988098,1988850,1989325,752,475,1227,completed,1
34049,Rigid,1988098,1988850,1989367,752,517,1269,completed,1
34050,Rigid,1988098,1988850,1989333,752,483,1235,completed,1
34051,Rigid,1988098,1988850,1989428,752,578,1330,completed,1
34052,Rigid,1988098,1988850,1989309,752,459,1211,completed,1
34053,Rigid,1988098,1988850,1989357,752,507,1259,completed,1
34054,Rigid,1988098,1988850,1989319,752,469,1221,completed,1
34055,Rigid,1988098,1988850,1989376,752,526,1278,completed,1
34056,Rigid,1988098,1988850,1989321,752,471,1223,completed,1
34057,Rigid,1988098,1988850,1989378,752,528,1280,completed,1
34058,Rigid,1988098,1988850,1989312,752,462,1214,completed,1
34059,Rigid,1988098,1988850,1989358,752,508,1260,completed,1
34060,Rigid,1988098,1988850,1989345,752,495,1247,completed,1
34061,Rigid,1988098,1988880,1989408,782,528,1310,completed,1
34062,Rigid,1988098,1988880,1989392,782,512,1294,completed,1
34063,Rigid,1988098,1988880,1989426,782,546,1328,completed,1
34064,Rigid,1988098,1988880,1989365,782,485,1267,completed,1
34065,Rigid,1988098,1988880,1989408,782,528,1310,completed,1
34066,Rigid,1988098,1988880,1989348,782,468,1250,completed,1
34067,Rigid,1988098,1988880,1989385,782,505,1287,completed,1
34068,Rigid,1988098,1988880,1989430,782,550,1332,completed,1
34069,Rigid,1988098,1988880,1989415,782,535,1317,completed,1
34070,Rigid,1988098,1988911,1989390,813,479,1292,completed,1
34071,Rigid,1988098,1988911,1989446,813,535,1348,completed,1
34072,Rigid,1988098,1988911,1989439,813,528,1341,completed,1
34073,Rigid,1988098,1988911,1989432,813,521,1334,completed,1
34074,Rigid,1988098,1988911,1989366,813,455,1268,completed,1
34075,Rigid,1988098,1988942,1989475,844,533,1377,completed,1
34076,Rigid,1988098,1988972,1989486,874,514,1388,completed,1
34077,Rigid,1988098,1988972,1989496,874,524,1398,completed,1
34078,Rigid,1988098,1988972,1989464,874,492,1366,completed,1
34079,Rigid,1988098,1989003,1989565,905,562,1467,completed,1
34080,Rigid,1988098,1989064,1989539,966,475,1441,completed,1
34081,Rigid,1988098,1989095,1989600,997,505,1502,completed,1
34082,Rigid,1988098,1989095,1989548,997,453,1450,completed,1
34083,Rigid,1988098,1989095,1989605,997,510,1507,completed,1
34084,Rigid,1988098,1989126,1989600,1028,474,1502,completed,1
34085,Rigid,1988098,1989126,1989635,1028,509,1537,completed,1
34086,Rigid,1988098,1989126,1989589,1028,463,1491,completed,1
34087,Rigid,1988098,1989126,1989630,1028,504,1532,completed,1
34088,Rigid,1988098,1989126,1989589,1028,463,1491,completed,1
34089,Rigid,1988098,1989156,1989679,1058,523,1581,completed,1
34090,Rigid,1988098,1989156,1989617,1058,461,1519,completed,1
34091,Rigid,1988098,1989156,1989683,1058,527,1585,completed,1
34092,Rigid,1988098,1989156,1989646,1058,490,1548,completed,1
34093,Rigid,1988098,1989156,1989664,1058,508,1566,completed,1
34094,Rigid,1988098,1989156,1989621,1058,465,1523,completed,1
34095,Rigid,1988098,1989156,1989661,1058,505,1563,completed,1
34096,Rigid,1988098,1989187,1989674,1089,487,1576,completed,1
34097,Rigid,1988098,1989187,1989696,1089,509,1598,completed,1
34098,Rigid,1988098,1989187,1989665,1089,478,1567,completed,1
34099,Rigid,1988098,1989187,1989732,1089,545,1634,completed,1
34100,Rigid,1988098,1989187,1989666,1089,479,1568,completed,1
34101,Rigid,1988098,1989187,1989715,1089,528,1617,completed,1
34102,Rigid,1988098,1989187,1989649,1089,462,1551,completed,1
34103,Rigid,1988098,1989187,1989716,1089,529,1618,completed,1
34104,Rigid,1988098,1989187,1989687,1089,500,1589,completed,1
34105,Rigid,1988098,1989218,1989723,1120,505,1625,completed,1
34106,Rigid,1988098,1989218,1989673,1120,455,1575,completed,1
34107,Rigid,1988098,1989218,1989741,1120,523,1643,completed,1
34108,Rigid,1988098,1989248,1989722,1150,474,1624,completed,1
34109,Rigid,1988098,1989248,1989802,1150,554,1704,completed,1
34110,Rigid,1988098,1989248,1989773,1150,525,1675,completed,1
34111,Rigid,1988098,1989248,1989787,1150,539,1689,completed,1
34112,Rigid,1988098,1989248,1989709,1150,461,1611,completed,1
34113,Rigid,1988098,1989279,1989810,1181,531,1712,completed,1
34114,Rigid,1988098,1989279,1989764,1181,485,1666,completed,1
34115,Rigid,1988098,1989279,1989783,1181,504,1685,completed,1
34116,Rigid,1988098,1989279,1989770,1181,491,1672,completed,1
34117,Rigid,1988098,1989279,1989791,1181,512,1693,completed,1
34118,Rigid,1988098,1989279,1989739,1181,460,1641,completed,1
34119,Rigid,1988098,1989279,1989788,1181,509,1690,completed,1
34120,Rigid,1988098,1989279,1989740,1181,461,1642,completed,1
34121,Rigid,1988098,1989279,1989822,1181,543,1724,completed,1
34122,Rigid,1988098,1989279,1989748,1181,469,1650,completed,1
34123,Rigid,1988098,1989279,1989791,1181,512,1693,completed,1
34124,Rigid,1988098,1989279,1989839,1181,560,1741,completed,1
34125,Rigid,1988098,1989279,1989881,1181,602,1783,completed,1
34126,Rigid,1988098,1989279,1989820,1181,541,1722,completed,1
34127,Rigid,1988098,1989279,1989867,1181,588,1769,completed,1
34128,Rigid,1988098,1989279,1989821,1181,542,1723,completed,1
34129,Rigid,1988098,1989279,1989880,1181,601,1782,completed,1
34130,Rigid,1988098,1989279,1989828,1181,549,1730,completed,1
34131,Rigid,1988098,1989279,1989871,1181,592,1773,completed,1
34132,Rigid,1988098,1989279,1989829,1181,550,1731,completed,1
34133,Rigid,1988098,1989279,1989871,1181,592,1773,completed,1
34134,Rigid,1988098,1989279,1989814,1181,535,1716,completed,1
34135,Rigid,1988098,1989279,1989867,1181,588,1769,completed,1
34136,Rigid,1988098,1989279,1989845,1181,566,1747,completed,1
34137,Rigid,1988098,1989279,1989897,1181,618,1799,completed,1
34138,Rigid,1988098,1989279,1989827,1181,548,1729,completed,1
34139,Rigid,1988098,1989279,1989864,1181,585,1766,completed,1
34140,Rigid,1988098,1989279,1989842,1181,563,1744,completed,1
34141,Rigid,1988098,1989279,1989891,1181,612,1793,completed,1
34142,Rigid,1988098,1989279,1989876,1181,597,1778,completed,1
34143,Rigid,1988098,1989279,1989889,1181,610,1791,completed,1
34144,Rigid,1988098,1989279,1989825,1181,546,1727,completed,1
34145,Rigid,1988098,1989279,1989866,1181,587,1768,completed,1
34146,Rigid,1988098,1989279,1989811,1181,532,1713,completed,1
34147,Rigid,1988098,1989279,1989880,1181,601,1782,completed,1
34148,Rigid,1988098,1989279,1989817,1181,538,1719,completed,1
34149,Rigid,1988098,1989279,1989880,1181,601,1782,completed,1
34150,Rigid,1988098,1989279,1989816,1181,537,1718,completed,1
34151,Rigid,1988098,1989279,1989860,1181,581,1762,completed,1
34152,Rigid,1988098,1989279,1989823,1181,544,1725,completed,1
34153,Rigid,1988098,1989279,1989871,1181,592,1773,completed,1
34154,Rigid,1988098,1989279,1989835,1181,556,1737,completed,1
34155,Rigid,1988098,1989279,1989883,1181,604,1785,completed,1
34156,Rigid,1988098,1989279,1989821,1181,542,1723,completed,1
34157,Rigid,1988098,1989279,1989875,1181,596,1777,completed,1
34158,Rigid,1988098,1989279,1989816,1181,537,1718,completed,1
34159,Rigid,1988098,1989279,1989891,1181,612,1793,completed,1
34160,Rigid,1988098,1989279,1989841,1181,562,1743,completed,1
34161,Rigid,1988098,1989279,1989887,1181,608,1789,completed,1
34162,Rigid,1988098,1989279,1989827,1181,548,1729,completed,1
34163,Rigid,1988098,1989279,1989873,1181,594,1775,completed,1
34164,Rigid,1988098,1989279,1989826,1181,547,1728,completed,1
34165,Rigid,1988098,1989279,1989879,1181,600,1781,completed,1
34166,Rigid,1988098,1989279,1989830,1181,551,1732,completed,1
34167,Rigid,1988098,1989279,1989873,1181,594,1775,completed,1
34168,Rigid,1988098,1989279,1989827,1181,548,1729,completed,1
34169,Rigid,1988098,1989279,1989870,1181,591,1772,completed,1
34170,Rigid,1988098,1989279,1989825,1181,546,1727,completed,1
34171,Rigid,1988098,1989279,1989877,1181,598,1779,completed,1
34172,Rigid,1988098,1989279,1989851,1181,572,1753,completed,1
34173,Rigid,1988098,1989279,1989892,1181,613,1794,completed,1
34174,Rigid,1988098,1989279,1989832,1181,553,1734,completed,1
34175,Rigid,1988098,1989279,1989870,1181,591,1772,completed,1
34176,Rigid,1988098,1989279,1989856,1181,577,1758,completed,1
34177,Rigid,1988098,1989279,1989891,1181,612,1793,completed,1
34178,Rigid,1988098,1989279,1989880,1181,601,1782,completed,1
34179,Rigid,1988098,1989279,1989882,1181,603,1784,completed,1
34180,Rigid,1988098,1989279,1989839,1181,560,1741,completed,1
34181,Rigid,1988098,1989279,1989880,1181,601,1782,completed,1
34182,Rigid,1988098,1989279,1989821,1181,542,1723,completed,1
34183,Rigid,1988098,1989279,1989894,1181,615,1796,completed,1
34184,Rigid,1988098,1989279,1989839,1181,560,1741,completed,1
34185,Rigid,1988098,1989279,1989879,1181,600,1781,completed,1
34186,Rigid,1988098,1989279,1989839,1181,560,1741,completed,1
34187,Rigid,1988098,1989279,1989869,1181,590,1771,completed,1
34188,Rigid,1988098,1989279,1989836,1181,557,1738,completed,1
34189,Rigid,1988098,1989279,1989881,1181,602,1783,completed,1
34190,Rigid,1988098,1989279,1989833,1181,554,1735,completed,1
34191,Rigid,1988098,1989279,1989884,1181,605,1786,completed,1
34192,Rigid,1988098,1989279,1989832,1181,553,1734,completed,1
34193,Rigid,1988098,1989279,1989882,1181,603,1784,completed,1
34194,Rigid,1988098,1989279,1989832,1181,553,1734,completed,1
34195,Rigid,1988098,1989279,1989893,1181,614,1795,completed,1
34196,Rigid,1988098,1989279,1989844,1181,565,1746,completed,1
34197,Rigid,1988098,1989279,1989883,1181,604,1785,completed,1
34198,Rigid,1988098,1989279,1989830,1181,551,1732,completed,1
34199,Rigid,1988098,1989279,1989887,1181,608,1789,completed,1
34200,Rigid,1988098,1989279,1989825,1181,546,1727,completed,1
34201,Rigid,1988098,1989279,1989888,1181,609,1790,completed,1
34202,Rigid,1988098,1989279,1989829,1181,550,1731,completed,1
34203,Rigid,1988098,1989279,1989871,1181,592,1773,completed,1
34204,Rigid,1988098,1989279,1989826,1181,547,1728,completed,1
34205,Rigid,1988098,1989279,1989864,1181,585,1766,completed,1
34206,Rigid,1988098,1989279,1989840,1181,561,1742,completed,1
34207,Rigid,1988098,1989279,1989871,1181,592,1773,completed,1
34208,Rigid,1988098,1989279,1989849,1181,570,1751,completed,1
34209,Rigid,1988098,1989279,1989888,1181,609,1790,completed,1
34210,Rigid,1988098,1989279,1989818,1181,539,1720,completed,1
34211,Rigid,1988098,1989279,1989871,1181,592,1773,completed,1
34212,Rigid,1988098,1989279,1991219,1181,1940,3121,completed,1
34213,Rigid,1988098,1989279,1991150,1181,1871,3052,completed,1
34214,Rigid,1988098,1989279,1990483,1181,1204,2385,completed,1
34215,Rigid,1988098,1989279,1990418,1181,1139,2320,completed,1
34216,Rigid,1988098,1989279,1991354,1181,2075,3256,completed,1
34217,Rigid,1988098,1989279,1991180,1181,1901,3082,completed,1
34218,Rigid,1988098,1989279,1990351,1181,1072,2253,completed,1
34219,Rigid,1988098,1989279,1990408,1181,1129,2310,completed,1
34220,Rigid,1988098,1989279,1991164,1181,1885,3066,completed,1
34221,Rigid,1988098,1989279,1991083,1181,1804,2985,completed,1
34222,Rigid,1988098,1989279,1990357,1181,1078,2259,completed,1
34223,Rigid,1988098,1989279,1990360,1181,1081,2262,completed,1
34224,Rigid,1988098,1989279,1990990,1181,1711,2892,completed,1
34225,Rigid,1988098,1989280,1990950,1182,1670,2852,completed,1
34226,Rigid,1988098,1989280,1990387,1182,1107,2289,completed,1
34227,Rigid,1988098,1989280,1990399,1182,1119,2301,completed,1
34228,Rigid,1988098,1989280,1990972,1182,1692,2874,completed,1
34229,Rigid,1988098,1989280,1991124,1182,1844,3026,completed,1
34230,Rigid,1988098,1989280,1990353,1182,1073,2255,completed,1
34231,Rigid,1988098,1989280,1990404,1182,1124,2306,completed,1
34232,Rigid,1988098,1989310,1991184,1212,1874,3086,completed,1
34233,Rigid,1988098,1989310,1991296,1212,1986,3198,completed,1
34234,Rigid,1988098,1989310,1990315,1212,1005,2217,completed,1
34235,Rigid,1988098,1989310,1990441,1212,1131,2343,completed,1
34236,Rigid,1988098,1989310,1991074,1212,1764,2976,completed,1
34237,Rigid,1988098,1989310,1991239,1212,1929,3141,completed,1
34238,Rigid,1988098,1989310,1990482,1212,1172,2384,completed,1
34239,Rigid,1988098,1989310,1990355,1212,1045,2257,completed,1
34240,Rigid,1988098,1989341,1991053,1243,1712,2955,completed,1
34241,Rigid,1988098,1989341,1991115,1243,1774,3017,completed,1
34242,Rigid,1988098,1989341,1990313,1243,972,2215,completed,1
34243,Rigid,1988098,1989341,1990309,1243,968,2211,completed,1
34244,Rigid,1988098,1989341,1990879,1243,1538,2781,completed,1
34245,Rigid,1988098,1989341,1990976,1243,1635,2878,completed,1
34246,Rigid,1988098,1989341,1990286,1243,945,2188,completed,1
34247,Rigid,1988098,1989341,1990344,1243,1003,2246,completed,1
34248,Rigid,1988098,1989341,1991139,1243,1798,3041,completed,1
34249,Rigid,1988098,1989341,1991108,1243,1767,3010,completed,1
34250,Rigid,1988098,1989341,1990344,1243,1003,2246,completed,1
34251,Rigid,1988098,1989341,1990400,1243,1059,2302,completed,1
34252,Rigid,1988098,1989341,1990729,1243,1388,2631,completed,1
34253,Rigid,1988098,1989341,1991029,1243,1688,2931,completed,1
34254,Rigid,1988098,1989341,1990297,1243,956,2199,completed,1
34255,Rigid,1988098,1989341,1990387,1243,1046,2289,completed,1
34256,Rigid,1988098,1989341,1991022,1243,1681,2924,completed,1
34257,Rigid,1988098,1989341,1991051,1243,1710,2953,completed,1
34258,Rigid,1988098,1989341,1990287,1243,946,2189,completed,1
34259,Rigid,1988098,1989341,1990367,1243,1026,2269,completed,1
34260,Rigid,1988098,1989341,1991034,1243,1693,2936,completed,1
34261,Rigid,1988098,1989341,1991078,1243,1737,2980,completed,1
34262,Rigid,1988098,1989341,1990320,1243,979,2222,completed,1
34263,Rigid,1988098,1989341,1990344,1243,1003,2246,completed,1
34264,Rigid,1988098,1989341,1991048,1243,1707,2950,completed,1
34265,Rigid,1988098,1989341,1990954,1243,1613,2856,completed,1
34266,Rigid,1988098,1989341,1990291,1243,950,2193,completed,1
34267,Rigid,1988098,1989341,1990368,1243,1027,2270,completed,1
34268,Rigid,1988098,1989341,1990901,1243,1560,2803,completed,1
34269,Rigid,1988098,1989341,1991181,1243,1840,3083,completed,1
34270,Rigid,1988098,1989341,1990329,1243,988,2231,completed,1
34271,Rigid,1988098,1989341,1990364,1243,1023,2266,completed,1
34272,Rigid,1988098,1989341,1990921,1243,1580,2823,completed,1
34273,Rigid,1988098,1989372,1991103,1274,1731,3005,completed,1
34274,Rigid,1988098,1989372,1990354,1274,982,2256,completed,1
34275,Rigid,1988098,1989372,1990386,1274,1014,2288,completed,1
34276,Rigid,1988098,1989372,1991091,1274,1719,2993,completed,1
34277,Rigid,1988098,1989372,1991193,1274,1821,3095,completed,1
34278,Rigid,1988098,1989372,1990353,1274,981,2255,completed,1
34279,Rigid,1988098,1989372,1990398,1274,1026,2300,completed,1
34280,Rigid,1988098,1989372,1991035,1274,1663,2937,completed,1
34281,Rigid,1988098,1989372,1991297,1274,1925,3199,completed,1
34282,Rigid,1988098,1989372,1990326,1274,954,2228,completed,1
34283,Rigid,1988098,1989372,1990359,1274,987,2261,completed,1
34284,Rigid,1988098,1989372,1991290,1274,1918,3192,completed,1
34285,Rigid,1988098,1989372,1991070,1274,1698,2972,completed,1
34286,Rigid,1988098,1989372,1990379,1274,1007,2281,completed,1
34287,Rigid,1988098,1989372,1990404,1274,1032,2306,completed,1
34288,Rigid,1988098,1989372,1991060,1274,1688,2962,completed,1
34289,Rigid,1988098,1989402,1991186,1304,1784,3088,completed,1
34290,Rigid,1988098,1989403,1990408,1305,1005,2310,completed,1
34291,Rigid,1988098,1989403,1990469,1305,1066,2371,completed,1
34292,Rigid,1988098,1989403,1990990,1305,1587,2892,completed,1
34293,Rigid,1988098,1989403,1991166,1305,1763,3068,completed,1
34294,Rigid,1988098,1989403,1990463,1305,1060,2365,completed,1
34295,Rigid,1988098,1989403,1990476,1305,1073,2378,completed,1
34296,Rigid,1988098,1989403,1991315,1305,1912,3217,completed,1
34297,Rigid,1988098,1989403,1991216,1305,1813,3118,completed,1
34298,Rigid,1988098,1989403,1990437,1305,1034,2339,completed,1
34299,Rigid,1988098,1989403,1990450,1305,1047,2352,completed,1
34300,Rigid,1988098,1989403,1991030,1305,1627,2932,completed,1
34301,Rigid,1988098,1989403,1991258,1305,1855,3160,completed,1
34302,Rigid,1988098,1989403,1990429,1305,1026,2331,completed,1
34303,Rigid,1988098,1989403,1990481,1305,1078,2383,completed,1
34304,Rigid,1988098,1989403,1991239,1305,1836,3141,completed,1
34305,Rigid,1988098,1989403,1991400,1305,1997,3302,completed,1
34306,Rigid,1988098,1989403,1990452,1305,1049,2354,completed,1
34307,Rigid,1988098,1989403,1990515,1305,1112,2417,completed,1
34308,Rigid,1988098,1989403,1991193,1305,1790,3095,completed,1
34309,Rigid,1988098,1989403,1991458,1305,2055,3360,completed,1
34310,Rigid,1988098,1989403,1990421,1305,1018,2323,completed,1
34311,Rigid,1988098,1989403,1990467,1305,1064,2369,completed,1
34312,Rigid,1988127,1989619,1989647,1492,28,1520,completed,16
34313,Rigid,1988440,1989619,1997504,1179,7885,9064,completed,16
34314,Rigid,1988489,1989620,1996186,1131,6566,7697,completed,16
34315,Rigid,1988777,1989620,1989881,843,261,1104,completed,16
34316,Rigid,1989135,1989156,1989162,21,6,27,completed,1
34317,Rigid,1989252,1996874,2007712,7622,10838,18460,completed,144
34318,Rigid,1989402,1989620,2143117,218,153497,153715,completed,16
34319,Rigid,1989406,1989620,2005311,214,15691,15905,completed,16
34320,Rigid,1991170,1991191,1992902,21,1711,1732,completed,1
34321,Rigid,1991170,1991191,1992935,21,1744,1765,completed,1
34322,Rigid,1991170,1991191,1992244,21,1053,1074,completed,1
34323,Rigid,1991170,1991191,1992288,21,1097,1118,completed,1
34324,Rigid,1991170,1991191,1993097,21,1906,1927,completed,1
34325,Rigid,1991170,1991191,1992970,21,1779,1800,completed,1
34326,Rigid,1991170,1991191,1992233,21,1042,1063,completed,1
34327,Rigid,1991170,1991191,1992289,21,1098,1119,completed,1
34328,Rigid,1991170,1991191,1993033,21,1842,1863,completed,1
34329,Rigid,1991170,1991191,1993188,21,1997,2018,completed,1
34330,Rigid,1991170,1991191,1992238,21,1047,1068,completed,1
34331,Rigid,1991170,1991191,1992271,21,1080,1101,completed,1
34332,Rigid,1991170,1991191,1993088,21,1897,1918,completed,1
34333,Rigid,1991170,1991191,1993089,21,1898,1919,completed,1
34334,Rigid,1991170,1991191,1992265,21,1074,1095,completed,1
34335,Rigid,1991170,1991191,1992284,21,1093,1114,completed,1
34336,Rigid,1991170,1991191,1993039,21,1848,1869,completed,1
34337,Rigid,1991170,1991191,1993107,21,1916,1937,completed,1
34338,Rigid,1991170,1991191,1992203,21,1012,1033,completed,1
34339,Rigid,1991170,1991191,1992273,21,1082,1103,completed,1
34340,Rigid,1991170,1991191,1993073,21,1882,1903,completed,1
34341,Rigid,1991170,1991191,1993014,21,1823,1844,completed,1
34342,Rigid,1991170,1991191,1992239,21,1048,1069,completed,1
34343,Rigid,1991170,1991191,1992345,21,1154,1175,completed,1
34344,Rigid,1991170,1991191,1993033,21,1842,1863,completed,1
34345,Rigid,1991170,1991191,1993036,21,1845,1866,completed,1
34346,Rigid,1991170,1991191,1992231,21,1040,1061,completed,1
34347,Rigid,1991170,1991191,1992340,21,1149,1170,completed,1
34348,Rigid,1991170,1991191,1992980,21,1789,1810,completed,1
34349,Rigid,1991170,1991191,1993108,21,1917,1938,completed,1
34350,Rigid,1991170,1991191,1992239,21,1048,1069,completed,1
34351,Rigid,1991170,1991191,1992278,21,1087,1108,completed,1
34352,Rigid,1991170,1991191,1993100,21,1909,1930,completed,1
34353,Rigid,1991170,1991191,1992938,21,1747,1768,completed,1
34354,Rigid,1991170,1991191,1992215,21,1024,1045,completed,1
34355,Rigid,1991170,1991191,1992261,21,1070,1091,completed,1
34356,Rigid,1991170,1991191,1993177,21,1986,2007,completed,1
34357,Rigid,1991170,1991191,1992934,21,1743,1764,completed,1
34358,Rigid,1991170,1991191,1992202,21,1011,1032,completed,1
34359,Rigid,1991170,1991191,1992241,21,1050,1071,completed,1
34360,Rigid,1991170,1991191,1993132,21,1941,1962,completed,1
34361,Rigid,1991170,1991191,1993103,21,1912,1933,completed,1
34362,Rigid,1991170,1991191,1992261,21,1070,1091,completed,1
34363,Rigid,1991170,1991191,1992289,21,1098,1119,completed,1
34364,Rigid,1991170,1991191,1992906,21,1715,1736,completed,1
34365,Rigid,1991170,1991191,1992957,21,1766,1787,completed,1
34366,Rigid,1991170,1991191,1992171,21,980,1001,completed,1
34367,Rigid,1991170,1991191,1992301,21,1110,1131,completed,1
34368,Rigid,1991170,1991191,1993190,21,1999,2020,completed,1
34369,Rigid,1991170,1991191,1993012,21,1821,1842,completed,1
34370,Rigid,1991170,1991191,1992222,21,1031,1052,completed,1
34371,Rigid,1991170,1991191,1992273,21,1082,1103,completed,1
34372,Rigid,1991170,1991191,1992755,21,1564,1585,completed,1
34373,Rigid,1991170,1991191,1993170,21,1979,2000,completed,1
34374,Rigid,1991170,1991192,1992240,22,1048,1070,completed,1
34375,Rigid,1991170,1991192,1992285,22,1093,1115,completed,1
34376,Rigid,1991170,1991192,1992937,22,1745,1767,completed,1
34377,Rigid,1991170,1991192,1993051,22,1859,1881,completed,1
34378,Rigid,1991170,1991192,1992231,22,1039,1061,completed,1
34379,Rigid,1991170,1991192,1992266,22,1074,1096,completed,1
34380,Rigid,1991170,1991192,1993055,22,1863,1885,completed,1
34381,Rigid,1991170,1991192,1993044,22,1852,1874,completed,1
34382,Rigid,1991170,1991192,1992197,22,1005,1027,completed,1
34383,Rigid,1991170,1991192,1992229,22,1037,1059,completed,1
34384,Rigid,1991170,1991192,1992783,22,1591,1613,completed,1
34385,Rigid,1991170,1991192,1993188,22,1996,2018,completed,1
34386,Rigid,1991170,1991192,1992283,22,1091,1113,completed,1
34387,Rigid,1991170,1991192,1992386,22,1194,1216,completed,1
34388,Rigid,1991170,1991192,1993284,22,2092,2114,completed,1
34389,Rigid,1991170,1991192,1993269,22,2077,2099,completed,1
34390,Rigid,1991170,1991192,1992251,22,1059,1081,completed,1
34391,Rigid,1991170,1991192,1992251,22,1059,1081,completed,1
34392,Rigid,1991170,1991192,1993393,22,2201,2223,completed,1
34393,Rigid,1991170,1991192,1993130,22,1938,1960,completed,1
34394,Rigid,1991170,1991192,1992238,22,1046,1068,completed,1
34395,Rigid,1991170,1991192,1992264,22,1072,1094,completed,1
34396,Rigid,1991170,1991192,1992779,22,1587,1609,completed,1
34397,Rigid,1991170,1991192,1993142,22,1950,1972,completed,1
34398,Rigid,1991170,1991192,1992209,22,1017,1039,completed,1
34399,Rigid,1991170,1991192,1992248,22,1056,1078,completed,1
34400,Rigid,1991170,1991192,1993095,22,1903,1925,completed,1
34401,Rigid,1991170,1991192,1993112,22,1920,1942,completed,1
34402,Rigid,1991170,1991192,1992239,22,1047,1069,completed,1
34403,Rigid,1991170,1991192,1992281,22,1089,1111,completed,1
34404,Rigid,1991170,1991192,1992991,22,1799,1821,completed,1
34405,Rigid,1991170,1991192,1993292,22,2100,2122,completed,1
34406,Rigid,1991170,1991192,1992181,22,989,1011,completed,1
34407,Rigid,1991170,1991192,1992217,22,1025,1047,completed,1
34408,Rigid,1991170,1991192,1992954,22,1762,1784,completed,1
34409,Rigid,1991170,1991192,1992985,22,1793,1815,completed,1
34410,Rigid,1991170,1991192,1992247,22,1055,1077,completed,1
34411,Rigid,1991170,1991192,1992279,22,1087,1109,completed,1
34412,Rigid,1991170,1991192,1992946,22,1754,1776,completed,1
34413,Rigid,1991170,1991192,1992939,22,1747,1769,completed,1
34414,Rigid,1991170,1991192,1992263,22,1071,1093,completed,1
34415,Rigid,1991170,1991192,1992329,22,1137,1159,completed,1
34416,Rigid,1991170,1991192,1992934,22,1742,1764,completed,1
34417,Rigid,1991170,1991192,1993032,22,1840,1862,completed,1
34418,Rigid,1991170,1991192,1992212,22,1020,1042,completed,1
34419,Rigid,1991170,1991192,1992271,22,1079,1101,completed,1
34420,Rigid,1991170,1991192,1992505,22,1313,1335,completed,1
34421,Rigid,1991170,1991192,1992572,22,1380,1402,completed,1
34422,Rigid,1991170,1991192,1991878,22,686,708,completed,1
34423,Rigid,1991170,1991192,1991927,22,735,757,completed,1
34424,Rigid,1991170,1991192,1992439,22,1247,1269,completed,1
34425,Rigid,1991170,1991192,1992582,22,1390,1412,completed,1
34426,Rigid,1991170,1991192,1991877,22,685,707,completed,1
34427,Rigid,1991170,1991192,1991931,22,739,761,completed,1
34428,Rigid,1991170,1991192,1992534,22,1342,1364,completed,1
34429,Rigid,1991170,1991192,1992655,22,1463,1485,completed,1
34430,Rigid,1991170,1991192,1991889,22,697,719,completed,1
34431,Rigid,1991170,1991192,1991960,22,768,790,completed,1
34432,Rigid,1991170,1991192,1992789,22,1597,1619,completed,1
34433,Rigid,1991170,1991192,1992719,22,1527,1549,completed,1
34434,Rigid,1991170,1991192,1991862,22,670,692,completed,1
34435,Rigid,1991170,1991192,1991919,22,727,749,completed,1
34436,Rigid,1991170,1991192,1992454,22,1262,1284,completed,1
34437,Rigid,1991170,1991192,1992689,22,1497,1519,completed,1
34438,Rigid,1991170,1991192,1991857,22,665,687,completed,1
34439,Rigid,1991170,1991192,1991917,22,725,747,completed,1
34440,Rigid,1991170,1991192,1992457,22,1265,1287,completed,1
34441,Rigid,1991170,1991192,1992578,22,1386,1408,completed,1
34442,Rigid,1991170,1991192,1991876,22,684,706,completed,1
34443,Rigid,1991170,1991192,1991945,22,753,775,completed,1
34444,Rigid,1991170,1991192,1992648,22,1456,1478,completed,1
34445,Rigid,1991170,1991192,1992592,22,1400,1422,completed,1
34446,Rigid,1991170,1991192,1991889,22,697,719,completed,1
34447,Rigid,1991170,1991192,1991941,22,749,771,completed,1
34448,Rigid,1991170,1991192,1992519,22,1327,1349,completed,1
34449,Rigid,1991170,1991192,1992608,22,1416,1438,completed,1
34450,Rigid,1991170,1991192,1991923,22,731,753,completed,1
34451,Rigid,1991170,1991192,1991947,22,755,777,completed,1
34452,Rigid,1991170,1991192,1992562,22,1370,1392,completed,1
34453,Rigid,1991170,1991192,1992675,22,1483,1505,completed,1
34454,Rigid,1991170,1991192,1991956,22,764,786,completed,1
34455,Rigid,1991170,1991192,1991917,22,725,747,completed,1
34456,Rigid,1991170,1991192,1992424,22,1232,1254,completed,1
34457,Rigid,1991170,1991192,1992466,22,1274,1296,completed,1
34458,Rigid,1991170,1991192,1991857,22,665,687,completed,1
34459,Rigid,1991170,1991192,1991920,22,728,750,completed,1
34460,Rigid,1991170,1991192,1992644,22,1452,1474,completed,1
34461,Rigid,1991170,1991192,1992495,22,1303,1325,completed,1
34462,Rigid,1991170,1991192,1991873,22,681,703,completed,1
34463,Rigid,1991170,1991192,1991898,22,706,728,completed,1
34464,Rigid,1991170,1991192,1992377,22,1185,1207,completed,1
34465,Rigid,1991170,1991192,1992578,22,1386,1408,completed,1
34466,Rigid,1991170,1991192,1991877,22,685,707,completed,1
34467,Rigid,1991170,1991192,1991955,22,763,785,completed,1
34468,Rigid,1991170,1991192,1992440,22,1248,1270,completed,1
34469,Rigid,1991170,1991192,1992523,22,1331,1353,completed,1
34470,Rigid,1991170,1991192,1991846,22,654,676,completed,1
34471,Rigid,1991170,1991193,1991894,23,701,724,completed,1
34472,Rigid,1991170,1991193,1992497,23,1304,1327,completed,1
34473,Rigid,1991170,1991193,1992434,23,1241,1264,completed,1
34474,Rigid,1991170,1991193,1991843,23,650,673,completed,1
34475,Rigid,1991170,1991193,1991872,23,679,702,completed,1
34476,Rigid,1991170,1991193,1992317,23,1124,1147,completed,1
34477,Rigid,1991170,1991193,1992464,23,1271,1294,completed,1
34478,Rigid,1991170,1991193,1991846,23,653,676,completed,1
34479,Rigid,1991170,1991193,1991902,23,709,732,completed,1
34480,Rigid,1991170,1991193,1992421,23,1228,1251,completed,1
34481,Rigid,1991170,1991193,1992548,23,1355,1378,completed,1
34482,Rigid,1991170,1991193,1991850,23,657,680,completed,1
34483,Rigid,1991170,1991224,1991934,54,710,764,completed,1
34484,Rigid,1991170,1991224,1992512,54,1288,1342,completed,1
34485,Rigid,1991170,1991224,1992710,54,1486,1540,completed,1
34486,Rigid,1991170,1991224,1991879,54,655,709,completed,1
34487,Rigid,1991170,1991224,1991953,54,729,783,completed,1
34488,Rigid,1991170,1991224,1992535,54,1311,1365,completed,1
34489,Rigid,1991170,1991224,1992727,54,1503,1557,completed,1
34490,Rigid,1991170,1991224,1991878,54,654,708,completed,1
34491,Rigid,1991170,1991224,1991928,54,704,758,completed,1
34492,Rigid,1991170,1991224,1992658,54,1434,1488,completed,1
34493,Rigid,1991170,1991224,1992536,54,1312,1366,completed,1
34494,Rigid,1991170,1991224,1991882,54,658,712,completed,1
34495,Rigid,1991170,1991224,1991920,54,696,750,completed,1
34496,Rigid,1991170,1991224,1992441,54,1217,1271,completed,1
34497,Rigid,1991170,1991224,1992555,54,1331,1385,completed,1
34498,Rigid,1991170,1991224,1991900,54,676,730,completed,1
34499,Rigid,1991170,1991224,1991923,54,699,753,completed,1
34500,Rigid,1991170,1991224,1992429,54,1205,1259,completed,1
34501,Rigid,1991170,1991224,1992574,54,1350,1404,completed,1
34502,Rigid,1991170,1991224,1991885,54,661,715,completed,1
34503,Rigid,1991170,1991224,1991918,54,694,748,completed,1
34504,Rigid,1991170,1991224,1992537,54,1313,1367,completed,1
34505,Rigid,1991170,1991224,1992504,54,1280,1334,completed,1
34506,Rigid,1991170,1991224,1991947,54,723,777,completed,1
34507,Rigid,1991170,1991224,1991983,54,759,813,completed,1
34508,Rigid,1991170,1991224,1992490,54,1266,1320,completed,1
34509,Rigid,1991170,1991224,1992487,54,1263,1317,completed,1
34510,Rigid,1991170,1991224,1991928,54,704,758,completed,1
34511,Rigid,1991170,1991224,1992019,54,795,849,completed,1
34512,Rigid,1991170,1991224,1992528,54,1304,1358,completed,1
34513,Rigid,1991170,1991224,1992524,54,1300,1354,completed,1
34514,Rigid,1991170,1991224,1991877,54,653,707,completed,1
34515,Rigid,1991170,1991224,1991943,54,719,773,completed,1
34516,Rigid,1991170,1991224,1992465,54,1241,1295,completed,1
34517,Rigid,1991170,1991224,1992511,54,1287,1341,completed,1
34518,Rigid,1991170,1991224,1991872,54,648,702,completed,1
34519,Rigid,1991170,1991224,1991948,54,724,778,completed,1
34520,Rigid,1991170,1991224,1992429,54,1205,1259,completed,1
34521,Rigid,1991170,1991224,1992509,54,1285,1339,completed,1
34522,Rigid,1991170,1991224,1991906,54,682,736,completed,1
34523,Rigid,1991170,1991224,1991928,54,704,758,completed,1
34524,Rigid,1991170,1991224,1992588,54,1364,1418,completed,1
34525,Rigid,1991170,1991224,1992668,54,1444,1498,completed,1
34526,Rigid,1991170,1991224,1991897,54,673,727,completed,1
34527,Rigid,1991170,1991224,1991909,54,685,739,completed,1
34528,Rigid,1991170,1991224,1992588,54,1364,1418,completed,1
34529,Rigid,1991170,1991224,1992667,54,1443,1497,completed,1
34530,Rigid,1991170,1991224,1991954,54,730,784,completed,1
34531,Rigid,1991170,1991224,1991970,54,746,800,completed,1
34532,Rigid,1991170,1991224,1992496,54,1272,1326,completed,1
34533,Rigid,1991170,1991224,1992605,54,1381,1435,completed,1
34534,Rigid,1991170,1991224,1991913,54,689,743,completed,1
34535,Rigid,1991170,1991224,1991953,54,729,783,completed,1
34536,Rigid,1991170,1991224,1992555,54,1331,1385,completed,1
34537,Rigid,1991170,1991224,1992602,54,1378,1432,completed,1
34538,Rigid,1991170,1991224,1991919,54,695,749,completed,1
34539,Rigid,1991170,1991224,1991950,54,726,780,completed,1
34540,Rigid,1991170,1991224,1992610,54,1386,1440,completed,1
34541,Rigid,1991170,1991224,1992577,54,1353,1407,completed,1
34542,Rigid,1991170,1991224,1991941,54,717,771,completed,1
34543,Rigid,1991170,1991224,1991988,54,764,818,completed,1
34544,Rigid,1991170,1991224,1992406,54,1182,1236,completed,1
34545,Rigid,1991170,1991224,1992619,54,1395,1449,completed,1
34546,Rigid,1991170,1991224,1991908,54,684,738,completed,1
34547,Rigid,1991170,1991224,1991981,54,757,811,completed,1
34548,Rigid,1991170,1991224,1992617,54,1393,1447,completed,1
34549,Rigid,1991170,1991224,1992461,54,1237,1291,completed,1
34550,Rigid,1991170,1991224,1991885,54,661,715,completed,1
34551,Rigid,1991170,1991224,1991944,54,720,774,completed,1
34552,Rigid,1991170,1991224,1992466,54,1242,1296,completed,1
34553,Rigid,1991170,1991224,1992539,54,1315,1369,completed,1
34554,Rigid,1991170,1991224,1991889,54,665,719,completed,1
34555,Rigid,1991170,1991224,1991961,54,737,791,completed,1
34556,Rigid,1991170,1991224,1992505,54,1281,1335,completed,1
34557,Rigid,1991170,1991224,1992613,54,1389,1443,completed,1
34558,Rigid,1991170,1991224,1991895,54,671,725,completed,1
34559,Rigid,1991170,1991224,1991949,54,725,779,completed,1
34560,Rigid,1991170,1991224,1992598,54,1374,1428,completed,1
34561,Rigid,1991170,1991224,1992641,54,1417,1471,completed,1
34562,Rigid,1991170,1991224,1991910,54,686,740,completed,1
34563,Rigid,1991170,1991224,1991949,54,725,779,completed,1
34564,Rigid,1991170,1991224,1992619,54,1395,1449,completed,1
34565,Rigid,1991170,1991224,1992626,54,1402,1456,completed,1
34566,Rigid,1991170,1991224,1991932,54,708,762,completed,1
34567,Rigid,1991170,1991224,1991976,54,752,806,completed,1
34568,Rigid,1991170,1991224,1992490,54,1266,1320,completed,1
34569,Rigid,1991170,1991224,1992636,54,1412,1466,completed,1
34570,Rigid,1991170,1991224,1991908,54,684,738,completed,1
34571,Rigid,1991170,1991224,1991969,54,745,799,completed,1
34572,Rigid,1991170,1991224,1992567,54,1343,1397,completed,1
34573,Rigid,1991170,1991224,1992693,54,1469,1523,completed,1
34574,Rigid,1991170,1991224,1991916,54,692,746,completed,1
34575,Rigid,1991170,1991224,1991945,54,721,775,completed,1
34576,Rigid,1991170,1991224,1992550,54,1326,1380,completed,1
34577,Rigid,1991170,1991224,1992681,54,1457,1511,completed,1
34578,Rigid,1991170,1991224,1991937,54,713,767,completed,1
34579,Rigid,1991170,1991224,1991967,54,743,797,completed,1
34580,Rigid,1991170,1991224,1992550,54,1326,1380,completed,1
34581,Rigid,1991170,1991224,1992610,54,1386,1440,completed,1
34582,Rigid,1991170,1991224,1991938,54,714,768,completed,1
34583,Rigid,1991170,1991224,1991983,54,759,813,completed,1
34584,Rigid,1991170,1991224,1992659,54,1435,1489,completed,1
34585,Rigid,1991170,1991224,1992611,54,1387,1441,completed,1
34586,Rigid,1991170,1991224,1991918,54,694,748,completed,1
34587,Rigid,1991170,1991224,1991957,54,733,787,completed,1
34588,Rigid,1991170,1991224,1992501,54,1277,1331,completed,1
34589,Rigid,1991170,1991224,1992625,54,1401,1455,completed,1
34590,Rigid,1991170,1991224,1991912,54,688,742,completed,1
34591,Rigid,1991170,1991224,1991951,54,727,781,completed,1
34592,Rigid,1991170,1991224,1992550,54,1326,1380,completed,1
34593,Rigid,1991170,1991224,1992495,54,1271,1325,completed,1
34594,Rigid,1991170,1991224,1991910,54,686,740,completed,1
34595,Rigid,1991170,1991225,1991954,55,729,784,completed,1
34596,Rigid,1991170,1991225,1992531,55,1306,1361,completed,1
34597,Rigid,1991170,1991225,1992647,55,1422,1477,completed,1
34598,Rigid,1991170,1991225,1991921,55,696,751,completed,1
34599,Rigid,1991170,1991225,1991942,55,717,772,completed,1
34600,Rigid,1991170,1991225,1992610,55,1385,1440,completed,1
34601,Rigid,1991170,1991225,1992697,55,1472,1527,completed,1
34602,Rigid,1991170,1991225,1991951,55,726,781,completed,1
34603,Rigid,1991170,1991225,1991969,55,744,799,completed,1
34604,Rigid,1991170,1991225,1992569,55,1344,1399,completed,1
34605,Rigid,1991170,1991225,1992550,55,1325,1380,completed,1
34606,Rigid,1991170,1991225,1991924,55,699,754,completed,1
34607,Rigid,1991170,1991225,1991978,55,753,808,completed,1
34608,Rigid,1991170,1991225,1992655,55,1430,1485,completed,1
34609,Rigid,1991170,1991225,1992578,55,1353,1408,completed,1
34610,Rigid,1991170,1991225,1991930,55,705,760,completed,1
34611,Rigid,1991170,1991225,1991952,55,727,782,completed,1
34612,Rigid,1991170,1991225,1992513,55,1288,1343,completed,1
34613,Rigid,1991170,1991225,1992518,55,1293,1348,completed,1
34614,Rigid,1991170,1991225,1991949,55,724,779,completed,1
34615,Rigid,1991170,1991225,1991988,55,763,818,completed,1
34616,Rigid,1991170,1991225,1992442,55,1217,1272,completed,1
34617,Rigid,1991170,1991225,1992668,55,1443,1498,completed,1
34618,Rigid,1991170,1991225,1991914,55,689,744,completed,1
34619,Rigid,1991170,1991225,1991978,55,753,808,completed,1
34620,Rigid,1991170,1991225,1993734,55,2509,2564,completed,1
34621,Rigid,1991170,1991225,1993436,55,2211,2266,completed,1
34622,Rigid,1991170,1991225,1992424,55,1199,1254,completed,1
34623,Rigid,1991170,1991225,1992434,55,1209,1264,completed,1
34624,Rigid,1991170,1991225,1993330,55,2105,2160,completed,1
34625,Rigid,1991170,1991225,1993359,55,2134,2189,completed,1
34626,Rigid,1991170,1991225,1992401,55,1176,1231,completed,1
34627,Rigid,1991170,1991225,1992450,55,1225,1280,completed,1
34628,Rigid,1991170,1991225,1993152,55,1927,1982,completed,1
34629,Rigid,1991170,1991225,1993358,55,2133,2188,completed,1
34630,Rigid,1991170,1991225,1992430,55,1205,1260,completed,1
34631,Rigid,1991170,1991225,1992487,55,1262,1317,completed,1
34632,Rigid,1991170,1991225,1993348,55,2123,2178,completed,1
34633,Rigid,1991170,1991225,1993412,55,2187,2242,completed,1
34634,Rigid,1991170,1991225,1992406,55,1181,1236,completed,1
34635,Rigid,1991170,1991225,1992436,55,1211,1266,completed,1
34636,Rigid,1991170,1991225,1993422,55,2197,2252,completed,1
34637,Rigid,1991170,1991225,1993385,55,2160,2215,completed,1
34638,Rigid,1991170,1991225,1992468,55,1243,1298,completed,1
34639,Rigid,1991170,1991225,1992461,55,1236,1291,completed,1
34640,Rigid,1991170,1991225,1993435,55,2210,2265,completed,1
34641,Rigid,1991170,1991225,1993514,55,2289,2344,completed,1
34642,Rigid,1991170,1991225,1992411,55,1186,1241,completed,1
34643,Rigid,1991170,1991225,1992480,55,1255,1310,completed,1
34644,Rigid,1991170,1991225,1993294,55,2069,2124,completed,1
34645,Rigid,1991170,1991225,1993464,55,2239,2294,completed,1
34646,Rigid,1991170,1991225,1992383,55,1158,1213,completed,1
34647,Rigid,1991170,1991225,1992440,55,1215,1270,completed,1
34648,Rigid,1991170,1991225,1993283,55,2058,2113,completed,1
34649,Rigid,1991170,1991225,1993212,55,1987,2042,completed,1
34650,Rigid,1991170,1991225,1992424,55,1199,1254,completed,1
34651,Rigid,1991170,1991225,1992491,55,1266,1321,completed,1
34652,Rigid,1991170,1991225,1993326,55,2101,2156,completed,1
34653,Rigid,1991170,1991225,1993564,55,2339,2394,completed,1
34654,Rigid,1991170,1991225,1992455,55,1230,1285,completed,1
34655,Rigid,1991170,1991225,1992485,55,1260,1315,completed,1
34656,Rigid,1991170,1991225,1993607,55,2382,2437,completed,1
34657,Rigid,1991170,1991225,1993274,55,2049,2104,completed,1
34658,Rigid,1991170,1991225,1992399,55,1174,1229,completed,1
34659,Rigid,1991170,1991225,1992455,55,1230,1285,completed,1
34660,Rigid,1991170,1991225,1993278,55,2053,2108,completed,1
34661,Rigid,1991170,1991225,1993179,55,1954,2009,completed,1
34662,Rigid,1991170,1991225,1992418,55,1193,1248,completed,1
34663,Rigid,1991170,1991225,1992471,55,1246,1301,completed,1
34664,Rigid,1991170,1991225,1993304,55,2079,2134,completed,1
34665,Rigid,1991170,1991225,1993394,55,2169,2224,completed,1
34666,Rigid,1991170,1991225,1992391,55,1166,1221,completed,1
34667,Rigid,1991170,1991225,1992448,55,1223,1278,completed,1
34668,Rigid,1991170,1991225,1993306,55,2081,2136,completed,1
34669,Rigid,1991170,1991225,1993485,55,2260,2315,completed,1
34670,Rigid,1991170,1991225,1992369,55,1144,1199,completed,1
34671,Rigid,1991170,1991225,1992417,55,1192,1247,completed,1
34672,Rigid,1991170,1991225,1993111,55,1886,1941,completed,1
34673,Rigid,1991170,1991225,1993412,55,2187,2242,completed,1
34674,Rigid,1991170,1991225,1992449,55,1224,1279,completed,1
34675,Rigid,1991170,1991225,1992494,55,1269,1324,completed,1
34676,Rigid,1991170,1991225,1993133,55,1908,1963,completed,1
34677,Rigid,1991170,1991225,1993710,55,2485,2540,completed,1
34678,Rigid,1991170,1991255,1992429,85,1174,1259,completed,1
34679,Rigid,1991170,1991255,1992469,85,1214,1299,completed,1
34680,Rigid,1991170,1991285,1993292,115,2007,2122,completed,1
34681,Rigid,1991170,1991316,1993363,146,2047,2193,completed,1
34682,Rigid,1991170,1991316,1992443,146,1127,1273,completed,1
34683,Rigid,1991170,1991316,1992529,146,1213,1359,completed,1
34684,Rigid,1991170,1991346,1993435,176,2089,2265,completed,1
34685,Rigid,1991170,1991376,1993482,206,2106,2312,completed,1
34686,Rigid,1991170,1991406,1992578,236,1172,1408,completed,1
34687,Rigid,1991170,1991467,1992627,297,1160,1457,completed,1
34688,Rigid,1991170,1991860,1993838,690,1978,2668,completed,1
34689,Rigid,1991170,1991860,1993880,690,2020,2710,completed,1
34690,Rigid,1991170,1991860,1992979,690,1119,1809,completed,1
34691,Rigid,1991170,1991860,1993002,690,1142,1832,completed,1
34692,Rigid,1991170,1991860,1993899,690,2039,2729,completed,1
34693,Rigid,1991170,1991860,1993783,690,1923,2613,completed,1
34694,Rigid,1991170,1991890,1992991,720,1101,1821,completed,1
34695,Rigid,1991170,1991890,1993002,720,1112,1832,completed,1
34696,Rigid,1991170,1991890,1994000,720,2110,2830,completed,1
34697,Rigid,1991170,1991890,1993982,720,2092,2812,completed,1
34698,Rigid,1991170,1991890,1992980,720,1090,1810,completed,1
34699,Rigid,1991170,1991890,1993043,720,1153,1873,completed,1
34700,Rigid,1991170,1991891,1993982,721,2091,2812,completed,1
34701,Rigid,1991170,1991891,1994007,721,2116,2837,completed,1
34702,Rigid,1991170,1991891,1992968,721,1077,1798,completed,1
34703,Rigid,1991170,1991891,1993073,721,1182,1903,completed,1
34704,Rigid,1991170,1991891,1993849,721,1958,2679,completed,1
34705,Rigid,1991170,1991921,1993860,751,1939,2690,completed,1
34706,Rigid,1991170,1991921,1992994,751,1073,1824,completed,1
34707,Rigid,1991170,1991921,1993044,751,1123,1874,completed,1
34708,Rigid,1991170,1991921,1993797,751,1876,2627,completed,1
34709,Rigid,1991170,1991921,1993911,751,1990,2741,completed,1
34710,Rigid,1991170,1991921,1993000,751,1079,1830,completed,1
34711,Rigid,1991170,1991921,1993044,751,1123,1874,completed,1
34712,Rigid,1991170,1991921,1993941,751,2020,2771,completed,1
34713,Rigid,1991170,1991921,1993998,751,2077,2828,completed,1
34714,Rigid,1991170,1991921,1993003,751,1082,1833,completed,1
34715,Rigid,1991170,1991921,1993069,751,1148,1899,completed,1
34716,Rigid,1991170,1991921,1993737,751,1816,2567,completed,1
34717,Rigid,1991170,1991921,1993992,751,2071,2822,completed,1
34718,Rigid,1991170,1991921,1993017,751,1096,1847,completed,1
34719,Rigid,1991170,1991921,1993103,751,1182,1933,completed,1
34720,Rigid,1991434,1994975,2027668,3541,32693,36234,completed,36
34721,Rigid,1991479,1991497,2001974,18,10477,10495,completed,4
34722,Rigid,1991597,1996724,2014097,5127,17373,22500,completed,36
34723,Rigid,1992211,1992211,1992598,0,387,387,completed,18
34724,Rigid,1992644,1992648,1994740,4,2092,2096,completed,1
34725,Rigid,1992644,1992648,1994787,4,2139,2143,completed,1
34726,Rigid,1992644,1992648,1993813,4,1165,1169,completed,1
34727,Rigid,1992644,1992648,1993823,4,1175,1179,completed,1
34728,Rigid,1992644,1992648,1994607,4,1959,1963,completed,1
34729,Rigid,1992644,1992648,1994733,4,2085,2089,completed,1
34730,Rigid,1992644,1992648,1993790,4,1142,1146,completed,1
34731,Rigid,1992644,1992648,1993858,4,1210,1214,completed,1
34732,Rigid,1992644,1992649,1994648,5,1999,2004,completed,1
34733,Rigid,1992644,1992649,1994723,5,2074,2079,completed,1
34734,Rigid,1992644,1992649,1993823,5,1174,1179,completed,1
34735,Rigid,1992644,1992649,1993847,5,1198,1203,completed,1
34736,Rigid,1992644,1992649,1994697,5,2048,2053,completed,1
34737,Rigid,1992644,1992649,1994889,5,2240,2245,completed,1
34738,Rigid,1992644,1992649,1993773,5,1124,1129,completed,1
34739,Rigid,1992644,1992649,1993857,5,1208,1213,completed,1
34740,Rigid,1992644,1992649,1994776,5,2127,2132,completed,1
34741,Rigid,1992644,1992649,1995122,5,2473,2478,completed,1
34742,Rigid,1992644,1992649,1993842,5,1193,1198,completed,1
34743,Rigid,1992644,1992649,1993869,5,1220,1225,completed,1
34744,Rigid,1992644,1992649,1994899,5,2250,2255,completed,1
34745,Rigid,1992644,1992649,1994797,5,2148,2153,completed,1
34746,Rigid,1992644,1992649,1993818,5,1169,1174,completed,1
34747,Rigid,1992644,1992649,1993814,5,1165,1170,completed,1
34748,Rigid,1992644,1992649,1994484,5,1835,1840,completed,1
34749,Rigid,1992644,1992649,1995032,5,2383,2388,completed,1
34750,Rigid,1992644,1992649,1993823,5,1174,1179,completed,1
34751,Rigid,1992644,1992649,1993804,5,1155,1160,completed,1
34752,Rigid,1992644,1992649,1994616,5,1967,1972,completed,1
34753,Rigid,1992644,1992649,1994888,5,2239,2244,completed,1
34754,Rigid,1992644,1992649,1993912,5,1263,1268,completed,1
34755,Rigid,1992644,1992649,1993875,5,1226,1231,completed,1
34756,Rigid,1992644,1992649,1994794,5,2145,2150,completed,1
34757,Rigid,1992644,1992649,1994786,5,2137,2142,completed,1
34758,Rigid,1992644,1992649,1993775,5,1126,1131,completed,1
34759,Rigid,1992644,1992649,1993844,5,1195,1200,completed,1
34760,Rigid,1992644,1992649,1994637,5,1988,1993,completed,1
34761,Rigid,1992644,1992649,1994788,5,2139,2144,completed,1
34762,Rigid,1992644,1992649,1993758,5,1109,1114,completed,1
34763,Rigid,1992644,1992649,1993821,5,1172,1177,completed,1
34764,Rigid,1992644,1992649,1994726,5,2077,2082,completed,1
34765,Rigid,1992644,1992649,1994810,5,2161,2166,completed,1
34766,Rigid,1992644,1992649,1993746,5,1097,1102,completed,1
34767,Rigid,1992644,1992649,1993809,5,1160,1165,completed,1
34768,Rigid,1992644,1992649,1994562,5,1913,1918,completed,1
34769,Rigid,1992644,1992649,1994897,5,2248,2253,completed,1
34770,Rigid,1992644,1992649,1993766,5,1117,1122,completed,1
34771,Rigid,1992644,1992649,1993791,5,1142,1147,completed,1
34772,Rigid,1992644,1992649,1994720,5,2071,2076,completed,1
34773,Rigid,1992644,1992649,1994660,5,2011,2016,completed,1
34774,Rigid,1992644,1992649,1993820,5,1171,1176,completed,1
34775,Rigid,1992644,1992649,1993956,5,1307,1312,completed,1
34776,Rigid,1992644,1992649,1994326,5,1677,1682,completed,1
34777,Rigid,1992644,1992649,1994719,5,2070,2075,completed,1
34778,Rigid,1992644,1992649,1993739,5,1090,1095,completed,1
34779,Rigid,1992644,1992649,1993837,5,1188,1193,completed,1
34780,Rigid,1992644,1992649,1994536,5,1887,1892,completed,1
34781,Rigid,1992644,1992649,1994688,5,2039,2044,completed,1
34782,Rigid,1992644,1992649,1993753,5,1104,1109,completed,1
34783,Rigid,1992644,1992649,1993813,5,1164,1169,completed,1
34784,Rigid,1992644,1992649,1994745,5,2096,2101,completed,1
34785,Rigid,1992644,1992649,1994770,5,2121,2126,completed,1
34786,Rigid,1992644,1992649,1993776,5,1127,1132,completed,1
34787,Rigid,1992644,1992649,1993869,5,1220,1225,completed,1
34788,Rigid,1992644,1992649,1994564,5,1915,1920,completed,1
34789,Rigid,1992644,1992649,1994802,5,2153,2158,completed,1
34790,Rigid,1992644,1992649,1993821,5,1172,1177,completed,1
34791,Rigid,1992644,1992649,1993851,5,1202,1207,completed,1
34792,Rigid,1992644,1992649,1994674,5,2025,2030,completed,1
34793,Rigid,1992644,1992649,1994830,5,2181,2186,completed,1
34794,Rigid,1992644,1992649,1993835,5,1186,1191,completed,1
34795,Rigid,1992644,1992649,1993900,5,1251,1256,completed,1
34796,Rigid,1992644,1992649,1994790,5,2141,2146,completed,1
34797,Rigid,1992644,1992649,1994851,5,2202,2207,completed,1
34798,Rigid,1992644,1992649,1993822,5,1173,1178,completed,1
34799,Rigid,1992644,1992649,1993906,5,1257,1262,completed,1
34800,Rigid,1992644,1992649,1994559,5,1910,1915,completed,1
34801,Rigid,1992644,1992649,1994658,5,2009,2014,completed,1
34802,Rigid,1992644,1992649,1993803,5,1154,1159,completed,1
34803,Rigid,1992644,1992649,1993819,5,1170,1175,completed,1
34804,Rigid,1992644,1992649,1994672,5,2023,2028,completed,1
34805,Rigid,1992644,1992649,1994895,5,2246,2251,completed,1
34806,Rigid,1992644,1992649,1993772,5,1123,1128,completed,1
34807,Rigid,1992644,1992649,1993862,5,1213,1218,completed,1
34808,Rigid,1992644,1992649,1995001,5,2352,2357,completed,1
34809,Rigid,1992644,1992649,1994899,5,2250,2255,completed,1
34810,Rigid,1992644,1992649,1993809,5,1160,1165,completed,1
34811,Rigid,1992644,1992649,1993905,5,1256,1261,completed,1
34812,Rigid,1992644,1992649,1994717,5,2068,2073,completed,1
34813,Rigid,1992644,1992649,1994669,5,2020,2025,completed,1
34814,Rigid,1992644,1992649,1993804,5,1155,1160,completed,1
34815,Rigid,1992644,1992649,1993841,5,1192,1197,completed,1
34816,Rigid,1992644,1992649,1994536,5,1887,1892,completed,1
34817,Rigid,1992644,1992649,1994990,5,2341,2346,completed,1
34818,Rigid,1992644,1992649,1993857,5,1208,1213,completed,1
34819,Rigid,1992644,1992649,1993887,5,1238,1243,completed,1
34820,Rigid,1992644,1992649,1994514,5,1865,1870,completed,1
34821,Rigid,1992644,1992649,1994787,5,2138,2143,completed,1
34822,Rigid,1992644,1992649,1993773,5,1124,1129,completed,1
34823,Rigid,1992644,1992649,1993892,5,1243,1248,completed,1
34824,Rigid,1992644,1992649,2001764,5,9115,9120,completed,1
34825,Rigid,1992644,1992649,2002016,5,9367,9372,completed,1
34826,Rigid,1992644,1992649,1995668,5,3019,3024,completed,1
34827,Rigid,1992644,1992649,1995655,5,3006,3011,completed,1
34828,Rigid,1992644,1992649,2000769,5,8120,8125,completed,1
34829,Rigid,1992644,1992649,2002014,5,9365,9370,completed,1
34830,Rigid,1992644,1992649,1995633,5,2984,2989,completed,1
34831,Rigid,1992644,1992649,1995641,5,2992,2997,completed,1
34832,Rigid,1992644,1992649,2001602,5,8953,8958,completed,1
34833,Rigid,1992644,1992649,2001871,5,9222,9227,completed,1
34834,Rigid,1992644,1992649,1995632,5,2983,2988,completed,1
34835,Rigid,1992644,1992649,1995663,5,3014,3019,completed,1
34836,Rigid,1992644,1992649,2001948,5,9299,9304,completed,1
34837,Rigid,1992644,1992649,2001825,5,9176,9181,completed,1
34838,Rigid,1992644,1992649,1995602,5,2953,2958,completed,1
34839,Rigid,1992644,1992649,1995608,5,2959,2964,completed,1
34840,Rigid,1992644,1992649,2001653,5,9004,9009,completed,1
34841,Rigid,1992644,1992649,2002818,5,10169,10174,completed,1
34842,Rigid,1992644,1992649,1995553,5,2904,2909,completed,1
34843,Rigid,1992644,1992649,1995763,5,3114,3119,completed,1
34844,Rigid,1992644,1992649,2002225,5,9576,9581,completed,1
34845,Rigid,1992644,1992649,2003077,5,10428,10433,completed,1
34846,Rigid,1992644,1992649,1995826,5,3177,3182,completed,1
34847,Rigid,1992644,1992649,1995912,5,3263,3268,completed,1
34848,Rigid,1992644,1992649,2002847,5,10198,10203,completed,1
34849,Rigid,1992644,1992649,2001716,5,9067,9072,completed,1
34850,Rigid,1992644,1992649,1995593,5,2944,2949,completed,1
34851,Rigid,1992644,1992649,1995686,5,3037,3042,completed,1
34852,Rigid,1992644,1992649,2002741,5,10092,10097,completed,1
34853,Rigid,1992644,1992649,2002173,5,9524,9529,completed,1
34854,Rigid,1992644,1992649,1995620,5,2971,2976,completed,1
34855,Rigid,1992644,1992649,1995687,5,3038,3043,completed,1
34856,Rigid,1992644,1992649,2001318,5,8669,8674,completed,1
34857,Rigid,1992644,1992649,2001668,5,9019,9024,completed,1
34858,Rigid,1992644,1992649,1995721,5,3072,3077,completed,1
34859,Rigid,1992644,1992649,1995661,5,3012,3017,completed,1
34860,Rigid,1992644,1992649,2002177,5,9528,9533,completed,1
34861,Rigid,1992644,1992649,2001277,5,8628,8633,completed,1
34862,Rigid,1992644,1992649,1995570,5,2921,2926,completed,1
34863,Rigid,1992644,1992649,1995689,5,3040,3045,completed,1
34864,Rigid,1992644,1992649,2001285,5,8636,8641,completed,1
34865,Rigid,1992644,1992649,2001464,5,8815,8820,completed,1
34866,Rigid,1992644,1992649,1995554,5,2905,2910,completed,1
34867,Rigid,1992644,1992649,1995630,5,2981,2986,completed,1
34868,Rigid,1992644,1992649,2000854,5,8205,8210,completed,1
34869,Rigid,1992644,1992649,2001535,5,8886,8891,completed,1
34870,Rigid,1992644,1992649,1995678,5,3029,3034,completed,1
34871,Rigid,1992644,1992649,1995598,5,2949,2954,completed,1
34872,Rigid,1992644,1992649,2001560,5,8911,8916,completed,1
34873,Rigid,1992644,1992649,2002143,5,9494,9499,completed,1
34874,Rigid,1992644,1992649,1995673,5,3024,3029,completed,1
34875,Rigid,1992644,1992649,1995882,5,3233,3238,completed,1
34876,Rigid,1992644,1992649,2000542,5,7893,7898,completed,1
34877,Rigid,1992644,1992649,2000674,5,8025,8030,completed,1
34878,Rigid,1992644,1992649,1995684,5,3035,3040,completed,1
34879,Rigid,1992644,1992650,1995669,6,3019,3025,completed,1
34880,Rigid,1992644,1992650,2001348,6,8698,8704,completed,1
34881,Rigid,1992644,1992650,2002249,6,9599,9605,completed,1
34882,Rigid,1992644,1992650,1995535,6,2885,2891,completed,1
34883,Rigid,1992644,1992650,1995661,6,3011,3017,completed,1
34884,Rigid,1992644,1992650,2002031,6,9381,9387,completed,1
34885,Rigid,1992644,1992650,2001436,6,8786,8792,completed,1
34886,Rigid,1992644,1992650,1995660,6,3010,3016,completed,1
34887,Rigid,1992644,1992650,1995694,6,3044,3050,completed,1
34888,Rigid,1992644,1992650,2001042,6,8392,8398,completed,1
34889,Rigid,1992644,1992650,2001023,6,8373,8379,completed,1
34890,Rigid,1992644,1992650,1995603,6,2953,2959,completed,1
34891,Rigid,1992644,1992650,1995732,6,3082,3088,completed,1
34892,Rigid,1992644,1992650,2001252,6,8602,8608,completed,1
34893,Rigid,1992644,1992650,2000883,6,8233,8239,completed,1
34894,Rigid,1992644,1992650,1995552,6,2902,2908,completed,1
34895,Rigid,1992644,1992650,1995655,6,3005,3011,completed,1
34896,Rigid,1992644,1992650,2001414,6,8764,8770,completed,1
34897,Rigid,1992644,1992650,2002351,6,9701,9707,completed,1
34898,Rigid,1992644,1992650,1995703,6,3053,3059,completed,1
34899,Rigid,1992644,1992650,1995634,6,2984,2990,completed,1
34900,Rigid,1992644,1992650,2002064,6,9414,9420,completed,1
34901,Rigid,1992644,1992650,2002080,6,9430,9436,completed,1
34902,Rigid,1992644,1992650,1995956,6,3306,3312,completed,1
34903,Rigid,1992644,1992650,1995716,6,3066,3072,completed,1
34904,Rigid,1992644,1992650,2001362,6,8712,8718,completed,1
34905,Rigid,1992644,1992650,2001790,6,9140,9146,completed,1
34906,Rigid,1992644,1992650,1995643,6,2993,2999,completed,1
34907,Rigid,1992644,1992650,1995651,6,3001,3007,completed,1
34908,Rigid,1992644,1992650,2001506,6,8856,8862,completed,1
34909,Rigid,1992644,1992650,2001037,6,8387,8393,completed,1
34910,Rigid,1992644,1992650,1995758,6,3108,3114,completed,1
34911,Rigid,1992644,1992650,1995746,6,3096,3102,completed,1
34912,Rigid,1992644,1992650,2001152,6,8502,8508,completed,1
34913,Rigid,1992644,1992650,2001856,6,9206,9212,completed,1
34914,Rigid,1992644,1992650,1995811,6,3161,3167,completed,1
34915,Rigid,1992644,1992650,1995853,6,3203,3209,completed,1
34916,Rigid,1992644,1992650,2002270,6,9620,9626,completed,1
34917,Rigid,1992644,1992650,2002174,6,9524,9530,completed,1
34918,Rigid,1992644,1992650,1995829,6,3179,3185,completed,1
34919,Rigid,1992644,1992650,1995628,6,2978,2984,completed,1
34920,Rigid,1992644,1992650,2000915,6,8265,8271,completed,1
34921,Rigid,1992644,1992650,2001188,6,8538,8544,completed,1
34922,Rigid,1992644,1992650,1995724,6,3074,3080,completed,1
34923,Rigid,1992644,1992650,1995576,6,2926,2932,completed,1
34924,Rigid,1992644,1992650,2001570,6,8920,8926,completed,1
34925,Rigid,1992644,1992650,2001577,6,8927,8933,completed,1
34926,Rigid,1992644,1992650,1995518,6,2868,2874,completed,1
34927,Rigid,1992644,1992650,1995694,6,3044,3050,completed,1
34928,Rigid,1992644,1992650,2000827,6,8177,8183,completed,1
34929,Rigid,1992644,1992650,2000812,6,8162,8168,completed,1
34930,Rigid,1992644,1992650,1995653,6,3003,3009,completed,1
34931,Rigid,1992644,1992650,1995621,6,2971,2977,completed,1
34932,Rigid,1992644,1992650,2000869,6,8219,8225,completed,1
34933,Rigid,1992644,1992650,2001782,6,9132,9138,completed,1
34934,Rigid,1992644,1992650,1995848,6,3198,3204,completed,1
34935,Rigid,1992644,1992650,1995756,6,3106,3112,completed,1
34936,Rigid,1992644,1992650,2001859,6,9209,9215,completed,1
34937,Rigid,1992644,1992650,2002102,6,9452,9458,completed,1
34938,Rigid,1992644,1992650,1995820,6,3170,3176,completed,1
34939,Rigid,1992644,1992680,1995707,36,3027,3063,completed,1
34940,Rigid,1992644,1992680,2000634,36,7954,7990,completed,1
34941,Rigid,1992644,1992680,2002247,36,9567,9603,completed,1
34942,Rigid,1992644,1992680,1995601,36,2921,2957,completed,1
34943,Rigid,1992644,1992680,1995933,36,3253,3289,completed,1
34944,Rigid,1992644,1992680,2001950,36,9270,9306,completed,1
34945,Rigid,1992644,1992680,2001045,36,8365,8401,completed,1
34946,Rigid,1992644,1992680,1995645,36,2965,3001,completed,1
34947,Rigid,1992644,1992680,1995691,36,3011,3047,completed,1
34948,Rigid,1992644,1992680,2001297,36,8617,8653,completed,1
34949,Rigid,1992644,1992680,2001416,36,8736,8772,completed,1
34950,Rigid,1992644,1992680,1995888,36,3208,3244,completed,1
34951,Rigid,1992644,1992680,1995729,36,3049,3085,completed,1
34952,Rigid,1992644,1992680,2000980,36,8300,8336,completed,1
34953,Rigid,1992644,1992680,2000630,36,7950,7986,completed,1
34954,Rigid,1992644,1992680,1995652,36,2972,3008,completed,1
34955,Rigid,1992644,1992680,1995787,36,3107,3143,completed,1
34956,Rigid,1992644,1992680,2002014,36,9334,9370,completed,1
34957,Rigid,1992644,1992680,2002408,36,9728,9764,completed,1
34958,Rigid,1992644,1992680,1995579,36,2899,2935,completed,1
34959,Rigid,1992644,1992680,1995737,36,3057,3093,completed,1
34960,Rigid,1992644,1992680,2001241,36,8561,8597,completed,1
34961,Rigid,1992644,1992680,2001876,36,9196,9232,completed,1
34962,Rigid,1992644,1992680,1995605,36,2925,2961,completed,1
34963,Rigid,1992644,1992680,1995672,36,2992,3028,completed,1
34964,Rigid,1992644,1992680,2001421,36,8741,8777,completed,1
34965,Rigid,1992644,1992680,2001920,36,9240,9276,completed,1
34966,Rigid,1992644,1992680,1995607,36,2927,2963,completed,1
34967,Rigid,1992644,1992680,1995802,36,3122,3158,completed,1
34968,Rigid,1992644,1992710,2001284,66,8574,8640,completed,1
34969,Rigid,1992644,1992710,2000590,66,7880,7946,completed,1
34970,Rigid,1992644,1992711,1995420,67,2709,2776,completed,1
34971,Rigid,1992644,1992741,1995788,97,3047,3144,completed,1
34972,Rigid,1992644,1992741,2002301,97,9560,9657,completed,1
34973,Rigid,1992644,1992741,2002059,97,9318,9415,completed,1
34974,Rigid,1992644,1992741,1995902,97,3161,3258,completed,1
34975,Rigid,1992644,1992771,1995915,127,3144,3271,completed,1
34976,Rigid,1992644,1992802,2002202,158,9400,9558,completed,1
34977,Rigid,1992644,1992802,2000633,158,7831,7989,completed,1
34978,Rigid,1992644,1992802,1995572,158,2770,2928,completed,1
34979,Rigid,1992644,1992923,1995990,279,3067,3346,completed,1
34980,Rigid,1992644,1992923,2000360,279,7437,7716,completed,1
34981,Rigid,1992644,1992953,2001853,309,8900,9209,completed,1
34982,Rigid,1992644,1992953,1995778,309,2825,3134,completed,1
34983,Rigid,1992644,1992953,1995821,309,2868,3177,completed,1
34984,Rigid,1992644,1992953,2001195,309,8242,8551,completed,1
34985,Rigid,1992644,1992953,2001833,309,8880,9189,completed,1
34986,Rigid,1992644,1992953,1995948,309,2995,3304,completed,1
34987,Rigid,1992644,1992953,1996065,309,3112,3421,completed,1
34988,Rigid,1992644,1992983,2002090,339,9107,9446,completed,1
34989,Rigid,1992644,1992983,2001576,339,8593,8932,completed,1
34990,Rigid,1992644,1992983,1995837,339,2854,3193,completed,1
34991,Rigid,1992644,1992983,1996273,339,3290,3629,completed,1
34992,Rigid,1992644,1992983,2002175,339,9192,9531,completed,1
34993,Rigid,1992644,1992983,2002111,339,9128,9467,completed,1
34994,Rigid,1992644,1992983,1995860,339,2877,3216,completed,1
34995,Rigid,1992644,1993013,1995861,369,2848,3217,completed,1
34996,Rigid,1992644,1993013,2000967,369,7954,8323,completed,1
34997,Rigid,1992644,1993013,2001177,369,8164,8533,completed,1
34998,Rigid,1992644,1993013,1995740,369,2727,3096,completed,1
34999,Rigid,1992644,1993013,1996112,369,3099,3468,completed,1
35000,Rigid,1992644,1993013,2001948,369,8935,9304,completed,1
35001,Rigid,1992644,1993013,2001800,369,8787,9156,completed,1
35002,Rigid,1992644,1993013,1995941,369,2928,3297,completed,1
35003,Rigid,1992644,1993013,1996129,369,3116,3485,completed,1
35004,Rigid,1992644,1993013,2002170,369,9157,9526,completed,1
35005,Rigid,1992644,1993013,2001485,369,8472,8841,completed,1
35006,Rigid,1992644,1993013,1995929,369,2916,3285,completed,1
35007,Rigid,1992644,1993013,1995951,369,2938,3307,completed,1
35008,Rigid,1992644,1993013,2002165,369,9152,9521,completed,1
35009,Rigid,1992644,1993013,2001758,369,8745,9114,completed,1
35010,Rigid,1992644,1993013,1995945,369,2932,3301,completed,1
35011,Rigid,1992644,1993013,1996005,369,2992,3361,completed,1
35012,Rigid,1992644,1993013,2001595,369,8582,8951,completed,1
35013,Rigid,1992644,1993013,2002043,369,9030,9399,completed,1
35014,Rigid,1992644,1993013,1995916,369,2903,3272,completed,1
35015,Rigid,1992644,1993013,1996134,369,3121,3490,completed,1
35016,Rigid,1992644,1993013,2002077,369,9064,9433,completed,1
35017,Rigid,1992644,1993013,2001618,369,8605,8974,completed,1
35018,Rigid,1992644,1993014,1995900,370,2886,3256,completed,1
35019,Rigid,1992644,1993014,1995990,370,2976,3346,completed,1
35020,Rigid,1992644,1993014,2002946,370,9932,10302,completed,1
35021,Rigid,1992644,1993014,2001632,370,8618,8988,completed,1
35022,Rigid,1992644,1993014,1995885,370,2871,3241,completed,1
35023,Rigid,1992644,1993014,1995791,370,2777,3147,completed,1
35024,Rigid,1992811,1992812,1992814,1,2,3,completed,1
35025,Rigid,1992811,1992812,1992833,1,21,22,completed,1
35026,Rigid,1992811,1992812,1992814,1,2,3,completed,1
35027,Rigid,1992811,1992812,1992820,1,8,9,completed,1
35028,Rigid,1992812,1992812,1992820,0,8,8,completed,1
35029,Rigid,1992987,2001996,2013253,9009,11257,20266,completed,144
35030,Rigid,1992995,1992995,1992998,0,3,3,completed,1
35031,Rigid,1992996,1992999,1993002,3,3,6,completed,1
35032,Rigid,1992996,1992999,1993001,3,2,5,completed,1
35033,Rigid,1992996,1992999,1993001,3,2,5,completed,1
35034,Rigid,1992996,1992999,1993001,3,2,5,completed,1
35035,Rigid,1992996,1992999,1993001,3,2,5,completed,1
35036,Rigid,1992996,1992999,1993001,3,2,5,completed,1
35037,Rigid,1992997,1992999,1993001,2,2,4,completed,1
35038,Rigid,1992997,1992999,1993001,2,2,4,completed,1
35039,Rigid,1992997,1992999,1993001,2,2,4,completed,1
35040,Rigid,1992997,1992999,1993001,2,2,4,completed,1
35041,Rigid,1992997,1992999,1993001,2,2,4,completed,1
35042,Rigid,1992997,1992999,1993001,2,2,4,completed,1
35043,Rigid,1992997,1992999,1993001,2,2,4,completed,1
35044,Rigid,1992997,1992999,1993001,2,2,4,completed,1
35045,Rigid,1992997,1992999,1993001,2,2,4,completed,1
35046,Rigid,1992998,1992999,1993001,1,2,3,completed,1
35047,Rigid,1992998,1992999,1993001,1,2,3,completed,1
35048,Rigid,1992998,1992999,1993001,1,2,3,completed,1
35049,Rigid,1992998,1992999,1993001,1,2,3,completed,1
35050,Rigid,1992998,1992999,1993001,1,2,3,completed,1
35051,Rigid,1992999,1992999,1993001,0,2,2,completed,1
35052,Rigid,1992999,1992999,1993001,0,2,2,completed,1
35053,Rigid,1992999,1992999,1993001,0,2,2,completed,1
35054,Rigid,1992999,1992999,1993001,0,2,2,completed,1
35055,Rigid,1992999,1992999,1993001,0,2,2,completed,1
35056,Rigid,1992999,1993000,1993001,1,1,2,completed,1
35057,Rigid,1992999,1993000,1993001,1,1,2,completed,1
35058,Rigid,1993000,1993000,1993001,0,1,1,completed,1
35059,Rigid,1993000,1993002,1993005,2,3,5,completed,1
35060,Rigid,1993000,1993002,1993004,2,2,4,completed,1
35061,Rigid,1993000,1993002,1993004,2,2,4,completed,1
35062,Rigid,1993000,1993002,1993004,2,2,4,completed,1
35063,Rigid,1993000,1993002,1993004,2,2,4,completed,1
35064,Rigid,1993000,1993002,1993004,2,2,4,completed,1
35065,Rigid,1993000,1993002,1993004,2,2,4,completed,1
35066,Rigid,1993001,1993002,1993004,1,2,3,completed,1
35067,Rigid,1993001,1993002,1993004,1,2,3,completed,1
35068,Rigid,1993001,1993002,1993004,1,2,3,completed,1
35069,Rigid,1993001,1993002,1993004,1,2,3,completed,1
35070,Rigid,1993001,1993002,1993004,1,2,3,completed,1
35071,Rigid,1993001,1993002,1993005,1,3,4,completed,1
35072,Rigid,1993001,1993002,1993004,1,2,3,completed,1
35073,Rigid,1993002,1993002,1993004,0,2,2,completed,1
35074,Rigid,1993002,1993002,1993004,0,2,2,completed,1
35075,Rigid,1993002,1993002,1993004,0,2,2,completed,1
35076,Rigid,1993002,1993002,1993004,0,2,2,completed,1
35077,Rigid,1993002,1993002,1993005,0,3,3,completed,1
35078,Rigid,1993002,1993002,1993004,0,2,2,completed,1
35079,Rigid,1993003,1993003,1993004,0,1,1,completed,1
35080,Rigid,1993003,1993003,1993005,0,2,2,completed,1
35081,Rigid,1993003,1993003,1993004,0,1,1,completed,1
35082,Rigid,1993003,1993003,1993005,0,2,2,completed,1
35083,Rigid,1993003,1993004,1993005,1,1,2,completed,1
35084,Rigid,1993003,1993004,1993005,1,1,2,completed,1
35085,Rigid,1993003,1993004,1993005,1,1,2,completed,1
35086,Rigid,1993004,1993004,1993005,0,1,1,completed,1
35087,Rigid,1993004,1993004,1993005,0,1,1,completed,1
35088,Rigid,1993004,1993004,1993005,0,1,1,completed,1
35089,Rigid,1993004,1993004,1993005,0,1,1,completed,1
35090,Rigid,1993004,1993004,1993005,0,1,1,completed,1
35091,Rigid,1993004,1993004,1993005,0,1,1,completed,1
35092,Rigid,1993004,1993005,1993008,1,3,4,completed,1
35093,Rigid,1993004,1993005,1993007,1,2,3,completed,1
35094,Rigid,1993004,1993005,1993006,1,1,2,completed,1
35095,Rigid,1993004,1993005,1993007,1,2,3,completed,1
35096,Rigid,1993005,1993005,1993006,0,1,1,completed,1
35097,Rigid,1993005,1993006,1993007,1,1,2,completed,1
35098,Rigid,1993005,1993006,1993007,1,1,2,completed,1
35099,Rigid,1993005,1993006,1993007,1,1,2,completed,1
35100,Rigid,1993005,1993006,1993007,1,1,2,completed,1
35101,Rigid,1993005,1993006,1993007,1,1,2,completed,1
35102,Rigid,1993005,1993006,1993007,1,1,2,completed,1
35103,Rigid,1993005,1993006,1993007,1,1,2,completed,1
35104,Rigid,1993005,1993006,1993007,1,1,2,completed,1
35105,Rigid,1993006,1993006,1993007,0,1,1,completed,1
35106,Rigid,1993006,1993006,1993007,0,1,1,completed,1
35107,Rigid,1993006,1993006,1993008,0,2,2,completed,1
35108,Rigid,1993006,1993006,1993008,0,2,2,completed,1
35109,Rigid,1993006,1993006,1993008,0,2,2,completed,1
35110,Rigid,1993006,1993006,1993008,0,2,2,completed,1
35111,Rigid,1993007,1993007,1993008,0,1,1,completed,1
35112,Rigid,1993007,1993007,1993008,0,1,1,completed,1
35113,Rigid,1993007,1993007,1993008,0,1,1,completed,1
35114,Rigid,1993007,1993007,1993008,0,1,1,completed,1
35115,Rigid,1993007,1993008,1993009,1,1,2,completed,1
35116,Rigid,1993007,1993008,1993009,1,1,2,completed,1
35117,Rigid,1993007,1993008,1993009,1,1,2,completed,1
35118,Rigid,1993007,1993008,1993009,1,1,2,completed,1
35119,Rigid,1993007,1993008,1993009,1,1,2,completed,1
35120,Rigid,1993007,1993008,1993009,1,1,2,completed,1
35121,Rigid,1993008,1993008,1993009,0,1,1,completed,1
35122,Rigid,1993008,1993008,1993009,0,1,1,completed,1
35123,Rigid,1993008,1993008,1993009,0,1,1,completed,1
35124,Rigid,1993008,1993008,1993009,0,1,1,completed,1
35125,Rigid,1993008,1993008,1993009,0,1,1,completed,1
35126,Rigid,1993008,1993008,1993009,0,1,1,completed,1
35127,Rigid,1993008,1993008,1993009,0,1,1,completed,1
35128,Rigid,1993009,1993009,1993010,0,1,1,completed,1
35129,Rigid,1993009,1993009,1993010,0,1,1,completed,1
35130,Rigid,1993009,1993009,1993010,0,1,1,completed,1
35131,Rigid,1993009,1993009,1993010,0,1,1,completed,1
35132,Rigid,1993009,1993009,1993010,0,1,1,completed,1
35133,Rigid,1993009,1993009,1993010,0,1,1,completed,1
35134,Rigid,1993009,1993009,1993011,0,2,2,completed,1
35135,Rigid,1993009,1993009,1993011,0,2,2,completed,1
35136,Rigid,1993009,1993009,1993011,0,2,2,completed,1
35137,Rigid,1993010,1993010,1993011,0,1,1,completed,1
35138,Rigid,1993010,1993010,1993011,0,1,1,completed,1
35139,Rigid,1993010,1993010,1993011,0,1,1,completed,1
35140,Rigid,1993010,1993010,1993011,0,1,1,completed,1
35141,Rigid,1993010,1993010,1993012,0,2,2,completed,1
35142,Rigid,1993010,1993010,1993012,0,2,2,completed,1
35143,Rigid,1993010,1993010,1993012,0,2,2,completed,1
35144,Rigid,1993010,1993010,1993012,0,2,2,completed,1
35145,Rigid,1993010,1993010,1993012,0,2,2,completed,1
35146,Rigid,1993010,1993011,1993012,1,1,2,completed,1
35147,Rigid,1993011,1993011,1993012,0,1,1,completed,1
35148,Rigid,1993011,1993011,1993012,0,1,1,completed,1
35149,Rigid,1993011,1993011,1993012,0,1,1,completed,1
35150,Rigid,1993011,1993011,1993012,0,1,1,completed,1
35151,Rigid,1993011,1993011,1993012,0,1,1,completed,1
35152,Rigid,1993011,1993011,1993012,0,1,1,completed,1
35153,Rigid,1993011,1993011,1993012,0,1,1,completed,1
35154,Rigid,1993011,1993011,1993012,0,1,1,completed,1
35155,Rigid,1993011,1993012,1993013,1,1,2,completed,1
35156,Rigid,1993012,1993012,1993013,0,1,1,completed,1
35157,Rigid,1993012,1993012,1993013,0,1,1,completed,1
35158,Rigid,1993012,1993012,1993013,0,1,1,completed,1
35159,Rigid,1993012,1993012,1993013,0,1,1,completed,1
35160,Rigid,1993012,1993012,1993013,0,1,1,completed,1
35161,Rigid,1993012,1993012,1993014,0,2,2,completed,1
35162,Rigid,1993012,1993012,1993013,0,1,1,completed,1
35163,Rigid,1993012,1993013,1993014,1,1,2,completed,1
35164,Rigid,1993012,1993013,1993014,1,1,2,completed,1
35165,Rigid,1993013,1993013,1993014,0,1,1,completed,1
35166,Rigid,1993013,1993013,1993014,0,1,1,completed,1
35167,Rigid,1993013,1993013,1993014,0,1,1,completed,1
35168,Rigid,1993013,1993013,1993014,0,1,1,completed,1
35169,Rigid,1993013,1993013,1993015,0,2,2,completed,1
35170,Rigid,1993013,1993013,1993015,0,2,2,completed,1
35171,Rigid,1993013,1993013,1993015,0,2,2,completed,1
35172,Rigid,1993013,1993013,1993015,0,2,2,completed,1
35173,Rigid,1993013,1993013,1993015,0,2,2,completed,1
35174,Rigid,1993014,1993014,1993016,0,2,2,completed,1
35175,Rigid,1993014,1993014,1993016,0,2,2,completed,1
35176,Rigid,1993014,1993014,1993016,0,2,2,completed,1
35177,Rigid,1993014,1993014,1993015,0,1,1,completed,1
35178,Rigid,1993014,1993014,1993016,0,2,2,completed,1
35179,Rigid,1993014,1993014,1993016,0,2,2,completed,1
35180,Rigid,1993014,1993014,1993016,0,2,2,completed,1
35181,Rigid,1993014,1993014,1993016,0,2,2,completed,1
35182,Rigid,1993015,1993015,1993016,0,1,1,completed,1
35183,Rigid,1993015,1993015,1993016,0,1,1,completed,1
35184,Rigid,1993015,1993015,1993016,0,1,1,completed,1
35185,Rigid,1993015,1993015,1993016,0,1,1,completed,1
35186,Rigid,1993015,1993015,1993016,0,1,1,completed,1
35187,Rigid,1993015,1993015,1993016,0,1,1,completed,1
35188,Rigid,1993015,1993015,1993016,0,1,1,completed,1
35189,Rigid,1993015,1993016,1993017,1,1,2,completed,1
35190,Rigid,1993015,1993016,1993017,1,1,2,completed,1
35191,Rigid,1993016,1993016,1993017,0,1,1,completed,1
35192,Rigid,1993016,1993016,1993017,0,1,1,completed,1
35193,Rigid,1993016,1993016,1993017,0,1,1,completed,1
35194,Rigid,1993016,1993016,1993017,0,1,1,completed,1
35195,Rigid,1993016,1993016,1993017,0,1,1,completed,1
35196,Rigid,1993016,1993016,1993017,0,1,1,completed,1
35197,Rigid,1993022,1993024,1993025,2,1,3,completed,1
35198,Rigid,1993022,1993024,1993025,2,1,3,completed,1
35199,Rigid,1993022,1993024,1993025,2,1,3,completed,1
35200,Rigid,1993022,1993024,1993025,2,1,3,completed,1
35201,Rigid,1993022,1993024,1993025,2,1,3,completed,1
35202,Rigid,1993022,1993024,1993025,2,1,3,completed,1
35203,Rigid,1993022,1993024,1993025,2,1,3,completed,1
35204,Rigid,1993022,1993024,1993026,2,2,4,completed,1
35205,Rigid,1993022,1993024,1993025,2,1,3,completed,1
35206,Rigid,1993022,1993024,1993026,2,2,4,completed,1
35207,Rigid,1993023,1993024,1993025,1,1,2,completed,1
35208,Rigid,1993023,1993024,1993026,1,2,3,completed,1
35209,Rigid,1993023,1993024,1993025,1,1,2,completed,1
35210,Rigid,1993023,1993024,1993026,1,2,3,completed,1
35211,Rigid,1993023,1993024,1993026,1,2,3,completed,1
35212,Rigid,1993023,1993024,1993026,1,2,3,completed,1
35213,Rigid,1993023,1993024,1993026,1,2,3,completed,1
35214,Rigid,1993023,1993024,1993025,1,1,2,completed,1
35215,Rigid,1993023,1993024,1993026,1,2,3,completed,1
35216,Rigid,1993024,1993024,1993026,0,2,2,completed,1
35217,Rigid,1993024,1993027,1993028,3,1,4,completed,1
35218,Rigid,1993024,1993027,1993028,3,1,4,completed,1
35219,Rigid,1993024,1993027,1993028,3,1,4,completed,1
35220,Rigid,1993024,1993027,1993028,3,1,4,completed,1
35221,Rigid,1993024,1993027,1993028,3,1,4,completed,1
35222,Rigid,1993025,1993027,1993028,2,1,3,completed,1
35223,Rigid,1993025,1993027,1993028,2,1,3,completed,1
35224,Rigid,1993025,1993027,1993028,2,1,3,completed,1
35225,Rigid,1993025,1993027,1993028,2,1,3,completed,1
35226,Rigid,1993025,1993027,1993028,2,1,3,completed,1
35227,Rigid,1993025,1993027,1993028,2,1,3,completed,1
35228,Rigid,1993025,1993027,1993028,2,1,3,completed,1
35229,Rigid,1993026,1993027,1993028,1,1,2,completed,1
35230,Rigid,1993026,1993027,1993028,1,1,2,completed,1
35231,Rigid,1993026,1993027,1993028,1,1,2,completed,1
35232,Rigid,1993026,1993027,1993028,1,1,2,completed,1
35233,Rigid,1993026,1993027,1993028,1,1,2,completed,1
35234,Rigid,1993026,1993027,1993028,1,1,2,completed,1
35235,Rigid,1993026,1993027,1993028,1,1,2,completed,1
35236,Rigid,1993026,1993027,1993028,1,1,2,completed,1
35237,Rigid,1993026,1993027,1993843,1,816,817,completed,2
35238,Rigid,1993027,1993027,1993028,0,1,1,completed,1
35239,Rigid,1993027,1993027,1993028,0,1,1,completed,1
35240,Rigid,1993027,1993027,1993029,0,2,2,completed,1
35241,Rigid,1993027,1993027,1993106,0,79,79,completed,2
35242,Rigid,1993027,1993027,1993028,0,1,1,completed,1
35243,Rigid,1993027,1993027,1993029,0,2,2,completed,1
35244,Rigid,1993027,1993027,1993029,0,2,2,completed,1
35245,Rigid,1993027,1993027,1993028,0,1,1,completed,1
35246,Rigid,1993027,1993027,1993029,0,2,2,completed,1
35247,Rigid,1993028,1993028,1993042,0,14,14,completed,2
35248,Rigid,1993028,1993028,1993042,0,14,14,completed,2
35249,Rigid,1993028,1993028,1993042,0,14,14,completed,2
35250,Rigid,1993028,1993028,1993217,0,189,189,completed,2
35251,Rigid,1993028,1993028,1993042,0,14,14,completed,2
35252,Rigid,1993028,1993029,1993202,1,173,174,completed,1
35253,Rigid,1993028,1993029,1993106,1,77,78,completed,2
35254,Rigid,1993029,1993029,1993042,0,13,13,completed,2
35255,Rigid,1993029,1993029,1993042,0,13,13,completed,2
35256,Rigid,1993029,1993029,1993042,0,13,13,completed,2
35257,Rigid,1993029,1993029,1993042,0,13,13,completed,2
35258,Rigid,1993029,1993029,1993194,0,165,165,completed,2
35259,Rigid,1993029,1993029,1993194,0,165,165,completed,2
35260,Rigid,1993029,1993029,1993042,0,13,13,completed,2
35261,Rigid,1993029,1993029,1993042,0,13,13,completed,2
35262,Rigid,1993029,1993029,1993042,0,13,13,completed,2
35263,Rigid,1993029,1993029,1993041,0,12,12,completed,1
35264,Rigid,1993030,1993030,1993040,0,10,10,completed,1
35265,Rigid,1993030,1993030,1993042,0,12,12,completed,1
35266,Rigid,1993030,1993030,1993042,0,12,12,completed,2
35267,Rigid,1993030,1993030,1993042,0,12,12,completed,2
35268,Rigid,1993030,1993030,1993188,0,158,158,completed,2
35269,Rigid,1993030,1993030,1993042,0,12,12,completed,2
35270,Rigid,1993030,1993030,1993042,0,12,12,completed,2
35271,Rigid,1993030,1993030,1993042,0,12,12,completed,2
35272,Rigid,1993030,1993031,1993042,1,11,12,completed,2
35273,Rigid,1993031,1993032,1993042,1,10,11,completed,2
35274,Rigid,1993031,1993032,1993042,1,10,11,completed,1
35275,Rigid,1993031,1993032,1993042,1,10,11,completed,2
35276,Rigid,1993031,1993032,1993042,1,10,11,completed,2
35277,Rigid,1993031,1993032,1993042,1,10,11,completed,2
35278,Rigid,1993031,1993032,1993177,1,145,146,completed,2
35279,Rigid,1993031,1993032,1993042,1,10,11,completed,2
35280,Rigid,1993031,1993032,1993042,1,10,11,completed,2
35281,Rigid,1993031,1993032,1993042,1,10,11,completed,2
35282,Rigid,1993032,1993032,1993042,0,10,10,completed,2
35283,Rigid,1993032,1993032,1993042,0,10,10,completed,2
35284,Rigid,1993032,1993032,1993041,0,9,9,completed,1
35285,Rigid,1993032,1993032,1993042,0,10,10,completed,2
35286,Rigid,1993032,1993032,1993042,0,10,10,completed,2
35287,Rigid,1993032,1993032,1993042,0,10,10,completed,2
35288,Rigid,1993032,1993032,1993175,0,143,143,completed,2
35289,Rigid,1993032,1993033,1993173,1,140,141,completed,2
35290,Rigid,1993032,1993033,1993042,1,9,10,completed,2
35291,Rigid,1993032,1993033,1993042,1,9,10,completed,2
35292,Rigid,1993033,1993033,1993042,0,9,9,completed,2
35293,Rigid,1993033,1993033,1993042,0,9,9,completed,1
35294,Rigid,1993033,1993033,1993042,0,9,9,completed,2
35295,Rigid,1993033,1993035,1993042,2,7,9,completed,2
35296,Rigid,1993033,1993035,1993043,2,8,10,completed,1
35297,Rigid,1993042,1993042,1993051,0,9,9,completed,2
35298,Rigid,1993042,1993042,1993170,0,128,128,completed,2
35299,Rigid,1993042,1993042,1993168,0,126,126,completed,2
35300,Rigid,1993042,1993042,1993051,0,9,9,completed,2
35301,Rigid,1993042,1993042,1993051,0,9,9,completed,1
35302,Rigid,1993042,1993042,1993051,0,9,9,completed,1
35303,Rigid,1993042,1993042,1993051,0,9,9,completed,2
35304,Rigid,1993042,1993043,1993051,1,8,9,completed,2
35305,Rigid,1993042,1993043,1993051,1,8,9,completed,1
35306,Rigid,1993042,1993043,1993052,1,9,10,completed,2
35307,Rigid,1993043,1993043,1993169,0,126,126,completed,2
35308,Rigid,1993043,1993043,1993051,0,8,8,completed,2
35309,Rigid,1993043,1993043,1993051,0,8,8,completed,2
35310,Rigid,1993043,1993043,1993051,0,8,8,completed,2
35311,Rigid,1993043,1993043,1993051,0,8,8,completed,1
35312,Rigid,1993043,1993043,1993052,0,9,9,completed,2
35313,Rigid,1993043,1993043,1993172,0,129,129,completed,2
35314,Rigid,1993043,1993044,1993051,1,7,8,completed,2
35315,Rigid,1993043,1993044,1993051,1,7,8,completed,2
35316,Rigid,1993043,1993044,1993052,1,8,9,completed,1
35317,Rigid,1993045,1993045,1993176,0,131,131,completed,2
35318,Rigid,1993045,1993045,1993176,0,131,131,completed,2
35319,Rigid,1993045,1993045,1993055,0,10,10,completed,2
35320,Rigid,1993045,1993045,1993055,0,10,10,completed,2
35321,Rigid,1993045,1993045,1993055,0,10,10,completed,2
35322,Rigid,1993045,1993045,1993053,0,8,8,completed,1
35323,Rigid,1993045,1993045,1993055,0,10,10,completed,2
35324,Rigid,1993045,1993045,1993055,0,10,10,completed,2
35325,Rigid,1993045,1993045,1993055,0,10,10,completed,2
35326,Rigid,1993045,1993046,1993055,1,9,10,completed,2
35327,Rigid,1993046,1993046,1993176,0,130,130,completed,2
35328,Rigid,1993046,1993046,1993054,0,8,8,completed,1
35329,Rigid,1993046,1993046,1993054,0,8,8,completed,2
35330,Rigid,1993046,1993046,1993054,0,8,8,completed,2
35331,Rigid,1993046,1993046,1993169,0,123,123,completed,2
35332,Rigid,1993046,1993046,1993056,0,10,10,completed,2
35333,Rigid,1993046,1993046,1993054,0,8,8,completed,1
35334,Rigid,1993046,1993050,1993172,4,122,126,completed,2
35335,Rigid,1993046,1993050,1993058,4,8,12,completed,2
35336,Rigid,1993046,1993050,1993058,4,8,12,completed,1
35337,Rigid,1993047,1993050,1993061,3,11,14,completed,2
35338,Rigid,1993047,1993050,1993170,3,120,123,completed,2
35339,Rigid,1993047,1993050,1993058,3,8,11,completed,1
35340,Rigid,1993047,1993050,1993061,3,11,14,completed,2
35341,Rigid,1993047,1993050,1993061,3,11,14,completed,2
35342,Rigid,1993047,1993050,1993061,3,11,14,completed,1
35343,Rigid,1993047,1993050,1993061,3,11,14,completed,2
35344,Rigid,1993047,1993050,1993169,3,119,122,completed,2
35345,Rigid,1993047,1993050,1993061,3,11,14,completed,2
35346,Rigid,1993047,1993050,1993170,3,120,123,completed,2
35347,Rigid,1993048,1993050,1993061,2,11,13,completed,2
35348,Rigid,1993048,1993050,1993061,2,11,13,completed,2
35349,Rigid,1993048,1993050,1993061,2,11,13,completed,2
35350,Rigid,1993048,1993050,1993061,2,11,13,completed,2
35351,Rigid,1993048,1993050,1993061,2,11,13,completed,2
35352,Rigid,1993048,1993050,1993061,2,11,13,completed,2
35353,Rigid,1993048,1993050,1993061,2,11,13,completed,2
35354,Rigid,1993048,1993050,1993061,2,11,13,completed,2
35355,Rigid,1993048,1993050,1993061,2,11,13,completed,1
35356,Rigid,1993048,1993050,1993061,2,11,13,completed,2
35357,Rigid,1993049,1993050,1993061,1,11,12,completed,2
35358,Rigid,1993049,1993050,1993168,1,118,119,completed,2
35359,Rigid,1993049,1993050,1993058,1,8,9,completed,1
35360,Rigid,1993049,1993050,1993061,1,11,12,completed,2
35361,Rigid,1993049,1993050,1993169,1,119,120,completed,2
35362,Rigid,1993049,1993050,1993168,1,118,119,completed,2
35363,Rigid,1993049,1993050,1993061,1,11,12,completed,2
35364,Rigid,1993050,1993050,1993061,0,11,11,completed,2
35365,Rigid,1993050,1993050,1993058,0,8,8,completed,1
35366,Rigid,1993050,1993050,1993061,0,11,11,completed,2
35367,Rigid,1993050,1993050,1993061,0,11,11,completed,2
35368,Rigid,1993050,1993050,1993058,0,8,8,completed,1
35369,Rigid,1993050,1993050,1993061,0,11,11,completed,2
35370,Rigid,1993050,1993052,1993061,2,9,11,completed,1
35371,Rigid,1993051,1993052,1993061,1,9,10,completed,2
35372,Rigid,1993051,1993052,1993173,1,121,122,completed,2
35373,Rigid,1993051,1993052,1993061,1,9,10,completed,2
35374,Rigid,1993051,1993052,1993061,1,9,10,completed,2
35375,Rigid,1993051,1993052,1993061,1,9,10,completed,1
35376,Rigid,1993051,1993052,1993061,1,9,10,completed,2
35377,Rigid,1993051,1993052,1993173,1,121,122,completed,2
35378,Rigid,1993051,1993052,1993061,1,9,10,completed,2
35379,Rigid,1993051,1993052,1993061,1,9,10,completed,2
35380,Rigid,1993051,1993052,1993061,1,9,10,completed,1
35381,Rigid,1993052,1993052,1993061,0,9,9,completed,2
35382,Rigid,1993052,1993052,1993061,0,9,9,completed,2
35383,Rigid,1993052,1993052,1993061,0,9,9,completed,2
35384,Rigid,1993052,1993052,1993061,0,9,9,completed,2
35385,Rigid,1993052,1993052,1993168,0,116,116,completed,2
35386,Rigid,1993062,1993062,1993070,0,8,8,completed,2
35387,Rigid,1993062,1993062,1993181,0,119,119,completed,2
35388,Rigid,1993062,1993062,1993070,0,8,8,completed,2
35389,Rigid,1993062,1993062,1993071,0,9,9,completed,2
35390,Rigid,1993062,1993062,1993069,0,7,7,completed,1
35391,Rigid,1993062,1993062,1993070,0,8,8,completed,2
35392,Rigid,1993062,1993062,1993071,0,9,9,completed,2
35393,Rigid,1993062,1993063,1993070,1,7,8,completed,2
35394,Rigid,1993063,1993064,1993070,1,6,7,completed,2
35395,Rigid,1993063,1993064,1993177,1,113,114,completed,2
35396,Rigid,1993063,1993064,1993071,1,7,8,completed,2
35397,Rigid,1993063,1993064,1993070,1,6,7,completed,1
35398,Rigid,1993063,1993064,1993072,1,8,9,completed,2
35399,Rigid,1993063,1993064,1993070,1,6,7,completed,1
35400,Rigid,1993063,1993064,1993071,1,7,8,completed,2
35401,Rigid,1993063,1993064,1993189,1,125,126,completed,2
35402,Rigid,1993064,1993068,1993077,4,9,13,completed,2
35403,Rigid,1993064,1993068,1993075,4,7,11,completed,1
35404,Rigid,1993064,1993068,1993077,4,9,13,completed,2
35405,Rigid,1993064,1993068,1993196,4,128,132,completed,2
35406,Rigid,1993064,1993068,1993188,4,120,124,completed,2
35407,Rigid,1993064,1993068,1993077,4,9,13,completed,2
35408,Rigid,1993064,1993068,1993074,4,6,10,completed,1
35409,Rigid,1993064,1993068,1993077,4,9,13,completed,2
35410,Rigid,1993065,1993068,1993074,3,6,9,completed,1
35411,Rigid,1993065,1993068,1993077,3,9,12,completed,2
35412,Rigid,1993065,1993068,1993077,3,9,12,completed,2
35413,Rigid,1993065,1993068,1993077,3,9,12,completed,2
35414,Rigid,1993066,1993068,1993181,2,113,115,completed,2
35415,Rigid,1993066,1993068,1993074,2,6,8,completed,1
35416,Rigid,1993066,1993068,1993077,2,9,11,completed,2
35417,Rigid,1993066,1993068,1993077,2,9,11,completed,2
35418,Rigid,1993066,1993068,1993180,2,112,114,completed,2
35419,Rigid,1993066,1993068,1993077,2,9,11,completed,2
35420,Rigid,1993066,1993068,1993077,2,9,11,completed,2
35421,Rigid,1993066,1993068,1993075,2,7,9,completed,1
35422,Rigid,1993066,1993068,1993180,2,112,114,completed,2
35423,Rigid,1993067,1993068,1993077,1,9,10,completed,2
35424,Rigid,1993067,1993068,1993075,1,7,8,completed,1
35425,Rigid,1993067,1993068,1993192,1,124,125,completed,2
35426,Rigid,1993067,1993068,1993077,1,9,10,completed,2
35427,Rigid,1993067,1993068,1993075,1,7,8,completed,1
35428,Rigid,1993067,1993068,1993077,1,9,10,completed,2
35429,Rigid,1993067,1993068,1993074,1,6,7,completed,1
35430,Rigid,1993067,1993068,1993180,1,112,113,completed,2
35431,Rigid,1993068,1993068,1993077,0,9,9,completed,2
35432,Rigid,1993068,1993068,1993075,0,7,7,completed,1
35433,Rigid,1993068,1993068,1993176,0,108,108,completed,2
35434,Rigid,1993069,1993070,1993080,1,10,11,completed,2
35435,Rigid,1993069,1993070,1993080,1,10,11,completed,2
35436,Rigid,1993069,1993070,1993077,1,7,8,completed,1
35437,Rigid,1993069,1993070,1993080,1,10,11,completed,2
35438,Rigid,1993069,1993070,1993080,1,10,11,completed,2
35439,Rigid,1993069,1993070,1993181,1,111,112,completed,2
35440,Rigid,1993069,1993070,1993177,1,107,108,completed,2
35441,Rigid,1993069,1993070,1993177,1,107,108,completed,2
35442,Rigid,1993069,1993070,1993080,1,10,11,completed,2
35443,Rigid,1993069,1993070,1993076,1,6,7,completed,1
35444,Rigid,1993070,1993070,1993080,0,10,10,completed,2
35445,Rigid,1993070,1993070,1993177,0,107,107,completed,2
35446,Rigid,1993070,1993070,1993177,0,107,107,completed,2
35447,Rigid,1993070,1993070,1993076,0,6,6,completed,1
35448,Rigid,1993070,1993070,1993080,0,10,10,completed,2
35449,Rigid,1993070,1993070,1993076,0,6,6,completed,1
35450,Rigid,1993070,1993070,1993080,0,10,10,completed,2
35451,Rigid,1993071,1993071,1993079,0,8,8,completed,2
35452,Rigid,1993071,1993071,1993077,0,6,6,completed,1
35453,Rigid,1993071,1993071,1993079,0,8,8,completed,2
35454,Rigid,1993072,1993072,1993177,0,105,105,completed,2
35455,Rigid,1993072,1993072,1993082,0,10,10,completed,2
35456,Rigid,1993072,1993072,1993176,0,104,104,completed,2
35457,Rigid,1993082,1993083,1993090,1,7,8,completed,1
35458,Rigid,1993082,1993083,1993097,1,14,15,completed,2
35459,Rigid,1993083,1993083,1993089,0,6,6,completed,1
35460,Rigid,1993083,1993083,1993194,0,111,111,completed,2
35461,Rigid,1993083,1993083,1993191,0,108,108,completed,2
35462,Rigid,1993083,1993083,1993097,0,14,14,completed,2
35463,Rigid,1993083,1993083,1993097,0,14,14,completed,2
35464,Rigid,1993083,1993083,1993090,0,7,7,completed,1
35465,Rigid,1993083,1993087,1993094,4,7,11,completed,1
35466,Rigid,1993083,1993087,1993098,4,11,15,completed,2
35467,Rigid,1993083,1993087,1993198,4,111,115,completed,2
35468,Rigid,1993084,1993087,1993094,3,7,10,completed,1
35469,Rigid,1993084,1993087,1993197,3,110,113,completed,2
35470,Rigid,1993084,1993087,1993097,3,10,13,completed,2
35471,Rigid,1993084,1993087,1993198,3,111,114,completed,2
35472,Rigid,1993084,1993087,1993099,3,12,15,completed,2
35473,Rigid,1993084,1993087,1993094,3,7,10,completed,1
35474,Rigid,1993084,1993087,1993099,3,12,15,completed,2
35475,Rigid,1993084,1993087,1993093,3,6,9,completed,1
35476,Rigid,1993084,1993087,1993099,3,12,15,completed,2
35477,Rigid,1993085,1993087,1993099,2,12,14,completed,2
35478,Rigid,1993085,1993087,1993094,2,7,9,completed,1
35479,Rigid,1993085,1993087,1993197,2,110,112,completed,2
35480,Rigid,1993085,1993087,1993099,2,12,14,completed,2
35481,Rigid,1993086,1993087,1993099,1,12,13,completed,2
35482,Rigid,1993086,1993087,1993193,1,106,107,completed,2
35483,Rigid,1993086,1993087,1993192,1,105,106,completed,2
35484,Rigid,1993086,1993087,1993094,1,7,8,completed,1
35485,Rigid,1993086,1993087,1993094,1,7,8,completed,1
35486,Rigid,1993086,1993087,1993098,1,11,12,completed,2
35487,Rigid,1993086,1993087,1993099,1,12,13,completed,2
35488,Rigid,1993086,1993087,1993193,1,106,107,completed,2
35489,Rigid,1993086,1993087,1993192,1,105,106,completed,2
35490,Rigid,1993087,1993087,1993098,0,11,11,completed,2
35491,Rigid,1993087,1993087,1993098,0,11,11,completed,2
35492,Rigid,1993087,1993087,1993093,0,6,6,completed,1
35493,Rigid,1993087,1993090,1993095,3,5,8,completed,1
35494,Rigid,1993087,1993090,1993190,3,100,103,completed,2
35495,Rigid,1993087,1993090,1993189,3,99,102,completed,2
35496,Rigid,1993087,1993090,1993096,3,6,9,completed,1
35497,Rigid,1993088,1993090,1993104,2,14,16,completed,2
35498,Rigid,1993088,1993090,1993191,2,101,103,completed,2
35499,Rigid,1993088,1993090,1993101,2,11,13,completed,2
35500,Rigid,1993088,1993090,1993095,2,5,7,completed,1
35501,Rigid,1993088,1993090,1993189,2,99,101,completed,2
35502,Rigid,1993088,1993090,1993101,2,11,13,completed,2
35503,Rigid,1993089,1993090,1993095,1,5,6,completed,1
35504,Rigid,1993089,1993090,1993191,1,101,102,completed,2
35505,Rigid,1993089,1993090,1993101,1,11,12,completed,2
35506,Rigid,1993089,1993090,1993095,1,5,6,completed,1
35507,Rigid,1993089,1993090,1993101,1,11,12,completed,2
35508,Rigid,1993092,1993095,1993107,3,12,15,completed,2
35509,Rigid,1993092,1993095,1993107,3,12,15,completed,2
35510,Rigid,1993102,1993103,1993207,1,104,105,completed,2
35511,Rigid,1993102,1993103,1993112,1,9,10,completed,2
35512,Rigid,1993102,1993103,1993108,1,5,6,completed,1
35513,Rigid,1993102,1993103,1993112,1,9,10,completed,2
35514,Rigid,1993103,1993103,1993108,0,5,5,completed,1
35515,Rigid,1993103,1993103,1993208,0,105,105,completed,2
35516,Rigid,1993103,1993103,1993208,0,105,105,completed,2
35517,Rigid,1993103,1993103,1993108,0,5,5,completed,1
35518,Rigid,1993103,1993104,1993113,1,9,10,completed,2
35519,Rigid,1993103,1993104,1993113,1,9,10,completed,2
35520,Rigid,1993104,1993104,1993113,0,9,9,completed,2
35521,Rigid,1993104,1993104,1993113,0,9,9,completed,2
35522,Rigid,1993104,1993104,1993110,0,6,6,completed,1
35523,Rigid,1993104,1993104,1993110,0,6,6,completed,1
35524,Rigid,1993104,1993104,1993214,0,110,110,completed,2
35525,Rigid,1993104,1993105,1993117,1,12,13,completed,2
35526,Rigid,1993104,1993105,1993117,1,12,13,completed,2
35527,Rigid,1993105,1993105,1993207,0,102,102,completed,2
35528,Rigid,1993105,1993105,1993207,0,102,102,completed,2
35529,Rigid,1993105,1993105,1993206,0,101,101,completed,2
35530,Rigid,1993105,1993107,1993117,2,10,12,completed,2
35531,Rigid,1993105,1993107,1993113,2,6,8,completed,1
35532,Rigid,1993105,1993107,1993116,2,9,11,completed,2
35533,Rigid,1993105,1993107,1993113,2,6,8,completed,1
35534,Rigid,1993105,1993107,1993191,2,84,86,completed,2
35535,Rigid,1993106,1993107,1993116,1,9,10,completed,2
35536,Rigid,1993106,1993107,1993116,1,9,10,completed,2
35537,Rigid,1993106,1993107,1993113,1,6,7,completed,1
35538,Rigid,1993107,1993107,1993190,0,83,83,completed,2
35539,Rigid,1993107,1993107,1993116,0,9,9,completed,2
35540,Rigid,1993107,1993107,1993116,0,9,9,completed,2
35541,Rigid,1993107,1993107,1993113,0,6,6,completed,1
35542,Rigid,1993107,1993107,1993116,0,9,9,completed,2
35543,Rigid,1993107,1993107,1993191,0,84,84,completed,2
35544,Rigid,1993107,1993107,1993112,0,5,5,completed,1
35545,Rigid,1993107,1993107,1993191,0,84,84,completed,2
35546,Rigid,1993107,1993108,1993113,1,5,6,completed,1
35547,Rigid,1993111,1993111,1993120,0,9,9,completed,2
35548,Rigid,1993111,1993111,1993120,0,9,9,completed,2
35549,Rigid,1993112,1993112,1993118,0,6,6,completed,1
35550,Rigid,1993123,1993123,1993222,0,99,99,completed,2
35551,Rigid,1993123,1993123,1993221,0,98,98,completed,2
35552,Rigid,1993123,1993123,1993129,0,6,6,completed,1
35553,Rigid,1993123,1993123,1993142,0,19,19,completed,2
35554,Rigid,1993123,1993123,1993129,0,6,6,completed,1
35555,Rigid,1993123,1993123,1993142,0,19,19,completed,2
35556,Rigid,1993123,1993123,1993219,0,96,96,completed,2
35557,Rigid,1993123,1993127,1993145,4,18,22,completed,2
35558,Rigid,1993123,1993127,1993145,4,18,22,completed,2
35559,Rigid,1993124,1993127,1993235,3,108,111,completed,2
35560,Rigid,1993124,1993127,1993143,3,16,19,completed,2
35561,Rigid,1993124,1993127,1993143,3,16,19,completed,2
35562,Rigid,1993124,1993127,1993134,3,7,10,completed,1
35563,Rigid,1993124,1993127,1993134,3,7,10,completed,1
35564,Rigid,1993124,1993127,1993221,3,94,97,completed,2
35565,Rigid,1993125,1993127,1993142,2,15,17,completed,2
35566,Rigid,1993125,1993127,1993142,2,15,17,completed,2
35567,Rigid,1993125,1993127,1993219,2,92,94,completed,2
35568,Rigid,1993125,1993127,1993142,2,15,17,completed,2
35569,Rigid,1993125,1993127,1993133,2,6,8,completed,1
35570,Rigid,1993125,1993127,1993220,2,93,95,completed,2
35571,Rigid,1993125,1993127,1993142,2,15,17,completed,2
35572,Rigid,1993125,1993127,1993133,2,6,8,completed,1
35573,Rigid,1993126,1993127,1993216,1,89,90,completed,2
35574,Rigid,1993126,1993127,1993142,1,15,16,completed,2
35575,Rigid,1993126,1993127,1993133,1,6,7,completed,1
35576,Rigid,1993126,1993127,1993216,1,89,90,completed,2
35577,Rigid,1993126,1993127,1993133,1,6,7,completed,1
35578,Rigid,1993132,1993132,1993148,0,16,16,completed,2
35579,Rigid,1993143,1993143,1993161,0,18,18,completed,2
35580,Rigid,1993143,1993143,1993233,0,90,90,completed,2
35581,Rigid,1993143,1993143,1993161,0,18,18,completed,2
35582,Rigid,1993143,1993143,1993149,0,6,6,completed,1
35583,Rigid,1993144,1993144,1993161,0,17,17,completed,2
35584,Rigid,1993144,1993144,1993149,0,5,5,completed,1
35585,Rigid,1993144,1993144,1993232,0,88,88,completed,2
35586,Rigid,1993144,1993144,1993232,0,88,88,completed,2
35587,Rigid,1993144,1993144,1993159,0,15,15,completed,2
35588,Rigid,1993144,1993144,1993149,0,5,5,completed,1
35589,Rigid,1993144,1993144,1993159,0,15,15,completed,2
35590,Rigid,1993144,1993144,1993149,0,5,5,completed,1
35591,Rigid,1993145,1993146,1993234,1,88,89,completed,2
35592,Rigid,1993145,1993146,1993159,1,13,14,completed,2
35593,Rigid,1993145,1993146,1993233,1,87,88,completed,2
35594,Rigid,1993145,1993146,1993151,1,5,6,completed,1
35595,Rigid,1993145,1993146,1993159,1,13,14,completed,2
35596,Rigid,1993152,1993152,1993160,0,8,8,completed,1
35597,Rigid,1993163,1993164,1993183,1,19,20,completed,2
35598,Rigid,1993163,1993164,1993247,1,83,84,completed,2
35599,Rigid,1993163,1993164,1993247,1,83,84,completed,2
35600,Rigid,1993163,1993164,1993188,1,24,25,completed,2
35601,Rigid,1993163,1993164,1993188,1,24,25,completed,2
35602,Rigid,1993163,1993164,1993188,1,24,25,completed,2
35603,Rigid,1993163,1993164,1993170,1,6,7,completed,1
35604,Rigid,1993164,1993164,1993243,0,79,79,completed,2
35605,Rigid,1993164,1993164,1993170,0,6,6,completed,1
35606,Rigid,1993164,1993164,1993183,0,19,19,completed,2
35607,Rigid,1993164,1993164,1993183,0,19,19,completed,2
35608,Rigid,1993164,1993164,1993170,0,6,6,completed,1
35609,Rigid,1993165,1993168,1993244,3,76,79,completed,2
35610,Rigid,1993165,1993168,1993172,3,4,7,completed,1
35611,Rigid,1993170,1993170,1993183,0,13,13,completed,2
35612,Rigid,1993170,1993170,1993244,0,74,74,completed,2
35613,Rigid,1993170,1993170,1993245,0,75,75,completed,2
35614,Rigid,1993171,1993171,1993175,0,4,4,completed,1
35615,Rigid,1993171,1993171,1993183,0,12,12,completed,2
35616,Rigid,1993171,1993171,1993244,0,73,73,completed,2
35617,Rigid,1993171,1993171,1993184,0,13,13,completed,2
35618,Rigid,1993171,1993172,1993176,1,4,5,completed,1
35619,Rigid,1993171,1993172,1993183,1,11,12,completed,2
35620,Rigid,1993171,1993172,1993176,1,4,5,completed,1
35621,Rigid,1993172,1993173,1993188,1,15,16,completed,2
35622,Rigid,1993173,1993173,1993243,0,70,70,completed,2
35623,Rigid,1993183,1993188,1993194,5,6,11,completed,1
35624,Rigid,1993183,1993188,1993202,5,14,19,completed,2
35625,Rigid,1993183,1993188,1993254,5,66,71,completed,2
35626,Rigid,1993188,1993188,1993202,0,14,14,completed,2
35627,Rigid,1993189,1993190,1993194,1,4,5,completed,1
35628,Rigid,1993189,1993190,1993194,1,4,5,completed,1
35629,Rigid,1993189,1993190,1993254,1,64,65,completed,2
35630,Rigid,1993189,1993190,1993254,1,64,65,completed,2
35631,Rigid,1993189,1993190,1993202,1,12,13,completed,2
35632,Rigid,1993189,1993190,1993202,1,12,13,completed,2
35633,Rigid,1993189,1993190,1993254,1,64,65,completed,2
35634,Rigid,1993190,1993190,1993194,0,4,4,completed,1
35635,Rigid,1993190,1993190,1993201,0,11,11,completed,2
35636,Rigid,1993190,1993190,1993194,0,4,4,completed,1
35637,Rigid,1993192,1993192,1993202,0,10,10,completed,2
35638,Rigid,1993192,1993192,1993196,0,4,4,completed,1
35639,Rigid,1993192,1993192,1993202,0,10,10,completed,2
35640,Rigid,1993192,1993193,1993257,1,64,65,completed,2
35641,Rigid,1993192,1993193,1993256,1,63,64,completed,2
35642,Rigid,1993193,1993193,1993202,0,9,9,completed,2
35643,Rigid,1993193,1993193,1993197,0,4,4,completed,1
35644,Rigid,1993193,1993193,1993258,0,65,65,completed,2
35645,Rigid,1993193,1993194,1993257,1,63,64,completed,2
35646,Rigid,1993193,1993194,1993204,1,10,11,completed,2
35647,Rigid,1993193,1993194,1993198,1,4,5,completed,1
35648,Rigid,1993194,1993194,1993206,0,12,12,completed,2
35649,Rigid,1993194,1993195,1993199,1,4,5,completed,1
35650,Rigid,1993194,1993195,1993206,1,11,12,completed,2
35651,Rigid,1993194,1993195,1993248,1,53,54,completed,2
35652,Rigid,1993194,1993195,1993198,1,3,4,completed,1
35653,Rigid,1993195,1993195,1993249,0,54,54,completed,2
35654,Rigid,1993195,1993195,1993206,0,11,11,completed,2
35655,Rigid,1993195,1993195,1993198,0,3,3,completed,1
35656,Rigid,1993195,1993195,1993206,0,11,11,completed,2
35657,Rigid,1993195,1993195,1993251,0,56,56,completed,2
35658,Rigid,1993195,1993195,1993251,0,56,56,completed,2
35659,Rigid,1993195,1993195,1993206,0,11,11,completed,2
35660,Rigid,1993195,1993196,1993199,1,3,4,completed,1
35661,Rigid,1993196,1993196,1993198,0,2,2,completed,1
35662,Rigid,1993196,1993196,1993205,0,9,9,completed,2
35663,Rigid,1993196,1993197,1993205,1,8,9,completed,2
35664,Rigid,1993196,1993197,1993232,1,35,36,completed,2
35665,Rigid,1993196,1993197,1993205,1,8,9,completed,2
35666,Rigid,1993196,1993197,1993205,1,8,9,completed,2
35667,Rigid,1993196,1993197,1993199,1,2,3,completed,1
35668,Rigid,1993196,1993197,1993205,1,8,9,completed,2
35669,Rigid,1993197,1993197,1993232,0,35,35,completed,2
35670,Rigid,1993197,1993197,1993199,0,2,2,completed,1
35671,Rigid,1993197,1993197,1993207,0,10,10,completed,2
35672,Rigid,1993197,1993198,1993208,1,10,11,completed,2
35673,Rigid,1993198,1993198,1993200,0,2,2,completed,1
35674,Rigid,1993198,1993198,1993233,0,35,35,completed,2
35675,Rigid,1993198,1993198,1993207,0,9,9,completed,2
35676,Rigid,1993198,1993198,1993233,0,35,35,completed,2
35677,Rigid,1999363,1999376,1999574,13,198,211,completed,16
35678,Rigid,2001883,2001883,2001948,0,65,65,completed,72
35679,Rigid,2002234,2002234,2004327,0,2093,2093,completed,72
35680,Rigid,2002356,2016542,2191858,14186,175316,189502,completed,360
35681,Rigid,2004026,2004162,2028227,136,24065,24201,completed,576
35682,Rigid,2004299,2004299,2004774,0,475,475,completed,72
35683,Rigid,2004589,2004673,2087485,84,82812,82896,completed,288
35684,Rigid,2005182,2005182,2005213,0,31,31,completed,72
35685,Rigid,2005296,2005296,2005324,0,28,28,completed,72
35686,Rigid,2005453,2005454,2005470,1,16,17,completed,72
35687,Rigid,2007273,2010034,2033737,2761,23703,26464,completed,144
35688,Rigid,2007712,2011387,2022214,3675,10827,14502,completed,144
35689,Rigid,2007982,2007982,2008299,0,317,317,completed,72
35690,Rigid,2008339,2008342,2010018,3,1676,1679,completed,72
35691,Rigid,2009251,2009251,2009274,0,23,23,completed,72
35692,Rigid,2010023,2011387,2034470,1364,23083,24447,completed,144
35693,Rigid,2011373,2011373,2011453,0,80,80,completed,36
35694,Rigid,2011716,2011717,2011718,1,1,2,completed,1
35695,Rigid,2011717,2011717,2011725,0,8,8,completed,1
35696,Rigid,2011717,2011717,2011725,0,8,8,completed,1
35697,Rigid,2011727,2011727,2011730,0,3,3,completed,1
35698,Rigid,2011727,2011727,2011730,0,3,3,completed,1
35699,Rigid,2011727,2011727,2011730,0,3,3,completed,1
35700,Rigid,2011727,2011727,2011730,0,3,3,completed,1
35701,Rigid,2011757,2011758,2011761,1,3,4,completed,1
35702,Rigid,2011757,2011758,2011761,1,3,4,completed,1
35703,Rigid,2011757,2011758,2011761,1,3,4,completed,1
35704,Rigid,2011757,2011758,2011761,1,3,4,completed,1
35705,Rigid,2011778,2011778,2011789,0,11,11,completed,1
35706,Rigid,2011778,2011778,2011780,0,2,2,completed,1
35707,Rigid,2011778,2011778,2011789,0,11,11,completed,1
35708,Rigid,2011778,2011778,2011785,0,7,7,completed,1
35709,Rigid,2011778,2011779,2011780,1,1,2,completed,1
35710,Rigid,2012079,2012080,2012161,1,81,82,completed,36
35711,Rigid,2012381,2012381,2012672,0,291,291,completed,36
35712,Rigid,2013012,2013012,2013018,0,6,6,completed,36
35713,Rigid,2013253,2013283,2024913,30,11630,11660,completed,144
35714,Rigid,2013755,2013756,2013764,1,8,9,completed,36
35715,Rigid,2014007,2014007,2014013,0,6,6,completed,36
35716,Rigid,2014035,2014036,2014042,1,6,7,completed,36
35717,Rigid,2014514,2014515,2015798,1,1283,1284,completed,36
35718,Rigid,2015174,2015175,2015970,1,795,796,completed,36
35719,Rigid,2015901,2015903,2015924,2,21,23,completed,1
35720,Rigid,2015912,2015933,2015941,21,8,29,completed,1
35721,Rigid,2015996,2015997,2016231,1,234,235,completed,8
35722,Rigid,2015996,2015997,2016231,1,234,235,completed,8
35723,Rigid,2015996,2015997,2016231,1,234,235,completed,8
35724,Rigid,2015996,2015997,2016232,1,235,236,completed,8
35725,Rigid,2015996,2015997,2016233,1,236,237,completed,8
35726,Rigid,2015997,2015997,2016233,0,236,236,completed,8
35727,Rigid,2015997,2015997,2016118,0,121,121,completed,8
35728,Rigid,2015997,2016001,2016234,4,233,237,completed,8
35729,Rigid,2015997,2016001,2016231,4,230,234,completed,8
35730,Rigid,2015997,2016001,2016231,4,230,234,completed,8
35731,Rigid,2015997,2016001,2016241,4,240,244,completed,8
35732,Rigid,2015997,2016001,2016124,4,123,127,completed,8
35733,Rigid,2016053,2016053,2016076,0,23,23,completed,1
35734,Rigid,2016057,2016058,2016076,1,18,19,completed,1
35735,Rigid,2016254,2016254,2016346,0,92,92,completed,36
35736,Rigid,2017072,2017073,2018601,1,1528,1529,completed,1
35737,Rigid,2017076,2017077,2017802,1,725,726,completed,1
35738,Rigid,2017327,2017328,2055130,1,37802,37803,completed,288
35739,Rigid,2017339,2022216,2060023,4877,37807,42684,completed,288
35740,Rigid,2022214,2024915,2035942,2701,11027,13728,completed,144
35741,Rigid,2024913,2028228,2039371,3315,11143,14458,completed,144
35742,Rigid,2033010,2033010,2179684,0,146674,146674,completed,36
35743,Rigid,2033430,2033430,2068681,0,35251,35251,completed,36
35744,Rigid,2033652,2033653,2048896,1,15243,15244,completed,36
35745,Rigid,2033737,2033738,2055377,1,21639,21640,completed,144
35746,Rigid,2034470,2034470,2057515,0,23045,23045,completed,144
35747,Rigid,2035942,2035942,2046964,0,11022,11022,completed,144
35748,Rigid,2035943,2035943,2036001,0,58,58,completed,10
35749,Rigid,2038937,2038938,2040155,1,1217,1218,completed,36
35750,Rigid,2039615,2039615,2039618,0,3,3,completed,18
35751,Rigid,2039615,2039615,2045140,0,5525,5525,completed,18
35752,Rigid,2042148,2042149,2049368,1,7219,7220,completed,4
35753,Rigid,2042453,2129661,2151670,87208,22009,109217,completed,36
35754,Rigid,2042610,2042610,2042612,0,2,2,completed,1
35755,Rigid,2042610,2042610,2042622,0,12,12,completed,1
35756,Rigid,2042611,2042613,2042623,2,10,12,completed,1
35757,Rigid,2042619,2042619,2044597,0,1978,1978,completed,1
35758,Rigid,2042619,2042619,2044536,0,1917,1917,completed,1
35759,Rigid,2042619,2042623,2044568,4,1945,1949,completed,1
35760,Rigid,2042620,2042623,2044581,3,1958,1961,completed,1
35761,Rigid,2042666,2144059,2316878,101393,172819,274212,completed,36
35762,Rigid,2042712,2042713,2042921,1,208,209,completed,16
35763,Rigid,2042749,2146344,2319159,103595,172815,276410,completed,36
35764,Rigid,2042831,2042832,2042950,1,118,119,completed,16
35765,Rigid,2042865,2042865,2042877,0,12,12,completed,16
35766,Rigid,2042879,2042879,2042891,0,12,12,completed,36
35767,Rigid,2042951,2042952,2042962,1,10,11,completed,36
35768,Rigid,2042958,2042958,2042962,0,4,4,completed,16
35769,Rigid,2042995,2042995,2043003,0,8,8,completed,36
35770,Rigid,2043020,2043020,2043856,0,836,836,completed,16
35771,Rigid,2043031,2043031,2071392,0,28361,28361,completed,36
35772,Rigid,2043060,2043061,2073235,1,30174,30175,completed,36
35773,Rigid,2043096,2045522,2045525,2426,3,2429,completed,36
35774,Rigid,2043173,2043173,2043178,0,5,5,completed,16
35775,Rigid,2043192,2043192,2043196,0,4,4,completed,16
35776,Rigid,2043226,2043227,2043356,1,129,130,completed,36
35777,Rigid,2043246,2043246,2043250,0,4,4,completed,16
35778,Rigid,2043275,2045552,2072314,2277,26762,29039,completed,36
35779,Rigid,2043278,2045552,2074606,2274,29054,31328,completed,36
35780,Rigid,2043300,2043300,2043309,0,9,9,completed,16
35781,Rigid,2043335,2045732,2075594,2397,29862,32259,completed,36
35782,Rigid,2043400,2043400,2043402,0,2,2,completed,16
35783,Rigid,2043436,2047701,2079037,4265,31336,35601,completed,36
35784,Rigid,2043440,2048177,2078911,4737,30734,35471,completed,36
35785,Rigid,2043540,2045522,2045532,1982,10,1992,completed,36
35786,Rigid,2043701,2043717,2043720,16,3,19,completed,16
35787,Rigid,2043702,2048358,2071608,4656,23250,27906,completed,144
35788,Rigid,2043704,2043717,2043721,13,4,17,completed,16
35789,Rigid,2043779,2043807,2085253,28,41446,41474,completed,16
35790,Rigid,2043780,2043807,2085250,27,41443,41470,completed,16
35791,Rigid,2043890,2043890,2043894,0,4,4,completed,16
35792,Rigid,2044412,2049523,2129044,5111,79521,84632,completed,72
35793,Rigid,2044412,2049809,2126088,5397,76279,81676,completed,72
35794,Rigid,2044412,2049809,2128248,5397,78439,83836,completed,72
35795,Rigid,2044431,2046965,2048176,2534,1211,3745,completed,144
35796,Rigid,2044485,2044498,2044613,13,115,128,completed,16
35797,Rigid,2044614,2044614,2044623,0,9,9,completed,1
35798,Rigid,2044614,2044614,2044625,0,11,11,completed,1
35799,Rigid,2044614,2044614,2044638,0,24,24,completed,1
35800,Rigid,2044614,2044614,2044657,0,43,43,completed,1
35801,Rigid,2044614,2044614,2044622,0,8,8,completed,1
35802,Rigid,2044744,2044769,2044881,25,112,137,completed,16
35803,Rigid,2044880,2044881,2044958,1,77,78,completed,36
35804,Rigid,2044888,2044888,2044894,0,6,6,completed,16
35805,Rigid,2045103,2045130,2045891,27,761,788,completed,16
35806,Rigid,2045258,2045258,2045337,0,79,79,completed,36
35807,Rigid,2045280,2049523,2072350,4243,22827,27070,completed,144
35808,Rigid,2045378,2045379,2045456,1,77,78,completed,36
35809,Rigid,2045577,2045577,2045580,0,3,3,completed,36
35810,Rigid,2045580,2045580,2045584,0,4,4,completed,36
35811,Rigid,2045584,2045584,2045587,0,3,3,completed,36
35812,Rigid,2045588,2045588,2045591,0,3,3,completed,36
35813,Rigid,2045591,2045591,2045595,0,4,4,completed,36
35814,Rigid,2045595,2045595,2045598,0,3,3,completed,72
35815,Rigid,2045598,2045598,2045601,0,3,3,completed,72
35816,Rigid,2045601,2045601,2045605,0,4,4,completed,36
35817,Rigid,2045603,2049523,2072964,3920,23441,27361,completed,144
35818,Rigid,2045653,2045653,2045657,0,4,4,completed,72
35819,Rigid,2045657,2045657,2045661,0,4,4,completed,72
35820,Rigid,2045661,2045661,2045664,0,3,3,completed,36
35821,Rigid,2045712,2045712,2045715,0,3,3,completed,72
35822,Rigid,2045716,2045716,2045719,0,3,3,completed,72
35823,Rigid,2045836,2047251,2055342,1415,8091,9506,completed,36
35824,Rigid,2045852,2045852,2045857,0,5,5,completed,36
35825,Rigid,2045857,2045857,2045861,0,4,4,completed,36
35826,Rigid,2045861,2045861,2045864,0,3,3,completed,36
35827,Rigid,2045864,2045864,2045867,0,3,3,completed,36
35828,Rigid,2045867,2045867,2045871,0,4,4,completed,36
35829,Rigid,2045871,2045871,2045883,0,12,12,completed,72
35830,Rigid,2045883,2045883,2045886,0,3,3,completed,72
35831,Rigid,2045887,2045887,2045890,0,3,3,completed,36
35832,Rigid,2045939,2045939,2045942,0,3,3,completed,36
35833,Rigid,2045947,2049821,2094791,3874,44970,48844,completed,72
35834,Rigid,2045947,2052956,2100576,7009,47620,54629,completed,72
35835,Rigid,2045947,2054189,2115176,8242,60987,69229,completed,72
35836,Rigid,2046061,2186753,2359093,140692,172340,313032,completed,36
35837,Rigid,2046098,2046123,2046773,25,650,675,completed,16
35838,Rigid,2046429,2046429,2046433,0,4,4,completed,16
35839,Rigid,2046443,2046443,2046448,0,5,5,completed,16
35840,Rigid,2046684,2046815,2047145,131,330,461,completed,36
35841,Rigid,2046964,2049809,2060722,2845,10913,13758,completed,144
35842,Rigid,2047205,2047701,2315917,496,268216,268712,completed,72
35843,Rigid,2047213,2047237,2047552,24,315,339,completed,16
35844,Rigid,2047288,2047288,2047293,0,5,5,completed,16
35845,Rigid,2047412,2047412,2047456,0,44,44,completed,36
35846,Rigid,2047551,2047551,2048700,0,1149,1149,completed,36
35847,Rigid,2047610,2047610,2047616,0,6,6,completed,16
35848,Rigid,2047712,2047713,2047900,1,187,188,completed,16
35849,Rigid,2048015,2048015,2048059,0,44,44,completed,36
35850,Rigid,2048052,2048052,2048270,0,218,218,completed,16
35851,Rigid,2048409,2048409,2048416,0,7,7,completed,16
35852,Rigid,2048432,2048432,2048438,0,6,6,completed,16
35853,Rigid,2048455,2048455,2048462,0,7,7,completed,16
35854,Rigid,2048497,2048497,2048502,0,5,5,completed,16
35855,Rigid,2048500,2048501,2048540,1,39,40,completed,36
35856,Rigid,2048594,2048594,2048599,0,5,5,completed,16
35857,Rigid,2048964,2048968,2049060,4,92,96,completed,16
35858,Rigid,2049270,2049271,2049311,1,40,41,completed,36
35859,Rigid,2049290,2049291,2049301,1,10,11,completed,72
35860,Rigid,2049351,2049352,2049361,1,9,10,completed,72
35861,Rigid,2049440,2049441,2049451,1,10,11,completed,72
35862,Rigid,2049485,2049486,2051280,1,1794,1795,completed,4
35863,Rigid,2049533,2049809,2049819,276,10,286,completed,72
35864,Rigid,2049631,2758908,3078258,709277,319350,1028627,completed,288
35865,Rigid,2049661,2049661,2049665,0,4,4,completed,16
35866,Rigid,2049743,2049743,2049748,0,5,5,completed,16
35867,Rigid,2049779,2049779,2049783,0,4,4,completed,16
35868,Rigid,2049861,2049861,2049866,0,5,5,completed,16
35869,Rigid,2049904,2049904,2049909,0,5,5,completed,36
35870,Rigid,2049905,2049905,2049919,0,14,14,completed,2
35871,Rigid,2049905,2049905,2049915,0,10,10,completed,2
35872,Rigid,2049905,2049909,2049927,4,18,22,completed,2
35873,Rigid,2049905,2049909,2049919,4,10,14,completed,2
35874,Rigid,2049905,2049909,2049918,4,9,13,completed,2
35875,Rigid,2049906,2049909,2049918,3,9,12,completed,2
35876,Rigid,2049906,2049909,2049919,3,10,13,completed,2
35877,Rigid,2049906,2049909,2049918,3,9,12,completed,2
35878,Rigid,2049906,2049909,2049919,3,10,13,completed,2
35879,Rigid,2049906,2049909,2049927,3,18,21,completed,2
35880,Rigid,2049906,2049909,2049927,3,18,21,completed,2
35881,Rigid,2049906,2049909,2049919,3,10,13,completed,2
35882,Rigid,2049907,2049909,2049917,2,8,10,completed,2
35883,Rigid,2049907,2049909,2049919,2,10,12,completed,2
35884,Rigid,2049907,2049909,2049914,2,5,7,completed,2
35885,Rigid,2049909,2049909,2049912,0,3,3,completed,36
35886,Rigid,2049912,2049913,2049916,1,3,4,completed,36
35887,Rigid,2049916,2049916,2049934,0,18,18,completed,2
35888,Rigid,2049916,2049916,2049934,0,18,18,completed,2
35889,Rigid,2049916,2049916,2049934,0,18,18,completed,2
35890,Rigid,2049916,2049916,2049920,0,4,4,completed,36
35891,Rigid,2049920,2049920,2049923,0,3,3,completed,36
35892,Rigid,2049923,2049923,2049935,0,12,12,completed,72
35893,Rigid,2049935,2049935,2049938,0,3,3,completed,72
35894,Rigid,2049939,2049939,2049942,0,3,3,completed,36
35895,Rigid,2050013,2050013,2050017,0,4,4,completed,16
35896,Rigid,2050039,2050039,2050044,0,5,5,completed,16
35897,Rigid,2050072,2050072,2050076,0,4,4,completed,16
35898,Rigid,2050117,2050117,2050146,0,29,29,completed,2
35899,Rigid,2050117,2050117,2050146,0,29,29,completed,2
35900,Rigid,2050117,2050117,2050146,0,29,29,completed,2
35901,Rigid,2050117,2050117,2050136,0,19,19,completed,2
35902,Rigid,2050117,2050117,2050138,0,21,21,completed,2
35903,Rigid,2050117,2050117,2050146,0,29,29,completed,2
35904,Rigid,2050117,2050117,2050146,0,29,29,completed,2
35905,Rigid,2050117,2050121,2050146,4,25,29,completed,2
35906,Rigid,2050117,2050121,2050136,4,15,19,completed,2
35907,Rigid,2050118,2050121,2050146,3,25,28,completed,2
35908,Rigid,2050118,2050121,2050146,3,25,28,completed,2
35909,Rigid,2050125,2050125,2050146,0,21,21,completed,2
35910,Rigid,2050132,2050132,2050137,0,5,5,completed,16
35911,Rigid,2050174,2050174,2050178,0,4,4,completed,16
35912,Rigid,2050177,2050177,2050215,0,38,38,completed,36
35913,Rigid,2050237,2050237,2050242,0,5,5,completed,16
35914,Rigid,2050252,2050252,2050256,0,4,4,completed,16
35915,Rigid,2050300,2050300,2050339,0,39,39,completed,36
35916,Rigid,2050478,2050478,2050482,0,4,4,completed,16
35917,Rigid,2050496,2050496,2050500,0,4,4,completed,16
35918,Rigid,2050625,2050625,2050630,0,5,5,completed,16
35919,Rigid,2050715,2050716,2050776,1,60,61,completed,8
35920,Rigid,2050837,2050837,2056487,0,5650,5650,completed,16
35921,Rigid,2050957,2050957,2052487,0,1530,1530,completed,8
35922,Rigid,2050983,2050983,2051001,0,18,18,completed,2
35923,Rigid,2050983,2050983,2051001,0,18,18,completed,2
35924,Rigid,2050983,2050983,2051001,0,18,18,completed,2
35925,Rigid,2050983,2050983,2050997,0,14,14,completed,2
35926,Rigid,2051104,2051104,2051118,0,14,14,completed,2
35927,Rigid,2051104,2051104,2051128,0,24,24,completed,2
35928,Rigid,2051104,2051104,2051118,0,14,14,completed,2
35929,Rigid,2051104,2051104,2051120,0,16,16,completed,2
35930,Rigid,2051104,2051104,2051117,0,13,13,completed,2
35931,Rigid,2051104,2051104,2051117,0,13,13,completed,2
35932,Rigid,2051104,2051108,2051118,4,10,14,completed,2
35933,Rigid,2051105,2051108,2051119,3,11,14,completed,2
35934,Rigid,2051105,2051108,2051127,3,19,22,completed,2
35935,Rigid,2051105,2051108,2051115,3,7,10,completed,2
35936,Rigid,2051105,2051108,2051118,3,10,13,completed,2
35937,Rigid,2051106,2051108,2051118,2,10,12,completed,2
35938,Rigid,2051106,2051108,2051118,2,10,12,completed,2
35939,Rigid,2051106,2051108,2051118,2,10,12,completed,2
35940,Rigid,2051125,2051128,2051142,3,14,17,completed,2
35941,Rigid,2051125,2051128,2051142,3,14,17,completed,2
35942,Rigid,2051125,2051128,2051142,3,14,17,completed,2
35943,Rigid,2051125,2051128,2051144,3,16,19,completed,2
35944,Rigid,2051125,2051128,2051144,3,16,19,completed,2
35945,Rigid,2051126,2051128,2051144,2,16,18,completed,2
35946,Rigid,2051126,2051128,2051142,2,14,16,completed,2
35947,Rigid,2051126,2051128,2051135,2,7,9,completed,2
35948,Rigid,2051126,2051128,2051143,2,15,17,completed,2
35949,Rigid,2051126,2051128,2051137,2,9,11,completed,2
35950,Rigid,2051171,2051172,2051237,1,65,66,completed,1
35951,Rigid,2051488,2055142,2055235,3654,93,3747,completed,720
35952,Rigid,2051507,2758908,2793363,707401,34455,741856,completed,36
35953,Rigid,2051555,2758908,2784754,707353,25846,733199,completed,36
35954,Rigid,2051576,2051576,2053104,0,1528,1528,completed,8
35955,Rigid,2051710,2051711,2051770,1,59,60,completed,2
35956,Rigid,2051828,2051828,2051866,0,38,38,completed,36
35957,Rigid,2051879,2051879,2051917,0,38,38,completed,36
35958,Rigid,2051940,2051941,2051980,1,39,40,completed,36
35959,Rigid,2052058,2052059,2052127,1,68,69,completed,1
35960,Rigid,2052502,2052503,2052536,1,33,34,completed,1
35961,Rigid,2052662,2052662,2052676,0,14,14,completed,2
35962,Rigid,2052665,2052666,2052712,1,46,47,completed,2
35963,Rigid,2054069,2054069,2054075,0,6,6,completed,36
35964,Rigid,2054075,2054075,2054078,0,3,3,completed,36
35965,Rigid,2054078,2054078,2054081,0,3,3,completed,36
35966,Rigid,2054080,2054080,2054085,0,5,5,completed,1
35967,Rigid,2054082,2054082,2054085,0,3,3,completed,36
35968,Rigid,2054085,2054085,2054089,0,4,4,completed,36
35969,Rigid,2054089,2054089,2054101,0,12,12,completed,72
35970,Rigid,2054101,2054101,2054105,0,4,4,completed,72
35971,Rigid,2054105,2054105,2054108,0,3,3,completed,36
35972,Rigid,2054260,2054260,2054266,0,6,6,completed,36
35973,Rigid,2054266,2054266,2054269,0,3,3,completed,36
35974,Rigid,2054270,2054270,2054273,0,3,3,completed,36
35975,Rigid,2054273,2054273,2054276,0,3,3,completed,36
35976,Rigid,2054277,2054277,2054281,0,4,4,completed,36
35977,Rigid,2054281,2054281,2054284,0,3,3,completed,72
35978,Rigid,2054284,2054284,2054288,0,4,4,completed,72
35979,Rigid,2054288,2054288,2054292,0,4,4,completed,36
35980,Rigid,2054384,2054401,2061764,17,7363,7380,completed,12
35981,Rigid,2054388,2054401,2148194,13,93793,93806,completed,12
35982,Rigid,2054391,2054401,2148194,10,93793,93803,completed,12
35983,Rigid,2054393,2054401,2148194,8,93793,93801,completed,12
35984,Rigid,2054394,2054401,2097563,7,43162,43169,completed,12
35985,Rigid,2054395,2054401,2148194,6,93793,93799,completed,12
35986,Rigid,2054397,2054401,2148194,4,93793,93797,completed,12
35987,Rigid,2054398,2054401,2148194,3,93793,93796,completed,12
35988,Rigid,2054399,2055237,2148194,838,92957,93795,completed,12
35989,Rigid,2054401,2055237,2148194,836,92957,93793,completed,12
35990,Rigid,2054402,2055237,2148194,835,92957,93792,completed,12
35991,Rigid,2054404,2055237,2148194,833,92957,93790,completed,12
35992,Rigid,2054406,2055237,2148194,831,92957,93788,completed,12
35993,Rigid,2054407,2055237,2148194,830,92957,93787,completed,12
35994,Rigid,2054408,2055237,2148194,829,92957,93786,completed,12
35995,Rigid,2054409,2055237,2148194,828,92957,93785,completed,12
35996,Rigid,2054411,2055237,2148194,826,92957,93783,completed,12
35997,Rigid,2054412,2055237,2148194,825,92957,93782,completed,12
35998,Rigid,2054414,2055237,2148194,823,92957,93780,completed,12
35999,Rigid,2054416,2055237,2148194,821,92957,93778,completed,12
36000,Rigid,2054417,2055237,2148194,820,92957,93777,completed,12
36001,Rigid,2054418,2055237,2148194,819,92957,93776,completed,12
36002,Rigid,2054419,2055237,2148194,818,92957,93775,completed,12
36003,Rigid,2054420,2055237,2148194,817,92957,93774,completed,12
36004,Rigid,2054421,2055237,2148194,816,92957,93773,completed,12
36005,Rigid,2054423,2055237,2148194,814,92957,93771,completed,12
36006,Rigid,2054424,2055237,2148194,813,92957,93770,completed,12
36007,Rigid,2054425,2055237,2148194,812,92957,93769,completed,12
36008,Rigid,2054426,2055237,2148194,811,92957,93768,completed,12
36009,Rigid,2054426,2055237,2148194,811,92957,93768,completed,12
36010,Rigid,2054427,2055237,2148194,810,92957,93767,completed,12
36011,Rigid,2054429,2055237,2148194,808,92957,93765,completed,12
36012,Rigid,2054430,2054431,2085470,1,31039,31040,completed,8
36013,Rigid,2054431,2055237,2148194,806,92957,93763,completed,12
36014,Rigid,2054432,2055237,2148194,805,92957,93762,completed,12
36015,Rigid,2054433,2055237,2148194,804,92957,93761,completed,12
36016,Rigid,2054434,2055237,2148194,803,92957,93760,completed,12
36017,Rigid,2054435,2055237,2148194,802,92957,93759,completed,12
36018,Rigid,2054437,2055237,2148194,800,92957,93757,completed,12
36019,Rigid,2054439,2055237,2148194,798,92957,93755,completed,12
36020,Rigid,2054440,2055237,2148194,797,92957,93754,completed,12
36021,Rigid,2054441,2055237,2148194,796,92957,93753,completed,12
36022,Rigid,2054441,2055237,2148194,796,92957,93753,completed,12
36023,Rigid,2054442,2055237,2148194,795,92957,93752,completed,12
36024,Rigid,2054444,2055237,2148194,793,92957,93750,completed,12
36025,Rigid,2054445,2055343,2148194,898,92851,93749,completed,12
36026,Rigid,2054447,2055343,2148194,896,92851,93747,completed,12
36027,Rigid,2054449,2055343,2148194,894,92851,93745,completed,12
36028,Rigid,2054450,2056249,2148194,1799,91945,93744,completed,12
36029,Rigid,2054451,2057543,2148194,3092,90651,93743,completed,12
36030,Rigid,2054451,2057543,2148194,3092,90651,93743,completed,12
36031,Rigid,2054452,2057603,2148194,3151,90591,93742,completed,12
36032,Rigid,2054453,2057723,2148194,3270,90471,93741,completed,12
36033,Rigid,2054456,2057723,2148194,3267,90471,93738,completed,12
36034,Rigid,2054457,2057784,2148194,3327,90410,93737,completed,12
36035,Rigid,2054458,2057844,2148194,3386,90350,93736,completed,12
36036,Rigid,2054458,2057844,2148194,3386,90350,93736,completed,12
36037,Rigid,2054583,2054583,2054589,0,6,6,completed,16
36038,Rigid,2054596,2054597,2054601,1,4,5,completed,16
36039,Rigid,2054613,2054613,2054618,0,5,5,completed,16
36040,Rigid,2054896,2054896,2056229,0,1333,1333,completed,4
36041,Rigid,2055097,2055097,2055102,0,5,5,completed,16
36042,Rigid,2055183,2055183,2055185,0,2,2,completed,16
36043,Rigid,2055189,2055189,2055195,0,6,6,completed,16
36044,Rigid,2055211,2055237,2132734,26,77497,77523,completed,288
36045,Rigid,2055342,2055342,2055346,0,4,4,completed,16
36046,Rigid,2055369,2055369,2055374,0,5,5,completed,16
36047,Rigid,2055377,2055378,2077936,1,22558,22559,completed,144
36048,Rigid,2055402,2055402,2055407,0,5,5,completed,16
36049,Rigid,2055422,2060744,2060770,5322,26,5348,completed,288
36050,Rigid,2055446,2055446,2055451,0,5,5,completed,16
36051,Rigid,2055928,2055928,2055933,0,5,5,completed,36
36052,Rigid,2055933,2055933,2055936,0,3,3,completed,36
36053,Rigid,2055936,2055936,2055940,0,4,4,completed,36
36054,Rigid,2055940,2055940,2055943,0,3,3,completed,36
36055,Rigid,2055944,2055944,2055947,0,3,3,completed,36
36056,Rigid,2055947,2055947,2055958,0,11,11,completed,72
36057,Rigid,2055958,2055958,2055962,0,4,4,completed,72
36058,Rigid,2055962,2055962,2055965,0,3,3,completed,36
36059,Rigid,2055965,2055965,2055969,0,4,4,completed,36
36060,Rigid,2056157,2056158,2057676,1,1518,1519,completed,4
36061,Rigid,2056495,2056496,2059966,1,3470,3471,completed,16
36062,Rigid,2056515,2056515,2056520,0,5,5,completed,16
36063,Rigid,2056547,2056547,2056552,0,5,5,completed,16
36064,Rigid,2056607,2060034,2061342,3427,1308,4735,completed,144
36065,Rigid,2056685,2056685,2056690,0,5,5,completed,16
36066,Rigid,2056777,2056777,2056789,0,12,12,completed,16
36067,Rigid,2056819,2056819,2056824,0,5,5,completed,16
36068,Rigid,2056916,2056916,2056924,0,8,8,completed,16
36069,Rigid,2056970,2056970,2056974,0,4,4,completed,16
36070,Rigid,2056988,2056988,2056992,0,4,4,completed,16
36071,Rigid,2057159,2057159,2057163,0,4,4,completed,16
36072,Rigid,2057206,2057206,2057210,0,4,4,completed,16
36073,Rigid,2057229,2057229,2057234,0,5,5,completed,16
36074,Rigid,2057328,2057517,2057579,189,62,251,completed,10
36075,Rigid,2057403,2057403,2057408,0,5,5,completed,16
36076,Rigid,2057459,2057459,2057474,0,15,15,completed,16
36077,Rigid,2057478,2057478,2057481,0,3,3,completed,16
36078,Rigid,2057515,2060791,2083843,3276,23052,26328,completed,144
36079,Rigid,2057630,2057630,2057636,0,6,6,completed,16
36080,Rigid,2057686,2057686,2057691,0,5,5,completed,16
36081,Rigid,2057697,2057698,2057759,1,61,62,completed,10
36082,Rigid,2057815,2057815,2057878,0,63,63,completed,10
36083,Rigid,2057878,2063125,2182403,5247,119278,124525,completed,360
36084,Rigid,2057911,2057911,2057916,0,5,5,completed,16
36085,Rigid,2057932,2057932,2057937,0,5,5,completed,16
36086,Rigid,2057989,2057989,2057994,0,5,5,completed,16
36087,Rigid,2058034,2058034,2058039,0,5,5,completed,16
36088,Rigid,2058056,2058056,2058061,0,5,5,completed,16
36089,Rigid,2058112,2058112,2058117,0,5,5,completed,16
36090,Rigid,2058120,2058120,2058136,0,16,16,completed,10
36091,Rigid,2058140,2058140,2058144,0,4,4,completed,16
36092,Rigid,2058181,2058181,2058185,0,4,4,completed,16
36093,Rigid,2058237,2058237,2058241,0,4,4,completed,16
36094,Rigid,2058296,2058296,2060983,0,2687,2687,completed,10
36095,Rigid,2058637,2058637,2058642,0,5,5,completed,16
36096,Rigid,2058677,2058677,2058682,0,5,5,completed,16
36097,Rigid,2058698,2058698,2058703,0,5,5,completed,16
36098,Rigid,2058710,2058710,2058715,0,5,5,completed,16
36099,Rigid,2058747,2058747,2058751,0,4,4,completed,16
36100,Rigid,2058794,2058806,2318018,12,259212,259224,completed,1
36101,Rigid,2058880,2060034,2060044,1154,10,1164,completed,72
36102,Rigid,2058881,2058881,2058886,0,5,5,completed,16
36103,Rigid,2059011,2059011,2059015,0,4,4,completed,16
36104,Rigid,2059027,2059027,2059031,0,4,4,completed,16
36105,Rigid,2059125,2059125,2059129,0,4,4,completed,16
36106,Rigid,2059161,2059162,2059166,1,4,5,completed,16
36107,Rigid,2059223,2059223,2059226,0,3,3,completed,16
36108,Rigid,2059361,2059361,2059366,0,5,5,completed,16
36109,Rigid,2059423,2059423,2059427,0,4,4,completed,16
36110,Rigid,2059604,2059618,2059630,14,12,26,completed,1
36111,Rigid,2059748,2059769,2059776,21,7,28,completed,1
36112,Rigid,2059900,2059901,2059905,1,4,5,completed,16
36113,Rigid,2059946,2059946,2059950,0,4,4,completed,16
36114,Rigid,2059996,2059996,2060000,0,4,4,completed,16
36115,Rigid,2060040,2060040,2060044,0,4,4,completed,16
36116,Rigid,2060140,2060140,2060144,0,4,4,completed,16
36117,Rigid,2060266,2758908,2762202,698642,3294,701936,completed,36
36118,Rigid,2060282,2060282,2060284,0,2,2,completed,4
36119,Rigid,2060286,2060286,2060290,0,4,4,completed,4
36120,Rigid,2060301,2060301,2060432,0,131,131,completed,4
36121,Rigid,2060320,2060320,2060324,0,4,4,completed,16
36122,Rigid,2060353,2060353,2060357,0,4,4,completed,16
36123,Rigid,2060368,2758908,2762224,698540,3316,701856,completed,36
36124,Rigid,2060374,2060374,2060377,0,3,3,completed,16
36125,Rigid,2060492,2060492,2060923,0,431,431,completed,72
36126,Rigid,2060722,2060941,2071861,219,10920,11139,completed,144
36127,Rigid,2060954,2060954,2061203,0,249,249,completed,72
36128,Rigid,2060970,2060971,2060975,1,4,5,completed,1
36129,Rigid,2060971,2060993,2060999,22,6,28,completed,1
36130,Rigid,2061001,2064565,2064599,3564,34,3598,completed,288
36131,Rigid,2061051,2061051,2061056,0,5,5,completed,36
36132,Rigid,2061054,2061054,2061068,0,14,14,completed,16
36133,Rigid,2061056,2061056,2061059,0,3,3,completed,36
36134,Rigid,2061060,2061060,2061063,0,3,3,completed,36
36135,Rigid,2061063,2061063,2061066,0,3,3,completed,36
36136,Rigid,2061066,2061067,2061070,1,3,4,completed,72
36137,Rigid,2061070,2061070,2061073,0,3,3,completed,36
36138,Rigid,2061073,2061073,2061077,0,4,4,completed,36
36139,Rigid,2061077,2061077,2061088,0,11,11,completed,72
36140,Rigid,2061088,2061088,2061092,0,4,4,completed,72
36141,Rigid,2061092,2061092,2061095,0,3,3,completed,36
36142,Rigid,2061095,2061095,2061098,0,3,3,completed,36
36143,Rigid,2061354,2063173,2101587,1819,38414,40233,completed,288
36144,Rigid,2061359,2063173,2103296,1814,40123,41937,completed,288
36145,Rigid,2061427,2061427,2061431,0,4,4,completed,16
36146,Rigid,2061455,2061455,2061459,0,4,4,completed,16
36147,Rigid,2061472,2061472,2061480,0,8,8,completed,16
36148,Rigid,2061672,2061672,2071355,0,9683,9683,completed,36
36149,Rigid,2061741,2063173,2234207,1432,171034,172466,completed,72
36150,Rigid,2061916,2064611,2082224,2695,17613,20308,completed,36
36151,Rigid,2061916,2064611,2130032,2695,65421,68116,completed,36
36152,Rigid,2061916,2064762,2093096,2846,28334,31180,completed,36
36153,Rigid,2061961,2061962,2065672,1,3710,3711,completed,16
36154,Rigid,2062017,2062018,2065672,1,3654,3655,completed,16
36155,Rigid,2062025,2062025,2065672,0,3647,3647,completed,16
36156,Rigid,2062032,2062033,2065672,1,3639,3640,completed,16
36157,Rigid,2062038,2062039,2065672,1,3633,3634,completed,16
36158,Rigid,2062065,2062065,2063068,0,1003,1003,completed,36
36159,Rigid,2062077,2062077,2065672,0,3595,3595,completed,16
36160,Rigid,2062083,2062084,2065482,1,3398,3399,completed,16
36161,Rigid,2062090,2062091,2065672,1,3581,3582,completed,16
36162,Rigid,2062094,2062095,2065545,1,3450,3451,completed,16
36163,Rigid,2062144,2062144,2062150,0,6,6,completed,16
36164,Rigid,2062175,2062175,2062179,0,4,4,completed,16
36165,Rigid,2062360,2062361,2062444,1,83,84,completed,36
36166,Rigid,2062364,2062364,2062370,0,6,6,completed,16
36167,Rigid,2062845,2062846,2063247,1,401,402,completed,18
36168,Rigid,2062919,2062919,2062923,0,4,4,completed,16
36169,Rigid,2063048,2063048,2063052,0,4,4,completed,16
36170,Rigid,2063062,2064762,2101250,1700,36488,38188,completed,36
36171,Rigid,2063062,2064762,2087847,1700,23085,24785,completed,36
36172,Rigid,2063062,2064762,2070131,1700,5369,7069,completed,36
36173,Rigid,2063307,2063308,2063316,1,8,9,completed,1
36174,Rigid,2063438,2063438,2063440,0,2,2,completed,1
36175,Rigid,2063438,2063438,2063440,0,2,2,completed,1
36176,Rigid,2063438,2063438,2063440,0,2,2,completed,1
36177,Rigid,2063438,2063441,2063443,3,2,5,completed,1
36178,Rigid,2063439,2063441,2063443,2,2,4,completed,1
36179,Rigid,2063439,2063441,2063443,2,2,4,completed,1
36180,Rigid,2063439,2063441,2063443,2,2,4,completed,1
36181,Rigid,2063439,2063441,2063443,2,2,4,completed,1
36182,Rigid,2063439,2063441,2063443,2,2,4,completed,1
36183,Rigid,2063440,2063441,2063443,1,2,3,completed,1
36184,Rigid,2063440,2063441,2063443,1,2,3,completed,1
36185,Rigid,2063440,2063441,2063443,1,2,3,completed,1
36186,Rigid,2063440,2063441,2063443,1,2,3,completed,1
36187,Rigid,2063440,2063441,2063443,1,2,3,completed,1
36188,Rigid,2063440,2063441,2063443,1,2,3,completed,1
36189,Rigid,2063440,2063441,2063443,1,2,3,completed,1
36190,Rigid,2063440,2063441,2063443,1,2,3,completed,1
36191,Rigid,2063441,2063441,2063443,0,2,2,completed,1
36192,Rigid,2063441,2063441,2063443,0,2,2,completed,1
36193,Rigid,2063441,2063441,2063443,0,2,2,completed,1
36194,Rigid,2063441,2063441,2063443,0,2,2,completed,1
36195,Rigid,2063441,2063441,2063443,0,2,2,completed,1
36196,Rigid,2063441,2063441,2063443,0,2,2,completed,1
36197,Rigid,2063441,2063441,2063443,0,2,2,completed,1
36198,Rigid,2063441,2063442,2063444,1,2,3,completed,1
36199,Rigid,2063441,2063442,2063443,1,1,2,completed,1
36200,Rigid,2063441,2063442,2063443,1,1,2,completed,1
36201,Rigid,2063442,2063442,2063443,0,1,1,completed,1
36202,Rigid,2063442,2063442,2063443,0,1,1,completed,1
36203,Rigid,2063442,2063442,2063443,0,1,1,completed,1
36204,Rigid,2063442,2063442,2063443,0,1,1,completed,1
36205,Rigid,2063442,2063444,2063446,2,2,4,completed,1
36206,Rigid,2063442,2063444,2063446,2,2,4,completed,1
36207,Rigid,2063442,2063444,2063446,2,2,4,completed,1
36208,Rigid,2063442,2063444,2063446,2,2,4,completed,1
36209,Rigid,2063443,2063444,2063446,1,2,3,completed,1
36210,Rigid,2063443,2063444,2063446,1,2,3,completed,1
36211,Rigid,2063443,2063444,2063446,1,2,3,completed,1
36212,Rigid,2063443,2063444,2063446,1,2,3,completed,1
36213,Rigid,2063443,2063444,2063446,1,2,3,completed,1
36214,Rigid,2063444,2063444,2063446,0,2,2,completed,1
36215,Rigid,2063444,2063444,2063446,0,2,2,completed,1
36216,Rigid,2063444,2063444,2063446,0,2,2,completed,1
36217,Rigid,2063444,2063444,2063446,0,2,2,completed,1
36218,Rigid,2063444,2063444,2063445,0,1,1,completed,1
36219,Rigid,2063444,2063444,2063445,0,1,1,completed,1
36220,Rigid,2063444,2063444,2063445,0,1,1,completed,1
36221,Rigid,2063444,2063445,2063446,1,1,2,completed,1
36222,Rigid,2063445,2063445,2063446,0,1,1,completed,1
36223,Rigid,2063445,2063446,2063447,1,1,2,completed,1
36224,Rigid,2063445,2063446,2063447,1,1,2,completed,1
36225,Rigid,2063445,2063446,2063447,1,1,2,completed,1
36226,Rigid,2063445,2063446,2063447,1,1,2,completed,1
36227,Rigid,2063445,2063446,2063447,1,1,2,completed,1
36228,Rigid,2063445,2063446,2063447,1,1,2,completed,1
36229,Rigid,2063445,2063446,2063447,1,1,2,completed,1
36230,Rigid,2063445,2063446,2063447,1,1,2,completed,1
36231,Rigid,2063446,2063446,2063447,0,1,1,completed,1
36232,Rigid,2063446,2063446,2063447,0,1,1,completed,1
36233,Rigid,2063446,2063447,2063448,1,1,2,completed,1
36234,Rigid,2063446,2063447,2063448,1,1,2,completed,1
36235,Rigid,2063446,2063447,2063448,1,1,2,completed,1
36236,Rigid,2063446,2063447,2063448,1,1,2,completed,1
36237,Rigid,2063447,2063447,2063448,0,1,1,completed,1
36238,Rigid,2063447,2063447,2063448,0,1,1,completed,1
36239,Rigid,2063447,2063447,2063448,0,1,1,completed,1
36240,Rigid,2063447,2063447,2063448,0,1,1,completed,1
36241,Rigid,2063447,2063447,2063448,0,1,1,completed,1
36242,Rigid,2063448,2063448,2063449,0,1,1,completed,1
36243,Rigid,2063448,2063448,2063449,0,1,1,completed,1
36244,Rigid,2063448,2063448,2063450,0,2,2,completed,1
36245,Rigid,2063448,2063448,2063449,0,1,1,completed,1
36246,Rigid,2063448,2063448,2063449,0,1,1,completed,1
36247,Rigid,2063448,2063448,2063449,0,1,1,completed,1
36248,Rigid,2063448,2063448,2063449,0,1,1,completed,1
36249,Rigid,2063448,2063448,2063449,0,1,1,completed,1
36250,Rigid,2063449,2063449,2063450,0,1,1,completed,1
36251,Rigid,2063449,2063449,2063450,0,1,1,completed,1
36252,Rigid,2063449,2063449,2063450,0,1,1,completed,1
36253,Rigid,2063449,2063449,2063450,0,1,1,completed,1
36254,Rigid,2063449,2063449,2063450,0,1,1,completed,1
36255,Rigid,2063449,2063449,2063450,0,1,1,completed,1
36256,Rigid,2063449,2063449,2063450,0,1,1,completed,1
36257,Rigid,2063449,2063449,2063450,0,1,1,completed,1
36258,Rigid,2063449,2063449,2063450,0,1,1,completed,1
36259,Rigid,2063449,2063449,2063450,0,1,1,completed,1
36260,Rigid,2063450,2063450,2063451,0,1,1,completed,1
36261,Rigid,2063450,2063450,2063451,0,1,1,completed,1
36262,Rigid,2063450,2063450,2063451,0,1,1,completed,1
36263,Rigid,2063450,2063450,2063451,0,1,1,completed,1
36264,Rigid,2063450,2063450,2063451,0,1,1,completed,1
36265,Rigid,2063450,2063450,2063451,0,1,1,completed,1
36266,Rigid,2063450,2063450,2063451,0,1,1,completed,1
36267,Rigid,2063450,2063450,2063452,0,2,2,completed,1
36268,Rigid,2063450,2063450,2063452,0,2,2,completed,1
36269,Rigid,2063450,2063450,2063452,0,2,2,completed,1
36270,Rigid,2063451,2063451,2063452,0,1,1,completed,1
36271,Rigid,2063451,2063451,2063452,0,1,1,completed,1
36272,Rigid,2063451,2063451,2063452,0,1,1,completed,1
36273,Rigid,2063451,2063451,2063452,0,1,1,completed,1
36274,Rigid,2063451,2063452,2063453,1,1,2,completed,1
36275,Rigid,2063451,2063452,2063453,1,1,2,completed,1
36276,Rigid,2063451,2063452,2063453,1,1,2,completed,1
36277,Rigid,2063451,2063452,2063453,1,1,2,completed,1
36278,Rigid,2063452,2063452,2063453,0,1,1,completed,1
36279,Rigid,2063452,2063452,2063453,0,1,1,completed,1
36280,Rigid,2063452,2063452,2063453,0,1,1,completed,1
36281,Rigid,2063452,2063452,2063453,0,1,1,completed,1
36282,Rigid,2063452,2063452,2063453,0,1,1,completed,1
36283,Rigid,2063452,2063452,2063453,0,1,1,completed,1
36284,Rigid,2063452,2063452,2063453,0,1,1,completed,1
36285,Rigid,2063452,2063453,2063454,1,1,2,completed,1
36286,Rigid,2063452,2063453,2063454,1,1,2,completed,1
36287,Rigid,2063453,2063453,2063454,0,1,1,completed,1
36288,Rigid,2063453,2063453,2063454,0,1,1,completed,1
36289,Rigid,2063453,2063453,2063454,0,1,1,completed,1
36290,Rigid,2063453,2063453,2063454,0,1,1,completed,1
36291,Rigid,2063453,2063453,2063454,0,1,1,completed,1
36292,Rigid,2063453,2063454,2063455,1,1,2,completed,1
36293,Rigid,2063453,2063454,2063455,1,1,2,completed,1
36294,Rigid,2063453,2063454,2063455,1,1,2,completed,1
36295,Rigid,2063453,2063454,2063455,1,1,2,completed,1
36296,Rigid,2063454,2063454,2063455,0,1,1,completed,1
36297,Rigid,2063454,2063454,2063455,0,1,1,completed,1
36298,Rigid,2063454,2063454,2063455,0,1,1,completed,1
36299,Rigid,2063454,2063454,2063455,0,1,1,completed,1
36300,Rigid,2063454,2063454,2063455,0,1,1,completed,1
36301,Rigid,2063454,2063454,2063455,0,1,1,completed,1
36302,Rigid,2063454,2063454,2063456,0,2,2,completed,1
36303,Rigid,2063454,2063454,2063456,0,2,2,completed,1
36304,Rigid,2063455,2063455,2063456,0,1,1,completed,1
36305,Rigid,2063455,2063455,2063456,0,1,1,completed,1
36306,Rigid,2063455,2063455,2063456,0,1,1,completed,1
36307,Rigid,2063455,2063455,2063456,0,1,1,completed,1
36308,Rigid,2063455,2063455,2063456,0,1,1,completed,1
36309,Rigid,2063455,2063455,2063456,0,1,1,completed,1
36310,Rigid,2063455,2063455,2063456,0,1,1,completed,1
36311,Rigid,2063455,2063455,2063457,0,2,2,completed,1
36312,Rigid,2063455,2063456,2063457,1,1,2,completed,1
36313,Rigid,2063456,2063456,2063457,0,1,1,completed,1
36314,Rigid,2063456,2063456,2063457,0,1,1,completed,1
36315,Rigid,2063456,2063456,2063458,0,2,2,completed,1
36316,Rigid,2063456,2063456,2063458,0,2,2,completed,1
36317,Rigid,2063456,2063456,2063458,0,2,2,completed,1
36318,Rigid,2063456,2063456,2063458,0,2,2,completed,1
36319,Rigid,2063456,2063456,2063458,0,2,2,completed,1
36320,Rigid,2063456,2063456,2063458,0,2,2,completed,1
36321,Rigid,2063457,2063457,2063458,0,1,1,completed,1
36322,Rigid,2063457,2063457,2063458,0,1,1,completed,1
36323,Rigid,2063457,2063457,2063458,0,1,1,completed,1
36324,Rigid,2063457,2063457,2063458,0,1,1,completed,1
36325,Rigid,2063457,2063457,2063458,0,1,1,completed,1
36326,Rigid,2063457,2063457,2063458,0,1,1,completed,1
36327,Rigid,2063457,2063457,2063458,0,1,1,completed,1
36328,Rigid,2063457,2063457,2063458,0,1,1,completed,1
36329,Rigid,2063457,2063457,2063458,0,1,1,completed,1
36330,Rigid,2063457,2063457,2063458,0,1,1,completed,1
36331,Rigid,2063458,2063458,2063459,0,1,1,completed,1
36332,Rigid,2063458,2063458,2063459,0,1,1,completed,1
36333,Rigid,2063458,2063458,2063459,0,1,1,completed,1
36334,Rigid,2063458,2063458,2063459,0,1,1,completed,1
36335,Rigid,2063458,2063458,2063459,0,1,1,completed,1
36336,Rigid,2063458,2063458,2063459,0,1,1,completed,1
36337,Rigid,2063458,2063459,2063460,1,1,2,completed,1
36338,Rigid,2063458,2063459,2063460,1,1,2,completed,1
36339,Rigid,2063458,2063459,2063460,1,1,2,completed,1
36340,Rigid,2063458,2063459,2063460,1,1,2,completed,1
36341,Rigid,2063459,2063459,2063460,0,1,1,completed,1
36342,Rigid,2063459,2063459,2063460,0,1,1,completed,1
36343,Rigid,2063459,2063459,2063460,0,1,1,completed,1
36344,Rigid,2063465,2063466,2063467,1,1,2,completed,1
36345,Rigid,2063465,2063466,2063467,1,1,2,completed,1
36346,Rigid,2063466,2063466,2063467,0,1,1,completed,1
36347,Rigid,2063466,2063468,2063470,2,2,4,completed,1
36348,Rigid,2063466,2063468,2063470,2,2,4,completed,1
36349,Rigid,2063466,2063468,2063470,2,2,4,completed,1
36350,Rigid,2063466,2063468,2063469,2,1,3,completed,1
36351,Rigid,2063466,2063468,2063469,2,1,3,completed,1
36352,Rigid,2063466,2063468,2063469,2,1,3,completed,1
36353,Rigid,2063466,2063468,2063469,2,1,3,completed,1
36354,Rigid,2063466,2063468,2063470,2,2,4,completed,1
36355,Rigid,2063466,2063468,2063469,2,1,3,completed,1
36356,Rigid,2063467,2063468,2063470,1,2,3,completed,1
36357,Rigid,2063467,2063468,2063470,1,2,3,completed,1
36358,Rigid,2063467,2063468,2063470,1,2,3,completed,1
36359,Rigid,2063467,2063468,2063470,1,2,3,completed,1
36360,Rigid,2063467,2063468,2063470,1,2,3,completed,1
36361,Rigid,2063467,2063468,2063470,1,2,3,completed,1
36362,Rigid,2063467,2063468,2063470,1,2,3,completed,1
36363,Rigid,2063467,2063468,2063469,1,1,2,completed,1
36364,Rigid,2063467,2063468,2063469,1,1,2,completed,1
36365,Rigid,2063468,2063468,2063470,0,2,2,completed,1
36366,Rigid,2063468,2063468,2063470,0,2,2,completed,1
36367,Rigid,2063468,2063468,2063470,0,2,2,completed,1
36368,Rigid,2063468,2063468,2063470,0,2,2,completed,1
36369,Rigid,2063468,2063468,2063470,0,2,2,completed,1
36370,Rigid,2063468,2063468,2063469,0,1,1,completed,1
36371,Rigid,2063468,2063470,2063471,2,1,3,completed,1
36372,Rigid,2063468,2063470,2063471,2,1,3,completed,1
36373,Rigid,2063468,2063470,2063471,2,1,3,completed,1
36374,Rigid,2063469,2063470,2063471,1,1,2,completed,1
36375,Rigid,2063469,2063470,2063471,1,1,2,completed,1
36376,Rigid,2063469,2063470,2063471,1,1,2,completed,1
36377,Rigid,2063469,2063470,2063471,1,1,2,completed,1
36378,Rigid,2063469,2063470,2063471,1,1,2,completed,1
36379,Rigid,2063469,2063470,2063471,1,1,2,completed,1
36380,Rigid,2063469,2063470,2063471,1,1,2,completed,1
36381,Rigid,2063469,2063470,2063471,1,1,2,completed,1
36382,Rigid,2063469,2063470,2063471,1,1,2,completed,1
36383,Rigid,2063470,2063470,2063471,0,1,1,completed,1
36384,Rigid,2063470,2063470,2063471,0,1,1,completed,1
36385,Rigid,2063470,2063471,2063472,1,1,2,completed,1
36386,Rigid,2063470,2063471,2063472,1,1,2,completed,1
36387,Rigid,2063470,2063471,2063472,1,1,2,completed,1
36388,Rigid,2063470,2063471,2063472,1,1,2,completed,1
36389,Rigid,2063470,2063471,2063472,1,1,2,completed,1
36390,Rigid,2063470,2063471,2063547,1,76,77,completed,2
36391,Rigid,2063471,2063471,2064249,0,778,778,completed,2
36392,Rigid,2063471,2063471,2063648,0,177,177,completed,1
36393,Rigid,2063471,2063471,2063547,0,76,76,completed,2
36394,Rigid,2063471,2063471,2063486,0,15,15,completed,2
36395,Rigid,2063471,2063471,2063486,0,15,15,completed,2
36396,Rigid,2063471,2063472,2063486,1,14,15,completed,2
36397,Rigid,2063471,2063472,2063653,1,181,182,completed,2
36398,Rigid,2063472,2063472,2063486,0,14,14,completed,2
36399,Rigid,2063472,2063472,2063486,0,14,14,completed,2
36400,Rigid,2063472,2063473,2063486,1,13,14,completed,2
36401,Rigid,2063472,2063473,2063482,1,9,10,completed,1
36402,Rigid,2063472,2063473,2063486,1,13,14,completed,2
36403,Rigid,2063472,2063473,2063640,1,167,168,completed,2
36404,Rigid,2063472,2063473,2063486,1,13,14,completed,2
36405,Rigid,2063472,2063473,2063486,1,13,14,completed,2
36406,Rigid,2063472,2063473,2063486,1,13,14,completed,2
36407,Rigid,2063472,2063473,2063484,1,11,12,completed,1
36408,Rigid,2063473,2063473,2063486,0,13,13,completed,2
36409,Rigid,2063473,2063473,2063486,0,13,13,completed,2
36410,Rigid,2063473,2063473,2063639,0,166,166,completed,2
36411,Rigid,2063473,2063473,2063486,0,13,13,completed,2
36412,Rigid,2063473,2063473,2063486,0,13,13,completed,2
36413,Rigid,2063473,2063473,2063482,0,9,9,completed,1
36414,Rigid,2063473,2063473,2063484,0,11,11,completed,1
36415,Rigid,2063473,2063474,2063653,1,179,180,completed,2
36416,Rigid,2063473,2063474,2063486,1,12,13,completed,2
36417,Rigid,2063474,2063474,2063486,0,12,12,completed,2
36418,Rigid,2063474,2063474,2063486,0,12,12,completed,2
36419,Rigid,2063474,2063478,2063487,4,9,13,completed,2
36420,Rigid,2063474,2063478,2063487,4,9,13,completed,2
36421,Rigid,2063474,2063478,2063487,4,9,13,completed,2
36422,Rigid,2063474,2063478,2063486,4,8,12,completed,2
36423,Rigid,2063474,2063478,2063487,4,9,13,completed,2
36424,Rigid,2063474,2063478,2063487,4,9,13,completed,2
36425,Rigid,2063474,2063478,2063487,4,9,13,completed,2
36426,Rigid,2063475,2063478,2063487,3,9,12,completed,2
36427,Rigid,2063475,2063478,2063487,3,9,12,completed,2
36428,Rigid,2063475,2063478,2063487,3,9,12,completed,2
36429,Rigid,2063475,2063478,2063487,3,9,12,completed,2
36430,Rigid,2063475,2063478,2063626,3,148,151,completed,2
36431,Rigid,2063475,2063478,2063629,3,151,154,completed,2
36432,Rigid,2063475,2063478,2063487,3,9,12,completed,2
36433,Rigid,2063475,2063478,2063487,3,9,12,completed,1
36434,Rigid,2063475,2063478,2063486,3,8,11,completed,1
36435,Rigid,2063476,2063478,2063487,2,9,11,completed,2
36436,Rigid,2063476,2063478,2063487,2,9,11,completed,2
36437,Rigid,2063476,2063478,2063487,2,9,11,completed,2
36438,Rigid,2063476,2063478,2063630,2,152,154,completed,2
36439,Rigid,2063476,2063478,2063487,2,9,11,completed,2
36440,Rigid,2063476,2063478,2063487,2,9,11,completed,1
36441,Rigid,2063476,2063478,2063486,2,8,10,completed,2
36442,Rigid,2063476,2063478,2063486,2,8,10,completed,2
36443,Rigid,2063476,2063478,2063487,2,9,11,completed,2
36444,Rigid,2063485,2063488,2063498,3,10,13,completed,2
36445,Rigid,2063486,2063488,2063496,2,8,10,completed,1
36446,Rigid,2063486,2063488,2063624,2,136,138,completed,2
36447,Rigid,2063487,2063488,2063625,1,137,138,completed,2
36448,Rigid,2063487,2063488,2063625,1,137,138,completed,2
36449,Rigid,2063487,2063488,2063497,1,9,10,completed,1
36450,Rigid,2063487,2063488,2063496,1,8,9,completed,1
36451,Rigid,2063487,2063488,2063498,1,10,11,completed,2
36452,Rigid,2063487,2063488,2063627,1,139,140,completed,2
36453,Rigid,2063487,2063488,2063496,1,8,9,completed,1
36454,Rigid,2063487,2063488,2063497,1,9,10,completed,2
36455,Rigid,2063487,2063488,2063498,1,10,11,completed,2
36456,Rigid,2063487,2063488,2063497,1,9,10,completed,2
36457,Rigid,2063488,2063488,2063498,0,10,10,completed,2
36458,Rigid,2063488,2063488,2063498,0,10,10,completed,2
36459,Rigid,2063488,2063488,2063624,0,136,136,completed,2
36460,Rigid,2063488,2063488,2063497,0,9,9,completed,2
36461,Rigid,2063488,2063488,2063496,0,8,8,completed,1
36462,Rigid,2063488,2063488,2063498,0,10,10,completed,2
36463,Rigid,2063488,2063488,2063498,0,10,10,completed,2
36464,Rigid,2063488,2063489,2063498,1,9,10,completed,2
36465,Rigid,2063489,2063489,2063498,0,9,9,completed,2
36466,Rigid,2063489,2063492,2063501,3,9,12,completed,2
36467,Rigid,2063489,2063492,2063624,3,132,135,completed,2
36468,Rigid,2063489,2063492,2063501,3,9,12,completed,1
36469,Rigid,2063489,2063492,2063501,3,9,12,completed,2
36470,Rigid,2063489,2063492,2063500,3,8,11,completed,1
36471,Rigid,2063489,2063492,2063501,3,9,12,completed,2
36472,Rigid,2063490,2063492,2063501,2,9,11,completed,2
36473,Rigid,2063490,2063492,2063624,2,132,134,completed,2
36474,Rigid,2063490,2063492,2063501,2,9,11,completed,2
36475,Rigid,2063490,2063492,2063501,2,9,11,completed,2
36476,Rigid,2063490,2063492,2063620,2,128,130,completed,2
36477,Rigid,2063490,2063492,2063500,2,8,10,completed,1
36478,Rigid,2063491,2063492,2063502,1,10,11,completed,2
36479,Rigid,2063491,2063492,2063500,1,8,9,completed,1
36480,Rigid,2063491,2063492,2063501,1,9,10,completed,2
36481,Rigid,2063491,2063492,2063619,1,127,128,completed,2
36482,Rigid,2063491,2063492,2063502,1,10,11,completed,2
36483,Rigid,2063491,2063492,2063501,1,9,10,completed,2
36484,Rigid,2063491,2063492,2063622,1,130,131,completed,2
36485,Rigid,2063492,2063492,2063500,0,8,8,completed,1
36486,Rigid,2063492,2063492,2063501,0,9,9,completed,2
36487,Rigid,2063492,2063492,2063502,0,10,10,completed,2
36488,Rigid,2063492,2063492,2063500,0,8,8,completed,1
36489,Rigid,2063492,2063492,2063501,0,9,9,completed,2
36490,Rigid,2063492,2063492,2063501,0,9,9,completed,2
36491,Rigid,2063492,2063492,2063502,0,10,10,completed,2
36492,Rigid,2063492,2063496,2063506,4,10,14,completed,2
36493,Rigid,2063492,2063496,2063506,4,10,14,completed,2
36494,Rigid,2063493,2063496,2063506,3,10,13,completed,2
36495,Rigid,2063493,2063496,2063621,3,125,128,completed,2
36496,Rigid,2063493,2063496,2063505,3,9,12,completed,2
36497,Rigid,2063493,2063496,2063620,3,124,127,completed,2
36498,Rigid,2063493,2063496,2063504,3,8,11,completed,1
36499,Rigid,2063493,2063496,2063504,3,8,11,completed,1
36500,Rigid,2063493,2063496,2063621,3,125,128,completed,2
36501,Rigid,2063494,2063496,2063505,2,9,11,completed,2
36502,Rigid,2063494,2063496,2063505,2,9,11,completed,2
36503,Rigid,2063494,2063496,2063506,2,10,12,completed,2
36504,Rigid,2063494,2063496,2063505,2,9,11,completed,2
36505,Rigid,2063494,2063496,2063506,2,10,12,completed,2
36506,Rigid,2063494,2063496,2063505,2,9,11,completed,2
36507,Rigid,2063494,2063496,2063621,2,125,127,completed,2
36508,Rigid,2063494,2063496,2063504,2,8,10,completed,1
36509,Rigid,2063494,2063496,2063505,2,9,11,completed,2
36510,Rigid,2063494,2063496,2063504,2,8,10,completed,1
36511,Rigid,2063495,2063496,2063619,1,123,124,completed,2
36512,Rigid,2063495,2063496,2063505,1,9,10,completed,2
36513,Rigid,2063495,2063496,2063619,1,123,124,completed,2
36514,Rigid,2063495,2063496,2063504,1,8,9,completed,1
36515,Rigid,2063495,2063496,2063506,1,10,11,completed,2
36516,Rigid,2063495,2063496,2063506,1,10,11,completed,2
36517,Rigid,2063495,2063496,2063507,1,11,12,completed,2
36518,Rigid,2063495,2063496,2063506,1,10,11,completed,2
36519,Rigid,2063495,2063496,2063506,1,10,11,completed,2
36520,Rigid,2063495,2063496,2063504,1,8,9,completed,1
36521,Rigid,2063496,2063496,2063507,0,11,11,completed,2
36522,Rigid,2063496,2063496,2063620,0,124,124,completed,2
36523,Rigid,2063496,2063496,2063506,0,10,10,completed,2
36524,Rigid,2063496,2063496,2063619,0,123,123,completed,2
36525,Rigid,2063496,2063496,2063504,0,8,8,completed,1
36526,Rigid,2063496,2063496,2063506,0,10,10,completed,2
36527,Rigid,2063496,2063496,2063506,0,10,10,completed,2
36528,Rigid,2063497,2063497,2063619,0,122,122,completed,2
36529,Rigid,2063497,2063497,2063506,0,9,9,completed,2
36530,Rigid,2063497,2063497,2063506,0,9,9,completed,2
36531,Rigid,2063497,2063497,2063506,0,9,9,completed,2
36532,Rigid,2063497,2063497,2063508,0,11,11,completed,2
36533,Rigid,2063506,2063506,2063514,0,8,8,completed,1
36534,Rigid,2063506,2063506,2063516,0,10,10,completed,2
36535,Rigid,2063506,2063506,2063518,0,12,12,completed,2
36536,Rigid,2063506,2063506,2063518,0,12,12,completed,2
36537,Rigid,2063507,2063507,2063518,0,11,11,completed,2
36538,Rigid,2063507,2063507,2063516,0,9,9,completed,2
36539,Rigid,2063507,2063508,2063516,1,8,9,completed,2
36540,Rigid,2063508,2063508,2063629,0,121,121,completed,2
36541,Rigid,2063508,2063508,2063514,0,6,6,completed,1
36542,Rigid,2063508,2063508,2063518,0,10,10,completed,2
36543,Rigid,2063508,2063508,2063516,0,8,8,completed,2
36544,Rigid,2063508,2063508,2063517,0,9,9,completed,2
36545,Rigid,2063508,2063509,2063629,1,120,121,completed,2
36546,Rigid,2063508,2063509,2063631,1,122,123,completed,2
36547,Rigid,2063508,2063509,2063516,1,7,8,completed,1
36548,Rigid,2063508,2063509,2063516,1,7,8,completed,1
36549,Rigid,2063508,2063509,2063518,1,9,10,completed,2
36550,Rigid,2063509,2063509,2063518,0,9,9,completed,2
36551,Rigid,2063509,2063509,2063632,0,123,123,completed,2
36552,Rigid,2063509,2063509,2063518,0,9,9,completed,2
36553,Rigid,2063509,2063510,2063518,1,8,9,completed,2
36554,Rigid,2063509,2063510,2063516,1,6,7,completed,1
36555,Rigid,2063509,2063510,2063518,1,8,9,completed,2
36556,Rigid,2063509,2063510,2063629,1,119,120,completed,2
36557,Rigid,2063509,2063510,2063516,1,6,7,completed,1
36558,Rigid,2063510,2063510,2063519,0,9,9,completed,2
36559,Rigid,2063510,2063514,2063522,4,8,12,completed,2
36560,Rigid,2063510,2063514,2063522,4,8,12,completed,2
36561,Rigid,2063510,2063514,2063522,4,8,12,completed,2
36562,Rigid,2063510,2063514,2063520,4,6,10,completed,1
36563,Rigid,2063510,2063514,2063629,4,115,119,completed,2
36564,Rigid,2063510,2063514,2063523,4,9,13,completed,2
36565,Rigid,2063511,2063514,2063520,3,6,9,completed,1
36566,Rigid,2063511,2063514,2063627,3,113,116,completed,2
36567,Rigid,2063511,2063514,2063522,3,8,11,completed,2
36568,Rigid,2063511,2063514,2063522,3,8,11,completed,2
36569,Rigid,2063511,2063514,2063626,3,112,115,completed,2
36570,Rigid,2063511,2063514,2063522,3,8,11,completed,2
36571,Rigid,2063511,2063514,2063521,3,7,10,completed,1
36572,Rigid,2063511,2063514,2063626,3,112,115,completed,2
36573,Rigid,2063511,2063514,2063520,3,6,9,completed,1
36574,Rigid,2063512,2063514,2063626,2,112,114,completed,2
36575,Rigid,2063512,2063514,2063520,2,6,8,completed,1
36576,Rigid,2063512,2063514,2063522,2,8,10,completed,2
36577,Rigid,2063512,2063514,2063522,2,8,10,completed,2
36578,Rigid,2063512,2063514,2063522,2,8,10,completed,2
36579,Rigid,2063512,2063514,2063627,2,113,115,completed,2
36580,Rigid,2063512,2063514,2063520,2,6,8,completed,1
36581,Rigid,2063512,2063514,2063520,2,6,8,completed,1
36582,Rigid,2063513,2063514,2063626,1,112,113,completed,2
36583,Rigid,2063513,2063514,2063522,1,8,9,completed,2
36584,Rigid,2063513,2063514,2063522,1,8,9,completed,2
36585,Rigid,2063513,2063514,2063522,1,8,9,completed,2
36586,Rigid,2063513,2063514,2063625,1,111,112,completed,2
36587,Rigid,2063514,2063514,2063519,0,5,5,completed,1
36588,Rigid,2063514,2063515,2063525,1,10,11,completed,2
36589,Rigid,2063514,2063515,2063524,1,9,10,completed,2
36590,Rigid,2063514,2063515,2063524,1,9,10,completed,2
36591,Rigid,2063514,2063515,2063522,1,7,8,completed,1
36592,Rigid,2063514,2063515,2063628,1,113,114,completed,2
36593,Rigid,2063514,2063515,2063521,1,6,7,completed,1
36594,Rigid,2063515,2063515,2063627,0,112,112,completed,2
36595,Rigid,2063515,2063515,2063525,0,10,10,completed,2
36596,Rigid,2063516,2063517,2063526,1,9,10,completed,2
36597,Rigid,2063516,2063517,2063526,1,9,10,completed,2
36598,Rigid,2063516,2063517,2063526,1,9,10,completed,2
36599,Rigid,2063516,2063517,2063630,1,113,114,completed,2
36600,Rigid,2063516,2063517,2063524,1,7,8,completed,1
36601,Rigid,2063516,2063517,2063526,1,9,10,completed,2
36602,Rigid,2063517,2063517,2063617,0,100,100,completed,2
36603,Rigid,2063527,2063527,2063533,0,6,6,completed,1
36604,Rigid,2063527,2063527,2063639,0,112,112,completed,2
36605,Rigid,2063527,2063527,2063532,0,5,5,completed,1
36606,Rigid,2063527,2063527,2063538,0,11,11,completed,2
36607,Rigid,2063527,2063527,2063644,0,117,117,completed,2
36608,Rigid,2063527,2063527,2063533,0,6,6,completed,1
36609,Rigid,2063527,2063528,2063538,1,10,11,completed,2
36610,Rigid,2063527,2063528,2063538,1,10,11,completed,2
36611,Rigid,2063527,2063528,2063642,1,114,115,completed,2
36612,Rigid,2063528,2063528,2063535,0,7,7,completed,1
36613,Rigid,2063528,2063528,2063535,0,7,7,completed,1
36614,Rigid,2063528,2063528,2063648,0,120,120,completed,2
36615,Rigid,2063528,2063528,2063538,0,10,10,completed,2
36616,Rigid,2063528,2063528,2063642,0,114,114,completed,2
36617,Rigid,2063528,2063528,2063535,0,7,7,completed,1
36618,Rigid,2063528,2063531,2063541,3,10,13,completed,2
36619,Rigid,2063529,2063531,2063542,2,11,13,completed,2
36620,Rigid,2063529,2063531,2063541,2,10,12,completed,2
36621,Rigid,2063529,2063531,2063644,2,113,115,completed,2
36622,Rigid,2063529,2063531,2063537,2,6,8,completed,1
36623,Rigid,2063529,2063531,2063541,2,10,12,completed,2
36624,Rigid,2063529,2063531,2063541,2,10,12,completed,2
36625,Rigid,2063530,2063531,2063541,1,10,11,completed,2
36626,Rigid,2063530,2063531,2063538,1,7,8,completed,1
36627,Rigid,2063530,2063531,2063641,1,110,111,completed,2
36628,Rigid,2063530,2063531,2063541,1,10,11,completed,2
36629,Rigid,2063530,2063531,2063640,1,109,110,completed,2
36630,Rigid,2063530,2063531,2063537,1,6,7,completed,1
36631,Rigid,2063531,2063531,2063541,0,10,10,completed,2
36632,Rigid,2063531,2063531,2063641,0,110,110,completed,2
36633,Rigid,2063531,2063531,2063538,0,7,7,completed,1
36634,Rigid,2063531,2063531,2063541,0,10,10,completed,2
36635,Rigid,2063531,2063534,2063638,3,104,107,completed,2
36636,Rigid,2063532,2063534,2063539,2,5,7,completed,1
36637,Rigid,2063532,2063534,2063545,2,11,13,completed,2
36638,Rigid,2063532,2063534,2063539,2,5,7,completed,1
36639,Rigid,2063532,2063534,2063545,2,11,13,completed,2
36640,Rigid,2063532,2063534,2063638,2,104,106,completed,2
36641,Rigid,2063532,2063534,2063539,2,5,7,completed,1
36642,Rigid,2063532,2063534,2063539,2,5,7,completed,1
36643,Rigid,2063532,2063534,2063639,2,105,107,completed,2
36644,Rigid,2063533,2063534,2063639,1,105,106,completed,2
36645,Rigid,2063533,2063534,2063545,1,11,12,completed,2
36646,Rigid,2063533,2063534,2063539,1,5,6,completed,1
36647,Rigid,2063533,2063534,2063638,1,104,105,completed,2
36648,Rigid,2063533,2063534,2063640,1,106,107,completed,2
36649,Rigid,2063533,2063534,2063545,1,11,12,completed,2
36650,Rigid,2063533,2063534,2063539,1,5,6,completed,1
36651,Rigid,2063534,2063534,2063544,0,10,10,completed,2
36652,Rigid,2063534,2063534,2063544,0,10,10,completed,2
36653,Rigid,2063534,2063534,2063544,0,10,10,completed,2
36654,Rigid,2063534,2063534,2063544,0,10,10,completed,2
36655,Rigid,2063537,2063539,2063550,2,11,13,completed,2
36656,Rigid,2063547,2063548,2063554,1,6,7,completed,1
36657,Rigid,2063547,2063548,2063658,1,110,111,completed,2
36658,Rigid,2063547,2063548,2063560,1,12,13,completed,2
36659,Rigid,2063547,2063548,2063554,1,6,7,completed,1
36660,Rigid,2063547,2063548,2063659,1,111,112,completed,2
36661,Rigid,2063547,2063548,2063659,1,111,112,completed,2
36662,Rigid,2063547,2063548,2063554,1,6,7,completed,1
36663,Rigid,2063548,2063548,2063560,0,12,12,completed,2
36664,Rigid,2063548,2063548,2063560,0,12,12,completed,2
36665,Rigid,2063548,2063549,2063663,1,114,115,completed,2
36666,Rigid,2063548,2063549,2063559,1,10,11,completed,2
36667,Rigid,2063548,2063549,2063560,1,11,12,completed,2
36668,Rigid,2063549,2063549,2063554,0,5,5,completed,1
36669,Rigid,2063549,2063549,2063560,0,11,11,completed,2
36670,Rigid,2063549,2063551,2063659,2,108,110,completed,2
36671,Rigid,2063549,2063551,2063557,2,6,8,completed,1
36672,Rigid,2063549,2063551,2063562,2,11,13,completed,2
36673,Rigid,2063549,2063551,2063660,2,109,111,completed,2
36674,Rigid,2063549,2063551,2063557,2,6,8,completed,1
36675,Rigid,2063549,2063551,2063557,2,6,8,completed,1
36676,Rigid,2063549,2063551,2063562,2,11,13,completed,2
36677,Rigid,2063550,2063551,2063659,1,108,109,completed,2
36678,Rigid,2063550,2063551,2063565,1,14,15,completed,2
36679,Rigid,2063550,2063551,2063661,1,110,111,completed,2
36680,Rigid,2063550,2063551,2063562,1,11,12,completed,2
36681,Rigid,2063550,2063551,2063562,1,11,12,completed,2
36682,Rigid,2063551,2063551,2063557,0,6,6,completed,1
36683,Rigid,2063551,2063551,2063562,0,11,11,completed,2
36684,Rigid,2063551,2063551,2063556,0,5,5,completed,1
36685,Rigid,2063551,2063552,2063657,1,105,106,completed,2
36686,Rigid,2063551,2063552,2063563,1,11,12,completed,2
36687,Rigid,2063551,2063552,2063563,1,11,12,completed,2
36688,Rigid,2063552,2063552,2063658,0,106,106,completed,2
36689,Rigid,2063552,2063552,2063658,0,106,106,completed,2
36690,Rigid,2063552,2063552,2063558,0,6,6,completed,1
36691,Rigid,2063552,2063552,2063558,0,6,6,completed,1
36692,Rigid,2063552,2063552,2063563,0,11,11,completed,2
36693,Rigid,2063555,2063556,2063561,1,5,6,completed,1
36694,Rigid,2063556,2063556,2063672,0,116,116,completed,2
36695,Rigid,2063557,2063558,2063570,1,12,13,completed,2
36696,Rigid,2063567,2063572,2063594,5,22,27,completed,2
36697,Rigid,2063567,2063572,2063672,5,100,105,completed,2
36698,Rigid,2063568,2063572,2063591,4,19,23,completed,2
36699,Rigid,2063568,2063572,2063579,4,7,11,completed,1
36700,Rigid,2063568,2063572,2063673,4,101,105,completed,2
36701,Rigid,2063568,2063572,2063579,4,7,11,completed,1
36702,Rigid,2063568,2063572,2063592,4,20,24,completed,2
36703,Rigid,2063568,2063572,2063592,4,20,24,completed,2
36704,Rigid,2063569,2063572,2063592,3,20,23,completed,2
36705,Rigid,2063569,2063572,2063579,3,7,10,completed,1
36706,Rigid,2063569,2063572,2063678,3,106,109,completed,2
36707,Rigid,2063569,2063572,2063579,3,7,10,completed,1
36708,Rigid,2063569,2063572,2063677,3,105,108,completed,2
36709,Rigid,2063569,2063572,2063591,3,19,22,completed,2
36710,Rigid,2063569,2063572,2063591,3,19,22,completed,2
36711,Rigid,2063570,2063572,2063591,2,19,21,completed,2
36712,Rigid,2063570,2063572,2063579,2,7,9,completed,1
36713,Rigid,2063570,2063572,2063670,2,98,100,completed,2
36714,Rigid,2063570,2063572,2063593,2,21,23,completed,2
36715,Rigid,2063570,2063572,2063593,2,21,23,completed,2
36716,Rigid,2063570,2063572,2063579,2,7,9,completed,1
36717,Rigid,2063571,2063572,2063670,1,98,99,completed,2
36718,Rigid,2063571,2063572,2063579,1,7,8,completed,1
36719,Rigid,2063571,2063572,2063669,1,97,98,completed,2
36720,Rigid,2063571,2063572,2063591,1,19,20,completed,2
36721,Rigid,2063571,2063572,2063591,1,19,20,completed,2
36722,Rigid,2063571,2063572,2063670,1,98,99,completed,2
36723,Rigid,2063577,2063580,2063585,3,5,8,completed,1
36724,Rigid,2063588,2063588,2063613,0,25,25,completed,2
36725,Rigid,2063588,2063588,2063594,0,6,6,completed,1
36726,Rigid,2063588,2063588,2063689,0,101,101,completed,2
36727,Rigid,2063589,2063592,2063614,3,22,25,completed,2
36728,Rigid,2063589,2063592,2063610,3,18,21,completed,2
36729,Rigid,2063590,2063592,2063597,2,5,7,completed,1
36730,Rigid,2063590,2063592,2063680,2,88,90,completed,2
36731,Rigid,2063597,2063597,2063603,0,6,6,completed,1
36732,Rigid,2063608,2063608,2063701,0,93,93,completed,2
36733,Rigid,2063608,2063608,2063615,0,7,7,completed,1
36734,Rigid,2063608,2063611,2063632,3,21,24,completed,2
36735,Rigid,2063609,2063611,2063704,2,93,95,completed,2
36736,Rigid,2063609,2063611,2063632,2,21,23,completed,2
36737,Rigid,2063609,2063611,2063631,2,20,22,completed,2
36738,Rigid,2063610,2063611,2063631,1,20,21,completed,2
36739,Rigid,2063610,2063611,2063616,1,5,6,completed,1
36740,Rigid,2063610,2063611,2063616,1,5,6,completed,1
36741,Rigid,2063610,2063611,2063693,1,82,83,completed,2
36742,Rigid,2063611,2063611,2063693,0,82,82,completed,2
36743,Rigid,2063611,2063611,2063629,0,18,18,completed,2
36744,Rigid,2063611,2063611,2063629,0,18,18,completed,2
36745,Rigid,2063611,2063611,2063692,0,81,81,completed,2
36746,Rigid,2063618,2063618,2063626,0,8,8,completed,1
36747,Rigid,2063619,2063620,2063633,1,13,14,completed,2
36748,Rigid,2063629,2063629,2063644,0,15,15,completed,2
36749,Rigid,2063629,2063629,2063644,0,15,15,completed,2
36750,Rigid,2063629,2063629,2063634,0,5,5,completed,1
36751,Rigid,2063630,2063630,2063708,0,78,78,completed,2
36752,Rigid,2063630,2063630,2063708,0,78,78,completed,2
36753,Rigid,2063631,2063631,2063635,0,4,4,completed,1
36754,Rigid,2063631,2063632,2063708,1,76,77,completed,2
36755,Rigid,2063631,2063632,2063644,1,12,13,completed,2
36756,Rigid,2063634,2063635,2063640,1,5,6,completed,1
36757,Rigid,2063634,2063635,2063649,1,14,15,completed,2
36758,Rigid,2063635,2063635,2063640,0,5,5,completed,1
36759,Rigid,2063635,2063635,2063710,0,75,75,completed,2
36760,Rigid,2063635,2063636,2063649,1,13,14,completed,2
36761,Rigid,2063635,2063636,2063649,1,13,14,completed,2
36762,Rigid,2063636,2063636,2063649,0,13,13,completed,2
36763,Rigid,2063636,2063636,2063708,0,72,72,completed,2
36764,Rigid,2063636,2063636,2063641,0,5,5,completed,1
36765,Rigid,2063636,2063638,2063649,2,11,13,completed,2
36766,Rigid,2063637,2063638,2063708,1,70,71,completed,2
36767,Rigid,2063637,2063638,2063642,1,4,5,completed,1
36768,Rigid,2063637,2063638,2063642,1,4,5,completed,1
36769,Rigid,2063637,2063638,2063711,1,73,74,completed,2
36770,Rigid,2063638,2063638,2063650,0,12,12,completed,2
36771,Rigid,2063638,2063639,2063650,1,11,12,completed,2
36772,Rigid,2063638,2063639,2063650,1,11,12,completed,2
36773,Rigid,2063638,2063639,2063713,1,74,75,completed,2
36774,Rigid,2063638,2063639,2063644,1,5,6,completed,1
36775,Rigid,2063639,2063639,2063713,0,74,74,completed,2
36776,Rigid,2063639,2063639,2063650,0,11,11,completed,2
36777,Rigid,2063639,2063639,2063653,0,14,14,completed,2
36778,Rigid,2063639,2063639,2063644,0,5,5,completed,1
36779,Rigid,2063640,2063640,2063708,0,68,68,completed,2
36780,Rigid,2063640,2063640,2063645,0,5,5,completed,1
36781,Rigid,2063640,2063640,2063651,0,11,11,completed,2
36782,Rigid,2063640,2063640,2063707,0,67,67,completed,2
36783,Rigid,2063640,2063640,2063707,0,67,67,completed,2
36784,Rigid,2063640,2063640,2063645,0,5,5,completed,1
36785,Rigid,2063641,2063641,2063644,0,3,3,completed,1
36786,Rigid,2063641,2063641,2063651,0,10,10,completed,2
36787,Rigid,2063641,2063641,2063645,0,4,4,completed,1
36788,Rigid,2063641,2063641,2063708,0,67,67,completed,2
36789,Rigid,2063641,2063642,2063655,1,13,14,completed,2
36790,Rigid,2063642,2063642,2063645,0,3,3,completed,1
36791,Rigid,2063642,2063642,2063707,0,65,65,completed,2
36792,Rigid,2063642,2063642,2063651,0,9,9,completed,2
36793,Rigid,2063642,2063643,2063654,1,11,12,completed,2
36794,Rigid,2063643,2063643,2063654,0,11,11,completed,2
36795,Rigid,2063644,2063645,2063711,1,66,67,completed,2
36796,Rigid,2063644,2063645,2063658,1,13,14,completed,2
36797,Rigid,2063644,2063645,2063650,1,5,6,completed,1
36798,Rigid,2063654,2063654,2063713,0,59,59,completed,2
36799,Rigid,2063654,2063654,2063660,0,6,6,completed,1
36800,Rigid,2063654,2063654,2063660,0,6,6,completed,1
36801,Rigid,2063654,2063654,2063713,0,59,59,completed,2
36802,Rigid,2063654,2063655,2063668,1,13,14,completed,2
36803,Rigid,2063655,2063655,2063668,0,13,13,completed,2
36804,Rigid,2063655,2063656,2063712,1,56,57,completed,2
36805,Rigid,2063655,2063656,2063660,1,4,5,completed,1
36806,Rigid,2063655,2063656,2063667,1,11,12,completed,2
36807,Rigid,2063655,2063656,2063667,1,11,12,completed,2
36808,Rigid,2063656,2063656,2063668,0,12,12,completed,2
36809,Rigid,2063656,2063656,2063658,0,2,2,completed,1
36810,Rigid,2063656,2063656,2063691,0,35,35,completed,2
36811,Rigid,2063656,2063658,2063667,2,9,11,completed,2
36812,Rigid,2063656,2063658,2063660,2,2,4,completed,1
36813,Rigid,2063656,2063658,2063694,2,36,38,completed,2
36814,Rigid,2063657,2063658,2063667,1,9,10,completed,2
36815,Rigid,2063657,2063658,2063667,1,9,10,completed,2
36816,Rigid,2063657,2063658,2063667,1,9,10,completed,2
36817,Rigid,2063657,2063658,2063660,1,2,3,completed,1
36818,Rigid,2063657,2063658,2063694,1,36,37,completed,2
36819,Rigid,2063657,2063658,2063694,1,36,37,completed,2
36820,Rigid,2063657,2063658,2063660,1,2,3,completed,1
36821,Rigid,2063658,2063658,2063667,0,9,9,completed,2
36822,Rigid,2063693,2063709,2074007,16,10298,10314,completed,36
36823,Rigid,2063731,2063949,2064277,218,328,546,completed,36
36824,Rigid,2064246,2064262,2072574,16,8312,8328,completed,36
36825,Rigid,2064384,2065970,2182394,1586,116424,118010,completed,360
36826,Rigid,2064557,2064558,2065968,1,1410,1411,completed,144
36827,Rigid,2064754,2064755,2064857,1,102,103,completed,36
36828,Rigid,2064873,2064873,2065076,0,203,203,completed,36
36829,Rigid,2065019,2065032,2065035,13,3,16,completed,4
36830,Rigid,2065022,2065032,2065050,10,18,28,completed,4
36831,Rigid,2065026,2065032,2065050,6,18,24,completed,4
36832,Rigid,2065027,2065032,2065034,5,2,7,completed,4
36833,Rigid,2065030,2065032,2065055,2,23,25,completed,4
36834,Rigid,2065034,2065062,2065085,28,23,51,completed,4
36835,Rigid,2065037,2065062,2065085,25,23,48,completed,4
36836,Rigid,2065039,2065062,2065085,23,23,46,completed,4
36837,Rigid,2065042,2065062,2065085,20,23,43,completed,4
36838,Rigid,2065047,2065062,2065085,15,23,38,completed,4
36839,Rigid,2065050,2065062,2065085,12,23,35,completed,4
36840,Rigid,2065055,2065062,2065085,7,23,30,completed,4
36841,Rigid,2065059,2065062,2065085,3,23,26,completed,4
36842,Rigid,2065062,2065062,2065086,0,24,24,completed,4
36843,Rigid,2065064,2065092,2065113,28,21,49,completed,4
36844,Rigid,2065068,2065092,2065107,24,15,39,completed,4
36845,Rigid,2065376,2065376,2066270,0,894,894,completed,10
36846,Rigid,2065520,2065521,2065672,1,151,152,completed,16
36847,Rigid,2065580,2065580,2065601,0,21,21,completed,72
36848,Rigid,2065854,2065854,2066490,0,636,636,completed,4
36849,Rigid,2066024,2066025,2066525,1,500,501,completed,4
36850,Rigid,2066061,2066061,2067382,0,1321,1321,completed,4
36851,Rigid,2066328,2066329,2068532,1,2203,2204,completed,10
36852,Rigid,2066495,2066496,2067382,1,886,887,completed,4
36853,Rigid,2066925,2068964,2069449,2039,485,2524,completed,144
36854,Rigid,2067400,2068964,2069023,1564,59,1623,completed,36
36855,Rigid,2067454,2067472,2067631,18,159,177,completed,4
36856,Rigid,2067457,2067472,2068369,15,897,912,completed,4
36857,Rigid,2067460,2067472,2068944,12,1472,1484,completed,4
36858,Rigid,2067464,2067472,2068305,8,833,841,completed,4
36859,Rigid,2067468,2067472,2070255,4,2783,2787,completed,4
36860,Rigid,2067625,2068964,2221147,1339,152183,153522,completed,72
36861,Rigid,2067645,2068964,2194664,1319,125700,127019,completed,72
36862,Rigid,2067667,2069450,2207616,1783,138166,139949,completed,72
36863,Rigid,2067700,2069450,2231376,1750,161926,163676,completed,72
36864,Rigid,2067951,2067953,2071077,2,3124,3126,completed,4
36865,Rigid,2067955,2067983,2069395,28,1412,1440,completed,4
36866,Rigid,2067957,2067983,2071052,26,3069,3095,completed,4
36867,Rigid,2067960,2067983,2069618,23,1635,1658,completed,4
36868,Rigid,2067964,2067983,2070994,19,3011,3030,completed,4
36869,Rigid,2068452,2068964,2101865,512,32901,33413,completed,36
36870,Rigid,2068466,2068964,2069597,498,633,1131,completed,36
36871,Rigid,2068858,2068886,2068934,28,48,76,completed,1
36872,Rigid,2068942,2068946,2112151,4,43205,43209,completed,1
36873,Rigid,2069045,2069045,2069405,0,360,360,completed,36
36874,Rigid,2069400,2069408,2112631,8,43223,43231,completed,36
36875,Rigid,2070239,2070239,2072720,0,2481,2481,completed,36
36876,Rigid,2070240,2070243,2072726,3,2483,2486,completed,36
36877,Rigid,2070301,2758908,3078258,688607,319350,1007957,completed,1
36878,Rigid,2070305,2071111,2073598,806,2487,3293,completed,36
36879,Rigid,2070307,2071382,2073857,1075,2475,3550,completed,36
36880,Rigid,2070309,2071412,2073891,1103,2479,3582,completed,36
36881,Rigid,2070310,2071862,2074572,1552,2710,4262,completed,36
36882,Rigid,2070312,2071862,2074781,1550,2919,4469,completed,36
36883,Rigid,2070314,2071862,2074562,1548,2700,4248,completed,36
36884,Rigid,2070315,2071862,2074552,1547,2690,4237,completed,36
36885,Rigid,2070344,2071610,2071924,1266,314,1580,completed,144
36886,Rigid,2070762,2758908,3078258,688146,319350,1007496,completed,1
36887,Rigid,2070811,2758908,2821748,688097,62840,750937,completed,1
36888,Rigid,2071006,2071021,2071105,15,84,99,completed,4
36889,Rigid,2071057,2071081,2071105,24,24,48,completed,4
36890,Rigid,2071239,2071262,2071312,23,50,73,completed,4
36891,Rigid,2071273,2758908,3078258,687635,319350,1006985,completed,1
36892,Rigid,2071475,2071925,2130299,450,58374,58824,completed,108
36893,Rigid,2071544,2071563,2071659,19,96,115,completed,4
36894,Rigid,2071608,2072351,2094590,743,22239,22982,completed,144
36895,Rigid,2071667,2071683,2071797,16,114,130,completed,4
36896,Rigid,2071722,2072978,2076202,1256,3224,4480,completed,72
36897,Rigid,2071722,2073203,2076857,1481,3654,5135,completed,72
36898,Rigid,2071722,2073203,2076773,1481,3570,5051,completed,72
36899,Rigid,2071722,2073203,2077972,1481,4769,6250,completed,72
36900,Rigid,2071722,2073203,2079188,1481,5985,7466,completed,72
36901,Rigid,2071722,2073203,2076718,1481,3515,4996,completed,72
36902,Rigid,2071722,2073599,2077659,1877,4060,5937,completed,72
36903,Rigid,2071722,2073892,2078216,2170,4324,6494,completed,72
36904,Rigid,2071723,2074607,2078865,2884,4258,7142,completed,72
36905,Rigid,2071723,2075374,2079309,3651,3935,7586,completed,72
36906,Rigid,2071842,2071864,2071900,22,36,58,completed,4
36907,Rigid,2071861,2072722,2083843,861,11121,11982,completed,144
36908,Rigid,2072101,2075374,2080951,3273,5577,8850,completed,72
36909,Rigid,2072101,2075595,2081172,3494,5577,9071,completed,72
36910,Rigid,2072101,2076804,2082691,4703,5887,10590,completed,72
36911,Rigid,2072101,2076865,2081441,4764,4576,9340,completed,72
36912,Rigid,2072101,2077678,2083698,5577,6020,11597,completed,72
36913,Rigid,2072101,2077979,2084019,5878,6040,11918,completed,72
36914,Rigid,2072101,2078220,2083564,6119,5344,11463,completed,72
36915,Rigid,2072101,2078882,2086676,6781,7794,14575,completed,72
36916,Rigid,2072101,2079063,2085468,6962,6405,13367,completed,72
36917,Rigid,2072101,2079213,2084943,7112,5730,12842,completed,72
36918,Rigid,2072350,2073203,2095459,853,22256,23109,completed,144
36919,Rigid,2072747,2079334,2085283,6587,5949,12536,completed,72
36920,Rigid,2072747,2081471,2084381,8724,2910,11634,completed,72
36921,Rigid,2072747,2081622,2084848,8875,3226,12101,completed,72
36922,Rigid,2072747,2102424,2105439,29677,3015,32692,completed,72
36923,Rigid,2072747,2105465,2108635,32718,3170,35888,completed,72
36924,Rigid,2072747,2108660,2112118,35913,3458,39371,completed,72
36925,Rigid,2072747,2112124,2115514,39377,3390,42767,completed,72
36926,Rigid,2072747,2112637,2116580,39890,3943,43833,completed,72
36927,Rigid,2072748,2112637,2116203,39889,3566,43455,completed,72
36928,Rigid,2072748,2112939,2116935,40191,3996,44187,completed,72
36929,Rigid,2072890,2072966,2130299,76,57333,57409,completed,108
36930,Rigid,2072925,2115202,2119235,42277,4033,46310,completed,72
36931,Rigid,2072925,2115533,2119604,42608,4071,46679,completed,72
36932,Rigid,2072925,2116225,2119567,43300,3342,46642,completed,72
36933,Rigid,2072925,2116586,2119887,43661,3301,46962,completed,72
36934,Rigid,2072925,2116946,2120099,44021,3153,47174,completed,72
36935,Rigid,2072925,2118148,2120975,45223,2827,48050,completed,72
36936,Rigid,2072925,2118149,2122808,45224,4659,49883,completed,72
36937,Rigid,2072925,2119261,2121976,46336,2715,49051,completed,72
36938,Rigid,2072926,2119351,2122563,46425,3212,49637,completed,72
36939,Rigid,2072926,2119351,2122425,46425,3074,49499,completed,72
36940,Rigid,2072964,2073203,2096689,239,23486,23725,completed,144
36941,Rigid,2073198,2073198,2076841,0,3643,3643,completed,10
36942,Rigid,2074308,2074564,2130299,256,55735,55991,completed,108
36943,Rigid,2074647,2758908,3078258,684261,319350,1003611,completed,1
36944,Rigid,2074720,2074720,2081312,0,6592,6592,completed,18
36945,Rigid,2074720,2074720,2081270,0,6550,6550,completed,18
36946,Rigid,2075877,2188303,2188411,112426,108,112534,completed,6912
36947,Rigid,2075896,2076203,2076561,307,358,665,completed,16
36948,Rigid,2076341,2076744,2130299,403,53555,53958,completed,108
36949,Rigid,2076799,2084874,2130265,8075,45391,53466,completed,108
36950,Rigid,2077183,2093604,2130265,16421,36661,53082,completed,108
36951,Rigid,2077936,2077949,2099616,13,21667,21680,completed,144
36952,Rigid,2079471,2080960,2093132,1489,12172,13661,completed,36
36953,Rigid,2080752,2080779,2080783,27,4,31,completed,4
36954,Rigid,2080752,2080779,2080783,27,4,31,completed,4
36955,Rigid,2080753,2080779,2080783,26,4,30,completed,4
36956,Rigid,2080753,2080779,2080783,26,4,30,completed,4
36957,Rigid,2080792,2080809,2082482,17,1673,1690,completed,4
36958,Rigid,2080792,2080809,2081828,17,1019,1036,completed,4
36959,Rigid,2080792,2080809,2088025,17,7216,7233,completed,4
36960,Rigid,2080793,2080809,2082523,16,1714,1730,completed,4
36961,Rigid,2080808,2080809,2083535,1,2726,2727,completed,4
36962,Rigid,2080808,2080809,2088025,1,7216,7217,completed,4
36963,Rigid,2080808,2080809,2082120,1,1311,1312,completed,4
36964,Rigid,2080808,2080809,2084005,1,3196,3197,completed,4
36965,Rigid,2080827,2080839,2084056,12,3217,3229,completed,4
36966,Rigid,2080828,2080839,2085005,11,4166,4177,completed,4
36967,Rigid,2080828,2080839,2084453,11,3614,3625,completed,4
36968,Rigid,2080828,2080839,2088055,11,7216,7227,completed,4
36969,Rigid,2080897,2080900,2084941,3,4041,4044,completed,4
36970,Rigid,2080897,2080900,2082426,3,1526,1529,completed,4
36971,Rigid,2080898,2080900,2082632,2,1732,1734,completed,4
36972,Rigid,2080898,2080900,2083877,2,2977,2979,completed,4
36973,Rigid,2080917,2080930,2086079,13,5149,5162,completed,4
36974,Rigid,2080917,2080930,2083286,13,2356,2369,completed,4
36975,Rigid,2080918,2080930,2088145,12,7215,7227,completed,4
36976,Rigid,2080918,2080960,2084034,42,3074,3116,completed,4
36977,Rigid,2080918,2080960,2082129,42,1169,1211,completed,4
36978,Rigid,2080918,2080960,2088175,42,7215,7257,completed,4
36979,Rigid,2080919,2080960,2088175,41,7215,7256,completed,4
36980,Rigid,2080919,2080960,2083495,41,2535,2576,completed,4
36981,Rigid,2080919,2080960,2082054,41,1094,1135,completed,4
36982,Rigid,2080920,2080960,2081896,40,936,976,completed,4
36983,Rigid,2080920,2080960,2088175,40,7215,7255,completed,4
36984,Rigid,2080920,2080960,2088175,40,7215,7255,completed,4
36985,Rigid,2080971,2080971,2081596,0,625,625,completed,10
36986,Rigid,2081611,2081612,2081625,1,13,14,completed,1
36987,Rigid,2081611,2081612,2081663,1,51,52,completed,1
36988,Rigid,2081611,2081612,2081615,1,3,4,completed,1
36989,Rigid,2081612,2081612,2081615,0,3,3,completed,1
36990,Rigid,2081612,2081616,2081626,4,10,14,completed,1
36991,Rigid,2081647,2081647,2082149,0,502,502,completed,10
36992,Rigid,2081791,2081792,2081911,1,119,120,completed,1
36993,Rigid,2081791,2081792,2081896,1,104,105,completed,1
36994,Rigid,2081791,2081792,2081910,1,118,119,completed,1
36995,Rigid,2081793,2081796,2081944,3,148,151,completed,1
36996,Rigid,2081793,2081796,2081896,3,100,103,completed,1
36997,Rigid,2081795,2081796,2081938,1,142,143,completed,1
36998,Rigid,2081796,2081796,2081882,0,86,86,completed,1
36999,Rigid,2081796,2081796,2081919,0,123,123,completed,1
37000,Rigid,2081796,2081800,2081943,4,143,147,completed,1
37001,Rigid,2081797,2081800,2081926,3,126,129,completed,1
37002,Rigid,2081797,2081800,2081903,3,103,106,completed,1
37003,Rigid,2081797,2081800,2081894,3,94,97,completed,1
37004,Rigid,2081798,2081800,2081879,2,79,81,completed,1
37005,Rigid,2081798,2081800,2081928,2,128,130,completed,1
37006,Rigid,2081799,2081800,2081921,1,121,122,completed,1
37007,Rigid,2081799,2081800,2081865,1,65,66,completed,1
37008,Rigid,2081799,2081800,2081942,1,142,143,completed,1
37009,Rigid,2081799,2081800,2081940,1,140,141,completed,1
37010,Rigid,2081800,2081803,2081951,3,148,151,completed,1
37011,Rigid,2081800,2081803,2081927,3,124,127,completed,1
37012,Rigid,2081800,2081803,2081938,3,135,138,completed,1
37013,Rigid,2081800,2081803,2081935,3,132,135,completed,1
37014,Rigid,2081801,2081803,2081903,2,100,102,completed,1
37015,Rigid,2081801,2081803,2081897,2,94,96,completed,1
37016,Rigid,2081802,2081803,2082680,1,877,878,completed,2
37017,Rigid,2081802,2081803,2081907,1,104,105,completed,1
37018,Rigid,2081802,2081803,2081806,1,3,4,completed,1
37019,Rigid,2081802,2081803,2081846,1,43,44,completed,1
37020,Rigid,2081802,2081803,2081846,1,43,44,completed,1
37021,Rigid,2081802,2081803,2081820,1,17,18,completed,1
37022,Rigid,2081802,2081803,2081871,1,68,69,completed,1
37023,Rigid,2081803,2081803,2081806,0,3,3,completed,1
37024,Rigid,2081803,2081803,2081805,0,2,2,completed,1
37025,Rigid,2081803,2081803,2081814,0,11,11,completed,1
37026,Rigid,2081803,2081804,2084676,1,2872,2873,completed,1
37027,Rigid,2081803,2081804,2081806,1,2,3,completed,1
37028,Rigid,2081803,2081804,2083341,1,1537,1538,completed,2
37029,Rigid,2081803,2081804,2081851,1,47,48,completed,1
37030,Rigid,2081804,2081804,2081852,0,48,48,completed,1
37031,Rigid,2081804,2081804,2083170,0,1366,1366,completed,2
37032,Rigid,2081804,2081806,2081810,2,4,6,completed,1
37033,Rigid,2081804,2081806,2081809,2,3,5,completed,1
37034,Rigid,2081804,2081806,2085216,2,3410,3412,completed,1
37035,Rigid,2081805,2081806,2081825,1,19,20,completed,1
37036,Rigid,2081805,2081806,2082776,1,970,971,completed,2
37037,Rigid,2081805,2081806,2081851,1,45,46,completed,1
37038,Rigid,2081805,2081806,2081839,1,33,34,completed,1
37039,Rigid,2081805,2081806,2081830,1,24,25,completed,1
37040,Rigid,2081805,2081806,2081809,1,3,4,completed,1
37041,Rigid,2081806,2081806,2081813,0,7,7,completed,1
37042,Rigid,2081806,2081806,2081849,0,43,43,completed,1
37043,Rigid,2081806,2081806,2081809,0,3,3,completed,1
37044,Rigid,2081806,2081806,2081829,0,23,23,completed,1
37045,Rigid,2081806,2081806,2081812,0,6,6,completed,1
37046,Rigid,2081806,2081806,2082639,0,833,833,completed,2
37047,Rigid,2081806,2081807,2081847,1,40,41,completed,1
37048,Rigid,2081806,2081807,2081809,1,2,3,completed,1
37049,Rigid,2081807,2081807,2083259,0,1452,1452,completed,2
37050,Rigid,2081808,2081808,2083121,0,1313,1313,completed,2
37051,Rigid,2081808,2081808,2081925,0,117,117,completed,1
37052,Rigid,2081808,2081808,2083245,0,1437,1437,completed,2
37053,Rigid,2081808,2081808,2081877,0,69,69,completed,1
37054,Rigid,2081808,2081808,2085390,0,3582,3582,completed,1
37055,Rigid,2081808,2081808,2084501,0,2693,2693,completed,1
37056,Rigid,2081808,2081810,2082698,2,888,890,completed,2
37057,Rigid,2081808,2081810,2081885,2,75,77,completed,1
37058,Rigid,2081808,2081810,2081842,2,32,34,completed,1
37059,Rigid,2081809,2081810,2082702,1,892,893,completed,2
37060,Rigid,2081809,2081810,2081890,1,80,81,completed,1
37061,Rigid,2081809,2081810,2081814,1,4,5,completed,1
37062,Rigid,2081809,2081810,2081875,1,65,66,completed,1
37063,Rigid,2081809,2081810,2083119,1,1309,1310,completed,2
37064,Rigid,2081809,2081810,2081873,1,63,64,completed,1
37065,Rigid,2081810,2081810,2081854,0,44,44,completed,1
37066,Rigid,2081810,2081810,2083121,0,1311,1311,completed,2
37067,Rigid,2081810,2081810,2083145,0,1335,1335,completed,2
37068,Rigid,2081810,2081810,2082780,0,970,970,completed,2
37069,Rigid,2081810,2081810,2081881,0,71,71,completed,1
37070,Rigid,2081810,2081810,2081862,0,52,52,completed,1
37071,Rigid,2081810,2081811,2081816,1,5,6,completed,1
37072,Rigid,2081810,2081811,2081812,1,1,2,completed,1
37073,Rigid,2081810,2081811,2084204,1,2393,2394,completed,1
37074,Rigid,2081811,2081811,2081848,0,37,37,completed,1
37075,Rigid,2081811,2081811,2081852,0,41,41,completed,1
37076,Rigid,2081811,2081811,2081843,0,32,32,completed,1
37077,Rigid,2081811,2081811,2081816,0,5,5,completed,1
37078,Rigid,2081811,2081811,2081818,0,7,7,completed,1
37079,Rigid,2081811,2081811,2081840,0,29,29,completed,1
37080,Rigid,2081811,2081812,2081813,1,1,2,completed,1
37081,Rigid,2081811,2081812,2083125,1,1313,1314,completed,2
37082,Rigid,2081812,2081812,2082742,0,930,930,completed,2
37083,Rigid,2081812,2081812,2084132,0,2320,2320,completed,1
37084,Rigid,2081812,2081812,2081847,0,35,35,completed,1
37085,Rigid,2081812,2081812,2082779,0,967,967,completed,2
37086,Rigid,2081812,2081813,2081825,1,12,13,completed,1
37087,Rigid,2081812,2081813,2081815,1,2,3,completed,1
37088,Rigid,2081812,2081813,2081815,1,2,3,completed,1
37089,Rigid,2081812,2081813,2081827,1,14,15,completed,1
37090,Rigid,2081813,2081813,2081815,0,2,2,completed,1
37091,Rigid,2081813,2081813,2083088,0,1275,1275,completed,2
37092,Rigid,2081813,2081813,2082488,0,675,675,completed,2
37093,Rigid,2081813,2081814,2082492,1,678,679,completed,2
37094,Rigid,2081814,2081815,2082524,1,709,710,completed,2
37095,Rigid,2081814,2081815,2082523,1,708,709,completed,2
37096,Rigid,2081817,2081818,2082528,1,710,711,completed,2
37097,Rigid,2081817,2081818,2082501,1,683,684,completed,2
37098,Rigid,2081817,2081818,2083910,1,2092,2093,completed,1
37099,Rigid,2081818,2081820,2083076,2,1256,1258,completed,2
37100,Rigid,2081818,2081820,2082464,2,644,646,completed,2
37101,Rigid,2081818,2081820,2082525,2,705,707,completed,2
37102,Rigid,2081818,2081820,2083018,2,1198,1200,completed,2
37103,Rigid,2081819,2081820,2083802,1,1982,1983,completed,1
37104,Rigid,2081820,2081820,2083076,0,1256,1256,completed,2
37105,Rigid,2081821,2081822,2083827,1,2005,2006,completed,1
37106,Rigid,2081821,2081822,2082481,1,659,660,completed,2
37107,Rigid,2081822,2081822,2083935,0,2113,2113,completed,1
37108,Rigid,2081822,2081824,2082986,2,1162,1164,completed,2
37109,Rigid,2081822,2081824,2082517,2,693,695,completed,2
37110,Rigid,2081823,2081824,2083883,1,2059,2060,completed,1
37111,Rigid,2081823,2081824,2082981,1,1157,1158,completed,2
37112,Rigid,2081823,2081824,2082499,1,675,676,completed,2
37113,Rigid,2081836,2081836,2082523,0,687,687,completed,2
37114,Rigid,2081839,2081840,2083014,1,1174,1175,completed,2
37115,Rigid,2081839,2081840,2083773,1,1933,1934,completed,1
37116,Rigid,2081839,2081840,2082407,1,567,568,completed,2
37117,Rigid,2081842,2081843,2082479,1,636,637,completed,2
37118,Rigid,2081843,2081843,2082459,0,616,616,completed,2
37119,Rigid,2081843,2081843,2082479,0,636,636,completed,2
37120,Rigid,2081855,2081856,2082508,1,652,653,completed,2
37121,Rigid,2081856,2081856,2083070,0,1214,1214,completed,2
37122,Rigid,2081858,2081861,2083520,3,1659,1662,completed,1
37123,Rigid,2081859,2081861,2082407,2,546,548,completed,2
37124,Rigid,2081859,2081861,2082417,2,556,558,completed,2
37125,Rigid,2081860,2081861,2082421,1,560,561,completed,2
37126,Rigid,2081860,2081861,2083071,1,1210,1211,completed,2
37127,Rigid,2081860,2081861,2083493,1,1632,1633,completed,1
37128,Rigid,2081861,2081863,2082500,2,637,639,completed,2
37129,Rigid,2081862,2081863,2083100,1,1237,1238,completed,2
37130,Rigid,2081862,2081863,2083714,1,1851,1852,completed,1
37131,Rigid,2081862,2081863,2082504,1,641,642,completed,2
37132,Rigid,2081862,2081863,2083071,1,1208,1209,completed,2
37133,Rigid,2081862,2081863,2083713,1,1850,1851,completed,1
37134,Rigid,2081877,2081878,2082576,1,698,699,completed,2
37135,Rigid,2081879,2081879,2083778,0,1899,1899,completed,1
37136,Rigid,2081881,2081881,2083092,0,1211,1211,completed,2
37137,Rigid,2081882,2081882,2082482,0,600,600,completed,2
37138,Rigid,2081882,2081882,2083729,0,1847,1847,completed,1
37139,Rigid,2081882,2081884,2083113,2,1229,1231,completed,2
37140,Rigid,2081882,2081884,2082490,2,606,608,completed,2
37141,Rigid,2081898,2081898,2082485,0,587,587,completed,2
37142,Rigid,2081899,2081902,2083082,3,1180,1183,completed,2
37143,Rigid,2081899,2081902,2083702,3,1800,1803,completed,1
37144,Rigid,2081899,2081902,2082498,3,596,599,completed,2
37145,Rigid,2081899,2081902,2083654,3,1752,1755,completed,1
37146,Rigid,2081900,2081902,2083067,2,1165,1167,completed,2
37147,Rigid,2081902,2081902,2082493,0,591,591,completed,2
37148,Rigid,2081902,2081902,2082427,0,525,525,completed,2
37149,Rigid,2081919,2081919,2082465,0,546,546,completed,2
37150,Rigid,2081919,2081920,2082471,1,551,552,completed,2
37151,Rigid,2081919,2081920,2083563,1,1643,1644,completed,1
37152,Rigid,2081920,2081920,2083167,0,1247,1247,completed,2
37153,Rigid,2081920,2081920,2082428,0,508,508,completed,2
37154,Rigid,2081920,2081923,2083153,3,1230,1233,completed,2
37155,Rigid,2081940,2081940,2083553,0,1613,1613,completed,1
37156,Rigid,2081940,2081940,2082203,0,263,263,completed,2
37157,Rigid,2081940,2081941,2082894,1,953,954,completed,2
37158,Rigid,2081941,2081941,2082752,0,811,811,completed,1
37159,Rigid,2081941,2081941,2082892,0,951,951,completed,2
37160,Rigid,2081941,2081941,2082733,0,792,792,completed,1
37161,Rigid,2081941,2081941,2082205,0,264,264,completed,2
37162,Rigid,2081941,2081944,2082205,3,261,264,completed,2
37163,Rigid,2081942,2081944,2082203,2,259,261,completed,2
37164,Rigid,2081960,2081960,2082208,0,248,248,completed,2
37165,Rigid,2081961,2081964,2082213,3,249,252,completed,2
37166,Rigid,2081961,2081964,2082669,3,705,708,completed,1
37167,Rigid,2081961,2081964,2082892,3,928,931,completed,2
37168,Rigid,2082191,2082192,2083036,1,844,845,completed,10
37169,Rigid,2082214,2082215,2082459,1,244,245,completed,2
37170,Rigid,2082215,2082215,2082457,0,242,242,completed,2
37171,Rigid,2082215,2082219,2083358,4,1139,1143,completed,2
37172,Rigid,2082215,2082219,2082917,4,698,702,completed,1
37173,Rigid,2082216,2082219,2082297,3,78,81,completed,2
37174,Rigid,2082216,2082219,2083048,3,829,832,completed,2
37175,Rigid,2082314,2082315,2082508,1,193,194,completed,1
37176,Rigid,2082418,2082418,2082492,0,74,74,completed,2
37177,Rigid,2082418,2082418,2082492,0,74,74,completed,2
37178,Rigid,2082420,2082422,2082611,2,189,191,completed,1
37179,Rigid,2082437,2082437,2083259,0,822,822,completed,2
37180,Rigid,2082437,2082437,2082510,0,73,73,completed,2
37181,Rigid,2082439,2082441,2082506,2,65,67,completed,2
37182,Rigid,2082464,2082465,2082635,1,170,171,completed,1
37183,Rigid,2082475,2082476,2083319,1,843,844,completed,2
37184,Rigid,2082475,2082476,2082542,1,66,67,completed,2
37185,Rigid,2082476,2082480,2082544,4,64,68,completed,2
37186,Rigid,2082477,2082480,2082643,3,163,166,completed,1
37187,Rigid,2082480,2082481,2083310,1,829,830,completed,2
37188,Rigid,2082481,2082482,2082546,1,64,65,completed,2
37189,Rigid,2082484,2082487,2082510,3,23,26,completed,2
37190,Rigid,2082495,2082496,2082539,1,43,44,completed,1
37191,Rigid,2082496,2082499,2083530,3,1031,1034,completed,2
37192,Rigid,2082497,2082499,2082522,2,23,25,completed,2
37193,Rigid,2082498,2082499,2082522,1,23,24,completed,2
37194,Rigid,2082498,2082499,2083511,1,1012,1013,completed,2
37195,Rigid,2082498,2082499,2082540,1,41,42,completed,1
37196,Rigid,2082500,2082501,2082523,1,22,23,completed,2
37197,Rigid,2082500,2082501,2082518,1,17,18,completed,2
37198,Rigid,2082501,2082501,2082523,0,22,22,completed,1
37199,Rigid,2082504,2082505,2083118,1,613,614,completed,2
37200,Rigid,2082516,2082517,2082540,1,23,24,completed,1
37201,Rigid,2082516,2082517,2082534,1,17,18,completed,2
37202,Rigid,2082517,2082517,2083119,0,602,602,completed,2
37203,Rigid,2082518,2082519,2082534,1,15,16,completed,2
37204,Rigid,2082519,2082520,2082535,1,15,16,completed,2
37205,Rigid,2082519,2082520,2082531,1,11,12,completed,2
37206,Rigid,2082520,2082521,2082873,1,352,353,completed,2
37207,Rigid,2082521,2082522,2082533,1,11,12,completed,1
37208,Rigid,2082522,2082524,2082538,2,14,16,completed,2
37209,Rigid,2082524,2082525,2082535,1,10,11,completed,1
37210,Rigid,2082535,2082536,2082820,1,284,285,completed,2
37211,Rigid,2082535,2082536,2082550,1,14,15,completed,2
37212,Rigid,2082535,2082536,2082543,1,7,8,completed,1
37213,Rigid,2082536,2082536,2082738,0,202,202,completed,2
37214,Rigid,2082536,2082536,2082550,0,14,14,completed,2
37215,Rigid,2082536,2082539,2082552,3,13,16,completed,2
37216,Rigid,2082536,2082539,2082547,3,8,11,completed,1
37217,Rigid,2082536,2082539,2082737,3,198,201,completed,2
37218,Rigid,2082536,2082539,2082552,3,13,16,completed,2
37219,Rigid,2082536,2082539,2082552,3,13,16,completed,2
37220,Rigid,2082540,2082541,2082551,1,10,11,completed,2
37221,Rigid,2082776,2091679,2181518,8903,89839,98742,completed,36
37222,Rigid,2082850,2100583,2181514,17733,80931,98664,completed,36
37223,Rigid,2083073,2083074,2117408,1,34334,34335,completed,10
37224,Rigid,2083843,2083852,2108813,9,24961,24970,completed,144
37225,Rigid,2083843,2083852,2094961,9,11109,11118,completed,144
37226,Rigid,2088616,2091370,2091764,2754,394,3148,completed,144
37227,Rigid,2093979,2093995,2095000,16,1005,1021,completed,36
37228,Rigid,2094590,2094596,2117773,6,23177,23183,completed,144
37229,Rigid,2095045,2095047,2096188,2,1141,1143,completed,36
37230,Rigid,2095459,2095468,2118105,9,22637,22646,completed,144
37231,Rigid,2096468,2096490,2096514,22,24,46,completed,36
37232,Rigid,2096597,2096611,2096637,14,26,40,completed,36
37233,Rigid,2096689,2096701,2120026,12,23325,23337,completed,144
37234,Rigid,2096820,2096821,2112929,1,16108,16109,completed,36
37235,Rigid,2097599,2097603,2097696,4,93,97,completed,36
37236,Rigid,2098003,2098024,2098052,21,28,49,completed,36
37237,Rigid,2099616,2099619,2140778,3,41159,41162,completed,144
37238,Rigid,2101260,2101279,2101325,19,46,65,completed,36
37239,Rigid,2101433,2101460,2101495,27,35,62,completed,36
37240,Rigid,2101674,2101701,2101737,27,36,63,completed,36
37241,Rigid,2101789,2101791,2101893,2,102,104,completed,36
37242,Rigid,2102536,2102544,2102583,8,39,47,completed,36
37243,Rigid,2103186,2103207,2103313,21,106,127,completed,36
37244,Rigid,2103720,2103749,2103751,29,2,31,completed,36
37245,Rigid,2103774,2103779,2104032,5,253,258,completed,36
37246,Rigid,2104427,2104441,2104555,14,114,128,completed,36
37247,Rigid,2104577,2104592,2104978,15,386,401,completed,36
37248,Rigid,2117460,2117460,2123055,0,5595,5595,completed,10
37249,Rigid,2117773,2117788,2139946,15,22158,22173,completed,144
37250,Rigid,2118105,2118118,2140451,13,22333,22346,completed,144
37251,Rigid,2120026,2120042,2143431,16,23389,23405,completed,144
37252,Rigid,2123099,2123100,2125530,1,2430,2431,completed,10
37253,Rigid,2123336,2123337,2123818,1,481,482,completed,16
37254,Rigid,2123336,2123337,2123505,1,168,169,completed,1
37255,Rigid,2123338,2123341,2123691,3,350,353,completed,6
37256,Rigid,2123339,2123341,2123463,2,122,124,completed,8
37257,Rigid,2123472,2123472,2123489,0,17,17,completed,1
37258,Rigid,2123472,2123472,2123622,0,150,150,completed,1
37259,Rigid,2123492,2123492,2127408,0,3916,3916,completed,6
37260,Rigid,2123492,2123492,2127408,0,3916,3916,completed,6
37261,Rigid,2123492,2123492,2126020,0,2528,2528,completed,6
37262,Rigid,2123492,2123492,2126020,0,2528,2528,completed,6
37263,Rigid,2123492,2123492,2126020,0,2528,2528,completed,6
37264,Rigid,2123492,2123492,2126020,0,2528,2528,completed,6
37265,Rigid,2123492,2123493,2126020,1,2527,2528,completed,6
37266,Rigid,2123492,2123493,2126020,1,2527,2528,completed,6
37267,Rigid,2123494,2123497,2127408,3,3911,3914,completed,6
37268,Rigid,2123494,2123497,2126020,3,2523,2526,completed,6
37269,Rigid,2123494,2123497,2127408,3,3911,3914,completed,6
37270,Rigid,2123495,2123497,2126020,2,2523,2525,completed,6
37271,Rigid,2123495,2123497,2127408,2,3911,3913,completed,6
37272,Rigid,2123495,2123497,2127408,2,3911,3913,completed,6
37273,Rigid,2123495,2123497,2126020,2,2523,2525,completed,6
37274,Rigid,2123495,2123497,2127408,2,3911,3913,completed,6
37275,Rigid,2123495,2123497,2126020,2,2523,2525,completed,6
37276,Rigid,2123495,2123497,2127408,2,3911,3913,completed,6
37277,Rigid,2123496,2123497,2126020,1,2523,2524,completed,6
37278,Rigid,2123496,2123497,2127408,1,3911,3912,completed,6
37279,Rigid,2123496,2123497,2126020,1,2523,2524,completed,6
37280,Rigid,2123496,2123497,2126020,1,2523,2524,completed,6
37281,Rigid,2123496,2123497,2127408,1,3911,3912,completed,6
37282,Rigid,2123496,2123497,2126020,1,2523,2524,completed,6
37283,Rigid,2123496,2123497,2127408,1,3911,3912,completed,6
37284,Rigid,2123497,2123497,2127408,0,3911,3911,completed,6
37285,Rigid,2123497,2123497,2127408,0,3911,3911,completed,6
37286,Rigid,2123497,2123497,2126020,0,2523,2523,completed,6
37287,Rigid,2123497,2123497,2127408,0,3911,3911,completed,6
37288,Rigid,2123497,2123497,2126020,0,2523,2523,completed,6
37289,Rigid,2123497,2123497,2126020,0,2523,2523,completed,6
37290,Rigid,2123497,2123497,2126020,0,2523,2523,completed,6
37291,Rigid,2123497,2123497,2127408,0,3911,3911,completed,6
37292,Rigid,2123497,2123497,2133261,0,9764,9764,completed,6
37293,Rigid,2123497,2123498,2126020,1,2522,2523,completed,6
37294,Rigid,2123497,2123498,2126020,1,2522,2523,completed,6
37295,Rigid,2123498,2123498,2126020,0,2522,2522,completed,6
37296,Rigid,2123498,2123498,2126020,0,2522,2522,completed,6
37297,Rigid,2123498,2123498,2126034,0,2536,2536,completed,6
37298,Rigid,2123498,2123498,2126034,0,2536,2536,completed,6
37299,Rigid,2123498,2123498,2126035,0,2537,2537,completed,6
37300,Rigid,2123498,2123501,2127411,3,3910,3913,completed,6
37301,Rigid,2123498,2123501,2126034,3,2533,2536,completed,6
37302,Rigid,2123498,2123501,2126034,3,2533,2536,completed,6
37303,Rigid,2123498,2123501,2126025,3,2524,2527,completed,6
37304,Rigid,2123498,2123501,2126025,3,2524,2527,completed,6
37305,Rigid,2123499,2123501,2127778,2,4277,4279,completed,6
37306,Rigid,2123499,2123501,2126026,2,2525,2527,completed,6
37307,Rigid,2123499,2123501,2126025,2,2524,2526,completed,6
37308,Rigid,2123499,2123501,2126025,2,2524,2526,completed,6
37309,Rigid,2123499,2123501,2126026,2,2525,2527,completed,6
37310,Rigid,2123499,2123501,2127410,2,3909,3911,completed,6
37311,Rigid,2123499,2123501,2126024,2,2523,2525,completed,6
37312,Rigid,2123499,2123501,2126024,2,2523,2525,completed,6
37313,Rigid,2123499,2123501,2126024,2,2523,2525,completed,6
37314,Rigid,2123499,2123501,2126024,2,2523,2525,completed,6
37315,Rigid,2123499,2123501,2126022,2,2521,2523,completed,6
37316,Rigid,2123499,2123501,2126022,2,2521,2523,completed,6
37317,Rigid,2123499,2123501,2126022,2,2521,2523,completed,6
37318,Rigid,2123499,2123501,2126022,2,2521,2523,completed,6
37319,Rigid,2123499,2123501,2126022,2,2521,2523,completed,6
37320,Rigid,2123499,2123501,2126022,2,2521,2523,completed,6
37321,Rigid,2123499,2123501,2127408,2,3907,3909,completed,6
37322,Rigid,2123499,2123501,2127408,2,3907,3909,completed,6
37323,Rigid,2123499,2123501,2126020,2,2519,2521,completed,6
37324,Rigid,2123500,2123501,2126020,1,2519,2520,completed,6
37325,Rigid,2123500,2123501,2126020,1,2519,2520,completed,6
37326,Rigid,2123500,2123501,2126020,1,2519,2520,completed,6
37327,Rigid,2123500,2123501,2126026,1,2525,2526,completed,6
37328,Rigid,2123500,2123501,2126026,1,2525,2526,completed,6
37329,Rigid,2123500,2123501,2127410,1,3909,3910,completed,6
37330,Rigid,2123500,2123501,2126026,1,2525,2526,completed,6
37331,Rigid,2123500,2123501,2126026,1,2525,2526,completed,6
37332,Rigid,2123500,2123501,2126026,1,2525,2526,completed,6
37333,Rigid,2123500,2123501,2126021,1,2520,2521,completed,6
37334,Rigid,2123500,2123501,2126021,1,2520,2521,completed,6
37335,Rigid,2123500,2123501,2126021,1,2520,2521,completed,6
37336,Rigid,2123500,2123501,2126022,1,2521,2522,completed,6
37337,Rigid,2123500,2123501,2126021,1,2520,2521,completed,6
37338,Rigid,2123500,2123501,2126021,1,2520,2521,completed,6
37339,Rigid,2123500,2123501,2126020,1,2519,2520,completed,6
37340,Rigid,2123500,2123501,2127408,1,3907,3908,completed,6
37341,Rigid,2123500,2123501,2127408,1,3907,3908,completed,6
37342,Rigid,2123500,2123501,2126020,1,2519,2520,completed,6
37343,Rigid,2123501,2123501,2126020,0,2519,2519,completed,6
37344,Rigid,2123501,2123501,2126020,0,2519,2519,completed,6
37345,Rigid,2123501,2123501,2126031,0,2530,2530,completed,6
37346,Rigid,2123501,2123501,2127410,0,3909,3909,completed,6
37347,Rigid,2123501,2123501,2126029,0,2528,2528,completed,6
37348,Rigid,2123501,2123501,2126029,0,2528,2528,completed,6
37349,Rigid,2123501,2123501,2126029,0,2528,2528,completed,6
37350,Rigid,2123501,2123501,2126029,0,2528,2528,completed,6
37351,Rigid,2123501,2123501,2127408,0,3907,3907,completed,6
37352,Rigid,2123501,2123501,2126022,0,2521,2521,completed,6
37353,Rigid,2123501,2123501,2126022,0,2521,2521,completed,6
37354,Rigid,2123501,2123501,2127408,0,3907,3907,completed,6
37355,Rigid,2123501,2123501,2127408,0,3907,3907,completed,6
37356,Rigid,2123501,2123501,2126020,0,2519,2519,completed,6
37357,Rigid,2123501,2123505,2126020,4,2515,2519,completed,6
37358,Rigid,2123501,2123505,2126020,4,2515,2519,completed,6
37359,Rigid,2123543,2123544,2123820,1,276,277,completed,16
37360,Rigid,2123544,2123544,2123647,0,103,103,completed,1
37361,Rigid,2123544,2123544,2123761,0,217,217,completed,6
37362,Rigid,2123544,2123544,2123624,0,80,80,completed,8
37363,Rigid,2123612,2123612,2123668,0,56,56,completed,1
37364,Rigid,2123612,2123613,2123777,1,164,165,completed,6
37365,Rigid,2123644,2123644,2123669,0,25,25,completed,1
37366,Rigid,2123644,2123648,2123770,4,122,126,completed,1
37367,Rigid,2123678,2123678,2123722,0,44,44,completed,1
37368,Rigid,2123678,2123678,2123783,0,105,105,completed,6
37369,Rigid,2123687,2123688,2127408,1,3720,3721,completed,6
37370,Rigid,2123687,2123688,2126020,1,2332,2333,completed,6
37371,Rigid,2123687,2123688,2126020,1,2332,2333,completed,6
37372,Rigid,2123688,2123688,2126020,0,2332,2332,completed,6
37373,Rigid,2123688,2123688,2126020,0,2332,2332,completed,6
37374,Rigid,2123688,2123688,2127408,0,3720,3720,completed,6
37375,Rigid,2123688,2123688,2127408,0,3720,3720,completed,6
37376,Rigid,2123688,2123692,2126023,4,2331,2335,completed,6
37377,Rigid,2123688,2123692,2127408,4,3716,3720,completed,6
37378,Rigid,2123688,2123692,2126020,4,2328,2332,completed,6
37379,Rigid,2123689,2123692,2126020,3,2328,2331,completed,6
37380,Rigid,2123710,2123711,2126020,1,2309,2310,completed,6
37381,Rigid,2123739,2123739,2127408,0,3669,3669,completed,6
37382,Rigid,2123771,2123771,2127408,0,3637,3637,completed,6
37383,Rigid,2123772,2123775,2126020,3,2245,2248,completed,6
37384,Rigid,2123793,2123793,2127408,0,3615,3615,completed,6
37385,Rigid,2123803,2123803,2126027,0,2224,2224,completed,6
37386,Rigid,2123834,2123834,2127780,0,3946,3946,completed,6
37387,Rigid,2123837,2123838,2127780,1,3942,3943,completed,6
37388,Rigid,2124895,2124895,2124899,0,4,4,completed,16
37389,Rigid,2125251,2125251,2125256,0,5,5,completed,16
37390,Rigid,2125281,2125282,2125599,1,317,318,completed,1
37391,Rigid,2125305,2125305,2125307,0,2,2,completed,16
37392,Rigid,2125349,2125349,2125352,0,3,3,completed,16
37393,Rigid,2125361,2125361,2125366,0,5,5,completed,16
37394,Rigid,2125566,2125567,2126809,1,1242,1243,completed,10
37395,Rigid,2125610,2125610,2125697,0,87,87,completed,1
37396,Rigid,2125715,2125718,2130128,3,4410,4413,completed,6
37397,Rigid,2126021,2126021,2126034,0,13,13,completed,8
37398,Rigid,2126021,2126021,2129650,0,3629,3629,completed,6
37399,Rigid,2126021,2126021,2128813,0,2792,2792,completed,6
37400,Rigid,2126021,2126021,2129681,0,3660,3660,completed,6
37401,Rigid,2126023,2126023,2128563,0,2540,2540,completed,6
37402,Rigid,2126023,2126023,2129650,0,3627,3627,completed,6
37403,Rigid,2126023,2126023,2129650,0,3627,3627,completed,6
37404,Rigid,2126023,2126023,2128828,0,2805,2805,completed,6
37405,Rigid,2126023,2126024,2126227,1,203,204,completed,8
37406,Rigid,2126024,2126024,2126931,0,907,907,completed,16
37407,Rigid,2126024,2126024,2128814,0,2790,2790,completed,6
37408,Rigid,2126024,2126024,2128827,0,2803,2803,completed,6
37409,Rigid,2126024,2126024,2129650,0,3626,3626,completed,6
37410,Rigid,2126024,2126024,2128814,0,2790,2790,completed,6
37411,Rigid,2126025,2126025,2129650,0,3625,3625,completed,6
37412,Rigid,2126025,2126025,2126276,0,251,251,completed,6
37413,Rigid,2126025,2126025,2126704,0,679,679,completed,6
37414,Rigid,2126025,2126025,2128563,0,2538,2538,completed,6
37415,Rigid,2126025,2126026,2128563,1,2537,2538,completed,6
37416,Rigid,2126025,2126026,2128563,1,2537,2538,completed,6
37417,Rigid,2126025,2126026,2128563,1,2537,2538,completed,6
37418,Rigid,2126035,2126035,2126040,0,5,5,completed,1
37419,Rigid,2126036,2126036,2126158,0,122,122,completed,1
37420,Rigid,2126037,2126039,2128563,2,2524,2526,completed,6
37421,Rigid,2126037,2126039,2129650,2,3611,3613,completed,6
37422,Rigid,2126037,2126039,2128563,2,2524,2526,completed,6
37423,Rigid,2126038,2126039,2128563,1,2524,2525,completed,6
37424,Rigid,2126038,2126039,2129650,1,3611,3612,completed,6
37425,Rigid,2126038,2126039,2128563,1,2524,2525,completed,6
37426,Rigid,2126038,2126039,2132065,1,6026,6027,completed,6
37427,Rigid,2126038,2126039,2129033,1,2994,2995,completed,6
37428,Rigid,2126039,2126039,2129681,0,3642,3642,completed,6
37429,Rigid,2126039,2126039,2129681,0,3642,3642,completed,6
37430,Rigid,2126039,2126039,2128928,0,2889,2889,completed,6
37431,Rigid,2126039,2126039,2126624,0,585,585,completed,16
37432,Rigid,2126039,2126039,2126379,0,340,340,completed,6
37433,Rigid,2126039,2126042,2128819,3,2777,2780,completed,6
37434,Rigid,2126039,2126042,2129650,3,3608,3611,completed,6
37435,Rigid,2126040,2126042,2128563,2,2521,2523,completed,6
37436,Rigid,2126040,2126042,2126073,2,31,33,completed,1
37437,Rigid,2126040,2126042,2133261,2,7219,7221,completed,6
37438,Rigid,2126040,2126042,2126072,2,30,32,completed,1
37439,Rigid,2126040,2126042,2126505,2,463,465,completed,8
37440,Rigid,2126040,2126042,2128563,2,2521,2523,completed,6
37441,Rigid,2126040,2126042,2128864,2,2822,2824,completed,6
37442,Rigid,2126040,2126042,2128563,2,2521,2523,completed,6
37443,Rigid,2126040,2126042,2129650,2,3608,3610,completed,6
37444,Rigid,2126040,2126042,2130887,2,4845,4847,completed,6
37445,Rigid,2126041,2126042,2129650,1,3608,3609,completed,6
37446,Rigid,2126041,2126042,2126108,1,66,67,completed,1
37447,Rigid,2126042,2126043,2126060,1,17,18,completed,16
37448,Rigid,2126042,2126043,2128572,1,2529,2530,completed,6
37449,Rigid,2126042,2126043,2128573,1,2530,2531,completed,6
37450,Rigid,2126042,2126043,2128572,1,2529,2530,completed,6
37451,Rigid,2126042,2126043,2128573,1,2530,2531,completed,6
37452,Rigid,2126042,2126043,2129650,1,3607,3608,completed,6
37453,Rigid,2126042,2126043,2128817,1,2774,2775,completed,6
37454,Rigid,2126042,2126043,2128817,1,2774,2775,completed,6
37455,Rigid,2126042,2126043,2129304,1,3261,3262,completed,6
37456,Rigid,2126043,2126043,2126063,0,20,20,completed,6
37457,Rigid,2126043,2126043,2129681,0,3638,3638,completed,6
37458,Rigid,2126043,2126043,2129681,0,3638,3638,completed,6
37459,Rigid,2126043,2126047,2129681,4,3634,3638,completed,6
37460,Rigid,2126043,2126047,2128814,4,2767,2771,completed,6
37461,Rigid,2126043,2126047,2128814,4,2767,2771,completed,6
37462,Rigid,2126043,2126047,2129304,4,3257,3261,completed,6
37463,Rigid,2126044,2126047,2128814,3,2767,2770,completed,6
37464,Rigid,2126044,2126047,2129681,3,3634,3637,completed,6
37465,Rigid,2126044,2126047,2128563,3,2516,2519,completed,6
37466,Rigid,2126044,2126047,2128563,3,2516,2519,completed,6
37467,Rigid,2126044,2126047,2129650,3,3603,3606,completed,6
37468,Rigid,2126045,2126047,2129650,2,3603,3605,completed,6
37469,Rigid,2126045,2126047,2126164,2,117,119,completed,1
37470,Rigid,2126045,2126047,2131018,2,4971,4973,completed,6
37471,Rigid,2126045,2126047,2126207,2,160,162,completed,1
37472,Rigid,2126045,2126047,2126318,2,271,273,completed,1
37473,Rigid,2126045,2126047,2129304,2,3257,3259,completed,6
37474,Rigid,2126046,2126047,2129681,1,3634,3635,completed,6
37475,Rigid,2126046,2126047,2130048,1,4001,4002,completed,6
37476,Rigid,2126046,2126047,2126344,1,297,298,completed,1
37477,Rigid,2126046,2126047,2129681,1,3634,3635,completed,6
37478,Rigid,2126046,2126047,2126437,1,390,391,completed,6
37479,Rigid,2126046,2126047,2129650,1,3603,3604,completed,6
37480,Rigid,2126063,2126063,2129650,0,3587,3587,completed,6
37481,Rigid,2126078,2126078,2129681,0,3603,3603,completed,6
37482,Rigid,2126079,2126080,2129650,1,3570,3571,completed,6
37483,Rigid,2126080,2126080,2128814,0,2734,2734,completed,6
37484,Rigid,2126081,2126082,2129650,1,3568,3569,completed,6
37485,Rigid,2126122,2126122,2128813,0,2691,2691,completed,6
37486,Rigid,2126161,2126161,2129650,0,3489,3489,completed,6
37487,Rigid,2126166,2126166,2129650,0,3484,3484,completed,6
37488,Rigid,2126208,2126209,2129650,1,3441,3442,completed,6
37489,Rigid,2126230,2126231,2129650,1,3419,3420,completed,6
37490,Rigid,2126277,2126277,2129681,0,3404,3404,completed,6
37491,Rigid,2126317,2126323,2263037,6,136714,136720,completed,1
37492,Rigid,2126335,2126335,2128588,0,2253,2253,completed,6
37493,Rigid,2126361,2126362,2128863,1,2501,2502,completed,6
37494,Rigid,2126395,2126396,2129681,1,3285,3286,completed,6
37495,Rigid,2126423,2126423,2127525,0,1102,1102,completed,144
37496,Rigid,2126446,2126446,2129650,0,3204,3204,completed,6
37497,Rigid,2126474,2126503,2263607,29,137104,137133,completed,1
37498,Rigid,2126499,2126503,2126573,4,70,74,completed,1
37499,Rigid,2126521,2126521,2128563,0,2042,2042,completed,6
37500,Rigid,2126612,2126623,2261407,11,134784,134795,completed,1
37501,Rigid,2126626,2126627,2126920,1,293,294,completed,1
37502,Rigid,2126691,2126713,2259290,22,132577,132599,completed,1
37503,Rigid,2126701,2126701,2126706,0,5,5,completed,16
37504,Rigid,2126719,2126720,2129650,1,2930,2931,completed,6
37505,Rigid,2126748,2126773,2259754,25,132981,133006,completed,1
37506,Rigid,2126853,2126853,2129839,0,2986,2986,completed,10
37507,Rigid,2126896,2126896,2126900,0,4,4,completed,16
37508,Rigid,2126939,2126940,2129650,1,2710,2711,completed,6
37509,Rigid,2126945,2126946,2126954,1,8,9,completed,1
37510,Rigid,2126963,2126964,2129650,1,2686,2687,completed,6
37511,Rigid,2127370,2127370,2127375,0,5,5,completed,16
37512,Rigid,2127417,2127417,2129650,0,2233,2233,completed,6
37513,Rigid,2127417,2127417,2129681,0,2264,2264,completed,6
37514,Rigid,2127417,2127417,2131027,0,3610,3610,completed,6
37515,Rigid,2127417,2127421,2131153,4,3732,3736,completed,6
37516,Rigid,2127418,2127421,2130886,3,3465,3468,completed,6
37517,Rigid,2127418,2127421,2129650,3,2229,2232,completed,6
37518,Rigid,2127418,2127421,2130886,3,3465,3468,completed,6
37519,Rigid,2127418,2127421,2129650,3,2229,2232,completed,6
37520,Rigid,2127418,2127421,2130886,3,3465,3468,completed,6
37521,Rigid,2127418,2127421,2130886,3,3465,3468,completed,6
37522,Rigid,2127418,2127421,2130886,3,3465,3468,completed,6
37523,Rigid,2127418,2127421,2129650,3,2229,2232,completed,6
37524,Rigid,2127419,2127421,2130886,2,3465,3467,completed,6
37525,Rigid,2127419,2127421,2129650,2,2229,2231,completed,6
37526,Rigid,2127419,2127421,2130886,2,3465,3467,completed,6
37527,Rigid,2127419,2127421,2130886,2,3465,3467,completed,6
37528,Rigid,2127419,2127421,2129650,2,2229,2231,completed,6
37529,Rigid,2127419,2127421,2129650,2,2229,2231,completed,6
37530,Rigid,2127419,2127421,2129650,2,2229,2231,completed,6
37531,Rigid,2127419,2127421,2129681,2,2260,2262,completed,6
37532,Rigid,2127419,2127421,2129681,2,2260,2262,completed,6
37533,Rigid,2127420,2127421,2129650,1,2229,2230,completed,6
37534,Rigid,2127420,2127421,2130886,1,3465,3466,completed,6
37535,Rigid,2127420,2127421,2129650,1,2229,2230,completed,6
37536,Rigid,2127420,2127421,2129650,1,2229,2230,completed,6
37537,Rigid,2127420,2127421,2129650,1,2229,2230,completed,6
37538,Rigid,2127420,2127421,2127478,1,57,58,completed,1
37539,Rigid,2127420,2127421,2129650,1,2229,2230,completed,6
37540,Rigid,2127420,2127421,2127542,1,121,122,completed,1
37541,Rigid,2127421,2127421,2129650,0,2229,2229,completed,6
37542,Rigid,2127421,2127421,2129650,0,2229,2229,completed,6
37543,Rigid,2127421,2127421,2130895,0,3474,3474,completed,6
37544,Rigid,2127421,2127421,2130905,0,3484,3484,completed,6
37545,Rigid,2127432,2127432,2127460,0,28,28,completed,9
37546,Rigid,2127496,2127497,2130894,1,3397,3398,completed,6
37547,Rigid,2127500,2127500,2127505,0,5,5,completed,16
37548,Rigid,2127565,2127566,2130886,1,3320,3321,completed,6
37549,Rigid,2127606,2127606,2127611,0,5,5,completed,16
37550,Rigid,2127691,2127691,2127695,0,4,4,completed,16
37551,Rigid,2127782,2127785,2130128,3,2343,2346,completed,6
37552,Rigid,2127782,2127785,2131243,3,3458,3461,completed,6
37553,Rigid,2127782,2127785,2130498,3,2713,2716,completed,6
37554,Rigid,2128241,2128249,2128325,8,76,84,completed,36
37555,Rigid,2128486,2128487,2214898,1,86411,86412,completed,8
37556,Rigid,2128574,2128574,2132065,0,3491,3491,completed,6
37557,Rigid,2128575,2128579,2130886,4,2307,2311,completed,6
37558,Rigid,2128576,2128579,2132065,3,3486,3489,completed,6
37559,Rigid,2128577,2128579,2132065,2,3486,3488,completed,6
37560,Rigid,2128577,2128579,2132065,2,3486,3488,completed,6
37561,Rigid,2128577,2128579,2132065,2,3486,3488,completed,6
37562,Rigid,2128577,2128579,2130886,2,2307,2309,completed,6
37563,Rigid,2128578,2128579,2130886,1,2307,2308,completed,6
37564,Rigid,2128578,2128579,2132065,1,3486,3487,completed,6
37565,Rigid,2128578,2128579,2130886,1,2307,2308,completed,6
37566,Rigid,2128578,2128579,2131261,1,2682,2683,completed,6
37567,Rigid,2128579,2128579,2129081,0,502,502,completed,1
37568,Rigid,2128579,2128580,2132065,1,3485,3486,completed,6
37569,Rigid,2128580,2128583,2130886,3,2303,2306,completed,6
37570,Rigid,2128580,2128583,2132106,3,3523,3526,completed,6
37571,Rigid,2128581,2128583,2132106,2,3523,3525,completed,6
37572,Rigid,2128581,2128583,2132106,2,3523,3525,completed,6
37573,Rigid,2128582,2128583,2130886,1,2303,2304,completed,6
37574,Rigid,2128582,2128583,2130886,1,2303,2304,completed,6
37575,Rigid,2128597,2128598,2132408,1,3810,3811,completed,6
37576,Rigid,2128771,2128772,2215199,1,86427,86428,completed,8
37577,Rigid,2128815,2128815,2132847,0,4032,4032,completed,6
37578,Rigid,2128815,2128815,2131247,0,2432,2432,completed,6
37579,Rigid,2128815,2128815,2132106,0,3291,3291,completed,6
37580,Rigid,2128816,2128818,2132065,2,3247,3249,completed,6
37581,Rigid,2128816,2128818,2133292,2,4474,4476,completed,6
37582,Rigid,2128817,2128818,2132065,1,3247,3248,completed,6
37583,Rigid,2128834,2128834,2131066,0,2232,2232,completed,6
37584,Rigid,2128834,2128834,2133796,0,4962,4962,completed,6
37585,Rigid,2128835,2128838,2131336,3,2498,2501,completed,6
37586,Rigid,2128836,2128838,2131162,2,2324,2326,completed,6
37587,Rigid,2128836,2128838,2131162,2,2324,2326,completed,6
37588,Rigid,2128838,2128838,2131066,0,2228,2228,completed,6
37589,Rigid,2128838,2128838,2131162,0,2324,2324,completed,6
37590,Rigid,2128894,2128898,2132463,4,3565,3569,completed,6
37591,Rigid,2128927,2128928,2131884,1,2956,2957,completed,6
37592,Rigid,2128942,2128943,2132070,1,3127,3128,completed,6
37593,Rigid,2129010,2129030,2136245,20,7215,7235,completed,4
37594,Rigid,2129010,2129030,2130369,20,1339,1359,completed,4
37595,Rigid,2129010,2129030,2136245,20,7215,7235,completed,4
37596,Rigid,2129011,2129030,2136245,19,7215,7234,completed,4
37597,Rigid,2129011,2129030,2130258,19,1228,1247,completed,4
37598,Rigid,2129011,2129030,2130189,19,1159,1178,completed,4
37599,Rigid,2129012,2129030,2136245,18,7215,7233,completed,4
37600,Rigid,2129012,2129030,2136245,18,7215,7233,completed,4
37601,Rigid,2129013,2129030,2131017,17,1987,2004,completed,4
37602,Rigid,2129013,2129030,2136245,17,7215,7232,completed,4
37603,Rigid,2129013,2129030,2136245,17,7215,7232,completed,4
37604,Rigid,2129014,2129030,2136245,16,7215,7231,completed,4
37605,Rigid,2129014,2129030,2131036,16,2006,2022,completed,4
37606,Rigid,2129014,2129030,2133348,16,4318,4334,completed,4
37607,Rigid,2129015,2129030,2136245,15,7215,7230,completed,4
37608,Rigid,2129015,2129030,2136245,15,7215,7230,completed,4
37609,Rigid,2129015,2129030,2130118,15,1088,1103,completed,4
37610,Rigid,2129016,2129030,2130535,14,1505,1519,completed,4
37611,Rigid,2129016,2129030,2136245,14,7215,7229,completed,4
37612,Rigid,2129017,2129030,2130519,13,1489,1502,completed,4
37613,Rigid,2129047,2129047,2133292,0,4245,4245,completed,6
37614,Rigid,2129089,2129090,2130745,1,1655,1656,completed,144
37615,Rigid,2129095,2129095,2132065,0,2970,2970,completed,6
37616,Rigid,2129321,2129321,2132105,0,2784,2784,completed,6
37617,Rigid,2129322,2129325,2141310,3,11985,11988,completed,6
37618,Rigid,2129323,2129325,2132105,2,2780,2782,completed,6
37619,Rigid,2129327,2129329,2129684,2,355,357,completed,144
37620,Rigid,2129657,2129657,2133261,0,3604,3604,completed,6
37621,Rigid,2129657,2129657,2132065,0,2408,2408,completed,6
37622,Rigid,2129658,2129661,2132065,3,2404,2407,completed,6
37623,Rigid,2129658,2129661,2133261,3,3600,3603,completed,6
37624,Rigid,2129658,2129661,2132065,3,2404,2407,completed,6
37625,Rigid,2129658,2129661,2134370,3,4709,4712,completed,6
37626,Rigid,2129659,2129661,2133261,2,3600,3602,completed,6
37627,Rigid,2129659,2129661,2133261,2,3600,3602,completed,6
37628,Rigid,2129659,2129661,2133261,2,3600,3602,completed,6
37629,Rigid,2129660,2129661,2133261,1,3600,3601,completed,6
37630,Rigid,2129660,2129661,2132065,1,2404,2405,completed,6
37631,Rigid,2129660,2129661,2132065,1,2404,2405,completed,6
37632,Rigid,2129661,2129661,2133261,0,3600,3600,completed,6
37633,Rigid,2129661,2129661,2133261,0,3600,3600,completed,6
37634,Rigid,2129661,2129665,2132065,4,2400,2404,completed,6
37635,Rigid,2129662,2129665,2133261,3,3596,3599,completed,6
37636,Rigid,2129663,2129665,2129706,2,41,43,completed,1
37637,Rigid,2129663,2129665,2132065,2,2400,2402,completed,6
37638,Rigid,2129663,2129665,2133261,2,3596,3598,completed,6
37639,Rigid,2129663,2129665,2133261,2,3596,3598,completed,6
37640,Rigid,2129664,2129665,2133261,1,3596,3597,completed,6
37641,Rigid,2129664,2129665,2133261,1,3596,3597,completed,6
37642,Rigid,2129664,2129665,2132065,1,2400,2401,completed,6
37643,Rigid,2129664,2129665,2134374,1,4709,4710,completed,6
37644,Rigid,2129664,2129665,2132065,1,2400,2401,completed,6
37645,Rigid,2129664,2129665,2133261,1,3596,3597,completed,6
37646,Rigid,2129664,2129665,2133261,1,3596,3597,completed,6
37647,Rigid,2129665,2129665,2132106,0,2441,2441,completed,6
37648,Rigid,2129665,2129665,2129820,0,155,155,completed,1
37649,Rigid,2129665,2129669,2133261,4,3592,3596,completed,6
37650,Rigid,2129666,2129669,2132065,3,2396,2399,completed,6
37651,Rigid,2129666,2129669,2134370,3,4701,4704,completed,6
37652,Rigid,2129666,2129669,2134370,3,4701,4704,completed,6
37653,Rigid,2129666,2129669,2133261,3,3592,3595,completed,6
37654,Rigid,2129666,2129669,2133302,3,3633,3636,completed,6
37655,Rigid,2129666,2129669,2133302,3,3633,3636,completed,6
37656,Rigid,2129666,2129669,2132065,3,2396,2399,completed,6
37657,Rigid,2129666,2129669,2132065,3,2396,2399,completed,6
37658,Rigid,2129667,2129669,2132065,2,2396,2398,completed,6
37659,Rigid,2129667,2129669,2132065,2,2396,2398,completed,6
37660,Rigid,2129682,2129682,2132065,0,2383,2383,completed,6
37661,Rigid,2129682,2129682,2132065,0,2383,2383,completed,6
37662,Rigid,2129683,2129683,2133481,0,3798,3798,completed,6
37663,Rigid,2129683,2129685,2132105,2,2420,2422,completed,6
37664,Rigid,2129683,2129685,2132105,2,2420,2422,completed,6
37665,Rigid,2129684,2129685,2132106,1,2421,2422,completed,6
37666,Rigid,2129684,2129685,2133292,1,3607,3608,completed,6
37667,Rigid,2129684,2129685,2132236,1,2551,2552,completed,6
37668,Rigid,2129684,2129685,2132070,1,2385,2386,completed,6
37669,Rigid,2129684,2129685,2132408,1,2723,2724,completed,6
37670,Rigid,2129684,2129685,2133306,1,3621,3622,completed,6
37671,Rigid,2129685,2129685,2133306,0,3621,3621,completed,6
37672,Rigid,2129685,2129685,2133292,0,3607,3607,completed,6
37673,Rigid,2129685,2129685,2133292,0,3607,3607,completed,6
37674,Rigid,2129704,2129704,2132105,0,2401,2401,completed,6
37675,Rigid,2129728,2129728,2133292,0,3564,3564,completed,6
37676,Rigid,2129769,2129770,2129817,1,47,48,completed,36
37677,Rigid,2129832,2129833,2132463,1,2630,2631,completed,6
37678,Rigid,2130066,2130066,2133292,0,3226,3226,completed,6
37679,Rigid,2130144,2130146,2133481,2,3335,3337,completed,6
37680,Rigid,2130146,2130150,2133481,4,3331,3335,completed,6
37681,Rigid,2130166,2130292,2130527,126,235,361,completed,288
37682,Rigid,2130391,2130412,2133219,21,2807,2828,completed,4
37683,Rigid,2130409,2130412,2134078,3,3666,3669,completed,4
37684,Rigid,2130433,2130442,2133372,9,2930,2939,completed,4
37685,Rigid,2130463,2130472,2133372,9,2900,2909,completed,4
37686,Rigid,2130469,2130472,2131487,3,1015,1018,completed,4
37687,Rigid,2130474,2130502,2132090,28,1588,1616,completed,4
37688,Rigid,2130501,2130502,2137715,1,7213,7214,completed,4
37689,Rigid,2130503,2130506,2133261,3,2755,2758,completed,6
37690,Rigid,2130505,2130533,2132408,28,1875,1903,completed,4
37691,Rigid,2130554,2130563,2147737,9,17174,17183,completed,288
37692,Rigid,2130678,2130679,2130993,1,314,315,completed,144
37693,Rigid,2130886,2130887,2134370,1,3483,3484,completed,6
37694,Rigid,2130887,2130887,2133261,0,2374,2374,completed,6
37695,Rigid,2130887,2130887,2133261,0,2374,2374,completed,6
37696,Rigid,2130888,2130891,2134370,3,3479,3482,completed,6
37697,Rigid,2130888,2130891,2133261,3,2370,2373,completed,6
37698,Rigid,2130888,2130891,2133261,3,2370,2373,completed,6
37699,Rigid,2130889,2130891,2133261,2,2370,2372,completed,6
37700,Rigid,2130889,2130891,2133261,2,2370,2372,completed,6
37701,Rigid,2130889,2130891,2133261,2,2370,2372,completed,6
37702,Rigid,2130889,2130891,2134370,2,3479,3481,completed,6
37703,Rigid,2130889,2130891,2134370,2,3479,3481,completed,6
37704,Rigid,2130889,2130891,2134370,2,3479,3481,completed,6
37705,Rigid,2130890,2130891,2134370,1,3479,3480,completed,6
37706,Rigid,2130890,2130891,2135436,1,4545,4546,completed,6
37707,Rigid,2130890,2130891,2133261,1,2370,2371,completed,6
37708,Rigid,2130890,2130891,2133261,1,2370,2371,completed,6
37709,Rigid,2130891,2130891,2134370,0,3479,3479,completed,6
37710,Rigid,2130891,2130893,2133261,2,2368,2370,completed,6
37711,Rigid,2130910,2130911,2134370,1,3459,3460,completed,6
37712,Rigid,2130911,2130915,2134370,4,3455,3459,completed,6
37713,Rigid,2130911,2130915,2134446,4,3531,3535,completed,6
37714,Rigid,2131037,2131037,2134804,0,3767,3767,completed,6
37715,Rigid,2131038,2131041,2134370,3,3329,3332,completed,6
37716,Rigid,2131077,2131078,2137359,1,6281,6282,completed,6
37717,Rigid,2131077,2131078,2140158,1,9080,9081,completed,6
37718,Rigid,2131163,2131163,2135470,0,4307,4307,completed,6
37719,Rigid,2131182,2131183,2134450,1,3267,3268,completed,6
37720,Rigid,2131182,2131183,2134450,1,3267,3268,completed,6
37721,Rigid,2131183,2131183,2134370,0,3187,3187,completed,6
37722,Rigid,2131251,2131252,2134439,1,3187,3188,completed,6
37723,Rigid,2131252,2131253,2134401,1,3148,3149,completed,6
37724,Rigid,2131273,2131274,2134370,1,3096,3097,completed,6
37725,Rigid,2131293,2131293,2133551,0,2258,2258,completed,144
37726,Rigid,2131372,2131374,2132633,2,1259,1261,completed,4
37727,Rigid,2131372,2131374,2133795,2,2421,2423,completed,4
37728,Rigid,2131372,2131374,2138585,2,7211,7213,completed,4
37729,Rigid,2131373,2131374,2138585,1,7211,7212,completed,4
37730,Rigid,2131373,2131374,2138585,1,7211,7212,completed,4
37731,Rigid,2131373,2131374,2138585,1,7211,7212,completed,4
37732,Rigid,2131374,2131404,2138615,30,7211,7241,completed,4
37733,Rigid,2131374,2131404,2138615,30,7211,7241,completed,4
37734,Rigid,2131375,2131404,2138615,29,7211,7240,completed,4
37735,Rigid,2131375,2131404,2138615,29,7211,7240,completed,4
37736,Rigid,2131376,2131404,2138615,28,7211,7239,completed,4
37737,Rigid,2131376,2131404,2138615,28,7211,7239,completed,4
37738,Rigid,2131377,2131404,2138615,27,7211,7238,completed,4
37739,Rigid,2131377,2131404,2138615,27,7211,7238,completed,4
37740,Rigid,2131378,2131404,2138615,26,7211,7237,completed,4
37741,Rigid,2131378,2131404,2138615,26,7211,7237,completed,4
37742,Rigid,2131379,2131404,2134750,25,3346,3371,completed,4
37743,Rigid,2131380,2131404,2138615,24,7211,7235,completed,4
37744,Rigid,2131380,2131404,2138615,24,7211,7235,completed,4
37745,Rigid,2131380,2131404,2138615,24,7211,7235,completed,4
37746,Rigid,2131426,2131427,2135436,1,4009,4010,completed,6
37747,Rigid,2131777,2131794,2347810,17,216016,216033,completed,36
37748,Rigid,2131906,2131906,2134370,0,2464,2464,completed,6
37749,Rigid,2132068,2132069,2134370,1,2301,2302,completed,6
37750,Rigid,2132069,2132071,2135436,2,3365,3367,completed,6
37751,Rigid,2132069,2132071,2134370,2,2299,2301,completed,6
37752,Rigid,2132069,2132071,2135436,2,3365,3367,completed,6
37753,Rigid,2132070,2132071,2134370,1,2299,2300,completed,6
37754,Rigid,2132070,2132071,2135436,1,3365,3366,completed,6
37755,Rigid,2132070,2132071,2135436,1,3365,3366,completed,6
37756,Rigid,2132070,2132071,2134370,1,2299,2300,completed,6
37757,Rigid,2132070,2132071,2134370,1,2299,2300,completed,6
37758,Rigid,2132071,2132071,2134370,0,2299,2299,completed,6
37759,Rigid,2132071,2132071,2134370,0,2299,2299,completed,6
37760,Rigid,2132072,2132073,2134370,1,2297,2298,completed,6
37761,Rigid,2132072,2132073,2135462,1,3389,3390,completed,6
37762,Rigid,2132072,2132073,2135470,1,3397,3398,completed,6
37763,Rigid,2132073,2132073,2135470,0,3397,3397,completed,6
37764,Rigid,2132073,2132073,2135436,0,3363,3363,completed,6
37765,Rigid,2132073,2132073,2134370,0,2297,2297,completed,6
37766,Rigid,2132073,2132075,2135436,2,3361,3363,completed,6
37767,Rigid,2132073,2132075,2134370,2,2295,2297,completed,6
37768,Rigid,2132073,2132075,2134370,2,2295,2297,completed,6
37769,Rigid,2132073,2132075,2135463,2,3388,3390,completed,6
37770,Rigid,2132074,2132075,2135436,1,3361,3362,completed,6
37771,Rigid,2132074,2132075,2135436,1,3361,3362,completed,6
37772,Rigid,2132074,2132075,2135473,1,3398,3399,completed,6
37773,Rigid,2132075,2132075,2135462,0,3387,3387,completed,6
37774,Rigid,2132075,2132079,2135462,4,3383,3387,completed,6
37775,Rigid,2132075,2132079,2135461,4,3382,3386,completed,6
37776,Rigid,2132075,2132079,2134370,4,2291,2295,completed,6
37777,Rigid,2132079,2132083,2133336,4,1253,1257,completed,144
37778,Rigid,2132091,2132091,2132100,0,9,9,completed,1
37779,Rigid,2132106,2132106,2134370,0,2264,2264,completed,6
37780,Rigid,2132112,2132112,2134467,0,2355,2355,completed,6
37781,Rigid,2132112,2132112,2134467,0,2355,2355,completed,6
37782,Rigid,2132112,2132116,2135462,4,3346,3350,completed,6
37783,Rigid,2132112,2132116,2134467,4,2351,2355,completed,6
37784,Rigid,2132115,2132116,2134804,1,2688,2689,completed,6
37785,Rigid,2132115,2132116,2135478,1,3362,3363,completed,6
37786,Rigid,2132115,2132116,2134401,1,2285,2286,completed,6
37787,Rigid,2132116,2132116,2134448,0,2332,2332,completed,6
37788,Rigid,2132116,2132116,2134401,0,2285,2285,completed,6
37789,Rigid,2132116,2132116,2135462,0,3346,3346,completed,6
37790,Rigid,2132116,2132120,2135462,4,3342,3346,completed,6
37791,Rigid,2132239,2132239,2135436,0,3197,3197,completed,6
37792,Rigid,2132329,2132335,2132525,6,190,196,completed,10
37793,Rigid,2132398,2132425,2132447,27,22,49,completed,10
37794,Rigid,2132412,2132412,2136425,0,4013,4013,completed,6
37795,Rigid,2132415,2132417,2132466,2,49,51,completed,1
37796,Rigid,2132468,2132471,2134804,3,2333,2336,completed,6
37797,Rigid,2132475,2132476,2135462,1,2986,2987,completed,6
37798,Rigid,2132478,2132480,2135773,2,3293,3295,completed,6
37799,Rigid,2132537,2132545,2133168,8,623,631,completed,10
37800,Rigid,2132541,2132545,2132842,4,297,301,completed,10
37801,Rigid,2132619,2132619,2134109,0,1490,1490,completed,10
37802,Rigid,2132857,2132859,2135473,2,2614,2616,completed,6
37803,Rigid,2132928,2132936,2133320,8,384,392,completed,10
37804,Rigid,2132996,2132997,2135553,1,2556,2557,completed,144
37805,Rigid,2133178,2133206,2133598,28,392,420,completed,144
37806,Rigid,2133273,2133273,2135436,0,2163,2163,completed,6
37807,Rigid,2133273,2133273,2135436,0,2163,2163,completed,6
37808,Rigid,2133273,2133275,2136402,2,3127,3129,completed,6
37809,Rigid,2133274,2133275,2135436,1,2161,2162,completed,6
37810,Rigid,2133274,2133275,2136402,1,3127,3128,completed,6
37811,Rigid,2133274,2133275,2136402,1,3127,3128,completed,6
37812,Rigid,2133274,2133275,2135436,1,2161,2162,completed,6
37813,Rigid,2133275,2133275,2135436,0,2161,2161,completed,6
37814,Rigid,2133275,2133275,2135436,0,2161,2161,completed,6
37815,Rigid,2133275,2133279,2135461,4,2182,2186,completed,6
37816,Rigid,2133275,2133279,2135436,4,2157,2161,completed,6
37817,Rigid,2133275,2133279,2136402,4,3123,3127,completed,6
37818,Rigid,2133276,2133279,2135462,3,2183,2186,completed,6
37819,Rigid,2133276,2133279,2136402,3,3123,3126,completed,6
37820,Rigid,2133276,2133279,2135436,3,2157,2160,completed,6
37821,Rigid,2133276,2133279,2135437,3,2158,2161,completed,6
37822,Rigid,2133277,2133279,2135436,2,2157,2159,completed,6
37823,Rigid,2133277,2133279,2135436,2,2157,2159,completed,6
37824,Rigid,2133277,2133279,2136402,2,3123,3125,completed,6
37825,Rigid,2133277,2133279,2135436,2,2157,2159,completed,6
37826,Rigid,2133278,2133279,2136402,1,3123,3124,completed,6
37827,Rigid,2133278,2133279,2135462,1,2183,2184,completed,6
37828,Rigid,2133278,2133279,2135462,1,2183,2184,completed,6
37829,Rigid,2133278,2133279,2135462,1,2183,2184,completed,6
37830,Rigid,2133278,2133279,2135462,1,2183,2184,completed,6
37831,Rigid,2133278,2133279,2136402,1,3123,3124,completed,6
37832,Rigid,2133279,2133279,2135478,0,2199,2199,completed,6
37833,Rigid,2133279,2133283,2136553,4,3270,3274,completed,6
37834,Rigid,2133279,2133283,2136402,4,3119,3123,completed,6
37835,Rigid,2133286,2133287,2133332,1,45,46,completed,6
37836,Rigid,2133298,2133298,2136684,0,3386,3386,completed,6
37837,Rigid,2133298,2133298,2135762,0,2464,2464,completed,6
37838,Rigid,2133298,2133302,2136553,4,3251,3255,completed,6
37839,Rigid,2133299,2133302,2135464,3,2162,2165,completed,6
37840,Rigid,2133299,2133302,2135464,3,2162,2165,completed,6
37841,Rigid,2133299,2133302,2135462,3,2160,2163,completed,6
37842,Rigid,2133300,2133302,2135462,2,2160,2162,completed,6
37843,Rigid,2133320,2133320,2136553,0,3233,3233,completed,6
37844,Rigid,2133320,2133320,2135467,0,2147,2147,completed,6
37845,Rigid,2133320,2133322,2136553,2,3231,3233,completed,6
37846,Rigid,2133320,2133322,2135473,2,2151,2153,completed,6
37847,Rigid,2133342,2133343,2133423,1,80,81,completed,6
37848,Rigid,2133426,2133426,2135762,0,2336,2336,completed,6
37849,Rigid,2133488,2133489,2135762,1,2273,2274,completed,6
37850,Rigid,2133488,2133489,2136684,1,3195,3196,completed,6
37851,Rigid,2133489,2133489,2135762,0,2273,2273,completed,6
37852,Rigid,2133808,2133808,2136402,0,2594,2594,completed,6
37853,Rigid,2134118,2134137,2134549,19,412,431,completed,10
37854,Rigid,2134152,2134153,2135575,1,1422,1423,completed,10
37855,Rigid,2134379,2134380,2136409,1,2029,2030,completed,6
37856,Rigid,2134380,2134384,2134459,4,75,79,completed,1
37857,Rigid,2134381,2134384,2136410,3,2026,2029,completed,6
37858,Rigid,2134381,2134384,2137359,3,2975,2978,completed,6
37859,Rigid,2134381,2134384,2137359,3,2975,2978,completed,6
37860,Rigid,2134381,2134384,2136402,3,2018,2021,completed,6
37861,Rigid,2134381,2134384,2136403,3,2019,2022,completed,6
37862,Rigid,2134382,2134384,2136403,2,2019,2021,completed,6
37863,Rigid,2134382,2134384,2139356,2,4972,4974,completed,6
37864,Rigid,2134382,2134384,2136403,2,2019,2021,completed,6
37865,Rigid,2134382,2134384,2136403,2,2019,2021,completed,6
37866,Rigid,2134382,2134384,2137359,2,2975,2977,completed,6
37867,Rigid,2134383,2134384,2137359,1,2975,2976,completed,6
37868,Rigid,2134383,2134384,2137359,1,2975,2976,completed,6
37869,Rigid,2134383,2134384,2137359,1,2975,2976,completed,6
37870,Rigid,2134384,2134388,2137359,4,2971,2975,completed,6
37871,Rigid,2134384,2134388,2136402,4,2014,2018,completed,6
37872,Rigid,2134384,2134388,2136402,4,2014,2018,completed,6
37873,Rigid,2134384,2134388,2136402,4,2014,2018,completed,6
37874,Rigid,2134385,2134388,2134441,3,53,56,completed,1
37875,Rigid,2134385,2134388,2136402,3,2014,2017,completed,6
37876,Rigid,2134385,2134388,2136402,3,2014,2017,completed,6
37877,Rigid,2134385,2134388,2136402,3,2014,2017,completed,6
37878,Rigid,2134385,2134388,2136402,3,2014,2017,completed,6
37879,Rigid,2134385,2134388,2136402,3,2014,2017,completed,6
37880,Rigid,2134386,2134388,2136402,2,2014,2016,completed,6
37881,Rigid,2134386,2134388,2136402,2,2014,2016,completed,6
37882,Rigid,2134386,2134388,2136553,2,2165,2167,completed,6
37883,Rigid,2134386,2134388,2136553,2,2165,2167,completed,6
37884,Rigid,2134386,2134388,2134519,2,131,133,completed,6
37885,Rigid,2134403,2134404,2134519,1,115,116,completed,6
37886,Rigid,2134403,2134404,2136553,1,2149,2150,completed,6
37887,Rigid,2134405,2134408,2137609,3,3201,3204,completed,6
37888,Rigid,2134447,2134447,2140158,0,5711,5711,completed,6
37889,Rigid,2134448,2134449,2136553,1,2104,2105,completed,6
37890,Rigid,2134461,2134461,2134616,0,155,155,completed,6
37891,Rigid,2134467,2134467,2136553,0,2086,2086,completed,6
37892,Rigid,2134468,2134468,2136553,0,2085,2085,completed,6
37893,Rigid,2134468,2134468,2136553,0,2085,2085,completed,6
37894,Rigid,2134481,2134481,2137359,0,2878,2878,completed,6
37895,Rigid,2134487,2134489,2136402,2,1913,1915,completed,6
37896,Rigid,2134488,2134489,2137359,1,2870,2871,completed,6
37897,Rigid,2134488,2134489,2136553,1,2064,2065,completed,6
37898,Rigid,2134649,2134678,2135215,29,537,566,completed,10
37899,Rigid,2134694,2134695,2136061,1,1366,1367,completed,144
37900,Rigid,2134695,2134695,2136064,0,1369,1369,completed,144
37901,Rigid,2134695,2134695,2136085,0,1390,1390,completed,144
37902,Rigid,2134695,2134695,2136054,0,1359,1359,completed,144
37903,Rigid,2134695,2134699,2136052,4,1353,1357,completed,144
37904,Rigid,2134695,2134699,2136058,4,1359,1363,completed,144
37905,Rigid,2134696,2134699,2136066,3,1367,1370,completed,144
37906,Rigid,2134696,2134699,2136038,3,1339,1342,completed,144
37907,Rigid,2134696,2134699,2136058,3,1359,1362,completed,144
37908,Rigid,2134696,2134699,2136065,3,1366,1369,completed,144
37909,Rigid,2134696,2134699,2136055,3,1356,1359,completed,144
37910,Rigid,2134697,2134699,2136066,2,1367,1369,completed,144
37911,Rigid,2134697,2134699,2136080,2,1381,1383,completed,144
37912,Rigid,2134697,2134699,2136081,2,1382,1384,completed,144
37913,Rigid,2134697,2134699,2136047,2,1348,1350,completed,144
37914,Rigid,2134697,2134699,2136057,2,1358,1360,completed,144
37915,Rigid,2135113,2135113,2135121,0,8,8,completed,36
37916,Rigid,2135335,2135339,2220887,4,85548,85552,completed,108
37917,Rigid,2135590,2135590,2141403,0,5813,5813,completed,10
37918,Rigid,2136010,2136029,2222184,19,86155,86174,completed,108
37919,Rigid,2136128,2136128,2136133,0,5,5,completed,16
37920,Rigid,2136252,2136252,2136256,0,4,4,completed,16
37921,Rigid,2136562,2136563,2136569,1,6,7,completed,72
37922,Rigid,2136607,2136607,2136649,0,42,42,completed,6
37923,Rigid,2136658,2136659,2136701,1,42,43,completed,6
37924,Rigid,2136658,2136659,2136701,1,42,43,completed,6
37925,Rigid,2136659,2136659,2136701,0,42,42,completed,6
37926,Rigid,2136801,2136802,2136963,1,161,162,completed,72
37927,Rigid,2137248,2137248,2137557,0,309,309,completed,36
37928,Rigid,2137253,2137253,2137563,0,310,310,completed,36
37929,Rigid,2137255,2137257,2137567,2,310,312,completed,36
37930,Rigid,2137256,2137257,2137567,1,310,311,completed,36
37931,Rigid,2137257,2137257,2137569,0,312,312,completed,36
37932,Rigid,2137257,2137261,2137572,4,311,315,completed,36
37933,Rigid,2137258,2137261,2137570,3,309,312,completed,36
37934,Rigid,2137258,2137261,2137572,3,311,314,completed,36
37935,Rigid,2137259,2137261,2137572,2,311,313,completed,36
37936,Rigid,2137260,2137261,2137573,1,312,313,completed,36
37937,Rigid,2137260,2137261,2137572,1,311,312,completed,36
37938,Rigid,2137261,2137261,2137570,0,309,309,completed,36
37939,Rigid,2137262,2137265,2137576,3,311,314,completed,36
37940,Rigid,2137263,2137265,2137579,2,314,316,completed,36
37941,Rigid,2137263,2137265,2137576,2,311,313,completed,36
37942,Rigid,2137264,2137265,2137576,1,311,312,completed,36
37943,Rigid,2137282,2137283,2137288,1,5,6,completed,36
37944,Rigid,2137306,2137307,2137321,1,14,15,completed,72
37945,Rigid,2137373,2137373,2137395,0,22,22,completed,6
37946,Rigid,2137397,2137397,2137432,0,35,35,completed,6
37947,Rigid,2137397,2137401,2137432,4,31,35,completed,6
37948,Rigid,2137397,2137401,2137432,4,31,35,completed,6
37949,Rigid,2137521,2137531,2138123,10,592,602,completed,10
37950,Rigid,2137657,2137681,2137684,24,3,27,completed,4
37951,Rigid,2137868,2137869,2138215,1,346,347,completed,36
37952,Rigid,2137872,2137873,2138550,1,677,678,completed,36
37953,Rigid,2137877,2137878,2139633,1,1755,1756,completed,36
37954,Rigid,2139217,2139220,2139232,3,12,15,completed,1
37955,Rigid,2139229,2139243,2139338,14,95,109,completed,36
37956,Rigid,2139306,2139307,2144852,1,5545,5546,completed,18
37957,Rigid,2139594,2139604,2143686,10,4082,4092,completed,36
37958,Rigid,2139594,2139604,2143845,10,4241,4251,completed,36
37959,Rigid,2139594,2139604,2144054,10,4450,4460,completed,36
37960,Rigid,2139651,2139664,2139804,13,140,153,completed,36
37961,Rigid,2139652,2139652,2141824,0,2172,2172,completed,144
37962,Rigid,2139946,2139964,2163356,18,23392,23410,completed,144
37963,Rigid,2140167,2140168,2140189,1,21,22,completed,6
37964,Rigid,2140193,2140193,2140228,0,35,35,completed,6
37965,Rigid,2140194,2140197,2140227,3,30,33,completed,6
37966,Rigid,2140194,2140197,2140227,3,30,33,completed,6
37967,Rigid,2140451,2140475,2164387,24,23912,23936,completed,144
37968,Rigid,2141109,2141109,2141114,0,5,5,completed,16
37969,Rigid,2141240,2142470,2142507,1230,37,1267,completed,1
37970,Rigid,2141240,2142548,2142867,1308,319,1627,completed,1
37971,Rigid,2141241,2142548,2143474,1307,926,2233,completed,4
37972,Rigid,2141241,2142548,2142568,1307,20,1327,completed,1
37973,Rigid,2141241,2142548,2143295,1307,747,2054,completed,4
37974,Rigid,2141241,2142548,2143456,1307,908,2215,completed,4
37975,Rigid,2141242,2142548,2143412,1306,864,2170,completed,4
37976,Rigid,2141242,2142548,2144154,1306,1606,2912,completed,4
37977,Rigid,2141243,2142548,2143383,1305,835,2140,completed,4
37978,Rigid,2141243,2142548,2143295,1305,747,2052,completed,4
37979,Rigid,2141243,2142548,2143626,1305,1078,2383,completed,4
37980,Rigid,2141243,2142548,2144045,1305,1497,2802,completed,1
37981,Rigid,2141243,2142548,2142562,1305,14,1319,completed,1
37982,Rigid,2141244,2142548,2143771,1304,1223,2527,completed,4
37983,Rigid,2141244,2142548,2143417,1304,869,2173,completed,4
37984,Rigid,2141244,2142548,2143490,1304,942,2246,completed,4
37985,Rigid,2141244,2142548,2142589,1304,41,1345,completed,1
37986,Rigid,2141245,2142548,2142863,1303,315,1618,completed,1
37987,Rigid,2141245,2142548,2143450,1303,902,2205,completed,4
37988,Rigid,2141245,2142548,2144129,1303,1581,2884,completed,4
37989,Rigid,2141245,2142548,2143331,1303,783,2086,completed,4
37990,Rigid,2141246,2142548,2143262,1302,714,2016,completed,4
37991,Rigid,2141246,2142548,2143523,1302,975,2277,completed,4
37992,Rigid,2141246,2142548,2143447,1302,899,2201,completed,4
37993,Rigid,2141246,2142548,2143868,1302,1320,2622,completed,1
37994,Rigid,2141247,2142548,2142892,1301,344,1645,completed,1
37995,Rigid,2141247,2142548,2143423,1301,875,2176,completed,4
37996,Rigid,2141247,2142548,2143694,1301,1146,2447,completed,4
37997,Rigid,2141248,2142548,2144022,1300,1474,2774,completed,1
37998,Rigid,2141248,2142548,2143811,1300,1263,2563,completed,4
37999,Rigid,2141248,2142548,2142562,1300,14,1314,completed,1
38000,Rigid,2141248,2142548,2143400,1300,852,2152,completed,4
38001,Rigid,2141249,2142548,2143303,1299,755,2054,completed,4
38002,Rigid,2141249,2142548,2143491,1299,943,2242,completed,4
38003,Rigid,2141249,2142548,2143498,1299,950,2249,completed,4
38004,Rigid,2141250,2142548,2142626,1298,78,1376,completed,1
38005,Rigid,2141250,2142548,2144107,1298,1559,2857,completed,4
38006,Rigid,2141251,2142548,2143294,1297,746,2043,completed,4
38007,Rigid,2141251,2142548,2143476,1297,928,2225,completed,4
38008,Rigid,2141251,2142548,2143817,1297,1269,2566,completed,1
38009,Rigid,2141251,2142548,2142884,1297,336,1633,completed,1
38010,Rigid,2141252,2142548,2143389,1296,841,2137,completed,4
38011,Rigid,2141252,2142548,2143628,1296,1080,2376,completed,4
38012,Rigid,2141252,2142548,2143761,1296,1213,2509,completed,4
38013,Rigid,2141253,2142548,2143406,1295,858,2153,completed,4
38014,Rigid,2141253,2142548,2143370,1295,822,2117,completed,4
38015,Rigid,2141253,2142548,2143436,1295,888,2183,completed,4
38016,Rigid,2141253,2142548,2142569,1295,21,1316,completed,1
38017,Rigid,2141254,2142548,2143320,1294,772,2066,completed,4
38018,Rigid,2141254,2142548,2143495,1294,947,2241,completed,4
38019,Rigid,2141254,2142548,2142625,1294,77,1371,completed,1
38020,Rigid,2141255,2142548,2144118,1293,1570,2863,completed,4
38021,Rigid,2141255,2142548,2143237,1293,689,1982,completed,4
38022,Rigid,2141255,2142548,2143429,1293,881,2174,completed,4
38023,Rigid,2141256,2142548,2143745,1292,1197,2489,completed,4
38024,Rigid,2141256,2142548,2143637,1292,1089,2381,completed,4
38025,Rigid,2141324,2141324,2141341,0,17,17,completed,6
38026,Rigid,2141349,2141350,2141380,1,30,31,completed,6
38027,Rigid,2141350,2141350,2141380,0,30,30,completed,6
38028,Rigid,2141350,2141354,2141379,4,25,29,completed,6
38029,Rigid,2141506,2141506,2141511,0,5,5,completed,16
38030,Rigid,2141604,2141604,2141609,0,5,5,completed,16
38031,Rigid,2141663,2141663,2141668,0,5,5,completed,16
38032,Rigid,2141697,2141697,2141702,0,5,5,completed,16
38033,Rigid,2142393,2142402,2142786,9,384,393,completed,36
38034,Rigid,2142518,2142548,2142560,30,12,42,completed,1
38035,Rigid,2142545,2142545,2142550,0,5,5,completed,16
38036,Rigid,2142565,2145949,2145959,3384,10,3394,completed,1
38037,Rigid,2142567,2145949,2145959,3382,10,3392,completed,1
38038,Rigid,2142579,2145949,2145960,3370,11,3381,completed,1
38039,Rigid,2142582,2145949,2145961,3367,12,3379,completed,1
38040,Rigid,2142595,2145949,2145965,3354,16,3370,completed,1
38041,Rigid,2142608,2142608,2142613,0,5,5,completed,16
38042,Rigid,2142627,2145949,2145974,3322,25,3347,completed,1
38043,Rigid,2142638,2145949,2145974,3311,25,3336,completed,1
38044,Rigid,2142821,2142821,2142826,0,5,5,completed,16
38045,Rigid,2142867,2145949,2146023,3082,74,3156,completed,1
38046,Rigid,2142880,2145949,2146025,3069,76,3145,completed,1
38047,Rigid,2142895,2145949,2146033,3054,84,3138,completed,1
38048,Rigid,2142897,2145949,2146037,3052,88,3140,completed,1
38049,Rigid,2142899,2142899,2142904,0,5,5,completed,16
38050,Rigid,2142922,2142922,2142927,0,5,5,completed,16
38051,Rigid,2143082,2143082,2143086,0,4,4,completed,16
38052,Rigid,2143306,2145949,2146283,2643,334,2977,completed,1
38053,Rigid,2143306,2145949,2146288,2643,339,2982,completed,1
38054,Rigid,2143306,2145949,2146282,2643,333,2976,completed,1
38055,Rigid,2143306,2145949,2146289,2643,340,2983,completed,1
38056,Rigid,2143307,2145949,2146287,2642,338,2980,completed,1
38057,Rigid,2143307,2145949,2146287,2642,338,2980,completed,1
38058,Rigid,2143307,2145949,2146285,2642,336,2978,completed,1
38059,Rigid,2143307,2145949,2146295,2642,346,2988,completed,1
38060,Rigid,2143307,2145949,2146291,2642,342,2984,completed,1
38061,Rigid,2143307,2145949,2146288,2642,339,2981,completed,1
38062,Rigid,2143307,2145949,2146283,2642,334,2976,completed,1
38063,Rigid,2143308,2145949,2146291,2641,342,2983,completed,1
38064,Rigid,2143308,2145949,2146286,2641,337,2978,completed,1
38065,Rigid,2143308,2145949,2146290,2641,341,2982,completed,1
38066,Rigid,2143308,2145949,2146296,2641,347,2988,completed,1
38067,Rigid,2143308,2145949,2146293,2641,344,2985,completed,1
38068,Rigid,2143308,2145949,2146289,2641,340,2981,completed,1
38069,Rigid,2143308,2145949,2146285,2641,336,2977,completed,1
38070,Rigid,2143309,2145949,2146287,2640,338,2978,completed,1
38071,Rigid,2143309,2145949,2146296,2640,347,2987,completed,1
38072,Rigid,2143318,2143318,2143322,0,4,4,completed,16
38073,Rigid,2143327,2145949,2146313,2622,364,2986,completed,1
38074,Rigid,2143327,2145949,2146313,2622,364,2986,completed,1
38075,Rigid,2143327,2145949,2146308,2622,359,2981,completed,1
38076,Rigid,2143328,2145949,2146314,2621,365,2986,completed,1
38077,Rigid,2143328,2145949,2146304,2621,355,2976,completed,1
38078,Rigid,2143328,2145949,2146307,2621,358,2979,completed,1
38079,Rigid,2143329,2145949,2146310,2620,361,2981,completed,1
38080,Rigid,2143329,2145949,2146308,2620,359,2979,completed,1
38081,Rigid,2143329,2145949,2146308,2620,359,2979,completed,1
38082,Rigid,2143329,2145949,2146308,2620,359,2979,completed,1
38083,Rigid,2143342,2145949,2146311,2607,362,2969,completed,1
38084,Rigid,2143342,2145949,2146310,2607,361,2968,completed,1
38085,Rigid,2143343,2145949,2146315,2606,366,2972,completed,1
38086,Rigid,2143343,2145949,2146310,2606,361,2967,completed,1
38087,Rigid,2143343,2145949,2146312,2606,363,2969,completed,1
38088,Rigid,2143343,2145949,2146322,2606,373,2979,completed,1
38089,Rigid,2143343,2145949,2146321,2606,372,2978,completed,1
38090,Rigid,2143344,2145949,2146315,2605,366,2971,completed,1
38091,Rigid,2143344,2145949,2146321,2605,372,2977,completed,1
38092,Rigid,2143344,2145949,2146308,2605,359,2964,completed,1
38093,Rigid,2143415,2145949,2146343,2534,394,2928,completed,1
38094,Rigid,2143415,2145949,2146346,2534,397,2931,completed,1
38095,Rigid,2143415,2145949,2146349,2534,400,2934,completed,1
38096,Rigid,2143415,2145949,2146365,2534,416,2950,completed,1
38097,Rigid,2143416,2145949,2146360,2533,411,2944,completed,1
38098,Rigid,2143416,2145949,2146346,2533,397,2930,completed,1
38099,Rigid,2143416,2145949,2146346,2533,397,2930,completed,1
38100,Rigid,2143417,2145949,2146349,2532,400,2932,completed,1
38101,Rigid,2143417,2145949,2146426,2532,477,3009,completed,1
38102,Rigid,2143417,2145949,2146339,2532,390,2922,completed,1
38103,Rigid,2143417,2145949,2146350,2532,401,2933,completed,1
38104,Rigid,2143417,2145949,2146353,2532,404,2936,completed,1
38105,Rigid,2143418,2145949,2146347,2531,398,2929,completed,1
38106,Rigid,2143418,2145949,2146347,2531,398,2929,completed,1
38107,Rigid,2143418,2145949,2146349,2531,400,2931,completed,1
38108,Rigid,2143418,2145949,2146357,2531,408,2939,completed,1
38109,Rigid,2143418,2145949,2146439,2531,490,3021,completed,1
38110,Rigid,2143419,2145949,2146456,2530,507,3037,completed,1
38111,Rigid,2143419,2145949,2146347,2530,398,2928,completed,1
38112,Rigid,2143419,2145949,2146346,2530,397,2927,completed,1
38113,Rigid,2143431,2143454,2166744,23,23290,23313,completed,144
38114,Rigid,2143434,2145949,2146448,2515,499,3014,completed,1
38115,Rigid,2143434,2145949,2146353,2515,404,2919,completed,1
38116,Rigid,2143435,2145949,2146347,2514,398,2912,completed,1
38117,Rigid,2143435,2145949,2146343,2514,394,2908,completed,1
38118,Rigid,2143435,2145949,2146344,2514,395,2909,completed,1
38119,Rigid,2143435,2145949,2146345,2514,396,2910,completed,1
38120,Rigid,2143435,2145949,2146343,2514,394,2908,completed,1
38121,Rigid,2143436,2145949,2146347,2513,398,2911,completed,1
38122,Rigid,2143436,2145949,2146337,2513,388,2901,completed,1
38123,Rigid,2143436,2145949,2146334,2513,385,2898,completed,1
38124,Rigid,2143437,2145949,2146352,2512,403,2915,completed,1
38125,Rigid,2143437,2145949,2146344,2512,395,2907,completed,1
38126,Rigid,2143437,2145949,2146359,2512,410,2922,completed,1
38127,Rigid,2143437,2145949,2146364,2512,415,2927,completed,1
38128,Rigid,2143437,2145949,2146338,2512,389,2901,completed,1
38129,Rigid,2143438,2145949,2146342,2511,393,2904,completed,1
38130,Rigid,2143438,2145949,2146349,2511,400,2911,completed,1
38131,Rigid,2143438,2145949,2146337,2511,388,2899,completed,1
38132,Rigid,2143438,2143438,2143443,0,5,5,completed,16
38133,Rigid,2143438,2145949,2146348,2511,399,2910,completed,1
38134,Rigid,2143438,2145949,2146373,2511,424,2935,completed,1
38135,Rigid,2143477,2145949,2146381,2472,432,2904,completed,1
38136,Rigid,2143477,2145949,2146377,2472,428,2900,completed,1
38137,Rigid,2143477,2145949,2146377,2472,428,2900,completed,1
38138,Rigid,2143477,2145949,2146374,2472,425,2897,completed,1
38139,Rigid,2143478,2145949,2146379,2471,430,2901,completed,1
38140,Rigid,2143478,2145949,2146380,2471,431,2902,completed,1
38141,Rigid,2143478,2145949,2146375,2471,426,2897,completed,1
38142,Rigid,2143478,2145949,2146378,2471,429,2900,completed,1
38143,Rigid,2143478,2145949,2146372,2471,423,2894,completed,1
38144,Rigid,2143478,2145949,2146379,2471,430,2901,completed,1
38145,Rigid,2143479,2145949,2146381,2470,432,2902,completed,1
38146,Rigid,2143479,2145949,2146376,2470,427,2897,completed,1
38147,Rigid,2143479,2145949,2146378,2470,429,2899,completed,1
38148,Rigid,2143479,2145949,2146376,2470,427,2897,completed,1
38149,Rigid,2143480,2145949,2146367,2469,418,2887,completed,1
38150,Rigid,2143480,2145949,2146369,2469,420,2889,completed,1
38151,Rigid,2143480,2145949,2146407,2469,458,2927,completed,1
38152,Rigid,2143480,2145949,2146379,2469,430,2899,completed,1
38153,Rigid,2143480,2145949,2146375,2469,426,2895,completed,1
38154,Rigid,2143481,2145949,2146377,2468,428,2896,completed,1
38155,Rigid,2143500,2145949,2146375,2449,426,2875,completed,1
38156,Rigid,2143501,2145949,2146377,2448,428,2876,completed,1
38157,Rigid,2143501,2145949,2146383,2448,434,2882,completed,1
38158,Rigid,2143501,2145949,2146373,2448,424,2872,completed,1
38159,Rigid,2143501,2145949,2146375,2448,426,2874,completed,1
38160,Rigid,2143501,2145949,2146381,2448,432,2880,completed,1
38161,Rigid,2143502,2145949,2146375,2447,426,2873,completed,1
38162,Rigid,2143502,2145949,2146380,2447,431,2878,completed,1
38163,Rigid,2143502,2145949,2146377,2447,428,2875,completed,1
38164,Rigid,2143502,2145949,2146421,2447,472,2919,completed,1
38165,Rigid,2143503,2145949,2146380,2446,431,2877,completed,1
38166,Rigid,2143503,2145949,2146381,2446,432,2878,completed,1
38167,Rigid,2143503,2145949,2146373,2446,424,2870,completed,1
38168,Rigid,2143503,2145949,2146388,2446,439,2885,completed,1
38169,Rigid,2143504,2145949,2146382,2445,433,2878,completed,1
38170,Rigid,2143504,2145949,2146403,2445,454,2899,completed,1
38171,Rigid,2143505,2145949,2146471,2444,522,2966,completed,1
38172,Rigid,2143505,2145949,2146383,2444,434,2878,completed,1
38173,Rigid,2143505,2145949,2146371,2444,422,2866,completed,1
38174,Rigid,2143505,2145949,2146386,2444,437,2881,completed,1
38175,Rigid,2143506,2145949,2146481,2443,532,2975,completed,1
38176,Rigid,2143506,2145949,2146387,2443,438,2881,completed,1
38177,Rigid,2143506,2145949,2146377,2443,428,2871,completed,1
38178,Rigid,2143506,2145949,2146389,2443,440,2883,completed,1
38179,Rigid,2143507,2145949,2146384,2442,435,2877,completed,1
38180,Rigid,2143507,2145949,2146370,2442,421,2863,completed,1
38181,Rigid,2143507,2145949,2146372,2442,423,2865,completed,1
38182,Rigid,2143508,2145949,2146384,2441,435,2876,completed,1
38183,Rigid,2143508,2145949,2146374,2441,425,2866,completed,1
38184,Rigid,2143508,2145949,2146420,2441,471,2912,completed,1
38185,Rigid,2143518,2143518,2143523,0,5,5,completed,16
38186,Rigid,2143527,2145949,2146482,2422,533,2955,completed,1
38187,Rigid,2143527,2145949,2146375,2422,426,2848,completed,1
38188,Rigid,2143528,2145949,2146386,2421,437,2858,completed,1
38189,Rigid,2143528,2145949,2146386,2421,437,2858,completed,1
38190,Rigid,2143528,2145949,2146383,2421,434,2855,completed,1
38191,Rigid,2143528,2145949,2146379,2421,430,2851,completed,1
38192,Rigid,2143529,2145949,2146378,2420,429,2849,completed,1
38193,Rigid,2143529,2145949,2146376,2420,427,2847,completed,1
38194,Rigid,2143529,2145949,2146476,2420,527,2947,completed,1
38195,Rigid,2143529,2145949,2146381,2420,432,2852,completed,1
38196,Rigid,2143658,2145949,2146464,2291,515,2806,completed,1
38197,Rigid,2143658,2145949,2146452,2291,503,2794,completed,1
38198,Rigid,2143658,2145949,2146463,2291,514,2805,completed,1
38199,Rigid,2143659,2145949,2146466,2290,517,2807,completed,1
38200,Rigid,2143659,2145949,2146462,2290,513,2803,completed,1
38201,Rigid,2143659,2145949,2146481,2290,532,2822,completed,1
38202,Rigid,2143659,2145949,2146474,2290,525,2815,completed,1
38203,Rigid,2143659,2145949,2146470,2290,521,2811,completed,1
38204,Rigid,2143659,2145949,2146466,2290,517,2807,completed,1
38205,Rigid,2143660,2145949,2146467,2289,518,2807,completed,1
38206,Rigid,2143712,2145949,2146468,2237,519,2756,completed,1
38207,Rigid,2143713,2145949,2146480,2236,531,2767,completed,1
38208,Rigid,2143713,2145949,2146538,2236,589,2825,completed,1
38209,Rigid,2143713,2145949,2146456,2236,507,2743,completed,1
38210,Rigid,2143713,2145949,2146510,2236,561,2797,completed,1
38211,Rigid,2143713,2145949,2146462,2236,513,2749,completed,1
38212,Rigid,2143714,2145949,2146460,2235,511,2746,completed,1
38213,Rigid,2143714,2145949,2146458,2235,509,2744,completed,1
38214,Rigid,2143714,2145949,2146464,2235,515,2750,completed,1
38215,Rigid,2143714,2145949,2146461,2235,512,2747,completed,1
38216,Rigid,2143729,2143729,2143733,0,4,4,completed,16
38217,Rigid,2143795,2143795,2143809,0,14,14,completed,72
38218,Rigid,2143800,2145949,2146528,2149,579,2728,completed,1
38219,Rigid,2143800,2145949,2146523,2149,574,2723,completed,1
38220,Rigid,2143800,2145949,2146527,2149,578,2727,completed,1
38221,Rigid,2143801,2145949,2146523,2148,574,2722,completed,1
38222,Rigid,2143801,2145949,2146537,2148,588,2736,completed,1
38223,Rigid,2143801,2145949,2146525,2148,576,2724,completed,1
38224,Rigid,2143802,2145949,2146518,2147,569,2716,completed,1
38225,Rigid,2143802,2145949,2146651,2147,702,2849,completed,1
38226,Rigid,2143802,2145949,2146646,2147,697,2844,completed,1
38227,Rigid,2143803,2145949,2146518,2146,569,2715,completed,1
38228,Rigid,2143828,2145949,2146240,2121,291,2412,completed,1
38229,Rigid,2143830,2145949,2146532,2119,583,2702,completed,1
38230,Rigid,2143830,2145949,2146524,2119,575,2694,completed,1
38231,Rigid,2143830,2145949,2146521,2119,572,2691,completed,1
38232,Rigid,2143831,2145949,2146524,2118,575,2693,completed,1
38233,Rigid,2143831,2145949,2146516,2118,567,2685,completed,1
38234,Rigid,2143831,2145949,2146525,2118,576,2694,completed,1
38235,Rigid,2143831,2145949,2146523,2118,574,2692,completed,1
38236,Rigid,2143832,2145949,2146531,2117,582,2699,completed,1
38237,Rigid,2143832,2145949,2146530,2117,581,2698,completed,1
38238,Rigid,2143832,2145949,2146517,2117,568,2685,completed,1
38239,Rigid,2143888,2145949,2146260,2061,311,2372,completed,1
38240,Rigid,2144008,2144008,2144013,0,5,5,completed,72
38241,Rigid,2144019,2144019,2144024,0,5,5,completed,16
38242,Rigid,2144034,2145949,2146280,1915,331,2246,completed,1
38243,Rigid,2144064,2145949,2146270,1885,321,2206,completed,1
38244,Rigid,2144153,2145949,2146680,1796,731,2527,completed,1
38245,Rigid,2144154,2145945,2146720,1791,775,2566,completed,1
38246,Rigid,2144154,2145945,2146717,1791,772,2563,completed,1
38247,Rigid,2144154,2145945,2146611,1791,666,2457,completed,1
38248,Rigid,2144183,2145945,2146627,1762,682,2444,completed,1
38249,Rigid,2144444,2144444,2144449,0,5,5,completed,16
38250,Rigid,2144606,2144606,2144611,0,5,5,completed,16
38251,Rigid,2144691,2144691,2144696,0,5,5,completed,16
38252,Rigid,2144820,2144820,2144826,0,6,6,completed,16
38253,Rigid,2144886,2144886,2144891,0,5,5,completed,16
38254,Rigid,2144909,2144910,2144943,1,33,34,completed,1
38255,Rigid,2144910,2144910,2144913,0,3,3,completed,1
38256,Rigid,2144910,2144910,2144919,0,9,9,completed,1
38257,Rigid,2144910,2144910,2144913,0,3,3,completed,1
38258,Rigid,2145026,2145026,2146912,0,1886,1886,completed,2
38259,Rigid,2145026,2145026,2145052,0,26,26,completed,1
38260,Rigid,2145026,2145026,2146830,0,1804,1804,completed,2
38261,Rigid,2145026,2145026,2146648,0,1622,1622,completed,2
38262,Rigid,2145026,2145026,2145059,0,33,33,completed,1
38263,Rigid,2145026,2145030,2146060,4,1030,1034,completed,2
38264,Rigid,2145026,2145030,2146059,4,1029,1033,completed,2
38265,Rigid,2145026,2145030,2145080,4,50,54,completed,1
38266,Rigid,2145026,2145030,2146517,4,1487,1491,completed,2
38267,Rigid,2145026,2145030,2145111,4,81,85,completed,1
38268,Rigid,2145027,2145030,2145935,3,905,908,completed,2
38269,Rigid,2145027,2145030,2145157,3,127,130,completed,1
38270,Rigid,2145027,2145030,2145090,3,60,63,completed,1
38271,Rigid,2145027,2145030,2146696,3,1666,1669,completed,2
38272,Rigid,2145027,2145030,2145147,3,117,120,completed,1
38273,Rigid,2145027,2145030,2146625,3,1595,1598,completed,2
38274,Rigid,2145028,2145030,2146704,2,1674,1676,completed,2
38275,Rigid,2145028,2145030,2146943,2,1913,1915,completed,2
38276,Rigid,2145028,2145030,2145774,2,744,746,completed,2
38277,Rigid,2145028,2145030,2146691,2,1661,1663,completed,2
38278,Rigid,2145028,2145030,2145123,2,93,95,completed,1
38279,Rigid,2145028,2145030,2145145,2,115,117,completed,1
38280,Rigid,2145028,2145030,2145103,2,73,75,completed,1
38281,Rigid,2145028,2145030,2146841,2,1811,1813,completed,2
38282,Rigid,2145029,2145030,2145172,1,142,143,completed,1
38283,Rigid,2145029,2145030,2146712,1,1682,1683,completed,2
38284,Rigid,2145029,2145030,2145159,1,129,130,completed,1
38285,Rigid,2145029,2145030,2146642,1,1612,1613,completed,2
38286,Rigid,2145029,2145030,2146711,1,1681,1682,completed,2
38287,Rigid,2145030,2145030,2148566,0,3536,3536,completed,1
38288,Rigid,2145030,2145030,2145134,0,104,104,completed,1
38289,Rigid,2145030,2145030,2145117,0,87,87,completed,1
38290,Rigid,2145030,2145030,2145131,0,101,101,completed,1
38291,Rigid,2145031,2145034,2147329,3,2295,2298,completed,2
38292,Rigid,2145031,2145034,2149611,3,4577,4580,completed,1
38293,Rigid,2145031,2145034,2145107,3,73,76,completed,1
38294,Rigid,2145031,2145034,2145118,3,84,87,completed,1
38295,Rigid,2145031,2145034,2145099,3,65,68,completed,1
38296,Rigid,2145031,2145034,2146824,3,1790,1793,completed,2
38297,Rigid,2145032,2145034,2145094,2,60,62,completed,1
38298,Rigid,2145032,2145034,2147255,2,2221,2223,completed,2
38299,Rigid,2145032,2145034,2145065,2,31,33,completed,1
38300,Rigid,2145032,2145034,2145967,2,933,935,completed,2
38301,Rigid,2145033,2145034,2145683,1,649,650,completed,2
38302,Rigid,2145033,2145034,2145096,1,62,63,completed,1
38303,Rigid,2145033,2145034,2145831,1,797,798,completed,2
38304,Rigid,2145033,2145034,2145103,1,69,70,completed,1
38305,Rigid,2145033,2145034,2145803,1,769,770,completed,2
38306,Rigid,2145033,2145034,2145120,1,86,87,completed,1
38307,Rigid,2145034,2145034,2148891,0,3857,3857,completed,1
38308,Rigid,2145034,2145034,2145106,0,72,72,completed,1
38309,Rigid,2145034,2145037,2146668,3,1631,1634,completed,2
38310,Rigid,2145034,2145037,2145064,3,27,30,completed,1
38311,Rigid,2145035,2145037,2148896,2,3859,3861,completed,1
38312,Rigid,2145035,2145037,2145832,2,795,797,completed,2
38313,Rigid,2145035,2145037,2145717,2,680,682,completed,2
38314,Rigid,2145035,2145037,2148624,2,3587,3589,completed,1
38315,Rigid,2145035,2145037,2145137,2,100,102,completed,1
38316,Rigid,2145035,2145037,2146581,2,1544,1546,completed,2
38317,Rigid,2145036,2145037,2146469,1,1432,1433,completed,2
38318,Rigid,2145036,2145037,2145838,1,801,802,completed,2
38319,Rigid,2145036,2145037,2149019,1,3982,3983,completed,1
38320,Rigid,2145036,2145037,2145127,1,90,91,completed,1
38321,Rigid,2145036,2145037,2145126,1,89,90,completed,1
38322,Rigid,2145036,2145037,2148414,1,3377,3378,completed,1
38323,Rigid,2145036,2145037,2145843,1,806,807,completed,2
38324,Rigid,2145036,2145037,2149086,1,4049,4050,completed,1
38325,Rigid,2145037,2145037,2146905,0,1868,1868,completed,2
38326,Rigid,2145038,2145041,2148394,3,3353,3356,completed,1
38327,Rigid,2145038,2145041,2146947,3,1906,1909,completed,2
38328,Rigid,2145038,2145041,2146905,3,1864,1867,completed,2
38329,Rigid,2145038,2145041,2149420,3,4379,4382,completed,1
38330,Rigid,2145038,2145041,2147025,3,1984,1987,completed,1
38331,Rigid,2145038,2145041,2145644,3,603,606,completed,2
38332,Rigid,2145039,2145041,2146564,2,1523,1525,completed,2
38333,Rigid,2145039,2145041,2145649,2,608,610,completed,2
38334,Rigid,2145039,2145041,2148064,2,3023,3025,completed,1
38335,Rigid,2145039,2145041,2147996,2,2955,2957,completed,1
38336,Rigid,2145039,2145041,2145467,2,426,428,completed,2
38337,Rigid,2145039,2145041,2145467,2,426,428,completed,2
38338,Rigid,2145039,2145041,2146595,2,1554,1556,completed,2
38339,Rigid,2145040,2145041,2146564,1,1523,1524,completed,2
38340,Rigid,2145040,2145041,2146595,1,1554,1555,completed,2
38341,Rigid,2145040,2145041,2146737,1,1696,1697,completed,1
38342,Rigid,2145421,2145422,2147591,1,2169,2170,completed,144
38343,Rigid,2145459,2145461,2147589,2,2128,2130,completed,144
38344,Rigid,2145967,2149675,2150455,3708,780,4488,completed,1
38345,Rigid,2145967,2149675,2149934,3708,259,3967,completed,18
38346,Rigid,2145967,2149675,2150447,3708,772,4480,completed,1
38347,Rigid,2145967,2149675,2149852,3708,177,3885,completed,18
38348,Rigid,2145997,2149675,2150435,3678,760,4438,completed,1
38349,Rigid,2145997,2149675,2150174,3678,499,4177,completed,18
38350,Rigid,2145998,2149675,2150019,3677,344,4021,completed,18
38351,Rigid,2146027,2149675,2150422,3648,747,4395,completed,1
38352,Rigid,2146028,2149675,2151403,3647,1728,5375,completed,18
38353,Rigid,2146057,2149675,2150448,3618,773,4391,completed,1
38354,Rigid,2146057,2149675,2151740,3618,2065,5683,completed,18
38355,Rigid,2146252,2149675,2150499,3423,824,4247,completed,1
38356,Rigid,2146283,2149675,2150467,3392,792,4184,completed,1
38357,Rigid,2146283,2149675,2154455,3392,4780,8172,completed,18
38358,Rigid,2146283,2149675,2152783,3392,3108,6500,completed,18
38359,Rigid,2146296,2149675,2150472,3379,797,4176,completed,1
38360,Rigid,2146297,2149675,2150474,3378,799,4177,completed,1
38361,Rigid,2146297,2149675,2150472,3378,797,4175,completed,1
38362,Rigid,2146298,2149675,2150456,3377,781,4158,completed,1
38363,Rigid,2146299,2149675,2150469,3376,794,4170,completed,1
38364,Rigid,2146299,2149675,2150463,3376,788,4164,completed,1
38365,Rigid,2146299,2149675,2149762,3376,87,3463,completed,1
38366,Rigid,2146300,2149675,2150458,3375,783,4158,completed,1
38367,Rigid,2146300,2149675,2150464,3375,789,4164,completed,1
38368,Rigid,2146301,2149675,2149789,3374,114,3488,completed,1
38369,Rigid,2146301,2149675,2149793,3374,118,3492,completed,1
38370,Rigid,2146301,2149675,2149783,3374,108,3482,completed,1
38371,Rigid,2146302,2149675,2149779,3373,104,3477,completed,1
38372,Rigid,2146302,2149675,2149790,3373,115,3488,completed,1
38373,Rigid,2146302,2149675,2149794,3373,119,3492,completed,1
38374,Rigid,2146303,2149675,2149797,3372,122,3494,completed,1
38375,Rigid,2146303,2149675,2149812,3372,137,3509,completed,1
38376,Rigid,2146304,2149675,2149772,3371,97,3468,completed,1
38377,Rigid,2146304,2149675,2149808,3371,133,3504,completed,1
38378,Rigid,2146305,2149675,2149812,3370,137,3507,completed,1
38379,Rigid,2146317,2758908,3078258,612591,319350,931941,completed,1
38380,Rigid,2146333,2149675,2149783,3342,108,3450,completed,1
38381,Rigid,2146333,2149675,2149797,3342,122,3464,completed,1
38382,Rigid,2146333,2149675,2149776,3342,101,3443,completed,1
38383,Rigid,2146334,2149675,2149828,3341,153,3494,completed,1
38384,Rigid,2146335,2149675,2149823,3340,148,3488,completed,1
38385,Rigid,2146335,2149675,2149808,3340,133,3473,completed,1
38386,Rigid,2146336,2149675,2149789,3339,114,3453,completed,1
38387,Rigid,2146336,2149675,2149789,3339,114,3453,completed,1
38388,Rigid,2146336,2149675,2149817,3339,142,3481,completed,1
38389,Rigid,2146337,2149675,2149838,3338,163,3501,completed,1
38390,Rigid,2146337,2149675,2149847,3338,172,3510,completed,1
38391,Rigid,2146337,2149675,2149815,3338,140,3478,completed,1
38392,Rigid,2146338,2149675,2149844,3337,169,3506,completed,1
38393,Rigid,2146338,2149675,2149839,3337,164,3501,completed,1
38394,Rigid,2146339,2149675,2149803,3336,128,3464,completed,1
38395,Rigid,2146339,2149675,2149867,3336,192,3528,completed,1
38396,Rigid,2146340,2149675,2149836,3335,161,3496,completed,1
38397,Rigid,2146340,2149675,2149860,3335,185,3520,completed,1
38398,Rigid,2146341,2149675,2149825,3334,150,3484,completed,1
38399,Rigid,2146341,2149675,2149816,3334,141,3475,completed,1
38400,Rigid,2146342,2149675,2149858,3333,183,3516,completed,1
38401,Rigid,2146342,2149675,2149880,3333,205,3538,completed,1
38402,Rigid,2146368,2149675,2149850,3307,175,3482,completed,1
38403,Rigid,2146369,2149675,2149878,3306,203,3509,completed,1
38404,Rigid,2146370,2149675,2149870,3305,195,3500,completed,1
38405,Rigid,2146371,2149675,2149873,3304,198,3502,completed,1
38406,Rigid,2146371,2149675,2149814,3304,139,3443,completed,1
38407,Rigid,2146371,2149675,2149853,3304,178,3482,completed,1
38408,Rigid,2146372,2149675,2149871,3303,196,3499,completed,1
38409,Rigid,2146373,2149675,2149837,3302,162,3464,completed,1
38410,Rigid,2146373,2149675,2149853,3302,178,3480,completed,1
38411,Rigid,2146374,2149675,2149819,3301,144,3445,completed,1
38412,Rigid,2146374,2149675,2149874,3301,199,3500,completed,1
38413,Rigid,2146374,2149675,2149849,3301,174,3475,completed,1
38414,Rigid,2146374,2149675,2149861,3301,186,3487,completed,1
38415,Rigid,2146375,2149675,2149852,3300,177,3477,completed,1
38416,Rigid,2146375,2149675,2149856,3300,181,3481,completed,1
38417,Rigid,2146376,2149675,2149847,3299,172,3471,completed,1
38418,Rigid,2146376,2149675,2149865,3299,190,3489,completed,1
38419,Rigid,2146376,2149675,2149879,3299,204,3503,completed,1
38420,Rigid,2146377,2149675,2149837,3298,162,3460,completed,1
38421,Rigid,2146377,2149675,2149849,3298,174,3472,completed,1
38422,Rigid,2146378,2149675,2149864,3297,189,3486,completed,1
38423,Rigid,2146378,2149675,2149845,3297,170,3467,completed,1
38424,Rigid,2146379,2149675,2149830,3296,155,3451,completed,1
38425,Rigid,2146379,2149675,2149850,3296,175,3471,completed,1
38426,Rigid,2146379,2149675,2149886,3296,211,3507,completed,1
38427,Rigid,2146380,2149675,2149880,3295,205,3500,completed,1
38428,Rigid,2146380,2149675,2149846,3295,171,3466,completed,1
38429,Rigid,2146381,2149675,2149871,3294,196,3490,completed,1
38430,Rigid,2146381,2149675,2149874,3294,199,3493,completed,1
38431,Rigid,2146381,2149675,2149848,3294,173,3467,completed,1
38432,Rigid,2146382,2149675,2149875,3293,200,3493,completed,1
38433,Rigid,2146382,2149675,2149822,3293,147,3440,completed,1
38434,Rigid,2146383,2149675,2149883,3292,208,3500,completed,1
38435,Rigid,2146383,2149675,2149864,3292,189,3481,completed,1
38436,Rigid,2146383,2149675,2149881,3292,206,3498,completed,1
38437,Rigid,2146384,2149675,2149848,3291,173,3464,completed,1
38438,Rigid,2146384,2149675,2149867,3291,192,3483,completed,1
38439,Rigid,2146384,2149675,2149887,3291,212,3503,completed,1
38440,Rigid,2146384,2149675,2149888,3291,213,3504,completed,1
38441,Rigid,2146384,2149675,2149893,3291,218,3509,completed,1
38442,Rigid,2146385,2149675,2149886,3290,211,3501,completed,1
38443,Rigid,2146409,2149675,2149875,3266,200,3466,completed,1
38444,Rigid,2146409,2149675,2149893,3266,218,3484,completed,1
38445,Rigid,2146409,2149675,2149876,3266,201,3467,completed,1
38446,Rigid,2146409,2149675,2149873,3266,198,3464,completed,1
38447,Rigid,2146410,2149675,2149862,3265,187,3452,completed,1
38448,Rigid,2146410,2149675,2149837,3265,162,3427,completed,1
38449,Rigid,2146411,2149675,2149899,3264,224,3488,completed,1
38450,Rigid,2146411,2149675,2149828,3264,153,3417,completed,1
38451,Rigid,2146411,2149675,2149857,3264,182,3446,completed,1
38452,Rigid,2146411,2149675,2149875,3264,200,3464,completed,1
38453,Rigid,2146412,2149675,2149891,3263,216,3479,completed,1
38454,Rigid,2146412,2149675,2149871,3263,196,3459,completed,1
38455,Rigid,2146412,2149675,2149853,3263,178,3441,completed,1
38456,Rigid,2146412,2149675,2149895,3263,220,3483,completed,1
38457,Rigid,2146412,2149675,2149821,3263,146,3409,completed,1
38458,Rigid,2146413,2149675,2149878,3262,203,3465,completed,1
38459,Rigid,2146413,2149675,2149843,3262,168,3430,completed,1
38460,Rigid,2146414,2149675,2149889,3261,214,3475,completed,1
38461,Rigid,2146414,2149675,2149821,3261,146,3407,completed,1
38462,Rigid,2146414,2149675,2149832,3261,157,3418,completed,1
38463,Rigid,2146414,2149675,2149821,3261,146,3407,completed,1
38464,Rigid,2146414,2149675,2149802,3261,127,3388,completed,1
38465,Rigid,2146415,2149675,2149819,3260,144,3404,completed,1
38466,Rigid,2146415,2149675,2149849,3260,174,3434,completed,1
38467,Rigid,2146415,2149675,2149827,3260,152,3412,completed,1
38468,Rigid,2146415,2149675,2149828,3260,153,3413,completed,1
38469,Rigid,2146416,2149675,2149854,3259,179,3438,completed,1
38470,Rigid,2146416,2149675,2149813,3259,138,3397,completed,1
38471,Rigid,2146416,2149675,2149807,3259,132,3391,completed,1
38472,Rigid,2146416,2149675,2149838,3259,163,3422,completed,1
38473,Rigid,2146417,2149675,2149834,3258,159,3417,completed,1
38474,Rigid,2146417,2149675,2149821,3258,146,3404,completed,1
38475,Rigid,2146417,2149675,2149803,3258,128,3386,completed,1
38476,Rigid,2146417,2149675,2149796,3258,121,3379,completed,1
38477,Rigid,2146418,2149675,2149819,3257,144,3401,completed,1
38478,Rigid,2146418,2149675,2149804,3257,129,3386,completed,1
38479,Rigid,2146418,2149671,2149829,3253,158,3411,completed,1
38480,Rigid,2146418,2149671,2149812,3253,141,3394,completed,1
38481,Rigid,2146419,2149671,2149891,3252,220,3472,completed,1
38482,Rigid,2146419,2149671,2149887,3252,216,3468,completed,1
38483,Rigid,2146420,2149671,2149883,3251,212,3463,completed,1
38484,Rigid,2146420,2149671,2149842,3251,171,3422,completed,1
38485,Rigid,2146420,2149671,2149891,3251,220,3471,completed,1
38486,Rigid,2146420,2149671,2149869,3251,198,3449,completed,1
38487,Rigid,2146421,2149671,2149818,3250,147,3397,completed,1
38488,Rigid,2146421,2149671,2149895,3250,224,3474,completed,1
38489,Rigid,2146421,2149671,2149839,3250,168,3418,completed,1
38490,Rigid,2146421,2149671,2149878,3250,207,3457,completed,1
38491,Rigid,2146449,2149671,2149879,3222,208,3430,completed,1
38492,Rigid,2146450,2149671,2149880,3221,209,3430,completed,1
38493,Rigid,2146450,2149671,2149879,3221,208,3429,completed,1
38494,Rigid,2146451,2149671,2149833,3220,162,3382,completed,1
38495,Rigid,2146478,2149671,2149899,3193,228,3421,completed,1
38496,Rigid,2146479,2149671,2149893,3192,222,3414,completed,1
38497,Rigid,2146479,2149671,2149880,3192,209,3401,completed,1
38498,Rigid,2146479,2149671,2149907,3192,236,3428,completed,1
38499,Rigid,2146479,2149671,2149886,3192,215,3407,completed,1
38500,Rigid,2146479,2149671,2149882,3192,211,3403,completed,1
38501,Rigid,2146479,2149671,2149864,3192,193,3385,completed,1
38502,Rigid,2146480,2149671,2149920,3191,249,3440,completed,1
38503,Rigid,2146480,2149671,2149877,3191,206,3397,completed,1
38504,Rigid,2146480,2149671,2149889,3191,218,3409,completed,1
38505,Rigid,2146480,2149671,2149890,3191,219,3410,completed,1
38506,Rigid,2146481,2149671,2149913,3190,242,3432,completed,1
38507,Rigid,2146481,2149671,2149891,3190,220,3410,completed,1
38508,Rigid,2146482,2149671,2149905,3189,234,3423,completed,1
38509,Rigid,2146482,2149671,2149852,3189,181,3370,completed,1
38510,Rigid,2146482,2149671,2149868,3189,197,3386,completed,1
38511,Rigid,2146482,2149671,2149890,3189,219,3408,completed,1
38512,Rigid,2146482,2149671,2149860,3189,189,3378,completed,1
38513,Rigid,2146483,2149671,2149856,3188,185,3373,completed,1
38514,Rigid,2146483,2149671,2149901,3188,230,3418,completed,1
38515,Rigid,2146511,2149671,2149919,3160,248,3408,completed,1
38516,Rigid,2146512,2149671,2149929,3159,258,3417,completed,1
38517,Rigid,2146512,2149671,2149885,3159,214,3373,completed,1
38518,Rigid,2146513,2149671,2149866,3158,195,3353,completed,1
38519,Rigid,2146541,2149671,2149927,3130,256,3386,completed,1
38520,Rigid,2146541,2149671,2149917,3130,246,3376,completed,1
38521,Rigid,2146542,2149671,2149917,3129,246,3375,completed,1
38522,Rigid,2146542,2149671,2149905,3129,234,3363,completed,1
38523,Rigid,2146543,2149671,2149896,3128,225,3353,completed,1
38524,Rigid,2146543,2149671,2149917,3128,246,3374,completed,1
38525,Rigid,2146543,2149671,2149932,3128,261,3389,completed,1
38526,Rigid,2146543,2149671,2149910,3128,239,3367,completed,1
38527,Rigid,2146543,2149671,2149936,3128,265,3393,completed,1
38528,Rigid,2146543,2149671,2149925,3128,254,3382,completed,1
38529,Rigid,2146543,2149671,2149887,3128,216,3344,completed,1
38530,Rigid,2146544,2149671,2149874,3127,203,3330,completed,1
38531,Rigid,2146544,2149671,2149905,3127,234,3361,completed,1
38532,Rigid,2146544,2149671,2149882,3127,211,3338,completed,1
38533,Rigid,2146544,2149671,2149902,3127,231,3358,completed,1
38534,Rigid,2146544,2149671,2149921,3127,250,3377,completed,1
38535,Rigid,2146544,2149671,2149840,3127,169,3296,completed,1
38536,Rigid,2146544,2149671,2149817,3127,146,3273,completed,1
38537,Rigid,2146544,2149671,2149886,3127,215,3342,completed,1
38538,Rigid,2146634,2149671,2149941,3037,270,3307,completed,1
38539,Rigid,2146634,2149671,2149868,3037,197,3234,completed,1
38540,Rigid,2146665,2149671,2149827,3006,156,3162,completed,1
38541,Rigid,2146666,2149671,2149889,3005,218,3223,completed,1
38542,Rigid,2146689,2146689,2146694,0,5,5,completed,16
38543,Rigid,2146695,2149671,2149850,2976,179,3155,completed,1
38544,Rigid,2146724,2149671,2149881,2947,210,3157,completed,1
38545,Rigid,2146724,2149671,2149845,2947,174,3121,completed,1
38546,Rigid,2146733,2146733,2146738,0,5,5,completed,16
38547,Rigid,2147277,2147757,2148006,480,249,729,completed,72
38548,Rigid,2147277,2147757,2150799,480,3042,3522,completed,72
38549,Rigid,2147277,2148209,2148759,932,550,1482,completed,72
38550,Rigid,2147277,2148209,2148474,932,265,1197,completed,72
38551,Rigid,2147277,2148209,2151366,932,3157,4089,completed,72
38552,Rigid,2147278,2148209,2150700,931,2491,3422,completed,72
38553,Rigid,2147278,2148209,2148466,931,257,1188,completed,72
38554,Rigid,2147278,2148209,2148503,931,294,1225,completed,72
38555,Rigid,2147278,2148209,2148483,931,274,1205,completed,72
38556,Rigid,2147278,2148479,2148760,1201,281,1482,completed,72
38557,Rigid,2147715,2148479,2148493,764,14,778,completed,72
38558,Rigid,2147715,2148510,2148524,795,14,809,completed,72
38559,Rigid,2147715,2148510,2148524,795,14,809,completed,72
38560,Rigid,2147715,2148510,2148524,795,14,809,completed,72
38561,Rigid,2147715,2148540,2148554,825,14,839,completed,72
38562,Rigid,2147716,2148540,2148554,824,14,838,completed,72
38563,Rigid,2147716,2148540,2148554,824,14,838,completed,72
38564,Rigid,2147716,2148570,2148582,854,12,866,completed,72
38565,Rigid,2147716,2148570,2148582,854,12,866,completed,72
38566,Rigid,2147716,2148570,2148583,854,13,867,completed,72
38567,Rigid,2148012,2148028,2153884,16,5856,5872,completed,36
38568,Rigid,2148191,2148600,2152103,409,3503,3912,completed,72
38569,Rigid,2148191,2148600,2150906,409,2306,2715,completed,72
38570,Rigid,2148191,2148600,2154169,409,5569,5978,completed,72
38571,Rigid,2148191,2148780,2155131,589,6351,6940,completed,72
38572,Rigid,2148191,2148780,2152369,589,3589,4178,completed,72
38573,Rigid,2148191,2149021,2154444,830,5423,6253,completed,72
38574,Rigid,2148191,2154160,2157045,5969,2885,8854,completed,72
38575,Rigid,2148191,2154160,2157445,5969,3285,9254,completed,72
38576,Rigid,2148191,2154160,2158376,5969,4216,10185,completed,72
38577,Rigid,2148192,2154160,2156214,5968,2054,8022,completed,72
38578,Rigid,2148702,2148703,2148705,1,2,3,completed,36
38579,Rigid,2148945,2148946,2150168,1,1222,1223,completed,36
38580,Rigid,2149263,2149263,2149367,0,104,104,completed,36
38581,Rigid,2149295,2149563,2159163,268,9600,9868,completed,12
38582,Rigid,2149413,2154160,2154773,4747,613,5360,completed,72
38583,Rigid,2149413,2154160,2155056,4747,896,5643,completed,72
38584,Rigid,2149414,2154190,2154435,4776,245,5021,completed,72
38585,Rigid,2149414,2154461,2155711,5047,1250,6297,completed,72
38586,Rigid,2149414,2154461,2155662,5047,1201,6248,completed,72
38587,Rigid,2149414,2154792,2156305,5378,1513,6891,completed,72
38588,Rigid,2149414,2155063,2156404,5649,1341,6990,completed,72
38589,Rigid,2149414,2155154,2173066,5740,17912,23652,completed,72
38590,Rigid,2149414,2155188,2156943,5774,1755,7529,completed,72
38591,Rigid,2149415,2155218,2155514,5803,296,6099,completed,72
38592,Rigid,2149634,2149635,2152008,1,2373,2374,completed,1
38593,Rigid,2149634,2149635,2152053,1,2418,2419,completed,1
38594,Rigid,2149635,2149638,2151939,3,2301,2304,completed,1
38595,Rigid,2149635,2149638,2151970,3,2332,2335,completed,1
38596,Rigid,2149677,2149683,2202178,6,52495,52501,completed,8
38597,Rigid,2149677,2149683,2150303,6,620,626,completed,8
38598,Rigid,2149678,2149683,2150305,5,622,627,completed,8
38599,Rigid,2149678,2149683,2150316,5,633,638,completed,8
38600,Rigid,2149678,2149683,2150320,5,637,642,completed,8
38601,Rigid,2149678,2149683,2154809,5,5126,5131,completed,8
38602,Rigid,2149679,2149683,2150313,4,630,634,completed,8
38603,Rigid,2149679,2149683,2150311,4,628,632,completed,8
38604,Rigid,2149679,2149683,2150312,4,629,633,completed,8
38605,Rigid,2149679,2149683,2150313,4,630,634,completed,8
38606,Rigid,2149679,2149683,2150315,4,632,636,completed,8
38607,Rigid,2149679,2149683,2222161,4,72478,72482,completed,8
38608,Rigid,2149680,2149713,2150344,33,631,664,completed,8
38609,Rigid,2149680,2149713,2150345,33,632,665,completed,8
38610,Rigid,2149680,2149713,2150349,33,636,669,completed,8
38611,Rigid,2149680,2149713,2150349,33,636,669,completed,8
38612,Rigid,2149680,2149895,2155041,215,5146,5361,completed,8
38613,Rigid,2149680,2149895,2150520,215,625,840,completed,8
38614,Rigid,2149680,2149895,2150531,215,636,851,completed,8
38615,Rigid,2149681,2149895,2150529,214,634,848,completed,8
38616,Rigid,2149681,2149895,2150529,214,634,848,completed,8
38617,Rigid,2149681,2149956,2150585,275,629,904,completed,8
38618,Rigid,2149681,2149956,2201305,275,51349,51624,completed,8
38619,Rigid,2149681,2150198,2150851,517,653,1170,completed,8
38620,Rigid,2149681,2150198,2150854,517,656,1173,completed,8
38621,Rigid,2149681,2150198,2150854,517,656,1173,completed,8
38622,Rigid,2149681,2150198,2150854,517,656,1173,completed,8
38623,Rigid,2149681,2150198,2155267,517,5069,5586,completed,8
38624,Rigid,2149681,2150198,2150825,517,627,1144,completed,8
38625,Rigid,2149682,2150198,2150827,516,629,1145,completed,8
38626,Rigid,2149682,2150198,2150827,516,629,1145,completed,8
38627,Rigid,2149682,2150319,2150960,637,641,1278,completed,8
38628,Rigid,2149682,2150319,2150961,637,642,1279,completed,8
38629,Rigid,2149682,2150319,2225391,637,75072,75709,completed,8
38630,Rigid,2149682,2150319,2150971,637,652,1289,completed,8
38631,Rigid,2149682,2150319,2150971,637,652,1289,completed,8
38632,Rigid,2149682,2150319,2150966,637,647,1284,completed,8
38633,Rigid,2149682,2150319,2150966,637,647,1284,completed,8
38634,Rigid,2149682,2150319,2198578,637,48259,48896,completed,8
38635,Rigid,2149683,2150349,2150988,666,639,1305,completed,8
38636,Rigid,2149683,2150380,2151038,697,658,1355,completed,8
38637,Rigid,2149683,2150380,2151039,697,659,1356,completed,8
38638,Rigid,2149683,2150380,2151040,697,660,1357,completed,8
38639,Rigid,2149683,2150380,2155891,697,5511,6208,completed,8
38640,Rigid,2149683,2150531,2151181,848,650,1498,completed,8
38641,Rigid,2149683,2150531,2151179,848,648,1496,completed,8
38642,Rigid,2149683,2150531,2151160,848,629,1477,completed,8
38643,Rigid,2149683,2150561,2151217,878,656,1534,completed,8
38644,Rigid,2149684,2150592,2151242,908,650,1558,completed,8
38645,Rigid,2149684,2150713,2213998,1029,63285,64314,completed,8
38646,Rigid,2149684,2150713,2151388,1029,675,1704,completed,8
38647,Rigid,2149684,2150713,2151388,1029,675,1704,completed,8
38648,Rigid,2149684,2150713,2151392,1029,679,1708,completed,8
38649,Rigid,2149684,2150713,2151370,1029,657,1686,completed,8
38650,Rigid,2149684,2150713,2155899,1029,5186,6215,completed,8
38651,Rigid,2149684,2150713,2151374,1029,661,1690,completed,8
38652,Rigid,2149684,2150713,2151374,1029,661,1690,completed,8
38653,Rigid,2149684,2150804,2151464,1120,660,1780,completed,8
38654,Rigid,2149684,2150804,2151464,1120,660,1780,completed,8
38655,Rigid,2149685,2150804,2169806,1119,19002,20121,completed,8
38656,Rigid,2149685,2150804,2151464,1119,660,1779,completed,8
38657,Rigid,2149685,2150834,2151460,1149,626,1775,completed,8
38658,Rigid,2149685,2150834,2151466,1149,632,1781,completed,8
38659,Rigid,2149685,2150834,2151466,1149,632,1781,completed,8
38660,Rigid,2149685,2150864,2161954,1179,11090,12269,completed,8
38661,Rigid,2149685,2150864,2151517,1179,653,1832,completed,8
38662,Rigid,2149685,2150864,2151522,1179,658,1837,completed,8
38663,Rigid,2149685,2150864,2151521,1179,657,1836,completed,8
38664,Rigid,2149685,2150988,2151618,1303,630,1933,completed,8
38665,Rigid,2149685,2150988,2171465,1303,20477,21780,completed,8
38666,Rigid,2149685,2150988,2151637,1303,649,1952,completed,8
38667,Rigid,2149686,2150988,2151636,1302,648,1950,completed,8
38668,Rigid,2149686,2150988,2151633,1302,645,1947,completed,8
38669,Rigid,2149686,2150988,2151633,1302,645,1947,completed,8
38670,Rigid,2149686,2151019,2170860,1333,19841,21174,completed,8
38671,Rigid,2149686,2151049,2151700,1363,651,2014,completed,8
38672,Rigid,2149686,2151049,2151697,1363,648,2011,completed,8
38673,Rigid,2149686,2151049,2151697,1363,648,2011,completed,8
38674,Rigid,2149686,2151170,2151795,1484,625,2109,completed,8
38675,Rigid,2149686,2151200,2156173,1514,4973,6487,completed,8
38676,Rigid,2149686,2151200,2151843,1514,643,2157,completed,8
38677,Rigid,2149686,2151230,2151883,1544,653,2197,completed,8
38678,Rigid,2149686,2151261,2151907,1575,646,2221,completed,8
38679,Rigid,2149686,2151381,2152022,1695,641,2336,completed,8
38680,Rigid,2149686,2151381,2152023,1695,642,2337,completed,8
38681,Rigid,2149687,2151381,2195258,1694,43877,45571,completed,8
38682,Rigid,2149687,2151381,2152035,1694,654,2348,completed,8
38683,Rigid,2149687,2151381,2152039,1694,658,2352,completed,8
38684,Rigid,2149687,2151381,2152043,1694,662,2356,completed,8
38685,Rigid,2149687,2151381,2152040,1694,659,2353,completed,8
38686,Rigid,2149687,2151381,2314753,1694,163372,165066,completed,8
38687,Rigid,2149687,2151381,2152020,1694,639,2333,completed,8
38688,Rigid,2149687,2151381,2152029,1694,648,2342,completed,8
38689,Rigid,2149687,2151381,2152029,1694,648,2342,completed,8
38690,Rigid,2149687,2151412,2152073,1725,661,2386,completed,8
38691,Rigid,2149687,2151412,2171016,1725,19604,21329,completed,8
38692,Rigid,2149688,2151412,2152074,1724,662,2386,completed,8
38693,Rigid,2149688,2151472,2152088,1784,616,2400,completed,8
38694,Rigid,2149688,2151472,2152092,1784,620,2404,completed,8
38695,Rigid,2149688,2151472,2152092,1784,620,2404,completed,8
38696,Rigid,2149689,2151472,2156378,1783,4906,6689,completed,8
38697,Rigid,2149689,2151472,2152113,1783,641,2424,completed,8
38698,Rigid,2149689,2151472,2152114,1783,642,2425,completed,8
38699,Rigid,2149689,2151533,2152166,1844,633,2477,completed,8
38700,Rigid,2149689,2151533,2152172,1844,639,2483,completed,8
38701,Rigid,2149690,2151533,2161149,1843,9616,11459,completed,8
38702,Rigid,2149690,2151624,2152254,1934,630,2564,completed,8
38703,Rigid,2149690,2151654,2152303,1964,649,2613,completed,8
38704,Rigid,2149690,2151654,2152300,1964,646,2610,completed,8
38705,Rigid,2149690,2151654,2152295,1964,641,2605,completed,8
38706,Rigid,2149690,2151654,2165389,1964,13735,15699,completed,8
38707,Rigid,2149690,2151684,2152327,1994,643,2637,completed,8
38708,Rigid,2149690,2151685,2152330,1995,645,2640,completed,8
38709,Rigid,2149691,2151685,2152330,1994,645,2639,completed,8
38710,Rigid,2149691,2151685,2152330,1994,645,2639,completed,8
38711,Rigid,2149691,2151715,2225650,2024,73935,75959,completed,8
38712,Rigid,2149691,2151715,2152343,2024,628,2652,completed,8
38713,Rigid,2149691,2151715,2152348,2024,633,2657,completed,8
38714,Rigid,2149691,2151806,2152431,2115,625,2740,completed,8
38715,Rigid,2149692,2151866,2152487,2174,621,2795,completed,8
38716,Rigid,2149692,2151897,2200809,2205,48912,51117,completed,8
38717,Rigid,2149692,2151927,2152548,2235,621,2856,completed,8
38718,Rigid,2149692,2152048,2152668,2356,620,2976,completed,8
38719,Rigid,2149692,2152048,2152674,2356,626,2982,completed,8
38720,Rigid,2149692,2152048,2152674,2356,626,2982,completed,8
38721,Rigid,2149692,2152048,2197906,2356,45858,48214,completed,8
38722,Rigid,2149692,2152048,2152655,2356,607,2963,completed,8
38723,Rigid,2149692,2152079,2152693,2387,614,3001,completed,8
38724,Rigid,2149692,2152079,2152711,2387,632,3019,completed,8
38725,Rigid,2149692,2152079,2152711,2387,632,3019,completed,8
38726,Rigid,2149692,2152109,2152698,2417,589,3006,completed,8
38727,Rigid,2149693,2152109,2197931,2416,45822,48238,completed,8
38728,Rigid,2149693,2152109,2152701,2416,592,3008,completed,8
38729,Rigid,2149693,2152140,2152749,2447,609,3056,completed,8
38730,Rigid,2149693,2152140,2152749,2447,609,3056,completed,8
38731,Rigid,2149693,2152170,2152767,2477,597,3074,completed,8
38732,Rigid,2149693,2152200,2198414,2507,46214,48721,completed,8
38733,Rigid,2149693,2152261,2152858,2568,597,3165,completed,8
38734,Rigid,2149693,2152321,2152921,2628,600,3228,completed,8
38735,Rigid,2149788,2758902,2759000,609114,98,609212,completed,1
38736,Rigid,2149795,2758902,2758998,609107,96,609203,completed,1
38737,Rigid,2149795,2758902,2758981,609107,79,609186,completed,1
38738,Rigid,2149808,2758902,2758986,609094,84,609178,completed,1
38739,Rigid,2149809,2758902,2758992,609093,90,609183,completed,1
38740,Rigid,2149810,2758902,2758998,609092,96,609188,completed,1
38741,Rigid,2149811,2758902,2758979,609091,77,609168,completed,1
38742,Rigid,2149811,2758902,2758990,609091,88,609179,completed,1
38743,Rigid,2149869,2758903,2758915,609034,12,609046,completed,1
38744,Rigid,2149869,2758903,2758915,609034,12,609046,completed,1
38745,Rigid,2149894,2758903,2798073,609009,39170,648179,completed,18
38746,Rigid,2149896,2758903,2774411,609007,15508,624515,completed,18
38747,Rigid,2149896,2758903,2768265,609007,9362,618369,completed,18
38748,Rigid,2149915,2758903,2758904,608988,1,608989,completed,18
38749,Rigid,2149915,2758903,2758904,608988,1,608989,completed,18
38750,Rigid,2149916,2758903,2777292,608987,18389,627376,completed,18
38751,Rigid,2149930,2758903,2758904,608973,1,608974,completed,18
38752,Rigid,2149945,2758903,2758904,608958,1,608959,completed,18
38753,Rigid,2149947,2758903,2758915,608956,12,608968,completed,1
38754,Rigid,2149947,2758903,2758915,608956,12,608968,completed,1
38755,Rigid,2150030,2758903,2758905,608873,2,608875,completed,1
38756,Rigid,2150031,2758903,2758905,608872,2,608874,completed,1
38757,Rigid,2150039,2152351,2153973,2312,1622,3934,completed,18
38758,Rigid,2150121,2152351,2153209,2230,858,3088,completed,18
38759,Rigid,2150184,2758903,2758905,608719,2,608721,completed,1
38760,Rigid,2150185,2758903,2758905,608718,2,608720,completed,1
38761,Rigid,2150210,2152351,2154114,2141,1763,3904,completed,18
38762,Rigid,2150293,2150294,2151668,1,1374,1375,completed,36
38763,Rigid,2150319,2152382,2153682,2063,1300,3363,completed,18
38764,Rigid,2150424,2758903,2758905,608479,2,608481,completed,1
38765,Rigid,2150438,2758903,2758905,608465,2,608467,completed,1
38766,Rigid,2150452,2758903,2758905,608451,2,608453,completed,1
38767,Rigid,2150452,2758903,2758905,608451,2,608453,completed,1
38768,Rigid,2150466,2758903,2758905,608437,2,608439,completed,1
38769,Rigid,2150466,2758903,2758905,608437,2,608439,completed,1
38770,Rigid,2150466,2758903,2758905,608437,2,608439,completed,1
38771,Rigid,2150466,2758903,2758905,608437,2,608439,completed,1
38772,Rigid,2150466,2758903,2758905,608437,2,608439,completed,1
38773,Rigid,2150480,2758903,2758905,608423,2,608425,completed,1
38774,Rigid,2150480,2758903,2758905,608423,2,608425,completed,1
38775,Rigid,2150481,2758903,2759070,608422,167,608589,completed,1
38776,Rigid,2150481,2758903,2759067,608422,164,608586,completed,1
38777,Rigid,2150482,2758903,2759065,608421,162,608583,completed,1
38778,Rigid,2150486,2155521,2166143,5035,10622,15657,completed,72
38779,Rigid,2150486,2155672,2155907,5186,235,5421,completed,72
38780,Rigid,2150486,2155732,2155965,5246,233,5479,completed,72
38781,Rigid,2150486,2155914,2159268,5428,3354,8782,completed,72
38782,Rigid,2150486,2155974,2156205,5488,231,5719,completed,72
38783,Rigid,2150487,2156216,2156455,5729,239,5968,completed,72
38784,Rigid,2150487,2156216,2160436,5729,4220,9949,completed,72
38785,Rigid,2150487,2156307,2156534,5820,227,6047,completed,72
38786,Rigid,2150487,2156337,2157589,5850,1252,7102,completed,72
38787,Rigid,2150487,2156428,2156657,5941,229,6170,completed,72
38788,Rigid,2150509,2758903,2758905,608394,2,608396,completed,1
38789,Rigid,2150548,2156458,2161655,5910,5197,11107,completed,72
38790,Rigid,2150548,2156549,2166298,6001,9749,15750,completed,72
38791,Rigid,2150549,2156549,2160616,6000,4067,10067,completed,72
38792,Rigid,2150549,2156549,2160539,6000,3990,9990,completed,72
38793,Rigid,2150549,2156549,2162278,6000,5729,11729,completed,72
38794,Rigid,2150549,2156640,2160206,6091,3566,9657,completed,72
38795,Rigid,2150549,2156670,2160545,6121,3875,9996,completed,72
38796,Rigid,2150549,2156882,2160633,6333,3751,10084,completed,72
38797,Rigid,2150549,2156972,2160215,6423,3243,9666,completed,72
38798,Rigid,2150550,2157063,2159921,6513,2858,9371,completed,72
38799,Rigid,2150748,2150925,2236846,177,85921,86098,completed,108
38800,Rigid,2150975,2157456,2161118,6481,3662,10143,completed,72
38801,Rigid,2150975,2157607,2161051,6632,3444,10076,completed,72
38802,Rigid,2150975,2158394,2161888,7419,3494,10913,completed,72
38803,Rigid,2150975,2159272,2162830,8297,3558,11855,completed,72
38804,Rigid,2150976,2159333,2162577,8357,3244,11601,completed,72
38805,Rigid,2150976,2159937,2163100,8961,3163,12124,completed,72
38806,Rigid,2150976,2160208,2163913,9232,3705,12937,completed,72
38807,Rigid,2150976,2160450,2165162,9474,4712,14186,completed,72
38808,Rigid,2150976,2160540,2164076,9564,3536,13100,completed,72
38809,Rigid,2150976,2160571,2164160,9595,3589,13184,completed,72
38810,Rigid,2151275,2152109,2241065,834,88956,89790,completed,108
38811,Rigid,2151411,2151412,2151723,1,311,312,completed,36
38812,Rigid,2151413,2758903,2758962,607490,59,607549,completed,1
38813,Rigid,2151413,2758903,2758927,607490,24,607514,completed,1
38814,Rigid,2151417,2151420,2151731,3,311,314,completed,36
38815,Rigid,2151424,2151424,2151733,0,309,309,completed,36
38816,Rigid,2151428,2151429,2151738,1,309,310,completed,36
38817,Rigid,2151431,2151433,2151743,2,310,312,completed,36
38818,Rigid,2151432,2151433,2151744,1,311,312,completed,36
38819,Rigid,2151432,2151433,2151744,1,311,312,completed,36
38820,Rigid,2151433,2151433,2151745,0,312,312,completed,36
38821,Rigid,2151434,2151437,2151748,3,311,314,completed,36
38822,Rigid,2151434,2151437,2151748,3,311,314,completed,36
38823,Rigid,2151435,2151437,2151748,2,311,313,completed,36
38824,Rigid,2151436,2151437,2151747,1,310,311,completed,36
38825,Rigid,2151437,2151437,2151747,0,310,310,completed,36
38826,Rigid,2151438,2151441,2151753,3,312,315,completed,36
38827,Rigid,2151439,2151441,2151752,2,311,313,completed,36
38828,Rigid,2151440,2151441,2151753,1,312,313,completed,36
38829,Rigid,2151752,2758903,2758962,607151,59,607210,completed,1
38830,Rigid,2151759,2758903,2758920,607144,17,607161,completed,1
38831,Rigid,2151858,2151858,2152540,0,682,682,completed,36
38832,Rigid,2151942,2186784,2243641,34842,56857,91699,completed,36
38833,Rigid,2151949,2151949,2152068,0,119,119,completed,144
38834,Rigid,2152035,2153045,2238968,1010,85923,86933,completed,108
38835,Rigid,2152454,2152454,2152567,0,113,113,completed,144
38836,Rigid,2152637,2153919,2239859,1282,85940,87222,completed,108
38837,Rigid,2152789,2152789,2152892,0,103,103,completed,144
38838,Rigid,2152793,2758903,2758905,606110,2,606112,completed,1
38839,Rigid,2152794,2758903,2758962,606109,59,606168,completed,1
38840,Rigid,2153281,2153281,2153391,0,110,110,completed,144
38841,Rigid,2153380,2153383,2153429,3,46,49,completed,144
38842,Rigid,2153802,2153803,2154364,1,561,562,completed,36
38843,Rigid,2153859,2153860,2155175,1,1315,1316,completed,144
38844,Rigid,2154047,2154160,2156614,113,2454,2567,completed,72
38845,Rigid,2154097,2154129,2162917,32,8788,8820,completed,36
38846,Rigid,2154309,2154310,2154455,1,145,146,completed,36
38847,Rigid,2154373,2154373,2158552,0,4179,4179,completed,144
38848,Rigid,2154468,2758903,2758924,604435,21,604456,completed,1
38849,Rigid,2154469,2758903,2758925,604434,22,604456,completed,1
38850,Rigid,2154475,2154491,2154501,16,10,26,completed,1
38851,Rigid,2154476,2154552,2154561,76,9,85,completed,1
38852,Rigid,2154568,2154569,2154983,1,414,415,completed,36
38853,Rigid,2154848,2160631,2173794,5783,13163,18946,completed,72
38854,Rigid,2154848,2160661,2175826,5813,15165,20978,completed,72
38855,Rigid,2154848,2161053,2168805,6205,7752,13957,completed,72
38856,Rigid,2154848,2161144,2170155,6296,9011,15307,completed,72
38857,Rigid,2154848,2161687,2175212,6839,13525,20364,completed,72
38858,Rigid,2154848,2161898,2167027,7050,5129,12179,completed,72
38859,Rigid,2154848,2162079,2167884,7231,5805,13036,completed,72
38860,Rigid,2154848,2162292,2168739,7444,6447,13891,completed,72
38861,Rigid,2154848,2162292,2173774,7444,11482,18926,completed,72
38862,Rigid,2154849,2162593,2170698,7744,8105,15849,completed,72
38863,Rigid,2154895,2162835,2166784,7940,3949,11889,completed,72
38864,Rigid,2154895,2163109,2166534,8214,3425,11639,completed,72
38865,Rigid,2154895,2163925,2167314,9030,3389,12419,completed,72
38866,Rigid,2154896,2164106,2169431,9210,5325,14535,completed,72
38867,Rigid,2154896,2164166,2167913,9270,3747,13017,completed,72
38868,Rigid,2154896,2166821,2171964,11925,5143,17068,completed,72
38869,Rigid,2154896,2167032,2171293,12136,4261,16397,completed,72
38870,Rigid,2154896,2167062,2170566,12166,3504,15670,completed,72
38871,Rigid,2154896,2167333,2173687,12437,6354,18791,completed,72
38872,Rigid,2154896,2167363,2171837,12467,4474,16941,completed,72
38873,Rigid,2154946,2167514,2170111,12568,2597,15165,completed,72
38874,Rigid,2154946,2167939,2171375,12993,3436,16429,completed,72
38875,Rigid,2154946,2167939,2171089,12993,3150,16143,completed,72
38876,Rigid,2154946,2168181,2171184,13235,3003,16238,completed,72
38877,Rigid,2154946,2168603,2173044,13657,4441,18098,completed,72
38878,Rigid,2154946,2170172,2172927,15226,2755,17981,completed,72
38879,Rigid,2154947,2170594,2173767,15647,3173,18820,completed,72
38880,Rigid,2154947,2170714,2173791,15767,3077,18844,completed,72
38881,Rigid,2154947,2170714,2173256,15767,2542,18309,completed,72
38882,Rigid,2154947,2170865,2175063,15918,4198,20116,completed,72
38883,Rigid,2154986,2171076,2178036,16090,6960,23050,completed,72
38884,Rigid,2154986,2171106,2180653,16120,9547,25667,completed,72
38885,Rigid,2154986,2171197,2177475,16211,6278,22489,completed,72
38886,Rigid,2154986,2171317,2174801,16331,3484,19815,completed,72
38887,Rigid,2154986,2171378,2179398,16392,8020,24412,completed,72
38888,Rigid,2154987,2171438,2174678,16451,3240,19691,completed,72
38889,Rigid,2154987,2171860,2175809,16873,3949,20822,completed,72
38890,Rigid,2154987,2171860,2175389,16873,3529,20402,completed,72
38891,Rigid,2154987,2171981,2175100,16994,3119,20113,completed,72
38892,Rigid,2154987,2172945,2175988,17958,3043,21001,completed,72
38893,Rigid,2155013,2173065,2179648,18052,6583,24635,completed,72
38894,Rigid,2155013,2173279,2180334,18266,7055,25321,completed,72
38895,Rigid,2155013,2173701,2180759,18688,7058,25746,completed,72
38896,Rigid,2155013,2173821,2182323,18808,8502,27310,completed,72
38897,Rigid,2155013,2173791,2186053,18778,12262,31040,completed,72
38898,Rigid,2155013,2173791,2186877,18778,13086,31864,completed,72
38899,Rigid,2155013,2173822,2181538,18809,7716,26525,completed,72
38900,Rigid,2155014,2174695,2184829,19681,10134,29815,completed,72
38901,Rigid,2155014,2174695,2184584,19681,9889,29570,completed,72
38902,Rigid,2155014,2174816,2181243,19802,6427,26229,completed,72
38903,Rigid,2155039,2175087,2179255,20048,4168,24216,completed,72
38904,Rigid,2155039,2175117,2178059,20078,2942,23020,completed,72
38905,Rigid,2155039,2175238,2178332,20199,3094,23293,completed,72
38906,Rigid,2155039,2175419,2178870,20380,3451,23831,completed,72
38907,Rigid,2155040,2175840,2179903,20800,4063,24863,completed,72
38908,Rigid,2155040,2175840,2180241,20800,4401,25201,completed,72
38909,Rigid,2155040,2175991,2179744,20951,3753,24704,completed,72
38910,Rigid,2155040,2176292,2180127,21252,3835,25087,completed,72
38911,Rigid,2155040,2176292,2179816,21252,3524,24776,completed,72
38912,Rigid,2155040,2176322,2179533,21282,3211,24493,completed,72
38913,Rigid,2155056,2178039,2180884,22983,2845,25828,completed,72
38914,Rigid,2155056,2178069,2182749,23013,4680,27693,completed,72
38915,Rigid,2155056,2178341,2181756,23285,3415,26700,completed,72
38916,Rigid,2155057,2178582,2181591,23525,3009,26534,completed,72
38917,Rigid,2155057,2178884,2182229,23827,3345,27172,completed,72
38918,Rigid,2155057,2179279,2184263,24222,4984,29206,completed,72
38919,Rigid,2155057,2179671,2182433,24614,2762,27376,completed,72
38920,Rigid,2155057,2179762,2183005,24705,3243,27948,completed,72
38921,Rigid,2155058,2179822,2183230,24764,3408,28172,completed,72
38922,Rigid,2155058,2179912,2182865,24854,2953,27807,completed,72
38923,Rigid,2155086,2180154,2187681,25068,7527,32595,completed,72
38924,Rigid,2155086,2180365,2195071,25279,14706,39985,completed,72
38925,Rigid,2155087,2180365,2185692,25278,5327,30605,completed,72
38926,Rigid,2155087,2180666,2190558,25579,9892,35471,completed,72
38927,Rigid,2155087,2180787,2189306,25700,8519,34219,completed,72
38928,Rigid,2155087,2180907,2188302,25820,7395,33215,completed,72
38929,Rigid,2155087,2181269,2188902,26182,7633,33815,completed,72
38930,Rigid,2155087,2181541,2187234,26454,5693,32147,completed,72
38931,Rigid,2155087,2181541,2189056,26454,7515,33969,completed,72
38932,Rigid,2155087,2181601,2191109,26514,9508,36022,completed,72
38933,Rigid,2155122,2155123,2155571,1,448,449,completed,36
38934,Rigid,2155919,2155944,2156006,25,62,87,completed,10
38935,Rigid,2156417,2156417,2156849,0,432,432,completed,36
38936,Rigid,2156422,2156422,2156853,0,431,431,completed,36
38937,Rigid,2156427,2156427,2156861,0,434,434,completed,36
38938,Rigid,2156432,2156432,2156867,0,435,435,completed,36
38939,Rigid,2156434,2156436,2156871,2,435,437,completed,36
38940,Rigid,2156435,2156436,2156871,1,435,436,completed,36
38941,Rigid,2156435,2156436,2156879,1,443,444,completed,36
38942,Rigid,2156436,2156436,2156870,0,434,434,completed,36
38943,Rigid,2156437,2156439,2156877,2,438,440,completed,36
38944,Rigid,2156437,2156439,2156877,2,438,440,completed,36
38945,Rigid,2156438,2156439,2156874,1,435,436,completed,36
38946,Rigid,2156439,2156439,2156878,0,439,439,completed,36
38947,Rigid,2156440,2156443,2156883,3,440,443,completed,36
38948,Rigid,2156441,2156443,2156882,2,439,441,completed,36
38949,Rigid,2156442,2156443,2156880,1,437,438,completed,36
38950,Rigid,2156442,2156443,2156883,1,440,441,completed,36
38951,Rigid,2156923,2188417,2361220,31494,172803,204297,completed,144
38952,Rigid,2156967,2188347,2361160,31380,172813,204193,completed,72
38953,Rigid,2157015,2188417,2361220,31402,172803,204205,completed,288
38954,Rigid,2157041,2188416,2361220,31375,172804,204179,completed,288
38955,Rigid,2157041,2188416,2361220,31375,172804,204179,completed,288
38956,Rigid,2157041,2188416,2302483,31375,114067,145442,completed,288
38957,Rigid,2157058,2188417,2361220,31359,172803,204162,completed,144
38958,Rigid,2157101,2188417,2297480,31316,109063,140379,completed,144
38959,Rigid,2157150,2157150,2158734,0,1584,1584,completed,36
38960,Rigid,2157163,2188417,2361220,31254,172803,204057,completed,288
38961,Rigid,2157171,2157171,2157265,0,94,94,completed,36
38962,Rigid,2157223,2188417,2361220,31194,172803,203997,completed,144
38963,Rigid,2157405,2758909,2925572,601504,166663,768167,completed,144
38964,Rigid,2157416,2157426,2157477,10,51,61,completed,36
38965,Rigid,2157451,2758908,2880294,601457,121386,722843,completed,144
38966,Rigid,2157451,2157456,2157460,5,4,9,completed,36
38967,Rigid,2157451,2157456,2157460,5,4,9,completed,36
38968,Rigid,2157451,2758909,2925572,601458,166663,768121,completed,144
38969,Rigid,2157452,2157456,2157460,4,4,8,completed,36
38970,Rigid,2157452,2157456,2157460,4,4,8,completed,36
38971,Rigid,2157452,2157456,2157460,4,4,8,completed,36
38972,Rigid,2157453,2157456,2157460,3,4,7,completed,36
38973,Rigid,2157453,2157456,2157460,3,4,7,completed,36
38974,Rigid,2157453,2157456,2157460,3,4,7,completed,36
38975,Rigid,2157454,2157456,2157460,2,4,6,completed,36
38976,Rigid,2157454,2157456,2157460,2,4,6,completed,36
38977,Rigid,2157454,2157456,2157460,2,4,6,completed,36
38978,Rigid,2157455,2157456,2157460,1,4,5,completed,36
38979,Rigid,2157455,2157456,2157460,1,4,5,completed,36
38980,Rigid,2157456,2157456,2157460,0,4,4,completed,36
38981,Rigid,2157456,2157486,2157491,30,5,35,completed,36
38982,Rigid,2157457,2157486,2157490,29,4,33,completed,36
38983,Rigid,2157457,2157486,2157490,29,4,33,completed,36
38984,Rigid,2157457,2157486,2157490,29,4,33,completed,36
38985,Rigid,2157457,2157486,2157491,29,5,34,completed,36
38986,Rigid,2157458,2157486,2157491,28,5,33,completed,36
38987,Rigid,2157458,2157486,2157490,28,4,32,completed,36
38988,Rigid,2157458,2157486,2157490,28,4,32,completed,36
38989,Rigid,2157458,2157486,2157490,28,4,32,completed,36
38990,Rigid,2157459,2157486,2157490,27,4,31,completed,36
38991,Rigid,2157459,2157486,2157491,27,5,32,completed,36
38992,Rigid,2157459,2157486,2157490,27,4,31,completed,36
38993,Rigid,2157460,2157486,2157490,26,4,30,completed,36
38994,Rigid,2157460,2157486,2157491,26,5,31,completed,36
38995,Rigid,2157460,2157486,2157490,26,4,30,completed,36
38996,Rigid,2157460,2157486,2157491,26,5,31,completed,36
38997,Rigid,2157461,2157486,2157491,25,5,30,completed,36
38998,Rigid,2157462,2157486,2157490,24,4,28,completed,36
38999,Rigid,2157462,2157486,2157490,24,4,28,completed,36
39000,Rigid,2157462,2157486,2157491,24,5,29,completed,36
39001,Rigid,2157463,2157486,2157490,23,4,27,completed,36
39002,Rigid,2157463,2157486,2157491,23,5,28,completed,36
39003,Rigid,2157463,2157486,2157491,23,5,28,completed,36
39004,Rigid,2157464,2157486,2157490,22,4,26,completed,36
39005,Rigid,2157464,2157486,2157490,22,4,26,completed,36
39006,Rigid,2157464,2157486,2157491,22,5,27,completed,36
39007,Rigid,2157465,2157486,2157490,21,4,25,completed,36
39008,Rigid,2157465,2157486,2157491,21,5,26,completed,36
39009,Rigid,2157502,2758909,2925572,601407,166663,768070,completed,144
39010,Rigid,2157526,2758908,2788828,601382,29920,631302,completed,144
39011,Rigid,2157577,2758909,2925572,601332,166663,767995,completed,144
39012,Rigid,2157617,2157638,2157689,21,51,72,completed,36
39013,Rigid,2157621,2758909,2925572,601288,166663,767951,completed,144
39014,Rigid,2157622,2758908,2880294,601286,121386,722672,completed,144
39015,Rigid,2157656,2758909,2925572,601253,166663,767916,completed,144
39016,Rigid,2157668,2758908,2787078,601240,28170,629410,completed,144
39017,Rigid,2157699,2758909,2925572,601210,166663,767873,completed,144
39018,Rigid,2157734,2758908,2808376,601174,49468,650642,completed,144
39019,Rigid,2157771,2157789,2161392,18,3603,3621,completed,36
39020,Rigid,2157794,2758908,2775057,601114,16149,617263,completed,144
39021,Rigid,2157958,2758908,2880294,600950,121386,722336,completed,144
39022,Rigid,2158057,2758908,2787640,600851,28732,629583,completed,144
39023,Rigid,2158151,2758909,2880294,600758,121385,722143,completed,144
39024,Rigid,2158167,2158182,2158189,15,7,22,completed,36
39025,Rigid,2158168,2158182,2158189,14,7,21,completed,36
39026,Rigid,2158168,2158182,2158189,14,7,21,completed,36
39027,Rigid,2158169,2158182,2158189,13,7,20,completed,36
39028,Rigid,2158169,2158182,2158189,13,7,20,completed,36
39029,Rigid,2158170,2158182,2158189,12,7,19,completed,36
39030,Rigid,2158170,2158182,2158189,12,7,19,completed,36
39031,Rigid,2158171,2158182,2158189,11,7,18,completed,36
39032,Rigid,2158171,2158182,2158189,11,7,18,completed,36
39033,Rigid,2158171,2158182,2158189,11,7,18,completed,36
39034,Rigid,2158172,2158182,2158189,10,7,17,completed,36
39035,Rigid,2158173,2158182,2158189,9,7,16,completed,36
39036,Rigid,2158173,2158182,2158189,9,7,16,completed,36
39037,Rigid,2158174,2158182,2158189,8,7,15,completed,36
39038,Rigid,2158175,2158182,2158189,7,7,14,completed,36
39039,Rigid,2158175,2158182,2158189,7,7,14,completed,36
39040,Rigid,2158176,2158182,2158189,6,7,13,completed,36
39041,Rigid,2158176,2158182,2158189,6,7,13,completed,36
39042,Rigid,2158177,2158182,2158189,5,7,12,completed,36
39043,Rigid,2158177,2158182,2158189,5,7,12,completed,36
39044,Rigid,2158178,2158182,2158189,4,7,11,completed,36
39045,Rigid,2158178,2158182,2158189,4,7,11,completed,36
39046,Rigid,2158179,2158182,2158189,3,7,10,completed,36
39047,Rigid,2158179,2158182,2158189,3,7,10,completed,36
39048,Rigid,2158179,2158182,2158189,3,7,10,completed,36
39049,Rigid,2158180,2158182,2158189,2,7,9,completed,36
39050,Rigid,2158180,2158182,2158189,2,7,9,completed,36
39051,Rigid,2158181,2158182,2158189,1,7,8,completed,36
39052,Rigid,2158181,2158182,2158189,1,7,8,completed,36
39053,Rigid,2158181,2158182,2158189,1,7,8,completed,36
39054,Rigid,2158182,2158182,2158189,0,7,7,completed,36
39055,Rigid,2158182,2158212,2158216,30,4,34,completed,36
39056,Rigid,2158183,2158212,2158216,29,4,33,completed,36
39057,Rigid,2158183,2158212,2158216,29,4,33,completed,36
39058,Rigid,2158184,2158212,2158216,28,4,32,completed,36
39059,Rigid,2158184,2158212,2158216,28,4,32,completed,36
39060,Rigid,2158189,2158212,2158216,23,4,27,completed,36
39061,Rigid,2158189,2158212,2158216,23,4,27,completed,36
39062,Rigid,2158190,2158212,2158216,22,4,26,completed,36
39063,Rigid,2158191,2158212,2158216,21,4,25,completed,36
39064,Rigid,2158191,2158212,2158216,21,4,25,completed,36
39065,Rigid,2158191,2158212,2158216,21,4,25,completed,36
39066,Rigid,2158198,2758909,2787492,600711,28583,629294,completed,144
39067,Rigid,2158268,2758909,2808839,600641,49930,650571,completed,144
39068,Rigid,2158316,2758909,2775147,600593,16238,616831,completed,144
39069,Rigid,2158704,2158726,2158759,22,33,55,completed,36
39070,Rigid,2158826,2158827,2158877,1,50,51,completed,1
39071,Rigid,2158897,2158898,2158920,1,22,23,completed,1
39072,Rigid,2159087,2159091,2159574,4,483,487,completed,36
39073,Rigid,2159170,2758903,2758905,599733,2,599735,completed,1
39074,Rigid,2159170,2758903,2758905,599733,2,599735,completed,1
39075,Rigid,2159170,2758906,2758910,599736,4,599740,completed,1
39076,Rigid,2159170,2758906,2758910,599736,4,599740,completed,1
39077,Rigid,2159170,2758906,2758910,599736,4,599740,completed,1
39078,Rigid,2159170,2758906,2758910,599736,4,599740,completed,1
39079,Rigid,2159170,2758906,2758910,599736,4,599740,completed,1
39080,Rigid,2159171,2758906,2758910,599735,4,599739,completed,1
39081,Rigid,2159171,2758906,2758910,599735,4,599739,completed,1
39082,Rigid,2159171,2758906,2758910,599735,4,599739,completed,1
39083,Rigid,2159171,2758906,2758910,599735,4,599739,completed,1
39084,Rigid,2159171,2758906,2758910,599735,4,599739,completed,1
39085,Rigid,2159171,2758906,2758910,599735,4,599739,completed,1
39086,Rigid,2159171,2758906,2758910,599735,4,599739,completed,1
39087,Rigid,2159171,2758906,2758910,599735,4,599739,completed,1
39088,Rigid,2159172,2758906,2758910,599734,4,599738,completed,1
39089,Rigid,2159172,2758906,2758910,599734,4,599738,completed,1
39090,Rigid,2159172,2758906,2758910,599734,4,599738,completed,1
39091,Rigid,2159172,2758906,2758910,599734,4,599738,completed,1
39092,Rigid,2159172,2758906,2758910,599734,4,599738,completed,1
39093,Rigid,2159172,2758906,2758911,599734,5,599739,completed,1
39094,Rigid,2159172,2758906,2759145,599734,239,599973,completed,1
39095,Rigid,2159172,2758906,2758956,599734,50,599784,completed,1
39096,Rigid,2159172,2758906,2759203,599734,297,600031,completed,1
39097,Rigid,2159172,2758906,2758992,599734,86,599820,completed,1
39098,Rigid,2159172,2758906,2759049,599734,143,599877,completed,1
39099,Rigid,2159172,2758906,2758996,599734,90,599824,completed,1
39100,Rigid,2159173,2758906,2759192,599733,286,600019,completed,1
39101,Rigid,2159173,2758906,2759032,599733,126,599859,completed,1
39102,Rigid,2159173,2758906,2759027,599733,121,599854,completed,1
39103,Rigid,2159173,2758906,2758977,599733,71,599804,completed,1
39104,Rigid,2159173,2758906,2758982,599733,76,599809,completed,1
39105,Rigid,2159173,2758906,2759122,599733,216,599949,completed,1
39106,Rigid,2159173,2758906,2759114,599733,208,599941,completed,1
39107,Rigid,2159173,2758906,2759035,599733,129,599862,completed,1
39108,Rigid,2159173,2758906,2758946,599733,40,599773,completed,1
39109,Rigid,2159173,2758906,2759088,599733,182,599915,completed,1
39110,Rigid,2159173,2758906,2759132,599733,226,599959,completed,1
39111,Rigid,2159173,2758906,2759020,599733,114,599847,completed,1
39112,Rigid,2159173,2758907,2758944,599734,37,599771,completed,1
39113,Rigid,2159173,2758907,2759039,599734,132,599866,completed,1
39114,Rigid,2159173,2758907,2759159,599734,252,599986,completed,1
39115,Rigid,2159173,2758907,2759004,599734,97,599831,completed,1
39116,Rigid,2159174,2758907,2759011,599733,104,599837,completed,1
39117,Rigid,2159174,2758907,2758993,599733,86,599819,completed,1
39118,Rigid,2159174,2758907,2759149,599733,242,599975,completed,1
39119,Rigid,2159174,2758907,2759044,599733,137,599870,completed,1
39120,Rigid,2159174,2758907,2758952,599733,45,599778,completed,1
39121,Rigid,2159459,2159460,2160822,1,1362,1363,completed,36
39122,Rigid,2159744,2159756,2160265,12,509,521,completed,36
39123,Rigid,2159745,2159756,2160433,11,677,688,completed,36
39124,Rigid,2159745,2159756,2160116,11,360,371,completed,36
39125,Rigid,2159746,2159756,2160242,10,486,496,completed,36
39126,Rigid,2159746,2159756,2160262,10,506,516,completed,36
39127,Rigid,2159747,2159756,2160161,9,405,414,completed,36
39128,Rigid,2159747,2159756,2160122,9,366,375,completed,36
39129,Rigid,2159748,2159756,2160106,8,350,358,completed,36
39130,Rigid,2159748,2159756,2160173,8,417,425,completed,36
39131,Rigid,2159749,2159756,2160487,7,731,738,completed,36
39132,Rigid,2159749,2159756,2160441,7,685,692,completed,36
39133,Rigid,2159750,2159756,2160214,6,458,464,completed,36
39134,Rigid,2159751,2159756,2160207,5,451,456,completed,36
39135,Rigid,2159751,2159756,2160657,5,901,906,completed,36
39136,Rigid,2159752,2159756,2160088,4,332,336,completed,36
39137,Rigid,2159752,2159756,2160231,4,475,479,completed,36
39138,Rigid,2159753,2159756,2160347,3,591,594,completed,36
39139,Rigid,2159753,2159756,2160125,3,369,372,completed,36
39140,Rigid,2159754,2159756,2160292,2,536,538,completed,36
39141,Rigid,2159754,2159756,2160972,2,1216,1218,completed,36
39142,Rigid,2159755,2159756,2160468,1,712,713,completed,36
39143,Rigid,2159755,2159756,2160067,1,311,312,completed,36
39144,Rigid,2159756,2159786,2160283,30,497,527,completed,36
39145,Rigid,2159757,2159786,2160336,29,550,579,completed,36
39146,Rigid,2159757,2159786,2160036,29,250,279,completed,36
39147,Rigid,2159757,2159786,2160281,29,495,524,completed,36
39148,Rigid,2159758,2159786,2160947,28,1161,1189,completed,36
39149,Rigid,2159758,2159786,2160254,28,468,496,completed,36
39150,Rigid,2159758,2159786,2160371,28,585,613,completed,36
39151,Rigid,2159759,2159786,2160314,27,528,555,completed,36
39152,Rigid,2159759,2159786,2160405,27,619,646,completed,36
39153,Rigid,2159760,2159786,2160241,26,455,481,completed,36
39154,Rigid,2159760,2159786,2160405,26,619,645,completed,36
39155,Rigid,2159761,2159786,2160346,25,560,585,completed,36
39156,Rigid,2159761,2159786,2161002,25,1216,1241,completed,36
39157,Rigid,2159762,2159786,2160276,24,490,514,completed,36
39158,Rigid,2159762,2159786,2160598,24,812,836,completed,36
39159,Rigid,2159763,2159786,2160065,23,279,302,completed,36
39160,Rigid,2159763,2159786,2160355,23,569,592,completed,36
39161,Rigid,2159764,2159786,2159932,22,146,168,completed,36
39162,Rigid,2159764,2159786,2160422,22,636,658,completed,36
39163,Rigid,2159765,2159786,2159927,21,141,162,completed,36
39164,Rigid,2159914,2159937,2159994,23,57,80,completed,10
39165,Rigid,2159998,2159998,2159999,0,1,1,completed,1
39166,Rigid,2160098,2160118,2162879,20,2761,2781,completed,10
39167,Rigid,2161951,2161958,2163741,7,1783,1790,completed,36
39168,Rigid,2162021,2162049,2163795,28,1746,1774,completed,36
39169,Rigid,2162858,2162865,2163818,7,953,960,completed,36
39170,Rigid,2163006,2163006,2163058,0,52,52,completed,36
39171,Rigid,2164228,2164257,2164970,29,713,742,completed,36
39172,Rigid,2164729,2165192,2165204,463,12,475,completed,72
39173,Rigid,2164975,2165162,2167505,187,2343,2530,completed,36
39174,Rigid,2165091,2165222,2167333,131,2111,2242,completed,36
39175,Rigid,2165347,2165464,2167412,117,1948,2065,completed,36
39176,Rigid,2165433,2166006,2168045,573,2039,2612,completed,36
39177,Rigid,2165471,2166157,2168594,686,2437,3123,completed,36
39178,Rigid,2165550,2166157,2168150,607,1993,2600,completed,36
39179,Rigid,2165635,2166308,2168279,673,1971,2644,completed,36
39180,Rigid,2165715,2166549,2168629,834,2080,2914,completed,36
39181,Rigid,2165947,2166549,2168693,602,2144,2746,completed,36
39182,Rigid,2166571,2166790,2166803,219,13,232,completed,36
39183,Rigid,2167408,2168663,2171064,1255,2401,3656,completed,36
39184,Rigid,2167439,2168724,2171058,1285,2334,3619,completed,36
39185,Rigid,2167452,2168754,2170854,1302,2100,3402,completed,36
39186,Rigid,2167464,2168754,2170703,1290,1949,3239,completed,36
39187,Rigid,2167474,2168814,2170794,1340,1980,3320,completed,36
39188,Rigid,2167484,2168814,2170890,1330,2076,3406,completed,36
39189,Rigid,2167507,2169447,2171430,1940,1983,3923,completed,36
39190,Rigid,2167516,2169507,2171626,1991,2119,4110,completed,36
39191,Rigid,2167525,2170141,2171844,2616,1703,4319,completed,36
39192,Rigid,2167643,2167909,2167922,266,13,279,completed,36
39193,Rigid,2167775,2167775,2167831,0,56,56,completed,36
39194,Rigid,2169308,2169447,2169486,139,39,178,completed,36
39195,Rigid,2169567,2169810,2178551,243,8741,8984,completed,36
39196,Rigid,2169829,2169829,2169886,0,57,57,completed,36
39197,Rigid,2170115,2170115,2170119,0,4,4,completed,36
39198,Rigid,2170411,2170412,2170469,1,57,58,completed,36
39199,Rigid,2170862,2170863,2170885,1,22,23,completed,36
39200,Rigid,2171135,2171136,2171157,1,21,22,completed,36
39201,Rigid,2171631,2171633,2171655,2,22,24,completed,36
39202,Rigid,2171933,2181782,2183892,9849,2110,11959,completed,36
39203,Rigid,2171943,2181782,2183734,9839,1952,11791,completed,36
39204,Rigid,2171954,2182234,2184273,10280,2039,12319,completed,36
39205,Rigid,2171962,2182234,2184255,10272,2021,12293,completed,36
39206,Rigid,2171975,2182324,2184382,10349,2058,12407,completed,36
39207,Rigid,2171982,2182325,2184384,10343,2059,12402,completed,36
39208,Rigid,2171991,2182415,2184556,10424,2141,12565,completed,36
39209,Rigid,2172014,2182415,2184779,10401,2364,12765,completed,36
39210,Rigid,2172061,2172062,2172084,1,22,23,completed,36
39211,Rigid,2172313,2172313,2172334,0,21,21,completed,36
39212,Rigid,2172405,2172406,2173759,1,1353,1354,completed,144
39213,Rigid,2173074,2173095,2174665,21,1570,1591,completed,36
39214,Rigid,2175478,2182415,2184614,6937,2199,9136,completed,36
39215,Rigid,2175486,2182415,2184608,6929,2193,9122,completed,36
39216,Rigid,2175494,2182415,2184624,6921,2209,9130,completed,36
39217,Rigid,2175502,2182415,2184531,6913,2116,9029,completed,36
39218,Rigid,2175513,2182415,2184416,6902,2001,8903,completed,36
39219,Rigid,2175521,2182415,2184482,6894,2067,8961,completed,36
39220,Rigid,2175530,2182415,2184466,6885,2051,8936,completed,36
39221,Rigid,2175539,2182415,2184431,6876,2016,8892,completed,36
39222,Rigid,2175548,2182445,2184395,6897,1950,8847,completed,36
39223,Rigid,2176118,2182445,2184848,6327,2403,8730,completed,36
39224,Rigid,2176138,2182776,2185083,6638,2307,8945,completed,36
39225,Rigid,2176150,2182776,2184817,6626,2041,8667,completed,36
39226,Rigid,2176158,2183017,2184966,6859,1949,8808,completed,36
39227,Rigid,2176173,2183017,2185043,6844,2026,8870,completed,36
39228,Rigid,2176189,2183589,2185652,7400,2063,9463,completed,36
39229,Rigid,2176199,2183589,2185562,7390,1973,9363,completed,36
39230,Rigid,2176208,2183589,2185585,7381,1996,9377,completed,36
39231,Rigid,2176217,2183589,2185654,7372,2065,9437,completed,36
39232,Rigid,2176245,2176262,2176749,17,487,504,completed,36
39233,Rigid,2176375,2176382,2176476,7,94,101,completed,36
39234,Rigid,2177165,2177166,2216126,1,38960,38961,completed,288
39235,Rigid,2177619,2184161,2186501,6542,2340,8882,completed,36
39236,Rigid,2177627,2184161,2186393,6534,2232,8766,completed,36
39237,Rigid,2177637,2184282,2186363,6645,2081,8726,completed,36
39238,Rigid,2177645,2184283,2186215,6638,1932,8570,completed,36
39239,Rigid,2177653,2184283,2186323,6630,2040,8670,completed,36
39240,Rigid,2177662,2184283,2186301,6621,2018,8639,completed,36
39241,Rigid,2177671,2184403,2186371,6732,1968,8700,completed,36
39242,Rigid,2177685,2184614,2186672,6929,2058,8987,completed,36
39243,Rigid,2177694,2184614,2186733,6920,2119,9039,completed,36
39244,Rigid,2177774,2184644,2187007,6870,2363,9233,completed,36
39245,Rigid,2177786,2184644,2186861,6858,2217,9075,completed,36
39246,Rigid,2177795,2184795,2186906,7000,2111,9111,completed,36
39247,Rigid,2177803,2184825,2186768,7022,1943,8965,completed,36
39248,Rigid,2177811,2184855,2186876,7044,2021,9065,completed,36
39249,Rigid,2177818,2184855,2186894,7037,2039,9076,completed,36
39250,Rigid,2177826,2184855,2186843,7029,1988,9017,completed,36
39251,Rigid,2177836,2184976,2187014,7140,2038,9178,completed,36
39252,Rigid,2177844,2185066,2187205,7222,2139,9361,completed,36
39253,Rigid,2177907,2185096,2187272,7189,2176,9365,completed,36
39254,Rigid,2177918,2185579,2187734,7661,2155,9816,completed,36
39255,Rigid,2177926,2185610,2187758,7684,2148,9832,completed,36
39256,Rigid,2177934,2185670,2187817,7736,2147,9883,completed,36
39257,Rigid,2177943,2185670,2187717,7727,2047,9774,completed,36
39258,Rigid,2177950,2185700,2187794,7750,2094,9844,completed,36
39259,Rigid,2177957,2185700,2187726,7743,2026,9769,completed,36
39260,Rigid,2177958,2177962,2177994,4,32,36,completed,36
39261,Rigid,2177965,2186061,2188109,8096,2048,10144,completed,36
39262,Rigid,2177974,2186061,2188023,8087,1962,10049,completed,36
39263,Rigid,2178020,2186121,2188412,8101,2291,10392,completed,36
39264,Rigid,2178029,2186121,2188293,8092,2172,10264,completed,36
39265,Rigid,2178037,2186121,2188351,8084,2230,10314,completed,36
39266,Rigid,2178048,2186121,2188220,8073,2099,10172,completed,36
39267,Rigid,2178056,2186121,2188133,8065,2012,10077,completed,36
39268,Rigid,2178064,2186242,2188269,8178,2027,10205,completed,36
39269,Rigid,2178072,2186332,2188412,8260,2080,10340,completed,36
39270,Rigid,2178079,2186332,2188334,8253,2002,10255,completed,36
39271,Rigid,2178088,2186392,2188332,8304,1940,10244,completed,36
39272,Rigid,2178694,2178703,2179066,9,363,372,completed,36
39273,Rigid,2179602,2179603,2180171,1,568,569,completed,36
39274,Rigid,2180186,2180244,2180335,58,91,149,completed,36
39275,Rigid,2180505,2180516,2180577,11,61,72,completed,1152
39276,Rigid,2180690,2180696,2180757,6,61,67,completed,1152
39277,Rigid,2180818,2180847,2180910,29,63,92,completed,1152
39278,Rigid,2182029,2182053,2182191,24,138,162,completed,36
39279,Rigid,2182516,2186392,2194611,3876,8219,12095,completed,36
39280,Rigid,2182563,2186422,2193176,3859,6754,10613,completed,36
39281,Rigid,2182677,2186512,2192189,3835,5677,9512,completed,36
39282,Rigid,2182766,2186693,2194654,3927,7961,11888,completed,36
39283,Rigid,2182819,2182837,2183561,18,724,742,completed,1152
39284,Rigid,2182819,2182837,2182920,18,83,101,completed,36
39285,Rigid,2183282,2183288,2183542,6,254,260,completed,36
39286,Rigid,2183627,2183650,2183916,23,266,289,completed,1152
39287,Rigid,2183798,2183800,2184161,2,361,363,completed,36
39288,Rigid,2183919,2183951,2184121,32,170,202,completed,1152
39289,Rigid,2184309,2184313,2188108,4,3795,3799,completed,1152
39290,Rigid,2184442,2184614,2193866,172,9252,9424,completed,36
39291,Rigid,2192834,2192835,2192852,1,17,18,completed,1
39292,Rigid,2192966,2192967,2192977,1,10,11,completed,12
39293,Rigid,2193110,2193111,2193147,1,36,37,completed,12
39294,Rigid,2193326,2193326,2193328,0,2,2,completed,12
39295,Rigid,2193481,2193482,2193496,1,14,15,completed,12
39296,Rigid,2193837,2193839,2193854,2,15,17,completed,12
39297,Rigid,2193941,2193941,2193943,0,2,2,completed,12
39298,Rigid,2194087,2194088,2194102,1,14,15,completed,12
39299,Rigid,2194522,2194522,2194537,0,15,15,completed,12
39300,Rigid,2194679,2194679,2194693,0,14,14,completed,12
39301,Rigid,2194838,2194840,2194854,2,14,16,completed,12
39302,Rigid,2195209,2195210,2195232,1,22,23,completed,12
39303,Rigid,2195281,2195281,2195301,0,20,20,completed,12
39304,Rigid,2195413,2195413,2195426,0,13,13,completed,12
39305,Rigid,2195446,2195446,2195458,0,12,12,completed,12
39306,Rigid,2195508,2195509,2195549,1,40,41,completed,12
39307,Rigid,2195674,2195675,2195710,1,35,36,completed,12
39308,Rigid,2195856,2195856,2195895,0,39,39,completed,12
39309,Rigid,2196023,2196023,2196061,0,38,38,completed,12
39310,Rigid,2196169,2196169,2196455,0,286,286,completed,12
39311,Rigid,2196521,2196522,2196595,1,73,74,completed,12
39312,Rigid,2204398,2204401,2206642,3,2241,2244,completed,36
39313,Rigid,2204709,2204710,2207673,1,2963,2964,completed,36
39314,Rigid,2205429,2205430,2207647,1,2217,2218,completed,36
39315,Rigid,2205522,2205522,2208722,0,3200,3200,completed,36
39316,Rigid,2205601,2205602,2207035,1,1433,1434,completed,36
39317,Rigid,2205729,2205729,2205736,0,7,7,completed,36
39318,Rigid,2205852,2205852,2207832,0,1980,1980,completed,36
39319,Rigid,2205938,2205939,2208352,1,2413,2414,completed,36
39320,Rigid,2206018,2206021,2208528,3,2507,2510,completed,36
39321,Rigid,2206706,2206706,2209309,0,2603,2603,completed,36
39322,Rigid,2206872,2206872,2209594,0,2722,2722,completed,36
39323,Rigid,2206933,2206934,2209654,1,2720,2721,completed,36
39324,Rigid,2207044,2207044,2208715,0,1671,1671,completed,36
39325,Rigid,2207103,2207103,2208711,0,1608,1608,completed,36
39326,Rigid,2207185,2207185,2208613,0,1428,1428,completed,36
39327,Rigid,2207257,2207258,2208811,1,1553,1554,completed,36
39328,Rigid,2207313,2207314,2209902,1,2588,2589,completed,36
39329,Rigid,2207368,2207368,2209857,0,2489,2489,completed,36
39330,Rigid,2207424,2207424,2209398,0,1974,1974,completed,36
39331,Rigid,2207604,2207605,2210498,1,2893,2894,completed,36
39332,Rigid,2207779,2207779,2210144,0,2365,2365,completed,36
39333,Rigid,2207861,2207861,2208057,0,196,196,completed,36
39334,Rigid,2208240,2208241,2209900,1,1659,1660,completed,36
39335,Rigid,2208318,2208318,2210488,0,2170,2170,completed,36
39336,Rigid,2208385,2208386,2209823,1,1437,1438,completed,36
39337,Rigid,2208433,2208434,2210099,1,1665,1666,completed,36
39338,Rigid,2208482,2208482,2211012,0,2530,2530,completed,36
39339,Rigid,2208529,2208529,2211049,0,2520,2520,completed,36
39340,Rigid,2208613,2208613,2210977,0,2364,2364,completed,36
39341,Rigid,2208732,2208733,2211623,1,2890,2891,completed,36
39342,Rigid,2208794,2208795,2211649,1,2854,2855,completed,36
39343,Rigid,2208853,2208853,2210467,0,1614,1614,completed,36
39344,Rigid,2208903,2208904,2211506,1,2602,2603,completed,36
39345,Rigid,2208956,2208957,2210421,1,1464,1465,completed,36
39346,Rigid,2209009,2209010,2210798,1,1788,1789,completed,36
39347,Rigid,2209064,2209065,2211264,1,2199,2200,completed,36
39348,Rigid,2209116,2209117,2211319,1,2202,2203,completed,36
39349,Rigid,2209170,2209171,2211696,1,2525,2526,completed,36
39350,Rigid,2209314,2209315,2212332,1,3017,3018,completed,36
39351,Rigid,2209373,2209374,2211766,1,2392,2393,completed,36
39352,Rigid,2209438,2209441,2211057,3,1616,1619,completed,36
39353,Rigid,2209485,2209486,2211793,1,2307,2308,completed,36
39354,Rigid,2209546,2209547,2210953,1,1406,1407,completed,36
39355,Rigid,2209596,2209597,2211636,1,2039,2040,completed,36
39356,Rigid,2209646,2209646,2211927,0,2281,2281,completed,36
39357,Rigid,2209687,2209688,2212451,1,2763,2764,completed,36
39358,Rigid,2209756,2209756,2212078,0,2322,2322,completed,36
39359,Rigid,2209889,2209889,2212563,0,2674,2674,completed,36
39360,Rigid,2209937,2209937,2212442,0,2505,2505,completed,36
39361,Rigid,2210054,2210054,2211767,0,1713,1713,completed,36
39362,Rigid,2210104,2210104,2211474,0,1370,1370,completed,36
39363,Rigid,2210174,2210175,2211738,1,1563,1564,completed,36
39364,Rigid,2210227,2210228,2211710,1,1482,1483,completed,36
39365,Rigid,2210290,2210290,2212285,0,1995,1995,completed,36
39366,Rigid,2210351,2210351,2212841,0,2490,2490,completed,36
39367,Rigid,2210398,2210398,2212395,0,1997,1997,completed,36
39368,Rigid,2210574,2210574,2212342,0,1768,1768,completed,36
39369,Rigid,2210638,2210639,2212513,1,1874,1875,completed,36
39370,Rigid,2210826,2210826,2213749,0,2923,2923,completed,36
39371,Rigid,2210873,2210874,2212960,1,2086,2087,completed,36
39372,Rigid,2210932,2210932,2212569,0,1637,1637,completed,36
39373,Rigid,2210983,2210983,2212354,0,1371,1371,completed,36
39374,Rigid,2211051,2211052,2212556,1,1504,1505,completed,36
39375,Rigid,2211101,2211102,2212550,1,1448,1449,completed,36
39376,Rigid,2211154,2211154,2213657,0,2503,2503,completed,36
39377,Rigid,2211219,2211220,2213698,1,2478,2479,completed,36
39378,Rigid,2211287,2211288,2213476,1,2188,2189,completed,36
39379,Rigid,2213007,2213007,2213011,0,4,4,completed,16
39380,Rigid,2213099,2213099,2213103,0,4,4,completed,16
39381,Rigid,2213740,2213740,2213745,0,5,5,completed,16
39382,Rigid,2214953,2214953,2214957,0,4,4,completed,16
39383,Rigid,2215254,2215254,2215258,0,4,4,completed,16
39384,Rigid,2215384,2215384,2215391,0,7,7,completed,16
39385,Rigid,2215455,2215455,2215459,0,4,4,completed,16
39386,Rigid,2215521,2215521,2215526,0,5,5,completed,16
39387,Rigid,2215547,2215547,2215590,0,43,43,completed,36
39388,Rigid,2215630,2215631,2222203,1,6572,6573,completed,36
39389,Rigid,2215667,2215667,2215671,0,4,4,completed,16
39390,Rigid,2215724,2215724,2226315,0,10591,10591,completed,36
39391,Rigid,2215974,2215974,2215978,0,4,4,completed,16
39392,Rigid,2216023,2216023,2216030,0,7,7,completed,16
39393,Rigid,2216110,2216110,2216114,0,4,4,completed,16
39394,Rigid,2216129,2216129,2216134,0,5,5,completed,16
39395,Rigid,2216167,2216167,2216170,0,3,3,completed,16
39396,Rigid,2216181,2216181,2216184,0,3,3,completed,16
39397,Rigid,2216319,2216319,2216323,0,4,4,completed,16
39398,Rigid,2216350,2216350,2216354,0,4,4,completed,16
39399,Rigid,2216364,2216364,2216368,0,4,4,completed,16
39400,Rigid,2216379,2216379,2216384,0,5,5,completed,16
39401,Rigid,2216750,2216751,2220827,1,4076,4077,completed,36
39402,Rigid,2216761,2216762,2217166,1,404,405,completed,36
39403,Rigid,2216771,2216771,2218587,0,1816,1816,completed,36
39404,Rigid,2216780,2216781,2217211,1,430,431,completed,36
39405,Rigid,2216792,2216793,2217210,1,417,418,completed,36
39406,Rigid,2216800,2216801,2217362,1,561,562,completed,36
39407,Rigid,2216808,2216809,2217306,1,497,498,completed,36
39408,Rigid,2216817,2216817,2220151,0,3334,3334,completed,36
39409,Rigid,2216868,2216868,2218397,0,1529,1529,completed,36
39410,Rigid,2216880,2216881,2217458,1,577,578,completed,36
39411,Rigid,2216890,2216890,2217341,0,451,451,completed,36
39412,Rigid,2216898,2216898,2217478,0,580,580,completed,36
39413,Rigid,2216905,2216905,2217187,0,282,282,completed,36
39414,Rigid,2216915,2216915,2219884,0,2969,2969,completed,36
39415,Rigid,2216923,2216923,2221668,0,4745,4745,completed,36
39416,Rigid,2216930,2216931,2217449,1,518,519,completed,36
39417,Rigid,2217097,2217098,2220678,1,3580,3581,completed,36
39418,Rigid,2217105,2217106,2219216,1,2110,2111,completed,36
39419,Rigid,2217115,2217115,2217655,0,540,540,completed,36
39420,Rigid,2217121,2217122,2217679,1,557,558,completed,36
39421,Rigid,2217129,2217130,2217560,1,430,431,completed,36
39422,Rigid,2217136,2217137,2217589,1,452,453,completed,36
39423,Rigid,2217143,2217143,2218909,0,1766,1766,completed,36
39424,Rigid,2217150,2217150,2217756,0,606,606,completed,36
39425,Rigid,2217159,2217159,2218099,0,940,940,completed,36
39426,Rigid,2217220,2217221,2221035,1,3814,3815,completed,36
39427,Rigid,2217239,2217241,2229349,2,12108,12110,completed,36
39428,Rigid,2217249,2217249,2217769,0,520,520,completed,36
39429,Rigid,2217259,2217259,2217943,0,684,684,completed,36
39430,Rigid,2217269,2217269,2217685,0,416,416,completed,36
39431,Rigid,2217285,2217285,2217701,0,416,416,completed,36
39432,Rigid,2217292,2217293,2218235,1,942,943,completed,36
39433,Rigid,2217299,2217302,2217893,3,591,594,completed,36
39434,Rigid,2217307,2217308,2219039,1,1731,1732,completed,36
39435,Rigid,2217362,2217363,2220666,1,3303,3304,completed,36
39436,Rigid,2217370,2217371,2220927,1,3556,3557,completed,36
39437,Rigid,2217377,2217378,2218034,1,656,657,completed,36
39438,Rigid,2217385,2217386,2217922,1,536,537,completed,36
39439,Rigid,2217393,2217393,2217790,0,397,397,completed,36
39440,Rigid,2217401,2217402,2217983,1,581,582,completed,36
39441,Rigid,2217410,2217411,2218620,1,1209,1210,completed,36
39442,Rigid,2217417,2217417,2218743,0,1326,1326,completed,36
39443,Rigid,2217426,2217426,2218930,0,1504,1504,completed,36
39444,Rigid,2217486,2217487,2221490,1,4003,4004,completed,36
39445,Rigid,2217494,2217496,2217852,2,356,358,completed,36
39446,Rigid,2217507,2217508,2218031,1,523,524,completed,36
39447,Rigid,2217516,2217516,2217949,0,433,433,completed,36
39448,Rigid,2217524,2217525,2218040,1,515,516,completed,36
39449,Rigid,2217532,2217532,2218082,0,550,550,completed,36
39450,Rigid,2217540,2217541,2218037,1,496,497,completed,36
39451,Rigid,2217548,2217548,2218769,0,1221,1221,completed,36
39452,Rigid,2217558,2217558,2217703,0,145,145,completed,36
39453,Rigid,2217605,2217605,2228352,0,10747,10747,completed,36
39454,Rigid,2217613,2217614,2218140,1,526,527,completed,36
39455,Rigid,2217622,2217623,2218126,1,503,504,completed,36
39456,Rigid,2217633,2217633,2218288,0,655,655,completed,36
39457,Rigid,2217642,2217642,2218307,0,665,665,completed,36
39458,Rigid,2217650,2217651,2218188,1,537,538,completed,36
39459,Rigid,2217659,2217661,2218156,2,495,497,completed,36
39460,Rigid,2217667,2217668,2219674,1,2006,2007,completed,36
39461,Rigid,2217677,2217678,2218198,1,520,521,completed,36
39462,Rigid,2217885,2217886,2218925,1,1039,1040,completed,36
39463,Rigid,2218579,2218579,2218584,0,5,5,completed,16
39464,Rigid,2218592,2218592,2218596,0,4,4,completed,16
39465,Rigid,2218640,2218640,2218643,0,3,3,completed,16
39466,Rigid,2218721,2218721,2218725,0,4,4,completed,16
39467,Rigid,2218861,2218861,2218866,0,5,5,completed,16
39468,Rigid,2218875,2218875,2218879,0,4,4,completed,16
39469,Rigid,2218969,2218969,2218973,0,4,4,completed,16
39470,Rigid,2219015,2219016,2219020,1,4,5,completed,16
39471,Rigid,2219048,2219048,2219053,0,5,5,completed,16
39472,Rigid,2219067,2219067,2219071,0,4,4,completed,16
39473,Rigid,2219097,2219097,2219101,0,4,4,completed,16
39474,Rigid,2219108,2219108,2219113,0,5,5,completed,16
39475,Rigid,2219157,2219157,2219162,0,5,5,completed,16
39476,Rigid,2219167,2219167,2219172,0,5,5,completed,16
39477,Rigid,2219335,2219335,2219339,0,4,4,completed,16
39478,Rigid,2219509,2219509,2219513,0,4,4,completed,16
39479,Rigid,2219526,2219526,2219531,0,5,5,completed,16
39480,Rigid,2219543,2219544,2219704,1,160,161,completed,36
39481,Rigid,2219548,2219548,2219552,0,4,4,completed,16
39482,Rigid,2219597,2219597,2219601,0,4,4,completed,16
39483,Rigid,2219648,2219648,2219652,0,4,4,completed,16
39484,Rigid,2219687,2219687,2219691,0,4,4,completed,16
39485,Rigid,2219698,2219701,2220362,3,661,664,completed,360
39486,Rigid,2219718,2219719,2219778,1,59,60,completed,36
39487,Rigid,2219724,2219724,2220356,0,632,632,completed,360
39488,Rigid,2219744,2219745,2220350,1,605,606,completed,360
39489,Rigid,2219821,2219822,2220210,1,388,389,completed,36
39490,Rigid,2219880,2219881,2220342,1,461,462,completed,36
39491,Rigid,2219930,2219930,2220337,0,407,407,completed,36
39492,Rigid,2220060,2220061,2220332,1,271,272,completed,36
39493,Rigid,2220262,2220262,2220265,0,3,3,completed,16
39494,Rigid,2220289,2220289,2220293,0,4,4,completed,16
39495,Rigid,2220416,2220416,2220534,0,118,118,completed,36
39496,Rigid,2220452,2220452,2220540,0,88,88,completed,36
39497,Rigid,2220589,2220590,2258330,1,37740,37741,completed,36
39498,Rigid,2220624,2220624,2257942,0,37318,37318,completed,36
39499,Rigid,2220652,2220652,2257841,0,37189,37189,completed,36
39500,Rigid,2220689,2220690,2258067,1,37377,37378,completed,36
39501,Rigid,2220721,2220721,2257928,0,37207,37207,completed,36
39502,Rigid,2220748,2220748,2257985,0,37237,37237,completed,36
39503,Rigid,2220795,2220795,2257835,0,37040,37040,completed,36
39504,Rigid,2220829,2220829,2257984,0,37155,37155,completed,36
39505,Rigid,2220864,2220864,2257790,0,36926,36926,completed,36
39506,Rigid,2220893,2220894,2257798,1,36904,36905,completed,36
39507,Rigid,2220926,2220926,2257567,0,36641,36641,completed,36
39508,Rigid,2220979,2220980,2221104,1,124,125,completed,36
39509,Rigid,2220982,2220984,2257790,2,36806,36808,completed,36
39510,Rigid,2221081,2221081,2257682,0,36601,36601,completed,36
39511,Rigid,2221112,2221112,2257835,0,36723,36723,completed,36
39512,Rigid,2221144,2221145,2257619,1,36474,36475,completed,36
39513,Rigid,2221169,2221170,2257555,1,36385,36386,completed,36
39514,Rigid,2221231,2221231,2221252,0,21,21,completed,36
39515,Rigid,2221286,2221286,2257547,0,36261,36261,completed,36
39516,Rigid,2221308,2221308,2257575,0,36267,36267,completed,36
39517,Rigid,2221339,2221339,2221486,0,147,147,completed,36
39518,Rigid,2221339,2221339,2258116,0,36777,36777,completed,36
39519,Rigid,2221340,2221343,2221456,3,113,116,completed,72
39520,Rigid,2221342,2221343,2221452,1,109,110,completed,144
39521,Rigid,2221375,2221375,2257824,0,36449,36449,completed,36
39522,Rigid,2221546,2221546,2227390,0,5844,5844,completed,36
39523,Rigid,2221548,2221550,2224977,2,3427,3429,completed,72
39524,Rigid,2221550,2221550,2223291,0,1741,1741,completed,144
39525,Rigid,2222708,2222708,2260543,0,37835,37835,completed,36
39526,Rigid,2222741,2222742,2260543,1,37801,37802,completed,36
39527,Rigid,2222768,2222768,2260308,0,37540,37540,completed,36
39528,Rigid,2222823,2222823,2260382,0,37559,37559,completed,36
39529,Rigid,2222843,2222844,2260557,1,37713,37714,completed,36
39530,Rigid,2222907,2222907,2260633,0,37726,37726,completed,36
39531,Rigid,2222953,2222954,2260998,1,38044,38045,completed,36
39532,Rigid,2222975,2222976,2260840,1,37864,37865,completed,36
39533,Rigid,2222998,2223001,2261087,3,38086,38089,completed,36
39534,Rigid,2223017,2223018,2261401,1,38383,38384,completed,36
39535,Rigid,2223054,2223055,2261413,1,38358,38359,completed,36
39536,Rigid,2223088,2223088,2261287,0,38199,38199,completed,36
39537,Rigid,2223108,2223109,2261527,1,38418,38419,completed,36
39538,Rigid,2223127,2223128,2261760,1,38632,38633,completed,36
39539,Rigid,2223144,2223145,2261733,1,38588,38589,completed,36
39540,Rigid,2223159,2223160,2261921,1,38761,38762,completed,36
39541,Rigid,2223175,2223175,2261973,0,38798,38798,completed,36
39542,Rigid,2223204,2223205,2262371,1,39166,39167,completed,36
39543,Rigid,2223231,2223231,2262948,0,39717,39717,completed,36
39544,Rigid,2223262,2223262,2262411,0,39149,39149,completed,36
39545,Rigid,2223422,2223422,2223762,0,340,340,completed,36
39546,Rigid,2223448,2223449,2254267,1,30818,30819,completed,36
39547,Rigid,2223471,2223472,2254719,1,31247,31248,completed,36
39548,Rigid,2223488,2223489,2254441,1,30952,30953,completed,36
39549,Rigid,2223505,2223506,2254692,1,31186,31187,completed,36
39550,Rigid,2223538,2223541,2254197,3,30656,30659,completed,36
39551,Rigid,2223561,2223562,2254201,1,30639,30640,completed,36
39552,Rigid,2223610,2223610,2254303,0,30693,30693,completed,36
39553,Rigid,2223633,2223633,2254597,0,30964,30964,completed,36
39554,Rigid,2223652,2223652,2253978,0,30326,30326,completed,36
39555,Rigid,2223674,2223675,2253948,1,30273,30274,completed,36
39556,Rigid,2223697,2223698,2254166,1,30468,30469,completed,36
39557,Rigid,2223714,2223715,2253948,1,30233,30234,completed,36
39558,Rigid,2223730,2223731,2254410,1,30679,30680,completed,36
39559,Rigid,2223745,2223745,2253993,0,30248,30248,completed,36
39560,Rigid,2223760,2223760,2253978,0,30218,30218,completed,36
39561,Rigid,2223776,2223777,2253786,1,30009,30010,completed,36
39562,Rigid,2223793,2223793,2254004,0,30211,30211,completed,36
39563,Rigid,2223816,2223816,2253835,0,30019,30019,completed,36
39564,Rigid,2223831,2223831,2253702,0,29871,29871,completed,36
39565,Rigid,2223873,2223873,2224706,0,833,833,completed,36
39566,Rigid,2223873,2223873,2254123,0,30250,30250,completed,36
39567,Rigid,2223888,2223888,2253897,0,30009,30009,completed,36
39568,Rigid,2223901,2223901,2253835,0,29934,29934,completed,36
39569,Rigid,2223915,2223916,2253913,1,29997,29998,completed,36
39570,Rigid,2223933,2223934,2254192,1,30258,30259,completed,36
39571,Rigid,2223945,2223946,2253980,1,30034,30035,completed,36
39572,Rigid,2223960,2223961,2254101,1,30140,30141,completed,36
39573,Rigid,2223974,2223975,2254364,1,30389,30390,completed,36
39574,Rigid,2223989,2223990,2254460,1,30470,30471,completed,36
39575,Rigid,2224005,2224006,2254326,1,30320,30321,completed,36
39576,Rigid,2224027,2224028,2254222,1,30194,30195,completed,36
39577,Rigid,2224042,2224042,2254437,0,30395,30395,completed,36
39578,Rigid,2224059,2224059,2254636,0,30577,30577,completed,36
39579,Rigid,2224074,2224074,2255216,0,31142,31142,completed,36
39580,Rigid,2224091,2224091,2254636,0,30545,30545,completed,36
39581,Rigid,2224106,2224106,2254668,0,30562,30562,completed,36
39582,Rigid,2224127,2224127,2254689,0,30562,30562,completed,36
39583,Rigid,2224149,2224149,2255074,0,30925,30925,completed,36
39584,Rigid,2224174,2224174,2254920,0,30746,30746,completed,36
39585,Rigid,2224191,2224191,2255319,0,31128,31128,completed,36
39586,Rigid,2224301,2224301,2264014,0,39713,39713,completed,36
39587,Rigid,2224938,2224938,2225147,0,209,209,completed,36
39588,Rigid,2225214,2225214,2225434,0,220,220,completed,36
39589,Rigid,2225503,2225503,2238580,0,13077,13077,completed,36
39590,Rigid,2226252,2226252,2227415,0,1163,1163,completed,144
39591,Rigid,2226481,2226482,2226629,1,147,148,completed,36
39592,Rigid,2226498,2226499,2239593,1,13094,13095,completed,36
39593,Rigid,2227416,2227417,2234236,1,6819,6820,completed,36
39594,Rigid,2227845,2227845,2228055,0,210,210,completed,36
39595,Rigid,2227988,2227989,2229446,1,1457,1458,completed,144
39596,Rigid,2228904,2228905,2228994,1,89,90,completed,36
39597,Rigid,2229559,2229559,2229616,0,57,57,completed,36
39598,Rigid,2229889,2229890,2229902,1,12,13,completed,36
39599,Rigid,2230680,2230681,2230788,1,107,108,completed,36
39600,Rigid,2230869,2230869,2232323,0,1454,1454,completed,144
39601,Rigid,2230897,2230897,2232102,0,1205,1205,completed,144
39602,Rigid,2231098,2231101,2231172,3,71,74,completed,36
39603,Rigid,2231734,2231734,2231853,0,119,119,completed,36
39604,Rigid,2232234,2232234,2232575,0,341,341,completed,36
39605,Rigid,2232962,2232962,2234367,0,1405,1405,completed,144
39606,Rigid,2232962,2232962,2234334,0,1372,1372,completed,144
39607,Rigid,2232962,2232966,2234350,4,1384,1388,completed,144
39608,Rigid,2232962,2232966,2234346,4,1380,1384,completed,144
39609,Rigid,2232962,2232966,2234338,4,1372,1376,completed,144
39610,Rigid,2232962,2232966,2234343,4,1377,1381,completed,144
39611,Rigid,2232962,2232966,2234345,4,1379,1383,completed,144
39612,Rigid,2232963,2232966,2234354,3,1388,1391,completed,144
39613,Rigid,2232963,2232966,2234355,3,1389,1392,completed,144
39614,Rigid,2232963,2232966,2234365,3,1399,1402,completed,144
39615,Rigid,2232963,2232966,2234366,3,1400,1403,completed,144
39616,Rigid,2232963,2232966,2234349,3,1383,1386,completed,144
39617,Rigid,2232963,2232966,2234334,3,1368,1371,completed,144
39618,Rigid,2232963,2232966,2234354,3,1388,1391,completed,144
39619,Rigid,2232963,2232966,2234344,3,1378,1381,completed,144
39620,Rigid,2234257,2234257,2245957,0,11700,11700,completed,36
39621,Rigid,2234938,2234938,2235233,0,295,295,completed,36
39622,Rigid,2234940,2234941,2235237,1,296,297,completed,36
39623,Rigid,2234942,2234945,2235239,3,294,297,completed,36
39624,Rigid,2234944,2234945,2235239,1,294,295,completed,36
39625,Rigid,2234945,2234945,2235238,0,293,293,completed,36
39626,Rigid,2234945,2234949,2235243,4,294,298,completed,36
39627,Rigid,2234945,2234949,2235243,4,294,298,completed,36
39628,Rigid,2234946,2234949,2235242,3,293,296,completed,36
39629,Rigid,2234946,2234949,2235243,3,294,297,completed,36
39630,Rigid,2234946,2234949,2235243,3,294,297,completed,36
39631,Rigid,2234948,2234949,2235243,1,294,295,completed,36
39632,Rigid,2234949,2234953,2235247,4,294,298,completed,36
39633,Rigid,2234950,2234953,2235248,3,295,298,completed,36
39634,Rigid,2234950,2234953,2235247,3,294,297,completed,36
39635,Rigid,2234951,2234953,2235247,2,294,296,completed,36
39636,Rigid,2234951,2234953,2235246,2,293,295,completed,36
39637,Rigid,2235555,2235556,2237560,1,2004,2005,completed,36
39638,Rigid,2235572,2235573,2237125,1,1552,1553,completed,144
39639,Rigid,2235572,2235573,2237144,1,1571,1572,completed,144
39640,Rigid,2235572,2235573,2237140,1,1567,1568,completed,144
39641,Rigid,2235572,2235573,2237145,1,1572,1573,completed,144
39642,Rigid,2235572,2235573,2237112,1,1539,1540,completed,144
39643,Rigid,2235572,2235573,2237136,1,1563,1564,completed,144
39644,Rigid,2235572,2235573,2237122,1,1549,1550,completed,144
39645,Rigid,2235573,2235573,2237148,0,1575,1575,completed,144
39646,Rigid,2235573,2235573,2237119,0,1546,1546,completed,144
39647,Rigid,2235573,2235573,2237107,0,1534,1534,completed,144
39648,Rigid,2235573,2235577,2237115,4,1538,1542,completed,144
39649,Rigid,2235573,2235577,2237150,4,1573,1577,completed,144
39650,Rigid,2235573,2235577,2237113,4,1536,1540,completed,144
39651,Rigid,2235573,2235577,2237141,4,1564,1568,completed,144
39652,Rigid,2235573,2235577,2237106,4,1529,1533,completed,144
39653,Rigid,2235573,2235577,2237151,4,1574,1578,completed,144
39654,Rigid,2236127,2236128,2243753,1,7625,7626,completed,432
39655,Rigid,2237519,2237520,2323929,1,86409,86410,completed,144
39656,Rigid,2237647,2237648,2324049,1,86401,86402,completed,144
39657,Rigid,2238369,2238369,2251544,0,13175,13175,completed,36
39658,Rigid,2239463,2239463,2239802,0,339,339,completed,36
39659,Rigid,2239465,2239467,2239810,2,343,345,completed,36
39660,Rigid,2239467,2239467,2239893,0,426,426,completed,36
39661,Rigid,2239469,2239471,2239811,2,340,342,completed,36
39662,Rigid,2239470,2239471,2239814,1,343,344,completed,36
39663,Rigid,2239470,2239471,2239811,1,340,341,completed,36
39664,Rigid,2239471,2239471,2239810,0,339,339,completed,36
39665,Rigid,2239471,2239471,2239809,0,338,338,completed,36
39666,Rigid,2239472,2239475,2239814,3,339,342,completed,36
39667,Rigid,2239472,2239475,2239814,3,339,342,completed,36
39668,Rigid,2239472,2239475,2239815,3,340,343,completed,36
39669,Rigid,2239473,2239475,2239815,2,340,342,completed,36
39670,Rigid,2239473,2239475,2239814,2,339,341,completed,36
39671,Rigid,2239474,2239475,2239814,1,339,340,completed,36
39672,Rigid,2239474,2239475,2239815,1,340,341,completed,36
39673,Rigid,2239475,2239475,2239814,0,339,339,completed,36
39674,Rigid,2240361,2240362,2253483,1,13121,13122,completed,36
39675,Rigid,2240484,2240484,2240536,0,52,52,completed,36
39676,Rigid,2240492,2240492,2240534,0,42,42,completed,36
39677,Rigid,2240494,2240496,2240528,2,32,34,completed,36
39678,Rigid,2240496,2240496,2240530,0,34,34,completed,36
39679,Rigid,2240498,2240501,2240525,3,24,27,completed,36
39680,Rigid,2240500,2240501,2240526,1,25,26,completed,36
39681,Rigid,2240665,2240665,2248312,0,7647,7647,completed,36
39682,Rigid,2240667,2240669,2248249,2,7580,7582,completed,36
39683,Rigid,2240669,2240669,2248263,0,7594,7594,completed,36
39684,Rigid,2240671,2240672,2249847,1,9175,9176,completed,36
39685,Rigid,2240673,2240673,2248312,0,7639,7639,completed,36
39686,Rigid,2240675,2240677,2248258,2,7581,7583,completed,36
39687,Rigid,2240867,2240868,2240969,1,101,102,completed,36
39688,Rigid,2240869,2240872,2242633,3,1761,1764,completed,36
39689,Rigid,2241174,2241175,2254270,1,13095,13096,completed,36
39690,Rigid,2242548,2242549,2254686,1,12137,12138,completed,36
39691,Rigid,2243487,2243488,2255472,1,11984,11985,completed,36
39692,Rigid,2243806,2243807,2243823,1,16,17,completed,288
39693,Rigid,2243865,2243865,2263054,0,19189,19189,completed,288
39694,Rigid,2244435,2244436,2256494,1,12058,12059,completed,36
39695,Rigid,2245301,2245302,2282904,1,37602,37603,completed,16
39696,Rigid,2245311,2245312,2245330,1,18,19,completed,16
39697,Rigid,2245398,2245398,2281017,0,35619,35619,completed,16
39698,Rigid,2245398,2245398,2280861,0,35463,35463,completed,16
39699,Rigid,2245398,2245398,2280878,0,35480,35480,completed,16
39700,Rigid,2245399,2245402,2281238,3,35836,35839,completed,16
39701,Rigid,2245399,2245402,2281188,3,35786,35789,completed,16
39702,Rigid,2245399,2245402,2281464,3,36062,36065,completed,16
39703,Rigid,2245399,2245402,2280792,3,35390,35393,completed,16
39704,Rigid,2245399,2245402,2281133,3,35731,35734,completed,16
39705,Rigid,2245399,2245402,2280519,3,35117,35120,completed,16
39706,Rigid,2245713,2245713,2245734,0,21,21,completed,36
39707,Rigid,2245756,2245757,2246604,1,847,848,completed,36
39708,Rigid,2246726,2246727,2246810,1,83,84,completed,36
39709,Rigid,2246981,2246982,2250426,1,3444,3445,completed,36
39710,Rigid,2247907,2247907,2249634,0,1727,1727,completed,360
39711,Rigid,2250093,2250093,2250098,0,5,5,completed,36
39712,Rigid,2250710,2250711,2254314,1,3603,3604,completed,72
39713,Rigid,2251311,2251311,2258988,0,7677,7677,completed,36
39714,Rigid,2251967,2251967,2252062,0,95,95,completed,36
39715,Rigid,2256852,2256852,2256892,0,40,40,completed,36
39716,Rigid,2256937,2256938,2286522,1,29584,29585,completed,36
39717,Rigid,2256955,2256956,2257023,1,67,68,completed,36
39718,Rigid,2256977,2256978,2286490,1,29512,29513,completed,36
39719,Rigid,2257087,2257088,2286475,1,29387,29388,completed,36
39720,Rigid,2257863,2257864,2286653,1,28789,28790,completed,36
39721,Rigid,2257883,2257883,2286669,0,28786,28786,completed,36
39722,Rigid,2257925,2257925,2286582,0,28657,28657,completed,36
39723,Rigid,2257944,2257945,2286772,1,28827,28828,completed,36
39724,Rigid,2257966,2257966,2286690,0,28724,28724,completed,36
39725,Rigid,2257981,2257984,2286518,3,28534,28537,completed,36
39726,Rigid,2258000,2258000,2286640,0,28640,28640,completed,36
39727,Rigid,2258016,2258018,2286451,2,28433,28435,completed,36
39728,Rigid,2258030,2258031,2286426,1,28395,28396,completed,36
39729,Rigid,2258046,2258047,2286435,1,28388,28389,completed,36
39730,Rigid,2258065,2258066,2286408,1,28342,28343,completed,36
39731,Rigid,2258079,2258080,2286407,1,28327,28328,completed,36
39732,Rigid,2258095,2258096,2286406,1,28310,28311,completed,36
39733,Rigid,2258109,2258110,2286173,1,28063,28064,completed,36
39734,Rigid,2258124,2258124,2286197,0,28073,28073,completed,36
39735,Rigid,2258140,2258141,2286053,1,27912,27913,completed,36
39736,Rigid,2258279,2258279,2281124,0,22845,22845,completed,36
39737,Rigid,2258336,2258336,2280968,0,22632,22632,completed,36
39738,Rigid,2258352,2258352,2281051,0,22699,22699,completed,36
39739,Rigid,2258369,2258369,2281120,0,22751,22751,completed,36
39740,Rigid,2258389,2258390,2258418,1,28,29,completed,36
39741,Rigid,2258438,2258438,2281444,0,23006,23006,completed,36
39742,Rigid,2258454,2258454,2281266,0,22812,22812,completed,36
39743,Rigid,2258470,2258470,2281394,0,22924,22924,completed,36
39744,Rigid,2258487,2258487,2281389,0,22902,22902,completed,36
39745,Rigid,2258502,2258502,2281529,0,23027,23027,completed,36
39746,Rigid,2258517,2258517,2281579,0,23062,23062,completed,36
39747,Rigid,2258541,2258541,2281650,0,23109,23109,completed,36
39748,Rigid,2258593,2258594,2281682,1,23088,23089,completed,36
39749,Rigid,2258608,2258609,2281808,1,23199,23200,completed,36
39750,Rigid,2258624,2258625,2281907,1,23282,23283,completed,36
39751,Rigid,2258640,2258640,2282036,0,23396,23396,completed,36
39752,Rigid,2258656,2258657,2281974,1,23317,23318,completed,36
39753,Rigid,2258670,2258671,2281860,1,23189,23190,completed,36
39754,Rigid,2258685,2258686,2282075,1,23389,23390,completed,36
39755,Rigid,2258699,2258699,2282048,0,23349,23349,completed,36
39756,Rigid,2258715,2258716,2282053,1,23337,23338,completed,36
39757,Rigid,2260017,2260017,2262157,0,2140,2140,completed,360
39758,Rigid,2261665,2261665,2271030,0,9365,9365,completed,36
39759,Rigid,2262799,2262800,2264808,1,2008,2009,completed,360
39760,Rigid,2265256,2265256,2270286,0,5030,5030,completed,72
39761,Rigid,2265432,2265433,2265444,1,11,12,completed,72
39762,Rigid,2265548,2265548,2268271,0,2723,2723,completed,72
39763,Rigid,2265572,2265572,2270758,0,5186,5186,completed,72
39764,Rigid,2265650,2265650,2269547,0,3897,3897,completed,72
39765,Rigid,2265731,2265731,2268850,0,3119,3119,completed,72
39766,Rigid,2267872,2267872,2267924,0,52,52,completed,3
39767,Rigid,2267953,2267954,2268021,1,67,68,completed,3
39768,Rigid,2268662,2268666,2269134,4,468,472,completed,3
39769,Rigid,2269737,2269738,2271307,1,1569,1570,completed,360
39770,Rigid,2271374,2271375,2273331,1,1956,1957,completed,360
39771,Rigid,2273731,2273731,2275721,0,1990,1990,completed,360
39772,Rigid,2277125,2277126,2286227,1,9101,9102,completed,360
39773,Rigid,2280390,2280391,2280393,1,2,3,completed,36
39774,Rigid,2280547,2280547,2281052,0,505,505,completed,36
39775,Rigid,2282093,2282093,2282170,0,77,77,completed,36
39776,Rigid,2282892,2282892,2283119,0,227,227,completed,36
39777,Rigid,2283461,2283461,2283615,0,154,154,completed,36
39778,Rigid,2283958,2283958,2284559,0,601,601,completed,36
39779,Rigid,2283958,2283962,2284851,4,889,893,completed,36
39780,Rigid,2283959,2283962,2284489,3,527,530,completed,36
39781,Rigid,2283959,2283962,2284457,3,495,498,completed,36
39782,Rigid,2283959,2283962,2284522,3,560,563,completed,36
39783,Rigid,2283959,2283962,2284537,3,575,578,completed,36
39784,Rigid,2283959,2283962,2284325,3,363,366,completed,36
39785,Rigid,2283960,2283962,2284730,2,768,770,completed,36
39786,Rigid,2283960,2283962,2284427,2,465,467,completed,36
39787,Rigid,2283960,2283962,2284596,2,634,636,completed,36
39788,Rigid,2283960,2283962,2284518,2,556,558,completed,36
39789,Rigid,2283960,2283962,2284532,2,570,572,completed,36
39790,Rigid,2283961,2283962,2284628,1,666,667,completed,36
39791,Rigid,2283961,2283962,2285081,1,1119,1120,completed,36
39792,Rigid,2283961,2283962,2284499,1,537,538,completed,36
39793,Rigid,2283961,2283962,2284493,1,531,532,completed,36
39794,Rigid,2283961,2283962,2284337,1,375,376,completed,36
39795,Rigid,2283961,2283962,2284614,1,652,653,completed,36
39796,Rigid,2283962,2283962,2284755,0,793,793,completed,36
39797,Rigid,2283962,2283962,2284943,0,981,981,completed,36
39798,Rigid,2283962,2283962,2284565,0,603,603,completed,36
39799,Rigid,2283962,2283962,2284450,0,488,488,completed,36
39800,Rigid,2283962,2283962,2284524,0,562,562,completed,36
39801,Rigid,2283962,2283966,2284589,4,623,627,completed,36
39802,Rigid,2283963,2283966,2284440,3,474,477,completed,36
39803,Rigid,2283963,2283966,2284440,3,474,477,completed,36
39804,Rigid,2283963,2283966,2284407,3,441,444,completed,36
39805,Rigid,2283963,2283966,2284340,3,374,377,completed,36
39806,Rigid,2283963,2283966,2284491,3,525,528,completed,36
39807,Rigid,2283964,2283966,2284551,2,585,587,completed,36
39808,Rigid,2283964,2283966,2284845,2,879,881,completed,36
39809,Rigid,2283965,2283966,2284556,1,590,591,completed,36
39810,Rigid,2283965,2283966,2284574,1,608,609,completed,36
39811,Rigid,2283965,2283966,2284453,1,487,488,completed,36
39812,Rigid,2283966,2283966,2284586,0,620,620,completed,36
39813,Rigid,2283966,2283966,2284562,0,596,596,completed,36
39814,Rigid,2283966,2283970,2284504,4,534,538,completed,36
39815,Rigid,2283967,2283970,2284491,3,521,524,completed,36
39816,Rigid,2283967,2283970,2284504,3,534,537,completed,36
39817,Rigid,2283967,2283970,2284332,3,362,365,completed,36
39818,Rigid,2283968,2283970,2284545,2,575,577,completed,36
39819,Rigid,2283968,2283970,2284332,2,362,364,completed,36
39820,Rigid,2287359,2287360,2293851,1,6491,6492,completed,360
39821,Rigid,2294823,2294826,2302712,3,7886,7889,completed,360
39822,Rigid,2301248,2301248,2301252,0,4,4,completed,16
39823,Rigid,2301449,2301449,2301453,0,4,4,completed,16
39824,Rigid,2302221,2302221,2302222,0,1,1,completed,16
39825,Rigid,2302233,2302233,2302234,0,1,1,completed,1
39826,Rigid,2302262,2302262,2302271,0,9,9,completed,1
39827,Rigid,2302293,2302293,2302304,0,11,11,completed,1
39828,Rigid,2302375,2302375,2302379,0,4,4,completed,16
39829,Rigid,2302475,2302475,2302479,0,4,4,completed,16
39830,Rigid,2302711,2302711,2302715,0,4,4,completed,16
39831,Rigid,2302851,2302851,2302862,0,11,11,completed,16
39832,Rigid,2302895,2302895,2302899,0,4,4,completed,16
39833,Rigid,2302947,2302947,2302951,0,4,4,completed,16
39834,Rigid,2302973,2302973,2302977,0,4,4,completed,16
39835,Rigid,2303053,2303053,2303058,0,5,5,completed,16
39836,Rigid,2303158,2303158,2303161,0,3,3,completed,16
39837,Rigid,2303179,2303179,2303183,0,4,4,completed,16
39838,Rigid,2303212,2303212,2303216,0,4,4,completed,16
39839,Rigid,2303242,2303242,2303246,0,4,4,completed,16
39840,Rigid,2303267,2303267,2303271,0,4,4,completed,16
39841,Rigid,2303295,2303295,2303299,0,4,4,completed,16
39842,Rigid,2303341,2303341,2303344,0,3,3,completed,16
39843,Rigid,2303361,2303361,2303365,0,4,4,completed,16
39844,Rigid,2303528,2303528,2303531,0,3,3,completed,16
39845,Rigid,2303559,2303559,2303564,0,5,5,completed,16
39846,Rigid,2303575,2303575,2303578,0,3,3,completed,16
39847,Rigid,2303634,2303634,2303638,0,4,4,completed,16
39848,Rigid,2303676,2303676,2303680,0,4,4,completed,16
39849,Rigid,2303733,2303733,2303736,0,3,3,completed,16
39850,Rigid,2303756,2303756,2303760,0,4,4,completed,16
39851,Rigid,2303795,2303795,2303800,0,5,5,completed,16
39852,Rigid,2303826,2303826,2303829,0,3,3,completed,16
39853,Rigid,2303893,2303893,2303896,0,3,3,completed,16
39854,Rigid,2303961,2303961,2303965,0,4,4,completed,16
39855,Rigid,2303992,2303993,2303997,1,4,5,completed,16
39856,Rigid,2304042,2304042,2304046,0,4,4,completed,16
39857,Rigid,2304081,2304081,2304085,0,4,4,completed,16
39858,Rigid,2304102,2304102,2304105,0,3,3,completed,16
39859,Rigid,2304158,2304158,2304162,0,4,4,completed,16
39860,Rigid,2304220,2304220,2304224,0,4,4,completed,16
39861,Rigid,2304248,2304248,2304251,0,3,3,completed,16
39862,Rigid,2304258,2304258,2304262,0,4,4,completed,16
39863,Rigid,2304279,2304279,2304283,0,4,4,completed,16
39864,Rigid,2304312,2304312,2304316,0,4,4,completed,16
39865,Rigid,2304472,2304472,2304476,0,4,4,completed,16
39866,Rigid,2304495,2304496,2304500,1,4,5,completed,16
39867,Rigid,2304609,2304609,2304613,0,4,4,completed,16
39868,Rigid,2304647,2304647,2304651,0,4,4,completed,16
39869,Rigid,2304687,2304687,2304691,0,4,4,completed,16
39870,Rigid,2304727,2304727,2304731,0,4,4,completed,16
39871,Rigid,2304796,2304796,2304800,0,4,4,completed,16
39872,Rigid,2304916,2304916,2304920,0,4,4,completed,16
39873,Rigid,2305088,2305088,2305092,0,4,4,completed,16
39874,Rigid,2305145,2305145,2305149,0,4,4,completed,16
39875,Rigid,2305178,2305178,2305182,0,4,4,completed,16
39876,Rigid,2305209,2305209,2305212,0,3,3,completed,16
39877,Rigid,2305269,2305269,2305274,0,5,5,completed,16
39878,Rigid,2305505,2305505,2305509,0,4,4,completed,16
39879,Rigid,2305564,2305564,2305568,0,4,4,completed,16
39880,Rigid,2305621,2305621,2305625,0,4,4,completed,16
39881,Rigid,2305632,2305632,2305636,0,4,4,completed,16
39882,Rigid,2305650,2305650,2305654,0,4,4,completed,16
39883,Rigid,2305819,2305819,2305823,0,4,4,completed,16
39884,Rigid,2306026,2306026,2306030,0,4,4,completed,16
39885,Rigid,2306340,2306340,2306344,0,4,4,completed,16
39886,Rigid,2306381,2306381,2306385,0,4,4,completed,16
39887,Rigid,2306464,2306464,2306468,0,4,4,completed,16
39888,Rigid,2306550,2306550,2306554,0,4,4,completed,16
39889,Rigid,2306624,2306624,2306628,0,4,4,completed,16
39890,Rigid,2306664,2306664,2306668,0,4,4,completed,16
39891,Rigid,2306691,2306691,2306694,0,3,3,completed,16
39892,Rigid,2306724,2306724,2306728,0,4,4,completed,16
39893,Rigid,2306738,2306738,2306742,0,4,4,completed,16
39894,Rigid,2306770,2306770,2306773,0,3,3,completed,16
39895,Rigid,2306822,2306822,2306825,0,3,3,completed,16
39896,Rigid,2306843,2306843,2306847,0,4,4,completed,16
39897,Rigid,2306879,2306879,2306883,0,4,4,completed,16
39898,Rigid,2307358,2758907,2758971,451549,64,451613,completed,1
39899,Rigid,2308170,2758907,2759435,450737,528,451265,completed,1
39900,Rigid,2308173,2758907,2760064,450734,1157,451891,completed,6
39901,Rigid,2309297,2758907,2758966,449610,59,449669,completed,1
39902,Rigid,2309884,2758907,2760288,449023,1381,450404,completed,8
39903,Rigid,2309886,2758907,2761352,449021,2445,451466,completed,16
39904,Rigid,2309887,2758907,2760980,449020,2073,451093,completed,6
39905,Rigid,2309888,2758907,2760288,449019,1381,450400,completed,1
39906,Rigid,2310326,2758907,2759858,448581,951,449532,completed,1
39907,Rigid,2310326,2758907,2760381,448581,1474,450055,completed,6
39908,Rigid,2310529,2310530,2310579,1,49,50,completed,36
39909,Rigid,2311278,2758909,2763841,447631,4932,452563,completed,72
39910,Rigid,2311299,2758909,2761195,447610,2286,449896,completed,72
39911,Rigid,2311328,2758909,2764324,447581,5415,452996,completed,72
39912,Rigid,2311361,2758909,2763026,447548,4117,451665,completed,72
39913,Rigid,2311398,2758909,2762016,447511,3107,450618,completed,72
39914,Rigid,2311856,2311856,2312186,0,330,330,completed,36
39915,Rigid,2312050,2758907,2759957,446857,1050,447907,completed,8
39916,Rigid,2312051,2758907,2761180,446856,2273,449129,completed,16
39917,Rigid,2312052,2758907,2760894,446855,1987,448842,completed,6
39918,Rigid,2312052,2758907,2760773,446855,1866,448721,completed,1
39919,Rigid,2312581,2312582,2312928,1,346,347,completed,36
39920,Rigid,2313563,2313564,2313710,1,146,147,completed,4
39921,Rigid,2313883,2313883,2314073,0,190,190,completed,4
39922,Rigid,2313883,2313887,2314081,4,194,198,completed,4
39923,Rigid,2313883,2313887,2314083,4,196,200,completed,4
39924,Rigid,2313883,2313887,2314083,4,196,200,completed,4
39925,Rigid,2313883,2313887,2313994,4,107,111,completed,4
39926,Rigid,2313883,2313887,2314650,4,763,767,completed,4
39927,Rigid,2313883,2313887,2314669,4,782,786,completed,4
39928,Rigid,2313884,2313887,2314652,3,765,768,completed,4
39929,Rigid,2313884,2313887,2314653,3,766,769,completed,4
39930,Rigid,2313884,2313887,2314579,3,692,695,completed,4
39931,Rigid,2313884,2313887,2314564,3,677,680,completed,4
39932,Rigid,2313884,2313887,2314561,3,674,677,completed,4
39933,Rigid,2313884,2313887,2314565,3,678,681,completed,4
39934,Rigid,2313885,2313887,2314569,2,682,684,completed,4
39935,Rigid,2313885,2313887,2314566,2,679,681,completed,4
39936,Rigid,2313885,2313887,2314561,2,674,676,completed,4
39937,Rigid,2313885,2313887,2314566,2,679,681,completed,4
39938,Rigid,2313885,2313887,2314574,2,687,689,completed,4
39939,Rigid,2313885,2313887,2314561,2,674,676,completed,4
39940,Rigid,2313885,2313887,2314556,2,669,671,completed,4
39941,Rigid,2313886,2313887,2314565,1,678,679,completed,4
39942,Rigid,2313886,2313887,2314565,1,678,679,completed,4
39943,Rigid,2313886,2313887,2314567,1,680,681,completed,4
39944,Rigid,2313886,2313887,2314563,1,676,677,completed,4
39945,Rigid,2313886,2313887,2314555,1,668,669,completed,4
39946,Rigid,2313886,2313887,2314565,1,678,679,completed,4
39947,Rigid,2313887,2313891,2314574,4,683,687,completed,4
39948,Rigid,2313887,2313891,2316488,4,2597,2601,completed,4
39949,Rigid,2313887,2313891,2316516,4,2625,2629,completed,4
39950,Rigid,2313888,2313891,2316321,3,2430,2433,completed,4
39951,Rigid,2313888,2313891,2316376,3,2485,2488,completed,4
39952,Rigid,2313888,2313891,2316316,3,2425,2428,completed,4
39953,Rigid,2313889,2313891,2316186,2,2295,2297,completed,4
39954,Rigid,2313889,2313891,2316128,2,2237,2239,completed,4
39955,Rigid,2313890,2313891,2316153,1,2262,2263,completed,4
39956,Rigid,2313890,2313891,2316339,1,2448,2449,completed,4
39957,Rigid,2313890,2313891,2316180,1,2289,2290,completed,4
39958,Rigid,2313891,2313891,2316159,0,2268,2268,completed,4
39959,Rigid,2313891,2313895,2316139,4,2244,2248,completed,4
39960,Rigid,2313892,2313895,2316101,3,2206,2209,completed,4
39961,Rigid,2313892,2313895,2316058,3,2163,2166,completed,4
39962,Rigid,2313892,2313895,2316041,3,2146,2149,completed,4
39963,Rigid,2313893,2313895,2316063,2,2168,2170,completed,4
39964,Rigid,2313893,2313895,2316069,2,2174,2176,completed,4
39965,Rigid,2313893,2313895,2316123,2,2228,2230,completed,4
39966,Rigid,2313894,2313895,2316087,1,2192,2193,completed,4
39967,Rigid,2313894,2313895,2316011,1,2116,2117,completed,4
39968,Rigid,2313895,2313899,2315937,4,2038,2042,completed,4
39969,Rigid,2313895,2313899,2316019,4,2120,2124,completed,4
39970,Rigid,2313896,2313899,2315989,3,2090,2093,completed,4
39971,Rigid,2313896,2313899,2316003,3,2104,2107,completed,4
39972,Rigid,2313897,2313899,2315969,2,2070,2072,completed,4
39973,Rigid,2313897,2313899,2315975,2,2076,2078,completed,4
39974,Rigid,2313898,2313899,2316086,1,2187,2188,completed,4
39975,Rigid,2313898,2313899,2316049,1,2150,2151,completed,4
39976,Rigid,2313899,2313899,2316047,0,2148,2148,completed,4
39977,Rigid,2313899,2313902,2315915,3,2013,2016,completed,4
39978,Rigid,2313900,2313902,2316009,2,2107,2109,completed,4
39979,Rigid,2313900,2313902,2316068,2,2166,2168,completed,4
39980,Rigid,2313901,2313902,2316014,1,2112,2113,completed,4
39981,Rigid,2313901,2313902,2315920,1,2018,2019,completed,4
39982,Rigid,2313902,2313902,2316050,0,2148,2148,completed,4
39983,Rigid,2313903,2313906,2316055,3,2149,2152,completed,4
39984,Rigid,2313903,2313906,2315900,3,1994,1997,completed,4
39985,Rigid,2313904,2313906,2315883,2,1977,1979,completed,4
39986,Rigid,2313904,2313906,2315972,2,2066,2068,completed,4
39987,Rigid,2313905,2313906,2315992,1,2086,2087,completed,4
39988,Rigid,2313905,2313906,2316008,1,2102,2103,completed,4
39989,Rigid,2313906,2313906,2315975,0,2069,2069,completed,4
39990,Rigid,2313906,2313907,2315997,1,2090,2091,completed,4
39991,Rigid,2313907,2313907,2315968,0,2061,2061,completed,4
39992,Rigid,2313907,2313910,2316032,3,2122,2125,completed,4
39993,Rigid,2313908,2313910,2315997,2,2087,2089,completed,4
39994,Rigid,2313908,2313910,2316011,2,2101,2103,completed,4
39995,Rigid,2313909,2313910,2315989,1,2079,2080,completed,4
39996,Rigid,2313909,2313910,2316024,1,2114,2115,completed,4
39997,Rigid,2313910,2313910,2316025,0,2115,2115,completed,4
39998,Rigid,2313910,2313914,2315995,4,2081,2085,completed,4
39999,Rigid,2313911,2313914,2316030,3,2116,2119,completed,4
40000,Rigid,2313911,2313914,2316035,3,2121,2124,completed,4
40001,Rigid,2313912,2313914,2316044,2,2130,2132,completed,4
40002,Rigid,2313912,2313914,2315996,2,2082,2084,completed,4
40003,Rigid,2313913,2313914,2316007,1,2093,2094,completed,4
40004,Rigid,2313913,2313914,2316012,1,2098,2099,completed,4
40005,Rigid,2313914,2313914,2315907,0,1993,1993,completed,4
40006,Rigid,2313914,2313918,2315983,4,2065,2069,completed,4
40007,Rigid,2313915,2313918,2315939,3,2021,2024,completed,4
40008,Rigid,2313916,2313918,2315895,2,1977,1979,completed,4
40009,Rigid,2313916,2313918,2315936,2,2018,2020,completed,4
40010,Rigid,2313916,2313918,2316038,2,2120,2122,completed,4
40011,Rigid,2313917,2313918,2316018,1,2100,2101,completed,4
40012,Rigid,2313917,2313918,2315017,1,1099,1100,completed,4
40013,Rigid,2316154,2316155,2316255,1,100,101,completed,36
40014,Rigid,2318164,2318166,2318269,2,103,105,completed,36
40015,Rigid,2318176,2318176,2318187,0,11,11,completed,36
40016,Rigid,2318365,2318365,2318462,0,97,97,completed,36
40017,Rigid,2318426,2318426,2318484,0,58,58,completed,36
40018,Rigid,2318441,2318441,2318830,0,389,389,completed,36
40019,Rigid,2318502,2318502,2318556,0,54,54,completed,36
40020,Rigid,2318607,2318608,2318686,1,78,79,completed,36
40021,Rigid,2319158,2319158,2319527,0,369,369,completed,36
40022,Rigid,2320246,2320246,2320345,0,99,99,completed,36
40023,Rigid,2320625,2320626,2321083,1,457,458,completed,36
40024,Rigid,2321049,2321049,2321053,0,4,4,completed,16
40025,Rigid,2321138,2321138,2321142,0,4,4,completed,16
40026,Rigid,2321156,2321156,2321160,0,4,4,completed,16
40027,Rigid,2321163,2321163,2321166,0,3,3,completed,16
40028,Rigid,2321230,2321230,2321234,0,4,4,completed,16
40029,Rigid,2321269,2321269,2321273,0,4,4,completed,16
40030,Rigid,2321291,2321291,2321295,0,4,4,completed,16
40031,Rigid,2321306,2321306,2321310,0,4,4,completed,16
40032,Rigid,2321319,2321319,2321323,0,4,4,completed,16
40033,Rigid,2321334,2321334,2321338,0,4,4,completed,16
40034,Rigid,2321349,2321349,2321353,0,4,4,completed,16
40035,Rigid,2321439,2321439,2321443,0,4,4,completed,16
40036,Rigid,2321763,2321766,2321800,3,34,37,completed,36
40037,Rigid,2322003,2322003,2322007,0,4,4,completed,16
40038,Rigid,2322167,2322168,2322187,1,19,20,completed,72
40039,Rigid,2322445,2322445,2322933,0,488,488,completed,36
40040,Rigid,2326128,2758908,2774781,432780,15873,448653,completed,4
40041,Rigid,2326774,2326774,2326784,0,10,10,completed,36
40042,Rigid,2327287,2327287,2327482,0,195,195,completed,36
40043,Rigid,2327401,2327483,2327607,82,124,206,completed,36
40044,Rigid,2327509,2327608,2327710,99,102,201,completed,36
40045,Rigid,2327785,2327786,2327884,1,98,99,completed,36
40046,Rigid,2328213,2328213,2328315,0,102,102,completed,36
40047,Rigid,2329106,2329107,2329122,1,15,16,completed,36
40048,Rigid,2329140,2329141,2329264,1,123,124,completed,36
40049,Rigid,2329207,2329265,2329388,58,123,181,completed,36
40050,Rigid,2329269,2329389,2329512,120,123,243,completed,36
40051,Rigid,2329423,2329513,2329734,90,221,311,completed,36
40052,Rigid,2329696,2329736,2329863,40,127,167,completed,36
40053,Rigid,2330195,2330196,2330355,1,159,160,completed,36
40054,Rigid,2330687,2330687,2338799,0,8112,8112,completed,360
40055,Rigid,2331843,2331843,2331960,0,117,117,completed,576
40056,Rigid,2332004,2332005,2334401,1,2396,2397,completed,576
40057,Rigid,2332030,2332031,2334431,1,2400,2401,completed,576
40058,Rigid,2332390,2332391,2332410,1,19,20,completed,36
40059,Rigid,2332508,2332508,2333032,0,524,524,completed,36
40060,Rigid,2332508,2332508,2333035,0,527,527,completed,36
40061,Rigid,2332508,2332508,2333037,0,529,529,completed,36
40062,Rigid,2332508,2332508,2333039,0,531,531,completed,36
40063,Rigid,2332508,2332508,2333037,0,529,529,completed,36
40064,Rigid,2332508,2332512,2333040,4,528,532,completed,36
40065,Rigid,2332508,2332512,2333039,4,527,531,completed,36
40066,Rigid,2332508,2332512,2333039,4,527,531,completed,36
40067,Rigid,2332509,2332512,2333035,3,523,526,completed,36
40068,Rigid,2332509,2332512,2332631,3,119,122,completed,36
40069,Rigid,2332509,2332512,2333038,3,526,529,completed,36
40070,Rigid,2332509,2332512,2333037,3,525,528,completed,36
40071,Rigid,2332509,2332512,2333034,3,522,525,completed,36
40072,Rigid,2332509,2332512,2333032,3,520,523,completed,36
40073,Rigid,2332509,2332512,2333040,3,528,531,completed,36
40074,Rigid,2332509,2332512,2333038,3,526,529,completed,36
40075,Rigid,2332509,2332512,2333041,3,529,532,completed,36
40076,Rigid,2332509,2332512,2333030,3,518,521,completed,36
40077,Rigid,2332510,2332512,2333036,2,524,526,completed,36
40078,Rigid,2332510,2332512,2333036,2,524,526,completed,36
40079,Rigid,2332510,2332512,2333031,2,519,521,completed,36
40080,Rigid,2332510,2332512,2333030,2,518,520,completed,36
40081,Rigid,2332510,2332512,2333039,2,527,529,completed,36
40082,Rigid,2332510,2332512,2333036,2,524,526,completed,36
40083,Rigid,2332510,2332512,2333040,2,528,530,completed,36
40084,Rigid,2332510,2332512,2333039,2,527,529,completed,36
40085,Rigid,2332510,2332512,2333035,2,523,525,completed,36
40086,Rigid,2332511,2332512,2333038,1,526,527,completed,36
40087,Rigid,2332511,2332512,2333039,1,527,528,completed,36
40088,Rigid,2332511,2332512,2333040,1,528,529,completed,36
40089,Rigid,2332511,2332512,2333036,1,524,525,completed,36
40090,Rigid,2332511,2332512,2333038,1,526,527,completed,36
40091,Rigid,2332511,2332512,2333037,1,525,526,completed,36
40092,Rigid,2332511,2332512,2333041,1,529,530,completed,36
40093,Rigid,2332511,2332512,2333036,1,524,525,completed,36
40094,Rigid,2332511,2332512,2332631,1,119,120,completed,36
40095,Rigid,2332512,2332512,2333038,0,526,526,completed,36
40096,Rigid,2332512,2332512,2333035,0,523,523,completed,36
40097,Rigid,2332512,2332512,2333038,0,526,526,completed,36
40098,Rigid,2332512,2332516,2333039,4,523,527,completed,36
40099,Rigid,2332512,2332516,2333037,4,521,525,completed,36
40100,Rigid,2332512,2332516,2333040,4,524,528,completed,36
40101,Rigid,2332512,2332516,2333036,4,520,524,completed,36
40102,Rigid,2333887,2333888,2334404,1,516,517,completed,36
40103,Rigid,2334888,2758907,2758957,424019,50,424069,completed,1
40104,Rigid,2334939,2334939,2334989,0,50,50,completed,36
40105,Rigid,2334939,2334939,2334989,0,50,50,completed,36
40106,Rigid,2334939,2334939,2334989,0,50,50,completed,36
40107,Rigid,2334939,2334939,2334989,0,50,50,completed,36
40108,Rigid,2334939,2334939,2334989,0,50,50,completed,36
40109,Rigid,2334939,2334939,2334989,0,50,50,completed,36
40110,Rigid,2334939,2334939,2334989,0,50,50,completed,36
40111,Rigid,2334939,2334941,2334989,2,48,50,completed,36
40112,Rigid,2334939,2334941,2334989,2,48,50,completed,36
40113,Rigid,2334939,2334941,2334989,2,48,50,completed,36
40114,Rigid,2334939,2334941,2334989,2,48,50,completed,36
40115,Rigid,2334939,2334941,2334989,2,48,50,completed,36
40116,Rigid,2334940,2334941,2334989,1,48,49,completed,36
40117,Rigid,2334940,2334941,2334989,1,48,49,completed,36
40118,Rigid,2334940,2334941,2334989,1,48,49,completed,36
40119,Rigid,2334940,2334941,2334989,1,48,49,completed,36
40120,Rigid,2334940,2334941,2334989,1,48,49,completed,36
40121,Rigid,2334940,2334941,2334989,1,48,49,completed,36
40122,Rigid,2334940,2334941,2334989,1,48,49,completed,36
40123,Rigid,2334940,2334941,2334989,1,48,49,completed,36
40124,Rigid,2334940,2334941,2334989,1,48,49,completed,36
40125,Rigid,2334940,2334941,2334989,1,48,49,completed,36
40126,Rigid,2334940,2334941,2334989,1,48,49,completed,36
40127,Rigid,2334940,2334941,2334989,1,48,49,completed,36
40128,Rigid,2334941,2334941,2334989,0,48,48,completed,36
40129,Rigid,2334941,2334941,2334989,0,48,48,completed,36
40130,Rigid,2334941,2334941,2334989,0,48,48,completed,36
40131,Rigid,2334941,2334941,2334989,0,48,48,completed,36
40132,Rigid,2334941,2334941,2334989,0,48,48,completed,36
40133,Rigid,2334941,2334941,2334989,0,48,48,completed,36
40134,Rigid,2334941,2334941,2334989,0,48,48,completed,36
40135,Rigid,2334941,2334941,2334989,0,48,48,completed,36
40136,Rigid,2334941,2334941,2334989,0,48,48,completed,36
40137,Rigid,2334942,2334943,2334989,1,46,47,completed,36
40138,Rigid,2334942,2334943,2334989,1,46,47,completed,36
40139,Rigid,2334942,2334943,2334989,1,46,47,completed,36
40140,Rigid,2335487,2335488,2335883,1,395,396,completed,36
40141,Rigid,2335496,2335496,2336081,0,585,585,completed,36
40142,Rigid,2335507,2335508,2336022,1,514,515,completed,36
40143,Rigid,2335768,2335768,2336398,0,630,630,completed,36
40144,Rigid,2335768,2335772,2336374,4,602,606,completed,36
40145,Rigid,2335768,2335772,2336142,4,370,374,completed,36
40146,Rigid,2335768,2335772,2336224,4,452,456,completed,36
40147,Rigid,2335987,2758907,2759915,422920,1008,423928,completed,1
40148,Rigid,2335989,2758907,2760148,422918,1241,424159,completed,6
40149,Rigid,2336600,2336600,2336983,0,383,383,completed,36
40150,Rigid,2336600,2336600,2337213,0,613,613,completed,36
40151,Rigid,2336600,2336600,2337094,0,494,494,completed,36
40152,Rigid,2336600,2336600,2337027,0,427,427,completed,36
40153,Rigid,2336923,2336924,2337448,1,524,525,completed,36
40154,Rigid,2336923,2336924,2337445,1,521,522,completed,36
40155,Rigid,2336923,2336924,2337446,1,522,523,completed,36
40156,Rigid,2336924,2336924,2337446,0,522,522,completed,36
40157,Rigid,2337182,2758907,2759543,421725,636,422361,completed,8
40158,Rigid,2337182,2758907,2760684,421725,1777,423502,completed,16
40159,Rigid,2337184,2758907,2760267,421723,1360,423083,completed,6
40160,Rigid,2337184,2758907,2760307,421723,1400,423123,completed,1
40161,Rigid,2339773,2339773,2339780,0,7,7,completed,1
40162,Rigid,2339877,2339877,2339879,0,2,2,completed,1
40163,Rigid,2340014,2340014,2340023,0,9,9,completed,1
40164,Rigid,2340052,2340053,2340055,1,2,3,completed,1
40165,Rigid,2340080,2340081,2340083,1,2,3,completed,1
40166,Rigid,2340128,2340128,2340131,0,3,3,completed,1
40167,Rigid,2340164,2340164,2340169,0,5,5,completed,1
40168,Rigid,2340266,2340267,2340274,1,7,8,completed,1
40169,Rigid,2340301,2340302,2340313,1,11,12,completed,1
40170,Rigid,2340333,2340334,2340354,1,20,21,completed,1
40171,Rigid,2340365,2340368,2340398,3,30,33,completed,1
40172,Rigid,2340408,2340409,2340451,1,42,43,completed,1
40173,Rigid,2340521,2340522,2348628,1,8106,8107,completed,360
40174,Rigid,2340617,2340617,2340624,0,7,7,completed,1
40175,Rigid,2340840,2340841,2340881,1,40,41,completed,1
40176,Rigid,2340931,2340932,2341240,1,308,309,completed,1
40177,Rigid,2340979,2340979,2342200,0,1221,1221,completed,36
40178,Rigid,2341066,2341066,2341990,0,924,924,completed,1
40179,Rigid,2341123,2341123,2342950,0,1827,1827,completed,1
40180,Rigid,2341381,2341381,2341689,0,308,308,completed,36
40181,Rigid,2341728,2341728,2342059,0,331,331,completed,1
40182,Rigid,2342240,2758907,2758959,416667,52,416719,completed,1
40183,Rigid,2343021,2758907,2759893,415886,986,416872,completed,1
40184,Rigid,2343021,2758907,2760463,415886,1556,417442,completed,6
40185,Rigid,2343060,2343061,2350270,1,7209,7210,completed,36
40186,Rigid,2343141,2343142,2343147,1,5,6,completed,1
40187,Rigid,2343330,2343330,2343334,0,4,4,completed,1
40188,Rigid,2343546,2343548,2343552,2,4,6,completed,1
40189,Rigid,2343689,2343689,2343704,0,15,15,completed,2
40190,Rigid,2343870,2343870,2344000,0,130,130,completed,4
40191,Rigid,2344150,2344150,2344666,0,516,516,completed,6
40192,Rigid,2344304,2344304,2344393,0,89,89,completed,1
40193,Rigid,2344337,2344338,2344788,1,450,451,completed,36
40194,Rigid,2344401,2344402,2345119,1,717,718,completed,8
40195,Rigid,2344468,2344469,2345074,1,605,606,completed,36
40196,Rigid,2344468,2344469,2345100,1,631,632,completed,36
40197,Rigid,2344469,2344469,2344799,0,330,330,completed,36
40198,Rigid,2344469,2344469,2344931,0,462,462,completed,36
40199,Rigid,2344549,2344549,2344644,0,95,95,completed,2
40200,Rigid,2344706,2758907,2760153,414201,1246,415447,completed,8
40201,Rigid,2344707,2758907,2761486,414200,2579,416779,completed,16
40202,Rigid,2344707,2758908,2763466,414201,4558,418759,completed,6
40203,Rigid,2344707,2758908,2760153,414201,1245,415446,completed,1
40204,Rigid,2344820,2344820,2345123,0,303,303,completed,2
40205,Rigid,2344990,2344990,2345004,0,14,14,completed,1
40206,Rigid,2345216,2345217,2345229,1,12,13,completed,1
40207,Rigid,2345375,2345376,2345398,1,22,23,completed,1
40208,Rigid,2345422,2345422,2345440,0,18,18,completed,2
40209,Rigid,2345473,2345474,2345492,1,18,19,completed,4
40210,Rigid,2345535,2345536,2345547,1,11,12,completed,4
40211,Rigid,2345545,2345546,2345558,1,12,13,completed,1
40212,Rigid,2345599,2345599,2345610,0,11,11,completed,8
40213,Rigid,2345638,2345641,2345655,3,14,17,completed,8
40214,Rigid,2345830,2345831,2345844,1,13,14,completed,8
40215,Rigid,2345895,2345896,2345909,1,13,14,completed,8
40216,Rigid,2346590,2346591,2346621,1,30,31,completed,8
40217,Rigid,2346606,2346608,2346615,2,7,9,completed,1
40218,Rigid,2346724,2346728,2346735,4,7,11,completed,2
40219,Rigid,2346739,2346753,2346760,14,7,21,completed,2
40220,Rigid,2346841,2346841,2346849,0,8,8,completed,2
40221,Rigid,2346872,2346872,2346880,0,8,8,completed,1
40222,Rigid,2346886,2346886,2346894,0,8,8,completed,4
40223,Rigid,2346941,2346942,2347311,1,369,370,completed,1
40224,Rigid,2346948,2346949,2347307,1,358,359,completed,2
40225,Rigid,2346957,2346958,2347315,1,357,358,completed,4
40226,Rigid,2347364,2347364,2347689,0,325,325,completed,4
40227,Rigid,2347680,2758908,2759037,411228,129,411357,completed,1
40228,Rigid,2347699,2347699,2347743,0,44,44,completed,1
40229,Rigid,2347790,2347791,2347838,1,47,48,completed,2
40230,Rigid,2347796,2347797,2347809,1,12,13,completed,2
40231,Rigid,2347800,2347801,2347883,1,82,83,completed,4
40232,Rigid,2347825,2347825,2347938,0,113,113,completed,8
40233,Rigid,2347956,2347957,2347972,1,15,16,completed,1
40234,Rigid,2347965,2347965,2348072,0,107,107,completed,8
40235,Rigid,2349296,2349297,2350095,1,798,799,completed,10
40236,Rigid,2349588,2349589,2364970,1,15381,15382,completed,10
40237,Rigid,2349721,2349722,2349738,1,16,17,completed,1
40238,Rigid,2349731,2349732,2349749,1,17,18,completed,8
40239,Rigid,2349759,2349759,2364682,0,14923,14923,completed,10
40240,Rigid,2349937,2349937,2349952,0,15,15,completed,8
40241,Rigid,2349983,2349984,2350001,1,17,18,completed,1
40242,Rigid,2350026,2350028,2350046,2,18,20,completed,2
40243,Rigid,2350034,2350034,2350052,0,18,18,completed,4
40244,Rigid,2350078,2350078,2350096,0,18,18,completed,4
40245,Rigid,2350128,2350129,2350145,1,16,17,completed,8
40246,Rigid,2350164,2350165,2350181,1,16,17,completed,16
40247,Rigid,2350206,2350208,2350322,2,114,116,completed,16
40248,Rigid,2350215,2350215,2350306,0,91,91,completed,1
40249,Rigid,2350732,2350732,2350823,0,91,91,completed,1
40250,Rigid,2350818,2350818,2350908,0,90,90,completed,16
40251,Rigid,2350940,2350940,2351030,0,90,90,completed,2
40252,Rigid,2351073,2351073,2351168,0,95,95,completed,2
40253,Rigid,2351085,2351085,2351178,0,93,93,completed,4
40254,Rigid,2351249,2351250,2351339,1,89,90,completed,4
40255,Rigid,2351341,2351342,2351351,1,9,10,completed,4
40256,Rigid,2351376,2351377,2351467,1,90,91,completed,4
40257,Rigid,2351712,2351712,2351800,0,88,88,completed,1
40258,Rigid,2352134,2352134,2352167,0,33,33,completed,4
40259,Rigid,2352424,2352424,2352457,0,33,33,completed,4
40260,Rigid,2352499,2352500,2352508,1,8,9,completed,1
40261,Rigid,2352522,2352522,2352530,0,8,8,completed,1
40262,Rigid,2352534,2352534,2352662,0,128,128,completed,2
40263,Rigid,2352543,2352543,2352642,0,99,99,completed,4
40264,Rigid,2352625,2352626,2352660,1,34,35,completed,4
40265,Rigid,2352681,2352681,2352742,0,61,61,completed,1
40266,Rigid,2352691,2352691,2352741,0,50,50,completed,4
40267,Rigid,2352754,2352754,2352884,0,130,130,completed,4
40268,Rigid,2352762,2352762,2352886,0,124,124,completed,4
40269,Rigid,2352902,2352903,2352910,1,7,8,completed,4
40270,Rigid,2352916,2352916,2352929,0,13,13,completed,1
40271,Rigid,2352974,2352974,2352980,0,6,6,completed,8
40272,Rigid,2353021,2353021,2353162,0,141,141,completed,8
40273,Rigid,2353033,2353034,2353091,1,57,58,completed,1
40274,Rigid,2353194,2353195,2353202,1,7,8,completed,1
40275,Rigid,2353211,2353212,2353219,1,7,8,completed,1
40276,Rigid,2353224,2353225,2353265,1,40,41,completed,1
40277,Rigid,2353294,2353294,2353298,0,4,4,completed,1
40278,Rigid,2353308,2353308,2353317,0,9,9,completed,2
40279,Rigid,2353547,2353548,2353593,1,45,46,completed,4
40280,Rigid,2353559,2353560,2353650,1,90,91,completed,6
40281,Rigid,2353570,2353571,2353710,1,139,140,completed,8
40282,Rigid,2353773,2353773,2353996,0,223,223,completed,10
40283,Rigid,2353789,2353790,2354123,1,333,334,completed,12
40284,Rigid,2353801,2353802,2354410,1,608,609,completed,16
40285,Rigid,2354327,2354328,2355550,1,1222,1223,completed,20
40286,Rigid,2354372,2354373,2356180,1,1807,1808,completed,24
40287,Rigid,2354661,2354662,2354924,1,262,263,completed,12
40288,Rigid,2354691,2354692,2354865,1,173,174,completed,16
40289,Rigid,2355013,2355013,2355222,0,209,209,completed,20
40290,Rigid,2355031,2355031,2355241,0,210,210,completed,22
40291,Rigid,2355051,2355051,2355310,0,259,259,completed,12
40292,Rigid,2355355,2355355,2355564,0,209,209,completed,22
40293,Rigid,2355541,2355542,2377150,1,21608,21609,completed,36
40294,Rigid,2355667,2355669,2355868,2,199,201,completed,24
40295,Rigid,2355679,2355679,2355879,0,200,200,completed,24
40296,Rigid,2355682,2355683,2355693,1,10,11,completed,32
40297,Rigid,2355707,2355707,2355856,0,149,149,completed,36
40298,Rigid,2355745,2355745,2356030,0,285,285,completed,8
40299,Rigid,2356023,2356024,2356192,1,168,169,completed,32
40300,Rigid,2356119,2356120,2356353,1,233,234,completed,10
40301,Rigid,2356293,2356293,2356600,0,307,307,completed,6
40302,Rigid,2356309,2356310,2356630,1,320,321,completed,4
40303,Rigid,2356328,2356329,2357129,1,800,801,completed,2
40304,Rigid,2356653,2356653,2356988,0,335,335,completed,6
40305,Rigid,2356668,2356668,2357110,0,442,442,completed,4
40306,Rigid,2357392,2357393,2358714,1,1321,1322,completed,1
40307,Rigid,2357421,2357422,2358793,1,1371,1372,completed,20
40308,Rigid,2357537,2357538,2357952,1,414,415,completed,36
40309,Rigid,2360427,2360427,2360429,0,2,2,completed,10
40310,Rigid,2360527,2360529,2360531,2,2,4,completed,10
40311,Rigid,2360597,2360598,2360739,1,141,142,completed,10
40312,Rigid,2360765,2360769,2378770,4,18001,18005,completed,360
40313,Rigid,2360859,2360859,2363542,0,2683,2683,completed,10
40314,Rigid,2757740,2758908,2758972,1168,64,1232,completed,36
40315,Rigid,2757847,2758909,2758991,1062,82,1144,completed,1
40316,Rigid,2759068,2759068,2778620,0,19552,19552,completed,9
40317,Rigid,2759068,2759068,2783911,0,24843,24843,completed,9
40318,Rigid,2759069,2759071,2776997,2,17926,17928,completed,9
40319,Rigid,2759071,2759071,2774810,0,15739,15739,completed,9
40320,Rigid,2759109,2759110,2783553,1,24443,24444,completed,9
40321,Rigid,2759118,2759119,2778160,1,19041,19042,completed,9
40322,Rigid,2759209,2759209,2778048,0,18839,18839,completed,9
40323,Rigid,2759209,2759209,2783244,0,24035,24035,completed,9
40324,Rigid,2761246,2787175,2923105,25929,135930,161859,completed,1152
40325,Rigid,2761259,2761259,3078258,0,316999,316999,completed,216
40326,Rigid,2761505,2761505,2761740,0,235,235,completed,36
40327,Rigid,2761618,2761618,2773710,0,12092,12092,completed,36
40328,Rigid,2761641,2761641,2855163,0,93522,93522,completed,36
40329,Rigid,2761692,2761693,2934494,1,172801,172802,completed,36
40330,Rigid,2761742,2761743,2789769,1,28026,28027,completed,36
40331,Rigid,2761757,2761758,2761874,1,116,117,completed,36
40332,Rigid,2761997,2761998,2854376,1,92378,92379,completed,144
40333,Rigid,2762001,2762002,2766167,1,4165,4166,completed,36
40334,Rigid,2762095,2762098,2797659,3,35561,35564,completed,144
40335,Rigid,2762178,2762178,2762264,0,86,86,completed,144
40336,Rigid,2762288,2762288,2762319,0,31,31,completed,4
40337,Rigid,2762288,2762289,2762319,1,30,31,completed,4
40338,Rigid,2762288,2762289,2762319,1,30,31,completed,4
40339,Rigid,2762288,2762289,2762319,1,30,31,completed,4
40340,Rigid,2762288,2762289,2762319,1,30,31,completed,4
40341,Rigid,2762288,2762289,2762319,1,30,31,completed,4
40342,Rigid,2762289,2762292,2762389,3,97,100,completed,4
40343,Rigid,2762289,2762292,2762389,3,97,100,completed,4
40344,Rigid,2762289,2762292,2762389,3,97,100,completed,4
40345,Rigid,2762289,2762292,2762389,3,97,100,completed,4
40346,Rigid,2762289,2762292,2762389,3,97,100,completed,4
40347,Rigid,2762289,2762292,2762389,3,97,100,completed,4
40348,Rigid,2762289,2762292,2762389,3,97,100,completed,4
40349,Rigid,2762289,2762292,2762389,3,97,100,completed,4
40350,Rigid,2762289,2762292,2762389,3,97,100,completed,4
40351,Rigid,2762289,2762292,2762396,3,104,107,completed,4
40352,Rigid,2762290,2762292,2762396,2,104,106,completed,4
40353,Rigid,2762290,2762292,2762396,2,104,106,completed,4
40354,Rigid,2762290,2762292,2762350,2,58,60,completed,4
40355,Rigid,2762290,2762292,2762350,2,58,60,completed,4
40356,Rigid,2762290,2762292,2762350,2,58,60,completed,4
40357,Rigid,2762290,2762292,2762350,2,58,60,completed,4
40358,Rigid,2762290,2762292,2762350,2,58,60,completed,4
40359,Rigid,2762290,2762292,2762350,2,58,60,completed,4
40360,Rigid,2762290,2762292,2762350,2,58,60,completed,4
40361,Rigid,2762291,2762292,2762350,1,58,59,completed,4
40362,Rigid,2762291,2762292,2762350,1,58,59,completed,4
40363,Rigid,2762291,2762292,2762350,1,58,59,completed,4
40364,Rigid,2762291,2762292,2762350,1,58,59,completed,4
40365,Rigid,2762291,2762292,2762350,1,58,59,completed,4
40366,Rigid,2762291,2762292,2762350,1,58,59,completed,4
40367,Rigid,2762291,2762292,2762350,1,58,59,completed,4
40368,Rigid,2762291,2762292,2762350,1,58,59,completed,4
40369,Rigid,2762291,2762292,2762319,1,27,28,completed,4
40370,Rigid,2762292,2762292,2762350,0,58,58,completed,4
40371,Rigid,2762292,2762292,2762319,0,27,27,completed,4
40372,Rigid,2762292,2762292,2762319,0,27,27,completed,4
40373,Rigid,2762292,2762292,2762319,0,27,27,completed,4
40374,Rigid,2762292,2762292,2762350,0,58,58,completed,4
40375,Rigid,2762292,2762292,2762350,0,58,58,completed,4
40376,Rigid,2762299,2762300,2856079,1,93779,93780,completed,144
40377,Rigid,2762323,2762323,2774714,0,12391,12391,completed,36
40378,Rigid,2762342,2762343,2855509,1,93166,93167,completed,144
40379,Rigid,2762392,2762392,2856901,0,94509,94509,completed,144
40380,Rigid,2762447,2762448,2853035,1,90587,90588,completed,144
40381,Rigid,2762459,2762460,2764293,1,1833,1834,completed,72
40382,Rigid,2762495,2762496,2854714,1,92218,92219,completed,144
40383,Rigid,2762545,2762546,2851219,1,88673,88674,completed,144
40384,Rigid,2762592,2762592,2849918,0,87326,87326,completed,144
40385,Rigid,2762611,2762612,2769815,1,7203,7204,completed,4
40386,Rigid,2762612,2762612,2763767,0,1155,1155,completed,4
40387,Rigid,2762612,2762612,2769815,0,7203,7203,completed,4
40388,Rigid,2762612,2762616,2769845,4,7229,7233,completed,4
40389,Rigid,2762623,2762624,2849127,1,86503,86504,completed,144
40390,Rigid,2762624,2762628,2763699,4,1071,1075,completed,4
40391,Rigid,2762624,2762628,2769845,4,7217,7221,completed,4
40392,Rigid,2762625,2762628,2769845,3,7217,7220,completed,4
40393,Rigid,2762625,2762628,2769845,3,7217,7220,completed,4
40394,Rigid,2762625,2762628,2769845,3,7217,7220,completed,4
40395,Rigid,2762625,2762628,2769845,3,7217,7220,completed,4
40396,Rigid,2762625,2762628,2769845,3,7217,7220,completed,4
40397,Rigid,2762625,2762628,2769845,3,7217,7220,completed,4
40398,Rigid,2762625,2762628,2769845,3,7217,7220,completed,4
40399,Rigid,2762626,2762628,2763631,2,1003,1005,completed,4
