ID,Type,Submit Time,Start Time,End Time,Wait Time,Makespan,Turnaround Time,Status,Nodes
0,Rigid,0,3,1036814,3,1036811,1036814,completed,108
1,Rigid,80912,685990,757420,605078,71430,676508,completed,4
2,Rigid,84565,689550,775979,604985,86429,691414,completed,4
3,Rigid,113907,477245,787830,363338,310585,673923,completed,2
4,Rigid,113907,482443,834752,368536,352309,720845,completed,2
5,Rigid,113907,485507,830531,371600,345024,716624,completed,2
6,Rigid,113907,490742,828626,376835,337884,714719,completed,2
7,Rigid,113907,508879,888204,394972,379325,774297,completed,2
8,Rigid,113907,787847,1128468,673940,340621,1014561,completed,2
9,Rigid,113907,828629,1187813,714722,359184,1073906,completed,2
10,Rigid,113907,830533,1176099,716626,345566,1062192,completed,2
11,Rigid,113907,834754,1183181,720847,348427,1069274,completed,2
12,Rigid,113907,888205,1241836,774298,353631,1127929,completed,2
13,Rigid,113907,1128469,1497941,1014562,369472,1384034,completed,2
14,Rigid,113907,1176101,1521092,1062194,344991,1407185,completed,2
15,Rigid,113907,1183182,1539874,1069275,356692,1425967,completed,2
16,Rigid,113907,1187814,1539501,1073907,351687,1425594,completed,2
17,Rigid,113907,1241837,1642176,1127930,400339,1528269,completed,2
18,Rigid,258832,594933,767758,336101,172825,508926,completed,36
19,Rigid,258866,601684,774509,342818,172825,515643,completed,36
20,Rigid,258866,601866,774689,343000,172823,515823,completed,36
21,Rigid,258866,602538,775349,343672,172811,516483,completed,36
22,Rigid,258926,602873,775679,343947,172806,516753,completed,36
23,Rigid,258926,603056,775859,344130,172803,516933,completed,36
24,Rigid,258926,603453,776279,344527,172826,517353,completed,36
25,Rigid,281887,603667,776489,321780,172822,494602,completed,36
26,Rigid,281887,604366,777179,322479,172813,495292,completed,36
27,Rigid,281887,604366,777179,322479,172813,495292,completed,36
28,Rigid,281914,604427,777239,322513,172812,495325,completed,36
29,Rigid,281914,604427,777239,322513,172812,495325,completed,36
30,Rigid,281914,604427,777239,322513,172812,495325,completed,36
31,Rigid,281939,604518,777329,322579,172811,495390,completed,36
32,Rigid,281939,604518,777329,322579,172811,495390,completed,36
33,Rigid,281939,604530,777359,322591,172829,495420,completed,36
34,Rigid,282007,604530,777359,322523,172829,495352,completed,36
35,Rigid,282007,604530,777359,322523,172829,495352,completed,36
36,Rigid,282007,604530,777359,322523,172829,495352,completed,36
37,Rigid,282036,604530,777359,322494,172829,495323,completed,36
38,Rigid,282036,604530,777359,322494,172829,495323,completed,36
39,Rigid,282036,604607,777419,322571,172812,495383,completed,36
40,Rigid,282080,605239,778049,323159,172810,495969,completed,36
41,Rigid,282080,605239,778049,323159,172810,495969,completed,36
42,Rigid,282080,605239,778049,323159,172810,495969,completed,36
43,Rigid,439847,605239,778049,165392,172810,338202,completed,576
44,Rigid,463599,464923,851920,1324,386997,388321,completed,72
45,Rigid,517164,517165,807638,1,290473,290474,completed,36
46,Rigid,517525,517526,793650,1,276124,276125,completed,16
47,Rigid,519458,519458,778679,0,259221,259221,completed,1
48,Rigid,519458,519458,778679,0,259221,259221,completed,1
49,Rigid,519458,519458,778679,0,259221,259221,completed,1
50,Rigid,519458,519458,778679,0,259221,259221,completed,1
51,Rigid,519458,519458,778679,0,259221,259221,completed,1
52,Rigid,519458,519458,778679,0,259221,259221,completed,1
53,Rigid,519458,519458,778679,0,259221,259221,completed,1
54,Rigid,519458,519459,778679,1,259220,259221,completed,1
55,Rigid,519458,519459,778679,1,259220,259221,completed,1
56,Rigid,519458,519459,778679,1,259220,259221,completed,1
57,Rigid,519458,519459,778679,1,259220,259221,completed,1
58,Rigid,519474,519475,778679,1,259204,259205,completed,1
59,Rigid,519474,519475,778679,1,259204,259205,completed,1
60,Rigid,519474,519475,778679,1,259204,259205,completed,1
61,Rigid,519474,519475,778679,1,259204,259205,completed,1
62,Rigid,519474,519475,778679,1,259204,259205,completed,1
63,Rigid,519474,519475,778679,1,259204,259205,completed,1
64,Rigid,519474,519475,778679,1,259204,259205,completed,1
65,Rigid,519474,519475,778679,1,259204,259205,completed,1
66,Rigid,519474,519475,778679,1,259204,259205,completed,1
67,Rigid,519474,519475,778679,1,259204,259205,completed,1
68,Rigid,519474,519475,778679,1,259204,259205,completed,1
69,Rigid,519474,519475,778679,1,259204,259205,completed,1
70,Rigid,519474,519475,778679,1,259204,259205,completed,1
71,Rigid,519474,519475,778679,1,259204,259205,completed,1
72,Rigid,519474,519475,778679,1,259204,259205,completed,1
73,Rigid,519474,519475,752712,1,233237,233238,completed,1
74,Rigid,519474,519475,778679,1,259204,259205,completed,1
75,Rigid,519474,519475,778679,1,259204,259205,completed,1
76,Rigid,519474,519475,778679,1,259204,259205,completed,1
77,Rigid,519474,519475,778679,1,259204,259205,completed,1
78,Rigid,519474,519475,778679,1,259204,259205,completed,1
79,Rigid,519474,519475,778679,1,259204,259205,completed,1
80,Rigid,519474,519475,778679,1,259204,259205,completed,1
81,Rigid,519474,519475,778679,1,259204,259205,completed,1
82,Rigid,519474,519475,778679,1,259204,259205,completed,1
83,Rigid,519474,519475,778679,1,259204,259205,completed,1
84,Rigid,519474,519475,778679,1,259204,259205,completed,1
85,Rigid,519474,519475,778679,1,259204,259205,completed,1
86,Rigid,519474,519475,778679,1,259204,259205,completed,1
87,Rigid,519474,519475,778679,1,259204,259205,completed,1
88,Rigid,519474,519475,778679,1,259204,259205,completed,1
89,Rigid,519474,519475,778679,1,259204,259205,completed,1
90,Rigid,519474,519475,778679,1,259204,259205,completed,1
91,Rigid,519474,519475,778679,1,259204,259205,completed,1
92,Rigid,519474,519475,778679,1,259204,259205,completed,1
93,Rigid,519474,519475,778679,1,259204,259205,completed,1
94,Rigid,519480,519480,778709,0,259229,259229,completed,1
95,Rigid,519480,519480,778709,0,259229,259229,completed,1
96,Rigid,519480,519480,778709,0,259229,259229,completed,1
97,Rigid,519480,519480,765878,0,246398,246398,completed,1
98,Rigid,519480,519480,778709,0,259229,259229,completed,1
99,Rigid,519480,519480,778709,0,259229,259229,completed,1
100,Rigid,519480,519480,778709,0,259229,259229,completed,1
101,Rigid,519480,519481,778709,1,259228,259229,completed,1
102,Rigid,519480,519481,778709,1,259228,259229,completed,1
103,Rigid,519480,519481,778709,1,259228,259229,completed,1
104,Rigid,519480,519481,778709,1,259228,259229,completed,1
105,Rigid,519480,519481,778709,1,259228,259229,completed,1
106,Rigid,519480,519481,778709,1,259228,259229,completed,1
107,Rigid,519480,519481,778709,1,259228,259229,completed,1
108,Rigid,519480,519481,778709,1,259228,259229,completed,1
109,Rigid,519480,519481,778709,1,259228,259229,completed,1
110,Rigid,519480,519481,778709,1,259228,259229,completed,1
111,Rigid,519480,519481,778709,1,259228,259229,completed,1
112,Rigid,519480,519481,778709,1,259228,259229,completed,1
113,Rigid,519480,519481,778709,1,259228,259229,completed,1
114,Rigid,519480,519481,778709,1,259228,259229,completed,1
115,Rigid,519480,519481,778709,1,259228,259229,completed,1
116,Rigid,519480,519481,778709,1,259228,259229,completed,1
117,Rigid,519480,519481,778709,1,259228,259229,completed,1
118,Rigid,519480,519481,778709,1,259228,259229,completed,1
119,Rigid,519480,519481,778709,1,259228,259229,completed,1
120,Rigid,519480,519481,778709,1,259228,259229,completed,1
121,Rigid,519480,519481,778709,1,259228,259229,completed,1
122,Rigid,519480,519481,778709,1,259228,259229,completed,1
123,Rigid,519480,519481,778709,1,259228,259229,completed,1
124,Rigid,519480,519481,778709,1,259228,259229,completed,1
125,Rigid,519480,519481,778709,1,259228,259229,completed,1
126,Rigid,519480,519481,778709,1,259228,259229,completed,1
127,Rigid,519480,519481,778709,1,259228,259229,completed,1
128,Rigid,519480,519481,778709,1,259228,259229,completed,1
129,Rigid,519480,519481,778709,1,259228,259229,completed,1
130,Rigid,519480,519481,778709,1,259228,259229,completed,1
131,Rigid,519480,519481,778709,1,259228,259229,completed,1
132,Rigid,519480,519481,778709,1,259228,259229,completed,1
133,Rigid,519484,519485,778709,1,259224,259225,completed,1
134,Rigid,519484,519485,778709,1,259224,259225,completed,1
135,Rigid,519484,519485,778709,1,259224,259225,completed,1
136,Rigid,519484,519485,778709,1,259224,259225,completed,1
137,Rigid,519484,519485,778709,1,259224,259225,completed,1
138,Rigid,519484,519485,778709,1,259224,259225,completed,1
139,Rigid,519484,519485,778709,1,259224,259225,completed,1
140,Rigid,519484,519485,778709,1,259224,259225,completed,1
141,Rigid,519484,519485,778709,1,259224,259225,completed,1
142,Rigid,519484,519485,778709,1,259224,259225,completed,1
143,Rigid,519484,519485,778709,1,259224,259225,completed,1
144,Rigid,519484,519485,778709,1,259224,259225,completed,1
145,Rigid,519484,519485,756378,1,236893,236894,completed,1
146,Rigid,519484,519485,778709,1,259224,259225,completed,1
147,Rigid,519484,519485,778709,1,259224,259225,completed,1
148,Rigid,519484,519485,748060,1,228575,228576,completed,1
149,Rigid,519484,519485,778709,1,259224,259225,completed,1
150,Rigid,519484,519485,778709,1,259224,259225,completed,1
151,Rigid,519484,519485,778709,1,259224,259225,completed,1
152,Rigid,519484,519485,778709,1,259224,259225,completed,1
153,Rigid,519484,519485,778709,1,259224,259225,completed,1
154,Rigid,519484,519485,778709,1,259224,259225,completed,1
155,Rigid,519484,519485,778709,1,259224,259225,completed,1
156,Rigid,519484,519485,778709,1,259224,259225,completed,1
157,Rigid,519484,519485,745837,1,226352,226353,completed,1
158,Rigid,519484,519485,778709,1,259224,259225,completed,1
159,Rigid,519484,519485,778709,1,259224,259225,completed,1
160,Rigid,519484,519485,778709,1,259224,259225,completed,1
161,Rigid,519484,519485,778709,1,259224,259225,completed,1
162,Rigid,519484,519485,778709,1,259224,259225,completed,1
163,Rigid,519484,519485,778709,1,259224,259225,completed,1
164,Rigid,519484,519485,778709,1,259224,259225,completed,1
165,Rigid,519484,519485,778709,1,259224,259225,completed,1
166,Rigid,519484,519485,778709,1,259224,259225,completed,1
167,Rigid,519484,519485,778709,1,259224,259225,completed,1
168,Rigid,519484,519485,778709,1,259224,259225,completed,1
169,Rigid,519484,519485,778709,1,259224,259225,completed,1
170,Rigid,519484,519485,778709,1,259224,259225,completed,1
171,Rigid,519484,519485,778709,1,259224,259225,completed,1
172,Rigid,519484,519485,778709,1,259224,259225,completed,1
173,Rigid,519484,519485,778709,1,259224,259225,completed,1
174,Rigid,519484,519485,778709,1,259224,259225,completed,1
175,Rigid,519484,519485,778709,1,259224,259225,completed,1
176,Rigid,519488,519490,778709,2,259219,259221,completed,1
177,Rigid,519488,519490,778709,2,259219,259221,completed,1
178,Rigid,519488,519490,778709,2,259219,259221,completed,1
179,Rigid,519488,519490,778709,2,259219,259221,completed,1
180,Rigid,519488,519490,778709,2,259219,259221,completed,1
181,Rigid,519488,519490,778709,2,259219,259221,completed,1
182,Rigid,519488,519490,778709,2,259219,259221,completed,1
183,Rigid,519488,519490,778709,2,259219,259221,completed,1
184,Rigid,519488,519490,778709,2,259219,259221,completed,1
185,Rigid,519488,519490,778709,2,259219,259221,completed,1
186,Rigid,519488,519490,778709,2,259219,259221,completed,1
187,Rigid,519488,519490,778709,2,259219,259221,completed,1
188,Rigid,519488,519490,778709,2,259219,259221,completed,1
189,Rigid,519488,519490,778709,2,259219,259221,completed,1
190,Rigid,519488,519490,759691,2,240201,240203,completed,1
191,Rigid,519488,519490,778709,2,259219,259221,completed,1
192,Rigid,524475,524476,860495,1,336019,336020,completed,144
193,Rigid,524738,524738,860930,0,336192,336192,completed,144
194,Rigid,527816,527816,798933,0,271117,271117,completed,36
195,Rigid,532241,580652,926260,48411,345608,394019,completed,36
196,Rigid,532241,580664,926290,48423,345626,394049,completed,36
197,Rigid,532241,580679,926290,48438,345611,394049,completed,36
198,Rigid,532241,580680,926290,48439,345610,394049,completed,36
199,Rigid,532241,580682,926290,48441,345608,394049,completed,36
200,Rigid,532241,580732,926350,48491,345618,394109,completed,36
201,Rigid,532241,580804,926410,48563,345606,394169,completed,36
202,Rigid,532241,580811,926440,48570,345629,394199,completed,36
203,Rigid,532241,580824,926440,48583,345616,394199,completed,36
204,Rigid,532241,580850,926470,48609,345620,394229,completed,36
205,Rigid,532241,580909,926530,48668,345621,394289,completed,36
206,Rigid,532241,581069,926680,48828,345611,394439,completed,36
207,Rigid,532241,581070,926680,48829,345610,394439,completed,36
208,Rigid,532241,581129,926740,48888,345611,394499,completed,36
209,Rigid,532241,581186,926800,48945,345614,394559,completed,36
210,Rigid,532241,581554,927160,49313,345606,394919,completed,36
211,Rigid,532241,581639,927250,49398,345611,395009,completed,36
212,Rigid,532241,581688,927310,49447,345622,395069,completed,36
213,Rigid,532241,581720,927340,49479,345620,395099,completed,36
214,Rigid,532241,581778,927400,49537,345622,395159,completed,36
215,Rigid,532241,581782,927400,49541,345618,395159,completed,36
216,Rigid,532241,581820,927430,49579,345610,395189,completed,36
217,Rigid,532241,582075,927700,49834,345625,395459,completed,36
218,Rigid,532241,582156,927760,49915,345604,395519,completed,36
219,Rigid,532241,582314,927940,50073,345626,395699,completed,36
220,Rigid,532241,582565,928180,50324,345615,395939,completed,36
221,Rigid,532241,582874,928480,50633,345606,396239,completed,36
222,Rigid,532241,583613,929230,51372,345617,396989,completed,36
223,Rigid,532241,583724,929350,51483,345626,397109,completed,36
224,Rigid,532241,584034,929650,51793,345616,397409,completed,36
225,Rigid,532241,584164,929770,51923,345606,397529,completed,36
226,Rigid,532241,584662,930280,52421,345618,398039,completed,36
227,Rigid,532241,584869,930490,52628,345621,398249,completed,36
228,Rigid,605549,605550,765696,1,160146,160147,completed,36
229,Rigid,605641,605641,791694,0,186053,186053,completed,36
230,Rigid,608325,608325,1040325,0,432000,432000,completed,36
231,Rigid,608468,629870,779549,21402,149679,171081,completed,576
232,Rigid,620226,778053,782654,157827,4601,162428,completed,576
233,Rigid,620331,620431,780187,100,159756,159856,completed,36
234,Rigid,626502,626966,798313,464,171347,171811,completed,72
235,Rigid,626582,628252,887462,1670,259210,260880,completed,576
236,Rigid,626685,629002,801817,2317,172815,175132,completed,36
237,Rigid,626685,629870,802687,3185,172817,176002,completed,36
238,Rigid,626685,629870,802687,3185,172817,176002,completed,36
239,Rigid,627032,629870,802687,2838,172817,175655,completed,36
240,Rigid,627032,629870,802687,2838,172817,175655,completed,36
241,Rigid,627032,746419,864447,119387,118028,237415,completed,36
242,Rigid,627067,746848,919670,119781,172822,292603,completed,36
243,Rigid,627067,747001,919820,119934,172819,292753,completed,36
244,Rigid,627067,747001,919820,119934,172819,292753,completed,36
245,Rigid,627168,747001,919820,119833,172819,292652,completed,36
246,Rigid,627168,747001,919820,119833,172819,292652,completed,36
247,Rigid,627168,767762,940570,140594,172808,313402,completed,36
248,Rigid,627207,774709,947530,147502,172821,320323,completed,36
249,Rigid,627207,777257,950080,150050,172823,322873,completed,36
250,Rigid,627207,777257,950080,150050,172823,322873,completed,36
251,Rigid,627298,777257,950080,149959,172823,322782,completed,36
252,Rigid,627298,777257,950080,149959,172823,322782,completed,36
253,Rigid,627298,777257,950080,149959,172823,322782,completed,36
254,Rigid,627329,777257,950080,149928,172823,322751,completed,36
255,Rigid,627329,777257,950080,149928,172823,322751,completed,36
256,Rigid,627329,777257,950080,149928,172823,322751,completed,36
257,Rigid,627377,777257,950080,149880,172823,322703,completed,36
258,Rigid,627377,777257,950080,149880,172823,322703,completed,36
259,Rigid,627377,777257,950080,149880,172823,322703,completed,36
260,Rigid,627409,777333,950140,149924,172807,322731,completed,36
261,Rigid,627409,777333,950140,149924,172807,322731,completed,36
262,Rigid,627409,777362,950170,149953,172808,322761,completed,36
263,Rigid,627445,777362,950170,149917,172808,322725,completed,36
264,Rigid,627445,777363,950170,149918,172807,322725,completed,36
265,Rigid,627445,777363,950170,149918,172807,322725,completed,36
266,Rigid,627478,777363,950170,149885,172807,322692,completed,36
267,Rigid,627478,777363,950170,149885,172807,322692,completed,36
268,Rigid,627478,777423,950230,149945,172807,322752,completed,36
269,Rigid,627514,778053,950860,150539,172807,323346,completed,36
270,Rigid,627514,778053,950860,150539,172807,323346,completed,36
271,Rigid,627514,778053,950860,150539,172807,323346,completed,36
272,Rigid,630480,630481,801292,1,170811,170812,completed,36
273,Rigid,630480,630481,768923,1,138442,138443,completed,36
274,Rigid,630480,630481,786294,1,155813,155814,completed,36
275,Rigid,630480,630481,803115,1,172634,172635,completed,36
276,Rigid,630480,630481,749596,1,119115,119116,completed,36
277,Rigid,630480,630481,744704,1,114223,114224,completed,36
278,Rigid,630480,630481,786388,1,155907,155908,completed,36
279,Rigid,630482,630749,757691,267,126942,127209,completed,36
280,Rigid,630482,630759,751753,277,120994,121271,completed,36
281,Rigid,630483,632977,746844,2494,113867,116361,completed,36
282,Rigid,630483,638437,744971,7954,106534,114488,completed,36
283,Rigid,630483,638632,746327,8149,107695,115844,completed,36
284,Rigid,630483,638635,744782,8152,106147,114299,completed,36
285,Rigid,630483,639403,752486,8920,113083,122003,completed,36
286,Rigid,630486,643807,1103765,13321,459958,473279,completed,36
287,Rigid,630486,643807,1094126,13321,450319,463640,completed,36
288,Rigid,630486,643807,1075409,13321,431602,444923,completed,36
289,Rigid,630486,646293,1129686,15807,483393,499200,completed,36
290,Rigid,630486,660434,1112647,29948,452213,482161,completed,36
291,Rigid,630486,1075411,1474386,444925,398975,843900,completed,36
292,Rigid,630487,1094128,1672851,463641,578723,1042364,completed,36
293,Rigid,630487,1103767,1715203,473280,611436,1084716,completed,36
294,Rigid,630487,1112648,1515744,482161,403096,885257,completed,36
295,Rigid,630487,1129688,1633601,499201,503913,1003114,completed,36
296,Rigid,630559,660922,916717,30363,255795,286158,completed,36
297,Rigid,630559,666910,922236,36351,255326,291677,completed,36
298,Rigid,630560,672362,920526,41802,248164,289966,completed,36
299,Rigid,630560,674170,929971,43610,255801,299411,completed,36
300,Rigid,630560,674295,924220,43735,249925,293660,completed,36
301,Rigid,630560,675066,933961,44506,258895,303401,completed,36
302,Rigid,630560,675066,932573,44506,257507,302013,completed,36
303,Rigid,630560,675066,931349,44506,256283,300789,completed,36
304,Rigid,630560,675066,926626,44506,251560,296066,completed,36
305,Rigid,630560,675251,925960,44691,250709,295400,completed,36
306,Rigid,633456,688343,744192,54887,55849,110736,completed,36
307,Rigid,633456,688343,744259,54887,55916,110803,completed,36
308,Rigid,633456,688344,744476,54888,56132,111020,completed,36
309,Rigid,633456,688344,744247,54888,55903,110791,completed,36
310,Rigid,633456,675282,905591,41826,230309,272135,completed,36
311,Rigid,633456,688344,746328,54888,57984,112872,completed,36
312,Rigid,633456,688344,748514,54888,60170,115058,completed,36
313,Rigid,633456,675282,825854,41826,150572,192398,completed,36
314,Rigid,633456,688344,743010,54888,54666,109554,completed,36
315,Rigid,633456,688344,743456,54888,55112,110000,completed,36
316,Rigid,633456,675282,814391,41826,139109,180935,completed,36
317,Rigid,633456,688344,743077,54888,54733,109621,completed,36
318,Rigid,633456,690156,743663,56700,53507,110207,completed,36
319,Rigid,633456,675313,812175,41857,136862,178719,completed,36
320,Rigid,633456,690157,743488,56701,53331,110032,completed,36
321,Rigid,633456,690157,743282,56701,53125,109826,completed,36
322,Rigid,633456,675313,848507,41857,173194,215051,completed,36
323,Rigid,633456,690157,744097,56701,53940,110641,completed,36
324,Rigid,633456,690157,745169,56701,55012,111713,completed,36
325,Rigid,633456,675313,796985,41857,121672,163529,completed,36
326,Rigid,633456,675497,797851,42041,122354,164395,completed,36
327,Rigid,633456,675528,797116,42072,121588,163660,completed,36
328,Rigid,633457,675528,819847,42071,144319,186390,completed,36
329,Rigid,633457,690157,743314,56700,53157,109857,completed,36
330,Rigid,633457,675528,796771,42071,121243,163314,completed,36
331,Rigid,633457,675528,797580,42071,122052,164123,completed,36
332,Rigid,633457,693501,744724,60044,51223,111267,completed,36
333,Rigid,633457,675651,799114,42194,123463,165657,completed,36
334,Rigid,633457,693532,744665,60075,51133,111208,completed,36
335,Rigid,633457,743296,794310,109839,51014,160853,completed,36
336,Rigid,633457,675651,796168,42194,120517,162711,completed,36
337,Rigid,633457,743327,792446,109870,49119,158989,completed,36
338,Rigid,633457,743666,793244,110209,49578,159787,completed,36
339,Rigid,633457,675651,794369,42194,118718,160912,completed,36
340,Rigid,633457,743666,792617,110209,48951,159160,completed,36
341,Rigid,633457,743758,792716,110301,48958,159259,completed,36
342,Rigid,633457,675651,793974,42194,118323,160517,completed,36
343,Rigid,633457,743758,792327,110301,48569,158870,completed,36
344,Rigid,633457,743758,792847,110301,49089,159390,completed,36
345,Rigid,633457,675897,798627,42440,122730,165170,completed,36
346,Rigid,633457,743758,793663,110301,49905,160206,completed,36
347,Rigid,633457,743758,794758,110301,51000,161301,completed,36
348,Rigid,633457,676111,794301,42654,118190,160844,completed,36
349,Rigid,633457,743758,792055,110301,48297,158598,completed,36
350,Rigid,633457,743758,791925,110301,48167,158468,completed,36
351,Rigid,633457,676509,793391,43052,116882,159934,completed,36
352,Rigid,633457,743758,791784,110301,48026,158327,completed,36
353,Rigid,633457,743758,792727,110301,48969,159270,completed,36
354,Rigid,633457,676571,796524,43114,119953,163067,completed,36
355,Rigid,633457,743789,793386,110332,49597,159929,completed,36
356,Rigid,633458,744799,794354,111341,49555,160896,completed,36
357,Rigid,633458,676969,795406,43511,118437,161948,completed,36
358,Rigid,633458,744799,792633,111341,47834,159175,completed,36
359,Rigid,633458,744830,793041,111372,48211,159583,completed,36
360,Rigid,633458,677336,794987,43878,117651,161529,completed,36
361,Rigid,633459,745258,793073,111799,47815,159614,completed,36
362,Rigid,633459,745258,793623,111799,48365,160164,completed,36
363,Rigid,633459,678164,799369,44705,121205,165910,completed,36
364,Rigid,633459,745900,794625,112441,48725,161166,completed,36
365,Rigid,633459,745900,795544,112441,49644,162085,completed,36
366,Rigid,633459,678622,796569,45163,117947,163110,completed,36
367,Rigid,633459,746113,793566,112654,47453,160107,completed,36
368,Rigid,633459,746113,794179,112654,48066,160720,completed,36
369,Rigid,633459,678653,797171,45194,118518,163712,completed,36
370,Rigid,633459,746358,794154,112899,47796,160695,completed,36
371,Rigid,633459,746419,795076,112960,48657,161617,completed,36
372,Rigid,633461,678836,1334522,45375,655686,701061,completed,36
373,Rigid,633462,679296,1340299,45834,661003,706837,completed,36
374,Rigid,633462,679387,1254381,45925,574994,620919,completed,36
375,Rigid,633462,679724,1223924,46262,544200,590462,completed,36
376,Rigid,633462,680244,1295663,46782,615419,662201,completed,36
377,Rigid,633462,1223926,1681606,590464,457680,1048144,completed,36
378,Rigid,633462,1254382,1759866,620920,505484,1126404,completed,36
379,Rigid,633462,1295664,1848087,662202,552423,1214625,completed,36
380,Rigid,633462,1334524,1765552,701062,431028,1132090,completed,36
381,Rigid,633463,1340299,1780527,706836,440228,1147064,completed,36
382,Rigid,633463,1681607,2149348,1048144,467741,1515885,completed,36
383,Rigid,633463,1759867,2256471,1126404,496604,1623008,completed,36
384,Rigid,633463,1765553,2204753,1132090,439200,1571290,completed,36
385,Rigid,633463,1780529,2212881,1147066,432352,1579418,completed,36
386,Rigid,633463,1848088,2281336,1214625,433248,1647873,completed,36
387,Rigid,633463,1897388,2317302,1263925,419914,1683839,completed,36
388,Rigid,644099,777243,777253,133144,10,133154,completed,2304
389,Rigid,688336,688343,754343,7,66000,66007,completed,1
390,Rigid,688336,688343,752697,7,64354,64361,completed,1
391,Rigid,688336,688343,755570,7,67227,67234,completed,1
392,Rigid,688337,688343,750792,6,62449,62455,completed,1
393,Rigid,688337,688343,748045,6,59702,59708,completed,1
394,Rigid,688338,688343,757618,5,69275,69280,completed,1
395,Rigid,688338,688343,752459,5,64116,64121,completed,1
396,Rigid,688338,688343,749479,5,61136,61141,completed,1
397,Rigid,688339,688343,761076,4,72733,72737,completed,1
398,Rigid,688339,688343,759989,4,71646,71650,completed,1
399,Rigid,688340,688343,759446,3,71103,71106,completed,1
400,Rigid,688340,688343,756045,3,67702,67705,completed,1
401,Rigid,688340,688343,763702,3,75359,75362,completed,1
402,Rigid,688341,688343,751403,2,63060,63062,completed,1
403,Rigid,689328,689339,870316,11,180977,180988,completed,1
404,Rigid,689452,689459,870316,7,180857,180864,completed,1
405,Rigid,689492,689520,870316,28,180796,180824,completed,1
406,Rigid,691376,691391,772786,15,81395,81410,completed,1
407,Rigid,691379,691391,775293,12,83902,83914,completed,1
408,Rigid,691549,691572,869783,23,178211,178234,completed,1
409,Rigid,691553,691572,869863,19,178291,178310,completed,1
410,Rigid,693353,693381,792181,28,98800,98828,completed,8
411,Rigid,693495,693501,951296,6,257795,257801,completed,36
412,Rigid,693535,693833,810702,298,116869,117167,completed,36
413,Rigid,693566,694316,892082,750,197766,198516,completed,36
414,Rigid,693652,696158,873538,2506,177380,179886,completed,36
415,Rigid,693681,697544,871885,3863,174341,178204,completed,36
416,Rigid,694309,740666,1053528,46357,312862,359219,completed,576
417,Rigid,694331,742317,1053490,47986,311173,359159,completed,576
418,Rigid,695211,698193,953381,2982,255188,258170,completed,36
419,Rigid,695346,698315,800212,2969,101897,104866,completed,36
420,Rigid,695404,740081,911281,44677,171200,215877,completed,36
421,Rigid,695448,740418,855074,44970,114656,159626,completed,36
422,Rigid,695531,740510,850244,44979,109734,154713,completed,36
423,Rigid,695575,740544,905367,44969,164823,209792,completed,36
424,Rigid,695628,740973,870091,45345,129118,174463,completed,36
425,Rigid,695672,741004,933508,45332,192504,237836,completed,36
426,Rigid,695711,741157,901758,45446,160601,206047,completed,36
427,Rigid,695755,741310,932050,45555,190740,236295,completed,36
428,Rigid,697772,741555,743644,43783,2089,45872,completed,72
429,Rigid,697793,742164,742995,44371,831,45202,completed,72
430,Rigid,697836,742317,744135,44481,1818,46299,completed,72
431,Rigid,697869,743021,746090,45152,3069,48221,completed,72
432,Rigid,699149,699173,1044796,24,345623,345647,completed,1
433,Rigid,699886,777257,814671,77371,37414,114785,completed,576
434,Rigid,701962,733506,742685,31544,9179,40723,completed,36
435,Rigid,701984,776004,862425,74020,86421,160441,completed,4
436,Rigid,701984,862427,948850,160443,86423,246866,completed,4
437,Rigid,701984,948856,1035284,246872,86428,333300,completed,4
438,Rigid,701984,1035296,1121699,333312,86403,419715,completed,4
439,Rigid,701984,1121699,1208103,419715,86404,506119,completed,4
440,Rigid,701984,1208119,1248559,506135,40440,546575,completed,4
441,Rigid,701984,1248561,1248568,546577,7,546584,completed,4
442,Rigid,701984,1248569,1248574,546585,5,546590,completed,4
443,Rigid,702174,736977,745251,34803,8274,43077,completed,36
444,Rigid,702231,736977,747700,34746,10723,45469,completed,36
445,Rigid,705382,705403,847506,21,142103,142124,completed,12
446,Rigid,705382,705403,801056,21,95653,95674,completed,12
447,Rigid,705382,705403,857124,21,151721,151742,completed,12
448,Rigid,705382,705403,815202,21,109799,109820,completed,12
449,Rigid,705382,705403,864415,21,159012,159033,completed,12
450,Rigid,705382,705403,763594,21,58191,58212,completed,12
451,Rigid,705382,705403,852052,21,146649,146670,completed,12
452,Rigid,705382,708996,794040,3614,85044,88658,completed,12
453,Rigid,705383,708996,846646,3613,137650,141263,completed,12
454,Rigid,705383,708996,817094,3613,108098,111711,completed,12
455,Rigid,705383,708996,778419,3613,69423,73036,completed,12
456,Rigid,705383,708996,764331,3613,55335,58948,completed,12
457,Rigid,707665,743082,889274,35417,146192,181609,completed,36
458,Rigid,708109,708110,745956,1,37846,37847,completed,72
459,Rigid,709004,751768,860556,42764,108788,151552,completed,144
460,Rigid,709032,777257,860665,68225,83408,151633,completed,144
461,Rigid,709185,777257,860737,68072,83480,151552,completed,144
462,Rigid,711108,730482,804216,19374,73734,93108,completed,180
463,Rigid,711640,727929,743091,16289,15162,31451,completed,36
464,Rigid,711759,728124,746414,16365,18290,34655,completed,36
465,Rigid,711759,728157,746445,16398,18288,34686,completed,36
466,Rigid,711762,729421,744568,17659,15147,32806,completed,36
467,Rigid,711762,729484,744627,17722,15143,32865,completed,36
468,Rigid,711762,729515,744670,17753,15155,32908,completed,36
469,Rigid,711762,729577,744734,17815,15157,32972,completed,36
470,Rigid,711762,729608,744775,17846,15167,33013,completed,36
471,Rigid,711762,729608,744777,17846,15169,33015,completed,36
472,Rigid,714039,714221,782092,182,67871,68053,completed,72
473,Rigid,714740,714740,781126,0,66386,66386,completed,72
474,Rigid,715640,715640,788013,0,72373,72373,completed,8
475,Rigid,726500,726531,1072135,31,345604,345635,completed,16
476,Rigid,726502,728906,1074535,2404,345629,348033,completed,16
477,Rigid,726946,729733,756980,2787,27247,30034,completed,16
478,Rigid,726948,729733,756842,2785,27109,29894,completed,16
479,Rigid,727083,730231,827092,3148,96861,100009,completed,16
480,Rigid,727085,730231,827066,3146,96835,99981,completed,16
481,Rigid,727201,730231,767671,3030,37440,40470,completed,16
482,Rigid,727205,730231,767645,3026,37414,40440,completed,16
483,Rigid,736145,738023,751085,1878,13062,14940,completed,36
484,Rigid,740680,740758,953784,78,213026,213104,completed,16
485,Rigid,742108,742134,743880,26,1746,1772,completed,18
486,Rigid,742438,742439,745771,1,3332,3333,completed,8
487,Rigid,742601,742601,742603,0,2,2,completed,1
488,Rigid,742615,742622,742854,7,232,239,completed,36
489,Rigid,742635,742653,742854,18,201,219,completed,36
490,Rigid,742655,742684,742889,29,205,234,completed,36
491,Rigid,742675,742684,742889,9,205,214,completed,36
492,Rigid,742696,742714,742917,18,203,221,completed,36
493,Rigid,742717,742745,742992,28,247,275,completed,36
494,Rigid,742727,742728,742729,1,1,2,completed,1
495,Rigid,742740,742745,742993,5,248,253,completed,36
496,Rigid,742769,742775,742993,6,218,224,completed,36
497,Rigid,742794,742794,742795,0,1,1,completed,1
498,Rigid,742797,742806,743018,9,212,221,completed,36
499,Rigid,742825,742837,743021,12,184,196,completed,36
500,Rigid,742839,742839,742840,0,1,1,completed,1
501,Rigid,742851,742867,743077,16,210,226,completed,36
502,Rigid,742880,742898,743093,18,195,213,completed,36
503,Rigid,742891,742892,742894,1,2,3,completed,1
504,Rigid,742907,742929,743134,22,205,227,completed,36
505,Rigid,742926,742927,742928,1,1,2,completed,1
506,Rigid,742935,742959,743151,24,192,216,completed,36
507,Rigid,742960,742990,743216,30,226,256,completed,36
508,Rigid,742986,742990,743216,4,226,230,completed,36
509,Rigid,743014,743021,743216,7,195,202,completed,36
510,Rigid,743041,743051,743254,10,203,213,completed,36
511,Rigid,743056,743057,743058,1,1,2,completed,1
512,Rigid,743065,743082,743272,17,190,207,completed,36
513,Rigid,743092,743113,743301,21,188,209,completed,36
514,Rigid,743120,743143,743356,23,213,236,completed,36
515,Rigid,743148,743174,743358,26,184,210,completed,36
516,Rigid,743175,743205,743422,30,217,247,completed,36
517,Rigid,743179,743179,743180,0,1,1,completed,1
518,Rigid,743199,743205,743423,6,218,224,completed,36
519,Rigid,743224,743235,743468,11,233,244,completed,36
520,Rigid,743233,743234,743236,1,2,3,completed,1
521,Rigid,743252,743266,743500,14,234,248,completed,36
522,Rigid,743271,743271,743272,0,1,1,completed,1
523,Rigid,743281,743296,743551,15,255,270,completed,36
524,Rigid,743301,743327,743898,26,571,597,completed,180
525,Rigid,743307,743327,743611,20,284,304,completed,36
526,Rigid,743334,743357,743611,23,254,277,completed,36
527,Rigid,743369,743388,743643,19,255,274,completed,36
528,Rigid,743402,743419,743669,17,250,267,completed,36
529,Rigid,743437,743449,743705,12,256,268,completed,36
530,Rigid,743472,743480,743716,8,236,244,completed,36
531,Rigid,743507,743510,743763,3,253,256,completed,36
532,Rigid,743545,743574,743859,29,285,314,completed,36
533,Rigid,743581,743605,743844,24,239,263,completed,36
534,Rigid,743614,743635,743897,21,262,283,completed,36
535,Rigid,743637,743638,743640,1,2,3,completed,1
536,Rigid,743647,743666,743900,19,234,253,completed,36
537,Rigid,743683,743697,743904,14,207,221,completed,36
538,Rigid,743719,743727,743930,8,203,211,completed,36
539,Rigid,743781,743782,743790,1,8,9,completed,1
540,Rigid,744035,744217,745868,182,1651,1833,completed,72
541,Rigid,744499,744500,744507,1,7,8,completed,1
542,Rigid,744854,744854,744855,0,1,1,completed,1
543,Rigid,746812,746818,754047,6,7229,7235,completed,8
544,Rigid,747000,747000,747218,0,218,218,completed,36
545,Rigid,747019,747031,747222,12,191,203,completed,36
546,Rigid,747036,747062,747285,26,223,249,completed,36
547,Rigid,747056,747062,747285,6,223,229,completed,36
548,Rigid,747077,747092,747289,15,197,212,completed,36
549,Rigid,747099,747122,747343,23,221,244,completed,36
550,Rigid,747122,747122,747342,0,220,220,completed,36
551,Rigid,747146,747153,747346,7,193,200,completed,36
552,Rigid,747168,747183,747397,15,214,229,completed,36
553,Rigid,747196,747213,747397,17,184,201,completed,36
554,Rigid,747223,747244,747448,21,204,225,completed,36
555,Rigid,747252,747274,747466,22,192,214,completed,36
556,Rigid,747278,747304,747511,26,207,233,completed,36
557,Rigid,747305,747334,747532,29,198,227,completed,36
558,Rigid,747330,747334,747532,4,198,202,completed,36
559,Rigid,747358,747364,747537,6,173,179,completed,36
560,Rigid,747382,747395,747594,13,199,212,completed,36
561,Rigid,747408,747425,747603,17,178,195,completed,36
562,Rigid,747434,747455,747644,21,189,210,completed,36
563,Rigid,747461,747485,747690,24,205,229,completed,36
564,Rigid,747490,747515,747715,25,200,225,completed,36
565,Rigid,747515,747515,747722,0,207,207,completed,36
566,Rigid,747540,747546,747720,6,174,180,completed,36
567,Rigid,747566,747576,747775,10,199,209,completed,36
568,Rigid,747592,747606,747793,14,187,201,completed,36
569,Rigid,747620,747636,747814,16,178,194,completed,36
570,Rigid,747644,747666,747862,22,196,218,completed,36
571,Rigid,747671,747697,747888,26,191,217,completed,36
572,Rigid,747696,747697,747899,1,202,203,completed,36
573,Rigid,747723,747727,747902,4,175,179,completed,36
574,Rigid,747750,747757,747947,7,190,197,completed,36
575,Rigid,747774,747787,747847,13,60,73,completed,1
576,Rigid,747777,747787,747986,10,199,209,completed,36
577,Rigid,747803,747817,747993,14,176,190,completed,36
578,Rigid,747830,747847,747913,17,66,83,completed,36
579,Rigid,747834,747847,748004,13,157,170,completed,18
580,Rigid,747857,747877,747962,20,85,105,completed,36
581,Rigid,747883,747908,747997,25,89,114,completed,36
582,Rigid,747888,747908,747909,20,1,21,completed,1
583,Rigid,747906,747908,747997,2,89,91,completed,36
584,Rigid,747931,747938,748012,7,74,81,completed,36
585,Rigid,747954,747968,748048,14,80,94,completed,36
586,Rigid,747975,748028,748128,53,100,153,completed,36
587,Rigid,748017,748028,748127,11,99,110,completed,1
588,Rigid,748073,748088,748138,15,50,65,completed,18
589,Rigid,748349,748360,748465,11,105,116,completed,1
590,Rigid,749453,749475,749503,22,28,50,completed,1
591,Rigid,750448,750469,750489,21,20,41,completed,1
592,Rigid,750667,750680,750698,13,18,31,completed,1
593,Rigid,752014,752014,752020,0,6,6,completed,36
594,Rigid,752146,752146,752154,0,8,8,completed,36
595,Rigid,752194,752194,752209,0,15,15,completed,36
596,Rigid,752242,752242,752353,0,111,111,completed,36
597,Rigid,752430,752430,752760,0,330,330,completed,36
598,Rigid,764175,764179,764690,4,511,515,completed,36
599,Rigid,764605,764634,764688,29,54,83,completed,36
600,Rigid,764690,764694,765143,4,449,453,completed,36
601,Rigid,764957,764965,765610,8,645,653,completed,36
602,Rigid,773618,773626,789148,8,15522,15530,completed,18
603,Rigid,773695,777256,777754,3561,498,4059,completed,396
604,Rigid,774543,774544,776201,1,1657,1658,completed,1
605,Rigid,774543,774544,776016,1,1472,1473,completed,1
606,Rigid,774780,777257,870225,2477,92968,95445,completed,36
607,Rigid,774810,774829,781774,19,6945,6964,completed,1
608,Rigid,775030,777257,942758,2227,165501,167728,completed,36
609,Rigid,775047,777257,789148,2210,11891,14101,completed,180
610,Rigid,775063,777257,928626,2194,151369,153563,completed,36
611,Rigid,775112,777257,909448,2145,132191,134336,completed,36
612,Rigid,775158,777257,1047815,2099,270558,272657,completed,36
613,Rigid,775525,775553,775586,28,33,61,completed,33
614,Rigid,775560,775583,826808,23,51225,51248,completed,1
615,Rigid,775672,775674,834479,2,58805,58807,completed,1
616,Rigid,775805,775806,776382,1,576,577,completed,1
617,Rigid,775805,775806,776317,1,511,512,completed,1
618,Rigid,775805,775806,776361,1,555,556,completed,1
619,Rigid,775805,775806,776306,1,500,501,completed,1
620,Rigid,776100,776425,860234,325,83809,84134,completed,36
621,Rigid,776387,776387,776465,0,78,78,completed,72
622,Rigid,776412,776413,776485,1,72,73,completed,72
623,Rigid,776496,776516,776545,20,29,49,completed,33
624,Rigid,776524,776524,776595,0,71,71,completed,72
625,Rigid,776691,776696,776704,5,8,13,completed,36
626,Rigid,776703,777257,798016,554,20759,21313,completed,36
627,Rigid,777026,777027,777039,1,12,13,completed,1
628,Rigid,777125,777147,777178,22,31,53,completed,33
629,Rigid,777308,777312,797358,4,20046,20050,completed,36
630,Rigid,777628,777628,777673,0,45,45,completed,33
631,Rigid,777870,777870,860220,0,82350,82350,completed,36
632,Rigid,777945,807866,980681,29921,172815,202736,completed,36
633,Rigid,777945,808183,981011,30238,172828,203066,completed,36
634,Rigid,777945,819367,992172,41422,172805,214227,completed,36
635,Rigid,777982,822110,994932,44128,172822,216950,completed,36
636,Rigid,777982,822291,995112,44309,172821,217130,completed,36
637,Rigid,777982,864451,1037265,86469,172814,259283,completed,36
638,Rigid,778009,928185,1100999,150176,172814,322990,completed,36
639,Rigid,778009,928195,1100999,150186,172804,322990,completed,36
640,Rigid,778009,928335,1101149,150326,172814,323140,completed,36
641,Rigid,778036,928365,1101179,150329,172814,323143,completed,36
642,Rigid,778036,928381,1101209,150345,172828,323173,completed,36
643,Rigid,778036,940574,1113389,162538,172815,335353,completed,36
644,Rigid,778070,947533,1120349,169463,172816,342279,completed,36
645,Rigid,778070,950083,1122899,172013,172816,344829,completed,36
646,Rigid,778070,950083,1122899,172013,172816,344829,completed,36
647,Rigid,778117,950083,1122899,171966,172816,344782,completed,36
648,Rigid,778117,950084,1122899,171967,172815,344782,completed,36
649,Rigid,778117,950084,1122899,171967,172815,344782,completed,36
650,Rigid,778138,778138,778382,0,244,244,completed,396
651,Rigid,778717,778717,778727,0,10,10,completed,2
652,Rigid,779042,779042,779053,0,11,11,completed,36
653,Rigid,779114,779114,779115,0,1,1,completed,1
654,Rigid,779118,779118,779129,0,11,11,completed,36
655,Rigid,779338,779339,779366,1,27,28,completed,36
656,Rigid,779493,779572,952390,79,172818,172897,completed,576
657,Rigid,779573,779573,779672,0,99,99,completed,36
658,Rigid,779581,785217,958030,5636,172813,178449,completed,576
659,Rigid,779584,779586,779757,2,171,173,completed,36
660,Rigid,779727,779727,785235,0,5508,5508,completed,8
661,Rigid,779865,779866,779917,1,51,52,completed,36
662,Rigid,779873,779874,781244,1,1370,1371,completed,18
663,Rigid,779879,779880,780151,1,271,272,completed,36
664,Rigid,779892,779893,780209,1,316,317,completed,36
665,Rigid,779914,779915,780080,1,165,166,completed,36
666,Rigid,779931,779932,780094,1,162,163,completed,36
667,Rigid,779935,779936,780766,1,830,831,completed,8
668,Rigid,779949,779952,780122,3,170,173,completed,36
669,Rigid,779969,779970,780145,1,175,176,completed,36
670,Rigid,779991,779991,780154,0,163,163,completed,36
671,Rigid,780013,780014,780177,1,163,164,completed,36
672,Rigid,780040,780041,780207,1,166,167,completed,36
673,Rigid,780067,780067,780225,0,158,158,completed,36
674,Rigid,780091,780092,780252,1,160,161,completed,36
675,Rigid,780116,780117,780280,1,163,164,completed,36
676,Rigid,780145,780146,780311,1,165,166,completed,36
677,Rigid,780170,780171,780333,1,162,163,completed,36
678,Rigid,780176,780176,780213,0,37,37,completed,2
679,Rigid,780196,780197,780358,1,161,162,completed,36
680,Rigid,780222,780223,780388,1,165,166,completed,36
681,Rigid,780247,780248,780411,1,163,164,completed,36
682,Rigid,780272,780272,780442,0,170,170,completed,36
683,Rigid,780297,780298,780466,1,168,169,completed,36
684,Rigid,780322,780323,780494,1,171,172,completed,36
685,Rigid,780346,780347,780512,1,165,166,completed,36
686,Rigid,780372,780372,780533,0,161,161,completed,36
687,Rigid,780392,780392,780423,0,31,31,completed,2
688,Rigid,780399,780399,780562,0,163,163,completed,36
689,Rigid,780424,780424,780583,0,159,159,completed,36
690,Rigid,780433,780434,780438,1,4,5,completed,2
691,Rigid,780450,780450,780628,0,178,178,completed,36
692,Rigid,780474,780475,780639,1,164,165,completed,36
693,Rigid,780488,780488,781047,0,559,559,completed,36
694,Rigid,780499,780500,780661,1,161,162,completed,36
695,Rigid,780515,780516,781439,1,923,924,completed,36
696,Rigid,780524,780524,780687,0,163,163,completed,36
697,Rigid,780536,780539,781739,3,1200,1203,completed,36
698,Rigid,780541,780542,781683,1,1141,1142,completed,1
699,Rigid,780548,780548,780719,0,171,171,completed,36
700,Rigid,780573,780574,780758,1,184,185,completed,36
701,Rigid,780599,780600,780767,1,167,168,completed,36
702,Rigid,780624,780625,780785,1,160,161,completed,36
703,Rigid,780650,780650,780823,0,173,173,completed,36
704,Rigid,780676,780676,780851,0,175,175,completed,36
705,Rigid,780699,780699,780884,0,185,185,completed,36
706,Rigid,780724,780724,780912,0,188,188,completed,36
707,Rigid,780750,780750,780937,0,187,187,completed,36
708,Rigid,780777,780777,780964,0,187,187,completed,36
709,Rigid,780803,780804,780986,1,182,183,completed,36
710,Rigid,780828,780829,781005,1,176,177,completed,36
711,Rigid,780853,780854,781015,1,161,162,completed,36
712,Rigid,780877,780878,781028,1,150,151,completed,36
713,Rigid,780945,780945,867345,0,86400,86400,completed,36
714,Rigid,781002,781003,781244,1,241,242,completed,180
715,Rigid,781037,781037,781169,0,132,132,completed,72
716,Rigid,781137,781138,785235,1,4097,4098,completed,72
717,Rigid,781509,781512,782613,3,1101,1104,completed,36
718,Rigid,781601,781602,781604,1,2,3,completed,8
719,Rigid,781601,781602,781604,1,2,3,completed,8
720,Rigid,781601,781602,781604,1,2,3,completed,8
721,Rigid,781602,781602,781604,0,2,2,completed,8
722,Rigid,781602,781602,781604,0,2,2,completed,8
723,Rigid,781602,781602,781604,0,2,2,completed,8
724,Rigid,781602,781602,781604,0,2,2,completed,8
725,Rigid,781602,781602,781604,0,2,2,completed,8
726,Rigid,781602,781602,781604,0,2,2,completed,8
727,Rigid,781602,781602,781604,0,2,2,completed,8
728,Rigid,781602,781602,781604,0,2,2,completed,8
729,Rigid,781602,781602,781604,0,2,2,completed,8
730,Rigid,781602,781602,781604,0,2,2,completed,8
731,Rigid,781602,781602,781604,0,2,2,completed,8
732,Rigid,781602,781602,781604,0,2,2,completed,8
733,Rigid,781602,781602,781605,0,3,3,completed,8
734,Rigid,781602,781602,781605,0,3,3,completed,8
735,Rigid,781602,781602,781605,0,3,3,completed,8
736,Rigid,781602,781602,781605,0,3,3,completed,8
737,Rigid,781602,781602,781605,0,3,3,completed,8
738,Rigid,781602,781602,781605,0,3,3,completed,8
739,Rigid,781602,781602,781605,0,3,3,completed,8
740,Rigid,781602,781602,781605,0,3,3,completed,8
741,Rigid,781602,781602,781605,0,3,3,completed,8
742,Rigid,781602,781602,781605,0,3,3,completed,8
743,Rigid,781604,781606,781651,2,45,47,completed,8
744,Rigid,781643,781643,782773,0,1130,1130,completed,8
745,Rigid,781643,781647,782773,4,1126,1130,completed,8
746,Rigid,781643,781647,782746,4,1099,1103,completed,8
747,Rigid,781643,781647,782754,4,1107,1111,completed,8
748,Rigid,781643,781647,782754,4,1107,1111,completed,8
749,Rigid,781643,781647,782754,4,1107,1111,completed,8
750,Rigid,781643,781647,782759,4,1112,1116,completed,8
751,Rigid,781643,781647,782759,4,1112,1116,completed,8
752,Rigid,781643,781647,782759,4,1112,1116,completed,8
753,Rigid,781643,781647,782759,4,1112,1116,completed,8
754,Rigid,781643,781647,782754,4,1107,1111,completed,8
755,Rigid,781643,781647,782754,4,1107,1111,completed,8
756,Rigid,781643,781647,782754,4,1107,1111,completed,8
757,Rigid,781643,781647,782728,4,1081,1085,completed,8
758,Rigid,781643,781647,782757,4,1110,1114,completed,8
759,Rigid,781643,781647,782757,4,1110,1114,completed,8
760,Rigid,781643,781647,782757,4,1110,1114,completed,8
761,Rigid,781643,781647,782758,4,1111,1115,completed,8
762,Rigid,781643,781647,782737,4,1090,1094,completed,8
763,Rigid,781643,781647,782767,4,1120,1124,completed,8
764,Rigid,781643,781647,782767,4,1120,1124,completed,8
765,Rigid,781643,781647,782753,4,1106,1110,completed,8
766,Rigid,781643,781647,782760,4,1113,1117,completed,8
767,Rigid,781643,781647,782760,4,1113,1117,completed,8
768,Rigid,781643,781647,782760,4,1113,1117,completed,8
769,Rigid,781643,781647,782760,4,1113,1117,completed,8
770,Rigid,781643,781647,782779,4,1132,1136,completed,8
771,Rigid,781643,781647,782779,4,1132,1136,completed,8
772,Rigid,781643,781647,782764,4,1117,1121,completed,8
773,Rigid,781643,781647,782751,4,1104,1108,completed,8
774,Rigid,781643,781647,782763,4,1116,1120,completed,8
775,Rigid,781643,781647,782763,4,1116,1120,completed,8
776,Rigid,781643,781647,782763,4,1116,1120,completed,8
777,Rigid,781644,781647,782763,3,1116,1119,completed,8
778,Rigid,781644,781647,782772,3,1125,1128,completed,8
779,Rigid,781644,781647,782772,3,1125,1128,completed,8
780,Rigid,781644,781647,782772,3,1125,1128,completed,8
781,Rigid,781644,781647,782772,3,1125,1128,completed,8
782,Rigid,781644,781647,782758,3,1111,1114,completed,8
783,Rigid,781644,781647,782758,3,1111,1114,completed,8
784,Rigid,781644,781647,782758,3,1111,1114,completed,8
785,Rigid,781644,781647,782758,3,1111,1114,completed,8
786,Rigid,781644,781647,782762,3,1115,1118,completed,8
787,Rigid,781644,781647,782762,3,1115,1118,completed,8
788,Rigid,781644,781647,782762,3,1115,1118,completed,8
789,Rigid,781644,781647,782762,3,1115,1118,completed,8
790,Rigid,781644,781647,782753,3,1106,1109,completed,8
791,Rigid,781644,781647,782753,3,1106,1109,completed,8
792,Rigid,781644,781647,782753,3,1106,1109,completed,8
793,Rigid,781644,781647,782753,3,1106,1109,completed,8
794,Rigid,781644,781647,782748,3,1101,1104,completed,8
795,Rigid,781644,781647,782737,3,1090,1093,completed,8
796,Rigid,781644,781647,782778,3,1131,1134,completed,8
797,Rigid,781644,781647,782778,3,1131,1134,completed,8
798,Rigid,781644,781647,782778,3,1131,1134,completed,8
799,Rigid,781644,781647,782754,3,1107,1110,completed,8
800,Rigid,781644,781647,782754,3,1107,1110,completed,8
801,Rigid,781644,781647,782754,3,1107,1110,completed,8
802,Rigid,781644,781647,782754,3,1107,1110,completed,8
803,Rigid,781644,781647,782774,3,1127,1130,completed,8
804,Rigid,781644,781647,782762,3,1115,1118,completed,8
805,Rigid,781644,781647,782762,3,1115,1118,completed,8
806,Rigid,781644,781647,782762,3,1115,1118,completed,8
807,Rigid,781644,781647,782733,3,1086,1089,completed,8
808,Rigid,781644,781647,782760,3,1113,1116,completed,8
809,Rigid,781644,781647,782774,3,1127,1130,completed,8
810,Rigid,781644,781647,782774,3,1127,1130,completed,8
811,Rigid,781644,781647,782774,3,1127,1130,completed,8
812,Rigid,781645,781647,782781,2,1134,1136,completed,8
813,Rigid,781645,781647,782781,2,1134,1136,completed,8
814,Rigid,781645,781647,782781,2,1134,1136,completed,8
815,Rigid,781645,781647,782781,2,1134,1136,completed,8
816,Rigid,781645,781647,782774,2,1127,1129,completed,8
817,Rigid,781645,781647,782788,2,1141,1143,completed,8
818,Rigid,781645,781647,782782,2,1135,1137,completed,8
819,Rigid,781645,781647,782754,2,1107,1109,completed,8
820,Rigid,781645,781647,782754,2,1107,1109,completed,8
821,Rigid,781645,781647,782732,2,1085,1087,completed,8
822,Rigid,781645,781647,782717,2,1070,1072,completed,8
823,Rigid,781645,781647,782761,2,1114,1116,completed,8
824,Rigid,781645,781647,782761,2,1114,1116,completed,8
825,Rigid,781645,781647,782761,2,1114,1116,completed,8
826,Rigid,781645,781647,782761,2,1114,1116,completed,8
827,Rigid,781645,781647,782765,2,1118,1120,completed,8
828,Rigid,781645,781647,782757,2,1110,1112,completed,8
829,Rigid,781645,781647,782757,2,1110,1112,completed,8
830,Rigid,781645,781647,782757,2,1110,1112,completed,8
831,Rigid,781646,781647,782757,1,1110,1111,completed,8
832,Rigid,781646,781647,782792,1,1145,1146,completed,8
833,Rigid,781646,781647,782739,1,1092,1093,completed,8
834,Rigid,781646,781647,782766,1,1119,1120,completed,8
835,Rigid,781646,781647,782766,1,1119,1120,completed,8
836,Rigid,781646,781647,782766,1,1119,1120,completed,8
837,Rigid,781646,781647,782766,1,1119,1120,completed,8
838,Rigid,781646,781647,782786,1,1139,1140,completed,8
839,Rigid,781646,781647,782786,1,1139,1140,completed,8
840,Rigid,781646,781647,782755,1,1108,1109,completed,8
841,Rigid,781646,781647,782786,1,1139,1140,completed,8
842,Rigid,781646,781647,782770,1,1123,1124,completed,8
843,Rigid,781646,781647,782770,1,1123,1124,completed,8
844,Rigid,781646,781647,782741,1,1094,1095,completed,8
845,Rigid,781646,781647,782770,1,1123,1124,completed,8
846,Rigid,781646,781647,782781,1,1134,1135,completed,8
847,Rigid,781646,781647,782781,1,1134,1135,completed,8
848,Rigid,781646,781647,782781,1,1134,1135,completed,8
849,Rigid,781646,781647,782781,1,1134,1135,completed,8
850,Rigid,781646,781647,782754,1,1107,1108,completed,8
851,Rigid,781646,781647,782754,1,1107,1108,completed,8
852,Rigid,781646,781647,782754,1,1107,1108,completed,8
853,Rigid,781646,781647,782754,1,1107,1108,completed,8
854,Rigid,781646,781647,782763,1,1116,1117,completed,8
855,Rigid,781646,781647,782763,1,1116,1117,completed,8
856,Rigid,781646,781647,782763,1,1116,1117,completed,8
857,Rigid,781646,781647,782763,1,1116,1117,completed,8
858,Rigid,781646,781647,782762,1,1115,1116,completed,8
859,Rigid,781646,781647,782762,1,1115,1116,completed,8
860,Rigid,781646,781647,782762,1,1115,1116,completed,8
861,Rigid,781646,781647,782762,1,1115,1116,completed,8
862,Rigid,781646,781647,782764,1,1117,1118,completed,8
863,Rigid,781646,781647,782764,1,1117,1118,completed,8
864,Rigid,781646,781647,782764,1,1117,1118,completed,8
865,Rigid,781646,781647,782764,1,1117,1118,completed,8
866,Rigid,781646,781647,782782,1,1135,1136,completed,8
867,Rigid,781646,781647,782781,1,1134,1135,completed,8
868,Rigid,781647,781647,782781,0,1134,1134,completed,8
869,Rigid,781647,781647,782781,0,1134,1134,completed,8
870,Rigid,781647,781647,782767,0,1120,1120,completed,8
871,Rigid,781647,781647,782767,0,1120,1120,completed,8
872,Rigid,781647,781647,782761,0,1114,1114,completed,8
873,Rigid,781647,781647,782761,0,1114,1114,completed,8
874,Rigid,781647,781647,782761,0,1114,1114,completed,8
875,Rigid,781647,781651,782761,4,1110,1114,completed,8
876,Rigid,781647,781651,782782,4,1131,1135,completed,8
877,Rigid,781647,781651,782769,4,1118,1122,completed,8
878,Rigid,781648,781651,782759,3,1108,1111,completed,8
879,Rigid,781648,781651,782755,3,1104,1107,completed,8
880,Rigid,781648,781651,782753,3,1102,1105,completed,8
881,Rigid,781648,781651,782753,3,1102,1105,completed,8
882,Rigid,781648,781651,782753,3,1102,1105,completed,8
883,Rigid,781648,781651,782753,3,1102,1105,completed,8
884,Rigid,781648,781651,782760,3,1109,1112,completed,8
885,Rigid,781648,781651,782760,3,1109,1112,completed,8
886,Rigid,781648,781651,782760,3,1109,1112,completed,8
887,Rigid,781648,781651,782746,3,1095,1098,completed,8
888,Rigid,781648,781651,782770,3,1119,1122,completed,8
889,Rigid,781648,781651,782770,3,1119,1122,completed,8
890,Rigid,781648,781651,782770,3,1119,1122,completed,8
891,Rigid,781648,781651,782742,3,1091,1094,completed,8
892,Rigid,781649,781652,782754,3,1102,1105,completed,8
893,Rigid,781649,781746,782964,97,1218,1315,completed,8
894,Rigid,781649,781746,782938,97,1192,1289,completed,8
895,Rigid,781649,781746,782948,97,1202,1299,completed,8
896,Rigid,781649,781746,782925,97,1179,1276,completed,8
897,Rigid,781649,782093,783385,444,1292,1736,completed,8
898,Rigid,781649,782093,783401,444,1308,1752,completed,8
899,Rigid,781649,782093,783411,444,1318,1762,completed,8
900,Rigid,781649,782093,783366,444,1273,1717,completed,8
901,Rigid,781649,782093,783377,444,1284,1728,completed,8
902,Rigid,781649,782093,783436,444,1343,1787,completed,8
903,Rigid,781649,782093,783422,444,1329,1773,completed,8
904,Rigid,781649,782093,783418,444,1325,1769,completed,8
905,Rigid,781649,782615,783803,966,1188,2154,completed,8
906,Rigid,781649,782615,783803,966,1188,2154,completed,8
907,Rigid,781649,782615,783758,966,1143,2109,completed,8
908,Rigid,781649,782615,783803,966,1188,2154,completed,8
909,Rigid,781649,782655,783803,1006,1148,2154,completed,8
910,Rigid,781649,782655,783803,1006,1148,2154,completed,8
911,Rigid,781649,782655,783803,1006,1148,2154,completed,8
912,Rigid,781649,782655,783803,1006,1148,2154,completed,8
913,Rigid,781649,782655,783776,1006,1121,2127,completed,8
914,Rigid,781649,782655,783776,1006,1121,2127,completed,8
915,Rigid,781649,782655,783748,1006,1093,2099,completed,8
916,Rigid,781649,782655,783805,1006,1150,2156,completed,8
917,Rigid,781649,782655,783816,1006,1161,2167,completed,8
918,Rigid,781649,782655,783816,1006,1161,2167,completed,8
919,Rigid,781649,782655,783816,1006,1161,2167,completed,8
920,Rigid,781649,782655,783816,1006,1161,2167,completed,8
921,Rigid,781650,782655,783803,1005,1148,2153,completed,8
922,Rigid,781650,782655,783803,1005,1148,2153,completed,8
923,Rigid,781650,782655,783803,1005,1148,2153,completed,8
924,Rigid,781650,782655,783803,1005,1148,2153,completed,8
925,Rigid,781650,782655,783803,1005,1148,2153,completed,8
926,Rigid,781650,782655,783803,1005,1148,2153,completed,8
927,Rigid,781650,782655,783803,1005,1148,2153,completed,8
928,Rigid,781650,782655,783803,1005,1148,2153,completed,8
929,Rigid,781650,782655,783803,1005,1148,2153,completed,8
930,Rigid,781650,782655,783803,1005,1148,2153,completed,8
931,Rigid,781650,782655,783803,1005,1148,2153,completed,8
932,Rigid,781650,782655,783803,1005,1148,2153,completed,8
933,Rigid,781650,782655,783797,1005,1142,2147,completed,8
934,Rigid,781650,782655,783806,1005,1151,2156,completed,8
935,Rigid,781650,782655,783791,1005,1136,2141,completed,8
936,Rigid,781650,782655,783767,1005,1112,2117,completed,8
937,Rigid,781650,782655,783803,1005,1148,2153,completed,8
938,Rigid,781650,782655,783803,1005,1148,2153,completed,8
939,Rigid,781650,782655,783780,1005,1125,2130,completed,8
940,Rigid,781650,782655,783803,1005,1148,2153,completed,8
941,Rigid,781650,782655,783769,1005,1114,2119,completed,8
942,Rigid,781650,782655,783786,1005,1131,2136,completed,8
943,Rigid,781650,782655,783760,1005,1105,2110,completed,8
944,Rigid,781759,781760,781769,1,9,10,completed,2
945,Rigid,782082,782655,1128269,573,345614,346187,completed,36
946,Rigid,782082,782655,1128269,573,345614,346187,completed,36
947,Rigid,782082,782755,1128359,673,345604,346277,completed,36
948,Rigid,782082,782759,1128359,677,345600,346277,completed,36
949,Rigid,782082,782761,1128389,679,345628,346307,completed,36
950,Rigid,782344,782345,797328,1,14983,14984,completed,1
951,Rigid,782345,782655,783737,310,1082,1392,completed,36
952,Rigid,782356,782655,783737,299,1082,1381,completed,36
953,Rigid,782363,782655,783737,292,1082,1374,completed,36
954,Rigid,782371,782655,783737,284,1082,1366,completed,36
955,Rigid,782386,782655,783737,269,1082,1351,completed,36
956,Rigid,782538,785016,957820,2478,172804,175282,completed,36
957,Rigid,782539,785016,957820,2477,172804,175281,completed,36
958,Rigid,782539,785016,957820,2477,172804,175281,completed,36
959,Rigid,782539,785046,875603,2507,90557,93064,completed,36
960,Rigid,782539,785136,877520,2597,92384,94981,completed,36
961,Rigid,782539,785220,879923,2681,94703,97384,completed,36
962,Rigid,782539,785224,958030,2685,172806,175491,completed,36
963,Rigid,782539,785224,958030,2685,172806,175491,completed,36
964,Rigid,782539,785235,958060,2696,172825,175521,completed,36
965,Rigid,782539,785238,874800,2699,89562,92261,completed,36
966,Rigid,782539,785239,879923,2700,94684,97384,completed,36
967,Rigid,782539,785242,876300,2703,91058,93761,completed,36
968,Rigid,782539,785242,958060,2703,172818,175521,completed,36
969,Rigid,782539,785242,958060,2703,172818,175521,completed,36
970,Rigid,782539,785547,958360,3008,172813,175821,completed,36
971,Rigid,782539,786311,878023,3772,91712,95484,completed,36
972,Rigid,782539,786402,874375,3863,87973,91836,completed,36
973,Rigid,782539,787184,881235,4645,94051,98696,completed,36
974,Rigid,782539,806386,979211,23847,172825,196672,completed,36
975,Rigid,782539,806409,979211,23870,172802,196672,completed,36
976,Rigid,782540,806455,979271,23915,172816,196731,completed,36
977,Rigid,782540,806524,896425,23984,89901,113885,completed,36
978,Rigid,782540,806532,899580,23992,93048,117040,completed,36
979,Rigid,782540,806532,901479,23992,94947,118939,completed,36
980,Rigid,782540,806532,979361,23992,172829,196821,completed,36
981,Rigid,782540,806532,979361,23992,172829,196821,completed,36
982,Rigid,782540,806532,979361,23992,172829,196821,completed,36
983,Rigid,782540,806532,893613,23992,87081,111073,completed,36
984,Rigid,782540,806532,897608,23992,91076,115068,completed,36
985,Rigid,782540,806533,897258,23993,90725,114718,completed,36
986,Rigid,782540,806533,979361,23993,172828,196821,completed,36
987,Rigid,782540,806533,979361,23993,172828,196821,completed,36
988,Rigid,782540,806533,979361,23993,172828,196821,completed,36
989,Rigid,782540,807005,891620,24465,84615,109080,completed,36
990,Rigid,782540,807098,895116,24558,88018,112576,completed,36
991,Rigid,782540,807406,896349,24866,88943,113809,completed,36
992,Rigid,782540,927177,1099979,144637,172802,317439,completed,36
993,Rigid,782540,927255,1100069,144715,172814,317529,completed,36
994,Rigid,782540,927315,1100129,144775,172814,317589,completed,36
995,Rigid,782540,927346,1022694,144806,95348,240154,completed,36
996,Rigid,782540,927404,1020098,144864,92694,237558,completed,36
997,Rigid,782540,927405,1021417,144865,94012,238877,completed,36
998,Rigid,782540,927434,1100249,144894,172815,317709,completed,36
999,Rigid,782540,927522,1100339,144982,172817,317799,completed,36
1000,Rigid,782540,927707,1100519,145167,172812,317979,completed,36
1001,Rigid,782540,927764,1021234,145224,93470,238694,completed,36
1002,Rigid,782540,927807,1026497,145267,98690,243957,completed,36
1003,Rigid,782540,927861,1022200,145321,94339,239660,completed,36
1004,Rigid,782545,927932,1100759,145387,172827,318214,completed,36
1005,Rigid,782545,927944,1100759,145399,172815,318214,completed,36
1006,Rigid,782545,927945,1100759,145400,172814,318214,completed,36
1007,Rigid,782545,928069,1015527,145524,87458,232982,completed,36
1008,Rigid,782545,928105,1015237,145560,87132,232692,completed,36
1009,Rigid,782545,928138,1018442,145593,90304,235897,completed,36
1010,Rigid,782545,957833,1130642,175288,172809,348097,completed,36
1011,Rigid,782545,957833,1130642,175288,172809,348097,completed,36
1012,Rigid,782545,957833,1130642,175288,172809,348097,completed,36
1013,Rigid,782546,958053,1047387,175507,89334,264841,completed,36
1014,Rigid,782546,958053,1051845,175507,93792,269299,completed,36
1015,Rigid,782546,958063,1048022,175517,89959,265476,completed,36
1016,Rigid,782607,782608,782632,1,24,25,completed,1
1017,Rigid,782693,782755,782831,62,76,138,completed,72
1018,Rigid,782736,782737,784030,1,1293,1294,completed,8
1019,Rigid,782740,782740,784043,0,1303,1303,completed,8
1020,Rigid,782741,782743,784028,2,1285,1287,completed,8
1021,Rigid,782742,782743,784014,1,1271,1272,completed,8
1022,Rigid,782742,782743,784055,1,1312,1313,completed,8
1023,Rigid,782743,782745,784009,2,1264,1266,completed,8
1024,Rigid,782745,782745,784032,0,1287,1287,completed,8
1025,Rigid,782749,782753,784037,4,1284,1288,completed,8
1026,Rigid,782749,782753,784057,4,1304,1308,completed,8
1027,Rigid,782765,782766,784030,1,1264,1265,completed,8
1028,Rigid,782766,782766,784030,0,1264,1264,completed,8
1029,Rigid,782766,782766,784030,0,1264,1264,completed,8
1030,Rigid,782766,782766,784043,0,1277,1277,completed,8
1031,Rigid,782766,782767,784057,1,1290,1291,completed,8
1032,Rigid,782766,782767,784038,1,1271,1272,completed,8
1033,Rigid,782766,782767,784038,1,1271,1272,completed,8
1034,Rigid,782766,782767,784038,1,1271,1272,completed,8
1035,Rigid,782766,782767,784011,1,1244,1245,completed,8
1036,Rigid,782766,782767,784037,1,1270,1271,completed,8
1037,Rigid,782766,782767,784037,1,1270,1271,completed,8
1038,Rigid,782767,782767,784009,0,1242,1242,completed,8
1039,Rigid,782767,782767,784037,0,1270,1270,completed,8
1040,Rigid,782767,782767,784038,0,1271,1271,completed,8
1041,Rigid,782767,782767,784038,0,1271,1271,completed,8
1042,Rigid,782767,782767,784038,0,1271,1271,completed,8
1043,Rigid,782767,782767,784038,0,1271,1271,completed,8
1044,Rigid,782767,782768,784030,1,1262,1263,completed,8
1045,Rigid,782767,782768,784030,1,1262,1263,completed,8
1046,Rigid,782768,782768,784030,0,1262,1262,completed,8
1047,Rigid,782768,782768,784016,0,1248,1248,completed,8
1048,Rigid,782768,782768,784035,0,1267,1267,completed,8
1049,Rigid,782768,782768,784035,0,1267,1267,completed,8
1050,Rigid,782768,782768,784035,0,1267,1267,completed,8
1051,Rigid,782768,782768,784035,0,1267,1267,completed,8
1052,Rigid,782768,782769,784043,1,1274,1275,completed,8
1053,Rigid,782768,782769,784043,1,1274,1275,completed,8
1054,Rigid,782768,782769,784035,1,1266,1267,completed,8
1055,Rigid,782768,782769,784035,1,1266,1267,completed,8
1056,Rigid,782769,782769,784035,0,1266,1266,completed,8
1057,Rigid,782769,782769,784035,0,1266,1266,completed,8
1058,Rigid,782769,782770,784043,1,1273,1274,completed,8
1059,Rigid,782769,782770,784043,1,1273,1274,completed,8
1060,Rigid,782769,782770,784013,1,1243,1244,completed,8
1061,Rigid,782770,782770,784020,0,1250,1250,completed,8
1062,Rigid,782770,782770,784030,0,1260,1260,completed,8
1063,Rigid,782770,782770,784037,0,1267,1267,completed,8
1064,Rigid,782770,782770,784030,0,1260,1260,completed,8
1065,Rigid,782770,782770,784030,0,1260,1260,completed,8
1066,Rigid,782770,782770,784048,0,1278,1278,completed,8
1067,Rigid,782770,782771,784049,1,1278,1279,completed,8
1068,Rigid,782770,782771,784049,1,1278,1279,completed,8
1069,Rigid,782770,782771,784049,1,1278,1279,completed,8
1070,Rigid,782770,782771,784049,1,1278,1279,completed,8
1071,Rigid,782771,782771,784035,0,1264,1264,completed,8
1072,Rigid,782771,782771,784035,0,1264,1264,completed,8
1073,Rigid,782771,782771,784035,0,1264,1264,completed,8
1074,Rigid,782771,782771,784009,0,1238,1238,completed,8
1075,Rigid,782772,782773,784042,1,1269,1270,completed,8
1076,Rigid,782773,782773,784042,0,1269,1269,completed,8
1077,Rigid,782773,782773,784042,0,1269,1269,completed,8
1078,Rigid,782773,782773,784032,0,1259,1259,completed,8
1079,Rigid,782773,782773,784032,0,1259,1259,completed,8
1080,Rigid,782773,782773,784042,0,1269,1269,completed,8
1081,Rigid,782773,782774,784047,1,1273,1274,completed,8
1082,Rigid,782773,782774,784047,1,1273,1274,completed,8
1083,Rigid,782773,782774,784047,1,1273,1274,completed,8
1084,Rigid,782773,782774,784047,1,1273,1274,completed,8
1085,Rigid,782774,782774,784044,0,1270,1270,completed,8
1086,Rigid,782774,782774,784044,0,1270,1270,completed,8
1087,Rigid,782774,782774,784044,0,1270,1270,completed,8
1088,Rigid,782774,782774,784044,0,1270,1270,completed,8
1089,Rigid,782774,782774,784037,0,1263,1263,completed,8
1090,Rigid,782774,782774,784037,0,1263,1263,completed,8
1091,Rigid,782774,782775,784030,1,1255,1256,completed,8
1092,Rigid,782774,782775,784058,1,1283,1284,completed,8
1093,Rigid,782775,782775,784037,0,1262,1262,completed,8
1094,Rigid,782775,782775,784037,0,1262,1262,completed,8
1095,Rigid,782775,782775,784028,0,1253,1253,completed,8
1096,Rigid,782775,782776,784018,1,1242,1243,completed,8
1097,Rigid,782776,782776,784038,0,1262,1262,completed,8
1098,Rigid,782776,782776,784049,0,1273,1273,completed,8
1099,Rigid,782776,782776,784049,0,1273,1273,completed,8
1100,Rigid,782776,782776,784049,0,1273,1273,completed,8
1101,Rigid,782776,782776,784038,0,1262,1262,completed,8
1102,Rigid,782776,782776,784038,0,1262,1262,completed,8
1103,Rigid,782776,782776,784038,0,1262,1262,completed,8
1104,Rigid,782776,782776,784009,0,1233,1233,completed,8
1105,Rigid,782776,782776,784057,0,1281,1281,completed,8
1106,Rigid,782776,782779,784044,3,1265,1268,completed,8
1107,Rigid,782776,782779,784044,3,1265,1268,completed,8
1108,Rigid,782777,782779,784037,2,1258,1260,completed,8
1109,Rigid,782777,782779,784037,2,1258,1260,completed,8
1110,Rigid,782777,782779,784037,2,1258,1260,completed,8
1111,Rigid,782777,782779,784037,2,1258,1260,completed,8
1112,Rigid,782777,782779,784033,2,1254,1256,completed,8
1113,Rigid,782777,782779,784033,2,1254,1256,completed,8
1114,Rigid,782778,782779,784009,1,1230,1231,completed,8
1115,Rigid,782778,782779,784033,1,1254,1255,completed,8
1116,Rigid,782778,782779,784043,1,1264,1265,completed,8
1117,Rigid,782778,782779,784043,1,1264,1265,completed,8
1118,Rigid,782778,782779,784043,1,1264,1265,completed,8
1119,Rigid,782778,782779,784043,1,1264,1265,completed,8
1120,Rigid,782778,782779,784047,1,1268,1269,completed,8
1121,Rigid,782778,782779,784047,1,1268,1269,completed,8
1122,Rigid,782779,782779,784047,0,1268,1268,completed,8
1123,Rigid,782779,782779,784047,0,1268,1268,completed,8
1124,Rigid,782779,782779,784055,0,1276,1276,completed,8
1125,Rigid,782779,782780,784031,1,1251,1252,completed,8
1126,Rigid,782779,782780,784055,1,1275,1276,completed,8
1127,Rigid,782779,782780,784057,1,1277,1278,completed,8
1128,Rigid,782779,782780,784057,1,1277,1278,completed,8
1129,Rigid,782779,782782,784049,3,1267,1270,completed,8
1130,Rigid,782804,782805,784048,1,1243,1244,completed,8
1131,Rigid,782805,782805,784048,0,1243,1243,completed,8
1132,Rigid,782805,782805,784048,0,1243,1243,completed,8
1133,Rigid,782805,782805,784049,0,1244,1244,completed,8
1134,Rigid,782805,782805,784049,0,1244,1244,completed,8
1135,Rigid,782805,782805,784049,0,1244,1244,completed,8
1136,Rigid,782805,782805,784049,0,1244,1244,completed,8
1137,Rigid,782805,782805,784048,0,1243,1243,completed,8
1138,Rigid,782806,782809,784052,3,1243,1246,completed,8
1139,Rigid,782806,782809,784041,3,1232,1235,completed,8
1140,Rigid,782806,782809,784048,3,1239,1242,completed,8
1141,Rigid,782806,782809,784048,3,1239,1242,completed,8
1142,Rigid,782806,782809,784048,3,1239,1242,completed,8
1143,Rigid,782806,782809,784048,3,1239,1242,completed,8
1144,Rigid,782806,782809,784051,3,1242,1245,completed,8
1145,Rigid,782806,782809,784051,3,1242,1245,completed,8
1146,Rigid,782806,782809,784026,3,1217,1220,completed,8
1147,Rigid,782806,782809,784051,3,1242,1245,completed,8
1148,Rigid,782806,782833,784030,27,1197,1224,completed,8
1149,Rigid,782807,782833,784030,26,1197,1223,completed,8
1150,Rigid,782807,782833,784030,26,1197,1223,completed,8
1151,Rigid,782807,782833,784030,26,1197,1223,completed,8
1152,Rigid,782807,782833,784030,26,1197,1223,completed,8
1153,Rigid,782807,782833,784030,26,1197,1223,completed,8
1154,Rigid,782807,782833,784030,26,1197,1223,completed,8
1155,Rigid,782807,782833,784030,26,1197,1223,completed,8
1156,Rigid,782807,782926,784042,119,1116,1235,completed,8
1157,Rigid,782807,782940,784042,133,1102,1235,completed,8
1158,Rigid,782807,782949,784042,142,1093,1235,completed,8
1159,Rigid,782808,782965,784042,157,1077,1234,completed,8
1160,Rigid,782808,783367,784542,559,1175,1734,completed,8
1161,Rigid,782808,783378,784591,570,1213,1783,completed,8
1162,Rigid,782808,783386,784576,578,1190,1768,completed,8
1163,Rigid,782808,783402,784576,594,1174,1768,completed,8
1164,Rigid,782808,783412,784566,604,1154,1758,completed,8
1165,Rigid,782808,783419,784518,611,1099,1710,completed,8
1166,Rigid,782808,783423,784554,615,1131,1746,completed,8
1167,Rigid,782926,783437,784528,511,1091,1602,completed,8
1168,Rigid,782947,782948,783024,1,76,77,completed,1
1169,Rigid,782955,783750,784851,795,1101,1896,completed,8
1170,Rigid,782955,783759,784803,804,1044,1848,completed,8
1171,Rigid,782984,783761,784837,777,1076,1853,completed,8
1172,Rigid,783005,783005,783151,0,146,146,completed,1
1173,Rigid,783063,783064,783070,1,6,7,completed,2
1174,Rigid,783076,783076,783117,0,41,41,completed,1
1175,Rigid,783133,783805,783809,672,4,676,completed,36
1176,Rigid,783145,783810,783816,665,6,671,completed,36
1177,Rigid,783150,784032,784057,882,25,907,completed,36
1178,Rigid,783193,783194,783208,1,14,15,completed,1
1179,Rigid,783274,783285,786368,11,3083,3094,completed,1
1180,Rigid,783362,783804,784316,442,512,954,completed,144
1181,Rigid,783395,783768,784987,373,1219,1592,completed,8
1182,Rigid,783397,783770,784856,373,1086,1459,completed,8
1183,Rigid,783397,783777,784872,380,1095,1475,completed,8
1184,Rigid,783423,783777,784872,354,1095,1449,completed,8
1185,Rigid,783424,783777,784818,353,1041,1394,completed,8
1186,Rigid,783430,783777,784872,347,1095,1442,completed,8
1187,Rigid,783430,783777,784872,347,1095,1442,completed,8
1188,Rigid,783452,783777,784844,325,1067,1392,completed,8
1189,Rigid,783494,783494,783540,0,46,46,completed,1
1190,Rigid,783554,783554,783620,0,66,66,completed,1
1191,Rigid,783753,783778,784808,25,1030,1055,completed,8
1192,Rigid,783780,784039,787176,259,3137,3396,completed,36
1193,Rigid,783782,783784,784988,2,1204,1206,completed,8
1194,Rigid,783782,783784,785002,2,1218,1220,completed,8
1195,Rigid,783782,783784,785002,2,1218,1220,completed,8
1196,Rigid,783785,783785,784954,0,1169,1169,completed,8
1197,Rigid,783785,783787,784872,2,1085,1087,completed,8
1198,Rigid,783785,783787,784975,2,1188,1190,completed,8
1199,Rigid,783785,783787,785010,2,1223,1225,completed,8
1200,Rigid,783804,784044,815072,240,31028,31268,completed,36
1201,Rigid,783810,784046,814462,236,30416,30652,completed,36
1202,Rigid,783811,783814,784996,3,1182,1185,completed,8
1203,Rigid,783811,783814,785011,3,1197,1200,completed,8
1204,Rigid,783811,783814,785011,3,1197,1200,completed,8
1205,Rigid,783811,783814,785013,3,1199,1202,completed,8
1206,Rigid,783811,783814,784975,3,1161,1164,completed,8
1207,Rigid,783811,783814,785015,3,1201,1204,completed,8
1208,Rigid,783812,783814,785000,2,1186,1188,completed,8
1209,Rigid,783812,783814,785002,2,1188,1190,completed,8
1210,Rigid,783812,783814,785002,2,1188,1190,completed,8
1211,Rigid,783812,783814,785002,2,1188,1190,completed,8
1212,Rigid,783812,783814,785010,2,1196,1198,completed,8
1213,Rigid,783812,783814,784996,2,1182,1184,completed,8
1214,Rigid,783812,783814,785010,2,1196,1198,completed,8
1215,Rigid,783813,783814,784983,1,1169,1170,completed,8
1216,Rigid,783813,783814,784983,1,1169,1170,completed,8
1217,Rigid,783813,783814,784969,1,1155,1156,completed,8
1218,Rigid,783813,783817,785017,4,1200,1204,completed,8
1219,Rigid,783813,783817,785004,4,1187,1191,completed,8
1220,Rigid,783814,783817,784977,3,1160,1163,completed,8
1221,Rigid,783814,783817,784992,3,1175,1178,completed,8
1222,Rigid,783814,783818,785010,4,1192,1196,completed,8
1223,Rigid,783814,783818,785010,4,1192,1196,completed,8
1224,Rigid,783814,783818,785010,4,1192,1196,completed,8
1225,Rigid,783814,783818,785010,4,1192,1196,completed,8
1226,Rigid,783814,784010,785218,196,1208,1404,completed,8
1227,Rigid,783814,784010,785214,196,1204,1400,completed,8
1228,Rigid,783814,784010,785184,196,1174,1370,completed,8
1229,Rigid,783814,784059,814704,245,30645,30890,completed,36
1230,Rigid,783819,784059,814613,240,30554,30794,completed,36
1231,Rigid,783842,784010,785215,168,1205,1373,completed,8
1232,Rigid,783842,784010,785196,168,1186,1354,completed,8
1233,Rigid,783842,784012,785216,170,1204,1374,completed,8
1234,Rigid,783842,784015,785191,173,1176,1349,completed,8
1235,Rigid,783980,784032,784058,52,26,78,completed,36
1236,Rigid,783995,784038,784080,43,42,85,completed,36
1237,Rigid,784010,784039,784041,29,2,31,completed,36
1238,Rigid,784012,784015,785223,3,1208,1211,completed,8
1239,Rigid,784015,784017,785206,2,1189,1191,completed,8
1240,Rigid,784016,784019,785216,3,1197,1200,completed,8
1241,Rigid,784018,784021,785218,3,1197,1200,completed,8
1242,Rigid,784018,784027,785240,9,1213,1222,completed,8
1243,Rigid,784036,784037,785206,1,1169,1170,completed,8
1244,Rigid,784037,784038,785208,1,1170,1171,completed,8
1245,Rigid,784037,784038,785237,1,1199,1200,completed,8
1246,Rigid,784037,784038,785206,1,1168,1169,completed,8
1247,Rigid,784037,784038,785206,1,1168,1169,completed,8
1248,Rigid,784037,784038,785206,1,1168,1169,completed,8
1249,Rigid,784037,784038,785206,1,1168,1169,completed,8
1250,Rigid,784037,784038,785206,1,1168,1169,completed,8
1251,Rigid,784037,784038,785206,1,1168,1169,completed,8
1252,Rigid,784038,784038,785216,0,1178,1178,completed,8
1253,Rigid,784038,784038,785216,0,1178,1178,completed,8
1254,Rigid,784039,784039,785218,0,1179,1179,completed,8
1255,Rigid,784039,784039,785218,0,1179,1179,completed,8
1256,Rigid,784039,784039,785218,0,1179,1179,completed,8
1257,Rigid,784039,784039,785216,0,1177,1177,completed,8
1258,Rigid,784039,784039,785216,0,1177,1177,completed,8
1259,Rigid,784039,784040,785189,1,1149,1150,completed,8
1260,Rigid,784040,784040,785194,0,1154,1154,completed,8
1261,Rigid,784040,784041,785216,1,1175,1176,completed,8
1262,Rigid,784040,784041,785217,1,1176,1177,completed,8
1263,Rigid,784040,784041,785217,1,1176,1177,completed,8
1264,Rigid,784040,784041,785217,1,1176,1177,completed,8
1265,Rigid,784040,784041,785189,1,1148,1149,completed,8
1266,Rigid,784040,784041,785215,1,1174,1175,completed,8
1267,Rigid,784040,784041,785215,1,1174,1175,completed,8
1268,Rigid,784040,784041,785215,1,1174,1175,completed,8
1269,Rigid,784040,784041,785215,1,1174,1175,completed,8
1270,Rigid,784040,784041,785206,1,1165,1166,completed,8
1271,Rigid,784041,784041,785206,0,1165,1165,completed,8
1272,Rigid,784041,784041,785206,0,1165,1165,completed,8
1273,Rigid,784041,784041,785206,0,1165,1165,completed,8
1274,Rigid,784041,784041,785200,0,1159,1159,completed,8
1275,Rigid,784041,784041,785221,0,1180,1180,completed,8
1276,Rigid,784041,784041,785214,0,1173,1173,completed,8
1277,Rigid,784041,784041,785214,0,1173,1173,completed,8
1278,Rigid,784041,784042,785185,1,1143,1144,completed,8
1279,Rigid,784041,784042,785215,1,1173,1174,completed,8
1280,Rigid,784041,784042,785215,1,1173,1174,completed,8
1281,Rigid,784042,784042,785215,0,1173,1173,completed,8
1282,Rigid,784042,784042,785206,0,1164,1164,completed,8
1283,Rigid,784042,784042,785206,0,1164,1164,completed,8
1284,Rigid,784042,784042,785184,0,1142,1142,completed,8
1285,Rigid,784042,784042,785230,0,1188,1188,completed,8
1286,Rigid,784042,784042,785233,0,1191,1191,completed,8
1287,Rigid,784042,784043,785211,1,1168,1169,completed,8
1288,Rigid,784043,784043,785211,0,1168,1168,completed,8
1289,Rigid,784043,784044,785211,1,1167,1168,completed,8
1290,Rigid,784043,784044,785184,1,1140,1141,completed,8
1291,Rigid,784043,784044,785223,1,1179,1180,completed,8
1292,Rigid,784043,784044,785223,1,1179,1180,completed,8
1293,Rigid,784044,784044,785218,0,1174,1174,completed,8
1294,Rigid,784044,784044,785218,0,1174,1174,completed,8
1295,Rigid,784044,784045,785223,1,1178,1179,completed,8
1296,Rigid,784045,784045,785223,0,1178,1178,completed,8
1297,Rigid,784045,784045,785223,0,1178,1178,completed,8
1298,Rigid,784045,784045,785223,0,1178,1178,completed,8
1299,Rigid,784045,784045,785223,0,1178,1178,completed,8
1300,Rigid,784045,784045,785206,0,1161,1161,completed,8
1301,Rigid,784045,784045,785221,0,1176,1176,completed,8
1302,Rigid,784045,784045,785221,0,1176,1176,completed,8
1303,Rigid,784046,784048,785198,2,1150,1152,completed,8
1304,Rigid,784046,784048,785194,2,1146,1148,completed,8
1305,Rigid,784046,784048,785230,2,1182,1184,completed,8
1306,Rigid,784046,784048,785230,2,1182,1184,completed,8
1307,Rigid,784046,784048,785219,2,1171,1173,completed,8
1308,Rigid,784046,784048,785219,2,1171,1173,completed,8
1309,Rigid,784046,784048,785219,2,1171,1173,completed,8
1310,Rigid,784047,784048,785219,1,1171,1172,completed,8
1311,Rigid,784047,784049,785226,2,1177,1179,completed,8
1312,Rigid,784047,784050,784059,3,9,12,completed,36
1313,Rigid,784047,784049,785226,2,1177,1179,completed,8
1314,Rigid,784047,784049,785213,2,1164,1166,completed,8
1315,Rigid,784047,784049,785226,2,1177,1179,completed,8
1316,Rigid,784047,784049,785231,2,1182,1184,completed,8
1317,Rigid,784047,784049,785237,2,1188,1190,completed,8
1318,Rigid,784047,784049,785237,2,1188,1190,completed,8
1319,Rigid,784048,784049,785213,1,1164,1165,completed,8
1320,Rigid,784048,784049,785237,1,1188,1189,completed,8
1321,Rigid,784048,784050,785234,2,1184,1186,completed,8
1322,Rigid,784048,784050,785234,2,1184,1186,completed,8
1323,Rigid,784048,784050,785234,2,1184,1186,completed,8
1324,Rigid,784048,784050,785208,2,1158,1160,completed,8
1325,Rigid,784048,784050,785237,2,1187,1189,completed,8
1326,Rigid,784048,784050,785237,2,1187,1189,completed,8
1327,Rigid,784048,784050,785237,2,1187,1189,completed,8
1328,Rigid,784048,784050,785226,2,1176,1178,completed,8
1329,Rigid,784048,784050,785236,2,1186,1188,completed,8
1330,Rigid,784071,784075,784076,4,1,5,completed,1
1331,Rigid,784072,784075,785237,3,1162,1165,completed,8
1332,Rigid,784073,784075,785225,2,1150,1152,completed,8
1333,Rigid,784073,784075,785225,2,1150,1152,completed,8
1334,Rigid,784073,784075,785225,2,1150,1152,completed,8
1335,Rigid,784073,784075,785199,2,1124,1126,completed,8
1336,Rigid,784073,784075,785236,2,1161,1163,completed,8
1337,Rigid,784073,784075,785236,2,1161,1163,completed,8
1338,Rigid,784073,784075,785236,2,1161,1163,completed,8
1339,Rigid,784073,784075,785217,2,1142,1144,completed,8
1340,Rigid,784124,784124,784208,0,84,84,completed,36
1341,Rigid,784134,784134,784280,0,146,146,completed,36
1342,Rigid,784188,784210,784437,22,227,249,completed,36
1343,Rigid,784200,784281,784755,81,474,555,completed,36
1344,Rigid,784214,784318,785152,104,834,938,completed,36
1345,Rigid,784315,784318,784371,3,53,56,completed,8
1346,Rigid,784321,784321,784443,0,122,122,completed,1
1347,Rigid,784419,784420,784810,1,390,391,completed,1
1348,Rigid,784421,784424,785546,3,1122,1125,completed,6
1349,Rigid,784494,784494,784502,0,8,8,completed,2
1350,Rigid,784503,784503,785109,0,606,606,completed,8
1351,Rigid,784565,784566,784569,1,3,4,completed,2
1352,Rigid,784583,784584,784608,1,24,25,completed,72
1353,Rigid,784754,784754,864694,0,79940,79940,completed,72
1354,Rigid,784958,784959,785168,1,209,210,completed,1
1355,Rigid,785042,785043,785096,1,53,54,completed,1
1356,Rigid,785257,785258,785486,1,228,229,completed,1
1357,Rigid,785339,785340,785348,1,8,9,completed,2
1358,Rigid,785466,785467,788092,1,2625,2626,completed,1
1359,Rigid,785526,785526,787188,0,1662,1662,completed,1
1360,Rigid,785853,785853,788405,0,2552,2552,completed,1
1361,Rigid,786215,789155,820546,2940,31391,34331,completed,72
1362,Rigid,786271,786281,786924,10,643,653,completed,8
1363,Rigid,786288,786311,786315,23,4,27,completed,2
1364,Rigid,786444,786462,786512,18,50,68,completed,1
1365,Rigid,786611,786612,786777,1,165,166,completed,1
1366,Rigid,786679,786679,789374,0,2695,2695,completed,6
1367,Rigid,786679,786680,788547,1,1867,1868,completed,1
1368,Rigid,786679,786680,788032,1,1352,1353,completed,8
1369,Rigid,786680,786684,789676,4,2992,2996,completed,16
1370,Rigid,786745,786763,786767,18,4,22,completed,2
1371,Rigid,786818,786819,788024,1,1205,1206,completed,8
1372,Rigid,786818,786819,787989,1,1170,1171,completed,8
1373,Rigid,786818,786819,788001,1,1182,1183,completed,8
1374,Rigid,786818,786819,788018,1,1199,1200,completed,8
1375,Rigid,786818,786819,788018,1,1199,1200,completed,8
1376,Rigid,786818,786819,788018,1,1199,1200,completed,8
1377,Rigid,786818,786819,788018,1,1199,1200,completed,8
1378,Rigid,786818,786819,788017,1,1198,1199,completed,8
1379,Rigid,786819,786819,788017,0,1198,1198,completed,8
1380,Rigid,786819,786819,788017,0,1198,1198,completed,8
1381,Rigid,786819,786819,787977,0,1158,1158,completed,8
1382,Rigid,786819,786819,788018,0,1199,1199,completed,8
1383,Rigid,786819,786819,788018,0,1199,1199,completed,8
1384,Rigid,786819,786819,788018,0,1199,1199,completed,8
1385,Rigid,786819,786819,788018,0,1199,1199,completed,8
1386,Rigid,786819,786819,788020,0,1201,1201,completed,8
1387,Rigid,786819,786819,788020,0,1201,1201,completed,8
1388,Rigid,786819,786819,788005,0,1186,1186,completed,8
1389,Rigid,786819,786819,787994,0,1175,1175,completed,8
1390,Rigid,786819,786819,788018,0,1199,1199,completed,8
1391,Rigid,786819,786819,788018,0,1199,1199,completed,8
1392,Rigid,786819,786819,787989,0,1170,1170,completed,8
1393,Rigid,786819,786819,788018,0,1199,1199,completed,8
1394,Rigid,786819,786823,788017,4,1194,1198,completed,8
1395,Rigid,786819,786823,788017,4,1194,1198,completed,8
1396,Rigid,786819,786823,788002,4,1179,1183,completed,8
1397,Rigid,786819,786823,788017,4,1194,1198,completed,8
1398,Rigid,786820,786823,788018,3,1195,1198,completed,8
1399,Rigid,786820,786823,788018,3,1195,1198,completed,8
1400,Rigid,786820,786823,788018,3,1195,1198,completed,8
1401,Rigid,786820,786823,788018,3,1195,1198,completed,8
1402,Rigid,786820,786823,788021,3,1198,1201,completed,8
1403,Rigid,786820,786823,788021,3,1198,1201,completed,8
1404,Rigid,786820,786823,788021,3,1198,1201,completed,8
1405,Rigid,786820,786823,788000,3,1177,1180,completed,8
1406,Rigid,786820,786823,788018,3,1195,1198,completed,8
1407,Rigid,786821,786823,787974,2,1151,1153,completed,8
1408,Rigid,786821,786823,787996,2,1173,1175,completed,8
1409,Rigid,786821,786823,788018,2,1195,1197,completed,8
1410,Rigid,786821,786823,788019,2,1196,1198,completed,8
1411,Rigid,786821,786823,788019,2,1196,1198,completed,8
1412,Rigid,786821,786823,788019,2,1196,1198,completed,8
1413,Rigid,786821,786823,788019,2,1196,1198,completed,8
1414,Rigid,786821,786823,787991,2,1168,1170,completed,8
1415,Rigid,786821,786823,788017,2,1194,1196,completed,8
1416,Rigid,786821,786823,788017,2,1194,1196,completed,8
1417,Rigid,786821,786823,788017,2,1194,1196,completed,8
1418,Rigid,786821,786823,788022,2,1199,1201,completed,8
1419,Rigid,786821,786823,788022,2,1199,1201,completed,8
1420,Rigid,786821,786823,787982,2,1159,1161,completed,8
1421,Rigid,786910,786913,792182,3,5269,5272,completed,1
1422,Rigid,786917,786943,788869,26,1926,1952,completed,1
1423,Rigid,787009,787034,790382,25,3348,3373,completed,1
1424,Rigid,787052,787064,787720,12,656,668,completed,8
1425,Rigid,787081,787094,790400,13,3306,3319,completed,1
1426,Rigid,787206,787214,787223,8,9,17,completed,2
1427,Rigid,787345,787365,790382,20,3017,3037,completed,1
1428,Rigid,787441,787455,787459,14,4,18,completed,2
1429,Rigid,788018,788019,788038,1,19,20,completed,1
1430,Rigid,788037,788038,788049,1,11,12,completed,1
1431,Rigid,788038,788038,788127,0,89,89,completed,1
1432,Rigid,788039,788039,788057,0,18,18,completed,2
1433,Rigid,788058,788058,791230,0,3172,3172,completed,6
1434,Rigid,788058,788058,792208,0,4150,4150,completed,6
1435,Rigid,788058,788058,791480,0,3422,3422,completed,6
1436,Rigid,788058,788058,792517,0,4459,4459,completed,6
1437,Rigid,788058,788058,792365,0,4307,4307,completed,6
1438,Rigid,788058,788058,792362,0,4304,4304,completed,6
1439,Rigid,788058,788058,791221,0,3163,3163,completed,6
1440,Rigid,788058,788058,792049,0,3991,3991,completed,6
1441,Rigid,788058,788062,791966,4,3904,3908,completed,6
1442,Rigid,788059,788062,792184,3,4122,4125,completed,6
1443,Rigid,788059,788062,791917,3,3855,3858,completed,6
1444,Rigid,788059,788062,788106,3,44,47,completed,2
1445,Rigid,788059,788062,791080,3,3018,3021,completed,6
1446,Rigid,788059,788062,792045,3,3983,3986,completed,6
1447,Rigid,788059,788062,788107,3,45,48,completed,2
1448,Rigid,788059,788062,791977,3,3915,3918,completed,6
1449,Rigid,788059,788062,791060,3,2998,3001,completed,6
1450,Rigid,788059,788062,788106,3,44,47,completed,2
1451,Rigid,788059,788062,791988,3,3926,3929,completed,6
1452,Rigid,788059,788062,792025,3,3963,3966,completed,6
1453,Rigid,788059,788062,791987,3,3925,3928,completed,6
1454,Rigid,788059,788062,791192,3,3130,3133,completed,6
1455,Rigid,788059,788062,791198,3,3136,3139,completed,6
1456,Rigid,788059,788062,792254,3,4192,4195,completed,6
1457,Rigid,788060,788062,791183,2,3121,3123,completed,6
1458,Rigid,788060,788062,792051,2,3989,3991,completed,6
1459,Rigid,788060,788062,792006,2,3944,3946,completed,6
1460,Rigid,788060,788062,792352,2,4290,4292,completed,6
1461,Rigid,788060,788062,791169,2,3107,3109,completed,6
1462,Rigid,788060,788062,791188,2,3126,3128,completed,6
1463,Rigid,788061,788062,792354,1,4292,4293,completed,6
1464,Rigid,788061,788062,791025,1,2963,2964,completed,6
1465,Rigid,788061,788062,791214,1,3152,3153,completed,6
1466,Rigid,788061,788062,792034,1,3972,3973,completed,6
1467,Rigid,788061,788062,791258,1,3196,3197,completed,6
1468,Rigid,788061,788062,791274,1,3212,3213,completed,6
1469,Rigid,788061,788062,792110,1,4048,4049,completed,6
1470,Rigid,788061,788062,792197,1,4135,4136,completed,6
1471,Rigid,788061,788062,791114,1,3052,3053,completed,6
1472,Rigid,788061,788062,791232,1,3170,3171,completed,6
1473,Rigid,788061,788062,791142,1,3080,3081,completed,6
1474,Rigid,788061,788062,791982,1,3920,3921,completed,6
1475,Rigid,788061,788062,791157,1,3095,3096,completed,6
1476,Rigid,788061,788062,792039,1,3977,3978,completed,6
1477,Rigid,788061,788062,792010,1,3948,3949,completed,6
1478,Rigid,788061,788062,791964,1,3902,3903,completed,6
1479,Rigid,788061,788062,791093,1,3031,3032,completed,6
1480,Rigid,788062,788062,791160,0,3098,3098,completed,6
1481,Rigid,788062,788062,791123,0,3061,3061,completed,6
1482,Rigid,788062,788062,792059,0,3997,3997,completed,6
1483,Rigid,788062,788062,791103,0,3041,3041,completed,6
1484,Rigid,788062,788062,791226,0,3164,3164,completed,6
1485,Rigid,788062,788062,792000,0,3938,3938,completed,6
1486,Rigid,788062,788062,791471,0,3409,3409,completed,6
1487,Rigid,788062,788062,791411,0,3349,3349,completed,6
1488,Rigid,788062,788066,791989,4,3923,3927,completed,6
1489,Rigid,788062,788066,792009,4,3943,3947,completed,6
1490,Rigid,788062,788066,792022,4,3956,3960,completed,6
1491,Rigid,788062,788066,792146,4,4080,4084,completed,6
1492,Rigid,788063,788066,792048,3,3982,3985,completed,6
1493,Rigid,788063,788066,791039,3,2973,2976,completed,6
1494,Rigid,788063,788066,791168,3,3102,3105,completed,6
1495,Rigid,788063,788066,791194,3,3128,3131,completed,6
1496,Rigid,788063,788066,792188,3,4122,4125,completed,6
1497,Rigid,788063,788066,792260,3,4194,4197,completed,6
1498,Rigid,788063,788066,791325,3,3259,3262,completed,6
1499,Rigid,788063,788066,792458,3,4392,4395,completed,6
1500,Rigid,788063,788066,792056,3,3990,3993,completed,6
1501,Rigid,788063,788066,792075,3,4009,4012,completed,6
1502,Rigid,788063,788066,792340,3,4274,4277,completed,6
1503,Rigid,788063,788066,792136,3,4070,4073,completed,6
1504,Rigid,788063,788066,791087,3,3021,3024,completed,6
1505,Rigid,788063,788066,791165,3,3099,3102,completed,6
1506,Rigid,788063,788066,791148,3,3082,3085,completed,6
1507,Rigid,788063,788066,791984,3,3918,3921,completed,6
1508,Rigid,788063,788066,791996,3,3930,3933,completed,6
1509,Rigid,788064,788066,791951,2,3885,3887,completed,6
1510,Rigid,788064,788066,791928,2,3862,3864,completed,6
1511,Rigid,788064,788066,791978,2,3912,3914,completed,6
1512,Rigid,788064,788066,791189,2,3123,3125,completed,6
1513,Rigid,788064,788066,792316,2,4250,4252,completed,6
1514,Rigid,788064,788066,791982,2,3916,3918,completed,6
1515,Rigid,788064,788066,792009,2,3943,3945,completed,6
1516,Rigid,788064,788066,791136,2,3070,3072,completed,6
1517,Rigid,788064,788066,791044,2,2978,2980,completed,6
1518,Rigid,788064,788066,792059,2,3993,3995,completed,6
1519,Rigid,788064,788066,792056,2,3990,3992,completed,6
1520,Rigid,788064,788066,791392,2,3326,3328,completed,6
1521,Rigid,788064,788066,792274,2,4208,4210,completed,6
1522,Rigid,788064,788066,792015,2,3949,3951,completed,6
1523,Rigid,788064,788066,792173,2,4107,4109,completed,6
1524,Rigid,788064,788066,792265,2,4199,4201,completed,6
1525,Rigid,788064,788066,791361,2,3295,3297,completed,6
1526,Rigid,788064,788066,792050,2,3984,3986,completed,6
1527,Rigid,788064,788066,792327,2,4261,4263,completed,6
1528,Rigid,788064,788093,791230,29,3137,3166,completed,6
1529,Rigid,788064,788548,793429,484,4881,5365,completed,6
1530,Rigid,788064,789151,793474,1087,4323,5410,completed,6
1531,Rigid,788064,789151,792681,1087,3530,4617,completed,6
1532,Rigid,788064,789151,792882,1087,3731,4818,completed,6
1533,Rigid,788064,789155,793505,1091,4350,5441,completed,6
1534,Rigid,788064,789155,792666,1091,3511,4602,completed,6
1535,Rigid,788064,789155,792679,1091,3524,4615,completed,6
1536,Rigid,788849,788871,788880,22,9,31,completed,2
1537,Rigid,789018,789022,789026,4,4,8,completed,2
1538,Rigid,789047,789155,790331,108,1176,1284,completed,36
1539,Rigid,789146,789155,791534,9,2379,2388,completed,36
1540,Rigid,789209,790347,793415,1138,3068,4206,completed,36
1541,Rigid,789246,791547,795379,2301,3832,6133,completed,36
1542,Rigid,789677,789677,789828,0,151,151,completed,1
1543,Rigid,789677,789677,791277,0,1600,1600,completed,1
1544,Rigid,789736,789748,866717,12,76969,76981,completed,1
1545,Rigid,789736,789748,863598,12,73850,73862,completed,1
1546,Rigid,789736,789748,862093,12,72345,72357,completed,1
1547,Rigid,789736,789748,789788,12,40,52,completed,1
1548,Rigid,789736,789748,862915,12,73167,73179,completed,1
1549,Rigid,789736,789748,863866,12,74118,74130,completed,1
1550,Rigid,789736,789748,861873,12,72125,72137,completed,1
1551,Rigid,789736,789748,861249,12,71501,71513,completed,1
1552,Rigid,789736,789748,861672,12,71924,71936,completed,1
1553,Rigid,789736,789748,1048967,12,259219,259231,completed,1
1554,Rigid,789736,789748,862317,12,72569,72581,completed,1
1555,Rigid,789736,789748,861827,12,72079,72091,completed,1
1556,Rigid,789736,789748,864518,12,74770,74782,completed,1
1557,Rigid,789736,789748,862298,12,72550,72562,completed,1
1558,Rigid,789736,789748,861506,12,71758,71770,completed,1
1559,Rigid,789736,789748,862055,12,72307,72319,completed,1
1560,Rigid,789736,789748,789788,12,40,52,completed,1
1561,Rigid,789736,789748,789788,12,40,52,completed,1
1562,Rigid,789736,789748,789788,12,40,52,completed,1
1563,Rigid,789736,789748,863424,12,73676,73688,completed,1
1564,Rigid,789736,789748,865753,12,76005,76017,completed,1
1565,Rigid,789736,789748,862371,12,72623,72635,completed,1
1566,Rigid,789736,789748,861631,12,71883,71895,completed,1
1567,Rigid,789736,789748,928428,12,138680,138692,completed,1
1568,Rigid,789736,789748,926107,12,136359,136371,completed,1
1569,Rigid,789736,789748,789788,12,40,52,completed,1
1570,Rigid,789736,789748,925919,12,136171,136183,completed,1
1571,Rigid,789736,789748,974204,12,184456,184468,completed,1
1572,Rigid,789736,789748,865244,12,75496,75508,completed,1
1573,Rigid,789736,789748,863833,12,74085,74097,completed,1
1574,Rigid,789736,789748,862711,12,72963,72975,completed,1
1575,Rigid,789736,789748,867338,12,77590,77602,completed,1
1576,Rigid,789736,789748,789788,12,40,52,completed,1
1577,Rigid,789736,789748,863388,12,73640,73652,completed,1
1578,Rigid,789736,789748,864841,12,75093,75105,completed,1
1579,Rigid,789736,789748,861506,12,71758,71770,completed,1
1580,Rigid,789736,789748,789788,12,40,52,completed,1
1581,Rigid,789736,789810,882383,74,92573,92647,completed,1
1582,Rigid,789736,789810,864159,74,74349,74423,completed,1
1583,Rigid,789736,789810,864135,74,74325,74399,completed,1
1584,Rigid,789736,789810,861139,74,71329,71403,completed,1
1585,Rigid,789736,789810,862174,74,72364,72438,completed,1
1586,Rigid,789736,789810,867350,74,77540,77614,completed,1
1587,Rigid,789736,789810,861755,74,71945,72019,completed,1
1588,Rigid,789736,790432,864488,696,74056,74752,completed,1
1589,Rigid,789736,790432,865510,696,75078,75774,completed,1
1590,Rigid,789736,790432,864670,696,74238,74934,completed,1
1591,Rigid,789736,791064,863978,1328,72914,74242,completed,1
1592,Rigid,789736,791064,865071,1328,74007,75335,completed,1
1593,Rigid,789736,791064,863243,1328,72179,73507,completed,1
1594,Rigid,789736,791064,864030,1328,72966,74294,completed,1
1595,Rigid,789736,791064,863208,1328,72144,73472,completed,1
1596,Rigid,789736,791064,865611,1328,74547,75875,completed,1
1597,Rigid,789736,791159,863796,1423,72637,74060,completed,1
1598,Rigid,789736,791159,863429,1423,72270,73693,completed,1
1599,Rigid,789736,791159,862980,1423,71821,73244,completed,1
1600,Rigid,789736,791159,863576,1423,72417,73840,completed,1
1601,Rigid,789736,791159,864361,1423,73202,74625,completed,1
1602,Rigid,789736,791159,866867,1423,75708,77131,completed,1
1603,Rigid,789736,791222,862680,1486,71458,72944,completed,1
1604,Rigid,789736,791222,863956,1486,72734,74220,completed,1
1605,Rigid,789736,791222,864304,1486,73082,74568,completed,1
1606,Rigid,789736,791222,864418,1486,73196,74682,completed,1
1607,Rigid,789736,791222,865678,1486,74456,75942,completed,1
1608,Rigid,789736,791222,864382,1486,73160,74646,completed,1
1609,Rigid,789736,791253,862554,1517,71301,72818,completed,1
1610,Rigid,789736,791253,869338,1517,78085,79602,completed,1
1611,Rigid,789736,791253,870426,1517,79173,80690,completed,1
1612,Rigid,789736,791253,868801,1517,77548,79065,completed,1
1613,Rigid,789736,791253,881186,1517,89933,91450,completed,1
1614,Rigid,789736,791253,869186,1517,77933,79450,completed,1
1615,Rigid,789736,791379,837734,1643,46355,47998,completed,1
1616,Rigid,789736,791379,864833,1643,73454,75097,completed,1
1617,Rigid,789736,791379,865197,1643,73818,75461,completed,1
1618,Rigid,789736,791379,867484,1643,76105,77748,completed,1
1619,Rigid,789736,791379,866311,1643,74932,76575,completed,1
1620,Rigid,789736,791379,882165,1643,90786,92429,completed,1
1621,Rigid,789736,791410,882977,1674,91567,93241,completed,1
1622,Rigid,789736,791410,880487,1674,89077,90751,completed,1
1623,Rigid,789736,791410,864868,1674,73458,75132,completed,1
1624,Rigid,789741,791410,1050619,1669,259209,260878,completed,1
1625,Rigid,789741,791410,1050619,1669,259209,260878,completed,1
1626,Rigid,789741,791410,1037275,1669,245865,247534,completed,1
1627,Rigid,789741,791994,1051219,2253,259225,261478,completed,1
1628,Rigid,789741,791994,1051219,2253,259225,261478,completed,1
1629,Rigid,789741,791994,1051219,2253,259225,261478,completed,1
1630,Rigid,789741,791994,842222,2253,50228,52481,completed,1
1631,Rigid,789741,791994,863821,2253,71827,74080,completed,1
1632,Rigid,789741,791994,1051219,2253,259225,261478,completed,1
1633,Rigid,789741,791994,1001245,2253,209251,211504,completed,1
1634,Rigid,789741,791994,1051219,2253,259225,261478,completed,1
1635,Rigid,789741,792026,1051249,2285,259223,261508,completed,1
1636,Rigid,789741,792026,889385,2285,97359,99644,completed,1
1637,Rigid,789741,792026,1051249,2285,259223,261508,completed,1
1638,Rigid,789741,792026,934763,2285,142737,145022,completed,1
1639,Rigid,789741,792026,1051249,2285,259223,261508,completed,1
1640,Rigid,789741,792026,1051249,2285,259223,261508,completed,1
1641,Rigid,789741,792026,1051249,2285,259223,261508,completed,1
1642,Rigid,789741,792026,1051249,2285,259223,261508,completed,1
1643,Rigid,789741,792026,866806,2285,74780,77065,completed,1
1644,Rigid,789741,792026,1051249,2285,259223,261508,completed,1
1645,Rigid,789741,792026,1051249,2285,259223,261508,completed,1
1646,Rigid,789741,792026,1051249,2285,259223,261508,completed,1
1647,Rigid,789741,792057,1051279,2316,259222,261538,completed,1
1648,Rigid,789741,792057,1051279,2316,259222,261538,completed,1
1649,Rigid,789741,792057,865551,2316,73494,75810,completed,1
1650,Rigid,789741,792057,1051279,2316,259222,261538,completed,1
1651,Rigid,789741,792057,883953,2316,91896,94212,completed,1
1652,Rigid,789741,792057,1051279,2316,259222,261538,completed,1
1653,Rigid,789741,792089,1051309,2348,259220,261568,completed,1
1654,Rigid,789741,792089,1051309,2348,259220,261568,completed,1
1655,Rigid,789741,792089,1051309,2348,259220,261568,completed,1
1656,Rigid,789741,792089,1051309,2348,259220,261568,completed,1
1657,Rigid,789741,792089,792103,2348,14,2362,completed,1
1658,Rigid,789741,792089,867649,2348,75560,77908,completed,1
1659,Rigid,789741,792089,888016,2348,95927,98275,completed,1
1660,Rigid,789741,792089,885872,2348,93783,96131,completed,1
1661,Rigid,789741,792089,866725,2348,74636,76984,completed,1
1662,Rigid,789741,792089,865236,2348,73147,75495,completed,1
1663,Rigid,789741,792089,792103,2348,14,2362,completed,1
1664,Rigid,789741,792089,792103,2348,14,2362,completed,1
1665,Rigid,789741,792120,1051339,2379,259219,261598,completed,1
1666,Rigid,789741,792120,883588,2379,91468,93847,completed,1
1667,Rigid,789741,792120,839164,2379,47044,49423,completed,1
1668,Rigid,789741,792183,1051399,2442,259216,261658,completed,1
1669,Rigid,789741,792183,885564,2442,93381,95823,completed,1
1670,Rigid,789741,792183,884809,2442,92626,95068,completed,1
1671,Rigid,789741,792183,864215,2442,72032,74474,completed,1
1672,Rigid,789741,792183,883759,2442,91576,94018,completed,1
1673,Rigid,789741,792183,1051399,2442,259216,261658,completed,1
1674,Rigid,789747,792214,1051429,2467,259215,261682,completed,1
1675,Rigid,789747,792214,1051429,2467,259215,261682,completed,1
1676,Rigid,789747,792214,925447,2467,133233,135700,completed,1
1677,Rigid,789747,792214,1051429,2467,259215,261682,completed,1
1678,Rigid,789747,792214,926732,2467,134518,136985,completed,1
1679,Rigid,789747,792214,939404,2467,147190,149657,completed,1
1680,Rigid,789747,792214,889385,2467,97171,99638,completed,1
1681,Rigid,789747,792214,839973,2467,47759,50226,completed,1
1682,Rigid,789747,792214,866303,2467,74089,76556,completed,1
1683,Rigid,789747,792276,927211,2529,134935,137464,completed,1
1684,Rigid,789747,792276,1051489,2529,259213,261742,completed,1
1685,Rigid,789747,792276,1051489,2529,259213,261742,completed,1
1686,Rigid,789747,792276,1051489,2529,259213,261742,completed,1
1687,Rigid,789747,792276,1051489,2529,259213,261742,completed,1
1688,Rigid,789747,792276,990492,2529,198216,200745,completed,1
1689,Rigid,789747,792276,1051489,2529,259213,261742,completed,1
1690,Rigid,789747,792276,1051489,2529,259213,261742,completed,1
1691,Rigid,789747,792276,1051489,2529,259213,261742,completed,1
1692,Rigid,789747,792276,1051489,2529,259213,261742,completed,1
1693,Rigid,789747,792277,842222,2530,49945,52475,completed,1
1694,Rigid,789747,792277,1051489,2530,259212,261742,completed,1
1695,Rigid,789747,792339,1051549,2592,259210,261802,completed,1
1696,Rigid,789747,792339,861977,2592,69638,72230,completed,1
1697,Rigid,789747,792339,1051549,2592,259210,261802,completed,1
1698,Rigid,789747,792339,1044679,2592,252340,254932,completed,1
1699,Rigid,789747,792339,931551,2592,139212,141804,completed,1
1700,Rigid,789747,792339,883683,2592,91344,93936,completed,1
1701,Rigid,789747,792339,1051549,2592,259210,261802,completed,1
1702,Rigid,789747,792339,865801,2592,73462,76054,completed,1
1703,Rigid,789747,792339,1051549,2592,259210,261802,completed,1
1704,Rigid,789747,792339,1051549,2592,259210,261802,completed,1
1705,Rigid,789747,792339,863818,2592,71479,74071,completed,1
1706,Rigid,789747,792339,865458,2592,73119,75711,completed,1
1707,Rigid,789747,792710,865268,2963,72558,75521,completed,1
1708,Rigid,789747,792710,863643,2963,70933,73896,completed,1
1709,Rigid,789747,792710,864331,2963,71621,74584,completed,1
1710,Rigid,789747,792710,1051939,2963,259229,262192,completed,1
1711,Rigid,789747,792710,1051939,2963,259229,262192,completed,1
1712,Rigid,789747,792710,1051939,2963,259229,262192,completed,1
1713,Rigid,789747,792710,883991,2963,91281,94244,completed,1
1714,Rigid,789747,792710,1051939,2963,259229,262192,completed,1
1715,Rigid,789747,792710,885260,2963,92550,95513,completed,1
1716,Rigid,789747,792710,885487,2963,92777,95740,completed,1
1717,Rigid,789747,792710,839972,2963,47262,50225,completed,1
1718,Rigid,789747,792710,1051939,2963,259229,262192,completed,1
1719,Rigid,789747,792710,1051939,2963,259229,262192,completed,1
1720,Rigid,789747,792710,1051939,2963,259229,262192,completed,1
1721,Rigid,789747,792710,862717,2963,70007,72970,completed,1
1722,Rigid,789747,792710,1051939,2963,259229,262192,completed,1
1723,Rigid,789747,792710,1051939,2963,259229,262192,completed,1
1724,Rigid,789750,792710,1051939,2960,259229,262189,completed,1
1725,Rigid,789750,792894,1052119,3144,259225,262369,completed,1
1726,Rigid,789750,792894,1052119,3144,259225,262369,completed,1
1727,Rigid,789750,792894,1052119,3144,259225,262369,completed,1
1728,Rigid,789750,792894,1052119,3144,259225,262369,completed,1
1729,Rigid,789750,792894,1052119,3144,259225,262369,completed,1
1730,Rigid,789750,793439,1052659,3689,259220,262909,completed,1
1731,Rigid,789750,793439,869082,3689,75643,79332,completed,1
1732,Rigid,789750,793439,1052659,3689,259220,262909,completed,1
1733,Rigid,789750,793439,1052659,3689,259220,262909,completed,1
1734,Rigid,789750,793439,1052659,3689,259220,262909,completed,1
1735,Rigid,789750,793439,1052659,3689,259220,262909,completed,1
1736,Rigid,789750,793439,944313,3689,150874,154563,completed,1
1737,Rigid,789750,793439,1052659,3689,259220,262909,completed,1
1738,Rigid,789750,793439,870164,3689,76725,80414,completed,1
1739,Rigid,789750,793439,1052659,3689,259220,262909,completed,1
1740,Rigid,789750,793439,1052659,3689,259220,262909,completed,1
1741,Rigid,789750,793439,1052659,3689,259220,262909,completed,1
1742,Rigid,789750,793439,868240,3689,74801,78490,completed,1
1743,Rigid,789750,793439,1052659,3689,259220,262909,completed,1
1744,Rigid,789750,793439,1052659,3689,259220,262909,completed,1
1745,Rigid,789750,793439,846208,3689,52769,56458,completed,1
1746,Rigid,789750,793439,894757,3689,101318,105007,completed,1
1747,Rigid,789750,793439,1052659,3689,259220,262909,completed,1
1748,Rigid,789750,793439,1052659,3689,259220,262909,completed,1
1749,Rigid,789750,793439,886861,3689,93422,97111,completed,1
1750,Rigid,789750,793439,885839,3689,92400,96089,completed,1
1751,Rigid,789750,793439,1025319,3689,231880,235569,completed,1
1752,Rigid,789750,793439,980869,3689,187430,191119,completed,1
1753,Rigid,789750,793439,864923,3689,71484,75173,completed,1
1754,Rigid,789750,793439,867192,3689,73753,77442,completed,1
1755,Rigid,789750,793439,885522,3689,92083,95772,completed,1
1756,Rigid,789750,793439,1052659,3689,259220,262909,completed,1
1757,Rigid,789750,793439,987258,3689,193819,197508,completed,1
1758,Rigid,789750,793439,982959,3689,189520,193209,completed,1
1759,Rigid,789750,793439,1052659,3689,259220,262909,completed,1
1760,Rigid,789750,793439,1052659,3689,259220,262909,completed,1
1761,Rigid,789750,793439,1052659,3689,259220,262909,completed,1
1762,Rigid,789750,793500,1052720,3750,259220,262970,completed,1
1763,Rigid,789750,793500,1052720,3750,259220,262970,completed,1
1764,Rigid,789750,793500,1052720,3750,259220,262970,completed,1
1765,Rigid,789750,793500,1052720,3750,259220,262970,completed,1
1766,Rigid,789750,793500,1052720,3750,259220,262970,completed,1
1767,Rigid,789750,793500,1052720,3750,259220,262970,completed,1
1768,Rigid,789750,793530,1052750,3780,259220,263000,completed,1
1769,Rigid,789750,793530,867613,3780,74083,77863,completed,1
1770,Rigid,789750,793530,1052750,3780,259220,263000,completed,1
1771,Rigid,789750,793530,1052750,3780,259220,263000,completed,1
1772,Rigid,789750,793530,1052750,3780,259220,263000,completed,1
1773,Rigid,789750,793530,1052750,3780,259220,263000,completed,1
1774,Rigid,789754,793652,1052870,3898,259218,263116,completed,1
1775,Rigid,789754,793652,1052870,3898,259218,263116,completed,1
1776,Rigid,789754,793652,1052870,3898,259218,263116,completed,1
1777,Rigid,789754,793652,1052870,3898,259218,263116,completed,1
1778,Rigid,789754,793652,1052870,3898,259218,263116,completed,1
1779,Rigid,789754,793652,1052870,3898,259218,263116,completed,1
1780,Rigid,789754,793652,1052870,3898,259218,263116,completed,1
1781,Rigid,789754,793652,1052870,3898,259218,263116,completed,1
1782,Rigid,789754,793652,1052870,3898,259218,263116,completed,1
1783,Rigid,789754,793652,1052870,3898,259218,263116,completed,1
1784,Rigid,789754,793652,1052870,3898,259218,263116,completed,1
1785,Rigid,789754,793652,1052870,3898,259218,263116,completed,1
1786,Rigid,789754,793652,873206,3898,79554,83452,completed,1
1787,Rigid,789754,793652,1052870,3898,259218,263116,completed,1
1788,Rigid,789754,793652,1052870,3898,259218,263116,completed,1
1789,Rigid,789754,793652,870043,3898,76391,80289,completed,1
1790,Rigid,789754,794045,873411,4291,79366,83657,completed,1
1791,Rigid,789754,794045,1053260,4291,259215,263506,completed,1
1792,Rigid,789754,794045,794067,4291,22,4313,completed,1
1793,Rigid,789754,794045,1053260,4291,259215,263506,completed,1
1794,Rigid,789754,794045,1053260,4291,259215,263506,completed,1
1795,Rigid,789754,794045,1053260,4291,259215,263506,completed,1
1796,Rigid,789754,794045,885253,4291,91208,95499,completed,1
1797,Rigid,789754,794045,1053260,4291,259215,263506,completed,1
1798,Rigid,789754,794045,1053260,4291,259215,263506,completed,1
1799,Rigid,789754,794045,1053260,4291,259215,263506,completed,1
1800,Rigid,789754,794045,884821,4291,90776,95067,completed,1
1801,Rigid,789754,794045,1053260,4291,259215,263506,completed,1
1802,Rigid,789754,794076,977433,4322,183357,187679,completed,1
1803,Rigid,789754,794439,1053650,4685,259211,263896,completed,1
1804,Rigid,789754,794439,1053650,4685,259211,263896,completed,1
1805,Rigid,789754,794439,1053650,4685,259211,263896,completed,1
1806,Rigid,789754,794439,1053650,4685,259211,263896,completed,1
1807,Rigid,789754,794439,1053650,4685,259211,263896,completed,1
1808,Rigid,789754,794439,1053650,4685,259211,263896,completed,1
1809,Rigid,789754,794439,1053650,4685,259211,263896,completed,1
1810,Rigid,789754,794439,1053650,4685,259211,263896,completed,1
1811,Rigid,789754,794439,1053650,4685,259211,263896,completed,1
1812,Rigid,789754,794439,1053650,4685,259211,263896,completed,1
1813,Rigid,789754,794439,1053650,4685,259211,263896,completed,1
1814,Rigid,789754,794439,1053650,4685,259211,263896,completed,1
1815,Rigid,789754,794439,1053650,4685,259211,263896,completed,1
1816,Rigid,789754,794439,937741,4685,143302,147987,completed,1
1817,Rigid,789754,794439,1029411,4685,234972,239657,completed,1
1818,Rigid,789754,794439,1053650,4685,259211,263896,completed,1
1819,Rigid,789754,794439,1033028,4685,238589,243274,completed,1
1820,Rigid,789754,794439,1053650,4685,259211,263896,completed,1
1821,Rigid,789754,794439,975696,4685,181257,185942,completed,1
1822,Rigid,789754,794439,885684,4685,91245,95930,completed,1
1823,Rigid,789754,794439,885627,4685,91188,95873,completed,1
1824,Rigid,789784,795747,796020,5963,273,6236,completed,396
1825,Rigid,789821,791696,802507,1875,10811,12686,completed,36
1826,Rigid,789827,791786,794088,1959,2302,4261,completed,36
1827,Rigid,789831,791927,795163,2096,3236,5332,completed,36
1828,Rigid,789836,792059,796165,2223,4106,6329,completed,36
1829,Rigid,790032,792328,802933,2296,10605,12901,completed,36
1830,Rigid,790032,792447,794935,2415,2488,4903,completed,36
1831,Rigid,790032,792619,795922,2587,3303,5890,completed,36
1832,Rigid,790032,792634,796530,2602,3896,6498,completed,36
1833,Rigid,790072,793246,802933,3174,9687,12861,completed,36
1834,Rigid,790072,793388,795745,3316,2357,5673,completed,36
1835,Rigid,790072,793393,796534,3321,3141,6462,completed,36
1836,Rigid,790072,793416,797542,3344,4126,7470,completed,36
1837,Rigid,790107,790332,790341,225,9,234,completed,2
1838,Rigid,790786,791045,791055,259,10,269,completed,2
1839,Rigid,791234,791234,791242,0,8,8,completed,2
1840,Rigid,791475,791535,791545,60,10,70,completed,2
1841,Rigid,791532,791933,852195,401,60262,60663,completed,1
1842,Rigid,791533,791933,851251,400,59318,59718,completed,1
1843,Rigid,791533,791933,855750,400,63817,64217,completed,1
1844,Rigid,791534,791933,851011,399,59078,59477,completed,1
1845,Rigid,791535,791933,853524,398,61591,61989,completed,1
1846,Rigid,791535,791933,852463,398,60530,60928,completed,1
1847,Rigid,791536,791963,851053,427,59090,59517,completed,1
1848,Rigid,791537,791963,855339,426,63376,63802,completed,1
1849,Rigid,791537,791963,854764,426,62801,63227,completed,1
1850,Rigid,791538,791963,856981,425,65018,65443,completed,1
1851,Rigid,791539,791963,854886,424,62923,63347,completed,1
1852,Rigid,791539,791963,859561,424,67598,68022,completed,1
1853,Rigid,791540,791994,850016,454,58022,58476,completed,1
1854,Rigid,791540,791994,853312,454,61318,61772,completed,1
1855,Rigid,791541,791994,846977,453,54983,55436,completed,1
1856,Rigid,791545,791994,844664,449,52670,53119,completed,1
1857,Rigid,791974,791979,791986,5,7,12,completed,2
1858,Rigid,792125,794439,935197,2314,140758,143072,completed,8
1859,Rigid,792646,792741,796284,95,3543,3638,completed,1
1860,Rigid,792672,793074,799297,402,6223,6625,completed,144
1861,Rigid,792746,805611,1082193,12865,276582,289447,completed,36
1862,Rigid,792760,792894,937731,134,144837,144971,completed,1
1863,Rigid,792791,805745,1085466,12954,279721,292675,completed,36
1864,Rigid,792841,792841,793003,0,162,162,completed,1
1865,Rigid,792852,792863,796511,11,3648,3659,completed,1
1866,Rigid,792863,950084,1122899,157221,172815,330036,completed,36
1867,Rigid,792863,950084,1122899,157221,172815,330036,completed,36
1868,Rigid,792863,950084,1122899,157221,172815,330036,completed,36
1869,Rigid,792896,950084,1122899,157188,172815,330003,completed,36
1870,Rigid,792896,950084,1122899,157188,172815,330003,completed,36
1871,Rigid,792896,950084,1122899,157188,172815,330003,completed,36
1872,Rigid,792949,950144,1122959,157195,172815,330010,completed,36
1873,Rigid,792949,950144,1122959,157195,172815,330010,completed,36
1874,Rigid,792949,950173,1122989,157224,172816,330040,completed,36
1875,Rigid,792989,950173,1122989,157184,172816,330000,completed,36
1876,Rigid,792989,950174,1122989,157185,172815,330000,completed,36
1877,Rigid,792989,950174,1122989,157185,172815,330000,completed,36
1878,Rigid,793022,793652,796749,630,3097,3727,completed,1
1879,Rigid,793049,793416,903004,367,109588,109955,completed,1
1880,Rigid,793049,950174,1122989,157125,172815,329940,completed,36
1881,Rigid,793049,950174,1122989,157125,172815,329940,completed,36
1882,Rigid,793049,950234,1123049,157185,172815,330000,completed,36
1883,Rigid,793053,793416,905044,363,111628,111991,completed,1
1884,Rigid,793186,794439,796527,1253,2088,3341,completed,1
1885,Rigid,793222,793591,796722,369,3131,3500,completed,36
1886,Rigid,793259,793985,793989,726,4,730,completed,36
1887,Rigid,793496,794529,851574,1033,57045,58078,completed,8
1888,Rigid,793601,794015,810582,414,16567,16981,completed,36
1889,Rigid,793613,794166,794176,553,10,563,completed,36
1890,Rigid,793656,794197,810829,541,16632,17173,completed,36
1891,Rigid,793668,794197,794203,529,6,535,completed,36
1892,Rigid,793729,794227,802153,498,7926,8424,completed,36
1893,Rigid,793740,794318,794329,578,11,589,completed,36
1894,Rigid,793895,793896,793922,1,26,27,completed,6
1895,Rigid,793906,794348,794351,442,3,445,completed,36
1896,Rigid,793931,793934,793963,3,29,32,completed,6
1897,Rigid,793931,793934,793963,3,29,32,completed,6
1898,Rigid,793931,793934,793963,3,29,32,completed,6
1899,Rigid,793938,794378,794513,440,135,575,completed,36
1900,Rigid,793988,794015,794033,27,18,45,completed,36
1901,Rigid,794046,794076,794141,30,65,95,completed,36
1902,Rigid,794097,794378,801248,281,6870,7151,completed,36
1903,Rigid,794107,794378,794381,271,3,274,completed,36
1904,Rigid,794156,794408,794428,252,20,272,completed,36
1905,Rigid,794263,794287,794353,24,66,90,completed,36
1906,Rigid,794505,794506,794512,1,6,7,completed,36
1907,Rigid,794520,794529,794550,9,21,30,completed,36
1908,Rigid,794541,794650,794920,109,270,379,completed,36
1909,Rigid,794550,794951,794954,401,3,404,completed,36
1910,Rigid,794592,794951,794954,359,3,362,completed,36
1911,Rigid,794598,794599,794630,1,31,32,completed,36
1912,Rigid,794603,794982,797321,379,2339,2718,completed,36
1913,Rigid,794641,794982,794984,341,2,343,completed,36
1914,Rigid,794652,795012,812954,360,17942,18302,completed,36
1915,Rigid,794667,794667,794671,0,4,4,completed,36
1916,Rigid,794682,794682,794713,0,31,31,completed,36
1917,Rigid,794710,795923,795927,1213,4,1217,completed,36
1918,Rigid,794723,794740,794805,17,65,82,completed,36
1919,Rigid,794723,795928,819202,1205,23274,24479,completed,36
1920,Rigid,794846,796025,796037,1179,12,1191,completed,36
1921,Rigid,794854,794861,794925,7,64,71,completed,36
1922,Rigid,794857,796025,796948,1168,923,2091,completed,36
1923,Rigid,794970,796025,796028,1055,3,1058,completed,36
1924,Rigid,794979,794980,794988,1,8,9,completed,2
1925,Rigid,794979,796025,801237,1046,5212,6258,completed,36
1926,Rigid,794988,796025,796037,1037,12,1049,completed,36
1927,Rigid,795062,795063,795071,1,8,9,completed,36
1928,Rigid,795091,796025,822628,934,26603,27537,completed,36
1929,Rigid,795100,802936,804027,7836,1091,8927,completed,36
1930,Rigid,795104,803036,804129,7932,1093,9025,completed,36
1931,Rigid,795104,796025,796028,921,3,924,completed,36
1932,Rigid,795106,795109,795118,3,9,12,completed,2
1933,Rigid,795113,795132,795199,19,67,86,completed,36
1934,Rigid,795156,795157,796152,1,995,996,completed,8
1935,Rigid,795156,795157,796124,1,967,968,completed,8
1936,Rigid,795156,795157,796134,1,977,978,completed,8
1937,Rigid,795156,795157,796125,1,968,969,completed,8
1938,Rigid,795156,795157,796170,1,1013,1014,completed,8
1939,Rigid,795156,795157,796111,1,954,955,completed,8
1940,Rigid,795156,795157,796170,1,1013,1014,completed,8
1941,Rigid,795156,795157,796156,1,999,1000,completed,8
1942,Rigid,795157,795157,796119,0,962,962,completed,8
1943,Rigid,795157,795157,796145,0,988,988,completed,8
1944,Rigid,795175,796025,797593,850,1568,2418,completed,36
1945,Rigid,795181,803087,804455,7906,1368,9274,completed,36
1946,Rigid,795187,796025,796028,838,3,841,completed,36
1947,Rigid,795189,803588,804972,8399,1384,9783,completed,36
1948,Rigid,795245,796025,797131,780,1106,1886,completed,36
1949,Rigid,795247,804029,805289,8782,1260,10042,completed,36
1950,Rigid,795257,796025,796028,768,3,771,completed,36
1951,Rigid,795266,804134,805402,8868,1268,10136,completed,36
1952,Rigid,795315,804206,805600,8891,1394,10285,completed,36
1953,Rigid,795344,804218,805606,8874,1388,10262,completed,36
1954,Rigid,795387,804218,805728,8831,1510,10341,completed,36
1955,Rigid,795428,804218,805728,8790,1510,10300,completed,36
1956,Rigid,795462,804218,805792,8756,1574,10330,completed,36
1957,Rigid,795514,795515,795518,1,3,4,completed,36
1958,Rigid,795516,804218,805792,8702,1574,10276,completed,36
1959,Rigid,795542,804256,806015,8714,1759,10473,completed,36
1960,Rigid,795545,795547,795549,2,2,4,completed,36
1961,Rigid,795572,795573,795580,1,7,8,completed,2
1962,Rigid,795599,795600,795615,1,15,16,completed,36
1963,Rigid,795609,804467,806248,8858,1781,10639,completed,36
1964,Rigid,795622,804566,806381,8944,1815,10759,completed,36
1965,Rigid,795662,796030,802267,368,6237,6605,completed,36
1966,Rigid,795662,796030,802237,368,6207,6575,completed,36
1967,Rigid,795662,796030,810586,368,14556,14924,completed,36
1968,Rigid,795662,796030,810829,368,14799,15167,completed,36
1969,Rigid,795662,796038,803330,376,7292,7668,completed,36
1970,Rigid,795662,796039,801573,377,5534,5911,completed,36
1971,Rigid,795662,796167,803587,505,7420,7925,completed,36
1972,Rigid,795663,796169,805517,506,9348,9854,completed,36
1973,Rigid,795663,796535,796556,872,21,893,completed,36
1974,Rigid,795663,796554,796586,891,32,923,completed,36
1975,Rigid,795663,796553,796586,890,33,923,completed,36
1976,Rigid,795663,796557,796590,894,33,927,completed,36
1977,Rigid,795663,796570,800021,907,3451,4358,completed,36
1978,Rigid,795664,796587,800099,923,3512,4435,completed,36
1979,Rigid,795664,796587,810809,923,14222,15145,completed,36
1980,Rigid,795664,796591,811239,927,14648,15575,completed,36
1981,Rigid,795664,796735,800272,1071,3537,4608,completed,36
1982,Rigid,795664,796796,800317,1132,3521,4653,completed,36
1983,Rigid,795664,797132,800673,1468,3541,5009,completed,36
1984,Rigid,795665,797172,800689,1507,3517,5024,completed,36
1985,Rigid,795665,798341,798371,2676,30,2706,completed,36
1986,Rigid,795665,798341,798371,2676,30,2706,completed,36
1987,Rigid,795665,798462,798498,2797,36,2833,completed,36
1988,Rigid,795665,798462,798498,2797,36,2833,completed,36
1989,Rigid,795665,798523,801990,2858,3467,6325,completed,36
1990,Rigid,795666,798523,801974,2857,3451,6308,completed,36
1991,Rigid,795666,798644,812892,2978,14248,17226,completed,36
1992,Rigid,795666,799128,813687,3462,14559,18021,completed,36
1993,Rigid,795666,799371,802854,3705,3483,7188,completed,36
1994,Rigid,795667,799558,803020,3891,3462,7353,completed,36
1995,Rigid,795667,799558,803086,3891,3528,7419,completed,36
1996,Rigid,795667,799558,803034,3891,3476,7367,completed,36
1997,Rigid,795667,799558,799616,3891,58,3949,completed,36
1998,Rigid,795667,799617,799673,3950,56,4006,completed,36
1999,Rigid,795667,799675,799712,4008,37,4045,completed,36
2000,Rigid,795669,799713,799743,4044,30,4074,completed,36
2001,Rigid,795673,801239,801243,5566,4,5570,completed,36
2002,Rigid,795689,795690,795707,1,17,18,completed,36
2003,Rigid,795703,805294,807093,9591,1799,11390,completed,36
2004,Rigid,795767,795767,795819,0,52,52,completed,36
2005,Rigid,795780,795780,795786,0,6,6,completed,2
2006,Rigid,796244,796531,796550,287,19,306,completed,72
2007,Rigid,796273,796281,796289,8,8,16,completed,2
2008,Rigid,796294,796311,796425,17,114,131,completed,1
2009,Rigid,796432,796432,796483,0,51,51,completed,36
2010,Rigid,796465,796493,796497,28,4,32,completed,2
2011,Rigid,796488,796489,799931,1,3442,3443,completed,8
2012,Rigid,796518,799744,805821,3226,6077,9303,completed,36
2013,Rigid,796518,800022,806104,3504,6082,9586,completed,36
2014,Rigid,796518,800100,806207,3582,6107,9689,completed,36
2015,Rigid,796518,800214,806321,3696,6107,9803,completed,36
2016,Rigid,796519,800273,806407,3754,6134,9888,completed,36
2017,Rigid,796519,800318,806454,3799,6136,9935,completed,36
2018,Rigid,796519,801244,807397,4725,6153,10878,completed,36
2019,Rigid,796519,801249,807405,4730,6156,10886,completed,36
2020,Rigid,796520,801293,807477,4773,6184,10957,completed,36
2021,Rigid,796520,801574,807755,5054,6181,11235,completed,36
2022,Rigid,796520,801822,808027,5302,6205,11507,completed,36
2023,Rigid,796520,801976,808181,5456,6205,11661,completed,36
2024,Rigid,796521,801991,808219,5470,6228,11698,completed,36
2025,Rigid,796521,802155,808384,5634,6229,11863,completed,36
2026,Rigid,796521,802239,808491,5718,6252,11970,completed,36
2027,Rigid,796521,802269,808520,5748,6251,11999,completed,36
2028,Rigid,796522,802511,808794,5989,6283,12272,completed,36
2029,Rigid,796522,802691,808973,6169,6282,12451,completed,36
2030,Rigid,796522,802692,809001,6170,6309,12479,completed,36
2031,Rigid,796524,802692,808999,6168,6307,12475,completed,36
2032,Rigid,796627,796628,796637,1,9,10,completed,2
2033,Rigid,796706,796735,804203,29,7468,7497,completed,1
2034,Rigid,796714,797117,799556,403,2439,2842,completed,144
2035,Rigid,796721,797342,797418,621,76,697,completed,36
2036,Rigid,796794,805407,840260,8613,34853,43466,completed,36
2037,Rigid,796806,796826,796831,20,5,25,completed,2
2038,Rigid,796810,796826,807637,16,10811,10827,completed,1
2039,Rigid,796949,796978,796987,29,9,38,completed,2
2040,Rigid,796968,796968,797021,0,53,53,completed,36
2041,Rigid,797030,797039,804559,9,7520,7529,completed,1
2042,Rigid,797270,799298,806527,2028,7229,9257,completed,396
2043,Rigid,797391,797392,797426,1,34,35,completed,2
2044,Rigid,797391,797393,797416,2,23,25,completed,2
2045,Rigid,797391,797393,797426,2,33,35,completed,2
2046,Rigid,797391,797393,797426,2,33,35,completed,2
2047,Rigid,797391,797393,797426,2,33,35,completed,2
2048,Rigid,797391,797393,797428,2,35,37,completed,2
2049,Rigid,797391,797393,797426,2,33,35,completed,2
2050,Rigid,797391,797393,797426,2,33,35,completed,2
2051,Rigid,797391,797393,797426,2,33,35,completed,2
2052,Rigid,797391,797393,797426,2,33,35,completed,2
2053,Rigid,797391,797393,797429,2,36,38,completed,2
2054,Rigid,797392,797393,797426,1,33,34,completed,2
2055,Rigid,797392,797393,797426,1,33,34,completed,2
2056,Rigid,797392,797393,797426,1,33,34,completed,2
2057,Rigid,797392,797393,797426,1,33,34,completed,2
2058,Rigid,797392,797393,797426,1,33,34,completed,2
2059,Rigid,797392,797393,797426,1,33,34,completed,2
2060,Rigid,797392,797393,797429,1,36,37,completed,2
2061,Rigid,797392,797393,797426,1,33,34,completed,2
2062,Rigid,797392,797393,797426,1,33,34,completed,2
2063,Rigid,797392,797393,797426,1,33,34,completed,2
2064,Rigid,797392,797393,797433,1,40,41,completed,2
2065,Rigid,797392,797393,797426,1,33,34,completed,2
2066,Rigid,797392,797393,797426,1,33,34,completed,2
2067,Rigid,797393,797396,797429,3,33,36,completed,2
2068,Rigid,797393,797396,797429,3,33,36,completed,2
2069,Rigid,797393,797396,797426,3,30,33,completed,2
2070,Rigid,797393,797396,797426,3,30,33,completed,2
2071,Rigid,797393,797396,797426,3,30,33,completed,2
2072,Rigid,797393,797396,797426,3,30,33,completed,2
2073,Rigid,797427,797427,797434,0,7,7,completed,2
2074,Rigid,797427,797427,797470,0,43,43,completed,2
2075,Rigid,797427,797427,797470,0,43,43,completed,2
2076,Rigid,797427,797427,797436,0,9,9,completed,2
2077,Rigid,797428,797428,797468,0,40,40,completed,2
2078,Rigid,797428,797428,797464,0,36,36,completed,2
2079,Rigid,797428,797429,797436,1,7,8,completed,2
2080,Rigid,797428,797429,797436,1,7,8,completed,2
2081,Rigid,797428,797429,797460,1,31,32,completed,2
2082,Rigid,797428,797429,797458,1,29,30,completed,2
2083,Rigid,797428,797429,797463,1,34,35,completed,2
2084,Rigid,797428,797429,797463,1,34,35,completed,2
2085,Rigid,797428,797429,797436,1,7,8,completed,2
2086,Rigid,797428,797429,797436,1,7,8,completed,2
2087,Rigid,797428,797429,797464,1,35,36,completed,2
2088,Rigid,797428,797429,797435,1,6,7,completed,2
2089,Rigid,797428,797429,797458,1,29,30,completed,2
2090,Rigid,797428,797429,797436,1,7,8,completed,2
2091,Rigid,797428,797429,797463,1,34,35,completed,2
2092,Rigid,797428,797429,797459,1,30,31,completed,2
2093,Rigid,797428,797429,797460,1,31,32,completed,2
2094,Rigid,797429,797429,797461,0,32,32,completed,2
2095,Rigid,797429,797429,797464,0,35,35,completed,2
2096,Rigid,797429,797429,797436,0,7,7,completed,2
2097,Rigid,797429,797429,797458,0,29,29,completed,2
2098,Rigid,797429,797429,797436,0,7,7,completed,2
2099,Rigid,797429,797429,797458,0,29,29,completed,2
2100,Rigid,797429,797429,797462,0,33,33,completed,2
2101,Rigid,797429,797429,797436,0,7,7,completed,2
2102,Rigid,797429,797429,797460,0,31,31,completed,2
2103,Rigid,797429,797429,797463,0,34,34,completed,2
2104,Rigid,797429,797429,797465,0,36,36,completed,2
2105,Rigid,797429,797429,797437,0,8,8,completed,2
2106,Rigid,797429,797429,797458,0,29,29,completed,2
2107,Rigid,797429,797429,797436,0,7,7,completed,2
2108,Rigid,797429,797429,797463,0,34,34,completed,2
2109,Rigid,797429,797429,797463,0,34,34,completed,2
2110,Rigid,797429,797430,797463,1,33,34,completed,2
2111,Rigid,797429,797430,797438,1,8,9,completed,2
2112,Rigid,797429,797430,797438,1,8,9,completed,2
2113,Rigid,797429,797430,797437,1,7,8,completed,2
2114,Rigid,797430,797430,797460,0,30,30,completed,2
2115,Rigid,797430,797430,797436,0,6,6,completed,2
2116,Rigid,797430,797430,797461,0,31,31,completed,2
2117,Rigid,797430,797430,797437,0,7,7,completed,2
2118,Rigid,797430,797430,797436,0,6,6,completed,2
2119,Rigid,797430,797430,797463,0,33,33,completed,2
2120,Rigid,797430,797430,797463,0,33,33,completed,2
2121,Rigid,797430,797430,797437,0,7,7,completed,2
2122,Rigid,797430,797430,797438,0,8,8,completed,2
2123,Rigid,797430,797430,797458,0,28,28,completed,2
2124,Rigid,797430,797430,797438,0,8,8,completed,2
2125,Rigid,797430,797430,797458,0,28,28,completed,2
2126,Rigid,797430,797430,797438,0,8,8,completed,2
2127,Rigid,797430,797430,797438,0,8,8,completed,2
2128,Rigid,797430,797430,797463,0,33,33,completed,2
2129,Rigid,797430,797431,797436,1,5,6,completed,2
2130,Rigid,797430,797431,797465,1,34,35,completed,2
2131,Rigid,797430,797431,797458,1,27,28,completed,2
2132,Rigid,797431,797431,797464,0,33,33,completed,2
2133,Rigid,797431,797431,797436,0,5,5,completed,2
2134,Rigid,797431,797431,797463,0,32,32,completed,2
2135,Rigid,797431,797431,797461,0,30,30,completed,2
2136,Rigid,797431,797431,797436,0,5,5,completed,2
2137,Rigid,797431,797431,797463,0,32,32,completed,2
2138,Rigid,797431,797431,797458,0,27,27,completed,2
2139,Rigid,797431,797432,797437,1,5,6,completed,2
2140,Rigid,797431,797432,797459,1,27,28,completed,2
2141,Rigid,797431,797432,797466,1,34,35,completed,2
2142,Rigid,797431,797432,797437,1,5,6,completed,2
2143,Rigid,797431,797432,797458,1,26,27,completed,2
2144,Rigid,797431,797432,797465,1,33,34,completed,2
2145,Rigid,797431,797432,797437,1,5,6,completed,2
2146,Rigid,797431,797432,797462,1,30,31,completed,2
2147,Rigid,797431,797432,797437,1,5,6,completed,2
2148,Rigid,797431,797432,797460,1,28,29,completed,2
2149,Rigid,797431,797432,797437,1,5,6,completed,2
2150,Rigid,797431,797432,797466,1,34,35,completed,2
2151,Rigid,797432,797432,797438,0,6,6,completed,2
2152,Rigid,797432,797432,797465,0,33,33,completed,2
2153,Rigid,797432,797432,797462,0,30,30,completed,2
2154,Rigid,797432,797432,797460,0,28,28,completed,2
2155,Rigid,797432,797432,797472,0,40,40,completed,2
2156,Rigid,797432,797432,797471,0,39,39,completed,2
2157,Rigid,797432,797432,797468,0,36,36,completed,2
2158,Rigid,797432,797432,797465,0,33,33,completed,2
2159,Rigid,797432,797432,797441,0,9,9,completed,2
2160,Rigid,797432,797432,797441,0,9,9,completed,2
2161,Rigid,797432,797432,797439,0,7,7,completed,2
2162,Rigid,797432,797432,797466,0,34,34,completed,2
2163,Rigid,797432,797432,797472,0,40,40,completed,2
2164,Rigid,797433,797434,797464,1,30,31,completed,2
2165,Rigid,797433,797434,797442,1,8,9,completed,2
2166,Rigid,797433,797434,797470,1,36,37,completed,2
2167,Rigid,797433,797434,797462,1,28,29,completed,2
2168,Rigid,797433,797434,797465,1,31,32,completed,2
2169,Rigid,797433,797434,797441,1,7,8,completed,2
2170,Rigid,797433,797434,797440,1,6,7,completed,2
2171,Rigid,797433,797434,797441,1,7,8,completed,2
2172,Rigid,797433,797434,797468,1,34,35,completed,2
2173,Rigid,797433,797434,797459,1,25,26,completed,2
2174,Rigid,797433,797434,797464,1,30,31,completed,2
2175,Rigid,797433,797434,797441,1,7,8,completed,2
2176,Rigid,797433,797434,797442,1,8,9,completed,2
2177,Rigid,797433,797434,797466,1,32,33,completed,2
2178,Rigid,797434,797434,797441,0,7,7,completed,2
2179,Rigid,797434,797434,797462,0,28,28,completed,2
2180,Rigid,797434,797434,797442,0,8,8,completed,2
2181,Rigid,797434,797434,797443,0,9,9,completed,2
2182,Rigid,797434,797434,797442,0,8,8,completed,2
2183,Rigid,797434,797434,797460,0,26,26,completed,2
2184,Rigid,797434,797434,797465,0,31,31,completed,2
2185,Rigid,797434,797434,797441,0,7,7,completed,2
2186,Rigid,797434,797434,797463,0,29,29,completed,2
2187,Rigid,797434,797434,797466,0,32,32,completed,2
2188,Rigid,797434,797434,797460,0,26,26,completed,2
2189,Rigid,797434,797434,797465,0,31,31,completed,2
2190,Rigid,797434,797434,797443,0,9,9,completed,2
2191,Rigid,797434,797435,797462,1,27,28,completed,2
2192,Rigid,797434,797435,797470,1,35,36,completed,2
2193,Rigid,797435,797435,797442,0,7,7,completed,2
2194,Rigid,797435,797435,797442,0,7,7,completed,2
2195,Rigid,797435,797435,797460,0,25,25,completed,2
2196,Rigid,797435,797435,797443,0,8,8,completed,2
2197,Rigid,797435,797435,797467,0,32,32,completed,2
2198,Rigid,797435,797435,797443,0,8,8,completed,2
2199,Rigid,797435,797435,797465,0,30,30,completed,2
2200,Rigid,797435,797435,797466,0,31,31,completed,2
2201,Rigid,797435,797436,797443,1,7,8,completed,2
2202,Rigid,797435,797436,797462,1,26,27,completed,2
2203,Rigid,797435,797436,797443,1,7,8,completed,2
2204,Rigid,797435,797436,797466,1,30,31,completed,2
2205,Rigid,797435,797436,797443,1,7,8,completed,2
2206,Rigid,797435,797436,797463,1,27,28,completed,2
2207,Rigid,797435,797436,797466,1,30,31,completed,2
2208,Rigid,797435,797436,797443,1,7,8,completed,2
2209,Rigid,797435,797436,797460,1,24,25,completed,2
2210,Rigid,797436,797436,797466,0,30,30,completed,2
2211,Rigid,797436,797436,797443,0,7,7,completed,2
2212,Rigid,797436,797436,797475,0,39,39,completed,2
2213,Rigid,797436,797436,797461,0,25,25,completed,2
2214,Rigid,797440,797441,797447,1,6,7,completed,2
2215,Rigid,797441,797441,797447,0,6,6,completed,2
2216,Rigid,797442,797443,797448,1,5,6,completed,2
2217,Rigid,797443,797443,797448,0,5,5,completed,2
2218,Rigid,797443,797443,797449,0,6,6,completed,2
2219,Rigid,797443,797444,797449,1,5,6,completed,2
2220,Rigid,797444,797445,797450,1,5,6,completed,2
2221,Rigid,797444,797445,797450,1,5,6,completed,2
2222,Rigid,797445,797445,797450,0,5,5,completed,2
2223,Rigid,797446,797448,797454,2,6,8,completed,2
2224,Rigid,797446,797448,797454,2,6,8,completed,2
2225,Rigid,797447,797448,797454,1,6,7,completed,2
2226,Rigid,797447,797448,797454,1,6,7,completed,2
2227,Rigid,797447,797448,797454,1,6,7,completed,2
2228,Rigid,797448,797448,797454,0,6,6,completed,2
2229,Rigid,797448,797448,797454,0,6,6,completed,2
2230,Rigid,797448,797448,797454,0,6,6,completed,2
2231,Rigid,797448,797448,797454,0,6,6,completed,2
2232,Rigid,797449,797450,797455,1,5,6,completed,2
2233,Rigid,797450,797451,797457,1,6,7,completed,2
2234,Rigid,797451,797451,797457,0,6,6,completed,2
2235,Rigid,797452,797453,797459,1,6,7,completed,2
2236,Rigid,797485,797486,797492,1,6,7,completed,2
2237,Rigid,797495,797496,797506,1,10,11,completed,2
2238,Rigid,798007,802692,816627,4685,13935,18620,completed,36
2239,Rigid,798022,802856,810548,4834,7692,12526,completed,36
2240,Rigid,798065,802936,818379,4871,15443,20314,completed,36
2241,Rigid,798328,798341,801451,13,3110,3123,completed,1
2242,Rigid,798490,798490,798497,0,7,7,completed,2
2243,Rigid,798717,798735,802223,18,3488,3506,completed,1
2244,Rigid,798882,798887,802498,5,3611,3616,completed,1
2245,Rigid,798956,798956,799020,0,64,64,completed,36
2246,Rigid,798992,799007,802332,15,3325,3340,completed,1
2247,Rigid,799201,799219,803928,18,4709,4727,completed,1
2248,Rigid,799266,799266,799315,0,49,49,completed,36
2249,Rigid,799310,799311,799316,1,5,6,completed,1
2250,Rigid,799356,799357,799500,1,143,144,completed,1
2251,Rigid,799392,799401,799787,9,386,395,completed,1
2252,Rigid,799392,799394,799441,2,47,49,completed,36
2253,Rigid,799594,799594,799656,0,62,62,completed,36
2254,Rigid,799760,805745,967751,5985,162006,167991,completed,36
2255,Rigid,799800,799801,799857,1,56,57,completed,36
2256,Rigid,799808,799808,799961,0,153,153,completed,36
2257,Rigid,799812,799824,802730,12,2906,2918,completed,1
2258,Rigid,799835,799835,799844,0,9,9,completed,1
2259,Rigid,799929,799947,802973,18,3026,3044,completed,1
2260,Rigid,799932,799934,799987,2,53,55,completed,36
2261,Rigid,800046,800046,822875,0,22829,22829,completed,8
2262,Rigid,800062,800068,803450,6,3382,3388,completed,1
2263,Rigid,800164,800165,800195,1,30,31,completed,36
2264,Rigid,800528,800528,800557,0,29,29,completed,36
2265,Rigid,800540,800540,800584,0,44,44,completed,36
2266,Rigid,800572,800690,807004,118,6314,6432,completed,72
2267,Rigid,800646,800646,800689,0,43,43,completed,36
2268,Rigid,801154,801155,801164,1,9,10,completed,72
2269,Rigid,801225,801226,809011,1,7785,7786,completed,1
2270,Rigid,801424,801425,801487,1,62,63,completed,72
2271,Rigid,801504,801505,801523,1,18,19,completed,36
2272,Rigid,801515,801525,801535,10,10,20,completed,36
2273,Rigid,801572,801572,801617,0,45,45,completed,36
2274,Rigid,802627,802638,803091,11,453,464,completed,18
2275,Rigid,802734,802734,1234757,0,432023,432023,completed,36
2276,Rigid,803012,803021,803074,9,53,62,completed,36
2277,Rigid,803056,803077,804204,21,1127,1148,completed,36
2278,Rigid,803089,803117,804254,28,1137,1165,completed,36
2279,Rigid,803122,803332,804565,210,1233,1443,completed,36
2280,Rigid,803479,803483,803569,4,86,90,completed,18
2281,Rigid,803571,803576,805170,5,1594,1599,completed,18
2282,Rigid,803940,803940,805185,0,1245,1245,completed,6
2283,Rigid,804301,804302,807264,1,2962,2963,completed,8
2284,Rigid,804373,804460,804465,87,5,92,completed,36
2285,Rigid,804652,804977,808051,325,3074,3399,completed,36
2286,Rigid,805292,805294,807898,2,2604,2606,completed,18
2287,Rigid,805514,805519,810032,5,4513,4518,completed,36
2288,Rigid,805599,805605,828792,6,23187,23193,completed,36
2289,Rigid,805614,805733,805744,119,11,130,completed,36
2290,Rigid,805652,805733,805744,81,11,92,completed,36
2291,Rigid,805779,805797,806280,18,483,501,completed,36
2292,Rigid,805795,805797,809992,2,4195,4197,completed,36
2293,Rigid,805803,805804,807021,1,1217,1218,completed,6
2294,Rigid,805819,805822,806523,3,701,704,completed,36
2295,Rigid,805846,806020,806238,174,218,392,completed,36
2296,Rigid,805860,806106,858784,246,52678,52924,completed,36
2297,Rigid,805870,806208,842900,338,36692,37030,completed,36
2298,Rigid,805927,806240,830439,313,24199,24512,completed,36
2299,Rigid,805937,806253,822474,316,16221,16537,completed,36
2300,Rigid,805995,806282,820900,287,14618,14905,completed,36
2301,Rigid,806006,806322,822411,316,16089,16405,completed,36
2302,Rigid,806925,807005,807264,80,259,339,completed,8
2303,Rigid,807101,807101,807264,0,163,163,completed,8
2304,Rigid,807124,807124,807264,0,140,140,completed,8
2305,Rigid,807160,807267,807378,107,111,218,completed,36
2306,Rigid,807169,807170,807264,1,94,95,completed,8
2307,Rigid,807199,807200,807264,1,64,65,completed,8
2308,Rigid,807308,807309,1121584,1,314275,314276,completed,8
2309,Rigid,807337,807338,1121584,1,314246,314247,completed,8
2310,Rigid,807355,807379,1121584,24,314205,314229,completed,8
2311,Rigid,807366,807379,1121584,13,314205,314218,completed,8
2312,Rigid,807387,807388,1121584,1,314196,314197,completed,8
2313,Rigid,807393,807398,807499,5,101,106,completed,36
2314,Rigid,807400,807400,1121584,0,314184,314184,completed,8
2315,Rigid,807415,807501,1121584,86,314083,314169,completed,8
2316,Rigid,807431,807501,1121584,70,314083,314153,completed,8
2317,Rigid,807444,807501,1121584,57,314083,314140,completed,8
2318,Rigid,807456,807501,1121584,45,314083,314128,completed,8
2319,Rigid,807469,807639,1045048,170,237409,237579,completed,8
2320,Rigid,807473,807478,807754,5,276,281,completed,36
2321,Rigid,807482,807482,808056,0,574,574,completed,6
2322,Rigid,807485,807639,1121584,154,313945,314099,completed,8
2323,Rigid,807500,807639,1121584,139,313945,314084,completed,8
2324,Rigid,807515,807639,1121584,124,313945,314069,completed,8
2325,Rigid,807533,807756,1045048,223,237292,237515,completed,8
2326,Rigid,807609,807758,807865,149,107,256,completed,36
2327,Rigid,807618,807756,1045048,138,237292,237430,completed,8
2328,Rigid,807633,807756,1045048,123,237292,237415,completed,8
2329,Rigid,807913,808028,808140,115,112,227,completed,36
2330,Rigid,808000,808007,1045048,7,237041,237048,completed,8
2331,Rigid,808017,808017,1045048,0,237031,237031,completed,8
2332,Rigid,808031,808031,1045048,0,237017,237017,completed,8
2333,Rigid,808045,808052,1045048,7,236996,237003,completed,8
2334,Rigid,808059,808061,1045048,2,236987,236989,completed,8
2335,Rigid,808073,808073,1045048,0,236975,236975,completed,8
2336,Rigid,808115,808115,1045048,0,236933,236933,completed,8
2337,Rigid,808129,808141,1045048,12,236907,236919,completed,8
2338,Rigid,808143,808144,1045048,1,236904,236905,completed,8
2339,Rigid,808216,808221,808288,5,67,72,completed,36
2340,Rigid,808221,808289,808356,68,67,135,completed,36
2341,Rigid,808226,808357,808431,131,74,205,completed,36
2342,Rigid,808231,808386,808456,155,70,225,completed,36
2343,Rigid,808231,808248,808882,17,634,651,completed,18
2344,Rigid,808236,808432,808502,196,70,266,completed,36
2345,Rigid,808241,808458,808527,217,69,286,completed,36
2346,Rigid,808246,808493,808577,247,84,331,completed,36
2347,Rigid,808251,808503,808584,252,81,333,completed,36
2348,Rigid,808257,808521,808596,264,75,339,completed,36
2349,Rigid,808262,808528,808629,266,101,367,completed,36
2350,Rigid,808267,808579,808664,312,85,397,completed,36
2351,Rigid,808272,808586,808707,314,121,435,completed,36
2352,Rigid,808277,808597,808681,320,84,404,completed,36
2353,Rigid,808282,808631,808717,349,86,435,completed,36
2354,Rigid,808287,808666,808732,379,66,445,completed,36
2355,Rigid,808292,808683,808768,391,85,476,completed,36
2356,Rigid,808591,808718,814196,127,5478,5605,completed,72
2357,Rigid,808614,808770,810969,156,2199,2355,completed,72
2358,Rigid,808654,808974,810859,320,1885,2205,completed,72
2359,Rigid,808683,808700,808703,17,3,20,completed,1
2360,Rigid,808699,809002,832305,303,23303,23606,completed,72
2361,Rigid,808835,822411,825151,13576,2740,16316,completed,72
2362,Rigid,808861,822682,832808,13821,10126,23947,completed,72
2363,Rigid,809127,809128,809682,1,554,555,completed,6
2364,Rigid,809315,809697,810207,382,510,892,completed,18
2365,Rigid,809414,809994,818963,580,8969,9549,completed,36
2366,Rigid,809424,810034,818466,610,8432,9042,completed,36
2367,Rigid,809434,810549,818850,1115,8301,9416,completed,36
2368,Rigid,809444,810584,818583,1140,7999,9139,completed,36
2369,Rigid,809454,810587,818934,1133,8347,9480,completed,36
2370,Rigid,809464,810703,819283,1239,8580,9819,completed,36
2371,Rigid,809475,810810,818988,1335,8178,9513,completed,36
2372,Rigid,809485,810830,818918,1345,8088,9433,completed,36
2373,Rigid,809495,810830,818896,1335,8066,9401,completed,36
2374,Rigid,809505,810861,819351,1356,8490,9846,completed,36
2375,Rigid,809515,810861,819062,1346,8201,9547,completed,36
2376,Rigid,809525,810970,818996,1445,8026,9471,completed,36
2377,Rigid,809535,810970,819182,1435,8212,9647,completed,36
2378,Rigid,809547,811240,819290,1693,8050,9743,completed,36
2379,Rigid,809557,812176,820638,2619,8462,11081,completed,36
2380,Rigid,809567,812893,820814,3326,7921,11247,completed,36
2381,Rigid,810018,810019,810534,1,515,516,completed,6
2382,Rigid,810263,812955,820825,2692,7870,10562,completed,36
2383,Rigid,810274,813688,822344,3414,8656,12070,completed,36
2384,Rigid,810284,814198,822863,3914,8665,12579,completed,36
2385,Rigid,810294,814393,822286,4099,7893,11992,completed,36
2386,Rigid,810304,814463,814528,4159,65,4224,completed,36
2387,Rigid,810314,814522,822502,4208,7980,12188,completed,36
2388,Rigid,810324,814529,823080,4205,8551,12756,completed,36
2389,Rigid,810335,814615,814682,4280,67,4347,completed,36
2390,Rigid,810345,814672,823073,4327,8401,12728,completed,36
2391,Rigid,810355,814672,814795,4317,123,4440,completed,36
2392,Rigid,810365,814672,822664,4307,7992,12299,completed,36
2393,Rigid,810375,814672,822592,4297,7920,12217,completed,36
2394,Rigid,810385,814672,823091,4287,8419,12706,completed,36
2395,Rigid,810395,814672,823223,4277,8551,12828,completed,36
2396,Rigid,810405,814672,823437,4267,8765,13032,completed,36
2397,Rigid,810549,810550,811105,1,555,556,completed,6
2398,Rigid,810778,811114,811587,336,473,809,completed,18
2399,Rigid,811296,823439,935177,12143,111738,123881,completed,180
2400,Rigid,811674,811687,817088,13,5401,5414,completed,1
2401,Rigid,811760,814672,814803,2912,131,3043,completed,36
2402,Rigid,811770,814672,814804,2902,132,3034,completed,36
2403,Rigid,811780,814672,822087,2892,7415,10307,completed,36
2404,Rigid,811790,814672,815610,2882,938,3820,completed,36
2405,Rigid,811800,814672,814808,2872,136,3008,completed,36
2406,Rigid,811810,814672,820538,2862,5866,8728,completed,36
2407,Rigid,811820,814672,814800,2852,128,2980,completed,36
2408,Rigid,811831,814672,817718,2841,3046,5887,completed,36
2409,Rigid,811841,814672,814804,2831,132,2963,completed,36
2410,Rigid,811851,814683,815981,2832,1298,4130,completed,36
2411,Rigid,811861,814706,814804,2845,98,2943,completed,36
2412,Rigid,811871,814796,815668,2925,872,3797,completed,36
2413,Rigid,811881,814801,815461,2920,660,3580,completed,36
2414,Rigid,811891,814805,815172,2914,367,3281,completed,36
2415,Rigid,811901,814805,823281,2904,8476,11380,completed,36
2416,Rigid,811912,814805,823415,2893,8610,11503,completed,36
2417,Rigid,811922,814806,822970,2884,8164,11048,completed,36
2418,Rigid,811930,811958,1044722,28,232764,232792,completed,8
2419,Rigid,811932,814809,822924,2877,8115,10992,completed,36
2420,Rigid,811942,815074,823910,3132,8836,11968,completed,36
2421,Rigid,811948,811958,1045048,10,233090,233100,completed,8
2422,Rigid,811952,815174,823237,3222,8063,11285,completed,36
2423,Rigid,811959,815225,1044722,3266,229497,232763,completed,8
2424,Rigid,811962,815463,823990,3501,8527,12028,completed,36
2425,Rigid,811970,817097,1044722,5127,227625,232752,completed,8
2426,Rigid,811972,815612,815678,3640,66,3706,completed,36
2427,Rigid,811982,815669,823589,3687,7920,11607,completed,36
2428,Rigid,811987,819087,1044722,7100,225635,232735,completed,8
2429,Rigid,811992,815679,824927,3687,9248,12935,completed,36
2430,Rigid,811998,819087,1044722,7089,225635,232724,completed,8
2431,Rigid,812003,815982,824011,3979,8029,12008,completed,36
2432,Rigid,812008,819087,1044722,7079,225635,232714,completed,8
2433,Rigid,812013,817811,826671,5798,8860,14658,completed,36
2434,Rigid,812019,819087,1044722,7068,225635,232703,completed,8
2435,Rigid,812023,818678,826998,6655,8320,14975,completed,36
2436,Rigid,812031,819087,1044722,7056,225635,232691,completed,8
2437,Rigid,812033,818851,827439,6818,8588,15406,completed,36
2438,Rigid,812044,819087,1044722,7043,225635,232678,completed,8
2439,Rigid,812054,819087,1044722,7033,225635,232668,completed,8
2440,Rigid,812065,819087,1044722,7022,225635,232657,completed,8
2441,Rigid,812076,819087,1044722,7011,225635,232646,completed,8
2442,Rigid,812087,819132,1044722,7045,225590,232635,completed,8
2443,Rigid,812099,819132,1044722,7033,225590,232623,completed,8
2444,Rigid,812111,819132,1044722,7021,225590,232611,completed,8
2445,Rigid,812124,819133,1044722,7009,225589,232598,completed,8
2446,Rigid,812133,819141,1044722,7008,225581,232589,completed,8
2447,Rigid,812143,819141,1044722,6998,225581,232579,completed,8
2448,Rigid,812470,812471,812638,1,167,168,completed,6
2449,Rigid,812713,819186,837355,6473,18169,24642,completed,36
2450,Rigid,812732,819217,829167,6485,9950,16435,completed,36
2451,Rigid,812772,816644,828053,3872,11409,15281,completed,18
2452,Rigid,812812,812812,813895,0,1083,1083,completed,6
2453,Rigid,813048,818898,818991,5850,93,5943,completed,36
2454,Rigid,813058,818920,818981,5862,61,5923,completed,36
2455,Rigid,813068,818935,842577,5867,23642,29509,completed,36
2456,Rigid,813078,818965,819075,5887,110,5997,completed,36
2457,Rigid,813088,818982,819085,5894,103,5997,completed,36
2458,Rigid,813098,818990,842267,5892,23277,29169,completed,36
2459,Rigid,813108,818993,819086,5885,93,5978,completed,36
2460,Rigid,813118,818997,819079,5879,82,5961,completed,36
2461,Rigid,813129,819031,819140,5902,109,6011,completed,36
2462,Rigid,813139,819063,819130,5924,67,5991,completed,36
2463,Rigid,813149,819077,819163,5928,86,6014,completed,36
2464,Rigid,813159,819081,819173,5922,92,6014,completed,36
2465,Rigid,813169,819087,819177,5918,90,6008,completed,36
2466,Rigid,814188,814189,814362,1,173,174,completed,6
2467,Rigid,814191,814198,814520,7,322,329,completed,6
2468,Rigid,814617,814618,814879,1,261,262,completed,6
2469,Rigid,814974,814974,815000,0,26,26,completed,1
2470,Rigid,815049,815049,815060,0,11,11,completed,1
2471,Rigid,815099,815100,815106,1,6,7,completed,1
2472,Rigid,815153,815154,815161,1,7,8,completed,1
2473,Rigid,815233,815236,815243,3,7,10,completed,1
2474,Rigid,815345,815345,815373,0,28,28,completed,1
2475,Rigid,815382,815383,815407,1,24,25,completed,6
2476,Rigid,815461,815462,815490,1,28,29,completed,1
2477,Rigid,815627,815627,815646,0,19,19,completed,1
2478,Rigid,815765,815766,815784,1,18,19,completed,1
2479,Rigid,815907,815908,815936,1,28,29,completed,1
2480,Rigid,815989,815990,816859,1,869,870,completed,6
2481,Rigid,815991,816628,817880,637,1252,1889,completed,6
2482,Rigid,816127,816128,816162,1,34,35,completed,1
2483,Rigid,816214,816215,816239,1,24,25,completed,1
2484,Rigid,816355,816356,816403,1,47,48,completed,1
2485,Rigid,816802,816803,816875,1,72,73,completed,1
2486,Rigid,816916,816946,854106,30,37160,37190,completed,1
2487,Rigid,816961,816962,817039,1,77,78,completed,1
2488,Rigid,816999,817006,861782,7,44776,44783,completed,1
2489,Rigid,817026,817026,818467,0,1441,1441,completed,6
2490,Rigid,817061,817061,817140,0,79,79,completed,5
2491,Rigid,817083,817719,817809,636,90,726,completed,18
2492,Rigid,817146,817157,955638,11,138481,138492,completed,1
2493,Rigid,817215,817218,930873,3,113655,113658,completed,1
2494,Rigid,817307,817309,817355,2,46,48,completed,1
2495,Rigid,817311,817312,817336,1,24,25,completed,1
2496,Rigid,817416,819186,1097440,1770,278254,280024,completed,72
2497,Rigid,817416,817430,913600,14,96170,96184,completed,1
2498,Rigid,817428,820664,867440,3236,46776,50012,completed,108
2499,Rigid,817468,817490,818939,22,1449,1471,completed,1
2500,Rigid,817493,817521,845170,28,27649,27677,completed,1
2501,Rigid,817577,817580,817593,3,13,16,completed,1
2502,Rigid,817876,823093,830294,5217,7201,12418,completed,396
2503,Rigid,817906,818584,819030,678,446,1124,completed,36
2504,Rigid,817977,817978,819798,1,1820,1821,completed,6
2505,Rigid,817994,818380,819086,386,706,1092,completed,36
2506,Rigid,818014,818468,818676,454,208,662,completed,36
2507,Rigid,818334,820755,828053,2421,7298,9719,completed,180
2508,Rigid,819465,819465,819473,0,8,8,completed,36
2509,Rigid,819513,819513,819529,0,16,16,completed,72
2510,Rigid,819587,819848,819871,261,23,284,completed,144
2511,Rigid,819964,819965,819989,1,24,25,completed,72
2512,Rigid,820018,820019,820734,1,715,716,completed,6
2513,Rigid,820038,820040,820057,2,17,19,completed,36
2514,Rigid,820187,820205,820229,18,24,42,completed,72
2515,Rigid,820872,820873,820954,1,81,82,completed,5
2516,Rigid,822897,822898,823732,1,834,835,completed,6
2517,Rigid,823009,823009,823533,0,524,524,completed,6
2518,Rigid,823882,823882,823955,0,73,73,completed,5
2519,Rigid,824075,824075,824098,0,23,23,completed,72
2520,Rigid,824104,824104,824173,0,69,69,completed,72
2521,Rigid,824151,824151,824197,0,46,46,completed,18
2522,Rigid,824182,824182,825377,0,1195,1195,completed,6
2523,Rigid,824468,824469,824533,1,64,65,completed,72
2524,Rigid,824924,824924,824991,0,67,67,completed,72
2525,Rigid,824963,824993,825060,30,67,97,completed,72
2526,Rigid,825071,825072,825133,1,61,62,completed,72
2527,Rigid,825522,825523,826558,1,1035,1036,completed,6
2528,Rigid,825561,825562,825936,1,374,375,completed,36
2529,Rigid,826231,826232,826342,1,110,111,completed,36
2530,Rigid,826622,826623,826938,1,315,316,completed,36
2531,Rigid,826634,826635,826735,1,100,101,completed,36
2532,Rigid,826656,826656,828272,0,1616,1616,completed,6
2533,Rigid,827812,827813,827816,1,3,4,completed,36
2534,Rigid,827883,827883,827886,0,3,3,completed,36
2535,Rigid,827935,827936,827939,1,3,4,completed,36
2536,Rigid,828005,828006,828095,1,89,90,completed,36
2537,Rigid,828032,828033,831155,1,3122,3123,completed,18
2538,Rigid,828477,828478,829180,1,702,703,completed,6
2539,Rigid,829188,829189,829262,1,73,74,completed,5
2540,Rigid,829251,829252,829323,1,71,72,completed,1
2541,Rigid,829514,829514,831155,0,1641,1641,completed,180
2542,Rigid,830018,830019,830100,1,81,82,completed,5
2543,Rigid,830289,830289,830391,0,102,102,completed,1
2544,Rigid,830503,830504,831201,1,697,698,completed,6
2545,Rigid,830843,830843,830850,0,7,7,completed,72
2546,Rigid,830858,830858,838000,0,7142,7142,completed,144
2547,Rigid,831148,831148,833233,0,2085,2085,completed,18
2548,Rigid,831247,831248,831350,1,102,103,completed,1
2549,Rigid,831361,831361,831462,0,101,101,completed,5
2550,Rigid,831703,831704,831875,1,171,172,completed,1
2551,Rigid,832120,832120,832168,0,48,48,completed,1
2552,Rigid,832214,832214,835098,0,2884,2884,completed,1
2553,Rigid,832307,832308,835082,1,2774,2775,completed,1
2554,Rigid,832658,832659,832785,1,126,127,completed,6
2555,Rigid,832664,832665,833219,1,554,555,completed,180
2556,Rigid,833190,833190,834035,0,845,845,completed,6
2557,Rigid,833223,833223,834209,0,986,986,completed,18
2558,Rigid,834127,834127,834211,0,84,84,completed,5
2559,Rigid,834231,834231,835581,0,1350,1350,completed,18
2560,Rigid,835451,835451,835581,0,130,130,completed,180
2561,Rigid,836200,836200,838307,0,2107,2107,completed,18
2562,Rigid,837334,837335,838307,1,972,973,completed,180
2563,Rigid,837676,837677,837686,1,9,10,completed,6
2564,Rigid,837717,837718,837834,1,116,117,completed,6
2565,Rigid,837908,837909,838005,1,96,97,completed,5
2566,Rigid,838022,838022,838118,0,96,96,completed,6
2567,Rigid,838129,838130,838209,1,79,80,completed,5
2568,Rigid,838296,838296,838351,0,55,55,completed,18
2569,Rigid,838353,838354,857227,1,18873,18874,completed,18
2570,Rigid,839095,839096,857115,1,18019,18020,completed,180
2571,Rigid,851112,851112,877060,0,25948,25948,completed,36
2572,Rigid,851384,851384,855640,0,4256,4256,completed,36
2573,Rigid,852649,852649,855774,0,3125,3125,completed,36
2574,Rigid,852676,852677,855771,1,3094,3095,completed,36
2575,Rigid,860507,860507,1096237,0,235730,235730,completed,144
2576,Rigid,860575,860575,1033394,0,172819,172819,completed,144
2577,Rigid,860691,860692,1033514,1,172822,172823,completed,144
2578,Rigid,860767,860768,1033574,1,172806,172807,completed,144
2579,Rigid,860942,860942,1098114,0,237172,237172,completed,144
2580,Rigid,861123,861124,876155,1,15031,15032,completed,8
2581,Rigid,861146,861147,876155,1,15008,15009,completed,8
2582,Rigid,861158,861158,876155,0,14997,14997,completed,8
2583,Rigid,861170,861170,876155,0,14985,14985,completed,8
2584,Rigid,861182,861182,876155,0,14973,14973,completed,8
2585,Rigid,861195,861195,876155,0,14960,14960,completed,8
2586,Rigid,861206,861207,876155,1,14948,14949,completed,8
2587,Rigid,861217,861218,876155,1,14937,14938,completed,8
2588,Rigid,861645,861646,861886,1,240,241,completed,396
2589,Rigid,861701,861701,861837,0,136,136,completed,36
2590,Rigid,861855,861855,1437856,0,576001,576001,completed,36
2591,Rigid,861940,861940,862432,0,492,492,completed,396
2592,Rigid,862388,862389,862963,1,574,575,completed,396
2593,Rigid,862992,862992,880836,0,17844,17844,completed,576
2594,Rigid,863305,863306,864052,1,746,747,completed,1
2595,Rigid,863306,863310,864143,4,833,837,completed,1
2596,Rigid,863307,863310,864128,3,818,821,completed,1
2597,Rigid,863308,863310,864128,2,818,820,completed,1
2598,Rigid,863309,863310,864052,1,742,743,completed,1
2599,Rigid,863310,863310,864052,0,742,742,completed,1
2600,Rigid,863310,863314,864078,4,764,768,completed,1
2601,Rigid,863311,863314,864128,3,814,817,completed,1
2602,Rigid,863312,863314,864128,2,814,816,completed,1
2603,Rigid,863312,863314,864128,2,814,816,completed,1
2604,Rigid,863313,863314,864128,1,814,815,completed,1
2605,Rigid,863314,863314,864128,0,814,814,completed,1
2606,Rigid,863314,863318,864078,4,760,764,completed,1
2607,Rigid,863315,863318,864078,3,760,763,completed,1
2608,Rigid,863315,863318,864078,3,760,763,completed,1
2609,Rigid,863316,863318,864078,2,760,762,completed,1
2610,Rigid,863589,863589,864138,0,549,549,completed,396
2611,Rigid,863936,863936,945056,0,81120,81120,completed,36
2612,Rigid,863979,863979,1059612,0,195633,195633,completed,36
2613,Rigid,864076,950864,1123679,86788,172815,259603,completed,36
2614,Rigid,864076,950864,1123679,86788,172815,259603,completed,36
2615,Rigid,864076,950864,1123679,86788,172815,259603,completed,36
2616,Rigid,864255,864256,1006589,1,142333,142334,completed,36
2617,Rigid,864271,864271,894880,0,30609,30609,completed,1
2618,Rigid,864271,864275,899903,4,35628,35632,completed,1
2619,Rigid,864272,864275,897651,3,33376,33379,completed,1
2620,Rigid,864272,864275,894955,3,30680,30683,completed,1
2621,Rigid,864273,864275,891542,2,27267,27269,completed,1
2622,Rigid,864273,864275,897627,2,33352,33354,completed,1
2623,Rigid,864274,864275,897561,1,33286,33287,completed,1
2624,Rigid,864275,864275,899716,0,35441,35441,completed,1
2625,Rigid,864275,864279,899973,4,35694,35698,completed,1
2626,Rigid,864276,864279,898951,3,34672,34675,completed,1
2627,Rigid,864276,864279,897751,3,33472,33475,completed,1
2628,Rigid,864277,864279,897667,2,33388,33390,completed,1
2629,Rigid,864277,864279,898869,2,34590,34592,completed,1
2630,Rigid,864278,864279,897736,1,33457,33458,completed,1
2631,Rigid,864278,864279,899217,1,34938,34939,completed,1
2632,Rigid,864279,864279,897774,0,33495,33495,completed,1
2633,Rigid,864299,864300,1006832,1,142532,142533,completed,36
2634,Rigid,864339,864340,978965,1,114625,114626,completed,36
2635,Rigid,864490,980685,1153501,116195,172816,289011,completed,36
2636,Rigid,864490,981015,1153832,116525,172817,289342,completed,36
2637,Rigid,864490,992176,1164989,127686,172813,300499,completed,36
2638,Rigid,864811,864812,865133,1,321,322,completed,396
2639,Rigid,865175,865175,865565,0,390,390,completed,396
2640,Rigid,865258,865259,930529,1,65270,65271,completed,1
2641,Rigid,865259,865263,929841,4,64578,64582,completed,1
2642,Rigid,865260,865263,935137,3,69874,69877,completed,1
2643,Rigid,865261,865263,940034,2,74771,74773,completed,1
2644,Rigid,865262,865263,927814,1,62551,62552,completed,1
2645,Rigid,865263,865267,933299,4,68032,68036,completed,1
2646,Rigid,865264,865267,933192,3,67925,67928,completed,1
2647,Rigid,865265,865267,936240,2,70973,70975,completed,1
2648,Rigid,865266,865267,937162,1,71895,71896,completed,1
2649,Rigid,865266,865267,934638,1,69371,69372,completed,1
2650,Rigid,865267,865269,932245,2,66976,66978,completed,1
2651,Rigid,865268,865269,941486,1,76217,76218,completed,1
2652,Rigid,865269,865269,934934,0,69665,69665,completed,1
2653,Rigid,865270,865271,933083,1,67812,67813,completed,1
2654,Rigid,865270,865271,937509,1,72238,72239,completed,1
2655,Rigid,865271,865275,934566,4,69291,69295,completed,1
2656,Rigid,865480,865481,865618,1,137,138,completed,6
2657,Rigid,865695,865695,866059,0,364,364,completed,396
2658,Rigid,865843,865844,865951,1,107,108,completed,5
2659,Rigid,866281,866282,866638,1,356,357,completed,396
2660,Rigid,866303,866303,866312,0,9,9,completed,1
2661,Rigid,866303,866328,866335,25,7,32,completed,1
2662,Rigid,866304,930096,930106,63792,10,63802,completed,1
2663,Rigid,866784,866784,866786,0,2,2,completed,6
2664,Rigid,866804,866804,870426,0,3622,3622,completed,1
2665,Rigid,866804,866804,870223,0,3419,3419,completed,1
2666,Rigid,866804,866804,871698,0,4894,4894,completed,1
2667,Rigid,866804,866804,871284,0,4480,4480,completed,1
2668,Rigid,866828,866828,899212,0,32384,32384,completed,16
2669,Rigid,867388,867388,867526,0,138,138,completed,36
2670,Rigid,867532,867532,868421,0,889,889,completed,36
2671,Rigid,867594,867594,867984,0,390,390,completed,6
2672,Rigid,867648,867649,870030,1,2381,2382,completed,144
2673,Rigid,867738,867738,1213338,0,345600,345600,completed,36
2674,Rigid,867738,867738,1213338,0,345600,345600,completed,36
2675,Rigid,867738,867738,1213338,0,345600,345600,completed,36
2676,Rigid,867752,867753,883168,1,15415,15416,completed,8
2677,Rigid,867752,867753,870721,1,2968,2969,completed,8
2678,Rigid,868049,868049,868132,0,83,83,completed,5
2679,Rigid,868422,868422,868760,0,338,338,completed,36
2680,Rigid,868437,868437,870426,0,1989,1989,completed,1
2681,Rigid,868437,868437,870296,0,1859,1859,completed,1
2682,Rigid,868437,868437,874556,0,6119,6119,completed,1
2683,Rigid,868437,868437,874202,0,5765,5765,completed,1
2684,Rigid,868763,868763,1142075,0,273312,273312,completed,36
2685,Rigid,868989,868989,869087,0,98,98,completed,72
2686,Rigid,869025,869026,870326,1,1300,1301,completed,72
2687,Rigid,869556,869556,981889,0,112333,112333,completed,1
2688,Rigid,869616,869616,869618,0,2,2,completed,1
2689,Rigid,869654,869655,869946,1,291,292,completed,1
2690,Rigid,869825,869825,870128,0,303,303,completed,36
2691,Rigid,869825,869829,870098,4,269,273,completed,36
2692,Rigid,869826,869829,870115,3,286,289,completed,36
2693,Rigid,869826,869829,870137,3,308,311,completed,36
2694,Rigid,869840,869842,870319,2,477,479,completed,72
2695,Rigid,870103,870104,1138328,1,268224,268225,completed,72
2696,Rigid,870197,870198,870627,1,429,430,completed,1
2697,Rigid,870197,870198,876649,1,6451,6452,completed,1
2698,Rigid,870197,870198,875841,1,5643,5644,completed,1
2699,Rigid,870197,870198,876032,1,5834,5835,completed,1
2700,Rigid,870270,870271,876708,1,6437,6438,completed,1
2701,Rigid,870406,870406,877392,0,6986,6986,completed,8
2702,Rigid,870407,870410,876534,3,6124,6127,completed,72
2703,Rigid,870504,870504,876508,0,6004,6004,completed,1
2704,Rigid,870603,870603,870632,0,29,29,completed,36
2705,Rigid,870611,870611,885983,0,15372,15372,completed,1
2706,Rigid,870613,870615,877058,2,6443,6445,completed,1
2707,Rigid,870633,870633,885985,0,15352,15352,completed,1
2708,Rigid,870638,870638,885986,0,15348,15348,completed,1
2709,Rigid,870643,870643,885987,0,15344,15344,completed,1
2710,Rigid,870660,870660,880846,0,10186,10186,completed,1
2711,Rigid,870665,870665,870676,0,11,11,completed,1
2712,Rigid,870689,870690,877059,1,6369,6370,completed,1
2713,Rigid,870835,870835,885990,0,15155,15155,completed,1
2714,Rigid,870861,870862,885992,1,15130,15131,completed,1
2715,Rigid,870956,870957,870991,1,34,35,completed,36
2716,Rigid,871045,871045,877475,0,6430,6430,completed,1
2717,Rigid,871045,871045,877096,0,6051,6051,completed,1
2718,Rigid,871045,871045,877016,0,5971,5971,completed,1
2719,Rigid,871045,871045,877113,0,6068,6068,completed,1
2720,Rigid,871050,871051,871188,1,137,138,completed,72
2721,Rigid,871104,871104,887248,0,16144,16144,completed,36
2722,Rigid,871104,871104,886178,0,15074,15074,completed,36
2723,Rigid,871104,871108,885678,4,14570,14574,completed,36
2724,Rigid,871105,871108,872447,3,1339,1342,completed,36
2725,Rigid,871115,871115,871328,0,213,213,completed,1
2726,Rigid,871174,871174,871212,0,38,38,completed,2
2727,Rigid,871174,871174,871192,0,18,18,completed,2
2728,Rigid,871174,871174,871192,0,18,18,completed,2
2729,Rigid,871174,871174,871193,0,19,19,completed,2
2730,Rigid,871174,871174,871193,0,19,19,completed,2
2731,Rigid,871174,871174,871192,0,18,18,completed,2
2732,Rigid,871174,871174,871214,0,40,40,completed,2
2733,Rigid,871174,871174,871192,0,18,18,completed,2
2734,Rigid,871174,871174,871192,0,18,18,completed,2
2735,Rigid,871174,871174,871192,0,18,18,completed,2
2736,Rigid,871174,871174,871193,0,19,19,completed,2
2737,Rigid,871174,871174,871202,0,28,28,completed,2
2738,Rigid,871174,871174,871193,0,19,19,completed,2
2739,Rigid,871174,871174,871192,0,18,18,completed,2
2740,Rigid,871174,871174,871192,0,18,18,completed,2
2741,Rigid,871174,871174,871192,0,18,18,completed,2
2742,Rigid,871174,871174,871212,0,38,38,completed,2
2743,Rigid,871174,871174,871192,0,18,18,completed,2
2744,Rigid,871174,871174,871192,0,18,18,completed,2
2745,Rigid,871174,871174,871192,0,18,18,completed,2
2746,Rigid,871174,871174,871192,0,18,18,completed,2
2747,Rigid,871174,871174,871192,0,18,18,completed,2
2748,Rigid,871174,871174,871202,0,28,28,completed,2
2749,Rigid,871174,871174,871192,0,18,18,completed,2
2750,Rigid,871174,871174,871192,0,18,18,completed,2
2751,Rigid,871174,871174,871193,0,19,19,completed,2
2752,Rigid,871174,871174,871192,0,18,18,completed,2
2753,Rigid,871174,871174,871217,0,43,43,completed,2
2754,Rigid,871174,871174,871192,0,18,18,completed,2
2755,Rigid,871174,871174,871192,0,18,18,completed,2
2756,Rigid,871174,871174,871192,0,18,18,completed,2
2757,Rigid,871174,871174,871192,0,18,18,completed,2
2758,Rigid,871174,871174,871192,0,18,18,completed,2
2759,Rigid,871174,871174,871213,0,39,39,completed,2
2760,Rigid,871174,871174,871192,0,18,18,completed,2
2761,Rigid,871174,871174,871193,0,19,19,completed,2
2762,Rigid,871174,871174,871192,0,18,18,completed,2
2763,Rigid,871174,871174,871192,0,18,18,completed,2
2764,Rigid,871174,871174,871201,0,27,27,completed,2
2765,Rigid,871175,871176,871192,1,16,17,completed,2
2766,Rigid,871175,871176,871192,1,16,17,completed,2
2767,Rigid,871175,871176,871192,1,16,17,completed,2
2768,Rigid,871175,871176,871192,1,16,17,completed,2
2769,Rigid,871175,871176,871214,1,38,39,completed,2
2770,Rigid,871175,871176,871192,1,16,17,completed,2
2771,Rigid,871175,871176,871193,1,17,18,completed,2
2772,Rigid,871175,871176,871193,1,17,18,completed,2
2773,Rigid,871175,871176,871192,1,16,17,completed,2
2774,Rigid,871175,871176,871212,1,36,37,completed,2
2775,Rigid,871175,871176,871192,1,16,17,completed,2
2776,Rigid,871175,871176,871192,1,16,17,completed,2
2777,Rigid,871175,871176,871192,1,16,17,completed,2
2778,Rigid,871175,871176,871192,1,16,17,completed,2
2779,Rigid,871175,871176,871212,1,36,37,completed,2
2780,Rigid,871175,871176,871192,1,16,17,completed,2
2781,Rigid,871175,871176,871192,1,16,17,completed,2
2782,Rigid,871175,871176,871192,1,16,17,completed,2
2783,Rigid,871176,871176,871192,0,16,16,completed,2
2784,Rigid,871176,871176,871212,0,36,36,completed,2
2785,Rigid,871176,871176,871192,0,16,16,completed,2
2786,Rigid,871176,871176,871192,0,16,16,completed,2
2787,Rigid,871176,871176,871192,0,16,16,completed,2
2788,Rigid,871176,871178,871192,2,14,16,completed,2
2789,Rigid,871176,871178,871192,2,14,16,completed,2
2790,Rigid,871177,871178,871192,1,14,15,completed,2
2791,Rigid,871177,871178,871207,1,29,30,completed,2
2792,Rigid,871177,871178,871192,1,14,15,completed,2
2793,Rigid,871177,871178,871193,1,15,16,completed,2
2794,Rigid,871177,871178,871192,1,14,15,completed,2
2795,Rigid,871177,871178,871192,1,14,15,completed,2
2796,Rigid,871177,871178,871218,1,40,41,completed,2
2797,Rigid,871177,871178,871192,1,14,15,completed,2
2798,Rigid,871177,871178,871192,1,14,15,completed,2
2799,Rigid,871177,871178,871215,1,37,38,completed,2
2800,Rigid,871177,871178,871192,1,14,15,completed,2
2801,Rigid,871177,871178,871192,1,14,15,completed,2
2802,Rigid,871177,871178,871227,1,49,50,completed,2
2803,Rigid,871177,871178,871232,1,54,55,completed,2
2804,Rigid,871178,871178,871192,0,14,14,completed,2
2805,Rigid,871178,871178,871192,0,14,14,completed,2
2806,Rigid,871178,871182,871192,4,10,14,completed,2
2807,Rigid,871178,871182,871192,4,10,14,completed,2
2808,Rigid,871178,871182,871192,4,10,14,completed,2
2809,Rigid,871178,871182,871192,4,10,14,completed,2
2810,Rigid,871178,871182,871207,4,25,29,completed,2
2811,Rigid,871178,871182,871227,4,45,49,completed,2
2812,Rigid,871178,871182,871192,4,10,14,completed,2
2813,Rigid,871178,871182,871192,4,10,14,completed,2
2814,Rigid,871178,871182,871192,4,10,14,completed,2
2815,Rigid,871178,871182,871192,4,10,14,completed,2
2816,Rigid,871178,871182,871192,4,10,14,completed,2
2817,Rigid,871178,871182,871229,4,47,51,completed,2
2818,Rigid,871178,871182,871221,4,39,43,completed,2
2819,Rigid,871178,871182,871220,4,38,42,completed,2
2820,Rigid,871178,871182,871192,4,10,14,completed,2
2821,Rigid,871178,871182,871192,4,10,14,completed,2
2822,Rigid,871178,871182,871192,4,10,14,completed,2
2823,Rigid,871178,871182,871192,4,10,14,completed,2
2824,Rigid,871178,871182,871193,4,11,15,completed,2
2825,Rigid,871178,871182,871192,4,10,14,completed,2
2826,Rigid,871178,871182,871207,4,25,29,completed,2
2827,Rigid,871178,871182,871231,4,49,53,completed,2
2828,Rigid,871178,871182,871223,4,41,45,completed,2
2829,Rigid,871178,871182,871192,4,10,14,completed,2
2830,Rigid,871178,871182,871192,4,10,14,completed,2
2831,Rigid,871179,871182,871192,3,10,13,completed,2
2832,Rigid,871179,871182,871207,3,25,28,completed,2
2833,Rigid,871179,871182,871220,3,38,41,completed,2
2834,Rigid,871179,871182,871222,3,40,43,completed,2
2835,Rigid,871179,871182,871192,3,10,13,completed,2
2836,Rigid,871179,871182,871192,3,10,13,completed,2
2837,Rigid,871179,871182,871192,3,10,13,completed,2
2838,Rigid,871179,871182,871192,3,10,13,completed,2
2839,Rigid,871179,871182,871192,3,10,13,completed,2
2840,Rigid,871179,871182,871192,3,10,13,completed,2
2841,Rigid,871179,871182,871192,3,10,13,completed,2
2842,Rigid,871179,871182,871192,3,10,13,completed,2
2843,Rigid,871179,871182,871214,3,32,35,completed,2
2844,Rigid,871179,871182,871207,3,25,28,completed,2
2845,Rigid,871179,871182,871192,3,10,13,completed,2
2846,Rigid,871179,871182,871192,3,10,13,completed,2
2847,Rigid,871179,871182,871192,3,10,13,completed,2
2848,Rigid,871179,871182,871193,3,11,14,completed,2
2849,Rigid,871179,871182,871192,3,10,13,completed,2
2850,Rigid,871179,871182,871193,3,11,14,completed,2
2851,Rigid,871179,871182,871192,3,10,13,completed,2
2852,Rigid,871179,871182,871217,3,35,38,completed,2
2853,Rigid,871179,871182,871207,3,25,28,completed,2
2854,Rigid,871179,871182,871193,3,11,14,completed,2
2855,Rigid,871179,871182,871192,3,10,13,completed,2
2856,Rigid,871179,871182,871192,3,10,13,completed,2
2857,Rigid,871179,871182,871192,3,10,13,completed,2
2858,Rigid,871179,871182,871192,3,10,13,completed,2
2859,Rigid,871179,871182,871192,3,10,13,completed,2
2860,Rigid,871179,871182,871217,3,35,38,completed,2
2861,Rigid,871179,871182,871192,3,10,13,completed,2
2862,Rigid,871179,871182,871193,3,11,14,completed,2
2863,Rigid,871179,871182,871214,3,32,35,completed,2
2864,Rigid,871179,871182,871192,3,10,13,completed,2
2865,Rigid,871179,871182,871192,3,10,13,completed,2
2866,Rigid,871179,871182,871192,3,10,13,completed,2
2867,Rigid,871179,871182,871192,3,10,13,completed,2
2868,Rigid,871179,871182,871212,3,30,33,completed,2
2869,Rigid,871179,871182,871202,3,20,23,completed,2
2870,Rigid,871179,871182,871192,3,10,13,completed,2
2871,Rigid,871179,871182,871192,3,10,13,completed,2
2872,Rigid,871179,871182,871192,3,10,13,completed,2
2873,Rigid,871179,871182,871192,3,10,13,completed,2
2874,Rigid,871180,871182,871192,2,10,12,completed,2
2875,Rigid,871180,871182,871192,2,10,12,completed,2
2876,Rigid,871180,871182,871192,2,10,12,completed,2
2877,Rigid,871180,871182,871212,2,30,32,completed,2
2878,Rigid,871180,871182,871212,2,30,32,completed,2
2879,Rigid,871180,871182,871192,2,10,12,completed,2
2880,Rigid,871180,871182,871192,2,10,12,completed,2
2881,Rigid,871180,871182,871192,2,10,12,completed,2
2882,Rigid,871180,871182,871192,2,10,12,completed,2
2883,Rigid,871180,871182,871192,2,10,12,completed,2
2884,Rigid,871180,871182,871193,2,11,13,completed,2
2885,Rigid,871180,871182,871192,2,10,12,completed,2
2886,Rigid,871180,871182,871192,2,10,12,completed,2
2887,Rigid,871180,871182,871202,2,20,22,completed,2
2888,Rigid,871180,871182,871213,2,31,33,completed,2
2889,Rigid,871180,871182,871192,2,10,12,completed,2
2890,Rigid,871180,871182,871193,2,11,13,completed,2
2891,Rigid,871180,871182,871192,2,10,12,completed,2
2892,Rigid,871180,871182,871192,2,10,12,completed,2
2893,Rigid,871180,871182,871193,2,11,13,completed,2
2894,Rigid,871180,871182,871192,2,10,12,completed,2
2895,Rigid,871180,871182,871212,2,30,32,completed,2
2896,Rigid,871180,871182,871218,2,36,38,completed,2
2897,Rigid,871180,871182,871192,2,10,12,completed,2
2898,Rigid,871180,871182,871193,2,11,13,completed,2
2899,Rigid,871180,871182,871193,2,11,13,completed,2
2900,Rigid,871180,871182,871193,2,11,13,completed,2
2901,Rigid,871180,871182,871192,2,10,12,completed,2
2902,Rigid,871180,871182,871192,2,10,12,completed,2
2903,Rigid,871180,871182,871217,2,35,37,completed,2
2904,Rigid,871180,871182,871222,2,40,42,completed,2
2905,Rigid,871180,871182,871192,2,10,12,completed,2
2906,Rigid,871180,871182,871192,2,10,12,completed,2
2907,Rigid,871180,871182,871193,2,11,13,completed,2
2908,Rigid,871181,871182,871192,1,10,11,completed,2
2909,Rigid,871181,871182,871192,1,10,11,completed,2
2910,Rigid,871181,871182,871193,1,11,12,completed,2
2911,Rigid,871181,871182,871222,1,40,41,completed,2
2912,Rigid,871181,871182,871211,1,29,30,completed,2
2913,Rigid,871181,871182,871192,1,10,11,completed,2
2914,Rigid,871181,871182,871192,1,10,11,completed,2
2915,Rigid,871181,871182,871192,1,10,11,completed,2
2916,Rigid,871181,871182,871192,1,10,11,completed,2
2917,Rigid,871181,871182,871192,1,10,11,completed,2
2918,Rigid,871181,871182,871207,1,25,26,completed,2
2919,Rigid,871181,871182,871207,1,25,26,completed,2
2920,Rigid,871181,871182,871202,1,20,21,completed,2
2921,Rigid,871181,871182,871192,1,10,11,completed,2
2922,Rigid,871181,871182,871192,1,10,11,completed,2
2923,Rigid,871181,871182,871192,1,10,11,completed,2
2924,Rigid,871181,871182,871192,1,10,11,completed,2
2925,Rigid,871181,871182,871192,1,10,11,completed,2
2926,Rigid,871195,871195,871222,0,27,27,completed,2
2927,Rigid,871195,871195,871222,0,27,27,completed,2
2928,Rigid,871195,871195,871222,0,27,27,completed,2
2929,Rigid,871195,871195,871222,0,27,27,completed,2
2930,Rigid,871195,871195,871222,0,27,27,completed,2
2931,Rigid,871195,871195,871222,0,27,27,completed,2
2932,Rigid,871196,871199,871222,3,23,26,completed,2
2933,Rigid,871196,871199,871222,3,23,26,completed,2
2934,Rigid,871196,871199,871222,3,23,26,completed,2
2935,Rigid,871196,871199,871222,3,23,26,completed,2
2936,Rigid,871197,871199,871222,2,23,25,completed,2
2937,Rigid,871197,871199,871222,2,23,25,completed,2
2938,Rigid,871197,871199,871222,2,23,25,completed,2
2939,Rigid,871197,871199,871222,2,23,25,completed,2
2940,Rigid,871198,871199,871222,1,23,24,completed,2
2941,Rigid,871198,871199,871222,1,23,24,completed,2
2942,Rigid,871198,871199,871222,1,23,24,completed,2
2943,Rigid,871198,871199,871222,1,23,24,completed,2
2944,Rigid,871198,871199,871222,1,23,24,completed,2
2945,Rigid,871198,871199,871222,1,23,24,completed,2
2946,Rigid,871199,871199,871222,0,23,23,completed,2
2947,Rigid,871199,871203,871222,4,19,23,completed,2
2948,Rigid,871199,871203,871222,4,19,23,completed,2
2949,Rigid,871199,871203,871222,4,19,23,completed,2
2950,Rigid,871200,871203,871222,3,19,22,completed,2
2951,Rigid,871200,871203,871222,3,19,22,completed,2
2952,Rigid,871200,871203,871222,3,19,22,completed,2
2953,Rigid,871200,871203,871222,3,19,22,completed,2
2954,Rigid,871200,871203,871222,3,19,22,completed,2
2955,Rigid,871201,871203,871222,2,19,21,completed,2
2956,Rigid,871201,871203,871222,2,19,21,completed,2
2957,Rigid,871201,871203,871222,2,19,21,completed,2
2958,Rigid,871201,871203,871222,2,19,21,completed,2
2959,Rigid,871201,871203,871222,2,19,21,completed,2
2960,Rigid,871201,871203,871222,2,19,21,completed,2
2961,Rigid,871201,871203,871222,2,19,21,completed,2
2962,Rigid,871201,871203,871222,2,19,21,completed,2
2963,Rigid,871201,871203,871222,2,19,21,completed,2
2964,Rigid,871202,871203,871222,1,19,20,completed,2
2965,Rigid,871202,871203,871222,1,19,20,completed,2
2966,Rigid,871202,871203,871222,1,19,20,completed,2
2967,Rigid,871202,871203,871222,1,19,20,completed,2
2968,Rigid,871202,871203,871222,1,19,20,completed,2
2969,Rigid,871204,871206,871222,2,16,18,completed,2
2970,Rigid,871204,871206,871222,2,16,18,completed,2
2971,Rigid,871204,871206,871222,2,16,18,completed,2
2972,Rigid,871204,871206,871222,2,16,18,completed,2
2973,Rigid,871205,871206,871222,1,16,17,completed,2
2974,Rigid,871205,871206,871222,1,16,17,completed,2
2975,Rigid,871205,871206,871222,1,16,17,completed,2
2976,Rigid,871205,871206,871222,1,16,17,completed,2
2977,Rigid,871205,871206,871222,1,16,17,completed,2
2978,Rigid,871205,871206,871222,1,16,17,completed,2
2979,Rigid,871205,871206,871222,1,16,17,completed,2
2980,Rigid,871205,871206,871222,1,16,17,completed,2
2981,Rigid,871205,871206,871222,1,16,17,completed,2
2982,Rigid,871205,871206,871222,1,16,17,completed,2
2983,Rigid,871206,871206,871222,0,16,16,completed,2
2984,Rigid,871206,871206,871222,0,16,16,completed,2
2985,Rigid,871206,871206,871222,0,16,16,completed,2
2986,Rigid,871206,871206,871222,0,16,16,completed,2
2987,Rigid,871206,871206,871222,0,16,16,completed,2
2988,Rigid,871206,871206,871222,0,16,16,completed,2
2989,Rigid,871206,871206,871222,0,16,16,completed,2
2990,Rigid,871206,871206,871222,0,16,16,completed,2
2991,Rigid,871206,871206,871222,0,16,16,completed,2
2992,Rigid,871206,871206,871222,0,16,16,completed,2
2993,Rigid,871206,871206,871222,0,16,16,completed,2
2994,Rigid,871206,871206,871222,0,16,16,completed,2
2995,Rigid,871206,871206,871222,0,16,16,completed,2
2996,Rigid,871206,871206,871222,0,16,16,completed,2
2997,Rigid,871206,871207,871222,1,15,16,completed,2
2998,Rigid,871238,871238,877130,0,5892,5892,completed,1
2999,Rigid,871269,871269,871320,0,51,51,completed,36
3000,Rigid,871394,871395,871744,1,349,350,completed,6
3001,Rigid,871956,871956,872325,0,369,369,completed,5
3002,Rigid,872695,872696,872787,1,91,92,completed,5
3003,Rigid,873501,873502,873736,1,234,235,completed,6
3004,Rigid,873564,873564,873770,0,206,206,completed,1
3005,Rigid,873719,873719,879330,0,5611,5611,completed,36
3006,Rigid,873719,873719,884467,0,10748,10748,completed,36
3007,Rigid,873719,873724,877468,5,3744,3749,completed,36
3008,Rigid,873719,873724,876480,5,2756,2761,completed,36
3009,Rigid,873719,873724,877056,5,3332,3337,completed,36
3010,Rigid,873720,873724,878276,4,4552,4556,completed,36
3011,Rigid,873720,873724,885974,4,12250,12254,completed,36
3012,Rigid,873720,873724,880829,4,7105,7109,completed,36
3013,Rigid,873720,873724,883261,4,9537,9541,completed,36
3014,Rigid,873720,873724,881993,4,8269,8273,completed,36
3015,Rigid,873720,873724,876366,4,2642,2646,completed,36
3016,Rigid,873720,873724,880829,4,7105,7109,completed,36
3017,Rigid,873720,873724,882832,4,9108,9112,completed,36
3018,Rigid,873720,873724,885013,4,11289,11293,completed,36
3019,Rigid,873720,873724,879226,4,5502,5506,completed,36
3020,Rigid,873720,873724,882419,4,8695,8699,completed,36
3021,Rigid,873721,873724,887991,3,14267,14270,completed,36
3022,Rigid,873721,873724,877158,3,3434,3437,completed,36
3023,Rigid,873721,873724,887334,3,13610,13613,completed,36
3024,Rigid,873721,873724,877364,3,3640,3643,completed,36
3025,Rigid,873721,873724,880829,3,7105,7108,completed,36
3026,Rigid,873721,873724,879632,3,5908,5911,completed,36
3027,Rigid,873722,873724,877527,2,3803,3805,completed,36
3028,Rigid,873722,874377,878040,655,3663,4318,completed,36
3029,Rigid,873722,874808,881529,1086,6721,7807,completed,36
3030,Rigid,873722,875609,882220,1887,6611,8498,completed,36
3031,Rigid,873722,876387,880494,2665,4107,6772,completed,36
3032,Rigid,873722,876512,883076,2790,6564,9354,completed,36
3033,Rigid,873722,876544,885225,2822,8681,11503,completed,36
3034,Rigid,873723,876544,882832,2821,6288,9109,completed,36
3035,Rigid,873723,876888,879536,3165,2648,5813,completed,36
3036,Rigid,873723,877076,881293,3353,4217,7570,completed,36
3037,Rigid,873723,877076,880038,3353,2962,6315,completed,36
3038,Rigid,873723,877170,881578,3447,4408,7855,completed,36
3039,Rigid,873723,877389,879928,3666,2539,6205,completed,36
3040,Rigid,873723,877483,880277,3760,2794,6554,completed,36
3041,Rigid,873723,877546,881663,3823,4117,7940,completed,36
3042,Rigid,873723,877546,882465,3823,4919,8742,completed,36
3043,Rigid,873723,880505,884462,6782,3957,10739,completed,36
3044,Rigid,873723,880830,883789,7107,2959,10066,completed,36
3045,Rigid,873723,880830,883849,7107,3019,10126,completed,36
3046,Rigid,873723,880830,884710,7107,3880,10987,completed,36
3047,Rigid,873724,880862,889163,7138,8301,15439,completed,36
3048,Rigid,873724,880862,896415,7138,15553,22691,completed,36
3049,Rigid,873724,880862,884133,7138,3271,10409,completed,36
3050,Rigid,873724,880862,884478,7138,3616,10754,completed,36
3051,Rigid,873724,880862,884337,7138,3475,10613,completed,36
3052,Rigid,873724,880862,885364,7138,4502,11640,completed,36
3053,Rigid,873724,880862,886434,7138,5572,12710,completed,36
3054,Rigid,873724,880862,892486,7138,11624,18762,completed,36
3055,Rigid,873724,880862,886434,7138,5572,12710,completed,36
3056,Rigid,873725,880862,890380,7137,9518,16655,completed,36
3057,Rigid,873725,880862,884347,7137,3485,10622,completed,36
3058,Rigid,873725,880862,883472,7137,2610,9747,completed,36
3059,Rigid,873725,880862,884165,7137,3303,10440,completed,36
3060,Rigid,873725,880862,884872,7137,4010,11147,completed,36
3061,Rigid,873725,880862,894724,7137,13862,20999,completed,36
3062,Rigid,873725,880862,887723,7137,6861,13998,completed,36
3063,Rigid,873725,881001,890035,7276,9034,16310,completed,36
3064,Rigid,873725,881236,888603,7511,7367,14878,completed,36
3065,Rigid,873725,881294,883780,7569,2486,10055,completed,36
3066,Rigid,873725,881537,888695,7812,7158,14970,completed,36
3067,Rigid,873726,881599,891734,7873,10135,18008,completed,36
3068,Rigid,873726,881693,893756,7967,12063,20030,completed,36
3069,Rigid,873726,882004,887195,8278,5191,13469,completed,36
3070,Rigid,873726,882226,890824,8500,8598,17098,completed,36
3071,Rigid,873726,882320,896334,8594,14014,22608,completed,36
3072,Rigid,873726,882320,885555,8594,3235,11829,completed,36
3073,Rigid,873726,882444,896166,8718,13722,22440,completed,36
3074,Rigid,873727,882475,886012,8748,3537,12285,completed,36
3075,Rigid,873727,882859,889981,9132,7122,16254,completed,36
3076,Rigid,873727,882859,889169,9132,6310,15442,completed,36
3077,Rigid,873727,883084,886837,9357,3753,13110,completed,36
3078,Rigid,873727,883276,886949,9549,3673,13222,completed,36
3079,Rigid,873727,883500,890022,9773,6522,16295,completed,36
3080,Rigid,873727,883792,889981,10065,6189,16254,completed,36
3081,Rigid,873727,883792,887991,10065,4199,14264,completed,36
3082,Rigid,873728,883855,890993,10127,7138,17265,completed,36
3083,Rigid,873728,884143,892877,10415,8734,19149,completed,36
3084,Rigid,873728,884479,890481,10751,6002,16753,completed,36
3085,Rigid,873728,884499,887109,10771,2610,13381,completed,36
3086,Rigid,873728,884499,888695,10771,4196,14967,completed,36
3087,Rigid,873728,884736,887611,11008,2875,13883,completed,36
3088,Rigid,873729,884894,889261,11165,4367,15532,completed,36
3089,Rigid,873729,885021,887506,11292,2485,13777,completed,36
3090,Rigid,873729,885241,888073,11512,2832,14344,completed,36
3091,Rigid,873729,885368,890021,11639,4653,16292,completed,36
3092,Rigid,873729,885559,890458,11830,4899,16729,completed,36
3093,Rigid,873729,885686,889813,11957,4127,16084,completed,36
3094,Rigid,873729,889776,892866,16047,3090,19137,completed,36
3095,Rigid,873730,889940,892979,16210,3039,19249,completed,36
3096,Rigid,873730,889941,894416,16211,4475,20686,completed,36
3097,Rigid,873730,889941,898896,16211,8955,25166,completed,36
3098,Rigid,873730,889941,905425,16211,15484,31695,completed,36
3099,Rigid,873730,890006,893278,16276,3272,19548,completed,36
3100,Rigid,873730,890392,894230,16662,3838,20500,completed,36
3101,Rigid,873730,890488,894472,16758,3984,20742,completed,36
3102,Rigid,873730,890839,895656,17109,4817,21926,completed,36
3103,Rigid,873730,893582,898308,19852,4726,24578,completed,36
3104,Rigid,873730,893582,905294,19852,11712,31564,completed,36
3105,Rigid,873730,893582,899742,19852,6160,26012,completed,36
3106,Rigid,873731,893582,904109,19851,10527,30378,completed,36
3107,Rigid,873731,893596,897153,19865,3557,23422,completed,36
3108,Rigid,873731,893614,896186,19883,2572,22455,completed,36
3109,Rigid,873731,893664,896885,19933,3221,23154,completed,36
3110,Rigid,873731,893666,898114,19935,4448,24383,completed,36
3111,Rigid,873731,893757,907313,20026,13556,33582,completed,36
3112,Rigid,873731,893797,900581,20066,6784,26850,completed,36
3113,Rigid,873731,894116,904221,20385,10105,30490,completed,36
3114,Rigid,873731,894194,902509,20463,8315,28778,completed,36
3115,Rigid,873732,894231,896751,20499,2520,23019,completed,36
3116,Rigid,873732,894355,901274,20623,6919,27542,completed,36
3117,Rigid,873732,894398,904339,20666,9941,30607,completed,36
3118,Rigid,873732,894408,905342,20676,10934,31610,completed,36
3119,Rigid,873732,894417,899765,20685,5348,26033,completed,36
3120,Rigid,873732,894473,903032,20741,8559,29300,completed,36
3121,Rigid,873732,894815,909029,21083,14214,35297,completed,36
3122,Rigid,873732,894867,897928,21135,3061,24196,completed,36
3123,Rigid,873732,894920,908664,21188,13744,34932,completed,36
3124,Rigid,873732,894938,898693,21206,3755,24961,completed,36
3125,Rigid,873732,895132,902202,21400,7070,28470,completed,36
3126,Rigid,873733,895351,901350,21618,5999,27617,completed,36
3127,Rigid,873733,895568,899211,21835,3643,25478,completed,36
3128,Rigid,873733,895665,899331,21932,3666,25598,completed,36
3129,Rigid,873733,895665,901652,21932,5987,27919,completed,36
3130,Rigid,873733,895665,901574,21932,5909,27841,completed,36
3131,Rigid,873733,895665,899595,21932,3930,25862,completed,36
3132,Rigid,873733,895934,902333,22201,6399,28600,completed,36
3133,Rigid,873733,896069,904810,22336,8741,31077,completed,36
3134,Rigid,873733,896076,901240,22343,5164,27507,completed,36
3135,Rigid,873733,896093,898673,22360,2580,24940,completed,36
3136,Rigid,873733,896167,900217,22434,4050,26484,completed,36
3137,Rigid,873733,896187,898980,22454,2793,25247,completed,36
3138,Rigid,873733,896308,900552,22575,4244,26819,completed,36
3139,Rigid,873734,896335,898758,22601,2423,25024,completed,36
3140,Rigid,873734,896350,899079,22616,2729,25345,completed,36
3141,Rigid,873734,896416,901087,22682,4671,27353,completed,36
3142,Rigid,873734,896426,901278,22692,4852,27544,completed,36
3143,Rigid,873734,896555,900782,22821,4227,27048,completed,36
3144,Rigid,873734,896894,900009,23160,3115,26275,completed,36
3145,Rigid,873734,896895,899966,23161,3071,26232,completed,36
3146,Rigid,873734,896895,901246,23161,4351,27512,completed,36
3147,Rigid,873734,896895,905077,23161,8182,31343,completed,36
3148,Rigid,873734,896900,910862,23166,13962,37128,completed,36
3149,Rigid,873734,897154,900571,23420,3417,26837,completed,36
3150,Rigid,873734,897259,901424,23525,4165,27690,completed,36
3151,Rigid,873734,897309,901403,23575,4094,27669,completed,36
3152,Rigid,873735,897585,901986,23850,4401,28251,completed,36
3153,Rigid,873735,897610,902795,23875,5185,29060,completed,36
3154,Rigid,873735,897631,909387,23896,11756,35652,completed,36
3155,Rigid,873735,897682,902543,23947,4861,28808,completed,36
3156,Rigid,873735,897705,908048,23970,10343,34313,completed,36
3157,Rigid,873735,897801,901289,24066,3488,27554,completed,36
3158,Rigid,873735,897929,900511,24194,2582,26776,completed,36
3159,Rigid,873735,898041,901578,24306,3537,27843,completed,36
3160,Rigid,873735,898099,902145,24364,4046,28410,completed,36
3161,Rigid,873735,898110,911858,24375,13748,38123,completed,36
3162,Rigid,873735,898115,904340,24380,6225,30605,completed,36
3163,Rigid,873735,898310,908586,24575,10276,34851,completed,36
3164,Rigid,873736,898550,905992,24814,7442,32256,completed,36
3165,Rigid,873736,898630,901117,24894,2487,27381,completed,36
3166,Rigid,873736,898674,905076,24938,6402,31340,completed,36
3167,Rigid,873736,898694,907674,24958,8980,33938,completed,36
3168,Rigid,873736,898760,911018,25024,12258,37282,completed,36
3169,Rigid,873736,898897,903641,25161,4744,29905,completed,36
3170,Rigid,873736,898981,907489,25245,8508,33753,completed,36
3171,Rigid,873736,899081,912789,25345,13708,39053,completed,36
3172,Rigid,873736,899212,902530,25476,3318,28794,completed,36
3173,Rigid,873736,899332,913028,25596,13696,39292,completed,36
3174,Rigid,873737,899581,903184,25844,3603,29447,completed,36
3175,Rigid,873737,899597,906658,25860,7061,32921,completed,36
3176,Rigid,873737,899743,905587,26006,5844,31850,completed,36
3177,Rigid,873737,899767,903454,26030,3687,29717,completed,36
3178,Rigid,873737,899967,904109,26230,4142,30372,completed,36
3179,Rigid,873737,900011,906552,26274,6541,32815,completed,36
3180,Rigid,873737,900218,906345,26481,6127,32608,completed,36
3181,Rigid,873737,900272,904027,26535,3755,30290,completed,36
3182,Rigid,873737,900513,907517,26776,7004,33780,completed,36
3183,Rigid,873738,900553,909090,26815,8537,35352,completed,36
3184,Rigid,873738,900573,905796,26835,5223,32058,completed,36
3185,Rigid,873738,900582,903242,26844,2660,29504,completed,36
3186,Rigid,873738,900783,904820,27045,4037,31082,completed,36
3187,Rigid,873738,901231,904174,27493,2943,30436,completed,36
3188,Rigid,873738,901231,905573,27493,4342,31835,completed,36
3189,Rigid,873738,901231,903780,27493,2549,30042,completed,36
3190,Rigid,873738,901231,904152,27493,2921,30414,completed,36
3191,Rigid,873738,901231,905756,27493,4525,32018,completed,36
3192,Rigid,873739,901231,906309,27492,5078,32570,completed,36
3193,Rigid,873739,901231,904923,27492,3692,31184,completed,36
3194,Rigid,873739,901231,904148,27492,2917,30409,completed,36
3195,Rigid,873739,901241,904097,27502,2856,30358,completed,36
3196,Rigid,873739,901247,905658,27508,4411,31919,completed,36
3197,Rigid,873740,901278,910015,27538,8737,36275,completed,36
3198,Rigid,873740,901278,916690,27538,15412,42950,completed,36
3199,Rigid,873740,901308,904636,27568,3328,30896,completed,36
3200,Rigid,873740,901308,905459,27568,4151,31719,completed,36
3201,Rigid,873740,901369,905449,27629,4080,31709,completed,36
3202,Rigid,873740,901431,906194,27691,4763,32454,completed,36
3203,Rigid,873740,901431,906564,27691,5133,32824,completed,36
3204,Rigid,873740,901491,913015,27751,11524,39275,completed,36
3205,Rigid,873961,873962,874246,1,284,285,completed,6
3206,Rigid,874004,879930,880428,5926,498,6424,completed,144
3207,Rigid,874255,874285,874292,30,7,37,completed,2
3208,Rigid,874366,874377,874435,11,58,69,completed,5
3209,Rigid,874407,874407,874803,0,396,396,completed,1
3210,Rigid,874522,874531,874535,9,4,13,completed,2
3211,Rigid,874611,874623,874657,12,34,46,completed,5
3212,Rigid,874617,874617,874629,0,12,12,completed,36
3213,Rigid,874706,874716,874720,10,4,14,completed,2
3214,Rigid,874882,874900,874907,18,7,25,completed,2
3215,Rigid,875258,875270,878039,12,2769,2781,completed,32
3216,Rigid,875287,875288,875405,1,117,118,completed,36
3217,Rigid,875767,875768,875871,1,103,104,completed,1
3218,Rigid,875883,875883,875903,0,20,20,completed,1
3219,Rigid,875913,875913,883332,0,7419,7419,completed,9
3220,Rigid,875945,875945,875951,0,6,6,completed,1
3221,Rigid,875963,875966,884539,3,8573,8576,completed,9
3222,Rigid,876065,876065,876084,0,19,19,completed,1
3223,Rigid,876103,876104,884469,1,8365,8366,completed,9
3224,Rigid,876113,876137,1221765,24,345628,345652,completed,8
3225,Rigid,876296,876325,878633,29,2308,2337,completed,1
3226,Rigid,876487,876513,878906,26,2393,2419,completed,1
3227,Rigid,876740,902823,1162199,26083,259376,285459,completed,36
3228,Rigid,876887,903004,1051738,26117,148734,174851,completed,36
3229,Rigid,876908,902006,938020,25098,36014,61112,completed,36
3230,Rigid,876927,903004,1061544,26077,158540,184617,completed,36
3231,Rigid,876961,903816,1038475,26855,134659,161514,completed,36
3232,Rigid,877023,877045,879474,22,2429,2451,completed,1
3233,Rigid,877023,877045,879558,22,2513,2535,completed,1
3234,Rigid,877023,877045,879425,22,2380,2402,completed,1
3235,Rigid,877023,877045,879313,22,2268,2290,completed,1
3236,Rigid,877602,877608,878232,6,624,630,completed,8
3237,Rigid,877675,877702,880477,27,2775,2802,completed,1
3238,Rigid,877675,877702,880184,27,2482,2509,completed,1
3239,Rigid,877675,877702,880069,27,2367,2394,completed,1
3240,Rigid,877675,877702,880107,27,2405,2432,completed,1
3241,Rigid,877947,878048,886732,101,8684,8785,completed,36
3242,Rigid,877957,878048,886710,91,8662,8753,completed,36
3243,Rigid,877967,878300,887194,333,8894,9227,completed,36
3244,Rigid,877977,879232,886916,1255,7684,8939,completed,36
3245,Rigid,877987,879356,882291,1369,2935,4304,completed,36
3246,Rigid,877997,879664,882304,1667,2640,4307,completed,36
3247,Rigid,878008,880066,881000,2058,934,2992,completed,36
3248,Rigid,878018,880283,888292,2265,8009,10274,completed,36
3249,Rigid,878075,880429,880504,2354,75,2429,completed,36
3250,Rigid,878085,880429,888864,2344,8435,10779,completed,36
3251,Rigid,878095,880495,888497,2400,8002,10402,completed,36
3252,Rigid,878239,878269,882968,30,4699,4729,completed,8
3253,Rigid,878354,878363,878383,9,20,29,completed,1
3254,Rigid,878354,878363,878383,9,20,29,completed,1
3255,Rigid,878354,878363,878383,9,20,29,completed,1
3256,Rigid,878354,878363,878383,9,20,29,completed,1
3257,Rigid,878423,878425,882223,2,3798,3800,completed,1
3258,Rigid,878456,878456,882383,0,3927,3927,completed,1
3259,Rigid,878489,878519,881169,30,2650,2680,completed,1
3260,Rigid,878516,878519,881801,3,3282,3285,completed,1
3261,Rigid,878584,878584,878700,0,116,116,completed,36
3262,Rigid,878915,878922,883032,7,4110,4117,completed,1
3263,Rigid,878915,878922,883305,7,4383,4390,completed,1
3264,Rigid,878915,878922,883493,7,4571,4578,completed,1
3265,Rigid,878915,878922,884093,7,5171,5178,completed,1
3266,Rigid,878915,878922,886199,7,7277,7284,completed,1
3267,Rigid,878915,878922,884360,7,5438,5445,completed,1
3268,Rigid,878915,878922,882919,7,3997,4004,completed,1
3269,Rigid,878915,878922,883021,7,4099,4106,completed,1
3270,Rigid,878915,878922,883376,7,4454,4461,completed,1
3271,Rigid,879083,879108,881295,25,2187,2212,completed,1
3272,Rigid,879083,879108,881430,25,2322,2347,completed,1
3273,Rigid,879083,879108,882557,25,3449,3474,completed,1
3274,Rigid,879083,879108,882461,25,3353,3378,completed,1
3275,Rigid,879273,879294,922157,21,42863,42884,completed,8
3276,Rigid,879370,880429,884297,1059,3868,4927,completed,72
3277,Rigid,879875,884300,885356,4425,1056,5481,completed,36
3278,Rigid,879957,901278,902594,21321,1316,22637,completed,36
3279,Rigid,880028,901278,902486,21250,1208,22458,completed,36
3280,Rigid,880100,901278,902573,21178,1295,22473,completed,36
3281,Rigid,880178,901582,902992,21404,1410,22814,completed,36
3282,Rigid,880259,901582,903053,21323,1471,22794,completed,36
3283,Rigid,880347,902218,903913,21871,1695,23566,completed,36
3284,Rigid,880436,902339,904093,21903,1754,23657,completed,36
3285,Rigid,880702,952402,954254,71700,1852,73552,completed,576
3286,Rigid,880876,922238,1182322,41362,260084,301446,completed,576
3287,Rigid,881384,884417,886857,3033,2440,5473,completed,144
3288,Rigid,882062,882066,882177,4,111,115,completed,6
3289,Rigid,882140,882164,883508,24,1344,1368,completed,1
3290,Rigid,882264,882265,882313,1,48,49,completed,36
3291,Rigid,882526,882537,884146,11,1609,1620,completed,5
3292,Rigid,882823,882824,882872,1,48,49,completed,36
3293,Rigid,882979,882987,905777,8,22790,22798,completed,8
3294,Rigid,883348,883350,884455,2,1105,1107,completed,8
3295,Rigid,883348,883350,884471,2,1121,1123,completed,8
3296,Rigid,883348,883350,884445,2,1095,1097,completed,8
3297,Rigid,883348,883350,884433,2,1083,1085,completed,8
3298,Rigid,883392,883404,958274,12,74870,74882,completed,1
3299,Rigid,883392,883404,954824,12,71420,71432,completed,1
3300,Rigid,883393,883404,951956,11,68552,68563,completed,1
3301,Rigid,883394,883404,904771,10,21367,21377,completed,1
3302,Rigid,883395,883404,900676,9,17272,17281,completed,1
3303,Rigid,883396,883404,961432,8,78028,78036,completed,1
3304,Rigid,883397,883404,957064,7,73660,73667,completed,1
3305,Rigid,883397,883404,957641,7,74237,74244,completed,1
3306,Rigid,883398,883404,953695,6,70291,70297,completed,1
3307,Rigid,883399,883404,958108,5,74704,74709,completed,1
3308,Rigid,883400,883404,960583,4,77179,77183,completed,1
3309,Rigid,883400,883404,952207,4,68803,68807,completed,1
3310,Rigid,883401,883404,960229,3,76825,76828,completed,1
3311,Rigid,883402,883404,953699,2,70295,70297,completed,1
3312,Rigid,883403,883404,962580,1,79176,79177,completed,1
3313,Rigid,883404,883404,960068,0,76664,76664,completed,1
3314,Rigid,883406,883436,960734,30,77298,77328,completed,1
3315,Rigid,883406,883436,964180,30,80744,80774,completed,1
3316,Rigid,883407,883436,959965,29,76529,76558,completed,1
3317,Rigid,883408,883436,965450,28,82014,82042,completed,1
3318,Rigid,883443,883444,885533,1,2089,2090,completed,8
3319,Rigid,883443,883444,897598,1,14154,14155,completed,9
3320,Rigid,883788,883792,883953,4,161,165,completed,6
3321,Rigid,883940,883951,949871,11,65920,65931,completed,1
3322,Rigid,883941,883951,962354,10,78403,78413,completed,1
3323,Rigid,883942,883951,960553,9,76602,76611,completed,1
3324,Rigid,883943,883951,964529,8,80578,80586,completed,1
3325,Rigid,883944,883951,968434,7,84483,84490,completed,1
3326,Rigid,883948,883951,967431,3,83480,83483,completed,1
3327,Rigid,883949,883951,967576,2,83625,83627,completed,1
3328,Rigid,883950,883951,967218,1,83267,83268,completed,1
3329,Rigid,883950,883951,961744,1,77793,77794,completed,1
3330,Rigid,883953,883983,966677,30,82694,82724,completed,1
3331,Rigid,883954,883983,966121,29,82138,82167,completed,1
3332,Rigid,883954,883983,967573,29,83590,83619,completed,1
3333,Rigid,883955,883983,969294,28,85311,85339,completed,1
3334,Rigid,883956,883983,966349,27,82366,82393,completed,1
3335,Rigid,883956,883983,969410,27,85427,85454,completed,1
3336,Rigid,883957,883983,965046,26,81063,81089,completed,1
3337,Rigid,883958,883983,962331,25,78348,78373,completed,1
3338,Rigid,883959,883983,959958,24,75975,75999,completed,1
3339,Rigid,883959,883983,966523,24,82540,82564,completed,1
3340,Rigid,883960,883983,949263,23,65280,65303,completed,1
3341,Rigid,884053,884468,884498,415,30,445,completed,72
3342,Rigid,884149,884176,884416,27,240,267,completed,5
3343,Rigid,884520,884521,884571,1,50,51,completed,36
3344,Rigid,884549,884549,885833,0,1284,1284,completed,6
3345,Rigid,884613,884613,898908,0,14295,14295,completed,9
3346,Rigid,884613,884613,887549,0,2936,2936,completed,8
3347,Rigid,884647,884648,884961,1,313,314,completed,5
3348,Rigid,884663,884666,884758,3,92,95,completed,18
3349,Rigid,884686,887484,889892,2798,2408,5206,completed,144
3350,Rigid,884703,884703,899252,0,14549,14549,completed,9
3351,Rigid,884703,884703,887296,0,2593,2593,completed,8
3352,Rigid,884747,903937,918683,19190,14746,33936,completed,72
3353,Rigid,884761,886438,926408,1677,39970,41647,completed,72
3354,Rigid,884771,904088,907879,19317,3791,23108,completed,72
3355,Rigid,884798,884800,885380,2,580,582,completed,32
3356,Rigid,884805,904118,906703,19313,2585,21898,completed,72
3357,Rigid,884831,884831,884881,0,50,50,completed,36
3358,Rigid,884842,884863,890149,21,5286,5307,completed,1
3359,Rigid,884862,904118,917309,19256,13191,32447,completed,72
3360,Rigid,884894,904178,913487,19284,9309,28593,completed,72
3361,Rigid,884915,904209,906653,19294,2444,21738,completed,72
3362,Rigid,885217,926747,930209,41530,3462,44992,completed,72
3363,Rigid,885416,885433,886887,17,1454,1471,completed,32
3364,Rigid,885593,885593,885641,0,48,48,completed,36
3365,Rigid,885814,886007,891910,193,5903,6096,completed,36
3366,Rigid,885814,886041,891649,227,5608,5835,completed,36
3367,Rigid,885814,887484,893576,1670,6092,7762,completed,36
3368,Rigid,885814,887484,887879,1670,395,2065,completed,36
3369,Rigid,885814,887484,893544,1670,6060,7730,completed,36
3370,Rigid,885814,887484,893522,1670,6038,7708,completed,36
3371,Rigid,885814,887484,893409,1670,5925,7595,completed,36
3372,Rigid,885815,887484,888804,1669,1320,2989,completed,36
3373,Rigid,885815,887484,893595,1669,6111,7780,completed,36
3374,Rigid,885815,887484,888351,1669,867,2536,completed,36
3375,Rigid,885815,887507,893570,1692,6063,7755,completed,36
3376,Rigid,885815,887613,893663,1798,6050,7848,completed,36
3377,Rigid,885815,887880,893796,2065,5916,7981,completed,36
3378,Rigid,885815,887992,888660,2177,668,2845,completed,36
3379,Rigid,885815,887992,894114,2177,6122,8299,completed,36
3380,Rigid,885816,888075,889609,2259,1534,3793,completed,36
3381,Rigid,885816,888293,894354,2477,6061,8538,completed,36
3382,Rigid,885816,888352,894406,2536,6054,8590,completed,36
3383,Rigid,885816,888498,894397,2682,5899,8581,completed,36
3384,Rigid,885816,888661,889240,2845,579,3424,completed,36
3385,Rigid,885817,888696,894813,2879,6117,8996,completed,36
3386,Rigid,885817,888696,891194,2879,2498,5377,completed,36
3387,Rigid,885817,888805,894865,2988,6060,9048,completed,36
3388,Rigid,885817,888865,894919,3048,6054,9102,completed,36
3389,Rigid,885817,889165,895059,3348,5894,9242,completed,36
3390,Rigid,885818,889171,889666,3353,495,3848,completed,36
3391,Rigid,885818,889242,890131,3424,889,4313,completed,36
3392,Rigid,885818,889262,893160,3444,3898,7342,completed,36
3393,Rigid,885818,889275,895335,3457,6060,9517,completed,36
3394,Rigid,885818,889611,895646,3793,6035,9828,completed,36
3395,Rigid,885818,889678,895567,3860,5889,9749,completed,36
3396,Rigid,885818,889776,890148,3958,372,4330,completed,36
3397,Rigid,885818,889842,890841,4024,999,5023,completed,36
3398,Rigid,885819,890006,894936,4187,4930,9117,completed,36
3399,Rigid,885819,890039,896092,4220,6053,10273,completed,36
3400,Rigid,885819,890039,896066,4220,6027,10247,completed,36
3401,Rigid,885819,890039,895932,4220,5893,10113,completed,36
3402,Rigid,885819,890137,890465,4318,328,4646,completed,36
3403,Rigid,885819,890169,891264,4350,1095,5445,completed,36
3404,Rigid,885819,890488,896307,4669,5819,10488,completed,36
3405,Rigid,885819,890488,896532,4669,6044,10713,completed,36
3406,Rigid,885819,890871,896899,5052,6028,11080,completed,36
3407,Rigid,885820,890999,896886,5179,5887,11066,completed,36
3408,Rigid,885820,891223,891569,5403,346,5749,completed,36
3409,Rigid,885820,891288,892352,5468,1064,6532,completed,36
3410,Rigid,885820,891582,897308,5762,5726,11488,completed,36
3411,Rigid,885821,891647,897681,5826,6034,11860,completed,36
3412,Rigid,885821,891679,897704,5858,6025,11883,completed,36
3413,Rigid,885821,891743,897630,5922,5887,11809,completed,36
3414,Rigid,885821,891934,892286,6113,352,6465,completed,36
3415,Rigid,885821,891990,893208,6169,1218,7387,completed,36
3416,Rigid,885821,891990,897584,6169,5594,11763,completed,36
3417,Rigid,885822,891990,898040,6168,6050,12218,completed,36
3418,Rigid,885822,892084,898109,6262,6025,12287,completed,36
3419,Rigid,885822,892221,898098,6399,5877,12276,completed,36
3420,Rigid,885822,892221,892601,6399,380,6779,completed,36
3421,Rigid,885822,892287,893507,6465,1220,7685,completed,36
3422,Rigid,885822,892353,897787,6531,5434,11965,completed,36
3423,Rigid,885822,892487,898549,6665,6062,12727,completed,36
3424,Rigid,885822,892602,898629,6780,6027,12807,completed,36
3425,Rigid,886009,887484,892220,1475,4736,6211,completed,72
3426,Rigid,886033,886041,1231664,8,345623,345631,completed,8
3427,Rigid,886046,886075,1231694,29,345619,345648,completed,8
3428,Rigid,886057,886075,1231694,18,345619,345637,completed,8
3429,Rigid,886070,886075,1231694,5,345619,345624,completed,8
3430,Rigid,886079,886107,1231724,28,345617,345645,completed,8
3431,Rigid,886090,886107,1231724,17,345617,345634,completed,8
3432,Rigid,886099,886107,1231724,8,345617,345625,completed,8
3433,Rigid,886113,886140,1231754,27,345614,345641,completed,8
3434,Rigid,886123,886140,1231754,17,345614,345631,completed,8
3435,Rigid,886152,886206,894192,54,7986,8040,completed,36
3436,Rigid,886641,886642,888014,1,1372,1373,completed,8
3437,Rigid,886641,886642,891987,1,5345,5346,completed,8
3438,Rigid,886641,886642,891987,1,5345,5346,completed,8
3439,Rigid,886641,886642,888045,1,1403,1404,completed,8
3440,Rigid,886641,886642,888045,1,1403,1404,completed,8
3441,Rigid,886641,886642,888045,1,1403,1404,completed,8
3442,Rigid,886641,886642,891987,1,5345,5346,completed,8
3443,Rigid,886641,886642,891987,1,5345,5346,completed,8
3444,Rigid,886642,886642,891987,0,5345,5345,completed,8
3445,Rigid,886642,886642,891987,0,5345,5345,completed,8
3446,Rigid,886642,886642,888045,0,1403,1403,completed,8
3447,Rigid,886642,886642,888045,0,1403,1403,completed,8
3448,Rigid,886642,886646,888045,4,1399,1403,completed,8
3449,Rigid,886642,886646,888045,4,1399,1403,completed,8
3450,Rigid,886642,886646,891987,4,5341,5345,completed,8
3451,Rigid,886642,886646,888045,4,1399,1403,completed,8
3452,Rigid,886642,886646,891987,4,5341,5345,completed,8
3453,Rigid,886642,886646,891987,4,5341,5345,completed,8
3454,Rigid,886642,886646,891987,4,5341,5345,completed,8
3455,Rigid,886642,886646,891987,4,5341,5345,completed,8
3456,Rigid,886642,886646,891987,4,5341,5345,completed,8
3457,Rigid,886642,886646,891987,4,5341,5345,completed,8
3458,Rigid,886642,886646,891987,4,5341,5345,completed,8
3459,Rigid,886642,886646,888045,4,1399,1403,completed,8
3460,Rigid,886642,886646,891987,4,5341,5345,completed,8
3461,Rigid,886642,886646,888045,4,1399,1403,completed,8
3462,Rigid,886642,886646,888018,4,1372,1376,completed,8
3463,Rigid,886642,886646,891987,4,5341,5345,completed,8
3464,Rigid,886642,886646,891987,4,5341,5345,completed,8
3465,Rigid,886642,886646,891987,4,5341,5345,completed,8
3466,Rigid,886642,886646,891987,4,5341,5345,completed,8
3467,Rigid,886642,886646,888045,4,1399,1403,completed,8
3468,Rigid,886642,886646,888045,4,1399,1403,completed,8
3469,Rigid,886642,886646,888045,4,1399,1403,completed,8
3470,Rigid,886642,886646,891987,4,5341,5345,completed,8
3471,Rigid,886642,886646,891987,4,5341,5345,completed,8
3472,Rigid,886642,886646,888045,4,1399,1403,completed,8
3473,Rigid,886643,886646,891987,3,5341,5344,completed,8
3474,Rigid,886643,886646,888045,3,1399,1402,completed,8
3475,Rigid,886643,886646,891987,3,5341,5344,completed,8
3476,Rigid,886643,886646,891987,3,5341,5344,completed,8
3477,Rigid,886643,886646,888045,3,1399,1402,completed,8
3478,Rigid,886643,886646,891987,3,5341,5344,completed,8
3479,Rigid,886643,886646,891987,3,5341,5344,completed,8
3480,Rigid,886643,886646,887999,3,1353,1356,completed,8
3481,Rigid,886643,886646,888033,3,1387,1390,completed,8
3482,Rigid,886643,886646,891987,3,5341,5344,completed,8
3483,Rigid,886643,886646,888018,3,1372,1375,completed,8
3484,Rigid,886643,886646,891987,3,5341,5344,completed,8
3485,Rigid,886643,886646,888021,3,1375,1378,completed,8
3486,Rigid,886643,886646,891987,3,5341,5344,completed,8
3487,Rigid,886643,886646,888023,3,1377,1380,completed,8
3488,Rigid,886643,886646,888034,3,1388,1391,completed,8
3489,Rigid,886643,886646,891987,3,5341,5344,completed,8
3490,Rigid,886643,886646,887988,3,1342,1345,completed,8
3491,Rigid,886643,886646,891987,3,5341,5344,completed,8
3492,Rigid,886643,886646,891987,3,5341,5344,completed,8
3493,Rigid,886643,886646,888045,3,1399,1402,completed,8
3494,Rigid,886643,886646,888045,3,1399,1402,completed,8
3495,Rigid,886643,886646,888026,3,1380,1383,completed,8
3496,Rigid,886643,886712,891987,69,5275,5344,completed,8
3497,Rigid,886643,886712,891987,69,5275,5344,completed,8
3498,Rigid,886643,886712,891987,69,5275,5344,completed,8
3499,Rigid,886643,886712,888045,69,1333,1402,completed,8
3500,Rigid,886643,886733,891987,90,5254,5344,completed,8
3501,Rigid,886643,886733,891987,90,5254,5344,completed,8
3502,Rigid,886643,886733,891987,90,5254,5344,completed,8
3503,Rigid,886643,886733,888045,90,1312,1402,completed,8
3504,Rigid,886643,886840,891987,197,5147,5344,completed,8
3505,Rigid,886643,886840,888254,197,1414,1611,completed,8
3506,Rigid,886643,886840,888248,197,1408,1605,completed,8
3507,Rigid,886643,886840,891987,197,5147,5344,completed,8
3508,Rigid,886643,886858,891987,215,5129,5344,completed,8
3509,Rigid,886643,886858,888272,215,1414,1629,completed,8
3510,Rigid,886643,886858,891987,215,5129,5344,completed,8
3511,Rigid,886643,886858,890165,215,3307,3522,completed,8
3512,Rigid,886643,886858,891987,215,5129,5344,completed,8
3513,Rigid,886643,886858,891987,215,5129,5344,completed,8
3514,Rigid,886643,886858,891987,215,5129,5344,completed,8
3515,Rigid,886643,886858,888211,215,1353,1568,completed,8
3516,Rigid,886643,886858,888259,215,1401,1616,completed,8
3517,Rigid,886643,886858,891987,215,5129,5344,completed,8
3518,Rigid,886643,886858,888272,215,1414,1629,completed,8
3519,Rigid,886643,886858,888272,215,1414,1629,completed,8
3520,Rigid,886643,886858,888272,215,1414,1629,completed,8
3521,Rigid,886644,886858,891987,214,5129,5343,completed,8
3522,Rigid,886644,886858,888272,214,1414,1628,completed,8
3523,Rigid,886644,886858,891987,214,5129,5343,completed,8
3524,Rigid,886644,886891,891987,247,5096,5343,completed,8
3525,Rigid,886644,886891,891987,247,5096,5343,completed,8
3526,Rigid,886644,886891,891987,247,5096,5343,completed,8
3527,Rigid,886644,886891,891987,247,5096,5343,completed,8
3528,Rigid,886644,886917,888222,273,1305,1578,completed,8
3529,Rigid,886644,886917,888248,273,1331,1604,completed,8
3530,Rigid,886644,886917,888204,273,1287,1560,completed,8
3531,Rigid,886644,886917,891987,273,5070,5343,completed,8
3532,Rigid,886644,886951,891987,307,5036,5343,completed,8
3533,Rigid,886644,886951,891987,307,5036,5343,completed,8
3534,Rigid,886644,886951,891987,307,5036,5343,completed,8
3535,Rigid,886644,886951,888540,307,1589,1896,completed,8
3536,Rigid,886644,887110,888558,466,1448,1914,completed,8
3537,Rigid,886644,887110,891987,466,4877,5343,completed,8
3538,Rigid,886644,887110,888507,466,1397,1863,completed,8
3539,Rigid,886644,887110,891987,466,4877,5343,completed,8
3540,Rigid,886644,887196,888558,552,1362,1914,completed,8
3541,Rigid,886644,887196,888558,552,1362,1914,completed,8
3542,Rigid,886644,887196,888545,552,1349,1901,completed,8
3543,Rigid,886644,887196,891987,552,4791,5343,completed,8
3544,Rigid,886645,887196,891987,551,4791,5342,completed,8
3545,Rigid,886645,887196,891320,551,4124,4675,completed,8
3546,Rigid,886645,887196,888539,551,1343,1894,completed,8
3547,Rigid,886645,887196,891987,551,4791,5342,completed,8
3548,Rigid,886645,887250,888558,605,1308,1913,completed,8
3549,Rigid,886645,887250,891987,605,4737,5342,completed,8
3550,Rigid,886645,887250,888490,605,1240,1845,completed,8
3551,Rigid,886645,887250,888497,605,1247,1852,completed,8
3552,Rigid,886645,887297,889698,652,2401,3053,completed,8
3553,Rigid,886645,887335,888522,690,1187,1877,completed,8
3554,Rigid,886645,887335,891987,690,4652,5342,completed,8
3555,Rigid,886645,887335,891987,690,4652,5342,completed,8
3556,Rigid,886645,887335,891987,690,4652,5342,completed,8
3557,Rigid,886645,887484,888656,839,1172,2011,completed,8
3558,Rigid,886645,887484,891987,839,4503,5342,completed,8
3559,Rigid,886645,887484,891987,839,4503,5342,completed,8
3560,Rigid,886645,887484,891987,839,4503,5342,completed,8
3561,Rigid,886645,887484,888643,839,1159,1998,completed,8
3562,Rigid,887571,887572,887598,1,26,27,completed,1
3563,Rigid,887571,887572,887599,1,27,28,completed,1
3564,Rigid,887571,887572,887598,1,26,27,completed,1
3565,Rigid,887571,887572,887601,1,29,30,completed,1
3566,Rigid,887571,887572,887599,1,27,28,completed,1
3567,Rigid,887571,887572,887597,1,25,26,completed,1
3568,Rigid,887571,887572,887600,1,28,29,completed,1
3569,Rigid,887571,887572,887598,1,26,27,completed,1
3570,Rigid,887612,887613,887620,1,7,8,completed,1
3571,Rigid,887612,887613,887620,1,7,8,completed,1
3572,Rigid,887612,887613,887620,1,7,8,completed,1
3573,Rigid,887612,887613,887620,1,7,8,completed,1
3574,Rigid,887612,887613,887621,1,8,9,completed,1
3575,Rigid,887612,887613,887621,1,8,9,completed,1
3576,Rigid,887612,887613,887621,1,8,9,completed,1
3577,Rigid,887612,887613,887621,1,8,9,completed,1
3578,Rigid,887659,887724,900271,65,12547,12612,completed,36
3579,Rigid,887699,887699,899071,0,11372,11372,completed,1
3580,Rigid,887699,887699,899043,0,11344,11344,completed,1
3581,Rigid,887699,887699,898951,0,11252,11252,completed,1
3582,Rigid,887699,887699,899144,0,11445,11445,completed,1
3583,Rigid,887699,887699,899125,0,11426,11426,completed,1
3584,Rigid,887699,887699,899529,0,11830,11830,completed,1
3585,Rigid,887760,887778,894651,18,6873,6891,completed,1
3586,Rigid,887884,887885,898265,1,10380,10381,completed,1
3587,Rigid,887884,887885,898236,1,10351,10352,completed,1
3588,Rigid,887884,887885,898325,1,10440,10441,completed,1
3589,Rigid,887884,887885,898262,1,10377,10378,completed,1
3590,Rigid,887884,887885,898277,1,10392,10393,completed,1
3591,Rigid,887884,887885,897159,1,9274,9275,completed,1
3592,Rigid,888380,888398,895240,18,6842,6860,completed,1
3593,Rigid,888518,888645,889771,127,1126,1253,completed,72
3594,Rigid,888750,888757,891112,7,2355,2362,completed,1
3595,Rigid,889084,889085,889114,1,29,30,completed,1
3596,Rigid,889084,889085,889114,1,29,30,completed,1
3597,Rigid,889084,889085,889114,1,29,30,completed,1
3598,Rigid,889084,889085,889114,1,29,30,completed,1
3599,Rigid,889084,889085,889114,1,29,30,completed,1
3600,Rigid,889084,889085,889114,1,29,30,completed,1
3601,Rigid,889084,889085,889095,1,10,11,completed,1
3602,Rigid,889084,889085,889095,1,10,11,completed,1
3603,Rigid,889339,889339,891819,0,2480,2480,completed,1
3604,Rigid,889339,889339,891820,0,2481,2481,completed,1
3605,Rigid,889339,889339,894196,0,4857,4857,completed,1
3606,Rigid,889339,889340,894872,1,5532,5533,completed,1
3607,Rigid,889339,889340,893139,1,3799,3800,completed,1
3608,Rigid,889339,889340,893123,1,3783,3784,completed,1
3609,Rigid,889339,889340,892269,1,2929,2930,completed,1
3610,Rigid,889339,889340,892377,1,3037,3038,completed,1
3611,Rigid,889379,891990,892914,2611,924,3535,completed,396
3612,Rigid,889424,889425,893351,1,3926,3927,completed,1
3613,Rigid,889424,889425,936919,1,47494,47495,completed,1
3614,Rigid,889424,889425,892585,1,3160,3161,completed,1
3615,Rigid,889424,889425,891714,1,2289,2290,completed,1
3616,Rigid,889549,889907,889918,358,11,369,completed,144
3617,Rigid,889671,892868,1065684,3197,172816,176013,completed,36
3618,Rigid,889774,892878,1039919,3104,147041,150145,completed,36
3619,Rigid,889814,892981,947067,3167,54086,57253,completed,36
3620,Rigid,890047,890072,890485,25,413,438,completed,18
3621,Rigid,890369,890393,890402,24,9,33,completed,1
3622,Rigid,890489,890520,893663,31,3143,3174,completed,18
3623,Rigid,890519,890520,894574,1,4054,4055,completed,1
3624,Rigid,890606,890617,894782,11,4165,4176,completed,1
3625,Rigid,890631,893161,989569,2530,96408,98938,completed,36
3626,Rigid,890684,893209,920812,2525,27603,30128,completed,36
3627,Rigid,890718,893280,895651,2562,2371,4933,completed,36
3628,Rigid,890729,893410,896715,2681,3305,5986,completed,36
3629,Rigid,890746,893508,906796,2762,13288,16050,completed,36
3630,Rigid,890870,890872,893151,2,2279,2281,completed,1
3631,Rigid,891019,891031,893291,12,2260,2272,completed,1
3632,Rigid,891597,891615,895061,18,3446,3464,completed,1
3633,Rigid,891672,891680,895722,8,4042,4050,completed,1
3634,Rigid,891682,891712,894908,30,3196,3226,completed,1
3635,Rigid,891687,891712,895271,25,3559,3584,completed,1
3636,Rigid,891701,891712,895216,11,3504,3515,completed,1
3637,Rigid,891706,891712,895250,6,3538,3544,completed,1
3638,Rigid,891711,891712,891737,1,25,26,completed,1
3639,Rigid,892377,893578,893580,1201,2,1203,completed,144
3640,Rigid,892892,892917,893451,25,534,559,completed,396
3641,Rigid,893441,893456,897247,15,3791,3806,completed,396
3642,Rigid,893639,893650,894704,11,1054,1065,completed,18
3643,Rigid,894569,894725,896069,156,1344,1500,completed,36
3644,Rigid,894638,894638,964478,0,69840,69840,completed,16
3645,Rigid,894735,894735,965029,0,70294,70294,completed,16
3646,Rigid,894771,894772,948486,1,53714,53715,completed,16
3647,Rigid,894887,894887,894908,0,21,21,completed,1
3648,Rigid,894887,894887,894907,0,20,20,completed,1
3649,Rigid,894887,894887,894907,0,20,20,completed,1
3650,Rigid,894887,894887,894912,0,25,25,completed,1
3651,Rigid,894887,894887,894911,0,24,24,completed,1
3652,Rigid,894887,894887,894909,0,22,22,completed,1
3653,Rigid,894887,894888,894910,1,22,23,completed,1
3654,Rigid,894887,894888,894910,1,22,23,completed,1
3655,Rigid,894921,894922,894941,1,19,20,completed,1
3656,Rigid,894921,894922,894931,1,9,10,completed,1
3657,Rigid,894921,894922,894931,1,9,10,completed,1
3658,Rigid,894921,894922,894937,1,15,16,completed,1
3659,Rigid,894921,894922,894935,1,13,14,completed,1
3660,Rigid,894921,894922,894934,1,12,13,completed,1
3661,Rigid,894921,894922,894934,1,12,13,completed,1
3662,Rigid,894921,894922,894935,1,13,14,completed,1
3663,Rigid,894947,894948,894957,1,9,10,completed,1
3664,Rigid,894947,894948,894957,1,9,10,completed,1
3665,Rigid,894947,894948,894956,1,8,9,completed,1
3666,Rigid,894947,894948,894956,1,8,9,completed,1
3667,Rigid,894947,894948,894955,1,7,8,completed,1
3668,Rigid,894947,894948,894955,1,7,8,completed,1
3669,Rigid,894947,894948,894955,1,7,8,completed,1
3670,Rigid,894947,894948,894956,1,8,9,completed,1
3671,Rigid,894986,895657,895663,671,6,677,completed,144
3672,Rigid,895066,895067,895270,1,203,204,completed,1
3673,Rigid,895066,895067,895270,1,203,204,completed,1
3674,Rigid,895066,895067,895270,1,203,204,completed,1
3675,Rigid,895066,895067,895270,1,203,204,completed,1
3676,Rigid,895066,895067,895270,1,203,204,completed,1
3677,Rigid,895066,895067,895270,1,203,204,completed,1
3678,Rigid,895066,895067,895270,1,203,204,completed,1
3679,Rigid,895066,895067,895270,1,203,204,completed,1
3680,Rigid,895352,895382,900340,30,4958,4988,completed,18
3681,Rigid,895390,895391,895418,1,27,28,completed,1
3682,Rigid,895390,895391,895418,1,27,28,completed,1
3683,Rigid,895390,895391,895418,1,27,28,completed,1
3684,Rigid,895390,895391,895418,1,27,28,completed,1
3685,Rigid,895390,895391,895418,1,27,28,completed,1
3686,Rigid,895390,895391,895418,1,27,28,completed,1
3687,Rigid,895390,895391,895495,1,104,105,completed,1
3688,Rigid,895390,895391,895495,1,104,105,completed,1
3689,Rigid,895951,895952,896914,1,962,963,completed,1
3690,Rigid,895951,895952,896890,1,938,939,completed,1
3691,Rigid,895951,895952,896967,1,1015,1016,completed,1
3692,Rigid,895951,895952,897060,1,1108,1109,completed,1
3693,Rigid,895951,895952,897063,1,1111,1112,completed,1
3694,Rigid,895951,895952,896962,1,1010,1011,completed,1
3695,Rigid,895951,895952,896915,1,963,964,completed,1
3696,Rigid,895951,895952,896915,1,963,964,completed,1
3697,Rigid,896272,896282,896284,10,2,12,completed,1
3698,Rigid,896296,896312,896315,16,3,19,completed,1
3699,Rigid,896304,896312,896315,8,3,11,completed,1
3700,Rigid,896310,896312,896316,2,4,6,completed,1
3701,Rigid,896315,896343,896345,28,2,30,completed,1
3702,Rigid,896349,896373,896376,24,3,27,completed,1
3703,Rigid,896393,896403,902032,10,5629,5639,completed,1
3704,Rigid,896435,896464,901965,29,5501,5530,completed,1
3705,Rigid,896440,896464,901907,24,5443,5467,completed,1
3706,Rigid,896448,896464,901941,16,5477,5493,completed,1
3707,Rigid,896452,896464,901334,12,4870,4882,completed,1
3708,Rigid,896457,896464,901425,7,4961,4968,completed,1
3709,Rigid,896487,896888,896893,401,5,406,completed,144
3710,Rigid,897239,897252,897798,13,546,559,completed,396
3711,Rigid,897785,897801,901226,16,3425,3441,completed,396
3712,Rigid,897930,897950,916069,20,18119,18139,completed,18
3713,Rigid,898262,901673,902655,3411,982,4393,completed,36
3714,Rigid,898343,901764,902994,3421,1230,4651,completed,36
3715,Rigid,898412,902157,903189,3745,1032,4777,completed,36
3716,Rigid,898481,902521,903683,4040,1162,5202,completed,36
3717,Rigid,898556,902521,903801,3965,1280,5245,completed,36
3718,Rigid,898635,902552,903851,3917,1299,5216,completed,36
3719,Rigid,898719,902552,904007,3833,1455,5288,completed,36
3720,Rigid,898804,902582,904071,3778,1489,5267,completed,36
3721,Rigid,900899,901231,901267,332,36,368,completed,144
3722,Rigid,900949,901088,913624,139,12536,12675,completed,36
3723,Rigid,901265,903781,906283,2516,2502,5018,completed,396
3724,Rigid,901482,906288,906844,4806,556,5362,completed,396
3725,Rigid,903626,903636,904086,10,450,460,completed,1
3726,Rigid,903702,903726,904098,24,372,396,completed,1
3727,Rigid,903827,903847,904105,20,258,278,completed,1
3728,Rigid,903839,903847,903857,8,10,18,completed,1
3729,Rigid,904264,904269,911348,5,7079,7084,completed,1
3730,Rigid,904277,904299,912218,22,7919,7941,completed,36
3731,Rigid,904277,904361,916553,84,12192,12276,completed,36
3732,Rigid,904278,904361,911211,83,6850,6933,completed,36
3733,Rigid,904278,904638,908450,360,3812,4172,completed,36
3734,Rigid,904278,904823,911185,545,6362,6907,completed,36
3735,Rigid,904278,904946,909637,668,4691,5359,completed,36
3736,Rigid,904278,905100,914427,822,9327,10149,completed,36
3737,Rigid,904278,905100,938851,822,33751,34573,completed,36
3738,Rigid,904278,905316,917686,1038,12370,13408,completed,36
3739,Rigid,904279,905346,936215,1067,30869,31936,completed,36
3740,Rigid,904279,905377,912500,1098,7123,8221,completed,36
3741,Rigid,904279,905439,912784,1160,7345,8505,completed,36
3742,Rigid,904279,905469,913428,1190,7959,9149,completed,36
3743,Rigid,904279,905469,914094,1190,8625,9815,completed,36
3744,Rigid,904279,905592,909915,1313,4323,5636,completed,36
3745,Rigid,904279,905623,917233,1344,11610,12954,completed,36
3746,Rigid,904279,905654,916617,1375,10963,12338,completed,36
3747,Rigid,904280,905685,909796,1405,4111,5516,completed,36
3748,Rigid,904280,906298,922343,2018,16045,18063,completed,36
3749,Rigid,904280,906298,923658,2018,17360,19378,completed,36
3750,Rigid,904280,906298,915557,2018,9259,11277,completed,36
3751,Rigid,904280,906298,932672,2018,26374,28392,completed,36
3752,Rigid,904280,906329,914047,2049,7718,9767,completed,36
3753,Rigid,904280,906360,919710,2080,13350,15430,completed,36
3754,Rigid,904280,906575,911854,2295,5279,7574,completed,36
3755,Rigid,904280,906667,911794,2387,5127,7514,completed,36
3756,Rigid,904281,906821,911880,2540,5059,7599,completed,36
3757,Rigid,904281,906852,912330,2571,5478,8049,completed,36
3758,Rigid,904281,906852,914552,2571,7700,10271,completed,36
3759,Rigid,904281,906852,913871,2571,7019,9590,completed,36
3760,Rigid,904281,907343,909432,3062,2089,5151,completed,36
3761,Rigid,904281,907496,911657,3215,4161,7376,completed,36
3762,Rigid,904281,907680,910836,3399,3156,6555,completed,36
3763,Rigid,904281,907895,911836,3614,3941,7555,completed,36
3764,Rigid,904281,908080,910671,3799,2591,6390,completed,36
3765,Rigid,904281,908478,912379,4197,3901,8098,completed,36
3766,Rigid,904281,908693,912791,4412,4098,8510,completed,36
3767,Rigid,904282,909060,935666,4778,26606,31384,completed,36
3768,Rigid,904282,909122,912951,4840,3829,8669,completed,36
3769,Rigid,904282,909398,915326,5116,5928,11044,completed,36
3770,Rigid,904282,909460,913593,5178,4133,9311,completed,36
3771,Rigid,904282,909643,914028,5361,4385,9746,completed,36
3772,Rigid,904282,909827,917263,5545,7436,12981,completed,36
3773,Rigid,904282,910041,921464,5759,11423,17182,completed,36
3774,Rigid,904282,910682,914715,6400,4033,10433,completed,36
3775,Rigid,904283,910866,914290,6583,3424,10007,completed,36
3776,Rigid,904283,910866,924765,6583,13899,20482,completed,36
3777,Rigid,904283,911202,927176,6919,15974,22893,completed,36
3778,Rigid,904283,911232,924780,6949,13548,20497,completed,36
3779,Rigid,904283,911293,921349,7010,10056,17066,completed,36
3780,Rigid,904283,911660,915726,7377,4066,11443,completed,36
3781,Rigid,904283,911660,917796,7377,6136,13513,completed,36
3782,Rigid,904283,911812,927001,7529,15189,22718,completed,36
3783,Rigid,904284,911843,913423,7559,1580,9139,completed,36
3784,Rigid,904284,911873,914419,7589,2546,10135,completed,36
3785,Rigid,904284,911873,914501,7589,2628,10217,completed,36
3786,Rigid,904284,911904,919220,7620,7316,14936,completed,36
3787,Rigid,904284,912178,917636,7894,5458,13352,completed,36
3788,Rigid,904284,912239,918178,7955,5939,13894,completed,36
3789,Rigid,904284,912361,923246,8077,10885,18962,completed,36
3790,Rigid,904284,912391,914202,8107,1811,9918,completed,36
3791,Rigid,904284,912787,916769,8503,3982,12485,completed,36
3792,Rigid,904285,912817,917785,8532,4968,13500,completed,36
3793,Rigid,904285,912817,919419,8532,6602,15134,completed,36
3794,Rigid,904285,912970,916321,8685,3351,12036,completed,36
3795,Rigid,904285,913030,918466,8745,5436,14181,completed,36
3796,Rigid,904285,913030,920734,8745,7704,16449,completed,36
3797,Rigid,904285,913426,915474,9141,2048,11189,completed,36
3798,Rigid,904285,913456,921650,9171,8194,17365,completed,36
3799,Rigid,904285,913517,916693,9232,3176,12408,completed,36
3800,Rigid,904286,913517,917922,9231,4405,13636,completed,36
3801,Rigid,904286,913578,918547,9292,4969,14261,completed,36
3802,Rigid,904286,913608,933381,9322,19773,29095,completed,36
3803,Rigid,904286,913639,916656,9353,3017,12370,completed,36
3804,Rigid,904286,913882,917460,9596,3578,13174,completed,36
3805,Rigid,904286,914064,917586,9778,3522,13300,completed,36
3806,Rigid,904287,914095,916585,9808,2490,12298,completed,36
3807,Rigid,904287,914217,918414,9930,4197,14127,completed,36
3808,Rigid,904287,914309,919027,10022,4718,14740,completed,36
3809,Rigid,904287,914583,918678,10296,4095,14391,completed,36
3810,Rigid,904287,914553,919130,10266,4577,14843,completed,36
3811,Rigid,904287,914553,917090,10266,2537,12803,completed,36
3812,Rigid,904288,914614,916646,10326,2032,12358,completed,36
3813,Rigid,904288,914735,917630,10447,2895,13342,completed,36
3814,Rigid,904288,915343,917173,11055,1830,12885,completed,36
3815,Rigid,904288,915495,917333,11207,1838,13045,completed,36
3816,Rigid,904288,915586,918719,11298,3133,14431,completed,36
3817,Rigid,904288,915737,920552,11449,4815,16264,completed,36
3818,Rigid,904288,916344,918792,12056,2448,14504,completed,36
3819,Rigid,904288,916616,930237,12328,13621,25949,completed,36
3820,Rigid,904288,916677,918828,12389,2151,14540,completed,36
3821,Rigid,904288,916647,919141,12359,2494,14853,completed,36
3822,Rigid,904288,916677,921725,12389,5048,17437,completed,36
3823,Rigid,904289,916677,924820,12388,8143,20531,completed,36
3824,Rigid,904289,916677,918784,12388,2107,14495,completed,36
3825,Rigid,904289,916707,919219,12418,2512,14930,completed,36
3826,Rigid,904289,916707,920378,12418,3671,16089,completed,36
3827,Rigid,904289,916738,928748,12449,12010,24459,completed,36
3828,Rigid,904289,916799,948594,12510,31795,44305,completed,36
3829,Rigid,904289,917104,922724,12815,5620,18435,completed,36
3830,Rigid,904289,917195,922129,12906,4934,17840,completed,36
3831,Rigid,904289,917255,924951,12966,7696,20662,completed,36
3832,Rigid,904290,917286,935688,12996,18402,31398,completed,36
3833,Rigid,904290,917316,920054,13026,2738,15764,completed,36
3834,Rigid,904290,917316,920878,13026,3562,16588,completed,36
3835,Rigid,904290,917346,921039,13056,3693,16749,completed,36
3836,Rigid,904290,917467,926902,13177,9435,22612,completed,36
3837,Rigid,904290,917588,923885,13298,6297,19595,completed,36
3838,Rigid,904290,917649,925443,13359,7794,21153,completed,36
3839,Rigid,904290,917649,928334,13359,10685,24044,completed,36
3840,Rigid,904290,917709,920554,13419,2845,16264,completed,36
3841,Rigid,904290,917800,923876,13510,6076,19586,completed,36
3842,Rigid,904290,917801,924374,13511,6573,20084,completed,36
3843,Rigid,904291,918194,925784,13903,7590,21493,completed,36
3844,Rigid,904291,918436,922792,14145,4356,18501,completed,36
3845,Rigid,904291,918436,925040,14145,6604,20749,completed,36
3846,Rigid,904291,918436,928877,14145,10441,24586,completed,36
3847,Rigid,904291,918436,921502,14145,3066,17211,completed,36
3848,Rigid,904291,918467,927520,14176,9053,23229,completed,36
3849,Rigid,904291,918548,922320,14257,3772,18029,completed,36
3850,Rigid,904291,918679,923729,14388,5050,19438,completed,36
3851,Rigid,904291,918684,924765,14393,6081,20474,completed,36
3852,Rigid,904291,918685,937565,14394,18880,33274,completed,36
3853,Rigid,904291,918720,922591,14429,3871,18300,completed,36
3854,Rigid,904292,918786,923251,14494,4465,18959,completed,36
3855,Rigid,904292,918793,923522,14501,4729,19230,completed,36
3856,Rigid,904292,918830,922187,14538,3357,17895,completed,36
3857,Rigid,904292,919028,924510,14736,5482,20218,completed,36
3858,Rigid,904292,919132,925296,14840,6164,21004,completed,36
3859,Rigid,904292,919142,924374,14850,5232,20082,completed,36
3860,Rigid,904292,919223,925227,14931,6004,20935,completed,36
3861,Rigid,904292,919223,922742,14931,3519,18450,completed,36
3862,Rigid,904292,919434,922066,15142,2632,17774,completed,36
3863,Rigid,904292,919677,923575,15385,3898,19283,completed,36
3864,Rigid,904292,919737,922222,15445,2485,17930,completed,36
3865,Rigid,904293,920406,922970,16113,2564,18677,completed,36
3866,Rigid,904293,920557,924543,16264,3986,20250,completed,36
3867,Rigid,904293,920890,926342,16597,5452,22049,completed,36
3868,Rigid,904293,920920,924152,16627,3232,19859,completed,36
3869,Rigid,904293,921041,935774,16748,14733,31481,completed,36
3870,Rigid,904293,921373,924244,17080,2871,19951,completed,36
3871,Rigid,904293,921524,925194,17231,3670,20901,completed,36
3872,Rigid,904293,921676,927943,17383,6267,23650,completed,36
3873,Rigid,904293,922068,931946,17775,9878,27653,completed,36
3874,Rigid,904293,922159,925219,17866,3060,20926,completed,36
3875,Rigid,904293,922321,925457,18028,3136,21164,completed,36
3876,Rigid,904294,922344,926571,18050,4227,22277,completed,36
3877,Rigid,904294,922592,932279,18298,9687,27985,completed,36
3878,Rigid,904294,922725,954064,18431,31339,49770,completed,36
3879,Rigid,904294,922743,930324,18449,7581,26030,completed,36
3880,Rigid,904294,922794,927006,18500,4212,22712,completed,36
3881,Rigid,904294,922971,929710,18677,6739,25416,completed,36
3882,Rigid,904294,923247,935901,18953,12654,31607,completed,36
3883,Rigid,904294,923252,925175,18958,1923,20881,completed,36
3884,Rigid,904294,923523,926553,19229,3030,22259,completed,36
3885,Rigid,904294,923577,926529,19283,2952,22235,completed,36
3886,Rigid,904295,923660,931566,19365,7906,27271,completed,36
3887,Rigid,904295,923730,933540,19435,9810,29245,completed,36
3888,Rigid,904295,923878,930236,19583,6358,25941,completed,36
3889,Rigid,904295,923886,959890,19591,36004,55595,completed,36
3890,Rigid,904295,924154,926438,19859,2284,22143,completed,36
3891,Rigid,904295,924221,928669,19926,4448,24374,completed,36
3892,Rigid,904295,924245,929947,19950,5702,25652,completed,36
3893,Rigid,904295,924375,930415,20080,6040,26120,completed,36
3894,Rigid,904295,924376,927806,20081,3430,23511,completed,36
3895,Rigid,904295,924512,930744,20217,6232,26449,completed,36
3896,Rigid,904295,924544,932916,20249,8372,28621,completed,36
3897,Rigid,904296,924766,927001,20470,2235,22705,completed,36
3898,Rigid,904296,924766,933200,20470,8434,28904,completed,36
3899,Rigid,904296,924781,930744,20485,5963,26448,completed,36
3900,Rigid,904296,924821,929412,20525,4591,25116,completed,36
3901,Rigid,904296,924952,930754,20656,5802,26458,completed,36
3902,Rigid,904296,925042,938203,20746,13161,33907,completed,36
3903,Rigid,904296,925177,928551,20881,3374,24255,completed,36
3904,Rigid,904296,925195,928847,20899,3652,24551,completed,36
3905,Rigid,904296,925221,928832,20925,3611,24536,completed,36
3906,Rigid,904297,925228,928194,20931,2966,23897,completed,36
3907,Rigid,904297,925297,929654,21000,4357,25357,completed,36
3908,Rigid,904297,925444,930262,21147,4818,25965,completed,36
3909,Rigid,904297,925458,929354,21161,3896,25057,completed,36
3910,Rigid,904297,925785,928669,21488,2884,24372,completed,36
3911,Rigid,904297,925961,928514,21664,2553,24217,completed,36
3912,Rigid,904297,926265,928363,21968,2098,24066,completed,36
3913,Rigid,904297,926294,929506,21997,3212,25209,completed,36
3914,Rigid,904297,926294,928068,21997,1774,23771,completed,36
3915,Rigid,904298,926295,928416,21997,2121,24118,completed,36
3916,Rigid,904298,926297,929432,21999,3135,25134,completed,36
3917,Rigid,904298,926343,935666,22045,9323,31368,completed,36
3918,Rigid,904298,926357,928949,22059,2592,24651,completed,36
3919,Rigid,904298,926410,935801,22112,9391,31503,completed,36
3920,Rigid,904298,926410,928720,22112,2310,24422,completed,36
3921,Rigid,904298,926415,929306,22117,2891,25008,completed,36
3922,Rigid,904298,926439,931527,22141,5088,27229,completed,36
3923,Rigid,904299,926445,935167,22146,8722,30868,completed,36
3924,Rigid,904299,926445,928829,22146,2384,24530,completed,36
3925,Rigid,904299,926474,928983,22175,2509,24684,completed,36
3926,Rigid,904299,926531,946096,22232,19565,41797,completed,36
3927,Rigid,904299,926534,950267,22235,23733,45968,completed,36
3928,Rigid,904299,926555,947630,22256,21075,43331,completed,36
3929,Rigid,904299,926572,932527,22273,5955,28228,completed,36
3930,Rigid,904458,904485,906680,27,2195,2222,completed,1
3931,Rigid,904523,904546,906752,23,2206,2229,completed,1
3932,Rigid,904682,904700,909107,18,4407,4425,completed,1
3933,Rigid,904688,907895,915956,3207,8061,11268,completed,180
3934,Rigid,904807,904824,909105,17,4281,4298,completed,1
3935,Rigid,904973,904977,912428,4,7451,7455,completed,1
3936,Rigid,906309,906849,914051,540,7202,7742,completed,396
3937,Rigid,906828,914060,939280,7232,25220,32452,completed,396
3938,Rigid,912095,912095,912115,0,20,20,completed,36
3939,Rigid,912153,912155,945877,2,33722,33724,completed,16
3940,Rigid,912605,912606,912737,1,131,132,completed,36
3941,Rigid,913218,913218,913456,0,238,238,completed,36
3942,Rigid,913957,914502,914541,545,39,584,completed,144
3943,Rigid,914018,914030,914301,12,271,283,completed,36
3944,Rigid,914629,914632,914758,3,126,129,completed,36
3945,Rigid,914756,914766,918711,10,3945,3955,completed,1
3946,Rigid,914760,914766,918676,6,3910,3916,completed,1
3947,Rigid,914765,914766,918792,1,4026,4027,completed,1
3948,Rigid,914770,914797,914828,27,31,58,completed,1
3949,Rigid,914774,914797,914846,23,49,72,completed,1
3950,Rigid,914829,914857,914893,28,36,64,completed,1
3951,Rigid,914862,914888,918918,26,4030,4056,completed,1
3952,Rigid,914882,914888,918975,6,4087,4093,completed,1
3953,Rigid,914917,914918,918986,1,4068,4069,completed,1
3954,Rigid,915135,915136,916051,1,915,916,completed,36
3955,Rigid,917837,917861,923584,24,5723,5747,completed,18
3956,Rigid,918176,918194,919206,18,1012,1030,completed,36
3957,Rigid,918257,918285,919541,28,1256,1284,completed,36
3958,Rigid,918328,918345,919428,17,1083,1100,completed,36
3959,Rigid,918406,919223,920400,817,1177,1994,completed,36
3960,Rigid,918491,919435,920730,944,1295,2239,completed,36
3961,Rigid,918584,919556,920913,972,1357,2329,completed,36
3962,Rigid,918984,926627,926718,7643,91,7734,completed,36
3963,Rigid,918989,926685,926739,7696,54,7750,completed,36
3964,Rigid,918994,926687,926736,7693,49,7742,completed,36
3965,Rigid,918999,926719,926766,7720,47,7767,completed,36
3966,Rigid,919004,926738,926781,7734,43,7777,completed,36
3967,Rigid,919573,919573,919577,0,4,4,completed,16
3968,Rigid,919573,919577,919580,4,3,7,completed,16
3969,Rigid,919573,919577,919580,4,3,7,completed,16
3970,Rigid,919573,919577,919581,4,4,8,completed,16
3971,Rigid,919574,919577,919581,3,4,7,completed,16
3972,Rigid,919574,919577,997739,3,78162,78165,completed,16
3973,Rigid,919603,919603,926846,0,7243,7243,completed,8
3974,Rigid,919603,919603,950617,0,31014,31014,completed,12
3975,Rigid,920962,920981,921048,19,67,86,completed,1
3976,Rigid,922165,922190,922254,25,64,89,completed,8
3977,Rigid,922259,922280,937926,21,15646,15667,completed,8
3978,Rigid,923601,923612,925046,11,1434,1445,completed,18
3979,Rigid,925339,925364,937523,25,12159,12184,completed,18
3980,Rigid,925596,926767,927860,1171,1093,2264,completed,36
3981,Rigid,925685,926782,928100,1097,1318,2415,completed,36
3982,Rigid,925760,926805,927928,1045,1123,2168,completed,36
3983,Rigid,925832,926904,928133,1072,1229,2301,completed,36
3984,Rigid,925911,927002,928376,1091,1374,2465,completed,36
3985,Rigid,925997,927002,928419,1005,1417,2422,completed,36
3986,Rigid,926086,927007,928564,921,1557,2478,completed,36
3987,Rigid,926172,927164,928762,992,1598,2590,completed,36
3988,Rigid,928947,928947,941540,0,12593,12593,completed,36
3989,Rigid,929367,929368,937423,1,8055,8056,completed,180
3990,Rigid,934045,934046,934395,1,349,350,completed,36
3991,Rigid,934709,934709,935202,0,493,493,completed,36
3992,Rigid,935281,935281,1167595,0,232314,232314,completed,36
3993,Rigid,935286,935286,1179457,0,244171,244171,completed,36
3994,Rigid,935293,935294,1007102,1,71808,71809,completed,36
3995,Rigid,939213,939214,946451,1,7237,7238,completed,36
3996,Rigid,949445,949446,953583,1,4137,4138,completed,36
3997,Rigid,951166,951166,1045784,0,94618,94618,completed,1
3998,Rigid,951166,951170,1055983,4,104813,104817,completed,1
3999,Rigid,951886,951887,1088095,1,136208,136209,completed,1
4000,Rigid,952024,952024,952095,0,71,71,completed,1
4001,Rigid,952082,952083,952097,1,14,15,completed,1
4002,Rigid,952087,952087,952103,0,16,16,completed,1
4003,Rigid,952091,952091,952104,0,13,13,completed,1
4004,Rigid,952095,952096,952132,1,36,37,completed,1
4005,Rigid,952135,952137,952151,2,14,16,completed,1
4006,Rigid,952144,952144,952157,0,13,13,completed,1
4007,Rigid,952149,952149,952162,0,13,13,completed,1
4008,Rigid,952154,952154,952166,0,12,12,completed,1
4009,Rigid,952160,952160,952176,0,16,16,completed,1
4010,Rigid,952231,952231,952246,0,15,15,completed,1
4011,Rigid,952238,952238,952253,0,15,15,completed,1
4012,Rigid,952242,952243,952256,1,13,14,completed,1
4013,Rigid,952247,952247,952264,0,17,17,completed,1
4014,Rigid,952254,952255,952272,1,17,18,completed,1
4015,Rigid,952291,952292,955643,1,3351,3352,completed,1
4016,Rigid,952296,952297,1022489,1,70192,70193,completed,1
4017,Rigid,952297,952301,1016217,4,63916,63920,completed,1
4018,Rigid,952298,952301,1022020,3,69719,69722,completed,1
4019,Rigid,952299,952301,1024141,2,71840,71842,completed,1
4020,Rigid,952300,952301,1024315,1,72014,72015,completed,1
4021,Rigid,952300,952301,1021958,1,69657,69658,completed,1
4022,Rigid,952301,952305,1026136,4,73831,73835,completed,1
4023,Rigid,952302,952305,955725,3,3420,3423,completed,1
4024,Rigid,952302,952305,1027339,3,75034,75037,completed,1
4025,Rigid,952302,952305,1021378,3,69073,69076,completed,1
4026,Rigid,952303,952305,1027653,2,75348,75350,completed,1
4027,Rigid,952304,952305,1026470,1,74165,74166,completed,1
4028,Rigid,952305,952309,1025260,4,72951,72955,completed,1
4029,Rigid,952305,952309,1032566,4,80257,80261,completed,1
4030,Rigid,952306,952309,1022350,3,70041,70044,completed,1
4031,Rigid,952307,952309,955754,2,3445,3447,completed,1
4032,Rigid,952307,952309,1027960,2,75651,75653,completed,1
4033,Rigid,952308,952309,1022254,1,69945,69946,completed,1
4034,Rigid,952311,952311,955715,0,3404,3404,completed,1
4035,Rigid,952316,952317,955690,1,3373,3374,completed,1
4036,Rigid,952339,952339,956156,0,3817,3817,completed,1
4037,Rigid,952595,952596,958648,1,6052,6053,completed,1
4038,Rigid,952691,952692,958839,1,6147,6148,completed,1
4039,Rigid,954039,954039,998951,0,44912,44912,completed,16
4040,Rigid,954277,954277,955201,0,924,924,completed,8
4041,Rigid,955261,955262,970687,1,15425,15426,completed,8
4042,Rigid,956276,956277,960140,1,3863,3864,completed,1
4043,Rigid,956350,956350,960136,0,3786,3786,completed,1
4044,Rigid,956354,956354,959892,0,3538,3538,completed,1
4045,Rigid,956359,956359,959790,0,3431,3431,completed,1
4046,Rigid,956363,956364,960125,1,3761,3762,completed,1
4047,Rigid,956368,956369,959710,1,3341,3342,completed,1
4048,Rigid,957531,957531,957535,0,4,4,completed,1
4049,Rigid,957597,957598,957601,1,3,4,completed,1
4050,Rigid,957609,957609,957614,0,5,5,completed,1
4051,Rigid,957892,957893,959634,1,1741,1742,completed,18
4052,Rigid,958141,958142,958809,1,667,668,completed,36
4053,Rigid,958903,958903,960897,0,1994,1994,completed,18
4054,Rigid,959660,959660,960914,0,1254,1254,completed,18
4055,Rigid,960095,960096,968419,1,8323,8324,completed,36
4056,Rigid,960101,960101,975514,0,15413,15413,completed,36
4057,Rigid,960104,960105,975605,1,15500,15501,completed,36
4058,Rigid,960108,960109,975694,1,15585,15586,completed,36
4059,Rigid,960112,960113,975872,1,15759,15760,completed,36
4060,Rigid,960580,960581,960586,1,5,6,completed,16
4061,Rigid,960772,960773,1044567,1,83794,83795,completed,16
4062,Rigid,960802,960803,965163,1,4360,4361,completed,18
4063,Rigid,960882,960883,962385,1,1502,1503,completed,18
4064,Rigid,961068,961068,961326,0,258,258,completed,72
4065,Rigid,961088,961088,961333,0,245,245,completed,72
4066,Rigid,961369,961372,965163,3,3791,3794,completed,72
4067,Rigid,962539,962540,965163,1,2623,2624,completed,18
4068,Rigid,962986,962987,964331,1,1344,1345,completed,18
4069,Rigid,963327,963328,965163,1,1835,1836,completed,108
4070,Rigid,963438,963439,963951,1,512,513,completed,72
4071,Rigid,963463,963463,963473,0,10,10,completed,1
4072,Rigid,963463,963508,963514,45,6,51,completed,1
4073,Rigid,963463,1012098,1012108,48635,10,48645,completed,1
4074,Rigid,963478,963479,964096,1,617,618,completed,72
4075,Rigid,963521,963521,964065,0,544,544,completed,72
4076,Rigid,963566,963566,964119,0,553,553,completed,72
4077,Rigid,963581,963581,963650,0,69,69,completed,36
4078,Rigid,963614,963614,964175,0,561,561,completed,72
4079,Rigid,963646,963646,964036,0,390,390,completed,36
4080,Rigid,963663,963663,964224,0,561,561,completed,72
4081,Rigid,963714,963717,964278,3,561,564,completed,72
4082,Rigid,963762,963762,964320,0,558,558,completed,72
4083,Rigid,963841,963842,963904,1,62,63,completed,1
4084,Rigid,964238,964238,964282,0,44,44,completed,1
4085,Rigid,964588,964588,967080,0,2492,2492,completed,1
4086,Rigid,964679,964680,969014,1,4334,4335,completed,1
4087,Rigid,964839,964840,967211,1,2371,2372,completed,1
4088,Rigid,964871,964871,967268,0,2397,2397,completed,1
4089,Rigid,964892,964892,967248,0,2356,2356,completed,1
4090,Rigid,964944,964944,967337,0,2393,2393,completed,1
4091,Rigid,964964,964964,967124,0,2160,2160,completed,1
4092,Rigid,965145,965146,965287,1,141,142,completed,36
4093,Rigid,965179,965181,1008404,2,43223,43225,completed,18
4094,Rigid,965203,965204,965333,1,129,130,completed,36
4095,Rigid,965469,965470,967930,1,2460,2461,completed,72
4096,Rigid,965559,965560,968516,1,2956,2957,completed,72
4097,Rigid,965643,965643,968107,0,2464,2464,completed,72
4098,Rigid,965733,965734,968344,1,2610,2611,completed,72
4099,Rigid,965833,965833,968837,0,3004,3004,completed,72
4100,Rigid,965937,965937,969170,0,3233,3233,completed,72
4101,Rigid,966046,966046,969586,0,3540,3540,completed,72
4102,Rigid,966156,966157,969688,1,3531,3532,completed,72
4103,Rigid,966678,966679,966686,1,7,8,completed,18
4104,Rigid,966696,966697,966974,1,277,278,completed,18
4105,Rigid,966968,966968,969221,0,2253,2253,completed,1
4106,Rigid,967014,967017,969240,3,2223,2226,completed,1
4107,Rigid,967022,967022,967209,0,187,187,completed,18
4108,Rigid,967051,967051,969320,0,2269,2269,completed,1
4109,Rigid,967172,967173,967513,1,340,341,completed,36
4110,Rigid,967205,967206,967463,1,257,258,completed,36
4111,Rigid,967233,967234,967548,1,314,315,completed,36
4112,Rigid,967527,967530,1010744,3,43214,43217,completed,18
4113,Rigid,970468,970468,1008435,0,37967,37967,completed,144
4114,Rigid,972173,972177,974450,4,2273,2277,completed,1
4115,Rigid,972260,972260,974490,0,2230,2230,completed,1
4116,Rigid,972344,972345,974586,1,2241,2242,completed,1
4117,Rigid,972390,972394,974627,4,2233,2237,completed,1
4118,Rigid,972444,972445,974672,1,2227,2228,completed,1
4119,Rigid,972534,972537,974725,3,2188,2191,completed,1
4120,Rigid,972580,972580,974798,0,2218,2218,completed,1
4121,Rigid,972609,972609,974755,0,2146,2146,completed,1
4122,Rigid,972655,972657,974962,2,2305,2307,completed,1
4123,Rigid,972691,972691,974949,0,2258,2258,completed,1
4124,Rigid,972720,972720,974953,0,2233,2233,completed,1
4125,Rigid,972787,972787,1018020,0,45233,45233,completed,8
4126,Rigid,972956,972957,978666,1,5709,5710,completed,1
4127,Rigid,973047,973047,978716,0,5669,5669,completed,1
4128,Rigid,973088,973089,978157,1,5068,5069,completed,1
4129,Rigid,973099,973100,973104,1,4,5,completed,1
4130,Rigid,973144,973144,978172,0,5028,5028,completed,1
4131,Rigid,973225,973225,978544,0,5319,5319,completed,1
4132,Rigid,973252,973253,978219,1,4966,4967,completed,1
4133,Rigid,973281,973281,978306,0,5025,5025,completed,1
4134,Rigid,973346,973346,978487,0,5141,5141,completed,1
4135,Rigid,973378,973378,978481,0,5103,5103,completed,1
4136,Rigid,973411,973412,978072,1,4660,4661,completed,1
4137,Rigid,973447,973447,978343,0,4896,4896,completed,1
4138,Rigid,974215,974215,974219,0,4,4,completed,1
4139,Rigid,974829,974830,982057,1,7227,7228,completed,1
4140,Rigid,975036,975037,980334,1,5297,5298,completed,1
4141,Rigid,975124,975125,979653,1,4528,4529,completed,1
4142,Rigid,978405,978405,978523,0,118,118,completed,36
4143,Rigid,978594,978597,978699,3,102,105,completed,36
4144,Rigid,978802,978803,978902,1,99,100,completed,36
4145,Rigid,979051,979051,979154,0,103,103,completed,36
4146,Rigid,979099,979099,979102,0,3,3,completed,1
4147,Rigid,979455,979455,979547,0,92,92,completed,36
4148,Rigid,979660,979660,979746,0,86,86,completed,36
4149,Rigid,979685,979686,979779,1,93,94,completed,36
4150,Rigid,980201,980201,980204,0,3,3,completed,1
4151,Rigid,980962,980962,981096,0,134,134,completed,36
4152,Rigid,980975,980976,980981,1,5,6,completed,36
4153,Rigid,981040,981041,981139,1,98,99,completed,36
4154,Rigid,981062,981062,981177,0,115,115,completed,36
4155,Rigid,982012,982012,982499,0,487,487,completed,36
4156,Rigid,982528,982529,985704,1,3175,3176,completed,72
4157,Rigid,982996,982997,985310,1,2313,2314,completed,72
4158,Rigid,983011,983012,985176,1,2164,2165,completed,72
4159,Rigid,983068,983068,1328693,0,345625,345625,completed,72
4160,Rigid,983078,983079,1014942,1,31863,31864,completed,72
4161,Rigid,983119,983120,996934,1,13814,13815,completed,72
4162,Rigid,983131,983131,991633,0,8502,8502,completed,72
4163,Rigid,983182,983182,1328783,0,345601,345601,completed,72
4164,Rigid,983191,983192,991541,1,8349,8350,completed,72
4165,Rigid,983465,983466,983973,1,507,508,completed,36
4166,Rigid,984667,984668,984812,1,144,145,completed,36
4167,Rigid,985203,985203,985348,0,145,145,completed,36
4168,Rigid,1001281,1001281,1045979,0,44698,44698,completed,16
4169,Rigid,1001365,1001366,1001399,1,33,34,completed,1
4170,Rigid,1001365,1001366,1001399,1,33,34,completed,1
4171,Rigid,1001365,1001366,1001399,1,33,34,completed,1
4172,Rigid,1001365,1001366,1001399,1,33,34,completed,1
4173,Rigid,1001365,1001366,1001399,1,33,34,completed,1
4174,Rigid,1001365,1001366,1001399,1,33,34,completed,1
4175,Rigid,1001365,1001366,1001399,1,33,34,completed,1
4176,Rigid,1001365,1001366,1001399,1,33,34,completed,1
4177,Rigid,1001412,1001413,1001422,1,9,10,completed,1
4178,Rigid,1001412,1001413,1001422,1,9,10,completed,1
4179,Rigid,1001412,1001413,1001421,1,8,9,completed,1
4180,Rigid,1001412,1001413,1001421,1,8,9,completed,1
4181,Rigid,1001412,1001413,1001421,1,8,9,completed,1
4182,Rigid,1001412,1001413,1001421,1,8,9,completed,1
4183,Rigid,1001412,1001413,1001421,1,8,9,completed,1
4184,Rigid,1001412,1001413,1001421,1,8,9,completed,1
4185,Rigid,1001434,1001434,1001441,0,7,7,completed,1
4186,Rigid,1001434,1001434,1001441,0,7,7,completed,1
4187,Rigid,1001434,1001434,1001440,0,6,6,completed,1
4188,Rigid,1001434,1001434,1001440,0,6,6,completed,1
4189,Rigid,1001434,1001434,1001440,0,6,6,completed,1
4190,Rigid,1001434,1001434,1001440,0,6,6,completed,1
4191,Rigid,1001434,1001434,1001440,0,6,6,completed,1
4192,Rigid,1001434,1001434,1001440,0,6,6,completed,1
4193,Rigid,1003204,1003204,1003206,0,2,2,completed,18
4194,Rigid,1003229,1003229,1003231,0,2,2,completed,18
4195,Rigid,1003556,1003556,1003558,0,2,2,completed,18
4196,Rigid,1003562,1003562,1003565,0,3,3,completed,1
4197,Rigid,1003626,1003627,1003763,1,136,137,completed,18
4198,Rigid,1005855,1005855,1005857,0,2,2,completed,1
4199,Rigid,1007108,1007108,1270991,0,263883,263883,completed,36
4200,Rigid,1007564,1007565,1007567,1,2,3,completed,1
4201,Rigid,1009821,1009822,1009825,1,3,4,completed,1
4202,Rigid,1010989,1010989,1010992,0,3,3,completed,1
4203,Rigid,1012249,1012250,1051260,1,39010,39011,completed,18
4204,Rigid,1012587,1012587,1012591,0,4,4,completed,1
4205,Rigid,1014676,1014677,1014679,1,2,3,completed,1
4206,Rigid,1016269,1016269,1016271,0,2,2,completed,1
4207,Rigid,1017864,1017865,1017868,1,3,4,completed,1
4208,Rigid,1019479,1019479,1019482,0,3,3,completed,1
4209,Rigid,1020062,1020062,1022528,0,2466,2466,completed,36
4210,Rigid,1021005,1021005,1021007,0,2,2,completed,1
4211,Rigid,1027862,1027862,1028104,0,242,242,completed,1
4212,Rigid,1027862,1027862,1028615,0,753,753,completed,6
4213,Rigid,1029064,1029064,1030427,0,1363,1363,completed,6
4214,Rigid,1029064,1029064,1029803,0,739,739,completed,1
4215,Rigid,1029064,1029064,1029551,0,487,487,completed,8
4216,Rigid,1029064,1029064,1030771,0,1707,1707,completed,16
4217,Rigid,1029556,1029557,1029585,1,28,29,completed,1
4218,Rigid,1029556,1029557,1029654,1,97,98,completed,1
4219,Rigid,1029586,1029587,1032681,1,3094,3095,completed,6
4220,Rigid,1029587,1029587,1033757,0,4170,4170,completed,6
4221,Rigid,1029587,1029587,1032548,0,2961,2961,completed,6
4222,Rigid,1029587,1029587,1032616,0,3029,3029,completed,6
4223,Rigid,1029587,1029587,1033651,0,4064,4064,completed,6
4224,Rigid,1029587,1029587,1033739,0,4152,4152,completed,6
4225,Rigid,1029587,1029587,1033663,0,4076,4076,completed,6
4226,Rigid,1029587,1029587,1032808,0,3221,3221,completed,6
4227,Rigid,1029587,1029587,1033709,0,4122,4122,completed,6
4228,Rigid,1029587,1029587,1033722,0,4135,4135,completed,6
4229,Rigid,1029587,1029591,1033737,4,4146,4150,completed,6
4230,Rigid,1029587,1029591,1033684,4,4093,4097,completed,6
4231,Rigid,1029587,1029591,1033751,4,4160,4164,completed,6
4232,Rigid,1029587,1029591,1033735,4,4144,4148,completed,6
4233,Rigid,1029587,1029591,1033693,4,4102,4106,completed,6
4234,Rigid,1029587,1029591,1033649,4,4058,4062,completed,6
4235,Rigid,1029587,1029591,1033701,4,4110,4114,completed,6
4236,Rigid,1029587,1029591,1033739,4,4148,4152,completed,6
4237,Rigid,1029587,1029591,1033716,4,4125,4129,completed,6
4238,Rigid,1029587,1029591,1032725,4,3134,3138,completed,6
4239,Rigid,1029587,1029591,1032635,4,3044,3048,completed,6
4240,Rigid,1029588,1029591,1033696,3,4105,4108,completed,6
4241,Rigid,1029588,1029591,1033647,3,4056,4059,completed,6
4242,Rigid,1029588,1029591,1033724,3,4133,4136,completed,6
4243,Rigid,1029588,1029591,1033696,3,4105,4108,completed,6
4244,Rigid,1029588,1029591,1032595,3,3004,3007,completed,6
4245,Rigid,1029588,1029591,1033658,3,4067,4070,completed,6
4246,Rigid,1029588,1029591,1033623,3,4032,4035,completed,6
4247,Rigid,1029588,1029591,1033632,3,4041,4044,completed,6
4248,Rigid,1029588,1029591,1033765,3,4174,4177,completed,6
4249,Rigid,1029588,1029591,1033681,3,4090,4093,completed,6
4250,Rigid,1029588,1029591,1033681,3,4090,4093,completed,6
4251,Rigid,1029588,1029591,1033684,3,4093,4096,completed,6
4252,Rigid,1029588,1029591,1032714,3,3123,3126,completed,6
4253,Rigid,1029588,1029591,1033609,3,4018,4021,completed,6
4254,Rigid,1029588,1029591,1033684,3,4093,4096,completed,6
4255,Rigid,1029588,1029591,1033664,3,4073,4076,completed,6
4256,Rigid,1029588,1029591,1033659,3,4068,4071,completed,6
4257,Rigid,1029588,1029591,1033689,3,4098,4101,completed,6
4258,Rigid,1029588,1029591,1032675,3,3084,3087,completed,6
4259,Rigid,1029588,1029591,1032730,3,3139,3142,completed,6
4260,Rigid,1029588,1029591,1033656,3,4065,4068,completed,6
4261,Rigid,1029589,1029591,1033695,2,4104,4106,completed,6
4262,Rigid,1029589,1029591,1033710,2,4119,4121,completed,6
4263,Rigid,1029589,1029591,1033747,2,4156,4158,completed,6
4264,Rigid,1029589,1029591,1033818,2,4227,4229,completed,6
4265,Rigid,1029589,1029591,1032823,2,3232,3234,completed,6
4266,Rigid,1029589,1029591,1033728,2,4137,4139,completed,6
4267,Rigid,1029589,1029591,1033792,2,4201,4203,completed,6
4268,Rigid,1029589,1029591,1033751,2,4160,4162,completed,6
4269,Rigid,1029589,1029591,1033657,2,4066,4068,completed,6
4270,Rigid,1029589,1029591,1033701,2,4110,4112,completed,6
4271,Rigid,1029589,1029591,1033742,2,4151,4153,completed,6
4272,Rigid,1029589,1029591,1033629,2,4038,4040,completed,6
4273,Rigid,1029589,1029591,1032640,2,3049,3051,completed,6
4274,Rigid,1029589,1029591,1033763,2,4172,4174,completed,6
4275,Rigid,1029589,1029591,1033712,2,4121,4123,completed,6
4276,Rigid,1029589,1029591,1033669,2,4078,4080,completed,6
4277,Rigid,1029589,1029591,1033720,2,4129,4131,completed,6
4278,Rigid,1029589,1029591,1033705,2,4114,4116,completed,6
4279,Rigid,1029589,1029591,1033671,2,4080,4082,completed,6
4280,Rigid,1029589,1029591,1033698,2,4107,4109,completed,6
4281,Rigid,1029589,1029591,1033714,2,4123,4125,completed,6
4282,Rigid,1029589,1029591,1033683,2,4092,4094,completed,6
4283,Rigid,1029589,1029591,1033669,2,4078,4080,completed,6
4284,Rigid,1029589,1029591,1032656,2,3065,3067,completed,6
4285,Rigid,1029589,1029591,1033704,2,4113,4115,completed,6
4286,Rigid,1029589,1029591,1033688,2,4097,4099,completed,6
4287,Rigid,1029589,1029591,1033691,2,4100,4102,completed,6
4288,Rigid,1029589,1029591,1033638,2,4047,4049,completed,6
4289,Rigid,1029589,1029591,1032690,2,3099,3101,completed,6
4290,Rigid,1029589,1029591,1032778,2,3187,3189,completed,6
4291,Rigid,1029589,1029591,1033662,2,4071,4073,completed,6
4292,Rigid,1029589,1029591,1034055,2,4464,4466,completed,6
4293,Rigid,1029589,1029591,1033659,2,4068,4070,completed,6
4294,Rigid,1029589,1029591,1033667,2,4076,4078,completed,6
4295,Rigid,1029589,1029591,1033591,2,4000,4002,completed,6
4296,Rigid,1029589,1029591,1032631,2,3040,3042,completed,6
4297,Rigid,1029589,1029591,1033772,2,4181,4183,completed,6
4298,Rigid,1029590,1029591,1033689,1,4098,4099,completed,6
4299,Rigid,1029590,1029591,1033762,1,4171,4172,completed,6
4300,Rigid,1029590,1029591,1033706,1,4115,4116,completed,6
4301,Rigid,1029590,1029591,1034122,1,4531,4532,completed,6
4302,Rigid,1029590,1029591,1033758,1,4167,4168,completed,6
4303,Rigid,1029590,1029591,1033672,1,4081,4082,completed,6
4304,Rigid,1029590,1029591,1033660,1,4069,4070,completed,6
4305,Rigid,1029590,1029591,1033673,1,4082,4083,completed,6
4306,Rigid,1029590,1029591,1034115,1,4524,4525,completed,6
4307,Rigid,1029590,1029591,1032660,1,3069,3070,completed,6
4308,Rigid,1029590,1029591,1032784,1,3193,3194,completed,6
4309,Rigid,1029590,1029591,1033714,1,4123,4124,completed,6
4310,Rigid,1029590,1029591,1033719,1,4128,4129,completed,6
4311,Rigid,1029590,1029591,1032785,1,3194,3195,completed,6
4312,Rigid,1029590,1029591,1033767,1,4176,4177,completed,6
4313,Rigid,1029590,1029591,1033719,1,4128,4129,completed,6
4314,Rigid,1029590,1029591,1033669,1,4078,4079,completed,6
4315,Rigid,1029590,1029591,1033680,1,4089,4090,completed,6
4316,Rigid,1029590,1029591,1033700,1,4109,4110,completed,6
4317,Rigid,1029590,1029591,1033629,1,4038,4039,completed,6
4318,Rigid,1029590,1029591,1033680,1,4089,4090,completed,6
4319,Rigid,1030778,1030779,1030856,1,77,78,completed,1
4320,Rigid,1030778,1030779,1031667,1,888,889,completed,1
4321,Rigid,1034474,1034475,1034502,1,27,28,completed,6
4322,Rigid,1034504,1034505,1034535,1,30,31,completed,6
4323,Rigid,1034505,1034505,1034535,0,30,30,completed,6
4324,Rigid,1034505,1034505,1034535,0,30,30,completed,6
4325,Rigid,1037714,1037714,1037717,0,3,3,completed,1
4326,Rigid,1037804,1037804,1038130,0,326,326,completed,1
4327,Rigid,1037804,1037804,1038814,0,1010,1010,completed,6
4328,Rigid,1039191,1039191,1039193,0,2,2,completed,1
4329,Rigid,1039417,1039417,1041121,0,1704,1704,completed,6
4330,Rigid,1039417,1039421,1040187,4,766,770,completed,1
4331,Rigid,1039417,1039421,1040028,4,607,611,completed,8
4332,Rigid,1039417,1039421,1041774,4,2353,2357,completed,16
4333,Rigid,1040035,1040035,1040058,0,23,23,completed,1
4334,Rigid,1040035,1040035,1040128,0,93,93,completed,1
4335,Rigid,1040065,1040065,1043065,0,3000,3000,completed,6
4336,Rigid,1040065,1040065,1043021,0,2956,2956,completed,6
4337,Rigid,1040065,1040065,1043822,0,3757,3757,completed,6
4338,Rigid,1040066,1040070,1043842,4,3772,3776,completed,6
4339,Rigid,1040066,1040070,1043886,4,3816,3820,completed,6
4340,Rigid,1040066,1040070,1043806,4,3736,3740,completed,6
4341,Rigid,1040066,1040070,1043031,4,2961,2965,completed,6
4342,Rigid,1040066,1040070,1043824,4,3754,3758,completed,6
4343,Rigid,1040066,1040070,1043840,4,3770,3774,completed,6
4344,Rigid,1040066,1040070,1043803,4,3733,3737,completed,6
4345,Rigid,1040066,1040070,1042998,4,2928,2932,completed,6
4346,Rigid,1040066,1040070,1042871,4,2801,2805,completed,6
4347,Rigid,1040066,1040070,1043091,4,3021,3025,completed,6
4348,Rigid,1040066,1040070,1043797,4,3727,3731,completed,6
4349,Rigid,1040066,1040070,1043781,4,3711,3715,completed,6
4350,Rigid,1040066,1040070,1043024,4,2954,2958,completed,6
4351,Rigid,1040066,1040070,1043761,4,3691,3695,completed,6
4352,Rigid,1040066,1040070,1042924,4,2854,2858,completed,6
4353,Rigid,1040066,1040070,1043081,4,3011,3015,completed,6
4354,Rigid,1040066,1040070,1043020,4,2950,2954,completed,6
4355,Rigid,1040066,1040070,1042911,4,2841,2845,completed,6
4356,Rigid,1040066,1040070,1042975,4,2905,2909,completed,6
4357,Rigid,1040066,1040070,1043874,4,3804,3808,completed,6
4358,Rigid,1040066,1040070,1043869,4,3799,3803,completed,6
4359,Rigid,1040066,1040070,1043783,4,3713,3717,completed,6
4360,Rigid,1040066,1040070,1043815,4,3745,3749,completed,6
4361,Rigid,1040066,1040070,1043849,4,3779,3783,completed,6
4362,Rigid,1040066,1040070,1043828,4,3758,3762,completed,6
4363,Rigid,1040067,1040070,1042955,3,2885,2888,completed,6
4364,Rigid,1040067,1040070,1043867,3,3797,3800,completed,6
4365,Rigid,1040067,1040070,1043858,3,3788,3791,completed,6
4366,Rigid,1040067,1040070,1043808,3,3738,3741,completed,6
4367,Rigid,1040067,1040070,1042908,3,2838,2841,completed,6
4368,Rigid,1040067,1040070,1043840,3,3770,3773,completed,6
4369,Rigid,1040067,1040070,1043069,3,2999,3002,completed,6
4370,Rigid,1040067,1040070,1043856,3,3786,3789,completed,6
4371,Rigid,1040067,1040070,1043779,3,3709,3712,completed,6
4372,Rigid,1040067,1040070,1043843,3,3773,3776,completed,6
4373,Rigid,1040067,1040070,1042928,3,2858,2861,completed,6
4374,Rigid,1040067,1040070,1043860,3,3790,3793,completed,6
4375,Rigid,1040067,1040070,1043834,3,3764,3767,completed,6
4376,Rigid,1040067,1040070,1043811,3,3741,3744,completed,6
4377,Rigid,1040067,1040070,1043808,3,3738,3741,completed,6
4378,Rigid,1040067,1040070,1043837,3,3767,3770,completed,6
4379,Rigid,1040067,1040070,1043884,3,3814,3817,completed,6
4380,Rigid,1040067,1040070,1042954,3,2884,2887,completed,6
4381,Rigid,1040067,1040070,1043880,3,3810,3813,completed,6
4382,Rigid,1040067,1040070,1043989,3,3919,3922,completed,6
4383,Rigid,1040067,1040070,1043180,3,3110,3113,completed,6
4384,Rigid,1040067,1040070,1043189,3,3119,3122,completed,6
4385,Rigid,1040067,1040070,1043804,3,3734,3737,completed,6
4386,Rigid,1040067,1040070,1043006,3,2936,2939,completed,6
4387,Rigid,1040067,1040070,1042923,3,2853,2856,completed,6
4388,Rigid,1040067,1040070,1043015,3,2945,2948,completed,6
4389,Rigid,1040067,1040070,1043817,3,3747,3750,completed,6
4390,Rigid,1040067,1040070,1043855,3,3785,3788,completed,6
4391,Rigid,1040067,1040070,1043887,3,3817,3820,completed,6
4392,Rigid,1040067,1040070,1043955,3,3885,3888,completed,6
4393,Rigid,1040067,1040070,1043884,3,3814,3817,completed,6
4394,Rigid,1040067,1040070,1042971,3,2901,2904,completed,6
4395,Rigid,1040067,1040070,1043008,3,2938,2941,completed,6
4396,Rigid,1040067,1040070,1043106,3,3036,3039,completed,6
4397,Rigid,1040067,1040070,1043793,3,3723,3726,completed,6
4398,Rigid,1040067,1040070,1043820,3,3750,3753,completed,6
4399,Rigid,1040067,1040070,1043831,3,3761,3764,completed,6
4400,Rigid,1040068,1040070,1043815,2,3745,3747,completed,6
4401,Rigid,1040068,1040070,1043806,2,3736,3738,completed,6
4402,Rigid,1040068,1040070,1042966,2,2896,2898,completed,6
4403,Rigid,1040068,1040070,1043876,2,3806,3808,completed,6
4404,Rigid,1040068,1040070,1043864,2,3794,3796,completed,6
4405,Rigid,1040068,1040070,1043923,2,3853,3855,completed,6
4406,Rigid,1040068,1040070,1043825,2,3755,3757,completed,6
4407,Rigid,1040068,1040070,1043996,2,3926,3928,completed,6
4408,Rigid,1040068,1040070,1043802,2,3732,3734,completed,6
4409,Rigid,1040068,1040070,1044085,2,4015,4017,completed,6
4410,Rigid,1040068,1040070,1043932,2,3862,3864,completed,6
4411,Rigid,1040068,1040070,1043085,2,3015,3017,completed,6
4412,Rigid,1040068,1040070,1043110,2,3040,3042,completed,6
4413,Rigid,1040068,1040070,1043830,2,3760,3762,completed,6
4414,Rigid,1040068,1040070,1043095,2,3025,3027,completed,6
4415,Rigid,1040068,1040070,1043892,2,3822,3824,completed,6
4416,Rigid,1040068,1040070,1043080,2,3010,3012,completed,6
4417,Rigid,1040068,1040070,1043106,2,3036,3038,completed,6
4418,Rigid,1040068,1040070,1044003,2,3933,3935,completed,6
4419,Rigid,1040068,1040070,1044010,2,3940,3942,completed,6
4420,Rigid,1040068,1040070,1043991,2,3921,3923,completed,6
4421,Rigid,1040068,1040070,1043002,2,2932,2934,completed,6
4422,Rigid,1040068,1040070,1043073,2,3003,3005,completed,6
4423,Rigid,1040068,1040070,1043125,2,3055,3057,completed,6
4424,Rigid,1040068,1040070,1043091,2,3021,3023,completed,6
4425,Rigid,1040068,1040070,1043970,2,3900,3902,completed,6
4426,Rigid,1040068,1040070,1043908,2,3838,3840,completed,6
4427,Rigid,1040068,1040070,1043839,2,3769,3771,completed,6
4428,Rigid,1040068,1040070,1043014,2,2944,2946,completed,6
4429,Rigid,1040068,1040070,1044095,2,4025,4027,completed,6
4430,Rigid,1040068,1040070,1043795,2,3725,3727,completed,6
4431,Rigid,1040068,1040070,1043839,2,3769,3771,completed,6
4432,Rigid,1040068,1040070,1043049,2,2979,2981,completed,6
4433,Rigid,1040068,1040070,1044029,2,3959,3961,completed,6
4434,Rigid,1040068,1040070,1044062,2,3992,3994,completed,6
4435,Rigid,1041778,1041780,1041865,2,85,87,completed,1
4436,Rigid,1041778,1041780,1042779,2,999,1001,completed,1
4437,Rigid,1043907,1043907,1055307,0,11400,11400,completed,36
4438,Rigid,1043907,1043909,1079935,2,36026,36028,completed,36
4439,Rigid,1043908,1043909,1049345,1,5436,5437,completed,36
4440,Rigid,1043908,1043909,1048049,1,4140,4141,completed,36
4441,Rigid,1043908,1043909,1051394,1,7485,7486,completed,36
4442,Rigid,1043908,1043909,1050489,1,6580,6581,completed,36
4443,Rigid,1043908,1043909,1057110,1,13201,13202,completed,36
4444,Rigid,1043908,1043909,1051250,1,7341,7342,completed,36
4445,Rigid,1043908,1043909,1054707,1,10798,10799,completed,36
4446,Rigid,1043908,1043909,1057528,1,13619,13620,completed,36
4447,Rigid,1043908,1043909,1048511,1,4602,4603,completed,36
4448,Rigid,1043908,1043909,1079935,1,36026,36027,completed,36
4449,Rigid,1043909,1043909,1056725,0,12816,12816,completed,36
4450,Rigid,1043909,1043909,1079935,0,36026,36026,completed,36
4451,Rigid,1043909,1043909,1051311,0,7402,7402,completed,36
4452,Rigid,1043909,1043909,1052945,0,9036,9036,completed,36
4453,Rigid,1043909,1043909,1062229,0,18320,18320,completed,36
4454,Rigid,1043909,1043909,1056787,0,12878,12878,completed,36
4455,Rigid,1043909,1043909,1071517,0,27608,27608,completed,36
4456,Rigid,1043909,1043909,1051984,0,8075,8075,completed,36
4457,Rigid,1043909,1043909,1057359,0,13450,13450,completed,36
4458,Rigid,1043909,1043909,1054396,0,10487,10487,completed,36
4459,Rigid,1043910,1043911,1063759,1,19848,19849,completed,36
4460,Rigid,1043910,1043911,1064004,1,20093,20094,completed,36
4461,Rigid,1043910,1043911,1069060,1,25149,25150,completed,36
4462,Rigid,1043910,1043911,1052873,1,8962,8963,completed,36
4463,Rigid,1043910,1043911,1058479,1,14568,14569,completed,36
4464,Rigid,1043910,1043911,1066902,1,22991,22992,completed,36
4465,Rigid,1043910,1043911,1052853,1,8942,8943,completed,36
4466,Rigid,1043910,1043911,1076558,1,32647,32648,completed,36
4467,Rigid,1043910,1043911,1048519,1,4608,4609,completed,36
4468,Rigid,1043911,1043911,1057469,0,13558,13558,completed,36
4469,Rigid,1043911,1043911,1048660,0,4749,4749,completed,36
4470,Rigid,1043911,1043911,1049463,0,5552,5552,completed,36
4471,Rigid,1043911,1043911,1048822,0,4911,4911,completed,36
4472,Rigid,1043911,1043911,1054738,0,10827,10827,completed,36
4473,Rigid,1043911,1043911,1049971,0,6060,6060,completed,36
4474,Rigid,1043911,1043911,1072451,0,28540,28540,completed,36
4475,Rigid,1043911,1043911,1051831,0,7920,7920,completed,36
4476,Rigid,1043911,1043915,1050833,4,6918,6922,completed,36
4477,Rigid,1043912,1043915,1056569,3,12654,12657,completed,36
4478,Rigid,1043912,1043915,1054300,3,10385,10388,completed,36
4479,Rigid,1043912,1043915,1053072,3,9157,9160,completed,36
4480,Rigid,1043912,1043915,1061146,3,17231,17234,completed,36
4481,Rigid,1043912,1043915,1051059,3,7144,7147,completed,36
4482,Rigid,1043912,1043915,1063005,3,19090,19093,completed,36
4483,Rigid,1043912,1043915,1050513,3,6598,6601,completed,36
4484,Rigid,1043912,1043915,1069512,3,25597,25600,completed,36
4485,Rigid,1043912,1043915,1074301,3,30386,30389,completed,36
4486,Rigid,1043913,1043915,1055448,2,11533,11535,completed,36
4487,Rigid,1043913,1043915,1049410,2,5495,5497,completed,36
4488,Rigid,1043913,1043915,1054980,2,11065,11067,completed,36
4489,Rigid,1043913,1043915,1047496,2,3581,3583,completed,36
4490,Rigid,1043913,1043915,1046504,2,2589,2591,completed,36
4491,Rigid,1043913,1043915,1047857,2,3942,3944,completed,36
4492,Rigid,1043913,1043915,1047877,2,3962,3964,completed,36
4493,Rigid,1043913,1043915,1055271,2,11356,11358,completed,36
4494,Rigid,1043913,1043915,1049836,2,5921,5923,completed,36
4495,Rigid,1043914,1043915,1053323,1,9408,9409,completed,36
4496,Rigid,1043914,1043915,1051544,1,7629,7630,completed,36
4497,Rigid,1043914,1043915,1046649,1,2734,2735,completed,36
4498,Rigid,1043914,1043915,1056352,1,12437,12438,completed,36
4499,Rigid,1043914,1043915,1050969,1,7054,7055,completed,36
4500,Rigid,1043914,1043915,1054386,1,10471,10472,completed,36
4501,Rigid,1043914,1043915,1048071,1,4156,4157,completed,36
4502,Rigid,1043915,1043915,1051419,0,7504,7504,completed,36
4503,Rigid,1043915,1043915,1053373,0,9458,9458,completed,36
4504,Rigid,1043915,1043915,1060131,0,16216,16216,completed,36
4505,Rigid,1043915,1043915,1054082,0,10167,10167,completed,36
4506,Rigid,1043915,1043915,1047834,0,3919,3919,completed,36
4507,Rigid,1043915,1043915,1049953,0,6038,6038,completed,36
4508,Rigid,1043915,1043919,1049130,4,5211,5215,completed,36
4509,Rigid,1043916,1043919,1047927,3,4008,4011,completed,36
4510,Rigid,1043916,1043919,1048251,3,4332,4335,completed,36
4511,Rigid,1043916,1043919,1050018,3,6099,6102,completed,36
4512,Rigid,1043916,1043919,1048755,3,4836,4839,completed,36
4513,Rigid,1043916,1043919,1065127,3,21208,21211,completed,36
4514,Rigid,1043916,1043919,1050646,3,6727,6730,completed,36
4515,Rigid,1043916,1043919,1050656,3,6737,6740,completed,36
4516,Rigid,1043917,1043919,1062310,2,18391,18393,completed,36
4517,Rigid,1043917,1043919,1046819,2,2900,2902,completed,36
4518,Rigid,1043917,1043919,1048474,2,4555,4557,completed,36
4519,Rigid,1043917,1043919,1046941,2,3022,3024,completed,36
4520,Rigid,1043917,1043919,1048030,2,4111,4113,completed,36
4521,Rigid,1043917,1043919,1046292,2,2373,2375,completed,36
4522,Rigid,1043917,1043919,1057189,2,13270,13272,completed,36
4523,Rigid,1043917,1043919,1048120,2,4201,4203,completed,36
4524,Rigid,1043917,1043919,1064887,2,20968,20970,completed,36
4525,Rigid,1043918,1046295,1049822,2377,3527,5904,completed,36
4526,Rigid,1043918,1046506,1049547,2588,3041,5629,completed,36
4527,Rigid,1043918,1046650,1049792,2732,3142,5874,completed,36
4528,Rigid,1043918,1046820,1050821,2902,4001,6903,completed,36
4529,Rigid,1043918,1046942,1054650,3024,7708,10732,completed,36
4530,Rigid,1043918,1047498,1058004,3580,10506,14086,completed,36
4531,Rigid,1043918,1047836,1051145,3918,3309,7227,completed,36
4532,Rigid,1043918,1047859,1052036,3941,4177,8118,completed,36
4533,Rigid,1043918,1047879,1051161,3961,3282,7243,completed,36
4534,Rigid,1043918,1047928,1052809,4010,4881,8891,completed,36
4535,Rigid,1043918,1048031,1053522,4113,5491,9604,completed,36
4536,Rigid,1043919,1048051,1056913,4132,8862,12994,completed,36
4537,Rigid,1043919,1048072,1055370,4153,7298,11451,completed,36
4538,Rigid,1043919,1048122,1064547,4203,16425,20628,completed,36
4539,Rigid,1043919,1048253,1052448,4334,4195,8529,completed,36
4540,Rigid,1043919,1048475,1051575,4556,3100,7656,completed,36
4541,Rigid,1043919,1048512,1054412,4593,5900,10493,completed,36
4542,Rigid,1043919,1048520,1053611,4601,5091,9692,completed,36
4543,Rigid,1043919,1048661,1049889,4742,1228,5970,completed,36
4544,Rigid,1043920,1048757,1055929,4837,7172,12009,completed,36
4545,Rigid,1043920,1048823,1050040,4903,1217,6120,completed,36
4546,Rigid,1043920,1049131,1057234,5211,8103,13314,completed,36
4547,Rigid,1043920,1049346,1053237,5426,3891,9317,completed,36
4548,Rigid,1043920,1049411,1062438,5491,13027,18518,completed,36
4549,Rigid,1043920,1049464,1058884,5544,9420,14964,completed,36
4550,Rigid,1043920,1049548,1064772,5628,15224,20852,completed,36
4551,Rigid,1043921,1049793,1055604,5872,5811,11683,completed,36
4552,Rigid,1043921,1049823,1059067,5902,9244,15146,completed,36
4553,Rigid,1043921,1049837,1063697,5916,13860,19776,completed,36
4554,Rigid,1043921,1049890,1066009,5969,16119,22088,completed,36
4555,Rigid,1043921,1049955,1063565,6034,13610,19644,completed,36
4556,Rigid,1043921,1049973,1055362,6052,5389,11441,completed,36
4557,Rigid,1043921,1050019,1058846,6098,8827,14925,completed,36
4558,Rigid,1043921,1050042,1057208,6121,7166,13287,completed,36
4559,Rigid,1043922,1050490,1056610,6568,6120,12688,completed,36
4560,Rigid,1043922,1050514,1057050,6592,6536,13128,completed,36
4561,Rigid,1043922,1050648,1059040,6726,8392,15118,completed,36
4562,Rigid,1043922,1050657,1057531,6735,6874,13609,completed,36
4563,Rigid,1043922,1050822,1070878,6900,20056,26956,completed,36
4564,Rigid,1043922,1050834,1060296,6912,9462,16374,completed,36
4565,Rigid,1043922,1050970,1062633,7048,11663,18711,completed,36
4566,Rigid,1043922,1051061,1068632,7139,17571,24710,completed,36
4567,Rigid,1043923,1051146,1054233,7223,3087,10310,completed,36
4568,Rigid,1043923,1051162,1057107,7239,5945,13184,completed,36
4569,Rigid,1043923,1051251,1055196,7328,3945,11273,completed,36
4570,Rigid,1043923,1051312,1056428,7389,5116,12505,completed,36
4571,Rigid,1043923,1051396,1054983,7473,3587,11060,completed,36
4572,Rigid,1043923,1051545,1064885,7622,13340,20962,completed,36
4573,Rigid,1043923,1051419,1056594,7496,5175,12671,completed,36
4574,Rigid,1043923,1051577,1069964,7654,18387,26041,completed,36
4575,Rigid,1043924,1051832,1057004,7908,5172,13080,completed,36
4576,Rigid,1043924,1051985,1056683,8061,4698,12759,completed,36
4577,Rigid,1043924,1052036,1057225,8112,5189,13301,completed,36
4578,Rigid,1043924,1052449,1058588,8525,6139,14664,completed,36
4579,Rigid,1043924,1052854,1062262,8930,9408,18338,completed,36
4580,Rigid,1043924,1052810,1067925,8886,15115,24001,completed,36
4581,Rigid,1043925,1052874,1057312,8949,4438,13387,completed,36
4582,Rigid,1043925,1052946,1060041,9021,7095,16116,completed,36
4583,Rigid,1043925,1053074,1057647,9149,4573,13722,completed,36
4584,Rigid,1043925,1053238,1062776,9313,9538,18851,completed,36
4585,Rigid,1043925,1053374,1061679,9449,8305,17754,completed,36
4586,Rigid,1043925,1053324,1066284,9399,12960,22359,completed,36
4587,Rigid,1043926,1053523,1060033,9597,6510,16107,completed,36
4588,Rigid,1043926,1053612,1089629,9686,36017,45703,completed,36
4589,Rigid,1043926,1054083,1057930,10157,3847,14004,completed,36
4590,Rigid,1043926,1054234,1056793,10308,2559,12867,completed,36
4591,Rigid,1043926,1054302,1058686,10376,4384,14760,completed,36
4592,Rigid,1043926,1054388,1058947,10462,4559,15021,completed,36
4593,Rigid,1043926,1054397,1065443,10471,11046,21517,completed,36
4594,Rigid,1043926,1054413,1060350,10487,5937,16424,completed,36
4595,Rigid,1043926,1054651,1064824,10725,10173,20898,completed,36
4596,Rigid,1043927,1054708,1062045,10781,7337,18118,completed,36
4597,Rigid,1043927,1054739,1057485,10812,2746,13558,completed,36
4598,Rigid,1043927,1054981,1091009,11054,36028,47082,completed,36
4599,Rigid,1043927,1054984,1063044,11057,8060,19117,completed,36
4600,Rigid,1043927,1055197,1071832,11270,16635,27905,completed,36
4601,Rigid,1043927,1055273,1060054,11346,4781,16127,completed,36
4602,Rigid,1043927,1055309,1063248,11382,7939,19321,completed,36
4603,Rigid,1043927,1055364,1067292,11437,11928,23365,completed,36
4604,Rigid,1043927,1055371,1071271,11444,15900,27344,completed,36
4605,Rigid,1043928,1055449,1068606,11521,13157,24678,completed,36
4606,Rigid,1043928,1055605,1059800,11677,4195,15872,completed,36
4607,Rigid,1043928,1055930,1062285,12002,6355,18357,completed,36
4608,Rigid,1043928,1056353,1062862,12425,6509,18934,completed,36
4609,Rigid,1043929,1056429,1064879,12500,8450,20950,completed,36
4610,Rigid,1043929,1056570,1071352,12641,14782,27423,completed,36
4611,Rigid,1043929,1056595,1064187,12666,7592,20258,completed,36
4612,Rigid,1043929,1056611,1062329,12682,5718,18400,completed,36
4613,Rigid,1043929,1056684,1076253,12755,19569,32324,completed,36
4614,Rigid,1043929,1056726,1065138,12797,8412,21209,completed,36
4615,Rigid,1043929,1056789,1063946,12860,7157,20017,completed,36
4616,Rigid,1043929,1056794,1090125,12865,33331,46196,completed,36
4617,Rigid,1043929,1056914,1059775,12985,2861,15846,completed,36
4618,Rigid,1043930,1057005,1062544,13075,5539,18614,completed,36
4619,Rigid,1043930,1057052,1060208,13122,3156,16278,completed,36
4620,Rigid,1043930,1057109,1061323,13179,4214,17393,completed,36
4621,Rigid,1043930,1057111,1059822,13181,2711,15892,completed,36
4622,Rigid,1043930,1057208,1069887,13278,12679,25957,completed,36
4623,Rigid,1043930,1057190,1061637,13260,4447,17707,completed,36
4624,Rigid,1043930,1057226,1087273,13296,30047,43343,completed,36
4625,Rigid,1043930,1057235,1061536,13305,4301,17606,completed,36
4626,Rigid,1043931,1057314,1060768,13383,3454,16837,completed,36
4627,Rigid,1043931,1057360,1061704,13429,4344,17773,completed,36
4628,Rigid,1043931,1057469,1062746,13538,5277,18815,completed,36
4629,Rigid,1043931,1057486,1065474,13555,7988,21543,completed,36
4630,Rigid,1043931,1057529,1069949,13598,12420,26018,completed,36
4631,Rigid,1043931,1057532,1061432,13601,3900,17501,completed,36
4632,Rigid,1043931,1057648,1072614,13717,14966,28683,completed,36
4633,Rigid,1043931,1057931,1061887,14000,3956,17956,completed,36
4634,Rigid,1043931,1058481,1084085,14550,25604,40154,completed,36
4635,Rigid,1043932,1058005,1068834,14073,10829,24902,completed,36
4636,Rigid,1043932,1058589,1069032,14657,10443,25100,completed,36
4637,Rigid,1043939,1043940,1050237,1,6297,6298,completed,1
4638,Rigid,1044428,1044429,1044453,1,24,25,completed,6
4639,Rigid,1044457,1044457,1044486,0,29,29,completed,6
4640,Rigid,1044457,1044457,1044486,0,29,29,completed,6
4641,Rigid,1044457,1044457,1044486,0,29,29,completed,6
4642,Rigid,1045064,1045065,1047369,1,2304,2305,completed,72
4643,Rigid,1045096,1045097,1072006,1,26909,26910,completed,72
4644,Rigid,1045132,1045133,1050823,1,5690,5691,completed,72
4645,Rigid,1045149,1045150,1048107,1,2957,2958,completed,72
4646,Rigid,1045184,1045185,1051086,1,5901,5902,completed,72
4647,Rigid,1045209,1045210,1046387,1,1177,1178,completed,72
4648,Rigid,1048069,1048070,1048096,1,26,27,completed,1
4649,Rigid,1048069,1048070,1048096,1,26,27,completed,1
4650,Rigid,1048069,1048070,1048096,1,26,27,completed,1
4651,Rigid,1048069,1048070,1048096,1,26,27,completed,1
4652,Rigid,1048069,1048070,1048096,1,26,27,completed,1
4653,Rigid,1048069,1048070,1048096,1,26,27,completed,1
4654,Rigid,1048069,1048070,1048096,1,26,27,completed,1
4655,Rigid,1048069,1048070,1048096,1,26,27,completed,1
4656,Rigid,1048422,1048422,1048425,0,3,3,completed,1
4657,Rigid,1048449,1048450,1048452,1,2,3,completed,1
4658,Rigid,1048802,1058687,1066942,9885,8255,18140,completed,36
4659,Rigid,1048802,1058847,1072314,10045,13467,23512,completed,36
4660,Rigid,1048802,1058885,1063850,10083,4965,15048,completed,36
4661,Rigid,1048803,1058948,1062698,10145,3750,13895,completed,36
4662,Rigid,1048803,1059041,1063874,10238,4833,15071,completed,36
4663,Rigid,1048803,1059068,1064866,10265,5798,16063,completed,36
4664,Rigid,1048803,1059776,1075664,10973,15888,26861,completed,36
4665,Rigid,1048803,1059801,1068826,10998,9025,20023,completed,36
4666,Rigid,1048803,1059824,1071974,11021,12150,23171,completed,36
4667,Rigid,1048803,1060035,1070760,11232,10725,21957,completed,36
4668,Rigid,1048803,1060042,1063448,11239,3406,14645,completed,36
4669,Rigid,1048804,1060055,1068881,11251,8826,20077,completed,36
4670,Rigid,1048804,1060132,1072734,11328,12602,23930,completed,36
4671,Rigid,1048804,1060209,1074718,11405,14509,25914,completed,36
4672,Rigid,1048804,1060297,1067231,11493,6934,18427,completed,36
4673,Rigid,1048804,1060355,1071442,11551,11087,22638,completed,36
4674,Rigid,1048804,1060770,1078802,11966,18032,29998,completed,36
4675,Rigid,1048804,1061147,1065709,12343,4562,16905,completed,36
4676,Rigid,1048805,1061324,1076691,12519,15367,27886,completed,36
4677,Rigid,1048805,1061433,1066776,12628,5343,17971,completed,36
4678,Rigid,1048805,1061537,1070187,12732,8650,21382,completed,36
4679,Rigid,1048805,1061638,1070120,12833,8482,21315,completed,36
4680,Rigid,1048805,1061680,1067133,12875,5453,18328,completed,36
4681,Rigid,1048805,1061706,1067112,12901,5406,18307,completed,36
4682,Rigid,1048805,1061889,1069986,13084,8097,21181,completed,36
4683,Rigid,1048806,1062046,1070420,13240,8374,21614,completed,36
4684,Rigid,1048806,1062231,1067774,13425,5543,18968,completed,36
4685,Rigid,1048806,1062264,1071224,13458,8960,22418,completed,36
4686,Rigid,1048806,1062286,1072795,13480,10509,23989,completed,36
4687,Rigid,1048806,1062312,1070420,13506,8108,21614,completed,36
4688,Rigid,1048806,1062330,1066117,13524,3787,17311,completed,36
4689,Rigid,1048806,1062439,1067842,13633,5403,19036,completed,36
4690,Rigid,1048806,1062545,1067055,13739,4510,18249,completed,36
4691,Rigid,1048806,1062634,1068606,13828,5972,19800,completed,36
4692,Rigid,1048807,1062699,1066043,13892,3344,17236,completed,36
4693,Rigid,1048807,1062747,1067125,13940,4378,18318,completed,36
4694,Rigid,1048807,1062776,1069230,13969,6454,20423,completed,36
4695,Rigid,1048807,1063006,1070765,14199,7759,21958,completed,36
4696,Rigid,1048807,1062862,1068169,14055,5307,19362,completed,36
4697,Rigid,1048807,1063046,1067530,14239,4484,18723,completed,36
4698,Rigid,1048807,1063249,1067728,14442,4479,18921,completed,36
4699,Rigid,1048807,1063450,1069108,14643,5658,20301,completed,36
4700,Rigid,1048807,1063566,1075055,14759,11489,26248,completed,36
4701,Rigid,1048808,1063698,1083462,14890,19764,34654,completed,36
4702,Rigid,1048808,1063760,1068256,14952,4496,19448,completed,36
4703,Rigid,1048808,1063851,1068680,15043,4829,19872,completed,36
4704,Rigid,1048808,1063875,1068999,15067,5124,20191,completed,36
4705,Rigid,1048808,1064005,1070539,15197,6534,21731,completed,36
4706,Rigid,1048808,1063947,1071914,15139,7967,23106,completed,36
4707,Rigid,1048808,1064548,1078598,15740,14050,29790,completed,36
4708,Rigid,1048808,1064188,1072578,15380,8390,23770,completed,36
4709,Rigid,1048808,1064774,1077633,15966,12859,28825,completed,36
4710,Rigid,1048809,1064825,1069849,16016,5024,21040,completed,36
4711,Rigid,1048809,1064868,1068137,16059,3269,19328,completed,36
4712,Rigid,1048809,1064881,1069406,16072,4525,20597,completed,36
4713,Rigid,1048809,1064886,1071041,16077,6155,22232,completed,36
4714,Rigid,1048809,1064888,1080128,16079,15240,31319,completed,36
4715,Rigid,1048810,1065129,1074186,16319,9057,25376,completed,36
4716,Rigid,1048810,1065139,1077436,16329,12297,28626,completed,36
4717,Rigid,1048810,1065444,1076225,16634,10781,27415,completed,36
4718,Rigid,1048810,1065475,1068837,16665,3362,20027,completed,36
4719,Rigid,1048810,1065711,1074576,16901,8865,25766,completed,36
4720,Rigid,1048810,1066011,1078065,17201,12054,29255,completed,36
4721,Rigid,1048810,1066044,1079604,17234,13560,30794,completed,36
4722,Rigid,1048811,1066119,1072885,17308,6766,24074,completed,36
4723,Rigid,1048811,1066285,1077434,17474,11149,28623,completed,36
4724,Rigid,1048811,1066778,1084684,17967,17906,35873,completed,36
4725,Rigid,1048811,1066944,1071065,18133,4121,22254,completed,36
4726,Rigid,1048811,1066902,1083100,18091,16198,34289,completed,36
4727,Rigid,1048811,1067056,1072302,18245,5246,23491,completed,36
4728,Rigid,1048811,1067113,1075954,18302,8841,27143,completed,36
4729,Rigid,1048811,1067127,1076063,18316,8936,27252,completed,36
4730,Rigid,1048812,1067135,1072258,18323,5123,23446,completed,36
4731,Rigid,1048812,1067232,1072258,18420,5026,23446,completed,36
4732,Rigid,1048812,1067293,1075820,18481,8527,27008,completed,36
4733,Rigid,1048812,1067532,1076199,18720,8667,27387,completed,36
4734,Rigid,1048812,1067729,1073954,18917,6225,25142,completed,36
4735,Rigid,1048812,1067775,1076732,18963,8957,27920,completed,36
4736,Rigid,1048812,1067843,1078349,19031,10506,29537,completed,36
4737,Rigid,1048812,1067926,1076141,19114,8215,27329,completed,36
4738,Rigid,1048813,1068170,1071404,19357,3234,22591,completed,36
4739,Rigid,1048813,1068137,1073650,19324,5513,24837,completed,36
4740,Rigid,1048813,1068257,1072425,19444,4168,23612,completed,36
4741,Rigid,1048813,1068607,1074551,19794,5944,25738,completed,36
4742,Rigid,1048813,1068608,1072261,19795,3653,23448,completed,36
4743,Rigid,1048813,1068633,1072570,19820,3937,23757,completed,36
4744,Rigid,1048813,1068682,1075081,19869,6399,26268,completed,36
4745,Rigid,1048813,1068828,1076691,20015,7863,27878,completed,36
4746,Rigid,1048814,1068836,1073991,20022,5155,25177,completed,36
4747,Rigid,1048814,1068838,1073372,20024,4534,24558,completed,36
4748,Rigid,1048814,1068882,1073096,20068,4214,24282,completed,36
4749,Rigid,1048814,1069000,1074481,20186,5481,25667,completed,36
4750,Rigid,1048814,1069033,1080628,20219,11595,31814,completed,36
4751,Rigid,1048814,1069061,1088783,20247,19722,39969,completed,36
4752,Rigid,1048814,1069110,1073390,20296,4280,24576,completed,36
4753,Rigid,1048814,1069231,1074516,20417,5285,25702,completed,36
4754,Rigid,1048815,1069407,1074730,20592,5323,25915,completed,36
4755,Rigid,1048815,1069514,1076176,20699,6662,27361,completed,36
4756,Rigid,1048815,1069850,1078013,21035,8163,29198,completed,36
4757,Rigid,1048815,1069888,1083845,21073,13957,35030,completed,36
4758,Rigid,1048815,1069955,1078366,21140,8411,29551,completed,36
4759,Rigid,1048815,1069965,1082762,21150,12797,33947,completed,36
4760,Rigid,1048816,1069987,1074885,21171,4898,26069,completed,36
4761,Rigid,1048816,1070122,1073555,21306,3433,24739,completed,36
4762,Rigid,1048816,1070188,1075143,21372,4955,26327,completed,36
4763,Rigid,1048816,1070422,1076457,21606,6035,27641,completed,36
4764,Rigid,1048816,1070422,1086299,21606,15877,37483,completed,36
4765,Rigid,1048816,1070541,1079604,21725,9063,30788,completed,36
4766,Rigid,1048816,1070761,1083004,21945,12243,34188,completed,36
4767,Rigid,1048817,1070767,1081445,21950,10678,32628,completed,36
4768,Rigid,1048817,1070880,1074031,22063,3151,25214,completed,36
4769,Rigid,1048817,1071042,1079792,22225,8750,30975,completed,36
4770,Rigid,1048818,1071066,1083080,22248,12014,34262,completed,36
4771,Rigid,1048818,1071226,1085930,22408,14704,37112,completed,36
4772,Rigid,1048818,1071273,1078272,22455,6999,29454,completed,36
4773,Rigid,1048818,1071354,1082423,22536,11069,33605,completed,36
4774,Rigid,1048818,1071406,1088257,22588,16851,39439,completed,36
4775,Rigid,1048818,1071443,1076232,22625,4789,27414,completed,36
4776,Rigid,1048818,1071519,1086859,22701,15340,38041,completed,36
4777,Rigid,1048818,1071833,1077423,23015,5590,28605,completed,36
4778,Rigid,1048819,1071915,1080470,23096,8555,31651,completed,36
4779,Rigid,1048819,1071975,1080934,23156,8959,32115,completed,36
4780,Rigid,1048819,1072259,1077533,23440,5274,28714,completed,36
4781,Rigid,1048819,1072259,1076951,23440,4692,28132,completed,36
4782,Rigid,1048819,1072262,1080470,23443,8208,31651,completed,36
4783,Rigid,1048819,1072303,1080946,23484,8643,32127,completed,36
4784,Rigid,1048820,1072315,1078108,23495,5793,29288,completed,36
4785,Rigid,1048820,1072426,1081422,23606,8996,32602,completed,36
4786,Rigid,1048820,1072453,1083483,23633,11030,34663,completed,36
4787,Rigid,1048820,1072571,1080854,23751,8283,32034,completed,36
4788,Rigid,1048820,1072580,1076005,23760,3425,27185,completed,36
4789,Rigid,1048820,1072615,1078232,23795,5617,29412,completed,36
4790,Rigid,1048820,1072735,1076744,23915,4009,27924,completed,36
4791,Rigid,1048821,1072796,1078802,23975,6006,29981,completed,36
4792,Rigid,1048821,1072886,1076318,24065,3432,27497,completed,36
4793,Rigid,1048821,1073096,1077510,24275,4414,28689,completed,36
4794,Rigid,1048821,1073374,1079805,24553,6431,30984,completed,36
4795,Rigid,1048822,1073391,1080915,24569,7524,32093,completed,36
4796,Rigid,1048822,1073556,1079094,24734,5538,30272,completed,36
4797,Rigid,1048822,1073652,1078047,24830,4395,29225,completed,36
4798,Rigid,1048822,1073955,1078349,25133,4394,29527,completed,36
4799,Rigid,1048822,1073992,1079814,25170,5822,30992,completed,36
4800,Rigid,1048823,1074032,1085043,25209,11011,36220,completed,36
4801,Rigid,1048823,1074187,1093729,25364,19542,44906,completed,36
4802,Rigid,1048823,1074302,1078724,25479,4422,29901,completed,36
4803,Rigid,1048823,1074483,1079799,25660,5316,30976,completed,36
4804,Rigid,1048823,1074517,1079837,25694,5320,31014,completed,36
4805,Rigid,1048823,1074553,1081340,25730,6787,32517,completed,36
4806,Rigid,1048824,1074577,1082423,25753,7846,33599,completed,36
4807,Rigid,1048824,1074719,1088836,25895,14117,40012,completed,36
4808,Rigid,1048824,1074887,1083295,26063,8408,34471,completed,36
4809,Rigid,1048824,1074731,1088353,25907,13622,39529,completed,36
4810,Rigid,1048824,1075056,1079889,26232,4833,31065,completed,36
4811,Rigid,1048824,1075082,1078520,26258,3438,29696,completed,36
4812,Rigid,1048824,1075145,1079920,26321,4775,31096,completed,36
4813,Rigid,1048825,1075666,1081861,26841,6195,33036,completed,36
4814,Rigid,1048825,1075821,1091681,26996,15860,42856,completed,36
4815,Rigid,1048825,1075956,1084994,27131,9038,36169,completed,36
4816,Rigid,1048825,1076006,1088889,27181,12883,40064,completed,36
4817,Rigid,1048826,1076064,1086649,27238,10585,37823,completed,36
4818,Rigid,1048826,1076142,1079337,27316,3195,30511,completed,36
4819,Rigid,1048826,1076178,1084984,27352,8806,36158,completed,36
4820,Rigid,1048826,1076200,1088791,27374,12591,39965,completed,36
4821,Rigid,1048826,1076226,1090125,27400,13899,41299,completed,36
4822,Rigid,1048826,1076233,1083388,27407,7155,34562,completed,36
4823,Rigid,1048827,1076255,1087299,27428,11044,38472,completed,36
4824,Rigid,1048827,1076319,1094217,27492,17898,45390,completed,36
4825,Rigid,1048827,1076459,1080706,27632,4247,31879,completed,36
4826,Rigid,1048827,1076559,1091921,27732,15362,43094,completed,36
4827,Rigid,1048828,1076692,1081783,27864,5091,32955,completed,36
4828,Rigid,1048828,1076692,1085466,27864,8774,36638,completed,36
4829,Rigid,1048828,1076733,1085674,27905,8941,36846,completed,36
4830,Rigid,1048828,1076952,1082423,28124,5471,33595,completed,36
4831,Rigid,1048828,1076745,1082085,27917,5340,33257,completed,36
4832,Rigid,1048828,1077424,1086095,28596,8671,37267,completed,36
4833,Rigid,1048829,1077435,1086241,28606,8806,37412,completed,36
4834,Rigid,1048829,1077438,1083274,28609,5836,34445,completed,36
4835,Rigid,1048829,1077512,1086499,28683,8987,37670,completed,36
4836,Rigid,1048829,1077534,1088420,28705,10886,39591,completed,36
4837,Rigid,1048829,1077634,1085694,28805,8060,36865,completed,36
4838,Rigid,1048829,1078015,1081515,29186,3500,32686,completed,36
4839,Rigid,1048829,1078049,1083567,29220,5518,34738,completed,36
4840,Rigid,1048830,1078066,1082124,29236,4058,33294,completed,36
4841,Rigid,1048830,1078109,1084131,29279,6022,35301,completed,36
4842,Rigid,1048830,1078234,1081715,29404,3481,32885,completed,36
4843,Rigid,1048830,1078273,1081908,29443,3635,33078,completed,36
4844,Rigid,1048830,1078355,1085019,29525,6664,36189,completed,36
4845,Rigid,1048830,1078355,1086183,29525,7828,37353,completed,36
4846,Rigid,1048831,1078367,1084056,29536,5689,35225,completed,36
4847,Rigid,1048831,1078521,1082960,29690,4439,34129,completed,36
4848,Rigid,1048831,1078599,1083101,29768,4502,34270,completed,36
4849,Rigid,1048831,1078725,1084703,29894,5978,35872,completed,36
4850,Rigid,1048831,1078803,1090348,29972,11545,41517,completed,36
4851,Rigid,1048831,1078803,1097290,29972,18487,48459,completed,36
4852,Rigid,1048831,1079095,1083930,30264,4835,35099,completed,36
4853,Rigid,1048831,1079337,1084366,30506,5029,35535,completed,36
4854,Rigid,1048831,1079605,1084925,30774,5320,36094,completed,36
4855,Rigid,1048832,1079605,1086543,30773,6938,37711,completed,36
4856,Rigid,1048832,1079794,1087761,30962,7967,38929,completed,36
4857,Rigid,1048832,1079800,1094723,30968,14923,45891,completed,36
4858,Rigid,1049045,1049045,1049050,0,5,5,completed,1
4859,Rigid,1049193,1049194,1049197,1,3,4,completed,1
4860,Rigid,1050604,1050630,1052838,26,2208,2234,completed,1
4861,Rigid,1050680,1050690,1052810,10,2120,2130,completed,1
4862,Rigid,1051252,1051256,1054386,4,3130,3134,completed,18
4863,Rigid,1053505,1053505,1381161,0,327656,327656,completed,576
4864,Rigid,1053560,1053566,1381221,6,327655,327661,completed,576
4865,Rigid,1053583,1053596,1057308,13,3712,3725,completed,576
4866,Rigid,1053680,1053687,1226491,7,172804,172811,completed,576
4867,Rigid,1053736,1057311,1230120,3575,172809,176384,completed,576
4868,Rigid,1053888,1053889,1055306,1,1417,1418,completed,16
4869,Rigid,1054472,1054474,1056904,2,2430,2432,completed,18
4870,Rigid,1055943,1055944,1068944,1,13000,13001,completed,36
4871,Rigid,1056961,1056961,1059951,0,2990,2990,completed,18
4872,Rigid,1060197,1060200,1074060,3,13860,13863,completed,18
4873,Rigid,1063177,1063177,1065622,0,2445,2445,completed,36
4874,Rigid,1066060,1066061,1066092,1,31,32,completed,1
4875,Rigid,1066400,1066401,1066408,1,7,8,completed,1
4876,Rigid,1066429,1066429,1066436,0,7,7,completed,1
4877,Rigid,1066601,1066602,1071084,1,4482,4483,completed,1
4878,Rigid,1066724,1066725,1066733,1,8,9,completed,1
4879,Rigid,1066882,1066882,1070586,0,3704,3704,completed,1
4880,Rigid,1070316,1070317,1070326,1,9,10,completed,2
4881,Rigid,1070316,1070317,1070323,1,6,7,completed,2
4882,Rigid,1070316,1070317,1070323,1,6,7,completed,2
4883,Rigid,1070316,1070317,1070323,1,6,7,completed,2
4884,Rigid,1070316,1070317,1070336,1,19,20,completed,2
4885,Rigid,1070316,1070317,1070329,1,12,13,completed,2
4886,Rigid,1070316,1070317,1070323,1,6,7,completed,2
4887,Rigid,1070316,1070317,1070329,1,12,13,completed,2
4888,Rigid,1070317,1070321,1070325,4,4,8,completed,2
4889,Rigid,1070317,1070321,1070330,4,9,13,completed,2
4890,Rigid,1070317,1070321,1070325,4,4,8,completed,2
4891,Rigid,1070317,1070321,1070329,4,8,12,completed,2
4892,Rigid,1070321,1070324,1070333,3,9,12,completed,2
4893,Rigid,1070321,1070324,1070330,3,6,9,completed,2
4894,Rigid,1070324,1070325,1070334,1,9,10,completed,2
4895,Rigid,1070324,1070325,1070329,1,4,5,completed,2
4896,Rigid,1070325,1070325,1070334,0,9,9,completed,2
4897,Rigid,1070325,1070327,1070335,2,8,10,completed,2
4898,Rigid,1070325,1070327,1070331,2,4,6,completed,2
4899,Rigid,1070325,1070327,1070336,2,9,11,completed,2
4900,Rigid,1070328,1070329,1070337,1,8,9,completed,2
4901,Rigid,1070331,1070333,1070337,2,4,6,completed,2
4902,Rigid,1070335,1070336,1070344,1,8,9,completed,2
4903,Rigid,1070335,1070336,1070340,1,4,5,completed,2
4904,Rigid,1070335,1070335,1070340,0,5,5,completed,2
4905,Rigid,1070335,1070336,1070340,1,4,5,completed,2
4906,Rigid,1070335,1070336,1070344,1,8,9,completed,2
4907,Rigid,1070335,1070336,1070344,1,8,9,completed,2
4908,Rigid,1070335,1070336,1070341,1,5,6,completed,2
4909,Rigid,1070336,1070336,1070352,0,16,16,completed,2
4910,Rigid,1070336,1070336,1070351,0,15,15,completed,2
4911,Rigid,1070336,1070336,1070340,0,4,4,completed,2
4912,Rigid,1070336,1070337,1070342,1,5,6,completed,2
4913,Rigid,1070336,1070337,1070352,1,15,16,completed,2
4914,Rigid,1070336,1070337,1070345,1,8,9,completed,2
4915,Rigid,1070336,1070337,1070352,1,15,16,completed,2
4916,Rigid,1070336,1070337,1070342,1,5,6,completed,2
4917,Rigid,1070341,1070341,1070355,0,14,14,completed,2
4918,Rigid,1070341,1070341,1070355,0,14,14,completed,2
4919,Rigid,1070341,1070341,1070347,0,6,6,completed,2
4920,Rigid,1070341,1070341,1070347,0,6,6,completed,2
4921,Rigid,1070341,1070341,1070347,0,6,6,completed,2
4922,Rigid,1070341,1070341,1070347,0,6,6,completed,2
4923,Rigid,1070341,1070341,1070347,0,6,6,completed,2
4924,Rigid,1070341,1070341,1070353,0,12,12,completed,2
4925,Rigid,1070341,1070341,1070347,0,6,6,completed,2
4926,Rigid,1070341,1070341,1070347,0,6,6,completed,2
4927,Rigid,1070341,1070341,1070350,0,9,9,completed,2
4928,Rigid,1070341,1070341,1070347,0,6,6,completed,2
4929,Rigid,1070341,1070341,1070347,0,6,6,completed,2
4930,Rigid,1070341,1070341,1070353,0,12,12,completed,2
4931,Rigid,1070341,1070341,1070352,0,11,11,completed,2
4932,Rigid,1070341,1070341,1070347,0,6,6,completed,2
4933,Rigid,1070341,1070341,1070347,0,6,6,completed,2
4934,Rigid,1070344,1070345,1070358,1,13,14,completed,2
4935,Rigid,1070344,1070345,1070350,1,5,6,completed,2
4936,Rigid,1070348,1070348,1070352,0,4,4,completed,2
4937,Rigid,1070348,1070348,1070352,0,4,4,completed,2
4938,Rigid,1070348,1070348,1070352,0,4,4,completed,2
4939,Rigid,1070348,1070348,1070352,0,4,4,completed,2
4940,Rigid,1070348,1070348,1070352,0,4,4,completed,2
4941,Rigid,1070352,1070352,1070363,0,11,11,completed,2
4942,Rigid,1070358,1070359,1070371,1,12,13,completed,2
4943,Rigid,1070361,1070363,1070375,2,12,14,completed,2
4944,Rigid,1070365,1070365,1070377,0,12,12,completed,2
4945,Rigid,1070365,1070365,1070377,0,12,12,completed,2
4946,Rigid,1071623,1071624,1072116,1,492,493,completed,1
4947,Rigid,1074103,1074104,1082355,1,8251,8252,completed,18
4948,Rigid,1074239,1074240,1080224,1,5984,5985,completed,18
4949,Rigid,1074548,1074549,1076975,1,2426,2427,completed,72
4950,Rigid,1074619,1074620,1096227,1,21607,21608,completed,16
4951,Rigid,1074638,1074638,1077638,0,3000,3000,completed,72
4952,Rigid,1074721,1074722,1077222,1,2500,2501,completed,72
4953,Rigid,1074809,1074810,1077475,1,2665,2666,completed,72
4954,Rigid,1074904,1074904,1077953,0,3049,3049,completed,72
4955,Rigid,1075003,1075004,1078248,1,3244,3245,completed,72
4956,Rigid,1075113,1075113,1078653,0,3540,3540,completed,72
4957,Rigid,1075221,1075222,1078782,1,3560,3561,completed,72
4958,Rigid,1076705,1079806,1093814,3101,14008,17109,completed,36
4959,Rigid,1076705,1079815,1106450,3110,26635,29745,completed,36
4960,Rigid,1076705,1079838,1098047,3133,18209,21342,completed,36
4961,Rigid,1076705,1079890,1092030,3185,12140,15325,completed,36
4962,Rigid,1076705,1079921,1097929,3216,18008,21224,completed,36
4963,Rigid,1076706,1079937,1087761,3231,7824,11055,completed,36
4964,Rigid,1076706,1079937,1096183,3231,16246,19477,completed,36
4965,Rigid,1076706,1079938,1115939,3232,36001,39233,completed,36
4966,Rigid,1076706,1080129,1116149,3423,36020,39443,completed,36
4967,Rigid,1076706,1080471,1116479,3765,36008,39773,completed,36
4968,Rigid,1076706,1080471,1085629,3765,5158,8923,completed,36
4969,Rigid,1076706,1080629,1091921,3923,11292,15215,completed,36
4970,Rigid,1076707,1080708,1103909,4001,23201,27202,completed,36
4971,Rigid,1076707,1080855,1116869,4148,36014,40162,completed,36
4972,Rigid,1076707,1080917,1109225,4210,28308,32518,completed,36
4973,Rigid,1076707,1080935,1093887,4228,12952,17180,completed,36
4974,Rigid,1076707,1080947,1116959,4240,36012,40252,completed,36
4975,Rigid,1076707,1081341,1096281,4634,14940,19574,completed,36
4976,Rigid,1076707,1081424,1101338,4717,19914,24631,completed,36
4977,Rigid,1076707,1081446,1100566,4739,19120,23859,completed,36
4978,Rigid,1076707,1081517,1093490,4810,11973,16783,completed,36
4979,Rigid,1076707,1081717,1092368,5010,10651,15661,completed,36
4980,Rigid,1076708,1081862,1092054,5154,10192,15346,completed,36
4981,Rigid,1076708,1081784,1092234,5076,10450,15526,completed,36
4982,Rigid,1076708,1081909,1091166,5201,9257,14458,completed,36
4983,Rigid,1076708,1082126,1095835,5418,13709,19127,completed,36
4984,Rigid,1076708,1082085,1090285,5377,8200,13577,completed,36
4985,Rigid,1076708,1082424,1118021,5716,35597,41313,completed,36
4986,Rigid,1076708,1082424,1093461,5716,11037,16753,completed,36
4987,Rigid,1076708,1082424,1108245,5716,25821,31537,completed,36
4988,Rigid,1076708,1082764,1092786,6056,10022,16078,completed,36
4989,Rigid,1076708,1083005,1102598,6297,19593,25890,completed,36
4990,Rigid,1076709,1082960,1097689,6251,14729,20980,completed,36
4991,Rigid,1076709,1083101,1105861,6392,22760,29152,completed,36
4992,Rigid,1076709,1083081,1089318,6372,6237,12609,completed,36
4993,Rigid,1076709,1083101,1097318,6392,14217,20609,completed,36
4994,Rigid,1076709,1083276,1107118,6567,23842,30409,completed,36
4995,Rigid,1076709,1083296,1113721,6587,30425,37012,completed,36
4996,Rigid,1076709,1083389,1091096,6680,7707,14387,completed,36
4997,Rigid,1076709,1083464,1092565,6755,9101,15856,completed,36
4998,Rigid,1076709,1083484,1092026,6775,8542,15317,completed,36
4999,Rigid,1076709,1083568,1106095,6859,22527,29386,completed,36
5000,Rigid,1076710,1083847,1100544,7137,16697,23834,completed,36
5001,Rigid,1076710,1083931,1119425,7221,35494,42715,completed,36
5002,Rigid,1076710,1084058,1090616,7348,6558,13906,completed,36
5003,Rigid,1076710,1084086,1093760,7376,9674,17050,completed,36
5004,Rigid,1076710,1084132,1092553,7422,8421,15843,completed,36
5005,Rigid,1076710,1084368,1096350,7658,11982,19640,completed,36
5006,Rigid,1076710,1084685,1115184,7975,30499,38474,completed,36
5007,Rigid,1076710,1084705,1120709,7995,36004,43999,completed,36
5008,Rigid,1076711,1084926,1092674,8215,7748,15963,completed,36
5009,Rigid,1076711,1084985,1097290,8274,12305,20579,completed,36
5010,Rigid,1076711,1084996,1103952,8285,18956,27241,completed,36
5011,Rigid,1076711,1085020,1088940,8309,3920,12229,completed,36
5012,Rigid,1076711,1085045,1103116,8334,18071,26405,completed,36
5013,Rigid,1076711,1085467,1091682,8756,6215,14971,completed,36
5014,Rigid,1076712,1085631,1100629,8919,14998,23917,completed,36
5015,Rigid,1076712,1085675,1098218,8963,12543,21506,completed,36
5016,Rigid,1076712,1085695,1121699,8983,36004,44987,completed,36
5017,Rigid,1076712,1085931,1099157,9219,13226,22445,completed,36
5018,Rigid,1076712,1086097,1097695,9385,11598,20983,completed,36
5019,Rigid,1076712,1086184,1086876,9472,692,10164,completed,36
5020,Rigid,1076712,1086242,1096100,9530,9858,19388,completed,36
5021,Rigid,1076712,1086299,1102244,9587,15945,25532,completed,36
5022,Rigid,1076713,1086500,1093181,9787,6681,16468,completed,36
5023,Rigid,1076713,1086544,1095710,9831,9166,18997,completed,36
5024,Rigid,1076713,1086650,1105701,9937,19051,28988,completed,36
5025,Rigid,1076713,1086861,1103936,10148,17075,27223,completed,36
5026,Rigid,1076713,1086877,1088946,10164,2069,12233,completed,36
5027,Rigid,1076713,1087301,1106974,10588,19673,30261,completed,36
5028,Rigid,1076713,1087273,1094288,10560,7015,17575,completed,36
5029,Rigid,1076713,1087762,1094279,11049,6517,17566,completed,36
5030,Rigid,1076713,1087762,1092615,11049,4853,15902,completed,36
5031,Rigid,1076714,1088259,1092613,11545,4354,15899,completed,36
5032,Rigid,1076714,1088355,1096557,11641,8202,19843,completed,36
5033,Rigid,1076714,1088421,1094723,11707,6302,18009,completed,36
5034,Rigid,1076714,1088784,1093013,12070,4229,16299,completed,36
5035,Rigid,1076714,1088792,1124524,12078,35732,47810,completed,36
5036,Rigid,1076714,1088837,1089660,12123,823,12946,completed,36
5037,Rigid,1076714,1088890,1100071,12176,11181,23357,completed,36
5038,Rigid,1076714,1088942,1101050,12228,12108,24336,completed,36
5039,Rigid,1076714,1088947,1095379,12233,6432,18665,completed,36
5040,Rigid,1076714,1089320,1104177,12606,14857,27463,completed,36
5041,Rigid,1076714,1089632,1112526,12918,22894,35812,completed,36
5042,Rigid,1076715,1089662,1093712,12947,4050,16997,completed,36
5043,Rigid,1076715,1090126,1103918,13411,13792,27203,completed,36
5044,Rigid,1076715,1090126,1096557,13411,6431,19842,completed,36
5045,Rigid,1076715,1090286,1120765,13571,30479,44050,completed,36
5046,Rigid,1076715,1090349,1095434,13634,5085,18719,completed,36
5047,Rigid,1076715,1090617,1095213,13902,4596,18498,completed,36
5048,Rigid,1076715,1091012,1096062,14297,5050,19347,completed,36
5049,Rigid,1076715,1091167,1113914,14452,22747,37199,completed,36
5050,Rigid,1076715,1091096,1099994,14381,8898,23279,completed,36
5051,Rigid,1076715,1091682,1107436,14967,15754,30721,completed,36
5052,Rigid,1076716,1091682,1096142,14966,4460,19426,completed,36
5053,Rigid,1076716,1091922,1096350,15206,4428,19634,completed,36
5054,Rigid,1076716,1091922,1096195,15206,4273,19479,completed,36
5055,Rigid,1076716,1092028,1097670,15312,5642,20954,completed,36
5056,Rigid,1076716,1092032,1101657,15316,9625,24941,completed,36
5057,Rigid,1076716,1092055,1128059,15339,36004,51343,completed,36
5058,Rigid,1076716,1092236,1109509,15520,17273,32793,completed,36
5059,Rigid,1076716,1092369,1109932,15653,17563,33216,completed,36
5060,Rigid,1076716,1092554,1108174,15838,15620,31458,completed,36
5061,Rigid,1076717,1092567,1098781,15850,6214,22064,completed,36
5062,Rigid,1076717,1092614,1110680,15897,18066,33963,completed,36
5063,Rigid,1076717,1092616,1093292,15899,676,16575,completed,36
5064,Rigid,1076717,1092675,1093793,15958,1118,17076,completed,36
5065,Rigid,1076717,1092787,1110536,16070,17749,33819,completed,36
5066,Rigid,1076717,1093014,1129019,16297,36005,52302,completed,36
5067,Rigid,1076717,1093183,1109512,16466,16329,32795,completed,36
5068,Rigid,1076717,1093462,1105247,16745,11785,28530,completed,36
5069,Rigid,1076717,1093293,1094009,16576,716,17292,completed,36
5070,Rigid,1076718,1093492,1109482,16774,15990,32764,completed,36
5071,Rigid,1076718,1093714,1118549,16996,24835,41831,completed,36
5072,Rigid,1076718,1093730,1104809,17012,11079,28091,completed,36
5073,Rigid,1076718,1093761,1104548,17043,10787,27830,completed,36
5074,Rigid,1076718,1093794,1126742,17076,32948,50024,completed,36
5075,Rigid,1076718,1093815,1110850,17097,17035,34132,completed,36
5076,Rigid,1076719,1093889,1095988,17170,2099,19269,completed,36
5077,Rigid,1076719,1094011,1113334,17292,19323,36615,completed,36
5078,Rigid,1076719,1094219,1103952,17500,9733,27233,completed,36
5079,Rigid,1076719,1094281,1111028,17562,16747,34309,completed,36
5080,Rigid,1076719,1094725,1102074,18006,7349,25355,completed,36
5081,Rigid,1076719,1094288,1101663,17569,7375,24944,completed,36
5082,Rigid,1076719,1094725,1095785,18006,1060,19066,completed,36
5083,Rigid,1076719,1095214,1104971,18495,9757,28252,completed,36
5084,Rigid,1076719,1095381,1102766,18662,7385,26047,completed,36
5085,Rigid,1076720,1095436,1130915,18716,35479,54195,completed,36
5086,Rigid,1076720,1095712,1096576,18992,864,19856,completed,36
5087,Rigid,1076720,1095787,1109225,19067,13438,32505,completed,36
5088,Rigid,1076720,1095837,1108174,19117,12337,31454,completed,36
5089,Rigid,1076720,1095990,1106450,19270,10460,29730,completed,36
5090,Rigid,1076720,1096101,1111051,19381,14950,34331,completed,36
5091,Rigid,1076720,1096063,1118567,19343,22504,41847,completed,36
5092,Rigid,1076720,1096143,1101472,19423,5329,24752,completed,36
5093,Rigid,1076720,1096185,1110381,19465,14196,33661,completed,36
5094,Rigid,1076721,1096196,1107144,19475,10948,30423,completed,36
5095,Rigid,1076721,1096282,1126177,19561,29895,49456,completed,36
5096,Rigid,1076721,1096356,1105704,19635,9348,28983,completed,36
5097,Rigid,1076721,1096356,1103559,19635,7203,26838,completed,36
5098,Rigid,1076721,1096558,1103842,19837,7284,27121,completed,36
5099,Rigid,1076721,1096558,1114839,19837,18281,38118,completed,36
5100,Rigid,1076721,1096577,1109976,19856,13399,33255,completed,36
5101,Rigid,1076721,1097291,1121656,20570,24365,44935,completed,36
5102,Rigid,1076721,1097291,1104895,20570,7604,28174,completed,36
5103,Rigid,1076722,1097319,1104417,20597,7098,27695,completed,36
5104,Rigid,1076722,1097671,1104030,20949,6359,27308,completed,36
5105,Rigid,1076722,1097691,1107286,20969,9595,30564,completed,36
5106,Rigid,1076722,1097696,1110350,20974,12654,33628,completed,36
5107,Rigid,1076722,1097930,1133942,21208,36012,57220,completed,36
5108,Rigid,1076722,1098219,1106452,21497,8233,29730,completed,36
5109,Rigid,1076722,1098047,1114999,21325,16952,38277,completed,36
5110,Rigid,1076722,1098782,1117378,22060,18596,40656,completed,36
5111,Rigid,1076723,1099158,1109225,22435,10067,32502,completed,36
5112,Rigid,1076723,1099995,1118158,23272,18163,41435,completed,36
5113,Rigid,1076723,1100073,1107030,23350,6957,30307,completed,36
5114,Rigid,1076723,1100545,1114653,23822,14108,37930,completed,36
5115,Rigid,1076723,1100567,1136582,23844,36015,59859,completed,36
5116,Rigid,1076723,1100630,1136643,23907,36013,59920,completed,36
5117,Rigid,1076723,1101051,1125512,24328,24461,48789,completed,36
5118,Rigid,1076723,1101340,1111584,24617,10244,34861,completed,36
5119,Rigid,1076723,1101658,1102405,24935,747,25682,completed,36
5120,Rigid,1076724,1101473,1117918,24749,16445,41194,completed,36
5121,Rigid,1076724,1101664,1135697,24940,34033,58973,completed,36
5122,Rigid,1076724,1102076,1128471,25352,26395,51747,completed,36
5123,Rigid,1076724,1102245,1112144,25521,9899,35420,completed,36
5124,Rigid,1076724,1102406,1138418,25682,36012,61694,completed,36
5125,Rigid,1076724,1102599,1119425,25875,16826,42701,completed,36
5126,Rigid,1076724,1102767,1105075,26043,2308,28351,completed,36
5127,Rigid,1076724,1103117,1122287,26393,19170,45563,completed,36
5128,Rigid,1076724,1103560,1111247,26836,7687,34523,completed,36
5129,Rigid,1076725,1103844,1112014,27119,8170,35289,completed,36
5130,Rigid,1076725,1103911,1110695,27186,6784,33970,completed,36
5131,Rigid,1076725,1103919,1111028,27194,7109,34303,completed,36
5132,Rigid,1076725,1103953,1112106,27228,8153,35381,completed,36
5133,Rigid,1076725,1103937,1113550,27212,9613,36825,completed,36
5134,Rigid,1076725,1103953,1109482,27228,5529,32757,completed,36
5135,Rigid,1076725,1104032,1140039,27307,36007,63314,completed,36
5136,Rigid,1076726,1104549,1105316,27823,767,28590,completed,36
5137,Rigid,1076726,1104178,1118549,27452,14371,41823,completed,36
5138,Rigid,1076726,1104418,1116747,27692,12329,40021,completed,36
5139,Rigid,1076726,1104810,1123939,28084,19129,47213,completed,36
5140,Rigid,1076726,1104897,1119490,28171,14593,42764,completed,36
5141,Rigid,1076726,1104972,1127658,28246,22686,50932,completed,36
5142,Rigid,1076726,1105076,1109083,28350,4007,32357,completed,36
5143,Rigid,1076726,1105249,1119140,28523,13891,42414,completed,36
5144,Rigid,1076727,1105317,1129748,28590,24431,53021,completed,36
5145,Rigid,1076727,1105703,1136112,28976,30409,59385,completed,36
5146,Rigid,1076727,1105705,1111328,28978,5623,34601,completed,36
5147,Rigid,1076727,1105862,1112218,29135,6356,35491,completed,36
5148,Rigid,1076728,1106096,1113142,29368,7046,36414,completed,36
5149,Rigid,1076728,1106451,1128639,29723,22188,51911,completed,36
5150,Rigid,1076728,1106451,1117013,29723,10562,40285,completed,36
5151,Rigid,1076728,1106454,1131559,29726,25105,54831,completed,36
5152,Rigid,1076729,1106976,1112289,30247,5313,35560,completed,36
5153,Rigid,1076729,1107119,1114370,30390,7251,37641,completed,36
5154,Rigid,1076729,1107032,1113334,30303,6302,36605,completed,36
5155,Rigid,1076729,1107145,1115061,30416,7916,38332,completed,36
5156,Rigid,1076730,1107288,1119647,30558,12359,42917,completed,36
5157,Rigid,1076730,1107437,1143459,30707,36022,66729,completed,36
5158,Rigid,1076923,1076923,1082298,0,5375,5375,completed,36
5159,Rigid,1078566,1078585,1078596,19,11,30,completed,8
5160,Rigid,1078566,1078585,1078596,19,11,30,completed,8
5161,Rigid,1078566,1078585,1078596,19,11,30,completed,8
5162,Rigid,1078566,1078585,1078596,19,11,30,completed,8
5163,Rigid,1078567,1078585,1078596,18,11,29,completed,8
5164,Rigid,1078567,1078585,1078596,18,11,29,completed,8
5165,Rigid,1078567,1078585,1078596,18,11,29,completed,8
5166,Rigid,1078567,1078585,1078597,18,12,30,completed,8
5167,Rigid,1078567,1078585,1078596,18,11,29,completed,8
5168,Rigid,1078567,1078585,1078596,18,11,29,completed,8
5169,Rigid,1078567,1078585,1078596,18,11,29,completed,8
5170,Rigid,1078567,1078585,1078596,18,11,29,completed,8
5171,Rigid,1078567,1078585,1078596,18,11,29,completed,8
5172,Rigid,1078567,1078585,1078596,18,11,29,completed,8
5173,Rigid,1078567,1078585,1078596,18,11,29,completed,8
5174,Rigid,1078567,1078585,1078596,18,11,29,completed,8
5175,Rigid,1078567,1078585,1078596,18,11,29,completed,8
5176,Rigid,1078567,1078585,1078596,18,11,29,completed,8
5177,Rigid,1078567,1078585,1078596,18,11,29,completed,8
5178,Rigid,1078568,1078585,1078596,17,11,28,completed,8
5179,Rigid,1078568,1078585,1078596,17,11,28,completed,8
5180,Rigid,1078568,1078585,1078596,17,11,28,completed,8
5181,Rigid,1078568,1078585,1078596,17,11,28,completed,8
5182,Rigid,1078568,1078585,1078596,17,11,28,completed,8
5183,Rigid,1078707,1078736,1078805,29,69,98,completed,8
5184,Rigid,1078707,1078736,1078800,29,64,93,completed,8
5185,Rigid,1078707,1078736,1078809,29,73,102,completed,8
5186,Rigid,1078708,1078736,1078795,28,59,87,completed,8
5187,Rigid,1078708,1078736,1078812,28,76,104,completed,8
5188,Rigid,1078708,1078736,1078807,28,71,99,completed,8
5189,Rigid,1078709,1078736,1078828,27,92,119,completed,8
5190,Rigid,1078709,1078736,1078814,27,78,105,completed,8
5191,Rigid,1078709,1078736,1078831,27,95,122,completed,8
5192,Rigid,1078710,1078736,1078834,26,98,124,completed,8
5193,Rigid,1078710,1078736,1078856,26,120,146,completed,8
5194,Rigid,1078710,1078736,1078829,26,93,119,completed,8
5195,Rigid,1078711,1078736,1078842,25,106,131,completed,8
5196,Rigid,1078711,1078736,1078878,25,142,167,completed,8
5197,Rigid,1078712,1078736,1078848,24,112,136,completed,8
5198,Rigid,1078712,1078736,1078819,24,83,107,completed,8
5199,Rigid,1078712,1078736,1078902,24,166,190,completed,8
5200,Rigid,1078712,1078736,1078902,24,166,190,completed,8
5201,Rigid,1078713,1078736,1078822,23,86,109,completed,8
5202,Rigid,1078713,1078736,1078802,23,66,89,completed,8
5203,Rigid,1078713,1078736,1078815,23,79,102,completed,8
5204,Rigid,1078713,1078736,1078864,23,128,151,completed,8
5205,Rigid,1078714,1078736,1078901,22,165,187,completed,8
5206,Rigid,1078714,1078736,1078823,22,87,109,completed,8
5207,Rigid,1078765,1078766,1078870,1,104,105,completed,8
5208,Rigid,1078766,1078766,1078849,0,83,83,completed,8
5209,Rigid,1078766,1078796,1078909,30,113,143,completed,8
5210,Rigid,1078766,1078796,1078860,30,64,94,completed,8
5211,Rigid,1078767,1078796,1078973,29,177,206,completed,8
5212,Rigid,1078767,1078796,1078916,29,120,149,completed,8
5213,Rigid,1078767,1078796,1079002,29,206,235,completed,8
5214,Rigid,1078768,1078796,1078959,28,163,191,completed,8
5215,Rigid,1078768,1078796,1079088,28,292,320,completed,8
5216,Rigid,1078769,1078796,1079069,27,273,300,completed,8
5217,Rigid,1078769,1078796,1079181,27,385,412,completed,8
5218,Rigid,1078770,1078796,1079025,26,229,255,completed,8
5219,Rigid,1078770,1078796,1079121,26,325,351,completed,8
5220,Rigid,1078770,1078796,1079298,26,502,528,completed,8
5221,Rigid,1078771,1078796,1079172,25,376,401,completed,8
5222,Rigid,1078771,1078796,1079040,25,244,269,completed,8
5223,Rigid,1078771,1078796,1079313,25,517,542,completed,8
5224,Rigid,1078772,1078796,1079315,24,519,543,completed,8
5225,Rigid,1078772,1078796,1079042,24,246,270,completed,8
5226,Rigid,1078773,1078796,1078887,23,91,114,completed,8
5227,Rigid,1078773,1078796,1078930,23,134,157,completed,8
5228,Rigid,1078773,1078796,1079145,23,349,372,completed,8
5229,Rigid,1078774,1078796,1079253,22,457,479,completed,8
5230,Rigid,1078774,1078796,1079028,22,232,254,completed,8
5231,Rigid,1079418,1079430,1079473,12,43,55,completed,8
5232,Rigid,1079586,1079587,1079603,1,16,17,completed,8
5233,Rigid,1079586,1079587,1079599,1,12,13,completed,8
5234,Rigid,1079586,1079587,1079628,1,41,42,completed,8
5235,Rigid,1079587,1079587,1079626,0,39,39,completed,8
5236,Rigid,1079587,1079587,1079626,0,39,39,completed,8
5237,Rigid,1079587,1079587,1079629,0,42,42,completed,8
5238,Rigid,1079587,1079587,1079598,0,11,11,completed,8
5239,Rigid,1079587,1079587,1079599,0,12,12,completed,8
5240,Rigid,1079587,1079587,1079597,0,10,10,completed,8
5241,Rigid,1079587,1079587,1079598,0,11,11,completed,8
5242,Rigid,1079587,1079587,1079605,0,18,18,completed,8
5243,Rigid,1079587,1079587,1079600,0,13,13,completed,8
5244,Rigid,1079587,1079587,1079602,0,15,15,completed,8
5245,Rigid,1079587,1079587,1079598,0,11,11,completed,8
5246,Rigid,1079587,1079587,1079598,0,11,11,completed,8
5247,Rigid,1079587,1079587,1079599,0,12,12,completed,8
5248,Rigid,1079587,1079592,1079608,5,16,21,completed,8
5249,Rigid,1079587,1079592,1079606,5,14,19,completed,8
5250,Rigid,1079588,1079592,1079611,4,19,23,completed,8
5251,Rigid,1079588,1079592,1079609,4,17,21,completed,8
5252,Rigid,1079588,1079592,1079622,4,30,34,completed,8
5253,Rigid,1079588,1079592,1079617,4,25,29,completed,8
5254,Rigid,1079588,1079592,1079613,4,21,25,completed,8
5255,Rigid,1079588,1079592,1079608,4,16,20,completed,8
5256,Rigid,1079588,1079592,1079608,4,16,20,completed,8
5257,Rigid,1079588,1079592,1079632,4,40,44,completed,8
5258,Rigid,1079588,1079592,1079629,4,37,41,completed,8
5259,Rigid,1079588,1079592,1079628,4,36,40,completed,8
5260,Rigid,1079588,1079592,1079627,4,35,39,completed,8
5261,Rigid,1079589,1079592,1079609,3,17,20,completed,8
5262,Rigid,1079589,1079592,1079619,3,27,30,completed,8
5263,Rigid,1079589,1079592,1079615,3,23,26,completed,8
5264,Rigid,1079589,1079592,1079615,3,23,26,completed,8
5265,Rigid,1079589,1079592,1079610,3,18,21,completed,8
5266,Rigid,1079589,1079592,1079605,3,13,16,completed,8
5267,Rigid,1079589,1079592,1079611,3,19,22,completed,8
5268,Rigid,1079589,1079592,1079607,3,15,18,completed,8
5269,Rigid,1079589,1079592,1079608,3,16,19,completed,8
5270,Rigid,1079589,1079592,1079612,3,20,23,completed,8
5271,Rigid,1079590,1079592,1079611,2,19,21,completed,8
5272,Rigid,1079590,1079592,1079630,2,38,40,completed,8
5273,Rigid,1079590,1079592,1079620,2,28,30,completed,8
5274,Rigid,1079590,1079592,1079619,2,27,29,completed,8
5275,Rigid,1079590,1079592,1079613,2,21,23,completed,8
5276,Rigid,1079590,1079592,1079613,2,21,23,completed,8
5277,Rigid,1079590,1079592,1079627,2,35,37,completed,8
5278,Rigid,1079590,1079592,1079621,2,29,31,completed,8
5279,Rigid,1079590,1079592,1079617,2,25,27,completed,8
5280,Rigid,1079590,1079592,1079615,2,23,25,completed,8
5281,Rigid,1079590,1079592,1079611,2,19,21,completed,8
5282,Rigid,1079590,1079592,1079657,2,65,67,completed,8
5283,Rigid,1079591,1079592,1079641,1,49,50,completed,8
5284,Rigid,1079591,1079592,1079637,1,45,46,completed,8
5285,Rigid,1079591,1079596,1079630,5,34,39,completed,8
5286,Rigid,1079591,1079596,1079613,5,17,22,completed,8
5287,Rigid,1079591,1079596,1079626,5,30,35,completed,8
5288,Rigid,1079591,1079596,1079620,5,24,29,completed,8
5289,Rigid,1079591,1079596,1079620,5,24,29,completed,8
5290,Rigid,1079591,1079596,1079613,5,17,22,completed,8
5291,Rigid,1079591,1079596,1079613,5,17,22,completed,8
5292,Rigid,1079592,1079596,1079634,4,38,42,completed,8
5293,Rigid,1079592,1079596,1079625,4,29,33,completed,8
5294,Rigid,1079592,1079596,1079633,4,37,41,completed,8
5295,Rigid,1079592,1079596,1079629,4,33,37,completed,8
5296,Rigid,1079592,1079596,1079626,4,30,34,completed,8
5297,Rigid,1079592,1079596,1079666,4,70,74,completed,8
5298,Rigid,1079592,1079596,1079649,4,53,57,completed,8
5299,Rigid,1079592,1079596,1079649,4,53,57,completed,8
5300,Rigid,1079592,1079596,1079630,4,34,38,completed,8
5301,Rigid,1079592,1079596,1079630,4,34,38,completed,8
5302,Rigid,1079592,1079596,1079653,4,57,61,completed,8
5303,Rigid,1079592,1079596,1079642,4,46,50,completed,8
5304,Rigid,1079593,1079596,1079635,3,39,42,completed,8
5305,Rigid,1079593,1079596,1079630,3,34,37,completed,8
5306,Rigid,1079593,1079596,1079627,3,31,34,completed,8
5307,Rigid,1079593,1079596,1079636,3,40,43,completed,8
5308,Rigid,1079593,1079596,1079632,3,36,39,completed,8
5309,Rigid,1079593,1079596,1079631,3,35,38,completed,8
5310,Rigid,1079593,1079596,1079627,3,31,34,completed,8
5311,Rigid,1079593,1079596,1079626,3,30,33,completed,8
5312,Rigid,1079594,1079596,1079667,2,71,73,completed,8
5313,Rigid,1079594,1079596,1079641,2,45,47,completed,8
5314,Rigid,1079594,1079596,1079650,2,54,56,completed,8
5315,Rigid,1079594,1079596,1079627,2,31,33,completed,8
5316,Rigid,1079594,1079596,1079634,2,38,40,completed,8
5317,Rigid,1079594,1079596,1079666,2,70,72,completed,8
5318,Rigid,1079594,1079596,1079642,2,46,48,completed,8
5319,Rigid,1079594,1079596,1079652,2,56,58,completed,8
5320,Rigid,1079595,1079596,1079627,1,31,32,completed,8
5321,Rigid,1079595,1079596,1079633,1,37,38,completed,8
5322,Rigid,1079595,1079598,1079640,3,42,45,completed,8
5323,Rigid,1079595,1079598,1079633,3,35,38,completed,8
5324,Rigid,1079595,1079598,1079632,3,34,37,completed,8
5325,Rigid,1079595,1079598,1079627,3,29,32,completed,8
5326,Rigid,1079595,1079598,1079627,3,29,32,completed,8
5327,Rigid,1079596,1079598,1079629,2,31,33,completed,8
5328,Rigid,1079596,1079598,1079628,2,30,32,completed,8
5329,Rigid,1079596,1079598,1079626,2,28,30,completed,8
5330,Rigid,1079596,1079598,1079627,2,29,31,completed,8
5331,Rigid,1079596,1079598,1079625,2,27,29,completed,8
5332,Rigid,1079596,1079598,1079635,2,37,39,completed,8
5333,Rigid,1079597,1079598,1079632,1,34,35,completed,8
5334,Rigid,1079597,1079598,1079627,1,29,30,completed,8
5335,Rigid,1079597,1079598,1079629,1,31,32,completed,8
5336,Rigid,1079597,1079598,1079625,1,27,28,completed,8
5337,Rigid,1079597,1079598,1079652,1,54,55,completed,8
5338,Rigid,1079597,1079598,1079641,1,43,44,completed,8
5339,Rigid,1079597,1079598,1079638,1,40,41,completed,8
5340,Rigid,1079597,1079598,1079629,1,31,32,completed,8
5341,Rigid,1079597,1079598,1079627,1,29,30,completed,8
5342,Rigid,1079597,1079598,1079667,1,69,70,completed,8
5343,Rigid,1079597,1079598,1079647,1,49,50,completed,8
5344,Rigid,1079598,1079598,1079644,0,46,46,completed,8
5345,Rigid,1079598,1079598,1079630,0,32,32,completed,8
5346,Rigid,1079598,1079598,1079630,0,32,32,completed,8
5347,Rigid,1079598,1079598,1079640,0,42,42,completed,8
5348,Rigid,1079598,1079598,1079634,0,36,36,completed,8
5349,Rigid,1079598,1079598,1079634,0,36,36,completed,8
5350,Rigid,1079598,1079598,1079627,0,29,29,completed,8
5351,Rigid,1079598,1079598,1079627,0,29,29,completed,8
5352,Rigid,1079614,1079614,1080241,0,627,627,completed,144
5353,Rigid,1079630,1079630,1079679,0,49,49,completed,8
5354,Rigid,1079630,1079630,1079661,0,31,31,completed,8
5355,Rigid,1079631,1079631,1079663,0,32,32,completed,8
5356,Rigid,1079631,1079631,1079647,0,16,16,completed,8
5357,Rigid,1079631,1079631,1079650,0,19,19,completed,8
5358,Rigid,1079631,1079631,1079668,0,37,37,completed,8
5359,Rigid,1079631,1079631,1079659,0,28,28,completed,8
5360,Rigid,1079631,1079633,1079660,2,27,29,completed,8
5361,Rigid,1079631,1079633,1079649,2,16,18,completed,8
5362,Rigid,1079632,1079633,1079650,1,17,18,completed,8
5363,Rigid,1079632,1079633,1079685,1,52,53,completed,8
5364,Rigid,1079632,1079633,1079665,1,32,33,completed,8
5365,Rigid,1079632,1079633,1079667,1,34,35,completed,8
5366,Rigid,1079632,1079633,1079652,1,19,20,completed,8
5367,Rigid,1079632,1079633,1079651,1,18,19,completed,8
5368,Rigid,1079632,1079633,1079657,1,24,25,completed,8
5369,Rigid,1079632,1079633,1079653,1,20,21,completed,8
5370,Rigid,1079632,1079633,1079651,1,18,19,completed,8
5371,Rigid,1079632,1079633,1079646,1,13,14,completed,8
5372,Rigid,1079633,1079633,1079647,0,14,14,completed,8
5373,Rigid,1079633,1079633,1079704,0,71,71,completed,8
5374,Rigid,1079633,1079633,1079682,0,49,49,completed,8
5375,Rigid,1079633,1079633,1079681,0,48,48,completed,8
5376,Rigid,1079633,1079633,1079654,0,21,21,completed,8
5377,Rigid,1079633,1079633,1079654,0,21,21,completed,8
5378,Rigid,1079633,1079635,1079682,2,47,49,completed,8
5379,Rigid,1079634,1079635,1079670,1,35,36,completed,8
5380,Rigid,1079634,1079635,1079664,1,29,30,completed,8
5381,Rigid,1079634,1079635,1079659,1,24,25,completed,8
5382,Rigid,1079634,1079635,1079650,1,15,16,completed,8
5383,Rigid,1079634,1079635,1079715,1,80,81,completed,8
5384,Rigid,1079634,1079635,1079687,1,52,53,completed,8
5385,Rigid,1079635,1079635,1079693,0,58,58,completed,8
5386,Rigid,1079635,1079635,1079655,0,20,20,completed,8
5387,Rigid,1079635,1079635,1079659,0,24,24,completed,8
5388,Rigid,1079635,1079635,1079700,0,65,65,completed,8
5389,Rigid,1079635,1079635,1079680,0,45,45,completed,8
5390,Rigid,1079635,1079635,1079678,0,43,43,completed,8
5391,Rigid,1079635,1079635,1079661,0,26,26,completed,8
5392,Rigid,1079636,1079636,1079653,0,17,17,completed,8
5393,Rigid,1079636,1079636,1079763,0,127,127,completed,8
5394,Rigid,1079636,1079636,1079708,0,72,72,completed,8
5395,Rigid,1079636,1079636,1079710,0,74,74,completed,8
5396,Rigid,1079636,1079636,1079662,0,26,26,completed,8
5397,Rigid,1079636,1079637,1079663,1,26,27,completed,8
5398,Rigid,1079636,1079637,1079750,1,113,114,completed,8
5399,Rigid,1079637,1079637,1079718,0,81,81,completed,8
5400,Rigid,1079637,1079637,1079696,0,59,59,completed,8
5401,Rigid,1079637,1079637,1079671,0,34,34,completed,8
5402,Rigid,1079637,1079637,1079655,0,18,18,completed,8
5403,Rigid,1079637,1079637,1079796,0,159,159,completed,8
5404,Rigid,1079637,1079638,1079741,1,103,104,completed,8
5405,Rigid,1079637,1079638,1079730,1,92,93,completed,8
5406,Rigid,1079638,1079638,1079677,0,39,39,completed,8
5407,Rigid,1079638,1079638,1079664,0,26,26,completed,8
5408,Rigid,1079638,1079638,1079730,0,92,92,completed,8
5409,Rigid,1079638,1079638,1079698,0,60,60,completed,8
5410,Rigid,1079638,1079638,1079699,0,61,61,completed,8
5411,Rigid,1079638,1079638,1079663,0,25,25,completed,8
5412,Rigid,1079639,1079639,1079664,0,25,25,completed,8
5413,Rigid,1079639,1079639,1079768,0,129,129,completed,8
5414,Rigid,1079639,1079639,1079733,0,94,94,completed,8
5415,Rigid,1079639,1079639,1079710,0,71,71,completed,8
5416,Rigid,1079639,1079639,1079678,0,39,39,completed,8
5417,Rigid,1079639,1079641,1079663,2,22,24,completed,8
5418,Rigid,1079639,1079641,1079831,2,190,192,completed,8
5419,Rigid,1079640,1079641,1079760,1,119,120,completed,8
5420,Rigid,1079640,1079641,1079761,1,120,121,completed,8
5421,Rigid,1079640,1079641,1079677,1,36,37,completed,8
5422,Rigid,1079640,1079641,1079675,1,34,35,completed,8
5423,Rigid,1079640,1079641,1079784,1,143,144,completed,8
5424,Rigid,1079641,1079641,1079741,0,100,100,completed,8
5425,Rigid,1079641,1079641,1079716,0,75,75,completed,8
5426,Rigid,1079641,1079641,1079680,0,39,39,completed,8
5427,Rigid,1079641,1079641,1079666,0,25,25,completed,8
5428,Rigid,1079641,1079642,1079740,1,98,99,completed,8
5429,Rigid,1079642,1079642,1079711,0,69,69,completed,8
5430,Rigid,1079642,1079642,1079705,0,63,63,completed,8
5431,Rigid,1079642,1079642,1079668,0,26,26,completed,8
5432,Rigid,1079642,1079642,1079663,0,21,21,completed,8
5433,Rigid,1079642,1079643,1079842,1,199,200,completed,8
5434,Rigid,1079642,1079643,1079743,1,100,101,completed,8
5435,Rigid,1079643,1079643,1079787,0,144,144,completed,8
5436,Rigid,1079643,1079643,1079667,0,24,24,completed,8
5437,Rigid,1079643,1079643,1079722,0,79,79,completed,8
5438,Rigid,1079643,1079643,1079832,0,189,189,completed,8
5439,Rigid,1079643,1079643,1079737,0,94,94,completed,8
5440,Rigid,1079643,1079645,1079795,2,150,152,completed,8
5441,Rigid,1079644,1079645,1079669,1,24,25,completed,8
5442,Rigid,1079644,1079645,1079737,1,92,93,completed,8
5443,Rigid,1079644,1079645,1079742,1,97,98,completed,8
5444,Rigid,1079644,1079645,1079709,1,64,65,completed,8
5445,Rigid,1079644,1079645,1079710,1,65,66,completed,8
5446,Rigid,1079644,1079645,1079669,1,24,25,completed,8
5447,Rigid,1079645,1079645,1079668,0,23,23,completed,8
5448,Rigid,1079645,1079645,1079679,0,34,34,completed,8
5449,Rigid,1079645,1079645,1079673,0,28,28,completed,8
5450,Rigid,1079645,1079645,1079665,0,20,20,completed,8
5451,Rigid,1079645,1079647,1079670,2,23,25,completed,8
5452,Rigid,1079646,1079647,1079659,1,12,13,completed,8
5453,Rigid,1079646,1079647,1079698,1,51,52,completed,8
5454,Rigid,1079646,1079647,1079687,1,40,41,completed,8
5455,Rigid,1079646,1079647,1079669,1,22,23,completed,8
5456,Rigid,1079646,1079647,1079687,1,40,41,completed,8
5457,Rigid,1079646,1079647,1079665,1,18,19,completed,8
5458,Rigid,1079647,1079647,1079793,0,146,146,completed,8
5459,Rigid,1079647,1079647,1079749,0,102,102,completed,8
5460,Rigid,1079647,1079647,1079735,0,88,88,completed,8
5461,Rigid,1079647,1079647,1079686,0,39,39,completed,8
5462,Rigid,1079647,1079648,1079675,1,27,28,completed,8
5463,Rigid,1079648,1079648,1079828,0,180,180,completed,8
5464,Rigid,1079648,1079648,1079768,0,120,120,completed,8
5465,Rigid,1079648,1079648,1079768,0,120,120,completed,8
5466,Rigid,1079648,1079649,1079681,1,32,33,completed,8
5467,Rigid,1079648,1079649,1079687,1,38,39,completed,8
5468,Rigid,1079649,1079649,1079743,0,94,94,completed,8
5469,Rigid,1079649,1079649,1079716,0,67,67,completed,8
5470,Rigid,1079649,1079649,1079717,0,68,68,completed,8
5471,Rigid,1079649,1079649,1079678,0,29,29,completed,8
5472,Rigid,1079649,1079650,1079671,1,21,22,completed,8
5473,Rigid,1082438,1082439,1082454,1,15,16,completed,2
5474,Rigid,1082438,1082439,1082454,1,15,16,completed,2
5475,Rigid,1082438,1082439,1082454,1,15,16,completed,2
5476,Rigid,1082438,1082439,1082478,1,39,40,completed,2
5477,Rigid,1082438,1082439,1082475,1,36,37,completed,2
5478,Rigid,1082438,1082439,1082479,1,40,41,completed,2
5479,Rigid,1082438,1082439,1082450,1,11,12,completed,2
5480,Rigid,1082438,1082439,1082454,1,15,16,completed,2
5481,Rigid,1082438,1082439,1082477,1,38,39,completed,2
5482,Rigid,1082438,1082439,1082474,1,35,36,completed,2
5483,Rigid,1082438,1082439,1082479,1,40,41,completed,2
5484,Rigid,1082438,1082439,1082454,1,15,16,completed,2
5485,Rigid,1082438,1082439,1082475,1,36,37,completed,2
5486,Rigid,1082438,1082439,1082479,1,40,41,completed,2
5487,Rigid,1082438,1082439,1082476,1,37,38,completed,2
5488,Rigid,1082438,1082439,1082473,1,34,35,completed,2
5489,Rigid,1082438,1082439,1082478,1,39,40,completed,2
5490,Rigid,1082438,1082439,1082487,1,48,49,completed,2
5491,Rigid,1082438,1082439,1082473,1,34,35,completed,2
5492,Rigid,1082439,1082439,1082475,0,36,36,completed,2
5493,Rigid,1082439,1082443,1082485,4,42,46,completed,2
5494,Rigid,1082439,1082443,1082454,4,11,15,completed,2
5495,Rigid,1082439,1082443,1082473,4,30,34,completed,2
5496,Rigid,1082439,1082443,1082483,4,40,44,completed,2
5497,Rigid,1082439,1082443,1082454,4,11,15,completed,2
5498,Rigid,1082439,1082443,1082454,4,11,15,completed,2
5499,Rigid,1082439,1082443,1082480,4,37,41,completed,2
5500,Rigid,1082439,1082443,1082454,4,11,15,completed,2
5501,Rigid,1082439,1082443,1082454,4,11,15,completed,2
5502,Rigid,1082439,1082443,1082478,4,35,39,completed,2
5503,Rigid,1082439,1082443,1082454,4,11,15,completed,2
5504,Rigid,1082439,1082443,1082454,4,11,15,completed,2
5505,Rigid,1082439,1082443,1082454,4,11,15,completed,2
5506,Rigid,1082439,1082443,1082454,4,11,15,completed,2
5507,Rigid,1082439,1082443,1082478,4,35,39,completed,2
5508,Rigid,1082439,1082443,1082454,4,11,15,completed,2
5509,Rigid,1082439,1082443,1082454,4,11,15,completed,2
5510,Rigid,1082439,1082443,1082475,4,32,36,completed,2
5511,Rigid,1082439,1082443,1082452,4,9,13,completed,2
5512,Rigid,1082439,1082443,1082473,4,30,34,completed,2
5513,Rigid,1082439,1082443,1082480,4,37,41,completed,2
5514,Rigid,1082439,1082443,1082454,4,11,15,completed,2
5515,Rigid,1082440,1082443,1082479,3,36,39,completed,2
5516,Rigid,1082440,1082443,1082454,3,11,14,completed,2
5517,Rigid,1082440,1082443,1082454,3,11,14,completed,2
5518,Rigid,1082440,1082443,1082475,3,32,35,completed,2
5519,Rigid,1082440,1082443,1082454,3,11,14,completed,2
5520,Rigid,1082440,1082443,1082454,3,11,14,completed,2
5521,Rigid,1082440,1082443,1082454,3,11,14,completed,2
5522,Rigid,1082440,1082443,1082473,3,30,33,completed,2
5523,Rigid,1082440,1082443,1082453,3,10,13,completed,2
5524,Rigid,1082440,1082443,1082453,3,10,13,completed,2
5525,Rigid,1082440,1082443,1082453,3,10,13,completed,2
5526,Rigid,1082440,1082443,1082452,3,9,12,completed,2
5527,Rigid,1082440,1082443,1082452,3,9,12,completed,2
5528,Rigid,1082440,1082443,1082452,3,9,12,completed,2
5529,Rigid,1082440,1082443,1082452,3,9,12,completed,2
5530,Rigid,1082440,1082443,1082452,3,9,12,completed,2
5531,Rigid,1082440,1082443,1082462,3,19,22,completed,2
5532,Rigid,1082440,1082443,1082462,3,19,22,completed,2
5533,Rigid,1082440,1082443,1082462,3,19,22,completed,2
5534,Rigid,1082440,1082443,1082452,3,9,12,completed,2
5535,Rigid,1082440,1082443,1082477,3,34,37,completed,2
5536,Rigid,1082440,1082443,1082462,3,19,22,completed,2
5537,Rigid,1082440,1082443,1082477,3,34,37,completed,2
5538,Rigid,1082440,1082443,1082462,3,19,22,completed,2
5539,Rigid,1082440,1082443,1082479,3,36,39,completed,2
5540,Rigid,1082440,1082443,1082475,3,32,35,completed,2
5541,Rigid,1082440,1082443,1082462,3,19,22,completed,2
5542,Rigid,1082440,1082443,1082478,3,35,38,completed,2
5543,Rigid,1082440,1082443,1082473,3,30,33,completed,2
5544,Rigid,1082440,1082443,1082475,3,32,35,completed,2
5545,Rigid,1082440,1082443,1082478,3,35,38,completed,2
5546,Rigid,1082440,1082443,1082453,3,10,13,completed,2
5547,Rigid,1082440,1082443,1082452,3,9,12,completed,2
5548,Rigid,1082440,1082443,1082473,3,30,33,completed,2
5549,Rigid,1082440,1082443,1082477,3,34,37,completed,2
5550,Rigid,1082440,1082443,1082453,3,10,13,completed,2
5551,Rigid,1082440,1082443,1082453,3,10,13,completed,2
5552,Rigid,1082440,1082443,1082452,3,9,12,completed,2
5553,Rigid,1082440,1082443,1082478,3,35,38,completed,2
5554,Rigid,1082441,1082443,1082475,2,32,34,completed,2
5555,Rigid,1082441,1082443,1082453,2,10,12,completed,2
5556,Rigid,1082441,1082443,1082452,2,9,11,completed,2
5557,Rigid,1082441,1082443,1082477,2,34,36,completed,2
5558,Rigid,1082441,1082443,1082473,2,30,32,completed,2
5559,Rigid,1082441,1082443,1082462,2,19,21,completed,2
5560,Rigid,1082441,1082443,1082453,2,10,12,completed,2
5561,Rigid,1082444,1082447,1082475,3,28,31,completed,2
5562,Rigid,1082444,1082447,1082480,3,33,36,completed,2
5563,Rigid,1082444,1082447,1082462,3,15,18,completed,2
5564,Rigid,1082444,1082447,1082453,3,6,9,completed,2
5565,Rigid,1082444,1082447,1082453,3,6,9,completed,2
5566,Rigid,1082444,1082447,1082473,3,26,29,completed,2
5567,Rigid,1082444,1082447,1082477,3,30,33,completed,2
5568,Rigid,1082444,1082447,1082462,3,15,18,completed,2
5569,Rigid,1082444,1082447,1082453,3,6,9,completed,2
5570,Rigid,1083367,1083367,1215163,0,131796,131796,completed,36
5571,Rigid,1083685,1083686,1083701,1,15,16,completed,2
5572,Rigid,1083685,1083686,1083726,1,40,41,completed,2
5573,Rigid,1083685,1083686,1083739,1,53,54,completed,2
5574,Rigid,1083685,1083686,1083702,1,16,17,completed,2
5575,Rigid,1083685,1083686,1083701,1,15,16,completed,2
5576,Rigid,1083685,1083686,1083735,1,49,50,completed,2
5577,Rigid,1083686,1083686,1083728,0,42,42,completed,2
5578,Rigid,1083686,1083690,1083735,4,45,49,completed,2
5579,Rigid,1083686,1083690,1083702,4,12,16,completed,2
5580,Rigid,1083686,1083690,1083706,4,16,20,completed,2
5581,Rigid,1083686,1083690,1083701,4,11,15,completed,2
5582,Rigid,1083686,1083690,1083701,4,11,15,completed,2
5583,Rigid,1083686,1083690,1083732,4,42,46,completed,2
5584,Rigid,1083686,1083690,1083701,4,11,15,completed,2
5585,Rigid,1083687,1083690,1083706,3,16,19,completed,2
5586,Rigid,1083687,1083690,1083732,3,42,45,completed,2
5587,Rigid,1083687,1083690,1083726,3,36,39,completed,2
5588,Rigid,1083687,1083690,1083737,3,47,50,completed,2
5589,Rigid,1083687,1083690,1083731,3,41,44,completed,2
5590,Rigid,1083687,1083690,1083706,3,16,19,completed,2
5591,Rigid,1083687,1083690,1083701,3,11,14,completed,2
5592,Rigid,1083687,1083690,1083701,3,11,14,completed,2
5593,Rigid,1083687,1083690,1083729,3,39,42,completed,2
5594,Rigid,1083687,1083690,1083701,3,11,14,completed,2
5595,Rigid,1083687,1083690,1083706,3,16,19,completed,2
5596,Rigid,1083687,1083690,1083701,3,11,14,completed,2
5597,Rigid,1083687,1083690,1083707,3,17,20,completed,2
5598,Rigid,1083687,1083690,1083730,3,40,43,completed,2
5599,Rigid,1083687,1083690,1083731,3,41,44,completed,2
5600,Rigid,1083687,1083690,1083730,3,40,43,completed,2
5601,Rigid,1083688,1083690,1083702,2,12,14,completed,2
5602,Rigid,1083688,1083690,1083706,2,16,18,completed,2
5603,Rigid,1083688,1083690,1083701,2,11,13,completed,2
5604,Rigid,1083688,1083690,1083701,2,11,13,completed,2
5605,Rigid,1083688,1083690,1083707,2,17,19,completed,2
5606,Rigid,1083688,1083690,1083707,2,17,19,completed,2
5607,Rigid,1083688,1083690,1083701,2,11,13,completed,2
5608,Rigid,1083688,1083690,1083706,2,16,18,completed,2
5609,Rigid,1083688,1083690,1083726,2,36,38,completed,2
5610,Rigid,1083688,1083690,1083728,2,38,40,completed,2
5611,Rigid,1083688,1083690,1083731,2,41,43,completed,2
5612,Rigid,1083688,1083690,1083728,2,38,40,completed,2
5613,Rigid,1083688,1083690,1083702,2,12,14,completed,2
5614,Rigid,1083688,1083690,1083706,2,16,18,completed,2
5615,Rigid,1083688,1083690,1083706,2,16,18,completed,2
5616,Rigid,1083688,1083690,1083732,2,42,44,completed,2
5617,Rigid,1083688,1083690,1083726,2,36,38,completed,2
5618,Rigid,1083688,1083690,1083706,2,16,18,completed,2
5619,Rigid,1083688,1083690,1083732,2,42,44,completed,2
5620,Rigid,1083688,1083690,1083728,2,38,40,completed,2
5621,Rigid,1083688,1083690,1083734,2,44,46,completed,2
5622,Rigid,1083689,1083690,1083702,1,12,13,completed,2
5623,Rigid,1083689,1083690,1083702,1,12,13,completed,2
5624,Rigid,1083689,1083690,1083706,1,16,17,completed,2
5625,Rigid,1083689,1083690,1083731,1,41,42,completed,2
5626,Rigid,1083689,1083690,1083734,1,44,45,completed,2
5627,Rigid,1083689,1083690,1083702,1,12,13,completed,2
5628,Rigid,1083689,1083690,1083707,1,17,18,completed,2
5629,Rigid,1083689,1083690,1083731,1,41,42,completed,2
5630,Rigid,1083689,1083690,1083731,1,41,42,completed,2
5631,Rigid,1083689,1083690,1083726,1,36,37,completed,2
5632,Rigid,1083689,1083690,1083728,1,38,39,completed,2
5633,Rigid,1083689,1083690,1083732,1,42,43,completed,2
5634,Rigid,1083689,1083690,1083731,1,41,42,completed,2
5635,Rigid,1083689,1083690,1083702,1,12,13,completed,2
5636,Rigid,1083689,1083690,1083728,1,38,39,completed,2
5637,Rigid,1083689,1083690,1083740,1,50,51,completed,2
5638,Rigid,1083689,1083690,1083702,1,12,13,completed,2
5639,Rigid,1083689,1083690,1083702,1,12,13,completed,2
5640,Rigid,1083689,1083690,1083726,1,36,37,completed,2
5641,Rigid,1083689,1083690,1083735,1,45,46,completed,2
5642,Rigid,1083689,1083690,1083728,1,38,39,completed,2
5643,Rigid,1084122,1084123,1090486,1,6363,6364,completed,36
5644,Rigid,1086133,1086133,1086156,0,23,23,completed,18
5645,Rigid,1086157,1086158,1129382,1,43224,43225,completed,18
5646,Rigid,1086297,1086297,1089751,0,3454,3454,completed,18
5647,Rigid,1087057,1087057,1129420,0,42363,42363,completed,144
5648,Rigid,1087494,1087494,1087585,0,91,91,completed,1
5649,Rigid,1089273,1089274,1092310,1,3036,3037,completed,18
5650,Rigid,1091529,1091530,1097257,1,5727,5728,completed,36
5651,Rigid,1092347,1092347,1098576,0,6229,6229,completed,18
5652,Rigid,1094257,1094257,1128457,0,34200,34200,completed,144
5653,Rigid,1094319,1094319,1126257,0,31938,31938,completed,144
5654,Rigid,1094407,1094408,1126421,1,32013,32014,completed,144
5655,Rigid,1096248,1096249,1128985,1,32736,32737,completed,144
5656,Rigid,1098121,1098123,1126540,2,28417,28419,completed,144
5657,Rigid,1098312,1098313,1098403,1,90,91,completed,36
5658,Rigid,1098322,1098323,1098400,1,77,78,completed,36
5659,Rigid,1098332,1098333,1098423,1,90,91,completed,36
5660,Rigid,1098342,1098343,1106279,1,7936,7937,completed,36
5661,Rigid,1098352,1098353,1098442,1,89,90,completed,36
5662,Rigid,1098362,1098363,1108731,1,10368,10369,completed,36
5663,Rigid,1098372,1098373,1107083,1,8710,8711,completed,36
5664,Rigid,1098383,1098383,1098479,0,96,96,completed,36
5665,Rigid,1098393,1098393,1098489,0,96,96,completed,36
5666,Rigid,1098403,1098404,1106507,1,8103,8104,completed,36
5667,Rigid,1098413,1098414,1106483,1,8069,8070,completed,36
5668,Rigid,1098423,1098424,1107229,1,8805,8806,completed,36
5669,Rigid,1098433,1098434,1108377,1,9943,9944,completed,36
5670,Rigid,1098443,1098443,1106507,0,8064,8064,completed,36
5671,Rigid,1098453,1098454,1106884,1,8430,8431,completed,36
5672,Rigid,1098464,1098464,1106506,0,8042,8042,completed,36
5673,Rigid,1098474,1098474,1106820,0,8346,8346,completed,36
5674,Rigid,1098484,1098484,1106935,0,8451,8451,completed,36
5675,Rigid,1098659,1098659,1098768,0,109,109,completed,36
5676,Rigid,1098669,1098669,1098760,0,91,91,completed,36
5677,Rigid,1098679,1098679,1098767,0,88,88,completed,36
5678,Rigid,1098689,1098689,1098781,0,92,92,completed,36
5679,Rigid,1098699,1098700,1098793,1,93,94,completed,36
5680,Rigid,1098709,1098710,1098788,1,78,79,completed,36
5681,Rigid,1098719,1098723,1098821,4,98,102,completed,36
5682,Rigid,1098730,1098730,1098831,0,101,101,completed,36
5683,Rigid,1098740,1098741,1107278,1,8537,8538,completed,36
5684,Rigid,1098750,1098755,1098840,5,85,90,completed,36
5685,Rigid,1098760,1098760,1106799,0,8039,8039,completed,36
5686,Rigid,1098770,1098770,1108023,0,9253,9253,completed,36
5687,Rigid,1098780,1098782,1107968,2,9186,9188,completed,36
5688,Rigid,1098790,1098790,1106824,0,8034,8034,completed,36
5689,Rigid,1098800,1098800,1107748,0,8948,8948,completed,36
5690,Rigid,1098810,1098810,1106788,0,7978,7978,completed,36
5691,Rigid,1098820,1098821,1107180,1,8359,8360,completed,36
5692,Rigid,1098831,1098831,1107703,0,8872,8872,completed,36
5693,Rigid,1099361,1099362,1099483,1,121,122,completed,36
5694,Rigid,1099372,1099372,1099451,0,79,79,completed,36
5695,Rigid,1099382,1099383,1107706,1,8323,8324,completed,36
5696,Rigid,1099392,1099392,1108044,0,8652,8652,completed,36
5697,Rigid,1099402,1099402,1099479,0,77,77,completed,36
5698,Rigid,1099412,1099412,1099494,0,82,82,completed,36
5699,Rigid,1099422,1099423,1099514,1,91,92,completed,36
5700,Rigid,1099432,1099433,1099529,1,96,97,completed,36
5701,Rigid,1099442,1099443,1099557,1,114,115,completed,36
5702,Rigid,1099453,1099453,1099553,0,100,100,completed,36
5703,Rigid,1099463,1099463,1110019,0,10556,10556,completed,36
5704,Rigid,1099473,1099473,1107960,0,8487,8487,completed,36
5705,Rigid,1099483,1099483,1107969,0,8486,8486,completed,36
5706,Rigid,1099493,1099493,1107681,0,8188,8188,completed,36
5707,Rigid,1099503,1099503,1108284,0,8781,8781,completed,36
5708,Rigid,1099513,1099513,1108139,0,8626,8626,completed,36
5709,Rigid,1099523,1099524,1108097,1,8573,8574,completed,36
5710,Rigid,1099534,1099534,1108277,0,8743,8743,completed,36
5711,Rigid,1099544,1099544,1108343,0,8799,8799,completed,36
5712,Rigid,1099554,1099554,1109241,0,9687,9687,completed,36
5713,Rigid,1099564,1099564,1107945,0,8381,8381,completed,36
5714,Rigid,1116175,1116175,1135298,0,19123,19123,completed,16
5715,Rigid,1119734,1119734,1147368,0,27634,27634,completed,36
5716,Rigid,1121634,1121634,1127993,0,6359,6359,completed,1
5717,Rigid,1121634,1121634,1127237,0,5603,5603,completed,1
5718,Rigid,1121634,1121635,1127061,1,5426,5427,completed,1
5719,Rigid,1121871,1121872,1121966,1,94,95,completed,1
5720,Rigid,1121871,1121872,1121960,1,88,89,completed,1
5721,Rigid,1121871,1121872,1121959,1,87,88,completed,1
5722,Rigid,1122743,1122744,1146458,1,23714,23715,completed,1
5723,Rigid,1122778,1122779,1415624,1,292845,292846,completed,36
5724,Rigid,1122779,1122783,1151166,4,28383,28387,completed,1
5725,Rigid,1122780,1122783,1149825,3,27042,27045,completed,1
5726,Rigid,1122780,1122783,1160339,3,37556,37559,completed,1
5727,Rigid,1122781,1122783,1159446,2,36663,36665,completed,1
5728,Rigid,1122781,1122783,1158759,2,35976,35978,completed,1
5729,Rigid,1122782,1122783,1159038,1,36255,36256,completed,1
5730,Rigid,1122782,1122783,1156365,1,33582,33583,completed,1
5731,Rigid,1122783,1122787,1160111,4,37324,37328,completed,1
5732,Rigid,1122784,1122787,1158054,3,35267,35270,completed,1
5733,Rigid,1122784,1122787,1156644,3,33857,33860,completed,1
5734,Rigid,1122785,1122787,1157922,2,35135,35137,completed,1
5735,Rigid,1122785,1122787,1159126,2,36339,36341,completed,1
5736,Rigid,1122785,1122787,1158058,2,35271,35273,completed,1
5737,Rigid,1122786,1122787,1158068,1,35281,35282,completed,1
5738,Rigid,1122786,1122787,1159770,1,36983,36984,completed,1
5739,Rigid,1123235,1123235,1126425,0,3190,3190,completed,144
5740,Rigid,1123280,1123281,1177141,1,53860,53861,completed,1
5741,Rigid,1123281,1123283,1176816,2,53533,53535,completed,1
5742,Rigid,1123393,1123394,1349212,1,225818,225819,completed,36
5743,Rigid,1123436,1123437,1373878,1,250441,250442,completed,36
5744,Rigid,1123466,1123466,1307469,0,184003,184003,completed,36
5745,Rigid,1123492,1123492,1280739,0,157247,157247,completed,36
5746,Rigid,1123529,1123529,1329016,0,205487,205487,completed,36
5747,Rigid,1123561,1123563,1336962,2,213399,213401,completed,36
5748,Rigid,1123594,1123594,1319770,0,196176,196176,completed,36
5749,Rigid,1123728,1123729,1296540,1,172811,172812,completed,36
5750,Rigid,1123728,1123729,1296540,1,172811,172812,completed,36
5751,Rigid,1123728,1123729,1296540,1,172811,172812,completed,36
5752,Rigid,1123754,1123754,1296570,0,172816,172816,completed,36
5753,Rigid,1123754,1123754,1296570,0,172816,172816,completed,36
5754,Rigid,1123754,1123754,1296570,0,172816,172816,completed,36
5755,Rigid,1123779,1123780,1296600,1,172820,172821,completed,36
5756,Rigid,1123779,1123780,1296600,1,172820,172821,completed,36
5757,Rigid,1123779,1123780,1296600,1,172820,172821,completed,36
5758,Rigid,1123801,1123803,1296630,2,172827,172829,completed,36
5759,Rigid,1123801,1123803,1296630,2,172827,172829,completed,36
5760,Rigid,1123801,1123803,1296630,2,172827,172829,completed,36
5761,Rigid,1123825,1123826,1296630,1,172804,172805,completed,36
5762,Rigid,1123825,1123826,1296630,1,172804,172805,completed,36
5763,Rigid,1123825,1123826,1296630,1,172804,172805,completed,36
5764,Rigid,1123855,1123856,1296660,1,172804,172805,completed,36
5765,Rigid,1123855,1123856,1296660,1,172804,172805,completed,36
5766,Rigid,1123855,1123856,1296660,1,172804,172805,completed,36
5767,Rigid,1123886,1123887,1296690,1,172803,172804,completed,36
5768,Rigid,1123886,1123887,1296690,1,172803,172804,completed,36
5769,Rigid,1123886,1123887,1296690,1,172803,172804,completed,36
5770,Rigid,1124065,1124066,1221496,1,97430,97431,completed,36
5771,Rigid,1124104,1124104,1310508,0,186404,186404,completed,36
5772,Rigid,1124138,1124138,1284607,0,160469,160469,completed,36
5773,Rigid,1124184,1124184,1402683,0,278499,278499,completed,36
5774,Rigid,1124221,1124223,1248409,2,124186,124188,completed,36
5775,Rigid,1124256,1124256,1294163,0,169907,169907,completed,36
5776,Rigid,1124296,1124297,1269526,1,145229,145230,completed,36
5777,Rigid,1124403,1124404,1366481,1,242077,242078,completed,36
5778,Rigid,1124442,1124443,1280827,1,156384,156385,completed,36
5779,Rigid,1124476,1124477,1211774,1,87297,87298,completed,36
5780,Rigid,1124511,1124512,1283418,1,158906,158907,completed,36
5781,Rigid,1124545,1124545,1138894,0,14349,14349,completed,36
5782,Rigid,1124577,1124577,1287150,0,162573,162573,completed,36
5783,Rigid,1124608,1124608,1427812,0,303204,303204,completed,36
5784,Rigid,1124642,1124643,1335990,1,211347,211348,completed,36
5785,Rigid,1124993,1124994,1152445,1,27451,27452,completed,16
5786,Rigid,1125037,1125038,1297867,1,172829,172830,completed,36
5787,Rigid,1125037,1125038,1297867,1,172829,172830,completed,36
5788,Rigid,1125037,1125038,1297867,1,172829,172830,completed,36
5789,Rigid,1125069,1125069,1297898,0,172829,172829,completed,36
5790,Rigid,1125069,1125069,1297898,0,172829,172829,completed,36
5791,Rigid,1125069,1125069,1297898,0,172829,172829,completed,36
5792,Rigid,1125099,1125099,1297928,0,172829,172829,completed,36
5793,Rigid,1125099,1125099,1297928,0,172829,172829,completed,36
5794,Rigid,1125099,1125099,1297928,0,172829,172829,completed,36
5795,Rigid,1125179,1125183,1125389,4,206,210,completed,1
5796,Rigid,1125181,1125183,1125837,2,654,656,completed,6
5797,Rigid,1125203,1125204,1150821,1,25617,25618,completed,1
5798,Rigid,1125203,1125204,1150019,1,24815,24816,completed,1
5799,Rigid,1125204,1125205,1158791,1,33586,33587,completed,1
5800,Rigid,1125204,1125205,1160220,1,35015,35016,completed,1
5801,Rigid,1125205,1125205,1161321,0,36116,36116,completed,1
5802,Rigid,1125206,1125208,1160601,2,35393,35395,completed,1
5803,Rigid,1125206,1125208,1163120,2,37912,37914,completed,1
5804,Rigid,1125206,1125208,1298020,2,172812,172814,completed,36
5805,Rigid,1125206,1125208,1125301,2,93,95,completed,36
5806,Rigid,1125206,1125208,1298020,2,172812,172814,completed,36
5807,Rigid,1125207,1125208,1164182,1,38974,38975,completed,1
5808,Rigid,1125208,1125208,1161842,0,36634,36634,completed,1
5809,Rigid,1125208,1125212,1160496,4,35284,35288,completed,1
5810,Rigid,1125209,1125212,1159809,3,34597,34600,completed,1
5811,Rigid,1125209,1125212,1163862,3,38650,38653,completed,1
5812,Rigid,1125210,1125212,1162070,2,36858,36860,completed,1
5813,Rigid,1125210,1125212,1164471,2,39259,39261,completed,1
5814,Rigid,1125211,1125212,1162688,1,37476,37477,completed,1
5815,Rigid,1125212,1125216,1157683,4,32467,32471,completed,1
5816,Rigid,1125287,1125303,1298111,16,172808,172824,completed,36
5817,Rigid,1125287,1159018,1331844,33731,172826,206557,completed,36
5818,Rigid,1125287,1159018,1331844,33731,172826,206557,completed,36
5819,Rigid,1125326,1181906,1354710,56580,172804,229384,completed,36
5820,Rigid,1125326,1296544,1469358,171218,172814,344032,completed,36
5821,Rigid,1125326,1296545,1469358,171219,172813,344032,completed,36
5822,Rigid,1125357,1296545,1469358,171188,172813,344001,completed,36
5823,Rigid,1125357,1296575,1469388,171218,172813,344031,completed,36
5824,Rigid,1125357,1296575,1469388,171218,172813,344031,completed,36
5825,Rigid,1125383,1296575,1469388,171192,172813,344005,completed,36
5826,Rigid,1125383,1296604,1469418,171221,172814,344035,completed,36
5827,Rigid,1125383,1296604,1469418,171221,172814,344035,completed,36
5828,Rigid,1125386,1125387,1190335,1,64948,64949,completed,1
5829,Rigid,1125409,1296604,1469418,171195,172814,344009,completed,36
5830,Rigid,1125409,1296634,1469448,171225,172814,344039,completed,36
5831,Rigid,1125409,1296634,1469448,171225,172814,344039,completed,36
5832,Rigid,1125443,1296634,1469448,171191,172814,344005,completed,36
5833,Rigid,1125443,1296634,1469448,171191,172814,344005,completed,36
5834,Rigid,1125443,1296634,1469448,171191,172814,344005,completed,36
5835,Rigid,1125477,1296634,1469448,171157,172814,343971,completed,36
5836,Rigid,1125477,1296664,1469478,171187,172814,344001,completed,36
5837,Rigid,1125477,1296664,1469478,171187,172814,344001,completed,36
5838,Rigid,1125509,1296664,1469478,171155,172814,343969,completed,36
5839,Rigid,1125509,1296694,1469508,171185,172814,343999,completed,36
5840,Rigid,1125509,1296694,1469508,171185,172814,343999,completed,36
5841,Rigid,1125520,1125520,1125521,0,1,1,completed,1
5842,Rigid,1125520,1125520,1125521,0,1,1,completed,1
5843,Rigid,1125520,1125520,1125521,0,1,1,completed,1
5844,Rigid,1125536,1296694,1469508,171158,172814,343972,completed,36
5845,Rigid,1125536,1302784,1475598,177248,172814,350062,completed,36
5846,Rigid,1125536,1302787,1475598,177251,172811,350062,completed,36
5847,Rigid,1125564,1302843,1475658,177279,172815,350094,completed,36
5848,Rigid,1125564,1302967,1475778,177403,172811,350214,completed,36
5849,Rigid,1125564,1303041,1475868,177477,172827,350304,completed,36
5850,Rigid,1125573,1125573,1125574,0,1,1,completed,1
5851,Rigid,1125573,1125573,1125574,0,1,1,completed,1
5852,Rigid,1125573,1125573,1125574,0,1,1,completed,1
5853,Rigid,1125593,1313122,1475923,187529,162801,350330,completed,36
5854,Rigid,1125593,1313122,1475923,187529,162801,350330,completed,36
5855,Rigid,1125593,1313122,1475923,187529,162801,350330,completed,36
5856,Rigid,1125953,1125954,1125980,1,26,27,completed,1
5857,Rigid,1125953,1125954,1125980,1,26,27,completed,1
5858,Rigid,1125993,1125993,1154864,0,28871,28871,completed,9
5859,Rigid,1125993,1125993,1164312,0,38319,38319,completed,9
5860,Rigid,1126251,1126252,1126403,1,151,152,completed,1
5861,Rigid,1126251,1126252,1126690,1,438,439,completed,6
5862,Rigid,1126267,1126268,1266808,1,140540,140541,completed,144
5863,Rigid,1126429,1126429,1267361,0,140932,140932,completed,144
5864,Rigid,1126550,1126551,1266352,1,139801,139802,completed,144
5865,Rigid,1126594,1126594,1128810,0,2216,2216,completed,36
5866,Rigid,1126701,1126702,1126711,1,9,10,completed,2
5867,Rigid,1126785,1126786,1126793,1,7,8,completed,1
5868,Rigid,1126893,1126894,1144084,1,17190,17191,completed,1
5869,Rigid,1126893,1126894,1143578,1,16684,16685,completed,1
5870,Rigid,1126894,1126898,1143815,4,16917,16921,completed,1
5871,Rigid,1126894,1126898,1143776,4,16878,16882,completed,1
5872,Rigid,1126895,1126898,1143556,3,16658,16661,completed,1
5873,Rigid,1126896,1126898,1143550,2,16652,16654,completed,1
5874,Rigid,1126896,1126898,1144042,2,17144,17146,completed,1
5875,Rigid,1126897,1126898,1143870,1,16972,16973,completed,1
5876,Rigid,1126897,1126898,1141087,1,14189,14190,completed,1
5877,Rigid,1126898,1126902,1140213,4,13311,13315,completed,1
5878,Rigid,1126898,1126902,1140526,4,13624,13628,completed,1
5879,Rigid,1126899,1126902,1140502,3,13600,13603,completed,1
5880,Rigid,1126899,1126902,1140001,3,13099,13102,completed,1
5881,Rigid,1126900,1126902,1140765,2,13863,13865,completed,1
5882,Rigid,1126901,1126902,1141007,1,14105,14106,completed,1
5883,Rigid,1126902,1126902,1140584,0,13682,13682,completed,1
5884,Rigid,1126902,1126906,1140031,4,13125,13129,completed,1
5885,Rigid,1126903,1126906,1141360,3,14454,14457,completed,1
5886,Rigid,1126903,1126906,1141431,3,14525,14528,completed,1
5887,Rigid,1126904,1126906,1141333,2,14427,14429,completed,1
5888,Rigid,1126940,1126941,1126945,1,4,5,completed,2
5889,Rigid,1127134,1127135,1130317,1,3182,3183,completed,6
5890,Rigid,1127134,1127135,1129119,1,1984,1985,completed,1
5891,Rigid,1127134,1127135,1128851,1,1716,1717,completed,8
5892,Rigid,1127134,1127135,1130131,1,2996,2997,completed,16
5893,Rigid,1127136,1127139,1195149,3,68010,68013,completed,1
5894,Rigid,1127157,1127158,1191515,1,64357,64358,completed,1
5895,Rigid,1127498,1127498,1127502,0,4,4,completed,1
5896,Rigid,1127499,1127520,1127524,21,4,25,completed,1
5897,Rigid,1127524,1127524,1127550,0,26,26,completed,1
5898,Rigid,1127625,1127625,1127632,0,7,7,completed,1
5899,Rigid,1127666,1127666,1127696,0,30,30,completed,1
5900,Rigid,1127685,1127685,1127687,0,2,2,completed,1
5901,Rigid,1127685,1127688,1127690,3,2,5,completed,1
5902,Rigid,1127686,1127688,1127691,2,3,5,completed,1
5903,Rigid,1127686,1127688,1127691,2,3,5,completed,1
5904,Rigid,1127687,1127688,1127690,1,2,3,completed,1
5905,Rigid,1127688,1127688,1127690,0,2,2,completed,1
5906,Rigid,1127688,1127689,1127691,1,2,3,completed,1
5907,Rigid,1127689,1127689,1127691,0,2,2,completed,1
5908,Rigid,1127690,1127691,1127693,1,2,3,completed,1
5909,Rigid,1127690,1127691,1127694,1,3,4,completed,1
5910,Rigid,1127691,1127691,1127693,0,2,2,completed,1
5911,Rigid,1127692,1127692,1127694,0,2,2,completed,1
5912,Rigid,1127692,1127693,1127695,1,2,3,completed,1
5913,Rigid,1127693,1127694,1127696,1,2,3,completed,1
5914,Rigid,1127694,1127694,1127696,0,2,2,completed,1
5915,Rigid,1127695,1127695,1127697,0,2,2,completed,1
5916,Rigid,1127695,1127696,1127698,1,2,3,completed,1
5917,Rigid,1127696,1127696,1127698,0,2,2,completed,1
5918,Rigid,1127895,1127896,1133294,1,5398,5399,completed,396
5919,Rigid,1128136,1128137,1128147,1,10,11,completed,1
5920,Rigid,1128136,1128163,1128167,27,4,31,completed,1
5921,Rigid,1128212,1128212,1145061,0,16849,16849,completed,1
5922,Rigid,1128212,1128216,1144602,4,16386,16390,completed,1
5923,Rigid,1128213,1128216,1145412,3,17196,17199,completed,1
5924,Rigid,1128213,1128216,1146766,3,18550,18553,completed,1
5925,Rigid,1128214,1128216,1147350,2,19134,19136,completed,1
5926,Rigid,1128215,1128216,1145145,1,16929,16930,completed,1
5927,Rigid,1128215,1128216,1146002,1,17786,17787,completed,1
5928,Rigid,1128216,1128216,1146427,0,18211,18211,completed,1
5929,Rigid,1128216,1128220,1153373,4,25153,25157,completed,1
5930,Rigid,1128217,1128220,1292325,3,164105,164108,completed,1
5931,Rigid,1128217,1128220,1145902,3,17682,17685,completed,1
5932,Rigid,1128218,1128220,1146815,2,18595,18597,completed,1
5933,Rigid,1128219,1128220,1146629,1,18409,18410,completed,1
5934,Rigid,1128219,1128220,1150017,1,21797,21798,completed,1
5935,Rigid,1128220,1128220,1149817,0,21597,21597,completed,1
5936,Rigid,1128220,1128224,1150263,4,22039,22043,completed,1
5937,Rigid,1128221,1128224,1150071,3,21847,21850,completed,1
5938,Rigid,1128221,1128224,1149212,3,20988,20991,completed,1
5939,Rigid,1128307,1128307,1130857,0,2550,2550,completed,6
5940,Rigid,1128307,1128307,1129980,0,1673,1673,completed,1
5941,Rigid,1128307,1128307,1129891,0,1584,1584,completed,8
5942,Rigid,1128307,1128307,1129917,0,1610,1610,completed,16
5943,Rigid,1128388,1128388,1128392,0,4,4,completed,1
5944,Rigid,1128471,1128472,1270047,1,141575,141576,completed,144
5945,Rigid,1128492,1128493,1128496,1,3,4,completed,1
5946,Rigid,1128608,1128608,1128611,0,3,3,completed,1
5947,Rigid,1128667,1128667,1128714,0,47,47,completed,396
5948,Rigid,1128670,1128671,1128684,1,13,14,completed,396
5949,Rigid,1128699,1128700,1128708,1,8,9,completed,1
5950,Rigid,1128718,1128718,1137533,0,8815,8815,completed,396
5951,Rigid,1128858,1128858,1129054,0,196,196,completed,1
5952,Rigid,1128858,1128862,1129127,4,265,269,completed,1
5953,Rigid,1128906,1128907,1129358,1,451,452,completed,144
5954,Rigid,1129004,1129005,1271382,1,142377,142378,completed,144
5955,Rigid,1129063,1129063,1132101,0,3038,3038,completed,6
5956,Rigid,1129063,1129063,1133134,0,4071,4071,completed,6
5957,Rigid,1129063,1129063,1132129,0,3066,3066,completed,6
5958,Rigid,1129063,1129067,1133122,4,4055,4059,completed,6
5959,Rigid,1129063,1129067,1132156,4,3089,3093,completed,6
5960,Rigid,1129063,1129067,1133130,4,4063,4067,completed,6
5961,Rigid,1129063,1129067,1132121,4,3054,3058,completed,6
5962,Rigid,1129063,1129067,1133130,4,4063,4067,completed,6
5963,Rigid,1129063,1129067,1132153,4,3086,3090,completed,6
5964,Rigid,1129064,1129067,1133092,3,4025,4028,completed,6
5965,Rigid,1129064,1129067,1132137,3,3070,3073,completed,6
5966,Rigid,1129064,1129067,1133129,3,4062,4065,completed,6
5967,Rigid,1129064,1129067,1133130,3,4063,4066,completed,6
5968,Rigid,1129064,1129067,1133129,3,4062,4065,completed,6
5969,Rigid,1129064,1129067,1133129,3,4062,4065,completed,6
5970,Rigid,1129064,1129067,1133105,3,4038,4041,completed,6
5971,Rigid,1129065,1129067,1133130,2,4063,4065,completed,6
5972,Rigid,1129065,1129067,1133130,2,4063,4065,completed,6
5973,Rigid,1129065,1129067,1133130,2,4063,4065,completed,6
5974,Rigid,1129065,1129067,1132156,2,3089,3091,completed,6
5975,Rigid,1129065,1129067,1132153,2,3086,3088,completed,6
5976,Rigid,1129065,1129067,1133101,2,4034,4036,completed,6
5977,Rigid,1129065,1129067,1133130,2,4063,4065,completed,6
5978,Rigid,1129065,1129067,1133130,2,4063,4065,completed,6
5979,Rigid,1129065,1129067,1133130,2,4063,4065,completed,6
5980,Rigid,1129065,1129067,1133113,2,4046,4048,completed,6
5981,Rigid,1129065,1129067,1133131,2,4064,4066,completed,6
5982,Rigid,1129065,1129067,1133130,2,4063,4065,completed,6
5983,Rigid,1129065,1129067,1133131,2,4064,4066,completed,6
5984,Rigid,1129065,1129067,1132095,2,3028,3030,completed,6
5985,Rigid,1129065,1129067,1132134,2,3067,3069,completed,6
5986,Rigid,1129065,1129067,1132156,2,3089,3091,completed,6
5987,Rigid,1129065,1129067,1133131,2,4064,4066,completed,6
5988,Rigid,1129065,1129067,1133109,2,4042,4044,completed,6
5989,Rigid,1129066,1129067,1133130,1,4063,4064,completed,6
5990,Rigid,1129066,1129067,1133129,1,4062,4063,completed,6
5991,Rigid,1129066,1129067,1133130,1,4063,4064,completed,6
5992,Rigid,1129066,1129067,1133129,1,4062,4063,completed,6
5993,Rigid,1129066,1129067,1132154,1,3087,3088,completed,6
5994,Rigid,1129066,1129067,1133130,1,4063,4064,completed,6
5995,Rigid,1129066,1129067,1133130,1,4063,4064,completed,6
5996,Rigid,1129066,1129067,1133129,1,4062,4063,completed,6
5997,Rigid,1129066,1129067,1133129,1,4062,4063,completed,6
5998,Rigid,1129066,1129067,1133129,1,4062,4063,completed,6
5999,Rigid,1129066,1129067,1133129,1,4062,4063,completed,6
6000,Rigid,1129066,1129067,1133129,1,4062,4063,completed,6
6001,Rigid,1129066,1129067,1133129,1,4062,4063,completed,6
6002,Rigid,1129067,1129067,1133131,0,4064,4064,completed,6
6003,Rigid,1129067,1129067,1133129,0,4062,4062,completed,6
6004,Rigid,1129067,1129067,1133129,0,4062,4062,completed,6
6005,Rigid,1129067,1129067,1133129,0,4062,4062,completed,6
6006,Rigid,1129067,1129067,1133129,0,4062,4062,completed,6
6007,Rigid,1129067,1129067,1132154,0,3087,3087,completed,6
6008,Rigid,1129067,1129067,1132155,0,3088,3088,completed,6
6009,Rigid,1129067,1129067,1133130,0,4063,4063,completed,6
6010,Rigid,1129067,1129067,1133133,0,4066,4066,completed,6
6011,Rigid,1129067,1129071,1133130,4,4059,4063,completed,6
6012,Rigid,1129067,1129071,1132150,4,3079,3083,completed,6
6013,Rigid,1129068,1129071,1133129,3,4058,4061,completed,6
6014,Rigid,1129068,1129071,1133129,3,4058,4061,completed,6
6015,Rigid,1129068,1129071,1133129,3,4058,4061,completed,6
6016,Rigid,1129068,1129071,1132107,3,3036,3039,completed,6
6017,Rigid,1129068,1129071,1133129,3,4058,4061,completed,6
6018,Rigid,1129068,1129071,1133115,3,4044,4047,completed,6
6019,Rigid,1129068,1129071,1133127,3,4056,4059,completed,6
6020,Rigid,1129068,1129071,1132127,3,3056,3059,completed,6
6021,Rigid,1129068,1129071,1132154,3,3083,3086,completed,6
6022,Rigid,1129068,1129071,1133129,3,4058,4061,completed,6
6023,Rigid,1129068,1129071,1132152,3,3081,3084,completed,6
6024,Rigid,1129068,1129071,1132155,3,3084,3087,completed,6
6025,Rigid,1129068,1129071,1133129,3,4058,4061,completed,6
6026,Rigid,1129068,1129071,1133129,3,4058,4061,completed,6
6027,Rigid,1129068,1129071,1133129,3,4058,4061,completed,6
6028,Rigid,1129068,1129071,1132154,3,3083,3086,completed,6
6029,Rigid,1129068,1129071,1133113,3,4042,4045,completed,6
6030,Rigid,1129069,1129071,1133135,2,4064,4066,completed,6
6031,Rigid,1129069,1129071,1132115,2,3044,3046,completed,6
6032,Rigid,1129069,1129071,1133127,2,4056,4058,completed,6
6033,Rigid,1129069,1129071,1132157,2,3086,3088,completed,6
6034,Rigid,1129069,1129071,1133130,2,4059,4061,completed,6
6035,Rigid,1129069,1129071,1133129,2,4058,4060,completed,6
6036,Rigid,1129069,1129071,1133130,2,4059,4061,completed,6
6037,Rigid,1129069,1129071,1133099,2,4028,4030,completed,6
6038,Rigid,1129069,1129071,1133131,2,4060,4062,completed,6
6039,Rigid,1129069,1129071,1132153,2,3082,3084,completed,6
6040,Rigid,1129069,1129071,1133131,2,4060,4062,completed,6
6041,Rigid,1129069,1129071,1133130,2,4059,4061,completed,6
6042,Rigid,1129069,1129071,1132153,2,3082,3084,completed,6
6043,Rigid,1129069,1129071,1132154,2,3083,3085,completed,6
6044,Rigid,1129069,1129071,1133130,2,4059,4061,completed,6
6045,Rigid,1129069,1129071,1133130,2,4059,4061,completed,6
6046,Rigid,1129069,1129071,1133104,2,4033,4035,completed,6
6047,Rigid,1129069,1129071,1132153,2,3082,3084,completed,6
6048,Rigid,1129070,1129071,1133130,1,4059,4060,completed,6
6049,Rigid,1129070,1129071,1133118,1,4047,4048,completed,6
6050,Rigid,1129070,1129071,1133130,1,4059,4060,completed,6
6051,Rigid,1129070,1129071,1133095,1,4024,4025,completed,6
6052,Rigid,1129070,1129071,1132156,1,3085,3086,completed,6
6053,Rigid,1129070,1129071,1133110,1,4039,4040,completed,6
6054,Rigid,1129070,1129071,1133105,1,4034,4035,completed,6
6055,Rigid,1129507,1129511,1129519,4,8,12,completed,1
6056,Rigid,1129508,1129531,1129535,23,4,27,completed,1
6057,Rigid,1129749,1129750,1157012,1,27262,27263,completed,16
6058,Rigid,1129779,1129780,1157148,1,27368,27369,completed,16
6059,Rigid,1129900,1129900,1129931,0,31,31,completed,1
6060,Rigid,1129900,1129904,1129994,4,90,94,completed,1
6061,Rigid,1129919,1129920,1130050,1,130,131,completed,1
6062,Rigid,1129920,1129920,1131056,0,1136,1136,completed,1
6063,Rigid,1129941,1129942,1133599,1,3657,3658,completed,6
6064,Rigid,1129942,1129942,1132653,0,2711,2711,completed,6
6065,Rigid,1129942,1129942,1133583,0,3641,3641,completed,6
6066,Rigid,1129942,1129942,1132658,0,2716,2716,completed,6
6067,Rigid,1129942,1129942,1133548,0,3606,3606,completed,6
6068,Rigid,1129942,1129946,1133540,4,3594,3598,completed,6
6069,Rigid,1129942,1129946,1133603,4,3657,3661,completed,6
6070,Rigid,1129942,1129946,1133594,4,3648,3652,completed,6
6071,Rigid,1129942,1129946,1133603,4,3657,3661,completed,6
6072,Rigid,1129942,1129946,1133603,4,3657,3661,completed,6
6073,Rigid,1129943,1129946,1133602,3,3656,3659,completed,6
6074,Rigid,1129943,1129946,1132680,3,2734,2737,completed,6
6075,Rigid,1129943,1129946,1133602,3,3656,3659,completed,6
6076,Rigid,1129943,1129946,1132665,3,2719,2722,completed,6
6077,Rigid,1129943,1129946,1132680,3,2734,2737,completed,6
6078,Rigid,1129943,1129946,1133602,3,3656,3659,completed,6
6079,Rigid,1129943,1129946,1133601,3,3655,3658,completed,6
6080,Rigid,1129943,1129946,1133601,3,3655,3658,completed,6
6081,Rigid,1129943,1129946,1133601,3,3655,3658,completed,6
6082,Rigid,1129943,1129946,1133601,3,3655,3658,completed,6
6083,Rigid,1129943,1129946,1133601,3,3655,3658,completed,6
6084,Rigid,1129944,1129946,1133601,2,3655,3657,completed,6
6085,Rigid,1129944,1129946,1133601,2,3655,3657,completed,6
6086,Rigid,1129944,1129946,1133601,2,3655,3657,completed,6
6087,Rigid,1129944,1129946,1133601,2,3655,3657,completed,6
6088,Rigid,1129944,1129946,1133601,2,3655,3657,completed,6
6089,Rigid,1129944,1129946,1133601,2,3655,3657,completed,6
6090,Rigid,1129944,1129946,1133601,2,3655,3657,completed,6
6091,Rigid,1129944,1129946,1133601,2,3655,3657,completed,6
6092,Rigid,1129944,1129946,1133601,2,3655,3657,completed,6
6093,Rigid,1129944,1129946,1133601,2,3655,3657,completed,6
6094,Rigid,1129944,1129946,1133601,2,3655,3657,completed,6
6095,Rigid,1129944,1129946,1132680,2,2734,2736,completed,6
6096,Rigid,1129944,1129946,1133601,2,3655,3657,completed,6
6097,Rigid,1129944,1129946,1133574,2,3628,3630,completed,6
6098,Rigid,1129944,1129946,1133601,2,3655,3657,completed,6
6099,Rigid,1129944,1129946,1133601,2,3655,3657,completed,6
6100,Rigid,1129945,1129946,1133601,1,3655,3656,completed,6
6101,Rigid,1129945,1129946,1132680,1,2734,2735,completed,6
6102,Rigid,1129945,1129946,1133601,1,3655,3656,completed,6
6103,Rigid,1129945,1129946,1133601,1,3655,3656,completed,6
6104,Rigid,1129945,1129946,1133601,1,3655,3656,completed,6
6105,Rigid,1129945,1129946,1133601,1,3655,3656,completed,6
6106,Rigid,1129945,1129946,1133601,1,3655,3656,completed,6
6107,Rigid,1129945,1129946,1133601,1,3655,3656,completed,6
6108,Rigid,1129945,1129946,1132680,1,2734,2735,completed,6
6109,Rigid,1129945,1129946,1133602,1,3656,3657,completed,6
6110,Rigid,1129945,1129946,1132680,1,2734,2735,completed,6
6111,Rigid,1129945,1129946,1133602,1,3656,3657,completed,6
6112,Rigid,1129945,1129946,1132648,1,2702,2703,completed,6
6113,Rigid,1129945,1129946,1133602,1,3656,3657,completed,6
6114,Rigid,1129946,1129946,1132680,0,2734,2734,completed,6
6115,Rigid,1129946,1129946,1132680,0,2734,2734,completed,6
6116,Rigid,1129946,1129946,1133601,0,3655,3655,completed,6
6117,Rigid,1129946,1129946,1132633,0,2687,2687,completed,6
6118,Rigid,1129946,1129946,1133601,0,3655,3655,completed,6
6119,Rigid,1129946,1129950,1132680,4,2730,2734,completed,6
6120,Rigid,1129946,1129950,1133574,4,3624,3628,completed,6
6121,Rigid,1129946,1129950,1133602,4,3652,3656,completed,6
6122,Rigid,1129947,1129950,1132680,3,2730,2733,completed,6
6123,Rigid,1129947,1129950,1133601,3,3651,3654,completed,6
6124,Rigid,1129947,1129950,1133578,3,3628,3631,completed,6
6125,Rigid,1129947,1129950,1133601,3,3651,3654,completed,6
6126,Rigid,1129947,1129950,1132680,3,2730,2733,completed,6
6127,Rigid,1129947,1129950,1133604,3,3654,3657,completed,6
6128,Rigid,1129947,1129950,1133602,3,3652,3655,completed,6
6129,Rigid,1129947,1129950,1132673,3,2723,2726,completed,6
6130,Rigid,1129947,1129950,1133602,3,3652,3655,completed,6
6131,Rigid,1129947,1129950,1132654,3,2704,2707,completed,6
6132,Rigid,1129948,1129950,1133602,2,3652,3654,completed,6
6133,Rigid,1129948,1129950,1133584,2,3634,3636,completed,6
6134,Rigid,1129948,1129950,1132680,2,2730,2732,completed,6
6135,Rigid,1129948,1129950,1133557,2,3607,3609,completed,6
6136,Rigid,1129948,1129950,1132620,2,2670,2672,completed,6
6137,Rigid,1129948,1129950,1133601,2,3651,3653,completed,6
6138,Rigid,1129948,1129950,1133601,2,3651,3653,completed,6
6139,Rigid,1129948,1129950,1132673,2,2723,2725,completed,6
6140,Rigid,1129948,1129950,1132654,2,2704,2706,completed,6
6141,Rigid,1129948,1129950,1133601,2,3651,3653,completed,6
6142,Rigid,1129948,1129950,1133563,2,3613,3615,completed,6
6143,Rigid,1129948,1129950,1133601,2,3651,3653,completed,6
6144,Rigid,1129949,1129950,1133601,1,3651,3652,completed,6
6145,Rigid,1129949,1129950,1133601,1,3651,3652,completed,6
6146,Rigid,1129949,1129950,1133601,1,3651,3652,completed,6
6147,Rigid,1129949,1129950,1133601,1,3651,3652,completed,6
6148,Rigid,1129949,1129950,1133601,1,3651,3652,completed,6
6149,Rigid,1129949,1129950,1133601,1,3651,3652,completed,6
6150,Rigid,1129949,1129950,1133601,1,3651,3652,completed,6
6151,Rigid,1129949,1129950,1133601,1,3651,3652,completed,6
6152,Rigid,1129949,1129950,1133589,1,3639,3640,completed,6
6153,Rigid,1129949,1129950,1133601,1,3651,3652,completed,6
6154,Rigid,1129950,1129950,1133601,0,3651,3651,completed,6
6155,Rigid,1129950,1129950,1133601,0,3651,3651,completed,6
6156,Rigid,1129950,1129950,1132642,0,2692,2692,completed,6
6157,Rigid,1129951,1129951,1133601,0,3650,3650,completed,6
6158,Rigid,1129951,1129957,1132680,6,2723,2729,completed,6
6159,Rigid,1129951,1129957,1133601,6,3644,3650,completed,6
6160,Rigid,1129951,1129957,1133601,6,3644,3650,completed,6
6161,Rigid,1129951,1129957,1133601,6,3644,3650,completed,6
6162,Rigid,1129951,1129957,1133601,6,3644,3650,completed,6
6163,Rigid,1130136,1130136,1130462,0,326,326,completed,1
6164,Rigid,1130136,1130136,1131514,0,1378,1378,completed,1
6165,Rigid,1131858,1131858,1136944,0,5086,5086,completed,1
6166,Rigid,1131884,1131884,1132619,0,735,735,completed,36
6167,Rigid,1131887,1131888,1132619,1,731,732,completed,36
6168,Rigid,1131892,1131892,1132619,0,727,727,completed,36
6169,Rigid,1131897,1131897,1132619,0,722,722,completed,36
6170,Rigid,1132027,1132028,1137219,1,5191,5192,completed,1
6171,Rigid,1132149,1132149,1137174,0,5025,5025,completed,1
6172,Rigid,1132522,1132522,1146946,0,14424,14424,completed,396
6173,Rigid,1132717,1132717,1138277,0,5560,5560,completed,36
6174,Rigid,1132763,1132763,1137715,0,4952,4952,completed,36
6175,Rigid,1132789,1132789,1136049,0,3260,3260,completed,36
6176,Rigid,1132819,1132820,1133976,1,1156,1157,completed,36
6177,Rigid,1133105,1133106,1133165,1,59,60,completed,36
6178,Rigid,1133169,1133169,1133192,0,23,23,completed,6
6179,Rigid,1133180,1133180,1147606,0,14426,14426,completed,396
6180,Rigid,1133195,1133195,1133230,0,35,35,completed,6
6181,Rigid,1133196,1133198,1133230,2,32,34,completed,6
6182,Rigid,1133196,1133198,1133230,2,32,34,completed,6
6183,Rigid,1133248,1133248,1133256,0,8,8,completed,108
6184,Rigid,1133267,1133268,1138278,1,5010,5011,completed,1
6185,Rigid,1133339,1133340,1147756,1,14416,14417,completed,396
6186,Rigid,1133570,1133570,1134899,0,1329,1329,completed,36
6187,Rigid,1133584,1133584,1136117,0,2533,2533,completed,36
6188,Rigid,1133597,1133598,1137463,1,3865,3866,completed,36
6189,Rigid,1133610,1133610,1139868,0,6258,6258,completed,36
6190,Rigid,1133634,1133634,1135206,0,1572,1572,completed,36
6191,Rigid,1133641,1133641,1133656,0,15,15,completed,6
6192,Rigid,1133661,1133661,1133691,0,30,30,completed,6
6193,Rigid,1133661,1133665,1133691,4,26,30,completed,6
6194,Rigid,1133661,1133665,1133691,4,26,30,completed,6
6195,Rigid,1133664,1133665,1137183,1,3518,3519,completed,36
6196,Rigid,1133674,1133675,1138883,1,5208,5209,completed,36
6197,Rigid,1133675,1133675,1479288,0,345613,345613,completed,72
6198,Rigid,1133689,1133690,1135040,1,1350,1351,completed,36
6199,Rigid,1133701,1133702,1136324,1,2622,2623,completed,36
6200,Rigid,1133714,1133714,1137334,0,3620,3620,completed,36
6201,Rigid,1133727,1133728,1138672,1,4944,4945,completed,36
6202,Rigid,1133747,1133748,1135075,1,1327,1328,completed,36
6203,Rigid,1133748,1133748,1422816,0,289068,289068,completed,108
6204,Rigid,1133758,1133758,1136320,0,2562,2562,completed,36
6205,Rigid,1133770,1133771,1137376,1,3605,3606,completed,36
6206,Rigid,1133782,1133783,1138770,1,4987,4988,completed,36
6207,Rigid,1134347,1134348,1142678,1,8330,8331,completed,36
6208,Rigid,1134358,1134358,1143282,0,8924,8924,completed,36
6209,Rigid,1134368,1134368,1142929,0,8561,8561,completed,36
6210,Rigid,1134378,1134378,1143348,0,8970,8970,completed,36
6211,Rigid,1134388,1134388,1143048,0,8660,8660,completed,36
6212,Rigid,1134398,1134398,1143295,0,8897,8897,completed,36
6213,Rigid,1134782,1134782,1134796,0,14,14,completed,16
6214,Rigid,1134782,1134782,1134830,0,48,48,completed,1
6215,Rigid,1134782,1134782,1134823,0,41,41,completed,1
6216,Rigid,1134782,1134782,1134816,0,34,34,completed,1
6217,Rigid,1134797,1134797,1135152,0,355,355,completed,1
6218,Rigid,1134797,1134797,1135134,0,337,337,completed,1
6219,Rigid,1134797,1134797,1135128,0,331,331,completed,1
6220,Rigid,1134964,1134966,1143393,2,8427,8429,completed,36
6221,Rigid,1134974,1134974,1135053,0,79,79,completed,36
6222,Rigid,1134984,1134984,1143589,0,8605,8605,completed,36
6223,Rigid,1134994,1134994,1142577,0,7583,7583,completed,36
6224,Rigid,1135004,1135004,1143032,0,8028,8028,completed,36
6225,Rigid,1135014,1135014,1143353,0,8339,8339,completed,36
6226,Rigid,1135025,1135026,1143482,1,8456,8457,completed,36
6227,Rigid,1135035,1135035,1142982,0,7947,7947,completed,36
6228,Rigid,1135045,1135045,1142981,0,7936,7936,completed,36
6229,Rigid,1135663,1135664,1143848,1,8184,8185,completed,36
6230,Rigid,1135673,1135674,1143685,1,8011,8012,completed,36
6231,Rigid,1135683,1135686,1144492,3,8806,8809,completed,36
6232,Rigid,1135693,1135694,1143666,1,7972,7973,completed,36
6233,Rigid,1135704,1135704,1144476,0,8772,8772,completed,36
6234,Rigid,1135714,1135714,1143783,0,8069,8069,completed,36
6235,Rigid,1135724,1135724,1145007,0,9283,9283,completed,36
6236,Rigid,1136260,1136261,1154680,1,18419,18420,completed,1
6237,Rigid,1136261,1136262,1458411,1,322149,322150,completed,1
6238,Rigid,1136262,1136262,1190426,0,54164,54164,completed,1
6239,Rigid,1136262,1136266,1458455,4,322189,322193,completed,1
6240,Rigid,1136263,1136266,1153088,3,16822,16825,completed,1
6241,Rigid,1136264,1136266,1153574,2,17308,17310,completed,1
6242,Rigid,1136264,1136266,1165707,2,29441,29443,completed,1
6243,Rigid,1136265,1136266,1458411,1,322145,322146,completed,1
6244,Rigid,1136265,1136266,1458455,1,322189,322190,completed,1
6245,Rigid,1136266,1136267,1174770,1,38503,38504,completed,1
6246,Rigid,1136266,1136267,1458455,1,322188,322189,completed,1
6247,Rigid,1136267,1136270,1458455,3,322185,322188,completed,1
6248,Rigid,1136267,1136270,1164913,3,28643,28646,completed,1
6249,Rigid,1136268,1136270,1265481,2,129211,129213,completed,1
6250,Rigid,1136268,1136270,1159375,2,23105,23107,completed,1
6251,Rigid,1136269,1136270,1458455,1,322185,322186,completed,1
6252,Rigid,1136270,1136270,1202253,0,65983,65983,completed,1
6253,Rigid,1136270,1136274,1172857,4,36583,36587,completed,1
6254,Rigid,1136271,1136274,1151808,3,15534,15537,completed,1
6255,Rigid,1136271,1136274,1458455,3,322181,322184,completed,1
6256,Rigid,1136282,1136286,1180750,4,44464,44468,completed,1
6257,Rigid,1136282,1136286,1180761,4,44475,44479,completed,1
6258,Rigid,1136282,1136286,1182446,4,46160,46164,completed,1
6259,Rigid,1136282,1136286,1181498,4,45212,45216,completed,1
6260,Rigid,1136282,1136286,1181579,4,45293,45297,completed,1
6261,Rigid,1136282,1136286,1181062,4,44776,44780,completed,1
6262,Rigid,1136282,1136286,1181844,4,45558,45562,completed,1
6263,Rigid,1136282,1136286,1181589,4,45303,45307,completed,1
6264,Rigid,1136282,1136286,1180592,4,44306,44310,completed,1
6265,Rigid,1136282,1136286,1178716,4,42430,42434,completed,1
6266,Rigid,1136282,1136286,1180344,4,44058,44062,completed,1
6267,Rigid,1136282,1136286,1181056,4,44770,44774,completed,1
6268,Rigid,1136282,1136286,1180605,4,44319,44323,completed,1
6269,Rigid,1136282,1136286,1180642,4,44356,44360,completed,1
6270,Rigid,1136282,1136286,1180552,4,44266,44270,completed,1
6271,Rigid,1136282,1136286,1179800,4,43514,43518,completed,1
6272,Rigid,1136282,1136286,1180604,4,44318,44322,completed,1
6273,Rigid,1136282,1136286,1180483,4,44197,44201,completed,1
6274,Rigid,1136282,1136286,1181393,4,45107,45111,completed,1
6275,Rigid,1136282,1136286,1181939,4,45653,45657,completed,1
6276,Rigid,1136282,1136286,1180269,4,43983,43987,completed,1
6277,Rigid,1136282,1136286,1180654,4,44368,44372,completed,1
6278,Rigid,1136282,1136286,1180537,4,44251,44255,completed,1
6279,Rigid,1136282,1136286,1181883,4,45597,45601,completed,1
6280,Rigid,1136282,1136286,1395506,4,259220,259224,completed,1
6281,Rigid,1136282,1136286,1395506,4,259220,259224,completed,1
6282,Rigid,1136282,1136286,1182594,4,46308,46312,completed,1
6283,Rigid,1136282,1136286,1395506,4,259220,259224,completed,1
6284,Rigid,1136282,1136286,1217438,4,81152,81156,completed,1
6285,Rigid,1136282,1136286,1215978,4,79692,79696,completed,1
6286,Rigid,1136282,1136286,1217464,4,81178,81182,completed,1
6287,Rigid,1136282,1136286,1217793,4,81507,81511,completed,1
6288,Rigid,1136282,1136286,1218053,4,81767,81771,completed,1
6289,Rigid,1136282,1136286,1217738,4,81452,81456,completed,1
6290,Rigid,1136282,1136286,1218304,4,82018,82022,completed,1
6291,Rigid,1136282,1136287,1218651,5,82364,82369,completed,1
6292,Rigid,1136282,1136287,1178859,5,42572,42577,completed,1
6293,Rigid,1136282,1136287,1179345,5,43058,43063,completed,1
6294,Rigid,1136282,1136287,1182245,5,45958,45963,completed,1
6295,Rigid,1136282,1136287,1181130,5,44843,44848,completed,1
6296,Rigid,1136282,1136287,1180522,5,44235,44240,completed,1
6297,Rigid,1136282,1136287,1180633,5,44346,44351,completed,1
6298,Rigid,1136282,1136287,1180339,5,44052,44057,completed,1
6299,Rigid,1136282,1136287,1181523,5,45236,45241,completed,1
6300,Rigid,1136282,1136287,1180320,5,44033,44038,completed,1
6301,Rigid,1136282,1136287,1180635,5,44348,44353,completed,1
6302,Rigid,1136282,1136287,1180549,5,44262,44267,completed,1
6303,Rigid,1136282,1136287,1180228,5,43941,43946,completed,1
6304,Rigid,1136282,1136287,1180343,5,44056,44061,completed,1
6305,Rigid,1136282,1136287,1180227,5,43940,43945,completed,1
6306,Rigid,1136282,1136287,1181600,5,45313,45318,completed,1
6307,Rigid,1136282,1136287,1181836,5,45549,45554,completed,1
6308,Rigid,1136282,1136287,1180661,5,44374,44379,completed,1
6309,Rigid,1136282,1136287,1180490,5,44203,44208,completed,1
6310,Rigid,1136282,1136287,1180556,5,44269,44274,completed,1
6311,Rigid,1136282,1136287,1181998,5,45711,45716,completed,1
6312,Rigid,1136282,1136287,1180593,5,44306,44311,completed,1
6313,Rigid,1136282,1136287,1181262,5,44975,44980,completed,1
6314,Rigid,1136282,1136287,1181009,5,44722,44727,completed,1
6315,Rigid,1136282,1136287,1182555,5,46268,46273,completed,1
6316,Rigid,1136282,1136287,1210079,5,73792,73797,completed,1
6317,Rigid,1136282,1136287,1182012,5,45725,45730,completed,1
6318,Rigid,1136282,1136287,1181106,5,44819,44824,completed,1
6319,Rigid,1136282,1136287,1181291,5,45004,45009,completed,1
6320,Rigid,1136282,1136287,1181173,5,44886,44891,completed,1
6321,Rigid,1136282,1136287,1182131,5,45844,45849,completed,1
6322,Rigid,1136282,1136287,1181844,5,45557,45562,completed,1
6323,Rigid,1136282,1136287,1181400,5,45113,45118,completed,1
6324,Rigid,1136282,1136287,1181407,5,45120,45125,completed,1
6325,Rigid,1136282,1136287,1179672,5,43385,43390,completed,1
6326,Rigid,1136282,1136287,1181781,5,45494,45499,completed,1
6327,Rigid,1136282,1136287,1181333,5,45046,45051,completed,1
6328,Rigid,1136282,1136287,1378823,5,242536,242541,completed,1
6329,Rigid,1136282,1136287,1182279,5,45992,45997,completed,1
6330,Rigid,1136282,1136287,1181336,5,45049,45054,completed,1
6331,Rigid,1136282,1136287,1181254,5,44967,44972,completed,1
6332,Rigid,1136282,1136287,1181037,5,44750,44755,completed,1
6333,Rigid,1136282,1136287,1229197,5,92910,92915,completed,1
6334,Rigid,1136282,1136287,1182234,5,45947,45952,completed,1
6335,Rigid,1136282,1136287,1181558,5,45271,45276,completed,1
6336,Rigid,1136287,1136290,1395506,3,259216,259219,completed,1
6337,Rigid,1136287,1136290,1395506,3,259216,259219,completed,1
6338,Rigid,1136287,1136290,1180196,3,43906,43909,completed,1
6339,Rigid,1136287,1136290,1395506,3,259216,259219,completed,1
6340,Rigid,1136287,1136290,1395506,3,259216,259219,completed,1
6341,Rigid,1136287,1136290,1395506,3,259216,259219,completed,1
6342,Rigid,1136287,1136290,1180108,3,43818,43821,completed,1
6343,Rigid,1136287,1136290,1181007,3,44717,44720,completed,1
6344,Rigid,1136287,1136290,1395506,3,259216,259219,completed,1
6345,Rigid,1136287,1136290,1180998,3,44708,44711,completed,1
6346,Rigid,1136287,1136290,1395506,3,259216,259219,completed,1
6347,Rigid,1136287,1136291,1395506,4,259215,259219,completed,1
6348,Rigid,1136287,1136291,1180291,4,44000,44004,completed,1
6349,Rigid,1136287,1136291,1395506,4,259215,259219,completed,1
6350,Rigid,1136287,1136291,1180163,4,43872,43876,completed,1
6351,Rigid,1136287,1136291,1395506,4,259215,259219,completed,1
6352,Rigid,1136287,1136291,1395506,4,259215,259219,completed,1
6353,Rigid,1136287,1136291,1395506,4,259215,259219,completed,1
6354,Rigid,1136287,1136291,1395506,4,259215,259219,completed,1
6355,Rigid,1136287,1136291,1180632,4,44341,44345,completed,1
6356,Rigid,1136287,1136291,1338079,4,201788,201792,completed,1
6357,Rigid,1136287,1136291,1395506,4,259215,259219,completed,1
6358,Rigid,1136287,1136291,1395506,4,259215,259219,completed,1
6359,Rigid,1136287,1136291,1395506,4,259215,259219,completed,1
6360,Rigid,1136287,1136291,1395506,4,259215,259219,completed,1
6361,Rigid,1136287,1136291,1181359,4,45068,45072,completed,1
6362,Rigid,1136287,1136291,1395506,4,259215,259219,completed,1
6363,Rigid,1136287,1136291,1395506,4,259215,259219,completed,1
6364,Rigid,1136287,1136291,1395506,4,259215,259219,completed,1
6365,Rigid,1136287,1136291,1395506,4,259215,259219,completed,1
6366,Rigid,1136287,1136291,1395506,4,259215,259219,completed,1
6367,Rigid,1136287,1136291,1279521,4,143230,143234,completed,1
6368,Rigid,1136287,1136291,1395506,4,259215,259219,completed,1
6369,Rigid,1136287,1136291,1395506,4,259215,259219,completed,1
6370,Rigid,1136287,1136291,1180007,4,43716,43720,completed,1
6371,Rigid,1136287,1136291,1179038,4,42747,42751,completed,1
6372,Rigid,1136287,1136291,1179165,4,42874,42878,completed,1
6373,Rigid,1136287,1136291,1178970,4,42679,42683,completed,1
6374,Rigid,1136287,1136291,1179646,4,43355,43359,completed,1
6375,Rigid,1136287,1136291,1181474,4,45183,45187,completed,1
6376,Rigid,1136287,1136291,1181455,4,45164,45168,completed,1
6377,Rigid,1136287,1136291,1136328,4,37,41,completed,1
6378,Rigid,1136287,1136291,1136328,4,37,41,completed,1
6379,Rigid,1136287,1136291,1179203,4,42912,42916,completed,1
6380,Rigid,1136287,1136291,1136328,4,37,41,completed,1
6381,Rigid,1136287,1136291,1136328,4,37,41,completed,1
6382,Rigid,1136287,1136291,1136328,4,37,41,completed,1
6383,Rigid,1136287,1136291,1179234,4,42943,42947,completed,1
6384,Rigid,1136287,1136291,1136328,4,37,41,completed,1
6385,Rigid,1136287,1136291,1136328,4,37,41,completed,1
6386,Rigid,1136292,1136294,1136328,2,34,36,completed,1
6387,Rigid,1136292,1136294,1136328,2,34,36,completed,1
6388,Rigid,1136292,1136294,1136328,2,34,36,completed,1
6389,Rigid,1136292,1136294,1136328,2,34,36,completed,1
6390,Rigid,1136292,1136294,1176952,2,40658,40660,completed,1
6391,Rigid,1136292,1136294,1176711,2,40417,40419,completed,1
6392,Rigid,1136292,1136294,1177566,2,41272,41274,completed,1
6393,Rigid,1136292,1136294,1176817,2,40523,40525,completed,1
6394,Rigid,1136292,1136294,1177424,2,41130,41132,completed,1
6395,Rigid,1136292,1136294,1176838,2,40544,40546,completed,1
6396,Rigid,1136292,1136294,1136328,2,34,36,completed,1
6397,Rigid,1136292,1136294,1136328,2,34,36,completed,1
6398,Rigid,1136292,1136295,1136328,3,33,36,completed,1
6399,Rigid,1136292,1136295,1136328,3,33,36,completed,1
6400,Rigid,1136292,1136295,1178113,3,41818,41821,completed,1
6401,Rigid,1136292,1136295,1136328,3,33,36,completed,1
6402,Rigid,1136292,1136295,1136328,3,33,36,completed,1
6403,Rigid,1136292,1136295,1136328,3,33,36,completed,1
6404,Rigid,1136292,1136295,1136328,3,33,36,completed,1
6405,Rigid,1136292,1136295,1395506,3,259211,259214,completed,1
6406,Rigid,1136292,1136295,1395506,3,259211,259214,completed,1
6407,Rigid,1136292,1136295,1136322,3,27,30,completed,1
6408,Rigid,1136292,1136295,1177370,3,41075,41078,completed,1
6409,Rigid,1136292,1136295,1136322,3,27,30,completed,1
6410,Rigid,1136292,1136295,1176235,3,39940,39943,completed,1
6411,Rigid,1136292,1136295,1176142,3,39847,39850,completed,1
6412,Rigid,1136292,1136295,1136322,3,27,30,completed,1
6413,Rigid,1136292,1136295,1136322,3,27,30,completed,1
6414,Rigid,1136292,1136295,1176503,3,40208,40211,completed,1
6415,Rigid,1136292,1136295,1136322,3,27,30,completed,1
6416,Rigid,1136292,1136295,1136322,3,27,30,completed,1
6417,Rigid,1136292,1136295,1176038,3,39743,39746,completed,1
6418,Rigid,1136292,1136295,1176063,3,39768,39771,completed,1
6419,Rigid,1136292,1136295,1177320,3,41025,41028,completed,1
6420,Rigid,1136292,1136295,1177268,3,40973,40976,completed,1
6421,Rigid,1136292,1136295,1176507,3,40212,40215,completed,1
6422,Rigid,1136292,1136295,1136322,3,27,30,completed,1
6423,Rigid,1136292,1136295,1136322,3,27,30,completed,1
6424,Rigid,1136292,1136295,1136322,3,27,30,completed,1
6425,Rigid,1136292,1136295,1182561,3,46266,46269,completed,1
6426,Rigid,1136292,1136295,1395506,3,259211,259214,completed,1
6427,Rigid,1136292,1136295,1182543,3,46248,46251,completed,1
6428,Rigid,1136292,1136295,1395506,3,259211,259214,completed,1
6429,Rigid,1136292,1136295,1177877,3,41582,41585,completed,1
6430,Rigid,1136292,1136295,1324980,3,188685,188688,completed,1
6431,Rigid,1136292,1136295,1228930,3,92635,92638,completed,1
6432,Rigid,1136292,1136295,1229270,3,92975,92978,completed,1
6433,Rigid,1136292,1136295,1177966,3,41671,41674,completed,1
6434,Rigid,1136292,1136295,1370497,3,234202,234205,completed,1
6435,Rigid,1136292,1136295,1395506,3,259211,259214,completed,1
6436,Rigid,1136295,1136298,1395506,3,259208,259211,completed,1
6437,Rigid,1136295,1136298,1380224,3,243926,243929,completed,1
6438,Rigid,1136295,1136298,1332034,3,195736,195739,completed,1
6439,Rigid,1136295,1136298,1395506,3,259208,259211,completed,1
6440,Rigid,1136295,1136298,1395506,3,259208,259211,completed,1
6441,Rigid,1136295,1136298,1395506,3,259208,259211,completed,1
6442,Rigid,1136295,1136298,1395506,3,259208,259211,completed,1
6443,Rigid,1136295,1136298,1218630,3,82332,82335,completed,1
6444,Rigid,1136295,1136298,1395506,3,259208,259211,completed,1
6445,Rigid,1136295,1136298,1295894,3,159596,159599,completed,1
6446,Rigid,1136295,1136298,1395506,3,259208,259211,completed,1
6447,Rigid,1136295,1136298,1395506,3,259208,259211,completed,1
6448,Rigid,1136295,1136298,1217942,3,81644,81647,completed,1
6449,Rigid,1136295,1136298,1242119,3,105821,105824,completed,1
6450,Rigid,1136295,1136298,1181202,3,44904,44907,completed,1
6451,Rigid,1136295,1136298,1395506,3,259208,259211,completed,1
6452,Rigid,1136295,1136298,1395506,3,259208,259211,completed,1
6453,Rigid,1136295,1136298,1395506,3,259208,259211,completed,1
6454,Rigid,1136295,1136298,1181503,3,45205,45208,completed,1
6455,Rigid,1136295,1136298,1395506,3,259208,259211,completed,1
6456,Rigid,1136295,1136298,1395506,3,259208,259211,completed,1
6457,Rigid,1136295,1136298,1180133,3,43835,43838,completed,1
6458,Rigid,1136295,1136298,1180943,3,44645,44648,completed,1
6459,Rigid,1136295,1136299,1395506,4,259207,259211,completed,1
6460,Rigid,1136295,1136299,1284228,4,147929,147933,completed,1
6461,Rigid,1136295,1136299,1182377,4,46078,46082,completed,1
6462,Rigid,1136295,1136299,1395506,4,259207,259211,completed,1
6463,Rigid,1136295,1136299,1180381,4,44082,44086,completed,1
6464,Rigid,1136295,1136299,1395506,4,259207,259211,completed,1
6465,Rigid,1136295,1136299,1182393,4,46094,46098,completed,1
6466,Rigid,1136295,1136299,1182116,4,45817,45821,completed,1
6467,Rigid,1136295,1136299,1395506,4,259207,259211,completed,1
6468,Rigid,1136295,1136299,1185148,4,48849,48853,completed,1
6469,Rigid,1136295,1136299,1180270,4,43971,43975,completed,1
6470,Rigid,1136295,1136299,1180968,4,44669,44673,completed,1
6471,Rigid,1136295,1136299,1395506,4,259207,259211,completed,1
6472,Rigid,1136295,1136299,1395506,4,259207,259211,completed,1
6473,Rigid,1136295,1136299,1395506,4,259207,259211,completed,1
6474,Rigid,1136295,1136299,1395506,4,259207,259211,completed,1
6475,Rigid,1136295,1136299,1395506,4,259207,259211,completed,1
6476,Rigid,1136295,1136299,1183037,4,46738,46742,completed,1
6477,Rigid,1136295,1136299,1395506,4,259207,259211,completed,1
6478,Rigid,1136295,1136299,1395506,4,259207,259211,completed,1
6479,Rigid,1136295,1136299,1232913,4,96614,96618,completed,1
6480,Rigid,1136295,1136299,1395506,4,259207,259211,completed,1
6481,Rigid,1136295,1136299,1180110,4,43811,43815,completed,1
6482,Rigid,1136295,1136299,1395506,4,259207,259211,completed,1
6483,Rigid,1136295,1136299,1395506,4,259207,259211,completed,1
6484,Rigid,1136295,1136299,1395506,4,259207,259211,completed,1
6485,Rigid,1136295,1136299,1395506,4,259207,259211,completed,1
6486,Rigid,1136299,1136302,1395506,3,259204,259207,completed,1
6487,Rigid,1136299,1136302,1395506,3,259204,259207,completed,1
6488,Rigid,1136299,1136302,1395506,3,259204,259207,completed,1
6489,Rigid,1136299,1136302,1186967,3,50665,50668,completed,1
6490,Rigid,1136299,1136302,1395506,3,259204,259207,completed,1
6491,Rigid,1136299,1136302,1395506,3,259204,259207,completed,1
6492,Rigid,1136299,1136302,1395506,3,259204,259207,completed,1
6493,Rigid,1136299,1136302,1395506,3,259204,259207,completed,1
6494,Rigid,1136299,1136302,1395506,3,259204,259207,completed,1
6495,Rigid,1136299,1136302,1235810,3,99508,99511,completed,1
6496,Rigid,1136299,1136302,1395506,3,259204,259207,completed,1
6497,Rigid,1136299,1136302,1395506,3,259204,259207,completed,1
6498,Rigid,1136299,1136302,1215278,3,78976,78979,completed,1
6499,Rigid,1136299,1136302,1395506,3,259204,259207,completed,1
6500,Rigid,1136299,1136302,1395506,3,259204,259207,completed,1
6501,Rigid,1136299,1136302,1216281,3,79979,79982,completed,1
6502,Rigid,1136299,1136302,1215886,3,79584,79587,completed,1
6503,Rigid,1136299,1136302,1395506,3,259204,259207,completed,1
6504,Rigid,1136299,1136302,1136328,3,26,29,completed,1
6505,Rigid,1136299,1136302,1191689,3,55387,55390,completed,1
6506,Rigid,1136299,1136303,1395506,4,259203,259207,completed,1
6507,Rigid,1136299,1136303,1395506,4,259203,259207,completed,1
6508,Rigid,1136299,1136303,1395506,4,259203,259207,completed,1
6509,Rigid,1136299,1136303,1388566,4,252263,252267,completed,1
6510,Rigid,1136299,1136303,1395506,4,259203,259207,completed,1
6511,Rigid,1136299,1136303,1395506,4,259203,259207,completed,1
6512,Rigid,1136299,1136303,1395506,4,259203,259207,completed,1
6513,Rigid,1136299,1136303,1242119,4,105816,105820,completed,1
6514,Rigid,1136299,1136303,1223918,4,87615,87619,completed,1
6515,Rigid,1136299,1136303,1395506,4,259203,259207,completed,1
6516,Rigid,1136299,1136303,1395506,4,259203,259207,completed,1
6517,Rigid,1136299,1136303,1395506,4,259203,259207,completed,1
6518,Rigid,1136299,1136303,1395506,4,259203,259207,completed,1
6519,Rigid,1136299,1136303,1136328,4,25,29,completed,1
6520,Rigid,1136299,1136303,1136328,4,25,29,completed,1
6521,Rigid,1136299,1136303,1136328,4,25,29,completed,1
6522,Rigid,1136299,1136303,1136328,4,25,29,completed,1
6523,Rigid,1136299,1136303,1136328,4,25,29,completed,1
6524,Rigid,1136299,1136303,1136328,4,25,29,completed,1
6525,Rigid,1136299,1136303,1136328,4,25,29,completed,1
6526,Rigid,1136299,1136303,1136328,4,25,29,completed,1
6527,Rigid,1136299,1136303,1136328,4,25,29,completed,1
6528,Rigid,1136299,1136303,1395506,4,259203,259207,completed,1
6529,Rigid,1136299,1136303,1395506,4,259203,259207,completed,1
6530,Rigid,1136299,1136303,1136328,4,25,29,completed,1
6531,Rigid,1136299,1136303,1395506,4,259203,259207,completed,1
6532,Rigid,1136299,1136303,1136328,4,25,29,completed,1
6533,Rigid,1136299,1136303,1136328,4,25,29,completed,1
6534,Rigid,1136299,1136303,1136328,4,25,29,completed,1
6535,Rigid,1136299,1136303,1136328,4,25,29,completed,1
6536,Rigid,1136462,1136463,1144116,1,7653,7654,completed,1
6537,Rigid,1136751,1136752,1137668,1,916,917,completed,36
6538,Rigid,1137460,1137461,1143849,1,6388,6389,completed,1
6539,Rigid,1137675,1137676,1171895,1,34219,34220,completed,36
6540,Rigid,1138484,1138485,1138701,1,216,217,completed,36
6541,Rigid,1138484,1138485,1138700,1,215,216,completed,36
6542,Rigid,1138484,1138485,1138702,1,217,218,completed,36
6543,Rigid,1138485,1138485,1138701,0,216,216,completed,36
6544,Rigid,1138485,1138485,1138701,0,216,216,completed,36
6545,Rigid,1138485,1138485,1138702,0,217,217,completed,36
6546,Rigid,1138485,1138485,1138701,0,216,216,completed,36
6547,Rigid,1138485,1138485,1138701,0,216,216,completed,36
6548,Rigid,1138485,1138485,1138701,0,216,216,completed,36
6549,Rigid,1138485,1138485,1138700,0,215,215,completed,36
6550,Rigid,1138485,1138485,1138701,0,216,216,completed,36
6551,Rigid,1138485,1138489,1138700,4,211,215,completed,36
6552,Rigid,1138485,1138489,1138698,4,209,213,completed,36
6553,Rigid,1138485,1138489,1138700,4,211,215,completed,36
6554,Rigid,1138485,1138489,1138700,4,211,215,completed,36
6555,Rigid,1138485,1138489,1138701,4,212,216,completed,36
6556,Rigid,1138485,1138489,1138699,4,210,214,completed,36
6557,Rigid,1138485,1138489,1138700,4,211,215,completed,36
6558,Rigid,1138486,1138489,1138700,3,211,214,completed,36
6559,Rigid,1138486,1138489,1138699,3,210,213,completed,36
6560,Rigid,1138486,1138489,1138700,3,211,214,completed,36
6561,Rigid,1138486,1138489,1138698,3,209,212,completed,36
6562,Rigid,1138486,1138489,1138698,3,209,212,completed,36
6563,Rigid,1138486,1138489,1138699,3,210,213,completed,36
6564,Rigid,1138486,1138489,1138700,3,211,214,completed,36
6565,Rigid,1138486,1138489,1138699,3,210,213,completed,36
6566,Rigid,1138486,1138489,1138699,3,210,213,completed,36
6567,Rigid,1138486,1138489,1138698,3,209,212,completed,36
6568,Rigid,1138486,1138489,1138698,3,209,212,completed,36
6569,Rigid,1138486,1138489,1138698,3,209,212,completed,36
6570,Rigid,1138504,1138507,1166499,3,27992,27995,completed,36
6571,Rigid,1138557,1138558,1152961,1,14403,14404,completed,72
6572,Rigid,1138558,1138558,1144222,0,5664,5664,completed,72
6573,Rigid,1138559,1138562,1141803,3,3241,3244,completed,72
6574,Rigid,1138559,1138699,1141552,140,2853,2993,completed,72
6575,Rigid,1138559,1138699,1140795,140,2096,2236,completed,72
6576,Rigid,1138619,1138619,1138628,0,9,9,completed,2
6577,Rigid,1138619,1138619,1138630,0,11,11,completed,2
6578,Rigid,1138619,1138619,1138628,0,9,9,completed,2
6579,Rigid,1138619,1138619,1138628,0,9,9,completed,2
6580,Rigid,1138619,1138619,1138628,0,9,9,completed,2
6581,Rigid,1138619,1138619,1138628,0,9,9,completed,2
6582,Rigid,1138619,1138623,1138628,4,5,9,completed,2
6583,Rigid,1138619,1138623,1138628,4,5,9,completed,2
6584,Rigid,1138619,1138623,1138628,4,5,9,completed,2
6585,Rigid,1138619,1138623,1138629,4,6,10,completed,2
6586,Rigid,1138619,1138623,1138629,4,6,10,completed,2
6587,Rigid,1138619,1138623,1138629,4,6,10,completed,2
6588,Rigid,1138620,1138623,1138629,3,6,9,completed,2
6589,Rigid,1138620,1138623,1138629,3,6,9,completed,2
6590,Rigid,1138620,1138623,1138629,3,6,9,completed,2
6591,Rigid,1138620,1138623,1138629,3,6,9,completed,2
6592,Rigid,1138620,1138623,1138629,3,6,9,completed,2
6593,Rigid,1138620,1138623,1138629,3,6,9,completed,2
6594,Rigid,1138620,1138623,1138629,3,6,9,completed,2
6595,Rigid,1138620,1138623,1138629,3,6,9,completed,2
6596,Rigid,1138620,1138623,1138629,3,6,9,completed,2
6597,Rigid,1138620,1138623,1138629,3,6,9,completed,2
6598,Rigid,1138937,1138937,1143489,0,4552,4552,completed,1
6599,Rigid,1138937,1138937,1145709,0,6772,6772,completed,1
6600,Rigid,1138937,1138937,1144000,0,5063,5063,completed,1
6601,Rigid,1138937,1138937,1143986,0,5049,5049,completed,1
6602,Rigid,1139358,1139358,1175358,0,36000,36000,completed,36
6603,Rigid,1139549,1139549,1313276,0,173727,173727,completed,36
6604,Rigid,1141060,1141061,1141713,1,652,653,completed,36
6605,Rigid,1141804,1141807,1141813,3,6,9,completed,36
6606,Rigid,1142009,1142010,1142016,1,6,7,completed,36
6607,Rigid,1142114,1142114,1142120,0,6,6,completed,36
6608,Rigid,1142253,1142254,1145719,1,3465,3466,completed,36
6609,Rigid,1142357,1142357,1144932,0,2575,2575,completed,36
6610,Rigid,1142481,1142482,1142533,1,51,52,completed,36
6611,Rigid,1142485,1142486,1143652,1,1166,1167,completed,36
6612,Rigid,1142538,1142539,1142579,1,40,41,completed,36
6613,Rigid,1142602,1142603,1145126,1,2523,2524,completed,36
6614,Rigid,1142745,1142746,1144021,1,1275,1276,completed,36
6615,Rigid,1142894,1142894,1143992,0,1098,1098,completed,36
6616,Rigid,1142933,1142934,1142944,1,10,11,completed,2
6617,Rigid,1142933,1142934,1142945,1,11,12,completed,2
6618,Rigid,1142933,1142934,1142944,1,10,11,completed,2
6619,Rigid,1142933,1142934,1142944,1,10,11,completed,2
6620,Rigid,1142933,1142934,1142944,1,10,11,completed,2
6621,Rigid,1142933,1142934,1142944,1,10,11,completed,2
6622,Rigid,1142933,1142934,1142944,1,10,11,completed,2
6623,Rigid,1142933,1142934,1142944,1,10,11,completed,2
6624,Rigid,1142933,1142934,1142949,1,15,16,completed,2
6625,Rigid,1142933,1142934,1142944,1,10,11,completed,2
6626,Rigid,1142933,1142934,1142944,1,10,11,completed,2
6627,Rigid,1142933,1142934,1142944,1,10,11,completed,2
6628,Rigid,1142933,1142934,1142944,1,10,11,completed,2
6629,Rigid,1142933,1142934,1142944,1,10,11,completed,2
6630,Rigid,1142933,1142934,1142944,1,10,11,completed,2
6631,Rigid,1142933,1142934,1142944,1,10,11,completed,2
6632,Rigid,1142933,1142934,1142944,1,10,11,completed,2
6633,Rigid,1142933,1142934,1142944,1,10,11,completed,2
6634,Rigid,1142933,1142934,1142944,1,10,11,completed,2
6635,Rigid,1142933,1142934,1142944,1,10,11,completed,2
6636,Rigid,1142933,1142934,1142944,1,10,11,completed,2
6637,Rigid,1142933,1142934,1142944,1,10,11,completed,2
6638,Rigid,1143009,1143010,1144445,1,1435,1436,completed,36
6639,Rigid,1143625,1143626,1422873,1,279247,279248,completed,32
6640,Rigid,1143630,1143630,1143637,0,7,7,completed,144
6641,Rigid,1143749,1143749,1422915,0,279166,279166,completed,32
6642,Rigid,1143846,1143847,1143887,1,40,41,completed,36
6643,Rigid,1143885,1143886,1143905,1,19,20,completed,2
6644,Rigid,1143886,1143886,1143903,0,17,17,completed,2
6645,Rigid,1143886,1143886,1143905,0,19,19,completed,2
6646,Rigid,1143886,1143886,1143905,0,19,19,completed,2
6647,Rigid,1143886,1143886,1143905,0,19,19,completed,2
6648,Rigid,1143886,1143886,1143905,0,19,19,completed,2
6649,Rigid,1143886,1143886,1143905,0,19,19,completed,2
6650,Rigid,1143886,1143886,1143905,0,19,19,completed,2
6651,Rigid,1143886,1143886,1143905,0,19,19,completed,2
6652,Rigid,1143886,1143886,1143905,0,19,19,completed,2
6653,Rigid,1143886,1143886,1143905,0,19,19,completed,2
6654,Rigid,1143886,1143886,1143905,0,19,19,completed,2
6655,Rigid,1143886,1143888,1143905,2,17,19,completed,2
6656,Rigid,1143886,1143888,1143905,2,17,19,completed,2
6657,Rigid,1143886,1143888,1143905,2,17,19,completed,2
6658,Rigid,1143886,1143888,1143905,2,17,19,completed,2
6659,Rigid,1143886,1143888,1143905,2,17,19,completed,2
6660,Rigid,1143887,1143888,1143905,1,17,18,completed,2
6661,Rigid,1143887,1143888,1143905,1,17,18,completed,2
6662,Rigid,1143887,1143888,1143905,1,17,18,completed,2
6663,Rigid,1143887,1143888,1143905,1,17,18,completed,2
6664,Rigid,1143912,1143912,1148873,0,4961,4961,completed,1
6665,Rigid,1144015,1144016,1144022,1,6,7,completed,144
6666,Rigid,1144147,1144148,1144160,1,12,13,completed,2
6667,Rigid,1144260,1144260,1144265,0,5,5,completed,36
6668,Rigid,1144443,1144446,1144496,3,50,53,completed,144
6669,Rigid,1144590,1144591,1145685,1,1094,1095,completed,144
6670,Rigid,1144595,1144596,1144613,1,17,18,completed,144
6671,Rigid,1144600,1144601,1144615,1,14,15,completed,144
6672,Rigid,1144659,1144660,1145148,1,488,489,completed,36
6673,Rigid,1144949,1144949,1145684,0,735,735,completed,36
6674,Rigid,1145169,1145171,1145634,2,463,465,completed,36
6675,Rigid,1145456,1145456,1150934,0,5478,5478,completed,18
6676,Rigid,1145466,1145467,1145910,1,443,444,completed,36
6677,Rigid,1145473,1145473,1145493,0,20,20,completed,2
6678,Rigid,1145473,1145477,1145501,4,24,28,completed,2
6679,Rigid,1145474,1145477,1145493,3,16,19,completed,2
6680,Rigid,1145475,1145477,1145499,2,22,24,completed,2
6681,Rigid,1145475,1145477,1145493,2,16,18,completed,2
6682,Rigid,1145475,1145477,1145493,2,16,18,completed,2
6683,Rigid,1145475,1145477,1145494,2,17,19,completed,2
6684,Rigid,1145475,1145477,1145493,2,16,18,completed,2
6685,Rigid,1145476,1145477,1145494,1,17,18,completed,2
6686,Rigid,1145476,1145477,1145493,1,16,17,completed,2
6687,Rigid,1145476,1145477,1145488,1,11,12,completed,2
6688,Rigid,1145476,1145477,1145494,1,17,18,completed,2
6689,Rigid,1145476,1145477,1145493,1,16,17,completed,2
6690,Rigid,1145476,1145477,1145494,1,17,18,completed,2
6691,Rigid,1145476,1145477,1145493,1,16,17,completed,2
6692,Rigid,1145476,1145477,1145495,1,18,19,completed,2
6693,Rigid,1145476,1145477,1145493,1,16,17,completed,2
6694,Rigid,1145476,1145477,1145493,1,16,17,completed,2
6695,Rigid,1145476,1145477,1145501,1,24,25,completed,2
6696,Rigid,1145476,1145477,1145494,1,17,18,completed,2
6697,Rigid,1145476,1145477,1145495,1,18,19,completed,2
6698,Rigid,1145477,1145477,1145493,0,16,16,completed,2
6699,Rigid,1145494,1145494,1145500,0,6,6,completed,2
6700,Rigid,1145494,1145494,1145508,0,14,14,completed,2
6701,Rigid,1145494,1145494,1145500,0,6,6,completed,2
6702,Rigid,1145494,1145494,1145508,0,14,14,completed,2
6703,Rigid,1145494,1145494,1145508,0,14,14,completed,2
6704,Rigid,1145494,1145495,1145508,1,13,14,completed,2
6705,Rigid,1145494,1145495,1145508,1,13,14,completed,2
6706,Rigid,1145495,1145495,1145500,0,5,5,completed,2
6707,Rigid,1145495,1145495,1145500,0,5,5,completed,2
6708,Rigid,1145495,1145495,1145500,0,5,5,completed,2
6709,Rigid,1145495,1145495,1145500,0,5,5,completed,2
6710,Rigid,1145495,1145495,1145500,0,5,5,completed,2
6711,Rigid,1145495,1145495,1145508,0,13,13,completed,2
6712,Rigid,1145495,1145495,1145508,0,13,13,completed,2
6713,Rigid,1145495,1145495,1145500,0,5,5,completed,2
6714,Rigid,1145495,1145495,1145508,0,13,13,completed,2
6715,Rigid,1145495,1145495,1145500,0,5,5,completed,2
6716,Rigid,1145495,1145495,1145500,0,5,5,completed,2
6717,Rigid,1145495,1145495,1145500,0,5,5,completed,2
6718,Rigid,1145495,1145495,1145501,0,6,6,completed,2
6719,Rigid,1145495,1145495,1145501,0,6,6,completed,2
6720,Rigid,1145496,1145496,1145509,0,13,13,completed,2
6721,Rigid,1145496,1145496,1145509,0,13,13,completed,2
6722,Rigid,1145496,1145496,1145509,0,13,13,completed,2
6723,Rigid,1145496,1145497,1145510,1,13,14,completed,2
6724,Rigid,1145496,1145497,1145510,1,13,14,completed,2
6725,Rigid,1145496,1145497,1145502,1,5,6,completed,2
6726,Rigid,1145496,1145497,1145510,1,13,14,completed,2
6727,Rigid,1145496,1145497,1145502,1,5,6,completed,2
6728,Rigid,1145496,1145497,1145509,1,12,13,completed,2
6729,Rigid,1145496,1145497,1145502,1,5,6,completed,2
6730,Rigid,1145496,1145497,1145509,1,12,13,completed,2
6731,Rigid,1145508,1145510,1145515,2,5,7,completed,2
6732,Rigid,1145508,1145510,1145523,2,13,15,completed,2
6733,Rigid,1145509,1145510,1145522,1,12,13,completed,2
6734,Rigid,1145509,1145510,1145515,1,5,6,completed,2
6735,Rigid,1145509,1145510,1145543,1,33,34,completed,2
6736,Rigid,1145509,1145510,1145519,1,9,10,completed,2
6737,Rigid,1145509,1145510,1145546,1,36,37,completed,2
6738,Rigid,1145510,1145510,1145522,0,12,12,completed,2
6739,Rigid,1145510,1145510,1145545,0,35,35,completed,2
6740,Rigid,1145510,1145510,1145515,0,5,5,completed,2
6741,Rigid,1145510,1145510,1145543,0,33,33,completed,2
6742,Rigid,1145510,1145510,1145541,0,31,31,completed,2
6743,Rigid,1145510,1145510,1145524,0,14,14,completed,2
6744,Rigid,1145510,1145510,1145516,0,6,6,completed,2
6745,Rigid,1145510,1145510,1145551,0,41,41,completed,2
6746,Rigid,1145510,1145510,1145551,0,41,41,completed,2
6747,Rigid,1145510,1145510,1145516,0,6,6,completed,2
6748,Rigid,1145510,1145510,1145515,0,5,5,completed,2
6749,Rigid,1145510,1145510,1145547,0,37,37,completed,2
6750,Rigid,1145510,1145510,1145544,0,34,34,completed,2
6751,Rigid,1145510,1145511,1145522,1,11,12,completed,2
6752,Rigid,1145510,1145511,1145543,1,32,33,completed,2
6753,Rigid,1145511,1145511,1145522,0,11,11,completed,2
6754,Rigid,1145511,1145511,1145540,0,29,29,completed,2
6755,Rigid,1145511,1145511,1145516,0,5,5,completed,2
6756,Rigid,1145511,1145511,1145538,0,27,27,completed,2
6757,Rigid,1145519,1145519,1145545,0,26,26,completed,2
6758,Rigid,1145520,1145520,1145527,0,7,7,completed,2
6759,Rigid,1145520,1145520,1145551,0,31,31,completed,2
6760,Rigid,1145520,1145520,1145527,0,7,7,completed,2
6761,Rigid,1145520,1145520,1145550,0,30,30,completed,2
6762,Rigid,1145520,1145520,1145525,0,5,5,completed,2
6763,Rigid,1145520,1145520,1145547,0,27,27,completed,2
6764,Rigid,1145520,1145523,1145531,3,8,11,completed,2
6765,Rigid,1145520,1145523,1145549,3,26,29,completed,2
6766,Rigid,1145520,1145523,1145557,3,34,37,completed,2
6767,Rigid,1145520,1145523,1145529,3,6,9,completed,2
6768,Rigid,1145520,1145523,1145531,3,8,11,completed,2
6769,Rigid,1145520,1145523,1145557,3,34,37,completed,2
6770,Rigid,1145520,1145523,1145557,3,34,37,completed,2
6771,Rigid,1145520,1145523,1145551,3,28,31,completed,2
6772,Rigid,1145520,1145523,1145557,3,34,37,completed,2
6773,Rigid,1145520,1145523,1145529,3,6,9,completed,2
6774,Rigid,1145520,1145523,1145549,3,26,29,completed,2
6775,Rigid,1145520,1145523,1145529,3,6,9,completed,2
6776,Rigid,1145521,1145523,1145557,2,34,36,completed,2
6777,Rigid,1145521,1145523,1145531,2,8,10,completed,2
6778,Rigid,1145521,1145523,1145551,2,28,30,completed,2
6779,Rigid,1145521,1145523,1145549,2,26,28,completed,2
6780,Rigid,1145521,1145523,1145551,2,28,30,completed,2
6781,Rigid,1145521,1145523,1145557,2,34,36,completed,2
6782,Rigid,1145521,1145523,1145548,2,25,27,completed,2
6783,Rigid,1145521,1145523,1145529,2,6,8,completed,2
6784,Rigid,1145521,1145523,1145557,2,34,36,completed,2
6785,Rigid,1145521,1145523,1145557,2,34,36,completed,2
6786,Rigid,1145521,1145523,1145531,2,8,10,completed,2
6787,Rigid,1145521,1145523,1145531,2,8,10,completed,2
6788,Rigid,1145521,1145523,1145531,2,8,10,completed,2
6789,Rigid,1145521,1145523,1145531,2,8,10,completed,2
6790,Rigid,1145521,1145523,1145552,2,29,31,completed,2
6791,Rigid,1145521,1145523,1145529,2,6,8,completed,2
6792,Rigid,1145521,1145523,1145557,2,34,36,completed,2
6793,Rigid,1145522,1145523,1145531,1,8,9,completed,2
6794,Rigid,1145522,1145523,1145531,1,8,9,completed,2
6795,Rigid,1145522,1145523,1145550,1,27,28,completed,2
6796,Rigid,1145522,1145523,1145531,1,8,9,completed,2
6797,Rigid,1145522,1145523,1145551,1,28,29,completed,2
6798,Rigid,1145522,1145523,1145557,1,34,35,completed,2
6799,Rigid,1145522,1145523,1145531,1,8,9,completed,2
6800,Rigid,1145522,1145523,1145530,1,7,8,completed,2
6801,Rigid,1145522,1145523,1145532,1,9,10,completed,2
6802,Rigid,1145522,1145523,1145530,1,7,8,completed,2
6803,Rigid,1145522,1145523,1145532,1,9,10,completed,2
6804,Rigid,1145522,1145523,1145530,1,7,8,completed,2
6805,Rigid,1145522,1145523,1145532,1,9,10,completed,2
6806,Rigid,1145522,1145523,1145530,1,7,8,completed,2
6807,Rigid,1145522,1145523,1145531,1,8,9,completed,2
6808,Rigid,1145522,1145523,1145532,1,9,10,completed,2
6809,Rigid,1145522,1145523,1145537,1,14,15,completed,2
6810,Rigid,1145522,1145523,1145532,1,9,10,completed,2
6811,Rigid,1145522,1145523,1145532,1,9,10,completed,2
6812,Rigid,1145522,1145523,1145532,1,9,10,completed,2
6813,Rigid,1145522,1145523,1145532,1,9,10,completed,2
6814,Rigid,1145522,1145523,1145532,1,9,10,completed,2
6815,Rigid,1145522,1145523,1145532,1,9,10,completed,2
6816,Rigid,1145522,1145523,1145557,1,34,35,completed,2
6817,Rigid,1145523,1145523,1145557,0,34,34,completed,2
6818,Rigid,1145523,1145523,1145552,0,29,29,completed,2
6819,Rigid,1145523,1145523,1145530,0,7,7,completed,2
6820,Rigid,1145523,1145523,1145549,0,26,26,completed,2
6821,Rigid,1145523,1145523,1145532,0,9,9,completed,2
6822,Rigid,1145523,1145523,1145530,0,7,7,completed,2
6823,Rigid,1145523,1145523,1145557,0,34,34,completed,2
6824,Rigid,1145523,1145523,1145557,0,34,34,completed,2
6825,Rigid,1145523,1145523,1145557,0,34,34,completed,2
6826,Rigid,1145523,1145523,1145551,0,28,28,completed,2
6827,Rigid,1145523,1145523,1145531,0,8,8,completed,2
6828,Rigid,1145523,1145523,1145557,0,34,34,completed,2
6829,Rigid,1145523,1145524,1145557,1,33,34,completed,2
6830,Rigid,1145524,1145524,1145529,0,5,5,completed,2
6831,Rigid,1145524,1145524,1145551,0,27,27,completed,2
6832,Rigid,1145524,1145526,1145557,2,31,33,completed,2
6833,Rigid,1145524,1145526,1145557,2,31,33,completed,2
6834,Rigid,1145524,1145526,1145533,2,7,9,completed,2
6835,Rigid,1145524,1145526,1145550,2,24,26,completed,2
6836,Rigid,1145524,1145526,1145552,2,26,28,completed,2
6837,Rigid,1145524,1145526,1145557,2,31,33,completed,2
6838,Rigid,1145525,1145526,1145531,1,5,6,completed,2
6839,Rigid,1145525,1145526,1145532,1,6,7,completed,2
6840,Rigid,1145525,1145526,1145557,1,31,32,completed,2
6841,Rigid,1145525,1145526,1145557,1,31,32,completed,2
6842,Rigid,1145525,1145526,1145550,1,24,25,completed,2
6843,Rigid,1145525,1145526,1145557,1,31,32,completed,2
6844,Rigid,1145525,1145526,1145557,1,31,32,completed,2
6845,Rigid,1145525,1145526,1145557,1,31,32,completed,2
6846,Rigid,1145525,1145526,1145551,1,25,26,completed,2
6847,Rigid,1145525,1145526,1145557,1,31,32,completed,2
6848,Rigid,1145526,1145526,1145557,0,31,31,completed,2
6849,Rigid,1145526,1145527,1145560,1,33,34,completed,2
6850,Rigid,1145526,1145527,1145534,1,7,8,completed,2
6851,Rigid,1145526,1145527,1145551,1,24,25,completed,2
6852,Rigid,1145526,1145527,1145559,1,32,33,completed,2
6853,Rigid,1145526,1145527,1145557,1,30,31,completed,2
6854,Rigid,1145526,1145527,1145557,1,30,31,completed,2
6855,Rigid,1145527,1145527,1145558,0,31,31,completed,2
6856,Rigid,1145527,1145527,1145543,0,16,16,completed,2
6857,Rigid,1145527,1145527,1145557,0,30,30,completed,2
6858,Rigid,1145527,1145527,1145532,0,5,5,completed,2
6859,Rigid,1145527,1145527,1145533,0,6,6,completed,2
6860,Rigid,1145534,1145534,1145539,0,5,5,completed,2
6861,Rigid,1145534,1145535,1145541,1,6,7,completed,2
6862,Rigid,1145535,1145535,1145541,0,6,6,completed,2
6863,Rigid,1145535,1145535,1145541,0,6,6,completed,2
6864,Rigid,1145536,1145538,1145543,2,5,7,completed,2
6865,Rigid,1145537,1145538,1145543,1,5,6,completed,2
6866,Rigid,1145538,1145538,1145543,0,5,5,completed,2
6867,Rigid,1145538,1145538,1145543,0,5,5,completed,2
6868,Rigid,1145538,1145538,1145543,0,5,5,completed,2
6869,Rigid,1145538,1145538,1145543,0,5,5,completed,2
6870,Rigid,1145539,1145539,1145557,0,18,18,completed,2
6871,Rigid,1145540,1145541,1145547,1,6,7,completed,2
6872,Rigid,1145540,1145540,1145578,0,38,38,completed,2
6873,Rigid,1145540,1145540,1145575,0,35,35,completed,2
6874,Rigid,1145540,1145540,1145573,0,33,33,completed,2
6875,Rigid,1145540,1145540,1145547,0,7,7,completed,2
6876,Rigid,1145540,1145540,1145545,0,5,5,completed,2
6877,Rigid,1145540,1145541,1145576,1,35,36,completed,2
6878,Rigid,1145540,1145541,1145546,1,5,6,completed,2
6879,Rigid,1145540,1145541,1145547,1,6,7,completed,2
6880,Rigid,1145540,1145541,1145547,1,6,7,completed,2
6881,Rigid,1145540,1145541,1145578,1,37,38,completed,2
6882,Rigid,1145541,1145541,1145578,0,37,37,completed,2
6883,Rigid,1145541,1145541,1145574,0,33,33,completed,2
6884,Rigid,1145541,1145541,1145576,0,35,35,completed,2
6885,Rigid,1145541,1145541,1145574,0,33,33,completed,2
6886,Rigid,1145541,1145541,1145573,0,32,32,completed,2
6887,Rigid,1145541,1145541,1145548,0,7,7,completed,2
6888,Rigid,1145541,1145541,1145570,0,29,29,completed,2
6889,Rigid,1145541,1145541,1145573,0,32,32,completed,2
6890,Rigid,1145541,1145541,1145548,0,7,7,completed,2
6891,Rigid,1145541,1145541,1145568,0,27,27,completed,2
6892,Rigid,1145541,1145541,1145570,0,29,29,completed,2
6893,Rigid,1145541,1145541,1145547,0,6,6,completed,2
6894,Rigid,1145541,1145542,1145568,1,26,27,completed,2
6895,Rigid,1145541,1145542,1145566,1,24,25,completed,2
6896,Rigid,1145541,1145542,1145547,1,5,6,completed,2
6897,Rigid,1145541,1145542,1145547,1,5,6,completed,2
6898,Rigid,1145542,1145542,1145547,0,5,5,completed,2
6899,Rigid,1145542,1145542,1145547,0,5,5,completed,2
6900,Rigid,1145543,1145544,1145550,1,6,7,completed,2
6901,Rigid,1145679,1145680,1151808,1,6128,6129,completed,1
6902,Rigid,1145792,1145792,1145798,0,6,6,completed,36
6903,Rigid,1145802,1145802,1146795,0,993,993,completed,36
6904,Rigid,1145846,1145846,1146207,0,361,361,completed,36
6905,Rigid,1145972,1145973,1145991,1,18,19,completed,2
6906,Rigid,1145972,1145973,1145991,1,18,19,completed,2
6907,Rigid,1145972,1145973,1145991,1,18,19,completed,2
6908,Rigid,1145972,1145973,1145991,1,18,19,completed,2
6909,Rigid,1145972,1145973,1145988,1,15,16,completed,2
6910,Rigid,1145972,1145973,1145991,1,18,19,completed,2
6911,Rigid,1145992,1145992,1145998,0,6,6,completed,2
6912,Rigid,1146002,1146003,1146007,1,4,5,completed,2
6913,Rigid,1146271,1146271,1146310,0,39,39,completed,36
6914,Rigid,1146345,1146345,1146355,0,10,10,completed,2
6915,Rigid,1146345,1146345,1146355,0,10,10,completed,2
6916,Rigid,1146345,1146345,1146355,0,10,10,completed,2
6917,Rigid,1146345,1146345,1146355,0,10,10,completed,2
6918,Rigid,1146345,1146345,1146355,0,10,10,completed,2
6919,Rigid,1146345,1146349,1146355,4,6,10,completed,2
6920,Rigid,1146345,1146349,1146355,4,6,10,completed,2
6921,Rigid,1146345,1146349,1146355,4,6,10,completed,2
6922,Rigid,1146346,1146349,1146355,3,6,9,completed,2
6923,Rigid,1146346,1146349,1146355,3,6,9,completed,2
6924,Rigid,1146346,1146349,1146355,3,6,9,completed,2
6925,Rigid,1146346,1146349,1146355,3,6,9,completed,2
6926,Rigid,1146346,1146349,1146355,3,6,9,completed,2
6927,Rigid,1146346,1146349,1146355,3,6,9,completed,2
6928,Rigid,1146346,1146349,1146355,3,6,9,completed,2
6929,Rigid,1146346,1146349,1146355,3,6,9,completed,2
6930,Rigid,1146346,1146349,1146355,3,6,9,completed,2
6931,Rigid,1146346,1146349,1146356,3,7,10,completed,2
6932,Rigid,1146346,1146349,1146355,3,6,9,completed,2
6933,Rigid,1146347,1146349,1146355,2,6,8,completed,2
6934,Rigid,1146347,1146349,1146355,2,6,8,completed,2
6935,Rigid,1146355,1146355,1146361,0,6,6,completed,2
6936,Rigid,1146355,1146355,1146361,0,6,6,completed,2
6937,Rigid,1146355,1146355,1146361,0,6,6,completed,2
6938,Rigid,1146355,1146355,1146361,0,6,6,completed,2
6939,Rigid,1146355,1146356,1146361,1,5,6,completed,2
6940,Rigid,1146355,1146356,1146361,1,5,6,completed,2
6941,Rigid,1146355,1146356,1146361,1,5,6,completed,2
6942,Rigid,1146355,1146356,1146361,1,5,6,completed,2
6943,Rigid,1146356,1146356,1146361,0,5,5,completed,2
6944,Rigid,1146356,1146356,1146361,0,5,5,completed,2
6945,Rigid,1146356,1146356,1146361,0,5,5,completed,2
6946,Rigid,1146356,1146356,1146361,0,5,5,completed,2
6947,Rigid,1146356,1146356,1146362,0,6,6,completed,2
6948,Rigid,1146356,1146356,1146362,0,6,6,completed,2
6949,Rigid,1146356,1146356,1146361,0,5,5,completed,2
6950,Rigid,1146356,1146357,1146361,1,4,5,completed,2
6951,Rigid,1146356,1146357,1146361,1,4,5,completed,2
6952,Rigid,1146357,1146357,1146363,0,6,6,completed,2
6953,Rigid,1146357,1146357,1146362,0,5,5,completed,2
6954,Rigid,1146357,1146357,1146362,0,5,5,completed,2
6955,Rigid,1146357,1146359,1146364,2,5,7,completed,2
6956,Rigid,1146367,1146368,1146374,1,6,7,completed,2
6957,Rigid,1146367,1146368,1146374,1,6,7,completed,2
6958,Rigid,1146367,1146368,1146374,1,6,7,completed,2
6959,Rigid,1146367,1146368,1146374,1,6,7,completed,2
6960,Rigid,1146367,1146368,1146374,1,6,7,completed,2
6961,Rigid,1146367,1146368,1146374,1,6,7,completed,2
6962,Rigid,1146367,1146368,1146374,1,6,7,completed,2
6963,Rigid,1146367,1146368,1146374,1,6,7,completed,2
6964,Rigid,1146367,1146368,1146374,1,6,7,completed,2
6965,Rigid,1146367,1146368,1146374,1,6,7,completed,2
6966,Rigid,1146368,1146368,1146374,0,6,6,completed,2
6967,Rigid,1146368,1146368,1146374,0,6,6,completed,2
6968,Rigid,1146368,1146368,1146374,0,6,6,completed,2
6969,Rigid,1146368,1146372,1146378,4,6,10,completed,2
6970,Rigid,1146368,1146372,1146378,4,6,10,completed,2
6971,Rigid,1146369,1146372,1146378,3,6,9,completed,2
6972,Rigid,1146369,1146372,1146378,3,6,9,completed,2
6973,Rigid,1146369,1146372,1146378,3,6,9,completed,2
6974,Rigid,1146369,1146372,1146378,3,6,9,completed,2
6975,Rigid,1146369,1146372,1146378,3,6,9,completed,2
6976,Rigid,1146380,1146381,1146396,1,15,16,completed,2
6977,Rigid,1146412,1146412,1146674,0,262,262,completed,36
6978,Rigid,1146418,1146418,1146434,0,16,16,completed,2
6979,Rigid,1146418,1146418,1146435,0,17,17,completed,2
6980,Rigid,1146418,1146418,1146423,0,5,5,completed,2
6981,Rigid,1146418,1146418,1146423,0,5,5,completed,2
6982,Rigid,1146418,1146418,1146423,0,5,5,completed,2
6983,Rigid,1146418,1146418,1146423,0,5,5,completed,2
6984,Rigid,1146418,1146422,1146442,4,20,24,completed,2
6985,Rigid,1146419,1146422,1146434,3,12,15,completed,2
6986,Rigid,1146419,1146422,1146428,3,6,9,completed,2
6987,Rigid,1146419,1146422,1146428,3,6,9,completed,2
6988,Rigid,1146419,1146422,1146428,3,6,9,completed,2
6989,Rigid,1146419,1146422,1146429,3,7,10,completed,2
6990,Rigid,1146419,1146422,1146429,3,7,10,completed,2
6991,Rigid,1146419,1146422,1146455,3,33,36,completed,2
6992,Rigid,1146419,1146422,1146462,3,40,43,completed,2
6993,Rigid,1146419,1146422,1146429,3,7,10,completed,2
6994,Rigid,1146419,1146422,1146429,3,7,10,completed,2
6995,Rigid,1146419,1146423,1146429,4,6,10,completed,2
6996,Rigid,1146419,1146423,1146429,4,6,10,completed,2
6997,Rigid,1146419,1146423,1146429,4,6,10,completed,2
6998,Rigid,1146419,1146423,1146429,4,6,10,completed,2
6999,Rigid,1146419,1146423,1146443,4,20,24,completed,2
7000,Rigid,1146419,1146423,1146444,4,21,25,completed,2
7001,Rigid,1146419,1146423,1146429,4,6,10,completed,2
7002,Rigid,1146419,1146423,1146429,4,6,10,completed,2
7003,Rigid,1146419,1146423,1146429,4,6,10,completed,2
7004,Rigid,1146419,1146423,1146451,4,28,32,completed,2
7005,Rigid,1146419,1146423,1146455,4,32,36,completed,2
7006,Rigid,1146419,1146423,1146429,4,6,10,completed,2
7007,Rigid,1146419,1146423,1146429,4,6,10,completed,2
7008,Rigid,1146419,1146423,1146429,4,6,10,completed,2
7009,Rigid,1146419,1146423,1146428,4,5,9,completed,2
7010,Rigid,1146420,1146423,1146428,3,5,8,completed,2
7011,Rigid,1146420,1146423,1146443,3,20,23,completed,2
7012,Rigid,1146420,1146423,1146428,3,5,8,completed,2
7013,Rigid,1146420,1146423,1146429,3,6,9,completed,2
7014,Rigid,1146420,1146423,1146428,3,5,8,completed,2
7015,Rigid,1146420,1146423,1146428,3,5,8,completed,2
7016,Rigid,1146420,1146423,1146428,3,5,8,completed,2
7017,Rigid,1146420,1146423,1146428,3,5,8,completed,2
7018,Rigid,1146420,1146423,1146428,3,5,8,completed,2
7019,Rigid,1146420,1146423,1146445,3,22,25,completed,2
7020,Rigid,1146420,1146423,1146428,3,5,8,completed,2
7021,Rigid,1146420,1146423,1146428,3,5,8,completed,2
7022,Rigid,1146420,1146423,1146428,3,5,8,completed,2
7023,Rigid,1146420,1146423,1146439,3,16,19,completed,2
7024,Rigid,1146420,1146423,1146428,3,5,8,completed,2
7025,Rigid,1146420,1146423,1146428,3,5,8,completed,2
7026,Rigid,1146420,1146423,1146428,3,5,8,completed,2
7027,Rigid,1146420,1146423,1146430,3,7,10,completed,2
7028,Rigid,1146420,1146423,1146443,3,20,23,completed,2
7029,Rigid,1146420,1146423,1146430,3,7,10,completed,2
7030,Rigid,1146420,1146423,1146429,3,6,9,completed,2
7031,Rigid,1146420,1146423,1146429,3,6,9,completed,2
7032,Rigid,1146420,1146423,1146430,3,7,10,completed,2
7033,Rigid,1146420,1146423,1146430,3,7,10,completed,2
7034,Rigid,1146420,1146423,1146444,3,21,24,completed,2
7035,Rigid,1146420,1146423,1146429,3,6,9,completed,2
7036,Rigid,1146420,1146423,1146429,3,6,9,completed,2
7037,Rigid,1146420,1146423,1146429,3,6,9,completed,2
7038,Rigid,1146420,1146423,1146429,3,6,9,completed,2
7039,Rigid,1146420,1146423,1146429,3,6,9,completed,2
7040,Rigid,1146420,1146423,1146442,3,19,22,completed,2
7041,Rigid,1146420,1146423,1146430,3,7,10,completed,2
7042,Rigid,1146420,1146423,1146429,3,6,9,completed,2
7043,Rigid,1146420,1146423,1146429,3,6,9,completed,2
7044,Rigid,1146421,1146423,1146429,2,6,8,completed,2
7045,Rigid,1146421,1146423,1146452,2,29,31,completed,2
7046,Rigid,1146421,1146423,1146429,2,6,8,completed,2
7047,Rigid,1146421,1146423,1146429,2,6,8,completed,2
7048,Rigid,1146421,1146423,1146429,2,6,8,completed,2
7049,Rigid,1146421,1146423,1146429,2,6,8,completed,2
7050,Rigid,1146421,1146423,1146429,2,6,8,completed,2
7051,Rigid,1146421,1146423,1146436,2,13,15,completed,2
7052,Rigid,1146421,1146423,1146429,2,6,8,completed,2
7053,Rigid,1146421,1146423,1146429,2,6,8,completed,2
7054,Rigid,1146421,1146423,1146429,2,6,8,completed,2
7055,Rigid,1146421,1146423,1146429,2,6,8,completed,2
7056,Rigid,1146421,1146423,1146447,2,24,26,completed,2
7057,Rigid,1146421,1146423,1146429,2,6,8,completed,2
7058,Rigid,1146421,1146423,1146429,2,6,8,completed,2
7059,Rigid,1146421,1146423,1146455,2,32,34,completed,2
7060,Rigid,1146421,1146423,1146429,2,6,8,completed,2
7061,Rigid,1146421,1146423,1146429,2,6,8,completed,2
7062,Rigid,1146421,1146423,1146429,2,6,8,completed,2
7063,Rigid,1146421,1146423,1146460,2,37,39,completed,2
7064,Rigid,1146421,1146423,1146429,2,6,8,completed,2
7065,Rigid,1146421,1146423,1146429,2,6,8,completed,2
7066,Rigid,1146421,1146423,1146429,2,6,8,completed,2
7067,Rigid,1146421,1146423,1146429,2,6,8,completed,2
7068,Rigid,1146421,1146423,1146429,2,6,8,completed,2
7069,Rigid,1146421,1146423,1146429,2,6,8,completed,2
7070,Rigid,1146421,1146423,1146429,2,6,8,completed,2
7071,Rigid,1146421,1146423,1146459,2,36,38,completed,2
7072,Rigid,1146421,1146423,1146429,2,6,8,completed,2
7073,Rigid,1146421,1146423,1146429,2,6,8,completed,2
7074,Rigid,1146421,1146423,1146429,2,6,8,completed,2
7075,Rigid,1146422,1146423,1146429,1,6,7,completed,2
7076,Rigid,1146422,1146423,1146429,1,6,7,completed,2
7077,Rigid,1146422,1146423,1146442,1,19,20,completed,2
7078,Rigid,1146422,1146423,1146452,1,29,30,completed,2
7079,Rigid,1146422,1146423,1146429,1,6,7,completed,2
7080,Rigid,1146422,1146423,1146429,1,6,7,completed,2
7081,Rigid,1146422,1146423,1146430,1,7,8,completed,2
7082,Rigid,1146422,1146423,1146429,1,6,7,completed,2
7083,Rigid,1146422,1146423,1146430,1,7,8,completed,2
7084,Rigid,1146422,1146423,1146439,1,16,17,completed,2
7085,Rigid,1146422,1146423,1146451,1,28,29,completed,2
7086,Rigid,1146422,1146423,1146429,1,6,7,completed,2
7087,Rigid,1146422,1146423,1146430,1,7,8,completed,2
7088,Rigid,1146422,1146423,1146429,1,6,7,completed,2
7089,Rigid,1146422,1146423,1146429,1,6,7,completed,2
7090,Rigid,1146422,1146423,1146429,1,6,7,completed,2
7091,Rigid,1146422,1146423,1146445,1,22,23,completed,2
7092,Rigid,1146422,1146423,1146459,1,36,37,completed,2
7093,Rigid,1146422,1146423,1146430,1,7,8,completed,2
7094,Rigid,1146422,1146423,1146429,1,6,7,completed,2
7095,Rigid,1146422,1146423,1146429,1,6,7,completed,2
7096,Rigid,1146422,1146423,1146429,1,6,7,completed,2
7097,Rigid,1146422,1146423,1146429,1,6,7,completed,2
7098,Rigid,1146422,1146423,1146430,1,7,8,completed,2
7099,Rigid,1146422,1146423,1146442,1,19,20,completed,2
7100,Rigid,1146422,1146423,1146455,1,32,33,completed,2
7101,Rigid,1146422,1146423,1146429,1,6,7,completed,2
7102,Rigid,1146422,1146423,1146429,1,6,7,completed,2
7103,Rigid,1146422,1146423,1146429,1,6,7,completed,2
7104,Rigid,1146422,1146423,1146429,1,6,7,completed,2
7105,Rigid,1146422,1146423,1146429,1,6,7,completed,2
7106,Rigid,1146422,1146423,1146429,1,6,7,completed,2
7107,Rigid,1146422,1146423,1146429,1,6,7,completed,2
7108,Rigid,1146423,1146424,1146444,1,20,21,completed,2
7109,Rigid,1146423,1146424,1146436,1,12,13,completed,2
7110,Rigid,1146423,1146424,1146429,1,5,6,completed,2
7111,Rigid,1146423,1146424,1146429,1,5,6,completed,2
7112,Rigid,1146423,1146424,1146429,1,5,6,completed,2
7113,Rigid,1146423,1146424,1146429,1,5,6,completed,2
7114,Rigid,1146423,1146424,1146429,1,5,6,completed,2
7115,Rigid,1146424,1146424,1146429,0,5,5,completed,2
7116,Rigid,1146424,1146424,1146451,0,27,27,completed,2
7117,Rigid,1146424,1146424,1146430,0,6,6,completed,2
7118,Rigid,1146424,1146424,1146439,0,15,15,completed,2
7119,Rigid,1146424,1146424,1146430,0,6,6,completed,2
7120,Rigid,1146424,1146424,1146430,0,6,6,completed,2
7121,Rigid,1146424,1146424,1146430,0,6,6,completed,2
7122,Rigid,1146424,1146424,1146430,0,6,6,completed,2
7123,Rigid,1146424,1146424,1146430,0,6,6,completed,2
7124,Rigid,1146424,1146424,1146452,0,28,28,completed,2
7125,Rigid,1146424,1146424,1146459,0,35,35,completed,2
7126,Rigid,1146424,1146424,1146430,0,6,6,completed,2
7127,Rigid,1146424,1146424,1146430,0,6,6,completed,2
7128,Rigid,1146425,1146425,1146430,0,5,5,completed,2
7129,Rigid,1146425,1146425,1146430,0,5,5,completed,2
7130,Rigid,1146425,1146425,1146430,0,5,5,completed,2
7131,Rigid,1146425,1146425,1146452,0,27,27,completed,2
7132,Rigid,1146425,1146425,1146459,0,34,34,completed,2
7133,Rigid,1146425,1146425,1146430,0,5,5,completed,2
7134,Rigid,1146425,1146425,1146430,0,5,5,completed,2
7135,Rigid,1146425,1146425,1146434,0,9,9,completed,2
7136,Rigid,1146425,1146425,1146434,0,9,9,completed,2
7137,Rigid,1146425,1146425,1146434,0,9,9,completed,2
7138,Rigid,1146425,1146425,1146434,0,9,9,completed,2
7139,Rigid,1146425,1146425,1146434,0,9,9,completed,2
7140,Rigid,1146425,1146425,1146455,0,30,30,completed,2
7141,Rigid,1146425,1146425,1146447,0,22,22,completed,2
7142,Rigid,1146426,1146426,1146434,0,8,8,completed,2
7143,Rigid,1146426,1146426,1146439,0,13,13,completed,2
7144,Rigid,1146426,1146426,1146439,0,13,13,completed,2
7145,Rigid,1146426,1146426,1146439,0,13,13,completed,2
7146,Rigid,1146426,1146426,1146439,0,13,13,completed,2
7147,Rigid,1146426,1146426,1146434,0,8,8,completed,2
7148,Rigid,1146426,1146426,1146458,0,32,32,completed,2
7149,Rigid,1146426,1146426,1146454,0,28,28,completed,2
7150,Rigid,1146426,1146426,1146434,0,8,8,completed,2
7151,Rigid,1146426,1146426,1146434,0,8,8,completed,2
7152,Rigid,1146426,1146426,1146434,0,8,8,completed,2
7153,Rigid,1146426,1146426,1146434,0,8,8,completed,2
7154,Rigid,1146426,1146428,1146446,2,18,20,completed,2
7155,Rigid,1146426,1146428,1146446,2,18,20,completed,2
7156,Rigid,1146426,1146428,1146446,2,18,20,completed,2
7157,Rigid,1146426,1146428,1146463,2,35,37,completed,2
7158,Rigid,1146427,1146428,1146459,1,31,32,completed,2
7159,Rigid,1146427,1146428,1146447,1,19,20,completed,2
7160,Rigid,1146427,1146428,1146447,1,19,20,completed,2
7161,Rigid,1146427,1146428,1146447,1,19,20,completed,2
7162,Rigid,1146427,1146428,1146447,1,19,20,completed,2
7163,Rigid,1146427,1146428,1146447,1,19,20,completed,2
7164,Rigid,1146427,1146428,1146447,1,19,20,completed,2
7165,Rigid,1146427,1146428,1146470,1,42,43,completed,2
7166,Rigid,1146427,1146428,1146470,1,42,43,completed,2
7167,Rigid,1146427,1146428,1146447,1,19,20,completed,2
7168,Rigid,1146427,1146428,1146447,1,19,20,completed,2
7169,Rigid,1146427,1146428,1146447,1,19,20,completed,2
7170,Rigid,1146427,1146428,1146447,1,19,20,completed,2
7171,Rigid,1146427,1146428,1146447,1,19,20,completed,2
7172,Rigid,1146427,1146428,1146460,1,32,33,completed,2
7173,Rigid,1146427,1146428,1146466,1,38,39,completed,2
7174,Rigid,1146427,1146428,1146447,1,19,20,completed,2
7175,Rigid,1146427,1146428,1146447,1,19,20,completed,2
7176,Rigid,1146427,1146428,1146447,1,19,20,completed,2
7177,Rigid,1146427,1146428,1146449,1,21,22,completed,2
7178,Rigid,1146430,1146430,1146446,0,16,16,completed,2
7179,Rigid,1146430,1146430,1146446,0,16,16,completed,2
7180,Rigid,1146430,1146431,1146447,1,16,17,completed,2
7181,Rigid,1146431,1146431,1146446,0,15,15,completed,2
7182,Rigid,1146431,1146431,1146446,0,15,15,completed,2
7183,Rigid,1146432,1146432,1146446,0,14,14,completed,2
7184,Rigid,1146432,1146432,1146446,0,14,14,completed,2
7185,Rigid,1146440,1146440,1146462,0,22,22,completed,2
7186,Rigid,1146440,1146440,1146463,0,23,23,completed,2
7187,Rigid,1146440,1146440,1146462,0,22,22,completed,2
7188,Rigid,1146440,1146441,1146462,1,21,22,completed,2
7189,Rigid,1146440,1146441,1146462,1,21,22,completed,2
7190,Rigid,1146440,1146441,1146462,1,21,22,completed,2
7191,Rigid,1146441,1146441,1146463,0,22,22,completed,2
7192,Rigid,1146441,1146441,1146462,0,21,21,completed,2
7193,Rigid,1146441,1146443,1146462,2,19,21,completed,2
7194,Rigid,1146441,1146443,1146463,2,20,22,completed,2
7195,Rigid,1146442,1146443,1146462,1,19,20,completed,2
7196,Rigid,1146442,1146443,1146462,1,19,20,completed,2
7197,Rigid,1146442,1146443,1146462,1,19,20,completed,2
7198,Rigid,1146442,1146443,1146462,1,19,20,completed,2
7199,Rigid,1146443,1146443,1146463,0,20,20,completed,2
7200,Rigid,1146443,1146443,1146462,0,19,19,completed,2
7201,Rigid,1146443,1146443,1146462,0,19,19,completed,2
7202,Rigid,1146443,1146443,1146462,0,19,19,completed,2
7203,Rigid,1146443,1146443,1146463,0,20,20,completed,2
7204,Rigid,1146443,1146443,1146462,0,19,19,completed,2
7205,Rigid,1146443,1146443,1146462,0,19,19,completed,2
7206,Rigid,1146443,1146444,1146462,1,18,19,completed,2
7207,Rigid,1146443,1146444,1146462,1,18,19,completed,2
7208,Rigid,1146443,1146444,1146463,1,19,20,completed,2
7209,Rigid,1146444,1146444,1146462,0,18,18,completed,2
7210,Rigid,1146444,1146444,1146462,0,18,18,completed,2
7211,Rigid,1146444,1146444,1146462,0,18,18,completed,2
7212,Rigid,1146444,1146444,1146462,0,18,18,completed,2
7213,Rigid,1146445,1146445,1146462,0,17,17,completed,2
7214,Rigid,1146445,1146445,1146462,0,17,17,completed,2
7215,Rigid,1146445,1146445,1146462,0,17,17,completed,2
7216,Rigid,1146445,1146445,1146462,0,17,17,completed,2
7217,Rigid,1146445,1146445,1146462,0,17,17,completed,2
7218,Rigid,1146445,1146445,1146462,0,17,17,completed,2
7219,Rigid,1146445,1146445,1146462,0,17,17,completed,2
7220,Rigid,1146445,1146445,1146462,0,17,17,completed,2
7221,Rigid,1146445,1146445,1146462,0,17,17,completed,2
7222,Rigid,1146446,1146447,1146462,1,15,16,completed,2
7223,Rigid,1146446,1146447,1146462,1,15,16,completed,2
7224,Rigid,1146446,1146447,1146462,1,15,16,completed,2
7225,Rigid,1146447,1146447,1146462,0,15,15,completed,2
7226,Rigid,1146447,1146447,1146462,0,15,15,completed,2
7227,Rigid,1146447,1146447,1146462,0,15,15,completed,2
7228,Rigid,1146447,1146447,1146462,0,15,15,completed,2
7229,Rigid,1146447,1146448,1146462,1,14,15,completed,2
7230,Rigid,1146447,1146448,1146462,1,14,15,completed,2
7231,Rigid,1146448,1146448,1146462,0,14,14,completed,2
7232,Rigid,1146448,1146448,1146462,0,14,14,completed,2
7233,Rigid,1146448,1146448,1146463,0,15,15,completed,2
7234,Rigid,1146448,1146448,1146462,0,14,14,completed,2
7235,Rigid,1146448,1146448,1146463,0,15,15,completed,2
7236,Rigid,1146448,1146448,1146462,0,14,14,completed,2
7237,Rigid,1146450,1146451,1146462,1,11,12,completed,2
7238,Rigid,1146450,1146451,1146462,1,11,12,completed,2
7239,Rigid,1146450,1146451,1146462,1,11,12,completed,2
7240,Rigid,1146450,1146451,1146462,1,11,12,completed,2
7241,Rigid,1146450,1146451,1146462,1,11,12,completed,2
7242,Rigid,1146451,1146451,1146462,0,11,11,completed,2
7243,Rigid,1146451,1146452,1146462,1,10,11,completed,2
7244,Rigid,1146451,1146452,1146462,1,10,11,completed,2
7245,Rigid,1146451,1146452,1146462,1,10,11,completed,2
7246,Rigid,1146451,1146452,1146462,1,10,11,completed,2
7247,Rigid,1146451,1146452,1146462,1,10,11,completed,2
7248,Rigid,1146452,1146452,1146462,0,10,10,completed,2
7249,Rigid,1146452,1146452,1146462,0,10,10,completed,2
7250,Rigid,1146512,1146513,1147923,1,1410,1411,completed,36
7251,Rigid,1146680,1146681,1156170,1,9489,9490,completed,144
7252,Rigid,1146685,1146686,1156103,1,9417,9418,completed,144
7253,Rigid,1146690,1146691,1146821,1,130,131,completed,144
7254,Rigid,1146748,1146748,1146764,0,16,16,completed,72
7255,Rigid,1146838,1146838,1156278,0,9440,9440,completed,144
7256,Rigid,1146996,1146997,1147376,1,379,380,completed,36
7257,Rigid,1147012,1147013,1147266,1,253,254,completed,72
7258,Rigid,1147058,1147058,1156504,0,9446,9446,completed,144
7259,Rigid,1147079,1147080,1148602,1,1522,1523,completed,144
7260,Rigid,1147084,1147084,1148179,0,1095,1095,completed,36
7261,Rigid,1147642,1147642,1342108,0,194466,194466,completed,36
7262,Rigid,1147986,1147987,1148013,1,26,27,completed,2
7263,Rigid,1147986,1147987,1148031,1,44,45,completed,2
7264,Rigid,1147986,1147987,1148003,1,16,17,completed,2
7265,Rigid,1148007,1148007,1148012,0,5,5,completed,2
7266,Rigid,1148007,1148007,1148012,0,5,5,completed,2
7267,Rigid,1148007,1148007,1148012,0,5,5,completed,2
7268,Rigid,1148007,1148007,1148012,0,5,5,completed,2
7269,Rigid,1148007,1148007,1148012,0,5,5,completed,2
7270,Rigid,1148007,1148007,1148012,0,5,5,completed,2
7271,Rigid,1148007,1148011,1148016,4,5,9,completed,2
7272,Rigid,1148007,1148011,1148016,4,5,9,completed,2
7273,Rigid,1148007,1148011,1148016,4,5,9,completed,2
7274,Rigid,1148008,1148011,1148016,3,5,8,completed,2
7275,Rigid,1148008,1148011,1148016,3,5,8,completed,2
7276,Rigid,1148008,1148011,1148016,3,5,8,completed,2
7277,Rigid,1148008,1148011,1148016,3,5,8,completed,2
7278,Rigid,1148008,1148011,1148016,3,5,8,completed,2
7279,Rigid,1148008,1148011,1148016,3,5,8,completed,2
7280,Rigid,1148008,1148011,1148016,3,5,8,completed,2
7281,Rigid,1148009,1148011,1148016,2,5,7,completed,2
7282,Rigid,1148009,1148011,1148016,2,5,7,completed,2
7283,Rigid,1148009,1148011,1148016,2,5,7,completed,2
7284,Rigid,1148009,1148011,1148016,2,5,7,completed,2
7285,Rigid,1148009,1148011,1148016,2,5,7,completed,2
7286,Rigid,1148039,1148039,1148047,0,8,8,completed,2
7287,Rigid,1148039,1148039,1148045,0,6,6,completed,2
7288,Rigid,1148039,1148039,1148052,0,13,13,completed,2
7289,Rigid,1148039,1148039,1148044,0,5,5,completed,2
7290,Rigid,1148039,1148039,1148047,0,8,8,completed,2
7291,Rigid,1148049,1148049,1148057,0,8,8,completed,2
7292,Rigid,1148049,1148049,1148057,0,8,8,completed,2
7293,Rigid,1148049,1148049,1148064,0,15,15,completed,2
7294,Rigid,1148059,1148061,1148068,2,7,9,completed,2
7295,Rigid,1148059,1148061,1148077,2,16,18,completed,2
7296,Rigid,1148059,1148061,1148076,2,15,17,completed,2
7297,Rigid,1148060,1148061,1148069,1,8,9,completed,2
7298,Rigid,1148060,1148061,1148077,1,16,17,completed,2
7299,Rigid,1148060,1148061,1148077,1,16,17,completed,2
7300,Rigid,1148060,1148061,1148069,1,8,9,completed,2
7301,Rigid,1148060,1148061,1148068,1,7,8,completed,2
7302,Rigid,1148060,1148061,1148076,1,15,16,completed,2
7303,Rigid,1148060,1148061,1148069,1,8,9,completed,2
7304,Rigid,1148060,1148061,1148069,1,8,9,completed,2
7305,Rigid,1148060,1148061,1148070,1,9,10,completed,2
7306,Rigid,1148060,1148061,1148069,1,8,9,completed,2
7307,Rigid,1148061,1148063,1148071,2,8,10,completed,2
7308,Rigid,1148061,1148063,1148073,2,10,12,completed,2
7309,Rigid,1148061,1148063,1148073,2,10,12,completed,2
7310,Rigid,1148061,1148063,1148071,2,8,10,completed,2
7311,Rigid,1148061,1148063,1148073,2,10,12,completed,2
7312,Rigid,1148061,1148063,1148076,2,13,15,completed,2
7313,Rigid,1148061,1148063,1148071,2,8,10,completed,2
7314,Rigid,1148061,1148063,1148071,2,8,10,completed,2
7315,Rigid,1148061,1148063,1148074,2,11,13,completed,2
7316,Rigid,1148061,1148063,1148071,2,8,10,completed,2
7317,Rigid,1148061,1148063,1148072,2,9,11,completed,2
7318,Rigid,1148061,1148063,1148073,2,10,12,completed,2
7319,Rigid,1148062,1148063,1148071,1,8,9,completed,2
7320,Rigid,1148069,1148069,1148076,0,7,7,completed,2
7321,Rigid,1148069,1148070,1148083,1,13,14,completed,2
7322,Rigid,1148069,1148070,1148081,1,11,12,completed,2
7323,Rigid,1148070,1148071,1148085,1,14,15,completed,2
7324,Rigid,1148070,1148071,1148076,1,5,6,completed,2
7325,Rigid,1148070,1148071,1148084,1,13,14,completed,2
7326,Rigid,1148070,1148071,1148084,1,13,14,completed,2
7327,Rigid,1148070,1148071,1148076,1,5,6,completed,2
7328,Rigid,1148070,1148071,1148076,1,5,6,completed,2
7329,Rigid,1148071,1148072,1148076,1,4,5,completed,2
7330,Rigid,1148071,1148072,1148084,1,12,13,completed,2
7331,Rigid,1148071,1148072,1148076,1,4,5,completed,2
7332,Rigid,1148071,1148072,1148076,1,4,5,completed,2
7333,Rigid,1148071,1148072,1148084,1,12,13,completed,2
7334,Rigid,1148071,1148072,1148084,1,12,13,completed,2
7335,Rigid,1148071,1148072,1148076,1,4,5,completed,2
7336,Rigid,1148071,1148072,1148084,1,12,13,completed,2
7337,Rigid,1148082,1148083,1148088,1,5,6,completed,2
7338,Rigid,1148082,1148083,1148096,1,13,14,completed,2
7339,Rigid,1148082,1148083,1148088,1,5,6,completed,2
7340,Rigid,1148082,1148083,1148088,1,5,6,completed,2
7341,Rigid,1148082,1148083,1148088,1,5,6,completed,2
7342,Rigid,1148083,1148083,1148095,0,12,12,completed,2
7343,Rigid,1148083,1148083,1148095,0,12,12,completed,2
7344,Rigid,1148083,1148083,1148095,0,12,12,completed,2
7345,Rigid,1148083,1148083,1148095,0,12,12,completed,2
7346,Rigid,1148083,1148083,1148095,0,12,12,completed,2
7347,Rigid,1148083,1148083,1148088,0,5,5,completed,2
7348,Rigid,1148083,1148083,1148088,0,5,5,completed,2
7349,Rigid,1148083,1148084,1148089,1,5,6,completed,2
7350,Rigid,1148083,1148084,1148097,1,13,14,completed,2
7351,Rigid,1148083,1148084,1148089,1,5,6,completed,2
7352,Rigid,1148083,1148084,1148089,1,5,6,completed,2
7353,Rigid,1148083,1148084,1148097,1,13,14,completed,2
7354,Rigid,1148083,1148084,1148097,1,13,14,completed,2
7355,Rigid,1148083,1148084,1148089,1,5,6,completed,2
7356,Rigid,1148083,1148084,1148089,1,5,6,completed,2
7357,Rigid,1148083,1148084,1148089,1,5,6,completed,2
7358,Rigid,1148083,1148084,1148098,1,14,15,completed,2
7359,Rigid,1148083,1148084,1148097,1,13,14,completed,2
7360,Rigid,1148083,1148084,1148089,1,5,6,completed,2
7361,Rigid,1148083,1148084,1148097,1,13,14,completed,2
7362,Rigid,1148084,1148084,1148097,0,13,13,completed,2
7363,Rigid,1148084,1148084,1148093,0,9,9,completed,2
7364,Rigid,1148084,1148084,1148089,0,5,5,completed,2
7365,Rigid,1148084,1148084,1148097,0,13,13,completed,2
7366,Rigid,1148084,1148084,1148092,0,8,8,completed,2
7367,Rigid,1148084,1148084,1148090,0,6,6,completed,2
7368,Rigid,1148084,1148084,1148091,0,7,7,completed,2
7369,Rigid,1148084,1148084,1148117,0,33,33,completed,2
7370,Rigid,1148084,1148084,1148111,0,27,27,completed,2
7371,Rigid,1148084,1148085,1148116,1,31,32,completed,2
7372,Rigid,1148084,1148085,1148113,1,28,29,completed,2
7373,Rigid,1148085,1148085,1148113,0,28,28,completed,2
7374,Rigid,1148085,1148085,1148111,0,26,26,completed,2
7375,Rigid,1148085,1148085,1148092,0,7,7,completed,2
7376,Rigid,1148085,1148085,1148118,0,33,33,completed,2
7377,Rigid,1148085,1148085,1148092,0,7,7,completed,2
7378,Rigid,1148085,1148085,1148091,0,6,6,completed,2
7379,Rigid,1148085,1148085,1148092,0,7,7,completed,2
7380,Rigid,1148085,1148085,1148116,0,31,31,completed,2
7381,Rigid,1148085,1148085,1148116,0,31,31,completed,2
7382,Rigid,1148085,1148085,1148114,0,29,29,completed,2
7383,Rigid,1148085,1148085,1148092,0,7,7,completed,2
7384,Rigid,1148085,1148085,1148111,0,26,26,completed,2
7385,Rigid,1148085,1148085,1148091,0,6,6,completed,2
7386,Rigid,1148085,1148085,1148116,0,31,31,completed,2
7387,Rigid,1148096,1148097,1148107,1,10,11,completed,2
7388,Rigid,1148096,1148097,1148113,1,16,17,completed,2
7389,Rigid,1148097,1148098,1148104,1,6,7,completed,2
7390,Rigid,1148097,1148098,1148105,1,7,8,completed,2
7391,Rigid,1148097,1148098,1148123,1,25,26,completed,2
7392,Rigid,1148098,1148098,1148128,0,30,30,completed,2
7393,Rigid,1148098,1148098,1148126,0,28,28,completed,2
7394,Rigid,1148098,1148098,1148106,0,8,8,completed,2
7395,Rigid,1148098,1148098,1148104,0,6,6,completed,2
7396,Rigid,1148098,1148098,1148126,0,28,28,completed,2
7397,Rigid,1148098,1148098,1148129,0,31,31,completed,2
7398,Rigid,1148098,1148098,1148105,0,7,7,completed,2
7399,Rigid,1148098,1148098,1148129,0,31,31,completed,2
7400,Rigid,1148098,1148098,1148105,0,7,7,completed,2
7401,Rigid,1148098,1148098,1148105,0,7,7,completed,2
7402,Rigid,1148098,1148098,1148104,0,6,6,completed,2
7403,Rigid,1148098,1148098,1148125,0,27,27,completed,2
7404,Rigid,1148098,1148098,1148104,0,6,6,completed,2
7405,Rigid,1148098,1148098,1148130,0,32,32,completed,2
7406,Rigid,1148098,1148098,1148128,0,30,30,completed,2
7407,Rigid,1148098,1148098,1148125,0,27,27,completed,2
7408,Rigid,1148098,1148098,1148125,0,27,27,completed,2
7409,Rigid,1148098,1148098,1148123,0,25,25,completed,2
7410,Rigid,1148098,1148099,1148104,1,5,6,completed,2
7411,Rigid,1148099,1148099,1148129,0,30,30,completed,2
7412,Rigid,1148099,1148099,1148106,0,7,7,completed,2
7413,Rigid,1148099,1148099,1148106,0,7,7,completed,2
7414,Rigid,1148099,1148099,1148123,0,24,24,completed,2
7415,Rigid,1148099,1148099,1148129,0,30,30,completed,2
7416,Rigid,1148099,1148099,1148128,0,29,29,completed,2
7417,Rigid,1148099,1148101,1148108,2,7,9,completed,2
7418,Rigid,1148099,1148101,1148108,2,7,9,completed,2
7419,Rigid,1148099,1148101,1148106,2,5,7,completed,2
7420,Rigid,1148099,1148101,1148106,2,5,7,completed,2
7421,Rigid,1148109,1148110,1148130,1,20,21,completed,2
7422,Rigid,1148110,1148110,1148116,0,6,6,completed,2
7423,Rigid,1148111,1148112,1148118,1,6,7,completed,2
7424,Rigid,1148111,1148112,1148118,1,6,7,completed,2
7425,Rigid,1148112,1148112,1148118,0,6,6,completed,2
7426,Rigid,1148113,1148114,1148138,1,24,25,completed,2
7427,Rigid,1148113,1148114,1148121,1,7,8,completed,2
7428,Rigid,1148113,1148114,1148144,1,30,31,completed,2
7429,Rigid,1148113,1148114,1148121,1,7,8,completed,2
7430,Rigid,1148113,1148114,1148144,1,30,31,completed,2
7431,Rigid,1148113,1148114,1148120,1,6,7,completed,2
7432,Rigid,1148113,1148114,1148141,1,27,28,completed,2
7433,Rigid,1148113,1148114,1148145,1,31,32,completed,2
7434,Rigid,1148113,1148114,1148144,1,30,31,completed,2
7435,Rigid,1148113,1148114,1148141,1,27,28,completed,2
7436,Rigid,1148113,1148114,1148122,1,8,9,completed,2
7437,Rigid,1148113,1148114,1148136,1,22,23,completed,2
7438,Rigid,1148113,1148114,1148120,1,6,7,completed,2
7439,Rigid,1148113,1148114,1148120,1,6,7,completed,2
7440,Rigid,1148113,1148114,1148121,1,7,8,completed,2
7441,Rigid,1148113,1148114,1148120,1,6,7,completed,2
7442,Rigid,1148113,1148114,1148122,1,8,9,completed,2
7443,Rigid,1148113,1148114,1148120,1,6,7,completed,2
7444,Rigid,1148113,1148114,1148122,1,8,9,completed,2
7445,Rigid,1148113,1148114,1148121,1,7,8,completed,2
7446,Rigid,1148113,1148114,1148121,1,7,8,completed,2
7447,Rigid,1148113,1148114,1148122,1,8,9,completed,2
7448,Rigid,1148113,1148114,1148147,1,33,34,completed,2
7449,Rigid,1148113,1148114,1148152,1,38,39,completed,2
7450,Rigid,1148113,1148114,1148150,1,36,37,completed,2
7451,Rigid,1148114,1148114,1148149,0,35,35,completed,2
7452,Rigid,1148114,1148114,1148153,0,39,39,completed,2
7453,Rigid,1148114,1148114,1148152,0,38,38,completed,2
7454,Rigid,1148114,1148114,1148121,0,7,7,completed,2
7455,Rigid,1148114,1148114,1148150,0,36,36,completed,2
7456,Rigid,1148114,1148114,1148121,0,7,7,completed,2
7457,Rigid,1148114,1148114,1148120,0,6,6,completed,2
7458,Rigid,1148114,1148114,1148147,0,33,33,completed,2
7459,Rigid,1148114,1148114,1148146,0,32,32,completed,2
7460,Rigid,1148114,1148114,1148121,0,7,7,completed,2
7461,Rigid,1148114,1148114,1148146,0,32,32,completed,2
7462,Rigid,1148114,1148114,1148143,0,29,29,completed,2
7463,Rigid,1148114,1148115,1148140,1,25,26,completed,2
7464,Rigid,1148114,1148115,1148145,1,30,31,completed,2
7465,Rigid,1148114,1148115,1148152,1,37,38,completed,2
7466,Rigid,1148114,1148115,1148144,1,29,30,completed,2
7467,Rigid,1148114,1148115,1148152,1,37,38,completed,2
7468,Rigid,1148114,1148115,1148142,1,27,28,completed,2
7469,Rigid,1148114,1148115,1148120,1,5,6,completed,2
7470,Rigid,1148114,1148115,1148154,1,39,40,completed,2
7471,Rigid,1148114,1148115,1148150,1,35,36,completed,2
7472,Rigid,1148115,1148115,1148140,0,25,25,completed,2
7473,Rigid,1148115,1148115,1148122,0,7,7,completed,2
7474,Rigid,1148115,1148115,1148120,0,5,5,completed,2
7475,Rigid,1148115,1148115,1148122,0,7,7,completed,2
7476,Rigid,1148115,1148115,1148121,0,6,6,completed,2
7477,Rigid,1148115,1148115,1148122,0,7,7,completed,2
7478,Rigid,1148115,1148115,1148122,0,7,7,completed,2
7479,Rigid,1148115,1148115,1148122,0,7,7,completed,2
7480,Rigid,1148115,1148115,1148121,0,6,6,completed,2
7481,Rigid,1148115,1148115,1148146,0,31,31,completed,2
7482,Rigid,1148115,1148115,1148122,0,7,7,completed,2
7483,Rigid,1148115,1148117,1148149,2,32,34,completed,2
7484,Rigid,1148115,1148117,1148123,2,6,8,completed,2
7485,Rigid,1148115,1148117,1148146,2,29,31,completed,2
7486,Rigid,1148115,1148117,1148149,2,32,34,completed,2
7487,Rigid,1148115,1148117,1148150,2,33,35,completed,2
7488,Rigid,1148115,1148117,1148125,2,8,10,completed,2
7489,Rigid,1148115,1148117,1148123,2,6,8,completed,2
7490,Rigid,1148115,1148117,1148144,2,27,29,completed,2
7491,Rigid,1148116,1148117,1148124,1,7,8,completed,2
7492,Rigid,1148116,1148117,1148148,1,31,32,completed,2
7493,Rigid,1148116,1148117,1148149,1,32,33,completed,2
7494,Rigid,1148116,1148117,1148145,1,28,29,completed,2
7495,Rigid,1148116,1148117,1148146,1,29,30,completed,2
7496,Rigid,1148116,1148117,1148123,1,6,7,completed,2
7497,Rigid,1148116,1148117,1148142,1,25,26,completed,2
7498,Rigid,1148116,1148117,1148144,1,27,28,completed,2
7499,Rigid,1148116,1148117,1148151,1,34,35,completed,2
7500,Rigid,1148116,1148117,1148124,1,7,8,completed,2
7501,Rigid,1148116,1148117,1148151,1,34,35,completed,2
7502,Rigid,1148116,1148117,1148147,1,30,31,completed,2
7503,Rigid,1148116,1148117,1148145,1,28,29,completed,2
7504,Rigid,1148116,1148117,1148125,1,8,9,completed,2
7505,Rigid,1148116,1148117,1148151,1,34,35,completed,2
7506,Rigid,1148116,1148117,1148152,1,35,36,completed,2
7507,Rigid,1148116,1148117,1148125,1,8,9,completed,2
7508,Rigid,1148116,1148117,1148149,1,32,33,completed,2
7509,Rigid,1148116,1148117,1148151,1,34,35,completed,2
7510,Rigid,1148116,1148117,1148147,1,30,31,completed,2
7511,Rigid,1148116,1148117,1148147,1,30,31,completed,2
7512,Rigid,1148116,1148117,1148151,1,34,35,completed,2
7513,Rigid,1148117,1148117,1148144,0,27,27,completed,2
7514,Rigid,1148117,1148117,1148145,0,28,28,completed,2
7515,Rigid,1148117,1148117,1148149,0,32,32,completed,2
7516,Rigid,1148117,1148117,1148143,0,26,26,completed,2
7517,Rigid,1148117,1148117,1148142,0,25,25,completed,2
7518,Rigid,1148127,1148127,1148132,0,5,5,completed,2
7519,Rigid,1148127,1148127,1148132,0,5,5,completed,2
7520,Rigid,1148127,1148127,1148132,0,5,5,completed,2
7521,Rigid,1148128,1148129,1148134,1,5,6,completed,2
7522,Rigid,1148128,1148129,1148134,1,5,6,completed,2
7523,Rigid,1148129,1148129,1148135,0,6,6,completed,2
7524,Rigid,1148130,1148130,1148135,0,5,5,completed,2
7525,Rigid,1148133,1148133,1148139,0,6,6,completed,2
7526,Rigid,1148133,1148133,1148139,0,6,6,completed,2
7527,Rigid,1148134,1148135,1148141,1,6,7,completed,2
7528,Rigid,1148134,1148135,1148141,1,6,7,completed,2
7529,Rigid,1148135,1148135,1148141,0,6,6,completed,2
7530,Rigid,1148135,1148135,1148141,0,6,6,completed,2
7531,Rigid,1148136,1148136,1148141,0,5,5,completed,2
7532,Rigid,1148165,1148165,1148170,0,5,5,completed,2
7533,Rigid,1148175,1148175,1148185,0,10,10,completed,2
7534,Rigid,1148201,1148201,1148214,0,13,13,completed,2
7535,Rigid,1148201,1148201,1148216,0,15,15,completed,2
7536,Rigid,1148201,1148201,1148217,0,16,16,completed,2
7537,Rigid,1148201,1148201,1148206,0,5,5,completed,2
7538,Rigid,1148201,1148201,1148206,0,5,5,completed,2
7539,Rigid,1148201,1148201,1148206,0,5,5,completed,2
7540,Rigid,1148201,1148201,1148206,0,5,5,completed,2
7541,Rigid,1148201,1148201,1148206,0,5,5,completed,2
7542,Rigid,1148201,1148201,1148206,0,5,5,completed,2
7543,Rigid,1148201,1148201,1148206,0,5,5,completed,2
7544,Rigid,1148201,1148201,1148230,0,29,29,completed,2
7545,Rigid,1148201,1148201,1148243,0,42,42,completed,2
7546,Rigid,1148201,1148201,1148214,0,13,13,completed,2
7547,Rigid,1148201,1148201,1148206,0,5,5,completed,2
7548,Rigid,1148201,1148201,1148206,0,5,5,completed,2
7549,Rigid,1148201,1148201,1148206,0,5,5,completed,2
7550,Rigid,1148201,1148201,1148206,0,5,5,completed,2
7551,Rigid,1148201,1148201,1148206,0,5,5,completed,2
7552,Rigid,1148201,1148201,1148206,0,5,5,completed,2
7553,Rigid,1148201,1148201,1148249,0,48,48,completed,2
7554,Rigid,1148201,1148201,1148214,0,13,13,completed,2
7555,Rigid,1148201,1148201,1148214,0,13,13,completed,2
7556,Rigid,1148201,1148201,1148206,0,5,5,completed,2
7557,Rigid,1148201,1148201,1148206,0,5,5,completed,2
7558,Rigid,1148201,1148205,1148217,4,12,16,completed,2
7559,Rigid,1148201,1148205,1148217,4,12,16,completed,2
7560,Rigid,1148201,1148205,1148217,4,12,16,completed,2
7561,Rigid,1148201,1148205,1148217,4,12,16,completed,2
7562,Rigid,1148201,1148205,1148233,4,28,32,completed,2
7563,Rigid,1148201,1148205,1148231,4,26,30,completed,2
7564,Rigid,1148201,1148205,1148234,4,29,33,completed,2
7565,Rigid,1148201,1148205,1148218,4,13,17,completed,2
7566,Rigid,1148202,1148205,1148218,3,13,16,completed,2
7567,Rigid,1148202,1148205,1148218,3,13,16,completed,2
7568,Rigid,1148202,1148205,1148218,3,13,16,completed,2
7569,Rigid,1148202,1148205,1148218,3,13,16,completed,2
7570,Rigid,1148202,1148205,1148218,3,13,16,completed,2
7571,Rigid,1148202,1148205,1148245,3,40,43,completed,2
7572,Rigid,1148202,1148205,1148247,3,42,45,completed,2
7573,Rigid,1148202,1148205,1148230,3,25,28,completed,2
7574,Rigid,1148202,1148205,1148218,3,13,16,completed,2
7575,Rigid,1148202,1148205,1148218,3,13,16,completed,2
7576,Rigid,1148202,1148205,1148218,3,13,16,completed,2
7577,Rigid,1148203,1148205,1148218,2,13,15,completed,2
7578,Rigid,1148203,1148205,1148218,2,13,15,completed,2
7579,Rigid,1148203,1148205,1148218,2,13,15,completed,2
7580,Rigid,1148203,1148205,1148218,2,13,15,completed,2
7581,Rigid,1148203,1148205,1148242,2,37,39,completed,2
7582,Rigid,1148203,1148205,1148238,2,33,35,completed,2
7583,Rigid,1148203,1148205,1148218,2,13,15,completed,2
7584,Rigid,1148203,1148205,1148218,2,13,15,completed,2
7585,Rigid,1148203,1148205,1148218,2,13,15,completed,2
7586,Rigid,1148203,1148205,1148218,2,13,15,completed,2
7587,Rigid,1148203,1148205,1148219,2,14,16,completed,2
7588,Rigid,1148203,1148205,1148218,2,13,15,completed,2
7589,Rigid,1148203,1148205,1148218,2,13,15,completed,2
7590,Rigid,1148203,1148205,1148218,2,13,15,completed,2
7591,Rigid,1148203,1148205,1148218,2,13,15,completed,2
7592,Rigid,1148203,1148205,1148218,2,13,15,completed,2
7593,Rigid,1148203,1148205,1148233,2,28,30,completed,2
7594,Rigid,1148203,1148205,1148230,2,25,27,completed,2
7595,Rigid,1148203,1148205,1148218,2,13,15,completed,2
7596,Rigid,1148203,1148205,1148218,2,13,15,completed,2
7597,Rigid,1148204,1148205,1148218,1,13,14,completed,2
7598,Rigid,1148204,1148205,1148218,1,13,14,completed,2
7599,Rigid,1148204,1148205,1148218,1,13,14,completed,2
7600,Rigid,1148204,1148205,1148218,1,13,14,completed,2
7601,Rigid,1148204,1148205,1148218,1,13,14,completed,2
7602,Rigid,1148204,1148205,1148218,1,13,14,completed,2
7603,Rigid,1148204,1148205,1148218,1,13,14,completed,2
7604,Rigid,1148204,1148205,1148238,1,33,34,completed,2
7605,Rigid,1148204,1148205,1148229,1,24,25,completed,2
7606,Rigid,1148204,1148205,1148218,1,13,14,completed,2
7607,Rigid,1148204,1148205,1148228,1,23,24,completed,2
7608,Rigid,1148204,1148205,1148228,1,23,24,completed,2
7609,Rigid,1148204,1148205,1148218,1,13,14,completed,2
7610,Rigid,1148204,1148205,1148218,1,13,14,completed,2
7611,Rigid,1148204,1148205,1148218,1,13,14,completed,2
7612,Rigid,1148204,1148205,1148218,1,13,14,completed,2
7613,Rigid,1148204,1148205,1148242,1,37,38,completed,2
7614,Rigid,1148204,1148205,1148245,1,40,41,completed,2
7615,Rigid,1148204,1148205,1148218,1,13,14,completed,2
7616,Rigid,1148204,1148205,1148218,1,13,14,completed,2
7617,Rigid,1148204,1148205,1148218,1,13,14,completed,2
7618,Rigid,1148204,1148205,1148218,1,13,14,completed,2
7619,Rigid,1148204,1148205,1148218,1,13,14,completed,2
7620,Rigid,1148204,1148205,1148218,1,13,14,completed,2
7621,Rigid,1148204,1148205,1148240,1,35,36,completed,2
7622,Rigid,1148204,1148205,1148239,1,34,35,completed,2
7623,Rigid,1148204,1148205,1148218,1,13,14,completed,2
7624,Rigid,1148204,1148205,1148218,1,13,14,completed,2
7625,Rigid,1148204,1148205,1148218,1,13,14,completed,2
7626,Rigid,1148204,1148205,1148218,1,13,14,completed,2
7627,Rigid,1148204,1148205,1148218,1,13,14,completed,2
7628,Rigid,1148204,1148205,1148218,1,13,14,completed,2
7629,Rigid,1148204,1148205,1148218,1,13,14,completed,2
7630,Rigid,1148204,1148205,1148219,1,14,15,completed,2
7631,Rigid,1148204,1148205,1148237,1,32,33,completed,2
7632,Rigid,1148205,1148205,1148229,0,24,24,completed,2
7633,Rigid,1148205,1148205,1148218,0,13,13,completed,2
7634,Rigid,1148205,1148205,1148218,0,13,13,completed,2
7635,Rigid,1148205,1148205,1148218,0,13,13,completed,2
7636,Rigid,1148205,1148205,1148218,0,13,13,completed,2
7637,Rigid,1148205,1148205,1148218,0,13,13,completed,2
7638,Rigid,1148205,1148205,1148230,0,25,25,completed,2
7639,Rigid,1148205,1148205,1148237,0,32,32,completed,2
7640,Rigid,1148205,1148205,1148218,0,13,13,completed,2
7641,Rigid,1148205,1148205,1148218,0,13,13,completed,2
7642,Rigid,1148205,1148205,1148218,0,13,13,completed,2
7643,Rigid,1148205,1148205,1148218,0,13,13,completed,2
7644,Rigid,1148205,1148205,1148218,0,13,13,completed,2
7645,Rigid,1148205,1148205,1148218,0,13,13,completed,2
7646,Rigid,1148205,1148205,1148218,0,13,13,completed,2
7647,Rigid,1148205,1148205,1148243,0,38,38,completed,2
7648,Rigid,1148205,1148205,1148240,0,35,35,completed,2
7649,Rigid,1148205,1148205,1148218,0,13,13,completed,2
7650,Rigid,1148205,1148205,1148218,0,13,13,completed,2
7651,Rigid,1148205,1148205,1148218,0,13,13,completed,2
7652,Rigid,1148205,1148205,1148218,0,13,13,completed,2
7653,Rigid,1148205,1148205,1148218,0,13,13,completed,2
7654,Rigid,1148205,1148205,1148218,0,13,13,completed,2
7655,Rigid,1148205,1148205,1148218,0,13,13,completed,2
7656,Rigid,1148205,1148205,1148237,0,32,32,completed,2
7657,Rigid,1148205,1148205,1148233,0,28,28,completed,2
7658,Rigid,1148205,1148205,1148228,0,23,23,completed,2
7659,Rigid,1148205,1148205,1148218,0,13,13,completed,2
7660,Rigid,1148205,1148208,1148218,3,10,13,completed,2
7661,Rigid,1148205,1148208,1148218,3,10,13,completed,2
7662,Rigid,1148206,1148208,1148218,2,10,12,completed,2
7663,Rigid,1148206,1148208,1148240,2,32,34,completed,2
7664,Rigid,1148206,1148208,1148241,2,33,35,completed,2
7665,Rigid,1148206,1148208,1148218,2,10,12,completed,2
7666,Rigid,1148206,1148208,1148218,2,10,12,completed,2
7667,Rigid,1148206,1148208,1148218,2,10,12,completed,2
7668,Rigid,1148206,1148208,1148218,2,10,12,completed,2
7669,Rigid,1148206,1148208,1148218,2,10,12,completed,2
7670,Rigid,1148206,1148208,1148218,2,10,12,completed,2
7671,Rigid,1148206,1148208,1148218,2,10,12,completed,2
7672,Rigid,1148206,1148208,1148218,2,10,12,completed,2
7673,Rigid,1148206,1148208,1148219,2,11,13,completed,2
7674,Rigid,1148206,1148208,1148219,2,11,13,completed,2
7675,Rigid,1148206,1148208,1148219,2,11,13,completed,2
7676,Rigid,1148207,1148208,1148219,1,11,12,completed,2
7677,Rigid,1148207,1148208,1148219,1,11,12,completed,2
7678,Rigid,1148207,1148208,1148219,1,11,12,completed,2
7679,Rigid,1148207,1148208,1148219,1,11,12,completed,2
7680,Rigid,1148207,1148208,1148241,1,33,34,completed,2
7681,Rigid,1148207,1148208,1148219,1,11,12,completed,2
7682,Rigid,1148207,1148208,1148219,1,11,12,completed,2
7683,Rigid,1148207,1148208,1148219,1,11,12,completed,2
7684,Rigid,1148207,1148208,1148230,1,22,23,completed,2
7685,Rigid,1148207,1148208,1148219,1,11,12,completed,2
7686,Rigid,1148207,1148208,1148219,1,11,12,completed,2
7687,Rigid,1148207,1148208,1148228,1,20,21,completed,2
7688,Rigid,1148207,1148208,1148237,1,29,30,completed,2
7689,Rigid,1148207,1148208,1148219,1,11,12,completed,2
7690,Rigid,1148208,1148208,1148219,0,11,11,completed,2
7691,Rigid,1148208,1148208,1148218,0,10,10,completed,2
7692,Rigid,1148208,1148208,1148229,0,21,21,completed,2
7693,Rigid,1148208,1148208,1148218,0,10,10,completed,2
7694,Rigid,1148208,1148208,1148218,0,10,10,completed,2
7695,Rigid,1148208,1148208,1148218,0,10,10,completed,2
7696,Rigid,1148208,1148208,1148218,0,10,10,completed,2
7697,Rigid,1148208,1148208,1148230,0,22,22,completed,2
7698,Rigid,1148208,1148208,1148218,0,10,10,completed,2
7699,Rigid,1148208,1148208,1148218,0,10,10,completed,2
7700,Rigid,1148208,1148208,1148217,0,9,9,completed,2
7701,Rigid,1148208,1148208,1148233,0,25,25,completed,2
7702,Rigid,1148208,1148208,1148218,0,10,10,completed,2
7703,Rigid,1148208,1148208,1148218,0,10,10,completed,2
7704,Rigid,1148208,1148208,1148218,0,10,10,completed,2
7705,Rigid,1148208,1148208,1148218,0,10,10,completed,2
7706,Rigid,1148208,1148208,1148234,0,26,26,completed,2
7707,Rigid,1148208,1148208,1148218,0,10,10,completed,2
7708,Rigid,1148208,1148208,1148218,0,10,10,completed,2
7709,Rigid,1148208,1148208,1148230,0,22,22,completed,2
7710,Rigid,1148209,1148209,1148218,0,9,9,completed,2
7711,Rigid,1148209,1148209,1148217,0,8,8,completed,2
7712,Rigid,1148209,1148209,1148217,0,8,8,completed,2
7713,Rigid,1148209,1148209,1148218,0,9,9,completed,2
7714,Rigid,1148209,1148209,1148247,0,38,38,completed,2
7715,Rigid,1148209,1148209,1148218,0,9,9,completed,2
7716,Rigid,1148209,1148209,1148217,0,8,8,completed,2
7717,Rigid,1148209,1148209,1148217,0,8,8,completed,2
7718,Rigid,1148209,1148209,1148217,0,8,8,completed,2
7719,Rigid,1148209,1148209,1148249,0,40,40,completed,2
7720,Rigid,1148209,1148209,1148217,0,8,8,completed,2
7721,Rigid,1148209,1148212,1148217,3,5,8,completed,2
7722,Rigid,1148209,1148212,1148217,3,5,8,completed,2
7723,Rigid,1148209,1148212,1148238,3,26,29,completed,2
7724,Rigid,1148209,1148212,1148218,3,6,9,completed,2
7725,Rigid,1148209,1148212,1148217,3,5,8,completed,2
7726,Rigid,1148209,1148212,1148217,3,5,8,completed,2
7727,Rigid,1148209,1148212,1148217,3,5,8,completed,2
7728,Rigid,1148209,1148212,1148233,3,21,24,completed,2
7729,Rigid,1148209,1148212,1148227,3,15,18,completed,2
7730,Rigid,1148210,1148212,1148217,2,5,7,completed,2
7731,Rigid,1148210,1148212,1148227,2,15,17,completed,2
7732,Rigid,1148210,1148212,1148230,2,18,20,completed,2
7733,Rigid,1148210,1148212,1148218,2,6,8,completed,2
7734,Rigid,1148210,1148212,1148217,2,5,7,completed,2
7735,Rigid,1148210,1148212,1148217,2,5,7,completed,2
7736,Rigid,1148226,1148226,1148246,0,20,20,completed,2
7737,Rigid,1148226,1148226,1148245,0,19,19,completed,2
7738,Rigid,1148227,1148229,1148246,2,17,19,completed,2
7739,Rigid,1148227,1148229,1148246,2,17,19,completed,2
7740,Rigid,1148228,1148229,1148246,1,17,18,completed,2
7741,Rigid,1148228,1148229,1148246,1,17,18,completed,2
7742,Rigid,1148228,1148229,1148246,1,17,18,completed,2
7743,Rigid,1148228,1148229,1148246,1,17,18,completed,2
7744,Rigid,1148228,1148229,1148246,1,17,18,completed,2
7745,Rigid,1148228,1148229,1148246,1,17,18,completed,2
7746,Rigid,1148228,1148229,1148246,1,17,18,completed,2
7747,Rigid,1148228,1148229,1148246,1,17,18,completed,2
7748,Rigid,1148228,1148229,1148246,1,17,18,completed,2
7749,Rigid,1148228,1148229,1148246,1,17,18,completed,2
7750,Rigid,1148228,1148229,1148245,1,16,17,completed,2
7751,Rigid,1148228,1148229,1148245,1,16,17,completed,2
7752,Rigid,1148228,1148229,1148245,1,16,17,completed,2
7753,Rigid,1148229,1148229,1148245,0,16,16,completed,2
7754,Rigid,1148229,1148229,1148245,0,16,16,completed,2
7755,Rigid,1148229,1148229,1148245,0,16,16,completed,2
7756,Rigid,1148229,1148229,1148245,0,16,16,completed,2
7757,Rigid,1148229,1148229,1148245,0,16,16,completed,2
7758,Rigid,1148229,1148229,1148245,0,16,16,completed,2
7759,Rigid,1148229,1148229,1148245,0,16,16,completed,2
7760,Rigid,1148229,1148229,1148245,0,16,16,completed,2
7761,Rigid,1148229,1148229,1148245,0,16,16,completed,2
7762,Rigid,1148230,1148230,1148245,0,15,15,completed,2
7763,Rigid,1148230,1148230,1148245,0,15,15,completed,2
7764,Rigid,1148230,1148230,1148245,0,15,15,completed,2
7765,Rigid,1148230,1148231,1148245,1,14,15,completed,2
7766,Rigid,1148231,1148231,1148245,0,14,14,completed,2
7767,Rigid,1148231,1148231,1148245,0,14,14,completed,2
7768,Rigid,1148231,1148231,1148245,0,14,14,completed,2
7769,Rigid,1148231,1148231,1148245,0,14,14,completed,2
7770,Rigid,1148231,1148231,1148245,0,14,14,completed,2
7771,Rigid,1148231,1148231,1148245,0,14,14,completed,2
7772,Rigid,1148231,1148231,1148245,0,14,14,completed,2
7773,Rigid,1148231,1148231,1148245,0,14,14,completed,2
7774,Rigid,1148231,1148231,1148245,0,14,14,completed,2
7775,Rigid,1148231,1148231,1148245,0,14,14,completed,2
7776,Rigid,1148231,1148231,1148245,0,14,14,completed,2
7777,Rigid,1148231,1148231,1148245,0,14,14,completed,2
7778,Rigid,1148231,1148231,1148245,0,14,14,completed,2
7779,Rigid,1148232,1148232,1148246,0,14,14,completed,2
7780,Rigid,1148232,1148234,1148245,2,11,13,completed,2
7781,Rigid,1148232,1148234,1148245,2,11,13,completed,2
7782,Rigid,1148232,1148234,1148245,2,11,13,completed,2
7783,Rigid,1148232,1148234,1148245,2,11,13,completed,2
7784,Rigid,1148232,1148234,1148245,2,11,13,completed,2
7785,Rigid,1148232,1148234,1148245,2,11,13,completed,2
7786,Rigid,1148232,1148234,1148245,2,11,13,completed,2
7787,Rigid,1148232,1148234,1148245,2,11,13,completed,2
7788,Rigid,1148233,1148234,1148245,1,11,12,completed,2
7789,Rigid,1148233,1148234,1148245,1,11,12,completed,2
7790,Rigid,1148233,1148234,1148245,1,11,12,completed,2
7791,Rigid,1148233,1148234,1148245,1,11,12,completed,2
7792,Rigid,1148233,1148234,1148245,1,11,12,completed,2
7793,Rigid,1148234,1148234,1148245,0,11,11,completed,2
7794,Rigid,1148234,1148234,1148245,0,11,11,completed,2
7795,Rigid,1148234,1148234,1148245,0,11,11,completed,2
7796,Rigid,1148234,1148234,1148245,0,11,11,completed,2
7797,Rigid,1148235,1148235,1148245,0,10,10,completed,2
7798,Rigid,1148235,1148235,1148245,0,10,10,completed,2
7799,Rigid,1148235,1148235,1148245,0,10,10,completed,2
7800,Rigid,1148235,1148235,1148245,0,10,10,completed,2
7801,Rigid,1148235,1148235,1148245,0,10,10,completed,2
7802,Rigid,1148235,1148235,1148245,0,10,10,completed,2
7803,Rigid,1148235,1148235,1148245,0,10,10,completed,2
7804,Rigid,1148235,1148235,1148245,0,10,10,completed,2
7805,Rigid,1148235,1148236,1148245,1,9,10,completed,2
7806,Rigid,1148324,1148325,1148956,1,631,632,completed,36
7807,Rigid,1148693,1148693,1149199,0,506,506,completed,36
7808,Rigid,1148823,1148823,1154199,0,5376,5376,completed,1
7809,Rigid,1148901,1148901,1148915,0,14,14,completed,4
7810,Rigid,1149364,1149365,1149374,1,9,10,completed,4
7811,Rigid,1149574,1149574,1289064,0,139490,139490,completed,36
7812,Rigid,1149574,1149574,1283040,0,133466,133466,completed,36
7813,Rigid,1149574,1149574,1287347,0,137773,137773,completed,36
7814,Rigid,1149574,1149574,1276910,0,127336,127336,completed,36
7815,Rigid,1149574,1149574,1284257,0,134683,134683,completed,36
7816,Rigid,1149574,1149574,1286083,0,136509,136509,completed,36
7817,Rigid,1149574,1149578,1284610,4,135032,135036,completed,36
7818,Rigid,1149574,1149578,1277620,4,128042,128046,completed,36
7819,Rigid,1149575,1149578,1279183,3,129605,129608,completed,36
7820,Rigid,1149575,1149578,1283547,3,133969,133972,completed,36
7821,Rigid,1149575,1149578,1276574,3,126996,126999,completed,36
7822,Rigid,1149575,1149578,1284517,3,134939,134942,completed,36
7823,Rigid,1149575,1149578,1277525,3,127947,127950,completed,36
7824,Rigid,1149575,1149578,1279540,3,129962,129965,completed,36
7825,Rigid,1149575,1149578,1284111,3,134533,134536,completed,36
7826,Rigid,1149575,1149578,1272112,3,122534,122537,completed,36
7827,Rigid,1149575,1149578,1273358,3,123780,123783,completed,36
7828,Rigid,1149575,1149578,1275394,3,125816,125819,completed,36
7829,Rigid,1149575,1149578,1307712,3,158134,158137,completed,36
7830,Rigid,1149575,1149578,1296886,3,147308,147311,completed,36
7831,Rigid,1149575,1149578,1285884,3,136306,136309,completed,36
7832,Rigid,1149575,1149578,1286135,3,136557,136560,completed,36
7833,Rigid,1149575,1149578,1315124,3,165546,165549,completed,36
7834,Rigid,1149575,1149578,1290399,3,140821,140824,completed,36
7835,Rigid,1149575,1149578,1276206,3,126628,126631,completed,36
7836,Rigid,1149576,1149578,1274373,2,124795,124797,completed,36
7837,Rigid,1149576,1149578,1274503,2,124925,124927,completed,36
7838,Rigid,1149576,1149578,1276542,2,126964,126966,completed,36
7839,Rigid,1149576,1149578,1282899,2,133321,133323,completed,36
7840,Rigid,1149576,1149578,1291753,2,142175,142177,completed,36
7841,Rigid,1149690,1149691,1149701,1,10,11,completed,4
7842,Rigid,1149972,1149973,1149980,1,7,8,completed,4
7843,Rigid,1150063,1150063,1157804,0,7741,7741,completed,36
7844,Rigid,1150063,1150063,1163199,0,13136,13136,completed,36
7845,Rigid,1150063,1150063,1154644,0,4581,4581,completed,36
7846,Rigid,1150063,1150063,1153405,0,3342,3342,completed,36
7847,Rigid,1150063,1150067,1154686,4,4619,4623,completed,36
7848,Rigid,1150063,1150067,1156627,4,6560,6564,completed,36
7849,Rigid,1150063,1150067,1166237,4,16170,16174,completed,36
7850,Rigid,1150063,1150067,1159141,4,9074,9078,completed,36
7851,Rigid,1150064,1150067,1162664,3,12597,12600,completed,36
7852,Rigid,1150064,1150067,1160163,3,10096,10099,completed,36
7853,Rigid,1150064,1150067,1153322,3,3255,3258,completed,36
7854,Rigid,1150064,1150067,1159313,3,9246,9249,completed,36
7855,Rigid,1150064,1150067,1162974,3,12907,12910,completed,36
7856,Rigid,1150064,1150067,1164861,3,14794,14797,completed,36
7857,Rigid,1150064,1150067,1156958,3,6891,6894,completed,36
7858,Rigid,1150064,1150067,1160614,3,10547,10550,completed,36
7859,Rigid,1150064,1150067,1168071,3,18004,18007,completed,36
7860,Rigid,1150064,1150067,1154818,3,4751,4754,completed,36
7861,Rigid,1150065,1150067,1165776,2,15709,15711,completed,36
7862,Rigid,1150065,1150067,1155016,2,4949,4951,completed,36
7863,Rigid,1150065,1150067,1158846,2,8779,8781,completed,36
7864,Rigid,1150065,1150067,1159010,2,8943,8945,completed,36
7865,Rigid,1150065,1150067,1155603,2,5536,5538,completed,36
7866,Rigid,1150065,1150067,1155683,2,5616,5618,completed,36
7867,Rigid,1150065,1150067,1158656,2,8589,8591,completed,36
7868,Rigid,1150065,1150067,1159126,2,9059,9061,completed,36
7869,Rigid,1150066,1150067,1155903,1,5836,5837,completed,36
7870,Rigid,1150066,1150067,1159222,1,9155,9156,completed,36
7871,Rigid,1150066,1150067,1161196,1,11129,11130,completed,36
7872,Rigid,1150066,1150067,1158157,1,8090,8091,completed,36
7873,Rigid,1150066,1150067,1153480,1,3413,3414,completed,36
7874,Rigid,1150066,1150067,1155508,1,5441,5442,completed,36
7875,Rigid,1150066,1150067,1153865,1,3798,3799,completed,36
7876,Rigid,1150066,1150067,1155840,1,5773,5774,completed,36
7877,Rigid,1150066,1150067,1153394,1,3327,3328,completed,36
7878,Rigid,1150066,1150067,1154218,1,4151,4152,completed,36
7879,Rigid,1150066,1150067,1156546,1,6479,6480,completed,36
7880,Rigid,1150067,1150067,1158056,0,7989,7989,completed,36
7881,Rigid,1150067,1150067,1155535,0,5468,5468,completed,36
7882,Rigid,1150067,1150067,1154018,0,3951,3951,completed,36
7883,Rigid,1150067,1150067,1154233,0,4166,4166,completed,36
7884,Rigid,1150067,1150067,1156035,0,5968,5968,completed,36
7885,Rigid,1150067,1150071,1161836,4,11765,11769,completed,36
7886,Rigid,1150067,1150071,1168753,4,18682,18686,completed,36
7887,Rigid,1150067,1150071,1154510,4,4439,4443,completed,36
7888,Rigid,1150068,1150071,1155447,3,5376,5379,completed,36
7889,Rigid,1150068,1150071,1155264,3,5193,5196,completed,36
7890,Rigid,1150068,1150071,1157024,3,6953,6956,completed,36
7891,Rigid,1150068,1150071,1157889,3,7818,7821,completed,36
7892,Rigid,1150068,1150071,1165055,3,14984,14987,completed,36
7893,Rigid,1150068,1150071,1158179,3,8108,8111,completed,36
7894,Rigid,1150068,1150071,1163753,3,13682,13685,completed,36
7895,Rigid,1150068,1150071,1155106,3,5035,5038,completed,36
7896,Rigid,1150068,1150071,1153771,3,3700,3703,completed,36
7897,Rigid,1150069,1150071,1154590,2,4519,4521,completed,36
7898,Rigid,1150069,1150071,1156349,2,6278,6280,completed,36
7899,Rigid,1150069,1150071,1166055,2,15984,15986,completed,36
7900,Rigid,1150069,1150071,1159137,2,9066,9068,completed,36
7901,Rigid,1150069,1150071,1163326,2,13255,13257,completed,36
7902,Rigid,1150069,1150071,1160198,2,10127,10129,completed,36
7903,Rigid,1150069,1150071,1153569,2,3498,3500,completed,36
7904,Rigid,1150069,1150071,1159300,2,9229,9231,completed,36
7905,Rigid,1150069,1150071,1162933,2,12862,12864,completed,36
7906,Rigid,1150069,1150071,1164974,2,14903,14905,completed,36
7907,Rigid,1150070,1150071,1156942,1,6871,6872,completed,36
7908,Rigid,1150070,1150071,1161082,1,11011,11012,completed,36
7909,Rigid,1150070,1150071,1168272,1,18201,18202,completed,36
7910,Rigid,1150070,1150071,1154396,1,4325,4326,completed,36
7911,Rigid,1150070,1150071,1166727,1,16656,16657,completed,36
7912,Rigid,1150070,1150071,1155383,1,5312,5313,completed,36
7913,Rigid,1150070,1150071,1159172,1,9101,9102,completed,36
7914,Rigid,1150070,1150071,1158994,1,8923,8924,completed,36
7915,Rigid,1150070,1150071,1155576,1,5505,5506,completed,36
7916,Rigid,1150071,1150071,1155555,0,5484,5484,completed,36
7917,Rigid,1150071,1150071,1158583,0,8512,8512,completed,36
7918,Rigid,1150071,1150071,1159167,0,9096,9096,completed,36
7919,Rigid,1150071,1150071,1155852,0,5781,5781,completed,36
7920,Rigid,1150071,1150073,1159206,2,9133,9135,completed,36
7921,Rigid,1150072,1150073,1161063,1,10990,10991,completed,36
7922,Rigid,1150072,1150073,1158446,1,8373,8374,completed,36
7923,Rigid,1150072,1150936,1154435,864,3499,4363,completed,36
7924,Rigid,1150072,1152968,1157982,2896,5014,7910,completed,36
7925,Rigid,1150072,1152968,1157096,2896,4128,7024,completed,36
7926,Rigid,1150072,1153323,1159104,3251,5781,9032,completed,36
7927,Rigid,1150073,1153396,1156728,3323,3332,6655,completed,36
7928,Rigid,1150073,1153406,1157527,3333,4121,7454,completed,36
7929,Rigid,1150073,1153481,1160042,3408,6561,9969,completed,36
7930,Rigid,1150073,1153505,1160993,3432,7488,10920,completed,36
7931,Rigid,1150073,1153570,1158653,3497,5083,8580,completed,36
7932,Rigid,1150073,1153773,1158341,3700,4568,8268,completed,36
7933,Rigid,1150074,1153836,1157708,3762,3872,7634,completed,36
7934,Rigid,1150074,1153867,1159727,3793,5860,9653,completed,36
7935,Rigid,1150074,1154019,1165483,3945,11464,15409,completed,36
7936,Rigid,1150074,1154220,1173944,4146,19724,23870,completed,36
7937,Rigid,1150074,1154234,1158982,4160,4748,8908,completed,36
7938,Rigid,1150074,1154397,1159874,4323,5477,9800,completed,36
7939,Rigid,1150074,1154437,1159279,4363,4842,9205,completed,36
7940,Rigid,1150074,1154513,1161220,4439,6707,11146,completed,36
7941,Rigid,1150075,1154591,1162531,4516,7940,12456,completed,36
7942,Rigid,1150075,1154645,1168825,4570,14180,18750,completed,36
7943,Rigid,1150075,1154687,1162520,4612,7833,12445,completed,36
7944,Rigid,1150075,1154819,1167655,4744,12836,17580,completed,36
7945,Rigid,1150075,1155103,1159652,5028,4549,9577,completed,36
7946,Rigid,1150075,1155107,1158334,5032,3227,8259,completed,36
7947,Rigid,1150075,1155265,1159842,5190,4577,9767,completed,36
7948,Rigid,1150075,1155384,1161857,5309,6473,11782,completed,36
7949,Rigid,1150075,1155449,1170568,5374,15119,20493,completed,36
7950,Rigid,1150075,1155510,1164450,5435,8940,14375,completed,36
7951,Rigid,1150076,1155536,1168536,5460,13000,18460,completed,36
7952,Rigid,1150076,1155556,1165961,5480,10405,15885,completed,36
7953,Rigid,1150076,1155577,1158912,5501,3335,8836,completed,36
7954,Rigid,1150076,1155604,1164713,5528,9109,14637,completed,36
7955,Rigid,1150076,1155684,1168456,5608,12772,18380,completed,36
7956,Rigid,1150077,1155842,1170460,5765,14618,20383,completed,36
7957,Rigid,1150077,1155853,1162653,5776,6800,12576,completed,36
7958,Rigid,1150077,1155905,1166651,5828,10746,16574,completed,36
7959,Rigid,1150077,1156109,1174234,6032,18125,24157,completed,36
7960,Rigid,1150077,1156109,1160509,6032,4400,10432,completed,36
7961,Rigid,1150077,1156109,1172711,6032,16602,22634,completed,36
7962,Rigid,1150078,1156349,1161785,6271,5436,11707,completed,36
7963,Rigid,1150078,1156547,1165563,6469,9016,15485,completed,36
7964,Rigid,1150078,1156628,1165537,6550,8909,15459,completed,36
7965,Rigid,1150078,1156729,1162119,6651,5390,12041,completed,36
7966,Rigid,1150078,1156943,1162151,6865,5208,12073,completed,36
7967,Rigid,1150078,1156961,1165877,6883,8916,15799,completed,36
7968,Rigid,1150078,1157025,1165897,6947,8872,15819,completed,36
7969,Rigid,1150079,1157097,1163015,7018,5918,12936,completed,36
7970,Rigid,1150079,1157528,1166561,7449,9033,16482,completed,36
7971,Rigid,1150079,1157710,1168666,7631,10956,18587,completed,36
7972,Rigid,1150079,1157805,1166053,7726,8248,15974,completed,36
7973,Rigid,1150079,1157890,1161267,7811,3377,11188,completed,36
7974,Rigid,1150079,1157984,1163567,7905,5583,13488,completed,36
7975,Rigid,1150079,1158057,1162162,7978,4105,12083,completed,36
7976,Rigid,1150079,1158159,1163932,8080,5773,13853,completed,36
7977,Rigid,1150079,1158181,1161653,8102,3472,11574,completed,36
7978,Rigid,1150080,1158336,1162583,8256,4247,12503,completed,36
7979,Rigid,1150080,1158342,1164843,8262,6501,14763,completed,36
7980,Rigid,1150080,1158448,1166274,8368,7826,16194,completed,36
7981,Rigid,1150080,1158584,1163895,8504,5311,13815,completed,36
7982,Rigid,1150080,1158654,1163202,8574,4548,13122,completed,36
7983,Rigid,1150080,1158657,1163043,8577,4386,12963,completed,36
7984,Rigid,1150080,1158847,1164752,8767,5905,14672,completed,36
7985,Rigid,1150080,1158914,1170406,8834,11492,20326,completed,36
7986,Rigid,1150080,1158983,1177406,8903,18423,27326,completed,36
7987,Rigid,1150081,1158996,1163474,8915,4478,13393,completed,36
7988,Rigid,1150081,1159011,1164306,8930,5295,14225,completed,36
7989,Rigid,1150081,1159106,1164031,9025,4925,13950,completed,36
7990,Rigid,1150081,1159128,1165902,9047,6774,15821,completed,36
7991,Rigid,1150081,1159139,1167072,9058,7933,16991,completed,36
7992,Rigid,1150081,1159142,1174165,9061,15023,24084,completed,36
7993,Rigid,1150081,1159168,1167266,9087,8098,17185,completed,36
7994,Rigid,1150081,1159173,1172805,9092,13632,22724,completed,36
7995,Rigid,1150082,1159207,1164032,9125,4825,13950,completed,36
7996,Rigid,1150082,1159224,1162425,9142,3201,12343,completed,36
7997,Rigid,1150082,1159280,1163945,9198,4665,13863,completed,36
7998,Rigid,1150082,1159301,1165665,9219,6364,15583,completed,36
7999,Rigid,1150082,1159315,1175277,9233,15962,25195,completed,36
8000,Rigid,1150082,1159653,1168561,9571,8908,18479,completed,36
8001,Rigid,1150083,1159871,1172923,9788,13052,22840,completed,36
8002,Rigid,1150083,1159901,1170359,9818,10458,20276,completed,36
8003,Rigid,1150083,1159931,1163289,9848,3358,13206,completed,36
8004,Rigid,1150083,1160199,1169106,10116,8907,19023,completed,36
8005,Rigid,1150083,1160249,1173131,10166,12882,23048,completed,36
8006,Rigid,1150084,1160250,1175166,10166,14916,25082,completed,36
8007,Rigid,1150084,1160510,1167581,10426,7071,17497,completed,36
8008,Rigid,1150084,1160615,1171481,10531,10866,21397,completed,36
8009,Rigid,1150084,1161083,1179153,10999,18070,29069,completed,36
8010,Rigid,1150084,1161197,1165796,11113,4599,15712,completed,36
8011,Rigid,1150084,1161222,1177705,11138,16483,27621,completed,36
8012,Rigid,1150084,1161269,1166568,11185,5299,16484,completed,36
8013,Rigid,1150085,1161279,1169957,11194,8678,19872,completed,36
8014,Rigid,1150085,1161655,1170434,11570,8779,20349,completed,36
8015,Rigid,1150085,1161694,1167066,11609,5372,16981,completed,36
8016,Rigid,1150085,1161786,1166990,11701,5204,16905,completed,36
8017,Rigid,1150085,1161837,1170283,11752,8446,20198,completed,36
8018,Rigid,1150085,1161858,1170728,11773,8870,20643,completed,36
8019,Rigid,1150085,1162120,1167963,12035,5843,17878,completed,36
8020,Rigid,1150086,1162152,1171099,12066,8947,21013,completed,36
8021,Rigid,1150086,1162163,1173029,12077,10866,22943,completed,36
8022,Rigid,1150086,1162426,1170581,12340,8155,20495,completed,36
8023,Rigid,1150086,1162521,1166169,12435,3648,16083,completed,36
8024,Rigid,1150086,1162532,1167976,12446,5444,17890,completed,36
8025,Rigid,1150086,1162584,1166958,12498,4374,16872,completed,36
8026,Rigid,1150087,1162654,1168427,12567,5773,18340,completed,36
8027,Rigid,1150087,1162666,1166098,12579,3432,16011,completed,36
8028,Rigid,1150087,1162934,1166880,12847,3946,16793,completed,36
8029,Rigid,1150087,1162975,1169525,12888,6550,19438,completed,36
8030,Rigid,1150087,1163017,1170842,12930,7825,20755,completed,36
8031,Rigid,1150087,1163044,1168433,12957,5389,18346,completed,36
8032,Rigid,1150088,1163200,1167519,13112,4319,17431,completed,36
8033,Rigid,1150088,1163204,1167254,13116,4050,17166,completed,36
8034,Rigid,1150088,1163290,1169224,13202,5934,19136,completed,36
8035,Rigid,1150088,1163327,1174906,13239,11579,24818,completed,36
8036,Rigid,1150088,1163475,1181894,13387,18419,31806,completed,36
8037,Rigid,1150088,1163583,1168363,13495,4780,18275,completed,36
8038,Rigid,1150089,1164732,1170209,14643,5477,20120,completed,36
8039,Rigid,1150089,1164763,1169232,14674,4469,19143,completed,36
8040,Rigid,1150089,1165575,1172385,15486,6810,22296,completed,36
8041,Rigid,1150089,1165575,1173202,15486,7627,23113,completed,36
8042,Rigid,1150089,1165668,1179555,15579,13887,29466,completed,36
8043,Rigid,1150461,1150462,1150478,1,16,17,completed,2
8044,Rigid,1150461,1150462,1150478,1,16,17,completed,2
8045,Rigid,1150462,1150462,1150478,0,16,16,completed,2
8046,Rigid,1150462,1150462,1150478,0,16,16,completed,2
8047,Rigid,1150462,1150462,1150478,0,16,16,completed,2
8048,Rigid,1150462,1150462,1150478,0,16,16,completed,2
8049,Rigid,1150462,1150462,1150478,0,16,16,completed,2
8050,Rigid,1150462,1150462,1150478,0,16,16,completed,2
8051,Rigid,1150462,1150462,1150478,0,16,16,completed,2
8052,Rigid,1150462,1150462,1150477,0,15,15,completed,2
8053,Rigid,1150462,1150462,1150478,0,16,16,completed,2
8054,Rigid,1150462,1150462,1150478,0,16,16,completed,2
8055,Rigid,1150462,1150462,1150478,0,16,16,completed,2
8056,Rigid,1150462,1150462,1150478,0,16,16,completed,2
8057,Rigid,1150462,1150462,1150478,0,16,16,completed,2
8058,Rigid,1150462,1150462,1150478,0,16,16,completed,2
8059,Rigid,1150462,1150462,1150478,0,16,16,completed,2
8060,Rigid,1150462,1150466,1150478,4,12,16,completed,2
8061,Rigid,1150462,1150466,1150478,4,12,16,completed,2
8062,Rigid,1150462,1150466,1150478,4,12,16,completed,2
8063,Rigid,1150484,1150484,1150490,0,6,6,completed,2
8064,Rigid,1150495,1150496,1150507,1,11,12,completed,2
8065,Rigid,1150529,1150531,1150544,2,13,15,completed,2
8066,Rigid,1150529,1150531,1150537,2,6,8,completed,2
8067,Rigid,1150529,1150531,1150537,2,6,8,completed,2
8068,Rigid,1150529,1150531,1150537,2,6,8,completed,2
8069,Rigid,1150529,1150531,1150537,2,6,8,completed,2
8070,Rigid,1150529,1150531,1150537,2,6,8,completed,2
8071,Rigid,1150529,1150531,1150550,2,19,21,completed,2
8072,Rigid,1150529,1150531,1150537,2,6,8,completed,2
8073,Rigid,1150529,1150531,1150537,2,6,8,completed,2
8074,Rigid,1150529,1150531,1150537,2,6,8,completed,2
8075,Rigid,1150529,1150531,1150537,2,6,8,completed,2
8076,Rigid,1150529,1150531,1150537,2,6,8,completed,2
8077,Rigid,1150529,1150531,1150537,2,6,8,completed,2
8078,Rigid,1150529,1150531,1150544,2,13,15,completed,2
8079,Rigid,1150529,1150531,1150537,2,6,8,completed,2
8080,Rigid,1150529,1150531,1150537,2,6,8,completed,2
8081,Rigid,1150529,1150531,1150537,2,6,8,completed,2
8082,Rigid,1150529,1150531,1150537,2,6,8,completed,2
8083,Rigid,1150529,1150531,1150537,2,6,8,completed,2
8084,Rigid,1150529,1150531,1150537,2,6,8,completed,2
8085,Rigid,1150529,1150531,1150549,2,18,20,completed,2
8086,Rigid,1150529,1150531,1150537,2,6,8,completed,2
8087,Rigid,1150529,1150531,1150537,2,6,8,completed,2
8088,Rigid,1150529,1150531,1150537,2,6,8,completed,2
8089,Rigid,1150529,1150531,1150547,2,16,18,completed,2
8090,Rigid,1150530,1150531,1150537,1,6,7,completed,2
8091,Rigid,1150530,1150531,1150537,1,6,7,completed,2
8092,Rigid,1150530,1150531,1150537,1,6,7,completed,2
8093,Rigid,1150530,1150531,1150537,1,6,7,completed,2
8094,Rigid,1150530,1150531,1150537,1,6,7,completed,2
8095,Rigid,1150530,1150531,1150537,1,6,7,completed,2
8096,Rigid,1150530,1150531,1150544,1,13,14,completed,2
8097,Rigid,1150530,1150531,1150537,1,6,7,completed,2
8098,Rigid,1150530,1150531,1150537,1,6,7,completed,2
8099,Rigid,1150530,1150531,1150537,1,6,7,completed,2
8100,Rigid,1150530,1150531,1150537,1,6,7,completed,2
8101,Rigid,1150530,1150531,1150537,1,6,7,completed,2
8102,Rigid,1150530,1150531,1150537,1,6,7,completed,2
8103,Rigid,1150530,1150531,1150537,1,6,7,completed,2
8104,Rigid,1150530,1150531,1150549,1,18,19,completed,2
8105,Rigid,1150530,1150531,1150537,1,6,7,completed,2
8106,Rigid,1150530,1150531,1150537,1,6,7,completed,2
8107,Rigid,1150530,1150531,1150537,1,6,7,completed,2
8108,Rigid,1150530,1150531,1150537,1,6,7,completed,2
8109,Rigid,1150530,1150531,1150537,1,6,7,completed,2
8110,Rigid,1150530,1150531,1150544,1,13,14,completed,2
8111,Rigid,1150530,1150531,1150537,1,6,7,completed,2
8112,Rigid,1150530,1150531,1150537,1,6,7,completed,2
8113,Rigid,1150530,1150531,1150537,1,6,7,completed,2
8114,Rigid,1150530,1150531,1150537,1,6,7,completed,2
8115,Rigid,1150530,1150531,1150537,1,6,7,completed,2
8116,Rigid,1150530,1150531,1150545,1,14,15,completed,2
8117,Rigid,1150530,1150531,1150537,1,6,7,completed,2
8118,Rigid,1150530,1150531,1150537,1,6,7,completed,2
8119,Rigid,1150530,1150531,1150537,1,6,7,completed,2
8120,Rigid,1150530,1150531,1150544,1,13,14,completed,2
8121,Rigid,1150530,1150531,1150537,1,6,7,completed,2
8122,Rigid,1150530,1150531,1150537,1,6,7,completed,2
8123,Rigid,1150530,1150531,1150537,1,6,7,completed,2
8124,Rigid,1150530,1150531,1150537,1,6,7,completed,2
8125,Rigid,1150530,1150531,1150537,1,6,7,completed,2
8126,Rigid,1150530,1150531,1150537,1,6,7,completed,2
8127,Rigid,1150530,1150531,1150554,1,23,24,completed,2
8128,Rigid,1150530,1150531,1150537,1,6,7,completed,2
8129,Rigid,1150530,1150531,1150537,1,6,7,completed,2
8130,Rigid,1150530,1150531,1150537,1,6,7,completed,2
8131,Rigid,1150530,1150531,1150537,1,6,7,completed,2
8132,Rigid,1150530,1150531,1150537,1,6,7,completed,2
8133,Rigid,1150530,1150531,1150554,1,23,24,completed,2
8134,Rigid,1150531,1150531,1150537,0,6,6,completed,2
8135,Rigid,1150531,1150531,1150537,0,6,6,completed,2
8136,Rigid,1150531,1150531,1150537,0,6,6,completed,2
8137,Rigid,1150531,1150531,1150537,0,6,6,completed,2
8138,Rigid,1150531,1150531,1150537,0,6,6,completed,2
8139,Rigid,1150531,1150531,1150537,0,6,6,completed,2
8140,Rigid,1150531,1150531,1150547,0,16,16,completed,2
8141,Rigid,1150531,1150531,1150537,0,6,6,completed,2
8142,Rigid,1150531,1150531,1150537,0,6,6,completed,2
8143,Rigid,1150531,1150531,1150537,0,6,6,completed,2
8144,Rigid,1150531,1150531,1150537,0,6,6,completed,2
8145,Rigid,1150531,1150531,1150550,0,19,19,completed,2
8146,Rigid,1150531,1150531,1150537,0,6,6,completed,2
8147,Rigid,1150531,1150531,1150537,0,6,6,completed,2
8148,Rigid,1150531,1150531,1150537,0,6,6,completed,2
8149,Rigid,1150531,1150531,1150537,0,6,6,completed,2
8150,Rigid,1150531,1150531,1150544,0,13,13,completed,2
8151,Rigid,1150531,1150531,1150537,0,6,6,completed,2
8152,Rigid,1150531,1150531,1150537,0,6,6,completed,2
8153,Rigid,1150531,1150531,1150537,0,6,6,completed,2
8154,Rigid,1150531,1150535,1150555,4,20,24,completed,2
8155,Rigid,1150531,1150535,1150577,4,42,46,completed,2
8156,Rigid,1150531,1150535,1150582,4,47,51,completed,2
8157,Rigid,1150531,1150535,1150555,4,20,24,completed,2
8158,Rigid,1150531,1150535,1150555,4,20,24,completed,2
8159,Rigid,1150532,1150535,1150555,3,20,23,completed,2
8160,Rigid,1150532,1150535,1150555,3,20,23,completed,2
8161,Rigid,1150532,1150535,1150555,3,20,23,completed,2
8162,Rigid,1150532,1150535,1150555,3,20,23,completed,2
8163,Rigid,1150532,1150535,1150565,3,30,33,completed,2
8164,Rigid,1150532,1150535,1150572,3,37,40,completed,2
8165,Rigid,1150532,1150535,1150555,3,20,23,completed,2
8166,Rigid,1150532,1150535,1150555,3,20,23,completed,2
8167,Rigid,1150532,1150535,1150555,3,20,23,completed,2
8168,Rigid,1150532,1150535,1150555,3,20,23,completed,2
8169,Rigid,1150532,1150535,1150590,3,55,58,completed,2
8170,Rigid,1150532,1150535,1150574,3,39,42,completed,2
8171,Rigid,1150532,1150535,1150593,3,58,61,completed,2
8172,Rigid,1150532,1150535,1150555,3,20,23,completed,2
8173,Rigid,1150532,1150535,1150555,3,20,23,completed,2
8174,Rigid,1150532,1150535,1150555,3,20,23,completed,2
8175,Rigid,1150532,1150535,1150555,3,20,23,completed,2
8176,Rigid,1150532,1150535,1150555,3,20,23,completed,2
8177,Rigid,1150532,1150535,1150585,3,50,53,completed,2
8178,Rigid,1150532,1150535,1150593,3,58,61,completed,2
8179,Rigid,1150532,1150535,1150585,3,50,53,completed,2
8180,Rigid,1150532,1150535,1150555,3,20,23,completed,2
8181,Rigid,1150532,1150535,1150555,3,20,23,completed,2
8182,Rigid,1150533,1150535,1150555,2,20,22,completed,2
8183,Rigid,1150533,1150535,1150555,2,20,22,completed,2
8184,Rigid,1150533,1150535,1150555,2,20,22,completed,2
8185,Rigid,1150533,1150535,1150588,2,53,55,completed,2
8186,Rigid,1150533,1150535,1150579,2,44,46,completed,2
8187,Rigid,1150533,1150535,1150565,2,30,32,completed,2
8188,Rigid,1150533,1150535,1150555,2,20,22,completed,2
8189,Rigid,1150533,1150535,1150555,2,20,22,completed,2
8190,Rigid,1150533,1150535,1150555,2,20,22,completed,2
8191,Rigid,1150533,1150535,1150555,2,20,22,completed,2
8192,Rigid,1150533,1150535,1150555,2,20,22,completed,2
8193,Rigid,1150533,1150535,1150577,2,42,44,completed,2
8194,Rigid,1150533,1150535,1150572,2,37,39,completed,2
8195,Rigid,1150533,1150535,1150555,2,20,22,completed,2
8196,Rigid,1150533,1150535,1150555,2,20,22,completed,2
8197,Rigid,1150533,1150535,1150555,2,20,22,completed,2
8198,Rigid,1150533,1150535,1150555,2,20,22,completed,2
8199,Rigid,1150533,1150535,1150555,2,20,22,completed,2
8200,Rigid,1150533,1150535,1150555,2,20,22,completed,2
8201,Rigid,1150533,1150535,1150566,2,31,33,completed,2
8202,Rigid,1150533,1150535,1150576,2,41,43,completed,2
8203,Rigid,1150533,1150535,1150555,2,20,22,completed,2
8204,Rigid,1150533,1150535,1150555,2,20,22,completed,2
8205,Rigid,1150533,1150535,1150555,2,20,22,completed,2
8206,Rigid,1150533,1150535,1150555,2,20,22,completed,2
8207,Rigid,1150533,1150535,1150555,2,20,22,completed,2
8208,Rigid,1150533,1150535,1150565,2,30,32,completed,2
8209,Rigid,1150533,1150535,1150555,2,20,22,completed,2
8210,Rigid,1150533,1150535,1150576,2,41,43,completed,2
8211,Rigid,1150533,1150535,1150555,2,20,22,completed,2
8212,Rigid,1150533,1150535,1150555,2,20,22,completed,2
8213,Rigid,1150533,1150535,1150555,2,20,22,completed,2
8214,Rigid,1150533,1150535,1150555,2,20,22,completed,2
8215,Rigid,1150533,1150535,1150559,2,24,26,completed,2
8216,Rigid,1150533,1150535,1150572,2,37,39,completed,2
8217,Rigid,1150533,1150535,1150572,2,37,39,completed,2
8218,Rigid,1150533,1150535,1150555,2,20,22,completed,2
8219,Rigid,1150533,1150535,1150555,2,20,22,completed,2
8220,Rigid,1150533,1150535,1150555,2,20,22,completed,2
8221,Rigid,1150533,1150535,1150555,2,20,22,completed,2
8222,Rigid,1150533,1150535,1150555,2,20,22,completed,2
8223,Rigid,1150533,1150535,1150555,2,20,22,completed,2
8224,Rigid,1150533,1150535,1150578,2,43,45,completed,2
8225,Rigid,1150533,1150535,1150578,2,43,45,completed,2
8226,Rigid,1150533,1150535,1150555,2,20,22,completed,2
8227,Rigid,1150533,1150535,1150555,2,20,22,completed,2
8228,Rigid,1150533,1150535,1150555,2,20,22,completed,2
8229,Rigid,1150534,1150535,1150555,1,20,21,completed,2
8230,Rigid,1150534,1150535,1150555,1,20,21,completed,2
8231,Rigid,1150534,1150535,1150573,1,38,39,completed,2
8232,Rigid,1150534,1150535,1150572,1,37,38,completed,2
8233,Rigid,1150534,1150535,1150555,1,20,21,completed,2
8234,Rigid,1150534,1150535,1150555,1,20,21,completed,2
8235,Rigid,1150534,1150535,1150555,1,20,21,completed,2
8236,Rigid,1150534,1150535,1150555,1,20,21,completed,2
8237,Rigid,1150534,1150535,1150555,1,20,21,completed,2
8238,Rigid,1150534,1150535,1150565,1,30,31,completed,2
8239,Rigid,1150534,1150535,1150582,1,47,48,completed,2
8240,Rigid,1150534,1150535,1150555,1,20,21,completed,2
8241,Rigid,1150534,1150535,1150555,1,20,21,completed,2
8242,Rigid,1150534,1150535,1150555,1,20,21,completed,2
8243,Rigid,1150534,1150535,1150555,1,20,21,completed,2
8244,Rigid,1150534,1150535,1150555,1,20,21,completed,2
8245,Rigid,1150534,1150535,1150555,1,20,21,completed,2
8246,Rigid,1150534,1150535,1150555,1,20,21,completed,2
8247,Rigid,1150534,1150535,1150565,1,30,31,completed,2
8248,Rigid,1150534,1150535,1150574,1,39,40,completed,2
8249,Rigid,1150534,1150535,1150555,1,20,21,completed,2
8250,Rigid,1150534,1150535,1150555,1,20,21,completed,2
8251,Rigid,1150534,1150535,1150555,1,20,21,completed,2
8252,Rigid,1150534,1150535,1150555,1,20,21,completed,2
8253,Rigid,1150534,1150535,1150555,1,20,21,completed,2
8254,Rigid,1150534,1150535,1150555,1,20,21,completed,2
8255,Rigid,1150534,1150535,1150576,1,41,42,completed,2
8256,Rigid,1150534,1150535,1150572,1,37,38,completed,2
8257,Rigid,1150534,1150535,1150555,1,20,21,completed,2
8258,Rigid,1150534,1150535,1150555,1,20,21,completed,2
8259,Rigid,1150534,1150535,1150555,1,20,21,completed,2
8260,Rigid,1150534,1150535,1150566,1,31,32,completed,2
8261,Rigid,1150534,1150535,1150572,1,37,38,completed,2
8262,Rigid,1150534,1150535,1150555,1,20,21,completed,2
8263,Rigid,1150534,1150535,1150555,1,20,21,completed,2
8264,Rigid,1150534,1150535,1150555,1,20,21,completed,2
8265,Rigid,1150538,1150539,1150555,1,16,17,completed,2
8266,Rigid,1150538,1150539,1150555,1,16,17,completed,2
8267,Rigid,1150538,1150539,1150555,1,16,17,completed,2
8268,Rigid,1150538,1150539,1150555,1,16,17,completed,2
8269,Rigid,1150538,1150539,1150555,1,16,17,completed,2
8270,Rigid,1150538,1150539,1150555,1,16,17,completed,2
8271,Rigid,1150538,1150539,1150555,1,16,17,completed,2
8272,Rigid,1150538,1150539,1150555,1,16,17,completed,2
8273,Rigid,1150538,1150539,1150555,1,16,17,completed,2
8274,Rigid,1150539,1150539,1150555,0,16,16,completed,2
8275,Rigid,1150539,1150539,1150555,0,16,16,completed,2
8276,Rigid,1150539,1150539,1150555,0,16,16,completed,2
8277,Rigid,1150539,1150539,1150555,0,16,16,completed,2
8278,Rigid,1150539,1150539,1150555,0,16,16,completed,2
8279,Rigid,1150539,1150539,1150555,0,16,16,completed,2
8280,Rigid,1150539,1150539,1150555,0,16,16,completed,2
8281,Rigid,1150539,1150543,1150555,4,12,16,completed,2
8282,Rigid,1150540,1150543,1150555,3,12,15,completed,2
8283,Rigid,1150540,1150543,1150555,3,12,15,completed,2
8284,Rigid,1150540,1150543,1150555,3,12,15,completed,2
8285,Rigid,1150540,1150543,1150555,3,12,15,completed,2
8286,Rigid,1150540,1150543,1150555,3,12,15,completed,2
8287,Rigid,1150540,1150543,1150555,3,12,15,completed,2
8288,Rigid,1150540,1150543,1150555,3,12,15,completed,2
8289,Rigid,1150540,1150543,1150555,3,12,15,completed,2
8290,Rigid,1150541,1150543,1150555,2,12,14,completed,2
8291,Rigid,1150541,1150543,1150555,2,12,14,completed,2
8292,Rigid,1150541,1150543,1150555,2,12,14,completed,2
8293,Rigid,1150541,1150543,1150555,2,12,14,completed,2
8294,Rigid,1150541,1150543,1150555,2,12,14,completed,2
8295,Rigid,1150541,1150543,1150555,2,12,14,completed,2
8296,Rigid,1150541,1150543,1150555,2,12,14,completed,2
8297,Rigid,1150541,1150543,1150555,2,12,14,completed,2
8298,Rigid,1150542,1150543,1150555,1,12,13,completed,2
8299,Rigid,1150542,1150543,1150555,1,12,13,completed,2
8300,Rigid,1150542,1150543,1150555,1,12,13,completed,2
8301,Rigid,1150542,1150543,1150555,1,12,13,completed,2
8302,Rigid,1150542,1150543,1150555,1,12,13,completed,2
8303,Rigid,1150542,1150543,1150555,1,12,13,completed,2
8304,Rigid,1150542,1150543,1150555,1,12,13,completed,2
8305,Rigid,1150542,1150543,1150555,1,12,13,completed,2
8306,Rigid,1150543,1150543,1150555,0,12,12,completed,2
8307,Rigid,1150543,1150543,1150555,0,12,12,completed,2
8308,Rigid,1150543,1150543,1150555,0,12,12,completed,2
8309,Rigid,1150543,1150543,1150555,0,12,12,completed,2
8310,Rigid,1150543,1150543,1150555,0,12,12,completed,2
8311,Rigid,1150543,1150543,1150555,0,12,12,completed,2
8312,Rigid,1150543,1150543,1150555,0,12,12,completed,2
8313,Rigid,1150543,1150543,1150555,0,12,12,completed,2
8314,Rigid,1150543,1150543,1150555,0,12,12,completed,2
8315,Rigid,1150544,1150545,1150555,1,10,11,completed,2
8316,Rigid,1150544,1150545,1150555,1,10,11,completed,2
8317,Rigid,1150544,1150545,1150555,1,10,11,completed,2
8318,Rigid,1150544,1150545,1150555,1,10,11,completed,2
8319,Rigid,1150544,1150545,1150555,1,10,11,completed,2
8320,Rigid,1150544,1150545,1150555,1,10,11,completed,2
8321,Rigid,1150544,1150545,1150555,1,10,11,completed,2
8322,Rigid,1150566,1150566,1150583,0,17,17,completed,2
8323,Rigid,1150566,1150566,1150583,0,17,17,completed,2
8324,Rigid,1150566,1150566,1150583,0,17,17,completed,2
8325,Rigid,1150566,1150566,1150583,0,17,17,completed,2
8326,Rigid,1150566,1150566,1150583,0,17,17,completed,2
8327,Rigid,1150566,1150566,1150583,0,17,17,completed,2
8328,Rigid,1150566,1150566,1150583,0,17,17,completed,2
8329,Rigid,1150566,1150566,1150583,0,17,17,completed,2
8330,Rigid,1150566,1150566,1150583,0,17,17,completed,2
8331,Rigid,1150566,1150566,1150583,0,17,17,completed,2
8332,Rigid,1150567,1150567,1150583,0,16,16,completed,2
8333,Rigid,1150567,1150567,1150583,0,16,16,completed,2
8334,Rigid,1150567,1150567,1150583,0,16,16,completed,2
8335,Rigid,1150567,1150567,1150583,0,16,16,completed,2
8336,Rigid,1150567,1150567,1150583,0,16,16,completed,2
8337,Rigid,1150988,1150988,1151001,0,13,13,completed,2
8338,Rigid,1150988,1150988,1151001,0,13,13,completed,2
8339,Rigid,1150988,1150988,1151003,0,15,15,completed,2
8340,Rigid,1150988,1150988,1151001,0,13,13,completed,2
8341,Rigid,1150988,1150988,1151001,0,13,13,completed,2
8342,Rigid,1150988,1150988,1151001,0,13,13,completed,2
8343,Rigid,1150988,1150988,1151001,0,13,13,completed,2
8344,Rigid,1150988,1150988,1151001,0,13,13,completed,2
8345,Rigid,1150988,1150988,1151001,0,13,13,completed,2
8346,Rigid,1150988,1150988,1151001,0,13,13,completed,2
8347,Rigid,1150988,1150988,1151001,0,13,13,completed,2
8348,Rigid,1150988,1150988,1151001,0,13,13,completed,2
8349,Rigid,1150988,1150988,1151001,0,13,13,completed,2
8350,Rigid,1150988,1150988,1151001,0,13,13,completed,2
8351,Rigid,1150988,1150988,1151001,0,13,13,completed,2
8352,Rigid,1150988,1150988,1151001,0,13,13,completed,2
8353,Rigid,1150988,1150988,1151001,0,13,13,completed,2
8354,Rigid,1150988,1150992,1151001,4,9,13,completed,2
8355,Rigid,1150988,1150992,1151001,4,9,13,completed,2
8356,Rigid,1150988,1150992,1151001,4,9,13,completed,2
8357,Rigid,1150989,1150992,1151001,3,9,12,completed,2
8358,Rigid,1150989,1150992,1151001,3,9,12,completed,2
8359,Rigid,1151297,1151298,1151310,1,12,13,completed,2
8360,Rigid,1151297,1151298,1151310,1,12,13,completed,2
8361,Rigid,1151297,1151298,1151310,1,12,13,completed,2
8362,Rigid,1151297,1151298,1151310,1,12,13,completed,2
8363,Rigid,1151297,1151298,1151310,1,12,13,completed,2
8364,Rigid,1151298,1151298,1151310,0,12,12,completed,2
8365,Rigid,1151298,1151298,1151310,0,12,12,completed,2
8366,Rigid,1151298,1151298,1151311,0,13,13,completed,2
8367,Rigid,1151298,1151298,1151310,0,12,12,completed,2
8368,Rigid,1151298,1151298,1151310,0,12,12,completed,2
8369,Rigid,1151298,1151298,1151310,0,12,12,completed,2
8370,Rigid,1151298,1151298,1151310,0,12,12,completed,2
8371,Rigid,1151298,1151298,1151310,0,12,12,completed,2
8372,Rigid,1151298,1151298,1151310,0,12,12,completed,2
8373,Rigid,1151298,1151298,1151310,0,12,12,completed,2
8374,Rigid,1151298,1151298,1151310,0,12,12,completed,2
8375,Rigid,1151298,1151298,1151310,0,12,12,completed,2
8376,Rigid,1151298,1151298,1151310,0,12,12,completed,2
8377,Rigid,1151298,1151298,1151310,0,12,12,completed,2
8378,Rigid,1151298,1151298,1151311,0,13,13,completed,2
8379,Rigid,1151298,1151298,1151310,0,12,12,completed,2
8380,Rigid,1151322,1151322,1151332,0,10,10,completed,2
8381,Rigid,1151355,1151356,1151361,1,5,6,completed,2
8382,Rigid,1151355,1151356,1151361,1,5,6,completed,2
8383,Rigid,1151355,1151356,1151361,1,5,6,completed,2
8384,Rigid,1151355,1151356,1151361,1,5,6,completed,2
8385,Rigid,1151355,1151356,1151361,1,5,6,completed,2
8386,Rigid,1151355,1151356,1151361,1,5,6,completed,2
8387,Rigid,1151355,1151356,1151361,1,5,6,completed,2
8388,Rigid,1151355,1151356,1151361,1,5,6,completed,2
8389,Rigid,1151355,1151356,1151361,1,5,6,completed,2
8390,Rigid,1151355,1151356,1151361,1,5,6,completed,2
8391,Rigid,1151355,1151356,1151361,1,5,6,completed,2
8392,Rigid,1151355,1151356,1151375,1,19,20,completed,2
8393,Rigid,1151355,1151356,1151361,1,5,6,completed,2
8394,Rigid,1151355,1151356,1151361,1,5,6,completed,2
8395,Rigid,1151355,1151356,1151372,1,16,17,completed,2
8396,Rigid,1151355,1151356,1151361,1,5,6,completed,2
8397,Rigid,1151355,1151356,1151361,1,5,6,completed,2
8398,Rigid,1151355,1151356,1151376,1,20,21,completed,2
8399,Rigid,1151356,1151356,1151361,0,5,5,completed,2
8400,Rigid,1151356,1151356,1151361,0,5,5,completed,2
8401,Rigid,1151356,1151356,1151361,0,5,5,completed,2
8402,Rigid,1151356,1151356,1151361,0,5,5,completed,2
8403,Rigid,1151356,1151356,1151367,0,11,11,completed,2
8404,Rigid,1151356,1151356,1151361,0,5,5,completed,2
8405,Rigid,1151356,1151356,1151361,0,5,5,completed,2
8406,Rigid,1151356,1151360,1151370,4,10,14,completed,2
8407,Rigid,1151356,1151360,1151370,4,10,14,completed,2
8408,Rigid,1151356,1151360,1151376,4,16,20,completed,2
8409,Rigid,1151356,1151360,1151370,4,10,14,completed,2
8410,Rigid,1151356,1151360,1151370,4,10,14,completed,2
8411,Rigid,1151356,1151360,1151370,4,10,14,completed,2
8412,Rigid,1151356,1151360,1151389,4,29,33,completed,2
8413,Rigid,1151356,1151360,1151370,4,10,14,completed,2
8414,Rigid,1151356,1151360,1151370,4,10,14,completed,2
8415,Rigid,1151356,1151360,1151370,4,10,14,completed,2
8416,Rigid,1151356,1151360,1151370,4,10,14,completed,2
8417,Rigid,1151356,1151360,1151379,4,19,23,completed,2
8418,Rigid,1151356,1151360,1151370,4,10,14,completed,2
8419,Rigid,1151357,1151360,1151371,3,11,14,completed,2
8420,Rigid,1151357,1151360,1151384,3,24,27,completed,2
8421,Rigid,1151357,1151360,1151370,3,10,13,completed,2
8422,Rigid,1151357,1151360,1151370,3,10,13,completed,2
8423,Rigid,1151357,1151360,1151370,3,10,13,completed,2
8424,Rigid,1151357,1151360,1151370,3,10,13,completed,2
8425,Rigid,1151357,1151360,1151370,3,10,13,completed,2
8426,Rigid,1151357,1151360,1151393,3,33,36,completed,2
8427,Rigid,1151357,1151360,1151370,3,10,13,completed,2
8428,Rigid,1151357,1151360,1151370,3,10,13,completed,2
8429,Rigid,1151357,1151360,1151370,3,10,13,completed,2
8430,Rigid,1151357,1151360,1151370,3,10,13,completed,2
8431,Rigid,1151357,1151360,1151402,3,42,45,completed,2
8432,Rigid,1151357,1151360,1151370,3,10,13,completed,2
8433,Rigid,1151357,1151360,1151370,3,10,13,completed,2
8434,Rigid,1151357,1151360,1151370,3,10,13,completed,2
8435,Rigid,1151357,1151360,1151408,3,48,51,completed,2
8436,Rigid,1151357,1151360,1151370,3,10,13,completed,2
8437,Rigid,1151357,1151360,1151370,3,10,13,completed,2
8438,Rigid,1151357,1151360,1151370,3,10,13,completed,2
8439,Rigid,1151357,1151360,1151395,3,35,38,completed,2
8440,Rigid,1151357,1151360,1151370,3,10,13,completed,2
8441,Rigid,1151357,1151360,1151370,3,10,13,completed,2
8442,Rigid,1151357,1151360,1151374,3,14,17,completed,2
8443,Rigid,1151357,1151360,1151384,3,24,27,completed,2
8444,Rigid,1151357,1151360,1151370,3,10,13,completed,2
8445,Rigid,1151357,1151360,1151407,3,47,50,completed,2
8446,Rigid,1151357,1151360,1151392,3,32,35,completed,2
8447,Rigid,1151357,1151360,1151402,3,42,45,completed,2
8448,Rigid,1151357,1151360,1151370,3,10,13,completed,2
8449,Rigid,1151357,1151360,1151370,3,10,13,completed,2
8450,Rigid,1151357,1151360,1151370,3,10,13,completed,2
8451,Rigid,1151357,1151360,1151370,3,10,13,completed,2
8452,Rigid,1151357,1151360,1151370,3,10,13,completed,2
8453,Rigid,1151357,1151360,1151393,3,33,36,completed,2
8454,Rigid,1151357,1151360,1151401,3,41,44,completed,2
8455,Rigid,1151357,1151360,1151382,3,22,25,completed,2
8456,Rigid,1151358,1151360,1151370,2,10,12,completed,2
8457,Rigid,1151358,1151360,1151370,2,10,12,completed,2
8458,Rigid,1151358,1151360,1151370,2,10,12,completed,2
8459,Rigid,1151358,1151360,1151370,2,10,12,completed,2
8460,Rigid,1151358,1151360,1151370,2,10,12,completed,2
8461,Rigid,1151358,1151360,1151402,2,42,44,completed,2
8462,Rigid,1151358,1151360,1151378,2,18,20,completed,2
8463,Rigid,1151358,1151360,1151405,2,45,47,completed,2
8464,Rigid,1151358,1151360,1151370,2,10,12,completed,2
8465,Rigid,1151358,1151360,1151370,2,10,12,completed,2
8466,Rigid,1151358,1151360,1151370,2,10,12,completed,2
8467,Rigid,1151358,1151360,1151370,2,10,12,completed,2
8468,Rigid,1151358,1151360,1151370,2,10,12,completed,2
8469,Rigid,1151358,1151360,1151370,2,10,12,completed,2
8470,Rigid,1151358,1151360,1151370,2,10,12,completed,2
8471,Rigid,1151358,1151360,1151370,2,10,12,completed,2
8472,Rigid,1151358,1151360,1151402,2,42,44,completed,2
8473,Rigid,1151358,1151360,1151399,2,39,41,completed,2
8474,Rigid,1151358,1151360,1151387,2,27,29,completed,2
8475,Rigid,1151358,1151360,1151370,2,10,12,completed,2
8476,Rigid,1151358,1151360,1151370,2,10,12,completed,2
8477,Rigid,1151358,1151360,1151370,2,10,12,completed,2
8478,Rigid,1151358,1151360,1151370,2,10,12,completed,2
8479,Rigid,1151358,1151360,1151370,2,10,12,completed,2
8480,Rigid,1151358,1151360,1151393,2,33,35,completed,2
8481,Rigid,1151358,1151360,1151398,2,38,40,completed,2
8482,Rigid,1151358,1151360,1151383,2,23,25,completed,2
8483,Rigid,1151358,1151360,1151370,2,10,12,completed,2
8484,Rigid,1151358,1151360,1151370,2,10,12,completed,2
8485,Rigid,1151358,1151360,1151370,2,10,12,completed,2
8486,Rigid,1151358,1151360,1151370,2,10,12,completed,2
8487,Rigid,1151358,1151360,1151370,2,10,12,completed,2
8488,Rigid,1151358,1151360,1151370,2,10,12,completed,2
8489,Rigid,1151358,1151360,1151370,2,10,12,completed,2
8490,Rigid,1151358,1151360,1151370,2,10,12,completed,2
8491,Rigid,1151358,1151360,1151387,2,27,29,completed,2
8492,Rigid,1151358,1151360,1151378,2,18,20,completed,2
8493,Rigid,1151358,1151360,1151370,2,10,12,completed,2
8494,Rigid,1151358,1151360,1151370,2,10,12,completed,2
8495,Rigid,1151358,1151360,1151370,2,10,12,completed,2
8496,Rigid,1151358,1151360,1151370,2,10,12,completed,2
8497,Rigid,1151359,1151360,1151370,1,10,11,completed,2
8498,Rigid,1151359,1151360,1151370,1,10,11,completed,2
8499,Rigid,1151359,1151360,1151370,1,10,11,completed,2
8500,Rigid,1151359,1151360,1151395,1,35,36,completed,2
8501,Rigid,1151359,1151360,1151393,1,33,34,completed,2
8502,Rigid,1151359,1151360,1151370,1,10,11,completed,2
8503,Rigid,1151359,1151360,1151370,1,10,11,completed,2
8504,Rigid,1151359,1151360,1151370,1,10,11,completed,2
8505,Rigid,1151359,1151360,1151370,1,10,11,completed,2
8506,Rigid,1151359,1151360,1151370,1,10,11,completed,2
8507,Rigid,1151359,1151360,1151370,1,10,11,completed,2
8508,Rigid,1151359,1151360,1151370,1,10,11,completed,2
8509,Rigid,1151359,1151360,1151378,1,18,19,completed,2
8510,Rigid,1151359,1151360,1151377,1,17,18,completed,2
8511,Rigid,1151359,1151360,1151370,1,10,11,completed,2
8512,Rigid,1151359,1151360,1151370,1,10,11,completed,2
8513,Rigid,1151359,1151360,1151370,1,10,11,completed,2
8514,Rigid,1151359,1151360,1151370,1,10,11,completed,2
8515,Rigid,1151359,1151360,1151370,1,10,11,completed,2
8516,Rigid,1151359,1151360,1151370,1,10,11,completed,2
8517,Rigid,1151359,1151360,1151370,1,10,11,completed,2
8518,Rigid,1151359,1151360,1151370,1,10,11,completed,2
8519,Rigid,1151359,1151360,1151384,1,24,25,completed,2
8520,Rigid,1151360,1151360,1151379,0,19,19,completed,2
8521,Rigid,1151360,1151360,1151370,0,10,10,completed,2
8522,Rigid,1151360,1151360,1151370,0,10,10,completed,2
8523,Rigid,1151360,1151360,1151370,0,10,10,completed,2
8524,Rigid,1151360,1151360,1151370,0,10,10,completed,2
8525,Rigid,1151360,1151364,1151370,4,6,10,completed,2
8526,Rigid,1151360,1151364,1151370,4,6,10,completed,2
8527,Rigid,1151360,1151364,1151370,4,6,10,completed,2
8528,Rigid,1151360,1151364,1151392,4,28,32,completed,2
8529,Rigid,1151361,1151364,1151392,3,28,31,completed,2
8530,Rigid,1151361,1151364,1151370,3,6,9,completed,2
8531,Rigid,1151361,1151364,1151370,3,6,9,completed,2
8532,Rigid,1151361,1151364,1151370,3,6,9,completed,2
8533,Rigid,1151361,1151364,1151370,3,6,9,completed,2
8534,Rigid,1151361,1151364,1151370,3,6,9,completed,2
8535,Rigid,1151361,1151364,1151370,3,6,9,completed,2
8536,Rigid,1151361,1151364,1151370,3,6,9,completed,2
8537,Rigid,1151361,1151364,1151388,3,24,27,completed,2
8538,Rigid,1151361,1151364,1151377,3,13,16,completed,2
8539,Rigid,1151362,1151364,1151370,2,6,8,completed,2
8540,Rigid,1151362,1151364,1151370,2,6,8,completed,2
8541,Rigid,1151362,1151364,1151370,2,6,8,completed,2
8542,Rigid,1151362,1151364,1151370,2,6,8,completed,2
8543,Rigid,1151362,1151364,1151370,2,6,8,completed,2
8544,Rigid,1151362,1151364,1151370,2,6,8,completed,2
8545,Rigid,1151362,1151364,1151370,2,6,8,completed,2
8546,Rigid,1151362,1151364,1151371,2,7,9,completed,2
8547,Rigid,1151362,1151364,1151389,2,25,27,completed,2
8548,Rigid,1151362,1151364,1151383,2,19,21,completed,2
8549,Rigid,1151362,1151364,1151370,2,6,8,completed,2
8550,Rigid,1151362,1151364,1151370,2,6,8,completed,2
8551,Rigid,1151362,1151364,1151370,2,6,8,completed,2
8552,Rigid,1151362,1151364,1151370,2,6,8,completed,2
8553,Rigid,1151363,1151364,1151370,1,6,7,completed,2
8554,Rigid,1151363,1151364,1151370,1,6,7,completed,2
8555,Rigid,1151363,1151364,1151370,1,6,7,completed,2
8556,Rigid,1151363,1151364,1151370,1,6,7,completed,2
8557,Rigid,1151363,1151364,1151377,1,13,14,completed,2
8558,Rigid,1151363,1151364,1151392,1,28,29,completed,2
8559,Rigid,1151363,1151364,1151370,1,6,7,completed,2
8560,Rigid,1151363,1151364,1151370,1,6,7,completed,2
8561,Rigid,1151363,1151364,1151370,1,6,7,completed,2
8562,Rigid,1151363,1151364,1151370,1,6,7,completed,2
8563,Rigid,1151363,1151364,1151370,1,6,7,completed,2
8564,Rigid,1151363,1151364,1151370,1,6,7,completed,2
8565,Rigid,1151363,1151364,1151370,1,6,7,completed,2
8566,Rigid,1151363,1151364,1151383,1,19,20,completed,2
8567,Rigid,1151363,1151364,1151394,1,30,31,completed,2
8568,Rigid,1151363,1151364,1151371,1,7,8,completed,2
8569,Rigid,1151363,1151364,1151370,1,6,7,completed,2
8570,Rigid,1151363,1151364,1151370,1,6,7,completed,2
8571,Rigid,1151363,1151364,1151370,1,6,7,completed,2
8572,Rigid,1151363,1151364,1151370,1,6,7,completed,2
8573,Rigid,1151363,1151364,1151377,1,13,14,completed,2
8574,Rigid,1151363,1151364,1151378,1,14,15,completed,2
8575,Rigid,1151363,1151364,1151370,1,6,7,completed,2
8576,Rigid,1151363,1151364,1151370,1,6,7,completed,2
8577,Rigid,1151363,1151364,1151370,1,6,7,completed,2
8578,Rigid,1151363,1151364,1151370,1,6,7,completed,2
8579,Rigid,1151363,1151364,1151370,1,6,7,completed,2
8580,Rigid,1151363,1151364,1151370,1,6,7,completed,2
8581,Rigid,1151363,1151364,1151370,1,6,7,completed,2
8582,Rigid,1151363,1151364,1151371,1,7,8,completed,2
8583,Rigid,1151363,1151364,1151371,1,7,8,completed,2
8584,Rigid,1151364,1151364,1151371,0,7,7,completed,2
8585,Rigid,1151364,1151364,1151371,0,7,7,completed,2
8586,Rigid,1151364,1151364,1151371,0,7,7,completed,2
8587,Rigid,1151364,1151364,1151370,0,6,6,completed,2
8588,Rigid,1151364,1151364,1151370,0,6,6,completed,2
8589,Rigid,1151364,1151365,1151370,1,5,6,completed,2
8590,Rigid,1151364,1151365,1151370,1,5,6,completed,2
8591,Rigid,1151364,1151365,1151370,1,5,6,completed,2
8592,Rigid,1151364,1151365,1151370,1,5,6,completed,2
8593,Rigid,1151364,1151365,1151370,1,5,6,completed,2
8594,Rigid,1151364,1151365,1151370,1,5,6,completed,2
8595,Rigid,1151365,1151365,1151370,0,5,5,completed,2
8596,Rigid,1151365,1151367,1151371,2,4,6,completed,2
8597,Rigid,1151365,1151367,1151371,2,4,6,completed,2
8598,Rigid,1151365,1151367,1151371,2,4,6,completed,2
8599,Rigid,1151365,1151367,1151371,2,4,6,completed,2
8600,Rigid,1151365,1151367,1151371,2,4,6,completed,2
8601,Rigid,1151365,1151367,1151371,2,4,6,completed,2
8602,Rigid,1151370,1151371,1151387,1,16,17,completed,2
8603,Rigid,1151370,1151371,1151387,1,16,17,completed,2
8604,Rigid,1151370,1151371,1151387,1,16,17,completed,2
8605,Rigid,1151370,1151371,1151387,1,16,17,completed,2
8606,Rigid,1151371,1151371,1151387,0,16,16,completed,2
8607,Rigid,1151371,1151371,1151387,0,16,16,completed,2
8608,Rigid,1151371,1151371,1151387,0,16,16,completed,2
8609,Rigid,1151371,1151371,1151387,0,16,16,completed,2
8610,Rigid,1151371,1151371,1151387,0,16,16,completed,2
8611,Rigid,1151372,1151372,1151387,0,15,15,completed,2
8612,Rigid,1151372,1151372,1151387,0,15,15,completed,2
8613,Rigid,1151372,1151372,1151387,0,15,15,completed,2
8614,Rigid,1151372,1151372,1151387,0,15,15,completed,2
8615,Rigid,1151372,1151372,1151387,0,15,15,completed,2
8616,Rigid,1151373,1151373,1151387,0,14,14,completed,2
8617,Rigid,1151373,1151373,1151387,0,14,14,completed,2
8618,Rigid,1151373,1151373,1151387,0,14,14,completed,2
8619,Rigid,1151373,1151373,1151387,0,14,14,completed,2
8620,Rigid,1151373,1151373,1151386,0,13,13,completed,2
8621,Rigid,1151374,1151375,1151387,1,12,13,completed,2
8622,Rigid,1151374,1151375,1151387,1,12,13,completed,2
8623,Rigid,1151374,1151375,1151387,1,12,13,completed,2
8624,Rigid,1151374,1151375,1151387,1,12,13,completed,2
8625,Rigid,1151374,1151375,1151387,1,12,13,completed,2
8626,Rigid,1151374,1151375,1151387,1,12,13,completed,2
8627,Rigid,1151374,1151375,1151387,1,12,13,completed,2
8628,Rigid,1151374,1151375,1151387,1,12,13,completed,2
8629,Rigid,1151375,1151375,1151387,0,12,12,completed,2
8630,Rigid,1151375,1151375,1151387,0,12,12,completed,2
8631,Rigid,1151375,1151375,1151387,0,12,12,completed,2
8632,Rigid,1151375,1151375,1151387,0,12,12,completed,2
8633,Rigid,1151375,1151375,1151387,0,12,12,completed,2
8634,Rigid,1151375,1151376,1151387,1,11,12,completed,2
8635,Rigid,1151375,1151376,1151387,1,11,12,completed,2
8636,Rigid,1151375,1151376,1151387,1,11,12,completed,2
8637,Rigid,1151376,1151377,1151386,1,9,10,completed,2
8638,Rigid,1151376,1151377,1151387,1,10,11,completed,2
8639,Rigid,1151376,1151377,1151386,1,9,10,completed,2
8640,Rigid,1151376,1151377,1151386,1,9,10,completed,2
8641,Rigid,1151376,1151377,1151386,1,9,10,completed,2
8642,Rigid,1151376,1151377,1151386,1,9,10,completed,2
8643,Rigid,1151376,1151377,1151387,1,10,11,completed,2
8644,Rigid,1151377,1151377,1151386,0,9,9,completed,2
8645,Rigid,1151377,1151378,1151387,1,9,10,completed,2
8646,Rigid,1151377,1151378,1151387,1,9,10,completed,2
8647,Rigid,1151377,1151378,1151387,1,9,10,completed,2
8648,Rigid,1151377,1151378,1151387,1,9,10,completed,2
8649,Rigid,1151377,1151378,1151387,1,9,10,completed,2
8650,Rigid,1151377,1151378,1151387,1,9,10,completed,2
8651,Rigid,1151378,1151378,1151387,0,9,9,completed,2
8652,Rigid,1151378,1151378,1151386,0,8,8,completed,2
8653,Rigid,1151816,1151817,1151821,1,4,5,completed,1
8654,Rigid,1152950,1152954,1153455,4,501,505,completed,18
8655,Rigid,1153463,1153469,1196673,6,43204,43210,completed,18
8656,Rigid,1153709,1156234,1158948,2525,2714,5239,completed,72
8657,Rigid,1153796,1156234,1159454,2438,3220,5658,completed,72
8658,Rigid,1153872,1156279,1159017,2407,2738,5145,completed,72
8659,Rigid,1153947,1156279,1159145,2332,2866,5198,completed,72
8660,Rigid,1154028,1156359,1159617,2331,3258,5589,completed,72
8661,Rigid,1154115,1156505,1159921,2390,3416,5806,completed,72
8662,Rigid,1154204,1156505,1160248,2301,3743,6044,completed,72
8663,Rigid,1154295,1158950,1162460,4655,3510,8165,completed,72
8664,Rigid,1154646,1154647,1155910,1,1263,1264,completed,6
8665,Rigid,1154831,1155017,1155099,186,82,268,completed,36
8666,Rigid,1155023,1155024,1155043,1,19,20,completed,1
8667,Rigid,1155063,1155063,1155337,0,274,274,completed,1
8668,Rigid,1155949,1156036,1156358,87,322,409,completed,36
8669,Rigid,1155987,1155988,1158291,1,2303,2304,completed,6
8670,Rigid,1156015,1156104,1156212,89,108,197,completed,36
8671,Rigid,1156037,1156171,1156232,134,61,195,completed,144
8672,Rigid,1156243,1159146,1331965,2903,172819,175722,completed,36
8673,Rigid,1156243,1159146,1331965,2903,172819,175722,completed,36
8674,Rigid,1156243,1159455,1332266,3212,172811,176023,completed,36
8675,Rigid,1156243,1159455,1261519,3212,102064,105276,completed,36
8676,Rigid,1156243,1159619,1266278,3376,106659,110035,completed,36
8677,Rigid,1156243,1159619,1269132,3376,109513,112889,completed,36
8678,Rigid,1156243,1162210,1335026,5967,172816,178783,completed,36
8679,Rigid,1156243,1162472,1335298,6229,172826,179055,completed,36
8680,Rigid,1156243,1162472,1335298,6229,172826,179055,completed,36
8681,Rigid,1156243,1181906,1285699,25663,103793,129456,completed,36
8682,Rigid,1156243,1181906,1290527,25663,108621,134284,completed,36
8683,Rigid,1156243,1181906,1300140,25663,118234,143897,completed,36
8684,Rigid,1156243,1181906,1354710,25663,172804,198467,completed,36
8685,Rigid,1156243,1182323,1355130,26080,172807,198887,completed,36
8686,Rigid,1156243,1182323,1355130,26080,172807,198887,completed,36
8687,Rigid,1156244,1182323,1284355,26079,102032,128111,completed,36
8688,Rigid,1156244,1182323,1284049,26079,101726,127805,completed,36
8689,Rigid,1156244,1182323,1285963,26079,103640,129719,completed,36
8690,Rigid,1156244,1182323,1355130,26079,172807,198886,completed,36
8691,Rigid,1156244,1182324,1355130,26080,172806,198886,completed,36
8692,Rigid,1156244,1182324,1355130,26080,172806,198886,completed,36
8693,Rigid,1156244,1182324,1284158,26080,101834,127914,completed,36
8694,Rigid,1156244,1182324,1278386,26080,96062,122142,completed,36
8695,Rigid,1156244,1182324,1288972,26080,106648,132728,completed,36
8696,Rigid,1156244,1182324,1355130,26080,172806,198886,completed,36
8697,Rigid,1156244,1182324,1355130,26080,172806,198886,completed,36
8698,Rigid,1156244,1182324,1355130,26080,172806,198886,completed,36
8699,Rigid,1156244,1182324,1283958,26080,101634,127714,completed,36
8700,Rigid,1156244,1182324,1280925,26080,98601,124681,completed,36
8701,Rigid,1156244,1183204,1289844,26960,106640,133600,completed,36
8702,Rigid,1156245,1186712,1359523,30467,172811,203278,completed,36
8703,Rigid,1156245,1186772,1359583,30527,172811,203338,completed,36
8704,Rigid,1156245,1186869,1359674,30624,172805,203429,completed,36
8705,Rigid,1156245,1186902,1286368,30657,99466,130123,completed,36
8706,Rigid,1156245,1186910,1284509,30665,97599,128264,completed,36
8707,Rigid,1156245,1186993,1280376,30748,93383,124131,completed,36
8708,Rigid,1156245,1261520,1434346,105275,172826,278101,completed,36
8709,Rigid,1156245,1266280,1439086,110035,172806,282841,completed,36
8710,Rigid,1156245,1269134,1441937,112889,172803,285692,completed,36
8711,Rigid,1156245,1278388,1373419,122143,95031,217174,completed,36
8712,Rigid,1156246,1280378,1381792,124132,101414,225546,completed,36
8713,Rigid,1156246,1280926,1383562,124680,102636,227316,completed,36
8714,Rigid,1156246,1283958,1456758,127712,172800,300512,completed,36
8715,Rigid,1156246,1284051,1456878,127805,172827,300632,completed,36
8716,Rigid,1156246,1284159,1456968,127913,172809,300722,completed,36
8717,Rigid,1156246,1284356,1384815,128110,100459,228569,completed,36
8718,Rigid,1156246,1284510,1331411,128264,46901,175165,completed,36
8719,Rigid,1156246,1285700,1386918,129454,101218,230672,completed,36
8720,Rigid,1156246,1285964,1458768,129718,172804,302522,completed,36
8721,Rigid,1156246,1286370,1459188,130124,172818,302942,completed,36
8722,Rigid,1156246,1288974,1461798,132728,172824,305552,completed,36
8723,Rigid,1156246,1289846,1384107,133600,94261,227861,completed,36
8724,Rigid,1156246,1290529,1388665,134283,98136,232419,completed,36
8725,Rigid,1156246,1313182,1408227,156936,95045,251981,completed,36
8726,Rigid,1156247,1331631,1504452,175384,172821,348205,completed,36
8727,Rigid,1156247,1331974,1504793,175727,172819,348546,completed,36
8728,Rigid,1156247,1331974,1504793,175727,172819,348546,completed,36
8729,Rigid,1156247,1332269,1428995,176022,96726,272748,completed,36
8730,Rigid,1156247,1335992,1431905,179745,95913,275658,completed,36
8731,Rigid,1156247,1336963,1429895,180716,92932,273648,completed,36
8732,Rigid,1156247,1337318,1510131,181071,172813,353884,completed,36
8733,Rigid,1156247,1357973,1530785,201726,172812,374538,completed,36
8734,Rigid,1156248,1358215,1531028,201967,172813,374780,completed,36
8735,Rigid,1156248,1358216,1456102,201968,97886,299854,completed,36
8736,Rigid,1156248,1358216,1455759,201968,97543,299511,completed,36
8737,Rigid,1156248,1358216,1460786,201968,102570,304538,completed,36
8738,Rigid,1156248,1359545,1532357,203297,172812,376109,completed,36
8739,Rigid,1156248,1359586,1532387,203338,172801,376139,completed,36
8740,Rigid,1156248,1359668,1532477,203420,172809,376229,completed,36
8741,Rigid,1156248,1359696,1460377,203448,100681,304129,completed,36
8742,Rigid,1156248,1359762,1460542,203514,100780,304294,completed,36
8743,Rigid,1156249,1359762,1450540,203513,90778,294291,completed,36
8744,Rigid,1156249,1359762,1532569,203513,172807,376320,completed,36
8745,Rigid,1156249,1373420,1546228,217171,172808,389979,completed,36
8746,Rigid,1156249,1381793,1554609,225544,172816,398360,completed,36
8747,Rigid,1156249,1383563,1475302,227314,91739,319053,completed,36
8748,Rigid,1156249,1388422,1483614,232173,95192,327365,completed,36
8749,Rigid,1156249,1388423,1485211,232174,96788,328962,completed,36
8750,Rigid,1156249,1388423,1561240,232174,172817,404991,completed,36
8751,Rigid,1156249,1388667,1561480,232418,172813,405231,completed,36
8752,Rigid,1156249,1408227,1581032,251978,172805,424783,completed,36
8753,Rigid,1156249,1428997,1524423,272748,95426,368174,completed,36
8754,Rigid,1156249,1429897,1524135,273648,94238,367886,completed,36
8755,Rigid,1156249,1431907,1528128,275658,96221,371879,completed,36
8756,Rigid,1156249,1439108,1611935,282859,172827,455686,completed,36
8757,Rigid,1156249,1434361,1607165,278112,172804,450916,completed,36
8758,Rigid,1156249,1441937,1614756,285688,172819,458507,completed,36
8759,Rigid,1156249,1450541,1542976,294292,92435,386727,completed,36
8760,Rigid,1156249,1455760,1549798,299511,94038,393549,completed,36
8761,Rigid,1156249,1456104,1554779,299855,98675,398530,completed,36
8762,Rigid,1156250,1456762,1629576,300512,172814,473326,completed,36
8763,Rigid,1156250,1456881,1629696,300631,172815,473446,completed,36
8764,Rigid,1156250,1456971,1629786,300721,172815,473536,completed,36
8765,Rigid,1156250,1458770,1552442,302520,93672,396192,completed,36
8766,Rigid,1156250,1460378,1550618,304128,90240,394368,completed,36
8767,Rigid,1156250,1459191,1553725,302941,94534,397475,completed,36
8768,Rigid,1158664,1158664,1160011,0,1347,1347,completed,6
8769,Rigid,1159723,1160165,1164026,442,3861,4303,completed,144
8770,Rigid,1160323,1160324,1165945,1,5621,5622,completed,18
8771,Rigid,1160671,1160674,1162558,3,1884,1887,completed,6
8772,Rigid,1160720,1160994,1161692,274,698,972,completed,36
8773,Rigid,1160728,1160748,1160759,20,11,31,completed,4
8774,Rigid,1160761,1161064,1161278,303,214,517,completed,36
8775,Rigid,1161315,1161315,1161324,0,9,9,completed,4
8776,Rigid,1161512,1165699,1173508,4187,7809,11996,completed,36
8777,Rigid,1161512,1165699,1179130,4187,13431,17618,completed,36
8778,Rigid,1161512,1165700,1170585,4188,4885,9073,completed,36
8779,Rigid,1161512,1165793,1169579,4281,3786,8067,completed,36
8780,Rigid,1161512,1165824,1170777,4312,4953,9265,completed,36
8781,Rigid,1161512,1165886,1172355,4374,6469,10843,completed,36
8782,Rigid,1161513,1165918,1182060,4405,16142,20547,completed,36
8783,Rigid,1161513,1166104,1174604,4591,8500,13091,completed,36
8784,Rigid,1161513,1166197,1178783,4684,12586,17270,completed,36
8785,Rigid,1161513,1166228,1176832,4715,10604,15319,completed,36
8786,Rigid,1161513,1166755,1170293,5242,3538,8780,completed,36
8787,Rigid,1161513,1166786,1175637,5273,8851,14124,completed,36
8788,Rigid,1161513,1166786,1179544,5273,12758,18031,completed,36
8789,Rigid,1161513,1166910,1181272,5397,14362,19759,completed,36
8790,Rigid,1161514,1166972,1174472,5458,7500,12958,completed,36
8791,Rigid,1161514,1167096,1177926,5582,10830,16412,completed,36
8792,Rigid,1161514,1167282,1185182,5768,17900,23668,completed,36
8793,Rigid,1161514,1167993,1172464,6479,4471,10950,completed,36
8794,Rigid,1161514,1167993,1184479,6479,16486,22965,completed,36
8795,Rigid,1161514,1168487,1173771,6973,5284,12257,completed,36
8796,Rigid,1161514,1168457,1177256,6943,8799,15742,completed,36
8797,Rigid,1161515,1168549,1177492,7034,8943,15977,completed,36
8798,Rigid,1161515,1168580,1173758,7065,5178,12243,completed,36
8799,Rigid,1161515,1168765,1174181,7250,5416,12666,completed,36
8800,Rigid,1161515,1169136,1178059,7621,8923,16544,completed,36
8801,Rigid,1161515,1169229,1177983,7714,8754,16468,completed,36
8802,Rigid,1161515,1169260,1174996,7745,5736,13481,completed,36
8803,Rigid,1161515,1169538,1178558,8023,9020,17043,completed,36
8804,Rigid,1161515,1169599,1180556,8084,10957,19041,completed,36
8805,Rigid,1161516,1171399,1179845,9883,8446,18329,completed,36
8806,Rigid,1161516,1171492,1174897,9976,3405,13381,completed,36
8807,Rigid,1161516,1171586,1177312,10070,5726,15796,completed,36
8808,Rigid,1161516,1171897,1176253,10381,4356,14737,completed,36
8809,Rigid,1161516,1172020,1178076,10504,6056,16560,completed,36
8810,Rigid,1161516,1172359,1175792,10843,3433,14276,completed,36
8811,Rigid,1161516,1172390,1176429,10874,4039,14913,completed,36
8812,Rigid,1161516,1172483,1179274,10967,6791,17758,completed,36
8813,Rigid,1161516,1172791,1180703,11275,7912,19187,completed,36
8814,Rigid,1161517,1172822,1178444,11305,5622,16927,completed,36
8815,Rigid,1161517,1172976,1177240,11459,4264,15723,completed,36
8816,Rigid,1161517,1173130,1177492,11613,4362,15975,completed,36
8817,Rigid,1161517,1173161,1179043,11644,5882,17526,completed,36
8818,Rigid,1161517,1173223,1184656,11706,11433,23139,completed,36
8819,Rigid,1161517,1173533,1192031,12016,18498,30514,completed,36
8820,Rigid,1161517,1173625,1178150,12108,4525,16633,completed,36
8821,Rigid,1161517,1173779,1179242,12262,5463,17725,completed,36
8822,Rigid,1161518,1173779,1178872,12261,5093,17354,completed,36
8823,Rigid,1161518,1173902,1180521,12384,6619,19003,completed,36
8824,Rigid,1161518,1173964,1181920,12446,7956,20402,completed,36
8825,Rigid,1161518,1174167,1187963,12649,13796,26445,completed,36
8826,Rigid,1161518,1174183,1182428,12665,8245,20910,completed,36
8827,Rigid,1161518,1174235,1187071,12717,12836,25553,completed,36
8828,Rigid,1161518,1174304,1179472,12786,5168,17954,completed,36
8829,Rigid,1161518,1174304,1178026,12786,3722,16508,completed,36
8830,Rigid,1161519,1174304,1179301,12785,4997,17782,completed,36
8831,Rigid,1161519,1174304,1180812,12785,6508,19293,completed,36
8832,Rigid,1161519,1174304,1190473,12785,16169,28954,completed,36
8833,Rigid,1161519,1174304,1182999,12785,8695,21480,completed,36
8834,Rigid,1161519,1174304,1186901,12785,12597,25382,completed,36
8835,Rigid,1161519,1174304,1184972,12785,10668,23453,completed,36
8836,Rigid,1161519,1174305,1177742,12786,3437,16223,completed,36
8837,Rigid,1161519,1174305,1183226,12786,8921,21707,completed,36
8838,Rigid,1161520,1174305,1187066,12785,12761,25546,completed,36
8839,Rigid,1161520,1174474,1188897,12954,14423,27377,completed,36
8840,Rigid,1161520,1174605,1181865,13085,7260,20345,completed,36
8841,Rigid,1161520,1174898,1185808,13378,10910,24288,completed,36
8842,Rigid,1161520,1174907,1192064,13387,17157,30544,completed,36
8843,Rigid,1161521,1174998,1179283,13477,4285,17762,completed,36
8844,Rigid,1161521,1175167,1191876,13646,16709,30355,completed,36
8845,Rigid,1161521,1175279,1180636,13758,5357,19115,completed,36
8846,Rigid,1161521,1175363,1184145,13842,8782,22624,completed,36
8847,Rigid,1161521,1175454,1184445,13933,8991,22924,completed,36
8848,Rigid,1161521,1175454,1180904,13933,5450,19383,completed,36
8849,Rigid,1161521,1175454,1180559,13933,5105,19038,completed,36
8850,Rigid,1161522,1175454,1184092,13932,8638,22570,completed,36
8851,Rigid,1161522,1175454,1184170,13932,8716,22648,completed,36
8852,Rigid,1161522,1175454,1181293,13932,5839,19771,completed,36
8853,Rigid,1161522,1175454,1184468,13932,9014,22946,completed,36
8854,Rigid,1161522,1175454,1186414,13932,10960,24892,completed,36
8855,Rigid,1161522,1175454,1183898,13932,8444,22376,completed,36
8856,Rigid,1161522,1175454,1178812,13932,3358,17290,completed,36
8857,Rigid,1161522,1175454,1181128,13932,5674,19606,completed,36
8858,Rigid,1161523,1175638,1180122,14115,4484,18599,completed,36
8859,Rigid,1161523,1175793,1181755,14270,5962,20232,completed,36
8860,Rigid,1161523,1176255,1179887,14732,3632,18364,completed,36
8861,Rigid,1161523,1176430,1181070,14907,4640,19547,completed,36
8862,Rigid,1161523,1176833,1183439,15310,6606,21916,completed,36
8863,Rigid,1161523,1177241,1185112,15718,7871,23589,completed,36
8864,Rigid,1161524,1177257,1182800,15733,5543,21276,completed,36
8865,Rigid,1161524,1177293,1181760,15769,4467,20236,completed,36
8866,Rigid,1161524,1177293,1181479,15769,4186,19955,completed,36
8867,Rigid,1161524,1177293,1183158,15769,5865,21634,completed,36
8868,Rigid,1161524,1177293,1188247,15769,10954,26723,completed,36
8869,Rigid,1161524,1177293,1195706,15769,18413,34182,completed,36
8870,Rigid,1161524,1177293,1181980,15769,4687,20456,completed,36
8871,Rigid,1161525,1177293,1182843,15768,5550,21318,completed,36
8872,Rigid,1161525,1177294,1182613,15769,5319,21088,completed,36
8873,Rigid,1161525,1177294,1183923,15769,6629,22398,completed,36
8874,Rigid,1161525,1177294,1185393,15769,8099,23868,completed,36
8875,Rigid,1161525,1177294,1191772,15769,14478,30247,completed,36
8876,Rigid,1161525,1177313,1185663,15788,8350,24138,completed,36
8877,Rigid,1161525,1177407,1190943,15882,13536,29418,completed,36
8878,Rigid,1161526,1177493,1182408,15967,4915,20882,completed,36
8879,Rigid,1161526,1177493,1180943,15967,3450,19417,completed,36
8880,Rigid,1161526,1177706,1182568,16180,4862,21042,completed,36
8881,Rigid,1161526,1177743,1184252,16217,6509,22726,completed,36
8882,Rigid,1161526,1177927,1193197,16401,15270,31671,completed,36
8883,Rigid,1161526,1177985,1186771,16459,8786,25245,completed,36
8884,Rigid,1161526,1178028,1190753,16502,12725,29227,completed,36
8885,Rigid,1161527,1178060,1188595,16533,10535,27068,completed,36
8886,Rigid,1161527,1178078,1181559,16551,3481,20032,completed,36
8887,Rigid,1161527,1178152,1186991,16625,8839,25464,completed,36
8888,Rigid,1161527,1178445,1191218,16918,12773,29691,completed,36
8889,Rigid,1161527,1178560,1192112,17033,13552,30585,completed,36
8890,Rigid,1161527,1178785,1185941,17258,7156,24414,completed,36
8891,Rigid,1161527,1178813,1189697,17286,10884,28170,completed,36
8892,Rigid,1161527,1178873,1196730,17346,17857,35203,completed,36
8893,Rigid,1161527,1179044,1183741,17517,4697,22214,completed,36
8894,Rigid,1161528,1179131,1195721,17603,16590,34193,completed,36
8895,Rigid,1161528,1179158,1184105,17630,4947,22577,completed,36
8896,Rigid,1161528,1179244,1188016,17716,8772,26488,completed,36
8897,Rigid,1161528,1179275,1188231,17747,8956,26703,completed,36
8898,Rigid,1161528,1179285,1184599,17757,5314,23071,completed,36
8899,Rigid,1161528,1179302,1184507,17774,5205,22979,completed,36
8900,Rigid,1161528,1179459,1187788,17931,8329,26260,completed,36
8901,Rigid,1161528,1179473,1188046,17945,8573,26518,completed,36
8902,Rigid,1161528,1179546,1185297,18018,5751,23769,completed,36
8903,Rigid,1161529,1179557,1188263,18028,8706,26734,completed,36
8904,Rigid,1161529,1179846,1190804,18317,10958,29275,completed,36
8905,Rigid,1161529,1179888,1188351,18359,8463,26822,completed,36
8906,Rigid,1161529,1180123,1183468,18594,3345,21939,completed,36
8907,Rigid,1161529,1180522,1185990,18993,5468,24461,completed,36
8908,Rigid,1161530,1180558,1184812,19028,4254,23282,completed,36
8909,Rigid,1161530,1180561,1186710,19031,6149,25180,completed,36
8910,Rigid,1161530,1180638,1184529,19108,3891,22999,completed,36
8911,Rigid,1161530,1180705,1184727,19175,4022,23197,completed,36
8912,Rigid,1161530,1180813,1187395,19283,6582,25865,completed,36
8913,Rigid,1161530,1180906,1188656,19376,7750,27126,completed,36
8914,Rigid,1161530,1180944,1186589,19414,5645,25059,completed,36
8915,Rigid,1161530,1181072,1185592,19542,4520,24062,completed,36
8916,Rigid,1161531,1181129,1185414,19598,4285,23883,completed,36
8917,Rigid,1161531,1181273,1187177,19742,5904,25646,completed,36
8918,Rigid,1161531,1181294,1192878,19763,11584,31347,completed,36
8919,Rigid,1161531,1181475,1200947,19944,19472,39416,completed,36
8920,Rigid,1161531,1181481,1186282,19950,4801,24751,completed,36
8921,Rigid,1161531,1181561,1186513,20030,4952,24982,completed,36
8922,Rigid,1161531,1181757,1186908,20226,5151,25377,completed,36
8923,Rigid,1161531,1181762,1188021,20231,6259,26490,completed,36
8924,Rigid,1161531,1181866,1189842,20335,7976,28311,completed,36
8925,Rigid,1161532,1181895,1196374,20363,14479,34842,completed,36
8926,Rigid,1161532,1181906,1190266,20374,8360,28734,completed,36
8927,Rigid,1161532,1181906,1194735,20374,12829,33203,completed,36
8928,Rigid,1161532,1181921,1187057,20389,5136,25525,completed,36
8929,Rigid,1161532,1181981,1185317,20449,3336,23785,completed,36
8930,Rigid,1161532,1182061,1186868,20529,4807,25336,completed,36
8931,Rigid,1161532,1182409,1188935,20877,6526,27403,completed,36
8932,Rigid,1161532,1182430,1198468,20898,16038,36936,completed,36
8933,Rigid,1161533,1182569,1191169,21036,8600,29636,completed,36
8934,Rigid,1161533,1182615,1195125,21082,12510,33592,completed,36
8935,Rigid,1161533,1182801,1193405,21268,10604,31872,completed,36
8936,Rigid,1161533,1182844,1186063,21311,3219,24530,completed,36
8937,Rigid,1161533,1183001,1191870,21468,8869,30337,completed,36
8938,Rigid,1161533,1183159,1195714,21626,12555,34181,completed,36
8939,Rigid,1161533,1183227,1197562,21694,14335,36029,completed,36
8940,Rigid,1161533,1183441,1190684,21908,7243,29151,completed,36
8941,Rigid,1161533,1183470,1194335,21937,10865,32802,completed,36
8942,Rigid,1161534,1183743,1201974,22209,18231,40440,completed,36
8943,Rigid,1161534,1183899,1188469,22365,4570,26935,completed,36
8944,Rigid,1161534,1183924,1200487,22390,16563,38953,completed,36
8945,Rigid,1161534,1184093,1189517,22559,5424,27983,completed,36
8946,Rigid,1161534,1184107,1192533,22573,8426,30999,completed,36
8947,Rigid,1161534,1184146,1193068,22612,8922,31534,completed,36
8948,Rigid,1161534,1184172,1189500,22638,5328,27966,completed,36
8949,Rigid,1161534,1184254,1189605,22720,5351,28071,completed,36
8950,Rigid,1161535,1184447,1192987,22912,8540,31452,completed,36
8951,Rigid,1161536,1184470,1193152,22934,8682,31616,completed,36
8952,Rigid,1161536,1184480,1190081,22944,5601,28545,completed,36
8953,Rigid,1161536,1184508,1193522,22972,9014,31986,completed,36
8954,Rigid,1161536,1184531,1195506,22995,10975,33970,completed,36
8955,Rigid,1161536,1184600,1192974,23064,8374,31438,completed,36
8956,Rigid,1161537,1184658,1188132,23121,3474,26595,completed,36
8957,Rigid,1161537,1184729,1190320,23192,5591,28783,completed,36
8958,Rigid,1161537,1184813,1189247,23276,4434,27710,completed,36
8959,Rigid,1161537,1184974,1190963,23437,5989,29426,completed,36
8960,Rigid,1161537,1185113,1188987,23576,3874,27450,completed,36
8961,Rigid,1161537,1185183,1189381,23646,4198,27844,completed,36
8962,Rigid,1161537,1185299,1191898,23762,6599,30361,completed,36
8963,Rigid,1161538,1185318,1193022,23780,7704,31484,completed,36
8964,Rigid,1161538,1185394,1190942,23856,5548,29404,completed,36
8965,Rigid,1161538,1185416,1189914,23878,4498,28376,completed,36
8966,Rigid,1161538,1185593,1189740,24055,4147,28202,completed,36
8967,Rigid,1161538,1185664,1191274,24126,5610,29736,completed,36
8968,Rigid,1161538,1185810,1197305,24272,11495,35767,completed,36
8969,Rigid,1161538,1185943,1205532,24405,19589,43994,completed,36
8970,Rigid,1161538,1185991,1190464,24453,4473,28926,completed,36
8971,Rigid,1161538,1186065,1191402,24527,5337,29864,completed,36
8972,Rigid,1161539,1186283,1191467,24744,5184,29928,completed,36
8973,Rigid,1161539,1186415,1193077,24876,6662,31538,completed,36
8974,Rigid,1161539,1186514,1194059,24975,7545,32520,completed,36
8975,Rigid,1161539,1186591,1201120,25052,14529,39581,completed,36
8976,Rigid,1161775,1161775,1165388,0,3613,3613,completed,4
8977,Rigid,1163263,1181906,1196695,18643,14789,33432,completed,144
8978,Rigid,1163547,1164307,1173109,760,8802,9562,completed,396
8979,Rigid,1163560,1166562,1175451,3002,8889,11891,completed,396
8980,Rigid,1163593,1168428,1177290,4835,8862,13697,completed,396
8981,Rigid,1163621,1173112,1181903,9491,8791,18282,completed,396
8982,Rigid,1163659,1173388,1173619,9729,231,9960,completed,396
8983,Rigid,1163682,1173621,1173845,9939,224,10163,completed,396
8984,Rigid,1163705,1173847,1174075,10142,228,10370,completed,396
8985,Rigid,1163739,1174077,1174302,10338,225,10563,completed,396
8986,Rigid,1164613,1164614,1164626,1,12,13,completed,1
8987,Rigid,1164643,1164644,1164948,1,304,305,completed,1
8988,Rigid,1165572,1165573,1166118,1,545,546,completed,6
8989,Rigid,1166137,1166138,1166175,1,37,38,completed,1
8990,Rigid,1166137,1166138,1166175,1,37,38,completed,1
8991,Rigid,1166137,1166138,1166175,1,37,38,completed,1
8992,Rigid,1166137,1166138,1166175,1,37,38,completed,1
8993,Rigid,1166137,1166138,1166175,1,37,38,completed,1
8994,Rigid,1166137,1166138,1166175,1,37,38,completed,1
8995,Rigid,1166137,1166138,1166175,1,37,38,completed,1
8996,Rigid,1166137,1166138,1166175,1,37,38,completed,1
8997,Rigid,1166192,1166193,1166206,1,13,14,completed,1
8998,Rigid,1166192,1166193,1166205,1,12,13,completed,1
8999,Rigid,1166192,1166193,1166205,1,12,13,completed,1
9000,Rigid,1166192,1166193,1166205,1,12,13,completed,1
9001,Rigid,1166192,1166193,1166205,1,12,13,completed,1
9002,Rigid,1166192,1166193,1166205,1,12,13,completed,1
9003,Rigid,1166192,1166193,1166205,1,12,13,completed,1
9004,Rigid,1166192,1166193,1166205,1,12,13,completed,1
9005,Rigid,1166223,1166224,1166236,1,12,13,completed,1
9006,Rigid,1166223,1166224,1166236,1,12,13,completed,1
9007,Rigid,1166223,1166224,1166236,1,12,13,completed,1
9008,Rigid,1166223,1166224,1166236,1,12,13,completed,1
9009,Rigid,1166223,1166224,1166236,1,12,13,completed,1
9010,Rigid,1166223,1166224,1166236,1,12,13,completed,1
9011,Rigid,1166223,1166224,1166236,1,12,13,completed,1
9012,Rigid,1166223,1166224,1166236,1,12,13,completed,1
9013,Rigid,1166255,1166255,1166266,0,11,11,completed,1
9014,Rigid,1166255,1166255,1166266,0,11,11,completed,1
9015,Rigid,1166255,1166255,1166266,0,11,11,completed,1
9016,Rigid,1166255,1166255,1166266,0,11,11,completed,1
9017,Rigid,1166255,1166255,1166266,0,11,11,completed,1
9018,Rigid,1166255,1166255,1166266,0,11,11,completed,1
9019,Rigid,1166255,1166255,1166266,0,11,11,completed,1
9020,Rigid,1166255,1166255,1166266,0,11,11,completed,1
9021,Rigid,1166282,1166283,1166294,1,11,12,completed,1
9022,Rigid,1166282,1166283,1166294,1,11,12,completed,1
9023,Rigid,1166282,1166283,1166294,1,11,12,completed,1
9024,Rigid,1166282,1166283,1166294,1,11,12,completed,1
9025,Rigid,1166282,1166283,1166294,1,11,12,completed,1
9026,Rigid,1166282,1166283,1166294,1,11,12,completed,1
9027,Rigid,1166282,1166283,1166294,1,11,12,completed,1
9028,Rigid,1166282,1166283,1166294,1,11,12,completed,1
9029,Rigid,1166311,1166311,1166323,0,12,12,completed,1
9030,Rigid,1166311,1166311,1166323,0,12,12,completed,1
9031,Rigid,1166311,1166311,1166323,0,12,12,completed,1
9032,Rigid,1166311,1166311,1166323,0,12,12,completed,1
9033,Rigid,1166311,1166311,1166323,0,12,12,completed,1
9034,Rigid,1166311,1166311,1166323,0,12,12,completed,1
9035,Rigid,1166311,1166311,1166323,0,12,12,completed,1
9036,Rigid,1166311,1166311,1166323,0,12,12,completed,1
9037,Rigid,1166343,1166343,1166355,0,12,12,completed,1
9038,Rigid,1166343,1166343,1166355,0,12,12,completed,1
9039,Rigid,1166343,1166343,1166355,0,12,12,completed,1
9040,Rigid,1166343,1166343,1166355,0,12,12,completed,1
9041,Rigid,1166343,1166343,1166356,0,13,13,completed,1
9042,Rigid,1166343,1166343,1166355,0,12,12,completed,1
9043,Rigid,1166343,1166343,1166355,0,12,12,completed,1
9044,Rigid,1166343,1166343,1166355,0,12,12,completed,1
9045,Rigid,1166373,1166373,1166384,0,11,11,completed,1
9046,Rigid,1166373,1166373,1166384,0,11,11,completed,1
9047,Rigid,1166373,1166373,1166384,0,11,11,completed,1
9048,Rigid,1166373,1166373,1166384,0,11,11,completed,1
9049,Rigid,1166373,1166373,1166384,0,11,11,completed,1
9050,Rigid,1166373,1166374,1166384,1,10,11,completed,1
9051,Rigid,1166373,1166374,1166384,1,10,11,completed,1
9052,Rigid,1166373,1166374,1166384,1,10,11,completed,1
9053,Rigid,1166512,1166512,1166522,0,10,10,completed,6
9054,Rigid,1167215,1167216,1168991,1,1775,1776,completed,6
9055,Rigid,1167630,1167631,1167644,1,13,14,completed,1
9056,Rigid,1167630,1167631,1167644,1,13,14,completed,1
9057,Rigid,1167630,1167631,1167644,1,13,14,completed,1
9058,Rigid,1167630,1167631,1167644,1,13,14,completed,1
9059,Rigid,1167630,1167631,1167644,1,13,14,completed,1
9060,Rigid,1167630,1167631,1167644,1,13,14,completed,1
9061,Rigid,1167630,1167631,1167644,1,13,14,completed,1
9062,Rigid,1167630,1167631,1167644,1,13,14,completed,1
9063,Rigid,1167658,1167658,1167670,0,12,12,completed,1
9064,Rigid,1167658,1167658,1167670,0,12,12,completed,1
9065,Rigid,1167658,1167658,1167670,0,12,12,completed,1
9066,Rigid,1167658,1167658,1167670,0,12,12,completed,1
9067,Rigid,1167658,1167658,1167670,0,12,12,completed,1
9068,Rigid,1167658,1167658,1167670,0,12,12,completed,1
9069,Rigid,1167658,1167658,1167670,0,12,12,completed,1
9070,Rigid,1167658,1167658,1167670,0,12,12,completed,1
9071,Rigid,1167684,1167684,1167696,0,12,12,completed,1
9072,Rigid,1167684,1167685,1167696,1,11,12,completed,1
9073,Rigid,1167684,1167685,1167696,1,11,12,completed,1
9074,Rigid,1167684,1167685,1167696,1,11,12,completed,1
9075,Rigid,1167684,1167685,1167697,1,12,13,completed,1
9076,Rigid,1167684,1167685,1167696,1,11,12,completed,1
9077,Rigid,1167684,1167685,1167696,1,11,12,completed,1
9078,Rigid,1167684,1167685,1167696,1,11,12,completed,1
9079,Rigid,1167709,1167710,1167722,1,12,13,completed,1
9080,Rigid,1167709,1167710,1167722,1,12,13,completed,1
9081,Rigid,1167709,1167710,1167722,1,12,13,completed,1
9082,Rigid,1167709,1167710,1167722,1,12,13,completed,1
9083,Rigid,1167709,1167710,1167723,1,13,14,completed,1
9084,Rigid,1167709,1167710,1167722,1,12,13,completed,1
9085,Rigid,1167709,1167710,1167722,1,12,13,completed,1
9086,Rigid,1167709,1167710,1167722,1,12,13,completed,1
9087,Rigid,1167736,1167736,1167749,0,13,13,completed,1
9088,Rigid,1167736,1167736,1167749,0,13,13,completed,1
9089,Rigid,1167736,1167736,1167750,0,14,14,completed,1
9090,Rigid,1167736,1167736,1167749,0,13,13,completed,1
9091,Rigid,1167736,1167736,1167750,0,14,14,completed,1
9092,Rigid,1167736,1167736,1167750,0,14,14,completed,1
9093,Rigid,1167736,1167737,1167750,1,13,14,completed,1
9094,Rigid,1167736,1167737,1167750,1,13,14,completed,1
9095,Rigid,1167763,1167766,1167777,3,11,14,completed,1
9096,Rigid,1167763,1167766,1167777,3,11,14,completed,1
9097,Rigid,1167763,1167766,1167778,3,12,15,completed,1
9098,Rigid,1167763,1167766,1167778,3,12,15,completed,1
9099,Rigid,1167763,1167766,1167778,3,12,15,completed,1
9100,Rigid,1167763,1167766,1167778,3,12,15,completed,1
9101,Rigid,1167763,1167766,1167778,3,12,15,completed,1
9102,Rigid,1167763,1167766,1167778,3,12,15,completed,1
9103,Rigid,1167792,1167792,1167804,0,12,12,completed,1
9104,Rigid,1167792,1167792,1167804,0,12,12,completed,1
9105,Rigid,1167792,1167792,1167804,0,12,12,completed,1
9106,Rigid,1167792,1167792,1167804,0,12,12,completed,1
9107,Rigid,1167792,1167792,1167804,0,12,12,completed,1
9108,Rigid,1167792,1167792,1167804,0,12,12,completed,1
9109,Rigid,1167792,1167792,1167804,0,12,12,completed,1
9110,Rigid,1167792,1167792,1167804,0,12,12,completed,1
9111,Rigid,1167817,1167818,1167831,1,13,14,completed,1
9112,Rigid,1167817,1167818,1167831,1,13,14,completed,1
9113,Rigid,1167817,1167818,1167831,1,13,14,completed,1
9114,Rigid,1167817,1167818,1167831,1,13,14,completed,1
9115,Rigid,1167817,1167818,1167831,1,13,14,completed,1
9116,Rigid,1167817,1167818,1167831,1,13,14,completed,1
9117,Rigid,1167817,1167818,1167831,1,13,14,completed,1
9118,Rigid,1167817,1167818,1167831,1,13,14,completed,1
9119,Rigid,1167883,1167886,1167896,3,10,13,completed,2
9120,Rigid,1167883,1167886,1167896,3,10,13,completed,2
9121,Rigid,1167883,1167886,1167896,3,10,13,completed,2
9122,Rigid,1167884,1167886,1167896,2,10,12,completed,2
9123,Rigid,1167884,1167886,1167896,2,10,12,completed,2
9124,Rigid,1167884,1167886,1167896,2,10,12,completed,2
9125,Rigid,1167884,1167886,1167896,2,10,12,completed,2
9126,Rigid,1167884,1167886,1167896,2,10,12,completed,2
9127,Rigid,1167884,1167886,1167896,2,10,12,completed,2
9128,Rigid,1167884,1167886,1167896,2,10,12,completed,2
9129,Rigid,1167884,1167886,1167895,2,9,11,completed,2
9130,Rigid,1167884,1167886,1167896,2,10,12,completed,2
9131,Rigid,1167884,1167886,1167896,2,10,12,completed,2
9132,Rigid,1167884,1167886,1167896,2,10,12,completed,2
9133,Rigid,1167884,1167886,1167896,2,10,12,completed,2
9134,Rigid,1167884,1167886,1167896,2,10,12,completed,2
9135,Rigid,1167884,1167886,1167896,2,10,12,completed,2
9136,Rigid,1167884,1167886,1167896,2,10,12,completed,2
9137,Rigid,1167884,1167886,1167896,2,10,12,completed,2
9138,Rigid,1167884,1167886,1167896,2,10,12,completed,2
9139,Rigid,1167906,1167907,1167913,1,6,7,completed,2
9140,Rigid,1167917,1167918,1167928,1,10,11,completed,2
9141,Rigid,1167954,1167954,1167984,0,30,30,completed,2
9142,Rigid,1167954,1167954,1167964,0,10,10,completed,2
9143,Rigid,1167954,1167954,1167964,0,10,10,completed,2
9144,Rigid,1167954,1167958,1167965,4,7,11,completed,2
9145,Rigid,1167954,1167958,1167965,4,7,11,completed,2
9146,Rigid,1167954,1167958,1167965,4,7,11,completed,2
9147,Rigid,1167954,1167958,1167986,4,28,32,completed,2
9148,Rigid,1167954,1167958,1167965,4,7,11,completed,2
9149,Rigid,1167954,1167958,1167965,4,7,11,completed,2
9150,Rigid,1167954,1167958,1167965,4,7,11,completed,2
9151,Rigid,1167954,1167958,1167965,4,7,11,completed,2
9152,Rigid,1167954,1167958,1167999,4,41,45,completed,2
9153,Rigid,1167954,1167958,1167986,4,28,32,completed,2
9154,Rigid,1167954,1167958,1167965,4,7,11,completed,2
9155,Rigid,1167954,1167958,1167965,4,7,11,completed,2
9156,Rigid,1167954,1167958,1167965,4,7,11,completed,2
9157,Rigid,1167954,1167958,1167965,4,7,11,completed,2
9158,Rigid,1167954,1167958,1167996,4,38,42,completed,2
9159,Rigid,1167954,1167958,1167987,4,29,33,completed,2
9160,Rigid,1167954,1167958,1167965,4,7,11,completed,2
9161,Rigid,1167954,1167958,1167966,4,8,12,completed,2
9162,Rigid,1167954,1167958,1167966,4,8,12,completed,2
9163,Rigid,1167954,1167958,1167966,4,8,12,completed,2
9164,Rigid,1167954,1167958,1167966,4,8,12,completed,2
9165,Rigid,1167955,1167958,1167983,3,25,28,completed,2
9166,Rigid,1167955,1167958,1167994,3,36,39,completed,2
9167,Rigid,1167955,1167958,1167966,3,8,11,completed,2
9168,Rigid,1167955,1167958,1167966,3,8,11,completed,2
9169,Rigid,1167955,1167958,1167966,3,8,11,completed,2
9170,Rigid,1167955,1167958,1167983,3,25,28,completed,2
9171,Rigid,1167955,1167958,1167995,3,37,40,completed,2
9172,Rigid,1167955,1167958,1167966,3,8,11,completed,2
9173,Rigid,1167955,1167958,1167966,3,8,11,completed,2
9174,Rigid,1167955,1167958,1167966,3,8,11,completed,2
9175,Rigid,1167955,1167958,1167966,3,8,11,completed,2
9176,Rigid,1167955,1167958,1167966,3,8,11,completed,2
9177,Rigid,1167955,1167958,1167989,3,31,34,completed,2
9178,Rigid,1167955,1167958,1167999,3,41,44,completed,2
9179,Rigid,1167955,1167958,1167966,3,8,11,completed,2
9180,Rigid,1167955,1167958,1167966,3,8,11,completed,2
9181,Rigid,1167955,1167958,1167966,3,8,11,completed,2
9182,Rigid,1167955,1167958,1167966,3,8,11,completed,2
9183,Rigid,1167955,1167958,1167966,3,8,11,completed,2
9184,Rigid,1167955,1167958,1167984,3,26,29,completed,2
9185,Rigid,1167955,1167958,1167992,3,34,37,completed,2
9186,Rigid,1167955,1167958,1167966,3,8,11,completed,2
9187,Rigid,1167955,1167958,1167966,3,8,11,completed,2
9188,Rigid,1167955,1167958,1167966,3,8,11,completed,2
9189,Rigid,1167955,1167958,1167966,3,8,11,completed,2
9190,Rigid,1167955,1167958,1167998,3,40,43,completed,2
9191,Rigid,1167955,1167958,1167997,3,39,42,completed,2
9192,Rigid,1167955,1167958,1167966,3,8,11,completed,2
9193,Rigid,1167955,1167958,1167966,3,8,11,completed,2
9194,Rigid,1167955,1167958,1167966,3,8,11,completed,2
9195,Rigid,1167955,1167958,1167978,3,20,23,completed,2
9196,Rigid,1167955,1167958,1167978,3,20,23,completed,2
9197,Rigid,1167955,1167958,1167995,3,37,40,completed,2
9198,Rigid,1167955,1167958,1167966,3,8,11,completed,2
9199,Rigid,1167955,1167958,1167967,3,9,12,completed,2
9200,Rigid,1167955,1167958,1167967,3,9,12,completed,2
9201,Rigid,1167955,1167958,1167967,3,9,12,completed,2
9202,Rigid,1167955,1167958,1167967,3,9,12,completed,2
9203,Rigid,1167955,1167958,1167975,3,17,20,completed,2
9204,Rigid,1167955,1167958,1167996,3,38,41,completed,2
9205,Rigid,1167955,1167958,1167967,3,9,12,completed,2
9206,Rigid,1167955,1167958,1167967,3,9,12,completed,2
9207,Rigid,1167955,1167958,1167967,3,9,12,completed,2
9208,Rigid,1167955,1167958,1167967,3,9,12,completed,2
9209,Rigid,1167955,1167958,1167967,3,9,12,completed,2
9210,Rigid,1167955,1167958,1167984,3,26,29,completed,2
9211,Rigid,1167955,1167958,1167996,3,38,41,completed,2
9212,Rigid,1167955,1167958,1167967,3,9,12,completed,2
9213,Rigid,1167955,1167958,1167967,3,9,12,completed,2
9214,Rigid,1167956,1167958,1167967,2,9,11,completed,2
9215,Rigid,1167956,1167958,1167967,2,9,11,completed,2
9216,Rigid,1167956,1167958,1167990,2,32,34,completed,2
9217,Rigid,1167956,1167958,1167998,2,40,42,completed,2
9218,Rigid,1167956,1167958,1167967,2,9,11,completed,2
9219,Rigid,1167956,1167958,1167967,2,9,11,completed,2
9220,Rigid,1167956,1167958,1167967,2,9,11,completed,2
9221,Rigid,1167956,1167958,1167967,2,9,11,completed,2
9222,Rigid,1167956,1167958,1168000,2,42,44,completed,2
9223,Rigid,1167956,1167958,1168004,2,46,48,completed,2
9224,Rigid,1167956,1167958,1167967,2,9,11,completed,2
9225,Rigid,1167956,1167958,1167967,2,9,11,completed,2
9226,Rigid,1167956,1167958,1167967,2,9,11,completed,2
9227,Rigid,1167956,1167958,1167967,2,9,11,completed,2
9228,Rigid,1167956,1167958,1167967,2,9,11,completed,2
9229,Rigid,1167956,1167958,1168008,2,50,52,completed,2
9230,Rigid,1167956,1167958,1167990,2,32,34,completed,2
9231,Rigid,1167956,1167958,1167967,2,9,11,completed,2
9232,Rigid,1167956,1167958,1167967,2,9,11,completed,2
9233,Rigid,1167956,1167958,1168005,2,47,49,completed,2
9234,Rigid,1167956,1167958,1167984,2,26,28,completed,2
9235,Rigid,1167956,1167958,1167967,2,9,11,completed,2
9236,Rigid,1167956,1167958,1167967,2,9,11,completed,2
9237,Rigid,1167956,1167958,1167967,2,9,11,completed,2
9238,Rigid,1167956,1167958,1167967,2,9,11,completed,2
9239,Rigid,1167956,1167958,1167967,2,9,11,completed,2
9240,Rigid,1167956,1167958,1167988,2,30,32,completed,2
9241,Rigid,1167956,1167958,1167983,2,25,27,completed,2
9242,Rigid,1167956,1167958,1167967,2,9,11,completed,2
9243,Rigid,1167956,1167958,1167967,2,9,11,completed,2
9244,Rigid,1167956,1167958,1167967,2,9,11,completed,2
9245,Rigid,1167956,1167958,1167967,2,9,11,completed,2
9246,Rigid,1167956,1167958,1167996,2,38,40,completed,2
9247,Rigid,1167956,1167958,1167994,2,36,38,completed,2
9248,Rigid,1167956,1167958,1167967,2,9,11,completed,2
9249,Rigid,1167956,1167958,1167967,2,9,11,completed,2
9250,Rigid,1167956,1167958,1167967,2,9,11,completed,2
9251,Rigid,1167956,1167958,1167967,2,9,11,completed,2
9252,Rigid,1167956,1167958,1167967,2,9,11,completed,2
9253,Rigid,1167956,1167958,1167967,2,9,11,completed,2
9254,Rigid,1167957,1167958,1167967,1,9,10,completed,2
9255,Rigid,1167957,1167958,1167988,1,30,31,completed,2
9256,Rigid,1167957,1167958,1167988,1,30,31,completed,2
9257,Rigid,1167957,1167958,1167967,1,9,10,completed,2
9258,Rigid,1167957,1167958,1167967,1,9,10,completed,2
9259,Rigid,1167957,1167958,1167967,1,9,10,completed,2
9260,Rigid,1167957,1167958,1167967,1,9,10,completed,2
9261,Rigid,1167957,1167958,1167967,1,9,10,completed,2
9262,Rigid,1167957,1167958,1167967,1,9,10,completed,2
9263,Rigid,1167957,1167958,1167984,1,26,27,completed,2
9264,Rigid,1167957,1167958,1167984,1,26,27,completed,2
9265,Rigid,1167957,1167958,1167967,1,9,10,completed,2
9266,Rigid,1167957,1167958,1167967,1,9,10,completed,2
9267,Rigid,1167957,1167958,1167967,1,9,10,completed,2
9268,Rigid,1167957,1167958,1167967,1,9,10,completed,2
9269,Rigid,1167957,1167958,1167967,1,9,10,completed,2
9270,Rigid,1167957,1167958,1167967,1,9,10,completed,2
9271,Rigid,1167957,1167958,1167984,1,26,27,completed,2
9272,Rigid,1167957,1167958,1167967,1,9,10,completed,2
9273,Rigid,1167957,1167958,1167967,1,9,10,completed,2
9274,Rigid,1167957,1167958,1167967,1,9,10,completed,2
9275,Rigid,1167957,1167958,1167967,1,9,10,completed,2
9276,Rigid,1167957,1167958,1167967,1,9,10,completed,2
9277,Rigid,1167957,1167958,1167967,1,9,10,completed,2
9278,Rigid,1167957,1167958,1167967,1,9,10,completed,2
9279,Rigid,1167957,1167958,1167985,1,27,28,completed,2
9280,Rigid,1167957,1167958,1167967,1,9,10,completed,2
9281,Rigid,1167957,1167958,1167967,1,9,10,completed,2
9282,Rigid,1167957,1167958,1167967,1,9,10,completed,2
9283,Rigid,1167957,1167958,1167967,1,9,10,completed,2
9284,Rigid,1167957,1167958,1167967,1,9,10,completed,2
9285,Rigid,1167957,1167958,1167967,1,9,10,completed,2
9286,Rigid,1167957,1167958,1167967,1,9,10,completed,2
9287,Rigid,1167957,1167958,1167985,1,27,28,completed,2
9288,Rigid,1167957,1167958,1167967,1,9,10,completed,2
9289,Rigid,1167957,1167958,1167967,1,9,10,completed,2
9290,Rigid,1167957,1167958,1167967,1,9,10,completed,2
9291,Rigid,1167957,1167958,1167967,1,9,10,completed,2
9292,Rigid,1167957,1167958,1167967,1,9,10,completed,2
9293,Rigid,1167957,1167958,1167967,1,9,10,completed,2
9294,Rigid,1167957,1167958,1167984,1,26,27,completed,2
9295,Rigid,1167957,1167958,1167967,1,9,10,completed,2
9296,Rigid,1167957,1167958,1167967,1,9,10,completed,2
9297,Rigid,1167957,1167958,1167967,1,9,10,completed,2
9298,Rigid,1167958,1167958,1167967,0,9,9,completed,2
9299,Rigid,1167958,1167958,1167967,0,9,9,completed,2
9300,Rigid,1167958,1167958,1167967,0,9,9,completed,2
9301,Rigid,1167958,1167958,1167984,0,26,26,completed,2
9302,Rigid,1167958,1167958,1167967,0,9,9,completed,2
9303,Rigid,1167958,1167958,1167967,0,9,9,completed,2
9304,Rigid,1167958,1167958,1167967,0,9,9,completed,2
9305,Rigid,1167958,1167958,1167967,0,9,9,completed,2
9306,Rigid,1167958,1167958,1167967,0,9,9,completed,2
9307,Rigid,1167958,1167962,1167977,4,15,19,completed,2
9308,Rigid,1167958,1167962,1167991,4,29,33,completed,2
9309,Rigid,1167959,1167962,1167977,3,15,18,completed,2
9310,Rigid,1167959,1167962,1167977,3,15,18,completed,2
9311,Rigid,1167959,1167962,1167977,3,15,18,completed,2
9312,Rigid,1167959,1167962,1167977,3,15,18,completed,2
9313,Rigid,1167959,1167962,1167977,3,15,18,completed,2
9314,Rigid,1167960,1167962,1167986,2,24,26,completed,2
9315,Rigid,1167960,1167962,1167977,2,15,17,completed,2
9316,Rigid,1167960,1167962,1167977,2,15,17,completed,2
9317,Rigid,1167960,1167962,1167977,2,15,17,completed,2
9318,Rigid,1167960,1167962,1167977,2,15,17,completed,2
9319,Rigid,1167960,1167962,1167977,2,15,17,completed,2
9320,Rigid,1167960,1167962,1167977,2,15,17,completed,2
9321,Rigid,1167960,1167962,1167977,2,15,17,completed,2
9322,Rigid,1167960,1167962,1167977,2,15,17,completed,2
9323,Rigid,1167960,1167962,1167985,2,23,25,completed,2
9324,Rigid,1167960,1167962,1167977,2,15,17,completed,2
9325,Rigid,1167960,1167962,1167978,2,16,18,completed,2
9326,Rigid,1167960,1167962,1167978,2,16,18,completed,2
9327,Rigid,1167961,1167962,1167978,1,16,17,completed,2
9328,Rigid,1167961,1167962,1167978,1,16,17,completed,2
9329,Rigid,1167961,1167962,1167978,1,16,17,completed,2
9330,Rigid,1167961,1167962,1167978,1,16,17,completed,2
9331,Rigid,1167961,1167962,1167983,1,21,22,completed,2
9332,Rigid,1167961,1167962,1167978,1,16,17,completed,2
9333,Rigid,1167961,1167962,1167978,1,16,17,completed,2
9334,Rigid,1167961,1167962,1167978,1,16,17,completed,2
9335,Rigid,1167961,1167962,1167983,1,21,22,completed,2
9336,Rigid,1167961,1167962,1167978,1,16,17,completed,2
9337,Rigid,1167961,1167962,1167978,1,16,17,completed,2
9338,Rigid,1167961,1167962,1167978,1,16,17,completed,2
9339,Rigid,1167961,1167962,1167978,1,16,17,completed,2
9340,Rigid,1167961,1167962,1167978,1,16,17,completed,2
9341,Rigid,1167968,1167968,1167992,0,24,24,completed,2
9342,Rigid,1167968,1167968,1167993,0,25,25,completed,2
9343,Rigid,1167968,1167968,1167992,0,24,24,completed,2
9344,Rigid,1167968,1167968,1167992,0,24,24,completed,2
9345,Rigid,1167968,1167968,1167993,0,25,25,completed,2
9346,Rigid,1167968,1167968,1167992,0,24,24,completed,2
9347,Rigid,1167968,1167969,1167994,1,25,26,completed,2
9348,Rigid,1167969,1167969,1167992,0,23,23,completed,2
9349,Rigid,1167969,1167969,1167992,0,23,23,completed,2
9350,Rigid,1167969,1167969,1167992,0,23,23,completed,2
9351,Rigid,1167969,1167969,1167992,0,23,23,completed,2
9352,Rigid,1167969,1167969,1167992,0,23,23,completed,2
9353,Rigid,1167969,1167969,1167992,0,23,23,completed,2
9354,Rigid,1167969,1167973,1167992,4,19,23,completed,2
9355,Rigid,1167969,1167973,1167992,4,19,23,completed,2
9356,Rigid,1167970,1167973,1167992,3,19,22,completed,2
9357,Rigid,1167970,1167973,1167992,3,19,22,completed,2
9358,Rigid,1167971,1167973,1167992,2,19,21,completed,2
9359,Rigid,1167971,1167973,1167992,2,19,21,completed,2
9360,Rigid,1167971,1167973,1167992,2,19,21,completed,2
9361,Rigid,1167971,1167973,1167993,2,20,22,completed,2
9362,Rigid,1167971,1167973,1167994,2,21,23,completed,2
9363,Rigid,1167971,1167973,1167992,2,19,21,completed,2
9364,Rigid,1167971,1167973,1167993,2,20,22,completed,2
9365,Rigid,1167974,1167977,1167992,3,15,18,completed,2
9366,Rigid,1167974,1167977,1167992,3,15,18,completed,2
9367,Rigid,1167975,1167977,1167992,2,15,17,completed,2
9368,Rigid,1167975,1167977,1167992,2,15,17,completed,2
9369,Rigid,1167975,1167977,1167994,2,17,19,completed,2
9370,Rigid,1167975,1167977,1167992,2,15,17,completed,2
9371,Rigid,1167975,1167977,1167992,2,15,17,completed,2
9372,Rigid,1167977,1167977,1167992,0,15,15,completed,2
9373,Rigid,1167977,1167977,1167992,0,15,15,completed,2
9374,Rigid,1167977,1167977,1167992,0,15,15,completed,2
9375,Rigid,1167977,1167978,1167992,1,14,15,completed,2
9376,Rigid,1167977,1167978,1167992,1,14,15,completed,2
9377,Rigid,1167977,1167978,1167992,1,14,15,completed,2
9378,Rigid,1167977,1167978,1167992,1,14,15,completed,2
9379,Rigid,1167977,1167978,1167992,1,14,15,completed,2
9380,Rigid,1167978,1167978,1167992,0,14,14,completed,2
9381,Rigid,1167984,1167985,1167997,1,12,13,completed,2
9382,Rigid,1167984,1167985,1167997,1,12,13,completed,2
9383,Rigid,1167984,1167985,1167997,1,12,13,completed,2
9384,Rigid,1167984,1167985,1167997,1,12,13,completed,2
9385,Rigid,1167984,1167985,1167997,1,12,13,completed,2
9386,Rigid,1167984,1167985,1167997,1,12,13,completed,2
9387,Rigid,1167984,1167985,1167997,1,12,13,completed,2
9388,Rigid,1167984,1167985,1167997,1,12,13,completed,2
9389,Rigid,1167984,1167985,1167997,1,12,13,completed,2
9390,Rigid,1167984,1167985,1167997,1,12,13,completed,2
9391,Rigid,1167984,1167985,1167997,1,12,13,completed,2
9392,Rigid,1167985,1167985,1167997,0,12,12,completed,2
9393,Rigid,1167985,1167985,1167997,0,12,12,completed,2
9394,Rigid,1167985,1167985,1167997,0,12,12,completed,2
9395,Rigid,1167985,1167985,1167997,0,12,12,completed,2
9396,Rigid,1167985,1167985,1167997,0,12,12,completed,2
9397,Rigid,1167985,1167985,1167997,0,12,12,completed,2
9398,Rigid,1167985,1167986,1167997,1,11,12,completed,2
9399,Rigid,1167985,1167986,1167997,1,11,12,completed,2
9400,Rigid,1167986,1167986,1167997,0,11,11,completed,2
9401,Rigid,1167986,1167986,1167997,0,11,11,completed,2
9402,Rigid,1167986,1167986,1167997,0,11,11,completed,2
9403,Rigid,1167986,1167986,1167997,0,11,11,completed,2
9404,Rigid,1167986,1167986,1167997,0,11,11,completed,2
9405,Rigid,1167986,1167986,1167997,0,11,11,completed,2
9406,Rigid,1167986,1167986,1167997,0,11,11,completed,2
9407,Rigid,1167986,1167986,1167997,0,11,11,completed,2
9408,Rigid,1167986,1167986,1167997,0,11,11,completed,2
9409,Rigid,1167987,1167987,1167997,0,10,10,completed,2
9410,Rigid,1167987,1167987,1167997,0,10,10,completed,2
9411,Rigid,1167987,1167988,1167997,1,9,10,completed,2
9412,Rigid,1167988,1167988,1167997,0,9,9,completed,2
9413,Rigid,1168442,1168443,1168456,1,13,14,completed,1
9414,Rigid,1168442,1168443,1168456,1,13,14,completed,1
9415,Rigid,1168442,1168443,1168456,1,13,14,completed,1
9416,Rigid,1168442,1168443,1168456,1,13,14,completed,1
9417,Rigid,1168442,1168443,1168456,1,13,14,completed,1
9418,Rigid,1168442,1168443,1168456,1,13,14,completed,1
9419,Rigid,1168442,1168443,1168456,1,13,14,completed,1
9420,Rigid,1168442,1168443,1168456,1,13,14,completed,1
9421,Rigid,1168477,1168477,1168490,0,13,13,completed,1
9422,Rigid,1168477,1168478,1168490,1,12,13,completed,1
9423,Rigid,1168477,1168478,1168490,1,12,13,completed,1
9424,Rigid,1168477,1168478,1168490,1,12,13,completed,1
9425,Rigid,1168477,1168478,1168490,1,12,13,completed,1
9426,Rigid,1168477,1168478,1168490,1,12,13,completed,1
9427,Rigid,1168477,1168478,1168490,1,12,13,completed,1
9428,Rigid,1168477,1168478,1168490,1,12,13,completed,1
9429,Rigid,1168509,1168509,1168520,0,11,11,completed,1
9430,Rigid,1168509,1168509,1168521,0,12,12,completed,1
9431,Rigid,1168509,1168509,1168521,0,12,12,completed,1
9432,Rigid,1168509,1168509,1168521,0,12,12,completed,1
9433,Rigid,1168509,1168509,1168521,0,12,12,completed,1
9434,Rigid,1168509,1168509,1168521,0,12,12,completed,1
9435,Rigid,1168509,1168509,1168521,0,12,12,completed,1
9436,Rigid,1168509,1168509,1168521,0,12,12,completed,1
9437,Rigid,1168595,1168595,1168609,0,14,14,completed,1
9438,Rigid,1168595,1168595,1168609,0,14,14,completed,1
9439,Rigid,1168595,1168595,1168609,0,14,14,completed,1
9440,Rigid,1168595,1168595,1168608,0,13,13,completed,1
9441,Rigid,1168595,1168595,1168609,0,14,14,completed,1
9442,Rigid,1168595,1168595,1168609,0,14,14,completed,1
9443,Rigid,1168595,1168595,1168609,0,14,14,completed,1
9444,Rigid,1168595,1168595,1168609,0,14,14,completed,1
9445,Rigid,1168623,1168623,1168636,0,13,13,completed,1
9446,Rigid,1168623,1168623,1168636,0,13,13,completed,1
9447,Rigid,1168623,1168623,1168636,0,13,13,completed,1
9448,Rigid,1168623,1168623,1168636,0,13,13,completed,1
9449,Rigid,1168623,1168623,1168637,0,14,14,completed,1
9450,Rigid,1168623,1168623,1168636,0,13,13,completed,1
9451,Rigid,1168623,1168623,1168636,0,13,13,completed,1
9452,Rigid,1168623,1168623,1168636,0,13,13,completed,1
9453,Rigid,1168653,1168654,1168668,1,14,15,completed,1
9454,Rigid,1168653,1168654,1168668,1,14,15,completed,1
9455,Rigid,1168653,1168654,1168668,1,14,15,completed,1
9456,Rigid,1168653,1168654,1168668,1,14,15,completed,1
9457,Rigid,1168653,1168654,1168668,1,14,15,completed,1
9458,Rigid,1168653,1168654,1168668,1,14,15,completed,1
9459,Rigid,1168653,1168654,1168668,1,14,15,completed,1
9460,Rigid,1168653,1168654,1168668,1,14,15,completed,1
9461,Rigid,1168689,1168690,1168704,1,14,15,completed,1
9462,Rigid,1168689,1168690,1168704,1,14,15,completed,1
9463,Rigid,1168689,1168690,1168704,1,14,15,completed,1
9464,Rigid,1168689,1168690,1168704,1,14,15,completed,1
9465,Rigid,1168689,1168690,1168704,1,14,15,completed,1
9466,Rigid,1168689,1168690,1168704,1,14,15,completed,1
9467,Rigid,1168689,1168690,1168704,1,14,15,completed,1
9468,Rigid,1168689,1168690,1168704,1,14,15,completed,1
9469,Rigid,1168804,1168804,1168816,0,12,12,completed,2
9470,Rigid,1168824,1168824,1168830,0,6,6,completed,2
9471,Rigid,1168834,1168835,1168842,1,7,8,completed,2
9472,Rigid,1168844,1168848,1168857,4,9,13,completed,2
9473,Rigid,1168878,1168879,1168893,1,14,15,completed,2
9474,Rigid,1168878,1168879,1168884,1,5,6,completed,2
9475,Rigid,1168878,1168879,1168884,1,5,6,completed,2
9476,Rigid,1168878,1168879,1168884,1,5,6,completed,2
9477,Rigid,1168878,1168879,1168884,1,5,6,completed,2
9478,Rigid,1168878,1168879,1168884,1,5,6,completed,2
9479,Rigid,1168878,1168879,1168884,1,5,6,completed,2
9480,Rigid,1168878,1168879,1168910,1,31,32,completed,2
9481,Rigid,1168878,1168879,1168884,1,5,6,completed,2
9482,Rigid,1168878,1168879,1168884,1,5,6,completed,2
9483,Rigid,1168878,1168879,1168884,1,5,6,completed,2
9484,Rigid,1168878,1168879,1168884,1,5,6,completed,2
9485,Rigid,1168878,1168879,1168885,1,6,7,completed,2
9486,Rigid,1168878,1168879,1168898,1,19,20,completed,2
9487,Rigid,1168878,1168879,1168906,1,27,28,completed,2
9488,Rigid,1168878,1168879,1168884,1,5,6,completed,2
9489,Rigid,1168878,1168879,1168884,1,5,6,completed,2
9490,Rigid,1168878,1168879,1168884,1,5,6,completed,2
9491,Rigid,1168878,1168879,1168893,1,14,15,completed,2
9492,Rigid,1168878,1168879,1168893,1,14,15,completed,2
9493,Rigid,1168878,1168879,1168884,1,5,6,completed,2
9494,Rigid,1168879,1168879,1168884,0,5,5,completed,2
9495,Rigid,1168879,1168879,1168884,0,5,5,completed,2
9496,Rigid,1168879,1168879,1168884,0,5,5,completed,2
9497,Rigid,1168879,1168879,1168894,0,15,15,completed,2
9498,Rigid,1168879,1168879,1168896,0,17,17,completed,2
9499,Rigid,1168879,1168883,1168897,4,14,18,completed,2
9500,Rigid,1168879,1168883,1168897,4,14,18,completed,2
9501,Rigid,1168879,1168883,1168897,4,14,18,completed,2
9502,Rigid,1168879,1168883,1168904,4,21,25,completed,2
9503,Rigid,1168879,1168883,1168922,4,39,43,completed,2
9504,Rigid,1168879,1168883,1168897,4,14,18,completed,2
9505,Rigid,1168879,1168883,1168897,4,14,18,completed,2
9506,Rigid,1168879,1168883,1168897,4,14,18,completed,2
9507,Rigid,1168880,1168883,1168897,3,14,17,completed,2
9508,Rigid,1168880,1168883,1168897,3,14,17,completed,2
9509,Rigid,1168880,1168883,1168897,3,14,17,completed,2
9510,Rigid,1168880,1168883,1168906,3,23,26,completed,2
9511,Rigid,1168880,1168883,1168912,3,29,32,completed,2
9512,Rigid,1168880,1168883,1168897,3,14,17,completed,2
9513,Rigid,1168880,1168883,1168897,3,14,17,completed,2
9514,Rigid,1168880,1168883,1168897,3,14,17,completed,2
9515,Rigid,1168880,1168883,1168897,3,14,17,completed,2
9516,Rigid,1168880,1168883,1168898,3,15,18,completed,2
9517,Rigid,1168880,1168883,1168912,3,29,32,completed,2
9518,Rigid,1168880,1168883,1168903,3,20,23,completed,2
9519,Rigid,1168880,1168883,1168897,3,14,17,completed,2
9520,Rigid,1168880,1168883,1168897,3,14,17,completed,2
9521,Rigid,1168881,1168883,1168897,2,14,16,completed,2
9522,Rigid,1168881,1168883,1168918,2,35,37,completed,2
9523,Rigid,1168881,1168883,1168923,2,40,42,completed,2
9524,Rigid,1168881,1168883,1168897,2,14,16,completed,2
9525,Rigid,1168881,1168883,1168897,2,14,16,completed,2
9526,Rigid,1168881,1168883,1168903,2,20,22,completed,2
9527,Rigid,1168881,1168883,1168922,2,39,41,completed,2
9528,Rigid,1168881,1168883,1168897,2,14,16,completed,2
9529,Rigid,1168881,1168883,1168897,2,14,16,completed,2
9530,Rigid,1168881,1168883,1168897,2,14,16,completed,2
9531,Rigid,1168881,1168883,1168897,2,14,16,completed,2
9532,Rigid,1168881,1168883,1168897,2,14,16,completed,2
9533,Rigid,1168881,1168883,1168903,2,20,22,completed,2
9534,Rigid,1168881,1168883,1168912,2,29,31,completed,2
9535,Rigid,1168881,1168883,1168897,2,14,16,completed,2
9536,Rigid,1168881,1168883,1168897,2,14,16,completed,2
9537,Rigid,1168881,1168883,1168897,2,14,16,completed,2
9538,Rigid,1168881,1168883,1168897,2,14,16,completed,2
9539,Rigid,1168881,1168883,1168905,2,22,24,completed,2
9540,Rigid,1168881,1168883,1168904,2,21,23,completed,2
9541,Rigid,1168881,1168883,1168897,2,14,16,completed,2
9542,Rigid,1168881,1168883,1168897,2,14,16,completed,2
9543,Rigid,1168881,1168883,1168897,2,14,16,completed,2
9544,Rigid,1168881,1168883,1168897,2,14,16,completed,2
9545,Rigid,1168881,1168883,1168897,2,14,16,completed,2
9546,Rigid,1168881,1168883,1168921,2,38,40,completed,2
9547,Rigid,1168881,1168883,1168921,2,38,40,completed,2
9548,Rigid,1168882,1168883,1168897,1,14,15,completed,2
9549,Rigid,1168882,1168883,1168897,1,14,15,completed,2
9550,Rigid,1168882,1168883,1168897,1,14,15,completed,2
9551,Rigid,1168882,1168883,1168925,1,42,43,completed,2
9552,Rigid,1168882,1168883,1168907,1,24,25,completed,2
9553,Rigid,1168882,1168883,1168897,1,14,15,completed,2
9554,Rigid,1168882,1168883,1168897,1,14,15,completed,2
9555,Rigid,1168882,1168883,1168897,1,14,15,completed,2
9556,Rigid,1168882,1168883,1168918,1,35,36,completed,2
9557,Rigid,1168882,1168883,1168907,1,24,25,completed,2
9558,Rigid,1168882,1168883,1168897,1,14,15,completed,2
9559,Rigid,1168882,1168883,1168897,1,14,15,completed,2
9560,Rigid,1168882,1168883,1168925,1,42,43,completed,2
9561,Rigid,1168882,1168883,1168925,1,42,43,completed,2
9562,Rigid,1168882,1168883,1168897,1,14,15,completed,2
9563,Rigid,1168882,1168883,1168897,1,14,15,completed,2
9564,Rigid,1168882,1168883,1168897,1,14,15,completed,2
9565,Rigid,1168882,1168883,1168897,1,14,15,completed,2
9566,Rigid,1168882,1168883,1168897,1,14,15,completed,2
9567,Rigid,1168882,1168883,1168897,1,14,15,completed,2
9568,Rigid,1168882,1168883,1168923,1,40,41,completed,2
9569,Rigid,1168882,1168883,1168903,1,20,21,completed,2
9570,Rigid,1168882,1168883,1168897,1,14,15,completed,2
9571,Rigid,1168882,1168883,1168897,1,14,15,completed,2
9572,Rigid,1168882,1168883,1168897,1,14,15,completed,2
9573,Rigid,1168882,1168883,1168897,1,14,15,completed,2
9574,Rigid,1168882,1168883,1168925,1,42,43,completed,2
9575,Rigid,1168882,1168883,1168918,1,35,36,completed,2
9576,Rigid,1168882,1168883,1168897,1,14,15,completed,2
9577,Rigid,1168882,1168883,1168897,1,14,15,completed,2
9578,Rigid,1168882,1168883,1168897,1,14,15,completed,2
9579,Rigid,1168882,1168883,1168897,1,14,15,completed,2
9580,Rigid,1168882,1168883,1168897,1,14,15,completed,2
9581,Rigid,1168882,1168883,1168897,1,14,15,completed,2
9582,Rigid,1168882,1168883,1168909,1,26,27,completed,2
9583,Rigid,1168883,1168883,1168924,0,41,41,completed,2
9584,Rigid,1168883,1168883,1168897,0,14,14,completed,2
9585,Rigid,1168883,1168883,1168897,0,14,14,completed,2
9586,Rigid,1168883,1168883,1168897,0,14,14,completed,2
9587,Rigid,1168883,1168883,1168897,0,14,14,completed,2
9588,Rigid,1168883,1168883,1168898,0,15,15,completed,2
9589,Rigid,1168883,1168883,1168897,0,14,14,completed,2
9590,Rigid,1168883,1168883,1168905,0,22,22,completed,2
9591,Rigid,1168883,1168883,1168910,0,27,27,completed,2
9592,Rigid,1168883,1168883,1168897,0,14,14,completed,2
9593,Rigid,1168883,1168883,1168897,0,14,14,completed,2
9594,Rigid,1168883,1168883,1168897,0,14,14,completed,2
9595,Rigid,1168883,1168883,1168897,0,14,14,completed,2
9596,Rigid,1168883,1168883,1168897,0,14,14,completed,2
9597,Rigid,1168883,1168887,1168897,4,10,14,completed,2
9598,Rigid,1168883,1168887,1168913,4,26,30,completed,2
9599,Rigid,1168883,1168887,1168897,4,10,14,completed,2
9600,Rigid,1168883,1168887,1168897,4,10,14,completed,2
9601,Rigid,1168884,1168887,1168897,3,10,13,completed,2
9602,Rigid,1168884,1168887,1168897,3,10,13,completed,2
9603,Rigid,1168884,1168887,1168899,3,12,15,completed,2
9604,Rigid,1168884,1168887,1168899,3,12,15,completed,2
9605,Rigid,1168885,1168887,1168899,2,12,14,completed,2
9606,Rigid,1168885,1168887,1168899,2,12,14,completed,2
9607,Rigid,1168885,1168887,1168903,2,16,18,completed,2
9608,Rigid,1168886,1168887,1168899,1,12,13,completed,2
9609,Rigid,1168886,1168887,1168899,1,12,13,completed,2
9610,Rigid,1168887,1168887,1168899,0,12,12,completed,2
9611,Rigid,1168887,1168887,1168899,0,12,12,completed,2
9612,Rigid,1168887,1168887,1168899,0,12,12,completed,2
9613,Rigid,1168887,1168887,1168899,0,12,12,completed,2
9614,Rigid,1168887,1168887,1168899,0,12,12,completed,2
9615,Rigid,1168887,1168887,1168899,0,12,12,completed,2
9616,Rigid,1168887,1168887,1168903,0,16,16,completed,2
9617,Rigid,1168887,1168887,1168899,0,12,12,completed,2
9618,Rigid,1168887,1168887,1168899,0,12,12,completed,2
9619,Rigid,1168887,1168888,1168899,1,11,12,completed,2
9620,Rigid,1168887,1168888,1168899,1,11,12,completed,2
9621,Rigid,1168887,1168888,1168909,1,21,22,completed,2
9622,Rigid,1168887,1168888,1168898,1,10,11,completed,2
9623,Rigid,1168888,1168888,1168897,0,9,9,completed,2
9624,Rigid,1168888,1168888,1168897,0,9,9,completed,2
9625,Rigid,1168888,1168888,1168897,0,9,9,completed,2
9626,Rigid,1168888,1168888,1168897,0,9,9,completed,2
9627,Rigid,1168888,1168888,1168897,0,9,9,completed,2
9628,Rigid,1168888,1168889,1168897,1,8,9,completed,2
9629,Rigid,1168888,1168889,1168913,1,24,25,completed,2
9630,Rigid,1168888,1168889,1168897,1,8,9,completed,2
9631,Rigid,1168888,1168889,1168897,1,8,9,completed,2
9632,Rigid,1168888,1168889,1168897,1,8,9,completed,2
9633,Rigid,1168888,1168889,1168897,1,8,9,completed,2
9634,Rigid,1168888,1168889,1168897,1,8,9,completed,2
9635,Rigid,1168888,1168889,1168897,1,8,9,completed,2
9636,Rigid,1168888,1168889,1168906,1,17,18,completed,2
9637,Rigid,1168888,1168889,1168897,1,8,9,completed,2
9638,Rigid,1168888,1168889,1168897,1,8,9,completed,2
9639,Rigid,1168889,1168889,1168897,0,8,8,completed,2
9640,Rigid,1168889,1168889,1168897,0,8,8,completed,2
9641,Rigid,1168889,1168889,1168897,0,8,8,completed,2
9642,Rigid,1168889,1168889,1168897,0,8,8,completed,2
9643,Rigid,1168889,1168889,1168897,0,8,8,completed,2
9644,Rigid,1168889,1168889,1168918,0,29,29,completed,2
9645,Rigid,1168889,1168889,1168897,0,8,8,completed,2
9646,Rigid,1168889,1168889,1168897,0,8,8,completed,2
9647,Rigid,1168890,1168892,1168897,2,5,7,completed,2
9648,Rigid,1168890,1168892,1168897,2,5,7,completed,2
9649,Rigid,1168890,1168892,1168897,2,5,7,completed,2
9650,Rigid,1168890,1168892,1168897,2,5,7,completed,2
9651,Rigid,1168890,1168892,1168897,2,5,7,completed,2
9652,Rigid,1168890,1168892,1168897,2,5,7,completed,2
9653,Rigid,1168890,1168892,1168910,2,18,20,completed,2
9654,Rigid,1168890,1168892,1168897,2,5,7,completed,2
9655,Rigid,1168890,1168892,1168897,2,5,7,completed,2
9656,Rigid,1168891,1168892,1168897,1,5,6,completed,2
9657,Rigid,1168891,1168892,1168898,1,6,7,completed,2
9658,Rigid,1168891,1168892,1168897,1,5,6,completed,2
9659,Rigid,1168891,1168892,1168897,1,5,6,completed,2
9660,Rigid,1168891,1168892,1168897,1,5,6,completed,2
9661,Rigid,1168891,1168892,1168897,1,5,6,completed,2
9662,Rigid,1168891,1168892,1168905,1,13,14,completed,2
9663,Rigid,1168891,1168892,1168897,1,5,6,completed,2
9664,Rigid,1168891,1168892,1168897,1,5,6,completed,2
9665,Rigid,1168891,1168892,1168897,1,5,6,completed,2
9666,Rigid,1168891,1168892,1168897,1,5,6,completed,2
9667,Rigid,1168891,1168892,1168904,1,12,13,completed,2
9668,Rigid,1168891,1168892,1168897,1,5,6,completed,2
9669,Rigid,1168891,1168892,1168897,1,5,6,completed,2
9670,Rigid,1168891,1168892,1168897,1,5,6,completed,2
9671,Rigid,1168891,1168892,1168897,1,5,6,completed,2
9672,Rigid,1168891,1168892,1168897,1,5,6,completed,2
9673,Rigid,1168891,1168892,1168897,1,5,6,completed,2
9674,Rigid,1168891,1168892,1168897,1,5,6,completed,2
9675,Rigid,1168891,1168892,1168897,1,5,6,completed,2
9676,Rigid,1168891,1168892,1168897,1,5,6,completed,2
9677,Rigid,1168891,1168892,1168897,1,5,6,completed,2
9678,Rigid,1168891,1168892,1168897,1,5,6,completed,2
9679,Rigid,1168891,1168892,1168897,1,5,6,completed,2
9680,Rigid,1168891,1168892,1168897,1,5,6,completed,2
9681,Rigid,1168891,1168892,1168897,1,5,6,completed,2
9682,Rigid,1168891,1168892,1168897,1,5,6,completed,2
9683,Rigid,1168891,1168892,1168897,1,5,6,completed,2
9684,Rigid,1168891,1168892,1168897,1,5,6,completed,2
9685,Rigid,1168891,1168892,1168897,1,5,6,completed,2
9686,Rigid,1168891,1168892,1168897,1,5,6,completed,2
9687,Rigid,1168891,1168892,1168897,1,5,6,completed,2
9688,Rigid,1168891,1168892,1168897,1,5,6,completed,2
9689,Rigid,1168891,1168892,1168897,1,5,6,completed,2
9690,Rigid,1168891,1168892,1168897,1,5,6,completed,2
9691,Rigid,1168898,1168898,1168918,0,20,20,completed,2
9692,Rigid,1168898,1168898,1168918,0,20,20,completed,2
9693,Rigid,1168898,1168898,1168918,0,20,20,completed,2
9694,Rigid,1168898,1168898,1168918,0,20,20,completed,2
9695,Rigid,1168898,1168898,1168918,0,20,20,completed,2
9696,Rigid,1168898,1168898,1168918,0,20,20,completed,2
9697,Rigid,1168898,1168898,1168918,0,20,20,completed,2
9698,Rigid,1168899,1168899,1168918,0,19,19,completed,2
9699,Rigid,1168899,1168899,1168918,0,19,19,completed,2
9700,Rigid,1168899,1168900,1168918,1,18,19,completed,2
9701,Rigid,1168899,1168900,1168918,1,18,19,completed,2
9702,Rigid,1168909,1168910,1168925,1,15,16,completed,2
9703,Rigid,1168909,1168910,1168925,1,15,16,completed,2
9704,Rigid,1168909,1168910,1168925,1,15,16,completed,2
9705,Rigid,1168910,1168910,1168925,0,15,15,completed,2
9706,Rigid,1168910,1168910,1168925,0,15,15,completed,2
9707,Rigid,1168910,1168910,1168925,0,15,15,completed,2
9708,Rigid,1168910,1168910,1168925,0,15,15,completed,2
9709,Rigid,1168910,1168910,1168925,0,15,15,completed,2
9710,Rigid,1168910,1168910,1168925,0,15,15,completed,2
9711,Rigid,1168910,1168910,1168925,0,15,15,completed,2
9712,Rigid,1168910,1168911,1168925,1,14,15,completed,2
9713,Rigid,1168910,1168911,1168925,1,14,15,completed,2
9714,Rigid,1168910,1168911,1168925,1,14,15,completed,2
9715,Rigid,1168910,1168911,1168925,1,14,15,completed,2
9716,Rigid,1168911,1168911,1168925,0,14,14,completed,2
9717,Rigid,1168911,1168911,1168925,0,14,14,completed,2
9718,Rigid,1168911,1168911,1168925,0,14,14,completed,2
9719,Rigid,1168911,1168911,1168925,0,14,14,completed,2
9720,Rigid,1168911,1168911,1168925,0,14,14,completed,2
9721,Rigid,1168911,1168911,1168925,0,14,14,completed,2
9722,Rigid,1168911,1168912,1168925,1,13,14,completed,2
9723,Rigid,1168911,1168912,1168925,1,13,14,completed,2
9724,Rigid,1168911,1168912,1168925,1,13,14,completed,2
9725,Rigid,1168911,1168912,1168925,1,13,14,completed,2
9726,Rigid,1168912,1168913,1168925,1,12,13,completed,2
9727,Rigid,1168912,1168913,1168925,1,12,13,completed,2
9728,Rigid,1168912,1168913,1168925,1,12,13,completed,2
9729,Rigid,1168912,1168913,1168925,1,12,13,completed,2
9730,Rigid,1168912,1168913,1168925,1,12,13,completed,2
9731,Rigid,1168912,1168913,1168925,1,12,13,completed,2
9732,Rigid,1168912,1168913,1168925,1,12,13,completed,2
9733,Rigid,1168912,1168913,1168925,1,12,13,completed,2
9734,Rigid,1168912,1168913,1168925,1,12,13,completed,2
9735,Rigid,1168913,1168913,1168925,0,12,12,completed,2
9736,Rigid,1168913,1168913,1168925,0,12,12,completed,2
9737,Rigid,1168913,1168913,1168925,0,12,12,completed,2
9738,Rigid,1168913,1168913,1168925,0,12,12,completed,2
9739,Rigid,1168913,1168913,1168925,0,12,12,completed,2
9740,Rigid,1168914,1168914,1168925,0,11,11,completed,2
9741,Rigid,1168914,1168914,1168925,0,11,11,completed,2
9742,Rigid,1168916,1168918,1168925,2,7,9,completed,2
9743,Rigid,1168917,1168918,1168925,1,7,8,completed,2
9744,Rigid,1168917,1168918,1168925,1,7,8,completed,2
9745,Rigid,1169035,1169035,1169039,0,4,4,completed,1
9746,Rigid,1169743,1169744,1169753,1,9,10,completed,2
9747,Rigid,1169743,1169744,1169753,1,9,10,completed,2
9748,Rigid,1169744,1169744,1169753,0,9,9,completed,2
9749,Rigid,1169744,1169744,1169753,0,9,9,completed,2
9750,Rigid,1169744,1169744,1169753,0,9,9,completed,2
9751,Rigid,1169744,1169744,1169753,0,9,9,completed,2
9752,Rigid,1169744,1169744,1169753,0,9,9,completed,2
9753,Rigid,1169744,1169744,1169753,0,9,9,completed,2
9754,Rigid,1169744,1169744,1169753,0,9,9,completed,2
9755,Rigid,1169744,1169744,1169753,0,9,9,completed,2
9756,Rigid,1169744,1169746,1169753,2,7,9,completed,2
9757,Rigid,1169744,1169746,1169753,2,7,9,completed,2
9758,Rigid,1169744,1169746,1169753,2,7,9,completed,2
9759,Rigid,1169744,1169746,1169753,2,7,9,completed,2
9760,Rigid,1169744,1169746,1169753,2,7,9,completed,2
9761,Rigid,1169744,1169746,1169753,2,7,9,completed,2
9762,Rigid,1169744,1169746,1169753,2,7,9,completed,2
9763,Rigid,1169744,1169746,1169754,2,8,10,completed,2
9764,Rigid,1169744,1169746,1169753,2,7,9,completed,2
9765,Rigid,1169744,1169746,1169753,2,7,9,completed,2
9766,Rigid,1169744,1169746,1169753,2,7,9,completed,2
9767,Rigid,1169754,1169755,1169760,1,5,6,completed,2
9768,Rigid,1169754,1169755,1169760,1,5,6,completed,2
9769,Rigid,1169754,1169755,1169760,1,5,6,completed,2
9770,Rigid,1169754,1169754,1169760,0,6,6,completed,2
9771,Rigid,1169754,1169754,1169760,0,6,6,completed,2
9772,Rigid,1169754,1169754,1169760,0,6,6,completed,2
9773,Rigid,1169754,1169754,1169760,0,6,6,completed,2
9774,Rigid,1169754,1169754,1169760,0,6,6,completed,2
9775,Rigid,1169754,1169754,1169760,0,6,6,completed,2
9776,Rigid,1169754,1169754,1169760,0,6,6,completed,2
9777,Rigid,1169755,1169755,1169760,0,5,5,completed,2
9778,Rigid,1169755,1169755,1169760,0,5,5,completed,2
9779,Rigid,1169755,1169755,1169760,0,5,5,completed,2
9780,Rigid,1169755,1169755,1169760,0,5,5,completed,2
9781,Rigid,1169755,1169759,1169764,4,5,9,completed,2
9782,Rigid,1169755,1169759,1169764,4,5,9,completed,2
9783,Rigid,1169755,1169759,1169764,4,5,9,completed,2
9784,Rigid,1169755,1169759,1169764,4,5,9,completed,2
9785,Rigid,1169755,1169759,1169764,4,5,9,completed,2
9786,Rigid,1169755,1169759,1169766,4,7,11,completed,2
9787,Rigid,1169756,1169759,1169764,3,5,8,completed,2
9788,Rigid,1169766,1169767,1169773,1,6,7,completed,2
9789,Rigid,1169766,1169767,1169773,1,6,7,completed,2
9790,Rigid,1169766,1169767,1169773,1,6,7,completed,2
9791,Rigid,1169766,1169767,1169773,1,6,7,completed,2
9792,Rigid,1169766,1169767,1169773,1,6,7,completed,2
9793,Rigid,1169766,1169767,1169773,1,6,7,completed,2
9794,Rigid,1169766,1169767,1169773,1,6,7,completed,2
9795,Rigid,1169766,1169767,1169773,1,6,7,completed,2
9796,Rigid,1169766,1169767,1169773,1,6,7,completed,2
9797,Rigid,1169766,1169767,1169773,1,6,7,completed,2
9798,Rigid,1169767,1169767,1169773,0,6,6,completed,2
9799,Rigid,1169767,1169767,1169773,0,6,6,completed,2
9800,Rigid,1169767,1169767,1169773,0,6,6,completed,2
9801,Rigid,1169767,1169767,1169773,0,6,6,completed,2
9802,Rigid,1169767,1169767,1169773,0,6,6,completed,2
9803,Rigid,1169767,1169767,1169773,0,6,6,completed,2
9804,Rigid,1169767,1169767,1169773,0,6,6,completed,2
9805,Rigid,1169767,1169767,1169773,0,6,6,completed,2
9806,Rigid,1169767,1169767,1169773,0,6,6,completed,2
9807,Rigid,1169768,1169771,1169777,3,6,9,completed,2
9808,Rigid,1169779,1169780,1169789,1,9,10,completed,2
9809,Rigid,1169805,1169805,1169819,0,14,14,completed,2
9810,Rigid,1169805,1169805,1169811,0,6,6,completed,2
9811,Rigid,1169805,1169806,1169811,1,5,6,completed,2
9812,Rigid,1169805,1169806,1169811,1,5,6,completed,2
9813,Rigid,1169805,1169806,1169811,1,5,6,completed,2
9814,Rigid,1169805,1169806,1169811,1,5,6,completed,2
9815,Rigid,1169805,1169806,1169811,1,5,6,completed,2
9816,Rigid,1169805,1169806,1169811,1,5,6,completed,2
9817,Rigid,1169805,1169806,1169811,1,5,6,completed,2
9818,Rigid,1169805,1169806,1169824,1,18,19,completed,2
9819,Rigid,1169805,1169806,1169811,1,5,6,completed,2
9820,Rigid,1169805,1169806,1169811,1,5,6,completed,2
9821,Rigid,1169805,1169806,1169811,1,5,6,completed,2
9822,Rigid,1169805,1169806,1169811,1,5,6,completed,2
9823,Rigid,1169805,1169806,1169811,1,5,6,completed,2
9824,Rigid,1169805,1169806,1169811,1,5,6,completed,2
9825,Rigid,1169805,1169806,1169811,1,5,6,completed,2
9826,Rigid,1169805,1169806,1169832,1,26,27,completed,2
9827,Rigid,1169805,1169806,1169818,1,12,13,completed,2
9828,Rigid,1169805,1169806,1169811,1,5,6,completed,2
9829,Rigid,1169805,1169806,1169811,1,5,6,completed,2
9830,Rigid,1169805,1169806,1169811,1,5,6,completed,2
9831,Rigid,1169805,1169806,1169811,1,5,6,completed,2
9832,Rigid,1169805,1169806,1169811,1,5,6,completed,2
9833,Rigid,1169805,1169806,1169811,1,5,6,completed,2
9834,Rigid,1169805,1169806,1169811,1,5,6,completed,2
9835,Rigid,1169805,1169806,1169811,1,5,6,completed,2
9836,Rigid,1169805,1169806,1169831,1,25,26,completed,2
9837,Rigid,1169805,1169806,1169835,1,29,30,completed,2
9838,Rigid,1169805,1169806,1169811,1,5,6,completed,2
9839,Rigid,1169805,1169806,1169811,1,5,6,completed,2
9840,Rigid,1169805,1169806,1169811,1,5,6,completed,2
9841,Rigid,1169805,1169806,1169811,1,5,6,completed,2
9842,Rigid,1169805,1169806,1169811,1,5,6,completed,2
9843,Rigid,1169805,1169806,1169820,1,14,15,completed,2
9844,Rigid,1169805,1169806,1169819,1,13,14,completed,2
9845,Rigid,1169805,1169806,1169811,1,5,6,completed,2
9846,Rigid,1169805,1169806,1169811,1,5,6,completed,2
9847,Rigid,1169805,1169806,1169811,1,5,6,completed,2
9848,Rigid,1169805,1169806,1169811,1,5,6,completed,2
9849,Rigid,1169806,1169806,1169811,0,5,5,completed,2
9850,Rigid,1169806,1169806,1169811,0,5,5,completed,2
9851,Rigid,1169806,1169806,1169811,0,5,5,completed,2
9852,Rigid,1169806,1169806,1169811,0,5,5,completed,2
9853,Rigid,1169806,1169810,1169842,4,32,36,completed,2
9854,Rigid,1169806,1169810,1169839,4,29,33,completed,2
9855,Rigid,1169806,1169810,1169817,4,7,11,completed,2
9856,Rigid,1169806,1169810,1169817,4,7,11,completed,2
9857,Rigid,1169806,1169810,1169817,4,7,11,completed,2
9858,Rigid,1169806,1169810,1169817,4,7,11,completed,2
9859,Rigid,1169806,1169810,1169817,4,7,11,completed,2
9860,Rigid,1169806,1169810,1169817,4,7,11,completed,2
9861,Rigid,1169806,1169810,1169817,4,7,11,completed,2
9862,Rigid,1169806,1169810,1169817,4,7,11,completed,2
9863,Rigid,1169806,1169810,1169842,4,32,36,completed,2
9864,Rigid,1169806,1169810,1169827,4,17,21,completed,2
9865,Rigid,1169806,1169810,1169817,4,7,11,completed,2
9866,Rigid,1169806,1169810,1169817,4,7,11,completed,2
9867,Rigid,1169806,1169810,1169817,4,7,11,completed,2
9868,Rigid,1169806,1169810,1169817,4,7,11,completed,2
9869,Rigid,1169806,1169810,1169817,4,7,11,completed,2
9870,Rigid,1169806,1169810,1169817,4,7,11,completed,2
9871,Rigid,1169806,1169810,1169817,4,7,11,completed,2
9872,Rigid,1169807,1169810,1169825,3,15,18,completed,2
9873,Rigid,1169807,1169810,1169817,3,7,10,completed,2
9874,Rigid,1169807,1169810,1169817,3,7,10,completed,2
9875,Rigid,1169807,1169810,1169840,3,30,33,completed,2
9876,Rigid,1169807,1169810,1169817,3,7,10,completed,2
9877,Rigid,1169807,1169810,1169817,3,7,10,completed,2
9878,Rigid,1169807,1169810,1169817,3,7,10,completed,2
9879,Rigid,1169807,1169810,1169817,3,7,10,completed,2
9880,Rigid,1169807,1169810,1169817,3,7,10,completed,2
9881,Rigid,1169807,1169810,1169817,3,7,10,completed,2
9882,Rigid,1169807,1169810,1169840,3,30,33,completed,2
9883,Rigid,1169807,1169810,1169840,3,30,33,completed,2
9884,Rigid,1169807,1169810,1169817,3,7,10,completed,2
9885,Rigid,1169807,1169810,1169817,3,7,10,completed,2
9886,Rigid,1169807,1169810,1169817,3,7,10,completed,2
9887,Rigid,1169807,1169810,1169817,3,7,10,completed,2
9888,Rigid,1169807,1169810,1169817,3,7,10,completed,2
9889,Rigid,1169807,1169810,1169826,3,16,19,completed,2
9890,Rigid,1169807,1169810,1169829,3,19,22,completed,2
9891,Rigid,1169807,1169810,1169817,3,7,10,completed,2
9892,Rigid,1169807,1169810,1169817,3,7,10,completed,2
9893,Rigid,1169807,1169810,1169817,3,7,10,completed,2
9894,Rigid,1169807,1169810,1169817,3,7,10,completed,2
9895,Rigid,1169807,1169810,1169817,3,7,10,completed,2
9896,Rigid,1169807,1169810,1169817,3,7,10,completed,2
9897,Rigid,1169807,1169810,1169817,3,7,10,completed,2
9898,Rigid,1169807,1169810,1169817,3,7,10,completed,2
9899,Rigid,1169807,1169810,1169829,3,19,22,completed,2
9900,Rigid,1169807,1169810,1169837,3,27,30,completed,2
9901,Rigid,1169807,1169810,1169817,3,7,10,completed,2
9902,Rigid,1169808,1169810,1169817,2,7,9,completed,2
9903,Rigid,1169808,1169810,1169817,2,7,9,completed,2
9904,Rigid,1169808,1169810,1169817,2,7,9,completed,2
9905,Rigid,1169808,1169810,1169817,2,7,9,completed,2
9906,Rigid,1169808,1169810,1169817,2,7,9,completed,2
9907,Rigid,1169808,1169810,1169828,2,18,20,completed,2
9908,Rigid,1169808,1169810,1169835,2,25,27,completed,2
9909,Rigid,1169808,1169810,1169817,2,7,9,completed,2
9910,Rigid,1169808,1169810,1169817,2,7,9,completed,2
9911,Rigid,1169808,1169810,1169817,2,7,9,completed,2
9912,Rigid,1169808,1169810,1169817,2,7,9,completed,2
9913,Rigid,1169808,1169810,1169817,2,7,9,completed,2
9914,Rigid,1169808,1169810,1169817,2,7,9,completed,2
9915,Rigid,1169808,1169810,1169817,2,7,9,completed,2
9916,Rigid,1169808,1169810,1169817,2,7,9,completed,2
9917,Rigid,1169808,1169810,1169832,2,22,24,completed,2
9918,Rigid,1169808,1169810,1169840,2,30,32,completed,2
9919,Rigid,1169808,1169810,1169817,2,7,9,completed,2
9920,Rigid,1169808,1169810,1169817,2,7,9,completed,2
9921,Rigid,1169808,1169810,1169818,2,8,10,completed,2
9922,Rigid,1169808,1169810,1169818,2,8,10,completed,2
9923,Rigid,1169808,1169810,1169818,2,8,10,completed,2
9924,Rigid,1169808,1169810,1169818,2,8,10,completed,2
9925,Rigid,1169808,1169810,1169843,2,33,35,completed,2
9926,Rigid,1169808,1169810,1169830,2,20,22,completed,2
9927,Rigid,1169808,1169810,1169818,2,8,10,completed,2
9928,Rigid,1169808,1169810,1169818,2,8,10,completed,2
9929,Rigid,1169808,1169810,1169818,2,8,10,completed,2
9930,Rigid,1169808,1169810,1169818,2,8,10,completed,2
9931,Rigid,1169808,1169810,1169837,2,27,29,completed,2
9932,Rigid,1169808,1169810,1169839,2,29,31,completed,2
9933,Rigid,1169808,1169810,1169818,2,8,10,completed,2
9934,Rigid,1169808,1169810,1169818,2,8,10,completed,2
9935,Rigid,1169808,1169810,1169819,2,9,11,completed,2
9936,Rigid,1169808,1169810,1169818,2,8,10,completed,2
9937,Rigid,1169808,1169810,1169818,2,8,10,completed,2
9938,Rigid,1169808,1169810,1169818,2,8,10,completed,2
9939,Rigid,1169809,1169810,1169818,1,8,9,completed,2
9940,Rigid,1169809,1169810,1169818,1,8,9,completed,2
9941,Rigid,1169809,1169810,1169856,1,46,47,completed,2
9942,Rigid,1169809,1169810,1169832,1,22,23,completed,2
9943,Rigid,1169809,1169810,1169818,1,8,9,completed,2
9944,Rigid,1169809,1169810,1169818,1,8,9,completed,2
9945,Rigid,1169809,1169810,1169843,1,33,34,completed,2
9946,Rigid,1169809,1169810,1169848,1,38,39,completed,2
9947,Rigid,1169809,1169810,1169818,1,8,9,completed,2
9948,Rigid,1169809,1169810,1169818,1,8,9,completed,2
9949,Rigid,1169809,1169810,1169860,1,50,51,completed,2
9950,Rigid,1169809,1169810,1169856,1,46,47,completed,2
9951,Rigid,1169809,1169810,1169818,1,8,9,completed,2
9952,Rigid,1169809,1169810,1169853,1,43,44,completed,2
9953,Rigid,1169809,1169810,1169860,1,50,51,completed,2
9954,Rigid,1169809,1169810,1169818,1,8,9,completed,2
9955,Rigid,1169809,1169810,1169818,1,8,9,completed,2
9956,Rigid,1169809,1169810,1169818,1,8,9,completed,2
9957,Rigid,1169810,1169810,1169842,0,32,32,completed,2
9958,Rigid,1169810,1169814,1169842,4,28,32,completed,2
9959,Rigid,1169810,1169814,1169820,4,6,10,completed,2
9960,Rigid,1169810,1169814,1169820,4,6,10,completed,2
9961,Rigid,1169810,1169814,1169828,4,14,18,completed,2
9962,Rigid,1169811,1169814,1169820,3,6,9,completed,2
9963,Rigid,1169811,1169814,1169820,3,6,9,completed,2
9964,Rigid,1169811,1169814,1169820,3,6,9,completed,2
9965,Rigid,1169811,1169814,1169820,3,6,9,completed,2
9966,Rigid,1169811,1169814,1169837,3,23,26,completed,2
9967,Rigid,1169811,1169814,1169820,3,6,9,completed,2
9968,Rigid,1169811,1169814,1169820,3,6,9,completed,2
9969,Rigid,1169811,1169814,1169820,3,6,9,completed,2
9970,Rigid,1169811,1169814,1169820,3,6,9,completed,2
9971,Rigid,1169811,1169814,1169841,3,27,30,completed,2
9972,Rigid,1169811,1169814,1169820,3,6,9,completed,2
9973,Rigid,1169811,1169814,1169820,3,6,9,completed,2
9974,Rigid,1169812,1169814,1169820,2,6,8,completed,2
9975,Rigid,1169812,1169814,1169840,2,26,28,completed,2
9976,Rigid,1169812,1169814,1169820,2,6,8,completed,2
9977,Rigid,1169812,1169814,1169821,2,7,9,completed,2
9978,Rigid,1169812,1169814,1169820,2,6,8,completed,2
9979,Rigid,1169812,1169814,1169822,2,8,10,completed,2
9980,Rigid,1169812,1169814,1169820,2,6,8,completed,2
9981,Rigid,1169812,1169814,1169841,2,27,29,completed,2
9982,Rigid,1169812,1169814,1169820,2,6,8,completed,2
9983,Rigid,1169812,1169814,1169820,2,6,8,completed,2
9984,Rigid,1169813,1169814,1169821,1,7,8,completed,2
9985,Rigid,1169813,1169814,1169821,1,7,8,completed,2
9986,Rigid,1169813,1169814,1169827,1,13,14,completed,2
9987,Rigid,1169813,1169814,1169821,1,7,8,completed,2
9988,Rigid,1169813,1169814,1169820,1,6,7,completed,2
9989,Rigid,1169813,1169814,1169822,1,8,9,completed,2
9990,Rigid,1169813,1169814,1169821,1,7,8,completed,2
9991,Rigid,1169813,1169814,1169820,1,6,7,completed,2
9992,Rigid,1169813,1169814,1169844,1,30,31,completed,2
9993,Rigid,1169813,1169814,1169821,1,7,8,completed,2
9994,Rigid,1169813,1169814,1169821,1,7,8,completed,2
9995,Rigid,1169813,1169814,1169821,1,7,8,completed,2
9996,Rigid,1169813,1169814,1169821,1,7,8,completed,2
9997,Rigid,1169813,1169814,1169835,1,21,22,completed,2
9998,Rigid,1169813,1169814,1169821,1,7,8,completed,2
9999,Rigid,1169813,1169814,1169821,1,7,8,completed,2
10000,Rigid,1169813,1169814,1169821,1,7,8,completed,2
10001,Rigid,1169813,1169814,1169833,1,19,20,completed,2
10002,Rigid,1169813,1169814,1169822,1,8,9,completed,2
10003,Rigid,1169813,1169814,1169821,1,7,8,completed,2
10004,Rigid,1169813,1169814,1169821,1,7,8,completed,2
10005,Rigid,1169813,1169814,1169824,1,10,11,completed,2
10006,Rigid,1169813,1169814,1169838,1,24,25,completed,2
10007,Rigid,1169813,1169814,1169821,1,7,8,completed,2
10008,Rigid,1169813,1169814,1169821,1,7,8,completed,2
10009,Rigid,1169814,1169814,1169821,0,7,7,completed,2
10010,Rigid,1169814,1169814,1169821,0,7,7,completed,2
10011,Rigid,1169814,1169814,1169822,0,8,8,completed,2
10012,Rigid,1169814,1169814,1169821,0,7,7,completed,2
10013,Rigid,1169814,1169814,1169821,0,7,7,completed,2
10014,Rigid,1169814,1169814,1169821,0,7,7,completed,2
10015,Rigid,1169814,1169814,1169824,0,10,10,completed,2
10016,Rigid,1169814,1169814,1169822,0,8,8,completed,2
10017,Rigid,1169814,1169814,1169821,0,7,7,completed,2
10018,Rigid,1169814,1169814,1169821,0,7,7,completed,2
10019,Rigid,1169814,1169814,1169821,0,7,7,completed,2
10020,Rigid,1169814,1169814,1169821,0,7,7,completed,2
10021,Rigid,1169814,1169814,1169821,0,7,7,completed,2
10022,Rigid,1169814,1169814,1169821,0,7,7,completed,2
10023,Rigid,1169814,1169814,1169822,0,8,8,completed,2
10024,Rigid,1169814,1169816,1169828,2,12,14,completed,2
10025,Rigid,1169814,1169816,1169828,2,12,14,completed,2
10026,Rigid,1169814,1169816,1169828,2,12,14,completed,2
10027,Rigid,1169815,1169816,1169828,1,12,13,completed,2
10028,Rigid,1169815,1169816,1169828,1,12,13,completed,2
10029,Rigid,1169818,1169818,1169829,0,11,11,completed,2
10030,Rigid,1169818,1169818,1169828,0,10,10,completed,2
10031,Rigid,1169818,1169818,1169828,0,10,10,completed,2
10032,Rigid,1169818,1169818,1169828,0,10,10,completed,2
10033,Rigid,1169818,1169818,1169828,0,10,10,completed,2
10034,Rigid,1169818,1169818,1169828,0,10,10,completed,2
10035,Rigid,1169818,1169818,1169828,0,10,10,completed,2
10036,Rigid,1169818,1169818,1169828,0,10,10,completed,2
10037,Rigid,1169819,1169819,1169828,0,9,9,completed,2
10038,Rigid,1169819,1169819,1169828,0,9,9,completed,2
10039,Rigid,1169819,1169819,1169828,0,9,9,completed,2
10040,Rigid,1169819,1169819,1169828,0,9,9,completed,2
10041,Rigid,1169819,1169819,1169828,0,9,9,completed,2
10042,Rigid,1169819,1169819,1169828,0,9,9,completed,2
10043,Rigid,1169819,1169819,1169828,0,9,9,completed,2
10044,Rigid,1169819,1169819,1169828,0,9,9,completed,2
10045,Rigid,1169820,1169820,1169828,0,8,8,completed,2
10046,Rigid,1169820,1169820,1169828,0,8,8,completed,2
10047,Rigid,1169821,1169821,1169828,0,7,7,completed,2
10048,Rigid,1169821,1169821,1169828,0,7,7,completed,2
10049,Rigid,1169821,1169821,1169828,0,7,7,completed,2
10050,Rigid,1169821,1169822,1169828,1,6,7,completed,2
10051,Rigid,1169821,1169822,1169828,1,6,7,completed,2
10052,Rigid,1169822,1169822,1169828,0,6,6,completed,2
10053,Rigid,1169822,1169822,1169828,0,6,6,completed,2
10054,Rigid,1169823,1169823,1169833,0,10,10,completed,2
10055,Rigid,1169823,1169823,1169833,0,10,10,completed,2
10056,Rigid,1169823,1169823,1169833,0,10,10,completed,2
10057,Rigid,1169823,1169823,1169833,0,10,10,completed,2
10058,Rigid,1169823,1169823,1169834,0,11,11,completed,2
10059,Rigid,1169823,1169825,1169833,2,8,10,completed,2
10060,Rigid,1169823,1169825,1169833,2,8,10,completed,2
10061,Rigid,1169823,1169825,1169833,2,8,10,completed,2
10062,Rigid,1169823,1169825,1169833,2,8,10,completed,2
10063,Rigid,1169824,1169825,1169833,1,8,9,completed,2
10064,Rigid,1169824,1169825,1169833,1,8,9,completed,2
10065,Rigid,1169825,1169825,1169833,0,8,8,completed,2
10066,Rigid,1169825,1169825,1169834,0,9,9,completed,2
10067,Rigid,1169825,1169825,1169833,0,8,8,completed,2
10068,Rigid,1169825,1169825,1169833,0,8,8,completed,2
10069,Rigid,1169825,1169825,1169833,0,8,8,completed,2
10070,Rigid,1169827,1169828,1169840,1,12,13,completed,2
10071,Rigid,1169828,1169828,1169840,0,12,12,completed,2
10072,Rigid,1169828,1169828,1169841,0,13,13,completed,2
10073,Rigid,1169828,1169828,1169840,0,12,12,completed,2
10074,Rigid,1169829,1169829,1169840,0,11,11,completed,2
10075,Rigid,1169829,1169829,1169840,0,11,11,completed,2
10076,Rigid,1169829,1169829,1169840,0,11,11,completed,2
10077,Rigid,1169829,1169829,1169840,0,11,11,completed,2
10078,Rigid,1169829,1169829,1169840,0,11,11,completed,2
10079,Rigid,1169829,1169829,1169840,0,11,11,completed,2
10080,Rigid,1169829,1169829,1169840,0,11,11,completed,2
10081,Rigid,1169949,1169950,1171567,1,1617,1618,completed,36
10082,Rigid,1169958,1169959,1171225,1,1266,1267,completed,36
10083,Rigid,1169962,1169963,1171372,1,1409,1410,completed,36
10084,Rigid,1169966,1170210,1171573,244,1363,1607,completed,36
10085,Rigid,1169971,1169972,1169976,1,4,5,completed,1
10086,Rigid,1169976,1170284,1171756,308,1472,1780,completed,36
10087,Rigid,1169981,1170294,1172780,313,2486,2799,completed,36
10088,Rigid,1169985,1170360,1172946,375,2586,2961,completed,36
10089,Rigid,1169989,1170407,1173127,418,2720,3138,completed,36
10090,Rigid,1170011,1170435,1171931,424,1496,1920,completed,36
10091,Rigid,1170017,1170461,1173091,444,2630,3074,completed,36
10092,Rigid,1170020,1170570,1173254,550,2684,3234,completed,36
10093,Rigid,1170024,1170583,1173387,559,2804,3363,completed,36
10094,Rigid,1170039,1170587,1172018,548,1431,1979,completed,36
10095,Rigid,1170044,1170730,1173286,686,2556,3242,completed,36
10096,Rigid,1170049,1170778,1173597,729,2819,3548,completed,36
10097,Rigid,1170053,1170843,1173877,790,3034,3824,completed,36
10098,Rigid,1170105,1170105,1170109,0,4,4,completed,1
10099,Rigid,1170859,1170869,1174737,10,3868,3878,completed,18
10100,Rigid,1170985,1170986,1170990,1,4,5,completed,1
10101,Rigid,1171190,1171192,1171195,2,3,5,completed,1
10102,Rigid,1171944,1171959,1229474,15,57515,57530,completed,36
10103,Rigid,1172064,1172064,1172068,0,4,4,completed,1
10104,Rigid,1172223,1172224,1172228,1,4,5,completed,1
10105,Rigid,1173116,1173117,1173121,1,4,5,completed,1
10106,Rigid,1173250,1173250,1173256,0,6,6,completed,1
10107,Rigid,1174008,1174009,1174083,1,74,75,completed,1
10108,Rigid,1174289,1174289,1174293,0,4,4,completed,1
10109,Rigid,1175483,1175484,1175488,1,4,5,completed,1
10110,Rigid,1176794,1176795,1176799,1,4,5,completed,1
10111,Rigid,1177489,1177494,1179720,5,2226,2231,completed,18
10112,Rigid,1180060,1180083,1182198,23,2115,2138,completed,18
10113,Rigid,1181055,1181057,1183202,2,2145,2147,completed,18
10114,Rigid,1204847,1204848,1211251,1,6403,6404,completed,16
10115,Rigid,1204890,1204891,1209912,1,5021,5022,completed,16
10116,Rigid,1205293,1205294,1209152,1,3858,3859,completed,16
10117,Rigid,1205342,1205343,1210366,1,5023,5024,completed,16
10118,Rigid,1205893,1205893,1205910,0,17,17,completed,1
10119,Rigid,1205893,1205893,1205910,0,17,17,completed,1
10120,Rigid,1205923,1205923,1209926,0,4003,4003,completed,9
10121,Rigid,1205923,1205923,1210685,0,4762,4762,completed,9
10122,Rigid,1206214,1206215,1232509,1,26294,26295,completed,16
10123,Rigid,1206217,1206219,1206511,2,292,294,completed,16
10124,Rigid,1206225,1206225,1236746,0,30521,30521,completed,16
10125,Rigid,1206228,1206229,1206497,1,268,269,completed,16
10126,Rigid,1206389,1206390,1206916,1,526,527,completed,396
10127,Rigid,1206426,1206427,1206919,1,492,493,completed,396
10128,Rigid,1206457,1206457,1206921,0,464,464,completed,396
10129,Rigid,1206475,1206476,1210073,1,3597,3598,completed,396
10130,Rigid,1206941,1206941,1219531,0,12590,12590,completed,396
10131,Rigid,1206953,1206953,1219518,0,12565,12565,completed,396
10132,Rigid,1206960,1206961,1219494,1,12533,12534,completed,396
10133,Rigid,1206987,1206987,1266188,0,59201,59201,completed,1
10134,Rigid,1206987,1206991,1260735,4,53744,53748,completed,1
10135,Rigid,1208166,1208166,1208231,0,65,65,completed,1
10136,Rigid,1208167,1208170,1208231,3,61,64,completed,1
10137,Rigid,1208168,1208170,1208231,2,61,63,completed,1
10138,Rigid,1208169,1208170,1208231,1,61,62,completed,1
10139,Rigid,1208170,1208170,1208231,0,61,61,completed,1
10140,Rigid,1208171,1208174,1208231,3,57,60,completed,1
10141,Rigid,1208172,1208174,1208249,2,75,77,completed,1
10142,Rigid,1208173,1208174,1208249,1,75,76,completed,1
10143,Rigid,1208174,1208174,1208249,0,75,75,completed,1
10144,Rigid,1208175,1208178,1208249,3,71,74,completed,1
10145,Rigid,1208175,1208178,1208283,3,105,108,completed,1
10146,Rigid,1208176,1208178,1208283,2,105,107,completed,1
10147,Rigid,1208177,1208178,1208283,1,105,106,completed,1
10148,Rigid,1208178,1208178,1208283,0,105,105,completed,1
10149,Rigid,1208179,1208179,1208283,0,104,104,completed,1
10150,Rigid,1208180,1208182,1208283,2,101,103,completed,1
10151,Rigid,1208233,1208234,1390041,1,181807,181808,completed,36
10152,Rigid,1208360,1208360,1238895,0,30535,30535,completed,1
10153,Rigid,1208361,1208364,1237807,3,29443,29446,completed,1
10154,Rigid,1208362,1208364,1240612,2,32248,32250,completed,1
10155,Rigid,1208363,1208364,1239430,1,31066,31067,completed,1
10156,Rigid,1208365,1208368,1239122,3,30754,30757,completed,1
10157,Rigid,1208366,1208368,1240227,2,31859,31861,completed,1
10158,Rigid,1208367,1208368,1240102,1,31734,31735,completed,1
10159,Rigid,1208368,1208368,1240581,0,32213,32213,completed,1
10160,Rigid,1208369,1208372,1240346,3,31974,31977,completed,1
10161,Rigid,1208370,1208372,1240375,2,32003,32005,completed,1
10162,Rigid,1208371,1208372,1239220,1,30848,30849,completed,1
10163,Rigid,1208371,1208372,1239242,1,30870,30871,completed,1
10164,Rigid,1208372,1208376,1239346,4,30970,30974,completed,1
10165,Rigid,1208373,1208376,1240444,3,32068,32071,completed,1
10166,Rigid,1208374,1208376,1241828,2,33452,33454,completed,1
10167,Rigid,1208375,1208376,1241016,1,32640,32641,completed,1
10168,Rigid,1208375,1208376,1210951,1,2575,2576,completed,18
10169,Rigid,1208464,1208464,1238784,0,30320,30320,completed,36
10170,Rigid,1208464,1208464,1233153,0,24689,24689,completed,36
10171,Rigid,1208464,1208464,1226575,0,18111,18111,completed,36
10172,Rigid,1208610,1313182,1475941,104572,162759,267331,completed,36
10173,Rigid,1208610,1313243,1475941,104633,162698,267331,completed,36
10174,Rigid,1208610,1313333,1475941,104723,162608,267331,completed,36
10175,Rigid,1208707,1208708,1210492,1,1784,1785,completed,144
10176,Rigid,1208896,1208896,1226659,0,17763,17763,completed,18
10177,Rigid,1209130,1209130,1210713,0,1583,1583,completed,16
10178,Rigid,1209135,1209136,1211238,1,2102,2103,completed,16
10179,Rigid,1209140,1209140,1209227,0,87,87,completed,16
10180,Rigid,1209144,1209145,1209189,1,44,45,completed,16
10181,Rigid,1209148,1209149,1275140,1,65991,65992,completed,1
10182,Rigid,1209157,1209157,1209160,0,3,3,completed,16
10183,Rigid,1209164,1209164,1210993,0,1829,1829,completed,16
10184,Rigid,1209178,1209181,1211125,3,1944,1947,completed,16
10185,Rigid,1209224,1209225,1209287,1,62,63,completed,16
10186,Rigid,1209228,1209228,1209279,0,51,51,completed,16
10187,Rigid,1209470,1209471,1211247,1,1776,1777,completed,144
10188,Rigid,1209555,1209556,1209806,1,250,251,completed,36
10189,Rigid,1209620,1209620,1226659,0,17039,17039,completed,72
10190,Rigid,1209673,1209673,1209678,0,5,5,completed,36
10191,Rigid,1209687,1209688,1212293,1,2605,2606,completed,16
10192,Rigid,1209693,1209693,1212959,0,3266,3266,completed,16
10193,Rigid,1209697,1209698,1209750,1,52,53,completed,16
10194,Rigid,1209700,1209702,1210704,2,1002,1004,completed,72
10195,Rigid,1209701,1209702,1209785,1,83,84,completed,16
10196,Rigid,1209717,1209717,1209793,0,76,76,completed,16
10197,Rigid,1209722,1209722,1212740,0,3018,3018,completed,16
10198,Rigid,1209725,1209726,1209975,1,249,250,completed,36
10199,Rigid,1209730,1209731,1212833,1,3102,3103,completed,16
10200,Rigid,1209734,1209735,1209782,1,47,48,completed,16
10201,Rigid,1209737,1209739,1209805,2,66,68,completed,16
10202,Rigid,1209810,1209811,1212058,1,2247,2248,completed,16
10203,Rigid,1209838,1209841,1209924,3,83,86,completed,36
10204,Rigid,1209867,1209868,1226659,1,16791,16792,completed,18
10205,Rigid,1210004,1210005,1210940,1,935,936,completed,36
10206,Rigid,1210049,1210049,1210191,0,142,142,completed,72
10207,Rigid,1210073,1210073,1210111,0,38,38,completed,9
10208,Rigid,1210073,1210073,1215787,0,5714,5714,completed,8
10209,Rigid,1210077,1210077,1210569,0,492,492,completed,396
10210,Rigid,1210133,1210133,1210338,0,205,205,completed,36
10211,Rigid,1210248,1210248,1212819,0,2571,2571,completed,72
10212,Rigid,1210343,1210344,1213341,1,2997,2998,completed,72
10213,Rigid,1210433,1210433,1212940,0,2507,2507,completed,72
10214,Rigid,1210453,1210454,1210458,1,4,5,completed,16
10215,Rigid,1210458,1210459,1210533,1,74,75,completed,36
10216,Rigid,1210486,1210487,1211751,1,1264,1265,completed,16
10217,Rigid,1210510,1210510,1381350,0,170840,170840,completed,576
10218,Rigid,1210529,1210534,1213146,5,2612,2617,completed,72
10219,Rigid,1210592,1210593,1211281,1,688,689,completed,396
10220,Rigid,1210630,1210705,1213619,75,2914,2989,completed,72
10221,Rigid,1210736,1211014,1214026,278,3012,3290,completed,72
10222,Rigid,1210799,1210944,1211012,145,68,213,completed,36
10223,Rigid,1210803,1210805,1210852,2,47,49,completed,9
10224,Rigid,1210803,1210805,1217338,2,6533,6535,completed,8
10225,Rigid,1210849,1210849,1214503,0,3654,3654,completed,8
10226,Rigid,1210851,1211276,1214515,425,3239,3664,completed,72
10227,Rigid,1210965,1211818,1215098,853,3280,4133,completed,72
10228,Rigid,1211068,1211249,1216703,181,5454,5635,completed,72
10229,Rigid,1211197,1211287,1225701,90,14414,14504,completed,396
10230,Rigid,1211366,1219503,1222006,8137,2503,10640,completed,396
10231,Rigid,1211369,1211758,1211791,389,33,422,completed,36
10232,Rigid,1212139,1219527,1222063,7388,2536,9924,completed,396
10233,Rigid,1212161,1219540,1222061,7379,2521,9900,completed,396
10234,Rigid,1212947,1212964,1558585,17,345621,345638,completed,36
10235,Rigid,1212947,1212964,1558585,17,345621,345638,completed,36
10236,Rigid,1212947,1212964,1558585,17,345621,345638,completed,36
10237,Rigid,1212947,1212964,1558585,17,345621,345638,completed,36
10238,Rigid,1212947,1212964,1558585,17,345621,345638,completed,36
10239,Rigid,1212947,1212964,1558585,17,345621,345638,completed,36
10240,Rigid,1212947,1213150,1558771,203,345621,345824,completed,36
10241,Rigid,1212947,1213150,1558771,203,345621,345824,completed,36
10242,Rigid,1212947,1213368,1558987,421,345619,346040,completed,36
10243,Rigid,1212947,1213369,1558987,422,345618,346040,completed,36
10244,Rigid,1212947,1213649,1559257,702,345608,346310,completed,36
10245,Rigid,1212947,1213649,1559257,702,345608,346310,completed,36
10246,Rigid,1212947,1214055,1391000,1108,176945,178053,completed,36
10247,Rigid,1212947,1214523,1560130,1576,345607,347183,completed,36
10248,Rigid,1212947,1214523,1560130,1576,345607,347183,completed,36
10249,Rigid,1212947,1216712,1562323,3765,345611,349376,completed,36
10250,Rigid,1212947,1216712,1562323,3765,345611,349376,completed,36
10251,Rigid,1212947,1219513,1565120,6566,345607,352173,completed,36
10252,Rigid,1212947,1219545,1565151,6598,345606,352204,completed,36
10253,Rigid,1212947,1219638,1565243,6691,345605,352296,completed,36
10254,Rigid,1212947,1222066,1567676,9119,345610,354729,completed,36
10255,Rigid,1212947,1222066,1567676,9119,345610,354729,completed,36
10256,Rigid,1212947,1222072,1567676,9125,345604,354729,completed,36
10257,Rigid,1212947,1222072,1567676,9125,345604,354729,completed,36
10258,Rigid,1212947,1222072,1567676,9125,345604,354729,completed,36
10259,Rigid,1212947,1222072,1567676,9125,345604,354729,completed,36
10260,Rigid,1212947,1222081,1567706,9134,345625,354759,completed,36
10261,Rigid,1212947,1222082,1567706,9135,345624,354759,completed,36
10262,Rigid,1212947,1222082,1567706,9135,345624,354759,completed,36
10263,Rigid,1212947,1222910,1568516,9963,345606,355569,completed,36
10264,Rigid,1212947,1222910,1568516,9963,345606,355569,completed,36
10265,Rigid,1212947,1222910,1568516,9963,345606,355569,completed,36
10266,Rigid,1212947,1224031,1569659,11084,345628,356712,completed,36
10267,Rigid,1212973,1224031,1224090,11058,59,11117,completed,36
10268,Rigid,1212973,1224031,1224414,11058,383,11441,completed,36
10269,Rigid,1212973,1224063,1224127,11090,64,11154,completed,36
10270,Rigid,1212973,1224094,1225190,11121,1096,12217,completed,36
10271,Rigid,1212973,1224157,1224818,11184,661,11845,completed,36
10272,Rigid,1212973,1224438,1227511,11465,3073,14538,completed,36
10273,Rigid,1212973,1224844,1258631,11871,33787,45658,completed,36
10274,Rigid,1212973,1225218,1225283,12245,65,12310,completed,36
10275,Rigid,1212973,1225311,1226069,12338,758,13096,completed,36
10276,Rigid,1212973,1225706,1225806,12733,100,12833,completed,36
10277,Rigid,1212973,1225706,1225762,12733,56,12789,completed,36
10278,Rigid,1212973,1225707,1226014,12734,307,13041,completed,36
10279,Rigid,1212973,1225764,1253105,12791,27341,40132,completed,36
10280,Rigid,1212973,1225776,1312181,12803,86405,99208,completed,36
10281,Rigid,1212973,1225807,1226044,12834,237,13071,completed,36
10282,Rigid,1212973,1226016,1226315,13043,299,13342,completed,36
10283,Rigid,1212973,1226045,1226112,13072,67,13139,completed,36
10284,Rigid,1212973,1226070,1226472,13097,402,13499,completed,36
10285,Rigid,1212974,1226113,1226384,13139,271,13410,completed,36
10286,Rigid,1212974,1226317,1226373,13343,56,13399,completed,36
10287,Rigid,1212974,1226374,1279851,13400,53477,66877,completed,36
10288,Rigid,1212974,1226385,1227367,13411,982,14393,completed,36
10289,Rigid,1212974,1226474,1248539,13500,22065,35565,completed,36
10290,Rigid,1212974,1226513,1226638,13539,125,13664,completed,36
10291,Rigid,1212974,1226513,1228194,13539,1681,15220,completed,36
10292,Rigid,1212974,1226513,1227136,13539,623,14162,completed,36
10293,Rigid,1212974,1226513,1226615,13539,102,13641,completed,36
10294,Rigid,1212974,1226513,1226572,13539,59,13598,completed,36
10295,Rigid,1212974,1226513,1226628,13539,115,13654,completed,36
10296,Rigid,1212974,1226513,1226867,13539,354,13893,completed,36
10297,Rigid,1212974,1226514,1226578,13540,64,13604,completed,36
10298,Rigid,1212974,1226514,1226601,13540,87,13627,completed,36
10299,Rigid,1212974,1226514,1227024,13540,510,14050,completed,36
10300,Rigid,1212974,1226514,1227028,13540,514,14054,completed,36
10301,Rigid,1212974,1226514,1228942,13540,2428,15968,completed,36
10302,Rigid,1212974,1226573,1312991,13599,86418,100017,completed,36
10303,Rigid,1212974,1226576,1312991,13602,86415,100017,completed,36
10304,Rigid,1212974,1226579,1234447,13605,7868,21473,completed,36
10305,Rigid,1212974,1226602,1227053,13628,451,14079,completed,36
10306,Rigid,1212974,1226616,1226641,13642,25,13667,completed,36
10307,Rigid,1212974,1226629,1227039,13655,410,14065,completed,36
10308,Rigid,1212974,1226664,1226870,13690,206,13896,completed,36
10309,Rigid,1212974,1226666,1234288,13692,7622,21314,completed,36
10310,Rigid,1212974,1226666,1227228,13692,562,14254,completed,36
10311,Rigid,1212974,1226666,1226795,13692,129,13821,completed,36
10312,Rigid,1212974,1226666,1226752,13692,86,13778,completed,36
10313,Rigid,1212974,1226666,1226744,13692,78,13770,completed,36
10314,Rigid,1212975,1226666,1226836,13691,170,13861,completed,36
10315,Rigid,1212975,1226666,1226715,13691,49,13740,completed,36
10316,Rigid,1212975,1226666,1226698,13691,32,13723,completed,36
10317,Rigid,1212975,1226700,1226786,13725,86,13811,completed,36
10318,Rigid,1212975,1226776,1228059,13801,1283,15084,completed,36
10319,Rigid,1212975,1226745,1227522,13770,777,14547,completed,36
10320,Rigid,1212975,1226776,1226822,13801,46,13847,completed,36
10321,Rigid,1212975,1226807,1227096,13832,289,14121,completed,36
10322,Rigid,1212975,1226808,1230937,13833,4129,17962,completed,36
10323,Rigid,1212975,1226839,1230759,13864,3920,17784,completed,36
10324,Rigid,1212975,1226839,1227516,13864,677,14541,completed,36
10325,Rigid,1212975,1226870,1227003,13895,133,14028,completed,36
10326,Rigid,1212975,1226902,1227894,13927,992,14919,completed,36
10327,Rigid,1212975,1227026,1227667,14051,641,14692,completed,36
10328,Rigid,1212975,1227026,1232076,14051,5050,19101,completed,36
10329,Rigid,1212975,1227058,1227346,14083,288,14371,completed,36
10330,Rigid,1212976,1227058,1228602,14082,1544,15626,completed,36
10331,Rigid,1212976,1227058,1230576,14082,3518,17600,completed,36
10332,Rigid,1212976,1227120,1227260,14144,140,14284,completed,36
10333,Rigid,1212976,1227152,1227418,14176,266,14442,completed,36
10334,Rigid,1212976,1227234,1268157,14258,40923,55181,completed,36
10335,Rigid,1212976,1227262,1229869,14286,2607,16893,completed,36
10336,Rigid,1212976,1227370,1227439,14394,69,14463,completed,36
10337,Rigid,1212976,1227370,1227459,14394,89,14483,completed,36
10338,Rigid,1212976,1227370,1246058,14394,18688,33082,completed,36
10339,Rigid,1212976,1227370,1227745,14394,375,14769,completed,36
10340,Rigid,1212976,1227432,1228030,14456,598,15054,completed,36
10341,Rigid,1212976,1227463,1237018,14487,9555,24042,completed,36
10342,Rigid,1212976,1227464,1227887,14488,423,14911,completed,36
10343,Rigid,1212976,1227528,1227849,14552,321,14873,completed,36
10344,Rigid,1212977,1227528,1227899,14551,371,14922,completed,36
10345,Rigid,1212977,1227528,1227614,14551,86,14637,completed,36
10346,Rigid,1212977,1227528,1232566,14551,5038,19589,completed,36
10347,Rigid,1212977,1227528,1227875,14551,347,14898,completed,36
10348,Rigid,1212977,1227623,1228478,14646,855,15501,completed,36
10349,Rigid,1212977,1227685,1235754,14708,8069,22777,completed,36
10350,Rigid,1212977,1227748,1227930,14771,182,14953,completed,36
10351,Rigid,1212977,1227873,1228564,14896,691,15587,completed,36
10352,Rigid,1212977,1227936,1231049,14959,3113,18072,completed,36
10353,Rigid,1212977,1228092,1228280,15115,188,15303,completed,36
10354,Rigid,1212977,1228092,1228284,15115,192,15307,completed,36
10355,Rigid,1212977,1228123,1228657,15146,534,15680,completed,36
10356,Rigid,1212977,1228123,1228249,15146,126,15272,completed,36
10357,Rigid,1212977,1228123,1229047,15146,924,16070,completed,36
10358,Rigid,1212977,1228279,1277669,15302,49390,64692,completed,36
10359,Rigid,1212977,1228310,1231137,15333,2827,18160,completed,36
10360,Rigid,1212977,1228310,1234289,15333,5979,21312,completed,36
10361,Rigid,1212977,1228382,1241346,15405,12964,28369,completed,36
10362,Rigid,1212977,1228382,1229046,15405,664,16069,completed,36
10363,Rigid,1212978,1228415,1228491,15437,76,15513,completed,36
10364,Rigid,1212978,1228415,1228872,15437,457,15894,completed,36
10365,Rigid,1212978,1228415,1229504,15437,1089,16526,completed,36
10366,Rigid,1212978,1228415,1228781,15437,366,15803,completed,36
10367,Rigid,1212978,1228415,1228513,15437,98,15535,completed,36
10368,Rigid,1212978,1228415,1228769,15437,354,15791,completed,36
10369,Rigid,1212978,1228415,1228832,15437,417,15854,completed,36
10370,Rigid,1212978,1228415,1228456,15437,41,15478,completed,36
10371,Rigid,1212978,1228415,1229003,15437,588,16025,completed,36
10372,Rigid,1212978,1228415,1233404,15437,4989,20426,completed,36
10373,Rigid,1212978,1228415,1274806,15437,46391,61828,completed,36
10374,Rigid,1212978,1228457,1229439,15479,982,16461,completed,36
10375,Rigid,1212978,1228479,1231007,15501,2528,18029,completed,36
10376,Rigid,1212978,1228492,1229133,15514,641,16155,completed,36
10377,Rigid,1212978,1228514,1233377,15536,4863,20399,completed,36
10378,Rigid,1212978,1228608,1228687,15630,79,15709,completed,36
10379,Rigid,1212978,1228683,1251599,15705,22916,38621,completed,36
10380,Rigid,1212978,1228745,1229431,15767,686,16453,completed,36
10381,Rigid,1212978,1228777,1228849,15799,72,15871,completed,36
10382,Rigid,1212978,1228808,1229002,15830,194,16024,completed,36
10383,Rigid,1212978,1228839,1251878,15861,23039,38900,completed,36
10384,Rigid,1212979,1228871,1229171,15892,300,16192,completed,36
10385,Rigid,1212979,1228902,1229320,15923,418,16341,completed,36
10386,Rigid,1212979,1228960,1229022,15981,62,16043,completed,36
10387,Rigid,1212979,1228960,1229050,15981,90,16071,completed,36
10388,Rigid,1212979,1229023,1229133,16044,110,16154,completed,36
10389,Rigid,1212979,1229033,1229879,16054,846,16900,completed,36
10390,Rigid,1212979,1229033,1231703,16054,2670,18724,completed,36
10391,Rigid,1212979,1229047,1308855,16068,79808,95876,completed,36
10392,Rigid,1212979,1229048,1232577,16069,3529,19598,completed,36
10393,Rigid,1212979,1229052,1229819,16073,767,16840,completed,36
10394,Rigid,1212979,1229134,1230113,16155,979,17134,completed,36
10395,Rigid,1212979,1229134,1229167,16155,33,16188,completed,36
10396,Rigid,1212979,1229168,1229869,16189,701,16890,completed,36
10397,Rigid,1212979,1229172,1229680,16193,508,16701,completed,36
10398,Rigid,1212979,1229321,1229428,16342,107,16449,completed,36
10399,Rigid,1212979,1229429,1230998,16450,1569,18019,completed,36
10400,Rigid,1212979,1229433,1229584,16454,151,16605,completed,36
10401,Rigid,1212980,1229440,1235677,16460,6237,22697,completed,36
10402,Rigid,1212980,1229492,1229820,16512,328,16840,completed,36
10403,Rigid,1212980,1229523,1233183,16543,3660,20203,completed,36
10404,Rigid,1212980,1229590,1230152,16610,562,17172,completed,36
10405,Rigid,1212980,1229683,1229904,16703,221,16924,completed,36
10406,Rigid,1212980,1229839,1231072,16859,1233,18092,completed,36
10407,Rigid,1212980,1229839,1230351,16859,512,17371,completed,36
10408,Rigid,1212980,1229901,1232866,16921,2965,19886,completed,36
10409,Rigid,1212980,1229901,1229996,16921,95,17016,completed,36
10410,Rigid,1212980,1229901,1301604,16921,71703,88624,completed,36
10411,Rigid,1212980,1229932,1230177,16952,245,17197,completed,36
10412,Rigid,1212980,1230025,1230705,17045,680,17725,completed,36
10413,Rigid,1212981,1230118,1230323,17137,205,17342,completed,36
10414,Rigid,1212981,1230142,1234243,17161,4101,21262,completed,36
10415,Rigid,1212981,1230143,1261961,17162,31818,48980,completed,36
10416,Rigid,1212981,1230143,1230172,17162,29,17191,completed,36
10417,Rigid,1212981,1230143,1230184,17162,41,17203,completed,36
10418,Rigid,1212981,1230143,1230447,17162,304,17466,completed,36
10419,Rigid,1212981,1230143,1230269,17162,126,17288,completed,36
10420,Rigid,1212981,1230143,1235730,17162,5587,22749,completed,36
10421,Rigid,1212981,1230143,1231751,17162,1608,18770,completed,36
10422,Rigid,1212981,1230143,1230319,17162,176,17338,completed,36
10423,Rigid,1212981,1230143,1230344,17162,201,17363,completed,36
10424,Rigid,1212981,1230143,1243257,17162,13114,30276,completed,36
10425,Rigid,1212981,1230143,1232437,17162,2294,19456,completed,36
10426,Rigid,1212981,1230158,1234471,17177,4313,21490,completed,36
10427,Rigid,1212981,1230173,1230425,17192,252,17444,completed,36
10428,Rigid,1212982,1230179,1230396,17197,217,17414,completed,36
10429,Rigid,1212982,1230185,1234124,17203,3939,21142,completed,36
10430,Rigid,1212982,1230271,1245616,17289,15345,32634,completed,36
10431,Rigid,1212982,1230321,1230895,17339,574,17913,completed,36
10432,Rigid,1212982,1230324,1253747,17342,23423,40765,completed,36
10433,Rigid,1212982,1230345,1248649,17363,18304,35667,completed,36
10434,Rigid,1212982,1230352,1230920,17370,568,17938,completed,36
10435,Rigid,1212982,1230397,1230848,17415,451,17866,completed,36
10436,Rigid,1212982,1230427,1316832,17445,86405,103850,completed,36
10437,Rigid,1212982,1230449,1230661,17467,212,17679,completed,36
10438,Rigid,1212982,1230578,1316982,17596,86404,104000,completed,36
10439,Rigid,1212982,1230662,1231554,17680,892,18572,completed,36
10440,Rigid,1212982,1230706,1231621,17724,915,18639,completed,36
10441,Rigid,1212983,1230760,1230987,17777,227,18004,completed,36
10442,Rigid,1212983,1230850,1242241,17867,11391,29258,completed,36
10443,Rigid,1212983,1230897,1231273,17914,376,18290,completed,36
10444,Rigid,1212983,1230926,1233402,17943,2476,20419,completed,36
10445,Rigid,1212983,1230938,1317342,17955,86404,104359,completed,36
10446,Rigid,1212983,1230989,1231171,18006,182,18188,completed,36
10447,Rigid,1212983,1230999,1231159,18016,160,18176,completed,36
10448,Rigid,1212983,1231009,1232067,18026,1058,19084,completed,36
10449,Rigid,1212983,1231051,1231186,18068,135,18203,completed,36
10450,Rigid,1212983,1231073,1234128,18090,3055,21145,completed,36
10451,Rigid,1212983,1231184,1231256,18201,72,18273,completed,36
10452,Rigid,1212983,1231184,1231309,18201,125,18326,completed,36
10453,Rigid,1212983,1231216,1231287,18233,71,18304,completed,36
10454,Rigid,1212983,1231277,1231327,18294,50,18344,completed,36
10455,Rigid,1212983,1231277,1231382,18294,105,18399,completed,36
10456,Rigid,1212983,1231308,1231394,18325,86,18411,completed,36
10457,Rigid,1212983,1231339,1231564,18356,225,18581,completed,36
10458,Rigid,1212983,1231339,1231562,18356,223,18579,completed,36
10459,Rigid,1212983,1231401,1235040,18418,3639,22057,completed,36
10460,Rigid,1212983,1231401,1240036,18418,8635,27053,completed,36
10461,Rigid,1212983,1231622,1232672,18639,1050,19689,completed,36
10462,Rigid,1212983,1231705,1255043,18722,23338,42060,completed,36
10463,Rigid,1212983,1231753,1253317,18770,21564,40334,completed,36
10464,Rigid,1212983,1231991,1232052,19008,61,19069,completed,36
10465,Rigid,1212983,1231991,1232596,19008,605,19613,completed,36
10466,Rigid,1212984,1231991,1232507,19007,516,19523,completed,36
10467,Rigid,1212984,1231991,1232061,19007,70,19077,completed,36
10468,Rigid,1212984,1232053,1252285,19069,20232,39301,completed,36
10469,Rigid,1212984,1232062,1233084,19078,1022,20100,completed,36
10470,Rigid,1212984,1232069,1233792,19085,1723,20808,completed,36
10471,Rigid,1212984,1232077,1234294,19093,2217,21310,completed,36
10472,Rigid,1212984,1232439,1233388,19455,949,20404,completed,36
10473,Rigid,1212984,1232531,1248875,19547,16344,35891,completed,36
10474,Rigid,1212984,1232567,1232614,19583,47,19630,completed,36
10475,Rigid,1212984,1232578,1237037,19594,4459,24053,completed,36
10476,Rigid,1212984,1232598,1232906,19614,308,19922,completed,36
10477,Rigid,1212984,1232616,1233501,19632,885,20517,completed,36
10478,Rigid,1212984,1232674,1232838,19690,164,19854,completed,36
10479,Rigid,1212984,1232840,1234474,19856,1634,21490,completed,36
10480,Rigid,1212984,1232868,1232970,19884,102,19986,completed,36
10481,Rigid,1212984,1232908,1233897,19924,989,20913,completed,36
10482,Rigid,1212984,1232971,1233161,19987,190,20177,completed,36
10483,Rigid,1212984,1233085,1234885,20101,1800,21901,completed,36
10484,Rigid,1212984,1233163,1233787,20179,624,20803,completed,36
10485,Rigid,1212984,1233184,1233319,20200,135,20335,completed,36
10486,Rigid,1212984,1233320,1233502,20336,182,20518,completed,36
10487,Rigid,1212984,1233378,1233529,20394,151,20545,completed,36
10488,Rigid,1212984,1233390,1319802,20406,86412,106818,completed,36
10489,Rigid,1212984,1233404,1233783,20420,379,20799,completed,36
10490,Rigid,1212984,1233406,1236818,20422,3412,23834,completed,36
10491,Rigid,1212984,1233503,1234309,20519,806,21325,completed,36
10492,Rigid,1212984,1233503,1233777,20519,274,20793,completed,36
10493,Rigid,1212984,1233555,1237437,20571,3882,24453,completed,36
10494,Rigid,1212984,1233898,1314836,20914,80938,101852,completed,36
10495,Rigid,1212984,1234125,1234374,21141,249,21390,completed,36
10496,Rigid,1212985,1234129,1241258,21144,7129,28273,completed,36
10497,Rigid,1212985,1234254,1234304,21269,50,21319,completed,36
10498,Rigid,1212985,1234315,1234811,21330,496,21826,completed,36
10499,Rigid,1212985,1234377,1235834,21392,1457,22849,completed,36
10500,Rigid,1212985,1234413,1239532,21428,5119,26547,completed,36
10501,Rigid,1212985,1234413,1234485,21428,72,21500,completed,36
10502,Rigid,1212985,1234448,1234482,21463,34,21497,completed,36
10503,Rigid,1212985,1234472,1234871,21487,399,21886,completed,36
10504,Rigid,1212985,1234476,1240299,21491,5823,27314,completed,36
10505,Rigid,1212985,1234483,1235483,21498,1000,22498,completed,36
10506,Rigid,1212985,1234487,1234874,21502,387,21889,completed,36
10507,Rigid,1212985,1234812,1234980,21827,168,21995,completed,36
10508,Rigid,1212985,1234873,1237440,21888,2567,24455,completed,36
10509,Rigid,1212985,1234875,1235013,21890,138,22028,completed,36
10510,Rigid,1212985,1234886,1235075,21901,189,22090,completed,36
10511,Rigid,1212985,1234982,1235463,21997,481,22478,completed,36
10512,Rigid,1212985,1235014,1235143,22029,129,22158,completed,36
10513,Rigid,1212985,1235042,1235143,22057,101,22158,completed,36
10514,Rigid,1212985,1235076,1237846,22091,2770,24861,completed,36
10515,Rigid,1212985,1235144,1235557,22159,413,22572,completed,36
10516,Rigid,1212985,1235144,1236787,22159,1643,23802,completed,36
10517,Rigid,1212985,1235389,1237559,22404,2170,24574,completed,36
10518,Rigid,1212985,1235389,1235951,22404,562,22966,completed,36
10519,Rigid,1212985,1235389,1235957,22404,568,22972,completed,36
10520,Rigid,1212985,1235389,1239619,22404,4230,26634,completed,36
10521,Rigid,1212986,1235465,1237106,22479,1641,24120,completed,36
10522,Rigid,1212986,1235506,1235765,22520,259,22779,completed,36
10523,Rigid,1212986,1235567,1235852,22581,285,22866,completed,36
10524,Rigid,1212986,1235689,1236022,22703,333,23036,completed,36
10525,Rigid,1212986,1235750,1265252,22764,29502,52266,completed,36
10526,Rigid,1212986,1235780,1236345,22794,565,23359,completed,36
10527,Rigid,1212986,1235780,1235860,22794,80,22874,completed,36
10528,Rigid,1212986,1235841,1236073,22855,232,23087,completed,36
10529,Rigid,1212986,1235872,1236062,22886,190,23076,completed,36
10530,Rigid,1212986,1235872,1235946,22886,74,22960,completed,36
10531,Rigid,1212986,1235963,1238529,22977,2566,25543,completed,36
10532,Rigid,1212986,1235963,1236445,22977,482,23459,completed,36
10533,Rigid,1212986,1236025,1236771,23039,746,23785,completed,36
10534,Rigid,1212986,1236086,1236139,23100,53,23153,completed,36
10535,Rigid,1212986,1236086,1236648,23100,562,23662,completed,36
10536,Rigid,1212986,1236147,1242213,23161,6066,29227,completed,36
10537,Rigid,1212986,1236359,1236547,23373,188,23561,completed,36
10538,Rigid,1212986,1236451,1236740,23465,289,23754,completed,36
10539,Rigid,1212986,1236573,1236754,23587,181,23768,completed,36
10540,Rigid,1212986,1236664,1236898,23678,234,23912,completed,36
10541,Rigid,1212986,1236819,1243049,23833,6230,30063,completed,36
10542,Rigid,1212986,1236758,1237234,23772,476,24248,completed,36
10543,Rigid,1212986,1236911,1237085,23925,174,24099,completed,36
10544,Rigid,1212986,1237093,1237601,24107,508,24615,completed,36
10545,Rigid,1212986,1237124,1237533,24138,409,24547,completed,36
10546,Rigid,1212986,1237185,1237637,24199,452,24651,completed,36
10547,Rigid,1212986,1237246,1237357,24260,111,24371,completed,36
10548,Rigid,1212986,1237368,1238441,24382,1073,25455,completed,36
10549,Rigid,1212986,1237459,1241175,24473,3716,28189,completed,36
10550,Rigid,1212986,1237459,1237816,24473,357,24830,completed,36
10551,Rigid,1212986,1237551,1237602,24565,51,24616,completed,36
10552,Rigid,1212987,1237638,1241754,24651,4116,28767,completed,36
10553,Rigid,1212987,1237817,1237910,24830,93,24923,completed,36
10554,Rigid,1212987,1237847,1241792,24860,3945,28805,completed,36
10555,Rigid,1212987,1237912,1237934,24925,22,24947,completed,36
10556,Rigid,1212987,1237936,1245467,24949,7531,32480,completed,36
10557,Rigid,1212987,1238417,1238479,25430,62,25492,completed,36
10558,Rigid,1212987,1238417,1239093,25430,676,26106,completed,36
10559,Rigid,1212987,1238417,1238851,25430,434,25864,completed,36
10560,Rigid,1212987,1238417,1242340,25430,3923,29353,completed,36
10561,Rigid,1212987,1238442,1254521,25455,16079,41534,completed,36
10562,Rigid,1212987,1238552,1307320,25565,68768,94333,completed,36
10563,Rigid,1212987,1238795,1239193,25808,398,26206,completed,36
10564,Rigid,1212987,1238856,1239642,25869,786,26655,completed,36
10565,Rigid,1212987,1238978,1240444,25991,1466,27457,completed,36
10566,Rigid,1212987,1239100,1239136,26113,36,26149,completed,36
10567,Rigid,1212987,1239161,1239525,26174,364,26538,completed,36
10568,Rigid,1212987,1239222,1239466,26235,244,26479,completed,36
10569,Rigid,1212987,1239495,1239792,26508,297,26805,completed,36
10570,Rigid,1212987,1239556,1242793,26569,3237,29806,completed,36
10571,Rigid,1212987,1239647,1241000,26660,1353,28013,completed,36
10572,Rigid,1212987,1239647,1243998,26660,4351,31011,completed,36
10573,Rigid,1212987,1239799,1240103,26812,304,27116,completed,36
10574,Rigid,1212987,1239890,1239951,26903,61,26964,completed,36
10575,Rigid,1212987,1239981,1240189,26994,208,27202,completed,36
10576,Rigid,1212987,1240042,1259058,27055,19016,46071,completed,36
10577,Rigid,1212987,1240042,1240467,27055,425,27480,completed,36
10578,Rigid,1212987,1240134,1240395,27147,261,27408,completed,36
10579,Rigid,1212987,1240195,1242903,27208,2708,29916,completed,36
10580,Rigid,1212987,1240317,1268005,27330,27688,55018,completed,36
10581,Rigid,1212987,1240409,1240447,27422,38,27460,completed,36
10582,Rigid,1212987,1241018,1267710,28031,26692,54723,completed,36
10583,Rigid,1212987,1241201,1244003,28214,2802,31016,completed,36
10584,Rigid,1212987,1241262,1262267,28275,21005,49280,completed,36
10585,Rigid,1212987,1241353,1241419,28366,66,28432,completed,36
10586,Rigid,1212987,1241445,1241499,28458,54,28512,completed,36
10587,Rigid,1212988,1241506,1242338,28518,832,29350,completed,36
10588,Rigid,1212988,1241780,1256458,28792,14678,43470,completed,36
10589,Rigid,1212988,1241810,1242643,28822,833,29655,completed,36
10590,Rigid,1212988,1242240,1246646,29252,4406,33658,completed,36
10591,Rigid,1212988,1242270,1242456,29282,186,29468,completed,36
10592,Rigid,1212988,1242361,1244740,29373,2379,31752,completed,36
10593,Rigid,1212988,1242361,1243772,29373,1411,30784,completed,36
10594,Rigid,1212988,1242482,1242923,29494,441,29935,completed,36
10595,Rigid,1212988,1242664,1243930,29676,1266,30942,completed,36
10596,Rigid,1212988,1242818,1242884,29830,66,29896,completed,36
10597,Rigid,1212988,1242909,1255854,29921,12945,42866,completed,36
10598,Rigid,1212988,1242939,1243049,29951,110,30061,completed,36
10599,Rigid,1212988,1243061,1243252,30073,191,30264,completed,36
10600,Rigid,1212988,1243061,1243230,30073,169,30242,completed,36
10601,Rigid,1212988,1243242,1243911,30254,669,30923,completed,36
10602,Rigid,1212988,1243273,1243644,30285,371,30656,completed,36
10603,Rigid,1212988,1243273,1244619,30285,1346,31631,completed,36
10604,Rigid,1212988,1243666,1243743,30678,77,30755,completed,36
10605,Rigid,1212988,1243757,1250320,30769,6563,37332,completed,36
10606,Rigid,1212988,1243788,1243906,30800,118,30918,completed,36
10607,Rigid,1212988,1243805,1244523,30817,718,31535,completed,36
10608,Rigid,1212988,1243907,1244949,30919,1042,31961,completed,36
10609,Rigid,1212988,1243912,1244047,30924,135,31059,completed,36
10610,Rigid,1212988,1243932,1244041,30944,109,31053,completed,36
10611,Rigid,1212988,1243999,1244193,31011,194,31205,completed,36
10612,Rigid,1212988,1244005,1244103,31017,98,31115,completed,36
10613,Rigid,1212988,1244042,1244925,31054,883,31937,completed,36
10614,Rigid,1212988,1244049,1251988,31061,7939,39000,completed,36
10615,Rigid,1212988,1244104,1249805,31116,5701,36817,completed,36
10616,Rigid,1212988,1244194,1244457,31206,263,31469,completed,36
10617,Rigid,1212988,1244459,1273958,31471,29499,60970,completed,36
10618,Rigid,1212988,1244525,1244592,31537,67,31604,completed,36
10619,Rigid,1212989,1244593,1245133,31604,540,32144,completed,36
10620,Rigid,1212989,1244620,1245147,31631,527,32158,completed,36
10621,Rigid,1212989,1244742,1244794,31753,52,31805,completed,36
10622,Rigid,1212989,1244795,1246840,31806,2045,33851,completed,36
10623,Rigid,1212989,1244926,1245016,31937,90,32027,completed,36
10624,Rigid,1212989,1244950,1245249,31961,299,32260,completed,36
10625,Rigid,1212989,1245017,1245771,32028,754,32782,completed,36
10626,Rigid,1212989,1245134,1247737,32145,2603,34748,completed,36
10627,Rigid,1212989,1245149,1245300,32160,151,32311,completed,36
10628,Rigid,1212989,1245216,1247274,32227,2058,34285,completed,36
10629,Rigid,1212989,1245216,1253719,32227,8503,40730,completed,36
10630,Rigid,1212989,1245216,1245510,32227,294,32521,completed,36
10631,Rigid,1212989,1245216,1245992,32227,776,33003,completed,36
10632,Rigid,1212989,1245251,1245339,32262,88,32350,completed,36
10633,Rigid,1212989,1245302,1245389,32313,87,32400,completed,36
10634,Rigid,1212989,1245340,1247951,32351,2611,34962,completed,36
10635,Rigid,1212989,1245390,1245808,32401,418,32819,completed,36
10636,Rigid,1212989,1245468,1261121,32479,15653,48132,completed,36
10637,Rigid,1212989,1245511,1331934,32522,86423,118945,completed,36
10638,Rigid,1212989,1245618,1245667,32629,49,32678,completed,36
10639,Rigid,1212989,1245669,1246239,32680,570,33250,completed,36
10640,Rigid,1212989,1245772,1273925,32783,28153,60936,completed,36
10641,Rigid,1212989,1245809,1246668,32820,859,33679,completed,36
10642,Rigid,1212989,1245993,1246035,33004,42,33046,completed,36
10643,Rigid,1212989,1246037,1332446,33048,86409,119457,completed,36
10644,Rigid,1212989,1246059,1246799,33070,740,33810,completed,36
10645,Rigid,1212989,1246240,1247947,33251,1707,34958,completed,36
10646,Rigid,1212989,1246647,1251793,33658,5146,38804,completed,36
10647,Rigid,1212989,1246669,1294486,33680,47817,81497,completed,36
10648,Rigid,1212989,1246800,1246920,33811,120,33931,completed,36
10649,Rigid,1212989,1246841,1246891,33852,50,33902,completed,36
10650,Rigid,1212990,1246893,1247002,33903,109,34012,completed,36
10651,Rigid,1212990,1246922,1249858,33932,2936,36868,completed,36
10652,Rigid,1212990,1247003,1247272,34013,269,34282,completed,36
10653,Rigid,1212990,1247273,1248381,34283,1108,35391,completed,36
10654,Rigid,1212990,1247275,1251474,34285,4199,38484,completed,36
10655,Rigid,1212990,1247952,1248027,34962,75,35037,completed,36
10656,Rigid,1212990,1248029,1248347,35039,318,35357,completed,36
10657,Rigid,1212990,1248168,1278310,35178,30142,65320,completed,36
10658,Rigid,1212990,1248286,1250249,35296,1963,37259,completed,36
10659,Rigid,1212990,1248288,1250420,35298,2132,37430,completed,36
10660,Rigid,1212990,1248288,1249386,35298,1098,36396,completed,36
10661,Rigid,1212990,1248288,1248363,35298,75,35373,completed,36
10662,Rigid,1212990,1248349,1249049,35359,700,36059,completed,36
10663,Rigid,1212990,1248383,1248468,35393,85,35478,completed,36
10664,Rigid,1212990,1248364,1249676,35374,1312,36686,completed,36
10665,Rigid,1212990,1248470,1249875,35480,1405,36885,completed,36
10666,Rigid,1212990,1248541,1250198,35551,1657,37208,completed,36
10667,Rigid,1213735,1230816,1230824,17081,8,17089,completed,36
10668,Rigid,1213772,1213772,1216157,0,2385,2385,completed,4
10669,Rigid,1214028,1214028,1214030,0,2,2,completed,1
10670,Rigid,1214028,1214028,1214030,0,2,2,completed,1
10671,Rigid,1214028,1214028,1214030,0,2,2,completed,1
10672,Rigid,1214028,1214028,1214030,0,2,2,completed,1
10673,Rigid,1214028,1214028,1214030,0,2,2,completed,1
10674,Rigid,1214028,1214028,1214030,0,2,2,completed,1
10675,Rigid,1214028,1214028,1214030,0,2,2,completed,1
10676,Rigid,1214028,1214028,1214030,0,2,2,completed,1
10677,Rigid,1214028,1214029,1214030,1,1,2,completed,1
10678,Rigid,1214028,1214029,1214030,1,1,2,completed,1
10679,Rigid,1214028,1214029,1214030,1,1,2,completed,1
10680,Rigid,1214028,1214029,1214030,1,1,2,completed,1
10681,Rigid,1214028,1214029,1214030,1,1,2,completed,1
10682,Rigid,1214028,1214029,1214030,1,1,2,completed,1
10683,Rigid,1214028,1214029,1214030,1,1,2,completed,1
10684,Rigid,1214028,1214029,1214030,1,1,2,completed,1
10685,Rigid,1214028,1214029,1214030,1,1,2,completed,1
10686,Rigid,1214028,1214029,1214030,1,1,2,completed,1
10687,Rigid,1214028,1214029,1214030,1,1,2,completed,1
10688,Rigid,1214028,1214029,1214030,1,1,2,completed,1
10689,Rigid,1214028,1214029,1214030,1,1,2,completed,1
10690,Rigid,1214028,1214029,1214030,1,1,2,completed,1
10691,Rigid,1214028,1214029,1214030,1,1,2,completed,1
10692,Rigid,1214028,1214029,1214030,1,1,2,completed,1
10693,Rigid,1214028,1214029,1214030,1,1,2,completed,1
10694,Rigid,1214028,1214029,1214030,1,1,2,completed,1
10695,Rigid,1214028,1214029,1214030,1,1,2,completed,1
10696,Rigid,1214028,1214029,1214030,1,1,2,completed,1
10697,Rigid,1214028,1214029,1214030,1,1,2,completed,1
10698,Rigid,1214028,1214029,1214030,1,1,2,completed,1
10699,Rigid,1214028,1214029,1214030,1,1,2,completed,1
10700,Rigid,1214028,1214029,1214030,1,1,2,completed,1
10701,Rigid,1214028,1214029,1214030,1,1,2,completed,1
10702,Rigid,1214028,1214029,1214030,1,1,2,completed,1
10703,Rigid,1214028,1214029,1214030,1,1,2,completed,1
10704,Rigid,1214028,1214029,1214030,1,1,2,completed,1
10705,Rigid,1214028,1214029,1214030,1,1,2,completed,1
10706,Rigid,1214028,1214029,1214030,1,1,2,completed,1
10707,Rigid,1214028,1214029,1214030,1,1,2,completed,1
10708,Rigid,1214028,1214029,1214030,1,1,2,completed,1
10709,Rigid,1214028,1214029,1214030,1,1,2,completed,1
10710,Rigid,1214028,1214029,1214030,1,1,2,completed,1
10711,Rigid,1214028,1214029,1214030,1,1,2,completed,1
10712,Rigid,1214028,1214029,1214030,1,1,2,completed,1
10713,Rigid,1214028,1214029,1214030,1,1,2,completed,1
10714,Rigid,1214028,1214029,1214030,1,1,2,completed,1
10715,Rigid,1214028,1214029,1214030,1,1,2,completed,1
10716,Rigid,1214537,1214538,1214540,1,2,3,completed,1
10717,Rigid,1214537,1214538,1214540,1,2,3,completed,1
10718,Rigid,1214537,1214538,1214540,1,2,3,completed,1
10719,Rigid,1214537,1214538,1214540,1,2,3,completed,1
10720,Rigid,1214537,1214538,1214540,1,2,3,completed,1
10721,Rigid,1214537,1214538,1214540,1,2,3,completed,1
10722,Rigid,1214537,1214538,1214540,1,2,3,completed,1
10723,Rigid,1214537,1214538,1214540,1,2,3,completed,1
10724,Rigid,1214537,1214538,1214540,1,2,3,completed,1
10725,Rigid,1214537,1214538,1214540,1,2,3,completed,1
10726,Rigid,1214537,1214538,1214540,1,2,3,completed,1
10727,Rigid,1214537,1214538,1214540,1,2,3,completed,1
10728,Rigid,1214537,1214538,1214540,1,2,3,completed,1
10729,Rigid,1214537,1214538,1214540,1,2,3,completed,1
10730,Rigid,1214537,1214538,1214540,1,2,3,completed,1
10731,Rigid,1214537,1214538,1214540,1,2,3,completed,1
10732,Rigid,1214537,1214538,1214540,1,2,3,completed,1
10733,Rigid,1214537,1214538,1214540,1,2,3,completed,1
10734,Rigid,1214537,1214538,1214540,1,2,3,completed,1
10735,Rigid,1214537,1214538,1214540,1,2,3,completed,1
10736,Rigid,1214537,1214538,1214540,1,2,3,completed,1
10737,Rigid,1214537,1214538,1214540,1,2,3,completed,1
10738,Rigid,1214537,1214538,1214540,1,2,3,completed,1
10739,Rigid,1214537,1214538,1214540,1,2,3,completed,1
10740,Rigid,1214537,1214538,1214540,1,2,3,completed,1
10741,Rigid,1214537,1214538,1214540,1,2,3,completed,1
10742,Rigid,1214537,1214538,1214540,1,2,3,completed,1
10743,Rigid,1214537,1214538,1214540,1,2,3,completed,1
10744,Rigid,1214537,1214538,1214540,1,2,3,completed,1
10745,Rigid,1214537,1214538,1214540,1,2,3,completed,1
10746,Rigid,1214537,1214538,1214540,1,2,3,completed,1
10747,Rigid,1214537,1214538,1214540,1,2,3,completed,1
10748,Rigid,1214537,1214538,1214540,1,2,3,completed,1
10749,Rigid,1214537,1214538,1214540,1,2,3,completed,1
10750,Rigid,1214537,1214538,1214540,1,2,3,completed,1
10751,Rigid,1214537,1214538,1214540,1,2,3,completed,1
10752,Rigid,1214537,1214538,1214540,1,2,3,completed,1
10753,Rigid,1214537,1214538,1214540,1,2,3,completed,1
10754,Rigid,1214537,1214538,1214540,1,2,3,completed,1
10755,Rigid,1214537,1214538,1214540,1,2,3,completed,1
10756,Rigid,1214537,1214538,1214540,1,2,3,completed,1
10757,Rigid,1214537,1214538,1214539,1,1,2,completed,1
10758,Rigid,1214537,1214538,1214540,1,2,3,completed,1
10759,Rigid,1214537,1214538,1214540,1,2,3,completed,1
10760,Rigid,1214537,1214539,1214540,2,1,3,completed,1
10761,Rigid,1214537,1214539,1214540,2,1,3,completed,1
10762,Rigid,1214537,1214539,1214540,2,1,3,completed,1
10763,Rigid,1214629,1215100,1218803,471,3703,4174,completed,144
10764,Rigid,1214715,1214745,1214972,30,227,257,completed,1
10765,Rigid,1214819,1214819,1214822,0,3,3,completed,1
10766,Rigid,1214819,1214819,1214822,0,3,3,completed,1
10767,Rigid,1214819,1214819,1214822,0,3,3,completed,1
10768,Rigid,1214819,1214820,1214822,1,2,3,completed,1
10769,Rigid,1214819,1214820,1214822,1,2,3,completed,1
10770,Rigid,1214819,1214820,1214822,1,2,3,completed,1
10771,Rigid,1214819,1214820,1214822,1,2,3,completed,1
10772,Rigid,1214819,1214820,1214822,1,2,3,completed,1
10773,Rigid,1214819,1214820,1214822,1,2,3,completed,1
10774,Rigid,1214819,1214820,1214822,1,2,3,completed,1
10775,Rigid,1214819,1214820,1214822,1,2,3,completed,1
10776,Rigid,1214819,1214820,1214822,1,2,3,completed,1
10777,Rigid,1214819,1214820,1214822,1,2,3,completed,1
10778,Rigid,1214819,1214820,1214822,1,2,3,completed,1
10779,Rigid,1214819,1214820,1214822,1,2,3,completed,1
10780,Rigid,1214819,1214820,1214822,1,2,3,completed,1
10781,Rigid,1214819,1214820,1214822,1,2,3,completed,1
10782,Rigid,1214819,1214820,1214822,1,2,3,completed,1
10783,Rigid,1214819,1214820,1214822,1,2,3,completed,1
10784,Rigid,1214819,1214820,1214822,1,2,3,completed,1
10785,Rigid,1214819,1214820,1214822,1,2,3,completed,1
10786,Rigid,1214819,1214820,1214822,1,2,3,completed,1
10787,Rigid,1214819,1214820,1214822,1,2,3,completed,1
10788,Rigid,1214819,1214820,1214822,1,2,3,completed,1
10789,Rigid,1214819,1214820,1214822,1,2,3,completed,1
10790,Rigid,1214819,1214820,1214822,1,2,3,completed,1
10791,Rigid,1214819,1214820,1214822,1,2,3,completed,1
10792,Rigid,1214819,1214820,1214822,1,2,3,completed,1
10793,Rigid,1214819,1214820,1214822,1,2,3,completed,1
10794,Rigid,1214819,1214820,1214822,1,2,3,completed,1
10795,Rigid,1214819,1214820,1214822,1,2,3,completed,1
10796,Rigid,1214819,1214820,1214822,1,2,3,completed,1
10797,Rigid,1214819,1214820,1214822,1,2,3,completed,1
10798,Rigid,1214819,1214820,1214822,1,2,3,completed,1
10799,Rigid,1214819,1214820,1214822,1,2,3,completed,1
10800,Rigid,1214819,1214820,1214822,1,2,3,completed,1
10801,Rigid,1214819,1214820,1214822,1,2,3,completed,1
10802,Rigid,1214819,1214820,1214822,1,2,3,completed,1
10803,Rigid,1214819,1214820,1214822,1,2,3,completed,1
10804,Rigid,1214819,1214820,1214822,1,2,3,completed,1
10805,Rigid,1214819,1214820,1214822,1,2,3,completed,1
10806,Rigid,1214819,1214821,1214822,2,1,3,completed,1
10807,Rigid,1214819,1214821,1214822,2,1,3,completed,1
10808,Rigid,1214819,1214821,1214822,2,1,3,completed,1
10809,Rigid,1214819,1214821,1214822,2,1,3,completed,1
10810,Rigid,1214819,1214821,1214822,2,1,3,completed,1
10811,Rigid,1214819,1214821,1214822,2,1,3,completed,1
10812,Rigid,1214819,1214821,1214822,2,1,3,completed,1
10813,Rigid,1214980,1214981,1215039,1,58,59,completed,1
10814,Rigid,1215084,1230817,1341997,15733,111180,126913,completed,36
10815,Rigid,1215201,1215201,1215229,0,28,28,completed,1
10816,Rigid,1215299,1215300,1215329,1,29,30,completed,1
10817,Rigid,1215415,1215416,1215444,1,28,29,completed,1
10818,Rigid,1215547,1215548,1215577,1,29,30,completed,1
10819,Rigid,1215603,1215603,1215620,0,17,17,completed,36
10820,Rigid,1215726,1215726,1215758,0,32,32,completed,1
10821,Rigid,1215926,1222066,1226659,6140,4593,10733,completed,216
10822,Rigid,1216265,1216266,1216325,1,59,60,completed,36
10823,Rigid,1217670,1217671,1217781,1,110,111,completed,36
10824,Rigid,1218353,1219513,1219527,1160,14,1174,completed,36
10825,Rigid,1218532,1218533,1218535,1,2,3,completed,1
10826,Rigid,1218532,1218533,1218534,1,1,2,completed,1
10827,Rigid,1218532,1218533,1218534,1,1,2,completed,1
10828,Rigid,1218532,1218533,1218535,1,2,3,completed,1
10829,Rigid,1218532,1218533,1218534,1,1,2,completed,1
10830,Rigid,1218532,1218533,1218535,1,2,3,completed,1
10831,Rigid,1218532,1218533,1218535,1,2,3,completed,1
10832,Rigid,1218532,1218533,1218535,1,2,3,completed,1
10833,Rigid,1218532,1218533,1218534,1,1,2,completed,1
10834,Rigid,1218532,1218533,1218535,1,2,3,completed,1
10835,Rigid,1218532,1218533,1218535,1,2,3,completed,1
10836,Rigid,1218532,1218533,1218535,1,2,3,completed,1
10837,Rigid,1218532,1218533,1218535,1,2,3,completed,1
10838,Rigid,1218532,1218533,1218535,1,2,3,completed,1
10839,Rigid,1218532,1218533,1218534,1,1,2,completed,1
10840,Rigid,1218532,1218533,1218535,1,2,3,completed,1
10841,Rigid,1218532,1218533,1218535,1,2,3,completed,1
10842,Rigid,1218532,1218533,1218535,1,2,3,completed,1
10843,Rigid,1218532,1218533,1218535,1,2,3,completed,1
10844,Rigid,1218532,1218533,1218535,1,2,3,completed,1
10845,Rigid,1218532,1218533,1218535,1,2,3,completed,1
10846,Rigid,1218532,1218533,1218535,1,2,3,completed,1
10847,Rigid,1218532,1218533,1218535,1,2,3,completed,1
10848,Rigid,1218532,1218533,1218535,1,2,3,completed,1
10849,Rigid,1218532,1218533,1218535,1,2,3,completed,1
10850,Rigid,1218532,1218533,1218535,1,2,3,completed,1
10851,Rigid,1218532,1218533,1218535,1,2,3,completed,1
10852,Rigid,1218532,1218533,1218535,1,2,3,completed,1
10853,Rigid,1218532,1218533,1218535,1,2,3,completed,1
10854,Rigid,1218532,1218533,1218535,1,2,3,completed,1
10855,Rigid,1218532,1218533,1218535,1,2,3,completed,1
10856,Rigid,1218532,1218533,1218535,1,2,3,completed,1
10857,Rigid,1218532,1218533,1218535,1,2,3,completed,1
10858,Rigid,1218532,1218533,1218535,1,2,3,completed,1
10859,Rigid,1218532,1218533,1218535,1,2,3,completed,1
10860,Rigid,1218532,1218533,1218535,1,2,3,completed,1
10861,Rigid,1218532,1218533,1218535,1,2,3,completed,1
10862,Rigid,1218532,1218533,1218534,1,1,2,completed,1
10863,Rigid,1218532,1218533,1218535,1,2,3,completed,1
10864,Rigid,1218532,1218533,1218535,1,2,3,completed,1
10865,Rigid,1218532,1218533,1218535,1,2,3,completed,1
10866,Rigid,1218532,1218533,1218535,1,2,3,completed,1
10867,Rigid,1218532,1218533,1218535,1,2,3,completed,1
10868,Rigid,1218532,1218533,1218535,1,2,3,completed,1
10869,Rigid,1218532,1218533,1218534,1,1,2,completed,1
10870,Rigid,1218532,1218533,1218534,1,1,2,completed,1
10871,Rigid,1218532,1218533,1218534,1,1,2,completed,1
10872,Rigid,1218532,1218533,1218534,1,1,2,completed,1
10873,Rigid,1218726,1219513,1219527,787,14,801,completed,36
10874,Rigid,1219029,1219029,1219030,0,1,1,completed,1
10875,Rigid,1219029,1219029,1219030,0,1,1,completed,1
10876,Rigid,1219029,1219029,1219030,0,1,1,completed,1
10877,Rigid,1219029,1219029,1219030,0,1,1,completed,1
10878,Rigid,1219029,1219029,1219031,0,2,2,completed,1
10879,Rigid,1219029,1219029,1219031,0,2,2,completed,1
10880,Rigid,1219029,1219029,1219031,0,2,2,completed,1
10881,Rigid,1219029,1219029,1219031,0,2,2,completed,1
10882,Rigid,1219029,1219029,1219030,0,1,1,completed,1
10883,Rigid,1219029,1219029,1219031,0,2,2,completed,1
10884,Rigid,1219029,1219029,1219031,0,2,2,completed,1
10885,Rigid,1219029,1219029,1219031,0,2,2,completed,1
10886,Rigid,1219029,1219029,1219031,0,2,2,completed,1
10887,Rigid,1219029,1219029,1219030,0,1,1,completed,1
10888,Rigid,1219029,1219029,1219030,0,1,1,completed,1
10889,Rigid,1219029,1219029,1219031,0,2,2,completed,1
10890,Rigid,1219029,1219029,1219031,0,2,2,completed,1
10891,Rigid,1219029,1219029,1219030,0,1,1,completed,1
10892,Rigid,1219029,1219029,1219031,0,2,2,completed,1
10893,Rigid,1219029,1219029,1219031,0,2,2,completed,1
10894,Rigid,1219029,1219029,1219031,0,2,2,completed,1
10895,Rigid,1219029,1219029,1219031,0,2,2,completed,1
10896,Rigid,1219029,1219029,1219031,0,2,2,completed,1
10897,Rigid,1219029,1219029,1219031,0,2,2,completed,1
10898,Rigid,1219029,1219029,1219031,0,2,2,completed,1
10899,Rigid,1219029,1219029,1219031,0,2,2,completed,1
10900,Rigid,1219029,1219029,1219031,0,2,2,completed,1
10901,Rigid,1219029,1219029,1219030,0,1,1,completed,1
10902,Rigid,1219029,1219029,1219031,0,2,2,completed,1
10903,Rigid,1219029,1219029,1219030,0,1,1,completed,1
10904,Rigid,1219029,1219029,1219031,0,2,2,completed,1
10905,Rigid,1219029,1219029,1219031,0,2,2,completed,1
10906,Rigid,1219029,1219029,1219030,0,1,1,completed,1
10907,Rigid,1219029,1219029,1219031,0,2,2,completed,1
10908,Rigid,1219029,1219029,1219031,0,2,2,completed,1
10909,Rigid,1219029,1219029,1219031,0,2,2,completed,1
10910,Rigid,1219029,1219029,1219031,0,2,2,completed,1
10911,Rigid,1219029,1219029,1219031,0,2,2,completed,1
10912,Rigid,1219029,1219029,1219031,0,2,2,completed,1
10913,Rigid,1219029,1219029,1219031,0,2,2,completed,1
10914,Rigid,1219029,1219029,1219030,0,1,1,completed,1
10915,Rigid,1219029,1219029,1219030,0,1,1,completed,1
10916,Rigid,1219029,1219029,1219031,0,2,2,completed,1
10917,Rigid,1219029,1219029,1219030,0,1,1,completed,1
10918,Rigid,1219029,1219029,1219030,0,1,1,completed,1
10919,Rigid,1219029,1219029,1219030,0,1,1,completed,1
10920,Rigid,1219029,1219029,1219030,0,1,1,completed,1
10921,Rigid,1219029,1219029,1219030,0,1,1,completed,1
10922,Rigid,1219145,1219149,1222071,4,2922,2926,completed,144
10923,Rigid,1219531,1219532,1219635,1,103,104,completed,36
10924,Rigid,1219611,1219612,1219622,1,10,11,completed,1
10925,Rigid,1219668,1219668,1219674,0,6,6,completed,1
10926,Rigid,1219714,1222066,1222080,2352,14,2366,completed,36
10927,Rigid,1219869,1219870,1219872,1,2,3,completed,1
10928,Rigid,1219869,1219870,1219872,1,2,3,completed,1
10929,Rigid,1219869,1219870,1219872,1,2,3,completed,1
10930,Rigid,1219869,1219870,1219872,1,2,3,completed,1
10931,Rigid,1219869,1219870,1219872,1,2,3,completed,1
10932,Rigid,1219869,1219870,1219872,1,2,3,completed,1
10933,Rigid,1219869,1219870,1219872,1,2,3,completed,1
10934,Rigid,1219869,1219870,1219873,1,3,4,completed,1
10935,Rigid,1219869,1219870,1219873,1,3,4,completed,1
10936,Rigid,1219869,1219870,1219872,1,2,3,completed,1
10937,Rigid,1219869,1219870,1219873,1,3,4,completed,1
10938,Rigid,1219869,1219870,1219872,1,2,3,completed,1
10939,Rigid,1219869,1219870,1219873,1,3,4,completed,1
10940,Rigid,1219869,1219870,1219872,1,2,3,completed,1
10941,Rigid,1219869,1219870,1219873,1,3,4,completed,1
10942,Rigid,1219869,1219870,1219872,1,2,3,completed,1
10943,Rigid,1219869,1219870,1219873,1,3,4,completed,1
10944,Rigid,1219869,1219870,1219872,1,2,3,completed,1
10945,Rigid,1219869,1219870,1219873,1,3,4,completed,1
10946,Rigid,1219869,1219870,1219873,1,3,4,completed,1
10947,Rigid,1219869,1219870,1219872,1,2,3,completed,1
10948,Rigid,1219869,1219870,1219872,1,2,3,completed,1
10949,Rigid,1219869,1219870,1219872,1,2,3,completed,1
10950,Rigid,1219869,1219870,1219872,1,2,3,completed,1
10951,Rigid,1219869,1219871,1219873,2,2,4,completed,1
10952,Rigid,1219869,1219871,1219873,2,2,4,completed,1
10953,Rigid,1219869,1219871,1219872,2,1,3,completed,1
10954,Rigid,1219869,1219871,1219873,2,2,4,completed,1
10955,Rigid,1219869,1219871,1219873,2,2,4,completed,1
10956,Rigid,1219869,1219871,1219872,2,1,3,completed,1
10957,Rigid,1219869,1219871,1219873,2,2,4,completed,1
10958,Rigid,1219869,1219871,1219873,2,2,4,completed,1
10959,Rigid,1219869,1219871,1219873,2,2,4,completed,1
10960,Rigid,1219869,1219871,1219873,2,2,4,completed,1
10961,Rigid,1219869,1219871,1219873,2,2,4,completed,1
10962,Rigid,1219869,1219871,1219872,2,1,3,completed,1
10963,Rigid,1219869,1219871,1219873,2,2,4,completed,1
10964,Rigid,1219869,1219871,1219873,2,2,4,completed,1
10965,Rigid,1219869,1219871,1219873,2,2,4,completed,1
10966,Rigid,1219869,1219871,1219872,2,1,3,completed,1
10967,Rigid,1219869,1219871,1219872,2,1,3,completed,1
10968,Rigid,1219869,1219871,1219872,2,1,3,completed,1
10969,Rigid,1219869,1219871,1219872,2,1,3,completed,1
10970,Rigid,1219869,1219871,1219872,2,1,3,completed,1
10971,Rigid,1219869,1219871,1219872,2,1,3,completed,1
10972,Rigid,1219869,1219871,1219872,2,1,3,completed,1
10973,Rigid,1219869,1219871,1219872,2,1,3,completed,1
10974,Rigid,1219869,1219871,1219872,2,1,3,completed,1
10975,Rigid,1219869,1219871,1219872,2,1,3,completed,1
10976,Rigid,1219869,1219871,1219872,2,1,3,completed,1
10977,Rigid,1219910,1222066,1222080,2156,14,2170,completed,72
10978,Rigid,1220231,1220232,1220235,1,3,4,completed,1
10979,Rigid,1220231,1220232,1220235,1,3,4,completed,1
10980,Rigid,1220231,1220232,1220235,1,3,4,completed,1
10981,Rigid,1220231,1220232,1220235,1,3,4,completed,1
10982,Rigid,1220231,1220232,1220235,1,3,4,completed,1
10983,Rigid,1220231,1220232,1220235,1,3,4,completed,1
10984,Rigid,1220231,1220232,1220235,1,3,4,completed,1
10985,Rigid,1220231,1220232,1220235,1,3,4,completed,1
10986,Rigid,1220231,1220232,1220235,1,3,4,completed,1
10987,Rigid,1220231,1220232,1220235,1,3,4,completed,1
10988,Rigid,1220231,1220232,1220235,1,3,4,completed,1
10989,Rigid,1220231,1220232,1220235,1,3,4,completed,1
10990,Rigid,1220231,1220232,1220235,1,3,4,completed,1
10991,Rigid,1220231,1220232,1220235,1,3,4,completed,1
10992,Rigid,1220231,1220232,1220235,1,3,4,completed,1
10993,Rigid,1220231,1220232,1220235,1,3,4,completed,1
10994,Rigid,1220231,1220232,1220235,1,3,4,completed,1
10995,Rigid,1220231,1220232,1220235,1,3,4,completed,1
10996,Rigid,1220231,1220232,1220235,1,3,4,completed,1
10997,Rigid,1220231,1220232,1220235,1,3,4,completed,1
10998,Rigid,1220231,1220232,1220235,1,3,4,completed,1
10999,Rigid,1220231,1220232,1220235,1,3,4,completed,1
11000,Rigid,1220231,1220232,1220235,1,3,4,completed,1
11001,Rigid,1220231,1220232,1220235,1,3,4,completed,1
11002,Rigid,1220231,1220232,1220235,1,3,4,completed,1
11003,Rigid,1220231,1220233,1220235,2,2,4,completed,1
11004,Rigid,1220231,1220233,1220235,2,2,4,completed,1
11005,Rigid,1220231,1220233,1220235,2,2,4,completed,1
11006,Rigid,1220231,1220233,1220235,2,2,4,completed,1
11007,Rigid,1220231,1220233,1220235,2,2,4,completed,1
11008,Rigid,1220231,1220233,1220235,2,2,4,completed,1
11009,Rigid,1220231,1220233,1220235,2,2,4,completed,1
11010,Rigid,1220231,1220233,1220235,2,2,4,completed,1
11011,Rigid,1220231,1220233,1220235,2,2,4,completed,1
11012,Rigid,1220231,1220233,1220235,2,2,4,completed,1
11013,Rigid,1220231,1220233,1220235,2,2,4,completed,1
11014,Rigid,1220231,1220233,1220235,2,2,4,completed,1
11015,Rigid,1220231,1220233,1220235,2,2,4,completed,1
11016,Rigid,1220231,1220233,1220235,2,2,4,completed,1
11017,Rigid,1220231,1220233,1220235,2,2,4,completed,1
11018,Rigid,1220231,1220233,1220235,2,2,4,completed,1
11019,Rigid,1220231,1220233,1220235,2,2,4,completed,1
11020,Rigid,1220231,1220233,1220235,2,2,4,completed,1
11021,Rigid,1220231,1220233,1220235,2,2,4,completed,1
11022,Rigid,1220231,1220233,1220234,2,1,3,completed,1
11023,Rigid,1220231,1220233,1220234,2,1,3,completed,1
11024,Rigid,1220231,1220233,1220234,2,1,3,completed,1
11025,Rigid,1220400,1220400,1220414,0,14,14,completed,1
11026,Rigid,1220400,1220400,1220414,0,14,14,completed,1
11027,Rigid,1220400,1220400,1220414,0,14,14,completed,1
11028,Rigid,1220400,1220400,1220414,0,14,14,completed,1
11029,Rigid,1220400,1220400,1220414,0,14,14,completed,1
11030,Rigid,1220400,1220400,1220414,0,14,14,completed,1
11031,Rigid,1220400,1220400,1220414,0,14,14,completed,1
11032,Rigid,1220400,1220400,1220414,0,14,14,completed,1
11033,Rigid,1220400,1220400,1220414,0,14,14,completed,1
11034,Rigid,1220400,1220400,1220414,0,14,14,completed,1
11035,Rigid,1220400,1220400,1220414,0,14,14,completed,1
11036,Rigid,1220400,1220400,1220414,0,14,14,completed,1
11037,Rigid,1220400,1220400,1220414,0,14,14,completed,1
11038,Rigid,1220400,1220400,1220414,0,14,14,completed,1
11039,Rigid,1220400,1220401,1220414,1,13,14,completed,1
11040,Rigid,1220400,1220401,1220414,1,13,14,completed,1
11041,Rigid,1220400,1220401,1220414,1,13,14,completed,1
11042,Rigid,1220400,1220401,1220414,1,13,14,completed,1
11043,Rigid,1220400,1220401,1220414,1,13,14,completed,1
11044,Rigid,1220400,1220401,1220414,1,13,14,completed,1
11045,Rigid,1220400,1220401,1220414,1,13,14,completed,1
11046,Rigid,1220400,1220401,1220414,1,13,14,completed,1
11047,Rigid,1220400,1220401,1220414,1,13,14,completed,1
11048,Rigid,1220400,1220401,1220414,1,13,14,completed,1
11049,Rigid,1220400,1220401,1220414,1,13,14,completed,1
11050,Rigid,1220400,1220401,1220414,1,13,14,completed,1
11051,Rigid,1220400,1220401,1220414,1,13,14,completed,1
11052,Rigid,1220400,1220401,1220414,1,13,14,completed,1
11053,Rigid,1220400,1220401,1220414,1,13,14,completed,1
11054,Rigid,1220400,1220401,1220414,1,13,14,completed,1
11055,Rigid,1220400,1220401,1220414,1,13,14,completed,1
11056,Rigid,1220400,1220401,1220415,1,14,15,completed,1
11057,Rigid,1220400,1220401,1220414,1,13,14,completed,1
11058,Rigid,1220400,1220401,1220415,1,14,15,completed,1
11059,Rigid,1220400,1220401,1220414,1,13,14,completed,1
11060,Rigid,1220400,1220401,1220414,1,13,14,completed,1
11061,Rigid,1220400,1220401,1220414,1,13,14,completed,1
11062,Rigid,1220400,1220401,1220414,1,13,14,completed,1
11063,Rigid,1220400,1220401,1220414,1,13,14,completed,1
11064,Rigid,1220400,1220401,1220414,1,13,14,completed,1
11065,Rigid,1220400,1220401,1220413,1,12,13,completed,1
11066,Rigid,1220400,1220401,1220413,1,12,13,completed,1
11067,Rigid,1220400,1220401,1220413,1,12,13,completed,1
11068,Rigid,1220400,1220401,1220413,1,12,13,completed,1
11069,Rigid,1220400,1220401,1220413,1,12,13,completed,1
11070,Rigid,1220400,1220401,1220413,1,12,13,completed,1
11071,Rigid,1220400,1220401,1220413,1,12,13,completed,1
11072,Rigid,1220400,1220401,1220413,1,12,13,completed,1
11073,Rigid,1220978,1221008,1223585,30,2577,2607,completed,18
11074,Rigid,1221170,1222011,1222872,841,861,1702,completed,144
11075,Rigid,1221767,1222011,1223913,244,1902,2146,completed,144
11076,Rigid,1221790,1222011,1223911,221,1900,2121,completed,144
11077,Rigid,1221807,1221820,1221831,13,11,24,completed,1
11078,Rigid,1221966,1221976,1221983,10,7,17,completed,1
11079,Rigid,1222067,1222068,1228374,1,6306,6307,completed,396
11080,Rigid,1222092,1225706,1227218,3614,1512,5126,completed,396
11081,Rigid,1222199,1222199,1222210,0,11,11,completed,1
11082,Rigid,1222210,1222879,1222892,669,13,682,completed,72
11083,Rigid,1222254,1222254,1222264,0,10,10,completed,1
11084,Rigid,1222270,1222879,1222892,609,13,622,completed,36
11085,Rigid,1222368,1222368,1222378,0,10,10,completed,1
11086,Rigid,1222479,1222479,1222489,0,10,10,completed,1
11087,Rigid,1222576,1222874,1373806,298,150932,151230,completed,36
11088,Rigid,1222865,1222866,1222873,1,7,8,completed,1
11089,Rigid,1223095,1224031,1224042,936,11,947,completed,36
11090,Rigid,1223100,1223100,1223111,0,11,11,completed,6
11091,Rigid,1223175,1230817,1474893,7642,244076,251718,completed,36
11092,Rigid,1223175,1230817,1474893,7642,244076,251718,completed,36
11093,Rigid,1223175,1230825,1474893,7650,244068,251718,completed,36
11094,Rigid,1223306,1223913,1224025,607,112,719,completed,144
11095,Rigid,1223373,1223376,1226064,3,2688,2691,completed,16
11096,Rigid,1223461,1223470,1226247,9,2777,2786,completed,16
11097,Rigid,1223741,1223750,1227526,9,3776,3785,completed,16
11098,Rigid,1223765,1223781,1227243,16,3462,3478,completed,16
11099,Rigid,1223984,1224000,1224404,16,404,420,completed,16
11100,Rigid,1224001,1224031,1224981,30,950,980,completed,16
11101,Rigid,1224159,1224159,1225445,0,1286,1286,completed,6
11102,Rigid,1224159,1224189,1224970,30,781,811,completed,16
11103,Rigid,1224180,1224189,1224526,9,337,346,completed,16
11104,Rigid,1224315,1224316,1224549,1,233,234,completed,144
11105,Rigid,1224420,1224421,1224431,1,10,11,completed,1
11106,Rigid,1224904,1224904,1224914,0,10,10,completed,72
11107,Rigid,1225226,1225226,1225236,0,10,10,completed,72
11108,Rigid,1225568,1225569,1225624,1,55,56,completed,36
11109,Rigid,1225596,1225597,1227707,1,2110,2111,completed,6
11110,Rigid,1225625,1225626,1225775,1,149,150,completed,36
11111,Rigid,1226241,1226242,1226262,1,20,21,completed,2
11112,Rigid,1226241,1226242,1226262,1,20,21,completed,2
11113,Rigid,1226242,1226242,1226260,0,18,18,completed,2
11114,Rigid,1226242,1226242,1226262,0,20,20,completed,2
11115,Rigid,1226242,1226246,1226262,4,16,20,completed,2
11116,Rigid,1226242,1226246,1226262,4,16,20,completed,2
11117,Rigid,1226242,1226246,1226262,4,16,20,completed,2
11118,Rigid,1226242,1226246,1226262,4,16,20,completed,2
11119,Rigid,1226242,1226246,1226262,4,16,20,completed,2
11120,Rigid,1226242,1226246,1226262,4,16,20,completed,2
11121,Rigid,1226242,1226246,1226262,4,16,20,completed,2
11122,Rigid,1226242,1226246,1226262,4,16,20,completed,2
11123,Rigid,1226242,1226246,1226262,4,16,20,completed,2
11124,Rigid,1226243,1226246,1226262,3,16,19,completed,2
11125,Rigid,1226243,1226246,1226262,3,16,19,completed,2
11126,Rigid,1226243,1226246,1226262,3,16,19,completed,2
11127,Rigid,1226243,1226246,1226262,3,16,19,completed,2
11128,Rigid,1226243,1226246,1226262,3,16,19,completed,2
11129,Rigid,1226243,1226246,1226262,3,16,19,completed,2
11130,Rigid,1226243,1226246,1226262,3,16,19,completed,2
11131,Rigid,1226243,1226246,1226262,3,16,19,completed,2
11132,Rigid,1226263,1226263,1226270,0,7,7,completed,2
11133,Rigid,1226275,1226276,1226287,1,11,12,completed,2
11134,Rigid,1226313,1226313,1226335,0,22,22,completed,2
11135,Rigid,1226313,1226313,1226326,0,13,13,completed,2
11136,Rigid,1226313,1226313,1226318,0,5,5,completed,2
11137,Rigid,1226313,1226313,1226318,0,5,5,completed,2
11138,Rigid,1226313,1226313,1226318,0,5,5,completed,2
11139,Rigid,1226313,1226313,1226318,0,5,5,completed,2
11140,Rigid,1226313,1226313,1226318,0,5,5,completed,2
11141,Rigid,1226313,1226313,1226318,0,5,5,completed,2
11142,Rigid,1226313,1226313,1226318,0,5,5,completed,2
11143,Rigid,1226313,1226313,1226332,0,19,19,completed,2
11144,Rigid,1226313,1226313,1226333,0,20,20,completed,2
11145,Rigid,1226313,1226313,1226318,0,5,5,completed,2
11146,Rigid,1226313,1226313,1226318,0,5,5,completed,2
11147,Rigid,1226313,1226316,1226323,3,7,10,completed,2
11148,Rigid,1226313,1226316,1226323,3,7,10,completed,2
11149,Rigid,1226313,1226316,1226323,3,7,10,completed,2
11150,Rigid,1226313,1226316,1226323,3,7,10,completed,2
11151,Rigid,1226313,1226316,1226326,3,10,13,completed,2
11152,Rigid,1226313,1226316,1226323,3,7,10,completed,2
11153,Rigid,1226313,1226316,1226336,3,20,23,completed,2
11154,Rigid,1226314,1226316,1226330,2,14,16,completed,2
11155,Rigid,1226314,1226316,1226323,2,7,9,completed,2
11156,Rigid,1226314,1226316,1226323,2,7,9,completed,2
11157,Rigid,1226314,1226316,1226323,2,7,9,completed,2
11158,Rigid,1226314,1226316,1226323,2,7,9,completed,2
11159,Rigid,1226314,1226316,1226323,2,7,9,completed,2
11160,Rigid,1226314,1226316,1226323,2,7,9,completed,2
11161,Rigid,1226314,1226316,1226331,2,15,17,completed,2
11162,Rigid,1226314,1226316,1226343,2,27,29,completed,2
11163,Rigid,1226314,1226316,1226323,2,7,9,completed,2
11164,Rigid,1226314,1226316,1226323,2,7,9,completed,2
11165,Rigid,1226314,1226316,1226323,2,7,9,completed,2
11166,Rigid,1226314,1226316,1226323,2,7,9,completed,2
11167,Rigid,1226314,1226316,1226323,2,7,9,completed,2
11168,Rigid,1226314,1226316,1226323,2,7,9,completed,2
11169,Rigid,1226314,1226316,1226323,2,7,9,completed,2
11170,Rigid,1226314,1226316,1226340,2,24,26,completed,2
11171,Rigid,1226314,1226316,1226343,2,27,29,completed,2
11172,Rigid,1226314,1226316,1226323,2,7,9,completed,2
11173,Rigid,1226314,1226316,1226323,2,7,9,completed,2
11174,Rigid,1226314,1226316,1226326,2,10,12,completed,2
11175,Rigid,1226314,1226316,1226326,2,10,12,completed,2
11176,Rigid,1226314,1226316,1226326,2,10,12,completed,2
11177,Rigid,1226314,1226316,1226326,2,10,12,completed,2
11178,Rigid,1226314,1226316,1226326,2,10,12,completed,2
11179,Rigid,1226315,1226316,1226326,1,10,11,completed,2
11180,Rigid,1226315,1226316,1226333,1,17,18,completed,2
11181,Rigid,1226315,1226316,1226326,1,10,11,completed,2
11182,Rigid,1226315,1226316,1226326,1,10,11,completed,2
11183,Rigid,1226315,1226316,1226326,1,10,11,completed,2
11184,Rigid,1226315,1226316,1226326,1,10,11,completed,2
11185,Rigid,1226315,1226316,1226326,1,10,11,completed,2
11186,Rigid,1226315,1226316,1226326,1,10,11,completed,2
11187,Rigid,1226315,1226316,1226326,1,10,11,completed,2
11188,Rigid,1226315,1226316,1226326,1,10,11,completed,2
11189,Rigid,1226315,1226316,1226326,1,10,11,completed,2
11190,Rigid,1226315,1226316,1226326,1,10,11,completed,2
11191,Rigid,1226315,1226316,1226337,1,21,22,completed,2
11192,Rigid,1226315,1226316,1226323,1,7,8,completed,2
11193,Rigid,1226315,1226316,1226323,1,7,8,completed,2
11194,Rigid,1226315,1226316,1226323,1,7,8,completed,2
11195,Rigid,1226315,1226316,1226323,1,7,8,completed,2
11196,Rigid,1226315,1226316,1226323,1,7,8,completed,2
11197,Rigid,1226315,1226316,1226323,1,7,8,completed,2
11198,Rigid,1226315,1226316,1226323,1,7,8,completed,2
11199,Rigid,1226315,1226316,1226323,1,7,8,completed,2
11200,Rigid,1226315,1226316,1226323,1,7,8,completed,2
11201,Rigid,1226315,1226316,1226331,1,15,16,completed,2
11202,Rigid,1226315,1226316,1226323,1,7,8,completed,2
11203,Rigid,1226315,1226316,1226323,1,7,8,completed,2
11204,Rigid,1226315,1226316,1226323,1,7,8,completed,2
11205,Rigid,1226315,1226316,1226323,1,7,8,completed,2
11206,Rigid,1226315,1226316,1226323,1,7,8,completed,2
11207,Rigid,1226316,1226316,1226323,0,7,7,completed,2
11208,Rigid,1226316,1226316,1226323,0,7,7,completed,2
11209,Rigid,1226316,1226316,1226339,0,23,23,completed,2
11210,Rigid,1226316,1226316,1226326,0,10,10,completed,2
11211,Rigid,1226316,1226316,1226326,0,10,10,completed,2
11212,Rigid,1226316,1226316,1226326,0,10,10,completed,2
11213,Rigid,1226316,1226316,1226326,0,10,10,completed,2
11214,Rigid,1226316,1226316,1226326,0,10,10,completed,2
11215,Rigid,1226316,1226316,1226326,0,10,10,completed,2
11216,Rigid,1226316,1226316,1226326,0,10,10,completed,2
11217,Rigid,1226316,1226316,1226336,0,20,20,completed,2
11218,Rigid,1226316,1226316,1226326,0,10,10,completed,2
11219,Rigid,1226316,1226316,1226326,0,10,10,completed,2
11220,Rigid,1226316,1226316,1226326,0,10,10,completed,2
11221,Rigid,1226316,1226316,1226326,0,10,10,completed,2
11222,Rigid,1226316,1226316,1226326,0,10,10,completed,2
11223,Rigid,1226316,1226316,1226326,0,10,10,completed,2
11224,Rigid,1226316,1226316,1226326,0,10,10,completed,2
11225,Rigid,1226316,1226316,1226326,0,10,10,completed,2
11226,Rigid,1226316,1226316,1226332,0,16,16,completed,2
11227,Rigid,1226316,1226316,1226326,0,10,10,completed,2
11228,Rigid,1226316,1226316,1226323,0,7,7,completed,2
11229,Rigid,1226316,1226316,1226323,0,7,7,completed,2
11230,Rigid,1226316,1226317,1226323,1,6,7,completed,2
11231,Rigid,1226316,1226317,1226323,1,6,7,completed,2
11232,Rigid,1226316,1226317,1226323,1,6,7,completed,2
11233,Rigid,1226317,1226317,1226331,0,14,14,completed,2
11234,Rigid,1226317,1226317,1226323,0,6,6,completed,2
11235,Rigid,1226317,1226317,1226323,0,6,6,completed,2
11236,Rigid,1226317,1226317,1226323,0,6,6,completed,2
11237,Rigid,1226317,1226317,1226323,0,6,6,completed,2
11238,Rigid,1226317,1226317,1226323,0,6,6,completed,2
11239,Rigid,1226317,1226317,1226323,0,6,6,completed,2
11240,Rigid,1226317,1226317,1226323,0,6,6,completed,2
11241,Rigid,1226317,1226317,1226323,0,6,6,completed,2
11242,Rigid,1226317,1226320,1226340,3,20,23,completed,2
11243,Rigid,1226317,1226320,1226334,3,14,17,completed,2
11244,Rigid,1226318,1226320,1226334,2,14,16,completed,2
11245,Rigid,1226318,1226320,1226334,2,14,16,completed,2
11246,Rigid,1226318,1226320,1226334,2,14,16,completed,2
11247,Rigid,1226318,1226320,1226334,2,14,16,completed,2
11248,Rigid,1226318,1226320,1226334,2,14,16,completed,2
11249,Rigid,1226318,1226320,1226334,2,14,16,completed,2
11250,Rigid,1226319,1226320,1226334,1,14,15,completed,2
11251,Rigid,1226319,1226320,1226334,1,14,15,completed,2
11252,Rigid,1226319,1226320,1226346,1,26,27,completed,2
11253,Rigid,1226319,1226320,1226334,1,14,15,completed,2
11254,Rigid,1226319,1226320,1226334,1,14,15,completed,2
11255,Rigid,1226319,1226320,1226334,1,14,15,completed,2
11256,Rigid,1226319,1226320,1226334,1,14,15,completed,2
11257,Rigid,1226320,1226320,1226334,0,14,14,completed,2
11258,Rigid,1226320,1226320,1226344,0,24,24,completed,2
11259,Rigid,1226320,1226320,1226334,0,14,14,completed,2
11260,Rigid,1226320,1226320,1226334,0,14,14,completed,2
11261,Rigid,1226320,1226320,1226334,0,14,14,completed,2
11262,Rigid,1226321,1226321,1226336,0,15,15,completed,2
11263,Rigid,1226321,1226321,1226336,0,15,15,completed,2
11264,Rigid,1226321,1226324,1226336,3,12,15,completed,2
11265,Rigid,1226321,1226324,1226336,3,12,15,completed,2
11266,Rigid,1226322,1226324,1226358,2,34,36,completed,2
11267,Rigid,1226322,1226324,1226336,2,12,14,completed,2
11268,Rigid,1226322,1226324,1226336,2,12,14,completed,2
11269,Rigid,1226322,1226324,1226336,2,12,14,completed,2
11270,Rigid,1226323,1226324,1226336,1,12,13,completed,2
11271,Rigid,1226323,1226324,1226363,1,39,40,completed,2
11272,Rigid,1226323,1226324,1226336,1,12,13,completed,2
11273,Rigid,1226324,1226324,1226336,0,12,12,completed,2
11274,Rigid,1226324,1226324,1226350,0,26,26,completed,2
11275,Rigid,1226324,1226324,1226361,0,37,37,completed,2
11276,Rigid,1226324,1226324,1226336,0,12,12,completed,2
11277,Rigid,1226324,1226324,1226336,0,12,12,completed,2
11278,Rigid,1226324,1226324,1226336,0,12,12,completed,2
11279,Rigid,1226324,1226324,1226355,0,31,31,completed,2
11280,Rigid,1226324,1226325,1226356,1,31,32,completed,2
11281,Rigid,1226325,1226325,1226336,0,11,11,completed,2
11282,Rigid,1226325,1226325,1226336,0,11,11,completed,2
11283,Rigid,1226325,1226325,1226336,0,11,11,completed,2
11284,Rigid,1226325,1226325,1226359,0,34,34,completed,2
11285,Rigid,1226325,1226325,1226357,0,32,32,completed,2
11286,Rigid,1226325,1226325,1226336,0,11,11,completed,2
11287,Rigid,1226325,1226325,1226336,0,11,11,completed,2
11288,Rigid,1226325,1226325,1226364,0,39,39,completed,2
11289,Rigid,1226325,1226325,1226365,0,40,40,completed,2
11290,Rigid,1226325,1226325,1226336,0,11,11,completed,2
11291,Rigid,1226326,1226327,1226336,1,9,10,completed,2
11292,Rigid,1226326,1226327,1226336,1,9,10,completed,2
11293,Rigid,1226326,1226327,1226352,1,25,26,completed,2
11294,Rigid,1226326,1226327,1226358,1,31,32,completed,2
11295,Rigid,1226326,1226327,1226336,1,9,10,completed,2
11296,Rigid,1226326,1226327,1226336,1,9,10,completed,2
11297,Rigid,1226326,1226327,1226363,1,36,37,completed,2
11298,Rigid,1226326,1226327,1226362,1,35,36,completed,2
11299,Rigid,1226326,1226327,1226336,1,9,10,completed,2
11300,Rigid,1226326,1226327,1226336,1,9,10,completed,2
11301,Rigid,1226326,1226327,1226355,1,28,29,completed,2
11302,Rigid,1226326,1226327,1226344,1,17,18,completed,2
11303,Rigid,1226327,1226327,1226336,0,9,9,completed,2
11304,Rigid,1226327,1226327,1226336,0,9,9,completed,2
11305,Rigid,1226328,1226328,1226342,0,14,14,completed,2
11306,Rigid,1226328,1226328,1226350,0,22,22,completed,2
11307,Rigid,1226328,1226328,1226336,0,8,8,completed,2
11308,Rigid,1226328,1226328,1226336,0,8,8,completed,2
11309,Rigid,1226328,1226330,1226367,2,37,39,completed,2
11310,Rigid,1226328,1226330,1226355,2,25,27,completed,2
11311,Rigid,1226329,1226330,1226342,1,12,13,completed,2
11312,Rigid,1226329,1226330,1226342,1,12,13,completed,2
11313,Rigid,1226329,1226330,1226342,1,12,13,completed,2
11314,Rigid,1226329,1226330,1226358,1,28,29,completed,2
11315,Rigid,1226329,1226330,1226374,1,44,45,completed,2
11316,Rigid,1226330,1226330,1226342,0,12,12,completed,2
11317,Rigid,1226330,1226332,1226342,2,10,12,completed,2
11318,Rigid,1226330,1226332,1226342,2,10,12,completed,2
11319,Rigid,1226330,1226332,1226364,2,32,34,completed,2
11320,Rigid,1226330,1226332,1226358,2,26,28,completed,2
11321,Rigid,1226330,1226332,1226342,2,10,12,completed,2
11322,Rigid,1226330,1226332,1226342,2,10,12,completed,2
11323,Rigid,1226330,1226332,1226342,2,10,12,completed,2
11324,Rigid,1226330,1226332,1226342,2,10,12,completed,2
11325,Rigid,1226330,1226332,1226342,2,10,12,completed,2
11326,Rigid,1226330,1226332,1226342,2,10,12,completed,2
11327,Rigid,1226330,1226332,1226359,2,27,29,completed,2
11328,Rigid,1226331,1226332,1226372,1,40,41,completed,2
11329,Rigid,1226331,1226332,1226342,1,10,11,completed,2
11330,Rigid,1226331,1226332,1226342,1,10,11,completed,2
11331,Rigid,1226331,1226332,1226367,1,35,36,completed,2
11332,Rigid,1226331,1226332,1226371,1,39,40,completed,2
11333,Rigid,1226331,1226332,1226342,1,10,11,completed,2
11334,Rigid,1226332,1226332,1226342,0,10,10,completed,2
11335,Rigid,1226332,1226332,1226342,0,10,10,completed,2
11336,Rigid,1226332,1226332,1226342,0,10,10,completed,2
11337,Rigid,1226332,1226332,1226342,0,10,10,completed,2
11338,Rigid,1226332,1226332,1226342,0,10,10,completed,2
11339,Rigid,1226332,1226333,1226342,1,9,10,completed,2
11340,Rigid,1226333,1226333,1226342,0,9,9,completed,2
11341,Rigid,1226333,1226333,1226342,0,9,9,completed,2
11342,Rigid,1226333,1226333,1226342,0,9,9,completed,2
11343,Rigid,1226333,1226333,1226342,0,9,9,completed,2
11344,Rigid,1226333,1226333,1226342,0,9,9,completed,2
11345,Rigid,1226333,1226333,1226342,0,9,9,completed,2
11346,Rigid,1226333,1226333,1226342,0,9,9,completed,2
11347,Rigid,1226333,1226333,1226342,0,9,9,completed,2
11348,Rigid,1226333,1226334,1226342,1,8,9,completed,2
11349,Rigid,1226333,1226334,1226342,1,8,9,completed,2
11350,Rigid,1226334,1226334,1226342,0,8,8,completed,2
11351,Rigid,1226334,1226334,1226342,0,8,8,completed,2
11352,Rigid,1226334,1226334,1226342,0,8,8,completed,2
11353,Rigid,1226334,1226334,1226342,0,8,8,completed,2
11354,Rigid,1226334,1226334,1226342,0,8,8,completed,2
11355,Rigid,1226334,1226335,1226342,1,7,8,completed,2
11356,Rigid,1226335,1226335,1226342,0,7,7,completed,2
11357,Rigid,1226335,1226335,1226342,0,7,7,completed,2
11358,Rigid,1226335,1226335,1226342,0,7,7,completed,2
11359,Rigid,1226335,1226335,1226342,0,7,7,completed,2
11360,Rigid,1226335,1226335,1226342,0,7,7,completed,2
11361,Rigid,1226335,1226335,1226342,0,7,7,completed,2
11362,Rigid,1226335,1226335,1226342,0,7,7,completed,2
11363,Rigid,1226335,1226335,1226342,0,7,7,completed,2
11364,Rigid,1226335,1226335,1226342,0,7,7,completed,2
11365,Rigid,1226335,1226335,1226342,0,7,7,completed,2
11366,Rigid,1226335,1226335,1226342,0,7,7,completed,2
11367,Rigid,1226335,1226335,1226342,0,7,7,completed,2
11368,Rigid,1226336,1226336,1226342,0,6,6,completed,2
11369,Rigid,1226336,1226336,1226342,0,6,6,completed,2
11370,Rigid,1226336,1226336,1226342,0,6,6,completed,2
11371,Rigid,1226336,1226336,1226342,0,6,6,completed,2
11372,Rigid,1226336,1226337,1226343,1,6,7,completed,2
11373,Rigid,1226337,1226337,1226342,0,5,5,completed,2
11374,Rigid,1226337,1226337,1226342,0,5,5,completed,2
11375,Rigid,1226337,1226337,1226342,0,5,5,completed,2
11376,Rigid,1226337,1226337,1226343,0,6,6,completed,2
11377,Rigid,1226338,1226339,1226345,1,6,7,completed,2
11378,Rigid,1226338,1226339,1226345,1,6,7,completed,2
11379,Rigid,1226338,1226339,1226345,1,6,7,completed,2
11380,Rigid,1226338,1226339,1226345,1,6,7,completed,2
11381,Rigid,1226338,1226339,1226345,1,6,7,completed,2
11382,Rigid,1226338,1226339,1226345,1,6,7,completed,2
11383,Rigid,1226338,1226339,1226345,1,6,7,completed,2
11384,Rigid,1226339,1226339,1226345,0,6,6,completed,2
11385,Rigid,1226339,1226339,1226345,0,6,6,completed,2
11386,Rigid,1226339,1226339,1226345,0,6,6,completed,2
11387,Rigid,1226339,1226339,1226346,0,7,7,completed,2
11388,Rigid,1226339,1226339,1226346,0,7,7,completed,2
11389,Rigid,1226339,1226340,1226345,1,5,6,completed,2
11390,Rigid,1226339,1226339,1226345,0,6,6,completed,2
11391,Rigid,1226339,1226339,1226346,0,7,7,completed,2
11392,Rigid,1226339,1226339,1226345,0,6,6,completed,2
11393,Rigid,1226339,1226339,1226345,0,6,6,completed,2
11394,Rigid,1226339,1226339,1226345,0,6,6,completed,2
11395,Rigid,1226340,1226340,1226345,0,5,5,completed,2
11396,Rigid,1226340,1226342,1226347,2,5,7,completed,2
11397,Rigid,1226340,1226342,1226347,2,5,7,completed,2
11398,Rigid,1226340,1226342,1226347,2,5,7,completed,2
11399,Rigid,1226341,1226342,1226347,1,5,6,completed,2
11400,Rigid,1226341,1226342,1226347,1,5,6,completed,2
11401,Rigid,1226341,1226342,1226347,1,5,6,completed,2
11402,Rigid,1226341,1226342,1226347,1,5,6,completed,2
11403,Rigid,1226341,1226342,1226347,1,5,6,completed,2
11404,Rigid,1226341,1226342,1226347,1,5,6,completed,2
11405,Rigid,1226341,1226342,1226347,1,5,6,completed,2
11406,Rigid,1226353,1226353,1226384,0,31,31,completed,1
11407,Rigid,1226403,1226404,1232823,1,6419,6420,completed,9
11408,Rigid,1226497,1226513,1227233,16,720,736,completed,144
11409,Rigid,1226625,1232055,1424525,5430,192470,197900,completed,36
11410,Rigid,1226638,1226642,1265822,4,39180,39184,completed,72
11411,Rigid,1226702,1227223,1227341,521,118,639,completed,144
11412,Rigid,1226926,1226934,1228843,8,1909,1917,completed,18
11413,Rigid,1227175,1227234,1228410,59,1176,1235,completed,396
11414,Rigid,1227274,1227274,1227281,0,7,7,completed,1
11415,Rigid,1227274,1227274,1227281,0,7,7,completed,1
11416,Rigid,1227274,1227274,1227281,0,7,7,completed,1
11417,Rigid,1227274,1227274,1227281,0,7,7,completed,1
11418,Rigid,1227274,1227274,1227281,0,7,7,completed,1
11419,Rigid,1227274,1227274,1227281,0,7,7,completed,1
11420,Rigid,1227274,1227274,1227281,0,7,7,completed,1
11421,Rigid,1227274,1227274,1227281,0,7,7,completed,1
11422,Rigid,1227274,1227274,1227281,0,7,7,completed,1
11423,Rigid,1227274,1227274,1227281,0,7,7,completed,1
11424,Rigid,1227274,1227274,1227281,0,7,7,completed,1
11425,Rigid,1227274,1227274,1227281,0,7,7,completed,1
11426,Rigid,1227274,1227274,1227281,0,7,7,completed,1
11427,Rigid,1227274,1227274,1227281,0,7,7,completed,1
11428,Rigid,1227274,1227274,1227281,0,7,7,completed,1
11429,Rigid,1227274,1227274,1227281,0,7,7,completed,1
11430,Rigid,1227274,1227275,1227281,1,6,7,completed,1
11431,Rigid,1227274,1227275,1227281,1,6,7,completed,1
11432,Rigid,1227274,1227275,1227281,1,6,7,completed,1
11433,Rigid,1227274,1227275,1227281,1,6,7,completed,1
11434,Rigid,1227274,1227275,1227281,1,6,7,completed,1
11435,Rigid,1227274,1227275,1227281,1,6,7,completed,1
11436,Rigid,1227274,1227275,1227281,1,6,7,completed,1
11437,Rigid,1227274,1227275,1227281,1,6,7,completed,1
11438,Rigid,1227274,1227275,1227281,1,6,7,completed,1
11439,Rigid,1227274,1227275,1227281,1,6,7,completed,1
11440,Rigid,1227274,1227275,1227281,1,6,7,completed,1
11441,Rigid,1227274,1227275,1227281,1,6,7,completed,1
11442,Rigid,1227274,1227275,1227281,1,6,7,completed,1
11443,Rigid,1227274,1227275,1227281,1,6,7,completed,1
11444,Rigid,1227274,1227275,1227281,1,6,7,completed,1
11445,Rigid,1227274,1227275,1227281,1,6,7,completed,1
11446,Rigid,1227274,1227275,1227281,1,6,7,completed,1
11447,Rigid,1227274,1227275,1227281,1,6,7,completed,1
11448,Rigid,1227274,1227275,1227281,1,6,7,completed,1
11449,Rigid,1227274,1227275,1227281,1,6,7,completed,1
11450,Rigid,1227274,1227275,1227281,1,6,7,completed,1
11451,Rigid,1227274,1227275,1227281,1,6,7,completed,1
11452,Rigid,1227274,1227275,1227281,1,6,7,completed,1
11453,Rigid,1227274,1227275,1227281,1,6,7,completed,1
11454,Rigid,1227274,1227275,1227281,1,6,7,completed,1
11455,Rigid,1227274,1227275,1227281,1,6,7,completed,1
11456,Rigid,1227274,1227275,1227281,1,6,7,completed,1
11457,Rigid,1227274,1227275,1227281,1,6,7,completed,1
11458,Rigid,1227274,1227275,1227281,1,6,7,completed,1
11459,Rigid,1227274,1227275,1227281,1,6,7,completed,1
11460,Rigid,1227274,1227275,1227281,1,6,7,completed,1
11461,Rigid,1227274,1227275,1227281,1,6,7,completed,1
11462,Rigid,1227332,1228382,1230921,1050,2539,3589,completed,396
11463,Rigid,1227524,1227524,1227535,0,11,11,completed,1
11464,Rigid,1227524,1227524,1227535,0,11,11,completed,1
11465,Rigid,1227524,1227524,1227535,0,11,11,completed,1
11466,Rigid,1227524,1227524,1227535,0,11,11,completed,1
11467,Rigid,1227524,1227524,1227535,0,11,11,completed,1
11468,Rigid,1227524,1227524,1227534,0,10,10,completed,1
11469,Rigid,1227524,1227524,1227535,0,11,11,completed,1
11470,Rigid,1227524,1227524,1227534,0,10,10,completed,1
11471,Rigid,1227524,1227524,1227548,0,24,24,completed,1
11472,Rigid,1227524,1227524,1227534,0,10,10,completed,1
11473,Rigid,1227524,1227524,1227535,0,11,11,completed,1
11474,Rigid,1227524,1227524,1227534,0,10,10,completed,1
11475,Rigid,1227524,1227524,1227535,0,11,11,completed,1
11476,Rigid,1227524,1227524,1227535,0,11,11,completed,1
11477,Rigid,1227524,1227524,1227534,0,10,10,completed,1
11478,Rigid,1227524,1227524,1227535,0,11,11,completed,1
11479,Rigid,1227524,1227524,1227535,0,11,11,completed,1
11480,Rigid,1227524,1227524,1227535,0,11,11,completed,1
11481,Rigid,1227524,1227524,1227535,0,11,11,completed,1
11482,Rigid,1227524,1227524,1227535,0,11,11,completed,1
11483,Rigid,1227524,1227524,1227535,0,11,11,completed,1
11484,Rigid,1227524,1227524,1227534,0,10,10,completed,1
11485,Rigid,1227524,1227524,1227535,0,11,11,completed,1
11486,Rigid,1227524,1227524,1227535,0,11,11,completed,1
11487,Rigid,1227524,1227524,1227535,0,11,11,completed,1
11488,Rigid,1227524,1227524,1227535,0,11,11,completed,1
11489,Rigid,1227524,1227524,1227534,0,10,10,completed,1
11490,Rigid,1227524,1227524,1227537,0,13,13,completed,1
11491,Rigid,1227524,1227524,1227537,0,13,13,completed,1
11492,Rigid,1227524,1227524,1227534,0,10,10,completed,1
11493,Rigid,1227524,1227524,1227535,0,11,11,completed,1
11494,Rigid,1227524,1227524,1227534,0,10,10,completed,1
11495,Rigid,1227524,1227524,1227535,0,11,11,completed,1
11496,Rigid,1227524,1227524,1227534,0,10,10,completed,1
11497,Rigid,1227524,1227524,1227534,0,10,10,completed,1
11498,Rigid,1227524,1227524,1227534,0,10,10,completed,1
11499,Rigid,1227524,1227524,1227535,0,11,11,completed,1
11500,Rigid,1227524,1227524,1227535,0,11,11,completed,1
11501,Rigid,1227524,1227524,1227539,0,15,15,completed,1
11502,Rigid,1227524,1227524,1227534,0,10,10,completed,1
11503,Rigid,1227524,1227524,1227534,0,10,10,completed,1
11504,Rigid,1227524,1227524,1227535,0,11,11,completed,1
11505,Rigid,1227524,1227524,1227534,0,10,10,completed,1
11506,Rigid,1227524,1227524,1227534,0,10,10,completed,1
11507,Rigid,1227524,1227524,1227534,0,10,10,completed,1
11508,Rigid,1227524,1227524,1227537,0,13,13,completed,1
11509,Rigid,1227524,1227524,1227552,0,28,28,completed,1
11510,Rigid,1227524,1227524,1227535,0,11,11,completed,1
11511,Rigid,1227524,1227524,1227536,0,12,12,completed,1
11512,Rigid,1227524,1227524,1227533,0,9,9,completed,1
11513,Rigid,1227524,1227524,1227533,0,9,9,completed,1
11514,Rigid,1227524,1227524,1227535,0,11,11,completed,1
11515,Rigid,1227524,1227524,1227534,0,10,10,completed,1
11516,Rigid,1227524,1227524,1227536,0,12,12,completed,1
11517,Rigid,1227524,1227524,1227539,0,15,15,completed,1
11518,Rigid,1227524,1227524,1227534,0,10,10,completed,1
11519,Rigid,1227524,1227524,1227533,0,9,9,completed,1
11520,Rigid,1227524,1227524,1227534,0,10,10,completed,1
11521,Rigid,1227524,1227524,1227533,0,9,9,completed,1
11522,Rigid,1227524,1227524,1227533,0,9,9,completed,1
11523,Rigid,1227524,1227524,1227534,0,10,10,completed,1
11524,Rigid,1227524,1227524,1227533,0,9,9,completed,1
11525,Rigid,1227524,1227524,1227533,0,9,9,completed,1
11526,Rigid,1227524,1227524,1227533,0,9,9,completed,1
11527,Rigid,1227524,1227524,1227533,0,9,9,completed,1
11528,Rigid,1227524,1227524,1227535,0,11,11,completed,1
11529,Rigid,1227524,1227524,1227533,0,9,9,completed,1
11530,Rigid,1227524,1227524,1227534,0,10,10,completed,1
11531,Rigid,1227524,1227524,1227534,0,10,10,completed,1
11532,Rigid,1227524,1227524,1227537,0,13,13,completed,1
11533,Rigid,1227524,1227524,1227533,0,9,9,completed,1
11534,Rigid,1227524,1227524,1227533,0,9,9,completed,1
11535,Rigid,1227524,1227524,1227534,0,10,10,completed,1
11536,Rigid,1227524,1227524,1227534,0,10,10,completed,1
11537,Rigid,1227524,1227524,1227534,0,10,10,completed,1
11538,Rigid,1227524,1227524,1227534,0,10,10,completed,1
11539,Rigid,1227524,1227524,1227537,0,13,13,completed,1
11540,Rigid,1227524,1227524,1227534,0,10,10,completed,1
11541,Rigid,1227524,1227524,1227534,0,10,10,completed,1
11542,Rigid,1227524,1227524,1227535,0,11,11,completed,1
11543,Rigid,1227524,1227524,1227534,0,10,10,completed,1
11544,Rigid,1227524,1227524,1227534,0,10,10,completed,1
11545,Rigid,1227524,1227524,1227534,0,10,10,completed,1
11546,Rigid,1227524,1227524,1227534,0,10,10,completed,1
11547,Rigid,1227524,1227524,1227533,0,9,9,completed,1
11548,Rigid,1227524,1227524,1227535,0,11,11,completed,1
11549,Rigid,1227524,1227524,1227534,0,10,10,completed,1
11550,Rigid,1227524,1227524,1227534,0,10,10,completed,1
11551,Rigid,1227524,1227524,1227535,0,11,11,completed,1
11552,Rigid,1227524,1227524,1227534,0,10,10,completed,1
11553,Rigid,1227524,1227524,1227534,0,10,10,completed,1
11554,Rigid,1227524,1227524,1227534,0,10,10,completed,1
11555,Rigid,1227524,1227524,1227534,0,10,10,completed,1
11556,Rigid,1227524,1227524,1227534,0,10,10,completed,1
11557,Rigid,1227524,1227524,1227534,0,10,10,completed,1
11558,Rigid,1227524,1227524,1227534,0,10,10,completed,1
11559,Rigid,1227524,1227524,1227533,0,9,9,completed,1
11560,Rigid,1227524,1227524,1227550,0,26,26,completed,1
11561,Rigid,1227524,1227524,1227534,0,10,10,completed,1
11562,Rigid,1227524,1227524,1227534,0,10,10,completed,1
11563,Rigid,1227524,1227524,1227534,0,10,10,completed,1
11564,Rigid,1227524,1227524,1227537,0,13,13,completed,1
11565,Rigid,1227524,1227524,1227534,0,10,10,completed,1
11566,Rigid,1227524,1227524,1227534,0,10,10,completed,1
11567,Rigid,1227524,1227524,1227534,0,10,10,completed,1
11568,Rigid,1227524,1227524,1227537,0,13,13,completed,1
11569,Rigid,1227524,1227524,1227537,0,13,13,completed,1
11570,Rigid,1227524,1227524,1227534,0,10,10,completed,1
11571,Rigid,1227524,1227524,1227534,0,10,10,completed,1
11572,Rigid,1227524,1227524,1227534,0,10,10,completed,1
11573,Rigid,1227524,1227525,1227536,1,11,12,completed,1
11574,Rigid,1227524,1227525,1227534,1,9,10,completed,1
11575,Rigid,1227524,1227525,1227536,1,11,12,completed,1
11576,Rigid,1227524,1227525,1227534,1,9,10,completed,1
11577,Rigid,1227524,1227525,1227534,1,9,10,completed,1
11578,Rigid,1227524,1227525,1227535,1,10,11,completed,1
11579,Rigid,1227524,1227525,1227534,1,9,10,completed,1
11580,Rigid,1227524,1227525,1227534,1,9,10,completed,1
11581,Rigid,1227524,1227525,1227535,1,10,11,completed,1
11582,Rigid,1227524,1227525,1227549,1,24,25,completed,1
11583,Rigid,1227524,1227525,1227547,1,22,23,completed,1
11584,Rigid,1227524,1227525,1227546,1,21,22,completed,1
11585,Rigid,1227524,1227525,1227535,1,10,11,completed,1
11586,Rigid,1227524,1227525,1227534,1,9,10,completed,1
11587,Rigid,1227524,1227525,1227534,1,9,10,completed,1
11588,Rigid,1227524,1227525,1227534,1,9,10,completed,1
11589,Rigid,1227524,1227525,1227534,1,9,10,completed,1
11590,Rigid,1227524,1227525,1227546,1,21,22,completed,1
11591,Rigid,1227524,1227525,1227535,1,10,11,completed,1
11592,Rigid,1227524,1227525,1227540,1,15,16,completed,1
11593,Rigid,1227524,1227525,1227534,1,9,10,completed,1
11594,Rigid,1227524,1227525,1227534,1,9,10,completed,1
11595,Rigid,1227524,1227525,1227535,1,10,11,completed,1
11596,Rigid,1227524,1227525,1227534,1,9,10,completed,1
11597,Rigid,1227524,1227525,1227535,1,10,11,completed,1
11598,Rigid,1227524,1227525,1227534,1,9,10,completed,1
11599,Rigid,1227524,1227525,1227534,1,9,10,completed,1
11600,Rigid,1227524,1227525,1227534,1,9,10,completed,1
11601,Rigid,1227524,1227525,1227534,1,9,10,completed,1
11602,Rigid,1227524,1227525,1227534,1,9,10,completed,1
11603,Rigid,1227524,1227525,1227534,1,9,10,completed,1
11604,Rigid,1227524,1227525,1227534,1,9,10,completed,1
11605,Rigid,1227524,1227525,1227534,1,9,10,completed,1
11606,Rigid,1227524,1227525,1227536,1,11,12,completed,1
11607,Rigid,1227524,1227525,1227534,1,9,10,completed,1
11608,Rigid,1227524,1227525,1227540,1,15,16,completed,1
11609,Rigid,1227524,1227525,1227534,1,9,10,completed,1
11610,Rigid,1227524,1227525,1227534,1,9,10,completed,1
11611,Rigid,1227524,1227525,1227536,1,11,12,completed,1
11612,Rigid,1227524,1227525,1227537,1,12,13,completed,1
11613,Rigid,1227524,1227525,1227534,1,9,10,completed,1
11614,Rigid,1227524,1227525,1227534,1,9,10,completed,1
11615,Rigid,1227524,1227525,1227539,1,14,15,completed,1
11616,Rigid,1227524,1227525,1227534,1,9,10,completed,1
11617,Rigid,1227524,1227525,1227534,1,9,10,completed,1
11618,Rigid,1227524,1227525,1227534,1,9,10,completed,1
11619,Rigid,1227524,1227525,1227542,1,17,18,completed,1
11620,Rigid,1227524,1227525,1227534,1,9,10,completed,1
11621,Rigid,1227524,1227525,1227535,1,10,11,completed,1
11622,Rigid,1227524,1227525,1227551,1,26,27,completed,1
11623,Rigid,1227524,1227525,1227534,1,9,10,completed,1
11624,Rigid,1227524,1227525,1227534,1,9,10,completed,1
11625,Rigid,1227524,1227525,1227534,1,9,10,completed,1
11626,Rigid,1227524,1227525,1227535,1,10,11,completed,1
11627,Rigid,1227524,1227525,1227534,1,9,10,completed,1
11628,Rigid,1227524,1227525,1227548,1,23,24,completed,1
11629,Rigid,1227524,1227525,1227539,1,14,15,completed,1
11630,Rigid,1227524,1227525,1227536,1,11,12,completed,1
11631,Rigid,1227524,1227525,1227537,1,12,13,completed,1
11632,Rigid,1227524,1227525,1227535,1,10,11,completed,1
11633,Rigid,1227524,1227525,1227535,1,10,11,completed,1
11634,Rigid,1227524,1227525,1227534,1,9,10,completed,1
11635,Rigid,1227524,1227525,1227534,1,9,10,completed,1
11636,Rigid,1227524,1227525,1227540,1,15,16,completed,1
11637,Rigid,1227524,1227525,1227535,1,10,11,completed,1
11638,Rigid,1227524,1227525,1227535,1,10,11,completed,1
11639,Rigid,1227524,1227525,1227535,1,10,11,completed,1
11640,Rigid,1227524,1227525,1227535,1,10,11,completed,1
11641,Rigid,1227524,1227525,1227535,1,10,11,completed,1
11642,Rigid,1227524,1227525,1227534,1,9,10,completed,1
11643,Rigid,1227524,1227525,1227534,1,9,10,completed,1
11644,Rigid,1227524,1227525,1227536,1,11,12,completed,1
11645,Rigid,1227524,1227525,1227535,1,10,11,completed,1
11646,Rigid,1227524,1227525,1227535,1,10,11,completed,1
11647,Rigid,1227524,1227525,1227549,1,24,25,completed,1
11648,Rigid,1227524,1227525,1227535,1,10,11,completed,1
11649,Rigid,1227524,1227525,1227537,1,12,13,completed,1
11650,Rigid,1227524,1227525,1227536,1,11,12,completed,1
11651,Rigid,1227524,1227525,1227534,1,9,10,completed,1
11652,Rigid,1227524,1227525,1227543,1,18,19,completed,1
11653,Rigid,1227524,1227525,1227536,1,11,12,completed,1
11654,Rigid,1227524,1227525,1227536,1,11,12,completed,1
11655,Rigid,1227524,1227525,1227537,1,12,13,completed,1
11656,Rigid,1227524,1227525,1227536,1,11,12,completed,1
11657,Rigid,1227524,1227525,1227534,1,9,10,completed,1
11658,Rigid,1227524,1227525,1227535,1,10,11,completed,1
11659,Rigid,1227524,1227525,1227534,1,9,10,completed,1
11660,Rigid,1227524,1227525,1227535,1,10,11,completed,1
11661,Rigid,1227524,1227525,1227547,1,22,23,completed,1
11662,Rigid,1227524,1227525,1227537,1,12,13,completed,1
11663,Rigid,1227524,1227525,1227534,1,9,10,completed,1
11664,Rigid,1227524,1227525,1227534,1,9,10,completed,1
11665,Rigid,1227524,1227525,1227535,1,10,11,completed,1
11666,Rigid,1227524,1227525,1227534,1,9,10,completed,1
11667,Rigid,1227524,1227525,1227534,1,9,10,completed,1
11668,Rigid,1227524,1227525,1227535,1,10,11,completed,1
11669,Rigid,1227524,1227525,1227534,1,9,10,completed,1
11670,Rigid,1227524,1227525,1227534,1,9,10,completed,1
11671,Rigid,1227524,1227525,1227534,1,9,10,completed,1
11672,Rigid,1227524,1227525,1227536,1,11,12,completed,1
11673,Rigid,1227524,1227525,1227552,1,27,28,completed,1
11674,Rigid,1227524,1227525,1227534,1,9,10,completed,1
11675,Rigid,1227524,1227525,1227535,1,10,11,completed,1
11676,Rigid,1227524,1227525,1227534,1,9,10,completed,1
11677,Rigid,1227524,1227525,1227534,1,9,10,completed,1
11678,Rigid,1227524,1227525,1227534,1,9,10,completed,1
11679,Rigid,1227524,1227525,1227535,1,10,11,completed,1
11680,Rigid,1227524,1227525,1227534,1,9,10,completed,1
11681,Rigid,1227524,1227525,1227537,1,12,13,completed,1
11682,Rigid,1227524,1227525,1227536,1,11,12,completed,1
11683,Rigid,1227524,1227525,1227536,1,11,12,completed,1
11684,Rigid,1227524,1227525,1227534,1,9,10,completed,1
11685,Rigid,1227524,1227525,1227535,1,10,11,completed,1
11686,Rigid,1227524,1227525,1227547,1,22,23,completed,1
11687,Rigid,1227524,1227525,1227537,1,12,13,completed,1
11688,Rigid,1227524,1227525,1227537,1,12,13,completed,1
11689,Rigid,1227524,1227525,1227537,1,12,13,completed,1
11690,Rigid,1227524,1227525,1227534,1,9,10,completed,1
11691,Rigid,1227524,1227525,1227535,1,10,11,completed,1
11692,Rigid,1227524,1227525,1227544,1,19,20,completed,1
11693,Rigid,1227524,1227525,1227534,1,9,10,completed,1
11694,Rigid,1227524,1227525,1227551,1,26,27,completed,1
11695,Rigid,1227524,1227525,1227535,1,10,11,completed,1
11696,Rigid,1227524,1227525,1227534,1,9,10,completed,1
11697,Rigid,1227524,1227525,1227534,1,9,10,completed,1
11698,Rigid,1227524,1227525,1227535,1,10,11,completed,1
11699,Rigid,1227524,1227525,1227534,1,9,10,completed,1
11700,Rigid,1227524,1227525,1227537,1,12,13,completed,1
11701,Rigid,1227524,1227525,1227535,1,10,11,completed,1
11702,Rigid,1227524,1227525,1227534,1,9,10,completed,1
11703,Rigid,1227524,1227525,1227537,1,12,13,completed,1
11704,Rigid,1227524,1227525,1227536,1,11,12,completed,1
11705,Rigid,1227524,1227525,1227535,1,10,11,completed,1
11706,Rigid,1227524,1227525,1227539,1,14,15,completed,1
11707,Rigid,1227524,1227525,1227534,1,9,10,completed,1
11708,Rigid,1227524,1227525,1227534,1,9,10,completed,1
11709,Rigid,1227524,1227525,1227534,1,9,10,completed,1
11710,Rigid,1227524,1227525,1227534,1,9,10,completed,1
11711,Rigid,1227524,1227525,1227535,1,10,11,completed,1
11712,Rigid,1227524,1227525,1227536,1,11,12,completed,1
11713,Rigid,1227524,1227525,1227539,1,14,15,completed,1
11714,Rigid,1227524,1227525,1227535,1,10,11,completed,1
11715,Rigid,1227524,1227525,1227535,1,10,11,completed,1
11716,Rigid,1227524,1227525,1227534,1,9,10,completed,1
11717,Rigid,1227524,1227525,1227534,1,9,10,completed,1
11718,Rigid,1227524,1227527,1227544,3,17,20,completed,1
11719,Rigid,1227524,1227527,1227537,3,10,13,completed,1
11720,Rigid,1227524,1227527,1227551,3,24,27,completed,1
11721,Rigid,1227524,1227527,1227537,3,10,13,completed,1
11722,Rigid,1227524,1227527,1227537,3,10,13,completed,1
11723,Rigid,1227524,1227527,1227539,3,12,15,completed,1
11724,Rigid,1227524,1227527,1227551,3,24,27,completed,1
11725,Rigid,1227524,1227527,1227550,3,23,26,completed,1
11726,Rigid,1227524,1227527,1227547,3,20,23,completed,1
11727,Rigid,1227524,1227527,1227539,3,12,15,completed,1
11728,Rigid,1227524,1227527,1227536,3,9,12,completed,1
11729,Rigid,1227524,1227527,1227552,3,25,28,completed,1
11730,Rigid,1227524,1227527,1227548,3,21,24,completed,1
11731,Rigid,1227524,1227527,1227551,3,24,27,completed,1
11732,Rigid,1227524,1227527,1227552,3,25,28,completed,1
11733,Rigid,1227524,1227527,1227540,3,13,16,completed,1
11734,Rigid,1227524,1227527,1227537,3,10,13,completed,1
11735,Rigid,1227524,1227527,1227537,3,10,13,completed,1
11736,Rigid,1227524,1227527,1227544,3,17,20,completed,1
11737,Rigid,1227524,1227527,1227545,3,18,21,completed,1
11738,Rigid,1227524,1227527,1227537,3,10,13,completed,1
11739,Rigid,1227524,1227527,1227552,3,25,28,completed,1
11740,Rigid,1227524,1227527,1227552,3,25,28,completed,1
11741,Rigid,1227524,1227527,1227540,3,13,16,completed,1
11742,Rigid,1227524,1227527,1227537,3,10,13,completed,1
11743,Rigid,1227524,1227527,1227537,3,10,13,completed,1
11744,Rigid,1227524,1227527,1227537,3,10,13,completed,1
11745,Rigid,1227524,1227527,1227540,3,13,16,completed,1
11746,Rigid,1227524,1227527,1227537,3,10,13,completed,1
11747,Rigid,1227524,1227527,1227543,3,16,19,completed,1
11748,Rigid,1227524,1227527,1227537,3,10,13,completed,1
11749,Rigid,1227524,1227527,1227537,3,10,13,completed,1
11750,Rigid,1227524,1227527,1227539,3,12,15,completed,1
11751,Rigid,1227524,1227527,1227545,3,18,21,completed,1
11752,Rigid,1227524,1227527,1227542,3,15,18,completed,1
11753,Rigid,1227524,1227527,1227539,3,12,15,completed,1
11754,Rigid,1227524,1227527,1227553,3,26,29,completed,1
11755,Rigid,1227524,1227527,1227547,3,20,23,completed,1
11756,Rigid,1227524,1227527,1227537,3,10,13,completed,1
11757,Rigid,1227524,1227527,1227552,3,25,28,completed,1
11758,Rigid,1227524,1227528,1227539,4,11,15,completed,1
11759,Rigid,1227524,1227528,1227549,4,21,25,completed,1
11760,Rigid,1227524,1227528,1227544,4,16,20,completed,1
11761,Rigid,1227524,1227528,1227549,4,21,25,completed,1
11762,Rigid,1227524,1227528,1227551,4,23,27,completed,1
11763,Rigid,1227524,1227528,1227546,4,18,22,completed,1
11764,Rigid,1227524,1227528,1227540,4,12,16,completed,1
11765,Rigid,1227524,1227528,1227550,4,22,26,completed,1
11766,Rigid,1227524,1227528,1227545,4,17,21,completed,1
11767,Rigid,1227524,1227528,1227545,4,17,21,completed,1
11768,Rigid,1227524,1227528,1227540,4,12,16,completed,1
11769,Rigid,1227524,1227528,1227539,4,11,15,completed,1
11770,Rigid,1227524,1227528,1227552,4,24,28,completed,1
11771,Rigid,1227524,1227528,1227545,4,17,21,completed,1
11772,Rigid,1227524,1227528,1227552,4,24,28,completed,1
11773,Rigid,1227524,1227528,1227547,4,19,23,completed,1
11774,Rigid,1227524,1227528,1227551,4,23,27,completed,1
11775,Rigid,1227524,1227528,1227539,4,11,15,completed,1
11776,Rigid,1227524,1227528,1227552,4,24,28,completed,1
11777,Rigid,1227524,1227528,1227544,4,16,20,completed,1
11778,Rigid,1227524,1227528,1227550,4,22,26,completed,1
11779,Rigid,1227524,1227528,1227549,4,21,25,completed,1
11780,Rigid,1227524,1227528,1227547,4,19,23,completed,1
11781,Rigid,1227524,1227528,1227540,4,12,16,completed,1
11782,Rigid,1227524,1227528,1227550,4,22,26,completed,1
11783,Rigid,1227524,1227528,1227549,4,21,25,completed,1
11784,Rigid,1227524,1227528,1227539,4,11,15,completed,1
11785,Rigid,1227524,1227528,1227545,4,17,21,completed,1
11786,Rigid,1227524,1227528,1227548,4,20,24,completed,1
11787,Rigid,1227524,1227528,1227545,4,17,21,completed,1
11788,Rigid,1227524,1227528,1227550,4,22,26,completed,1
11789,Rigid,1227524,1227528,1227552,4,24,28,completed,1
11790,Rigid,1227524,1227528,1227547,4,19,23,completed,1
11791,Rigid,1227524,1227528,1227547,4,19,23,completed,1
11792,Rigid,1227524,1227528,1227544,4,16,20,completed,1
11793,Rigid,1227524,1227528,1227544,4,16,20,completed,1
11794,Rigid,1227524,1227528,1227542,4,14,18,completed,1
11795,Rigid,1227524,1227528,1227548,4,20,24,completed,1
11796,Rigid,1227524,1227528,1227540,4,12,16,completed,1
11797,Rigid,1227524,1227528,1227540,4,12,16,completed,1
11798,Rigid,1227524,1227528,1227542,4,14,18,completed,1
11799,Rigid,1227524,1227528,1227553,4,25,29,completed,1
11800,Rigid,1227524,1227528,1227547,4,19,23,completed,1
11801,Rigid,1227524,1227528,1227542,4,14,18,completed,1
11802,Rigid,1227524,1227528,1227540,4,12,16,completed,1
11803,Rigid,1227524,1227528,1227543,4,15,19,completed,1
11804,Rigid,1227524,1227528,1227540,4,12,16,completed,1
11805,Rigid,1227524,1227528,1227549,4,21,25,completed,1
11806,Rigid,1227524,1227528,1227550,4,22,26,completed,1
11807,Rigid,1227524,1227528,1227553,4,25,29,completed,1
11808,Rigid,1227524,1227528,1227540,4,12,16,completed,1
11809,Rigid,1227524,1227528,1227550,4,22,26,completed,1
11810,Rigid,1227524,1227528,1227539,4,11,15,completed,1
11811,Rigid,1227524,1227528,1227544,4,16,20,completed,1
11812,Rigid,1227524,1227528,1227540,4,12,16,completed,1
11813,Rigid,1227524,1227528,1227552,4,24,28,completed,1
11814,Rigid,1227524,1227528,1227547,4,19,23,completed,1
11815,Rigid,1227524,1227528,1227551,4,23,27,completed,1
11816,Rigid,1227524,1227528,1227553,4,25,29,completed,1
11817,Rigid,1227524,1227528,1227540,4,12,16,completed,1
11818,Rigid,1227524,1227528,1227539,4,11,15,completed,1
11819,Rigid,1227524,1227528,1227546,4,18,22,completed,1
11820,Rigid,1227524,1227528,1227550,4,22,26,completed,1
11821,Rigid,1227524,1227528,1227544,4,16,20,completed,1
11822,Rigid,1227524,1227528,1227544,4,16,20,completed,1
11823,Rigid,1227524,1227528,1227547,4,19,23,completed,1
11824,Rigid,1227524,1227528,1227551,4,23,27,completed,1
11825,Rigid,1227524,1227528,1227541,4,13,17,completed,1
11826,Rigid,1227524,1227528,1227540,4,12,16,completed,1
11827,Rigid,1227524,1227528,1227544,4,16,20,completed,1
11828,Rigid,1227524,1227528,1227551,4,23,27,completed,1
11829,Rigid,1227524,1227528,1227553,4,25,29,completed,1
11830,Rigid,1227524,1227528,1227546,4,18,22,completed,1
11831,Rigid,1227524,1227528,1227545,4,17,21,completed,1
11832,Rigid,1227524,1227528,1227542,4,14,18,completed,1
11833,Rigid,1227524,1227528,1227550,4,22,26,completed,1
11834,Rigid,1227524,1227528,1227552,4,24,28,completed,1
11835,Rigid,1227524,1227528,1227548,4,20,24,completed,1
11836,Rigid,1227524,1227528,1227544,4,16,20,completed,1
11837,Rigid,1227524,1227528,1227545,4,17,21,completed,1
11838,Rigid,1227524,1227528,1227545,4,17,21,completed,1
11839,Rigid,1227524,1227528,1227549,4,21,25,completed,1
11840,Rigid,1227524,1227528,1227543,4,15,19,completed,1
11841,Rigid,1227524,1227528,1227541,4,13,17,completed,1
11842,Rigid,1227524,1227528,1227540,4,12,16,completed,1
11843,Rigid,1227524,1227528,1227549,4,21,25,completed,1
11844,Rigid,1227524,1227528,1227542,4,14,18,completed,1
11845,Rigid,1227524,1227528,1227543,4,15,19,completed,1
11846,Rigid,1227524,1227528,1227539,4,11,15,completed,1
11847,Rigid,1227524,1227528,1227553,4,25,29,completed,1
11848,Rigid,1227524,1227528,1227547,4,19,23,completed,1
11849,Rigid,1227524,1227528,1227548,4,20,24,completed,1
11850,Rigid,1227524,1227528,1227541,4,13,17,completed,1
11851,Rigid,1227524,1227528,1227546,4,18,22,completed,1
11852,Rigid,1227524,1227528,1227548,4,20,24,completed,1
11853,Rigid,1227524,1227528,1227540,4,12,16,completed,1
11854,Rigid,1227524,1227528,1227547,4,19,23,completed,1
11855,Rigid,1227524,1227528,1227547,4,19,23,completed,1
11856,Rigid,1227524,1227528,1227543,4,15,19,completed,1
11857,Rigid,1227524,1227528,1227547,4,19,23,completed,1
11858,Rigid,1227524,1227528,1227547,4,19,23,completed,1
11859,Rigid,1227524,1227528,1227553,4,25,29,completed,1
11860,Rigid,1227524,1227528,1227553,4,25,29,completed,1
11861,Rigid,1227524,1227528,1227548,4,20,24,completed,1
11862,Rigid,1227524,1227528,1227553,4,25,29,completed,1
11863,Rigid,1227524,1227537,1227548,13,11,24,completed,1
11864,Rigid,1227524,1227537,1227552,13,15,28,completed,1
11865,Rigid,1227524,1227537,1227549,13,12,25,completed,1
11866,Rigid,1227524,1227537,1227545,13,8,21,completed,1
11867,Rigid,1227524,1227537,1227553,13,16,29,completed,1
11868,Rigid,1227524,1227537,1227552,13,15,28,completed,1
11869,Rigid,1227524,1227537,1227550,13,13,26,completed,1
11870,Rigid,1227524,1227537,1227549,13,12,25,completed,1
11871,Rigid,1227524,1227537,1227548,13,11,24,completed,1
11872,Rigid,1227524,1227537,1227551,13,14,27,completed,1
11873,Rigid,1227524,1227537,1227551,13,14,27,completed,1
11874,Rigid,1227524,1227537,1227549,13,12,25,completed,1
11875,Rigid,1227524,1227537,1227551,13,14,27,completed,1
11876,Rigid,1227524,1227537,1227545,13,8,21,completed,1
11877,Rigid,1227524,1227537,1227549,13,12,25,completed,1
11878,Rigid,1227524,1227537,1227551,13,14,27,completed,1
11879,Rigid,1227524,1227537,1227550,13,13,26,completed,1
11880,Rigid,1227524,1227537,1227553,13,16,29,completed,1
11881,Rigid,1227524,1227537,1227549,13,12,25,completed,1
11882,Rigid,1227524,1227537,1227552,13,15,28,completed,1
11883,Rigid,1227524,1227537,1227553,13,16,29,completed,1
11884,Rigid,1227524,1227537,1227545,13,8,21,completed,1
11885,Rigid,1227524,1227537,1227549,13,12,25,completed,1
11886,Rigid,1227524,1227537,1227552,13,15,28,completed,1
11887,Rigid,1227524,1227537,1227545,13,8,21,completed,1
11888,Rigid,1227524,1227537,1227552,13,15,28,completed,1
11889,Rigid,1227524,1227537,1227546,13,9,22,completed,1
11890,Rigid,1227524,1227537,1227551,13,14,27,completed,1
11891,Rigid,1227524,1227537,1227545,13,8,21,completed,1
11892,Rigid,1227524,1227537,1227546,13,9,22,completed,1
11893,Rigid,1227524,1227537,1227545,13,8,21,completed,1
11894,Rigid,1227524,1227537,1227550,13,13,26,completed,1
11895,Rigid,1227524,1227537,1227550,13,13,26,completed,1
11896,Rigid,1227524,1227537,1227546,13,9,22,completed,1
11897,Rigid,1227524,1227537,1227547,13,10,23,completed,1
11898,Rigid,1227524,1227537,1227545,13,8,21,completed,1
11899,Rigid,1227524,1227537,1227553,13,16,29,completed,1
11900,Rigid,1227524,1227537,1227545,13,8,21,completed,1
11901,Rigid,1227524,1227537,1227548,13,11,24,completed,1
11902,Rigid,1227524,1227537,1227552,13,15,28,completed,1
11903,Rigid,1227524,1227537,1227549,13,12,25,completed,1
11904,Rigid,1227524,1227537,1227546,13,9,22,completed,1
11905,Rigid,1227524,1227537,1227552,13,15,28,completed,1
11906,Rigid,1227524,1227537,1227544,13,7,20,completed,1
11907,Rigid,1227524,1227537,1227548,13,11,24,completed,1
11908,Rigid,1227524,1227537,1227552,13,15,28,completed,1
11909,Rigid,1227524,1227537,1227553,13,16,29,completed,1
11910,Rigid,1227524,1227537,1227545,13,8,21,completed,1
11911,Rigid,1227524,1227537,1227549,13,12,25,completed,1
11912,Rigid,1227524,1227537,1227552,13,15,28,completed,1
11913,Rigid,1227524,1227537,1227551,13,14,27,completed,1
11914,Rigid,1227524,1227537,1227553,13,16,29,completed,1
11915,Rigid,1227524,1227537,1227548,13,11,24,completed,1
11916,Rigid,1227524,1227537,1227548,13,11,24,completed,1
11917,Rigid,1227524,1227537,1227550,13,13,26,completed,1
11918,Rigid,1227524,1227537,1227549,13,12,25,completed,1
11919,Rigid,1227524,1227537,1227552,13,15,28,completed,1
11920,Rigid,1227524,1227537,1227550,13,13,26,completed,1
11921,Rigid,1227524,1227537,1227552,13,15,28,completed,1
11922,Rigid,1227524,1227537,1227552,13,15,28,completed,1
11923,Rigid,1227524,1227537,1227552,13,15,28,completed,1
11924,Rigid,1227524,1227537,1227552,13,15,28,completed,1
11925,Rigid,1227524,1227537,1227549,13,12,25,completed,1
11926,Rigid,1227524,1227537,1227551,13,14,27,completed,1
11927,Rigid,1227524,1227537,1227550,13,13,26,completed,1
11928,Rigid,1227524,1227537,1227552,13,15,28,completed,1
11929,Rigid,1227524,1227537,1227547,13,10,23,completed,1
11930,Rigid,1227524,1227537,1227552,13,15,28,completed,1
11931,Rigid,1227524,1227537,1227550,13,13,26,completed,1
11932,Rigid,1227524,1227537,1227548,13,11,24,completed,1
11933,Rigid,1227524,1227537,1227552,13,15,28,completed,1
11934,Rigid,1227524,1227537,1227547,13,10,23,completed,1
11935,Rigid,1227524,1227537,1227547,13,10,23,completed,1
11936,Rigid,1227524,1227537,1227553,13,16,29,completed,1
11937,Rigid,1227524,1227537,1227549,13,12,25,completed,1
11938,Rigid,1227524,1227537,1227545,13,8,21,completed,1
11939,Rigid,1227524,1227537,1227552,13,15,28,completed,1
11940,Rigid,1227524,1227537,1227548,13,11,24,completed,1
11941,Rigid,1227524,1227537,1227552,13,15,28,completed,1
11942,Rigid,1227524,1227537,1227548,13,11,24,completed,1
11943,Rigid,1227524,1227537,1227552,13,15,28,completed,1
11944,Rigid,1227524,1227537,1227550,13,13,26,completed,1
11945,Rigid,1227524,1227537,1227547,13,10,23,completed,1
11946,Rigid,1227524,1227537,1227550,13,13,26,completed,1
11947,Rigid,1227524,1227537,1227547,13,10,23,completed,1
11948,Rigid,1227524,1227537,1227551,13,14,27,completed,1
11949,Rigid,1227524,1227537,1227553,13,16,29,completed,1
11950,Rigid,1227524,1227537,1227552,13,15,28,completed,1
11951,Rigid,1227524,1227537,1227548,13,11,24,completed,1
11952,Rigid,1227524,1227537,1227552,13,15,28,completed,1
11953,Rigid,1227524,1227537,1227553,13,16,29,completed,1
11954,Rigid,1227524,1227537,1227548,13,11,24,completed,1
11955,Rigid,1227524,1227537,1227552,13,15,28,completed,1
11956,Rigid,1227524,1227537,1227552,13,15,28,completed,1
11957,Rigid,1227524,1227538,1227546,14,8,22,completed,1
11958,Rigid,1227524,1227538,1227544,14,6,20,completed,1
11959,Rigid,1227524,1227538,1227552,14,14,28,completed,1
11960,Rigid,1227524,1227538,1227552,14,14,28,completed,1
11961,Rigid,1227524,1227538,1227552,14,14,28,completed,1
11962,Rigid,1227524,1227538,1227547,14,9,23,completed,1
11963,Rigid,1227524,1227538,1227552,14,14,28,completed,1
11964,Rigid,1227524,1227538,1227549,14,11,25,completed,1
11965,Rigid,1227524,1227538,1227551,14,13,27,completed,1
11966,Rigid,1227524,1227538,1227547,14,9,23,completed,1
11967,Rigid,1227524,1227538,1227546,14,8,22,completed,1
11968,Rigid,1227524,1227538,1227552,14,14,28,completed,1
11969,Rigid,1227524,1227538,1227549,14,11,25,completed,1
11970,Rigid,1227524,1227538,1227553,14,15,29,completed,1
11971,Rigid,1227524,1227538,1227553,14,15,29,completed,1
11972,Rigid,1227524,1227538,1227553,14,15,29,completed,1
11973,Rigid,1227524,1227538,1227548,14,10,24,completed,1
11974,Rigid,1227524,1227538,1227548,14,10,24,completed,1
11975,Rigid,1227524,1227538,1227553,14,15,29,completed,1
11976,Rigid,1227524,1227538,1227544,14,6,20,completed,1
11977,Rigid,1227524,1227538,1227547,14,9,23,completed,1
11978,Rigid,1227524,1227538,1227546,14,8,22,completed,1
11979,Rigid,1227524,1227538,1227547,14,9,23,completed,1
11980,Rigid,1227524,1227538,1227546,14,8,22,completed,1
11981,Rigid,1227524,1227538,1227551,14,13,27,completed,1
11982,Rigid,1227524,1227538,1227551,14,13,27,completed,1
11983,Rigid,1227524,1227538,1227551,14,13,27,completed,1
11984,Rigid,1227524,1227538,1227550,14,12,26,completed,1
11985,Rigid,1227524,1227538,1227549,14,11,25,completed,1
11986,Rigid,1227524,1227538,1227551,14,13,27,completed,1
11987,Rigid,1227524,1227538,1227550,14,12,26,completed,1
11988,Rigid,1227524,1227538,1227552,14,14,28,completed,1
11989,Rigid,1227524,1227538,1227553,14,15,29,completed,1
11990,Rigid,1227524,1227538,1227552,14,14,28,completed,1
11991,Rigid,1227524,1227538,1227547,14,9,23,completed,1
11992,Rigid,1227524,1227538,1227547,14,9,23,completed,1
11993,Rigid,1227524,1227538,1227547,14,9,23,completed,1
11994,Rigid,1227524,1227538,1227547,14,9,23,completed,1
11995,Rigid,1227524,1227538,1227550,14,12,26,completed,1
11996,Rigid,1227524,1227538,1227553,14,15,29,completed,1
11997,Rigid,1227524,1227538,1227553,14,15,29,completed,1
11998,Rigid,1227524,1227538,1227547,14,9,23,completed,1
11999,Rigid,1227524,1227538,1227551,14,13,27,completed,1
12000,Rigid,1227524,1227538,1227551,14,13,27,completed,1
12001,Rigid,1227524,1227538,1227549,14,11,25,completed,1
12002,Rigid,1227524,1227538,1227552,14,14,28,completed,1
12003,Rigid,1227524,1227538,1227552,14,14,28,completed,1
12004,Rigid,1227524,1227538,1227550,14,12,26,completed,1
12005,Rigid,1227524,1227538,1227552,14,14,28,completed,1
12006,Rigid,1227524,1227538,1227552,14,14,28,completed,1
12007,Rigid,1227524,1227538,1227553,14,15,29,completed,1
12008,Rigid,1227524,1227538,1227549,14,11,25,completed,1
12009,Rigid,1227524,1227538,1227554,14,16,30,completed,1
12010,Rigid,1227524,1227538,1227547,14,9,23,completed,1
12011,Rigid,1227524,1227538,1227551,14,13,27,completed,1
12012,Rigid,1227524,1227538,1227551,14,13,27,completed,1
12013,Rigid,1227524,1227538,1227548,14,10,24,completed,1
12014,Rigid,1227524,1227538,1227547,14,9,23,completed,1
12015,Rigid,1227524,1227538,1227551,14,13,27,completed,1
12016,Rigid,1227524,1227538,1227550,14,12,26,completed,1
12017,Rigid,1227524,1227538,1227546,14,8,22,completed,1
12018,Rigid,1227524,1227538,1227549,14,11,25,completed,1
12019,Rigid,1227524,1227538,1227552,14,14,28,completed,1
12020,Rigid,1227524,1227538,1227546,14,8,22,completed,1
12021,Rigid,1227524,1227538,1227552,14,14,28,completed,1
12022,Rigid,1227524,1227538,1227550,14,12,26,completed,1
12023,Rigid,1227524,1227538,1227548,14,10,24,completed,1
12024,Rigid,1227524,1227538,1227551,14,13,27,completed,1
12025,Rigid,1227524,1227538,1227552,14,14,28,completed,1
12026,Rigid,1227524,1227538,1227552,14,14,28,completed,1
12027,Rigid,1227524,1227538,1227550,14,12,26,completed,1
12028,Rigid,1227524,1227538,1227546,14,8,22,completed,1
12029,Rigid,1227524,1227538,1227548,14,10,24,completed,1
12030,Rigid,1227524,1227538,1227551,14,13,27,completed,1
12031,Rigid,1227524,1227538,1227550,14,12,26,completed,1
12032,Rigid,1227524,1227538,1227552,14,14,28,completed,1
12033,Rigid,1227524,1227538,1227553,14,15,29,completed,1
12034,Rigid,1227524,1227538,1227552,14,14,28,completed,1
12035,Rigid,1227524,1227538,1227547,14,9,23,completed,1
12036,Rigid,1227524,1227538,1227547,14,9,23,completed,1
12037,Rigid,1227524,1227538,1227552,14,14,28,completed,1
12038,Rigid,1227524,1227538,1227548,14,10,24,completed,1
12039,Rigid,1227524,1227538,1227553,14,15,29,completed,1
12040,Rigid,1227524,1227538,1227549,14,11,25,completed,1
12041,Rigid,1227524,1227538,1227551,14,13,27,completed,1
12042,Rigid,1227524,1227538,1227552,14,14,28,completed,1
12043,Rigid,1227524,1227538,1227553,14,15,29,completed,1
12044,Rigid,1227524,1227538,1227552,14,14,28,completed,1
12045,Rigid,1227524,1227538,1227547,14,9,23,completed,1
12046,Rigid,1227524,1227538,1227552,14,14,28,completed,1
12047,Rigid,1227524,1227538,1227550,14,12,26,completed,1
12048,Rigid,1227524,1227538,1227553,14,15,29,completed,1
12049,Rigid,1227524,1227538,1227550,14,12,26,completed,1
12050,Rigid,1227524,1227538,1227549,14,11,25,completed,1
12051,Rigid,1227524,1227548,1227551,24,3,27,completed,1
12052,Rigid,1227524,1227548,1227552,24,4,28,completed,1
12053,Rigid,1227524,1227548,1227552,24,4,28,completed,1
12054,Rigid,1227524,1227548,1227552,24,4,28,completed,1
12055,Rigid,1227524,1227551,1227552,27,1,28,completed,1
12056,Rigid,1227524,1227552,1227554,28,2,30,completed,1
12057,Rigid,1227524,1227552,1227554,28,2,30,completed,1
12058,Rigid,1227524,1227552,1227554,28,2,30,completed,1
12059,Rigid,1227524,1227552,1227554,28,2,30,completed,1
12060,Rigid,1227524,1227553,1227556,29,3,32,completed,1
12061,Rigid,1227524,1227553,1227557,29,4,33,completed,1
12062,Rigid,1227524,1227553,1227556,29,3,32,completed,1
12063,Rigid,1227524,1227553,1227556,29,3,32,completed,1
12064,Rigid,1227524,1227553,1227555,29,2,31,completed,1
12065,Rigid,1227524,1227553,1227556,29,3,32,completed,1
12066,Rigid,1227524,1227553,1227557,29,4,33,completed,1
12067,Rigid,1227524,1227553,1227557,29,4,33,completed,1
12068,Rigid,1227524,1227553,1227556,29,3,32,completed,1
12069,Rigid,1227524,1227553,1227557,29,4,33,completed,1
12070,Rigid,1227524,1227553,1227558,29,5,34,completed,1
12071,Rigid,1227524,1227553,1227557,29,4,33,completed,1
12072,Rigid,1227524,1227553,1227557,29,4,33,completed,1
12073,Rigid,1227524,1227553,1227556,29,3,32,completed,1
12074,Rigid,1227524,1227553,1227557,29,4,33,completed,1
12075,Rigid,1227524,1227553,1227557,29,4,33,completed,1
12076,Rigid,1227524,1227553,1227556,29,3,32,completed,1
12077,Rigid,1227524,1227553,1227556,29,3,32,completed,1
12078,Rigid,1227524,1227553,1227556,29,3,32,completed,1
12079,Rigid,1227524,1227553,1227557,29,4,33,completed,1
12080,Rigid,1227524,1227553,1227557,29,4,33,completed,1
12081,Rigid,1227524,1227553,1227557,29,4,33,completed,1
12082,Rigid,1227524,1227553,1227557,29,4,33,completed,1
12083,Rigid,1227524,1227553,1227557,29,4,33,completed,1
12084,Rigid,1227524,1227553,1227557,29,4,33,completed,1
12085,Rigid,1227524,1227553,1227556,29,3,32,completed,1
12086,Rigid,1227524,1227553,1227557,29,4,33,completed,1
12087,Rigid,1227524,1227554,1227558,30,4,34,completed,1
12088,Rigid,1227524,1227554,1227558,30,4,34,completed,1
12089,Rigid,1227524,1227554,1227558,30,4,34,completed,1
12090,Rigid,1227524,1227554,1227558,30,4,34,completed,1
12091,Rigid,1227524,1227554,1227558,30,4,34,completed,1
12092,Rigid,1227524,1227554,1227558,30,4,34,completed,1
12093,Rigid,1227524,1227554,1227558,30,4,34,completed,1
12094,Rigid,1227524,1227554,1227558,30,4,34,completed,1
12095,Rigid,1227524,1227554,1227558,30,4,34,completed,1
12096,Rigid,1227524,1227554,1227558,30,4,34,completed,1
12097,Rigid,1227524,1227554,1227558,30,4,34,completed,1
12098,Rigid,1227524,1227554,1227558,30,4,34,completed,1
12099,Rigid,1227524,1227554,1227558,30,4,34,completed,1
12100,Rigid,1227524,1227554,1227558,30,4,34,completed,1
12101,Rigid,1227524,1227554,1227558,30,4,34,completed,1
12102,Rigid,1227524,1227554,1227558,30,4,34,completed,1
12103,Rigid,1227524,1227554,1227558,30,4,34,completed,1
12104,Rigid,1227524,1227554,1227558,30,4,34,completed,1
12105,Rigid,1227524,1227554,1227558,30,4,34,completed,1
12106,Rigid,1227524,1227554,1227558,30,4,34,completed,1
12107,Rigid,1227524,1227554,1227558,30,4,34,completed,1
12108,Rigid,1227524,1227554,1227558,30,4,34,completed,1
12109,Rigid,1227524,1227554,1227558,30,4,34,completed,1
12110,Rigid,1227524,1227554,1227558,30,4,34,completed,1
12111,Rigid,1227524,1227554,1227558,30,4,34,completed,1
12112,Rigid,1227524,1227554,1227558,30,4,34,completed,1
12113,Rigid,1227524,1227554,1227558,30,4,34,completed,1
12114,Rigid,1227524,1227554,1227558,30,4,34,completed,1
12115,Rigid,1227524,1227554,1227558,30,4,34,completed,1
12116,Rigid,1227524,1227554,1227558,30,4,34,completed,1
12117,Rigid,1227524,1227554,1227558,30,4,34,completed,1
12118,Rigid,1227524,1227554,1227558,30,4,34,completed,1
12119,Rigid,1227524,1227554,1227558,30,4,34,completed,1
12120,Rigid,1227524,1227554,1227558,30,4,34,completed,1
12121,Rigid,1227524,1227554,1227558,30,4,34,completed,1
12122,Rigid,1227524,1227554,1227558,30,4,34,completed,1
12123,Rigid,1227524,1227555,1227558,31,3,34,completed,1
12124,Rigid,1227524,1227555,1227558,31,3,34,completed,1
12125,Rigid,1227524,1227555,1227558,31,3,34,completed,1
12126,Rigid,1227524,1227555,1227558,31,3,34,completed,1
12127,Rigid,1227524,1227555,1227558,31,3,34,completed,1
12128,Rigid,1227524,1227555,1227558,31,3,34,completed,1
12129,Rigid,1227524,1227555,1227558,31,3,34,completed,1
12130,Rigid,1227524,1227555,1227558,31,3,34,completed,1
12131,Rigid,1227524,1227555,1227558,31,3,34,completed,1
12132,Rigid,1227524,1227555,1227558,31,3,34,completed,1
12133,Rigid,1227524,1227555,1227558,31,3,34,completed,1
12134,Rigid,1227524,1227555,1227558,31,3,34,completed,1
12135,Rigid,1227524,1227555,1227558,31,3,34,completed,1
12136,Rigid,1227524,1227555,1227558,31,3,34,completed,1
12137,Rigid,1227524,1227555,1227558,31,3,34,completed,1
12138,Rigid,1227524,1227555,1227558,31,3,34,completed,1
12139,Rigid,1227524,1227555,1227558,31,3,34,completed,1
12140,Rigid,1227524,1227555,1227558,31,3,34,completed,1
12141,Rigid,1227524,1227555,1227558,31,3,34,completed,1
12142,Rigid,1227524,1227555,1227558,31,3,34,completed,1
12143,Rigid,1227524,1227555,1227558,31,3,34,completed,1
12144,Rigid,1227524,1227555,1227558,31,3,34,completed,1
12145,Rigid,1227524,1227555,1227558,31,3,34,completed,1
12146,Rigid,1227524,1227555,1227558,31,3,34,completed,1
12147,Rigid,1227524,1227555,1227558,31,3,34,completed,1
12148,Rigid,1227524,1227555,1227558,31,3,34,completed,1
12149,Rigid,1227524,1227555,1227558,31,3,34,completed,1
12150,Rigid,1227524,1227555,1227558,31,3,34,completed,1
12151,Rigid,1227524,1227555,1227558,31,3,34,completed,1
12152,Rigid,1227524,1227555,1227558,31,3,34,completed,1
12153,Rigid,1227524,1227555,1227558,31,3,34,completed,1
12154,Rigid,1227524,1227555,1227558,31,3,34,completed,1
12155,Rigid,1227524,1227555,1227558,31,3,34,completed,1
12156,Rigid,1227524,1227555,1227558,31,3,34,completed,1
12157,Rigid,1227524,1227555,1227569,31,14,45,completed,1
12158,Rigid,1227551,1227900,1228103,349,203,552,completed,144
12159,Rigid,1227957,1227958,1227974,1,16,17,completed,6
12160,Rigid,1228091,1228092,1228393,1,301,302,completed,6
12161,Rigid,1228234,1228235,1228253,1,18,19,completed,72
12162,Rigid,1228541,1228566,1228930,25,364,389,completed,36
12163,Rigid,1228594,1228603,1228606,9,3,12,completed,36
12164,Rigid,1228609,1228943,1228958,334,15,349,completed,72
12165,Rigid,1228708,1228708,1228728,0,20,20,completed,36
12166,Rigid,1228965,1229004,1229021,39,17,56,completed,36
12167,Rigid,1228989,1229022,1229031,33,9,42,completed,72
12168,Rigid,1229304,1229305,1270207,1,40902,40903,completed,8
12169,Rigid,1229467,1230142,1230815,675,673,1348,completed,144
12170,Rigid,1230904,1230926,1232374,22,1448,1470,completed,396
12171,Rigid,1231015,1231015,1232053,0,1038,1038,completed,18
12172,Rigid,1231131,1231566,1231989,435,423,858,completed,144
12173,Rigid,1231301,1231309,1248198,8,16889,16897,completed,18
12174,Rigid,1232272,1232380,1232557,108,177,285,completed,144
12175,Rigid,1232323,1232348,1234308,25,1960,1985,completed,18
12176,Rigid,1232324,1232559,1233856,235,1297,1532,completed,396
12177,Rigid,1233023,1233023,1240453,0,7430,7430,completed,8
12178,Rigid,1233023,1233023,1247750,0,14727,14727,completed,9
12179,Rigid,1233223,1233223,1233357,0,134,134,completed,36
12180,Rigid,1233278,1233279,1235321,1,2042,2043,completed,6
12181,Rigid,1233528,1233784,1235379,256,1595,1851,completed,144
12182,Rigid,1233617,1233646,1235237,29,1591,1620,completed,4
12183,Rigid,1233687,1233706,1238898,19,5192,5211,completed,16
12184,Rigid,1233693,1233706,1242561,13,8855,8868,completed,16
12185,Rigid,1233701,1233793,1254841,92,21048,21140,completed,72
12186,Rigid,1233787,1233798,1237331,11,3533,3544,completed,18
12187,Rigid,1233843,1233862,1248282,19,14420,14439,completed,396
12188,Rigid,1234180,1234413,1240034,233,5621,5854,completed,72
12189,Rigid,1234269,1234305,1234412,36,107,143,completed,144
12190,Rigid,1234509,1234529,1236227,20,1698,1718,completed,18
12191,Rigid,1235432,1235432,1337690,0,102258,102258,completed,36
12192,Rigid,1235478,1237604,1237621,2126,17,2143,completed,144
12193,Rigid,1235483,1235485,1236824,2,1339,1341,completed,6
12194,Rigid,1235917,1236789,1238416,872,1627,2499,completed,144
12195,Rigid,1237009,1237020,1237405,11,385,396,completed,36
12196,Rigid,1237030,1237039,1237155,9,116,125,completed,36
12197,Rigid,1237051,1237052,1237969,1,917,918,completed,6
12198,Rigid,1237271,1237623,1238976,352,1353,1705,completed,144
12199,Rigid,1237415,1237429,1238265,14,836,850,completed,18
12200,Rigid,1238093,1238093,1239448,0,1355,1355,completed,6
12201,Rigid,1238270,1238279,1240417,9,2138,2147,completed,18
12202,Rigid,1238492,1238978,1239079,486,101,587,completed,144
12203,Rigid,1238522,1238552,1238560,30,8,38,completed,16
12204,Rigid,1238578,1239081,1243804,503,4723,5226,completed,144
12205,Rigid,1238583,1240468,1245214,1885,4746,6631,completed,144
12206,Rigid,1238588,1243805,1248531,5217,4726,9943,completed,144
12207,Rigid,1238612,1238613,1238616,1,3,4,completed,16
12208,Rigid,1238647,1238674,1244836,27,6162,6189,completed,16
12209,Rigid,1238725,1238735,1242825,10,4090,4100,completed,16
12210,Rigid,1239879,1239879,1240384,0,505,505,completed,10
12211,Rigid,1240870,1248288,1248492,7418,204,7622,completed,36
12212,Rigid,1240907,1240907,1240910,0,3,3,completed,32
12213,Rigid,1241002,1241003,1241005,1,2,3,completed,32
12214,Rigid,1241309,1241310,1241311,1,1,2,completed,1
12215,Rigid,1241518,1241519,1241550,1,31,32,completed,1
12216,Rigid,1242569,1242573,1242595,4,22,26,completed,16
12217,Rigid,1242600,1242603,1242634,3,31,34,completed,16
12218,Rigid,1242780,1242781,1242784,1,3,4,completed,32
12219,Rigid,1242969,1242970,1246896,1,3926,3927,completed,16
12220,Rigid,1243442,1243443,1243545,1,102,103,completed,1
12221,Rigid,1243464,1243485,1246105,21,2620,2641,completed,18
12222,Rigid,1243468,1243470,1244522,2,1052,1054,completed,6
12223,Rigid,1243570,1243571,1243572,1,1,2,completed,1
12224,Rigid,1243812,1243812,1243813,0,1,1,completed,1
12225,Rigid,1243889,1243890,1243893,1,3,4,completed,32
12226,Rigid,1244002,1244003,1244005,1,2,3,completed,1
12227,Rigid,1244032,1244033,1244416,1,383,384,completed,1
12228,Rigid,1245019,1245020,1245029,1,9,10,completed,32
12229,Rigid,1245080,1245081,1245523,1,442,443,completed,10
12230,Rigid,1245387,1245387,1245396,0,9,9,completed,32
12231,Rigid,1245790,1245791,1246586,1,795,796,completed,6
12232,Rigid,1246803,1246804,1247706,1,902,903,completed,10
12233,Rigid,1247693,1247694,1249644,1,1950,1951,completed,6
12234,Rigid,1247714,1247739,1248443,25,704,729,completed,36
12235,Rigid,1247735,1247949,1248167,214,218,432,completed,36
12236,Rigid,1248189,1248212,1249201,23,989,1012,completed,18
12237,Rigid,1248405,1248405,1248415,0,10,10,completed,1
12238,Rigid,1248435,1248435,1248436,0,1,1,completed,1
12239,Rigid,1248435,1248435,1248441,0,6,6,completed,1
12240,Rigid,1248435,1248435,1248436,0,1,1,completed,1
12241,Rigid,1248435,1248435,1248441,0,6,6,completed,1
12242,Rigid,1248435,1248435,1248452,0,17,17,completed,1
12243,Rigid,1249044,1249044,1249209,0,165,165,completed,144
12244,Rigid,1249193,1249194,1249798,1,604,605,completed,18
12245,Rigid,1249436,1249437,1249790,1,353,354,completed,36
12246,Rigid,1249478,1249478,1249790,0,312,312,completed,36
12247,Rigid,1249741,1249741,1250295,0,554,554,completed,18
12248,Rigid,1249958,1249958,1250295,0,337,337,completed,36
12249,Rigid,1250015,1250015,1250295,0,280,280,completed,36
12250,Rigid,1250301,1250302,1260233,1,9931,9932,completed,18
12251,Rigid,1250464,1250464,1252047,0,1583,1583,completed,36
12252,Rigid,1250524,1250524,1254610,0,4086,4086,completed,36
12253,Rigid,1250558,1250560,1250639,2,79,81,completed,144
12254,Rigid,1250676,1250677,1266749,1,16072,16073,completed,144
12255,Rigid,1251303,1251303,1251433,0,130,130,completed,36
12256,Rigid,1251455,1251456,1251544,1,88,89,completed,36
12257,Rigid,1251609,1251610,1251677,1,67,68,completed,36
12258,Rigid,1251828,1251828,1251899,0,71,71,completed,36
12259,Rigid,1251940,1251940,1252006,0,66,66,completed,36
12260,Rigid,1252152,1252153,1252214,1,61,62,completed,36
12261,Rigid,1252335,1252335,1252405,0,70,70,completed,36
12262,Rigid,1252419,1252419,1252648,0,229,229,completed,36
12263,Rigid,1253414,1253415,1255852,1,2437,2438,completed,144
12264,Rigid,1253420,1253420,1255853,0,2433,2433,completed,144
12265,Rigid,1253425,1253425,1255783,0,2358,2358,completed,144
12266,Rigid,1254683,1254684,1254712,1,28,29,completed,36
12267,Rigid,1254768,1254768,1284422,0,29654,29654,completed,36
12268,Rigid,1255037,1255038,1260233,1,5195,5196,completed,36
12269,Rigid,1255707,1255708,1265765,1,10057,10058,completed,72
12270,Rigid,1256514,1256514,1256737,0,223,223,completed,144
12271,Rigid,1257207,1257208,1263589,1,6381,6382,completed,18
12272,Rigid,1257687,1257687,1260429,0,2742,2742,completed,36
12273,Rigid,1257818,1257819,1261153,1,3334,3335,completed,36
12274,Rigid,1258019,1258019,1260880,0,2861,2861,completed,36
12275,Rigid,1258160,1258161,1260628,1,2467,2468,completed,36
12276,Rigid,1258308,1258309,1260848,1,2539,2540,completed,36
12277,Rigid,1258425,1258425,1262931,0,4506,4506,completed,36
12278,Rigid,1258431,1258431,1258601,0,170,170,completed,144
12279,Rigid,1258589,1258589,1261472,0,2883,2883,completed,36
12280,Rigid,1258712,1258712,1261600,0,2888,2888,completed,36
12281,Rigid,1258884,1258885,1261541,1,2656,2657,completed,36
12282,Rigid,1259017,1259017,1261414,0,2397,2397,completed,36
12283,Rigid,1259925,1259926,1259953,1,27,28,completed,144
12284,Rigid,1259931,1259932,1260425,1,493,494,completed,144
12285,Rigid,1259937,1259937,1260430,0,493,493,completed,144
12286,Rigid,1260018,1260019,1295866,1,35847,35848,completed,18
12287,Rigid,1260527,1260528,1263419,1,2891,2892,completed,36
12288,Rigid,1260664,1260665,1264095,1,3430,3431,completed,36
12289,Rigid,1260842,1260843,1265708,1,4865,4866,completed,144
12290,Rigid,1260848,1260848,1265708,0,4860,4860,completed,144
12291,Rigid,1260854,1260854,1265711,0,4857,4857,completed,144
12292,Rigid,1260868,1260869,1263780,1,2911,2912,completed,36
12293,Rigid,1261017,1261018,1264299,1,3281,3282,completed,36
12294,Rigid,1261169,1261169,1263762,0,2593,2593,completed,36
12295,Rigid,1261288,1261289,1265743,1,4454,4455,completed,36
12296,Rigid,1261453,1261454,1264611,1,3157,3158,completed,36
12297,Rigid,1261583,1261584,1265785,1,4201,4202,completed,36
12298,Rigid,1261761,1261761,1264437,0,2676,2676,completed,36
12299,Rigid,1264169,1264169,1295866,0,31697,31697,completed,18
12300,Rigid,1264204,1264205,1264208,1,3,4,completed,18
12301,Rigid,1265068,1265069,1295866,1,30797,30798,completed,36
12302,Rigid,1266369,1266369,1436135,0,169766,169766,completed,144
12303,Rigid,1266579,1266579,1295866,0,29287,29287,completed,72
12304,Rigid,1266995,1266995,1267014,0,19,19,completed,144
12305,Rigid,1267274,1267275,1433021,1,165746,165747,completed,144
12306,Rigid,1267374,1267375,1433698,1,166323,166324,completed,144
12307,Rigid,1270056,1270056,1436225,0,166169,166169,completed,144
12308,Rigid,1271390,1271391,1433923,1,162532,162533,completed,144
12309,Rigid,1277891,1277892,1277945,1,53,54,completed,36
12310,Rigid,1277989,1277989,1281754,0,3765,3765,completed,36
12311,Rigid,1283601,1283602,1283653,1,51,52,completed,4
12312,Rigid,1283754,1283755,1313813,1,30058,30059,completed,4
12313,Rigid,1289060,1289060,1350239,0,61179,61179,completed,1
12314,Rigid,1289060,1289060,1349139,0,60079,60079,completed,1
12315,Rigid,1290038,1290038,1363184,0,73146,73146,completed,1
12316,Rigid,1291248,1291250,1464078,2,172828,172830,completed,576
12317,Rigid,1291270,1291270,1305131,0,13861,13861,completed,1
12318,Rigid,1291270,1291271,1304560,1,13289,13290,completed,1
12319,Rigid,1291271,1291271,1305215,0,13944,13944,completed,1
12320,Rigid,1291272,1291274,1304760,2,13486,13488,completed,1
12321,Rigid,1291272,1291274,1304620,2,13346,13348,completed,1
12322,Rigid,1291273,1291274,1304283,1,13009,13010,completed,1
12323,Rigid,1291274,1291274,1305605,0,14331,14331,completed,1
12324,Rigid,1291275,1291278,1303030,3,11752,11755,completed,1
12325,Rigid,1291275,1291278,1302602,3,11324,11327,completed,1
12326,Rigid,1291276,1291278,1303076,2,11798,11800,completed,1
12327,Rigid,1291277,1291278,1303036,1,11758,11759,completed,1
12328,Rigid,1291277,1291278,1302862,1,11584,11585,completed,1
12329,Rigid,1291278,1291278,1305047,0,13769,13769,completed,1
12330,Rigid,1291279,1291282,1305114,3,13832,13835,completed,1
12331,Rigid,1291280,1291282,1304426,2,13144,13146,completed,1
12332,Rigid,1291280,1291282,1304936,2,13654,13656,completed,1
12333,Rigid,1291281,1291282,1304822,1,13540,13541,completed,1
12334,Rigid,1291282,1291282,1305477,0,14195,14195,completed,1
12335,Rigid,1291282,1291282,1305466,0,14184,14184,completed,1
12336,Rigid,1291283,1291286,1306215,3,14929,14932,completed,1
12337,Rigid,1291298,1291298,1464108,0,172810,172810,completed,576
12338,Rigid,1292647,1292648,1306001,1,13353,13354,completed,1
12339,Rigid,1292648,1292652,1306770,4,14118,14122,completed,1
12340,Rigid,1293103,1293103,1293124,0,21,21,completed,1
12341,Rigid,1293133,1293133,1299307,0,6174,6174,completed,9
12342,Rigid,1293458,1293459,1309409,1,15950,15951,completed,1
12343,Rigid,1293459,1293463,1309235,4,15772,15776,completed,1
12344,Rigid,1293460,1293463,1307737,3,14274,14277,completed,1
12345,Rigid,1293461,1293463,1308523,2,15060,15062,completed,1
12346,Rigid,1293461,1293463,1309250,2,15787,15789,completed,1
12347,Rigid,1293462,1293463,1311417,1,17954,17955,completed,1
12348,Rigid,1293463,1293466,1304775,3,11309,11312,completed,1
12349,Rigid,1293464,1293466,1320650,2,27184,27186,completed,1
12350,Rigid,1293464,1293466,1314443,2,20977,20979,completed,1
12351,Rigid,1293465,1293466,1309797,1,16331,16332,completed,1
12352,Rigid,1293466,1293470,1315679,4,22209,22213,completed,1
12353,Rigid,1293467,1293470,1309612,3,16142,16145,completed,1
12354,Rigid,1293467,1293470,1458411,3,164941,164944,completed,1
12355,Rigid,1293468,1293470,1315789,2,22319,22321,completed,1
12356,Rigid,1293469,1293470,1458411,1,164941,164942,completed,1
12357,Rigid,1293469,1293470,1458411,1,164941,164942,completed,1
12358,Rigid,1293470,1293474,1310937,4,17463,17467,completed,1
12359,Rigid,1294143,1497963,1839596,203820,341633,545453,completed,2
12360,Rigid,1294143,1521093,1864812,226950,343719,570669,completed,2
12361,Rigid,1294143,1539502,1871486,245359,331984,577343,completed,2
12362,Rigid,1294143,1539876,1897983,245733,358107,603840,completed,2
12363,Rigid,1294143,1642177,1984543,348034,342366,690400,completed,2
12364,Rigid,1294143,1839598,2230290,545455,390692,936147,completed,2
12365,Rigid,1294143,1864813,2242203,570670,377390,948060,completed,2
12366,Rigid,1294143,1871487,2226765,577344,355278,932622,completed,2
12367,Rigid,1294143,1897388,2253546,603245,356158,959403,completed,2
12368,Rigid,1294143,1897388,2285468,603245,388080,991325,completed,2
12369,Rigid,1294143,2226769,2614728,932626,387959,1320585,completed,2
12370,Rigid,1294143,2230291,2595097,936148,364806,1300954,completed,2
12371,Rigid,1294143,2242205,2590629,948062,348424,1296486,completed,2
12372,Rigid,1294143,2253548,2629324,959405,375776,1335181,completed,2
12373,Rigid,1294143,2285469,2667856,991326,382387,1373713,completed,2
12374,Rigid,1294185,1294185,1296865,0,2680,2680,completed,36
12375,Rigid,1294263,1294264,1524479,1,230215,230216,completed,36
12376,Rigid,1294271,1294271,1294491,0,220,220,completed,144
12377,Rigid,1294379,1294380,1447689,1,153309,153310,completed,36
12378,Rigid,1294440,1294441,1412803,1,118362,118363,completed,36
12379,Rigid,1294478,1294478,1467539,0,173061,173061,completed,36
12380,Rigid,1294514,1294514,1454580,0,160066,160066,completed,36
12381,Rigid,1294550,1294550,1447317,0,152767,152767,completed,36
12382,Rigid,1294581,1294582,1566936,1,272354,272355,completed,36
12383,Rigid,1294608,1294610,1460158,2,165548,165550,completed,36
12384,Rigid,1295442,1295442,1297211,0,1769,1769,completed,144
12385,Rigid,1295515,1295516,1295695,1,179,180,completed,1
12386,Rigid,1295515,1295516,1296137,1,621,622,completed,6
12387,Rigid,1295692,1295693,1295815,1,122,123,completed,36
12388,Rigid,1295761,1295761,1295767,0,6,6,completed,2
12389,Rigid,1295858,1295859,1295967,1,108,109,completed,36
12390,Rigid,1295869,1295870,1295990,1,120,121,completed,144
12391,Rigid,1295874,1295874,1297941,0,2067,2067,completed,18
12392,Rigid,1296073,1296073,1296268,0,195,195,completed,144
12393,Rigid,1296136,1296136,1296211,0,75,75,completed,36
12394,Rigid,1296228,1296230,1296407,2,177,179,completed,36
12395,Rigid,1296370,1296371,1297914,1,1543,1544,completed,36
12396,Rigid,1296372,1296375,1296627,3,252,255,completed,36
12397,Rigid,1296372,1296375,1297040,3,665,668,completed,36
12398,Rigid,1296372,1296375,1297134,3,759,762,completed,36
12399,Rigid,1296372,1296375,1297610,3,1235,1238,completed,36
12400,Rigid,1296372,1296375,1296609,3,234,237,completed,36
12401,Rigid,1296372,1296375,1382792,3,86417,86420,completed,36
12402,Rigid,1296372,1296375,1296449,3,74,77,completed,36
12403,Rigid,1296372,1296375,1296561,3,186,189,completed,36
12404,Rigid,1296372,1296375,1297330,3,955,958,completed,36
12405,Rigid,1296373,1296375,1305797,2,9422,9424,completed,36
12406,Rigid,1296373,1296375,1296745,2,370,372,completed,36
12407,Rigid,1296373,1296375,1297033,2,658,660,completed,36
12408,Rigid,1296373,1296375,1303401,2,7026,7028,completed,36
12409,Rigid,1296373,1296375,1298870,2,2495,2497,completed,36
12410,Rigid,1296373,1296375,1296671,2,296,298,completed,36
12411,Rigid,1296374,1296375,1296611,1,236,237,completed,36
12412,Rigid,1296374,1296375,1359666,1,63291,63292,completed,36
12413,Rigid,1296374,1296375,1309944,1,13569,13570,completed,36
12414,Rigid,1296374,1296375,1296792,1,417,418,completed,36
12415,Rigid,1296374,1296375,1296416,1,41,42,completed,36
12416,Rigid,1296374,1296375,1296468,1,93,94,completed,36
12417,Rigid,1296374,1296375,1296585,1,210,211,completed,36
12418,Rigid,1296374,1296375,1296447,1,72,73,completed,36
12419,Rigid,1296374,1296375,1296429,1,54,55,completed,36
12420,Rigid,1296374,1296375,1296686,1,311,312,completed,36
12421,Rigid,1296374,1296375,1342635,1,46260,46261,completed,36
12422,Rigid,1296374,1296375,1346622,1,50247,50248,completed,36
12423,Rigid,1296374,1296375,1296516,1,141,142,completed,36
12424,Rigid,1296375,1296375,1382792,0,86417,86417,completed,36
12425,Rigid,1296375,1296375,1297828,0,1453,1453,completed,36
12426,Rigid,1296375,1296375,1296933,0,558,558,completed,36
12427,Rigid,1296375,1296377,1296577,2,200,202,completed,36
12428,Rigid,1296375,1296377,1329540,2,33163,33165,completed,36
12429,Rigid,1296375,1296377,1297290,2,913,915,completed,36
12430,Rigid,1296375,1296377,1296436,2,59,61,completed,36
12431,Rigid,1296376,1296377,1296916,1,539,540,completed,36
12432,Rigid,1296376,1296377,1302204,1,5827,5828,completed,36
12433,Rigid,1296376,1296377,1296803,1,426,427,completed,36
12434,Rigid,1296376,1296377,1301477,1,5100,5101,completed,36
12435,Rigid,1296376,1296377,1296901,1,524,525,completed,36
12436,Rigid,1296376,1296377,1297116,1,739,740,completed,36
12437,Rigid,1296376,1296377,1296481,1,104,105,completed,36
12438,Rigid,1296376,1296418,1296432,42,14,56,completed,36
12439,Rigid,1296376,1296431,1324227,55,27796,27851,completed,36
12440,Rigid,1296376,1296433,1382852,57,86419,86476,completed,36
12441,Rigid,1296377,1296448,1296667,71,219,290,completed,36
12442,Rigid,1296377,1296437,1296760,60,323,383,completed,36
12443,Rigid,1296377,1296450,1297361,73,911,984,completed,36
12444,Rigid,1296377,1296469,1298604,92,2135,2227,completed,36
12445,Rigid,1296377,1296482,1313256,105,16774,16879,completed,36
12446,Rigid,1296377,1296517,1297545,140,1028,1168,completed,36
12447,Rigid,1296377,1296563,1296958,186,395,581,completed,36
12448,Rigid,1296377,1296579,1332646,202,36067,36269,completed,36
12449,Rigid,1296377,1296586,1296655,209,69,278,completed,36
12450,Rigid,1296377,1296611,1298783,234,2172,2406,completed,36
12451,Rigid,1296377,1296613,1383035,236,86422,86658,completed,36
12452,Rigid,1296377,1296628,1296784,251,156,407,completed,36
12453,Rigid,1296377,1296657,1350316,280,53659,53939,completed,36
12454,Rigid,1296377,1296668,1296739,291,71,362,completed,36
12455,Rigid,1296378,1296673,1296776,295,103,398,completed,36
12456,Rigid,1296378,1296687,1298614,309,1927,2236,completed,36
12457,Rigid,1296378,1296739,1297585,361,846,1207,completed,36
12458,Rigid,1296378,1296747,1315959,369,19212,19581,completed,36
12459,Rigid,1296378,1296761,1296978,383,217,600,completed,36
12460,Rigid,1296378,1296778,1296916,400,138,538,completed,36
12461,Rigid,1296378,1296786,1338483,408,41697,42105,completed,36
12462,Rigid,1296378,1296793,1318771,415,21978,22393,completed,36
12463,Rigid,1296378,1296804,1297122,426,318,744,completed,36
12464,Rigid,1296378,1296903,1298524,525,1621,2146,completed,36
12465,Rigid,1296378,1296917,1296971,539,54,593,completed,36
12466,Rigid,1296378,1296917,1296982,539,65,604,completed,36
12467,Rigid,1296378,1296934,1315288,556,18354,18910,completed,36
12468,Rigid,1296378,1296960,1298849,582,1889,2471,completed,36
12469,Rigid,1296378,1296972,1297264,594,292,886,completed,36
12470,Rigid,1296378,1296980,1302759,602,5779,6381,completed,36
12471,Rigid,1296378,1296983,1297079,605,96,701,completed,36
12472,Rigid,1296378,1297034,1299901,656,2867,3523,completed,36
12473,Rigid,1296378,1297041,1297639,663,598,1261,completed,36
12474,Rigid,1296378,1297080,1321736,702,24656,25358,completed,36
12475,Rigid,1296378,1297117,1383525,739,86408,87147,completed,36
12476,Rigid,1296378,1297123,1297223,745,100,845,completed,36
12477,Rigid,1296379,1297135,1297539,756,404,1160,completed,36
12478,Rigid,1296379,1297266,1299158,887,1892,2779,completed,36
12479,Rigid,1296379,1297223,1337713,844,40490,41334,completed,36
12480,Rigid,1296379,1297291,1297688,912,397,1309,completed,36
12481,Rigid,1296379,1297332,1301053,953,3721,4674,completed,36
12482,Rigid,1296379,1301323,1301488,4944,165,5109,completed,36
12483,Rigid,1296379,1301445,1303445,5066,2000,7066,completed,36
12484,Rigid,1296379,1301445,1303634,5066,2189,7255,completed,36
12485,Rigid,1296379,1301505,1302230,5126,725,5851,completed,36
12486,Rigid,1296379,1301505,1305557,5126,4052,9178,completed,36
12487,Rigid,1296379,1301563,1314073,5184,12510,17694,completed,36
12488,Rigid,1296379,1301563,1309909,5184,8346,13530,completed,36
12489,Rigid,1296379,1301563,1301751,5184,188,5372,completed,36
12490,Rigid,1296379,1301606,1302147,5227,541,5768,completed,36
12491,Rigid,1296379,1301752,1303324,5373,1572,6945,completed,36
12492,Rigid,1296379,1302082,1302384,5703,302,6005,completed,36
12493,Rigid,1296379,1302082,1388486,5703,86404,92107,completed,36
12494,Rigid,1296379,1302082,1305102,5703,3020,8723,completed,36
12495,Rigid,1296379,1302113,1302154,5734,41,5775,completed,36
12496,Rigid,1296379,1302113,1302319,5734,206,5940,completed,36
12497,Rigid,1296379,1302113,1302356,5734,243,5977,completed,36
12498,Rigid,1296380,1302174,1302486,5794,312,6106,completed,36
12499,Rigid,1296380,1302358,1304786,5978,2428,8406,completed,36
12500,Rigid,1296380,1302386,1302799,6006,413,6419,completed,36
12501,Rigid,1296380,1302462,1303011,6082,549,6631,completed,36
12502,Rigid,1296380,1302487,1302772,6107,285,6392,completed,36
12503,Rigid,1296380,1302508,1302545,6128,37,6165,completed,36
12504,Rigid,1296380,1302508,1309919,6128,7411,13539,completed,36
12505,Rigid,1296380,1302546,1303039,6166,493,6659,completed,36
12506,Rigid,1296380,1302589,1304025,6209,1436,7645,completed,36
12507,Rigid,1296380,1302638,1303033,6258,395,6653,completed,36
12508,Rigid,1296380,1302746,1305173,6366,2427,8793,completed,36
12509,Rigid,1296380,1302759,1311703,6379,8944,15323,completed,36
12510,Rigid,1296380,1302760,1302889,6380,129,6509,completed,36
12511,Rigid,1296380,1302760,1304620,6380,1860,8240,completed,36
12512,Rigid,1296380,1302773,1302959,6393,186,6579,completed,36
12513,Rigid,1296380,1302774,1303093,6394,319,6713,completed,36
12514,Rigid,1296380,1302801,1305105,6421,2304,8725,completed,36
12515,Rigid,1296380,1302890,1313117,6510,10227,16737,completed,36
12516,Rigid,1296380,1302960,1303047,6580,87,6667,completed,36
12517,Rigid,1296380,1303013,1303410,6633,397,7030,completed,36
12518,Rigid,1296380,1303035,1305128,6655,2093,8748,completed,36
12519,Rigid,1296380,1303041,1303072,6661,31,6692,completed,36
12520,Rigid,1296381,1303048,1303238,6667,190,6857,completed,36
12521,Rigid,1296381,1303094,1305065,6713,1971,8684,completed,36
12522,Rigid,1296381,1303402,1303980,7021,578,7599,completed,36
12523,Rigid,1296381,1303411,1319308,7030,15897,22927,completed,36
12524,Rigid,1296381,1303446,1304115,7065,669,7734,completed,36
12525,Rigid,1296381,1306435,1306827,10054,392,10446,completed,36
12526,Rigid,1296381,1306828,1309322,10447,2494,12941,completed,36
12527,Rigid,1296381,1312757,1312974,16376,217,16593,completed,36
12528,Rigid,1296381,1312757,1313105,16376,348,16724,completed,36
12529,Rigid,1296381,1312788,1312873,16407,85,16492,completed,36
12530,Rigid,1296381,1312788,1313063,16407,275,16682,completed,36
12531,Rigid,1296381,1312878,1313669,16497,791,17288,completed,36
12532,Rigid,1296381,1312909,1313092,16528,183,16711,completed,36
12533,Rigid,1296381,1312909,1315740,16528,2831,19359,completed,36
12534,Rigid,1296381,1312909,1319438,16528,6529,23057,completed,36
12535,Rigid,1296381,1312909,1313115,16528,206,16734,completed,36
12536,Rigid,1296381,1312939,1337316,16558,24377,40935,completed,36
12537,Rigid,1296381,1312939,1312962,16558,23,16581,completed,36
12538,Rigid,1296381,1312939,1313089,16558,150,16708,completed,36
12539,Rigid,1296381,1312939,1313281,16558,342,16900,completed,36
12540,Rigid,1296381,1312970,1313443,16589,473,17062,completed,36
12541,Rigid,1296381,1313000,1313418,16619,418,17037,completed,36
12542,Rigid,1296381,1313000,1313646,16619,646,17265,completed,36
12543,Rigid,1296381,1313000,1313231,16619,231,16850,completed,36
12544,Rigid,1296381,1313091,1313113,16710,22,16732,completed,36
12545,Rigid,1296382,1313091,1314633,16709,1542,18251,completed,36
12546,Rigid,1296382,1313091,1314465,16709,1374,18083,completed,36
12547,Rigid,1296382,1313091,1377307,16709,64216,80925,completed,36
12548,Rigid,1296382,1313091,1314045,16709,954,17663,completed,36
12549,Rigid,1296484,1296484,1297571,0,1087,1087,completed,6
12550,Rigid,1296484,1296484,1296909,0,425,425,completed,1
12551,Rigid,1296484,1296488,1296909,4,421,425,completed,8
12552,Rigid,1296484,1296488,1297757,4,1269,1273,completed,16
12553,Rigid,1296515,1296515,1298021,0,1506,1506,completed,36
12554,Rigid,1296652,1296652,1296695,0,43,43,completed,72
12555,Rigid,1296703,1296703,1296758,0,55,55,completed,1
12556,Rigid,1296720,1296720,1298207,0,1487,1487,completed,36
12557,Rigid,1296812,1296813,1310335,1,13522,13523,completed,18
12558,Rigid,1296864,1296864,1298368,0,1504,1504,completed,36
12559,Rigid,1296911,1296912,1296934,1,22,23,completed,1
12560,Rigid,1296911,1296912,1297012,1,100,101,completed,1
12561,Rigid,1296925,1296925,1299769,0,2844,2844,completed,18
12562,Rigid,1296941,1296942,1299632,1,2690,2691,completed,6
12563,Rigid,1296942,1296942,1299558,0,2616,2616,completed,6
12564,Rigid,1296942,1296942,1299632,0,2690,2690,completed,6
12565,Rigid,1296942,1296942,1299637,0,2695,2695,completed,6
12566,Rigid,1296942,1296942,1299637,0,2695,2695,completed,6
12567,Rigid,1296942,1296942,1299637,0,2695,2695,completed,6
12568,Rigid,1296942,1296942,1299637,0,2695,2695,completed,6
12569,Rigid,1296942,1296942,1299637,0,2695,2695,completed,6
12570,Rigid,1296942,1296942,1299637,0,2695,2695,completed,6
12571,Rigid,1296942,1296942,1299637,0,2695,2695,completed,6
12572,Rigid,1296942,1296942,1299637,0,2695,2695,completed,6
12573,Rigid,1296942,1296942,1299637,0,2695,2695,completed,6
12574,Rigid,1296942,1296942,1299632,0,2690,2690,completed,6
12575,Rigid,1296942,1296942,1299632,0,2690,2690,completed,6
12576,Rigid,1296942,1296942,1299632,0,2690,2690,completed,6
12577,Rigid,1296942,1296942,1299636,0,2694,2694,completed,6
12578,Rigid,1296942,1296942,1299632,0,2690,2690,completed,6
12579,Rigid,1296942,1296946,1299632,4,2686,2690,completed,6
12580,Rigid,1296942,1296946,1299636,4,2690,2694,completed,6
12581,Rigid,1296942,1296946,1299636,4,2690,2694,completed,6
12582,Rigid,1296942,1296946,1299632,4,2686,2690,completed,6
12583,Rigid,1296942,1296946,1299636,4,2690,2694,completed,6
12584,Rigid,1296943,1296946,1299636,3,2690,2693,completed,6
12585,Rigid,1296943,1296946,1299636,3,2690,2693,completed,6
12586,Rigid,1296943,1296946,1299637,3,2691,2694,completed,6
12587,Rigid,1296943,1296946,1299637,3,2691,2694,completed,6
12588,Rigid,1296943,1296946,1299637,3,2691,2694,completed,6
12589,Rigid,1296943,1296946,1299637,3,2691,2694,completed,6
12590,Rigid,1296943,1296946,1299637,3,2691,2694,completed,6
12591,Rigid,1296943,1296946,1299637,3,2691,2694,completed,6
12592,Rigid,1296943,1296946,1299637,3,2691,2694,completed,6
12593,Rigid,1296943,1296946,1299637,3,2691,2694,completed,6
12594,Rigid,1296943,1296946,1299637,3,2691,2694,completed,6
12595,Rigid,1296943,1296946,1299637,3,2691,2694,completed,6
12596,Rigid,1296944,1296946,1299637,2,2691,2693,completed,6
12597,Rigid,1296944,1296946,1299637,2,2691,2693,completed,6
12598,Rigid,1296944,1296946,1299637,2,2691,2693,completed,6
12599,Rigid,1296944,1296946,1299637,2,2691,2693,completed,6
12600,Rigid,1296944,1296946,1299637,2,2691,2693,completed,6
12601,Rigid,1296944,1296946,1299637,2,2691,2693,completed,6
12602,Rigid,1296944,1296946,1299611,2,2665,2667,completed,6
12603,Rigid,1296944,1296946,1299585,2,2639,2641,completed,6
12604,Rigid,1296944,1296946,1299637,2,2691,2693,completed,6
12605,Rigid,1296944,1296946,1299637,2,2691,2693,completed,6
12606,Rigid,1296944,1296946,1299637,2,2691,2693,completed,6
12607,Rigid,1296944,1296946,1299637,2,2691,2693,completed,6
12608,Rigid,1296944,1296946,1299637,2,2691,2693,completed,6
12609,Rigid,1296944,1296946,1299637,2,2691,2693,completed,6
12610,Rigid,1296944,1296946,1299636,2,2690,2692,completed,6
12611,Rigid,1296944,1296946,1299632,2,2686,2688,completed,6
12612,Rigid,1296944,1296946,1299636,2,2690,2692,completed,6
12613,Rigid,1296944,1296946,1299632,2,2686,2688,completed,6
12614,Rigid,1296944,1296946,1299636,2,2690,2692,completed,6
12615,Rigid,1296944,1296946,1299632,2,2686,2688,completed,6
12616,Rigid,1296944,1296946,1299632,2,2686,2688,completed,6
12617,Rigid,1296944,1296946,1299632,2,2686,2688,completed,6
12618,Rigid,1296944,1296946,1299618,2,2672,2674,completed,6
12619,Rigid,1296945,1296946,1299596,1,2650,2651,completed,6
12620,Rigid,1296945,1296946,1299632,1,2686,2687,completed,6
12621,Rigid,1296945,1296946,1299632,1,2686,2687,completed,6
12622,Rigid,1296945,1296946,1299636,1,2690,2691,completed,6
12623,Rigid,1296945,1296946,1299636,1,2690,2691,completed,6
12624,Rigid,1296945,1296946,1299606,1,2660,2661,completed,6
12625,Rigid,1296945,1296946,1299636,1,2690,2691,completed,6
12626,Rigid,1296945,1296946,1299636,1,2690,2691,completed,6
12627,Rigid,1296945,1296946,1299626,1,2680,2681,completed,6
12628,Rigid,1296945,1296946,1299637,1,2691,2692,completed,6
12629,Rigid,1296945,1296946,1299632,1,2686,2687,completed,6
12630,Rigid,1296945,1296946,1299632,1,2686,2687,completed,6
12631,Rigid,1296945,1296946,1299632,1,2686,2687,completed,6
12632,Rigid,1296945,1296946,1299606,1,2660,2661,completed,6
12633,Rigid,1296945,1296946,1299636,1,2690,2691,completed,6
12634,Rigid,1296946,1296946,1299632,0,2686,2686,completed,6
12635,Rigid,1296946,1296946,1299636,0,2690,2690,completed,6
12636,Rigid,1296946,1296946,1299632,0,2686,2686,completed,6
12637,Rigid,1296946,1296946,1299570,0,2624,2624,completed,6
12638,Rigid,1296946,1296946,1299632,0,2686,2686,completed,6
12639,Rigid,1296946,1296946,1299636,0,2690,2690,completed,6
12640,Rigid,1296946,1296946,1299632,0,2686,2686,completed,6
12641,Rigid,1296946,1296947,1299632,1,2685,2686,completed,6
12642,Rigid,1296946,1296947,1299632,1,2685,2686,completed,6
12643,Rigid,1296946,1296947,1299632,1,2685,2686,completed,6
12644,Rigid,1296947,1296947,1299632,0,2685,2685,completed,6
12645,Rigid,1296947,1296947,1299632,0,2685,2685,completed,6
12646,Rigid,1296947,1296947,1299632,0,2685,2685,completed,6
12647,Rigid,1296947,1296947,1299632,0,2685,2685,completed,6
12648,Rigid,1296947,1296947,1299632,0,2685,2685,completed,6
12649,Rigid,1296947,1296947,1299632,0,2685,2685,completed,6
12650,Rigid,1296947,1296947,1299632,0,2685,2685,completed,6
12651,Rigid,1296947,1296947,1299636,0,2689,2689,completed,6
12652,Rigid,1296947,1296947,1299632,0,2685,2685,completed,6
12653,Rigid,1296947,1296947,1299632,0,2685,2685,completed,6
12654,Rigid,1296947,1296947,1299632,0,2685,2685,completed,6
12655,Rigid,1296947,1296947,1299632,0,2685,2685,completed,6
12656,Rigid,1296947,1296951,1299632,4,2681,2685,completed,6
12657,Rigid,1296947,1296951,1299632,4,2681,2685,completed,6
12658,Rigid,1296947,1296951,1299632,4,2681,2685,completed,6
12659,Rigid,1296948,1296951,1299632,3,2681,2684,completed,6
12660,Rigid,1296948,1296951,1299632,3,2681,2684,completed,6
12661,Rigid,1296948,1296951,1299632,3,2681,2684,completed,6
12662,Rigid,1297012,1297013,1298546,1,1533,1534,completed,36
12663,Rigid,1297131,1297132,1298583,1,1451,1452,completed,36
12664,Rigid,1297300,1297300,1298799,0,1499,1499,completed,36
12665,Rigid,1297342,1297363,1299103,21,1740,1761,completed,144
12666,Rigid,1297342,1297871,1299632,529,1761,2290,completed,144
12667,Rigid,1297342,1297916,1299688,574,1772,2346,completed,144
12668,Rigid,1297343,1298024,1299770,681,1746,2427,completed,144
12669,Rigid,1297343,1298525,1300314,1182,1789,2971,completed,144
12670,Rigid,1297343,1298615,1300402,1272,1787,3059,completed,144
12671,Rigid,1297343,1298871,1300652,1528,1781,3309,completed,144
12672,Rigid,1297343,1299104,1300891,1761,1787,3548,completed,144
12673,Rigid,1297343,1299167,1300982,1824,1815,3639,completed,144
12674,Rigid,1297343,1299501,1301320,2158,1819,3977,completed,144
12675,Rigid,1297343,1299633,1301478,2290,1845,4135,completed,144
12676,Rigid,1297343,1299638,1301438,2295,1800,4095,completed,144
12677,Rigid,1297343,1299689,1301509,2346,1820,4166,completed,144
12678,Rigid,1297343,1299772,1301562,2429,1790,4219,completed,144
12679,Rigid,1297343,1300315,1302073,2972,1758,4730,completed,144
12680,Rigid,1297364,1297560,1299144,196,1584,1780,completed,36
12681,Rigid,1297425,1297591,1299133,166,1542,1708,completed,36
12682,Rigid,1297481,1297621,1299166,140,1545,1685,completed,36
12683,Rigid,1297597,1297652,1299263,55,1611,1666,completed,36
12684,Rigid,1297631,1297713,1299325,82,1612,1694,completed,36
12685,Rigid,1297732,1297836,1299434,104,1598,1702,completed,36
12686,Rigid,1297762,1297762,1297831,0,69,69,completed,1
12687,Rigid,1297762,1297762,1298483,0,721,721,completed,1
12688,Rigid,1297763,1297958,1299508,195,1550,1745,completed,36
12689,Rigid,1297793,1300684,1310335,2891,9651,12542,completed,144
12690,Rigid,1297901,1298050,1299500,149,1450,1599,completed,36
12691,Rigid,1298023,1300167,1301559,2144,1392,3536,completed,36
12692,Rigid,1298168,1300684,1302506,2516,1822,4338,completed,36
12693,Rigid,1298285,1300684,1302461,2399,1777,4176,completed,36
12694,Rigid,1298328,1298356,1298366,28,10,38,completed,1
12695,Rigid,1298329,1298387,1298393,58,6,64,completed,1
12696,Rigid,1298329,1348235,1348244,49906,9,49915,completed,1
12697,Rigid,1298424,1300684,1302506,2260,1822,4082,completed,36
12698,Rigid,1298461,1313333,1476087,14872,162754,177626,completed,36
12699,Rigid,1298461,1331938,1476087,33477,144149,177626,completed,36
12700,Rigid,1298461,1332450,1476087,33989,143637,177626,completed,36
12701,Rigid,1298501,1359763,1532569,61262,172806,234068,completed,36
12702,Rigid,1298501,1469362,1642178,170861,172816,343677,completed,36
12703,Rigid,1298501,1469363,1642178,170862,172815,343677,completed,36
12704,Rigid,1298517,1298540,1298546,23,6,29,completed,1
12705,Rigid,1298517,1298571,1298577,54,6,60,completed,1
12706,Rigid,1298535,1469363,1642178,170828,172815,343643,completed,36
12707,Rigid,1298535,1469392,1642208,170857,172816,343673,completed,36
12708,Rigid,1298535,1469392,1642208,170857,172816,343673,completed,36
12709,Rigid,1298539,1300806,1302588,2267,1782,4049,completed,36
12710,Rigid,1298563,1469392,1642208,170829,172816,343645,completed,36
12711,Rigid,1298563,1469422,1469462,170859,40,170899,completed,36
12712,Rigid,1298563,1469422,1642238,170859,172816,343675,completed,36
12713,Rigid,1298658,1298663,1298669,5,6,11,completed,1
12714,Rigid,1298659,1298695,1298701,36,6,42,completed,1
12715,Rigid,1298666,1300897,1302772,2231,1875,4106,completed,36
12716,Rigid,1298816,1300897,1302753,2081,1856,3937,completed,36
12717,Rigid,1298979,1300897,1302759,1918,1862,3780,completed,36
12718,Rigid,1299103,1300989,1302782,1886,1793,3679,completed,36
12719,Rigid,1299182,1299189,1299196,7,7,14,completed,2
12720,Rigid,1299247,1300989,1302842,1742,1853,3595,completed,36
12721,Rigid,1299282,1301563,1313964,2281,12401,14682,completed,396
12722,Rigid,1299343,1299344,1311935,1,12591,12592,completed,9
12723,Rigid,1299343,1299344,1305749,1,6405,6406,completed,8
12724,Rigid,1299363,1300989,1302786,1626,1797,3423,completed,36
12725,Rigid,1299408,1299412,1299414,4,2,6,completed,1
12726,Rigid,1299472,1301080,1302745,1608,1665,3273,completed,36
12727,Rigid,1299565,1300404,1300668,839,264,1103,completed,144
12728,Rigid,1299596,1301323,1302965,1727,1642,3369,completed,36
12729,Rigid,1299648,1299648,1299670,0,22,22,completed,6
12730,Rigid,1299676,1299676,1299706,0,30,30,completed,6
12731,Rigid,1299676,1299676,1299706,0,30,30,completed,6
12732,Rigid,1299676,1299676,1299706,0,30,30,completed,6
12733,Rigid,1299740,1301323,1303039,1583,1716,3299,completed,36
12734,Rigid,1299788,1299800,1300179,12,379,391,completed,1
12735,Rigid,1299823,1299831,1299836,8,5,13,completed,4
12736,Rigid,1299832,1299861,1508571,29,208710,208739,completed,16
12737,Rigid,1299909,1299923,1520313,14,220390,220404,completed,16
12738,Rigid,1300117,1300118,1301419,1,1301,1302,completed,1
12739,Rigid,1300117,1300118,1301374,1,1256,1257,completed,1
12740,Rigid,1300117,1300118,1301234,1,1116,1117,completed,1
12741,Rigid,1300399,1300653,1300780,254,127,381,completed,36
12742,Rigid,1300424,1300441,1300446,17,5,22,completed,4
12743,Rigid,1300808,1300808,1300906,0,98,98,completed,8
12744,Rigid,1300949,1300949,1387375,0,86426,86426,completed,8
12745,Rigid,1301414,1301439,1302188,25,749,774,completed,144
12746,Rigid,1301617,1301617,1301630,0,13,13,completed,2
12747,Rigid,1301617,1301617,1301630,0,13,13,completed,2
12748,Rigid,1301617,1301617,1301643,0,26,26,completed,2
12749,Rigid,1301617,1301617,1301637,0,20,20,completed,2
12750,Rigid,1301617,1301621,1301637,4,16,20,completed,2
12751,Rigid,1301617,1301621,1301637,4,16,20,completed,2
12752,Rigid,1301617,1301621,1301630,4,9,13,completed,2
12753,Rigid,1301617,1301621,1301637,4,16,20,completed,2
12754,Rigid,1301617,1301621,1301630,4,9,13,completed,2
12755,Rigid,1301618,1301621,1301630,3,9,12,completed,2
12756,Rigid,1301618,1301621,1301637,3,16,19,completed,2
12757,Rigid,1301618,1301621,1301637,3,16,19,completed,2
12758,Rigid,1301618,1301621,1301637,3,16,19,completed,2
12759,Rigid,1301618,1301621,1301637,3,16,19,completed,2
12760,Rigid,1301618,1301621,1301630,3,9,12,completed,2
12761,Rigid,1301618,1301621,1301630,3,9,12,completed,2
12762,Rigid,1301618,1301621,1301630,3,9,12,completed,2
12763,Rigid,1301618,1301621,1301630,3,9,12,completed,2
12764,Rigid,1301618,1301621,1301637,3,16,19,completed,2
12765,Rigid,1301618,1301621,1301643,3,22,25,completed,2
12766,Rigid,1301618,1301621,1301643,3,22,25,completed,2
12767,Rigid,1301618,1301621,1301630,3,9,12,completed,2
12768,Rigid,1301618,1301621,1301630,3,9,12,completed,2
12769,Rigid,1301619,1301621,1301637,2,16,18,completed,2
12770,Rigid,1301619,1301621,1301630,2,9,11,completed,2
12771,Rigid,1301619,1301621,1301630,2,9,11,completed,2
12772,Rigid,1301619,1301621,1301630,2,9,11,completed,2
12773,Rigid,1301619,1301621,1301630,2,9,11,completed,2
12774,Rigid,1301619,1301621,1301630,2,9,11,completed,2
12775,Rigid,1301619,1301621,1301630,2,9,11,completed,2
12776,Rigid,1301619,1301621,1301638,2,17,19,completed,2
12777,Rigid,1301619,1301621,1301630,2,9,11,completed,2
12778,Rigid,1301619,1301621,1301630,2,9,11,completed,2
12779,Rigid,1301619,1301621,1301637,2,16,18,completed,2
12780,Rigid,1301619,1301621,1301638,2,17,19,completed,2
12781,Rigid,1301619,1301621,1301637,2,16,18,completed,2
12782,Rigid,1301619,1301621,1301630,2,9,11,completed,2
12783,Rigid,1301620,1301621,1301637,1,16,17,completed,2
12784,Rigid,1301620,1301621,1301638,1,17,18,completed,2
12785,Rigid,1301620,1301621,1301637,1,16,17,completed,2
12786,Rigid,1301620,1301621,1301630,1,9,10,completed,2
12787,Rigid,1301620,1301621,1301637,1,16,17,completed,2
12788,Rigid,1301638,1301638,1301663,0,25,25,completed,2
12789,Rigid,1301638,1301638,1301649,0,11,11,completed,2
12790,Rigid,1301638,1301638,1301663,0,25,25,completed,2
12791,Rigid,1301638,1301638,1301663,0,25,25,completed,2
12792,Rigid,1301638,1301638,1301663,0,25,25,completed,2
12793,Rigid,1301638,1301638,1301649,0,11,11,completed,2
12794,Rigid,1301638,1301638,1301649,0,11,11,completed,2
12795,Rigid,1301638,1301638,1301649,0,11,11,completed,2
12796,Rigid,1301639,1301639,1301649,0,10,10,completed,2
12797,Rigid,1301639,1301639,1301663,0,24,24,completed,2
12798,Rigid,1301639,1301639,1301649,0,10,10,completed,2
12799,Rigid,1301639,1301639,1301649,0,10,10,completed,2
12800,Rigid,1301639,1301639,1301663,0,24,24,completed,2
12801,Rigid,1301639,1301640,1301663,1,23,24,completed,2
12802,Rigid,1301639,1301640,1301649,1,9,10,completed,2
12803,Rigid,1301639,1301640,1301663,1,23,24,completed,2
12804,Rigid,1301639,1301640,1301649,1,9,10,completed,2
12805,Rigid,1301639,1301640,1301663,1,23,24,completed,2
12806,Rigid,1301640,1301642,1301663,2,21,23,completed,2
12807,Rigid,1301640,1301642,1301649,2,7,9,completed,2
12808,Rigid,1301641,1301642,1301649,1,7,8,completed,2
12809,Rigid,1301641,1301642,1301663,1,21,22,completed,2
12810,Rigid,1301641,1301642,1301649,1,7,8,completed,2
12811,Rigid,1301641,1301642,1301663,1,21,22,completed,2
12812,Rigid,1301641,1301642,1301649,1,7,8,completed,2
12813,Rigid,1301641,1301642,1301649,1,7,8,completed,2
12814,Rigid,1301641,1301642,1301649,1,7,8,completed,2
12815,Rigid,1301641,1301642,1301649,1,7,8,completed,2
12816,Rigid,1301642,1301642,1301663,0,21,21,completed,2
12817,Rigid,1301642,1301642,1301663,0,21,21,completed,2
12818,Rigid,1301642,1301642,1301663,0,21,21,completed,2
12819,Rigid,1301642,1301642,1301663,0,21,21,completed,2
12820,Rigid,1301642,1301642,1301649,0,7,7,completed,2
12821,Rigid,1301642,1301642,1301649,0,7,7,completed,2
12822,Rigid,1301642,1301642,1301663,0,21,21,completed,2
12823,Rigid,1301642,1301645,1301663,3,18,21,completed,2
12824,Rigid,1301655,1301655,1301669,0,14,14,completed,2
12825,Rigid,1301655,1301655,1301661,0,6,6,completed,2
12826,Rigid,1301655,1301655,1301666,0,11,11,completed,2
12827,Rigid,1301655,1301657,1301662,2,5,7,completed,2
12828,Rigid,1301656,1301657,1301662,1,5,6,completed,2
12829,Rigid,1301656,1301657,1301670,1,13,14,completed,2
12830,Rigid,1301656,1301657,1301670,1,13,14,completed,2
12831,Rigid,1301665,1301665,1301702,0,37,37,completed,2
12832,Rigid,1301665,1301665,1301674,0,9,9,completed,2
12833,Rigid,1301665,1301665,1301705,0,40,40,completed,2
12834,Rigid,1301665,1301665,1301682,0,17,17,completed,2
12835,Rigid,1301665,1301669,1301705,4,36,40,completed,2
12836,Rigid,1301665,1301669,1301682,4,13,17,completed,2
12837,Rigid,1301665,1301669,1301703,4,34,38,completed,2
12838,Rigid,1301666,1301669,1301706,3,37,40,completed,2
12839,Rigid,1301666,1301669,1301705,3,36,39,completed,2
12840,Rigid,1301666,1301669,1301703,3,34,37,completed,2
12841,Rigid,1301666,1301669,1301703,3,34,37,completed,2
12842,Rigid,1301666,1301669,1301682,3,13,16,completed,2
12843,Rigid,1301666,1301669,1301705,3,36,39,completed,2
12844,Rigid,1301666,1301669,1301702,3,33,36,completed,2
12845,Rigid,1301666,1301669,1301702,3,33,36,completed,2
12846,Rigid,1301666,1301669,1301675,3,6,9,completed,2
12847,Rigid,1301666,1301669,1301675,3,6,9,completed,2
12848,Rigid,1301666,1301669,1301706,3,37,40,completed,2
12849,Rigid,1301666,1301669,1301681,3,12,15,completed,2
12850,Rigid,1301666,1301669,1301682,3,13,16,completed,2
12851,Rigid,1301666,1301669,1301682,3,13,16,completed,2
12852,Rigid,1301667,1301669,1301682,2,13,15,completed,2
12853,Rigid,1301667,1301669,1301702,2,33,35,completed,2
12854,Rigid,1301667,1301669,1301708,2,39,41,completed,2
12855,Rigid,1301667,1301669,1301705,2,36,38,completed,2
12856,Rigid,1301667,1301669,1301706,2,37,39,completed,2
12857,Rigid,1301667,1301669,1301675,2,6,8,completed,2
12858,Rigid,1301667,1301669,1301705,2,36,38,completed,2
12859,Rigid,1301668,1301669,1301703,1,34,35,completed,2
12860,Rigid,1301669,1301670,1301702,1,32,33,completed,2
12861,Rigid,1301669,1301670,1301682,1,12,13,completed,2
12862,Rigid,1301669,1301670,1301703,1,33,34,completed,2
12863,Rigid,1301669,1301670,1301702,1,32,33,completed,2
12864,Rigid,1301669,1301670,1301682,1,12,13,completed,2
12865,Rigid,1301669,1301670,1301682,1,12,13,completed,2
12866,Rigid,1301669,1301670,1301681,1,11,12,completed,2
12867,Rigid,1301670,1301671,1301682,1,11,12,completed,2
12868,Rigid,1301670,1301671,1301705,1,34,35,completed,2
12869,Rigid,1301670,1301671,1301705,1,34,35,completed,2
12870,Rigid,1301670,1301671,1301703,1,32,33,completed,2
12871,Rigid,1301670,1301671,1301702,1,31,32,completed,2
12872,Rigid,1301670,1301671,1301677,1,6,7,completed,2
12873,Rigid,1301670,1301671,1301677,1,6,7,completed,2
12874,Rigid,1301671,1301671,1301706,0,35,35,completed,2
12875,Rigid,1301671,1301671,1301681,0,10,10,completed,2
12876,Rigid,1301671,1301671,1301682,0,11,11,completed,2
12877,Rigid,1301671,1301671,1301705,0,34,34,completed,2
12878,Rigid,1301671,1301671,1301682,0,11,11,completed,2
12879,Rigid,1301671,1301671,1301703,0,32,32,completed,2
12880,Rigid,1301671,1301671,1301705,0,34,34,completed,2
12881,Rigid,1301671,1301672,1301677,1,5,6,completed,2
12882,Rigid,1301671,1301672,1301681,1,9,10,completed,2
12883,Rigid,1301671,1301672,1301677,1,5,6,completed,2
12884,Rigid,1301671,1301672,1301702,1,30,31,completed,2
12885,Rigid,1301672,1301672,1301682,0,10,10,completed,2
12886,Rigid,1301672,1301672,1301705,0,33,33,completed,2
12887,Rigid,1301672,1301672,1301703,0,31,31,completed,2
12888,Rigid,1301672,1301674,1301705,2,31,33,completed,2
12889,Rigid,1301672,1301674,1301682,2,8,10,completed,2
12890,Rigid,1301672,1301674,1301702,2,28,30,completed,2
12891,Rigid,1301672,1301674,1301705,2,31,33,completed,2
12892,Rigid,1301672,1301674,1301703,2,29,31,completed,2
12893,Rigid,1301672,1301674,1301702,2,28,30,completed,2
12894,Rigid,1301672,1301674,1301680,2,6,8,completed,2
12895,Rigid,1301672,1301674,1301682,2,8,10,completed,2
12896,Rigid,1301672,1301674,1301682,2,8,10,completed,2
12897,Rigid,1301672,1301674,1301680,2,6,8,completed,2
12898,Rigid,1301672,1301674,1301682,2,8,10,completed,2
12899,Rigid,1301672,1301674,1301682,2,8,10,completed,2
12900,Rigid,1301672,1301674,1301708,2,34,36,completed,2
12901,Rigid,1301673,1301674,1301706,1,32,33,completed,2
12902,Rigid,1301673,1301674,1301681,1,7,8,completed,2
12903,Rigid,1301673,1301674,1301707,1,33,34,completed,2
12904,Rigid,1301673,1301674,1301706,1,32,33,completed,2
12905,Rigid,1301673,1301674,1301706,1,32,33,completed,2
12906,Rigid,1301673,1301674,1301682,1,8,9,completed,2
12907,Rigid,1301673,1301674,1301706,1,32,33,completed,2
12908,Rigid,1301673,1301674,1301704,1,30,31,completed,2
12909,Rigid,1301673,1301674,1301703,1,29,30,completed,2
12910,Rigid,1301673,1301674,1301682,1,8,9,completed,2
12911,Rigid,1301673,1301674,1301702,1,28,29,completed,2
12912,Rigid,1301673,1301674,1301702,1,28,29,completed,2
12913,Rigid,1301673,1301674,1301681,1,7,8,completed,2
12914,Rigid,1301673,1301674,1301703,1,29,30,completed,2
12915,Rigid,1301674,1301674,1301683,0,9,9,completed,2
12916,Rigid,1301674,1301674,1301681,0,7,7,completed,2
12917,Rigid,1301674,1301674,1301680,0,6,6,completed,2
12918,Rigid,1301674,1301675,1301710,1,35,36,completed,2
12919,Rigid,1301674,1301675,1301681,1,6,7,completed,2
12920,Rigid,1301674,1301675,1301708,1,33,34,completed,2
12921,Rigid,1301674,1301675,1301705,1,30,31,completed,2
12922,Rigid,1301674,1301675,1301703,1,28,29,completed,2
12923,Rigid,1301674,1301675,1301688,1,13,14,completed,2
12924,Rigid,1301675,1301675,1301709,0,34,34,completed,2
12925,Rigid,1301675,1301675,1301683,0,8,8,completed,2
12926,Rigid,1301675,1301675,1301708,0,33,33,completed,2
12927,Rigid,1301675,1301675,1301705,0,30,30,completed,2
12928,Rigid,1301675,1301675,1301683,0,8,8,completed,2
12929,Rigid,1301675,1301675,1301703,0,28,28,completed,2
12930,Rigid,1301675,1301675,1301693,0,18,18,completed,2
12931,Rigid,1301675,1301675,1301681,0,6,6,completed,2
12932,Rigid,1301675,1301675,1301681,0,6,6,completed,2
12933,Rigid,1301675,1301675,1301682,0,7,7,completed,2
12934,Rigid,1301675,1301675,1301707,0,32,32,completed,2
12935,Rigid,1301675,1301675,1301682,0,7,7,completed,2
12936,Rigid,1301675,1301675,1301682,0,7,7,completed,2
12937,Rigid,1301675,1301675,1301683,0,8,8,completed,2
12938,Rigid,1301675,1301675,1301707,0,32,32,completed,2
12939,Rigid,1301675,1301675,1301704,0,29,29,completed,2
12940,Rigid,1301675,1301677,1301708,2,31,33,completed,2
12941,Rigid,1301675,1301677,1301702,2,25,27,completed,2
12942,Rigid,1301676,1301677,1301708,1,31,32,completed,2
12943,Rigid,1301676,1301677,1301705,1,28,29,completed,2
12944,Rigid,1301676,1301677,1301712,1,35,36,completed,2
12945,Rigid,1301676,1301677,1301702,1,25,26,completed,2
12946,Rigid,1301676,1301677,1301710,1,33,34,completed,2
12947,Rigid,1301676,1301677,1301684,1,7,8,completed,2
12948,Rigid,1301676,1301677,1301707,1,30,31,completed,2
12949,Rigid,1301676,1301677,1301709,1,32,33,completed,2
12950,Rigid,1301677,1301677,1301704,0,27,27,completed,2
12951,Rigid,1301677,1301677,1301685,0,8,8,completed,2
12952,Rigid,1301677,1301677,1301708,0,31,31,completed,2
12953,Rigid,1301677,1301677,1301706,0,29,29,completed,2
12954,Rigid,1301677,1301677,1301703,0,26,26,completed,2
12955,Rigid,1301679,1301679,1301686,0,7,7,completed,2
12956,Rigid,1301680,1301681,1301687,1,6,7,completed,2
12957,Rigid,1301680,1301681,1301687,1,6,7,completed,2
12958,Rigid,1301681,1301681,1301687,0,6,6,completed,2
12959,Rigid,1301682,1301682,1301688,0,6,6,completed,2
12960,Rigid,1301682,1301682,1301690,0,8,8,completed,2
12961,Rigid,1301682,1301682,1301721,0,39,39,completed,2
12962,Rigid,1301682,1301682,1301721,0,39,39,completed,2
12963,Rigid,1301682,1301682,1301719,0,37,37,completed,2
12964,Rigid,1301682,1301682,1301715,0,33,33,completed,2
12965,Rigid,1301682,1301682,1301689,0,7,7,completed,2
12966,Rigid,1301682,1301682,1301688,0,6,6,completed,2
12967,Rigid,1301682,1301682,1301690,0,8,8,completed,2
12968,Rigid,1301682,1301682,1301721,0,39,39,completed,2
12969,Rigid,1301682,1301682,1301721,0,39,39,completed,2
12970,Rigid,1301682,1301683,1301719,1,36,37,completed,2
12971,Rigid,1301682,1301683,1301716,1,33,34,completed,2
12972,Rigid,1301683,1301683,1301722,0,39,39,completed,2
12973,Rigid,1301683,1301683,1301719,0,36,36,completed,2
12974,Rigid,1301683,1301683,1301717,0,34,34,completed,2
12975,Rigid,1301683,1301683,1301691,0,8,8,completed,2
12976,Rigid,1301683,1301683,1301689,0,6,6,completed,2
12977,Rigid,1301684,1301684,1301723,0,39,39,completed,2
12978,Rigid,1301684,1301684,1301690,0,6,6,completed,2
12979,Rigid,1301684,1301684,1301689,0,5,5,completed,2
12980,Rigid,1301684,1301685,1301690,1,5,6,completed,2
12981,Rigid,1301685,1301685,1301690,0,5,5,completed,2
12982,Rigid,1301685,1301686,1301692,1,6,7,completed,2
12983,Rigid,1301686,1301686,1301692,0,6,6,completed,2
12984,Rigid,1301687,1301688,1301694,1,6,7,completed,2
12985,Rigid,1301688,1301688,1301694,0,6,6,completed,2
12986,Rigid,1301688,1301688,1301694,0,6,6,completed,2
12987,Rigid,1301688,1301688,1301694,0,6,6,completed,2
12988,Rigid,1301689,1301689,1301710,0,21,21,completed,2
12989,Rigid,1301690,1301690,1301696,0,6,6,completed,2
12990,Rigid,1301690,1301690,1301696,0,6,6,completed,2
12991,Rigid,1301690,1301690,1301696,0,6,6,completed,2
12992,Rigid,1301690,1301690,1301696,0,6,6,completed,2
12993,Rigid,1301702,1301703,1301709,1,6,7,completed,2
12994,Rigid,1301703,1301703,1301709,0,6,6,completed,2
12995,Rigid,1301704,1301704,1301710,0,6,6,completed,2
12996,Rigid,1301725,1301726,1301736,1,10,11,completed,2
12997,Rigid,1301745,1301746,1301759,1,13,14,completed,2
12998,Rigid,1301790,1301791,1301805,1,14,15,completed,2
12999,Rigid,1301790,1301791,1301798,1,7,8,completed,2
13000,Rigid,1301790,1301791,1301798,1,7,8,completed,2
13001,Rigid,1301790,1301791,1301799,1,8,9,completed,2
13002,Rigid,1301790,1301791,1301798,1,7,8,completed,2
13003,Rigid,1301790,1301791,1301798,1,7,8,completed,2
13004,Rigid,1301790,1301791,1301798,1,7,8,completed,2
13005,Rigid,1301790,1301791,1301798,1,7,8,completed,2
13006,Rigid,1301790,1301791,1301805,1,14,15,completed,2
13007,Rigid,1301790,1301791,1301799,1,8,9,completed,2
13008,Rigid,1301791,1301791,1301798,0,7,7,completed,2
13009,Rigid,1301791,1301791,1301798,0,7,7,completed,2
13010,Rigid,1301791,1301791,1301798,0,7,7,completed,2
13011,Rigid,1301791,1301791,1301798,0,7,7,completed,2
13012,Rigid,1301791,1301791,1301818,0,27,27,completed,2
13013,Rigid,1301791,1301791,1301798,0,7,7,completed,2
13014,Rigid,1301791,1301791,1301798,0,7,7,completed,2
13015,Rigid,1301791,1301791,1301798,0,7,7,completed,2
13016,Rigid,1301791,1301791,1301798,0,7,7,completed,2
13017,Rigid,1301791,1301791,1301799,0,8,8,completed,2
13018,Rigid,1301791,1301791,1301799,0,8,8,completed,2
13019,Rigid,1301791,1301791,1301827,0,36,36,completed,2
13020,Rigid,1301791,1301791,1301798,0,7,7,completed,2
13021,Rigid,1301791,1301791,1301798,0,7,7,completed,2
13022,Rigid,1301791,1301791,1301798,0,7,7,completed,2
13023,Rigid,1301791,1301791,1301798,0,7,7,completed,2
13024,Rigid,1301791,1301791,1301798,0,7,7,completed,2
13025,Rigid,1301791,1301791,1301798,0,7,7,completed,2
13026,Rigid,1301791,1301791,1301820,0,29,29,completed,2
13027,Rigid,1301791,1301791,1301798,0,7,7,completed,2
13028,Rigid,1301791,1301791,1301798,0,7,7,completed,2
13029,Rigid,1301791,1301791,1301798,0,7,7,completed,2
13030,Rigid,1301791,1301791,1301798,0,7,7,completed,2
13031,Rigid,1301791,1301795,1301801,4,6,10,completed,2
13032,Rigid,1301791,1301795,1301801,4,6,10,completed,2
13033,Rigid,1301791,1301795,1301801,4,6,10,completed,2
13034,Rigid,1301791,1301795,1301801,4,6,10,completed,2
13035,Rigid,1301792,1301795,1301801,3,6,9,completed,2
13036,Rigid,1301792,1301795,1301801,3,6,9,completed,2
13037,Rigid,1301792,1301795,1301801,3,6,9,completed,2
13038,Rigid,1301792,1301795,1301802,3,7,10,completed,2
13039,Rigid,1301792,1301795,1301801,3,6,9,completed,2
13040,Rigid,1301792,1301795,1301801,3,6,9,completed,2
13041,Rigid,1301792,1301795,1301801,3,6,9,completed,2
13042,Rigid,1301792,1301795,1301801,3,6,9,completed,2
13043,Rigid,1301792,1301795,1301801,3,6,9,completed,2
13044,Rigid,1301792,1301795,1301801,3,6,9,completed,2
13045,Rigid,1301792,1301795,1301801,3,6,9,completed,2
13046,Rigid,1301792,1301795,1301801,3,6,9,completed,2
13047,Rigid,1301792,1301795,1301801,3,6,9,completed,2
13048,Rigid,1301792,1301795,1301801,3,6,9,completed,2
13049,Rigid,1301792,1301795,1301802,3,7,10,completed,2
13050,Rigid,1301792,1301795,1301801,3,6,9,completed,2
13051,Rigid,1301792,1301795,1301802,3,7,10,completed,2
13052,Rigid,1301792,1301795,1301801,3,6,9,completed,2
13053,Rigid,1301793,1301795,1301801,2,6,8,completed,2
13054,Rigid,1301793,1301795,1301802,2,7,9,completed,2
13055,Rigid,1301793,1301795,1301802,2,7,9,completed,2
13056,Rigid,1301793,1301795,1301802,2,7,9,completed,2
13057,Rigid,1301793,1301795,1301801,2,6,8,completed,2
13058,Rigid,1301793,1301795,1301801,2,6,8,completed,2
13059,Rigid,1301793,1301795,1301802,2,7,9,completed,2
13060,Rigid,1301793,1301795,1301802,2,7,9,completed,2
13061,Rigid,1301793,1301795,1301801,2,6,8,completed,2
13062,Rigid,1301793,1301795,1301801,2,6,8,completed,2
13063,Rigid,1301793,1301795,1301801,2,6,8,completed,2
13064,Rigid,1301793,1301795,1301802,2,7,9,completed,2
13065,Rigid,1301793,1301795,1301801,2,6,8,completed,2
13066,Rigid,1301793,1301795,1301802,2,7,9,completed,2
13067,Rigid,1301793,1301795,1301801,2,6,8,completed,2
13068,Rigid,1301793,1301795,1301801,2,6,8,completed,2
13069,Rigid,1301793,1301795,1301802,2,7,9,completed,2
13070,Rigid,1301793,1301795,1301801,2,6,8,completed,2
13071,Rigid,1301793,1301795,1301801,2,6,8,completed,2
13072,Rigid,1301793,1301795,1301801,2,6,8,completed,2
13073,Rigid,1301794,1301795,1301802,1,7,8,completed,2
13074,Rigid,1301794,1301795,1301802,1,7,8,completed,2
13075,Rigid,1301794,1301795,1301802,1,7,8,completed,2
13076,Rigid,1301794,1301795,1301802,1,7,8,completed,2
13077,Rigid,1301794,1301795,1301802,1,7,8,completed,2
13078,Rigid,1301794,1301795,1301802,1,7,8,completed,2
13079,Rigid,1301794,1301795,1301801,1,6,7,completed,2
13080,Rigid,1301794,1301795,1301802,1,7,8,completed,2
13081,Rigid,1301794,1301795,1301802,1,7,8,completed,2
13082,Rigid,1301794,1301795,1301802,1,7,8,completed,2
13083,Rigid,1301794,1301795,1301803,1,8,9,completed,2
13084,Rigid,1301794,1301795,1301802,1,7,8,completed,2
13085,Rigid,1301794,1301795,1301802,1,7,8,completed,2
13086,Rigid,1301794,1301795,1301803,1,8,9,completed,2
13087,Rigid,1301794,1301795,1301802,1,7,8,completed,2
13088,Rigid,1301794,1301795,1301802,1,7,8,completed,2
13089,Rigid,1301794,1301795,1301803,1,8,9,completed,2
13090,Rigid,1301794,1301795,1301803,1,8,9,completed,2
13091,Rigid,1301794,1301795,1301802,1,7,8,completed,2
13092,Rigid,1301794,1301795,1301802,1,7,8,completed,2
13093,Rigid,1301794,1301795,1301802,1,7,8,completed,2
13094,Rigid,1301794,1301795,1301802,1,7,8,completed,2
13095,Rigid,1301794,1301795,1301802,1,7,8,completed,2
13096,Rigid,1301794,1301795,1301814,1,19,20,completed,2
13097,Rigid,1301794,1301795,1301813,1,18,19,completed,2
13098,Rigid,1301795,1301795,1301802,0,7,7,completed,2
13099,Rigid,1301795,1301795,1301802,0,7,7,completed,2
13100,Rigid,1301795,1301795,1301803,0,8,8,completed,2
13101,Rigid,1301795,1301795,1301801,0,6,6,completed,2
13102,Rigid,1301795,1301795,1301827,0,32,32,completed,2
13103,Rigid,1301795,1301795,1301833,0,38,38,completed,2
13104,Rigid,1301795,1301795,1301801,0,6,6,completed,2
13105,Rigid,1301795,1301795,1301801,0,6,6,completed,2
13106,Rigid,1301795,1301795,1301801,0,6,6,completed,2
13107,Rigid,1301795,1301795,1301801,0,6,6,completed,2
13108,Rigid,1301795,1301795,1301848,0,53,53,completed,2
13109,Rigid,1301795,1301795,1301838,0,43,43,completed,2
13110,Rigid,1301795,1301795,1301810,0,15,15,completed,2
13111,Rigid,1301795,1301799,1301808,4,9,13,completed,2
13112,Rigid,1301795,1301799,1301807,4,8,12,completed,2
13113,Rigid,1301796,1301799,1301807,3,8,11,completed,2
13114,Rigid,1301796,1301799,1301807,3,8,11,completed,2
13115,Rigid,1301796,1301799,1301843,3,44,47,completed,2
13116,Rigid,1301796,1301799,1301836,3,37,40,completed,2
13117,Rigid,1301796,1301799,1301847,3,48,51,completed,2
13118,Rigid,1301796,1301799,1301807,3,8,11,completed,2
13119,Rigid,1301796,1301799,1301808,3,9,12,completed,2
13120,Rigid,1301796,1301799,1301808,3,9,12,completed,2
13121,Rigid,1301796,1301799,1301820,3,21,24,completed,2
13122,Rigid,1301796,1301799,1301840,3,41,44,completed,2
13123,Rigid,1301797,1301799,1301834,2,35,37,completed,2
13124,Rigid,1301797,1301799,1301808,2,9,11,completed,2
13125,Rigid,1301797,1301799,1301808,2,9,11,completed,2
13126,Rigid,1301797,1301799,1301808,2,9,11,completed,2
13127,Rigid,1301797,1301799,1301808,2,9,11,completed,2
13128,Rigid,1301797,1301799,1301840,2,41,43,completed,2
13129,Rigid,1301797,1301799,1301828,2,29,31,completed,2
13130,Rigid,1301797,1301799,1301845,2,46,48,completed,2
13131,Rigid,1301797,1301799,1301808,2,9,11,completed,2
13132,Rigid,1301797,1301799,1301808,2,9,11,completed,2
13133,Rigid,1301797,1301799,1301808,2,9,11,completed,2
13134,Rigid,1301798,1301799,1301808,1,9,10,completed,2
13135,Rigid,1301798,1301799,1301808,1,9,10,completed,2
13136,Rigid,1301798,1301799,1301840,1,41,42,completed,2
13137,Rigid,1301798,1301799,1301829,1,30,31,completed,2
13138,Rigid,1301798,1301799,1301852,1,53,54,completed,2
13139,Rigid,1301798,1301799,1301808,1,9,10,completed,2
13140,Rigid,1301798,1301799,1301808,1,9,10,completed,2
13141,Rigid,1301798,1301799,1301808,1,9,10,completed,2
13142,Rigid,1301798,1301799,1301808,1,9,10,completed,2
13143,Rigid,1301798,1301799,1301852,1,53,54,completed,2
13144,Rigid,1301798,1301799,1301827,1,28,29,completed,2
13145,Rigid,1301798,1301799,1301816,1,17,18,completed,2
13146,Rigid,1301798,1301799,1301808,1,9,10,completed,2
13147,Rigid,1301798,1301799,1301808,1,9,10,completed,2
13148,Rigid,1301798,1301799,1301808,1,9,10,completed,2
13149,Rigid,1301798,1301799,1301808,1,9,10,completed,2
13150,Rigid,1301798,1301799,1301847,1,48,49,completed,2
13151,Rigid,1301798,1301799,1301851,1,52,53,completed,2
13152,Rigid,1301798,1301799,1301837,1,38,39,completed,2
13153,Rigid,1301798,1301799,1301808,1,9,10,completed,2
13154,Rigid,1301798,1301799,1301808,1,9,10,completed,2
13155,Rigid,1301798,1301799,1301808,1,9,10,completed,2
13156,Rigid,1301798,1301799,1301815,1,16,17,completed,2
13157,Rigid,1301798,1301799,1301843,1,44,45,completed,2
13158,Rigid,1301798,1301799,1301839,1,40,41,completed,2
13159,Rigid,1301798,1301799,1301808,1,9,10,completed,2
13160,Rigid,1301798,1301799,1301808,1,9,10,completed,2
13161,Rigid,1301799,1301799,1301808,0,9,9,completed,2
13162,Rigid,1301799,1301799,1301808,0,9,9,completed,2
13163,Rigid,1301799,1301799,1301831,0,32,32,completed,2
13164,Rigid,1301799,1301799,1301841,0,42,42,completed,2
13165,Rigid,1301799,1301799,1301845,0,46,46,completed,2
13166,Rigid,1301799,1301799,1301808,0,9,9,completed,2
13167,Rigid,1301799,1301799,1301808,0,9,9,completed,2
13168,Rigid,1301799,1301799,1301808,0,9,9,completed,2
13169,Rigid,1301799,1301799,1301808,0,9,9,completed,2
13170,Rigid,1301799,1301799,1301808,0,9,9,completed,2
13171,Rigid,1301799,1301799,1301835,0,36,36,completed,2
13172,Rigid,1301799,1301799,1301831,0,32,32,completed,2
13173,Rigid,1301799,1301799,1301823,0,24,24,completed,2
13174,Rigid,1301799,1301799,1301808,0,9,9,completed,2
13175,Rigid,1301799,1301800,1301808,1,8,9,completed,2
13176,Rigid,1301800,1301800,1301808,0,8,8,completed,2
13177,Rigid,1301800,1301800,1301808,0,8,8,completed,2
13178,Rigid,1301800,1301800,1301827,0,27,27,completed,2
13179,Rigid,1301800,1301800,1301814,0,14,14,completed,2
13180,Rigid,1301800,1301800,1301815,0,15,15,completed,2
13181,Rigid,1301800,1301801,1301808,1,7,8,completed,2
13182,Rigid,1301801,1301801,1301807,0,6,6,completed,2
13183,Rigid,1301801,1301803,1301807,2,4,6,completed,2
13184,Rigid,1301801,1301803,1301807,2,4,6,completed,2
13185,Rigid,1301801,1301803,1301826,2,23,25,completed,2
13186,Rigid,1301801,1301803,1301829,2,26,28,completed,2
13187,Rigid,1301801,1301803,1301823,2,20,22,completed,2
13188,Rigid,1301801,1301803,1301807,2,4,6,completed,2
13189,Rigid,1301801,1301803,1301807,2,4,6,completed,2
13190,Rigid,1301802,1301803,1301808,1,5,6,completed,2
13191,Rigid,1301802,1301803,1301808,1,5,6,completed,2
13192,Rigid,1301802,1301803,1301818,1,15,16,completed,2
13193,Rigid,1301802,1301803,1301825,1,22,23,completed,2
13194,Rigid,1301802,1301803,1301833,1,30,31,completed,2
13195,Rigid,1301802,1301803,1301808,1,5,6,completed,2
13196,Rigid,1301802,1301803,1301808,1,5,6,completed,2
13197,Rigid,1301802,1301803,1301808,1,5,6,completed,2
13198,Rigid,1301802,1301803,1301808,1,5,6,completed,2
13199,Rigid,1301803,1301803,1301808,0,5,5,completed,2
13200,Rigid,1301803,1301803,1301808,0,5,5,completed,2
13201,Rigid,1301803,1301803,1301808,0,5,5,completed,2
13202,Rigid,1301803,1301803,1301808,0,5,5,completed,2
13203,Rigid,1301803,1301803,1301808,0,5,5,completed,2
13204,Rigid,1301803,1301803,1301808,0,5,5,completed,2
13205,Rigid,1301803,1301803,1301811,0,8,8,completed,2
13206,Rigid,1301803,1301803,1301808,0,5,5,completed,2
13207,Rigid,1301804,1301804,1301808,0,4,4,completed,2
13208,Rigid,1301804,1301804,1301811,0,7,7,completed,2
13209,Rigid,1301804,1301804,1301811,0,7,7,completed,2
13210,Rigid,1301804,1301804,1301811,0,7,7,completed,2
13211,Rigid,1301804,1301806,1301818,2,12,14,completed,2
13212,Rigid,1301805,1301806,1301818,1,12,13,completed,2
13213,Rigid,1301805,1301806,1301818,1,12,13,completed,2
13214,Rigid,1301805,1301806,1301818,1,12,13,completed,2
13215,Rigid,1301805,1301806,1301818,1,12,13,completed,2
13216,Rigid,1301805,1301806,1301818,1,12,13,completed,2
13217,Rigid,1301805,1301806,1301818,1,12,13,completed,2
13218,Rigid,1301805,1301806,1301818,1,12,13,completed,2
13219,Rigid,1301805,1301806,1301818,1,12,13,completed,2
13220,Rigid,1301805,1301806,1301818,1,12,13,completed,2
13221,Rigid,1301805,1301806,1301818,1,12,13,completed,2
13222,Rigid,1301805,1301806,1301818,1,12,13,completed,2
13223,Rigid,1301805,1301806,1301818,1,12,13,completed,2
13224,Rigid,1301805,1301806,1301818,1,12,13,completed,2
13225,Rigid,1301805,1301806,1301818,1,12,13,completed,2
13226,Rigid,1301805,1301806,1301818,1,12,13,completed,2
13227,Rigid,1301805,1301806,1301818,1,12,13,completed,2
13228,Rigid,1301805,1301806,1301818,1,12,13,completed,2
13229,Rigid,1301805,1301806,1301818,1,12,13,completed,2
13230,Rigid,1301815,1301815,1301824,0,9,9,completed,2
13231,Rigid,1301815,1301815,1301824,0,9,9,completed,2
13232,Rigid,1301815,1301815,1301824,0,9,9,completed,2
13233,Rigid,1301815,1301815,1301824,0,9,9,completed,2
13234,Rigid,1301815,1301816,1301824,1,8,9,completed,2
13235,Rigid,1301816,1301816,1301824,0,8,8,completed,2
13236,Rigid,1301816,1301817,1301824,1,7,8,completed,2
13237,Rigid,1301816,1301817,1301824,1,7,8,completed,2
13238,Rigid,1301817,1301817,1301824,0,7,7,completed,2
13239,Rigid,1301817,1301817,1301824,0,7,7,completed,2
13240,Rigid,1301817,1301817,1301824,0,7,7,completed,2
13241,Rigid,1301817,1301817,1301824,0,7,7,completed,2
13242,Rigid,1301817,1301819,1301824,2,5,7,completed,2
13243,Rigid,1301818,1301819,1301824,1,5,6,completed,2
13244,Rigid,1301818,1301819,1301824,1,5,6,completed,2
13245,Rigid,1301818,1301819,1301824,1,5,6,completed,2
13246,Rigid,1301818,1301819,1301824,1,5,6,completed,2
13247,Rigid,1301818,1301819,1301824,1,5,6,completed,2
13248,Rigid,1301818,1301819,1301824,1,5,6,completed,2
13249,Rigid,1301818,1301819,1301824,1,5,6,completed,2
13250,Rigid,1301819,1301819,1301824,0,5,5,completed,2
13251,Rigid,1301819,1301819,1301824,0,5,5,completed,2
13252,Rigid,1301819,1301819,1301824,0,5,5,completed,2
13253,Rigid,1301819,1301819,1301824,0,5,5,completed,2
13254,Rigid,1301819,1301820,1301824,1,4,5,completed,2
13255,Rigid,1301820,1301820,1301824,0,4,4,completed,2
13256,Rigid,1301820,1301820,1301824,0,4,4,completed,2
13257,Rigid,1301820,1301820,1301827,0,7,7,completed,2
13258,Rigid,1301820,1301821,1301827,1,6,7,completed,2
13259,Rigid,1301820,1301821,1301827,1,6,7,completed,2
13260,Rigid,1301820,1301821,1301827,1,6,7,completed,2
13261,Rigid,1301821,1301821,1301827,0,6,6,completed,2
13262,Rigid,1301821,1301821,1301827,0,6,6,completed,2
13263,Rigid,1301821,1301821,1301827,0,6,6,completed,2
13264,Rigid,1301821,1301821,1301827,0,6,6,completed,2
13265,Rigid,1301821,1301821,1301827,0,6,6,completed,2
13266,Rigid,1301821,1301821,1301827,0,6,6,completed,2
13267,Rigid,1301821,1301821,1301827,0,6,6,completed,2
13268,Rigid,1301822,1301824,1301832,2,8,10,completed,2
13269,Rigid,1301822,1301824,1301832,2,8,10,completed,2
13270,Rigid,1301831,1302320,1311746,489,9426,9915,completed,288
13271,Rigid,1302005,1302075,1302381,70,306,376,completed,36
13272,Rigid,1302107,1302108,1302126,1,18,19,completed,1
13273,Rigid,1302107,1302108,1302126,1,18,19,completed,1
13274,Rigid,1302107,1302108,1302126,1,18,19,completed,1
13275,Rigid,1302107,1302108,1302126,1,18,19,completed,1
13276,Rigid,1302107,1302108,1302126,1,18,19,completed,1
13277,Rigid,1302107,1302108,1302126,1,18,19,completed,1
13278,Rigid,1302107,1302108,1302127,1,19,20,completed,1
13279,Rigid,1302107,1302108,1302126,1,18,19,completed,1
13280,Rigid,1302107,1302108,1302126,1,18,19,completed,1
13281,Rigid,1302107,1302108,1302126,1,18,19,completed,1
13282,Rigid,1302107,1302108,1302126,1,18,19,completed,1
13283,Rigid,1302107,1302108,1302126,1,18,19,completed,1
13284,Rigid,1302107,1302108,1302126,1,18,19,completed,1
13285,Rigid,1302107,1302108,1302126,1,18,19,completed,1
13286,Rigid,1302107,1302108,1302126,1,18,19,completed,1
13287,Rigid,1302107,1302108,1302126,1,18,19,completed,1
13288,Rigid,1302107,1302108,1302126,1,18,19,completed,1
13289,Rigid,1302107,1302108,1302138,1,30,31,completed,1
13290,Rigid,1302107,1302108,1302126,1,18,19,completed,1
13291,Rigid,1302107,1302108,1302126,1,18,19,completed,1
13292,Rigid,1302107,1302108,1302126,1,18,19,completed,1
13293,Rigid,1302107,1302108,1302126,1,18,19,completed,1
13294,Rigid,1302107,1302108,1302126,1,18,19,completed,1
13295,Rigid,1302107,1302108,1302139,1,31,32,completed,1
13296,Rigid,1302107,1302108,1302126,1,18,19,completed,1
13297,Rigid,1302107,1302108,1302126,1,18,19,completed,1
13298,Rigid,1302107,1302108,1302126,1,18,19,completed,1
13299,Rigid,1302107,1302108,1302126,1,18,19,completed,1
13300,Rigid,1302107,1302108,1302126,1,18,19,completed,1
13301,Rigid,1302107,1302108,1302126,1,18,19,completed,1
13302,Rigid,1302107,1302108,1302126,1,18,19,completed,1
13303,Rigid,1302107,1302108,1302132,1,24,25,completed,1
13304,Rigid,1302107,1302108,1302126,1,18,19,completed,1
13305,Rigid,1302107,1302108,1302126,1,18,19,completed,1
13306,Rigid,1302107,1302108,1302126,1,18,19,completed,1
13307,Rigid,1302107,1302108,1302126,1,18,19,completed,1
13308,Rigid,1302107,1302108,1302126,1,18,19,completed,1
13309,Rigid,1302107,1302108,1302126,1,18,19,completed,1
13310,Rigid,1302107,1302108,1302126,1,18,19,completed,1
13311,Rigid,1302107,1302108,1302137,1,29,30,completed,1
13312,Rigid,1302107,1302108,1302125,1,17,18,completed,1
13313,Rigid,1302107,1302108,1302125,1,17,18,completed,1
13314,Rigid,1302107,1302108,1302125,1,17,18,completed,1
13315,Rigid,1302107,1302108,1302125,1,17,18,completed,1
13316,Rigid,1302107,1302108,1302125,1,17,18,completed,1
13317,Rigid,1302107,1302108,1302139,1,31,32,completed,1
13318,Rigid,1302107,1302108,1302125,1,17,18,completed,1
13319,Rigid,1302107,1302108,1302141,1,33,34,completed,1
13320,Rigid,1302107,1302108,1302126,1,18,19,completed,1
13321,Rigid,1302107,1302108,1302126,1,18,19,completed,1
13322,Rigid,1302107,1302108,1302138,1,30,31,completed,1
13323,Rigid,1302107,1302108,1302126,1,18,19,completed,1
13324,Rigid,1302107,1302108,1302126,1,18,19,completed,1
13325,Rigid,1302107,1302108,1302137,1,29,30,completed,1
13326,Rigid,1302107,1302108,1302126,1,18,19,completed,1
13327,Rigid,1302107,1302108,1302126,1,18,19,completed,1
13328,Rigid,1302107,1302108,1302126,1,18,19,completed,1
13329,Rigid,1302107,1302108,1302126,1,18,19,completed,1
13330,Rigid,1302107,1302108,1302128,1,20,21,completed,1
13331,Rigid,1302107,1302108,1302126,1,18,19,completed,1
13332,Rigid,1302107,1302108,1302126,1,18,19,completed,1
13333,Rigid,1302107,1302108,1302126,1,18,19,completed,1
13334,Rigid,1302107,1302108,1302126,1,18,19,completed,1
13335,Rigid,1302107,1302108,1302126,1,18,19,completed,1
13336,Rigid,1302107,1302108,1302126,1,18,19,completed,1
13337,Rigid,1302107,1302108,1302126,1,18,19,completed,1
13338,Rigid,1302107,1302108,1302126,1,18,19,completed,1
13339,Rigid,1302107,1302108,1302131,1,23,24,completed,1
13340,Rigid,1302107,1302108,1302126,1,18,19,completed,1
13341,Rigid,1302107,1302108,1302126,1,18,19,completed,1
13342,Rigid,1302107,1302108,1302126,1,18,19,completed,1
13343,Rigid,1302107,1302108,1302136,1,28,29,completed,1
13344,Rigid,1302107,1302108,1302138,1,30,31,completed,1
13345,Rigid,1302107,1302108,1302126,1,18,19,completed,1
13346,Rigid,1302107,1302108,1302126,1,18,19,completed,1
13347,Rigid,1302107,1302108,1302126,1,18,19,completed,1
13348,Rigid,1302107,1302108,1302140,1,32,33,completed,1
13349,Rigid,1302107,1302108,1302126,1,18,19,completed,1
13350,Rigid,1302107,1302108,1302126,1,18,19,completed,1
13351,Rigid,1302107,1302108,1302139,1,31,32,completed,1
13352,Rigid,1302107,1302108,1302126,1,18,19,completed,1
13353,Rigid,1302107,1302108,1302139,1,31,32,completed,1
13354,Rigid,1302107,1302108,1302135,1,27,28,completed,1
13355,Rigid,1302107,1302108,1302126,1,18,19,completed,1
13356,Rigid,1302107,1302108,1302140,1,32,33,completed,1
13357,Rigid,1302107,1302108,1302126,1,18,19,completed,1
13358,Rigid,1302107,1302108,1302126,1,18,19,completed,1
13359,Rigid,1302107,1302108,1302126,1,18,19,completed,1
13360,Rigid,1302107,1302108,1302132,1,24,25,completed,1
13361,Rigid,1302107,1302108,1302126,1,18,19,completed,1
13362,Rigid,1302107,1302108,1302126,1,18,19,completed,1
13363,Rigid,1302107,1302108,1302126,1,18,19,completed,1
13364,Rigid,1302107,1302108,1302126,1,18,19,completed,1
13365,Rigid,1302107,1302108,1302140,1,32,33,completed,1
13366,Rigid,1302107,1302108,1302126,1,18,19,completed,1
13367,Rigid,1302107,1302108,1302128,1,20,21,completed,1
13368,Rigid,1302107,1302108,1302126,1,18,19,completed,1
13369,Rigid,1302107,1302108,1302125,1,17,18,completed,1
13370,Rigid,1302107,1302108,1302125,1,17,18,completed,1
13371,Rigid,1302107,1302108,1302125,1,17,18,completed,1
13372,Rigid,1302107,1302108,1302125,1,17,18,completed,1
13373,Rigid,1302107,1302108,1302125,1,17,18,completed,1
13374,Rigid,1302107,1302108,1302125,1,17,18,completed,1
13375,Rigid,1302107,1302108,1302140,1,32,33,completed,1
13376,Rigid,1302107,1302108,1302126,1,18,19,completed,1
13377,Rigid,1302107,1302108,1302125,1,17,18,completed,1
13378,Rigid,1302107,1302108,1302125,1,17,18,completed,1
13379,Rigid,1302107,1302108,1302125,1,17,18,completed,1
13380,Rigid,1302107,1302108,1302125,1,17,18,completed,1
13381,Rigid,1302107,1302108,1302128,1,20,21,completed,1
13382,Rigid,1302107,1302108,1302126,1,18,19,completed,1
13383,Rigid,1302107,1302108,1302126,1,18,19,completed,1
13384,Rigid,1302107,1302108,1302128,1,20,21,completed,1
13385,Rigid,1302107,1302108,1302126,1,18,19,completed,1
13386,Rigid,1302107,1302108,1302126,1,18,19,completed,1
13387,Rigid,1302107,1302108,1302139,1,31,32,completed,1
13388,Rigid,1302107,1302108,1302139,1,31,32,completed,1
13389,Rigid,1302107,1302108,1302126,1,18,19,completed,1
13390,Rigid,1302107,1302108,1302140,1,32,33,completed,1
13391,Rigid,1302107,1302108,1302136,1,28,29,completed,1
13392,Rigid,1302107,1302108,1302126,1,18,19,completed,1
13393,Rigid,1302107,1302108,1302126,1,18,19,completed,1
13394,Rigid,1302107,1302108,1302126,1,18,19,completed,1
13395,Rigid,1302107,1302108,1302126,1,18,19,completed,1
13396,Rigid,1302107,1302108,1302126,1,18,19,completed,1
13397,Rigid,1302107,1302108,1302126,1,18,19,completed,1
13398,Rigid,1302107,1302108,1302139,1,31,32,completed,1
13399,Rigid,1302107,1302108,1302126,1,18,19,completed,1
13400,Rigid,1302107,1302108,1302139,1,31,32,completed,1
13401,Rigid,1302107,1302108,1302126,1,18,19,completed,1
13402,Rigid,1302107,1302108,1302126,1,18,19,completed,1
13403,Rigid,1302107,1302108,1302126,1,18,19,completed,1
13404,Rigid,1302107,1302108,1302140,1,32,33,completed,1
13405,Rigid,1302107,1302108,1302139,1,31,32,completed,1
13406,Rigid,1302107,1302108,1302126,1,18,19,completed,1
13407,Rigid,1302107,1302108,1302125,1,17,18,completed,1
13408,Rigid,1302107,1302108,1302135,1,27,28,completed,1
13409,Rigid,1302107,1302108,1302139,1,31,32,completed,1
13410,Rigid,1302107,1302108,1302140,1,32,33,completed,1
13411,Rigid,1302107,1302108,1302140,1,32,33,completed,1
13412,Rigid,1302107,1302108,1302126,1,18,19,completed,1
13413,Rigid,1302107,1302108,1302126,1,18,19,completed,1
13414,Rigid,1302107,1302108,1302126,1,18,19,completed,1
13415,Rigid,1302107,1302108,1302140,1,32,33,completed,1
13416,Rigid,1302107,1302108,1302139,1,31,32,completed,1
13417,Rigid,1302107,1302108,1302128,1,20,21,completed,1
13418,Rigid,1302107,1302108,1302128,1,20,21,completed,1
13419,Rigid,1302107,1302108,1302126,1,18,19,completed,1
13420,Rigid,1302107,1302108,1302126,1,18,19,completed,1
13421,Rigid,1302107,1302108,1302125,1,17,18,completed,1
13422,Rigid,1302107,1302108,1302137,1,29,30,completed,1
13423,Rigid,1302107,1302108,1302126,1,18,19,completed,1
13424,Rigid,1302107,1302108,1302136,1,28,29,completed,1
13425,Rigid,1302107,1302108,1302126,1,18,19,completed,1
13426,Rigid,1302107,1302108,1302132,1,24,25,completed,1
13427,Rigid,1302107,1302108,1302125,1,17,18,completed,1
13428,Rigid,1302107,1302108,1302126,1,18,19,completed,1
13429,Rigid,1302107,1302108,1302126,1,18,19,completed,1
13430,Rigid,1302107,1302108,1302126,1,18,19,completed,1
13431,Rigid,1302107,1302108,1302126,1,18,19,completed,1
13432,Rigid,1302107,1302108,1302126,1,18,19,completed,1
13433,Rigid,1302107,1302108,1302126,1,18,19,completed,1
13434,Rigid,1302107,1302108,1302125,1,17,18,completed,1
13435,Rigid,1302107,1302108,1302126,1,18,19,completed,1
13436,Rigid,1302107,1302108,1302126,1,18,19,completed,1
13437,Rigid,1302107,1302108,1302126,1,18,19,completed,1
13438,Rigid,1302107,1302108,1302126,1,18,19,completed,1
13439,Rigid,1302107,1302108,1302141,1,33,34,completed,1
13440,Rigid,1302107,1302108,1302126,1,18,19,completed,1
13441,Rigid,1302107,1302108,1302144,1,36,37,completed,1
13442,Rigid,1302107,1302108,1302141,1,33,34,completed,1
13443,Rigid,1302107,1302108,1302126,1,18,19,completed,1
13444,Rigid,1302107,1302108,1302145,1,37,38,completed,1
13445,Rigid,1302107,1302108,1302126,1,18,19,completed,1
13446,Rigid,1302107,1302108,1302144,1,36,37,completed,1
13447,Rigid,1302107,1302108,1302136,1,28,29,completed,1
13448,Rigid,1302107,1302108,1302126,1,18,19,completed,1
13449,Rigid,1302107,1302108,1302126,1,18,19,completed,1
13450,Rigid,1302107,1302108,1302139,1,31,32,completed,1
13451,Rigid,1302107,1302108,1302126,1,18,19,completed,1
13452,Rigid,1302107,1302108,1302131,1,23,24,completed,1
13453,Rigid,1302107,1302108,1302126,1,18,19,completed,1
13454,Rigid,1302107,1302108,1302126,1,18,19,completed,1
13455,Rigid,1302107,1302108,1302126,1,18,19,completed,1
13456,Rigid,1302107,1302108,1302140,1,32,33,completed,1
13457,Rigid,1302107,1302108,1302126,1,18,19,completed,1
13458,Rigid,1302107,1302108,1302136,1,28,29,completed,1
13459,Rigid,1302107,1302108,1302126,1,18,19,completed,1
13460,Rigid,1302107,1302108,1302126,1,18,19,completed,1
13461,Rigid,1302107,1302108,1302137,1,29,30,completed,1
13462,Rigid,1302107,1302108,1302128,1,20,21,completed,1
13463,Rigid,1302107,1302108,1302125,1,17,18,completed,1
13464,Rigid,1302107,1302108,1302125,1,17,18,completed,1
13465,Rigid,1302107,1302108,1302125,1,17,18,completed,1
13466,Rigid,1302107,1302108,1302126,1,18,19,completed,1
13467,Rigid,1302107,1302108,1302125,1,17,18,completed,1
13468,Rigid,1302107,1302108,1302125,1,17,18,completed,1
13469,Rigid,1302107,1302108,1302125,1,17,18,completed,1
13470,Rigid,1302107,1302108,1302125,1,17,18,completed,1
13471,Rigid,1302107,1302108,1302125,1,17,18,completed,1
13472,Rigid,1302107,1302108,1302126,1,18,19,completed,1
13473,Rigid,1302107,1302108,1302125,1,17,18,completed,1
13474,Rigid,1302107,1302108,1302126,1,18,19,completed,1
13475,Rigid,1302107,1302108,1302125,1,17,18,completed,1
13476,Rigid,1302107,1302108,1302125,1,17,18,completed,1
13477,Rigid,1302107,1302108,1302126,1,18,19,completed,1
13478,Rigid,1302107,1302108,1302125,1,17,18,completed,1
13479,Rigid,1302107,1302108,1302126,1,18,19,completed,1
13480,Rigid,1302107,1302108,1302140,1,32,33,completed,1
13481,Rigid,1302107,1302108,1302125,1,17,18,completed,1
13482,Rigid,1302107,1302108,1302125,1,17,18,completed,1
13483,Rigid,1302107,1302108,1302125,1,17,18,completed,1
13484,Rigid,1302107,1302108,1302128,1,20,21,completed,1
13485,Rigid,1302107,1302108,1302126,1,18,19,completed,1
13486,Rigid,1302107,1302108,1302139,1,31,32,completed,1
13487,Rigid,1302107,1302108,1302138,1,30,31,completed,1
13488,Rigid,1302107,1302108,1302139,1,31,32,completed,1
13489,Rigid,1302107,1302108,1302131,1,23,24,completed,1
13490,Rigid,1302107,1302108,1302128,1,20,21,completed,1
13491,Rigid,1302107,1302108,1302126,1,18,19,completed,1
13492,Rigid,1302107,1302108,1302126,1,18,19,completed,1
13493,Rigid,1302107,1302108,1302126,1,18,19,completed,1
13494,Rigid,1302107,1302108,1302126,1,18,19,completed,1
13495,Rigid,1302107,1302108,1302138,1,30,31,completed,1
13496,Rigid,1302107,1302108,1302126,1,18,19,completed,1
13497,Rigid,1302107,1302108,1302136,1,28,29,completed,1
13498,Rigid,1302107,1302108,1302135,1,27,28,completed,1
13499,Rigid,1302107,1302108,1302135,1,27,28,completed,1
13500,Rigid,1302107,1302108,1302126,1,18,19,completed,1
13501,Rigid,1302107,1302108,1302126,1,18,19,completed,1
13502,Rigid,1302107,1302108,1302142,1,34,35,completed,1
13503,Rigid,1302107,1302108,1302126,1,18,19,completed,1
13504,Rigid,1302107,1302108,1302128,1,20,21,completed,1
13505,Rigid,1302107,1302108,1302126,1,18,19,completed,1
13506,Rigid,1302107,1302108,1302135,1,27,28,completed,1
13507,Rigid,1302107,1302108,1302130,1,22,23,completed,1
13508,Rigid,1302107,1302108,1302136,1,28,29,completed,1
13509,Rigid,1302107,1302108,1302138,1,30,31,completed,1
13510,Rigid,1302107,1302108,1302131,1,23,24,completed,1
13511,Rigid,1302107,1302108,1302140,1,32,33,completed,1
13512,Rigid,1302107,1302108,1302138,1,30,31,completed,1
13513,Rigid,1302107,1302108,1302139,1,31,32,completed,1
13514,Rigid,1302107,1302108,1302140,1,32,33,completed,1
13515,Rigid,1302107,1302108,1302143,1,35,36,completed,1
13516,Rigid,1302107,1302108,1302141,1,33,34,completed,1
13517,Rigid,1302107,1302108,1302131,1,23,24,completed,1
13518,Rigid,1302107,1302108,1302141,1,33,34,completed,1
13519,Rigid,1302107,1302108,1302141,1,33,34,completed,1
13520,Rigid,1302107,1302108,1302140,1,32,33,completed,1
13521,Rigid,1302107,1302108,1302138,1,30,31,completed,1
13522,Rigid,1302107,1302108,1302145,1,37,38,completed,1
13523,Rigid,1302107,1302108,1302139,1,31,32,completed,1
13524,Rigid,1302107,1302108,1302128,1,20,21,completed,1
13525,Rigid,1302107,1302108,1302129,1,21,22,completed,1
13526,Rigid,1302107,1302108,1302132,1,24,25,completed,1
13527,Rigid,1302107,1302108,1302140,1,32,33,completed,1
13528,Rigid,1302107,1302108,1302137,1,29,30,completed,1
13529,Rigid,1302107,1302109,1302141,2,32,34,completed,1
13530,Rigid,1302107,1302109,1302142,2,33,35,completed,1
13531,Rigid,1302107,1302109,1302140,2,31,33,completed,1
13532,Rigid,1302107,1302109,1302125,2,16,18,completed,1
13533,Rigid,1302107,1302109,1302132,2,23,25,completed,1
13534,Rigid,1302107,1302109,1302145,2,36,38,completed,1
13535,Rigid,1302107,1302109,1302126,2,17,19,completed,1
13536,Rigid,1302107,1302109,1302141,2,32,34,completed,1
13537,Rigid,1302107,1302109,1302140,2,31,33,completed,1
13538,Rigid,1302107,1302109,1302125,2,16,18,completed,1
13539,Rigid,1302107,1302109,1302139,2,30,32,completed,1
13540,Rigid,1302107,1302109,1302137,2,28,30,completed,1
13541,Rigid,1302107,1302109,1302138,2,29,31,completed,1
13542,Rigid,1302107,1302109,1302137,2,28,30,completed,1
13543,Rigid,1302107,1302109,1302136,2,27,29,completed,1
13544,Rigid,1302107,1302109,1302142,2,33,35,completed,1
13545,Rigid,1302107,1302109,1302138,2,29,31,completed,1
13546,Rigid,1302107,1302109,1302131,2,22,24,completed,1
13547,Rigid,1302107,1302109,1302139,2,30,32,completed,1
13548,Rigid,1302107,1302109,1302143,2,34,36,completed,1
13549,Rigid,1302107,1302109,1302128,2,19,21,completed,1
13550,Rigid,1302107,1302109,1302145,2,36,38,completed,1
13551,Rigid,1302107,1302109,1302128,2,19,21,completed,1
13552,Rigid,1302107,1302109,1302139,2,30,32,completed,1
13553,Rigid,1302107,1302109,1302135,2,26,28,completed,1
13554,Rigid,1302107,1302109,1302128,2,19,21,completed,1
13555,Rigid,1302107,1302109,1302135,2,26,28,completed,1
13556,Rigid,1302107,1302109,1302131,2,22,24,completed,1
13557,Rigid,1302107,1302109,1302138,2,29,31,completed,1
13558,Rigid,1302107,1302109,1302136,2,27,29,completed,1
13559,Rigid,1302107,1302109,1302128,2,19,21,completed,1
13560,Rigid,1302107,1302109,1302139,2,30,32,completed,1
13561,Rigid,1302107,1302109,1302129,2,20,22,completed,1
13562,Rigid,1302107,1302109,1302140,2,31,33,completed,1
13563,Rigid,1302107,1302109,1302136,2,27,29,completed,1
13564,Rigid,1302107,1302109,1302138,2,29,31,completed,1
13565,Rigid,1302107,1302109,1302141,2,32,34,completed,1
13566,Rigid,1302107,1302109,1302136,2,27,29,completed,1
13567,Rigid,1302107,1302109,1302126,2,17,19,completed,1
13568,Rigid,1302107,1302109,1302136,2,27,29,completed,1
13569,Rigid,1302107,1302109,1302140,2,31,33,completed,1
13570,Rigid,1302107,1302109,1302128,2,19,21,completed,1
13571,Rigid,1302107,1302109,1302126,2,17,19,completed,1
13572,Rigid,1302107,1302109,1302136,2,27,29,completed,1
13573,Rigid,1302107,1302109,1302141,2,32,34,completed,1
13574,Rigid,1302107,1302109,1302139,2,30,32,completed,1
13575,Rigid,1302107,1302109,1302140,2,31,33,completed,1
13576,Rigid,1302107,1302109,1302140,2,31,33,completed,1
13577,Rigid,1302107,1302109,1302141,2,32,34,completed,1
13578,Rigid,1302107,1302109,1302139,2,30,32,completed,1
13579,Rigid,1302107,1302109,1302133,2,24,26,completed,1
13580,Rigid,1302107,1302109,1302137,2,28,30,completed,1
13581,Rigid,1302107,1302109,1302139,2,30,32,completed,1
13582,Rigid,1302107,1302109,1302143,2,34,36,completed,1
13583,Rigid,1302107,1302109,1302134,2,25,27,completed,1
13584,Rigid,1302107,1302109,1302142,2,33,35,completed,1
13585,Rigid,1302107,1302109,1302145,2,36,38,completed,1
13586,Rigid,1302107,1302109,1302128,2,19,21,completed,1
13587,Rigid,1302107,1302109,1302139,2,30,32,completed,1
13588,Rigid,1302107,1302109,1302131,2,22,24,completed,1
13589,Rigid,1302107,1302109,1302139,2,30,32,completed,1
13590,Rigid,1302107,1302109,1302143,2,34,36,completed,1
13591,Rigid,1302107,1302109,1302139,2,30,32,completed,1
13592,Rigid,1302107,1302109,1302140,2,31,33,completed,1
13593,Rigid,1302107,1302109,1302128,2,19,21,completed,1
13594,Rigid,1302107,1302109,1302143,2,34,36,completed,1
13595,Rigid,1302107,1302109,1302144,2,35,37,completed,1
13596,Rigid,1302107,1302109,1302128,2,19,21,completed,1
13597,Rigid,1302107,1302109,1302141,2,32,34,completed,1
13598,Rigid,1302107,1302109,1302139,2,30,32,completed,1
13599,Rigid,1302107,1302109,1302140,2,31,33,completed,1
13600,Rigid,1302107,1302109,1302128,2,19,21,completed,1
13601,Rigid,1302107,1302109,1302140,2,31,33,completed,1
13602,Rigid,1302107,1302109,1302128,2,19,21,completed,1
13603,Rigid,1302107,1302109,1302145,2,36,38,completed,1
13604,Rigid,1302107,1302109,1302140,2,31,33,completed,1
13605,Rigid,1302107,1302109,1302140,2,31,33,completed,1
13606,Rigid,1302107,1302109,1302139,2,30,32,completed,1
13607,Rigid,1302107,1302109,1302128,2,19,21,completed,1
13608,Rigid,1302107,1302109,1302140,2,31,33,completed,1
13609,Rigid,1302107,1302109,1302136,2,27,29,completed,1
13610,Rigid,1302107,1302109,1302129,2,20,22,completed,1
13611,Rigid,1302107,1302109,1302140,2,31,33,completed,1
13612,Rigid,1302107,1302109,1302140,2,31,33,completed,1
13613,Rigid,1302107,1302109,1302133,2,24,26,completed,1
13614,Rigid,1302107,1302109,1302142,2,33,35,completed,1
13615,Rigid,1302107,1302109,1302128,2,19,21,completed,1
13616,Rigid,1302107,1302109,1302144,2,35,37,completed,1
13617,Rigid,1302107,1302109,1302129,2,20,22,completed,1
13618,Rigid,1302107,1302109,1302141,2,32,34,completed,1
13619,Rigid,1302107,1302109,1302142,2,33,35,completed,1
13620,Rigid,1302107,1302109,1302135,2,26,28,completed,1
13621,Rigid,1302107,1302109,1302132,2,23,25,completed,1
13622,Rigid,1302107,1302109,1302133,2,24,26,completed,1
13623,Rigid,1302107,1302109,1302139,2,30,32,completed,1
13624,Rigid,1302107,1302109,1302128,2,19,21,completed,1
13625,Rigid,1302107,1302109,1302132,2,23,25,completed,1
13626,Rigid,1302107,1302109,1302140,2,31,33,completed,1
13627,Rigid,1302107,1302109,1302128,2,19,21,completed,1
13628,Rigid,1302107,1302109,1302141,2,32,34,completed,1
13629,Rigid,1302107,1302109,1302139,2,30,32,completed,1
13630,Rigid,1302107,1302109,1302138,2,29,31,completed,1
13631,Rigid,1302107,1302109,1302137,2,28,30,completed,1
13632,Rigid,1302107,1302109,1302131,2,22,24,completed,1
13633,Rigid,1302107,1302109,1302139,2,30,32,completed,1
13634,Rigid,1302107,1302109,1302139,2,30,32,completed,1
13635,Rigid,1302107,1302109,1302130,2,21,23,completed,1
13636,Rigid,1302107,1302109,1302139,2,30,32,completed,1
13637,Rigid,1302107,1302109,1302144,2,35,37,completed,1
13638,Rigid,1302107,1302109,1302139,2,30,32,completed,1
13639,Rigid,1302107,1302109,1302140,2,31,33,completed,1
13640,Rigid,1302107,1302109,1302133,2,24,26,completed,1
13641,Rigid,1302107,1302109,1302136,2,27,29,completed,1
13642,Rigid,1302107,1302109,1302140,2,31,33,completed,1
13643,Rigid,1302107,1302109,1302137,2,28,30,completed,1
13644,Rigid,1302107,1302109,1302126,2,17,19,completed,1
13645,Rigid,1302107,1302109,1302134,2,25,27,completed,1
13646,Rigid,1302107,1302109,1302132,2,23,25,completed,1
13647,Rigid,1302107,1302109,1302126,2,17,19,completed,1
13648,Rigid,1302107,1302109,1302134,2,25,27,completed,1
13649,Rigid,1302107,1302109,1302140,2,31,33,completed,1
13650,Rigid,1302107,1302109,1302126,2,17,19,completed,1
13651,Rigid,1302107,1302109,1302139,2,30,32,completed,1
13652,Rigid,1302107,1302109,1302145,2,36,38,completed,1
13653,Rigid,1302107,1302109,1302128,2,19,21,completed,1
13654,Rigid,1302107,1302109,1302138,2,29,31,completed,1
13655,Rigid,1302107,1302109,1302129,2,20,22,completed,1
13656,Rigid,1302107,1302109,1302140,2,31,33,completed,1
13657,Rigid,1302107,1302109,1302135,2,26,28,completed,1
13658,Rigid,1302107,1302109,1302139,2,30,32,completed,1
13659,Rigid,1302107,1302109,1302130,2,21,23,completed,1
13660,Rigid,1302107,1302109,1302131,2,22,24,completed,1
13661,Rigid,1302107,1302109,1302133,2,24,26,completed,1
13662,Rigid,1302107,1302109,1302139,2,30,32,completed,1
13663,Rigid,1302107,1302109,1302126,2,17,19,completed,1
13664,Rigid,1302107,1302109,1302126,2,17,19,completed,1
13665,Rigid,1302107,1302109,1302137,2,28,30,completed,1
13666,Rigid,1302107,1302109,1302126,2,17,19,completed,1
13667,Rigid,1302107,1302109,1302126,2,17,19,completed,1
13668,Rigid,1302107,1302109,1302126,2,17,19,completed,1
13669,Rigid,1302107,1302109,1302126,2,17,19,completed,1
13670,Rigid,1302107,1302109,1302126,2,17,19,completed,1
13671,Rigid,1302107,1302109,1302137,2,28,30,completed,1
13672,Rigid,1302107,1302127,1302139,20,12,32,completed,1
13673,Rigid,1302107,1302127,1302141,20,14,34,completed,1
13674,Rigid,1302107,1302127,1302143,20,16,36,completed,1
13675,Rigid,1302107,1302127,1302143,20,16,36,completed,1
13676,Rigid,1302107,1302127,1302144,20,17,37,completed,1
13677,Rigid,1302107,1302127,1302138,20,11,31,completed,1
13678,Rigid,1302107,1302127,1302145,20,18,38,completed,1
13679,Rigid,1302107,1302127,1302145,20,18,38,completed,1
13680,Rigid,1302107,1302127,1302141,20,14,34,completed,1
13681,Rigid,1302107,1302127,1302142,20,15,35,completed,1
13682,Rigid,1302107,1302127,1302140,20,13,33,completed,1
13683,Rigid,1302107,1302127,1302145,20,18,38,completed,1
13684,Rigid,1302107,1302127,1302145,20,18,38,completed,1
13685,Rigid,1302107,1302127,1302145,20,18,38,completed,1
13686,Rigid,1302107,1302127,1302141,20,14,34,completed,1
13687,Rigid,1302107,1302127,1302140,20,13,33,completed,1
13688,Rigid,1302107,1302127,1302142,20,15,35,completed,1
13689,Rigid,1302107,1302127,1302140,20,13,33,completed,1
13690,Rigid,1302107,1302127,1302140,20,13,33,completed,1
13691,Rigid,1302107,1302127,1302145,20,18,38,completed,1
13692,Rigid,1302107,1302127,1302141,20,14,34,completed,1
13693,Rigid,1302107,1302127,1302142,20,15,35,completed,1
13694,Rigid,1302107,1302127,1302144,20,17,37,completed,1
13695,Rigid,1302107,1302127,1302139,20,12,32,completed,1
13696,Rigid,1302107,1302127,1302142,20,15,35,completed,1
13697,Rigid,1302107,1302127,1302142,20,15,35,completed,1
13698,Rigid,1302107,1302127,1302140,20,13,33,completed,1
13699,Rigid,1302107,1302127,1302140,20,13,33,completed,1
13700,Rigid,1302107,1302127,1302138,20,11,31,completed,1
13701,Rigid,1302107,1302127,1302139,20,12,32,completed,1
13702,Rigid,1302107,1302127,1302142,20,15,35,completed,1
13703,Rigid,1302107,1302127,1302141,20,14,34,completed,1
13704,Rigid,1302107,1302127,1302142,20,15,35,completed,1
13705,Rigid,1302107,1302127,1302143,20,16,36,completed,1
13706,Rigid,1302107,1302127,1302139,20,12,32,completed,1
13707,Rigid,1302107,1302127,1302140,20,13,33,completed,1
13708,Rigid,1302107,1302127,1302144,20,17,37,completed,1
13709,Rigid,1302107,1302127,1302144,20,17,37,completed,1
13710,Rigid,1302107,1302127,1302143,20,16,36,completed,1
13711,Rigid,1302107,1302127,1302140,20,13,33,completed,1
13712,Rigid,1302107,1302127,1302138,20,11,31,completed,1
13713,Rigid,1302107,1302127,1302139,20,12,32,completed,1
13714,Rigid,1302107,1302127,1302139,20,12,32,completed,1
13715,Rigid,1302107,1302127,1302141,20,14,34,completed,1
13716,Rigid,1302107,1302127,1302138,20,11,31,completed,1
13717,Rigid,1302107,1302127,1302139,20,12,32,completed,1
13718,Rigid,1302107,1302127,1302143,20,16,36,completed,1
13719,Rigid,1302107,1302127,1302141,20,14,34,completed,1
13720,Rigid,1302107,1302127,1302140,20,13,33,completed,1
13721,Rigid,1302107,1302127,1302144,20,17,37,completed,1
13722,Rigid,1302107,1302127,1302139,20,12,32,completed,1
13723,Rigid,1302107,1302127,1302141,20,14,34,completed,1
13724,Rigid,1302107,1302127,1302144,20,17,37,completed,1
13725,Rigid,1302107,1302127,1302140,20,13,33,completed,1
13726,Rigid,1302107,1302127,1302140,20,13,33,completed,1
13727,Rigid,1302107,1302127,1302138,20,11,31,completed,1
13728,Rigid,1302107,1302127,1302140,20,13,33,completed,1
13729,Rigid,1302107,1302127,1302140,20,13,33,completed,1
13730,Rigid,1302107,1302127,1302142,20,15,35,completed,1
13731,Rigid,1302107,1302127,1302140,20,13,33,completed,1
13732,Rigid,1302107,1302127,1302145,20,18,38,completed,1
13733,Rigid,1302107,1302127,1302139,20,12,32,completed,1
13734,Rigid,1302107,1302127,1302139,20,12,32,completed,1
13735,Rigid,1302107,1302127,1302145,20,18,38,completed,1
13736,Rigid,1302107,1302127,1302142,20,15,35,completed,1
13737,Rigid,1302107,1302127,1302138,20,11,31,completed,1
13738,Rigid,1302107,1302127,1302145,20,18,38,completed,1
13739,Rigid,1302107,1302127,1302140,20,13,33,completed,1
13740,Rigid,1302107,1302127,1302140,20,13,33,completed,1
13741,Rigid,1302107,1302127,1302145,20,18,38,completed,1
13742,Rigid,1302107,1302127,1302139,20,12,32,completed,1
13743,Rigid,1302107,1302127,1302142,20,15,35,completed,1
13744,Rigid,1302107,1302127,1302141,20,14,34,completed,1
13745,Rigid,1302107,1302127,1302141,20,14,34,completed,1
13746,Rigid,1302107,1302127,1302138,20,11,31,completed,1
13747,Rigid,1302107,1302127,1302144,20,17,37,completed,1
13748,Rigid,1302107,1302127,1302138,20,11,31,completed,1
13749,Rigid,1302107,1302127,1302144,20,17,37,completed,1
13750,Rigid,1302107,1302127,1302145,20,18,38,completed,1
13751,Rigid,1302107,1302127,1302141,20,14,34,completed,1
13752,Rigid,1302107,1302127,1302141,20,14,34,completed,1
13753,Rigid,1302107,1302127,1302141,20,14,34,completed,1
13754,Rigid,1302107,1302127,1302141,20,14,34,completed,1
13755,Rigid,1302107,1302127,1302144,20,17,37,completed,1
13756,Rigid,1302107,1302127,1302143,20,16,36,completed,1
13757,Rigid,1302107,1302127,1302144,20,17,37,completed,1
13758,Rigid,1302107,1302127,1302145,20,18,38,completed,1
13759,Rigid,1302107,1302127,1302142,20,15,35,completed,1
13760,Rigid,1302107,1302127,1302142,20,15,35,completed,1
13761,Rigid,1302107,1302127,1302144,20,17,37,completed,1
13762,Rigid,1302107,1302127,1302145,20,18,38,completed,1
13763,Rigid,1302107,1302127,1302144,20,17,37,completed,1
13764,Rigid,1302107,1302127,1302143,20,16,36,completed,1
13765,Rigid,1302107,1302127,1302140,20,13,33,completed,1
13766,Rigid,1302107,1302127,1302144,20,17,37,completed,1
13767,Rigid,1302107,1302127,1302145,20,18,38,completed,1
13768,Rigid,1302107,1302127,1302140,20,13,33,completed,1
13769,Rigid,1302107,1302127,1302145,20,18,38,completed,1
13770,Rigid,1302107,1302127,1302142,20,15,35,completed,1
13771,Rigid,1302107,1302127,1302141,20,14,34,completed,1
13772,Rigid,1302107,1302127,1302142,20,15,35,completed,1
13773,Rigid,1302107,1302127,1302145,20,18,38,completed,1
13774,Rigid,1302107,1302127,1302142,20,15,35,completed,1
13775,Rigid,1302107,1302127,1302141,20,14,34,completed,1
13776,Rigid,1302107,1302127,1302140,20,13,33,completed,1
13777,Rigid,1302107,1302127,1302140,20,13,33,completed,1
13778,Rigid,1302107,1302127,1302142,20,15,35,completed,1
13779,Rigid,1302107,1302127,1302140,20,13,33,completed,1
13780,Rigid,1302107,1302127,1302140,20,13,33,completed,1
13781,Rigid,1302107,1302127,1302144,20,17,37,completed,1
13782,Rigid,1302107,1302127,1302143,20,16,36,completed,1
13783,Rigid,1302107,1302127,1302140,20,13,33,completed,1
13784,Rigid,1302107,1302127,1302141,20,14,34,completed,1
13785,Rigid,1302107,1302127,1302141,20,14,34,completed,1
13786,Rigid,1302107,1302127,1302141,20,14,34,completed,1
13787,Rigid,1302107,1302127,1302140,20,13,33,completed,1
13788,Rigid,1302107,1302127,1302143,20,16,36,completed,1
13789,Rigid,1302107,1302127,1302142,20,15,35,completed,1
13790,Rigid,1302107,1302127,1302145,20,18,38,completed,1
13791,Rigid,1302107,1302127,1302142,20,15,35,completed,1
13792,Rigid,1302107,1302127,1302145,20,18,38,completed,1
13793,Rigid,1302107,1302127,1302145,20,18,38,completed,1
13794,Rigid,1302107,1302127,1302143,20,16,36,completed,1
13795,Rigid,1302107,1302127,1302145,20,18,38,completed,1
13796,Rigid,1302107,1302127,1302141,20,14,34,completed,1
13797,Rigid,1302107,1302127,1302144,20,17,37,completed,1
13798,Rigid,1302107,1302127,1302141,20,14,34,completed,1
13799,Rigid,1302107,1302127,1302142,20,15,35,completed,1
13800,Rigid,1302107,1302127,1302141,20,14,34,completed,1
13801,Rigid,1302107,1302127,1302143,20,16,36,completed,1
13802,Rigid,1302107,1302127,1302141,20,14,34,completed,1
13803,Rigid,1302107,1302127,1302144,20,17,37,completed,1
13804,Rigid,1302107,1302127,1302143,20,16,36,completed,1
13805,Rigid,1302107,1302127,1302141,20,14,34,completed,1
13806,Rigid,1302107,1302127,1302143,20,16,36,completed,1
13807,Rigid,1302107,1302127,1302141,20,14,34,completed,1
13808,Rigid,1302107,1302127,1302142,20,15,35,completed,1
13809,Rigid,1302107,1302127,1302145,20,18,38,completed,1
13810,Rigid,1302107,1302127,1302144,20,17,37,completed,1
13811,Rigid,1302107,1302127,1302141,20,14,34,completed,1
13812,Rigid,1302107,1302127,1302145,20,18,38,completed,1
13813,Rigid,1302107,1302127,1302145,20,18,38,completed,1
13814,Rigid,1302107,1302127,1302142,20,15,35,completed,1
13815,Rigid,1302107,1302127,1302142,20,15,35,completed,1
13816,Rigid,1302107,1302127,1302144,20,17,37,completed,1
13817,Rigid,1302107,1302127,1302144,20,17,37,completed,1
13818,Rigid,1302107,1302127,1302141,20,14,34,completed,1
13819,Rigid,1302107,1302127,1302141,20,14,34,completed,1
13820,Rigid,1302107,1302127,1302145,20,18,38,completed,1
13821,Rigid,1302107,1302127,1302141,20,14,34,completed,1
13822,Rigid,1302107,1302128,1302144,21,16,37,completed,1
13823,Rigid,1302107,1302128,1302142,21,14,35,completed,1
13824,Rigid,1302107,1302128,1302139,21,11,32,completed,1
13825,Rigid,1302107,1302128,1302141,21,13,34,completed,1
13826,Rigid,1302107,1302128,1302141,21,13,34,completed,1
13827,Rigid,1302107,1302128,1302141,21,13,34,completed,1
13828,Rigid,1302107,1302128,1302145,21,17,38,completed,1
13829,Rigid,1302107,1302128,1302141,21,13,34,completed,1
13830,Rigid,1302107,1302128,1302144,21,16,37,completed,1
13831,Rigid,1302107,1302128,1302145,21,17,38,completed,1
13832,Rigid,1302107,1302128,1302144,21,16,37,completed,1
13833,Rigid,1302107,1302128,1302143,21,15,36,completed,1
13834,Rigid,1302107,1302128,1302141,21,13,34,completed,1
13835,Rigid,1302107,1302128,1302140,21,12,33,completed,1
13836,Rigid,1302107,1302128,1302140,21,12,33,completed,1
13837,Rigid,1302107,1302128,1302140,21,12,33,completed,1
13838,Rigid,1302107,1302128,1302139,21,11,32,completed,1
13839,Rigid,1302107,1302128,1302144,21,16,37,completed,1
13840,Rigid,1302107,1302128,1302140,21,12,33,completed,1
13841,Rigid,1302107,1302128,1302140,21,12,33,completed,1
13842,Rigid,1302107,1302128,1302141,21,13,34,completed,1
13843,Rigid,1302107,1302128,1302142,21,14,35,completed,1
13844,Rigid,1302107,1302128,1302140,21,12,33,completed,1
13845,Rigid,1302107,1302128,1302141,21,13,34,completed,1
13846,Rigid,1302107,1302128,1302145,21,17,38,completed,1
13847,Rigid,1302107,1302128,1302143,21,15,36,completed,1
13848,Rigid,1302107,1302128,1302142,21,14,35,completed,1
13849,Rigid,1302107,1302128,1302143,21,15,36,completed,1
13850,Rigid,1302107,1302128,1302145,21,17,38,completed,1
13851,Rigid,1302107,1302128,1302142,21,14,35,completed,1
13852,Rigid,1302107,1302128,1302141,21,13,34,completed,1
13853,Rigid,1302107,1302128,1302143,21,15,36,completed,1
13854,Rigid,1302107,1302128,1302145,21,17,38,completed,1
13855,Rigid,1302107,1302128,1302143,21,15,36,completed,1
13856,Rigid,1302107,1302128,1302141,21,13,34,completed,1
13857,Rigid,1302107,1302128,1302144,21,16,37,completed,1
13858,Rigid,1302107,1302128,1302144,21,16,37,completed,1
13859,Rigid,1302107,1302128,1302143,21,15,36,completed,1
13860,Rigid,1302107,1302128,1302144,21,16,37,completed,1
13861,Rigid,1302107,1302128,1302141,21,13,34,completed,1
13862,Rigid,1302107,1302128,1302143,21,15,36,completed,1
13863,Rigid,1302107,1302128,1302142,21,14,35,completed,1
13864,Rigid,1302107,1302128,1302144,21,16,37,completed,1
13865,Rigid,1302107,1302128,1302145,21,17,38,completed,1
13866,Rigid,1302107,1302135,1302145,28,10,38,completed,1
13867,Rigid,1302107,1302135,1302145,28,10,38,completed,1
13868,Rigid,1302107,1302135,1302145,28,10,38,completed,1
13869,Rigid,1302107,1302135,1302144,28,9,37,completed,1
13870,Rigid,1302107,1302139,1302149,32,10,42,completed,1
13871,Rigid,1302107,1302139,1302149,32,10,42,completed,1
13872,Rigid,1302107,1302140,1302149,33,9,42,completed,1
13873,Rigid,1302107,1302140,1302149,33,9,42,completed,1
13874,Rigid,1302107,1302140,1302149,33,9,42,completed,1
13875,Rigid,1302107,1302140,1302149,33,9,42,completed,1
13876,Rigid,1302107,1302142,1302153,35,11,46,completed,1
13877,Rigid,1302107,1302142,1302153,35,11,46,completed,1
13878,Rigid,1302107,1302142,1302151,35,9,44,completed,1
13879,Rigid,1302107,1302142,1302151,35,9,44,completed,1
13880,Rigid,1302107,1302142,1302151,35,9,44,completed,1
13881,Rigid,1302107,1302142,1302151,35,9,44,completed,1
13882,Rigid,1302107,1302142,1302151,35,9,44,completed,1
13883,Rigid,1302107,1302142,1302151,35,9,44,completed,1
13884,Rigid,1302107,1302142,1302150,35,8,43,completed,1
13885,Rigid,1302107,1302142,1302150,35,8,43,completed,1
13886,Rigid,1302107,1302142,1302149,35,7,42,completed,1
13887,Rigid,1302107,1302142,1302149,35,7,42,completed,1
13888,Rigid,1302107,1302142,1302150,35,8,43,completed,1
13889,Rigid,1302107,1302142,1302150,35,8,43,completed,1
13890,Rigid,1302107,1302142,1302150,35,8,43,completed,1
13891,Rigid,1302107,1302142,1302150,35,8,43,completed,1
13892,Rigid,1302107,1302142,1302149,35,7,42,completed,1
13893,Rigid,1302107,1302142,1302149,35,7,42,completed,1
13894,Rigid,1302107,1302142,1302150,35,8,43,completed,1
13895,Rigid,1302107,1302142,1302150,35,8,43,completed,1
13896,Rigid,1302107,1302142,1302150,35,8,43,completed,1
13897,Rigid,1302107,1302142,1302152,35,10,45,completed,1
13898,Rigid,1302107,1302142,1302151,35,9,44,completed,1
13899,Rigid,1302107,1302142,1302151,35,9,44,completed,1
13900,Rigid,1302107,1302142,1302151,35,9,44,completed,1
13901,Rigid,1302107,1302142,1302151,35,9,44,completed,1
13902,Rigid,1302107,1302142,1302151,35,9,44,completed,1
13903,Rigid,1302107,1302142,1302151,35,9,44,completed,1
13904,Rigid,1302107,1302142,1302151,35,9,44,completed,1
13905,Rigid,1302107,1302142,1302151,35,9,44,completed,1
13906,Rigid,1302107,1302142,1302151,35,9,44,completed,1
13907,Rigid,1302107,1302142,1302151,35,9,44,completed,1
13908,Rigid,1302107,1302142,1302151,35,9,44,completed,1
13909,Rigid,1302107,1302142,1302151,35,9,44,completed,1
13910,Rigid,1302107,1302142,1302151,35,9,44,completed,1
13911,Rigid,1302107,1302142,1302151,35,9,44,completed,1
13912,Rigid,1302107,1302142,1302151,35,9,44,completed,1
13913,Rigid,1302107,1302142,1302151,35,9,44,completed,1
13914,Rigid,1302107,1302142,1302151,35,9,44,completed,1
13915,Rigid,1302107,1302144,1302158,37,14,51,completed,1
13916,Rigid,1302107,1302144,1302158,37,14,51,completed,1
13917,Rigid,1302107,1302144,1302158,37,14,51,completed,1
13918,Rigid,1302107,1302144,1302158,37,14,51,completed,1
13919,Rigid,1302107,1302144,1302158,37,14,51,completed,1
13920,Rigid,1302107,1302144,1302158,37,14,51,completed,1
13921,Rigid,1302107,1302144,1302158,37,14,51,completed,1
13922,Rigid,1302107,1302144,1302153,37,9,46,completed,1
13923,Rigid,1302107,1302144,1302153,37,9,46,completed,1
13924,Rigid,1302107,1302144,1302153,37,9,46,completed,1
13925,Rigid,1302107,1302144,1302153,37,9,46,completed,1
13926,Rigid,1302107,1302144,1302153,37,9,46,completed,1
13927,Rigid,1302107,1302144,1302153,37,9,46,completed,1
13928,Rigid,1302107,1302144,1302153,37,9,46,completed,1
13929,Rigid,1302107,1302144,1302153,37,9,46,completed,1
13930,Rigid,1302107,1302144,1302153,37,9,46,completed,1
13931,Rigid,1302107,1302144,1302153,37,9,46,completed,1
13932,Rigid,1302107,1302144,1302153,37,9,46,completed,1
13933,Rigid,1302107,1302144,1302153,37,9,46,completed,1
13934,Rigid,1302107,1302144,1302153,37,9,46,completed,1
13935,Rigid,1302107,1302144,1302153,37,9,46,completed,1
13936,Rigid,1302107,1302144,1302158,37,14,51,completed,1
13937,Rigid,1302107,1302144,1302158,37,14,51,completed,1
13938,Rigid,1302107,1302144,1302158,37,14,51,completed,1
13939,Rigid,1302107,1302144,1302158,37,14,51,completed,1
13940,Rigid,1302107,1302144,1302158,37,14,51,completed,1
13941,Rigid,1302107,1302144,1302158,37,14,51,completed,1
13942,Rigid,1302107,1302144,1302158,37,14,51,completed,1
13943,Rigid,1302107,1302144,1302158,37,14,51,completed,1
13944,Rigid,1302107,1302144,1302158,37,14,51,completed,1
13945,Rigid,1302107,1302144,1302158,37,14,51,completed,1
13946,Rigid,1302107,1302144,1302158,37,14,51,completed,1
13947,Rigid,1302107,1302144,1302158,37,14,51,completed,1
13948,Rigid,1302107,1302144,1302158,37,14,51,completed,1
13949,Rigid,1302107,1302144,1302158,37,14,51,completed,1
13950,Rigid,1302107,1302144,1302158,37,14,51,completed,1
13951,Rigid,1302107,1302144,1302152,37,8,45,completed,1
13952,Rigid,1302107,1302144,1302152,37,8,45,completed,1
13953,Rigid,1302107,1302144,1302152,37,8,45,completed,1
13954,Rigid,1302107,1302144,1302152,37,8,45,completed,1
13955,Rigid,1302107,1302144,1302152,37,8,45,completed,1
13956,Rigid,1302107,1302144,1302152,37,8,45,completed,1
13957,Rigid,1302107,1302144,1302152,37,8,45,completed,1
13958,Rigid,1302107,1302144,1302152,37,8,45,completed,1
13959,Rigid,1302107,1302144,1302152,37,8,45,completed,1
13960,Rigid,1302107,1302144,1302152,37,8,45,completed,1
13961,Rigid,1302107,1302144,1302152,37,8,45,completed,1
13962,Rigid,1302107,1302144,1302152,37,8,45,completed,1
13963,Rigid,1302107,1302144,1302153,37,9,46,completed,1
13964,Rigid,1302107,1302144,1302158,37,14,51,completed,1
13965,Rigid,1302107,1302144,1302153,37,9,46,completed,1
13966,Rigid,1302107,1302144,1302169,37,25,62,completed,1
13967,Rigid,1302359,1302382,1302637,23,255,278,completed,36
13968,Rigid,1302567,1302568,1311947,1,9379,9380,completed,18
13969,Rigid,1303062,1303073,1305241,11,2168,2179,completed,36
13970,Rigid,1303089,1313121,1313157,10032,36,10068,completed,72
13971,Rigid,1303174,1303240,1305306,66,2066,2132,completed,36
13972,Rigid,1303240,1303241,1304853,1,1612,1613,completed,1
13973,Rigid,1303320,1303325,1305440,5,2115,2120,completed,36
13974,Rigid,1303452,1303996,1305970,544,1974,2518,completed,36
13975,Rigid,1303514,1305106,1305208,1592,102,1694,completed,144
13976,Rigid,1303577,1303578,1303607,1,29,30,completed,2
13977,Rigid,1303586,1305210,1307356,1624,2146,3770,completed,36
13978,Rigid,1303631,1303631,1303658,0,27,27,completed,2
13979,Rigid,1303631,1303631,1303658,0,27,27,completed,2
13980,Rigid,1303631,1303631,1303677,0,46,46,completed,2
13981,Rigid,1303631,1303631,1303643,0,12,12,completed,2
13982,Rigid,1303631,1303631,1303643,0,12,12,completed,2
13983,Rigid,1303631,1303631,1303643,0,12,12,completed,2
13984,Rigid,1303631,1303631,1303643,0,12,12,completed,2
13985,Rigid,1303631,1303631,1303643,0,12,12,completed,2
13986,Rigid,1303631,1303631,1303683,0,52,52,completed,2
13987,Rigid,1303631,1303631,1303652,0,21,21,completed,2
13988,Rigid,1303631,1303631,1303659,0,28,28,completed,2
13989,Rigid,1303631,1303631,1303643,0,12,12,completed,2
13990,Rigid,1303631,1303631,1303643,0,12,12,completed,2
13991,Rigid,1303631,1303631,1303643,0,12,12,completed,2
13992,Rigid,1303631,1303631,1303643,0,12,12,completed,2
13993,Rigid,1303631,1303631,1303643,0,12,12,completed,2
13994,Rigid,1303631,1303631,1303682,0,51,51,completed,2
13995,Rigid,1303631,1303631,1303673,0,42,42,completed,2
13996,Rigid,1303631,1303631,1303663,0,32,32,completed,2
13997,Rigid,1303631,1303631,1303643,0,12,12,completed,2
13998,Rigid,1303631,1303632,1303643,1,11,12,completed,2
13999,Rigid,1303631,1303632,1303643,1,11,12,completed,2
14000,Rigid,1303632,1303632,1303643,0,11,11,completed,2
14001,Rigid,1303632,1303632,1303643,0,11,11,completed,2
14002,Rigid,1303632,1303632,1303643,0,11,11,completed,2
14003,Rigid,1303632,1303632,1303673,0,41,41,completed,2
14004,Rigid,1303632,1303632,1303663,0,31,31,completed,2
14005,Rigid,1303632,1303632,1303673,0,41,41,completed,2
14006,Rigid,1303632,1303632,1303643,0,11,11,completed,2
14007,Rigid,1303632,1303632,1303643,0,11,11,completed,2
14008,Rigid,1303632,1303632,1303643,0,11,11,completed,2
14009,Rigid,1303632,1303632,1303643,0,11,11,completed,2
14010,Rigid,1303632,1303632,1303643,0,11,11,completed,2
14011,Rigid,1303632,1303632,1303643,0,11,11,completed,2
14012,Rigid,1303632,1303632,1303661,0,29,29,completed,2
14013,Rigid,1303632,1303632,1303677,0,45,45,completed,2
14014,Rigid,1303632,1303632,1303653,0,21,21,completed,2
14015,Rigid,1303632,1303632,1303643,0,11,11,completed,2
14016,Rigid,1303632,1303632,1303643,0,11,11,completed,2
14017,Rigid,1303632,1303632,1303643,0,11,11,completed,2
14018,Rigid,1303632,1303632,1303643,0,11,11,completed,2
14019,Rigid,1303633,1303635,1303643,2,8,10,completed,2
14020,Rigid,1303633,1303635,1303643,2,8,10,completed,2
14021,Rigid,1303633,1303635,1303677,2,42,44,completed,2
14022,Rigid,1303633,1303635,1303684,2,49,51,completed,2
14023,Rigid,1303633,1303635,1303643,2,8,10,completed,2
14024,Rigid,1303633,1303635,1303643,2,8,10,completed,2
14025,Rigid,1303633,1303635,1303643,2,8,10,completed,2
14026,Rigid,1303633,1303635,1303643,2,8,10,completed,2
14027,Rigid,1303633,1303635,1303643,2,8,10,completed,2
14028,Rigid,1303633,1303635,1303643,2,8,10,completed,2
14029,Rigid,1303633,1303635,1303643,2,8,10,completed,2
14030,Rigid,1303633,1303635,1303643,2,8,10,completed,2
14031,Rigid,1303633,1303635,1303643,2,8,10,completed,2
14032,Rigid,1303633,1303635,1303663,2,28,30,completed,2
14033,Rigid,1303633,1303635,1303652,2,17,19,completed,2
14034,Rigid,1303634,1303635,1303643,1,8,9,completed,2
14035,Rigid,1303634,1303635,1303643,1,8,9,completed,2
14036,Rigid,1303634,1303635,1303643,1,8,9,completed,2
14037,Rigid,1303634,1303635,1303643,1,8,9,completed,2
14038,Rigid,1303634,1303635,1303643,1,8,9,completed,2
14039,Rigid,1303634,1303635,1303643,1,8,9,completed,2
14040,Rigid,1303634,1303635,1303643,1,8,9,completed,2
14041,Rigid,1303634,1303635,1303643,1,8,9,completed,2
14042,Rigid,1303634,1303635,1303658,1,23,24,completed,2
14043,Rigid,1303634,1303635,1303663,1,28,29,completed,2
14044,Rigid,1303634,1303635,1303643,1,8,9,completed,2
14045,Rigid,1303634,1303635,1303643,1,8,9,completed,2
14046,Rigid,1303634,1303635,1303643,1,8,9,completed,2
14047,Rigid,1303634,1303635,1303643,1,8,9,completed,2
14048,Rigid,1303634,1303635,1303643,1,8,9,completed,2
14049,Rigid,1303634,1303635,1303643,1,8,9,completed,2
14050,Rigid,1303634,1303635,1303643,1,8,9,completed,2
14051,Rigid,1303634,1303635,1303673,1,38,39,completed,2
14052,Rigid,1303634,1303635,1303663,1,28,29,completed,2
14053,Rigid,1303635,1303635,1303643,0,8,8,completed,2
14054,Rigid,1303635,1303635,1303643,0,8,8,completed,2
14055,Rigid,1303635,1303635,1303643,0,8,8,completed,2
14056,Rigid,1303635,1303635,1303643,0,8,8,completed,2
14057,Rigid,1303635,1303636,1303643,1,7,8,completed,2
14058,Rigid,1303635,1303636,1303643,1,7,8,completed,2
14059,Rigid,1303635,1303636,1303654,1,18,19,completed,2
14060,Rigid,1303635,1303636,1303652,1,16,17,completed,2
14061,Rigid,1303635,1303636,1303643,1,7,8,completed,2
14062,Rigid,1303635,1303636,1303643,1,7,8,completed,2
14063,Rigid,1303635,1303636,1303643,1,7,8,completed,2
14064,Rigid,1303635,1303636,1303643,1,7,8,completed,2
14065,Rigid,1303635,1303636,1303643,1,7,8,completed,2
14066,Rigid,1303635,1303636,1303643,1,7,8,completed,2
14067,Rigid,1303635,1303636,1303643,1,7,8,completed,2
14068,Rigid,1303635,1303636,1303652,1,16,17,completed,2
14069,Rigid,1303635,1303636,1303673,1,37,38,completed,2
14070,Rigid,1303635,1303636,1303643,1,7,8,completed,2
14071,Rigid,1303636,1303636,1303643,0,7,7,completed,2
14072,Rigid,1303636,1303639,1303643,3,4,7,completed,2
14073,Rigid,1303636,1303639,1303643,3,4,7,completed,2
14074,Rigid,1303636,1303639,1303643,3,4,7,completed,2
14075,Rigid,1303636,1303639,1303643,3,4,7,completed,2
14076,Rigid,1303636,1303639,1303643,3,4,7,completed,2
14077,Rigid,1303636,1303639,1303673,3,34,37,completed,2
14078,Rigid,1303637,1303639,1303661,2,22,24,completed,2
14079,Rigid,1303637,1303639,1303643,2,4,6,completed,2
14080,Rigid,1303637,1303639,1303643,2,4,6,completed,2
14081,Rigid,1303637,1303639,1303673,2,34,36,completed,2
14082,Rigid,1303637,1303639,1303673,2,34,36,completed,2
14083,Rigid,1303637,1303639,1303673,2,34,36,completed,2
14084,Rigid,1303637,1303639,1303673,2,34,36,completed,2
14085,Rigid,1303637,1303639,1303673,2,34,36,completed,2
14086,Rigid,1303637,1303639,1303673,2,34,36,completed,2
14087,Rigid,1303637,1303639,1303682,2,43,45,completed,2
14088,Rigid,1303637,1303639,1303685,2,46,48,completed,2
14089,Rigid,1303637,1303639,1303673,2,34,36,completed,2
14090,Rigid,1303637,1303639,1303673,2,34,36,completed,2
14091,Rigid,1303637,1303639,1303673,2,34,36,completed,2
14092,Rigid,1303637,1303639,1303673,2,34,36,completed,2
14093,Rigid,1303637,1303639,1303673,2,34,36,completed,2
14094,Rigid,1303637,1303639,1303673,2,34,36,completed,2
14095,Rigid,1303637,1303639,1303682,2,43,45,completed,2
14096,Rigid,1303637,1303639,1303690,2,51,53,completed,2
14097,Rigid,1303637,1303639,1303673,2,34,36,completed,2
14098,Rigid,1303637,1303639,1303673,2,34,36,completed,2
14099,Rigid,1303637,1303639,1303673,2,34,36,completed,2
14100,Rigid,1303637,1303639,1303673,2,34,36,completed,2
14101,Rigid,1303637,1303639,1303684,2,45,47,completed,2
14102,Rigid,1303638,1303639,1303685,1,46,47,completed,2
14103,Rigid,1303638,1303639,1303673,1,34,35,completed,2
14104,Rigid,1303638,1303639,1303673,1,34,35,completed,2
14105,Rigid,1303639,1303643,1303673,4,30,34,completed,2
14106,Rigid,1303639,1303643,1303673,4,30,34,completed,2
14107,Rigid,1303639,1303643,1303673,4,30,34,completed,2
14108,Rigid,1303640,1303643,1303673,3,30,33,completed,2
14109,Rigid,1303640,1303643,1303673,3,30,33,completed,2
14110,Rigid,1303640,1303643,1303673,3,30,33,completed,2
14111,Rigid,1303640,1303643,1303673,3,30,33,completed,2
14112,Rigid,1303640,1303643,1303673,3,30,33,completed,2
14113,Rigid,1303641,1303643,1303673,2,30,32,completed,2
14114,Rigid,1303641,1303643,1303673,2,30,32,completed,2
14115,Rigid,1303641,1303643,1303673,2,30,32,completed,2
14116,Rigid,1303641,1303643,1303673,2,30,32,completed,2
14117,Rigid,1303641,1303643,1303673,2,30,32,completed,2
14118,Rigid,1303642,1303643,1303690,1,47,48,completed,2
14119,Rigid,1303642,1303643,1303673,1,30,31,completed,2
14120,Rigid,1303642,1303643,1303673,1,30,31,completed,2
14121,Rigid,1303642,1303643,1303673,1,30,31,completed,2
14122,Rigid,1303642,1303643,1303693,1,50,51,completed,2
14123,Rigid,1303642,1303643,1303673,1,30,31,completed,2
14124,Rigid,1303642,1303643,1303673,1,30,31,completed,2
14125,Rigid,1303642,1303643,1303673,1,30,31,completed,2
14126,Rigid,1303642,1303643,1303673,1,30,31,completed,2
14127,Rigid,1303642,1303643,1303697,1,54,55,completed,2
14128,Rigid,1303642,1303643,1303673,1,30,31,completed,2
14129,Rigid,1303642,1303643,1303673,1,30,31,completed,2
14130,Rigid,1303642,1303643,1303673,1,30,31,completed,2
14131,Rigid,1303642,1303643,1303673,1,30,31,completed,2
14132,Rigid,1303642,1303643,1303673,1,30,31,completed,2
14133,Rigid,1303642,1303643,1303697,1,54,55,completed,2
14134,Rigid,1303642,1303643,1303673,1,30,31,completed,2
14135,Rigid,1303642,1303643,1303673,1,30,31,completed,2
14136,Rigid,1303642,1303643,1303673,1,30,31,completed,2
14137,Rigid,1303642,1303643,1303673,1,30,31,completed,2
14138,Rigid,1303642,1303643,1303684,1,41,42,completed,2
14139,Rigid,1303642,1303643,1303673,1,30,31,completed,2
14140,Rigid,1303642,1303643,1303673,1,30,31,completed,2
14141,Rigid,1303642,1303643,1303673,1,30,31,completed,2
14142,Rigid,1303642,1303643,1303673,1,30,31,completed,2
14143,Rigid,1303643,1303643,1303694,0,51,51,completed,2
14144,Rigid,1303643,1303643,1303673,0,30,30,completed,2
14145,Rigid,1303643,1303643,1303673,0,30,30,completed,2
14146,Rigid,1303643,1303643,1303686,0,43,43,completed,2
14147,Rigid,1303643,1303643,1303673,0,30,30,completed,2
14148,Rigid,1303643,1303643,1303673,0,30,30,completed,2
14149,Rigid,1303644,1303644,1303673,0,29,29,completed,2
14150,Rigid,1303644,1303644,1303677,0,33,33,completed,2
14151,Rigid,1303644,1303644,1303685,0,41,41,completed,2
14152,Rigid,1303644,1303644,1303673,0,29,29,completed,2
14153,Rigid,1303644,1303644,1303673,0,29,29,completed,2
14154,Rigid,1303644,1303644,1303673,0,29,29,completed,2
14155,Rigid,1303644,1303644,1303673,0,29,29,completed,2
14156,Rigid,1303644,1303644,1303682,0,38,38,completed,2
14157,Rigid,1303645,1303645,1303673,0,28,28,completed,2
14158,Rigid,1303645,1303645,1303673,0,28,28,completed,2
14159,Rigid,1303645,1303645,1303673,0,28,28,completed,2
14160,Rigid,1303645,1303646,1303682,1,36,37,completed,2
14161,Rigid,1303646,1303646,1303673,0,27,27,completed,2
14162,Rigid,1303646,1303646,1303673,0,27,27,completed,2
14163,Rigid,1303646,1303646,1303673,0,27,27,completed,2
14164,Rigid,1303646,1303646,1303673,0,27,27,completed,2
14165,Rigid,1303646,1303647,1303682,1,35,36,completed,2
14166,Rigid,1303647,1303647,1303673,0,26,26,completed,2
14167,Rigid,1303647,1303651,1303682,4,31,35,completed,2
14168,Rigid,1303647,1303651,1303682,4,31,35,completed,2
14169,Rigid,1303648,1303651,1303683,3,32,35,completed,2
14170,Rigid,1303648,1303651,1303682,3,31,34,completed,2
14171,Rigid,1303648,1303651,1303690,3,39,42,completed,2
14172,Rigid,1303648,1303651,1303682,3,31,34,completed,2
14173,Rigid,1303648,1303651,1303682,3,31,34,completed,2
14174,Rigid,1303648,1303651,1303682,3,31,34,completed,2
14175,Rigid,1303648,1303651,1303691,3,40,43,completed,2
14176,Rigid,1303648,1303651,1303682,3,31,34,completed,2
14177,Rigid,1303648,1303651,1303682,3,31,34,completed,2
14178,Rigid,1303649,1303651,1303682,2,31,33,completed,2
14179,Rigid,1303649,1303651,1303682,2,31,33,completed,2
14180,Rigid,1303649,1303651,1303682,2,31,33,completed,2
14181,Rigid,1303649,1303651,1303682,2,31,33,completed,2
14182,Rigid,1303649,1303651,1303682,2,31,33,completed,2
14183,Rigid,1303649,1303651,1303682,2,31,33,completed,2
14184,Rigid,1303649,1303651,1303682,2,31,33,completed,2
14185,Rigid,1303650,1303651,1303682,1,31,32,completed,2
14186,Rigid,1303650,1303651,1303682,1,31,32,completed,2
14187,Rigid,1303650,1303651,1303682,1,31,32,completed,2
14188,Rigid,1303650,1303651,1303682,1,31,32,completed,2
14189,Rigid,1303650,1303651,1303682,1,31,32,completed,2
14190,Rigid,1303650,1303651,1303682,1,31,32,completed,2
14191,Rigid,1303650,1303651,1303683,1,32,33,completed,2
14192,Rigid,1303650,1303651,1303682,1,31,32,completed,2
14193,Rigid,1303650,1303651,1303682,1,31,32,completed,2
14194,Rigid,1303650,1303651,1303682,1,31,32,completed,2
14195,Rigid,1303650,1303651,1303683,1,32,33,completed,2
14196,Rigid,1303651,1303651,1303682,0,31,31,completed,2
14197,Rigid,1303651,1303651,1303682,0,31,31,completed,2
14198,Rigid,1303651,1303651,1303682,0,31,31,completed,2
14199,Rigid,1303651,1303651,1303682,0,31,31,completed,2
14200,Rigid,1303651,1303651,1303682,0,31,31,completed,2
14201,Rigid,1303651,1303651,1303682,0,31,31,completed,2
14202,Rigid,1303651,1303651,1303682,0,31,31,completed,2
14203,Rigid,1303651,1303654,1303682,3,28,31,completed,2
14204,Rigid,1303652,1303654,1303682,2,28,30,completed,2
14205,Rigid,1303652,1303654,1303682,2,28,30,completed,2
14206,Rigid,1303652,1303654,1303682,2,28,30,completed,2
14207,Rigid,1303652,1303654,1303682,2,28,30,completed,2
14208,Rigid,1303652,1303654,1303682,2,28,30,completed,2
14209,Rigid,1303652,1303654,1303682,2,28,30,completed,2
14210,Rigid,1303652,1303654,1303682,2,28,30,completed,2
14211,Rigid,1303670,1303670,1303690,0,20,20,completed,2
14212,Rigid,1303670,1303670,1303690,0,20,20,completed,2
14213,Rigid,1303671,1303674,1303690,3,16,19,completed,2
14214,Rigid,1303671,1303674,1303690,3,16,19,completed,2
14215,Rigid,1303672,1303674,1303690,2,16,18,completed,2
14216,Rigid,1303672,1303674,1303690,2,16,18,completed,2
14217,Rigid,1303672,1303674,1303690,2,16,18,completed,2
14218,Rigid,1303673,1303674,1303690,1,16,17,completed,2
14219,Rigid,1303673,1303674,1303690,1,16,17,completed,2
14220,Rigid,1303673,1303674,1303690,1,16,17,completed,2
14221,Rigid,1303673,1303674,1303690,1,16,17,completed,2
14222,Rigid,1303673,1303674,1303690,1,16,17,completed,2
14223,Rigid,1303674,1303674,1303690,0,16,16,completed,2
14224,Rigid,1303674,1303674,1303690,0,16,16,completed,2
14225,Rigid,1303674,1303674,1303690,0,16,16,completed,2
14226,Rigid,1303674,1303674,1303690,0,16,16,completed,2
14227,Rigid,1303674,1303674,1303690,0,16,16,completed,2
14228,Rigid,1303674,1303674,1303690,0,16,16,completed,2
14229,Rigid,1303674,1303674,1303690,0,16,16,completed,2
14230,Rigid,1303674,1303674,1303690,0,16,16,completed,2
14231,Rigid,1303674,1303674,1303690,0,16,16,completed,2
14232,Rigid,1303674,1303674,1303690,0,16,16,completed,2
14233,Rigid,1303674,1303674,1303690,0,16,16,completed,2
14234,Rigid,1303674,1303674,1303690,0,16,16,completed,2
14235,Rigid,1303675,1303675,1303690,0,15,15,completed,2
14236,Rigid,1303675,1303675,1303690,0,15,15,completed,2
14237,Rigid,1303675,1303675,1303690,0,15,15,completed,2
14238,Rigid,1303675,1303675,1303690,0,15,15,completed,2
14239,Rigid,1303675,1303675,1303690,0,15,15,completed,2
14240,Rigid,1303675,1303675,1303690,0,15,15,completed,2
14241,Rigid,1303676,1303678,1303690,2,12,14,completed,2
14242,Rigid,1303676,1303678,1303690,2,12,14,completed,2
14243,Rigid,1303676,1303678,1303690,2,12,14,completed,2
14244,Rigid,1303676,1303678,1303690,2,12,14,completed,2
14245,Rigid,1303676,1303678,1303690,2,12,14,completed,2
14246,Rigid,1303677,1303678,1303690,1,12,13,completed,2
14247,Rigid,1303677,1303678,1303690,1,12,13,completed,2
14248,Rigid,1303677,1303678,1303690,1,12,13,completed,2
14249,Rigid,1303677,1303678,1303690,1,12,13,completed,2
14250,Rigid,1303696,1305210,1307250,1514,2040,3554,completed,36
14251,Rigid,1303830,1305243,1307472,1413,2229,3642,completed,36
14252,Rigid,1303943,1305308,1307317,1365,2009,3374,completed,36
14253,Rigid,1304075,1305379,1307625,1304,2246,3550,completed,36
14254,Rigid,1304180,1304621,1306434,441,1813,2254,completed,144
14255,Rigid,1304194,1305379,1307465,1185,2086,3271,completed,36
14256,Rigid,1304210,1304210,1304227,0,17,17,completed,1
14257,Rigid,1304210,1304210,1304227,0,17,17,completed,1
14258,Rigid,1304210,1304210,1304227,0,17,17,completed,1
14259,Rigid,1304210,1304210,1304227,0,17,17,completed,1
14260,Rigid,1304210,1304210,1304231,0,21,21,completed,1
14261,Rigid,1304210,1304210,1304227,0,17,17,completed,1
14262,Rigid,1304210,1304210,1304228,0,18,18,completed,1
14263,Rigid,1304210,1304210,1304227,0,17,17,completed,1
14264,Rigid,1304210,1304210,1304238,0,28,28,completed,1
14265,Rigid,1304210,1304210,1304227,0,17,17,completed,1
14266,Rigid,1304210,1304210,1304230,0,20,20,completed,1
14267,Rigid,1304210,1304210,1304227,0,17,17,completed,1
14268,Rigid,1304210,1304210,1304229,0,19,19,completed,1
14269,Rigid,1304210,1304210,1304227,0,17,17,completed,1
14270,Rigid,1304210,1304210,1304227,0,17,17,completed,1
14271,Rigid,1304210,1304210,1304227,0,17,17,completed,1
14272,Rigid,1304210,1304210,1304227,0,17,17,completed,1
14273,Rigid,1304210,1304210,1304227,0,17,17,completed,1
14274,Rigid,1304210,1304210,1304228,0,18,18,completed,1
14275,Rigid,1304210,1304210,1304227,0,17,17,completed,1
14276,Rigid,1304210,1304210,1304227,0,17,17,completed,1
14277,Rigid,1304210,1304210,1304227,0,17,17,completed,1
14278,Rigid,1304210,1304210,1304227,0,17,17,completed,1
14279,Rigid,1304210,1304210,1304227,0,17,17,completed,1
14280,Rigid,1304210,1304210,1304227,0,17,17,completed,1
14281,Rigid,1304210,1304210,1304234,0,24,24,completed,1
14282,Rigid,1304210,1304210,1304227,0,17,17,completed,1
14283,Rigid,1304210,1304210,1304249,0,39,39,completed,1
14284,Rigid,1304210,1304210,1304249,0,39,39,completed,1
14285,Rigid,1304210,1304210,1304251,0,41,41,completed,1
14286,Rigid,1304210,1304210,1304249,0,39,39,completed,1
14287,Rigid,1304210,1304210,1304228,0,18,18,completed,1
14288,Rigid,1304210,1304210,1304227,0,17,17,completed,1
14289,Rigid,1304210,1304210,1304227,0,17,17,completed,1
14290,Rigid,1304210,1304210,1304227,0,17,17,completed,1
14291,Rigid,1304210,1304210,1304227,0,17,17,completed,1
14292,Rigid,1304210,1304210,1304227,0,17,17,completed,1
14293,Rigid,1304210,1304210,1304227,0,17,17,completed,1
14294,Rigid,1304210,1304210,1304237,0,27,27,completed,1
14295,Rigid,1304210,1304210,1304249,0,39,39,completed,1
14296,Rigid,1304210,1304210,1304226,0,16,16,completed,1
14297,Rigid,1304210,1304210,1304228,0,18,18,completed,1
14298,Rigid,1304210,1304210,1304232,0,22,22,completed,1
14299,Rigid,1304210,1304210,1304227,0,17,17,completed,1
14300,Rigid,1304210,1304210,1304250,0,40,40,completed,1
14301,Rigid,1304210,1304210,1304228,0,18,18,completed,1
14302,Rigid,1304210,1304210,1304226,0,16,16,completed,1
14303,Rigid,1304210,1304210,1304226,0,16,16,completed,1
14304,Rigid,1304210,1304210,1304227,0,17,17,completed,1
14305,Rigid,1304210,1304210,1304243,0,33,33,completed,1
14306,Rigid,1304210,1304210,1304227,0,17,17,completed,1
14307,Rigid,1304210,1304210,1304244,0,34,34,completed,1
14308,Rigid,1304210,1304210,1304248,0,38,38,completed,1
14309,Rigid,1304210,1304210,1304228,0,18,18,completed,1
14310,Rigid,1304210,1304210,1304231,0,21,21,completed,1
14311,Rigid,1304210,1304210,1304227,0,17,17,completed,1
14312,Rigid,1304210,1304210,1304228,0,18,18,completed,1
14313,Rigid,1304210,1304210,1304227,0,17,17,completed,1
14314,Rigid,1304210,1304210,1304227,0,17,17,completed,1
14315,Rigid,1304210,1304210,1304227,0,17,17,completed,1
14316,Rigid,1304210,1304210,1304232,0,22,22,completed,1
14317,Rigid,1304210,1304210,1304238,0,28,28,completed,1
14318,Rigid,1304210,1304210,1304227,0,17,17,completed,1
14319,Rigid,1304210,1304210,1304228,0,18,18,completed,1
14320,Rigid,1304210,1304210,1304237,0,27,27,completed,1
14321,Rigid,1304210,1304210,1304227,0,17,17,completed,1
14322,Rigid,1304210,1304210,1304229,0,19,19,completed,1
14323,Rigid,1304210,1304210,1304227,0,17,17,completed,1
14324,Rigid,1304210,1304210,1304227,0,17,17,completed,1
14325,Rigid,1304210,1304210,1304227,0,17,17,completed,1
14326,Rigid,1304210,1304210,1304227,0,17,17,completed,1
14327,Rigid,1304210,1304210,1304227,0,17,17,completed,1
14328,Rigid,1304210,1304210,1304227,0,17,17,completed,1
14329,Rigid,1304210,1304210,1304249,0,39,39,completed,1
14330,Rigid,1304210,1304210,1304247,0,37,37,completed,1
14331,Rigid,1304210,1304210,1304235,0,25,25,completed,1
14332,Rigid,1304210,1304210,1304232,0,22,22,completed,1
14333,Rigid,1304210,1304210,1304227,0,17,17,completed,1
14334,Rigid,1304210,1304210,1304227,0,17,17,completed,1
14335,Rigid,1304210,1304210,1304227,0,17,17,completed,1
14336,Rigid,1304210,1304210,1304228,0,18,18,completed,1
14337,Rigid,1304210,1304210,1304231,0,21,21,completed,1
14338,Rigid,1304210,1304210,1304228,0,18,18,completed,1
14339,Rigid,1304210,1304210,1304227,0,17,17,completed,1
14340,Rigid,1304210,1304210,1304227,0,17,17,completed,1
14341,Rigid,1304210,1304210,1304227,0,17,17,completed,1
14342,Rigid,1304210,1304210,1304227,0,17,17,completed,1
14343,Rigid,1304210,1304210,1304245,0,35,35,completed,1
14344,Rigid,1304210,1304210,1304227,0,17,17,completed,1
14345,Rigid,1304210,1304210,1304227,0,17,17,completed,1
14346,Rigid,1304210,1304210,1304227,0,17,17,completed,1
14347,Rigid,1304210,1304210,1304227,0,17,17,completed,1
14348,Rigid,1304210,1304210,1304232,0,22,22,completed,1
14349,Rigid,1304210,1304210,1304227,0,17,17,completed,1
14350,Rigid,1304210,1304210,1304228,0,18,18,completed,1
14351,Rigid,1304210,1304210,1304236,0,26,26,completed,1
14352,Rigid,1304210,1304210,1304241,0,31,31,completed,1
14353,Rigid,1304210,1304210,1304226,0,16,16,completed,1
14354,Rigid,1304210,1304210,1304236,0,26,26,completed,1
14355,Rigid,1304210,1304210,1304229,0,19,19,completed,1
14356,Rigid,1304210,1304210,1304227,0,17,17,completed,1
14357,Rigid,1304210,1304210,1304227,0,17,17,completed,1
14358,Rigid,1304210,1304210,1304227,0,17,17,completed,1
14359,Rigid,1304210,1304210,1304227,0,17,17,completed,1
14360,Rigid,1304210,1304210,1304227,0,17,17,completed,1
14361,Rigid,1304210,1304210,1304227,0,17,17,completed,1
14362,Rigid,1304210,1304210,1304227,0,17,17,completed,1
14363,Rigid,1304210,1304210,1304227,0,17,17,completed,1
14364,Rigid,1304210,1304210,1304231,0,21,21,completed,1
14365,Rigid,1304210,1304210,1304228,0,18,18,completed,1
14366,Rigid,1304210,1304210,1304227,0,17,17,completed,1
14367,Rigid,1304210,1304210,1304251,0,41,41,completed,1
14368,Rigid,1304210,1304210,1304251,0,41,41,completed,1
14369,Rigid,1304210,1304210,1304242,0,32,32,completed,1
14370,Rigid,1304210,1304210,1304228,0,18,18,completed,1
14371,Rigid,1304210,1304210,1304252,0,42,42,completed,1
14372,Rigid,1304210,1304210,1304246,0,36,36,completed,1
14373,Rigid,1304210,1304210,1304243,0,33,33,completed,1
14374,Rigid,1304210,1304210,1304249,0,39,39,completed,1
14375,Rigid,1304210,1304210,1304247,0,37,37,completed,1
14376,Rigid,1304210,1304210,1304228,0,18,18,completed,1
14377,Rigid,1304210,1304210,1304238,0,28,28,completed,1
14378,Rigid,1304210,1304210,1304228,0,18,18,completed,1
14379,Rigid,1304210,1304210,1304227,0,17,17,completed,1
14380,Rigid,1304210,1304210,1304250,0,40,40,completed,1
14381,Rigid,1304210,1304210,1304229,0,19,19,completed,1
14382,Rigid,1304210,1304210,1304228,0,18,18,completed,1
14383,Rigid,1304210,1304210,1304249,0,39,39,completed,1
14384,Rigid,1304210,1304210,1304228,0,18,18,completed,1
14385,Rigid,1304210,1304210,1304241,0,31,31,completed,1
14386,Rigid,1304210,1304210,1304230,0,20,20,completed,1
14387,Rigid,1304210,1304210,1304238,0,28,28,completed,1
14388,Rigid,1304210,1304210,1304236,0,26,26,completed,1
14389,Rigid,1304210,1304210,1304228,0,18,18,completed,1
14390,Rigid,1304210,1304210,1304228,0,18,18,completed,1
14391,Rigid,1304210,1304210,1304227,0,17,17,completed,1
14392,Rigid,1304210,1304210,1304233,0,23,23,completed,1
14393,Rigid,1304210,1304210,1304241,0,31,31,completed,1
14394,Rigid,1304210,1304210,1304232,0,22,22,completed,1
14395,Rigid,1304210,1304210,1304229,0,19,19,completed,1
14396,Rigid,1304210,1304210,1304231,0,21,21,completed,1
14397,Rigid,1304210,1304210,1304242,0,32,32,completed,1
14398,Rigid,1304210,1304210,1304230,0,20,20,completed,1
14399,Rigid,1304210,1304210,1304233,0,23,23,completed,1
14400,Rigid,1304210,1304210,1304251,0,41,41,completed,1
14401,Rigid,1304210,1304210,1304249,0,39,39,completed,1
14402,Rigid,1304210,1304210,1304229,0,19,19,completed,1
14403,Rigid,1304210,1304210,1304232,0,22,22,completed,1
14404,Rigid,1304210,1304210,1304234,0,24,24,completed,1
14405,Rigid,1304210,1304210,1304227,0,17,17,completed,1
14406,Rigid,1304210,1304210,1304234,0,24,24,completed,1
14407,Rigid,1304210,1304210,1304231,0,21,21,completed,1
14408,Rigid,1304210,1304210,1304228,0,18,18,completed,1
14409,Rigid,1304210,1304210,1304240,0,30,30,completed,1
14410,Rigid,1304210,1304210,1304232,0,22,22,completed,1
14411,Rigid,1304210,1304210,1304234,0,24,24,completed,1
14412,Rigid,1304210,1304210,1304241,0,31,31,completed,1
14413,Rigid,1304210,1304210,1304243,0,33,33,completed,1
14414,Rigid,1304210,1304210,1304248,0,38,38,completed,1
14415,Rigid,1304210,1304210,1304228,0,18,18,completed,1
14416,Rigid,1304210,1304210,1304249,0,39,39,completed,1
14417,Rigid,1304210,1304210,1304227,0,17,17,completed,1
14418,Rigid,1304210,1304210,1304227,0,17,17,completed,1
14419,Rigid,1304210,1304210,1304228,0,18,18,completed,1
14420,Rigid,1304210,1304210,1304228,0,18,18,completed,1
14421,Rigid,1304210,1304210,1304228,0,18,18,completed,1
14422,Rigid,1304210,1304210,1304240,0,30,30,completed,1
14423,Rigid,1304210,1304210,1304252,0,42,42,completed,1
14424,Rigid,1304210,1304210,1304229,0,19,19,completed,1
14425,Rigid,1304210,1304210,1304233,0,23,23,completed,1
14426,Rigid,1304210,1304210,1304232,0,22,22,completed,1
14427,Rigid,1304210,1304210,1304232,0,22,22,completed,1
14428,Rigid,1304210,1304210,1304241,0,31,31,completed,1
14429,Rigid,1304210,1304210,1304251,0,41,41,completed,1
14430,Rigid,1304210,1304210,1304229,0,19,19,completed,1
14431,Rigid,1304210,1304210,1304238,0,28,28,completed,1
14432,Rigid,1304210,1304210,1304250,0,40,40,completed,1
14433,Rigid,1304210,1304210,1304238,0,28,28,completed,1
14434,Rigid,1304210,1304210,1304238,0,28,28,completed,1
14435,Rigid,1304210,1304210,1304235,0,25,25,completed,1
14436,Rigid,1304210,1304210,1304246,0,36,36,completed,1
14437,Rigid,1304210,1304210,1304250,0,40,40,completed,1
14438,Rigid,1304210,1304210,1304246,0,36,36,completed,1
14439,Rigid,1304210,1304210,1304242,0,32,32,completed,1
14440,Rigid,1304210,1304210,1304232,0,22,22,completed,1
14441,Rigid,1304210,1304210,1304246,0,36,36,completed,1
14442,Rigid,1304210,1304210,1304236,0,26,26,completed,1
14443,Rigid,1304210,1304210,1304230,0,20,20,completed,1
14444,Rigid,1304210,1304210,1304245,0,35,35,completed,1
14445,Rigid,1304210,1304210,1304240,0,30,30,completed,1
14446,Rigid,1304210,1304210,1304238,0,28,28,completed,1
14447,Rigid,1304210,1304210,1304232,0,22,22,completed,1
14448,Rigid,1304210,1304210,1304251,0,41,41,completed,1
14449,Rigid,1304210,1304210,1304242,0,32,32,completed,1
14450,Rigid,1304210,1304210,1304229,0,19,19,completed,1
14451,Rigid,1304210,1304210,1304234,0,24,24,completed,1
14452,Rigid,1304210,1304210,1304228,0,18,18,completed,1
14453,Rigid,1304210,1304210,1304228,0,18,18,completed,1
14454,Rigid,1304210,1304210,1304228,0,18,18,completed,1
14455,Rigid,1304210,1304210,1304228,0,18,18,completed,1
14456,Rigid,1304210,1304210,1304229,0,19,19,completed,1
14457,Rigid,1304210,1304210,1304228,0,18,18,completed,1
14458,Rigid,1304210,1304210,1304247,0,37,37,completed,1
14459,Rigid,1304210,1304210,1304228,0,18,18,completed,1
14460,Rigid,1304210,1304210,1304228,0,18,18,completed,1
14461,Rigid,1304210,1304210,1304228,0,18,18,completed,1
14462,Rigid,1304210,1304210,1304228,0,18,18,completed,1
14463,Rigid,1304210,1304210,1304241,0,31,31,completed,1
14464,Rigid,1304210,1304210,1304230,0,20,20,completed,1
14465,Rigid,1304210,1304210,1304245,0,35,35,completed,1
14466,Rigid,1304210,1304210,1304233,0,23,23,completed,1
14467,Rigid,1304210,1304210,1304237,0,27,27,completed,1
14468,Rigid,1304210,1304210,1304228,0,18,18,completed,1
14469,Rigid,1304210,1304210,1304229,0,19,19,completed,1
14470,Rigid,1304210,1304210,1304229,0,19,19,completed,1
14471,Rigid,1304210,1304210,1304244,0,34,34,completed,1
14472,Rigid,1304210,1304210,1304239,0,29,29,completed,1
14473,Rigid,1304210,1304210,1304243,0,33,33,completed,1
14474,Rigid,1304210,1304210,1304245,0,35,35,completed,1
14475,Rigid,1304210,1304210,1304250,0,40,40,completed,1
14476,Rigid,1304210,1304210,1304245,0,35,35,completed,1
14477,Rigid,1304210,1304210,1304233,0,23,23,completed,1
14478,Rigid,1304210,1304210,1304250,0,40,40,completed,1
14479,Rigid,1304210,1304210,1304241,0,31,31,completed,1
14480,Rigid,1304210,1304210,1304229,0,19,19,completed,1
14481,Rigid,1304210,1304210,1304230,0,20,20,completed,1
14482,Rigid,1304210,1304210,1304233,0,23,23,completed,1
14483,Rigid,1304210,1304210,1304231,0,21,21,completed,1
14484,Rigid,1304210,1304210,1304236,0,26,26,completed,1
14485,Rigid,1304210,1304210,1304237,0,27,27,completed,1
14486,Rigid,1304210,1304210,1304244,0,34,34,completed,1
14487,Rigid,1304210,1304210,1304252,0,42,42,completed,1
14488,Rigid,1304210,1304210,1304239,0,29,29,completed,1
14489,Rigid,1304210,1304210,1304251,0,41,41,completed,1
14490,Rigid,1304210,1304210,1304230,0,20,20,completed,1
14491,Rigid,1304210,1304210,1304240,0,30,30,completed,1
14492,Rigid,1304210,1304210,1304249,0,39,39,completed,1
14493,Rigid,1304210,1304210,1304236,0,26,26,completed,1
14494,Rigid,1304210,1304210,1304235,0,25,25,completed,1
14495,Rigid,1304210,1304210,1304238,0,28,28,completed,1
14496,Rigid,1304210,1304210,1304249,0,39,39,completed,1
14497,Rigid,1304210,1304210,1304229,0,19,19,completed,1
14498,Rigid,1304210,1304210,1304249,0,39,39,completed,1
14499,Rigid,1304210,1304210,1304244,0,34,34,completed,1
14500,Rigid,1304210,1304210,1304240,0,30,30,completed,1
14501,Rigid,1304210,1304210,1304240,0,30,30,completed,1
14502,Rigid,1304210,1304210,1304249,0,39,39,completed,1
14503,Rigid,1304210,1304210,1304240,0,30,30,completed,1
14504,Rigid,1304210,1304210,1304243,0,33,33,completed,1
14505,Rigid,1304210,1304210,1304245,0,35,35,completed,1
14506,Rigid,1304210,1304210,1304230,0,20,20,completed,1
14507,Rigid,1304210,1304210,1304232,0,22,22,completed,1
14508,Rigid,1304210,1304210,1304243,0,33,33,completed,1
14509,Rigid,1304210,1304210,1304229,0,19,19,completed,1
14510,Rigid,1304210,1304210,1304249,0,39,39,completed,1
14511,Rigid,1304210,1304210,1304240,0,30,30,completed,1
14512,Rigid,1304210,1304210,1304228,0,18,18,completed,1
14513,Rigid,1304210,1304210,1304237,0,27,27,completed,1
14514,Rigid,1304210,1304210,1304228,0,18,18,completed,1
14515,Rigid,1304210,1304210,1304231,0,21,21,completed,1
14516,Rigid,1304210,1304210,1304230,0,20,20,completed,1
14517,Rigid,1304210,1304210,1304228,0,18,18,completed,1
14518,Rigid,1304210,1304210,1304228,0,18,18,completed,1
14519,Rigid,1304210,1304210,1304236,0,26,26,completed,1
14520,Rigid,1304210,1304210,1304250,0,40,40,completed,1
14521,Rigid,1304210,1304210,1304228,0,18,18,completed,1
14522,Rigid,1304210,1304210,1304229,0,19,19,completed,1
14523,Rigid,1304210,1304210,1304236,0,26,26,completed,1
14524,Rigid,1304210,1304210,1304250,0,40,40,completed,1
14525,Rigid,1304210,1304210,1304239,0,29,29,completed,1
14526,Rigid,1304210,1304210,1304244,0,34,34,completed,1
14527,Rigid,1304210,1304210,1304230,0,20,20,completed,1
14528,Rigid,1304210,1304210,1304252,0,42,42,completed,1
14529,Rigid,1304210,1304210,1304240,0,30,30,completed,1
14530,Rigid,1304210,1304210,1304237,0,27,27,completed,1
14531,Rigid,1304210,1304210,1304248,0,38,38,completed,1
14532,Rigid,1304210,1304210,1304231,0,21,21,completed,1
14533,Rigid,1304210,1304210,1304229,0,19,19,completed,1
14534,Rigid,1304210,1304210,1304249,0,39,39,completed,1
14535,Rigid,1304210,1304210,1304252,0,42,42,completed,1
14536,Rigid,1304210,1304210,1304239,0,29,29,completed,1
14537,Rigid,1304210,1304210,1304234,0,24,24,completed,1
14538,Rigid,1304210,1304210,1304249,0,39,39,completed,1
14539,Rigid,1304210,1304210,1304244,0,34,34,completed,1
14540,Rigid,1304210,1304210,1304241,0,31,31,completed,1
14541,Rigid,1304210,1304210,1304250,0,40,40,completed,1
14542,Rigid,1304210,1304210,1304240,0,30,30,completed,1
14543,Rigid,1304210,1304210,1304251,0,41,41,completed,1
14544,Rigid,1304210,1304210,1304244,0,34,34,completed,1
14545,Rigid,1304210,1304210,1304239,0,29,29,completed,1
14546,Rigid,1304210,1304210,1304249,0,39,39,completed,1
14547,Rigid,1304210,1304210,1304238,0,28,28,completed,1
14548,Rigid,1304210,1304210,1304231,0,21,21,completed,1
14549,Rigid,1304210,1304210,1304249,0,39,39,completed,1
14550,Rigid,1304210,1304210,1304229,0,19,19,completed,1
14551,Rigid,1304210,1304211,1304244,1,33,34,completed,1
14552,Rigid,1304210,1304211,1304240,1,29,30,completed,1
14553,Rigid,1304210,1304211,1304245,1,34,35,completed,1
14554,Rigid,1304210,1304211,1304229,1,18,19,completed,1
14555,Rigid,1304210,1304211,1304232,1,21,22,completed,1
14556,Rigid,1304210,1304211,1304244,1,33,34,completed,1
14557,Rigid,1304210,1304211,1304236,1,25,26,completed,1
14558,Rigid,1304210,1304211,1304249,1,38,39,completed,1
14559,Rigid,1304210,1304211,1304238,1,27,28,completed,1
14560,Rigid,1304210,1304211,1304231,1,20,21,completed,1
14561,Rigid,1304210,1304211,1304250,1,39,40,completed,1
14562,Rigid,1304210,1304211,1304239,1,28,29,completed,1
14563,Rigid,1304210,1304211,1304236,1,25,26,completed,1
14564,Rigid,1304210,1304211,1304249,1,38,39,completed,1
14565,Rigid,1304210,1304211,1304245,1,34,35,completed,1
14566,Rigid,1304210,1304211,1304240,1,29,30,completed,1
14567,Rigid,1304210,1304211,1304236,1,25,26,completed,1
14568,Rigid,1304210,1304211,1304235,1,24,25,completed,1
14569,Rigid,1304210,1304211,1304237,1,26,27,completed,1
14570,Rigid,1304210,1304211,1304250,1,39,40,completed,1
14571,Rigid,1304210,1304211,1304251,1,40,41,completed,1
14572,Rigid,1304210,1304211,1304237,1,26,27,completed,1
14573,Rigid,1304210,1304211,1304245,1,34,35,completed,1
14574,Rigid,1304210,1304211,1304242,1,31,32,completed,1
14575,Rigid,1304210,1304211,1304244,1,33,34,completed,1
14576,Rigid,1304210,1304211,1304240,1,29,30,completed,1
14577,Rigid,1304210,1304211,1304243,1,32,33,completed,1
14578,Rigid,1304210,1304211,1304229,1,18,19,completed,1
14579,Rigid,1304210,1304211,1304243,1,32,33,completed,1
14580,Rigid,1304210,1304211,1304240,1,29,30,completed,1
14581,Rigid,1304210,1304211,1304251,1,40,41,completed,1
14582,Rigid,1304210,1304211,1304250,1,39,40,completed,1
14583,Rigid,1304210,1304211,1304238,1,27,28,completed,1
14584,Rigid,1304210,1304211,1304244,1,33,34,completed,1
14585,Rigid,1304210,1304211,1304233,1,22,23,completed,1
14586,Rigid,1304210,1304211,1304239,1,28,29,completed,1
14587,Rigid,1304210,1304211,1304248,1,37,38,completed,1
14588,Rigid,1304210,1304211,1304237,1,26,27,completed,1
14589,Rigid,1304210,1304211,1304233,1,22,23,completed,1
14590,Rigid,1304210,1304211,1304251,1,40,41,completed,1
14591,Rigid,1304210,1304211,1304244,1,33,34,completed,1
14592,Rigid,1304210,1304211,1304250,1,39,40,completed,1
14593,Rigid,1304210,1304211,1304233,1,22,23,completed,1
14594,Rigid,1304210,1304211,1304251,1,40,41,completed,1
14595,Rigid,1304210,1304211,1304246,1,35,36,completed,1
14596,Rigid,1304210,1304211,1304237,1,26,27,completed,1
14597,Rigid,1304210,1304211,1304241,1,30,31,completed,1
14598,Rigid,1304210,1304211,1304239,1,28,29,completed,1
14599,Rigid,1304210,1304211,1304249,1,38,39,completed,1
14600,Rigid,1304210,1304211,1304234,1,23,24,completed,1
14601,Rigid,1304210,1304211,1304251,1,40,41,completed,1
14602,Rigid,1304210,1304211,1304242,1,31,32,completed,1
14603,Rigid,1304210,1304211,1304241,1,30,31,completed,1
14604,Rigid,1304210,1304211,1304251,1,40,41,completed,1
14605,Rigid,1304210,1304211,1304241,1,30,31,completed,1
14606,Rigid,1304210,1304211,1304251,1,40,41,completed,1
14607,Rigid,1304210,1304211,1304239,1,28,29,completed,1
14608,Rigid,1304210,1304211,1304234,1,23,24,completed,1
14609,Rigid,1304210,1304211,1304231,1,20,21,completed,1
14610,Rigid,1304210,1304211,1304241,1,30,31,completed,1
14611,Rigid,1304210,1304211,1304236,1,25,26,completed,1
14612,Rigid,1304210,1304211,1304241,1,30,31,completed,1
14613,Rigid,1304210,1304211,1304249,1,38,39,completed,1
14614,Rigid,1304210,1304211,1304249,1,38,39,completed,1
14615,Rigid,1304210,1304211,1304252,1,41,42,completed,1
14616,Rigid,1304210,1304211,1304232,1,21,22,completed,1
14617,Rigid,1304210,1304211,1304249,1,38,39,completed,1
14618,Rigid,1304210,1304211,1304236,1,25,26,completed,1
14619,Rigid,1304210,1304211,1304234,1,23,24,completed,1
14620,Rigid,1304210,1304211,1304249,1,38,39,completed,1
14621,Rigid,1304210,1304211,1304238,1,27,28,completed,1
14622,Rigid,1304210,1304211,1304252,1,41,42,completed,1
14623,Rigid,1304210,1304211,1304232,1,21,22,completed,1
14624,Rigid,1304210,1304211,1304244,1,33,34,completed,1
14625,Rigid,1304210,1304211,1304237,1,26,27,completed,1
14626,Rigid,1304210,1304211,1304249,1,38,39,completed,1
14627,Rigid,1304210,1304211,1304248,1,37,38,completed,1
14628,Rigid,1304210,1304211,1304242,1,31,32,completed,1
14629,Rigid,1304210,1304211,1304243,1,32,33,completed,1
14630,Rigid,1304210,1304211,1304244,1,33,34,completed,1
14631,Rigid,1304210,1304211,1304251,1,40,41,completed,1
14632,Rigid,1304210,1304211,1304251,1,40,41,completed,1
14633,Rigid,1304210,1304211,1304238,1,27,28,completed,1
14634,Rigid,1304210,1304211,1304248,1,37,38,completed,1
14635,Rigid,1304210,1304211,1304243,1,32,33,completed,1
14636,Rigid,1304210,1304211,1304247,1,36,37,completed,1
14637,Rigid,1304210,1304211,1304230,1,19,20,completed,1
14638,Rigid,1304210,1304211,1304232,1,21,22,completed,1
14639,Rigid,1304210,1304211,1304239,1,28,29,completed,1
14640,Rigid,1304210,1304211,1304236,1,25,26,completed,1
14641,Rigid,1304210,1304211,1304242,1,31,32,completed,1
14642,Rigid,1304210,1304211,1304239,1,28,29,completed,1
14643,Rigid,1304210,1304211,1304252,1,41,42,completed,1
14644,Rigid,1304210,1304211,1304227,1,16,17,completed,1
14645,Rigid,1304210,1304211,1304227,1,16,17,completed,1
14646,Rigid,1304210,1304211,1304237,1,26,27,completed,1
14647,Rigid,1304210,1304211,1304228,1,17,18,completed,1
14648,Rigid,1304210,1304211,1304227,1,16,17,completed,1
14649,Rigid,1304210,1304211,1304228,1,17,18,completed,1
14650,Rigid,1304210,1304211,1304229,1,18,19,completed,1
14651,Rigid,1304210,1304211,1304240,1,29,30,completed,1
14652,Rigid,1304210,1304211,1304229,1,18,19,completed,1
14653,Rigid,1304210,1304211,1304227,1,16,17,completed,1
14654,Rigid,1304210,1304211,1304227,1,16,17,completed,1
14655,Rigid,1304210,1304211,1304227,1,16,17,completed,1
14656,Rigid,1304210,1304227,1304241,17,14,31,completed,1
14657,Rigid,1304210,1304227,1304240,17,13,30,completed,1
14658,Rigid,1304210,1304227,1304240,17,13,30,completed,1
14659,Rigid,1304210,1304227,1304241,17,14,31,completed,1
14660,Rigid,1304210,1304227,1304247,17,20,37,completed,1
14661,Rigid,1304210,1304227,1304240,17,13,30,completed,1
14662,Rigid,1304210,1304227,1304242,17,15,32,completed,1
14663,Rigid,1304210,1304227,1304240,17,13,30,completed,1
14664,Rigid,1304210,1304227,1304245,17,18,35,completed,1
14665,Rigid,1304210,1304227,1304250,17,23,40,completed,1
14666,Rigid,1304210,1304227,1304249,17,22,39,completed,1
14667,Rigid,1304210,1304227,1304246,17,19,36,completed,1
14668,Rigid,1304210,1304227,1304242,17,15,32,completed,1
14669,Rigid,1304210,1304227,1304248,17,21,38,completed,1
14670,Rigid,1304210,1304227,1304240,17,13,30,completed,1
14671,Rigid,1304210,1304227,1304249,17,22,39,completed,1
14672,Rigid,1304210,1304227,1304244,17,17,34,completed,1
14673,Rigid,1304210,1304227,1304249,17,22,39,completed,1
14674,Rigid,1304210,1304227,1304248,17,21,38,completed,1
14675,Rigid,1304210,1304227,1304246,17,19,36,completed,1
14676,Rigid,1304210,1304227,1304240,17,13,30,completed,1
14677,Rigid,1304210,1304227,1304249,17,22,39,completed,1
14678,Rigid,1304210,1304227,1304248,17,21,38,completed,1
14679,Rigid,1304210,1304227,1304250,17,23,40,completed,1
14680,Rigid,1304210,1304227,1304250,17,23,40,completed,1
14681,Rigid,1304210,1304227,1304249,17,22,39,completed,1
14682,Rigid,1304210,1304227,1304247,17,20,37,completed,1
14683,Rigid,1304210,1304227,1304238,17,11,28,completed,1
14684,Rigid,1304210,1304227,1304244,17,17,34,completed,1
14685,Rigid,1304210,1304227,1304249,17,22,39,completed,1
14686,Rigid,1304210,1304227,1304249,17,22,39,completed,1
14687,Rigid,1304210,1304227,1304251,17,24,41,completed,1
14688,Rigid,1304210,1304227,1304251,17,24,41,completed,1
14689,Rigid,1304210,1304227,1304245,17,18,35,completed,1
14690,Rigid,1304210,1304227,1304240,17,13,30,completed,1
14691,Rigid,1304210,1304227,1304251,17,24,41,completed,1
14692,Rigid,1304210,1304227,1304250,17,23,40,completed,1
14693,Rigid,1304210,1304227,1304248,17,21,38,completed,1
14694,Rigid,1304210,1304227,1304251,17,24,41,completed,1
14695,Rigid,1304210,1304227,1304250,17,23,40,completed,1
14696,Rigid,1304210,1304227,1304244,17,17,34,completed,1
14697,Rigid,1304210,1304227,1304244,17,17,34,completed,1
14698,Rigid,1304210,1304227,1304252,17,25,42,completed,1
14699,Rigid,1304210,1304227,1304252,17,25,42,completed,1
14700,Rigid,1304210,1304227,1304243,17,16,33,completed,1
14701,Rigid,1304210,1304227,1304251,17,24,41,completed,1
14702,Rigid,1304210,1304227,1304251,17,24,41,completed,1
14703,Rigid,1304210,1304227,1304249,17,22,39,completed,1
14704,Rigid,1304210,1304227,1304239,17,12,29,completed,1
14705,Rigid,1304210,1304227,1304250,17,23,40,completed,1
14706,Rigid,1304210,1304227,1304248,17,21,38,completed,1
14707,Rigid,1304210,1304227,1304249,17,22,39,completed,1
14708,Rigid,1304210,1304227,1304243,17,16,33,completed,1
14709,Rigid,1304210,1304227,1304249,17,22,39,completed,1
14710,Rigid,1304210,1304227,1304247,17,20,37,completed,1
14711,Rigid,1304210,1304227,1304249,17,22,39,completed,1
14712,Rigid,1304210,1304227,1304245,17,18,35,completed,1
14713,Rigid,1304210,1304227,1304242,17,15,32,completed,1
14714,Rigid,1304210,1304227,1304248,17,21,38,completed,1
14715,Rigid,1304210,1304227,1304239,17,12,29,completed,1
14716,Rigid,1304210,1304227,1304241,17,14,31,completed,1
14717,Rigid,1304210,1304227,1304248,17,21,38,completed,1
14718,Rigid,1304210,1304227,1304251,17,24,41,completed,1
14719,Rigid,1304210,1304227,1304243,17,16,33,completed,1
14720,Rigid,1304210,1304227,1304242,17,15,32,completed,1
14721,Rigid,1304210,1304227,1304244,17,17,34,completed,1
14722,Rigid,1304210,1304227,1304252,17,25,42,completed,1
14723,Rigid,1304210,1304227,1304242,17,15,32,completed,1
14724,Rigid,1304210,1304227,1304241,17,14,31,completed,1
14725,Rigid,1304210,1304227,1304249,17,22,39,completed,1
14726,Rigid,1304210,1304227,1304239,17,12,29,completed,1
14727,Rigid,1304210,1304227,1304248,17,21,38,completed,1
14728,Rigid,1304210,1304227,1304250,17,23,40,completed,1
14729,Rigid,1304210,1304227,1304249,17,22,39,completed,1
14730,Rigid,1304210,1304227,1304241,17,14,31,completed,1
14731,Rigid,1304210,1304227,1304239,17,12,29,completed,1
14732,Rigid,1304210,1304228,1304248,18,20,38,completed,1
14733,Rigid,1304210,1304228,1304250,18,22,40,completed,1
14734,Rigid,1304210,1304228,1304249,18,21,39,completed,1
14735,Rigid,1304210,1304228,1304240,18,12,30,completed,1
14736,Rigid,1304210,1304228,1304242,18,14,32,completed,1
14737,Rigid,1304210,1304228,1304241,18,13,31,completed,1
14738,Rigid,1304210,1304228,1304243,18,15,33,completed,1
14739,Rigid,1304210,1304228,1304248,18,20,38,completed,1
14740,Rigid,1304210,1304228,1304250,18,22,40,completed,1
14741,Rigid,1304210,1304228,1304249,18,21,39,completed,1
14742,Rigid,1304210,1304228,1304241,18,13,31,completed,1
14743,Rigid,1304210,1304228,1304250,18,22,40,completed,1
14744,Rigid,1304210,1304228,1304250,18,22,40,completed,1
14745,Rigid,1304210,1304228,1304250,18,22,40,completed,1
14746,Rigid,1304210,1304228,1304250,18,22,40,completed,1
14747,Rigid,1304210,1304228,1304250,18,22,40,completed,1
14748,Rigid,1304210,1304228,1304240,18,12,30,completed,1
14749,Rigid,1304210,1304228,1304243,18,15,33,completed,1
14750,Rigid,1304210,1304228,1304249,18,21,39,completed,1
14751,Rigid,1304210,1304228,1304244,18,16,34,completed,1
14752,Rigid,1304210,1304228,1304249,18,21,39,completed,1
14753,Rigid,1304210,1304228,1304250,18,22,40,completed,1
14754,Rigid,1304210,1304228,1304246,18,18,36,completed,1
14755,Rigid,1304210,1304228,1304251,18,23,41,completed,1
14756,Rigid,1304210,1304228,1304250,18,22,40,completed,1
14757,Rigid,1304210,1304228,1304251,18,23,41,completed,1
14758,Rigid,1304210,1304228,1304248,18,20,38,completed,1
14759,Rigid,1304210,1304228,1304251,18,23,41,completed,1
14760,Rigid,1304210,1304228,1304242,18,14,32,completed,1
14761,Rigid,1304210,1304228,1304251,18,23,41,completed,1
14762,Rigid,1304210,1304228,1304243,18,15,33,completed,1
14763,Rigid,1304210,1304228,1304245,18,17,35,completed,1
14764,Rigid,1304210,1304228,1304249,18,21,39,completed,1
14765,Rigid,1304210,1304228,1304247,18,19,37,completed,1
14766,Rigid,1304210,1304228,1304251,18,23,41,completed,1
14767,Rigid,1304210,1304228,1304250,18,22,40,completed,1
14768,Rigid,1304210,1304228,1304241,18,13,31,completed,1
14769,Rigid,1304210,1304228,1304244,18,16,34,completed,1
14770,Rigid,1304210,1304228,1304251,18,23,41,completed,1
14771,Rigid,1304210,1304228,1304243,18,15,33,completed,1
14772,Rigid,1304210,1304228,1304249,18,21,39,completed,1
14773,Rigid,1304210,1304228,1304249,18,21,39,completed,1
14774,Rigid,1304210,1304229,1304248,19,19,38,completed,1
14775,Rigid,1304210,1304229,1304249,19,20,39,completed,1
14776,Rigid,1304210,1304229,1304247,19,18,37,completed,1
14777,Rigid,1304210,1304229,1304251,19,22,41,completed,1
14778,Rigid,1304210,1304229,1304246,19,17,36,completed,1
14779,Rigid,1304210,1304229,1304250,19,21,40,completed,1
14780,Rigid,1304210,1304229,1304251,19,22,41,completed,1
14781,Rigid,1304210,1304229,1304240,19,11,30,completed,1
14782,Rigid,1304210,1304229,1304251,19,22,41,completed,1
14783,Rigid,1304210,1304229,1304249,19,20,39,completed,1
14784,Rigid,1304210,1304229,1304246,19,17,36,completed,1
14785,Rigid,1304210,1304229,1304244,19,15,34,completed,1
14786,Rigid,1304210,1304229,1304247,19,18,37,completed,1
14787,Rigid,1304210,1304229,1304241,19,12,31,completed,1
14788,Rigid,1304210,1304229,1304244,19,15,34,completed,1
14789,Rigid,1304210,1304229,1304244,19,15,34,completed,1
14790,Rigid,1304210,1304229,1304247,19,18,37,completed,1
14791,Rigid,1304210,1304229,1304250,19,21,40,completed,1
14792,Rigid,1304210,1304229,1304244,19,15,34,completed,1
14793,Rigid,1304210,1304229,1304248,19,19,38,completed,1
14794,Rigid,1304210,1304229,1304252,19,23,42,completed,1
14795,Rigid,1304210,1304229,1304244,19,15,34,completed,1
14796,Rigid,1304210,1304230,1304245,20,15,35,completed,1
14797,Rigid,1304210,1304230,1304250,20,20,40,completed,1
14798,Rigid,1304210,1304230,1304245,20,15,35,completed,1
14799,Rigid,1304210,1304230,1304251,20,21,41,completed,1
14800,Rigid,1304210,1304230,1304250,20,20,40,completed,1
14801,Rigid,1304210,1304230,1304241,20,11,31,completed,1
14802,Rigid,1304210,1304230,1304250,20,20,40,completed,1
14803,Rigid,1304210,1304230,1304245,20,15,35,completed,1
14804,Rigid,1304210,1304230,1304246,20,16,36,completed,1
14805,Rigid,1304210,1304230,1304245,20,15,35,completed,1
14806,Rigid,1304210,1304230,1304249,20,19,39,completed,1
14807,Rigid,1304210,1304231,1304251,21,20,41,completed,1
14808,Rigid,1304210,1304231,1304243,21,12,33,completed,1
14809,Rigid,1304210,1304231,1304247,21,16,37,completed,1
14810,Rigid,1304210,1304231,1304245,21,14,35,completed,1
14811,Rigid,1304210,1304231,1304247,21,16,37,completed,1
14812,Rigid,1304210,1304231,1304251,21,20,41,completed,1
14813,Rigid,1304210,1304231,1304252,21,21,42,completed,1
14814,Rigid,1304210,1304231,1304246,21,15,36,completed,1
14815,Rigid,1304210,1304231,1304249,21,18,39,completed,1
14816,Rigid,1304210,1304231,1304243,21,12,33,completed,1
14817,Rigid,1304210,1304231,1304250,21,19,40,completed,1
14818,Rigid,1304210,1304231,1304247,21,16,37,completed,1
14819,Rigid,1304210,1304232,1304249,22,17,39,completed,1
14820,Rigid,1304210,1304232,1304252,22,20,42,completed,1
14821,Rigid,1304210,1304232,1304251,22,19,41,completed,1
14822,Rigid,1304210,1304232,1304243,22,11,33,completed,1
14823,Rigid,1304210,1304232,1304245,22,13,35,completed,1
14824,Rigid,1304210,1304232,1304249,22,17,39,completed,1
14825,Rigid,1304210,1304232,1304250,22,18,40,completed,1
14826,Rigid,1304210,1304232,1304249,22,17,39,completed,1
14827,Rigid,1304210,1304232,1304249,22,17,39,completed,1
14828,Rigid,1304210,1304232,1304248,22,16,38,completed,1
14829,Rigid,1304210,1304232,1304250,22,18,40,completed,1
14830,Rigid,1304210,1304232,1304244,22,12,34,completed,1
14831,Rigid,1304210,1304232,1304248,22,16,38,completed,1
14832,Rigid,1304210,1304232,1304243,22,11,33,completed,1
14833,Rigid,1304210,1304232,1304248,22,16,38,completed,1
14834,Rigid,1304210,1304232,1304244,22,12,34,completed,1
14835,Rigid,1304210,1304233,1304250,23,17,40,completed,1
14836,Rigid,1304210,1304233,1304252,23,19,42,completed,1
14837,Rigid,1304210,1304233,1304248,23,15,38,completed,1
14838,Rigid,1304210,1304233,1304247,23,14,37,completed,1
14839,Rigid,1304210,1304233,1304248,23,15,38,completed,1
14840,Rigid,1304210,1304233,1304248,23,15,38,completed,1
14841,Rigid,1304210,1304233,1304250,23,17,40,completed,1
14842,Rigid,1304210,1304233,1304248,23,15,38,completed,1
14843,Rigid,1304210,1304234,1304249,24,15,39,completed,1
14844,Rigid,1304210,1304234,1304243,24,9,33,completed,1
14845,Rigid,1304210,1304234,1304251,24,17,41,completed,1
14846,Rigid,1304210,1304234,1304251,24,17,41,completed,1
14847,Rigid,1304210,1304234,1304250,24,16,40,completed,1
14848,Rigid,1304210,1304234,1304249,24,15,39,completed,1
14849,Rigid,1304210,1304234,1304251,24,17,41,completed,1
14850,Rigid,1304210,1304234,1304244,24,10,34,completed,1
14851,Rigid,1304210,1304234,1304251,24,17,41,completed,1
14852,Rigid,1304210,1304234,1304250,24,16,40,completed,1
14853,Rigid,1304210,1304235,1304249,25,14,39,completed,1
14854,Rigid,1304210,1304235,1304249,25,14,39,completed,1
14855,Rigid,1304210,1304235,1304251,25,16,41,completed,1
14856,Rigid,1304210,1304236,1304249,26,13,39,completed,1
14857,Rigid,1304210,1304236,1304250,26,14,40,completed,1
14858,Rigid,1304210,1304236,1304248,26,12,38,completed,1
14859,Rigid,1304210,1304236,1304250,26,14,40,completed,1
14860,Rigid,1304210,1304236,1304247,26,11,37,completed,1
14861,Rigid,1304210,1304236,1304251,26,15,41,completed,1
14862,Rigid,1304210,1304236,1304249,26,13,39,completed,1
14863,Rigid,1304210,1304236,1304248,26,12,38,completed,1
14864,Rigid,1304210,1304236,1304251,26,15,41,completed,1
14865,Rigid,1304210,1304236,1304249,26,13,39,completed,1
14866,Rigid,1304210,1304236,1304251,26,15,41,completed,1
14867,Rigid,1304210,1304236,1304250,26,14,40,completed,1
14868,Rigid,1304210,1304236,1304244,26,8,34,completed,1
14869,Rigid,1304210,1304237,1304246,27,9,36,completed,1
14870,Rigid,1304210,1304237,1304245,27,8,35,completed,1
14871,Rigid,1304210,1304237,1304249,27,12,39,completed,1
14872,Rigid,1304210,1304237,1304251,27,14,41,completed,1
14873,Rigid,1304210,1304237,1304249,27,12,39,completed,1
14874,Rigid,1304210,1304237,1304245,27,8,35,completed,1
14875,Rigid,1304210,1304237,1304251,27,14,41,completed,1
14876,Rigid,1304210,1304237,1304250,27,13,40,completed,1
14877,Rigid,1304210,1304237,1304246,27,9,36,completed,1
14878,Rigid,1304210,1304237,1304244,27,7,34,completed,1
14879,Rigid,1304210,1304237,1304251,27,14,41,completed,1
14880,Rigid,1304210,1304237,1304248,27,11,38,completed,1
14881,Rigid,1304210,1304237,1304251,27,14,41,completed,1
14882,Rigid,1304210,1304238,1304246,28,8,36,completed,1
14883,Rigid,1304210,1304238,1304246,28,8,36,completed,1
14884,Rigid,1304210,1304238,1304249,28,11,39,completed,1
14885,Rigid,1304210,1304238,1304246,28,8,36,completed,1
14886,Rigid,1304210,1304238,1304249,28,11,39,completed,1
14887,Rigid,1304210,1304238,1304245,28,7,35,completed,1
14888,Rigid,1304210,1304238,1304251,28,13,41,completed,1
14889,Rigid,1304210,1304238,1304251,28,13,41,completed,1
14890,Rigid,1304210,1304238,1304251,28,13,41,completed,1
14891,Rigid,1304210,1304238,1304251,28,13,41,completed,1
14892,Rigid,1304210,1304238,1304251,28,13,41,completed,1
14893,Rigid,1304210,1304238,1304251,28,13,41,completed,1
14894,Rigid,1304210,1304238,1304251,28,13,41,completed,1
14895,Rigid,1304210,1304238,1304252,28,14,42,completed,1
14896,Rigid,1304210,1304238,1304251,28,13,41,completed,1
14897,Rigid,1304210,1304238,1304250,28,12,40,completed,1
14898,Rigid,1304210,1304239,1304252,29,13,42,completed,1
14899,Rigid,1304210,1304239,1304250,29,11,40,completed,1
14900,Rigid,1304210,1304239,1304251,29,12,41,completed,1
14901,Rigid,1304210,1304239,1304249,29,10,39,completed,1
14902,Rigid,1304210,1304239,1304251,29,12,41,completed,1
14903,Rigid,1304210,1304239,1304252,29,13,42,completed,1
14904,Rigid,1304210,1304239,1304250,29,11,40,completed,1
14905,Rigid,1304210,1304239,1304251,29,12,41,completed,1
14906,Rigid,1304210,1304239,1304251,29,12,41,completed,1
14907,Rigid,1304210,1304239,1304249,29,10,39,completed,1
14908,Rigid,1304210,1304239,1304250,29,11,40,completed,1
14909,Rigid,1304210,1304239,1304250,29,11,40,completed,1
14910,Rigid,1304210,1304239,1304251,29,12,41,completed,1
14911,Rigid,1304210,1304239,1304251,29,12,41,completed,1
14912,Rigid,1304210,1304239,1304251,29,12,41,completed,1
14913,Rigid,1304210,1304240,1304251,30,11,41,completed,1
14914,Rigid,1304210,1304240,1304251,30,11,41,completed,1
14915,Rigid,1304210,1304240,1304251,30,11,41,completed,1
14916,Rigid,1304210,1304240,1304252,30,12,42,completed,1
14917,Rigid,1304210,1304240,1304251,30,11,41,completed,1
14918,Rigid,1304210,1304240,1304252,30,12,42,completed,1
14919,Rigid,1304210,1304240,1304251,30,11,41,completed,1
14920,Rigid,1304210,1304240,1304251,30,11,41,completed,1
14921,Rigid,1304210,1304240,1304251,30,11,41,completed,1
14922,Rigid,1304210,1304240,1304251,30,11,41,completed,1
14923,Rigid,1304210,1304240,1304252,30,12,42,completed,1
14924,Rigid,1304210,1304240,1304252,30,12,42,completed,1
14925,Rigid,1304210,1304240,1304252,30,12,42,completed,1
14926,Rigid,1304210,1304240,1304252,30,12,42,completed,1
14927,Rigid,1304210,1304240,1304252,30,12,42,completed,1
14928,Rigid,1304210,1304240,1304251,30,11,41,completed,1
14929,Rigid,1304210,1304240,1304252,30,12,42,completed,1
14930,Rigid,1304210,1304240,1304252,30,12,42,completed,1
14931,Rigid,1304210,1304240,1304252,30,12,42,completed,1
14932,Rigid,1304210,1304240,1304252,30,12,42,completed,1
14933,Rigid,1304210,1304240,1304252,30,12,42,completed,1
14934,Rigid,1304210,1304240,1304252,30,12,42,completed,1
14935,Rigid,1304210,1304240,1304250,30,10,40,completed,1
14936,Rigid,1304210,1304240,1304250,30,10,40,completed,1
14937,Rigid,1304210,1304241,1304250,31,9,40,completed,1
14938,Rigid,1304210,1304241,1304250,31,9,40,completed,1
14939,Rigid,1304210,1304241,1304252,31,11,42,completed,1
14940,Rigid,1304210,1304241,1304252,31,11,42,completed,1
14941,Rigid,1304210,1304241,1304251,31,10,41,completed,1
14942,Rigid,1304210,1304241,1304250,31,9,40,completed,1
14943,Rigid,1304210,1304241,1304251,31,10,41,completed,1
14944,Rigid,1304210,1304244,1304253,34,9,43,completed,1
14945,Rigid,1304210,1304244,1304253,34,9,43,completed,1
14946,Rigid,1304210,1304244,1304253,34,9,43,completed,1
14947,Rigid,1304210,1304244,1304254,34,10,44,completed,1
14948,Rigid,1304210,1304244,1304253,34,9,43,completed,1
14949,Rigid,1304210,1304244,1304253,34,9,43,completed,1
14950,Rigid,1304210,1304244,1304265,34,21,55,completed,1
14951,Rigid,1304334,1305379,1307635,1045,2256,3301,completed,36
14952,Rigid,1304338,1304339,1304349,1,10,11,completed,1
14953,Rigid,1304338,1304339,1304349,1,10,11,completed,1
14954,Rigid,1304338,1304339,1304348,1,9,10,completed,1
14955,Rigid,1304338,1304339,1304348,1,9,10,completed,1
14956,Rigid,1304338,1304339,1304378,1,39,40,completed,1
14957,Rigid,1304338,1304339,1304348,1,9,10,completed,1
14958,Rigid,1304338,1304339,1304348,1,9,10,completed,1
14959,Rigid,1304338,1304339,1304349,1,10,11,completed,1
14960,Rigid,1304338,1304339,1304348,1,9,10,completed,1
14961,Rigid,1304338,1304339,1304348,1,9,10,completed,1
14962,Rigid,1304338,1304339,1304348,1,9,10,completed,1
14963,Rigid,1304338,1304339,1304348,1,9,10,completed,1
14964,Rigid,1304338,1304339,1304348,1,9,10,completed,1
14965,Rigid,1304338,1304339,1304355,1,16,17,completed,1
14966,Rigid,1304338,1304339,1304348,1,9,10,completed,1
14967,Rigid,1304338,1304339,1304360,1,21,22,completed,1
14968,Rigid,1304338,1304339,1304352,1,13,14,completed,1
14969,Rigid,1304338,1304339,1304349,1,10,11,completed,1
14970,Rigid,1304338,1304339,1304349,1,10,11,completed,1
14971,Rigid,1304338,1304339,1304349,1,10,11,completed,1
14972,Rigid,1304338,1304339,1304348,1,9,10,completed,1
14973,Rigid,1304338,1304339,1304348,1,9,10,completed,1
14974,Rigid,1304338,1304339,1304349,1,10,11,completed,1
14975,Rigid,1304338,1304339,1304349,1,10,11,completed,1
14976,Rigid,1304338,1304339,1304348,1,9,10,completed,1
14977,Rigid,1304338,1304339,1304348,1,9,10,completed,1
14978,Rigid,1304338,1304339,1304349,1,10,11,completed,1
14979,Rigid,1304338,1304339,1304348,1,9,10,completed,1
14980,Rigid,1304338,1304339,1304349,1,10,11,completed,1
14981,Rigid,1304338,1304339,1304348,1,9,10,completed,1
14982,Rigid,1304338,1304339,1304348,1,9,10,completed,1
14983,Rigid,1304338,1304339,1304349,1,10,11,completed,1
14984,Rigid,1304338,1304339,1304356,1,17,18,completed,1
14985,Rigid,1304338,1304339,1304348,1,9,10,completed,1
14986,Rigid,1304338,1304339,1304348,1,9,10,completed,1
14987,Rigid,1304338,1304339,1304348,1,9,10,completed,1
14988,Rigid,1304338,1304339,1304352,1,13,14,completed,1
14989,Rigid,1304338,1304339,1304348,1,9,10,completed,1
14990,Rigid,1304338,1304339,1304349,1,10,11,completed,1
14991,Rigid,1304338,1304339,1304348,1,9,10,completed,1
14992,Rigid,1304338,1304339,1304348,1,9,10,completed,1
14993,Rigid,1304338,1304339,1304348,1,9,10,completed,1
14994,Rigid,1304338,1304339,1304348,1,9,10,completed,1
14995,Rigid,1304338,1304339,1304349,1,10,11,completed,1
14996,Rigid,1304338,1304339,1304350,1,11,12,completed,1
14997,Rigid,1304338,1304339,1304355,1,16,17,completed,1
14998,Rigid,1304338,1304339,1304348,1,9,10,completed,1
14999,Rigid,1304338,1304339,1304349,1,10,11,completed,1
15000,Rigid,1304338,1304339,1304348,1,9,10,completed,1
15001,Rigid,1304338,1304339,1304348,1,9,10,completed,1
15002,Rigid,1304338,1304339,1304348,1,9,10,completed,1
15003,Rigid,1304338,1304339,1304349,1,10,11,completed,1
15004,Rigid,1304338,1304339,1304349,1,10,11,completed,1
15005,Rigid,1304338,1304339,1304348,1,9,10,completed,1
15006,Rigid,1304338,1304339,1304348,1,9,10,completed,1
15007,Rigid,1304338,1304339,1304349,1,10,11,completed,1
15008,Rigid,1304338,1304339,1304348,1,9,10,completed,1
15009,Rigid,1304338,1304339,1304349,1,10,11,completed,1
15010,Rigid,1304338,1304339,1304348,1,9,10,completed,1
15011,Rigid,1304338,1304339,1304348,1,9,10,completed,1
15012,Rigid,1304338,1304339,1304349,1,10,11,completed,1
15013,Rigid,1304338,1304339,1304348,1,9,10,completed,1
15014,Rigid,1304338,1304339,1304349,1,10,11,completed,1
15015,Rigid,1304338,1304339,1304348,1,9,10,completed,1
15016,Rigid,1304338,1304339,1304349,1,10,11,completed,1
15017,Rigid,1304338,1304339,1304349,1,10,11,completed,1
15018,Rigid,1304338,1304339,1304348,1,9,10,completed,1
15019,Rigid,1304338,1304339,1304348,1,9,10,completed,1
15020,Rigid,1304338,1304339,1304348,1,9,10,completed,1
15021,Rigid,1304338,1304339,1304349,1,10,11,completed,1
15022,Rigid,1304338,1304339,1304349,1,10,11,completed,1
15023,Rigid,1304338,1304339,1304348,1,9,10,completed,1
15024,Rigid,1304338,1304339,1304348,1,9,10,completed,1
15025,Rigid,1304338,1304339,1304348,1,9,10,completed,1
15026,Rigid,1304338,1304339,1304349,1,10,11,completed,1
15027,Rigid,1304338,1304339,1304348,1,9,10,completed,1
15028,Rigid,1304338,1304339,1304351,1,12,13,completed,1
15029,Rigid,1304338,1304339,1304349,1,10,11,completed,1
15030,Rigid,1304338,1304339,1304352,1,13,14,completed,1
15031,Rigid,1304338,1304339,1304357,1,18,19,completed,1
15032,Rigid,1304338,1304339,1304349,1,10,11,completed,1
15033,Rigid,1304338,1304339,1304349,1,10,11,completed,1
15034,Rigid,1304338,1304339,1304352,1,13,14,completed,1
15035,Rigid,1304338,1304339,1304348,1,9,10,completed,1
15036,Rigid,1304338,1304339,1304349,1,10,11,completed,1
15037,Rigid,1304338,1304339,1304358,1,19,20,completed,1
15038,Rigid,1304338,1304339,1304349,1,10,11,completed,1
15039,Rigid,1304338,1304339,1304357,1,18,19,completed,1
15040,Rigid,1304338,1304339,1304349,1,10,11,completed,1
15041,Rigid,1304338,1304339,1304354,1,15,16,completed,1
15042,Rigid,1304338,1304339,1304349,1,10,11,completed,1
15043,Rigid,1304338,1304339,1304349,1,10,11,completed,1
15044,Rigid,1304338,1304339,1304349,1,10,11,completed,1
15045,Rigid,1304338,1304339,1304352,1,13,14,completed,1
15046,Rigid,1304338,1304339,1304349,1,10,11,completed,1
15047,Rigid,1304338,1304339,1304353,1,14,15,completed,1
15048,Rigid,1304338,1304339,1304349,1,10,11,completed,1
15049,Rigid,1304338,1304339,1304349,1,10,11,completed,1
15050,Rigid,1304338,1304339,1304350,1,11,12,completed,1
15051,Rigid,1304338,1304339,1304349,1,10,11,completed,1
15052,Rigid,1304338,1304339,1304349,1,10,11,completed,1
15053,Rigid,1304338,1304339,1304349,1,10,11,completed,1
15054,Rigid,1304338,1304339,1304354,1,15,16,completed,1
15055,Rigid,1304338,1304339,1304349,1,10,11,completed,1
15056,Rigid,1304338,1304339,1304356,1,17,18,completed,1
15057,Rigid,1304338,1304339,1304349,1,10,11,completed,1
15058,Rigid,1304338,1304339,1304349,1,10,11,completed,1
15059,Rigid,1304338,1304339,1304349,1,10,11,completed,1
15060,Rigid,1304338,1304339,1304349,1,10,11,completed,1
15061,Rigid,1304338,1304339,1304349,1,10,11,completed,1
15062,Rigid,1304338,1304339,1304349,1,10,11,completed,1
15063,Rigid,1304338,1304339,1304349,1,10,11,completed,1
15064,Rigid,1304338,1304339,1304349,1,10,11,completed,1
15065,Rigid,1304338,1304339,1304349,1,10,11,completed,1
15066,Rigid,1304338,1304339,1304349,1,10,11,completed,1
15067,Rigid,1304338,1304339,1304349,1,10,11,completed,1
15068,Rigid,1304338,1304339,1304349,1,10,11,completed,1
15069,Rigid,1304338,1304339,1304356,1,17,18,completed,1
15070,Rigid,1304338,1304339,1304349,1,10,11,completed,1
15071,Rigid,1304338,1304339,1304349,1,10,11,completed,1
15072,Rigid,1304338,1304339,1304349,1,10,11,completed,1
15073,Rigid,1304338,1304339,1304349,1,10,11,completed,1
15074,Rigid,1304338,1304339,1304349,1,10,11,completed,1
15075,Rigid,1304338,1304339,1304349,1,10,11,completed,1
15076,Rigid,1304338,1304339,1304349,1,10,11,completed,1
15077,Rigid,1304338,1304339,1304349,1,10,11,completed,1
15078,Rigid,1304338,1304339,1304349,1,10,11,completed,1
15079,Rigid,1304338,1304339,1304349,1,10,11,completed,1
15080,Rigid,1304338,1304339,1304349,1,10,11,completed,1
15081,Rigid,1304338,1304339,1304349,1,10,11,completed,1
15082,Rigid,1304338,1304339,1304349,1,10,11,completed,1
15083,Rigid,1304338,1304339,1304349,1,10,11,completed,1
15084,Rigid,1304338,1304339,1304349,1,10,11,completed,1
15085,Rigid,1304338,1304339,1304349,1,10,11,completed,1
15086,Rigid,1304338,1304339,1304349,1,10,11,completed,1
15087,Rigid,1304338,1304339,1304352,1,13,14,completed,1
15088,Rigid,1304338,1304339,1304349,1,10,11,completed,1
15089,Rigid,1304338,1304339,1304349,1,10,11,completed,1
15090,Rigid,1304338,1304339,1304349,1,10,11,completed,1
15091,Rigid,1304338,1304339,1304357,1,18,19,completed,1
15092,Rigid,1304338,1304339,1304356,1,17,18,completed,1
15093,Rigid,1304338,1304339,1304349,1,10,11,completed,1
15094,Rigid,1304338,1304339,1304349,1,10,11,completed,1
15095,Rigid,1304338,1304339,1304349,1,10,11,completed,1
15096,Rigid,1304338,1304339,1304353,1,14,15,completed,1
15097,Rigid,1304338,1304339,1304353,1,14,15,completed,1
15098,Rigid,1304338,1304339,1304349,1,10,11,completed,1
15099,Rigid,1304338,1304339,1304349,1,10,11,completed,1
15100,Rigid,1304338,1304339,1304349,1,10,11,completed,1
15101,Rigid,1304338,1304339,1304349,1,10,11,completed,1
15102,Rigid,1304338,1304339,1304349,1,10,11,completed,1
15103,Rigid,1304338,1304339,1304349,1,10,11,completed,1
15104,Rigid,1304338,1304339,1304349,1,10,11,completed,1
15105,Rigid,1304338,1304339,1304353,1,14,15,completed,1
15106,Rigid,1304338,1304339,1304349,1,10,11,completed,1
15107,Rigid,1304338,1304339,1304349,1,10,11,completed,1
15108,Rigid,1304338,1304339,1304349,1,10,11,completed,1
15109,Rigid,1304338,1304339,1304349,1,10,11,completed,1
15110,Rigid,1304338,1304339,1304349,1,10,11,completed,1
15111,Rigid,1304338,1304339,1304349,1,10,11,completed,1
15112,Rigid,1304338,1304339,1304349,1,10,11,completed,1
15113,Rigid,1304338,1304339,1304349,1,10,11,completed,1
15114,Rigid,1304338,1304339,1304351,1,12,13,completed,1
15115,Rigid,1304338,1304339,1304349,1,10,11,completed,1
15116,Rigid,1304338,1304339,1304349,1,10,11,completed,1
15117,Rigid,1304338,1304339,1304359,1,20,21,completed,1
15118,Rigid,1304338,1304339,1304349,1,10,11,completed,1
15119,Rigid,1304338,1304339,1304349,1,10,11,completed,1
15120,Rigid,1304338,1304339,1304356,1,17,18,completed,1
15121,Rigid,1304338,1304339,1304349,1,10,11,completed,1
15122,Rigid,1304338,1304339,1304349,1,10,11,completed,1
15123,Rigid,1304338,1304339,1304349,1,10,11,completed,1
15124,Rigid,1304338,1304339,1304352,1,13,14,completed,1
15125,Rigid,1304338,1304339,1304349,1,10,11,completed,1
15126,Rigid,1304338,1304339,1304357,1,18,19,completed,1
15127,Rigid,1304338,1304339,1304349,1,10,11,completed,1
15128,Rigid,1304338,1304339,1304349,1,10,11,completed,1
15129,Rigid,1304338,1304339,1304349,1,10,11,completed,1
15130,Rigid,1304338,1304339,1304349,1,10,11,completed,1
15131,Rigid,1304338,1304339,1304349,1,10,11,completed,1
15132,Rigid,1304338,1304339,1304349,1,10,11,completed,1
15133,Rigid,1304338,1304339,1304349,1,10,11,completed,1
15134,Rigid,1304338,1304339,1304349,1,10,11,completed,1
15135,Rigid,1304338,1304339,1304353,1,14,15,completed,1
15136,Rigid,1304338,1304339,1304349,1,10,11,completed,1
15137,Rigid,1304338,1304339,1304359,1,20,21,completed,1
15138,Rigid,1304338,1304339,1304349,1,10,11,completed,1
15139,Rigid,1304338,1304339,1304352,1,13,14,completed,1
15140,Rigid,1304338,1304339,1304349,1,10,11,completed,1
15141,Rigid,1304338,1304339,1304349,1,10,11,completed,1
15142,Rigid,1304338,1304339,1304349,1,10,11,completed,1
15143,Rigid,1304338,1304339,1304355,1,16,17,completed,1
15144,Rigid,1304338,1304339,1304351,1,12,13,completed,1
15145,Rigid,1304338,1304339,1304349,1,10,11,completed,1
15146,Rigid,1304338,1304339,1304352,1,13,14,completed,1
15147,Rigid,1304338,1304339,1304352,1,13,14,completed,1
15148,Rigid,1304338,1304339,1304349,1,10,11,completed,1
15149,Rigid,1304338,1304339,1304354,1,15,16,completed,1
15150,Rigid,1304338,1304339,1304352,1,13,14,completed,1
15151,Rigid,1304338,1304339,1304349,1,10,11,completed,1
15152,Rigid,1304338,1304339,1304349,1,10,11,completed,1
15153,Rigid,1304338,1304339,1304349,1,10,11,completed,1
15154,Rigid,1304338,1304339,1304349,1,10,11,completed,1
15155,Rigid,1304338,1304339,1304349,1,10,11,completed,1
15156,Rigid,1304338,1304339,1304352,1,13,14,completed,1
15157,Rigid,1304338,1304339,1304349,1,10,11,completed,1
15158,Rigid,1304338,1304339,1304350,1,11,12,completed,1
15159,Rigid,1304338,1304339,1304353,1,14,15,completed,1
15160,Rigid,1304338,1304339,1304351,1,12,13,completed,1
15161,Rigid,1304338,1304339,1304349,1,10,11,completed,1
15162,Rigid,1304338,1304339,1304356,1,17,18,completed,1
15163,Rigid,1304338,1304339,1304349,1,10,11,completed,1
15164,Rigid,1304338,1304339,1304349,1,10,11,completed,1
15165,Rigid,1304338,1304339,1304350,1,11,12,completed,1
15166,Rigid,1304338,1304339,1304349,1,10,11,completed,1
15167,Rigid,1304338,1304339,1304349,1,10,11,completed,1
15168,Rigid,1304338,1304339,1304354,1,15,16,completed,1
15169,Rigid,1304338,1304339,1304353,1,14,15,completed,1
15170,Rigid,1304338,1304339,1304355,1,16,17,completed,1
15171,Rigid,1304338,1304339,1304354,1,15,16,completed,1
15172,Rigid,1304338,1304339,1304353,1,14,15,completed,1
15173,Rigid,1304338,1304339,1304355,1,16,17,completed,1
15174,Rigid,1304338,1304339,1304349,1,10,11,completed,1
15175,Rigid,1304338,1304339,1304355,1,16,17,completed,1
15176,Rigid,1304338,1304339,1304349,1,10,11,completed,1
15177,Rigid,1304338,1304339,1304349,1,10,11,completed,1
15178,Rigid,1304338,1304339,1304355,1,16,17,completed,1
15179,Rigid,1304338,1304339,1304355,1,16,17,completed,1
15180,Rigid,1304338,1304339,1304349,1,10,11,completed,1
15181,Rigid,1304338,1304339,1304349,1,10,11,completed,1
15182,Rigid,1304338,1304339,1304349,1,10,11,completed,1
15183,Rigid,1304338,1304339,1304349,1,10,11,completed,1
15184,Rigid,1304338,1304339,1304350,1,11,12,completed,1
15185,Rigid,1304338,1304339,1304353,1,14,15,completed,1
15186,Rigid,1304338,1304339,1304349,1,10,11,completed,1
15187,Rigid,1304338,1304339,1304357,1,18,19,completed,1
15188,Rigid,1304338,1304339,1304357,1,18,19,completed,1
15189,Rigid,1304338,1304339,1304350,1,11,12,completed,1
15190,Rigid,1304338,1304339,1304349,1,10,11,completed,1
15191,Rigid,1304338,1304339,1304355,1,16,17,completed,1
15192,Rigid,1304338,1304339,1304349,1,10,11,completed,1
15193,Rigid,1304338,1304339,1304349,1,10,11,completed,1
15194,Rigid,1304338,1304339,1304355,1,16,17,completed,1
15195,Rigid,1304338,1304339,1304349,1,10,11,completed,1
15196,Rigid,1304338,1304339,1304348,1,9,10,completed,1
15197,Rigid,1304338,1304339,1304349,1,10,11,completed,1
15198,Rigid,1304338,1304339,1304348,1,9,10,completed,1
15199,Rigid,1304338,1304339,1304348,1,9,10,completed,1
15200,Rigid,1304338,1304339,1304348,1,9,10,completed,1
15201,Rigid,1304338,1304339,1304349,1,10,11,completed,1
15202,Rigid,1304338,1304339,1304348,1,9,10,completed,1
15203,Rigid,1304338,1304339,1304350,1,11,12,completed,1
15204,Rigid,1304338,1304339,1304348,1,9,10,completed,1
15205,Rigid,1304338,1304339,1304348,1,9,10,completed,1
15206,Rigid,1304338,1304339,1304348,1,9,10,completed,1
15207,Rigid,1304338,1304339,1304348,1,9,10,completed,1
15208,Rigid,1304338,1304339,1304348,1,9,10,completed,1
15209,Rigid,1304338,1304350,1304377,12,27,39,completed,1
15210,Rigid,1304338,1304350,1304379,12,29,41,completed,1
15211,Rigid,1304338,1304350,1304378,12,28,40,completed,1
15212,Rigid,1304338,1304350,1304363,12,13,25,completed,1
15213,Rigid,1304338,1304350,1304366,12,16,28,completed,1
15214,Rigid,1304338,1304350,1304377,12,27,39,completed,1
15215,Rigid,1304338,1304350,1304377,12,27,39,completed,1
15216,Rigid,1304338,1304350,1304373,12,23,35,completed,1
15217,Rigid,1304338,1304350,1304364,12,14,26,completed,1
15218,Rigid,1304338,1304350,1304366,12,16,28,completed,1
15219,Rigid,1304338,1304350,1304365,12,15,27,completed,1
15220,Rigid,1304338,1304350,1304369,12,19,31,completed,1
15221,Rigid,1304338,1304350,1304370,12,20,32,completed,1
15222,Rigid,1304338,1304350,1304370,12,20,32,completed,1
15223,Rigid,1304338,1304350,1304363,12,13,25,completed,1
15224,Rigid,1304338,1304350,1304367,12,17,29,completed,1
15225,Rigid,1304338,1304350,1304377,12,27,39,completed,1
15226,Rigid,1304338,1304350,1304363,12,13,25,completed,1
15227,Rigid,1304338,1304350,1304372,12,22,34,completed,1
15228,Rigid,1304338,1304350,1304377,12,27,39,completed,1
15229,Rigid,1304338,1304350,1304377,12,27,39,completed,1
15230,Rigid,1304338,1304350,1304377,12,27,39,completed,1
15231,Rigid,1304338,1304350,1304369,12,19,31,completed,1
15232,Rigid,1304338,1304350,1304373,12,23,35,completed,1
15233,Rigid,1304338,1304350,1304367,12,17,29,completed,1
15234,Rigid,1304338,1304350,1304368,12,18,30,completed,1
15235,Rigid,1304338,1304350,1304365,12,15,27,completed,1
15236,Rigid,1304338,1304350,1304361,12,11,23,completed,1
15237,Rigid,1304338,1304350,1304373,12,23,35,completed,1
15238,Rigid,1304338,1304350,1304379,12,29,41,completed,1
15239,Rigid,1304338,1304350,1304377,12,27,39,completed,1
15240,Rigid,1304338,1304350,1304376,12,26,38,completed,1
15241,Rigid,1304338,1304350,1304364,12,14,26,completed,1
15242,Rigid,1304338,1304350,1304368,12,18,30,completed,1
15243,Rigid,1304338,1304350,1304373,12,23,35,completed,1
15244,Rigid,1304338,1304350,1304364,12,14,26,completed,1
15245,Rigid,1304338,1304350,1304365,12,15,27,completed,1
15246,Rigid,1304338,1304350,1304367,12,17,29,completed,1
15247,Rigid,1304338,1304350,1304375,12,25,37,completed,1
15248,Rigid,1304338,1304350,1304378,12,28,40,completed,1
15249,Rigid,1304338,1304350,1304369,12,19,31,completed,1
15250,Rigid,1304338,1304350,1304363,12,13,25,completed,1
15251,Rigid,1304338,1304350,1304378,12,28,40,completed,1
15252,Rigid,1304338,1304350,1304364,12,14,26,completed,1
15253,Rigid,1304338,1304350,1304362,12,12,24,completed,1
15254,Rigid,1304338,1304350,1304377,12,27,39,completed,1
15255,Rigid,1304338,1304350,1304365,12,15,27,completed,1
15256,Rigid,1304338,1304350,1304365,12,15,27,completed,1
15257,Rigid,1304338,1304350,1304365,12,15,27,completed,1
15258,Rigid,1304338,1304350,1304374,12,24,36,completed,1
15259,Rigid,1304338,1304350,1304365,12,15,27,completed,1
15260,Rigid,1304338,1304350,1304364,12,14,26,completed,1
15261,Rigid,1304338,1304350,1304364,12,14,26,completed,1
15262,Rigid,1304338,1304350,1304365,12,15,27,completed,1
15263,Rigid,1304338,1304350,1304369,12,19,31,completed,1
15264,Rigid,1304338,1304350,1304371,12,21,33,completed,1
15265,Rigid,1304338,1304350,1304377,12,27,39,completed,1
15266,Rigid,1304338,1304350,1304375,12,25,37,completed,1
15267,Rigid,1304338,1304350,1304365,12,15,27,completed,1
15268,Rigid,1304338,1304350,1304369,12,19,31,completed,1
15269,Rigid,1304338,1304350,1304375,12,25,37,completed,1
15270,Rigid,1304338,1304350,1304377,12,27,39,completed,1
15271,Rigid,1304338,1304350,1304366,12,16,28,completed,1
15272,Rigid,1304338,1304350,1304364,12,14,26,completed,1
15273,Rigid,1304338,1304350,1304373,12,23,35,completed,1
15274,Rigid,1304338,1304350,1304363,12,13,25,completed,1
15275,Rigid,1304338,1304350,1304365,12,15,27,completed,1
15276,Rigid,1304338,1304350,1304373,12,23,35,completed,1
15277,Rigid,1304338,1304350,1304375,12,25,37,completed,1
15278,Rigid,1304338,1304350,1304365,12,15,27,completed,1
15279,Rigid,1304338,1304350,1304379,12,29,41,completed,1
15280,Rigid,1304338,1304350,1304370,12,20,32,completed,1
15281,Rigid,1304338,1304350,1304379,12,29,41,completed,1
15282,Rigid,1304338,1304350,1304378,12,28,40,completed,1
15283,Rigid,1304338,1304350,1304372,12,22,34,completed,1
15284,Rigid,1304338,1304350,1304378,12,28,40,completed,1
15285,Rigid,1304338,1304350,1304364,12,14,26,completed,1
15286,Rigid,1304338,1304350,1304371,12,21,33,completed,1
15287,Rigid,1304338,1304350,1304368,12,18,30,completed,1
15288,Rigid,1304338,1304350,1304377,12,27,39,completed,1
15289,Rigid,1304338,1304350,1304368,12,18,30,completed,1
15290,Rigid,1304338,1304350,1304373,12,23,35,completed,1
15291,Rigid,1304338,1304350,1304368,12,18,30,completed,1
15292,Rigid,1304338,1304350,1304365,12,15,27,completed,1
15293,Rigid,1304338,1304350,1304377,12,27,39,completed,1
15294,Rigid,1304338,1304350,1304379,12,29,41,completed,1
15295,Rigid,1304338,1304350,1304379,12,29,41,completed,1
15296,Rigid,1304338,1304350,1304364,12,14,26,completed,1
15297,Rigid,1304338,1304350,1304363,12,13,25,completed,1
15298,Rigid,1304338,1304350,1304378,12,28,40,completed,1
15299,Rigid,1304338,1304350,1304378,12,28,40,completed,1
15300,Rigid,1304338,1304350,1304377,12,27,39,completed,1
15301,Rigid,1304338,1304350,1304369,12,19,31,completed,1
15302,Rigid,1304338,1304350,1304365,12,15,27,completed,1
15303,Rigid,1304338,1304350,1304378,12,28,40,completed,1
15304,Rigid,1304338,1304350,1304378,12,28,40,completed,1
15305,Rigid,1304338,1304350,1304370,12,20,32,completed,1
15306,Rigid,1304338,1304350,1304374,12,24,36,completed,1
15307,Rigid,1304338,1304350,1304371,12,21,33,completed,1
15308,Rigid,1304338,1304350,1304378,12,28,40,completed,1
15309,Rigid,1304338,1304350,1304376,12,26,38,completed,1
15310,Rigid,1304338,1304350,1304370,12,20,32,completed,1
15311,Rigid,1304338,1304350,1304378,12,28,40,completed,1
15312,Rigid,1304338,1304350,1304378,12,28,40,completed,1
15313,Rigid,1304338,1304350,1304373,12,23,35,completed,1
15314,Rigid,1304338,1304350,1304370,12,20,32,completed,1
15315,Rigid,1304338,1304350,1304369,12,19,31,completed,1
15316,Rigid,1304338,1304350,1304374,12,24,36,completed,1
15317,Rigid,1304338,1304350,1304379,12,29,41,completed,1
15318,Rigid,1304338,1304350,1304367,12,17,29,completed,1
15319,Rigid,1304338,1304350,1304376,12,26,38,completed,1
15320,Rigid,1304338,1304350,1304371,12,21,33,completed,1
15321,Rigid,1304338,1304350,1304377,12,27,39,completed,1
15322,Rigid,1304338,1304350,1304379,12,29,41,completed,1
15323,Rigid,1304338,1304350,1304379,12,29,41,completed,1
15324,Rigid,1304338,1304350,1304374,12,24,36,completed,1
15325,Rigid,1304338,1304350,1304375,12,25,37,completed,1
15326,Rigid,1304338,1304350,1304372,12,22,34,completed,1
15327,Rigid,1304338,1304350,1304373,12,23,35,completed,1
15328,Rigid,1304338,1304350,1304372,12,22,34,completed,1
15329,Rigid,1304338,1304350,1304372,12,22,34,completed,1
15330,Rigid,1304338,1304350,1304376,12,26,38,completed,1
15331,Rigid,1304338,1304350,1304364,12,14,26,completed,1
15332,Rigid,1304338,1304350,1304375,12,25,37,completed,1
15333,Rigid,1304338,1304350,1304364,12,14,26,completed,1
15334,Rigid,1304338,1304350,1304378,12,28,40,completed,1
15335,Rigid,1304338,1304350,1304370,12,20,32,completed,1
15336,Rigid,1304338,1304350,1304369,12,19,31,completed,1
15337,Rigid,1304338,1304350,1304365,12,15,27,completed,1
15338,Rigid,1304338,1304350,1304378,12,28,40,completed,1
15339,Rigid,1304338,1304350,1304376,12,26,38,completed,1
15340,Rigid,1304338,1304350,1304378,12,28,40,completed,1
15341,Rigid,1304338,1304350,1304379,12,29,41,completed,1
15342,Rigid,1304338,1304350,1304379,12,29,41,completed,1
15343,Rigid,1304338,1304350,1304378,12,28,40,completed,1
15344,Rigid,1304338,1304350,1304369,12,19,31,completed,1
15345,Rigid,1304338,1304350,1304371,12,21,33,completed,1
15346,Rigid,1304338,1304350,1304364,12,14,26,completed,1
15347,Rigid,1304338,1304350,1304378,12,28,40,completed,1
15348,Rigid,1304338,1304350,1304374,12,24,36,completed,1
15349,Rigid,1304338,1304350,1304368,12,18,30,completed,1
15350,Rigid,1304338,1304350,1304372,12,22,34,completed,1
15351,Rigid,1304338,1304350,1304375,12,25,37,completed,1
15352,Rigid,1304338,1304350,1304366,12,16,28,completed,1
15353,Rigid,1304338,1304350,1304368,12,18,30,completed,1
15354,Rigid,1304338,1304350,1304370,12,20,32,completed,1
15355,Rigid,1304338,1304350,1304368,12,18,30,completed,1
15356,Rigid,1304338,1304350,1304378,12,28,40,completed,1
15357,Rigid,1304338,1304350,1304378,12,28,40,completed,1
15358,Rigid,1304338,1304350,1304377,12,27,39,completed,1
15359,Rigid,1304338,1304350,1304377,12,27,39,completed,1
15360,Rigid,1304338,1304350,1304369,12,19,31,completed,1
15361,Rigid,1304338,1304350,1304376,12,26,38,completed,1
15362,Rigid,1304338,1304350,1304372,12,22,34,completed,1
15363,Rigid,1304338,1304350,1304377,12,27,39,completed,1
15364,Rigid,1304338,1304350,1304378,12,28,40,completed,1
15365,Rigid,1304338,1304350,1304371,12,21,33,completed,1
15366,Rigid,1304338,1304350,1304377,12,27,39,completed,1
15367,Rigid,1304338,1304350,1304378,12,28,40,completed,1
15368,Rigid,1304338,1304350,1304365,12,15,27,completed,1
15369,Rigid,1304338,1304350,1304366,12,16,28,completed,1
15370,Rigid,1304338,1304350,1304379,12,29,41,completed,1
15371,Rigid,1304338,1304350,1304378,12,28,40,completed,1
15372,Rigid,1304338,1304350,1304374,12,24,36,completed,1
15373,Rigid,1304338,1304350,1304376,12,26,38,completed,1
15374,Rigid,1304338,1304350,1304377,12,27,39,completed,1
15375,Rigid,1304338,1304350,1304365,12,15,27,completed,1
15376,Rigid,1304338,1304350,1304369,12,19,31,completed,1
15377,Rigid,1304338,1304350,1304378,12,28,40,completed,1
15378,Rigid,1304338,1304350,1304365,12,15,27,completed,1
15379,Rigid,1304338,1304350,1304376,12,26,38,completed,1
15380,Rigid,1304338,1304350,1304377,12,27,39,completed,1
15381,Rigid,1304338,1304350,1304378,12,28,40,completed,1
15382,Rigid,1304338,1304350,1304370,12,20,32,completed,1
15383,Rigid,1304338,1304350,1304379,12,29,41,completed,1
15384,Rigid,1304338,1304350,1304369,12,19,31,completed,1
15385,Rigid,1304338,1304350,1304371,12,21,33,completed,1
15386,Rigid,1304338,1304350,1304377,12,27,39,completed,1
15387,Rigid,1304338,1304350,1304366,12,16,28,completed,1
15388,Rigid,1304338,1304350,1304377,12,27,39,completed,1
15389,Rigid,1304338,1304350,1304377,12,27,39,completed,1
15390,Rigid,1304338,1304350,1304373,12,23,35,completed,1
15391,Rigid,1304338,1304350,1304379,12,29,41,completed,1
15392,Rigid,1304338,1304350,1304378,12,28,40,completed,1
15393,Rigid,1304338,1304350,1304368,12,18,30,completed,1
15394,Rigid,1304338,1304350,1304366,12,16,28,completed,1
15395,Rigid,1304338,1304350,1304375,12,25,37,completed,1
15396,Rigid,1304338,1304350,1304378,12,28,40,completed,1
15397,Rigid,1304338,1304350,1304379,12,29,41,completed,1
15398,Rigid,1304338,1304350,1304374,12,24,36,completed,1
15399,Rigid,1304338,1304350,1304378,12,28,40,completed,1
15400,Rigid,1304338,1304350,1304368,12,18,30,completed,1
15401,Rigid,1304338,1304350,1304377,12,27,39,completed,1
15402,Rigid,1304338,1304350,1304371,12,21,33,completed,1
15403,Rigid,1304338,1304350,1304373,12,23,35,completed,1
15404,Rigid,1304338,1304350,1304368,12,18,30,completed,1
15405,Rigid,1304338,1304350,1304372,12,22,34,completed,1
15406,Rigid,1304338,1304350,1304369,12,19,31,completed,1
15407,Rigid,1304338,1304350,1304371,12,21,33,completed,1
15408,Rigid,1304338,1304350,1304379,12,29,41,completed,1
15409,Rigid,1304338,1304350,1304373,12,23,35,completed,1
15410,Rigid,1304338,1304350,1304377,12,27,39,completed,1
15411,Rigid,1304338,1304350,1304377,12,27,39,completed,1
15412,Rigid,1304338,1304350,1304377,12,27,39,completed,1
15413,Rigid,1304338,1304350,1304372,12,22,34,completed,1
15414,Rigid,1304338,1304350,1304378,12,28,40,completed,1
15415,Rigid,1304338,1304350,1304369,12,19,31,completed,1
15416,Rigid,1304338,1304350,1304369,12,19,31,completed,1
15417,Rigid,1304338,1304350,1304371,12,21,33,completed,1
15418,Rigid,1304338,1304350,1304368,12,18,30,completed,1
15419,Rigid,1304338,1304350,1304367,12,17,29,completed,1
15420,Rigid,1304338,1304350,1304378,12,28,40,completed,1
15421,Rigid,1304338,1304350,1304368,12,18,30,completed,1
15422,Rigid,1304338,1304350,1304377,12,27,39,completed,1
15423,Rigid,1304338,1304350,1304379,12,29,41,completed,1
15424,Rigid,1304338,1304350,1304377,12,27,39,completed,1
15425,Rigid,1304338,1304350,1304378,12,28,40,completed,1
15426,Rigid,1304338,1304350,1304373,12,23,35,completed,1
15427,Rigid,1304338,1304350,1304379,12,29,41,completed,1
15428,Rigid,1304338,1304350,1304371,12,21,33,completed,1
15429,Rigid,1304338,1304350,1304370,12,20,32,completed,1
15430,Rigid,1304338,1304350,1304368,12,18,30,completed,1
15431,Rigid,1304338,1304350,1304379,12,29,41,completed,1
15432,Rigid,1304338,1304350,1304375,12,25,37,completed,1
15433,Rigid,1304338,1304350,1304372,12,22,34,completed,1
15434,Rigid,1304338,1304350,1304378,12,28,40,completed,1
15435,Rigid,1304338,1304350,1304365,12,15,27,completed,1
15436,Rigid,1304338,1304350,1304377,12,27,39,completed,1
15437,Rigid,1304338,1304350,1304377,12,27,39,completed,1
15438,Rigid,1304338,1304350,1304368,12,18,30,completed,1
15439,Rigid,1304338,1304350,1304367,12,17,29,completed,1
15440,Rigid,1304338,1304350,1304377,12,27,39,completed,1
15441,Rigid,1304338,1304350,1304366,12,16,28,completed,1
15442,Rigid,1304338,1304350,1304377,12,27,39,completed,1
15443,Rigid,1304338,1304350,1304375,12,25,37,completed,1
15444,Rigid,1304338,1304350,1304368,12,18,30,completed,1
15445,Rigid,1304338,1304350,1304369,12,19,31,completed,1
15446,Rigid,1304338,1304350,1304377,12,27,39,completed,1
15447,Rigid,1304338,1304350,1304379,12,29,41,completed,1
15448,Rigid,1304338,1304350,1304376,12,26,38,completed,1
15449,Rigid,1304338,1304350,1304377,12,27,39,completed,1
15450,Rigid,1304338,1304350,1304374,12,24,36,completed,1
15451,Rigid,1304338,1304350,1304368,12,18,30,completed,1
15452,Rigid,1304338,1304350,1304370,12,20,32,completed,1
15453,Rigid,1304338,1304350,1304377,12,27,39,completed,1
15454,Rigid,1304338,1304350,1304379,12,29,41,completed,1
15455,Rigid,1304338,1304350,1304377,12,27,39,completed,1
15456,Rigid,1304338,1304350,1304376,12,26,38,completed,1
15457,Rigid,1304338,1304350,1304372,12,22,34,completed,1
15458,Rigid,1304338,1304350,1304377,12,27,39,completed,1
15459,Rigid,1304338,1304350,1304369,12,19,31,completed,1
15460,Rigid,1304338,1304350,1304379,12,29,41,completed,1
15461,Rigid,1304338,1304350,1304374,12,24,36,completed,1
15462,Rigid,1304338,1304350,1304377,12,27,39,completed,1
15463,Rigid,1304338,1304350,1304375,12,25,37,completed,1
15464,Rigid,1304338,1304350,1304377,12,27,39,completed,1
15465,Rigid,1304338,1304350,1304378,12,28,40,completed,1
15466,Rigid,1304338,1304350,1304378,12,28,40,completed,1
15467,Rigid,1304338,1304350,1304378,12,28,40,completed,1
15468,Rigid,1304338,1304350,1304378,12,28,40,completed,1
15469,Rigid,1304338,1304350,1304378,12,28,40,completed,1
15470,Rigid,1304338,1304350,1304377,12,27,39,completed,1
15471,Rigid,1304338,1304350,1304378,12,28,40,completed,1
15472,Rigid,1304338,1304350,1304377,12,27,39,completed,1
15473,Rigid,1304338,1304350,1304371,12,21,33,completed,1
15474,Rigid,1304338,1304350,1304379,12,29,41,completed,1
15475,Rigid,1304338,1304350,1304374,12,24,36,completed,1
15476,Rigid,1304338,1304350,1304378,12,28,40,completed,1
15477,Rigid,1304338,1304350,1304375,12,25,37,completed,1
15478,Rigid,1304338,1304350,1304377,12,27,39,completed,1
15479,Rigid,1304338,1304350,1304378,12,28,40,completed,1
15480,Rigid,1304338,1304350,1304377,12,27,39,completed,1
15481,Rigid,1304338,1304350,1304368,12,18,30,completed,1
15482,Rigid,1304338,1304350,1304378,12,28,40,completed,1
15483,Rigid,1304338,1304350,1304374,12,24,36,completed,1
15484,Rigid,1304338,1304350,1304371,12,21,33,completed,1
15485,Rigid,1304338,1304350,1304378,12,28,40,completed,1
15486,Rigid,1304338,1304350,1304375,12,25,37,completed,1
15487,Rigid,1304338,1304350,1304365,12,15,27,completed,1
15488,Rigid,1304338,1304350,1304372,12,22,34,completed,1
15489,Rigid,1304338,1304350,1304369,12,19,31,completed,1
15490,Rigid,1304338,1304350,1304378,12,28,40,completed,1
15491,Rigid,1304338,1304350,1304378,12,28,40,completed,1
15492,Rigid,1304338,1304350,1304369,12,19,31,completed,1
15493,Rigid,1304338,1304350,1304375,12,25,37,completed,1
15494,Rigid,1304338,1304350,1304378,12,28,40,completed,1
15495,Rigid,1304338,1304350,1304369,12,19,31,completed,1
15496,Rigid,1304338,1304350,1304369,12,19,31,completed,1
15497,Rigid,1304338,1304350,1304375,12,25,37,completed,1
15498,Rigid,1304338,1304350,1304368,12,18,30,completed,1
15499,Rigid,1304338,1304350,1304368,12,18,30,completed,1
15500,Rigid,1304338,1304350,1304377,12,27,39,completed,1
15501,Rigid,1304338,1304350,1304375,12,25,37,completed,1
15502,Rigid,1304338,1304350,1304371,12,21,33,completed,1
15503,Rigid,1304338,1304350,1304367,12,17,29,completed,1
15504,Rigid,1304338,1304350,1304368,12,18,30,completed,1
15505,Rigid,1304338,1304350,1304371,12,21,33,completed,1
15506,Rigid,1304338,1304350,1304371,12,21,33,completed,1
15507,Rigid,1304338,1304350,1304369,12,19,31,completed,1
15508,Rigid,1304338,1304350,1304371,12,21,33,completed,1
15509,Rigid,1304338,1304350,1304373,12,23,35,completed,1
15510,Rigid,1304338,1304350,1304368,12,18,30,completed,1
15511,Rigid,1304338,1304350,1304368,12,18,30,completed,1
15512,Rigid,1304338,1304350,1304378,12,28,40,completed,1
15513,Rigid,1304338,1304350,1304371,12,21,33,completed,1
15514,Rigid,1304338,1304350,1304374,12,24,36,completed,1
15515,Rigid,1304338,1304350,1304378,12,28,40,completed,1
15516,Rigid,1304338,1304350,1304374,12,24,36,completed,1
15517,Rigid,1304338,1304350,1304376,12,26,38,completed,1
15518,Rigid,1304338,1304350,1304367,12,17,29,completed,1
15519,Rigid,1304338,1304350,1304373,12,23,35,completed,1
15520,Rigid,1304338,1304350,1304377,12,27,39,completed,1
15521,Rigid,1304338,1304350,1304378,12,28,40,completed,1
15522,Rigid,1304338,1304350,1304370,12,20,32,completed,1
15523,Rigid,1304338,1304350,1304377,12,27,39,completed,1
15524,Rigid,1304338,1304350,1304372,12,22,34,completed,1
15525,Rigid,1304338,1304350,1304367,12,17,29,completed,1
15526,Rigid,1304338,1304350,1304377,12,27,39,completed,1
15527,Rigid,1304338,1304350,1304377,12,27,39,completed,1
15528,Rigid,1304338,1304350,1304370,12,20,32,completed,1
15529,Rigid,1304338,1304350,1304366,12,16,28,completed,1
15530,Rigid,1304338,1304350,1304375,12,25,37,completed,1
15531,Rigid,1304338,1304350,1304377,12,27,39,completed,1
15532,Rigid,1304338,1304350,1304371,12,21,33,completed,1
15533,Rigid,1304338,1304350,1304378,12,28,40,completed,1
15534,Rigid,1304338,1304350,1304365,12,15,27,completed,1
15535,Rigid,1304338,1304350,1304368,12,18,30,completed,1
15536,Rigid,1304338,1304350,1304378,12,28,40,completed,1
15537,Rigid,1304338,1304350,1304378,12,28,40,completed,1
15538,Rigid,1304338,1304350,1304372,12,22,34,completed,1
15539,Rigid,1304338,1304350,1304372,12,22,34,completed,1
15540,Rigid,1304338,1304350,1304369,12,19,31,completed,1
15541,Rigid,1304338,1304350,1304372,12,22,34,completed,1
15542,Rigid,1304338,1304350,1304374,12,24,36,completed,1
15543,Rigid,1304338,1304350,1304374,12,24,36,completed,1
15544,Rigid,1304338,1304350,1304377,12,27,39,completed,1
15545,Rigid,1304338,1304350,1304367,12,17,29,completed,1
15546,Rigid,1304338,1304350,1304372,12,22,34,completed,1
15547,Rigid,1304338,1304350,1304371,12,21,33,completed,1
15548,Rigid,1304338,1304350,1304377,12,27,39,completed,1
15549,Rigid,1304338,1304351,1304377,13,26,39,completed,1
15550,Rigid,1304338,1304351,1304377,13,26,39,completed,1
15551,Rigid,1304338,1304351,1304377,13,26,39,completed,1
15552,Rigid,1304338,1304351,1304375,13,24,37,completed,1
15553,Rigid,1304338,1304351,1304367,13,16,29,completed,1
15554,Rigid,1304338,1304352,1304372,14,20,34,completed,1
15555,Rigid,1304338,1304352,1304373,14,21,35,completed,1
15556,Rigid,1304338,1304352,1304375,14,23,37,completed,1
15557,Rigid,1304338,1304352,1304367,14,15,29,completed,1
15558,Rigid,1304338,1304352,1304368,14,16,30,completed,1
15559,Rigid,1304338,1304352,1304369,14,17,31,completed,1
15560,Rigid,1304338,1304352,1304375,14,23,37,completed,1
15561,Rigid,1304338,1304352,1304374,14,22,36,completed,1
15562,Rigid,1304338,1304352,1304378,14,26,40,completed,1
15563,Rigid,1304338,1304352,1304378,14,26,40,completed,1
15564,Rigid,1304338,1304352,1304369,14,17,31,completed,1
15565,Rigid,1304338,1304352,1304379,14,27,41,completed,1
15566,Rigid,1304338,1304352,1304369,14,17,31,completed,1
15567,Rigid,1304338,1304352,1304368,14,16,30,completed,1
15568,Rigid,1304338,1304353,1304374,15,21,36,completed,1
15569,Rigid,1304338,1304353,1304378,15,25,40,completed,1
15570,Rigid,1304338,1304353,1304378,15,25,40,completed,1
15571,Rigid,1304338,1304353,1304369,15,16,31,completed,1
15572,Rigid,1304338,1304353,1304378,15,25,40,completed,1
15573,Rigid,1304338,1304353,1304374,15,21,36,completed,1
15574,Rigid,1304338,1304353,1304378,15,25,40,completed,1
15575,Rigid,1304338,1304353,1304378,15,25,40,completed,1
15576,Rigid,1304338,1304353,1304379,15,26,41,completed,1
15577,Rigid,1304338,1304354,1304378,16,24,40,completed,1
15578,Rigid,1304338,1304354,1304375,16,21,37,completed,1
15579,Rigid,1304338,1304354,1304379,16,25,41,completed,1
15580,Rigid,1304338,1304354,1304375,16,21,37,completed,1
15581,Rigid,1304338,1304354,1304374,16,20,36,completed,1
15582,Rigid,1304338,1304355,1304375,17,20,37,completed,1
15583,Rigid,1304338,1304355,1304374,17,19,36,completed,1
15584,Rigid,1304338,1304355,1304369,17,14,31,completed,1
15585,Rigid,1304338,1304355,1304372,17,17,34,completed,1
15586,Rigid,1304338,1304355,1304367,17,12,29,completed,1
15587,Rigid,1304338,1304355,1304379,17,24,41,completed,1
15588,Rigid,1304338,1304355,1304371,17,16,33,completed,1
15589,Rigid,1304338,1304355,1304379,17,24,41,completed,1
15590,Rigid,1304338,1304355,1304368,17,13,30,completed,1
15591,Rigid,1304338,1304356,1304375,18,19,37,completed,1
15592,Rigid,1304338,1304356,1304377,18,21,39,completed,1
15593,Rigid,1304338,1304356,1304375,18,19,37,completed,1
15594,Rigid,1304338,1304356,1304378,18,22,40,completed,1
15595,Rigid,1304338,1304356,1304372,18,16,34,completed,1
15596,Rigid,1304338,1304357,1304378,19,21,40,completed,1
15597,Rigid,1304338,1304357,1304375,19,18,37,completed,1
15598,Rigid,1304338,1304357,1304377,19,20,39,completed,1
15599,Rigid,1304338,1304357,1304378,19,21,40,completed,1
15600,Rigid,1304338,1304357,1304371,19,14,33,completed,1
15601,Rigid,1304338,1304357,1304370,19,13,32,completed,1
15602,Rigid,1304338,1304357,1304378,19,21,40,completed,1
15603,Rigid,1304338,1304358,1304378,20,20,40,completed,1
15604,Rigid,1304338,1304358,1304379,20,21,41,completed,1
15605,Rigid,1304338,1304359,1304379,21,20,41,completed,1
15606,Rigid,1304338,1304359,1304377,21,18,39,completed,1
15607,Rigid,1304338,1304360,1304373,22,13,35,completed,1
15608,Rigid,1304338,1304361,1304375,23,14,37,completed,1
15609,Rigid,1304338,1304362,1304378,24,16,40,completed,1
15610,Rigid,1304338,1304363,1304375,25,12,37,completed,1
15611,Rigid,1304338,1304363,1304377,25,14,39,completed,1
15612,Rigid,1304338,1304363,1304376,25,13,38,completed,1
15613,Rigid,1304338,1304363,1304378,25,15,40,completed,1
15614,Rigid,1304338,1304363,1304370,25,7,32,completed,1
15615,Rigid,1304338,1304363,1304373,25,10,35,completed,1
15616,Rigid,1304338,1304364,1304378,26,14,40,completed,1
15617,Rigid,1304338,1304364,1304372,26,8,34,completed,1
15618,Rigid,1304338,1304364,1304377,26,13,39,completed,1
15619,Rigid,1304338,1304364,1304376,26,12,38,completed,1
15620,Rigid,1304338,1304364,1304377,26,13,39,completed,1
15621,Rigid,1304338,1304364,1304379,26,15,41,completed,1
15622,Rigid,1304338,1304364,1304379,26,15,41,completed,1
15623,Rigid,1304338,1304364,1304377,26,13,39,completed,1
15624,Rigid,1304338,1304364,1304373,26,9,35,completed,1
15625,Rigid,1304338,1304364,1304372,26,8,34,completed,1
15626,Rigid,1304338,1304364,1304376,26,12,38,completed,1
15627,Rigid,1304338,1304364,1304378,26,14,40,completed,1
15628,Rigid,1304338,1304367,1304377,29,10,39,completed,1
15629,Rigid,1304338,1304367,1304378,29,11,40,completed,1
15630,Rigid,1304338,1304367,1304379,29,12,41,completed,1
15631,Rigid,1304338,1304367,1304376,29,9,38,completed,1
15632,Rigid,1304338,1304369,1304377,31,8,39,completed,1
15633,Rigid,1304338,1304369,1304379,31,10,41,completed,1
15634,Rigid,1304338,1304369,1304379,31,10,41,completed,1
15635,Rigid,1304338,1304369,1304378,31,9,40,completed,1
15636,Rigid,1304338,1304369,1304377,31,8,39,completed,1
15637,Rigid,1304338,1304369,1304377,31,8,39,completed,1
15638,Rigid,1304338,1304369,1304377,31,8,39,completed,1
15639,Rigid,1304338,1304369,1304378,31,9,40,completed,1
15640,Rigid,1304338,1304369,1304377,31,8,39,completed,1
15641,Rigid,1304338,1304369,1304378,31,9,40,completed,1
15642,Rigid,1304338,1304369,1304374,31,5,36,completed,1
15643,Rigid,1304338,1304369,1304377,31,8,39,completed,1
15644,Rigid,1304338,1304369,1304374,31,5,36,completed,1
15645,Rigid,1304338,1304369,1304375,31,6,37,completed,1
15646,Rigid,1304338,1304369,1304385,31,16,47,completed,1
15647,Rigid,1304494,1305380,1307691,886,2311,3197,completed,36
15648,Rigid,1304511,1305210,1305378,699,168,867,completed,144
15649,Rigid,1304664,1305441,1307792,777,2351,3128,completed,36
15650,Rigid,1304790,1305559,1307601,769,2042,2811,completed,36
15651,Rigid,1304937,1305798,1307981,861,2183,3044,completed,36
15652,Rigid,1305057,1305971,1307948,914,1977,2891,completed,36
15653,Rigid,1305170,1306435,1308312,1265,1877,3142,completed,36
15654,Rigid,1305296,1306435,1308397,1139,1962,3101,completed,36
15655,Rigid,1305467,1306435,1308637,968,2202,3170,completed,36
15656,Rigid,1306945,1307358,1309166,413,1808,2221,completed,144
15657,Rigid,1306945,1307602,1309381,657,1779,2436,completed,144
15658,Rigid,1306945,1307714,1309530,769,1816,2585,completed,144
15659,Rigid,1306946,1308314,1310097,1368,1783,3151,completed,144
15660,Rigid,1306946,1309168,1310984,2222,1816,4038,completed,144
15661,Rigid,1306946,1309323,1311105,2377,1782,4159,completed,144
15662,Rigid,1306946,1309383,1311145,2437,1762,4199,completed,144
15663,Rigid,1306946,1309532,1311314,2586,1782,4368,completed,144
15664,Rigid,1306947,1310099,1311891,3152,1792,4944,completed,144
15665,Rigid,1306947,1310343,1312157,3396,1814,5210,completed,144
15666,Rigid,1306947,1310985,1312748,4038,1763,5801,completed,144
15667,Rigid,1306947,1311107,1312896,4160,1789,5949,completed,144
15668,Rigid,1306947,1311147,1312922,4200,1775,5975,completed,144
15669,Rigid,1306947,1311315,1313062,4368,1747,6115,completed,144
15670,Rigid,1306947,1311768,1313529,4821,1761,6582,completed,144
15671,Rigid,1307432,1307433,1307697,1,264,265,completed,1
15672,Rigid,1307432,1307433,1308484,1,1051,1052,completed,6
15673,Rigid,1307945,1313970,1321651,6025,7681,13706,completed,396
15674,Rigid,1308937,1308937,1310785,0,1848,1848,completed,6
15675,Rigid,1308937,1308937,1309689,0,752,752,completed,1
15676,Rigid,1308937,1308937,1309682,0,745,745,completed,8
15677,Rigid,1308937,1308937,1311181,0,2244,2244,completed,16
15678,Rigid,1309302,1311768,1317192,2466,5424,7890,completed,144
15679,Rigid,1309307,1311893,1317312,2586,5419,8005,completed,144
15680,Rigid,1309312,1312159,1317582,2847,5423,8270,completed,144
15681,Rigid,1309690,1309690,1309710,0,20,20,completed,1
15682,Rigid,1309690,1309691,1309795,1,104,105,completed,1
15683,Rigid,1309711,1309712,1312906,1,3194,3195,completed,6
15684,Rigid,1309711,1309712,1313218,1,3506,3507,completed,6
15685,Rigid,1309711,1309712,1313924,1,4212,4213,completed,6
15686,Rigid,1309711,1309712,1313840,1,4128,4129,completed,6
15687,Rigid,1309711,1309712,1313853,1,4141,4142,completed,6
15688,Rigid,1309712,1309712,1312958,0,3246,3246,completed,6
15689,Rigid,1309712,1309712,1313981,0,4269,4269,completed,6
15690,Rigid,1309712,1309712,1313935,0,4223,4223,completed,6
15691,Rigid,1309712,1309712,1313886,0,4174,4174,completed,6
15692,Rigid,1309712,1309712,1314083,0,4371,4371,completed,6
15693,Rigid,1309712,1309712,1312890,0,3178,3178,completed,6
15694,Rigid,1309712,1309712,1312764,0,3052,3052,completed,6
15695,Rigid,1309712,1309712,1313040,0,3328,3328,completed,6
15696,Rigid,1309712,1309715,1313053,3,3338,3341,completed,6
15697,Rigid,1309712,1309715,1313866,3,4151,4154,completed,6
15698,Rigid,1309712,1309715,1313834,3,4119,4122,completed,6
15699,Rigid,1309712,1309715,1313947,3,4232,4235,completed,6
15700,Rigid,1309712,1309715,1313946,3,4231,4234,completed,6
15701,Rigid,1309712,1309715,1313112,3,3397,3400,completed,6
15702,Rigid,1309712,1309715,1313981,3,4266,4269,completed,6
15703,Rigid,1309712,1309715,1314190,3,4475,4478,completed,6
15704,Rigid,1309712,1309715,1312849,3,3134,3137,completed,6
15705,Rigid,1309713,1309715,1314063,2,4348,4350,completed,6
15706,Rigid,1309713,1309715,1313975,2,4260,4262,completed,6
15707,Rigid,1309713,1309715,1313858,2,4143,4145,completed,6
15708,Rigid,1309713,1309715,1313905,2,4190,4192,completed,6
15709,Rigid,1309713,1309715,1312967,2,3252,3254,completed,6
15710,Rigid,1309713,1309715,1313044,2,3329,3331,completed,6
15711,Rigid,1309713,1309715,1312832,2,3117,3119,completed,6
15712,Rigid,1309713,1309715,1313862,2,4147,4149,completed,6
15713,Rigid,1309713,1309715,1312870,2,3155,3157,completed,6
15714,Rigid,1309713,1309715,1313899,2,4184,4186,completed,6
15715,Rigid,1309713,1309715,1313793,2,4078,4080,completed,6
15716,Rigid,1309713,1309715,1313884,2,4169,4171,completed,6
15717,Rigid,1309713,1309715,1313064,2,3349,3351,completed,6
15718,Rigid,1309713,1309715,1313867,2,4152,4154,completed,6
15719,Rigid,1309713,1309715,1314042,2,4327,4329,completed,6
15720,Rigid,1309713,1309715,1312916,2,3201,3203,completed,6
15721,Rigid,1309713,1309715,1312892,2,3177,3179,completed,6
15722,Rigid,1309713,1309715,1313916,2,4201,4203,completed,6
15723,Rigid,1309713,1309715,1313976,2,4261,4263,completed,6
15724,Rigid,1309714,1309715,1313909,1,4194,4195,completed,6
15725,Rigid,1309714,1309715,1313185,1,3470,3471,completed,6
15726,Rigid,1309714,1309715,1313057,1,3342,3343,completed,6
15727,Rigid,1309714,1309715,1313960,1,4245,4246,completed,6
15728,Rigid,1309714,1309715,1314057,1,4342,4343,completed,6
15729,Rigid,1309714,1309715,1314076,1,4361,4362,completed,6
15730,Rigid,1309714,1309715,1314201,1,4486,4487,completed,6
15731,Rigid,1309714,1309715,1313922,1,4207,4208,completed,6
15732,Rigid,1309714,1309715,1313918,1,4203,4204,completed,6
15733,Rigid,1309714,1309715,1312949,1,3234,3235,completed,6
15734,Rigid,1309714,1309715,1314058,1,4343,4344,completed,6
15735,Rigid,1309714,1309715,1312925,1,3210,3211,completed,6
15736,Rigid,1309714,1309715,1312896,1,3181,3182,completed,6
15737,Rigid,1309714,1309715,1313941,1,4226,4227,completed,6
15738,Rigid,1309714,1309715,1313932,1,4217,4218,completed,6
15739,Rigid,1309714,1309715,1313903,1,4188,4189,completed,6
15740,Rigid,1309714,1309715,1313903,1,4188,4189,completed,6
15741,Rigid,1309714,1309715,1313869,1,4154,4155,completed,6
15742,Rigid,1309714,1309715,1313928,1,4213,4214,completed,6
15743,Rigid,1309714,1309715,1312970,1,3255,3256,completed,6
15744,Rigid,1309714,1309715,1313118,1,3403,3404,completed,6
15745,Rigid,1309714,1309715,1313043,1,3328,3329,completed,6
15746,Rigid,1309715,1309719,1313869,4,4150,4154,completed,6
15747,Rigid,1309715,1309719,1313943,4,4224,4228,completed,6
15748,Rigid,1309715,1309719,1313910,4,4191,4195,completed,6
15749,Rigid,1309715,1309719,1313169,4,3450,3454,completed,6
15750,Rigid,1309715,1309719,1314058,4,4339,4343,completed,6
15751,Rigid,1309715,1309719,1313972,4,4253,4257,completed,6
15752,Rigid,1309715,1309719,1313913,4,4194,4198,completed,6
15753,Rigid,1309715,1309719,1313882,4,4163,4167,completed,6
15754,Rigid,1309715,1309719,1312975,4,3256,3260,completed,6
15755,Rigid,1309715,1309719,1313812,4,4093,4097,completed,6
15756,Rigid,1309716,1309719,1313889,3,4170,4173,completed,6
15757,Rigid,1309716,1309719,1313914,3,4195,4198,completed,6
15758,Rigid,1309716,1309719,1313936,3,4217,4220,completed,6
15759,Rigid,1309716,1309719,1313863,3,4144,4147,completed,6
15760,Rigid,1309716,1309719,1313921,3,4202,4205,completed,6
15761,Rigid,1309716,1309719,1313931,3,4212,4215,completed,6
15762,Rigid,1309717,1309719,1313805,2,4086,4088,completed,6
15763,Rigid,1309717,1309719,1313876,2,4157,4159,completed,6
15764,Rigid,1309717,1309719,1313922,2,4203,4205,completed,6
15765,Rigid,1309717,1309719,1313975,2,4256,4258,completed,6
15766,Rigid,1309717,1309719,1313973,2,4254,4256,completed,6
15767,Rigid,1309717,1309719,1313942,2,4223,4225,completed,6
15768,Rigid,1309717,1309719,1314003,2,4284,4286,completed,6
15769,Rigid,1309717,1309719,1313879,2,4160,4162,completed,6
15770,Rigid,1309717,1309719,1314049,2,4330,4332,completed,6
15771,Rigid,1309717,1309719,1312849,2,3130,3132,completed,6
15772,Rigid,1309717,1309719,1313927,2,4208,4210,completed,6
15773,Rigid,1309717,1309719,1313974,2,4255,4257,completed,6
15774,Rigid,1309717,1309719,1313899,2,4180,4182,completed,6
15775,Rigid,1309717,1309912,1313907,195,3995,4190,completed,6
15776,Rigid,1309718,1309912,1313922,194,4010,4204,completed,6
15777,Rigid,1309718,1309912,1313830,194,3918,4112,completed,6
15778,Rigid,1309718,1309912,1313935,194,4023,4217,completed,6
15779,Rigid,1309718,1309912,1313992,194,4080,4274,completed,6
15780,Rigid,1309718,1309912,1312992,194,3080,3274,completed,6
15781,Rigid,1309718,1309920,1314069,202,4149,4351,completed,6
15782,Rigid,1309718,1309920,1313887,202,3967,4169,completed,6
15783,Rigid,1310320,1310325,1312664,5,2339,2344,completed,18
15784,Rigid,1310796,1313122,1466738,2326,153616,155942,completed,36
15785,Rigid,1311197,1311197,1311310,0,113,113,completed,1
15786,Rigid,1311197,1311197,1312409,0,1212,1212,completed,1
15787,Rigid,1311238,1312182,1312653,944,471,1415,completed,36
15788,Rigid,1311708,1312182,1317694,474,5512,5986,completed,72
15789,Rigid,1311872,1311880,1313709,8,1829,1837,completed,18
15790,Rigid,1312023,1312757,1319571,734,6814,7548,completed,36
15791,Rigid,1312504,1312507,1312529,3,22,25,completed,1
15792,Rigid,1312504,1312507,1312526,3,19,22,completed,1
15793,Rigid,1312504,1312507,1312527,3,20,23,completed,1
15794,Rigid,1312504,1312507,1312529,3,22,25,completed,1
15795,Rigid,1312504,1312507,1312526,3,19,22,completed,1
15796,Rigid,1312504,1312507,1312526,3,19,22,completed,1
15797,Rigid,1312504,1312507,1312526,3,19,22,completed,1
15798,Rigid,1312504,1312507,1312526,3,19,22,completed,1
15799,Rigid,1312504,1312507,1312526,3,19,22,completed,1
15800,Rigid,1312504,1312507,1312526,3,19,22,completed,1
15801,Rigid,1312504,1312507,1312526,3,19,22,completed,1
15802,Rigid,1312504,1312507,1312526,3,19,22,completed,1
15803,Rigid,1312504,1312507,1312526,3,19,22,completed,1
15804,Rigid,1312504,1312507,1312526,3,19,22,completed,1
15805,Rigid,1312504,1312507,1312526,3,19,22,completed,1
15806,Rigid,1312504,1312507,1312526,3,19,22,completed,1
15807,Rigid,1312504,1312507,1312526,3,19,22,completed,1
15808,Rigid,1312504,1312507,1312526,3,19,22,completed,1
15809,Rigid,1312504,1312507,1312526,3,19,22,completed,1
15810,Rigid,1312504,1312507,1312526,3,19,22,completed,1
15811,Rigid,1312504,1312507,1312526,3,19,22,completed,1
15812,Rigid,1312504,1312507,1312526,3,19,22,completed,1
15813,Rigid,1312504,1312507,1312526,3,19,22,completed,1
15814,Rigid,1312504,1312507,1312526,3,19,22,completed,1
15815,Rigid,1312504,1312507,1312526,3,19,22,completed,1
15816,Rigid,1312504,1312507,1312529,3,22,25,completed,1
15817,Rigid,1312504,1312507,1312532,3,25,28,completed,1
15818,Rigid,1312657,1312757,1312768,100,11,111,completed,72
15819,Rigid,1313250,1313303,1313313,53,10,63,completed,72
15820,Rigid,1313406,1313424,1313464,18,40,58,completed,36
15821,Rigid,1313855,1313875,1313885,20,10,30,completed,72
15822,Rigid,1314609,1314609,1314637,0,28,28,completed,6
15823,Rigid,1314639,1314639,1314668,0,29,29,completed,6
15824,Rigid,1314639,1314639,1314668,0,29,29,completed,6
15825,Rigid,1314639,1314639,1314668,0,29,29,completed,6
15826,Rigid,1314709,1314710,1314810,1,100,101,completed,36
15827,Rigid,1314829,1314830,1315045,1,215,216,completed,36
15828,Rigid,1314893,1314893,1316147,0,1254,1254,completed,6
15829,Rigid,1315012,1315012,1316624,0,1612,1612,completed,36
15830,Rigid,1315189,1315190,1315355,1,165,166,completed,36
15831,Rigid,1315557,1315558,1316036,1,478,479,completed,36
15832,Rigid,1315597,1315598,1316159,1,561,562,completed,36
15833,Rigid,1315641,1315641,1316114,0,473,473,completed,36
15834,Rigid,1315683,1315687,1316224,4,537,541,completed,36
15835,Rigid,1315727,1315728,1316307,1,579,580,completed,36
15836,Rigid,1315735,1315736,1315874,1,138,139,completed,36
15837,Rigid,1315774,1315774,1316415,0,641,641,completed,36
15838,Rigid,1315821,1315822,1316515,1,693,694,completed,36
15839,Rigid,1315867,1315868,1316611,1,743,744,completed,36
15840,Rigid,1315983,1315987,1316165,4,178,182,completed,36
15841,Rigid,1316272,1316273,1316417,1,144,145,completed,36
15842,Rigid,1316547,1316548,1316708,1,160,161,completed,36
15843,Rigid,1316786,1316786,1317648,0,862,862,completed,36
15844,Rigid,1316808,1316809,1367156,1,50347,50348,completed,36
15845,Rigid,1316872,1316873,1317002,1,129,130,completed,36
15846,Rigid,1316920,1316920,1317245,0,325,325,completed,36
15847,Rigid,1316942,1316943,1318795,1,1852,1853,completed,6
15848,Rigid,1317018,1317018,1317244,0,226,226,completed,36
15849,Rigid,1317073,1317073,1317092,0,19,19,completed,1
15850,Rigid,1317073,1317073,1317092,0,19,19,completed,1
15851,Rigid,1317103,1317103,1346089,0,28986,28986,completed,9
15852,Rigid,1317103,1317103,1340298,0,23195,23195,completed,9
15853,Rigid,1317103,1317107,1317238,4,131,135,completed,36
15854,Rigid,1317405,1317406,1317455,1,49,50,completed,72
15855,Rigid,1317483,1317483,1317496,0,13,13,completed,72
15856,Rigid,1317525,1317525,1317594,0,69,69,completed,1
15857,Rigid,1317724,1317727,1320023,3,2296,2299,completed,1
15858,Rigid,1317739,1317739,1318762,0,1023,1023,completed,1
15859,Rigid,1317842,1317842,1317860,0,18,18,completed,1
15860,Rigid,1317849,1317849,1317871,0,22,22,completed,72
15861,Rigid,1317901,1317902,1320246,1,2344,2345,completed,1
15862,Rigid,1318229,1318230,1339293,1,21063,21064,completed,72
15863,Rigid,1318599,1318600,1319503,1,903,904,completed,144
15864,Rigid,1318997,1318997,1319042,0,45,45,completed,36
15865,Rigid,1319048,1319048,1319972,0,924,924,completed,36
15866,Rigid,1319393,1319393,1319403,0,10,10,completed,8
15867,Rigid,1319428,1319430,1329029,2,9599,9601,completed,144
15868,Rigid,1319433,1319434,1319450,1,16,17,completed,1
15869,Rigid,1319433,1319434,1319450,1,16,17,completed,1
15870,Rigid,1319433,1319434,1319452,1,18,19,completed,1
15871,Rigid,1319433,1319434,1319453,1,19,20,completed,1
15872,Rigid,1319433,1319434,1319450,1,16,17,completed,1
15873,Rigid,1319433,1319434,1319450,1,16,17,completed,1
15874,Rigid,1319433,1319434,1319450,1,16,17,completed,1
15875,Rigid,1319433,1319434,1319450,1,16,17,completed,1
15876,Rigid,1319433,1319434,1319450,1,16,17,completed,1
15877,Rigid,1319433,1319434,1319450,1,16,17,completed,1
15878,Rigid,1319433,1319434,1319450,1,16,17,completed,1
15879,Rigid,1319433,1319434,1319450,1,16,17,completed,1
15880,Rigid,1319433,1319434,1319450,1,16,17,completed,1
15881,Rigid,1319433,1319434,1319450,1,16,17,completed,1
15882,Rigid,1319433,1319434,1319450,1,16,17,completed,1
15883,Rigid,1319433,1319434,1319450,1,16,17,completed,1
15884,Rigid,1319433,1319434,1319450,1,16,17,completed,1
15885,Rigid,1319433,1319434,1319450,1,16,17,completed,1
15886,Rigid,1319433,1319434,1319450,1,16,17,completed,1
15887,Rigid,1319433,1319434,1319450,1,16,17,completed,1
15888,Rigid,1319433,1319434,1319450,1,16,17,completed,1
15889,Rigid,1319433,1319434,1319450,1,16,17,completed,1
15890,Rigid,1319433,1319434,1319450,1,16,17,completed,1
15891,Rigid,1319433,1319434,1319450,1,16,17,completed,1
15892,Rigid,1319433,1319434,1319450,1,16,17,completed,1
15893,Rigid,1319433,1319434,1319454,1,20,21,completed,1
15894,Rigid,1319433,1319434,1319455,1,21,22,completed,1
15895,Rigid,1319458,1319458,1323151,0,3693,3693,completed,72
15896,Rigid,1319496,1319496,1319641,0,145,145,completed,8
15897,Rigid,1319588,1319589,1341214,1,21625,21626,completed,36
15898,Rigid,1319711,1319712,1319806,1,94,95,completed,8
15899,Rigid,1319891,1319892,1319972,1,80,81,completed,144
15900,Rigid,1319905,1319906,1320159,1,253,254,completed,8
15901,Rigid,1320091,1320092,1322351,1,2259,2260,completed,36
15902,Rigid,1320164,1320164,1320264,0,100,100,completed,8
15903,Rigid,1320178,1320179,1323263,1,3084,3085,completed,36
15904,Rigid,1320217,1320217,1320407,0,190,190,completed,1
15905,Rigid,1320238,1320239,1502856,1,182617,182618,completed,36
15906,Rigid,1320260,1320261,1323048,1,2787,2788,completed,36
15907,Rigid,1320310,1320310,1320557,0,247,247,completed,8
15908,Rigid,1320312,1320314,1506429,2,186115,186117,completed,36
15909,Rigid,1320342,1320343,1323491,1,3148,3149,completed,36
15910,Rigid,1320428,1320429,1324302,1,3873,3874,completed,36
15911,Rigid,1320453,1469422,1642238,148969,172816,321785,completed,36
15912,Rigid,1320453,1469452,1642269,148999,172817,321816,completed,36
15913,Rigid,1320453,1469452,1642269,148999,172817,321816,completed,36
15914,Rigid,1320463,1320464,1334133,1,13669,13670,completed,72
15915,Rigid,1320497,1469452,1642269,148955,172817,321772,completed,36
15916,Rigid,1320497,1469452,1642269,148955,172817,321772,completed,36
15917,Rigid,1320497,1469452,1642269,148955,172817,321772,completed,36
15918,Rigid,1320521,1469452,1642269,148931,172817,321748,completed,36
15919,Rigid,1320521,1469463,1642269,148942,172806,321748,completed,36
15920,Rigid,1320521,1469482,1642299,148961,172817,321778,completed,36
15921,Rigid,1320522,1320525,1324720,3,4195,4198,completed,36
15922,Rigid,1320549,1469482,1642299,148933,172817,321750,completed,36
15923,Rigid,1320549,1469482,1642299,148933,172817,321750,completed,36
15924,Rigid,1320549,1469512,1642329,148963,172817,321780,completed,36
15925,Rigid,1320573,1320573,1320992,0,419,419,completed,8
15926,Rigid,1320575,1469512,1642329,148937,172817,321754,completed,36
15927,Rigid,1320575,1469512,1642329,148937,172817,321754,completed,36
15928,Rigid,1320575,1475602,1648419,155027,172817,327844,completed,36
15929,Rigid,1320599,1475602,1648419,155003,172817,327820,completed,36
15930,Rigid,1320599,1475659,1648479,155060,172820,327880,completed,36
15931,Rigid,1320599,1475782,1648599,155183,172817,328000,completed,36
15932,Rigid,1320616,1320617,1325627,1,5010,5011,completed,36
15933,Rigid,1320622,1475872,1648689,155250,172817,328067,completed,36
15934,Rigid,1320622,1475927,1648749,155305,172822,328127,completed,36
15935,Rigid,1320622,1475927,1648749,155305,172822,328127,completed,36
15936,Rigid,1320641,1320642,1320768,1,126,127,completed,1
15937,Rigid,1320660,1320660,1320670,0,10,10,completed,1
15938,Rigid,1320660,1321536,1321542,876,6,882,completed,1
15939,Rigid,1320660,1372542,1372552,51882,10,51892,completed,1
15940,Rigid,1320717,1320718,1326309,1,5591,5592,completed,36
15941,Rigid,1320767,1320767,1320822,0,55,55,completed,72
15942,Rigid,1321174,1321175,1321183,1,8,9,completed,8
15943,Rigid,1321292,1321293,1321300,1,7,8,completed,8
15944,Rigid,1321363,1321364,1495413,1,174049,174050,completed,72
15945,Rigid,1321392,1321393,1321400,1,7,8,completed,8
15946,Rigid,1321463,1321463,1321480,0,17,17,completed,36
15947,Rigid,1321519,1321520,1321701,1,181,182,completed,8
15948,Rigid,1321623,1321624,1322838,1,1214,1215,completed,36
15949,Rigid,1321716,1321716,1329978,0,8262,8262,completed,72
15950,Rigid,1321797,1321797,1321807,0,10,10,completed,1
15951,Rigid,1321810,1321810,1321843,0,33,33,completed,1
15952,Rigid,1321871,1321872,1322014,1,142,143,completed,72
15953,Rigid,1321910,1321910,1322354,0,444,444,completed,18
15954,Rigid,1321944,1321945,1323960,1,2015,2016,completed,144
15955,Rigid,1322042,1322043,1324094,1,2051,2052,completed,36
15956,Rigid,1322108,1322109,1322381,1,272,273,completed,8
15957,Rigid,1322115,1322115,1322172,0,57,57,completed,36
15958,Rigid,1322314,1322314,1322370,0,56,56,completed,36
15959,Rigid,1322428,1322429,1323966,1,1537,1538,completed,8
15960,Rigid,1322505,1322505,1322514,0,9,9,completed,1
15961,Rigid,1322505,1322505,1322514,0,9,9,completed,1
15962,Rigid,1322505,1322505,1322531,0,26,26,completed,1
15963,Rigid,1322505,1322505,1322508,0,3,3,completed,1
15964,Rigid,1322505,1322505,1322508,0,3,3,completed,1
15965,Rigid,1322683,1322684,1322687,1,3,4,completed,1
15966,Rigid,1322687,1322688,1322690,1,2,3,completed,1
15967,Rigid,1322688,1322688,1322690,0,2,2,completed,1
15968,Rigid,1322688,1322688,1322690,0,2,2,completed,1
15969,Rigid,1322688,1322688,1322690,0,2,2,completed,1
15970,Rigid,1322688,1322688,1322690,0,2,2,completed,1
15971,Rigid,1322688,1322688,1322690,0,2,2,completed,1
15972,Rigid,1322688,1322688,1322690,0,2,2,completed,1
15973,Rigid,1322688,1322691,1322693,3,2,5,completed,1
15974,Rigid,1322689,1322691,1322693,2,2,4,completed,1
15975,Rigid,1322689,1322691,1322693,2,2,4,completed,1
15976,Rigid,1322689,1322691,1322693,2,2,4,completed,1
15977,Rigid,1322689,1322691,1322693,2,2,4,completed,1
15978,Rigid,1322689,1322691,1322693,2,2,4,completed,1
15979,Rigid,1322689,1322691,1322693,2,2,4,completed,1
15980,Rigid,1322689,1322691,1322693,2,2,4,completed,1
15981,Rigid,1322689,1322691,1322693,2,2,4,completed,1
15982,Rigid,1322689,1322691,1322693,2,2,4,completed,1
15983,Rigid,1322689,1322691,1322693,2,2,4,completed,1
15984,Rigid,1322690,1322691,1322693,1,2,3,completed,1
15985,Rigid,1322690,1322691,1322693,1,2,3,completed,1
15986,Rigid,1322690,1322691,1322693,1,2,3,completed,1
15987,Rigid,1322690,1322691,1322693,1,2,3,completed,1
15988,Rigid,1322690,1322691,1322693,1,2,3,completed,1
15989,Rigid,1322690,1322691,1322693,1,2,3,completed,1
15990,Rigid,1322690,1322691,1322693,1,2,3,completed,1
15991,Rigid,1322690,1322691,1322693,1,2,3,completed,1
15992,Rigid,1322690,1322691,1322693,1,2,3,completed,1
15993,Rigid,1322690,1322691,1322693,1,2,3,completed,1
15994,Rigid,1322691,1322691,1322693,0,2,2,completed,1
15995,Rigid,1322691,1322691,1322693,0,2,2,completed,1
15996,Rigid,1322691,1322691,1322693,0,2,2,completed,1
15997,Rigid,1322691,1322691,1322693,0,2,2,completed,1
15998,Rigid,1322691,1322692,1322693,1,1,2,completed,1
15999,Rigid,1322691,1322692,1322693,1,1,2,completed,1
16000,Rigid,1322691,1322692,1322693,1,1,2,completed,1
16001,Rigid,1322692,1322692,1322693,0,1,1,completed,1
16002,Rigid,1322692,1322692,1322693,0,1,1,completed,1
16003,Rigid,1322692,1322692,1322693,0,1,1,completed,1
16004,Rigid,1322692,1322694,1322695,2,1,3,completed,1
16005,Rigid,1322692,1322694,1322695,2,1,3,completed,1
16006,Rigid,1322692,1322694,1322695,2,1,3,completed,1
16007,Rigid,1322693,1322694,1322695,1,1,2,completed,1
16008,Rigid,1322693,1322694,1322695,1,1,2,completed,1
16009,Rigid,1322693,1322694,1322695,1,1,2,completed,1
16010,Rigid,1322693,1322694,1322696,1,2,3,completed,1
16011,Rigid,1322693,1322694,1322695,1,1,2,completed,1
16012,Rigid,1322693,1322694,1322695,1,1,2,completed,1
16013,Rigid,1322693,1322694,1322695,1,1,2,completed,1
16014,Rigid,1322693,1322694,1322695,1,1,2,completed,1
16015,Rigid,1322693,1322694,1322695,1,1,2,completed,1
16016,Rigid,1322694,1322694,1322695,0,1,1,completed,1
16017,Rigid,1322694,1322694,1322695,0,1,1,completed,1
16018,Rigid,1322694,1322694,1322695,0,1,1,completed,1
16019,Rigid,1322694,1322694,1322695,0,1,1,completed,1
16020,Rigid,1322694,1322694,1322696,0,2,2,completed,1
16021,Rigid,1322694,1322694,1322695,0,1,1,completed,1
16022,Rigid,1322694,1322694,1322696,0,2,2,completed,1
16023,Rigid,1322694,1322694,1322696,0,2,2,completed,1
16024,Rigid,1322694,1322694,1322696,0,2,2,completed,1
16025,Rigid,1322694,1322694,1322696,0,2,2,completed,1
16026,Rigid,1322695,1322695,1322696,0,1,1,completed,1
16027,Rigid,1322695,1322695,1322696,0,1,1,completed,1
16028,Rigid,1322695,1322695,1322696,0,1,1,completed,1
16029,Rigid,1322695,1322696,1322698,1,2,3,completed,1
16030,Rigid,1322695,1322696,1322698,1,2,3,completed,1
16031,Rigid,1322695,1322696,1322698,1,2,3,completed,1
16032,Rigid,1322695,1322696,1322698,1,2,3,completed,1
16033,Rigid,1322696,1322696,1322698,0,2,2,completed,1
16034,Rigid,1322696,1322696,1322698,0,2,2,completed,1
16035,Rigid,1322696,1322696,1322698,0,2,2,completed,1
16036,Rigid,1322696,1322696,1322698,0,2,2,completed,1
16037,Rigid,1322696,1322696,1322698,0,2,2,completed,1
16038,Rigid,1322696,1322696,1322698,0,2,2,completed,1
16039,Rigid,1322696,1322696,1322698,0,2,2,completed,1
16040,Rigid,1322696,1322697,1322698,1,1,2,completed,1
16041,Rigid,1322697,1322697,1322698,0,1,1,completed,1
16042,Rigid,1322697,1322697,1322698,0,1,1,completed,1
16043,Rigid,1322697,1322697,1322698,0,1,1,completed,1
16044,Rigid,1322697,1322697,1322698,0,1,1,completed,1
16045,Rigid,1322697,1322697,1322698,0,1,1,completed,1
16046,Rigid,1322697,1322697,1322698,0,1,1,completed,1
16047,Rigid,1322697,1322697,1322698,0,1,1,completed,1
16048,Rigid,1322697,1322698,1322700,1,2,3,completed,1
16049,Rigid,1322697,1322698,1322700,1,2,3,completed,1
16050,Rigid,1322697,1322698,1322700,1,2,3,completed,1
16051,Rigid,1322698,1322698,1322700,0,2,2,completed,1
16052,Rigid,1322698,1322698,1322699,0,1,1,completed,1
16053,Rigid,1322698,1322698,1322699,0,1,1,completed,1
16054,Rigid,1322698,1322698,1322699,0,1,1,completed,1
16055,Rigid,1322698,1322698,1322699,0,1,1,completed,1
16056,Rigid,1322698,1322699,1322701,1,2,3,completed,1
16057,Rigid,1322698,1322699,1322701,1,2,3,completed,1
16058,Rigid,1322699,1322699,1322701,0,2,2,completed,1
16059,Rigid,1322699,1322699,1322701,0,2,2,completed,1
16060,Rigid,1322699,1322699,1322701,0,2,2,completed,1
16061,Rigid,1322699,1322699,1322701,0,2,2,completed,1
16062,Rigid,1322699,1322699,1322701,0,2,2,completed,1
16063,Rigid,1322699,1322699,1322701,0,2,2,completed,1
16064,Rigid,1322699,1322699,1322701,0,2,2,completed,1
16065,Rigid,1322699,1322699,1322701,0,2,2,completed,1
16066,Rigid,1322699,1322699,1322701,0,2,2,completed,1
16067,Rigid,1322699,1322699,1322701,0,2,2,completed,1
16068,Rigid,1322700,1322700,1322701,0,1,1,completed,1
16069,Rigid,1322700,1322700,1322701,0,1,1,completed,1
16070,Rigid,1322700,1322700,1322701,0,1,1,completed,1
16071,Rigid,1322700,1322700,1322701,0,1,1,completed,1
16072,Rigid,1322700,1322700,1322701,0,1,1,completed,1
16073,Rigid,1322700,1322700,1322702,0,2,2,completed,1
16074,Rigid,1322700,1322700,1322702,0,2,2,completed,1
16075,Rigid,1322700,1322700,1322702,0,2,2,completed,1
16076,Rigid,1322700,1322700,1322702,0,2,2,completed,1
16077,Rigid,1322700,1322701,1322702,1,1,2,completed,1
16078,Rigid,1322701,1322701,1322702,0,1,1,completed,1
16079,Rigid,1322701,1322701,1322702,0,1,1,completed,1
16080,Rigid,1322701,1322701,1322702,0,1,1,completed,1
16081,Rigid,1322701,1322701,1322702,0,1,1,completed,1
16082,Rigid,1322701,1322702,1322704,1,2,3,completed,1
16083,Rigid,1322701,1322702,1322704,1,2,3,completed,1
16084,Rigid,1322701,1322702,1322704,1,2,3,completed,1
16085,Rigid,1322701,1322702,1322704,1,2,3,completed,1
16086,Rigid,1322701,1322702,1322704,1,2,3,completed,1
16087,Rigid,1322702,1322702,1322704,0,2,2,completed,1
16088,Rigid,1322702,1322702,1322704,0,2,2,completed,1
16089,Rigid,1322702,1322702,1322704,0,2,2,completed,1
16090,Rigid,1322702,1322702,1322703,0,1,1,completed,1
16091,Rigid,1322702,1322702,1322704,0,2,2,completed,1
16092,Rigid,1322702,1322702,1322704,0,2,2,completed,1
16093,Rigid,1322702,1322702,1322704,0,2,2,completed,1
16094,Rigid,1322702,1322702,1322704,0,2,2,completed,1
16095,Rigid,1322703,1322703,1322704,0,1,1,completed,1
16096,Rigid,1322703,1322703,1322704,0,1,1,completed,1
16097,Rigid,1322703,1322703,1322704,0,1,1,completed,1
16098,Rigid,1322703,1322703,1322704,0,1,1,completed,1
16099,Rigid,1322703,1322703,1322704,0,1,1,completed,1
16100,Rigid,1322703,1322703,1322704,0,1,1,completed,1
16101,Rigid,1322703,1322703,1322704,0,1,1,completed,1
16102,Rigid,1322703,1322703,1322704,0,1,1,completed,1
16103,Rigid,1322703,1322704,1322705,1,1,2,completed,1
16104,Rigid,1322704,1322704,1322705,0,1,1,completed,1
16105,Rigid,1322704,1322704,1322705,0,1,1,completed,1
16106,Rigid,1322704,1322704,1322705,0,1,1,completed,1
16107,Rigid,1322704,1322704,1322705,0,1,1,completed,1
16108,Rigid,1322704,1322705,1322706,1,1,2,completed,1
16109,Rigid,1322704,1322705,1322706,1,1,2,completed,1
16110,Rigid,1322704,1322705,1322706,1,1,2,completed,1
16111,Rigid,1322704,1322705,1322706,1,1,2,completed,1
16112,Rigid,1322704,1322705,1322706,1,1,2,completed,1
16113,Rigid,1322705,1322705,1322706,0,1,1,completed,1
16114,Rigid,1322705,1322705,1322706,0,1,1,completed,1
16115,Rigid,1322705,1322705,1322706,0,1,1,completed,1
16116,Rigid,1322705,1322705,1322706,0,1,1,completed,1
16117,Rigid,1322705,1322705,1322706,0,1,1,completed,1
16118,Rigid,1322705,1322705,1322706,0,1,1,completed,1
16119,Rigid,1322705,1322705,1322706,0,1,1,completed,1
16120,Rigid,1322705,1322705,1322707,0,2,2,completed,1
16121,Rigid,1322705,1322705,1322707,0,2,2,completed,1
16122,Rigid,1322706,1322706,1322707,0,1,1,completed,1
16123,Rigid,1322706,1322706,1322707,0,1,1,completed,1
16124,Rigid,1322706,1322706,1322707,0,1,1,completed,1
16125,Rigid,1322706,1322706,1322707,0,1,1,completed,1
16126,Rigid,1322706,1322706,1322708,0,2,2,completed,1
16127,Rigid,1322706,1322706,1322708,0,2,2,completed,1
16128,Rigid,1322706,1322706,1322708,0,2,2,completed,1
16129,Rigid,1322706,1322707,1322708,1,1,2,completed,1
16130,Rigid,1322706,1322707,1322708,1,1,2,completed,1
16131,Rigid,1322706,1322707,1322708,1,1,2,completed,1
16132,Rigid,1322707,1322707,1322708,0,1,1,completed,1
16133,Rigid,1322707,1322707,1322708,0,1,1,completed,1
16134,Rigid,1322707,1322707,1322708,0,1,1,completed,1
16135,Rigid,1322707,1322707,1322708,0,1,1,completed,1
16136,Rigid,1322707,1322707,1322708,0,1,1,completed,1
16137,Rigid,1322707,1322707,1322708,0,1,1,completed,1
16138,Rigid,1322707,1322707,1322708,0,1,1,completed,1
16139,Rigid,1322707,1322708,1322709,1,1,2,completed,1
16140,Rigid,1322708,1322708,1322709,0,1,1,completed,1
16141,Rigid,1322708,1322708,1322709,0,1,1,completed,1
16142,Rigid,1322708,1322708,1322709,0,1,1,completed,1
16143,Rigid,1322708,1322708,1322709,0,1,1,completed,1
16144,Rigid,1322708,1322708,1322709,0,1,1,completed,1
16145,Rigid,1322708,1322708,1322709,0,1,1,completed,1
16146,Rigid,1322715,1322716,1322717,1,1,2,completed,1
16147,Rigid,1322715,1322716,1322717,1,1,2,completed,1
16148,Rigid,1322716,1322716,1322717,0,1,1,completed,1
16149,Rigid,1322716,1322719,1322721,3,2,5,completed,1
16150,Rigid,1322716,1322719,1322721,3,2,5,completed,1
16151,Rigid,1322716,1322719,1322721,3,2,5,completed,1
16152,Rigid,1322716,1322719,1322721,3,2,5,completed,1
16153,Rigid,1322716,1322719,1322721,3,2,5,completed,1
16154,Rigid,1322716,1322719,1322721,3,2,5,completed,1
16155,Rigid,1322716,1322719,1322721,3,2,5,completed,1
16156,Rigid,1322717,1322719,1322721,2,2,4,completed,1
16157,Rigid,1322717,1322719,1322721,2,2,4,completed,1
16158,Rigid,1322717,1322719,1322721,2,2,4,completed,1
16159,Rigid,1322717,1322719,1322721,2,2,4,completed,1
16160,Rigid,1322717,1322719,1322721,2,2,4,completed,1
16161,Rigid,1322717,1322719,1322721,2,2,4,completed,1
16162,Rigid,1322717,1322719,1322721,2,2,4,completed,1
16163,Rigid,1322717,1322719,1322721,2,2,4,completed,1
16164,Rigid,1322717,1322719,1322721,2,2,4,completed,1
16165,Rigid,1322717,1322719,1322721,2,2,4,completed,1
16166,Rigid,1322718,1322719,1322721,1,2,3,completed,1
16167,Rigid,1322718,1322719,1322721,1,2,3,completed,1
16168,Rigid,1322718,1322719,1322721,1,2,3,completed,1
16169,Rigid,1322718,1322719,1322721,1,2,3,completed,1
16170,Rigid,1322718,1322719,1322721,1,2,3,completed,1
16171,Rigid,1322718,1322719,1322721,1,2,3,completed,1
16172,Rigid,1322718,1322719,1322721,1,2,3,completed,1
16173,Rigid,1322718,1322719,1322721,1,2,3,completed,1
16174,Rigid,1322718,1322719,1322721,1,2,3,completed,1
16175,Rigid,1322718,1322719,1322721,1,2,3,completed,1
16176,Rigid,1322719,1322719,1322721,0,2,2,completed,1
16177,Rigid,1322719,1322719,1322721,0,2,2,completed,1
16178,Rigid,1322719,1322720,1322721,1,1,2,completed,1
16179,Rigid,1322719,1322720,1322722,1,2,3,completed,1
16180,Rigid,1322719,1322720,1322722,1,2,3,completed,1
16181,Rigid,1322720,1322720,1322721,0,1,1,completed,1
16182,Rigid,1322720,1322720,1322721,0,1,1,completed,1
16183,Rigid,1322720,1322720,1322721,0,1,1,completed,1
16184,Rigid,1322720,1322722,1322723,2,1,3,completed,1
16185,Rigid,1322720,1322722,1322723,2,1,3,completed,1
16186,Rigid,1322720,1322722,1322723,2,1,3,completed,1
16187,Rigid,1322720,1322722,1322723,2,1,3,completed,1
16188,Rigid,1322720,1322722,1322724,2,2,4,completed,1
16189,Rigid,1322720,1322722,1322724,2,2,4,completed,1
16190,Rigid,1322721,1322722,1322724,1,2,3,completed,1
16191,Rigid,1322721,1322722,1322724,1,2,3,completed,1
16192,Rigid,1322721,1322722,1322724,1,2,3,completed,1
16193,Rigid,1322721,1322722,1322724,1,2,3,completed,1
16194,Rigid,1322721,1322722,1322724,1,2,3,completed,1
16195,Rigid,1322721,1322722,1322724,1,2,3,completed,1
16196,Rigid,1322721,1322722,1322724,1,2,3,completed,1
16197,Rigid,1322721,1322722,1322724,1,2,3,completed,1
16198,Rigid,1322721,1322722,1322724,1,2,3,completed,1
16199,Rigid,1322721,1322722,1322724,1,2,3,completed,1
16200,Rigid,1322722,1322722,1322724,0,2,2,completed,1
16201,Rigid,1322722,1322722,1322724,0,2,2,completed,1
16202,Rigid,1322722,1322722,1322724,0,2,2,completed,1
16203,Rigid,1322722,1322722,1322724,0,2,2,completed,1
16204,Rigid,1322722,1322722,1322724,0,2,2,completed,1
16205,Rigid,1322722,1322722,1322724,0,2,2,completed,1
16206,Rigid,1322722,1322722,1322724,0,2,2,completed,1
16207,Rigid,1322723,1322723,1322724,0,1,1,completed,1
16208,Rigid,1322723,1322723,1322724,0,1,1,completed,1
16209,Rigid,1322723,1322723,1322724,0,1,1,completed,1
16210,Rigid,1322723,1322723,1322724,0,1,1,completed,1
16211,Rigid,1322723,1322724,1322726,1,2,3,completed,1
16212,Rigid,1322723,1322724,1322726,1,2,3,completed,1
16213,Rigid,1322723,1322724,1322726,1,2,3,completed,1
16214,Rigid,1322723,1322724,1322726,1,2,3,completed,1
16215,Rigid,1322723,1322724,1322726,1,2,3,completed,1
16216,Rigid,1322724,1322724,1322726,0,2,2,completed,1
16217,Rigid,1322724,1322724,1322726,0,2,2,completed,1
16218,Rigid,1322724,1322724,1322726,0,2,2,completed,1
16219,Rigid,1322724,1322725,1322727,1,2,3,completed,1
16220,Rigid,1322725,1322725,1322727,0,2,2,completed,1
16221,Rigid,1322725,1322725,1322726,0,1,1,completed,1
16222,Rigid,1322725,1322725,1322726,0,1,1,completed,1
16223,Rigid,1322725,1322725,1322727,0,2,2,completed,1
16224,Rigid,1322725,1322725,1322727,0,2,2,completed,1
16225,Rigid,1322726,1322726,1322727,0,1,1,completed,1
16226,Rigid,1322726,1322726,1322727,0,1,1,completed,1
16227,Rigid,1322726,1322726,1322727,0,1,1,completed,1
16228,Rigid,1322726,1322726,1322728,0,2,2,completed,1
16229,Rigid,1322726,1322726,1322728,0,2,2,completed,1
16230,Rigid,1322726,1322726,1322728,0,2,2,completed,1
16231,Rigid,1322726,1322726,1322728,0,2,2,completed,1
16232,Rigid,1322726,1322727,1322728,1,1,2,completed,1
16233,Rigid,1322727,1322727,1322729,0,2,2,completed,1
16234,Rigid,1322727,1322727,1322729,0,2,2,completed,1
16235,Rigid,1322727,1322727,1322729,0,2,2,completed,1
16236,Rigid,1322727,1322727,1322729,0,2,2,completed,1
16237,Rigid,1322727,1322727,1322729,0,2,2,completed,1
16238,Rigid,1322727,1322727,1322729,0,2,2,completed,1
16239,Rigid,1322727,1322727,1322729,0,2,2,completed,1
16240,Rigid,1322727,1322727,1322729,0,2,2,completed,1
16241,Rigid,1322727,1322728,1322729,1,1,2,completed,1
16242,Rigid,1322728,1322728,1322729,0,1,1,completed,1
16243,Rigid,1322728,1322728,1322729,0,1,1,completed,1
16244,Rigid,1322728,1322728,1322729,0,1,1,completed,1
16245,Rigid,1322728,1322728,1322729,0,1,1,completed,1
16246,Rigid,1322736,1322737,1322738,1,1,2,completed,1
16247,Rigid,1322736,1322737,1322738,1,1,2,completed,1
16248,Rigid,1322736,1322737,1322738,1,1,2,completed,1
16249,Rigid,1322736,1322737,1322738,1,1,2,completed,1
16250,Rigid,1322736,1322737,1322738,1,1,2,completed,1
16251,Rigid,1322736,1322737,1322738,1,1,2,completed,1
16252,Rigid,1322736,1322737,1322738,1,1,2,completed,1
16253,Rigid,1322736,1322737,1322738,1,1,2,completed,1
16254,Rigid,1322736,1322737,1322738,1,1,2,completed,1
16255,Rigid,1322736,1322737,1322738,1,1,2,completed,1
16256,Rigid,1322738,1322739,1322741,1,2,3,completed,1
16257,Rigid,1322738,1322739,1322756,1,17,18,completed,2
16258,Rigid,1322738,1322739,1322756,1,17,18,completed,2
16259,Rigid,1322738,1322739,1322756,1,17,18,completed,2
16260,Rigid,1322738,1322739,1322807,1,68,69,completed,2
16261,Rigid,1322738,1322739,1323600,1,861,862,completed,2
16262,Rigid,1322738,1322739,1322882,1,143,144,completed,1
16263,Rigid,1322738,1322739,1322751,1,12,13,completed,1
16264,Rigid,1322738,1322739,1322910,1,171,172,completed,2
16265,Rigid,1322738,1322739,1322808,1,69,70,completed,2
16266,Rigid,1322739,1322739,1322756,0,17,17,completed,2
16267,Rigid,1322739,1322739,1322756,0,17,17,completed,2
16268,Rigid,1322739,1322739,1322756,0,17,17,completed,2
16269,Rigid,1322739,1322739,1322756,0,17,17,completed,2
16270,Rigid,1322739,1322739,1322756,0,17,17,completed,2
16271,Rigid,1322739,1322739,1322756,0,17,17,completed,2
16272,Rigid,1322739,1322739,1322756,0,17,17,completed,2
16273,Rigid,1322739,1322739,1322756,0,17,17,completed,2
16274,Rigid,1322739,1322739,1322756,0,17,17,completed,2
16275,Rigid,1322739,1322739,1322756,0,17,17,completed,2
16276,Rigid,1322740,1322741,1322756,1,15,16,completed,2
16277,Rigid,1322740,1322741,1322756,1,15,16,completed,2
16278,Rigid,1322740,1322741,1322756,1,15,16,completed,2
16279,Rigid,1322740,1322741,1322879,1,138,139,completed,2
16280,Rigid,1322740,1322741,1322756,1,15,16,completed,2
16281,Rigid,1322740,1322741,1322749,1,8,9,completed,1
16282,Rigid,1322740,1322741,1322756,1,15,16,completed,2
16283,Rigid,1322740,1322741,1322756,1,15,16,completed,2
16284,Rigid,1322740,1322741,1322756,1,15,16,completed,2
16285,Rigid,1322740,1322741,1322756,1,15,16,completed,2
16286,Rigid,1322741,1322742,1322756,1,14,15,completed,2
16287,Rigid,1322741,1322742,1322756,1,14,15,completed,2
16288,Rigid,1322741,1322742,1322756,1,14,15,completed,2
16289,Rigid,1322741,1322742,1322756,1,14,15,completed,2
16290,Rigid,1322741,1322743,1322756,2,13,15,completed,2
16291,Rigid,1322741,1322743,1322756,2,13,15,completed,2
16292,Rigid,1322741,1322743,1322756,2,13,15,completed,2
16293,Rigid,1322742,1322743,1322756,1,13,14,completed,2
16294,Rigid,1322742,1322743,1322756,1,13,14,completed,2
16295,Rigid,1322742,1322743,1322756,1,13,14,completed,2
16296,Rigid,1322742,1322743,1322756,1,13,14,completed,2
16297,Rigid,1322742,1322743,1322756,1,13,14,completed,2
16298,Rigid,1322743,1322745,1322756,2,11,13,completed,2
16299,Rigid,1322743,1322745,1322756,2,11,13,completed,2
16300,Rigid,1322743,1322745,1322756,2,11,13,completed,2
16301,Rigid,1322743,1322745,1322756,2,11,13,completed,2
16302,Rigid,1322743,1322745,1322756,2,11,13,completed,2
16303,Rigid,1322743,1322745,1322756,2,11,13,completed,2
16304,Rigid,1322743,1322745,1322756,2,11,13,completed,2
16305,Rigid,1322743,1322745,1322756,2,11,13,completed,2
16306,Rigid,1322743,1322745,1322756,2,11,13,completed,2
16307,Rigid,1322743,1322745,1322755,2,10,12,completed,2
16308,Rigid,1322744,1322745,1322755,1,10,11,completed,2
16309,Rigid,1322744,1322745,1322756,1,11,12,completed,2
16310,Rigid,1322744,1322745,1322756,1,11,12,completed,2
16311,Rigid,1322744,1322745,1322756,1,11,12,completed,2
16312,Rigid,1322744,1322745,1322756,1,11,12,completed,2
16313,Rigid,1322744,1322745,1322756,1,11,12,completed,2
16314,Rigid,1322744,1322745,1322756,1,11,12,completed,2
16315,Rigid,1322744,1322745,1322756,1,11,12,completed,2
16316,Rigid,1322745,1322745,1322755,0,10,10,completed,2
16317,Rigid,1322745,1322745,1322755,0,10,10,completed,2
16318,Rigid,1322745,1322745,1322755,0,10,10,completed,2
16319,Rigid,1322745,1322745,1322755,0,10,10,completed,2
16320,Rigid,1322745,1322749,1322757,4,8,12,completed,2
16321,Rigid,1322745,1322749,1322758,4,9,13,completed,2
16322,Rigid,1322745,1322749,1322757,4,8,12,completed,2
16323,Rigid,1322745,1322749,1322758,4,9,13,completed,2
16324,Rigid,1322745,1322749,1322757,4,8,12,completed,2
16325,Rigid,1322746,1322749,1322758,3,9,12,completed,2
16326,Rigid,1322746,1322749,1322758,3,9,12,completed,2
16327,Rigid,1322746,1322749,1322758,3,9,12,completed,2
16328,Rigid,1322746,1322749,1322758,3,9,12,completed,2
16329,Rigid,1322746,1322749,1322758,3,9,12,completed,2
16330,Rigid,1322746,1322749,1322758,3,9,12,completed,2
16331,Rigid,1322746,1322749,1322758,3,9,12,completed,2
16332,Rigid,1322746,1322749,1322759,3,10,13,completed,2
16333,Rigid,1322746,1322749,1322758,3,9,12,completed,2
16334,Rigid,1322746,1322749,1322758,3,9,12,completed,2
16335,Rigid,1322747,1322749,1322758,2,9,11,completed,2
16336,Rigid,1322747,1322749,1322758,2,9,11,completed,2
16337,Rigid,1322747,1322749,1322758,2,9,11,completed,2
16338,Rigid,1322747,1322749,1322758,2,9,11,completed,2
16339,Rigid,1322747,1322749,1322758,2,9,11,completed,2
16340,Rigid,1322747,1322749,1322759,2,10,12,completed,2
16341,Rigid,1322747,1322749,1322758,2,9,11,completed,2
16342,Rigid,1322747,1322749,1322758,2,9,11,completed,2
16343,Rigid,1322747,1322749,1322759,2,10,12,completed,2
16344,Rigid,1322748,1322749,1322759,1,10,11,completed,2
16345,Rigid,1322748,1322749,1322759,1,10,11,completed,2
16346,Rigid,1322756,1322756,1322765,0,9,9,completed,2
16347,Rigid,1322756,1322756,1322765,0,9,9,completed,2
16348,Rigid,1322757,1322757,1322765,0,8,8,completed,2
16349,Rigid,1322757,1322757,1322765,0,8,8,completed,2
16350,Rigid,1322757,1322757,1322765,0,8,8,completed,2
16351,Rigid,1322757,1322757,1322766,0,9,9,completed,2
16352,Rigid,1322757,1322757,1322766,0,9,9,completed,2
16353,Rigid,1322757,1322757,1322876,0,119,119,completed,2
16354,Rigid,1322757,1322757,1322765,0,8,8,completed,2
16355,Rigid,1322757,1322757,1322763,0,6,6,completed,1
16356,Rigid,1322757,1322758,1322769,1,11,12,completed,2
16357,Rigid,1322758,1322758,1322877,0,119,119,completed,2
16358,Rigid,1322758,1322758,1322764,0,6,6,completed,1
16359,Rigid,1322758,1322758,1322766,0,8,8,completed,2
16360,Rigid,1322758,1322758,1322767,0,9,9,completed,2
16361,Rigid,1322758,1322758,1322767,0,9,9,completed,2
16362,Rigid,1322758,1322759,1322876,1,117,118,completed,2
16363,Rigid,1322759,1322759,1322765,0,6,6,completed,1
16364,Rigid,1322759,1322759,1322768,0,9,9,completed,2
16365,Rigid,1322759,1322759,1322768,0,9,9,completed,2
16366,Rigid,1322759,1322759,1322765,0,6,6,completed,1
16367,Rigid,1322759,1322760,1322768,1,8,9,completed,2
16368,Rigid,1322759,1322760,1322878,1,118,119,completed,2
16369,Rigid,1322759,1322760,1322767,1,7,8,completed,1
16370,Rigid,1322759,1322760,1322768,1,8,9,completed,2
16371,Rigid,1322759,1322760,1322877,1,117,118,completed,2
16372,Rigid,1322760,1322760,1322768,0,8,8,completed,2
16373,Rigid,1322760,1322760,1322769,0,9,9,completed,2
16374,Rigid,1322760,1322760,1322769,0,9,9,completed,2
16375,Rigid,1322760,1322760,1322877,0,117,117,completed,2
16376,Rigid,1322760,1322760,1322769,0,9,9,completed,2
16377,Rigid,1322760,1322760,1322766,0,6,6,completed,1
16378,Rigid,1322760,1322760,1322769,0,9,9,completed,2
16379,Rigid,1322761,1322761,1322770,0,9,9,completed,2
16380,Rigid,1322761,1322761,1322770,0,9,9,completed,2
16381,Rigid,1322761,1322761,1322770,0,9,9,completed,2
16382,Rigid,1322761,1322761,1322769,0,8,8,completed,2
16383,Rigid,1322761,1322761,1322769,0,8,8,completed,2
16384,Rigid,1322761,1322761,1322769,0,8,8,completed,2
16385,Rigid,1322761,1322761,1322770,0,9,9,completed,2
16386,Rigid,1322761,1322761,1322769,0,8,8,completed,2
16387,Rigid,1322761,1322761,1322769,0,8,8,completed,2
16388,Rigid,1322761,1322765,1322772,4,7,11,completed,1
16389,Rigid,1322762,1322765,1322886,3,121,124,completed,2
16390,Rigid,1322762,1322765,1322778,3,13,16,completed,2
16391,Rigid,1322762,1322765,1322778,3,13,16,completed,2
16392,Rigid,1322762,1322765,1322777,3,12,15,completed,2
16393,Rigid,1322762,1322765,1322771,3,6,9,completed,1
16394,Rigid,1322762,1322765,1322878,3,113,116,completed,2
16395,Rigid,1322762,1322765,1322777,3,12,15,completed,2
16396,Rigid,1322762,1322765,1322879,3,114,117,completed,2
16397,Rigid,1322762,1322765,1322771,3,6,9,completed,1
16398,Rigid,1322763,1322765,1322878,2,113,115,completed,2
16399,Rigid,1322763,1322765,1322771,2,6,8,completed,1
16400,Rigid,1322763,1322765,1322879,2,114,116,completed,2
16401,Rigid,1322763,1322765,1322771,2,6,8,completed,1
16402,Rigid,1322763,1322765,1322777,2,12,14,completed,2
16403,Rigid,1322763,1322765,1322777,2,12,14,completed,2
16404,Rigid,1322763,1322765,1322777,2,12,14,completed,2
16405,Rigid,1322763,1322765,1322777,2,12,14,completed,2
16406,Rigid,1322763,1322765,1322777,2,12,14,completed,2
16407,Rigid,1322763,1322765,1322777,2,12,14,completed,2
16408,Rigid,1322764,1322765,1322877,1,112,113,completed,2
16409,Rigid,1322764,1322765,1322777,1,12,13,completed,2
16410,Rigid,1322764,1322765,1322877,1,112,113,completed,2
16411,Rigid,1322764,1322765,1322771,1,6,7,completed,1
16412,Rigid,1322764,1322765,1322778,1,13,14,completed,2
16413,Rigid,1322764,1322765,1322778,1,13,14,completed,2
16414,Rigid,1322764,1322765,1322877,1,112,113,completed,2
16415,Rigid,1322765,1322765,1322772,0,7,7,completed,1
16416,Rigid,1322765,1322765,1322771,0,6,6,completed,1
16417,Rigid,1322765,1322765,1322778,0,13,13,completed,2
16418,Rigid,1322765,1322765,1322771,0,6,6,completed,1
16419,Rigid,1322765,1322765,1322877,0,112,112,completed,2
16420,Rigid,1322765,1322765,1322778,0,13,13,completed,2
16421,Rigid,1322766,1322766,1322877,0,111,111,completed,2
16422,Rigid,1322766,1322766,1322771,0,5,5,completed,1
16423,Rigid,1322766,1322766,1322778,0,12,12,completed,2
16424,Rigid,1322766,1322766,1322778,0,12,12,completed,2
16425,Rigid,1322766,1322766,1322778,0,12,12,completed,2
16426,Rigid,1322766,1322766,1322778,0,12,12,completed,2
16427,Rigid,1322766,1322766,1322778,0,12,12,completed,2
16428,Rigid,1322766,1322766,1322877,0,111,111,completed,2
16429,Rigid,1322766,1322766,1322772,0,6,6,completed,1
16430,Rigid,1322766,1322767,1322778,1,11,12,completed,2
16431,Rigid,1322767,1322767,1322778,0,11,11,completed,2
16432,Rigid,1322767,1322767,1322778,0,11,11,completed,2
16433,Rigid,1322767,1322767,1322773,0,6,6,completed,1
16434,Rigid,1322767,1322767,1322773,0,6,6,completed,1
16435,Rigid,1322767,1322768,1322877,1,109,110,completed,2
16436,Rigid,1322768,1322768,1322773,0,5,5,completed,1
16437,Rigid,1322768,1322768,1322877,0,109,109,completed,2
16438,Rigid,1322768,1322768,1322876,0,108,108,completed,2
16439,Rigid,1322768,1322768,1322773,0,5,5,completed,1
16440,Rigid,1322777,1322778,1322885,1,107,108,completed,2
16441,Rigid,1322777,1322778,1322784,1,6,7,completed,1
16442,Rigid,1322777,1322778,1322885,1,107,108,completed,2
16443,Rigid,1322778,1322778,1322885,0,107,107,completed,2
16444,Rigid,1322778,1322778,1322790,0,12,12,completed,2
16445,Rigid,1322778,1322779,1322785,1,6,7,completed,1
16446,Rigid,1322778,1322779,1322790,1,11,12,completed,2
16447,Rigid,1322778,1322779,1322790,1,11,12,completed,2
16448,Rigid,1322778,1322779,1322790,1,11,12,completed,2
16449,Rigid,1322778,1322779,1322784,1,5,6,completed,1
16450,Rigid,1322778,1322779,1322885,1,106,107,completed,2
16451,Rigid,1322778,1322779,1322789,1,10,11,completed,2
16452,Rigid,1322779,1322779,1322789,0,10,10,completed,2
16453,Rigid,1322779,1322779,1322784,0,5,5,completed,1
16454,Rigid,1322779,1322779,1322892,0,113,113,completed,2
16455,Rigid,1322779,1322779,1322789,0,10,10,completed,2
16456,Rigid,1322779,1322779,1322789,0,10,10,completed,2
16457,Rigid,1322779,1322779,1322789,0,10,10,completed,2
16458,Rigid,1322779,1322779,1322785,0,6,6,completed,1
16459,Rigid,1322779,1322779,1322892,0,113,113,completed,2
16460,Rigid,1322779,1322779,1322785,0,6,6,completed,1
16461,Rigid,1322779,1322780,1322789,1,9,10,completed,2
16462,Rigid,1322780,1322780,1322892,0,112,112,completed,2
16463,Rigid,1322780,1322782,1322791,2,9,11,completed,2
16464,Rigid,1322780,1322782,1322904,2,122,124,completed,2
16465,Rigid,1322780,1322782,1322788,2,6,8,completed,1
16466,Rigid,1322780,1322782,1322792,2,10,12,completed,2
16467,Rigid,1322780,1322782,1322885,2,103,105,completed,2
16468,Rigid,1322780,1322782,1322885,2,103,105,completed,2
16469,Rigid,1322780,1322782,1322788,2,6,8,completed,1
16470,Rigid,1322780,1322782,1322791,2,9,11,completed,2
16471,Rigid,1322780,1322782,1322788,2,6,8,completed,1
16472,Rigid,1322781,1322782,1322791,1,9,10,completed,2
16473,Rigid,1322781,1322782,1322788,1,6,7,completed,1
16474,Rigid,1322782,1322782,1322885,0,103,103,completed,2
16475,Rigid,1322782,1322786,1322887,4,101,105,completed,2
16476,Rigid,1322782,1322786,1322792,4,6,10,completed,1
16477,Rigid,1322782,1322784,1322797,2,13,15,completed,2
16478,Rigid,1322782,1322786,1322791,4,5,9,completed,1
16479,Rigid,1322782,1322784,1322885,2,101,103,completed,2
16480,Rigid,1322782,1322784,1322796,2,12,14,completed,2
16481,Rigid,1322782,1322784,1322796,2,12,14,completed,2
16482,Rigid,1322783,1322784,1322885,1,101,102,completed,2
16483,Rigid,1322783,1322784,1322791,1,7,8,completed,1
16484,Rigid,1322783,1322784,1322796,1,12,13,completed,2
16485,Rigid,1322783,1322784,1322790,1,6,7,completed,1
16486,Rigid,1322783,1322784,1322791,1,7,8,completed,1
16487,Rigid,1322783,1322784,1322885,1,101,102,completed,2
16488,Rigid,1322783,1322784,1322886,1,102,103,completed,2
16489,Rigid,1322784,1322784,1322796,0,12,12,completed,2
16490,Rigid,1322784,1322784,1322796,0,12,12,completed,2
16491,Rigid,1322784,1322784,1322790,0,6,6,completed,1
16492,Rigid,1322784,1322784,1322796,0,12,12,completed,2
16493,Rigid,1322784,1322784,1322885,0,101,101,completed,2
16494,Rigid,1322784,1322784,1322885,0,101,101,completed,2
16495,Rigid,1322784,1322784,1322790,0,6,6,completed,1
16496,Rigid,1322785,1322786,1322795,1,9,10,completed,2
16497,Rigid,1322785,1322786,1322795,1,9,10,completed,2
16498,Rigid,1322785,1322786,1322795,1,9,10,completed,2
16499,Rigid,1322785,1322786,1322791,1,5,6,completed,1
16500,Rigid,1322785,1322786,1322886,1,100,101,completed,2
16501,Rigid,1322785,1322786,1322886,1,100,101,completed,2
16502,Rigid,1322785,1322786,1322791,1,5,6,completed,1
16503,Rigid,1322786,1322786,1322886,0,100,100,completed,2
16504,Rigid,1322786,1322786,1322792,0,6,6,completed,1
16505,Rigid,1322786,1322786,1322886,0,100,100,completed,2
16506,Rigid,1322786,1322786,1322795,0,9,9,completed,2
16507,Rigid,1322787,1322789,1322795,2,6,8,completed,1
16508,Rigid,1322787,1322789,1322799,2,10,12,completed,2
16509,Rigid,1322787,1322789,1322799,2,10,12,completed,2
16510,Rigid,1322787,1322789,1322795,2,6,8,completed,1
16511,Rigid,1322788,1322789,1322904,1,115,116,completed,2
16512,Rigid,1322788,1322789,1322799,1,10,11,completed,2
16513,Rigid,1322788,1322789,1322795,1,6,7,completed,1
16514,Rigid,1322798,1322798,1322917,0,119,119,completed,2
16515,Rigid,1322798,1322798,1322813,0,15,15,completed,2
16516,Rigid,1322798,1322798,1322917,0,119,119,completed,2
16517,Rigid,1322798,1322798,1322805,0,7,7,completed,1
16518,Rigid,1322798,1322801,1322813,3,12,15,completed,2
16519,Rigid,1322798,1322801,1322917,3,116,119,completed,2
16520,Rigid,1322798,1322801,1322807,3,6,9,completed,1
16521,Rigid,1322799,1322801,1322807,2,6,8,completed,1
16522,Rigid,1322799,1322801,1322916,2,115,117,completed,2
16523,Rigid,1322799,1322801,1322814,2,13,15,completed,2
16524,Rigid,1322799,1322801,1322807,2,6,8,completed,1
16525,Rigid,1322799,1322801,1322814,2,13,15,completed,2
16526,Rigid,1322799,1322801,1322909,2,108,110,completed,2
16527,Rigid,1322800,1322801,1322807,1,6,7,completed,1
16528,Rigid,1322800,1322801,1322913,1,112,113,completed,2
16529,Rigid,1322800,1322801,1322811,1,10,11,completed,2
16530,Rigid,1322800,1322801,1322811,1,10,11,completed,2
16531,Rigid,1322800,1322801,1322913,1,112,113,completed,2
16532,Rigid,1322800,1322801,1322807,1,6,7,completed,1
16533,Rigid,1322800,1322801,1322811,1,10,11,completed,2
16534,Rigid,1322801,1322802,1322812,1,10,11,completed,2
16535,Rigid,1322801,1322802,1322913,1,111,112,completed,2
16536,Rigid,1322801,1322802,1322808,1,6,7,completed,1
16537,Rigid,1322801,1322802,1322815,1,13,14,completed,2
16538,Rigid,1322801,1322802,1322814,1,12,13,completed,2
16539,Rigid,1322801,1322802,1322912,1,110,111,completed,2
16540,Rigid,1322802,1322802,1322807,0,5,5,completed,1
16541,Rigid,1322802,1322802,1322814,0,12,12,completed,2
16542,Rigid,1322802,1322802,1322913,0,111,111,completed,2
16543,Rigid,1322802,1322802,1322808,0,6,6,completed,1
16544,Rigid,1322802,1322802,1322913,0,111,111,completed,2
16545,Rigid,1322802,1322806,1322812,4,6,10,completed,1
16546,Rigid,1322802,1322806,1322818,4,12,16,completed,2
16547,Rigid,1322802,1322806,1322818,4,12,16,completed,2
16548,Rigid,1322803,1322806,1322812,3,6,9,completed,1
16549,Rigid,1322803,1322806,1322908,3,102,105,completed,2
16550,Rigid,1322803,1322806,1322819,3,13,16,completed,2
16551,Rigid,1322803,1322806,1322819,3,13,16,completed,2
16552,Rigid,1322803,1322806,1322908,3,102,105,completed,2
16553,Rigid,1322803,1322806,1322813,3,7,10,completed,1
16554,Rigid,1322803,1322806,1322909,3,103,106,completed,2
16555,Rigid,1322803,1322806,1322812,3,6,9,completed,1
16556,Rigid,1322804,1322806,1322811,2,5,7,completed,1
16557,Rigid,1322804,1322806,1322909,2,103,105,completed,2
16558,Rigid,1322804,1322806,1322819,2,13,15,completed,2
16559,Rigid,1322805,1322806,1322812,1,6,7,completed,1
16560,Rigid,1322805,1322806,1322819,1,13,14,completed,2
16561,Rigid,1322807,1322808,1322908,1,100,101,completed,2
16562,Rigid,1322807,1322808,1322819,1,11,12,completed,2
16563,Rigid,1322807,1322808,1322909,1,101,102,completed,2
16564,Rigid,1322807,1322808,1322815,1,7,8,completed,1
16565,Rigid,1322818,1322818,1322950,0,132,132,completed,2
16566,Rigid,1322818,1322818,1322824,0,6,6,completed,1
16567,Rigid,1322818,1322818,1322835,0,17,17,completed,2
16568,Rigid,1322818,1322818,1322835,0,17,17,completed,2
16569,Rigid,1322818,1322818,1322925,0,107,107,completed,2
16570,Rigid,1322818,1322820,1322825,2,5,7,completed,1
16571,Rigid,1322819,1322820,1322825,1,5,6,completed,1
16572,Rigid,1322819,1322820,1322835,1,15,16,completed,2
16573,Rigid,1322819,1322820,1322924,1,104,105,completed,2
16574,Rigid,1322819,1322820,1322832,1,12,13,completed,2
16575,Rigid,1322819,1322820,1322826,1,6,7,completed,1
16576,Rigid,1322819,1322820,1322925,1,105,106,completed,2
16577,Rigid,1322819,1322820,1322832,1,12,13,completed,2
16578,Rigid,1322820,1322820,1322927,0,107,107,completed,2
16579,Rigid,1322820,1322820,1322826,0,6,6,completed,1
16580,Rigid,1322820,1322820,1322836,0,16,16,completed,2
16581,Rigid,1322820,1322822,1322832,2,10,12,completed,2
16582,Rigid,1322821,1322822,1322833,1,11,12,completed,2
16583,Rigid,1322821,1322822,1322828,1,6,7,completed,1
16584,Rigid,1322821,1322822,1322923,1,101,102,completed,2
16585,Rigid,1322821,1322822,1322828,1,6,7,completed,1
16586,Rigid,1322821,1322822,1322835,1,13,14,completed,2
16587,Rigid,1322821,1322822,1322927,1,105,106,completed,2
16588,Rigid,1322821,1322822,1322828,1,6,7,completed,1
16589,Rigid,1322821,1322822,1322924,1,102,103,completed,2
16590,Rigid,1322821,1322822,1322838,1,16,17,completed,2
16591,Rigid,1322821,1322822,1322828,1,6,7,completed,1
16592,Rigid,1322822,1322822,1322924,0,102,102,completed,2
16593,Rigid,1322822,1322826,1322843,4,17,21,completed,2
16594,Rigid,1322822,1322826,1322843,4,17,21,completed,2
16595,Rigid,1322823,1322826,1322831,3,5,8,completed,1
16596,Rigid,1322823,1322826,1322924,3,98,101,completed,2
16597,Rigid,1322823,1322826,1322924,3,98,101,completed,2
16598,Rigid,1322827,1322827,1322833,0,6,6,completed,1
16599,Rigid,1322827,1322827,1322843,0,16,16,completed,2
16600,Rigid,1322828,1322829,1322843,1,14,15,completed,2
16601,Rigid,1322838,1322838,1322968,0,130,130,completed,2
16602,Rigid,1322838,1322838,1322968,0,130,130,completed,2
16603,Rigid,1322838,1322838,1322847,0,9,9,completed,1
16604,Rigid,1322838,1322838,1322848,0,10,10,completed,1
16605,Rigid,1322839,1322839,1322862,0,23,23,completed,2
16606,Rigid,1322839,1322839,1322847,0,8,8,completed,1
16607,Rigid,1322839,1322839,1322862,0,23,23,completed,2
16608,Rigid,1322839,1322840,1322945,1,105,106,completed,2
16609,Rigid,1322839,1322840,1322861,1,21,22,completed,2
16610,Rigid,1322839,1322840,1322862,1,22,23,completed,2
16611,Rigid,1322840,1322840,1322862,0,22,22,completed,2
16612,Rigid,1322840,1322841,1322862,1,21,22,completed,2
16613,Rigid,1322840,1322841,1322847,1,6,7,completed,1
16614,Rigid,1322840,1322841,1322946,1,105,106,completed,2
16615,Rigid,1322840,1322841,1322847,1,6,7,completed,1
16616,Rigid,1322841,1322841,1322946,0,105,105,completed,2
16617,Rigid,1322841,1322841,1322944,0,103,103,completed,2
16618,Rigid,1322841,1322841,1322847,0,6,6,completed,1
16619,Rigid,1322841,1322841,1322861,0,20,20,completed,2
16620,Rigid,1322841,1322841,1322861,0,20,20,completed,2
16621,Rigid,1322841,1322842,1322944,1,102,103,completed,2
16622,Rigid,1322848,1322849,1322857,1,8,9,completed,1
16623,Rigid,1322858,1322859,1322882,1,23,24,completed,2
16624,Rigid,1322859,1322859,1322880,0,21,21,completed,2
16625,Rigid,1322859,1322859,1322964,0,105,105,completed,2
16626,Rigid,1322859,1322863,1322869,4,6,10,completed,1
16627,Rigid,1322860,1322863,1322879,3,16,19,completed,2
16628,Rigid,1322860,1322863,1322965,3,102,105,completed,2
16629,Rigid,1322861,1322863,1322869,2,6,8,completed,1
16630,Rigid,1322862,1322863,1322879,1,16,17,completed,2
16631,Rigid,1322862,1322863,1322879,1,16,17,completed,2
16632,Rigid,1322868,1322868,1322875,0,7,7,completed,1
16633,Rigid,1322879,1322879,1322982,0,103,103,completed,2
16634,Rigid,1322879,1322880,1322987,1,107,108,completed,2
16635,Rigid,1322879,1322880,1322886,1,6,7,completed,1
16636,Rigid,1322880,1322880,1322899,0,19,19,completed,2
16637,Rigid,1322880,1322880,1322899,0,19,19,completed,2
16638,Rigid,1322880,1322880,1322886,0,6,6,completed,1
16639,Rigid,1322880,1322880,1322984,0,104,104,completed,2
16640,Rigid,1322880,1322880,1322984,0,104,104,completed,2
16641,Rigid,1322881,1322881,1322887,0,6,6,completed,1
16642,Rigid,1322881,1322881,1322901,0,20,20,completed,2
16643,Rigid,1322885,1322886,1322892,1,6,7,completed,1
16644,Rigid,1322885,1322886,1323005,1,119,120,completed,2
16645,Rigid,1322885,1322886,1322900,1,14,15,completed,2
16646,Rigid,1322885,1322886,1322900,1,14,15,completed,2
16647,Rigid,1322886,1322886,1322900,0,14,14,completed,2
16648,Rigid,1322886,1322886,1323005,0,119,119,completed,2
16649,Rigid,1322886,1322886,1322983,0,97,97,completed,2
16650,Rigid,1322887,1322887,1322892,0,5,5,completed,1
16651,Rigid,1322887,1322887,1322901,0,14,14,completed,2
16652,Rigid,1322887,1322887,1322892,0,5,5,completed,1
16653,Rigid,1322887,1322887,1322901,0,14,14,completed,2
16654,Rigid,1322887,1322887,1322893,0,6,6,completed,1
16655,Rigid,1322887,1322887,1322984,0,97,97,completed,2
16656,Rigid,1322888,1322888,1322892,0,4,4,completed,1
16657,Rigid,1322888,1322888,1322983,0,95,95,completed,2
16658,Rigid,1322888,1322888,1322983,0,95,95,completed,2
16659,Rigid,1322888,1322888,1322893,0,5,5,completed,1
16660,Rigid,1322888,1322888,1322904,0,16,16,completed,2
16661,Rigid,1322888,1322888,1322902,0,14,14,completed,2
16662,Rigid,1322888,1322892,1322899,4,7,11,completed,1
16663,Rigid,1322888,1322892,1323001,4,109,113,completed,2
16664,Rigid,1322889,1322892,1322908,3,16,19,completed,2
16665,Rigid,1322889,1322892,1323001,3,109,112,completed,2
16666,Rigid,1322889,1322892,1322898,3,6,9,completed,1
16667,Rigid,1322889,1322892,1322908,3,16,19,completed,2
16668,Rigid,1322889,1322892,1322898,3,6,9,completed,1
16669,Rigid,1322889,1322892,1323001,3,109,112,completed,2
16670,Rigid,1322889,1322892,1322906,3,14,17,completed,2
16671,Rigid,1322890,1322892,1322906,2,14,16,completed,2
16672,Rigid,1322899,1322899,1322905,0,6,6,completed,1
16673,Rigid,1322899,1322899,1323001,0,102,102,completed,2
16674,Rigid,1322899,1322899,1323001,0,102,102,completed,2
16675,Rigid,1322901,1322901,1322906,0,5,5,completed,1
16676,Rigid,1322901,1322903,1323001,2,98,100,completed,2
16677,Rigid,1322901,1322903,1322908,2,5,7,completed,1
16678,Rigid,1322901,1322903,1322917,2,14,16,completed,2
16679,Rigid,1322901,1322903,1322908,2,5,7,completed,1
16680,Rigid,1322902,1322903,1323002,1,99,100,completed,2
16681,Rigid,1322902,1322903,1322909,1,6,7,completed,1
16682,Rigid,1322902,1322903,1323001,1,98,99,completed,2
16683,Rigid,1322902,1322903,1322916,1,13,14,completed,2
16684,Rigid,1322902,1322903,1322916,1,13,14,completed,2
16685,Rigid,1322903,1322903,1322917,0,14,14,completed,2
16686,Rigid,1322903,1322903,1322908,0,5,5,completed,1
16687,Rigid,1322903,1322903,1322919,0,16,16,completed,2
16688,Rigid,1322903,1322903,1322908,0,5,5,completed,1
16689,Rigid,1322903,1322903,1323015,0,112,112,completed,2
16690,Rigid,1322903,1322905,1323007,2,102,104,completed,2
16691,Rigid,1322904,1322905,1322917,1,12,13,completed,2
16692,Rigid,1322904,1322905,1322917,1,12,13,completed,2
16693,Rigid,1322908,1322909,1322914,1,5,6,completed,1
16694,Rigid,1322908,1322909,1323004,1,95,96,completed,2
16695,Rigid,1322908,1322909,1322922,1,13,14,completed,2
16696,Rigid,1322908,1322909,1323004,1,95,96,completed,2
16697,Rigid,1322909,1322909,1322914,0,5,5,completed,1
16698,Rigid,1322909,1322909,1322922,0,13,13,completed,2
16699,Rigid,1322909,1322909,1323005,0,96,96,completed,2
16700,Rigid,1322909,1322910,1322922,1,12,13,completed,2
16701,Rigid,1322910,1322910,1322915,0,5,5,completed,1
16702,Rigid,1322910,1322910,1323004,0,94,94,completed,2
16703,Rigid,1322910,1322910,1322921,0,11,11,completed,2
16704,Rigid,1322910,1322910,1322921,0,11,11,completed,2
16705,Rigid,1322910,1322910,1322915,0,5,5,completed,1
16706,Rigid,1322910,1322910,1322923,0,13,13,completed,2
16707,Rigid,1322910,1322911,1323011,1,100,101,completed,2
16708,Rigid,1322911,1322911,1322916,0,5,5,completed,1
16709,Rigid,1322911,1322911,1323014,0,103,103,completed,2
16710,Rigid,1322911,1322911,1322916,0,5,5,completed,1
16711,Rigid,1322911,1322911,1322924,0,13,13,completed,2
16712,Rigid,1322911,1322911,1323021,0,110,110,completed,2
16713,Rigid,1322911,1322911,1322916,0,5,5,completed,1
16714,Rigid,1322911,1322911,1322924,0,13,13,completed,2
16715,Rigid,1322911,1322914,1322927,3,13,16,completed,2
16716,Rigid,1322921,1322921,1322937,0,16,16,completed,2
16717,Rigid,1322921,1322921,1322928,0,7,7,completed,1
16718,Rigid,1322921,1322921,1323012,0,91,91,completed,2
16719,Rigid,1322921,1322921,1322935,0,14,14,completed,2
16720,Rigid,1322921,1322922,1322935,1,13,14,completed,2
16721,Rigid,1322921,1322922,1322935,1,13,14,completed,2
16722,Rigid,1322922,1322923,1322928,1,5,6,completed,1
16723,Rigid,1322923,1322923,1323020,0,97,97,completed,2
16724,Rigid,1322923,1322923,1323020,0,97,97,completed,2
16725,Rigid,1322923,1322923,1322928,0,5,5,completed,1
16726,Rigid,1322923,1322923,1323020,0,97,97,completed,2
16727,Rigid,1322923,1322923,1322936,0,13,13,completed,2
16728,Rigid,1322923,1322923,1322936,0,13,13,completed,2
16729,Rigid,1322923,1322923,1322928,0,5,5,completed,1
16730,Rigid,1322924,1322924,1322938,0,14,14,completed,2
16731,Rigid,1322924,1322924,1322936,0,12,12,completed,2
16732,Rigid,1322924,1322924,1322936,0,12,12,completed,2
16733,Rigid,1322924,1322925,1322930,1,5,6,completed,1
16734,Rigid,1322925,1322925,1323020,0,95,95,completed,2
16735,Rigid,1322925,1322925,1322930,0,5,5,completed,1
16736,Rigid,1322925,1322925,1322938,0,13,13,completed,2
16737,Rigid,1322925,1322925,1323020,0,95,95,completed,2
16738,Rigid,1322925,1322925,1322937,0,12,12,completed,2
16739,Rigid,1322925,1322925,1322937,0,12,12,completed,2
16740,Rigid,1322925,1322925,1323006,0,81,81,completed,2
16741,Rigid,1322925,1322925,1322930,0,5,5,completed,1
16742,Rigid,1322925,1322925,1322938,0,13,13,completed,2
16743,Rigid,1322926,1322926,1322940,0,14,14,completed,2
16744,Rigid,1322926,1322926,1322931,0,5,5,completed,1
16745,Rigid,1322926,1322927,1323020,1,93,94,completed,2
16746,Rigid,1322927,1322928,1322942,1,14,15,completed,2
16747,Rigid,1322927,1322928,1322933,1,5,6,completed,1
16748,Rigid,1322928,1322929,1323020,1,91,92,completed,2
16749,Rigid,1322928,1322929,1322943,1,14,15,completed,2
16750,Rigid,1322928,1322929,1322943,1,14,15,completed,2
16751,Rigid,1322929,1322929,1322940,0,11,11,completed,2
16752,Rigid,1322929,1322929,1322940,0,11,11,completed,2
16753,Rigid,1322929,1322929,1322934,0,5,5,completed,1
16754,Rigid,1322929,1322929,1322934,0,5,5,completed,1
16755,Rigid,1322929,1322929,1322941,0,12,12,completed,2
16756,Rigid,1322930,1322930,1323023,0,93,93,completed,2
16757,Rigid,1322930,1322930,1322935,0,5,5,completed,1
16758,Rigid,1322930,1322930,1322941,0,11,11,completed,2
16759,Rigid,1322930,1322930,1323012,0,82,82,completed,2
16760,Rigid,1322930,1322931,1322936,1,5,6,completed,1
16761,Rigid,1322930,1322931,1323008,1,77,78,completed,2
16762,Rigid,1322931,1322931,1323008,0,77,77,completed,2
16763,Rigid,1322931,1322931,1322947,0,16,16,completed,2
16764,Rigid,1322931,1322931,1323008,0,77,77,completed,2
16765,Rigid,1322931,1322931,1322936,0,5,5,completed,1
16766,Rigid,1322931,1322931,1322947,0,16,16,completed,2
16767,Rigid,1322931,1322932,1322947,1,15,16,completed,2
16768,Rigid,1322932,1322932,1323008,0,76,76,completed,2
16769,Rigid,1322932,1322932,1322936,0,4,4,completed,1
16770,Rigid,1322932,1322932,1323012,0,80,80,completed,2
16771,Rigid,1322932,1322932,1322937,0,5,5,completed,1
16772,Rigid,1322932,1322933,1322946,1,13,14,completed,2
16773,Rigid,1322932,1322933,1322937,1,4,5,completed,1
16774,Rigid,1322932,1322933,1323006,1,73,74,completed,2
16775,Rigid,1322932,1322933,1322946,1,13,14,completed,2
16776,Rigid,1322933,1322933,1322946,0,13,13,completed,2
16777,Rigid,1322933,1322933,1323007,0,74,74,completed,2
16778,Rigid,1322942,1322943,1322948,1,5,6,completed,1
16779,Rigid,1322942,1322943,1323024,1,81,82,completed,2
16780,Rigid,1322943,1322943,1322948,0,5,5,completed,1
16781,Rigid,1322943,1322943,1322959,0,16,16,completed,2
16782,Rigid,1322943,1322943,1323027,0,84,84,completed,2
16783,Rigid,1322943,1322943,1322948,0,5,5,completed,1
16784,Rigid,1322943,1322943,1322965,0,22,22,completed,2
16785,Rigid,1322943,1322943,1322948,0,5,5,completed,1
16786,Rigid,1322944,1322944,1323020,0,76,76,completed,2
16787,Rigid,1322944,1322944,1322965,0,21,21,completed,2
16788,Rigid,1322944,1322944,1322958,0,14,14,completed,2
16789,Rigid,1322944,1322944,1322962,0,18,18,completed,2
16790,Rigid,1322944,1322944,1322962,0,18,18,completed,2
16791,Rigid,1322944,1322944,1322948,0,4,4,completed,1
16792,Rigid,1322944,1322944,1323016,0,72,72,completed,2
16793,Rigid,1322944,1322945,1322949,1,4,5,completed,1
16794,Rigid,1322945,1322945,1323017,0,72,72,completed,2
16795,Rigid,1322945,1322945,1322962,0,17,17,completed,2
16796,Rigid,1322945,1322945,1322949,0,4,4,completed,1
16797,Rigid,1322945,1322945,1322949,0,4,4,completed,1
16798,Rigid,1322945,1322945,1323016,0,71,71,completed,2
16799,Rigid,1322945,1322946,1323011,1,65,66,completed,2
16800,Rigid,1322945,1322946,1322961,1,15,16,completed,2
16801,Rigid,1322946,1322946,1322950,0,4,4,completed,1
16802,Rigid,1322946,1322946,1323011,0,65,65,completed,2
16803,Rigid,1322946,1322947,1322961,1,14,15,completed,2
16804,Rigid,1322946,1322947,1322962,1,15,16,completed,2
16805,Rigid,1322946,1322947,1322950,1,3,4,completed,1
16806,Rigid,1322946,1322947,1322950,1,3,4,completed,1
16807,Rigid,1322946,1322947,1323007,1,60,61,completed,2
16808,Rigid,1322947,1322947,1323006,0,59,59,completed,2
16809,Rigid,1322947,1322947,1322962,0,15,15,completed,2
16810,Rigid,1322947,1322947,1322961,0,14,14,completed,2
16811,Rigid,1322947,1322948,1323015,1,67,68,completed,2
16812,Rigid,1322947,1322948,1322951,1,3,4,completed,1
16813,Rigid,1322948,1322948,1322960,0,12,12,completed,2
16814,Rigid,1322948,1322948,1322951,0,3,3,completed,1
16815,Rigid,1322948,1322948,1322962,0,14,14,completed,2
16816,Rigid,1322948,1322948,1323013,0,65,65,completed,2
16817,Rigid,1322948,1322948,1322962,0,14,14,completed,2
16818,Rigid,1322948,1322948,1322962,0,14,14,completed,2
16819,Rigid,1322951,1322951,1322965,0,14,14,completed,2
16820,Rigid,1322951,1322952,1323005,1,53,54,completed,2
16821,Rigid,1322951,1322952,1322956,1,4,5,completed,1
16822,Rigid,1322952,1322952,1322955,0,3,3,completed,1
16823,Rigid,1322952,1322952,1323017,0,65,65,completed,2
16824,Rigid,1322952,1322952,1322967,0,15,15,completed,2
16825,Rigid,1322952,1322952,1322964,0,12,12,completed,2
16826,Rigid,1322952,1322952,1322964,0,12,12,completed,2
16827,Rigid,1322952,1322956,1323011,4,55,59,completed,2
16828,Rigid,1322958,1322960,1323924,2,964,966,completed,144
16829,Rigid,1322963,1322963,1322966,0,3,3,completed,1
16830,Rigid,1322963,1322963,1322966,0,3,3,completed,1
16831,Rigid,1322963,1322963,1323001,0,38,38,completed,2
16832,Rigid,1322963,1322963,1322980,0,17,17,completed,2
16833,Rigid,1322963,1322964,1322982,1,18,19,completed,2
16834,Rigid,1322964,1322965,1322981,1,16,17,completed,2
16835,Rigid,1322964,1322965,1322981,1,16,17,completed,2
16836,Rigid,1322964,1322965,1323016,1,51,52,completed,2
16837,Rigid,1322965,1322965,1323016,0,51,51,completed,2
16838,Rigid,1322965,1322965,1322985,0,20,20,completed,2
16839,Rigid,1322965,1322965,1322968,0,3,3,completed,1
16840,Rigid,1322965,1322965,1322968,0,3,3,completed,1
16841,Rigid,1322965,1322965,1322985,0,20,20,completed,2
16842,Rigid,1323009,1323012,1323098,3,86,89,completed,36
16843,Rigid,1323159,1323160,1329013,1,5853,5854,completed,1
16844,Rigid,1323472,1323472,1323750,0,278,278,completed,1
16845,Rigid,1323472,1323476,1324287,4,811,815,completed,6
16846,Rigid,1324364,1324364,1324550,0,186,186,completed,1
16847,Rigid,1324364,1324368,1325032,4,664,668,completed,6
16848,Rigid,1324579,1324579,1325709,0,1130,1130,completed,6
16849,Rigid,1324579,1324579,1325215,0,636,636,completed,1
16850,Rigid,1324579,1324583,1325131,4,548,552,completed,8
16851,Rigid,1324580,1324583,1326216,3,1633,1636,completed,16
16852,Rigid,1325025,1325025,1325759,0,734,734,completed,6
16853,Rigid,1325025,1325029,1325443,4,414,418,completed,1
16854,Rigid,1325025,1325029,1325443,4,414,418,completed,8
16855,Rigid,1325025,1325029,1325997,4,968,972,completed,16
16856,Rigid,1325136,1325137,1325161,1,24,25,completed,1
16857,Rigid,1325136,1325137,1325258,1,121,122,completed,1
16858,Rigid,1325218,1325218,1327964,0,2746,2746,completed,6
16859,Rigid,1325218,1325218,1327964,0,2746,2746,completed,6
16860,Rigid,1325218,1325218,1327964,0,2746,2746,completed,6
16861,Rigid,1325218,1325222,1327968,4,2746,2750,completed,6
16862,Rigid,1325218,1325222,1327968,4,2746,2750,completed,6
16863,Rigid,1325218,1325222,1327964,4,2742,2746,completed,6
16864,Rigid,1325219,1325222,1327964,3,2742,2745,completed,6
16865,Rigid,1325219,1325222,1327964,3,2742,2745,completed,6
16866,Rigid,1325219,1325222,1327964,3,2742,2745,completed,6
16867,Rigid,1325219,1325222,1327964,3,2742,2745,completed,6
16868,Rigid,1325219,1325222,1327964,3,2742,2745,completed,6
16869,Rigid,1325219,1325222,1327964,3,2742,2745,completed,6
16870,Rigid,1325220,1325222,1327964,2,2742,2744,completed,6
16871,Rigid,1325220,1325222,1327969,2,2747,2749,completed,6
16872,Rigid,1325220,1325222,1327964,2,2742,2744,completed,6
16873,Rigid,1325220,1325222,1327964,2,2742,2744,completed,6
16874,Rigid,1325220,1325222,1327969,2,2747,2749,completed,6
16875,Rigid,1325220,1325222,1328916,2,3694,3696,completed,6
16876,Rigid,1325220,1325222,1327964,2,2742,2744,completed,6
16877,Rigid,1325220,1325222,1327969,2,2747,2749,completed,6
16878,Rigid,1325220,1325222,1327964,2,2742,2744,completed,6
16879,Rigid,1325220,1325222,1327964,2,2742,2744,completed,6
16880,Rigid,1325220,1325222,1327964,2,2742,2744,completed,6
16881,Rigid,1325220,1325222,1327965,2,2743,2745,completed,6
16882,Rigid,1325221,1325222,1327965,1,2743,2744,completed,6
16883,Rigid,1325221,1325222,1327965,1,2743,2744,completed,6
16884,Rigid,1325221,1325222,1327965,1,2743,2744,completed,6
16885,Rigid,1325221,1325222,1327965,1,2743,2744,completed,6
16886,Rigid,1325221,1325222,1327965,1,2743,2744,completed,6
16887,Rigid,1325221,1325222,1327965,1,2743,2744,completed,6
16888,Rigid,1325221,1325222,1327965,1,2743,2744,completed,6
16889,Rigid,1325221,1325222,1327965,1,2743,2744,completed,6
16890,Rigid,1325221,1325222,1327965,1,2743,2744,completed,6
16891,Rigid,1325221,1325222,1327965,1,2743,2744,completed,6
16892,Rigid,1325221,1325222,1327965,1,2743,2744,completed,6
16893,Rigid,1325221,1325222,1327938,1,2716,2717,completed,6
16894,Rigid,1325222,1325222,1328890,0,3668,3668,completed,6
16895,Rigid,1325222,1325222,1327966,0,2744,2744,completed,6
16896,Rigid,1325222,1325222,1327945,0,2723,2723,completed,6
16897,Rigid,1325222,1325222,1328896,0,3674,3674,completed,6
16898,Rigid,1325222,1325222,1327967,0,2745,2745,completed,6
16899,Rigid,1325222,1325222,1327964,0,2742,2742,completed,6
16900,Rigid,1325222,1325222,1327964,0,2742,2742,completed,6
16901,Rigid,1325222,1325222,1327964,0,2742,2742,completed,6
16902,Rigid,1325222,1325222,1327964,0,2742,2742,completed,6
16903,Rigid,1325222,1325222,1327964,0,2742,2742,completed,6
16904,Rigid,1325222,1325222,1327964,0,2742,2742,completed,6
16905,Rigid,1325222,1325222,1327969,0,2747,2747,completed,6
16906,Rigid,1325222,1325222,1327969,0,2747,2747,completed,6
16907,Rigid,1325222,1325222,1327969,0,2747,2747,completed,6
16908,Rigid,1325222,1325226,1327940,4,2714,2718,completed,6
16909,Rigid,1325222,1325226,1327969,4,2743,2747,completed,6
16910,Rigid,1325222,1325226,1327969,4,2743,2747,completed,6
16911,Rigid,1325223,1325226,1327933,3,2707,2710,completed,6
16912,Rigid,1325223,1325226,1327980,3,2754,2757,completed,6
16913,Rigid,1325223,1325226,1327978,3,2752,2755,completed,6
16914,Rigid,1325223,1325226,1327977,3,2751,2754,completed,6
16915,Rigid,1325223,1325226,1328854,3,3628,3631,completed,6
16916,Rigid,1325223,1325226,1327958,3,2732,2735,completed,6
16917,Rigid,1325224,1325226,1327967,2,2741,2743,completed,6
16918,Rigid,1325224,1325226,1327968,2,2742,2744,completed,6
16919,Rigid,1325224,1325226,1327968,2,2742,2744,completed,6
16920,Rigid,1325224,1325226,1327968,2,2742,2744,completed,6
16921,Rigid,1325224,1325226,1327968,2,2742,2744,completed,6
16922,Rigid,1325224,1325226,1327973,2,2747,2749,completed,6
16923,Rigid,1325224,1325226,1327968,2,2742,2744,completed,6
16924,Rigid,1325224,1325226,1327964,2,2738,2740,completed,6
16925,Rigid,1325224,1325226,1327964,2,2738,2740,completed,6
16926,Rigid,1325224,1325226,1327964,2,2738,2740,completed,6
16927,Rigid,1325224,1325226,1327964,2,2738,2740,completed,6
16928,Rigid,1325225,1325226,1327964,1,2738,2739,completed,6
16929,Rigid,1325225,1325226,1327964,1,2738,2739,completed,6
16930,Rigid,1325225,1325226,1327975,1,2749,2750,completed,6
16931,Rigid,1325225,1325226,1327951,1,2725,2726,completed,6
16932,Rigid,1325225,1325226,1327961,1,2735,2736,completed,6
16933,Rigid,1325225,1325226,1328916,1,3690,3691,completed,6
16934,Rigid,1325225,1325226,1327947,1,2721,2722,completed,6
16935,Rigid,1325225,1325226,1327964,1,2738,2739,completed,6
16936,Rigid,1325225,1325226,1327964,1,2738,2739,completed,6
16937,Rigid,1325225,1325226,1327964,1,2738,2739,completed,6
16938,Rigid,1325225,1325226,1327949,1,2723,2724,completed,6
16939,Rigid,1325225,1325226,1327964,1,2738,2739,completed,6
16940,Rigid,1325225,1325226,1327964,1,2738,2739,completed,6
16941,Rigid,1325225,1325226,1327969,1,2743,2744,completed,6
16942,Rigid,1325225,1325226,1327969,1,2743,2744,completed,6
16943,Rigid,1325225,1325226,1327969,1,2743,2744,completed,6
16944,Rigid,1325225,1325226,1327969,1,2743,2744,completed,6
16945,Rigid,1325225,1325226,1327969,1,2743,2744,completed,6
16946,Rigid,1325225,1325226,1327974,1,2748,2749,completed,6
16947,Rigid,1325225,1325226,1327963,1,2737,2738,completed,6
16948,Rigid,1325226,1325226,1327974,0,2748,2748,completed,6
16949,Rigid,1325226,1325226,1327974,0,2748,2748,completed,6
16950,Rigid,1325226,1325226,1327966,0,2740,2740,completed,6
16951,Rigid,1325226,1325226,1327965,0,2739,2739,completed,6
16952,Rigid,1325226,1325226,1327965,0,2739,2739,completed,6
16953,Rigid,1325226,1325228,1327965,2,2737,2739,completed,6
16954,Rigid,1325226,1325228,1327965,2,2737,2739,completed,6
16955,Rigid,1325227,1325228,1327965,1,2737,2738,completed,6
16956,Rigid,1325227,1325228,1327965,1,2737,2738,completed,6
16957,Rigid,1325227,1325228,1327975,1,2747,2748,completed,6
16958,Rigid,1325450,1325451,1325520,1,69,70,completed,1
16959,Rigid,1325450,1325451,1325630,1,179,180,completed,1
16960,Rigid,1325537,1325538,1327974,1,2436,2437,completed,6
16961,Rigid,1325537,1325538,1327975,1,2437,2438,completed,6
16962,Rigid,1325537,1325538,1327975,1,2437,2438,completed,6
16963,Rigid,1325537,1325538,1327975,1,2437,2438,completed,6
16964,Rigid,1325537,1325538,1327968,1,2430,2431,completed,6
16965,Rigid,1325538,1325538,1327971,0,2433,2433,completed,6
16966,Rigid,1325538,1325538,1327973,0,2435,2435,completed,6
16967,Rigid,1325538,1325538,1327968,0,2430,2430,completed,6
16968,Rigid,1325538,1325538,1327971,0,2433,2433,completed,6
16969,Rigid,1325538,1325538,1327971,0,2433,2433,completed,6
16970,Rigid,1325538,1325538,1327975,0,2437,2437,completed,6
16971,Rigid,1325538,1325538,1327971,0,2433,2433,completed,6
16972,Rigid,1325538,1325538,1327974,0,2436,2436,completed,6
16973,Rigid,1325538,1325538,1327971,0,2433,2433,completed,6
16974,Rigid,1325538,1325538,1327964,0,2426,2426,completed,6
16975,Rigid,1325538,1325538,1327964,0,2426,2426,completed,6
16976,Rigid,1325538,1325538,1327964,0,2426,2426,completed,6
16977,Rigid,1325538,1325538,1328880,0,3342,3342,completed,6
16978,Rigid,1325538,1325540,1327964,2,2424,2426,completed,6
16979,Rigid,1325538,1325540,1327964,2,2424,2426,completed,6
16980,Rigid,1325539,1325540,1327974,1,2434,2435,completed,6
16981,Rigid,1325539,1325540,1327974,1,2434,2435,completed,6
16982,Rigid,1325539,1325540,1327974,1,2434,2435,completed,6
16983,Rigid,1325539,1325540,1327975,1,2435,2436,completed,6
16984,Rigid,1325539,1325540,1327975,1,2435,2436,completed,6
16985,Rigid,1325540,1325540,1327975,0,2435,2435,completed,6
16986,Rigid,1325540,1325540,1328864,0,3324,3324,completed,6
16987,Rigid,1325540,1325540,1327975,0,2435,2435,completed,6
16988,Rigid,1325540,1325540,1327975,0,2435,2435,completed,6
16989,Rigid,1325540,1325540,1328062,0,2522,2522,completed,6
16990,Rigid,1325540,1325540,1327968,0,2428,2428,completed,6
16991,Rigid,1325541,1325542,1327967,1,2425,2426,completed,6
16992,Rigid,1325541,1325542,1327958,1,2416,2417,completed,6
16993,Rigid,1325541,1325542,1327967,1,2425,2426,completed,6
16994,Rigid,1325541,1325542,1327967,1,2425,2426,completed,6
16995,Rigid,1325541,1325542,1327939,1,2397,2398,completed,6
16996,Rigid,1325541,1325542,1327964,1,2422,2423,completed,6
16997,Rigid,1325541,1325542,1327964,1,2422,2423,completed,6
16998,Rigid,1325541,1325542,1327964,1,2422,2423,completed,6
16999,Rigid,1325541,1325542,1327964,1,2422,2423,completed,6
17000,Rigid,1325541,1325542,1327964,1,2422,2423,completed,6
17001,Rigid,1325541,1325542,1327964,1,2422,2423,completed,6
17002,Rigid,1325541,1325542,1327964,1,2422,2423,completed,6
17003,Rigid,1325541,1325542,1327969,1,2427,2428,completed,6
17004,Rigid,1325542,1325542,1327964,0,2422,2422,completed,6
17005,Rigid,1325542,1325546,1327964,4,2418,2422,completed,6
17006,Rigid,1325542,1325546,1327964,4,2418,2422,completed,6
17007,Rigid,1325542,1325546,1327964,4,2418,2422,completed,6
17008,Rigid,1325542,1325546,1327969,4,2423,2427,completed,6
17009,Rigid,1325543,1325546,1327969,3,2423,2426,completed,6
17010,Rigid,1325543,1325546,1327969,3,2423,2426,completed,6
17011,Rigid,1325543,1325546,1327969,3,2423,2426,completed,6
17012,Rigid,1325543,1325546,1327969,3,2423,2426,completed,6
17013,Rigid,1325543,1325546,1327969,3,2423,2426,completed,6
17014,Rigid,1325543,1325546,1327964,3,2418,2421,completed,6
17015,Rigid,1325543,1325546,1327964,3,2418,2421,completed,6
17016,Rigid,1325543,1325546,1328901,3,3355,3358,completed,6
17017,Rigid,1325543,1325546,1327964,3,2418,2421,completed,6
17018,Rigid,1325543,1325546,1327964,3,2418,2421,completed,6
17019,Rigid,1325543,1325546,1327969,3,2423,2426,completed,6
17020,Rigid,1325543,1325546,1327966,3,2420,2423,completed,6
17021,Rigid,1325543,1325546,1327966,3,2420,2423,completed,6
17022,Rigid,1325543,1325546,1327966,3,2420,2423,completed,6
17023,Rigid,1325543,1325546,1327966,3,2420,2423,completed,6
17024,Rigid,1325543,1325546,1327966,3,2420,2423,completed,6
17025,Rigid,1325543,1325546,1327966,3,2420,2423,completed,6
17026,Rigid,1325544,1325546,1327973,2,2427,2429,completed,6
17027,Rigid,1325544,1325546,1327947,2,2401,2403,completed,6
17028,Rigid,1325544,1325546,1327974,2,2428,2430,completed,6
17029,Rigid,1325544,1325546,1328841,2,3295,3297,completed,6
17030,Rigid,1325544,1325546,1327973,2,2427,2429,completed,6
17031,Rigid,1325544,1325546,1327943,2,2397,2399,completed,6
17032,Rigid,1325544,1325546,1327968,2,2422,2424,completed,6
17033,Rigid,1325544,1325546,1327968,2,2422,2424,completed,6
17034,Rigid,1325544,1325546,1327968,2,2422,2424,completed,6
17035,Rigid,1325544,1325546,1327965,2,2419,2421,completed,6
17036,Rigid,1325544,1325546,1327965,2,2419,2421,completed,6
17037,Rigid,1325544,1325546,1327965,2,2419,2421,completed,6
17038,Rigid,1325544,1325546,1327965,2,2419,2421,completed,6
17039,Rigid,1325545,1325546,1327965,1,2419,2420,completed,6
17040,Rigid,1325545,1325546,1327942,1,2396,2397,completed,6
17041,Rigid,1325545,1325546,1327964,1,2418,2419,completed,6
17042,Rigid,1325545,1325546,1327964,1,2418,2419,completed,6
17043,Rigid,1325545,1325546,1327964,1,2418,2419,completed,6
17044,Rigid,1325545,1325546,1327964,1,2418,2419,completed,6
17045,Rigid,1325545,1325546,1327964,1,2418,2419,completed,6
17046,Rigid,1325545,1325546,1327964,1,2418,2419,completed,6
17047,Rigid,1325545,1325546,1327969,1,2423,2424,completed,6
17048,Rigid,1325545,1325546,1328916,1,3370,3371,completed,6
17049,Rigid,1325545,1325546,1327974,1,2428,2429,completed,6
17050,Rigid,1325545,1325546,1327974,1,2428,2429,completed,6
17051,Rigid,1325545,1325546,1327974,1,2428,2429,completed,6
17052,Rigid,1325545,1325546,1327974,1,2428,2429,completed,6
17053,Rigid,1325545,1325546,1327972,1,2426,2427,completed,6
17054,Rigid,1325545,1325546,1327974,1,2428,2429,completed,6
17055,Rigid,1325545,1325546,1327974,1,2428,2429,completed,6
17056,Rigid,1325545,1325546,1327974,1,2428,2429,completed,6
17057,Rigid,1325545,1325546,1327975,1,2429,2430,completed,6
17058,Rigid,1325546,1325546,1327974,0,2428,2428,completed,6
17059,Rigid,1325546,1325546,1327973,0,2427,2427,completed,6
17060,Rigid,1325570,1325570,1325773,0,203,203,completed,1
17061,Rigid,1326004,1326005,1326053,1,48,49,completed,1
17062,Rigid,1326004,1326005,1326460,1,455,456,completed,1
17063,Rigid,1326219,1326219,1326287,0,68,68,completed,1
17064,Rigid,1326219,1326219,1326929,0,710,710,completed,1
17065,Rigid,1326635,1326635,1326641,0,6,6,completed,144
17066,Rigid,1326678,1326679,1326683,1,4,5,completed,144
17067,Rigid,1326782,1326783,1326788,1,5,6,completed,144
17068,Rigid,1327012,1327013,1341336,1,14323,14324,completed,108
17069,Rigid,1328222,1328223,1329364,1,1141,1142,completed,144
17070,Rigid,1328925,1328926,1328945,1,19,20,completed,6
17071,Rigid,1328926,1328930,1328945,4,15,19,completed,6
17072,Rigid,1328952,1328953,1328984,1,31,32,completed,6
17073,Rigid,1328953,1328953,1328984,0,31,31,completed,6
17074,Rigid,1328953,1328957,1328984,4,27,31,completed,6
17075,Rigid,1328953,1328957,1328984,4,27,31,completed,6
17076,Rigid,1328953,1328957,1328984,4,27,31,completed,6
17077,Rigid,1328954,1328957,1328984,3,27,30,completed,6
17078,Rigid,1329073,1329077,1343502,4,14425,14429,completed,396
17079,Rigid,1329086,1329086,1343502,0,14416,14416,completed,396
17080,Rigid,1329092,1329092,1343502,0,14410,14410,completed,396
17081,Rigid,1329113,1329114,1343532,1,14418,14419,completed,396
17082,Rigid,1329119,1331849,1346262,2730,14413,17143,completed,396
17083,Rigid,1329132,1329132,1329456,0,324,324,completed,6
17084,Rigid,1329401,1329566,1329752,165,186,351,completed,36
17085,Rigid,1329563,1329563,1329869,0,306,306,completed,36
17086,Rigid,1329596,1329597,1329942,1,345,346,completed,6
17087,Rigid,1329632,1329633,1329752,1,119,120,completed,36
17088,Rigid,1330123,1331419,1331615,1296,196,1492,completed,36
17089,Rigid,1330227,1330227,1331115,0,888,888,completed,6
17090,Rigid,1332300,1332300,1333074,0,774,774,completed,6
17091,Rigid,1332668,1332668,1333768,0,1100,1100,completed,36
17092,Rigid,1333387,1333776,1334414,389,638,1027,completed,36
17093,Rigid,1333462,1334134,1334321,672,187,859,completed,36
17094,Rigid,1333476,1333480,1335451,4,1971,1975,completed,6
17095,Rigid,1333823,1335301,1338170,1478,2869,4347,completed,36
17096,Rigid,1333907,1335301,1338143,1394,2842,4236,completed,36
17097,Rigid,1334077,1335029,1344625,952,9596,10548,completed,144
17098,Rigid,1338160,1343491,1343944,5331,453,5784,completed,396
17099,Rigid,1338172,1343507,1357933,5335,14426,19761,completed,396
17100,Rigid,1338181,1343507,1357933,5326,14426,19752,completed,396
17101,Rigid,1338191,1343507,1357933,5316,14426,19742,completed,396
17102,Rigid,1338211,1343537,1357963,5326,14426,19752,completed,396
17103,Rigid,1338228,1343945,1358353,5717,14408,20125,completed,396
17104,Rigid,1338244,1346267,1346633,8023,366,8389,completed,396
17105,Rigid,1338251,1346635,1346941,8384,306,8690,completed,396
17106,Rigid,1338257,1346943,1347253,8686,310,8996,completed,396
17107,Rigid,1338264,1347262,1347566,8998,304,9302,completed,396
17108,Rigid,1338639,1338639,1338643,0,4,4,completed,36
17109,Rigid,1338650,1347567,1361984,8917,14417,23334,completed,396
17110,Rigid,1338670,1357938,1372340,19268,14402,33670,completed,396
17111,Rigid,1338690,1357939,1372340,19249,14401,33650,completed,396
17112,Rigid,1338717,1357968,1372370,19251,14402,33653,completed,396
17113,Rigid,1338723,1338723,1770746,0,432023,432023,completed,36
17114,Rigid,1338765,1358359,1372760,19594,14401,33995,completed,396
17115,Rigid,1339314,1339314,1339317,0,3,3,completed,72
17116,Rigid,1339943,1339946,1339948,3,2,5,completed,72
17117,Rigid,1340373,1340373,1340445,0,72,72,completed,72
17118,Rigid,1340401,1342662,1345016,2261,2354,4615,completed,36
17119,Rigid,1340432,1340433,1340745,1,312,313,completed,144
17120,Rigid,1340663,1340663,1340689,0,26,26,completed,1
17121,Rigid,1340703,1340703,1341022,0,319,319,completed,1
17122,Rigid,1341103,1341103,1348229,0,7126,7126,completed,9
17123,Rigid,1341536,1341536,1343489,0,1953,1953,completed,144
17124,Rigid,1342192,1342192,1342286,0,94,94,completed,144
17125,Rigid,1345015,1345015,1348748,0,3733,3733,completed,8
17126,Rigid,1345208,1345209,1345311,1,102,103,completed,144
17127,Rigid,1345339,1345342,1347367,3,2025,2028,completed,144
17128,Rigid,1346343,1346343,1346362,0,19,19,completed,1
17129,Rigid,1346373,1346373,1346722,0,349,349,completed,1
17130,Rigid,1346783,1346783,1355177,0,8394,8394,completed,9
17131,Rigid,1347154,1347255,1347260,101,5,106,completed,144
17132,Rigid,1348199,1348224,1348590,25,366,391,completed,36
17133,Rigid,1348483,1348483,1352849,0,4366,4366,completed,9
17134,Rigid,1348618,1348648,1349774,30,1126,1156,completed,36
17135,Rigid,1349146,1349163,1349433,17,270,287,completed,36
17136,Rigid,1349237,1349253,1349454,16,201,217,completed,36
17137,Rigid,1349288,1349288,1351397,0,2109,2109,completed,144
17138,Rigid,1349319,1349344,1349542,25,198,223,completed,36
17139,Rigid,1349340,1349775,1351857,435,2082,2517,completed,144
17140,Rigid,1349341,1351398,1351402,2057,4,2061,completed,144
17141,Rigid,1349341,1351404,1353487,2063,2083,4146,completed,144
17142,Rigid,1349341,1351859,1353951,2518,2092,4610,completed,144
17143,Rigid,1349341,1353489,1355605,4148,2116,6264,completed,144
17144,Rigid,1349341,1353953,1356070,4612,2117,6729,completed,144
17145,Rigid,1349341,1355133,1357247,5792,2114,7906,completed,144
17146,Rigid,1349341,1355133,1357247,5792,2114,7906,completed,144
17147,Rigid,1349341,1355606,1357729,6265,2123,8388,completed,144
17148,Rigid,1349341,1356072,1358196,6731,2124,8855,completed,144
17149,Rigid,1349341,1357249,1359358,7908,2109,10017,completed,144
17150,Rigid,1349341,1357249,1359379,7908,2130,10038,completed,144
17151,Rigid,1349342,1357731,1359874,8389,2143,10532,completed,144
17152,Rigid,1349342,1357938,1360090,8596,2152,10748,completed,144
17153,Rigid,1349342,1357938,1360029,8596,2091,10687,completed,144
17154,Rigid,1349342,1357938,1360087,8596,2149,10745,completed,144
17155,Rigid,1350153,1357943,1359779,7790,1836,9626,completed,36
17156,Rigid,1353133,1353133,1358251,0,5118,5118,completed,9
17157,Rigid,1355213,1355213,1360435,0,5222,5222,completed,9
17158,Rigid,1358450,1359359,1359761,909,402,1311,completed,36
17159,Rigid,1358541,1359359,1359766,818,407,1225,completed,36
17160,Rigid,1358622,1359359,1359761,737,402,1139,completed,36
17161,Rigid,1358623,1358627,1379023,4,20396,20400,completed,9
17162,Rigid,1358706,1359360,1359761,654,401,1055,completed,36
17163,Rigid,1358787,1359380,1359760,593,380,973,completed,36
17164,Rigid,1358877,1359380,1359761,503,381,884,completed,36
17165,Rigid,1358971,1359380,1359761,409,381,790,completed,36
17166,Rigid,1359065,1359381,1359761,316,380,696,completed,36
17167,Rigid,1360463,1360463,1366879,0,6416,6416,completed,9
17168,Rigid,1366963,1366963,1381987,0,15024,15024,completed,9
17169,Rigid,1367162,1367162,1532373,0,165211,165211,completed,36
17170,Rigid,1377092,1377092,1379968,0,2876,2876,completed,8
17171,Rigid,1377740,1377740,1389786,0,12046,12046,completed,36
17172,Rigid,1379383,1379383,1395718,0,16335,16335,completed,9
17173,Rigid,1379383,1379383,1380030,0,647,647,completed,9
17174,Rigid,1379450,1379450,1400588,0,21138,21138,completed,16
17175,Rigid,1379452,1379454,1400767,2,21313,21315,completed,16
17176,Rigid,1380318,1380318,1589097,0,208779,208779,completed,36
17177,Rigid,1380373,1380374,1554734,1,174360,174361,completed,36
17178,Rigid,1380404,1380405,1641052,1,260647,260648,completed,36
17179,Rigid,1380445,1380448,1613387,3,232939,232942,completed,36
17180,Rigid,1380536,1380536,1612540,0,232004,232004,completed,36
17181,Rigid,1380577,1380578,1507052,1,126474,126475,completed,36
17182,Rigid,1380617,1380617,1571952,0,191335,191335,completed,36
17183,Rigid,1380657,1380658,1611960,1,231302,231303,completed,36
17184,Rigid,1380856,1475927,1648749,95071,172822,267893,completed,36
17185,Rigid,1380856,1475945,1648749,95089,172804,267893,completed,36
17186,Rigid,1380856,1475945,1648749,95089,172804,267893,completed,36
17187,Rigid,1381070,1381070,1382698,0,1628,1628,completed,18
17188,Rigid,1381178,1381179,1726795,1,345616,345617,completed,576
17189,Rigid,1381241,1381242,1726855,1,345613,345614,completed,576
17190,Rigid,1381452,1381453,1381514,1,61,62,completed,576
17191,Rigid,1381549,1381550,1381564,1,14,15,completed,576
17192,Rigid,1381566,1381567,1382698,1,1131,1132,completed,36
17193,Rigid,1381576,1381576,1388506,0,6930,6930,completed,576
17194,Rigid,1381609,1381609,1388469,0,6860,6860,completed,576
17195,Rigid,1381650,1381651,1382698,1,1047,1048,completed,36
17196,Rigid,1381721,1381722,1382698,1,976,977,completed,36
17197,Rigid,1381799,1381800,1382698,1,898,899,completed,36
17198,Rigid,1381880,1381881,1382698,1,817,818,completed,36
17199,Rigid,1381964,1381964,1382698,0,734,734,completed,36
17200,Rigid,1382054,1382055,1382698,1,643,644,completed,36
17201,Rigid,1382133,1382133,1399909,0,17776,17776,completed,9
17202,Rigid,1382133,1382133,1382805,0,672,672,completed,9
17203,Rigid,1382144,1382145,1382698,1,553,554,completed,36
17204,Rigid,1382583,1382583,1388419,0,5836,5836,completed,396
17205,Rigid,1382591,1382592,1388417,1,5825,5826,completed,396
17206,Rigid,1382597,1382598,1388415,1,5817,5818,completed,396
17207,Rigid,1382603,1382604,1388413,1,5809,5810,completed,396
17208,Rigid,1382611,1382703,1388411,92,5708,5800,completed,396
17209,Rigid,1382891,1382891,1398487,0,15596,15596,completed,18
17210,Rigid,1383292,1383292,1386859,0,3567,3567,completed,36
17211,Rigid,1383377,1383378,1387991,1,4613,4614,completed,36
17212,Rigid,1383448,1383449,1387691,1,4242,4243,completed,36
17213,Rigid,1383527,1383527,1388212,0,4685,4685,completed,36
17214,Rigid,1383539,1383539,1465673,0,82134,82134,completed,36
17215,Rigid,1383611,1383611,1388909,0,5298,5298,completed,36
17216,Rigid,1383699,1383700,1389091,1,5391,5392,completed,36
17217,Rigid,1383790,1384109,1390316,319,6207,6526,completed,36
17218,Rigid,1383878,1384817,1391415,939,6598,7537,completed,36
17219,Rigid,1384421,1384421,1384431,0,10,10,completed,1
17220,Rigid,1384421,1384447,1384453,26,6,32,completed,1
17221,Rigid,1384421,1447960,1447970,63539,10,63549,completed,1
17222,Rigid,1384516,1384517,1384521,1,4,5,completed,1
17223,Rigid,1384864,1388423,1388541,3559,118,3677,completed,36
17224,Rigid,1384864,1388423,1388538,3559,115,3674,completed,36
17225,Rigid,1384864,1388423,1388518,3559,95,3654,completed,36
17226,Rigid,1384864,1388425,1388704,3561,279,3840,completed,36
17227,Rigid,1384864,1388425,1388680,3561,255,3816,completed,36
17228,Rigid,1384864,1388425,1388612,3561,187,3748,completed,36
17229,Rigid,1384864,1388425,1389195,3561,770,4331,completed,36
17230,Rigid,1384864,1388425,1389111,3561,686,4247,completed,36
17231,Rigid,1384864,1388425,1388948,3561,523,4084,completed,36
17232,Rigid,1384864,1388425,1389030,3561,605,4166,completed,36
17233,Rigid,1384865,1388425,1389002,3560,577,4137,completed,36
17234,Rigid,1384865,1388425,1388794,3560,369,3929,completed,36
17235,Rigid,1384865,1388425,1390432,3560,2007,5567,completed,36
17236,Rigid,1384865,1388428,1390249,3563,1821,5384,completed,36
17237,Rigid,1384865,1388428,1389301,3563,873,4436,completed,36
17238,Rigid,1384865,1388428,1395456,3563,7028,10591,completed,36
17239,Rigid,1384865,1388428,1394542,3563,6114,9677,completed,36
17240,Rigid,1384865,1388428,1391110,3563,2682,6245,completed,36
17241,Rigid,1384865,1388490,1389447,3625,957,4582,completed,36
17242,Rigid,1384865,1388511,1389409,3646,898,4544,completed,36
17243,Rigid,1384865,1388519,1389105,3654,586,4240,completed,36
17244,Rigid,1384865,1388528,1391829,3663,3301,6964,completed,36
17245,Rigid,1384866,1388528,1391516,3662,2988,6650,completed,36
17246,Rigid,1384866,1388528,1389826,3662,1298,4960,completed,36
17247,Rigid,1384866,1388528,1400517,3662,11989,15651,completed,36
17248,Rigid,1384866,1388528,1398991,3662,10463,14125,completed,36
17249,Rigid,1384866,1388528,1392626,3662,4098,7760,completed,36
17250,Rigid,1385479,1386920,1387063,1441,143,1584,completed,72
17251,Rigid,1385492,1388029,1388964,2537,935,3472,completed,144
17252,Rigid,1385575,1387085,1387237,1510,152,1662,completed,36
17253,Rigid,1385576,1387085,1387232,1509,147,1656,completed,36
17254,Rigid,1385577,1387269,1387412,1692,143,1835,completed,36
17255,Rigid,1385578,1387238,1387381,1660,143,1803,completed,36
17256,Rigid,1385579,1387422,1387572,1843,150,1993,completed,36
17257,Rigid,1385579,1387574,1387723,1995,149,2144,completed,36
17258,Rigid,1385580,1387696,1387841,2116,145,2261,completed,36
17259,Rigid,1385580,1387727,1387871,2147,144,2291,completed,36
17260,Rigid,1385581,1387849,1387993,2268,144,2412,completed,36
17261,Rigid,1385581,1387879,1388027,2298,148,2446,completed,36
17262,Rigid,1385582,1388217,1388363,2635,146,2781,completed,36
17263,Rigid,1385582,1388364,1388510,2782,146,2928,completed,36
17264,Rigid,1385583,1388415,1388559,2832,144,2976,completed,36
17265,Rigid,1385583,1388416,1388561,2833,145,2978,completed,36
17266,Rigid,1385584,1388416,1388565,2832,149,2981,completed,36
17267,Rigid,1385584,1388416,1388561,2832,145,2977,completed,36
17268,Rigid,1385671,1388416,1388420,2745,4,2749,completed,72
17269,Rigid,1386048,1386078,1386080,30,2,32,completed,16
17270,Rigid,1386055,1388420,1397371,2365,8951,11316,completed,396
17271,Rigid,1386085,1388419,1388427,2334,8,2342,completed,180
17272,Rigid,1386677,1386688,1387364,11,676,687,completed,8
17273,Rigid,1386728,1386749,1386776,21,27,48,completed,16
17274,Rigid,1386828,1388416,1389555,1588,1139,2727,completed,144
17275,Rigid,1386882,1386902,1386908,20,6,26,completed,16
17276,Rigid,1386942,1386943,1387100,1,157,158,completed,1
17277,Rigid,1387438,1387453,1391168,15,3715,3730,completed,8
17278,Rigid,1387867,1388419,1399231,552,10812,11364,completed,144
17279,Rigid,1388008,1388031,1388037,23,6,29,completed,16
17280,Rigid,1388155,1388184,1388191,29,7,36,completed,16
17281,Rigid,1388275,1388275,1388402,0,127,127,completed,1
17282,Rigid,1388351,1388422,1402832,71,14410,14481,completed,396
17283,Rigid,1388491,1388491,1712604,0,324113,324113,completed,576
17284,Rigid,1388550,1388567,1465589,17,77022,77039,completed,576
17285,Rigid,1388611,1388611,1388622,0,11,11,completed,16
17286,Rigid,1388971,1388972,1389004,1,32,33,completed,16
17287,Rigid,1388994,1388994,1398448,0,9454,9454,completed,144
17288,Rigid,1389044,1389045,1389118,1,73,74,completed,72
17289,Rigid,1389116,1389117,1389124,1,7,8,completed,16
17290,Rigid,1389139,1389140,1391348,1,2208,2209,completed,36
17291,Rigid,1389172,1389173,1389411,1,238,239,completed,1
17292,Rigid,1389585,1389586,1389797,1,211,212,completed,1
17293,Rigid,1389682,1389682,1390651,0,969,969,completed,16
17294,Rigid,1389699,1389699,1391065,0,1366,1366,completed,16
17295,Rigid,1389790,1389790,1395836,0,6046,6046,completed,16
17296,Rigid,1389807,1389807,1745970,0,356163,356163,completed,36
17297,Rigid,1389822,1389822,1394576,0,4754,4754,completed,16
17298,Rigid,1389884,1389885,1389985,1,100,101,completed,36
17299,Rigid,1389921,1389922,1390769,1,847,848,completed,18
17300,Rigid,1389955,1389956,1389961,1,5,6,completed,144
17301,Rigid,1390097,1390097,1391616,0,1519,1519,completed,36
17302,Rigid,1390337,1390338,1391438,1,1100,1101,completed,36
17303,Rigid,1390338,1390338,1391446,0,1108,1108,completed,36
17304,Rigid,1390339,1390342,1391445,3,1103,1106,completed,36
17305,Rigid,1390339,1390342,1391443,3,1101,1104,completed,36
17306,Rigid,1390340,1390342,1391448,2,1106,1108,completed,36
17307,Rigid,1390340,1390342,1391442,2,1100,1102,completed,36
17308,Rigid,1390341,1390342,1391443,1,1101,1102,completed,36
17309,Rigid,1390341,1390342,1391442,1,1100,1101,completed,36
17310,Rigid,1390342,1390342,1391451,0,1109,1109,completed,36
17311,Rigid,1390342,1390343,1391441,1,1098,1099,completed,36
17312,Rigid,1390343,1390343,1391444,0,1101,1101,completed,36
17313,Rigid,1390343,1390345,1391440,2,1095,1097,completed,36
17314,Rigid,1390344,1390345,1391444,1,1099,1100,completed,36
17315,Rigid,1390344,1390345,1391444,1,1099,1100,completed,36
17316,Rigid,1390344,1390345,1391451,1,1106,1107,completed,36
17317,Rigid,1390345,1390345,1391443,0,1098,1098,completed,36
17318,Rigid,1390408,1390409,1390712,1,303,304,completed,36
17319,Rigid,1390490,1390491,1390766,1,275,276,completed,36
17320,Rigid,1390531,1390809,1390818,278,9,287,completed,144
17321,Rigid,1390562,1390584,1390766,22,182,204,completed,36
17322,Rigid,1390639,1390644,1390766,5,122,127,completed,36
17323,Rigid,1390721,1390735,1390766,14,31,45,completed,36
17324,Rigid,1390762,1390771,1390807,9,36,45,completed,72
17325,Rigid,1390984,1390984,1726929,0,335945,335945,completed,36
17326,Rigid,1391014,1391014,1391342,0,328,328,completed,72
17327,Rigid,1391321,1391321,1391355,0,34,34,completed,1
17328,Rigid,1391321,1391325,1396164,4,4839,4843,completed,72
17329,Rigid,1391385,1391385,1393550,0,2165,2165,completed,1
17330,Rigid,1391385,1391385,1391410,0,25,25,completed,72
17331,Rigid,1391467,1391468,1477878,1,86410,86411,completed,72
17332,Rigid,1391665,1391665,1395379,0,3714,3714,completed,36
17333,Rigid,1391666,1391666,1391768,0,102,102,completed,36
17334,Rigid,1391667,1391670,1391806,3,136,139,completed,36
17335,Rigid,1391669,1391670,1394008,1,2338,2339,completed,36
17336,Rigid,1391932,1391932,1391941,0,9,9,completed,16
17337,Rigid,1392000,1392001,1398495,1,6494,6495,completed,180
17338,Rigid,1392200,1392201,1493787,1,101586,101587,completed,108
17339,Rigid,1393821,1393822,1394951,1,1129,1130,completed,144
17340,Rigid,1395291,1395291,1395389,0,98,98,completed,36
17341,Rigid,1395903,1395903,1399718,0,3815,3815,completed,9
17342,Rigid,1396057,1396057,1404502,0,8445,8445,completed,18
17343,Rigid,1396363,1396364,1399172,1,2808,2809,completed,8
17344,Rigid,1396806,1396806,1404502,0,7696,7696,completed,180
17345,Rigid,1397637,1397637,1401261,0,3624,3624,completed,72
17346,Rigid,1397811,1397812,1397820,1,8,9,completed,1
17347,Rigid,1397811,1397837,1397842,26,5,31,completed,1
17348,Rigid,1397812,1450824,1450831,53012,7,53019,completed,1
17349,Rigid,1398277,1398277,1398308,0,31,31,completed,16
17350,Rigid,1398318,1398318,1398452,0,134,134,completed,36
17351,Rigid,1398348,1398349,1398353,1,4,5,completed,72
17352,Rigid,1398376,1398376,1398407,0,31,31,completed,16
17353,Rigid,1398408,1398409,1398515,1,106,107,completed,36
17354,Rigid,1398453,1398454,1398588,1,134,135,completed,36
17355,Rigid,1398538,1398539,1398587,1,48,49,completed,72
17356,Rigid,1398626,1398630,1398774,4,144,148,completed,36
17357,Rigid,1398789,1398789,1398927,0,138,138,completed,36
17358,Rigid,1398790,1398792,1403539,2,4747,4749,completed,36
17359,Rigid,1398795,1398797,1398828,2,31,33,completed,16
17360,Rigid,1398884,1398885,1400532,1,1647,1648,completed,18
17361,Rigid,1398919,1398919,1398969,0,50,50,completed,72
17362,Rigid,1398948,1398948,1399129,0,181,181,completed,36
17363,Rigid,1398961,1398961,1399120,0,159,159,completed,36
17364,Rigid,1399099,1399099,1399131,0,32,32,completed,36
17365,Rigid,1399193,1399193,1399990,0,797,797,completed,144
17366,Rigid,1399313,1399314,1399537,1,223,224,completed,36
17367,Rigid,1399322,1399322,1399537,0,215,215,completed,36
17368,Rigid,1399363,1399363,1399716,0,353,353,completed,72
17369,Rigid,1399363,1399363,1399412,0,49,49,completed,36
17370,Rigid,1399540,1399540,1404174,0,4634,4634,completed,36
17371,Rigid,1399549,1399550,1403639,1,4089,4090,completed,36
17372,Rigid,1399773,1399773,1400148,0,375,375,completed,9
17373,Rigid,1399866,1399867,1400341,1,474,475,completed,36
17374,Rigid,1399992,1399992,1400966,0,974,974,completed,144
17375,Rigid,1400099,1400099,1400429,0,330,330,completed,72
17376,Rigid,1400143,1400143,1408541,0,8398,8398,completed,9
17377,Rigid,1400171,1400172,1401123,1,951,952,completed,144
17378,Rigid,1400223,1400224,1401651,1,1427,1428,completed,9
17379,Rigid,1400262,1400263,1402790,1,2527,2528,completed,36
17380,Rigid,1400276,1400277,1402554,1,2277,2278,completed,36
17381,Rigid,1400491,1400492,1400496,1,4,5,completed,72
17382,Rigid,1400559,1400560,1400564,1,4,5,completed,72
17383,Rigid,1400642,1400642,1404875,0,4233,4233,completed,36
17384,Rigid,1400663,1400663,1400991,0,328,328,completed,72
17385,Rigid,1400819,1400992,1401346,173,354,527,completed,72
17386,Rigid,1401683,1401683,1401774,0,91,91,completed,1
17387,Rigid,1401824,1401825,1402689,1,864,865,completed,144
17388,Rigid,1401824,1401825,1402689,1,864,865,completed,144
17389,Rigid,1401825,1401829,1402677,4,848,852,completed,144
17390,Rigid,1401825,1401829,1402696,4,867,871,completed,144
17391,Rigid,1401825,1401829,1402708,4,879,883,completed,144
17392,Rigid,1401825,1401829,1402685,4,856,860,completed,144
17393,Rigid,1401825,1401829,1402710,4,881,885,completed,144
17394,Rigid,1401825,1401829,1402705,4,876,880,completed,144
17395,Rigid,1401825,1401829,1402692,4,863,867,completed,144
17396,Rigid,1401825,1401829,1402693,4,864,868,completed,144
17397,Rigid,1401825,1402556,1403408,731,852,1583,completed,144
17398,Rigid,1401825,1402678,1403533,853,855,1708,completed,144
17399,Rigid,1401826,1402686,1403523,860,837,1697,completed,144
17400,Rigid,1401826,1402690,1403529,864,839,1703,completed,144
17401,Rigid,1401826,1402691,1403535,865,844,1709,completed,144
17402,Rigid,1401826,1402694,1403543,868,849,1717,completed,144
17403,Rigid,1402624,1402624,1402974,0,350,350,completed,72
17404,Rigid,1402659,1402682,1405013,23,2331,2354,completed,18
17405,Rigid,1403624,1403625,1404274,1,649,650,completed,36
17406,Rigid,1403716,1403717,1404016,1,299,300,completed,72
17407,Rigid,1403785,1403786,1404140,1,354,355,completed,36
17408,Rigid,1403785,1403786,1404142,1,356,357,completed,36
17409,Rigid,1403786,1403790,1404146,4,356,360,completed,36
17410,Rigid,1403787,1403790,1404145,3,355,358,completed,36
17411,Rigid,1403787,1403790,1404144,3,354,357,completed,36
17412,Rigid,1403787,1403790,1404145,3,355,358,completed,36
17413,Rigid,1403787,1403790,1404147,3,357,360,completed,36
17414,Rigid,1403788,1403790,1404145,2,355,357,completed,36
17415,Rigid,1403788,1403790,1404146,2,356,358,completed,36
17416,Rigid,1403788,1403790,1404145,2,355,357,completed,36
17417,Rigid,1403789,1403790,1404147,1,357,358,completed,36
17418,Rigid,1403789,1403790,1404147,1,357,358,completed,36
17419,Rigid,1403789,1403790,1404145,1,355,356,completed,36
17420,Rigid,1403790,1403790,1404149,0,359,359,completed,36
17421,Rigid,1403790,1403794,1404148,4,354,358,completed,36
17422,Rigid,1403790,1403794,1404148,4,354,358,completed,36
17423,Rigid,1403878,1403879,1403979,1,100,101,completed,36
17424,Rigid,1404109,1404109,1404126,0,17,17,completed,72
17425,Rigid,1404144,1404144,1405959,0,1815,1815,completed,36
17426,Rigid,1404289,1404289,1405059,0,770,770,completed,36
17427,Rigid,1404291,1404293,1405385,2,1092,1094,completed,36
17428,Rigid,1404629,1404631,1405053,2,422,424,completed,144
17429,Rigid,1404901,1404901,1416728,0,11827,11827,completed,36
17430,Rigid,1405197,1405198,1405590,1,392,393,completed,144
17431,Rigid,1405535,1405535,1406637,0,1102,1102,completed,144
17432,Rigid,1405535,1405535,1406659,0,1124,1124,completed,144
17433,Rigid,1405535,1405539,1406648,4,1109,1113,completed,144
17434,Rigid,1405535,1405539,1406633,4,1094,1098,completed,144
17435,Rigid,1405535,1405539,1406655,4,1116,1120,completed,144
17436,Rigid,1405535,1405539,1406649,4,1110,1114,completed,144
17437,Rigid,1405535,1405539,1406661,4,1122,1126,completed,144
17438,Rigid,1405535,1405539,1406640,4,1101,1105,completed,144
17439,Rigid,1405536,1405539,1406633,3,1094,1097,completed,144
17440,Rigid,1405536,1405539,1406637,3,1098,1101,completed,144
17441,Rigid,1405536,1405539,1406651,3,1112,1115,completed,144
17442,Rigid,1405536,1405539,1406630,3,1091,1094,completed,144
17443,Rigid,1405536,1405539,1406639,3,1100,1103,completed,144
17444,Rigid,1405536,1405539,1406664,3,1125,1128,completed,144
17445,Rigid,1405536,1405539,1406666,3,1127,1130,completed,144
17446,Rigid,1405536,1405598,1406666,62,1068,1130,completed,144
17447,Rigid,1405538,1405549,1408530,11,2981,2992,completed,36
17448,Rigid,1405866,1406631,1410229,765,3598,4363,completed,144
17449,Rigid,1405962,1405972,1688901,10,282929,282939,completed,36
17450,Rigid,1406985,1406986,1407430,1,444,445,completed,36
17451,Rigid,1406986,1406986,1407431,0,445,445,completed,36
17452,Rigid,1406986,1406990,1407433,4,443,447,completed,36
17453,Rigid,1406987,1406990,1407434,3,444,447,completed,36
17454,Rigid,1406987,1406990,1407434,3,444,447,completed,36
17455,Rigid,1406987,1406990,1407436,3,446,449,completed,36
17456,Rigid,1406988,1406990,1407435,2,445,447,completed,36
17457,Rigid,1406988,1406990,1407438,2,448,450,completed,36
17458,Rigid,1406988,1406990,1407434,2,444,446,completed,36
17459,Rigid,1406989,1406990,1407435,1,445,446,completed,36
17460,Rigid,1406989,1406990,1407434,1,444,445,completed,36
17461,Rigid,1406989,1406990,1407436,1,446,447,completed,36
17462,Rigid,1406989,1406990,1407439,1,449,450,completed,36
17463,Rigid,1406990,1406994,1407436,4,442,446,completed,36
17464,Rigid,1406990,1406994,1407438,4,444,448,completed,36
17465,Rigid,1406990,1406994,1407437,4,443,447,completed,36
17466,Rigid,1407002,1407003,1407008,1,5,6,completed,144
17467,Rigid,1407117,1407117,1407121,0,4,4,completed,144
17468,Rigid,1407210,1407211,1407215,1,4,5,completed,144
17469,Rigid,1407307,1407307,1407311,0,4,4,completed,144
17470,Rigid,1407639,1407640,1408433,1,793,794,completed,36
17471,Rigid,1407640,1407640,1407773,0,133,133,completed,36
17472,Rigid,1407641,1407644,1408386,3,742,745,completed,36
17473,Rigid,1407642,1407644,1408644,2,1000,1002,completed,36
17474,Rigid,1408563,1408563,1409361,0,798,798,completed,9
17475,Rigid,1408728,1408729,1409810,1,1081,1082,completed,144
17476,Rigid,1408728,1408729,1409812,1,1083,1084,completed,144
17477,Rigid,1408728,1408729,1409813,1,1084,1085,completed,144
17478,Rigid,1408728,1408729,1409808,1,1079,1080,completed,144
17479,Rigid,1408728,1408729,1409803,1,1074,1075,completed,144
17480,Rigid,1408729,1408729,1409795,0,1066,1066,completed,144
17481,Rigid,1408729,1408729,1409804,0,1075,1075,completed,144
17482,Rigid,1408729,1408733,1409808,4,1075,1079,completed,144
17483,Rigid,1408729,1408733,1409818,4,1085,1089,completed,144
17484,Rigid,1408729,1408733,1409798,4,1065,1069,completed,144
17485,Rigid,1408729,1408733,1409802,4,1069,1073,completed,144
17486,Rigid,1408729,1408733,1409806,4,1073,1077,completed,144
17487,Rigid,1408729,1408733,1409805,4,1072,1076,completed,144
17488,Rigid,1408729,1408733,1409798,4,1065,1069,completed,144
17489,Rigid,1408729,1408733,1409810,4,1077,1081,completed,144
17490,Rigid,1408729,1409797,1410747,1068,950,2018,completed,144
17491,Rigid,1408959,1408965,1414240,6,5275,5281,completed,36
17492,Rigid,1409413,1409413,1411155,0,1742,1742,completed,9
17493,Rigid,1410160,1410160,1410182,0,22,22,completed,36
17494,Rigid,1410194,1410194,1410222,0,28,28,completed,36
17495,Rigid,1410326,1410326,1410495,0,169,169,completed,18
17496,Rigid,1410557,1410558,1411400,1,842,843,completed,18
17497,Rigid,1410760,1410761,1411452,1,691,692,completed,18
17498,Rigid,1411403,1411403,1411497,0,94,94,completed,1
17499,Rigid,1411551,1411551,1411708,0,157,157,completed,36
17500,Rigid,1411871,1411872,1412448,1,576,577,completed,18
17501,Rigid,1411977,1411978,1412136,1,158,159,completed,36
17502,Rigid,1412629,1412629,1413887,0,1258,1258,completed,18
17503,Rigid,1413506,1413507,1414790,1,1283,1284,completed,16
17504,Rigid,1413515,1413515,1414959,0,1444,1444,completed,16
17505,Rigid,1413544,1413544,1414886,0,1342,1342,completed,16
17506,Rigid,1413729,1413730,1415137,1,1407,1408,completed,36
17507,Rigid,1414009,1414010,1415684,1,1674,1675,completed,18
17508,Rigid,1414332,1414332,1414512,0,180,180,completed,16
17509,Rigid,1414340,1414340,1414595,0,255,255,completed,16
17510,Rigid,1414345,1414345,1414783,0,438,438,completed,16
17511,Rigid,1414702,1414702,1441742,0,27040,27040,completed,1
17512,Rigid,1414703,1414706,1444584,3,29878,29881,completed,1
17513,Rigid,1415075,1415075,1467004,0,51929,51929,completed,1
17514,Rigid,1415472,1415473,1415507,1,34,35,completed,1
17515,Rigid,1415472,1415473,1415507,1,34,35,completed,1
17516,Rigid,1415472,1415473,1415507,1,34,35,completed,1
17517,Rigid,1415472,1415473,1415507,1,34,35,completed,1
17518,Rigid,1415472,1415473,1415507,1,34,35,completed,1
17519,Rigid,1415472,1415473,1415507,1,34,35,completed,1
17520,Rigid,1415472,1415473,1415507,1,34,35,completed,1
17521,Rigid,1415472,1415473,1415507,1,34,35,completed,1
17522,Rigid,1415472,1415473,1415507,1,34,35,completed,1
17523,Rigid,1415472,1415473,1415507,1,34,35,completed,1
17524,Rigid,1415472,1415473,1415507,1,34,35,completed,1
17525,Rigid,1415472,1415473,1415507,1,34,35,completed,1
17526,Rigid,1415472,1415473,1415507,1,34,35,completed,1
17527,Rigid,1415472,1415473,1415507,1,34,35,completed,1
17528,Rigid,1415472,1415473,1415507,1,34,35,completed,1
17529,Rigid,1415472,1415473,1415507,1,34,35,completed,1
17530,Rigid,1415472,1415473,1415507,1,34,35,completed,1
17531,Rigid,1415472,1415473,1415507,1,34,35,completed,1
17532,Rigid,1415472,1415473,1415507,1,34,35,completed,1
17533,Rigid,1415472,1415473,1415507,1,34,35,completed,1
17534,Rigid,1415472,1415473,1415507,1,34,35,completed,1
17535,Rigid,1415472,1415473,1415507,1,34,35,completed,1
17536,Rigid,1415472,1415473,1415508,1,35,36,completed,1
17537,Rigid,1415472,1415473,1415507,1,34,35,completed,1
17538,Rigid,1415472,1415473,1415507,1,34,35,completed,1
17539,Rigid,1415472,1415473,1415507,1,34,35,completed,1
17540,Rigid,1415472,1415473,1415507,1,34,35,completed,1
17541,Rigid,1415472,1415473,1415507,1,34,35,completed,1
17542,Rigid,1415472,1415473,1415507,1,34,35,completed,1
17543,Rigid,1415472,1415473,1415507,1,34,35,completed,1
17544,Rigid,1415472,1415473,1415507,1,34,35,completed,1
17545,Rigid,1415472,1415473,1415507,1,34,35,completed,1
17546,Rigid,1415472,1415473,1415507,1,34,35,completed,1
17547,Rigid,1415472,1415473,1415507,1,34,35,completed,1
17548,Rigid,1415472,1415473,1415507,1,34,35,completed,1
17549,Rigid,1415472,1415473,1415507,1,34,35,completed,1
17550,Rigid,1415472,1415473,1415507,1,34,35,completed,1
17551,Rigid,1415472,1415473,1415507,1,34,35,completed,1
17552,Rigid,1415472,1415473,1415507,1,34,35,completed,1
17553,Rigid,1415472,1415473,1415507,1,34,35,completed,1
17554,Rigid,1415602,1415603,1447477,1,31874,31875,completed,144
17555,Rigid,1415697,1415698,1489960,1,74262,74263,completed,16
17556,Rigid,1415703,1415704,1503776,1,88072,88073,completed,16
17557,Rigid,1415819,1415820,1416766,1,946,947,completed,18
17558,Rigid,1415954,1415954,1737940,0,321986,321986,completed,16
17559,Rigid,1415957,1415958,1738052,1,322094,322095,completed,16
17560,Rigid,1416131,1416132,1417251,1,1119,1120,completed,18
17561,Rigid,1417226,1417227,1418305,1,1078,1079,completed,18
17562,Rigid,1417945,1417945,1418218,0,273,273,completed,36
17563,Rigid,1418089,1418089,1418218,0,129,129,completed,36
17564,Rigid,1418230,1418231,1418416,1,185,186,completed,36
17565,Rigid,1418241,1418242,1418419,1,177,178,completed,36
17566,Rigid,1418470,1418470,1421203,0,2733,2733,completed,36
17567,Rigid,1418486,1418486,1421102,0,2616,2616,completed,36
17568,Rigid,1418537,1418538,1418984,1,446,447,completed,144
17569,Rigid,1418791,1418793,1419215,2,422,424,completed,18
17570,Rigid,1419216,1419217,1420291,1,1074,1075,completed,18
17571,Rigid,1419813,1419814,1429756,1,9942,9943,completed,36
17572,Rigid,1421145,1421145,1429720,0,8575,8575,completed,36
17573,Rigid,1421924,1421925,1424559,1,2634,2635,completed,18
17574,Rigid,1423418,1423418,1475956,0,52538,52538,completed,108
17575,Rigid,1423461,1423462,1758236,1,334774,334775,completed,72
17576,Rigid,1426037,1426038,1428117,1,2079,2080,completed,18
17577,Rigid,1426665,1426665,1428297,0,1632,1632,completed,1
17578,Rigid,1426750,1426751,1427331,1,580,581,completed,18
17579,Rigid,1427986,1427986,1428293,0,307,307,completed,1
17580,Rigid,1427986,1427986,1428293,0,307,307,completed,1
17581,Rigid,1427986,1427986,1428293,0,307,307,completed,1
17582,Rigid,1427986,1427986,1428293,0,307,307,completed,1
17583,Rigid,1427986,1427986,1428293,0,307,307,completed,1
17584,Rigid,1427986,1427986,1428293,0,307,307,completed,1
17585,Rigid,1427986,1427986,1428293,0,307,307,completed,1
17586,Rigid,1427986,1427986,1428293,0,307,307,completed,1
17587,Rigid,1427986,1427986,1428293,0,307,307,completed,1
17588,Rigid,1428735,1428735,1687943,0,259208,259208,completed,1
17589,Rigid,1428763,1428763,1687973,0,259210,259210,completed,1
17590,Rigid,1428763,1428763,1687973,0,259210,259210,completed,1
17591,Rigid,1428763,1428763,1687973,0,259210,259210,completed,1
17592,Rigid,1428763,1428763,1687973,0,259210,259210,completed,1
17593,Rigid,1428763,1428763,1687973,0,259210,259210,completed,1
17594,Rigid,1428763,1428763,1687973,0,259210,259210,completed,1
17595,Rigid,1428763,1428763,1687973,0,259210,259210,completed,1
17596,Rigid,1428763,1428763,1687973,0,259210,259210,completed,1
17597,Rigid,1428763,1428763,1687973,0,259210,259210,completed,1
17598,Rigid,1428789,1428789,1428802,0,13,13,completed,1
17599,Rigid,1428789,1428789,1428802,0,13,13,completed,1
17600,Rigid,1428789,1428789,1428802,0,13,13,completed,1
17601,Rigid,1428789,1428789,1428802,0,13,13,completed,1
17602,Rigid,1428789,1428789,1428802,0,13,13,completed,1
17603,Rigid,1428789,1428789,1428802,0,13,13,completed,1
17604,Rigid,1428789,1428789,1428802,0,13,13,completed,1
17605,Rigid,1428789,1428789,1428802,0,13,13,completed,1
17606,Rigid,1428789,1428789,1428802,0,13,13,completed,1
17607,Rigid,1428789,1428789,1428802,0,13,13,completed,1
17608,Rigid,1428972,1428973,1688183,1,259210,259211,completed,1
17609,Rigid,1428972,1428973,1688183,1,259210,259211,completed,1
17610,Rigid,1428972,1428973,1688183,1,259210,259211,completed,1
17611,Rigid,1428972,1428973,1688183,1,259210,259211,completed,1
17612,Rigid,1428972,1428973,1688183,1,259210,259211,completed,1
17613,Rigid,1428972,1428973,1688183,1,259210,259211,completed,1
17614,Rigid,1428972,1428973,1688183,1,259210,259211,completed,1
17615,Rigid,1428972,1428973,1688183,1,259210,259211,completed,1
17616,Rigid,1428972,1428973,1688183,1,259210,259211,completed,1
17617,Rigid,1428972,1428973,1688183,1,259210,259211,completed,1
17618,Rigid,1431760,1431761,1432031,1,270,271,completed,1
17619,Rigid,1432232,1432233,1432368,1,135,136,completed,1
17620,Rigid,1433091,1433092,1605905,1,172813,172814,completed,144
17621,Rigid,1433103,1433104,1433232,1,128,129,completed,1
17622,Rigid,1433834,1433834,1598840,0,165006,165006,completed,144
17623,Rigid,1433981,1433981,1606805,0,172824,172824,completed,144
17624,Rigid,1434440,1434440,1435848,0,1408,1408,completed,18
17625,Rigid,1434793,1434793,1434925,0,132,132,completed,1
17626,Rigid,1435164,1435164,1437461,0,2297,2297,completed,18
17627,Rigid,1435908,1435908,1437797,0,1889,1889,completed,18
17628,Rigid,1436147,1436147,1478174,0,42027,42027,completed,144
17629,Rigid,1436233,1436234,1586484,1,150250,150251,completed,144
17630,Rigid,1436368,1436369,1436415,1,46,47,completed,1
17631,Rigid,1436744,1436744,1436813,0,69,69,completed,1
17632,Rigid,1437128,1437129,1437199,1,70,71,completed,1
17633,Rigid,1437527,1437527,1437597,0,70,70,completed,1
17634,Rigid,1437817,1437818,1437944,1,126,127,completed,1
17635,Rigid,1438302,1438303,1438435,1,132,133,completed,1
17636,Rigid,1438784,1438784,1438836,0,52,52,completed,1
17637,Rigid,1438839,1438840,1438969,1,129,130,completed,1
17638,Rigid,1439309,1439309,1439439,0,130,130,completed,1
17639,Rigid,1439523,1439523,1439590,0,67,67,completed,1
17640,Rigid,1439559,1439560,1442736,1,3176,3177,completed,18
17641,Rigid,1439628,1439629,1439758,1,129,130,completed,1
17642,Rigid,1439673,1439673,1442044,0,2371,2371,completed,18
17643,Rigid,1439985,1439986,1440120,1,134,135,completed,1
17644,Rigid,1440052,1440052,1461678,0,21626,21626,completed,18
17645,Rigid,1440165,1440166,1440240,1,74,75,completed,1
17646,Rigid,1440339,1440340,1440387,1,47,48,completed,1
17647,Rigid,1440364,1440364,1442318,0,1954,1954,completed,36
17648,Rigid,1440449,1440449,1443015,0,2566,2566,completed,36
17649,Rigid,1440523,1440523,1442827,0,2304,2304,completed,36
17650,Rigid,1440599,1440600,1443232,1,2632,2633,completed,36
17651,Rigid,1440682,1440682,1443990,0,3308,3308,completed,36
17652,Rigid,1440736,1440737,1440965,1,228,229,completed,1
17653,Rigid,1440769,1440769,1444497,0,3728,3728,completed,36
17654,Rigid,1440861,1440861,1445399,0,4538,4538,completed,36
17655,Rigid,1440953,1440954,1445614,1,4660,4661,completed,36
17656,Rigid,1440997,1440998,1441030,1,32,33,completed,1
17657,Rigid,1441089,1441089,1444153,0,3064,3064,completed,1
17658,Rigid,1441207,1441207,1441208,0,1,1,completed,1
17659,Rigid,1441228,1441228,1441229,0,1,1,completed,1
17660,Rigid,1441297,1441298,1442722,1,1424,1425,completed,1
17661,Rigid,1441343,1441343,1442726,0,1383,1383,completed,1
17662,Rigid,1446310,1446310,1461836,0,15526,15526,completed,144
17663,Rigid,1465623,1465623,1807347,0,341724,341724,completed,576
17664,Rigid,1465664,1465664,1638488,0,172824,172824,completed,576
17665,Rigid,1465711,1465712,1638518,1,172806,172807,completed,576
17666,Rigid,1465780,1465781,1811399,1,345618,345619,completed,576
17667,Rigid,1466618,1466618,1621287,0,154669,154669,completed,36
17668,Rigid,1466747,1466748,1466765,1,17,18,completed,1
17669,Rigid,1466838,1466838,1613316,0,146478,146478,completed,36
17670,Rigid,1466883,1466884,1655539,1,188655,188656,completed,36
17671,Rigid,1466932,1466933,1501203,1,34270,34271,completed,36
17672,Rigid,1466972,1466974,1685245,2,218271,218273,completed,36
17673,Rigid,1467007,1467007,1796653,0,329646,329646,completed,36
17674,Rigid,1467094,1467096,1663360,2,196264,196266,completed,36
17675,Rigid,1467230,1467231,1467674,1,443,444,completed,36
17676,Rigid,1467231,1467235,1467680,4,445,449,completed,36
17677,Rigid,1467232,1467235,1467683,3,448,451,completed,36
17678,Rigid,1467232,1467235,1467984,3,749,752,completed,36
17679,Rigid,1467233,1467235,1467682,2,447,449,completed,36
17680,Rigid,1467233,1467235,1467680,2,445,447,completed,36
17681,Rigid,1467233,1467235,1467685,2,450,452,completed,36
17682,Rigid,1467233,1467235,1467680,2,445,447,completed,36
17683,Rigid,1467234,1467235,1467679,1,444,445,completed,36
17684,Rigid,1467234,1467235,1467682,1,447,448,completed,36
17685,Rigid,1467235,1467235,1467682,0,447,447,completed,36
17686,Rigid,1467235,1467239,1467685,4,446,450,completed,36
17687,Rigid,1467235,1467239,1467682,4,443,447,completed,36
17688,Rigid,1467236,1467239,1467681,3,442,445,completed,36
17689,Rigid,1467236,1467239,1467680,3,441,444,completed,36
17690,Rigid,1467236,1467239,1467684,3,445,448,completed,36
17691,Rigid,1467650,1467651,1606960,1,139309,139310,completed,1
17692,Rigid,1467930,1467930,1495027,0,27097,27097,completed,1
17693,Rigid,1467931,1467932,1498903,1,30971,30972,completed,1
17694,Rigid,1467998,1467999,1468009,1,10,11,completed,144
17695,Rigid,1468113,1468116,1468125,3,9,12,completed,144
17696,Rigid,1468373,1468374,1468383,1,9,10,completed,144
17697,Rigid,1468395,1468395,1469181,0,786,786,completed,36
17698,Rigid,1468396,1468399,1468536,3,137,140,completed,36
17699,Rigid,1468397,1468399,1469093,2,694,696,completed,36
17700,Rigid,1468398,1468399,1469453,1,1054,1055,completed,36
17701,Rigid,1468446,1468446,1468456,0,10,10,completed,144
17702,Rigid,1468910,1468910,1687263,0,218353,218353,completed,36
17703,Rigid,1470280,1470280,1602393,0,132113,132113,completed,1
17704,Rigid,1470281,1470284,1611572,3,141288,141291,completed,1
17705,Rigid,1470281,1470284,1578144,3,107860,107863,completed,1
17706,Rigid,1470282,1470284,1565260,2,94976,94978,completed,1
17707,Rigid,1470283,1470284,1600342,1,130058,130059,completed,1
17708,Rigid,1470284,1470284,1595037,0,124753,124753,completed,1
17709,Rigid,1470284,1470288,1585458,4,115170,115174,completed,1
17710,Rigid,1470285,1470288,1605627,3,135339,135342,completed,1
17711,Rigid,1470286,1470288,1585931,2,115643,115645,completed,1
17712,Rigid,1470287,1470288,1587735,1,117447,117448,completed,1
17713,Rigid,1470287,1470288,1591269,1,120981,120982,completed,1
17714,Rigid,1470288,1470288,1590006,0,119718,119718,completed,1
17715,Rigid,1470288,1470292,1574957,4,104665,104669,completed,1
17716,Rigid,1470289,1470292,1591742,3,121450,121453,completed,1
17717,Rigid,1470290,1470292,1583130,2,112838,112840,completed,1
17718,Rigid,1470290,1470292,1589319,2,119027,119029,completed,1
17719,Rigid,1470291,1470292,1563346,1,93054,93055,completed,1
17720,Rigid,1470292,1470292,1568831,0,98539,98539,completed,1
17721,Rigid,1470298,1470298,1600391,0,130093,130093,completed,1
17722,Rigid,1470752,1470752,1476709,0,5957,5957,completed,18
17723,Rigid,1470819,1470819,1470824,0,5,5,completed,36
17724,Rigid,1470853,1470854,1473848,1,2994,2995,completed,36
17725,Rigid,1470946,1470947,1471076,1,129,130,completed,36
17726,Rigid,1470968,1470968,1473662,0,2694,2694,completed,36
17727,Rigid,1471110,1471111,1472189,1,1078,1079,completed,36
17728,Rigid,1471195,1471196,1472497,1,1301,1302,completed,36
17729,Rigid,1471271,1471271,1472361,0,1090,1090,completed,36
17730,Rigid,1471289,1471289,1471365,0,76,76,completed,72
17731,Rigid,1471341,1471341,1475930,0,4589,4589,completed,36
17732,Rigid,1471350,1471351,1472507,1,1156,1157,completed,36
17733,Rigid,1471437,1471437,1472751,0,1314,1314,completed,36
17734,Rigid,1471524,1471525,1472884,1,1359,1360,completed,36
17735,Rigid,1471617,1471618,1473128,1,1510,1511,completed,36
17736,Rigid,1471707,1471708,1773134,1,301426,301427,completed,36
17737,Rigid,1471711,1471712,1473266,1,1554,1555,completed,36
17738,Rigid,1472164,1472165,1472182,1,17,18,completed,2
17739,Rigid,1472164,1472165,1472182,1,17,18,completed,2
17740,Rigid,1472164,1472165,1472207,1,42,43,completed,2
17741,Rigid,1472165,1472165,1472204,0,39,39,completed,2
17742,Rigid,1472165,1472165,1472214,0,49,49,completed,2
17743,Rigid,1472165,1472165,1472209,0,44,44,completed,2
17744,Rigid,1472165,1472165,1472209,0,44,44,completed,2
17745,Rigid,1472165,1472165,1472175,0,10,10,completed,2
17746,Rigid,1472165,1472165,1472202,0,37,37,completed,2
17747,Rigid,1472165,1472165,1472182,0,17,17,completed,2
17748,Rigid,1472165,1472165,1472206,0,41,41,completed,2
17749,Rigid,1472165,1472165,1472212,0,47,47,completed,2
17750,Rigid,1472165,1472169,1472207,4,38,42,completed,2
17751,Rigid,1472165,1472169,1472176,4,7,11,completed,2
17752,Rigid,1472165,1472169,1472182,4,13,17,completed,2
17753,Rigid,1472165,1472169,1472204,4,35,39,completed,2
17754,Rigid,1472166,1472169,1472207,3,38,41,completed,2
17755,Rigid,1472166,1472169,1472210,3,41,44,completed,2
17756,Rigid,1472166,1472169,1472204,3,35,38,completed,2
17757,Rigid,1472166,1472169,1472177,3,8,11,completed,2
17758,Rigid,1472166,1472169,1472183,3,14,17,completed,2
17759,Rigid,1472166,1472169,1472201,3,32,35,completed,2
17760,Rigid,1472166,1472169,1472206,3,37,40,completed,2
17761,Rigid,1472166,1472169,1472214,3,45,48,completed,2
17762,Rigid,1472166,1472169,1472202,3,33,36,completed,2
17763,Rigid,1472166,1472169,1472177,3,8,11,completed,2
17764,Rigid,1472166,1472169,1472183,3,14,17,completed,2
17765,Rigid,1472166,1472169,1472208,3,39,42,completed,2
17766,Rigid,1472166,1472169,1472203,3,34,37,completed,2
17767,Rigid,1472166,1472169,1472214,3,45,48,completed,2
17768,Rigid,1472166,1472169,1472210,3,41,44,completed,2
17769,Rigid,1472167,1472169,1472177,2,8,10,completed,2
17770,Rigid,1472167,1472169,1472201,2,32,34,completed,2
17771,Rigid,1472167,1472169,1472183,2,14,16,completed,2
17772,Rigid,1472167,1472169,1472206,2,37,39,completed,2
17773,Rigid,1472167,1472169,1472212,2,43,45,completed,2
17774,Rigid,1472167,1472169,1472209,2,40,42,completed,2
17775,Rigid,1472167,1472169,1472177,2,8,10,completed,2
17776,Rigid,1472167,1472169,1472207,2,38,40,completed,2
17777,Rigid,1472167,1472169,1472183,2,14,16,completed,2
17778,Rigid,1472167,1472169,1472203,2,34,36,completed,2
17779,Rigid,1472168,1472169,1472208,1,39,40,completed,2
17780,Rigid,1472168,1472169,1472206,1,37,38,completed,2
17781,Rigid,1472168,1472169,1472177,1,8,9,completed,2
17782,Rigid,1472168,1472169,1472202,1,33,34,completed,2
17783,Rigid,1472168,1472169,1472183,1,14,15,completed,2
17784,Rigid,1472168,1472169,1472207,1,38,39,completed,2
17785,Rigid,1472168,1472169,1472183,1,14,15,completed,2
17786,Rigid,1472168,1472169,1472206,1,37,38,completed,2
17787,Rigid,1472168,1472169,1472208,1,39,40,completed,2
17788,Rigid,1472168,1472169,1472203,1,34,35,completed,2
17789,Rigid,1472168,1472169,1472177,1,8,9,completed,2
17790,Rigid,1472168,1472169,1472183,1,14,15,completed,2
17791,Rigid,1472168,1472169,1472183,1,14,15,completed,2
17792,Rigid,1472168,1472169,1472206,1,37,38,completed,2
17793,Rigid,1472168,1472169,1472209,1,40,41,completed,2
17794,Rigid,1472168,1472169,1472204,1,35,36,completed,2
17795,Rigid,1472168,1472169,1472207,1,38,39,completed,2
17796,Rigid,1472168,1472169,1472210,1,41,42,completed,2
17797,Rigid,1472168,1472169,1472179,1,10,11,completed,2
17798,Rigid,1472169,1472169,1472177,0,8,8,completed,2
17799,Rigid,1472169,1472169,1472183,0,14,14,completed,2
17800,Rigid,1472169,1472169,1472183,0,14,14,completed,2
17801,Rigid,1472169,1472169,1472204,0,35,35,completed,2
17802,Rigid,1472169,1472169,1472207,0,38,38,completed,2
17803,Rigid,1472169,1472169,1472201,0,32,32,completed,2
17804,Rigid,1472169,1472169,1472205,0,36,36,completed,2
17805,Rigid,1472169,1472169,1472209,0,40,40,completed,2
17806,Rigid,1472169,1472169,1472177,0,8,8,completed,2
17807,Rigid,1472169,1472169,1472183,0,14,14,completed,2
17808,Rigid,1472169,1472169,1472201,0,32,32,completed,2
17809,Rigid,1472169,1472169,1472205,0,36,36,completed,2
17810,Rigid,1472169,1472169,1472207,0,38,38,completed,2
17811,Rigid,1472169,1472169,1472202,0,33,33,completed,2
17812,Rigid,1472169,1472169,1472206,0,37,37,completed,2
17813,Rigid,1472169,1472169,1472176,0,7,7,completed,2
17814,Rigid,1472169,1472169,1472176,0,7,7,completed,2
17815,Rigid,1472169,1472173,1472182,4,9,13,completed,2
17816,Rigid,1472169,1472173,1472207,4,34,38,completed,2
17817,Rigid,1472170,1472173,1472202,3,29,32,completed,2
17818,Rigid,1472170,1472173,1472206,3,33,36,completed,2
17819,Rigid,1472170,1472173,1472210,3,37,40,completed,2
17820,Rigid,1472170,1472173,1472204,3,31,34,completed,2
17821,Rigid,1472170,1472173,1472180,3,7,10,completed,2
17822,Rigid,1472170,1472173,1472182,3,9,12,completed,2
17823,Rigid,1472170,1472173,1472206,3,33,36,completed,2
17824,Rigid,1472170,1472173,1472207,3,34,37,completed,2
17825,Rigid,1472171,1472173,1472204,2,31,33,completed,2
17826,Rigid,1472171,1472173,1472207,2,34,36,completed,2
17827,Rigid,1472171,1472173,1472215,2,42,44,completed,2
17828,Rigid,1472171,1472173,1472181,2,8,10,completed,2
17829,Rigid,1472171,1472173,1472183,2,10,12,completed,2
17830,Rigid,1472171,1472173,1472203,2,30,32,completed,2
17831,Rigid,1472171,1472173,1472206,2,33,35,completed,2
17832,Rigid,1472171,1472173,1472201,2,28,30,completed,2
17833,Rigid,1472171,1472173,1472204,2,31,33,completed,2
17834,Rigid,1472171,1472173,1472213,2,40,42,completed,2
17835,Rigid,1472171,1472173,1472181,2,8,10,completed,2
17836,Rigid,1472171,1472173,1472181,2,8,10,completed,2
17837,Rigid,1472171,1472173,1472183,2,10,12,completed,2
17838,Rigid,1472171,1472173,1472201,2,28,30,completed,2
17839,Rigid,1472171,1472173,1472203,2,30,32,completed,2
17840,Rigid,1472171,1472173,1472215,2,42,44,completed,2
17841,Rigid,1472171,1472173,1472202,2,29,31,completed,2
17842,Rigid,1472171,1472173,1472211,2,38,40,completed,2
17843,Rigid,1472171,1472173,1472181,2,8,10,completed,2
17844,Rigid,1472172,1472173,1472183,1,10,11,completed,2
17845,Rigid,1472172,1472173,1472201,1,28,29,completed,2
17846,Rigid,1472172,1472173,1472181,1,8,9,completed,2
17847,Rigid,1472172,1472173,1472183,1,10,11,completed,2
17848,Rigid,1472172,1472173,1472206,1,33,34,completed,2
17849,Rigid,1472172,1472173,1472182,1,9,10,completed,2
17850,Rigid,1472172,1472173,1472206,1,33,34,completed,2
17851,Rigid,1472172,1472173,1472181,1,8,9,completed,2
17852,Rigid,1472172,1472173,1472183,1,10,11,completed,2
17853,Rigid,1472172,1472173,1472203,1,30,31,completed,2
17854,Rigid,1472172,1472173,1472183,1,10,11,completed,2
17855,Rigid,1472172,1472173,1472201,1,28,29,completed,2
17856,Rigid,1472172,1472173,1472181,1,8,9,completed,2
17857,Rigid,1472172,1472173,1472183,1,10,11,completed,2
17858,Rigid,1472172,1472173,1472206,1,33,34,completed,2
17859,Rigid,1472172,1472173,1472197,1,24,25,completed,2
17860,Rigid,1472172,1472173,1472183,1,10,11,completed,2
17861,Rigid,1472172,1472173,1472206,1,33,34,completed,2
17862,Rigid,1472172,1472173,1472181,1,8,9,completed,2
17863,Rigid,1472172,1472173,1472182,1,9,10,completed,2
17864,Rigid,1472172,1472173,1472203,1,30,31,completed,2
17865,Rigid,1472172,1472173,1472183,1,10,11,completed,2
17866,Rigid,1472172,1472173,1472201,1,28,29,completed,2
17867,Rigid,1472172,1472173,1472183,1,10,11,completed,2
17868,Rigid,1472173,1472173,1472207,0,34,34,completed,2
17869,Rigid,1472173,1472173,1472183,0,10,10,completed,2
17870,Rigid,1472173,1472173,1472206,0,33,33,completed,2
17871,Rigid,1472173,1472173,1472183,0,10,10,completed,2
17872,Rigid,1472173,1472173,1472203,0,30,30,completed,2
17873,Rigid,1472173,1472173,1472183,0,10,10,completed,2
17874,Rigid,1472173,1472173,1472201,0,28,28,completed,2
17875,Rigid,1472173,1472173,1472182,0,9,9,completed,2
17876,Rigid,1472173,1472173,1472183,0,10,10,completed,2
17877,Rigid,1472173,1472173,1472207,0,34,34,completed,2
17878,Rigid,1472173,1472173,1472183,0,10,10,completed,2
17879,Rigid,1472173,1472173,1472182,0,9,9,completed,2
17880,Rigid,1472173,1472173,1472206,0,33,33,completed,2
17881,Rigid,1472177,1472178,1472185,1,7,8,completed,2
17882,Rigid,1472177,1472178,1472184,1,6,7,completed,2
17883,Rigid,1472178,1472179,1472185,1,6,7,completed,2
17884,Rigid,1472179,1472181,1472187,2,6,8,completed,2
17885,Rigid,1472179,1472181,1472187,2,6,8,completed,2
17886,Rigid,1472180,1472181,1472187,1,6,7,completed,2
17887,Rigid,1472180,1472181,1472187,1,6,7,completed,2
17888,Rigid,1472181,1472182,1472188,1,6,7,completed,2
17889,Rigid,1472181,1472182,1472188,1,6,7,completed,2
17890,Rigid,1472182,1472183,1472190,1,7,8,completed,2
17891,Rigid,1472183,1472183,1472190,0,7,7,completed,2
17892,Rigid,1472184,1472184,1472190,0,6,6,completed,2
17893,Rigid,1472184,1472184,1472190,0,6,6,completed,2
17894,Rigid,1472184,1472186,1472192,2,6,8,completed,2
17895,Rigid,1472185,1472186,1472192,1,6,7,completed,2
17896,Rigid,1472185,1472186,1472192,1,6,7,completed,2
17897,Rigid,1472185,1472186,1472192,1,6,7,completed,2
17898,Rigid,1472186,1472188,1472194,2,6,8,completed,2
17899,Rigid,1472201,1472201,1472207,0,6,6,completed,2
17900,Rigid,1472202,1472203,1472208,1,5,6,completed,2
17901,Rigid,1472202,1472203,1472208,1,5,6,completed,2
17902,Rigid,1472203,1472203,1472208,0,5,5,completed,2
17903,Rigid,1472225,1472226,1472232,1,6,7,completed,2
17904,Rigid,1472235,1472236,1472248,1,12,13,completed,2
17905,Rigid,1472273,1472273,1472294,0,21,21,completed,2
17906,Rigid,1472273,1472273,1472321,0,48,48,completed,2
17907,Rigid,1472273,1472273,1472278,0,5,5,completed,2
17908,Rigid,1472273,1472273,1472278,0,5,5,completed,2
17909,Rigid,1472273,1472273,1472278,0,5,5,completed,2
17910,Rigid,1472273,1472273,1472278,0,5,5,completed,2
17911,Rigid,1472273,1472273,1472278,0,5,5,completed,2
17912,Rigid,1472273,1472273,1472278,0,5,5,completed,2
17913,Rigid,1472273,1472273,1472278,0,5,5,completed,2
17914,Rigid,1472273,1472273,1472314,0,41,41,completed,2
17915,Rigid,1472273,1472273,1472295,0,22,22,completed,2
17916,Rigid,1472273,1472273,1472278,0,5,5,completed,2
17917,Rigid,1472273,1472277,1472283,4,6,10,completed,2
17918,Rigid,1472273,1472277,1472283,4,6,10,completed,2
17919,Rigid,1472273,1472277,1472283,4,6,10,completed,2
17920,Rigid,1472273,1472277,1472283,4,6,10,completed,2
17921,Rigid,1472274,1472277,1472325,3,48,51,completed,2
17922,Rigid,1472274,1472277,1472319,3,42,45,completed,2
17923,Rigid,1472274,1472277,1472318,3,41,44,completed,2
17924,Rigid,1472274,1472277,1472283,3,6,9,completed,2
17925,Rigid,1472274,1472277,1472283,3,6,9,completed,2
17926,Rigid,1472274,1472277,1472283,3,6,9,completed,2
17927,Rigid,1472274,1472277,1472283,3,6,9,completed,2
17928,Rigid,1472274,1472277,1472283,3,6,9,completed,2
17929,Rigid,1472274,1472277,1472283,3,6,9,completed,2
17930,Rigid,1472274,1472277,1472316,3,39,42,completed,2
17931,Rigid,1472274,1472277,1472317,3,40,43,completed,2
17932,Rigid,1472274,1472277,1472306,3,29,32,completed,2
17933,Rigid,1472274,1472277,1472283,3,6,9,completed,2
17934,Rigid,1472274,1472277,1472283,3,6,9,completed,2
17935,Rigid,1472274,1472277,1472283,3,6,9,completed,2
17936,Rigid,1472275,1472277,1472283,2,6,8,completed,2
17937,Rigid,1472275,1472277,1472283,2,6,8,completed,2
17938,Rigid,1472275,1472277,1472314,2,37,39,completed,2
17939,Rigid,1472275,1472277,1472291,2,14,16,completed,2
17940,Rigid,1472275,1472277,1472320,2,43,45,completed,2
17941,Rigid,1472275,1472277,1472283,2,6,8,completed,2
17942,Rigid,1472275,1472277,1472283,2,6,8,completed,2
17943,Rigid,1472275,1472277,1472283,2,6,8,completed,2
17944,Rigid,1472276,1472277,1472283,1,6,7,completed,2
17945,Rigid,1472276,1472277,1472283,1,6,7,completed,2
17946,Rigid,1472276,1472277,1472306,1,29,30,completed,2
17947,Rigid,1472276,1472277,1472310,1,33,34,completed,2
17948,Rigid,1472276,1472277,1472299,1,22,23,completed,2
17949,Rigid,1472276,1472277,1472283,1,6,7,completed,2
17950,Rigid,1472276,1472277,1472283,1,6,7,completed,2
17951,Rigid,1472276,1472277,1472283,1,6,7,completed,2
17952,Rigid,1472276,1472277,1472283,1,6,7,completed,2
17953,Rigid,1472276,1472277,1472283,1,6,7,completed,2
17954,Rigid,1472277,1472277,1472293,0,16,16,completed,2
17955,Rigid,1472277,1472277,1472293,0,16,16,completed,2
17956,Rigid,1472277,1472277,1472311,0,34,34,completed,2
17957,Rigid,1472277,1472277,1472283,0,6,6,completed,2
17958,Rigid,1472277,1472277,1472283,0,6,6,completed,2
17959,Rigid,1472277,1472277,1472283,0,6,6,completed,2
17960,Rigid,1472277,1472277,1472283,0,6,6,completed,2
17961,Rigid,1472277,1472277,1472283,0,6,6,completed,2
17962,Rigid,1472277,1472277,1472292,0,15,15,completed,2
17963,Rigid,1472277,1472277,1472294,0,17,17,completed,2
17964,Rigid,1472277,1472280,1472315,3,35,38,completed,2
17965,Rigid,1472278,1472280,1472298,2,18,20,completed,2
17966,Rigid,1472278,1472280,1472298,2,18,20,completed,2
17967,Rigid,1472278,1472280,1472298,2,18,20,completed,2
17968,Rigid,1472278,1472280,1472298,2,18,20,completed,2
17969,Rigid,1472278,1472280,1472298,2,18,20,completed,2
17970,Rigid,1472278,1472280,1472314,2,34,36,completed,2
17971,Rigid,1472278,1472280,1472320,2,40,42,completed,2
17972,Rigid,1472278,1472280,1472317,2,37,39,completed,2
17973,Rigid,1472278,1472280,1472298,2,18,20,completed,2
17974,Rigid,1472278,1472280,1472298,2,18,20,completed,2
17975,Rigid,1472278,1472280,1472298,2,18,20,completed,2
17976,Rigid,1472278,1472280,1472298,2,18,20,completed,2
17977,Rigid,1472278,1472280,1472325,2,45,47,completed,2
17978,Rigid,1472279,1472280,1472334,1,54,55,completed,2
17979,Rigid,1472279,1472280,1472333,1,53,54,completed,2
17980,Rigid,1472279,1472280,1472298,1,18,19,completed,2
17981,Rigid,1472279,1472280,1472298,1,18,19,completed,2
17982,Rigid,1472279,1472280,1472298,1,18,19,completed,2
17983,Rigid,1472279,1472280,1472298,1,18,19,completed,2
17984,Rigid,1472279,1472280,1472325,1,45,46,completed,2
17985,Rigid,1472279,1472280,1472333,1,53,54,completed,2
17986,Rigid,1472279,1472280,1472322,1,42,43,completed,2
17987,Rigid,1472279,1472280,1472298,1,18,19,completed,2
17988,Rigid,1472279,1472280,1472298,1,18,19,completed,2
17989,Rigid,1472279,1472280,1472298,1,18,19,completed,2
17990,Rigid,1472279,1472280,1472298,1,18,19,completed,2
17991,Rigid,1472279,1472280,1472332,1,52,53,completed,2
17992,Rigid,1472279,1472280,1472334,1,54,55,completed,2
17993,Rigid,1472279,1472280,1472329,1,49,50,completed,2
17994,Rigid,1472279,1472280,1472298,1,18,19,completed,2
17995,Rigid,1472279,1472280,1472298,1,18,19,completed,2
17996,Rigid,1472279,1472280,1472298,1,18,19,completed,2
17997,Rigid,1472279,1472280,1472298,1,18,19,completed,2
17998,Rigid,1472279,1472280,1472298,1,18,19,completed,2
17999,Rigid,1472279,1472280,1472298,1,18,19,completed,2
18000,Rigid,1472280,1472280,1472298,0,18,18,completed,2
18001,Rigid,1472280,1472280,1472314,0,34,34,completed,2
18002,Rigid,1472280,1472280,1472327,0,47,47,completed,2
18003,Rigid,1472280,1472282,1472322,2,40,42,completed,2
18004,Rigid,1472280,1472282,1472298,2,16,18,completed,2
18005,Rigid,1472280,1472282,1472298,2,16,18,completed,2
18006,Rigid,1472280,1472282,1472298,2,16,18,completed,2
18007,Rigid,1472280,1472282,1472298,2,16,18,completed,2
18008,Rigid,1472281,1472282,1472298,1,16,17,completed,2
18009,Rigid,1472281,1472282,1472323,1,41,42,completed,2
18010,Rigid,1472281,1472282,1472307,1,25,26,completed,2
18011,Rigid,1472281,1472282,1472333,1,51,52,completed,2
18012,Rigid,1472281,1472282,1472298,1,16,17,completed,2
18013,Rigid,1472281,1472282,1472298,1,16,17,completed,2
18014,Rigid,1472281,1472282,1472331,1,49,50,completed,2
18015,Rigid,1472281,1472282,1472329,1,47,48,completed,2
18016,Rigid,1472281,1472282,1472320,1,38,39,completed,2
18017,Rigid,1472281,1472282,1472298,1,16,17,completed,2
18018,Rigid,1472281,1472282,1472298,1,16,17,completed,2
18019,Rigid,1472281,1472282,1472298,1,16,17,completed,2
18020,Rigid,1472281,1472282,1472326,1,44,45,completed,2
18021,Rigid,1472281,1472282,1472298,1,16,17,completed,2
18022,Rigid,1472281,1472282,1472298,1,16,17,completed,2
18023,Rigid,1472282,1472282,1472298,0,16,16,completed,2
18024,Rigid,1472282,1472282,1472298,0,16,16,completed,2
18025,Rigid,1472282,1472282,1472308,0,26,26,completed,2
18026,Rigid,1472282,1472282,1472298,0,16,16,completed,2
18027,Rigid,1472282,1472282,1472298,0,16,16,completed,2
18028,Rigid,1472282,1472284,1472298,2,14,16,completed,2
18029,Rigid,1472282,1472284,1472298,2,14,16,completed,2
18030,Rigid,1472282,1472284,1472298,2,14,16,completed,2
18031,Rigid,1472282,1472284,1472314,2,30,32,completed,2
18032,Rigid,1472282,1472284,1472298,2,14,16,completed,2
18033,Rigid,1472282,1472284,1472298,2,14,16,completed,2
18034,Rigid,1472282,1472284,1472298,2,14,16,completed,2
18035,Rigid,1472282,1472284,1472301,2,17,19,completed,2
18036,Rigid,1472282,1472284,1472309,2,25,27,completed,2
18037,Rigid,1472282,1472284,1472298,2,14,16,completed,2
18038,Rigid,1472282,1472284,1472298,2,14,16,completed,2
18039,Rigid,1472283,1472284,1472298,1,14,15,completed,2
18040,Rigid,1472283,1472284,1472298,1,14,15,completed,2
18041,Rigid,1472283,1472284,1472304,1,20,21,completed,2
18042,Rigid,1472283,1472284,1472298,1,14,15,completed,2
18043,Rigid,1472284,1472284,1472298,0,14,14,completed,2
18044,Rigid,1472284,1472284,1472298,0,14,14,completed,2
18045,Rigid,1472284,1472284,1472298,0,14,14,completed,2
18046,Rigid,1472284,1472284,1472298,0,14,14,completed,2
18047,Rigid,1472284,1472284,1472298,0,14,14,completed,2
18048,Rigid,1472284,1472284,1472298,0,14,14,completed,2
18049,Rigid,1472284,1472284,1472298,0,14,14,completed,2
18050,Rigid,1472284,1472285,1472298,1,13,14,completed,2
18051,Rigid,1472285,1472285,1472298,0,13,13,completed,2
18052,Rigid,1472285,1472285,1472298,0,13,13,completed,2
18053,Rigid,1472285,1472285,1472298,0,13,13,completed,2
18054,Rigid,1472285,1472289,1472298,4,9,13,completed,2
18055,Rigid,1472285,1472289,1472298,4,9,13,completed,2
18056,Rigid,1472285,1472289,1472298,4,9,13,completed,2
18057,Rigid,1472285,1472289,1472298,4,9,13,completed,2
18058,Rigid,1472285,1472289,1472298,4,9,13,completed,2
18059,Rigid,1472285,1472289,1472298,4,9,13,completed,2
18060,Rigid,1472285,1472289,1472298,4,9,13,completed,2
18061,Rigid,1472285,1472289,1472298,4,9,13,completed,2
18062,Rigid,1472286,1472289,1472298,3,9,12,completed,2
18063,Rigid,1472286,1472289,1472298,3,9,12,completed,2
18064,Rigid,1472286,1472289,1472297,3,8,11,completed,2
18065,Rigid,1472286,1472289,1472297,3,8,11,completed,2
18066,Rigid,1472286,1472289,1472297,3,8,11,completed,2
18067,Rigid,1472286,1472289,1472297,3,8,11,completed,2
18068,Rigid,1472286,1472289,1472297,3,8,11,completed,2
18069,Rigid,1472286,1472289,1472297,3,8,11,completed,2
18070,Rigid,1472286,1472289,1472298,3,9,12,completed,2
18071,Rigid,1472286,1472289,1472297,3,8,11,completed,2
18072,Rigid,1472286,1472289,1472297,3,8,11,completed,2
18073,Rigid,1472286,1472289,1472298,3,9,12,completed,2
18074,Rigid,1472286,1472290,1472297,4,7,11,completed,2
18075,Rigid,1472286,1472290,1472298,4,8,12,completed,2
18076,Rigid,1472286,1472290,1472298,4,8,12,completed,2
18077,Rigid,1472286,1472290,1472298,4,8,12,completed,2
18078,Rigid,1472286,1472290,1472298,4,8,12,completed,2
18079,Rigid,1472287,1472290,1472298,3,8,11,completed,2
18080,Rigid,1472287,1472290,1472298,3,8,11,completed,2
18081,Rigid,1472287,1472290,1472298,3,8,11,completed,2
18082,Rigid,1472287,1472290,1472298,3,8,11,completed,2
18083,Rigid,1472287,1472290,1472298,3,8,11,completed,2
18084,Rigid,1472287,1472290,1472298,3,8,11,completed,2
18085,Rigid,1472287,1472290,1472298,3,8,11,completed,2
18086,Rigid,1472287,1472290,1472298,3,8,11,completed,2
18087,Rigid,1472287,1472290,1472298,3,8,11,completed,2
18088,Rigid,1472287,1472290,1472298,3,8,11,completed,2
18089,Rigid,1472287,1472290,1472298,3,8,11,completed,2
18090,Rigid,1472287,1472290,1472298,3,8,11,completed,2
18091,Rigid,1472288,1472290,1472298,2,8,10,completed,2
18092,Rigid,1472288,1472290,1472298,2,8,10,completed,2
18093,Rigid,1472288,1472290,1472298,2,8,10,completed,2
18094,Rigid,1472288,1472290,1472298,2,8,10,completed,2
18095,Rigid,1472288,1472290,1472298,2,8,10,completed,2
18096,Rigid,1472288,1472290,1472298,2,8,10,completed,2
18097,Rigid,1472288,1472290,1472298,2,8,10,completed,2
18098,Rigid,1472288,1472290,1472298,2,8,10,completed,2
18099,Rigid,1472288,1472290,1472298,2,8,10,completed,2
18100,Rigid,1472288,1472290,1472298,2,8,10,completed,2
18101,Rigid,1472288,1472290,1472298,2,8,10,completed,2
18102,Rigid,1472288,1472290,1472298,2,8,10,completed,2
18103,Rigid,1472288,1472290,1472298,2,8,10,completed,2
18104,Rigid,1472288,1472290,1472298,2,8,10,completed,2
18105,Rigid,1472289,1472290,1472297,1,7,8,completed,2
18106,Rigid,1472289,1472290,1472297,1,7,8,completed,2
18107,Rigid,1472289,1472290,1472297,1,7,8,completed,2
18108,Rigid,1472289,1472290,1472297,1,7,8,completed,2
18109,Rigid,1472289,1472290,1472297,1,7,8,completed,2
18110,Rigid,1472289,1472290,1472297,1,7,8,completed,2
18111,Rigid,1472289,1472290,1472297,1,7,8,completed,2
18112,Rigid,1472290,1472293,1472297,3,4,7,completed,2
18113,Rigid,1472290,1472293,1472297,3,4,7,completed,2
18114,Rigid,1472290,1472293,1472297,3,4,7,completed,2
18115,Rigid,1472290,1472293,1472297,3,4,7,completed,2
18116,Rigid,1472290,1472293,1472297,3,4,7,completed,2
18117,Rigid,1472290,1472293,1472297,3,4,7,completed,2
18118,Rigid,1472290,1472293,1472297,3,4,7,completed,2
18119,Rigid,1472293,1472293,1472308,0,15,15,completed,2
18120,Rigid,1472293,1472293,1472298,0,5,5,completed,2
18121,Rigid,1472293,1472293,1472298,0,5,5,completed,2
18122,Rigid,1472293,1472293,1472297,0,4,4,completed,2
18123,Rigid,1472293,1472293,1472297,0,4,4,completed,2
18124,Rigid,1472293,1472293,1472297,0,4,4,completed,2
18125,Rigid,1472293,1472294,1472308,1,14,15,completed,2
18126,Rigid,1472294,1472295,1472308,1,13,14,completed,2
18127,Rigid,1472294,1472295,1472308,1,13,14,completed,2
18128,Rigid,1472295,1472295,1472308,0,13,13,completed,2
18129,Rigid,1472295,1472295,1472308,0,13,13,completed,2
18130,Rigid,1472295,1472296,1472308,1,12,13,completed,2
18131,Rigid,1472295,1472296,1472308,1,12,13,completed,2
18132,Rigid,1472295,1472296,1472308,1,12,13,completed,2
18133,Rigid,1472296,1472296,1472308,0,12,12,completed,2
18134,Rigid,1472296,1472296,1472308,0,12,12,completed,2
18135,Rigid,1472296,1472296,1472308,0,12,12,completed,2
18136,Rigid,1472296,1472296,1472308,0,12,12,completed,2
18137,Rigid,1472296,1472296,1472308,0,12,12,completed,2
18138,Rigid,1472296,1472296,1472308,0,12,12,completed,2
18139,Rigid,1472296,1472296,1472308,0,12,12,completed,2
18140,Rigid,1472296,1472296,1472308,0,12,12,completed,2
18141,Rigid,1472296,1472296,1472308,0,12,12,completed,2
18142,Rigid,1472296,1472296,1472308,0,12,12,completed,2
18143,Rigid,1472296,1472297,1472308,1,11,12,completed,2
18144,Rigid,1472298,1472299,1472314,1,15,16,completed,2
18145,Rigid,1472299,1472299,1472314,0,15,15,completed,2
18146,Rigid,1472299,1472299,1472314,0,15,15,completed,2
18147,Rigid,1472299,1472299,1472314,0,15,15,completed,2
18148,Rigid,1472300,1472300,1472314,0,14,14,completed,2
18149,Rigid,1472300,1472300,1472314,0,14,14,completed,2
18150,Rigid,1472300,1472300,1472314,0,14,14,completed,2
18151,Rigid,1472300,1472300,1472314,0,14,14,completed,2
18152,Rigid,1472300,1472300,1472314,0,14,14,completed,2
18153,Rigid,1472300,1472300,1472314,0,14,14,completed,2
18154,Rigid,1472300,1472300,1472314,0,14,14,completed,2
18155,Rigid,1472301,1472301,1472314,0,13,13,completed,2
18156,Rigid,1472301,1472301,1472314,0,13,13,completed,2
18157,Rigid,1472301,1472302,1472314,1,12,13,completed,2
18158,Rigid,1472301,1472302,1472314,1,12,13,completed,2
18159,Rigid,1472301,1472302,1472314,1,12,13,completed,2
18160,Rigid,1472301,1472302,1472314,1,12,13,completed,2
18161,Rigid,1472301,1472302,1472314,1,12,13,completed,2
18162,Rigid,1472301,1472302,1472314,1,12,13,completed,2
18163,Rigid,1472301,1472302,1472314,1,12,13,completed,2
18164,Rigid,1472302,1472302,1472314,0,12,12,completed,2
18165,Rigid,1472302,1472302,1472314,0,12,12,completed,2
18166,Rigid,1472302,1472302,1472314,0,12,12,completed,2
18167,Rigid,1472302,1472302,1472314,0,12,12,completed,2
18168,Rigid,1472302,1472302,1472314,0,12,12,completed,2
18169,Rigid,1472302,1472302,1472314,0,12,12,completed,2
18170,Rigid,1472302,1472302,1472314,0,12,12,completed,2
18171,Rigid,1472302,1472305,1472314,3,9,12,completed,2
18172,Rigid,1472303,1472305,1472314,2,9,11,completed,2
18173,Rigid,1472303,1472305,1472314,2,9,11,completed,2
18174,Rigid,1472303,1472305,1472314,2,9,11,completed,2
18175,Rigid,1472303,1472305,1472314,2,9,11,completed,2
18176,Rigid,1472303,1472305,1472314,2,9,11,completed,2
18177,Rigid,1472572,1472572,1561227,0,88655,88655,completed,1
18178,Rigid,1472605,1472606,1472742,1,136,137,completed,144
18179,Rigid,1473176,1473177,1473194,1,17,18,completed,1
18180,Rigid,1473438,1473438,1473454,0,16,16,completed,1
18181,Rigid,1473438,1473438,1473453,0,15,15,completed,1
18182,Rigid,1473438,1473438,1473454,0,16,16,completed,1
18183,Rigid,1473438,1473438,1473453,0,15,15,completed,1
18184,Rigid,1473438,1473438,1473454,0,16,16,completed,1
18185,Rigid,1473438,1473438,1473454,0,16,16,completed,1
18186,Rigid,1473438,1473438,1473456,0,18,18,completed,1
18187,Rigid,1473438,1473438,1473457,0,19,19,completed,1
18188,Rigid,1473438,1473438,1473454,0,16,16,completed,1
18189,Rigid,1473438,1473438,1473454,0,16,16,completed,1
18190,Rigid,1473438,1473438,1473454,0,16,16,completed,1
18191,Rigid,1473438,1473438,1473454,0,16,16,completed,1
18192,Rigid,1473438,1473438,1473454,0,16,16,completed,1
18193,Rigid,1473438,1473438,1473454,0,16,16,completed,1
18194,Rigid,1473438,1473438,1473454,0,16,16,completed,1
18195,Rigid,1473438,1473438,1473454,0,16,16,completed,1
18196,Rigid,1473438,1473438,1473454,0,16,16,completed,1
18197,Rigid,1473438,1473438,1473454,0,16,16,completed,1
18198,Rigid,1473438,1473438,1473454,0,16,16,completed,1
18199,Rigid,1473438,1473438,1473454,0,16,16,completed,1
18200,Rigid,1473438,1473438,1473454,0,16,16,completed,1
18201,Rigid,1473438,1473438,1473454,0,16,16,completed,1
18202,Rigid,1473438,1473438,1473454,0,16,16,completed,1
18203,Rigid,1473438,1473438,1473454,0,16,16,completed,1
18204,Rigid,1473438,1473438,1473454,0,16,16,completed,1
18205,Rigid,1473438,1473438,1473454,0,16,16,completed,1
18206,Rigid,1473438,1473438,1473454,0,16,16,completed,1
18207,Rigid,1473438,1473438,1473454,0,16,16,completed,1
18208,Rigid,1473438,1473438,1473454,0,16,16,completed,1
18209,Rigid,1473438,1473438,1473457,0,19,19,completed,1
18210,Rigid,1473438,1473438,1473460,0,22,22,completed,1
18211,Rigid,1473482,1473482,1473692,0,210,210,completed,36
18212,Rigid,1473492,1473492,1473749,0,257,257,completed,36
18213,Rigid,1473679,1473680,1473693,1,13,14,completed,1
18214,Rigid,1473679,1473680,1473689,1,9,10,completed,1
18215,Rigid,1473679,1473680,1473693,1,13,14,completed,1
18216,Rigid,1473679,1473680,1473689,1,9,10,completed,1
18217,Rigid,1473679,1473680,1473693,1,13,14,completed,1
18218,Rigid,1473679,1473680,1473693,1,13,14,completed,1
18219,Rigid,1473679,1473680,1473694,1,14,15,completed,1
18220,Rigid,1473679,1473680,1473696,1,16,17,completed,1
18221,Rigid,1473679,1473680,1473692,1,12,13,completed,1
18222,Rigid,1473679,1473680,1473692,1,12,13,completed,1
18223,Rigid,1473679,1473680,1473692,1,12,13,completed,1
18224,Rigid,1473679,1473680,1473693,1,13,14,completed,1
18225,Rigid,1473679,1473680,1473693,1,13,14,completed,1
18226,Rigid,1473679,1473680,1473693,1,13,14,completed,1
18227,Rigid,1473679,1473680,1473692,1,12,13,completed,1
18228,Rigid,1473679,1473680,1473692,1,12,13,completed,1
18229,Rigid,1473679,1473680,1473693,1,13,14,completed,1
18230,Rigid,1473679,1473680,1473693,1,13,14,completed,1
18231,Rigid,1473679,1473680,1473692,1,12,13,completed,1
18232,Rigid,1473679,1473680,1473692,1,12,13,completed,1
18233,Rigid,1473679,1473680,1473692,1,12,13,completed,1
18234,Rigid,1473679,1473680,1473692,1,12,13,completed,1
18235,Rigid,1473679,1473680,1473692,1,12,13,completed,1
18236,Rigid,1473679,1473680,1473692,1,12,13,completed,1
18237,Rigid,1473679,1473680,1473692,1,12,13,completed,1
18238,Rigid,1473679,1473680,1473692,1,12,13,completed,1
18239,Rigid,1473679,1473680,1473692,1,12,13,completed,1
18240,Rigid,1473679,1473680,1473692,1,12,13,completed,1
18241,Rigid,1473679,1473680,1473692,1,12,13,completed,1
18242,Rigid,1473679,1473680,1473696,1,16,17,completed,1
18243,Rigid,1473679,1473680,1473698,1,18,19,completed,1
18244,Rigid,1473725,1473726,1486509,1,12783,12784,completed,36
18245,Rigid,1473749,1473750,1476709,1,2959,2960,completed,216
18246,Rigid,1473808,1473808,1473828,0,20,20,completed,2
18247,Rigid,1473808,1473808,1473848,0,40,40,completed,2
18248,Rigid,1473808,1473808,1473855,0,47,47,completed,2
18249,Rigid,1473808,1473808,1473822,0,14,14,completed,2
18250,Rigid,1473808,1473808,1473828,0,20,20,completed,2
18251,Rigid,1473808,1473812,1473853,4,41,45,completed,2
18252,Rigid,1473808,1473812,1473853,4,41,45,completed,2
18253,Rigid,1473808,1473812,1473828,4,16,20,completed,2
18254,Rigid,1473808,1473812,1473853,4,41,45,completed,2
18255,Rigid,1473809,1473812,1473851,3,39,42,completed,2
18256,Rigid,1473809,1473812,1473822,3,10,13,completed,2
18257,Rigid,1473809,1473812,1473828,3,16,19,completed,2
18258,Rigid,1473809,1473812,1473850,3,38,41,completed,2
18259,Rigid,1473809,1473812,1473848,3,36,39,completed,2
18260,Rigid,1473809,1473812,1473828,3,16,19,completed,2
18261,Rigid,1473809,1473812,1473848,3,36,39,completed,2
18262,Rigid,1473809,1473812,1473855,3,43,46,completed,2
18263,Rigid,1473809,1473812,1473822,3,10,13,completed,2
18264,Rigid,1473809,1473812,1473828,3,16,19,completed,2
18265,Rigid,1473809,1473812,1473853,3,41,44,completed,2
18266,Rigid,1473809,1473812,1473855,3,43,46,completed,2
18267,Rigid,1473809,1473812,1473828,3,16,19,completed,2
18268,Rigid,1473809,1473812,1473852,3,40,43,completed,2
18269,Rigid,1473809,1473812,1473852,3,40,43,completed,2
18270,Rigid,1473809,1473812,1473823,3,11,14,completed,2
18271,Rigid,1473809,1473812,1473828,3,16,19,completed,2
18272,Rigid,1473810,1473812,1473849,2,37,39,completed,2
18273,Rigid,1473810,1473812,1473850,2,38,40,completed,2
18274,Rigid,1473810,1473812,1473828,2,16,18,completed,2
18275,Rigid,1473810,1473812,1473848,2,36,38,completed,2
18276,Rigid,1473810,1473812,1473857,2,45,47,completed,2
18277,Rigid,1473810,1473812,1473828,2,16,18,completed,2
18278,Rigid,1473810,1473812,1473853,2,41,43,completed,2
18279,Rigid,1473810,1473812,1473855,2,43,45,completed,2
18280,Rigid,1473810,1473812,1473828,2,16,18,completed,2
18281,Rigid,1473810,1473812,1473853,2,41,43,completed,2
18282,Rigid,1473810,1473812,1473851,2,39,41,completed,2
18283,Rigid,1473810,1473812,1473828,2,16,18,completed,2
18284,Rigid,1473810,1473812,1473849,2,37,39,completed,2
18285,Rigid,1473810,1473812,1473849,2,37,39,completed,2
18286,Rigid,1473810,1473812,1473828,2,16,18,completed,2
18287,Rigid,1473810,1473812,1473848,2,36,38,completed,2
18288,Rigid,1473810,1473812,1473859,2,47,49,completed,2
18289,Rigid,1473810,1473812,1473828,2,16,18,completed,2
18290,Rigid,1473810,1473812,1473828,2,16,18,completed,2
18291,Rigid,1473810,1473812,1473823,2,11,13,completed,1
18292,Rigid,1473810,1473812,1473855,2,43,45,completed,2
18293,Rigid,1473810,1473812,1473860,2,48,50,completed,2
18294,Rigid,1473811,1473812,1473828,1,16,17,completed,2
18295,Rigid,1473811,1473812,1473828,1,16,17,completed,2
18296,Rigid,1473811,1473812,1473853,1,41,42,completed,2
18297,Rigid,1473811,1473812,1473857,1,45,46,completed,2
18298,Rigid,1473811,1473812,1473828,1,16,17,completed,2
18299,Rigid,1473811,1473812,1473828,1,16,17,completed,2
18300,Rigid,1473811,1473812,1473853,1,41,42,completed,2
18301,Rigid,1473811,1473812,1473851,1,39,40,completed,2
18302,Rigid,1473811,1473812,1473860,1,48,49,completed,2
18303,Rigid,1473811,1473812,1473855,1,43,44,completed,2
18304,Rigid,1473811,1473812,1473822,1,10,11,completed,2
18305,Rigid,1473811,1473812,1473828,1,16,17,completed,2
18306,Rigid,1473811,1473812,1473852,1,40,41,completed,2
18307,Rigid,1473811,1473812,1473848,1,36,37,completed,2
18308,Rigid,1473811,1473812,1473858,1,46,47,completed,2
18309,Rigid,1473811,1473812,1473822,1,10,11,completed,2
18310,Rigid,1473811,1473812,1473828,1,16,17,completed,2
18311,Rigid,1473811,1473812,1473850,1,38,39,completed,2
18312,Rigid,1473811,1473812,1473854,1,42,43,completed,2
18313,Rigid,1473811,1473812,1473856,1,44,45,completed,2
18314,Rigid,1473811,1473812,1473822,1,10,11,completed,2
18315,Rigid,1473811,1473812,1473828,1,16,17,completed,2
18316,Rigid,1473811,1473812,1473848,1,36,37,completed,2
18317,Rigid,1473811,1473812,1473852,1,40,41,completed,2
18318,Rigid,1473811,1473812,1473861,1,49,50,completed,2
18319,Rigid,1473811,1473812,1473823,1,11,12,completed,2
18320,Rigid,1473811,1473812,1473828,1,16,17,completed,2
18321,Rigid,1473811,1473812,1473853,1,41,42,completed,2
18322,Rigid,1473812,1473812,1473850,0,38,38,completed,2
18323,Rigid,1473812,1473812,1473859,0,47,47,completed,2
18324,Rigid,1473812,1473812,1473823,0,11,11,completed,2
18325,Rigid,1473812,1473812,1473848,0,36,36,completed,2
18326,Rigid,1473812,1473812,1473828,0,16,16,completed,2
18327,Rigid,1473812,1473812,1473853,0,41,41,completed,2
18328,Rigid,1473812,1473812,1473858,0,46,46,completed,2
18329,Rigid,1473812,1473812,1473823,0,11,11,completed,2
18330,Rigid,1473812,1473812,1473828,0,16,16,completed,2
18331,Rigid,1473812,1473812,1473850,0,38,38,completed,2
18332,Rigid,1473812,1473812,1473853,0,41,41,completed,2
18333,Rigid,1473812,1473812,1473855,0,43,43,completed,2
18334,Rigid,1473812,1473812,1473823,0,11,11,completed,2
18335,Rigid,1473812,1473812,1473853,0,41,41,completed,2
18336,Rigid,1473812,1473816,1473848,4,32,36,completed,2
18337,Rigid,1473812,1473816,1473828,4,12,16,completed,2
18338,Rigid,1473812,1473816,1473853,4,37,41,completed,2
18339,Rigid,1473813,1473816,1473828,3,12,15,completed,2
18340,Rigid,1473813,1473816,1473853,3,37,40,completed,2
18341,Rigid,1473813,1473816,1473822,3,6,9,completed,2
18342,Rigid,1473813,1473816,1473828,3,12,15,completed,2
18343,Rigid,1473813,1473816,1473828,3,12,15,completed,2
18344,Rigid,1473813,1473816,1473853,3,37,40,completed,2
18345,Rigid,1473813,1473816,1473855,3,39,42,completed,2
18346,Rigid,1473813,1473816,1473850,3,34,37,completed,2
18347,Rigid,1473813,1473816,1473853,3,37,40,completed,2
18348,Rigid,1473813,1473816,1473824,3,8,11,completed,2
18349,Rigid,1473813,1473816,1473822,3,6,9,completed,2
18350,Rigid,1473813,1473816,1473828,3,12,15,completed,2
18351,Rigid,1473813,1473816,1473828,3,12,15,completed,2
18352,Rigid,1473813,1473816,1473850,3,34,37,completed,2
18353,Rigid,1473814,1473816,1473853,2,37,39,completed,2
18354,Rigid,1473814,1473816,1473848,2,32,34,completed,2
18355,Rigid,1473814,1473816,1473851,2,35,37,completed,2
18356,Rigid,1473814,1473816,1473822,2,6,8,completed,2
18357,Rigid,1473814,1473816,1473828,2,12,14,completed,2
18358,Rigid,1473814,1473816,1473848,2,32,34,completed,2
18359,Rigid,1473814,1473816,1473851,2,35,37,completed,2
18360,Rigid,1473814,1473816,1473853,2,37,39,completed,2
18361,Rigid,1473814,1473816,1473849,2,33,35,completed,2
18362,Rigid,1473814,1473816,1473822,2,6,8,completed,2
18363,Rigid,1473814,1473816,1473822,2,6,8,completed,2
18364,Rigid,1473814,1473816,1473828,2,12,14,completed,2
18365,Rigid,1473814,1473816,1473853,2,37,39,completed,2
18366,Rigid,1473814,1473816,1473849,2,33,35,completed,2
18367,Rigid,1473815,1473816,1473853,1,37,38,completed,2
18368,Rigid,1473815,1473816,1473855,1,39,40,completed,2
18369,Rigid,1473815,1473816,1473822,1,6,7,completed,2
18370,Rigid,1473815,1473816,1473828,1,12,13,completed,2
18371,Rigid,1473815,1473816,1473853,1,37,38,completed,2
18372,Rigid,1473815,1473816,1473853,1,37,38,completed,2
18373,Rigid,1473815,1473816,1473850,1,34,35,completed,2
18374,Rigid,1473815,1473816,1473853,1,37,38,completed,2
18375,Rigid,1473815,1473816,1473823,1,7,8,completed,2
18376,Rigid,1473815,1473816,1473828,1,12,13,completed,2
18377,Rigid,1473815,1473816,1473850,1,34,35,completed,2
18378,Rigid,1473815,1473816,1473852,1,36,37,completed,2
18379,Rigid,1473815,1473816,1473848,1,32,33,completed,2
18380,Rigid,1473815,1473816,1473850,1,34,35,completed,2
18381,Rigid,1473815,1473816,1473823,1,7,8,completed,2
18382,Rigid,1473815,1473816,1473823,1,7,8,completed,2
18383,Rigid,1473815,1473816,1473828,1,12,13,completed,2
18384,Rigid,1473815,1473816,1473848,1,32,33,completed,2
18385,Rigid,1473815,1473816,1473850,1,34,35,completed,2
18386,Rigid,1473815,1473816,1473860,1,44,45,completed,2
18387,Rigid,1473815,1473816,1473848,1,32,33,completed,2
18388,Rigid,1473815,1473816,1473823,1,7,8,completed,2
18389,Rigid,1473823,1473823,1473830,0,7,7,completed,2
18390,Rigid,1473824,1473824,1473830,0,6,6,completed,2
18391,Rigid,1473824,1473824,1473830,0,6,6,completed,2
18392,Rigid,1473825,1473826,1473832,1,6,7,completed,2
18393,Rigid,1473825,1473826,1473832,1,6,7,completed,2
18394,Rigid,1473826,1473826,1473832,0,6,6,completed,2
18395,Rigid,1473826,1473826,1473831,0,5,5,completed,2
18396,Rigid,1473827,1473827,1473833,0,6,6,completed,2
18397,Rigid,1473828,1473829,1473835,1,6,7,completed,2
18398,Rigid,1473828,1473829,1473835,1,6,7,completed,2
18399,Rigid,1473828,1473829,1473835,1,6,7,completed,2
18400,Rigid,1473829,1473829,1473835,0,6,6,completed,2
18401,Rigid,1473829,1473829,1473835,0,6,6,completed,2
18402,Rigid,1473830,1473830,1473835,0,5,5,completed,2
18403,Rigid,1473830,1473830,1473835,0,5,5,completed,2
18404,Rigid,1473831,1473831,1473837,0,6,6,completed,2
18405,Rigid,1473831,1473831,1473837,0,6,6,completed,2
18406,Rigid,1473832,1473833,1473838,1,5,6,completed,2
18407,Rigid,1473844,1473844,1473850,0,6,6,completed,2
18408,Rigid,1473844,1473844,1473850,0,6,6,completed,2
18409,Rigid,1473845,1473848,1473854,3,6,9,completed,2
18410,Rigid,1473846,1473848,1473854,2,6,8,completed,2
18411,Rigid,1473871,1473872,1473878,1,6,7,completed,2
18412,Rigid,1473881,1473881,1473892,0,11,11,completed,2
18413,Rigid,1473916,1473917,1473961,1,44,45,completed,2
18414,Rigid,1473916,1473917,1473949,1,32,33,completed,2
18415,Rigid,1473916,1473917,1473921,1,4,5,completed,2
18416,Rigid,1473916,1473917,1473921,1,4,5,completed,2
18417,Rigid,1473916,1473917,1473921,1,4,5,completed,2
18418,Rigid,1473916,1473917,1473921,1,4,5,completed,2
18419,Rigid,1473916,1473917,1473957,1,40,41,completed,2
18420,Rigid,1473916,1473917,1473956,1,39,40,completed,2
18421,Rigid,1473916,1473917,1473921,1,4,5,completed,2
18422,Rigid,1473916,1473917,1473921,1,4,5,completed,2
18423,Rigid,1473916,1473917,1473921,1,4,5,completed,2
18424,Rigid,1473916,1473917,1473921,1,4,5,completed,2
18425,Rigid,1473916,1473917,1473921,1,4,5,completed,2
18426,Rigid,1473916,1473917,1473941,1,24,25,completed,2
18427,Rigid,1473916,1473917,1473937,1,20,21,completed,2
18428,Rigid,1473916,1473917,1473921,1,4,5,completed,2
18429,Rigid,1473917,1473917,1473921,0,4,4,completed,2
18430,Rigid,1473917,1473917,1473921,0,4,4,completed,2
18431,Rigid,1473917,1473917,1473922,0,5,5,completed,2
18432,Rigid,1473917,1473917,1473941,0,24,24,completed,2
18433,Rigid,1473917,1473917,1473935,0,18,18,completed,2
18434,Rigid,1473917,1473919,1473925,2,6,8,completed,2
18435,Rigid,1473917,1473919,1473925,2,6,8,completed,2
18436,Rigid,1473917,1473919,1473925,2,6,8,completed,2
18437,Rigid,1473917,1473919,1473925,2,6,8,completed,2
18438,Rigid,1473917,1473919,1473941,2,22,24,completed,2
18439,Rigid,1473917,1473919,1473945,2,26,28,completed,2
18440,Rigid,1473917,1473919,1473925,2,6,8,completed,2
18441,Rigid,1473917,1473919,1473925,2,6,8,completed,2
18442,Rigid,1473917,1473919,1473925,2,6,8,completed,2
18443,Rigid,1473917,1473919,1473925,2,6,8,completed,2
18444,Rigid,1473917,1473919,1473925,2,6,8,completed,2
18445,Rigid,1473917,1473919,1473925,2,6,8,completed,2
18446,Rigid,1473917,1473919,1473937,2,18,20,completed,2
18447,Rigid,1473917,1473919,1473925,2,6,8,completed,2
18448,Rigid,1473917,1473919,1473925,2,6,8,completed,2
18449,Rigid,1473917,1473919,1473925,2,6,8,completed,2
18450,Rigid,1473917,1473919,1473925,2,6,8,completed,2
18451,Rigid,1473917,1473919,1473925,2,6,8,completed,2
18452,Rigid,1473917,1473919,1473925,2,6,8,completed,2
18453,Rigid,1473917,1473919,1473925,2,6,8,completed,2
18454,Rigid,1473917,1473919,1473925,2,6,8,completed,2
18455,Rigid,1473918,1473919,1473935,1,16,17,completed,2
18456,Rigid,1473918,1473919,1473925,1,6,7,completed,2
18457,Rigid,1473918,1473919,1473925,1,6,7,completed,2
18458,Rigid,1473918,1473919,1473925,1,6,7,completed,2
18459,Rigid,1473918,1473919,1473925,1,6,7,completed,2
18460,Rigid,1473918,1473919,1473925,1,6,7,completed,2
18461,Rigid,1473918,1473919,1473935,1,16,17,completed,2
18462,Rigid,1473918,1473919,1473925,1,6,7,completed,2
18463,Rigid,1473918,1473919,1473925,1,6,7,completed,2
18464,Rigid,1473918,1473919,1473925,1,6,7,completed,2
18465,Rigid,1473918,1473919,1473925,1,6,7,completed,2
18466,Rigid,1473918,1473919,1473925,1,6,7,completed,2
18467,Rigid,1473918,1473919,1473942,1,23,24,completed,2
18468,Rigid,1473918,1473919,1473924,1,5,6,completed,2
18469,Rigid,1473918,1473919,1473924,1,5,6,completed,2
18470,Rigid,1473918,1473919,1473924,1,5,6,completed,2
18471,Rigid,1473918,1473919,1473925,1,6,7,completed,2
18472,Rigid,1473918,1473919,1473924,1,5,6,completed,2
18473,Rigid,1473918,1473919,1473935,1,16,17,completed,2
18474,Rigid,1473918,1473919,1473925,1,6,7,completed,2
18475,Rigid,1473918,1473919,1473925,1,6,7,completed,2
18476,Rigid,1473918,1473919,1473925,1,6,7,completed,2
18477,Rigid,1473918,1473919,1473924,1,5,6,completed,2
18478,Rigid,1473918,1473919,1473925,1,6,7,completed,2
18479,Rigid,1473918,1473919,1473924,1,5,6,completed,2
18480,Rigid,1473918,1473919,1473924,1,5,6,completed,2
18481,Rigid,1473918,1473919,1473924,1,5,6,completed,2
18482,Rigid,1473918,1473919,1473945,1,26,27,completed,2
18483,Rigid,1473919,1473919,1473925,0,6,6,completed,2
18484,Rigid,1473919,1473919,1473925,0,6,6,completed,2
18485,Rigid,1473919,1473919,1473925,0,6,6,completed,2
18486,Rigid,1473919,1473919,1473925,0,6,6,completed,2
18487,Rigid,1473919,1473919,1473924,0,5,5,completed,2
18488,Rigid,1473919,1473919,1473938,0,19,19,completed,2
18489,Rigid,1473919,1473919,1473924,0,5,5,completed,2
18490,Rigid,1473919,1473919,1473924,0,5,5,completed,2
18491,Rigid,1473919,1473919,1473924,0,5,5,completed,2
18492,Rigid,1473919,1473919,1473924,0,5,5,completed,2
18493,Rigid,1473919,1473919,1473925,0,6,6,completed,2
18494,Rigid,1473919,1473919,1473942,0,23,23,completed,2
18495,Rigid,1473919,1473919,1473925,0,6,6,completed,2
18496,Rigid,1473919,1473919,1473924,0,5,5,completed,2
18497,Rigid,1473919,1473921,1473925,2,4,6,completed,2
18498,Rigid,1473919,1473921,1473925,2,4,6,completed,2
18499,Rigid,1473920,1473921,1473935,1,14,15,completed,2
18500,Rigid,1473920,1473921,1473925,1,4,5,completed,2
18501,Rigid,1473920,1473921,1473925,1,4,5,completed,2
18502,Rigid,1473920,1473921,1473925,1,4,5,completed,2
18503,Rigid,1473920,1473921,1473926,1,5,6,completed,2
18504,Rigid,1473920,1473921,1473946,1,25,26,completed,2
18505,Rigid,1473920,1473921,1473926,1,5,6,completed,2
18506,Rigid,1473920,1473921,1473926,1,5,6,completed,2
18507,Rigid,1473920,1473921,1473926,1,5,6,completed,2
18508,Rigid,1473920,1473921,1473926,1,5,6,completed,2
18509,Rigid,1473920,1473921,1473946,1,25,26,completed,2
18510,Rigid,1473920,1473921,1473926,1,5,6,completed,2
18511,Rigid,1473920,1473921,1473926,1,5,6,completed,2
18512,Rigid,1473920,1473921,1473926,1,5,6,completed,2
18513,Rigid,1473920,1473921,1473926,1,5,6,completed,2
18514,Rigid,1473920,1473921,1473926,1,5,6,completed,2
18515,Rigid,1473921,1473921,1473926,0,5,5,completed,2
18516,Rigid,1473921,1473921,1473926,0,5,5,completed,2
18517,Rigid,1473921,1473923,1473942,2,19,21,completed,2
18518,Rigid,1473921,1473923,1473935,2,12,14,completed,2
18519,Rigid,1473921,1473923,1473935,2,12,14,completed,2
18520,Rigid,1473921,1473923,1473935,2,12,14,completed,2
18521,Rigid,1473921,1473923,1473935,2,12,14,completed,2
18522,Rigid,1473921,1473923,1473935,2,12,14,completed,2
18523,Rigid,1473921,1473923,1473947,2,24,26,completed,2
18524,Rigid,1473921,1473923,1473953,2,30,32,completed,2
18525,Rigid,1473921,1473923,1473935,2,12,14,completed,2
18526,Rigid,1473921,1473923,1473935,2,12,14,completed,2
18527,Rigid,1473921,1473923,1473935,2,12,14,completed,2
18528,Rigid,1473921,1473923,1473935,2,12,14,completed,2
18529,Rigid,1473921,1473923,1473935,2,12,14,completed,2
18530,Rigid,1473921,1473923,1473935,2,12,14,completed,2
18531,Rigid,1473921,1473923,1473962,2,39,41,completed,2
18532,Rigid,1473921,1473923,1473953,2,30,32,completed,2
18533,Rigid,1473921,1473923,1473935,2,12,14,completed,2
18534,Rigid,1473922,1473923,1473935,1,12,13,completed,2
18535,Rigid,1473922,1473923,1473935,1,12,13,completed,2
18536,Rigid,1473922,1473923,1473935,1,12,13,completed,2
18537,Rigid,1473922,1473923,1473935,1,12,13,completed,2
18538,Rigid,1473922,1473923,1473958,1,35,36,completed,2
18539,Rigid,1473922,1473923,1473963,1,40,41,completed,2
18540,Rigid,1473922,1473923,1473942,1,19,20,completed,2
18541,Rigid,1473922,1473923,1473942,1,19,20,completed,2
18542,Rigid,1473922,1473923,1473942,1,19,20,completed,2
18543,Rigid,1473922,1473923,1473942,1,19,20,completed,2
18544,Rigid,1473922,1473923,1473942,1,19,20,completed,2
18545,Rigid,1473922,1473923,1473959,1,36,37,completed,2
18546,Rigid,1473922,1473923,1473964,1,41,42,completed,2
18547,Rigid,1473922,1473923,1473942,1,19,20,completed,2
18548,Rigid,1473922,1473923,1473942,1,19,20,completed,2
18549,Rigid,1473922,1473923,1473942,1,19,20,completed,2
18550,Rigid,1473922,1473923,1473942,1,19,20,completed,2
18551,Rigid,1473922,1473923,1473942,1,19,20,completed,2
18552,Rigid,1473922,1473923,1473962,1,39,40,completed,2
18553,Rigid,1473922,1473923,1473956,1,33,34,completed,2
18554,Rigid,1473922,1473923,1473942,1,19,20,completed,2
18555,Rigid,1473922,1473923,1473942,1,19,20,completed,2
18556,Rigid,1473922,1473923,1473942,1,19,20,completed,2
18557,Rigid,1473922,1473923,1473935,1,12,13,completed,2
18558,Rigid,1473922,1473923,1473935,1,12,13,completed,2
18559,Rigid,1473922,1473923,1473952,1,29,30,completed,2
18560,Rigid,1473922,1473923,1473946,1,23,24,completed,2
18561,Rigid,1473923,1473923,1473935,0,12,12,completed,2
18562,Rigid,1473923,1473923,1473935,0,12,12,completed,2
18563,Rigid,1473923,1473923,1473935,0,12,12,completed,2
18564,Rigid,1473923,1473923,1473935,0,12,12,completed,2
18565,Rigid,1473923,1473923,1473935,0,12,12,completed,2
18566,Rigid,1473923,1473923,1473958,0,35,35,completed,2
18567,Rigid,1473923,1473923,1473946,0,23,23,completed,2
18568,Rigid,1473923,1473923,1473935,0,12,12,completed,2
18569,Rigid,1473924,1473924,1473935,0,11,11,completed,2
18570,Rigid,1473924,1473924,1473941,0,17,17,completed,2
18571,Rigid,1473924,1473925,1473942,1,17,18,completed,2
18572,Rigid,1473924,1473925,1473941,1,16,17,completed,2
18573,Rigid,1473924,1473925,1473970,1,45,46,completed,2
18574,Rigid,1473924,1473925,1473972,1,47,48,completed,2
18575,Rigid,1473924,1473925,1473941,1,16,17,completed,2
18576,Rigid,1473924,1473925,1473941,1,16,17,completed,2
18577,Rigid,1473924,1473925,1473941,1,16,17,completed,2
18578,Rigid,1473924,1473925,1473942,1,17,18,completed,2
18579,Rigid,1473924,1473925,1473971,1,46,47,completed,2
18580,Rigid,1473924,1473925,1473968,1,43,44,completed,2
18581,Rigid,1473924,1473925,1473941,1,16,17,completed,2
18582,Rigid,1473924,1473925,1473942,1,17,18,completed,2
18583,Rigid,1473924,1473925,1473942,1,17,18,completed,2
18584,Rigid,1473925,1473925,1473942,0,17,17,completed,2
18585,Rigid,1473925,1473925,1473942,0,17,17,completed,2
18586,Rigid,1473925,1473925,1473957,0,32,32,completed,2
18587,Rigid,1473925,1473925,1473959,0,34,34,completed,2
18588,Rigid,1473925,1473925,1473941,0,16,16,completed,2
18589,Rigid,1473925,1473925,1473941,0,16,16,completed,2
18590,Rigid,1473925,1473926,1473941,1,15,16,completed,2
18591,Rigid,1473925,1473926,1473941,1,15,16,completed,2
18592,Rigid,1473925,1473926,1473941,1,15,16,completed,2
18593,Rigid,1473925,1473926,1473941,1,15,16,completed,2
18594,Rigid,1473925,1473926,1473941,1,15,16,completed,2
18595,Rigid,1473925,1473926,1473958,1,32,33,completed,2
18596,Rigid,1473925,1473926,1473949,1,23,24,completed,2
18597,Rigid,1473926,1473926,1473941,0,15,15,completed,2
18598,Rigid,1473926,1473926,1473942,0,16,16,completed,2
18599,Rigid,1473926,1473926,1473941,0,15,15,completed,2
18600,Rigid,1473926,1473926,1473941,0,15,15,completed,2
18601,Rigid,1473926,1473926,1473941,0,15,15,completed,2
18602,Rigid,1473926,1473926,1473941,0,15,15,completed,2
18603,Rigid,1473926,1473926,1473962,0,36,36,completed,2
18604,Rigid,1473926,1473926,1473955,0,29,29,completed,2
18605,Rigid,1473926,1473926,1473941,0,15,15,completed,2
18606,Rigid,1473926,1473927,1473941,1,14,15,completed,2
18607,Rigid,1473927,1473927,1473941,0,14,14,completed,2
18608,Rigid,1473927,1473927,1473949,0,22,22,completed,2
18609,Rigid,1473927,1473927,1473951,0,24,24,completed,2
18610,Rigid,1473927,1473927,1473941,0,14,14,completed,2
18611,Rigid,1473927,1473927,1473942,0,15,15,completed,2
18612,Rigid,1473927,1473927,1473941,0,14,14,completed,2
18613,Rigid,1473928,1473928,1473941,0,13,13,completed,2
18614,Rigid,1473928,1473928,1473941,0,13,13,completed,2
18615,Rigid,1473928,1473928,1473941,0,13,13,completed,2
18616,Rigid,1473928,1473928,1473942,0,14,14,completed,2
18617,Rigid,1473928,1473929,1473942,1,13,14,completed,2
18618,Rigid,1473928,1473929,1473942,1,13,14,completed,2
18619,Rigid,1473928,1473929,1473942,1,13,14,completed,2
18620,Rigid,1473928,1473929,1473942,1,13,14,completed,2
18621,Rigid,1473928,1473929,1473942,1,13,14,completed,2
18622,Rigid,1473928,1473929,1473942,1,13,14,completed,2
18623,Rigid,1473928,1473929,1473942,1,13,14,completed,2
18624,Rigid,1473928,1473929,1473942,1,13,14,completed,2
18625,Rigid,1473928,1473929,1473942,1,13,14,completed,2
18626,Rigid,1473928,1473929,1473942,1,13,14,completed,2
18627,Rigid,1473928,1473929,1473942,1,13,14,completed,2
18628,Rigid,1473928,1473929,1473942,1,13,14,completed,2
18629,Rigid,1473928,1473929,1473941,1,12,13,completed,2
18630,Rigid,1473928,1473929,1473941,1,12,13,completed,2
18631,Rigid,1473928,1473929,1473941,1,12,13,completed,2
18632,Rigid,1473928,1473929,1473941,1,12,13,completed,2
18633,Rigid,1473928,1473929,1473941,1,12,13,completed,2
18634,Rigid,1473928,1473929,1473942,1,13,14,completed,2
18635,Rigid,1473928,1473929,1473941,1,12,13,completed,2
18636,Rigid,1473928,1473929,1473941,1,12,13,completed,2
18637,Rigid,1473929,1473929,1473941,0,12,12,completed,2
18638,Rigid,1473929,1473929,1473941,0,12,12,completed,2
18639,Rigid,1473929,1473929,1473941,0,12,12,completed,2
18640,Rigid,1473929,1473929,1473941,0,12,12,completed,2
18641,Rigid,1473929,1473929,1473941,0,12,12,completed,2
18642,Rigid,1473929,1473929,1473941,0,12,12,completed,2
18643,Rigid,1473929,1473929,1473941,0,12,12,completed,2
18644,Rigid,1473929,1473929,1473941,0,12,12,completed,2
18645,Rigid,1473929,1473929,1473941,0,12,12,completed,2
18646,Rigid,1473929,1473929,1473941,0,12,12,completed,2
18647,Rigid,1473929,1473932,1473941,3,9,12,completed,2
18648,Rigid,1473929,1473932,1473942,3,10,13,completed,2
18649,Rigid,1473929,1473932,1473942,3,10,13,completed,2
18650,Rigid,1473929,1473932,1473942,3,10,13,completed,2
18651,Rigid,1473929,1473932,1473942,3,10,13,completed,2
18652,Rigid,1473930,1473932,1473942,2,10,12,completed,2
18653,Rigid,1473930,1473932,1473942,2,10,12,completed,2
18654,Rigid,1473930,1473932,1473942,2,10,12,completed,2
18655,Rigid,1473930,1473932,1473942,2,10,12,completed,2
18656,Rigid,1473930,1473932,1473942,2,10,12,completed,2
18657,Rigid,1473930,1473932,1473942,2,10,12,completed,2
18658,Rigid,1473930,1473932,1473942,2,10,12,completed,2
18659,Rigid,1473930,1473932,1473942,2,10,12,completed,2
18660,Rigid,1473931,1473932,1473942,1,10,11,completed,2
18661,Rigid,1473931,1473932,1473942,1,10,11,completed,2
18662,Rigid,1473931,1473932,1473942,1,10,11,completed,2
18663,Rigid,1473931,1473932,1473942,1,10,11,completed,2
18664,Rigid,1473931,1473932,1473942,1,10,11,completed,2
18665,Rigid,1473931,1473932,1473942,1,10,11,completed,2
18666,Rigid,1473931,1473932,1473942,1,10,11,completed,2
18667,Rigid,1473931,1473932,1473942,1,10,11,completed,2
18668,Rigid,1473931,1473932,1473942,1,10,11,completed,2
18669,Rigid,1473931,1473932,1473942,1,10,11,completed,2
18670,Rigid,1473931,1473932,1473942,1,10,11,completed,2
18671,Rigid,1473931,1473932,1473942,1,10,11,completed,2
18672,Rigid,1473931,1473932,1473942,1,10,11,completed,2
18673,Rigid,1473932,1473932,1473942,0,10,10,completed,2
18674,Rigid,1473943,1473943,1473962,0,19,19,completed,2
18675,Rigid,1473943,1473943,1473962,0,19,19,completed,2
18676,Rigid,1473943,1473943,1473962,0,19,19,completed,2
18677,Rigid,1473943,1473943,1473962,0,19,19,completed,2
18678,Rigid,1473943,1473943,1473962,0,19,19,completed,2
18679,Rigid,1473944,1473944,1473962,0,18,18,completed,2
18680,Rigid,1473944,1473944,1473962,0,18,18,completed,2
18681,Rigid,1473944,1473944,1473962,0,18,18,completed,2
18682,Rigid,1473944,1473946,1473962,2,16,18,completed,2
18683,Rigid,1473944,1473946,1473962,2,16,18,completed,2
18684,Rigid,1473945,1473946,1473962,1,16,17,completed,2
18685,Rigid,1474556,1474557,1478471,1,3914,3915,completed,36
18686,Rigid,1474936,1474937,1814782,1,339845,339846,completed,36
18687,Rigid,1474936,1474937,1814782,1,339845,339846,completed,36
18688,Rigid,1474936,1474937,1814782,1,339845,339846,completed,36
18689,Rigid,1474994,1475945,1648749,951,172804,173755,completed,36
18690,Rigid,1474994,1476091,1648899,1097,172808,173905,completed,36
18691,Rigid,1474994,1476091,1648899,1097,172808,173905,completed,36
18692,Rigid,1475026,1476091,1648899,1065,172808,173873,completed,36
18693,Rigid,1475026,1554929,1727755,79903,172826,252729,completed,36
18694,Rigid,1475026,1642180,1814999,167154,172819,339973,completed,36
18695,Rigid,1475057,1642180,1814999,167123,172819,339942,completed,36
18696,Rigid,1475057,1642180,1814999,167123,172819,339942,completed,36
18697,Rigid,1475057,1642211,1815029,167154,172818,339972,completed,36
18698,Rigid,1475089,1642211,1815029,167122,172818,339940,completed,36
18699,Rigid,1475089,1642211,1815029,167122,172818,339940,completed,36
18700,Rigid,1475089,1642240,1815059,167151,172819,339970,completed,36
18701,Rigid,1475109,1475110,1475339,1,229,230,completed,36
18702,Rigid,1475110,1475114,1475344,4,230,234,completed,36
18703,Rigid,1475111,1475114,1475349,3,235,238,completed,36
18704,Rigid,1475112,1475114,1475344,2,230,232,completed,36
18705,Rigid,1475113,1475114,1475349,1,235,236,completed,36
18706,Rigid,1475114,1475114,1475349,0,235,235,completed,36
18707,Rigid,1475114,1475118,1475349,4,231,235,completed,36
18708,Rigid,1475115,1475118,1475349,3,231,234,completed,36
18709,Rigid,1475115,1475118,1475349,3,231,234,completed,36
18710,Rigid,1475115,1475118,1475348,3,230,233,completed,36
18711,Rigid,1475116,1475118,1475350,2,232,234,completed,36
18712,Rigid,1475116,1475118,1475353,2,235,237,completed,36
18713,Rigid,1475117,1475118,1475351,1,233,234,completed,36
18714,Rigid,1475117,1475118,1475348,1,230,231,completed,36
18715,Rigid,1475117,1642240,1815059,167123,172819,339942,completed,36
18716,Rigid,1475117,1642272,1815089,167155,172817,339972,completed,36
18717,Rigid,1475117,1642273,1815089,167156,172816,339972,completed,36
18718,Rigid,1475118,1475118,1475348,0,230,230,completed,36
18719,Rigid,1475118,1475121,1475350,3,229,232,completed,36
18720,Rigid,1475183,1642273,1815089,167090,172816,339906,completed,36
18721,Rigid,1475183,1642273,1815089,167090,172816,339906,completed,36
18722,Rigid,1475183,1642273,1815089,167090,172816,339906,completed,36
18723,Rigid,1475211,1642273,1815089,167062,172816,339878,completed,36
18724,Rigid,1475211,1642273,1815089,167062,172816,339878,completed,36
18725,Rigid,1475211,1642300,1815119,167089,172819,339908,completed,36
18726,Rigid,1475644,1475647,1475763,3,116,119,completed,144
18727,Rigid,1475759,1475760,1475806,1,46,47,completed,36
18728,Rigid,1475980,1642300,1815119,166320,172819,339139,completed,36
18729,Rigid,1475980,1642300,1815119,166320,172819,339139,completed,36
18730,Rigid,1475980,1642333,1815149,166353,172816,339169,completed,36
18731,Rigid,1476012,1642333,1815149,166321,172816,339137,completed,36
18732,Rigid,1476012,1642333,1815149,166321,172816,339137,completed,36
18733,Rigid,1476012,1648421,1815381,172409,166960,339369,completed,36
18734,Rigid,1476039,1648421,1815380,172382,166959,339341,completed,36
18735,Rigid,1476039,1648481,1815380,172442,166899,339341,completed,36
18736,Rigid,1476039,1648601,1815380,172562,166779,339341,completed,36
18737,Rigid,1476066,1648692,1815373,172626,166681,339307,completed,36
18738,Rigid,1476066,1648753,1815373,172687,166620,339307,completed,36
18739,Rigid,1476066,1648753,1815373,172687,166620,339307,completed,36
18740,Rigid,1476116,1648753,1815376,172637,166623,339260,completed,36
18741,Rigid,1476116,1648754,1815376,172638,166622,339260,completed,36
18742,Rigid,1476116,1648754,1815376,172638,166622,339260,completed,36
18743,Rigid,1476664,1476665,1476709,1,44,45,completed,18
18744,Rigid,1476751,1476751,1487423,0,10672,10672,completed,18
18745,Rigid,1476871,1476872,1556905,1,80033,80034,completed,1
18746,Rigid,1477057,1477057,1478072,0,1015,1015,completed,36
18747,Rigid,1477135,1477135,1478396,0,1261,1261,completed,36
18748,Rigid,1477206,1477207,1478266,1,1059,1060,completed,36
18749,Rigid,1477278,1477279,1478395,1,1116,1117,completed,36
18750,Rigid,1477360,1477362,1478646,2,1284,1286,completed,36
18751,Rigid,1477430,1477431,1486305,1,8874,8875,completed,36
18752,Rigid,1477430,1477431,1486475,1,9044,9045,completed,36
18753,Rigid,1477430,1477431,1488934,1,11503,11504,completed,36
18754,Rigid,1477431,1477431,1489109,0,11678,11678,completed,36
18755,Rigid,1477431,1477435,1494845,4,17410,17414,completed,36
18756,Rigid,1477431,1477435,1494844,4,17409,17413,completed,36
18757,Rigid,1477431,1477435,1485032,4,7597,7601,completed,36
18758,Rigid,1477432,1477435,1484907,3,7472,7475,completed,36
18759,Rigid,1477442,1477442,1478932,0,1490,1490,completed,36
18760,Rigid,1477533,1477536,1479257,3,1721,1724,completed,36
18761,Rigid,1477556,1477556,1483093,0,5537,5537,completed,36
18762,Rigid,1477556,1477557,1482801,1,5244,5245,completed,36
18763,Rigid,1477556,1477557,1482662,1,5105,5106,completed,36
18764,Rigid,1477557,1477557,1482475,0,4918,4918,completed,36
18765,Rigid,1477557,1477557,1482743,0,5186,5186,completed,36
18766,Rigid,1477557,1477557,1482668,0,5111,5111,completed,36
18767,Rigid,1477557,1477557,1482732,0,5175,5175,completed,36
18768,Rigid,1477557,1477557,1482587,0,5030,5030,completed,36
18769,Rigid,1477557,1477558,1477681,1,123,124,completed,36
18770,Rigid,1477557,1477558,1477687,1,129,130,completed,36
18771,Rigid,1477557,1477558,1477681,1,123,124,completed,36
18772,Rigid,1477557,1477558,1477682,1,124,125,completed,36
18773,Rigid,1477558,1477558,1492809,0,15251,15251,completed,36
18774,Rigid,1477558,1477558,1496471,0,18913,18913,completed,36
18775,Rigid,1477558,1477558,1492824,0,15266,15266,completed,36
18776,Rigid,1477558,1477558,1482549,0,4991,4991,completed,36
18777,Rigid,1477558,1477558,1482547,0,4989,4989,completed,36
18778,Rigid,1477558,1477558,1482486,0,4928,4928,completed,36
18779,Rigid,1477558,1477558,1483648,0,6090,6090,completed,36
18780,Rigid,1477558,1477558,1482807,0,5249,5249,completed,36
18781,Rigid,1477558,1477558,1482763,0,5205,5205,completed,36
18782,Rigid,1477558,1477561,1482663,3,5102,5105,completed,36
18783,Rigid,1477559,1477561,1482751,2,5190,5192,completed,36
18784,Rigid,1477559,1477561,1477687,2,126,128,completed,36
18785,Rigid,1477559,1477561,1477686,2,125,127,completed,36
18786,Rigid,1477559,1477561,1477691,2,130,132,completed,36
18787,Rigid,1477559,1477561,1477691,2,130,132,completed,36
18788,Rigid,1477559,1477561,1492873,2,15312,15314,completed,36
18789,Rigid,1477559,1477561,1496990,2,19429,19431,completed,36
18790,Rigid,1477559,1477561,1492875,2,15314,15316,completed,36
18791,Rigid,1477559,1477561,1482495,2,4934,4936,completed,36
18792,Rigid,1477559,1477561,1482551,2,4990,4992,completed,36
18793,Rigid,1477559,1477561,1485285,2,7724,7726,completed,36
18794,Rigid,1477559,1477561,1484130,2,6569,6571,completed,36
18795,Rigid,1477560,1477561,1482539,1,4978,4979,completed,36
18796,Rigid,1477560,1477561,1482616,1,5055,5056,completed,36
18797,Rigid,1477560,1477561,1482747,1,5186,5187,completed,36
18798,Rigid,1477560,1477561,1482654,1,5093,5094,completed,36
18799,Rigid,1477560,1477561,1477692,1,131,132,completed,36
18800,Rigid,1477560,1477561,1477687,1,126,127,completed,36
18801,Rigid,1477560,1477561,1477686,1,125,126,completed,36
18802,Rigid,1477560,1477561,1477686,1,125,126,completed,36
18803,Rigid,1477560,1477682,1493011,122,15329,15451,completed,36
18804,Rigid,1477560,1477683,1493876,123,16193,16316,completed,36
18805,Rigid,1477560,1477683,1493028,123,15345,15468,completed,36
18806,Rigid,1477560,1477687,1482773,127,5086,5213,completed,36
18807,Rigid,1477560,1477688,1482962,128,5274,5402,completed,36
18808,Rigid,1477560,1477688,1485830,128,8142,8270,completed,36
18809,Rigid,1477561,1477688,1486599,127,8911,9038,completed,36
18810,Rigid,1477561,1477688,1482945,127,5257,5384,completed,36
18811,Rigid,1477561,1477689,1482877,128,5188,5316,completed,36
18812,Rigid,1477561,1477692,1482835,131,5143,5274,completed,36
18813,Rigid,1477561,1477693,1482914,132,5221,5353,completed,36
18814,Rigid,1477561,1477694,1477784,133,90,223,completed,36
18815,Rigid,1477561,1477785,1477820,224,35,259,completed,36
18816,Rigid,1477561,1477821,1477840,260,19,279,completed,36
18817,Rigid,1477561,1477842,1477878,281,36,317,completed,36
18818,Rigid,1477562,1477880,1493244,318,15364,15682,completed,36
18819,Rigid,1477562,1477886,1493233,324,15347,15671,completed,36
18820,Rigid,1477562,1477886,1493269,324,15383,15707,completed,36
18821,Rigid,1477604,1477605,1477608,1,3,4,completed,1
18822,Rigid,1477624,1477625,1477626,1,1,2,completed,1
18823,Rigid,1477624,1477625,1477632,1,7,8,completed,1
18824,Rigid,1477624,1477625,1477632,1,7,8,completed,1
18825,Rigid,1477624,1477625,1477643,1,18,19,completed,1
18826,Rigid,1477624,1477625,1477626,1,1,2,completed,1
18827,Rigid,1477639,1478182,1480054,543,1872,2415,completed,36
18828,Rigid,1477895,1478182,1478369,287,187,474,completed,144
18829,Rigid,1478176,1478177,1478224,1,47,48,completed,2
18830,Rigid,1478176,1478177,1478217,1,40,41,completed,2
18831,Rigid,1478176,1478177,1478191,1,14,15,completed,2
18832,Rigid,1478176,1478177,1478191,1,14,15,completed,2
18833,Rigid,1478176,1478177,1478191,1,14,15,completed,2
18834,Rigid,1478176,1478177,1478191,1,14,15,completed,2
18835,Rigid,1478176,1478177,1478191,1,14,15,completed,2
18836,Rigid,1478177,1478177,1478229,0,52,52,completed,2
18837,Rigid,1478177,1478177,1478214,0,37,37,completed,2
18838,Rigid,1478177,1478177,1478191,0,14,14,completed,2
18839,Rigid,1478177,1478177,1478191,0,14,14,completed,2
18840,Rigid,1478177,1478177,1478191,0,14,14,completed,2
18841,Rigid,1478177,1478181,1478191,4,10,14,completed,2
18842,Rigid,1478177,1478181,1478191,4,10,14,completed,2
18843,Rigid,1478177,1478181,1478191,4,10,14,completed,2
18844,Rigid,1478178,1478181,1478225,3,44,47,completed,2
18845,Rigid,1478178,1478181,1478211,3,30,33,completed,2
18846,Rigid,1478178,1478181,1478191,3,10,13,completed,2
18847,Rigid,1478178,1478181,1478191,3,10,13,completed,2
18848,Rigid,1478178,1478181,1478191,3,10,13,completed,2
18849,Rigid,1478178,1478181,1478191,3,10,13,completed,2
18850,Rigid,1478178,1478181,1478191,3,10,13,completed,2
18851,Rigid,1478178,1478181,1478191,3,10,13,completed,2
18852,Rigid,1478178,1478181,1478216,3,35,38,completed,2
18853,Rigid,1478178,1478181,1478211,3,30,33,completed,2
18854,Rigid,1478178,1478181,1478191,3,10,13,completed,2
18855,Rigid,1478178,1478181,1478191,3,10,13,completed,2
18856,Rigid,1478178,1478181,1478191,3,10,13,completed,2
18857,Rigid,1478178,1478181,1478191,3,10,13,completed,2
18858,Rigid,1478179,1478181,1478191,2,10,12,completed,2
18859,Rigid,1478179,1478181,1478191,2,10,12,completed,2
18860,Rigid,1478179,1478181,1478191,2,10,12,completed,2
18861,Rigid,1478179,1478181,1478197,2,16,18,completed,2
18862,Rigid,1478179,1478181,1478214,2,33,35,completed,2
18863,Rigid,1478179,1478181,1478191,2,10,12,completed,2
18864,Rigid,1478179,1478181,1478191,2,10,12,completed,2
18865,Rigid,1478179,1478181,1478191,2,10,12,completed,2
18866,Rigid,1478179,1478181,1478191,2,10,12,completed,2
18867,Rigid,1478179,1478181,1478191,2,10,12,completed,2
18868,Rigid,1478179,1478181,1478191,2,10,12,completed,2
18869,Rigid,1478179,1478181,1478208,2,27,29,completed,2
18870,Rigid,1478179,1478181,1478198,2,17,19,completed,2
18871,Rigid,1478179,1478181,1478191,2,10,12,completed,2
18872,Rigid,1478179,1478181,1478191,2,10,12,completed,2
18873,Rigid,1478179,1478181,1478191,2,10,12,completed,2
18874,Rigid,1478179,1478181,1478191,2,10,12,completed,2
18875,Rigid,1478179,1478181,1478191,2,10,12,completed,2
18876,Rigid,1478179,1478181,1478191,2,10,12,completed,2
18877,Rigid,1478179,1478181,1478214,2,33,35,completed,2
18878,Rigid,1478179,1478181,1478216,2,35,37,completed,2
18879,Rigid,1478179,1478181,1478191,2,10,12,completed,2
18880,Rigid,1478179,1478181,1478191,2,10,12,completed,2
18881,Rigid,1478179,1478181,1478191,2,10,12,completed,2
18882,Rigid,1478179,1478181,1478191,2,10,12,completed,2
18883,Rigid,1478179,1478181,1478191,2,10,12,completed,2
18884,Rigid,1478179,1478181,1478215,2,34,36,completed,2
18885,Rigid,1478179,1478181,1478191,2,10,12,completed,2
18886,Rigid,1478179,1478181,1478211,2,30,32,completed,2
18887,Rigid,1478179,1478181,1478191,2,10,12,completed,2
18888,Rigid,1478179,1478181,1478191,2,10,12,completed,2
18889,Rigid,1478179,1478181,1478191,2,10,12,completed,2
18890,Rigid,1478179,1478181,1478191,2,10,12,completed,2
18891,Rigid,1478179,1478181,1478191,2,10,12,completed,2
18892,Rigid,1478179,1478181,1478222,2,41,43,completed,2
18893,Rigid,1478179,1478181,1478223,2,42,44,completed,2
18894,Rigid,1478179,1478181,1478191,2,10,12,completed,2
18895,Rigid,1478179,1478181,1478191,2,10,12,completed,2
18896,Rigid,1478179,1478181,1478191,2,10,12,completed,2
18897,Rigid,1478180,1478181,1478191,1,10,11,completed,2
18898,Rigid,1478180,1478181,1478191,1,10,11,completed,2
18899,Rigid,1478180,1478181,1478219,1,38,39,completed,2
18900,Rigid,1478180,1478181,1478219,1,38,39,completed,2
18901,Rigid,1478180,1478181,1478191,1,10,11,completed,2
18902,Rigid,1478180,1478181,1478191,1,10,11,completed,2
18903,Rigid,1478180,1478181,1478191,1,10,11,completed,2
18904,Rigid,1478180,1478181,1478191,1,10,11,completed,2
18905,Rigid,1478180,1478181,1478191,1,10,11,completed,2
18906,Rigid,1478180,1478181,1478211,1,30,31,completed,2
18907,Rigid,1478180,1478181,1478206,1,25,26,completed,2
18908,Rigid,1478180,1478181,1478191,1,10,11,completed,2
18909,Rigid,1478180,1478181,1478191,1,10,11,completed,2
18910,Rigid,1478180,1478181,1478191,1,10,11,completed,2
18911,Rigid,1478180,1478181,1478191,1,10,11,completed,2
18912,Rigid,1478180,1478181,1478191,1,10,11,completed,2
18913,Rigid,1478180,1478181,1478191,1,10,11,completed,2
18914,Rigid,1478180,1478181,1478215,1,34,35,completed,2
18915,Rigid,1478180,1478181,1478217,1,36,37,completed,2
18916,Rigid,1478180,1478181,1478191,1,10,11,completed,2
18917,Rigid,1478180,1478181,1478191,1,10,11,completed,2
18918,Rigid,1478180,1478181,1478191,1,10,11,completed,2
18919,Rigid,1478180,1478181,1478191,1,10,11,completed,2
18920,Rigid,1478180,1478181,1478191,1,10,11,completed,2
18921,Rigid,1478180,1478181,1478191,1,10,11,completed,2
18922,Rigid,1478180,1478181,1478191,1,10,11,completed,2
18923,Rigid,1478180,1478181,1478217,1,36,37,completed,2
18924,Rigid,1478180,1478181,1478199,1,18,19,completed,2
18925,Rigid,1478180,1478181,1478191,1,10,11,completed,2
18926,Rigid,1478180,1478181,1478191,1,10,11,completed,2
18927,Rigid,1478181,1478181,1478191,0,10,10,completed,2
18928,Rigid,1478181,1478181,1478191,0,10,10,completed,2
18929,Rigid,1478181,1478181,1478191,0,10,10,completed,2
18930,Rigid,1478181,1478181,1478191,0,10,10,completed,2
18931,Rigid,1478181,1478181,1478205,0,24,24,completed,2
18932,Rigid,1478181,1478181,1478213,0,32,32,completed,2
18933,Rigid,1478181,1478181,1478191,0,10,10,completed,2
18934,Rigid,1478181,1478181,1478191,0,10,10,completed,2
18935,Rigid,1478181,1478182,1478191,1,9,10,completed,2
18936,Rigid,1478181,1478182,1478191,1,9,10,completed,2
18937,Rigid,1478181,1478182,1478214,1,32,33,completed,2
18938,Rigid,1478182,1478182,1478214,0,32,32,completed,2
18939,Rigid,1478182,1478182,1478191,0,9,9,completed,2
18940,Rigid,1478182,1478185,1478191,3,6,9,completed,2
18941,Rigid,1478182,1478185,1478191,3,6,9,completed,2
18942,Rigid,1478182,1478185,1478191,3,6,9,completed,2
18943,Rigid,1478182,1478185,1478207,3,22,25,completed,2
18944,Rigid,1478182,1478185,1478191,3,6,9,completed,2
18945,Rigid,1478182,1478185,1478191,3,6,9,completed,2
18946,Rigid,1478182,1478185,1478191,3,6,9,completed,2
18947,Rigid,1478182,1478185,1478191,3,6,9,completed,2
18948,Rigid,1478182,1478185,1478191,3,6,9,completed,2
18949,Rigid,1478182,1478185,1478191,3,6,9,completed,2
18950,Rigid,1478182,1478185,1478198,3,13,16,completed,2
18951,Rigid,1478182,1478185,1478191,3,6,9,completed,2
18952,Rigid,1478183,1478185,1478191,2,6,8,completed,2
18953,Rigid,1478183,1478185,1478191,2,6,8,completed,2
18954,Rigid,1478183,1478185,1478191,2,6,8,completed,2
18955,Rigid,1478183,1478185,1478192,2,7,9,completed,2
18956,Rigid,1478183,1478185,1478219,2,34,36,completed,2
18957,Rigid,1478183,1478185,1478225,2,40,42,completed,2
18958,Rigid,1478183,1478185,1478192,2,7,9,completed,2
18959,Rigid,1478183,1478185,1478191,2,6,8,completed,2
18960,Rigid,1478184,1478185,1478197,1,12,13,completed,2
18961,Rigid,1478184,1478185,1478225,1,40,41,completed,2
18962,Rigid,1478184,1478185,1478211,1,26,27,completed,2
18963,Rigid,1478184,1478185,1478191,1,6,7,completed,2
18964,Rigid,1478184,1478185,1478191,1,6,7,completed,2
18965,Rigid,1478184,1478185,1478191,1,6,7,completed,2
18966,Rigid,1478184,1478185,1478218,1,33,34,completed,2
18967,Rigid,1478184,1478185,1478211,1,26,27,completed,2
18968,Rigid,1478184,1478185,1478191,1,6,7,completed,2
18969,Rigid,1478184,1478185,1478191,1,6,7,completed,2
18970,Rigid,1478184,1478185,1478191,1,6,7,completed,2
18971,Rigid,1478184,1478185,1478191,1,6,7,completed,2
18972,Rigid,1478184,1478185,1478191,1,6,7,completed,2
18973,Rigid,1478184,1478185,1478207,1,22,23,completed,2
18974,Rigid,1478184,1478185,1478191,1,6,7,completed,2
18975,Rigid,1478184,1478185,1478192,1,7,8,completed,2
18976,Rigid,1478184,1478185,1478192,1,7,8,completed,2
18977,Rigid,1478184,1478185,1478191,1,6,7,completed,2
18978,Rigid,1478184,1478185,1478191,1,6,7,completed,2
18979,Rigid,1478184,1478185,1478192,1,7,8,completed,2
18980,Rigid,1478184,1478185,1478191,1,6,7,completed,2
18981,Rigid,1478184,1478185,1478206,1,21,22,completed,2
18982,Rigid,1478184,1478185,1478191,1,6,7,completed,2
18983,Rigid,1478184,1478185,1478191,1,6,7,completed,2
18984,Rigid,1478184,1478185,1478191,1,6,7,completed,2
18985,Rigid,1478184,1478185,1478191,1,6,7,completed,2
18986,Rigid,1478184,1478185,1478192,1,7,8,completed,2
18987,Rigid,1478185,1478185,1478191,0,6,6,completed,2
18988,Rigid,1478185,1478185,1478207,0,22,22,completed,2
18989,Rigid,1478185,1478185,1478191,0,6,6,completed,2
18990,Rigid,1478185,1478185,1478191,0,6,6,completed,2
18991,Rigid,1478185,1478185,1478206,0,21,21,completed,2
18992,Rigid,1478185,1478185,1478191,0,6,6,completed,2
18993,Rigid,1478185,1478185,1478191,0,6,6,completed,2
18994,Rigid,1478185,1478185,1478191,0,6,6,completed,2
18995,Rigid,1478185,1478185,1478191,0,6,6,completed,2
18996,Rigid,1478185,1478185,1478191,0,6,6,completed,2
18997,Rigid,1478185,1478185,1478206,0,21,21,completed,2
18998,Rigid,1478185,1478185,1478191,0,6,6,completed,2
18999,Rigid,1478185,1478185,1478191,0,6,6,completed,2
19000,Rigid,1478185,1478185,1478191,0,6,6,completed,2
19001,Rigid,1478185,1478185,1478191,0,6,6,completed,2
19002,Rigid,1478185,1478185,1478191,0,6,6,completed,2
19003,Rigid,1478185,1478185,1478191,0,6,6,completed,2
19004,Rigid,1478185,1478185,1478191,0,6,6,completed,2
19005,Rigid,1478185,1478185,1478206,0,21,21,completed,2
19006,Rigid,1478185,1478185,1478191,0,6,6,completed,2
19007,Rigid,1478185,1478185,1478191,0,6,6,completed,2
19008,Rigid,1478185,1478189,1478197,4,8,12,completed,2
19009,Rigid,1478185,1478189,1478197,4,8,12,completed,2
19010,Rigid,1478185,1478189,1478214,4,25,29,completed,2
19011,Rigid,1478186,1478189,1478197,3,8,11,completed,2
19012,Rigid,1478186,1478189,1478197,3,8,11,completed,2
19013,Rigid,1478186,1478189,1478197,3,8,11,completed,2
19014,Rigid,1478186,1478189,1478197,3,8,11,completed,2
19015,Rigid,1478186,1478189,1478197,3,8,11,completed,2
19016,Rigid,1478186,1478189,1478207,3,18,21,completed,2
19017,Rigid,1478186,1478189,1478197,3,8,11,completed,2
19018,Rigid,1478186,1478189,1478197,3,8,11,completed,2
19019,Rigid,1478186,1478189,1478197,3,8,11,completed,2
19020,Rigid,1478186,1478189,1478197,3,8,11,completed,2
19021,Rigid,1478186,1478189,1478213,3,24,27,completed,2
19022,Rigid,1478186,1478189,1478197,3,8,11,completed,2
19023,Rigid,1478186,1478189,1478197,3,8,11,completed,2
19024,Rigid,1478186,1478189,1478197,3,8,11,completed,2
19025,Rigid,1478186,1478189,1478220,3,31,34,completed,2
19026,Rigid,1478186,1478189,1478197,3,8,11,completed,2
19027,Rigid,1478186,1478189,1478197,3,8,11,completed,2
19028,Rigid,1478186,1478189,1478197,3,8,11,completed,2
19029,Rigid,1478191,1478192,1478221,1,29,30,completed,2
19030,Rigid,1478191,1478192,1478221,1,29,30,completed,2
19031,Rigid,1478191,1478192,1478221,1,29,30,completed,2
19032,Rigid,1478191,1478192,1478221,1,29,30,completed,2
19033,Rigid,1478192,1478192,1478221,0,29,29,completed,2
19034,Rigid,1478192,1478192,1478221,0,29,29,completed,2
19035,Rigid,1478193,1478193,1478221,0,28,28,completed,2
19036,Rigid,1478193,1478193,1478221,0,28,28,completed,2
19037,Rigid,1478193,1478193,1478221,0,28,28,completed,2
19038,Rigid,1478193,1478193,1478221,0,28,28,completed,2
19039,Rigid,1478193,1478193,1478221,0,28,28,completed,2
19040,Rigid,1478193,1478193,1478221,0,28,28,completed,2
19041,Rigid,1478193,1478193,1478221,0,28,28,completed,2
19042,Rigid,1478193,1478193,1478221,0,28,28,completed,2
19043,Rigid,1478193,1478193,1478221,0,28,28,completed,2
19044,Rigid,1478194,1478194,1478221,0,27,27,completed,2
19045,Rigid,1478194,1478194,1478221,0,27,27,completed,2
19046,Rigid,1478194,1478194,1478221,0,27,27,completed,2
19047,Rigid,1478194,1478195,1478221,1,26,27,completed,2
19048,Rigid,1478194,1478195,1478221,1,26,27,completed,2
19049,Rigid,1478194,1478195,1478221,1,26,27,completed,2
19050,Rigid,1478194,1478195,1478221,1,26,27,completed,2
19051,Rigid,1478194,1478195,1478221,1,26,27,completed,2
19052,Rigid,1478194,1478195,1478221,1,26,27,completed,2
19053,Rigid,1478195,1478197,1478221,2,24,26,completed,2
19054,Rigid,1478195,1478197,1478221,2,24,26,completed,2
19055,Rigid,1478195,1478197,1478221,2,24,26,completed,2
19056,Rigid,1478196,1478197,1478221,1,24,25,completed,2
19057,Rigid,1478196,1478197,1478221,1,24,25,completed,2
19058,Rigid,1478196,1478197,1478221,1,24,25,completed,2
19059,Rigid,1478196,1478197,1478221,1,24,25,completed,2
19060,Rigid,1478196,1478197,1478221,1,24,25,completed,2
19061,Rigid,1478196,1478197,1478221,1,24,25,completed,2
19062,Rigid,1478197,1478197,1478221,0,24,24,completed,2
19063,Rigid,1478197,1478197,1478221,0,24,24,completed,2
19064,Rigid,1478197,1478198,1478221,1,23,24,completed,2
19065,Rigid,1478197,1478198,1478221,1,23,24,completed,2
19066,Rigid,1478197,1478198,1478221,1,23,24,completed,2
19067,Rigid,1478197,1478198,1478221,1,23,24,completed,2
19068,Rigid,1478197,1478198,1478221,1,23,24,completed,2
19069,Rigid,1478197,1478198,1478221,1,23,24,completed,2
19070,Rigid,1478197,1478198,1478221,1,23,24,completed,2
19071,Rigid,1478198,1478198,1478221,0,23,23,completed,2
19072,Rigid,1478199,1478199,1478221,0,22,22,completed,2
19073,Rigid,1478208,1478208,1478221,0,13,13,completed,2
19074,Rigid,1478208,1478208,1478221,0,13,13,completed,2
19075,Rigid,1478208,1478208,1478221,0,13,13,completed,2
19076,Rigid,1478208,1478208,1478221,0,13,13,completed,2
19077,Rigid,1478208,1478208,1478221,0,13,13,completed,2
19078,Rigid,1478208,1478208,1478221,0,13,13,completed,2
19079,Rigid,1478209,1478212,1478221,3,9,12,completed,2
19080,Rigid,1478209,1478212,1478221,3,9,12,completed,2
19081,Rigid,1478209,1478212,1478221,3,9,12,completed,2
19082,Rigid,1478209,1478212,1478221,3,9,12,completed,2
19083,Rigid,1478209,1478212,1478221,3,9,12,completed,2
19084,Rigid,1478209,1478212,1478221,3,9,12,completed,2
19085,Rigid,1478209,1478212,1478221,3,9,12,completed,2
19086,Rigid,1478209,1478212,1478221,3,9,12,completed,2
19087,Rigid,1478209,1478212,1478221,3,9,12,completed,2
19088,Rigid,1478210,1478212,1478221,2,9,11,completed,2
19089,Rigid,1478210,1478371,1613358,161,134987,135148,completed,144
19090,Rigid,1478210,1478212,1478221,2,9,11,completed,2
19091,Rigid,1478210,1478212,1478221,2,9,11,completed,2
19092,Rigid,1478210,1478212,1478221,2,9,11,completed,2
19093,Rigid,1478210,1478212,1478221,2,9,11,completed,2
19094,Rigid,1478210,1478212,1478221,2,9,11,completed,2
19095,Rigid,1478210,1478212,1478221,2,9,11,completed,2
19096,Rigid,1478210,1478212,1478221,2,9,11,completed,2
19097,Rigid,1478210,1478212,1478221,2,9,11,completed,2
19098,Rigid,1478210,1478212,1478221,2,9,11,completed,2
19099,Rigid,1478210,1478212,1478221,2,9,11,completed,2
19100,Rigid,1478211,1478212,1478221,1,9,10,completed,2
19101,Rigid,1478211,1478212,1478221,1,9,10,completed,2
19102,Rigid,1478322,1478322,1478726,0,404,404,completed,36
19103,Rigid,1478339,1478339,1478379,0,40,40,completed,2
19104,Rigid,1478339,1478339,1478353,0,14,14,completed,2
19105,Rigid,1478339,1478339,1478353,0,14,14,completed,2
19106,Rigid,1478339,1478339,1478353,0,14,14,completed,2
19107,Rigid,1478339,1478339,1478353,0,14,14,completed,2
19108,Rigid,1478339,1478339,1478353,0,14,14,completed,2
19109,Rigid,1478340,1478340,1478377,0,37,37,completed,2
19110,Rigid,1478340,1478340,1478353,0,13,13,completed,2
19111,Rigid,1478340,1478340,1478353,0,13,13,completed,2
19112,Rigid,1478340,1478344,1478353,4,9,13,completed,2
19113,Rigid,1478340,1478344,1478353,4,9,13,completed,2
19114,Rigid,1478340,1478344,1478377,4,33,37,completed,2
19115,Rigid,1478340,1478344,1478353,4,9,13,completed,2
19116,Rigid,1478340,1478344,1478353,4,9,13,completed,2
19117,Rigid,1478340,1478344,1478354,4,10,14,completed,2
19118,Rigid,1478340,1478344,1478363,4,19,23,completed,2
19119,Rigid,1478341,1478344,1478353,3,9,12,completed,2
19120,Rigid,1478341,1478344,1478353,3,9,12,completed,2
19121,Rigid,1478341,1478344,1478362,3,18,21,completed,2
19122,Rigid,1478341,1478344,1478352,3,8,11,completed,2
19123,Rigid,1478341,1478344,1478353,3,9,12,completed,2
19124,Rigid,1478341,1478344,1478353,3,9,12,completed,2
19125,Rigid,1478341,1478344,1478352,3,8,11,completed,2
19126,Rigid,1478341,1478344,1478353,3,9,12,completed,2
19127,Rigid,1478341,1478344,1478353,3,9,12,completed,2
19128,Rigid,1478341,1478344,1478353,3,9,12,completed,2
19129,Rigid,1478341,1478344,1478353,3,9,12,completed,2
19130,Rigid,1478341,1478344,1478352,3,8,11,completed,2
19131,Rigid,1478341,1478344,1478353,3,9,12,completed,2
19132,Rigid,1478341,1478344,1478353,3,9,12,completed,2
19133,Rigid,1478341,1478344,1478353,3,9,12,completed,2
19134,Rigid,1478341,1478344,1478352,3,8,11,completed,2
19135,Rigid,1478341,1478344,1478353,3,9,12,completed,2
19136,Rigid,1478341,1478344,1478353,3,9,12,completed,2
19137,Rigid,1478341,1478344,1478353,3,9,12,completed,2
19138,Rigid,1478341,1478344,1478353,3,9,12,completed,2
19139,Rigid,1478341,1478344,1478353,3,9,12,completed,2
19140,Rigid,1478341,1478344,1478353,3,9,12,completed,2
19141,Rigid,1478341,1478344,1478353,3,9,12,completed,2
19142,Rigid,1478341,1478344,1478353,3,9,12,completed,2
19143,Rigid,1478341,1478344,1478353,3,9,12,completed,2
19144,Rigid,1478341,1478344,1478353,3,9,12,completed,2
19145,Rigid,1478341,1478344,1478353,3,9,12,completed,2
19146,Rigid,1478341,1478344,1478353,3,9,12,completed,2
19147,Rigid,1478341,1478344,1478353,3,9,12,completed,2
19148,Rigid,1478342,1478344,1478353,2,9,11,completed,2
19149,Rigid,1478342,1478344,1478353,2,9,11,completed,2
19150,Rigid,1478342,1478344,1478353,2,9,11,completed,2
19151,Rigid,1478342,1478344,1478353,2,9,11,completed,2
19152,Rigid,1478342,1478344,1478353,2,9,11,completed,2
19153,Rigid,1478342,1478344,1478353,2,9,11,completed,2
19154,Rigid,1478342,1478344,1478353,2,9,11,completed,2
19155,Rigid,1478342,1478344,1478353,2,9,11,completed,2
19156,Rigid,1478342,1478344,1478353,2,9,11,completed,2
19157,Rigid,1478342,1478344,1478353,2,9,11,completed,2
19158,Rigid,1478342,1478344,1478353,2,9,11,completed,2
19159,Rigid,1478342,1478344,1478353,2,9,11,completed,2
19160,Rigid,1478342,1478344,1478353,2,9,11,completed,2
19161,Rigid,1478342,1478344,1478353,2,9,11,completed,2
19162,Rigid,1478342,1478344,1478353,2,9,11,completed,2
19163,Rigid,1478342,1478344,1478353,2,9,11,completed,2
19164,Rigid,1478342,1478344,1478353,2,9,11,completed,2
19165,Rigid,1478342,1478344,1478353,2,9,11,completed,2
19166,Rigid,1478342,1478344,1478353,2,9,11,completed,2
19167,Rigid,1478342,1478344,1478362,2,18,20,completed,2
19168,Rigid,1478342,1478344,1478370,2,26,28,completed,2
19169,Rigid,1478342,1478344,1478353,2,9,11,completed,2
19170,Rigid,1478342,1478344,1478353,2,9,11,completed,2
19171,Rigid,1478342,1478344,1478353,2,9,11,completed,2
19172,Rigid,1478342,1478344,1478353,2,9,11,completed,2
19173,Rigid,1478342,1478344,1478353,2,9,11,completed,2
19174,Rigid,1478342,1478344,1478353,2,9,11,completed,2
19175,Rigid,1478342,1478344,1478352,2,8,10,completed,2
19176,Rigid,1478342,1478344,1478389,2,45,47,completed,2
19177,Rigid,1478342,1478344,1478376,2,32,34,completed,2
19178,Rigid,1478342,1478344,1478352,2,8,10,completed,2
19179,Rigid,1478342,1478344,1478352,2,8,10,completed,2
19180,Rigid,1478342,1478344,1478352,2,8,10,completed,2
19181,Rigid,1478342,1478344,1478352,2,8,10,completed,2
19182,Rigid,1478342,1478344,1478352,2,8,10,completed,2
19183,Rigid,1478342,1478344,1478352,2,8,10,completed,2
19184,Rigid,1478342,1478344,1478352,2,8,10,completed,2
19185,Rigid,1478342,1478344,1478385,2,41,43,completed,2
19186,Rigid,1478342,1478344,1478382,2,38,40,completed,2
19187,Rigid,1478342,1478344,1478363,2,19,21,completed,2
19188,Rigid,1478342,1478344,1478352,2,8,10,completed,2
19189,Rigid,1478342,1478344,1478352,2,8,10,completed,2
19190,Rigid,1478343,1478344,1478353,1,9,10,completed,2
19191,Rigid,1478343,1478344,1478352,1,8,9,completed,2
19192,Rigid,1478343,1478344,1478352,1,8,9,completed,2
19193,Rigid,1478343,1478344,1478353,1,9,10,completed,2
19194,Rigid,1478343,1478344,1478388,1,44,45,completed,2
19195,Rigid,1478343,1478344,1478389,1,45,46,completed,2
19196,Rigid,1478343,1478344,1478376,1,32,33,completed,2
19197,Rigid,1478343,1478344,1478353,1,9,10,completed,2
19198,Rigid,1478343,1478344,1478353,1,9,10,completed,2
19199,Rigid,1478343,1478344,1478353,1,9,10,completed,2
19200,Rigid,1478343,1478344,1478353,1,9,10,completed,2
19201,Rigid,1478343,1478344,1478353,1,9,10,completed,2
19202,Rigid,1478343,1478344,1478353,1,9,10,completed,2
19203,Rigid,1478343,1478344,1478370,1,26,27,completed,2
19204,Rigid,1478343,1478344,1478385,1,41,42,completed,2
19205,Rigid,1478343,1478344,1478381,1,37,38,completed,2
19206,Rigid,1478343,1478344,1478353,1,9,10,completed,2
19207,Rigid,1478343,1478344,1478353,1,9,10,completed,2
19208,Rigid,1478343,1478344,1478353,1,9,10,completed,2
19209,Rigid,1478343,1478344,1478353,1,9,10,completed,2
19210,Rigid,1478343,1478344,1478353,1,9,10,completed,2
19211,Rigid,1478343,1478344,1478353,1,9,10,completed,2
19212,Rigid,1478343,1478344,1478354,1,10,11,completed,2
19213,Rigid,1478343,1478344,1478370,1,26,27,completed,2
19214,Rigid,1478343,1478344,1478381,1,37,38,completed,2
19215,Rigid,1478343,1478344,1478362,1,18,19,completed,2
19216,Rigid,1478343,1478344,1478353,1,9,10,completed,2
19217,Rigid,1478343,1478344,1478353,1,9,10,completed,2
19218,Rigid,1478343,1478344,1478353,1,9,10,completed,2
19219,Rigid,1478343,1478344,1478353,1,9,10,completed,2
19220,Rigid,1478343,1478344,1478353,1,9,10,completed,2
19221,Rigid,1478343,1478344,1478353,1,9,10,completed,2
19222,Rigid,1478343,1478344,1478353,1,9,10,completed,2
19223,Rigid,1478343,1478344,1478382,1,38,39,completed,2
19224,Rigid,1478343,1478344,1478379,1,35,36,completed,2
19225,Rigid,1478343,1478344,1478377,1,33,34,completed,2
19226,Rigid,1478343,1478344,1478353,1,9,10,completed,2
19227,Rigid,1478343,1478344,1478353,1,9,10,completed,2
19228,Rigid,1478343,1478344,1478353,1,9,10,completed,2
19229,Rigid,1478343,1478344,1478352,1,8,9,completed,2
19230,Rigid,1478343,1478344,1478353,1,9,10,completed,2
19231,Rigid,1478343,1478344,1478391,1,47,48,completed,2
19232,Rigid,1478344,1478344,1478385,0,41,41,completed,2
19233,Rigid,1478344,1478344,1478353,0,9,9,completed,2
19234,Rigid,1478344,1478344,1478384,0,40,40,completed,2
19235,Rigid,1478344,1478344,1478352,0,8,8,completed,2
19236,Rigid,1478344,1478344,1478353,0,9,9,completed,2
19237,Rigid,1478344,1478344,1478353,0,9,9,completed,2
19238,Rigid,1478344,1478344,1478353,0,9,9,completed,2
19239,Rigid,1478344,1478344,1478353,0,9,9,completed,2
19240,Rigid,1478344,1478344,1478353,0,9,9,completed,2
19241,Rigid,1478344,1478344,1478363,0,19,19,completed,2
19242,Rigid,1478344,1478344,1478393,0,49,49,completed,2
19243,Rigid,1478344,1478344,1478376,0,32,32,completed,2
19244,Rigid,1478344,1478344,1478353,0,9,9,completed,2
19245,Rigid,1478344,1478344,1478352,0,8,8,completed,2
19246,Rigid,1478344,1478344,1478353,0,9,9,completed,2
19247,Rigid,1478344,1478344,1478352,0,8,8,completed,2
19248,Rigid,1478344,1478344,1478352,0,8,8,completed,2
19249,Rigid,1478344,1478344,1478352,0,8,8,completed,2
19250,Rigid,1478344,1478344,1478378,0,34,34,completed,2
19251,Rigid,1478344,1478344,1478369,0,25,25,completed,2
19252,Rigid,1478344,1478344,1478379,0,35,35,completed,2
19253,Rigid,1478344,1478344,1478353,0,9,9,completed,2
19254,Rigid,1478344,1478344,1478352,0,8,8,completed,2
19255,Rigid,1478344,1478344,1478352,0,8,8,completed,2
19256,Rigid,1478344,1478344,1478352,0,8,8,completed,2
19257,Rigid,1478344,1478344,1478352,0,8,8,completed,2
19258,Rigid,1478344,1478344,1478352,0,8,8,completed,2
19259,Rigid,1478344,1478344,1478370,0,26,26,completed,2
19260,Rigid,1478344,1478344,1478376,0,32,32,completed,2
19261,Rigid,1478344,1478348,1478362,4,14,18,completed,2
19262,Rigid,1478344,1478348,1478353,4,5,9,completed,2
19263,Rigid,1478344,1478348,1478353,4,5,9,completed,2
19264,Rigid,1478345,1478348,1478353,3,5,8,completed,2
19265,Rigid,1478345,1478348,1478354,3,6,9,completed,2
19266,Rigid,1478345,1478348,1478354,3,6,9,completed,2
19267,Rigid,1478345,1478348,1478354,3,6,9,completed,2
19268,Rigid,1478345,1478348,1478385,3,37,40,completed,2
19269,Rigid,1478345,1478348,1478381,3,33,36,completed,2
19270,Rigid,1478345,1478348,1478376,3,28,31,completed,2
19271,Rigid,1478345,1478348,1478354,3,6,9,completed,2
19272,Rigid,1478345,1478348,1478354,3,6,9,completed,2
19273,Rigid,1478345,1478348,1478354,3,6,9,completed,2
19274,Rigid,1478345,1478348,1478354,3,6,9,completed,2
19275,Rigid,1478345,1478348,1478354,3,6,9,completed,2
19276,Rigid,1478345,1478348,1478354,3,6,9,completed,2
19277,Rigid,1478346,1478348,1478354,2,6,8,completed,2
19278,Rigid,1478346,1478348,1478363,2,15,17,completed,2
19279,Rigid,1478346,1478348,1478389,2,41,43,completed,2
19280,Rigid,1478346,1478348,1478382,2,34,36,completed,2
19281,Rigid,1478346,1478348,1478354,2,6,8,completed,2
19282,Rigid,1478346,1478348,1478354,2,6,8,completed,2
19283,Rigid,1478346,1478348,1478354,2,6,8,completed,2
19284,Rigid,1478346,1478348,1478354,2,6,8,completed,2
19285,Rigid,1478346,1478348,1478355,2,7,9,completed,2
19286,Rigid,1478346,1478348,1478355,2,7,9,completed,2
19287,Rigid,1478346,1478348,1478354,2,6,8,completed,2
19288,Rigid,1478346,1478348,1478384,2,36,38,completed,2
19289,Rigid,1478346,1478348,1478386,2,38,40,completed,2
19290,Rigid,1478346,1478348,1478379,2,31,33,completed,2
19291,Rigid,1478346,1478348,1478354,2,6,8,completed,2
19292,Rigid,1478346,1478348,1478354,2,6,8,completed,2
19293,Rigid,1478346,1478348,1478354,2,6,8,completed,2
19294,Rigid,1478346,1478348,1478354,2,6,8,completed,2
19295,Rigid,1478346,1478348,1478355,2,7,9,completed,2
19296,Rigid,1478346,1478348,1478370,2,22,24,completed,2
19297,Rigid,1478346,1478348,1478390,2,42,44,completed,2
19298,Rigid,1478346,1478348,1478387,2,39,41,completed,2
19299,Rigid,1478346,1478348,1478354,2,6,8,completed,2
19300,Rigid,1478346,1478348,1478354,2,6,8,completed,2
19301,Rigid,1478346,1478348,1478353,2,5,7,completed,2
19302,Rigid,1478346,1478348,1478353,2,5,7,completed,2
19303,Rigid,1478353,1478354,1478384,1,30,31,completed,2
19304,Rigid,1478353,1478354,1478384,1,30,31,completed,2
19305,Rigid,1478354,1478354,1478384,0,30,30,completed,2
19306,Rigid,1478354,1478354,1478385,0,31,31,completed,2
19307,Rigid,1478354,1478354,1478384,0,30,30,completed,2
19308,Rigid,1478354,1478354,1478384,0,30,30,completed,2
19309,Rigid,1478354,1478354,1478384,0,30,30,completed,2
19310,Rigid,1478354,1478354,1478384,0,30,30,completed,2
19311,Rigid,1478354,1478354,1478384,0,30,30,completed,2
19312,Rigid,1478355,1478355,1478384,0,29,29,completed,2
19313,Rigid,1478355,1478355,1478384,0,29,29,completed,2
19314,Rigid,1478356,1478356,1478384,0,28,28,completed,2
19315,Rigid,1478356,1478356,1478384,0,28,28,completed,2
19316,Rigid,1478356,1478356,1478384,0,28,28,completed,2
19317,Rigid,1478357,1478357,1478384,0,27,27,completed,2
19318,Rigid,1478357,1478358,1478384,1,26,27,completed,2
19319,Rigid,1478357,1478358,1478384,1,26,27,completed,2
19320,Rigid,1478357,1478358,1478384,1,26,27,completed,2
19321,Rigid,1478357,1478358,1478384,1,26,27,completed,2
19322,Rigid,1478357,1478358,1478384,1,26,27,completed,2
19323,Rigid,1478357,1478358,1478384,1,26,27,completed,2
19324,Rigid,1478357,1478358,1478384,1,26,27,completed,2
19325,Rigid,1478357,1478358,1478384,1,26,27,completed,2
19326,Rigid,1478357,1478358,1478384,1,26,27,completed,2
19327,Rigid,1478358,1478358,1478384,0,26,26,completed,2
19328,Rigid,1478358,1478358,1478384,0,26,26,completed,2
19329,Rigid,1478358,1478362,1478384,4,22,26,completed,2
19330,Rigid,1478358,1478362,1478385,4,23,27,completed,2
19331,Rigid,1478358,1478362,1478384,4,22,26,completed,2
19332,Rigid,1478358,1478362,1478384,4,22,26,completed,2
19333,Rigid,1478358,1478362,1478384,4,22,26,completed,2
19334,Rigid,1478359,1478362,1478384,3,22,25,completed,2
19335,Rigid,1478359,1478362,1478384,3,22,25,completed,2
19336,Rigid,1478359,1478362,1478384,3,22,25,completed,2
19337,Rigid,1478359,1478362,1478384,3,22,25,completed,2
19338,Rigid,1478359,1478362,1478384,3,22,25,completed,2
19339,Rigid,1478359,1478362,1478384,3,22,25,completed,2
19340,Rigid,1478359,1478362,1478384,3,22,25,completed,2
19341,Rigid,1478359,1478362,1478385,3,23,26,completed,2
19342,Rigid,1478359,1478362,1478384,3,22,25,completed,2
19343,Rigid,1478359,1478362,1478384,3,22,25,completed,2
19344,Rigid,1478360,1478362,1478384,2,22,24,completed,2
19345,Rigid,1478360,1478362,1478384,2,22,24,completed,2
19346,Rigid,1478360,1478362,1478385,2,23,25,completed,2
19347,Rigid,1478360,1478362,1478384,2,22,24,completed,2
19348,Rigid,1478360,1478362,1478384,2,22,24,completed,2
19349,Rigid,1478361,1478362,1478384,1,22,23,completed,2
19350,Rigid,1478361,1478362,1478384,1,22,23,completed,2
19351,Rigid,1478361,1478362,1478384,1,22,23,completed,2
19352,Rigid,1478362,1478362,1478384,0,22,22,completed,2
19353,Rigid,1478362,1478362,1478384,0,22,22,completed,2
19354,Rigid,1478362,1478362,1478384,0,22,22,completed,2
19355,Rigid,1478362,1478363,1478384,1,21,22,completed,2
19356,Rigid,1478362,1478363,1478384,1,21,22,completed,2
19357,Rigid,1478362,1478363,1478385,1,22,23,completed,2
19358,Rigid,1478372,1478376,1478391,4,15,19,completed,2
19359,Rigid,1478372,1478376,1478391,4,15,19,completed,2
19360,Rigid,1478372,1478376,1478391,4,15,19,completed,2
19361,Rigid,1478372,1478376,1478391,4,15,19,completed,2
19362,Rigid,1478372,1478376,1478391,4,15,19,completed,2
19363,Rigid,1478372,1478376,1478391,4,15,19,completed,2
19364,Rigid,1478372,1478376,1478391,4,15,19,completed,2
19365,Rigid,1478373,1478376,1478391,3,15,18,completed,2
19366,Rigid,1478373,1478376,1478391,3,15,18,completed,2
19367,Rigid,1478373,1478376,1478391,3,15,18,completed,2
19368,Rigid,1478373,1478376,1478391,3,15,18,completed,2
19369,Rigid,1478374,1478376,1478391,2,15,17,completed,2
19370,Rigid,1478374,1478376,1478391,2,15,17,completed,2
19371,Rigid,1478374,1478376,1478391,2,15,17,completed,2
19372,Rigid,1478374,1478376,1478391,2,15,17,completed,2
19373,Rigid,1478374,1478376,1478391,2,15,17,completed,2
19374,Rigid,1478374,1478376,1478391,2,15,17,completed,2
19375,Rigid,1480950,1480950,1487423,0,6473,6473,completed,180
19376,Rigid,1480969,1480969,1740176,0,259207,259207,completed,1
19377,Rigid,1480969,1480969,1740176,0,259207,259207,completed,1
19378,Rigid,1480969,1480969,1740176,0,259207,259207,completed,1
19379,Rigid,1480969,1480969,1740176,0,259207,259207,completed,1
19380,Rigid,1480969,1480969,1740176,0,259207,259207,completed,1
19381,Rigid,1480969,1480969,1740176,0,259207,259207,completed,1
19382,Rigid,1480969,1480969,1740176,0,259207,259207,completed,1
19383,Rigid,1480969,1480969,1740176,0,259207,259207,completed,1
19384,Rigid,1480969,1480969,1740176,0,259207,259207,completed,1
19385,Rigid,1480969,1480969,1740176,0,259207,259207,completed,1
19386,Rigid,1480969,1480969,1740176,0,259207,259207,completed,1
19387,Rigid,1480969,1480969,1740176,0,259207,259207,completed,1
19388,Rigid,1480969,1480970,1740176,1,259206,259207,completed,1
19389,Rigid,1480969,1480970,1740176,1,259206,259207,completed,1
19390,Rigid,1480969,1480970,1740176,1,259206,259207,completed,1
19391,Rigid,1480969,1480970,1740176,1,259206,259207,completed,1
19392,Rigid,1480969,1480970,1740176,1,259206,259207,completed,1
19393,Rigid,1480969,1480970,1740176,1,259206,259207,completed,1
19394,Rigid,1480969,1480970,1740176,1,259206,259207,completed,1
19395,Rigid,1480969,1480970,1740176,1,259206,259207,completed,1
19396,Rigid,1480969,1480970,1740176,1,259206,259207,completed,1
19397,Rigid,1480969,1480970,1740176,1,259206,259207,completed,1
19398,Rigid,1480969,1480970,1740176,1,259206,259207,completed,1
19399,Rigid,1480969,1480970,1740176,1,259206,259207,completed,1
19400,Rigid,1480969,1480970,1740176,1,259206,259207,completed,1
19401,Rigid,1480978,1480979,1740206,1,259227,259228,completed,1
19402,Rigid,1480978,1480979,1740206,1,259227,259228,completed,1
19403,Rigid,1480978,1480979,1740206,1,259227,259228,completed,1
19404,Rigid,1480978,1480979,1740206,1,259227,259228,completed,1
19405,Rigid,1480978,1480979,1740206,1,259227,259228,completed,1
19406,Rigid,1480978,1480979,1740206,1,259227,259228,completed,1
19407,Rigid,1480978,1480979,1740206,1,259227,259228,completed,1
19408,Rigid,1480978,1480979,1740206,1,259227,259228,completed,1
19409,Rigid,1480978,1480979,1740206,1,259227,259228,completed,1
19410,Rigid,1480978,1480979,1740206,1,259227,259228,completed,1
19411,Rigid,1480978,1480979,1740206,1,259227,259228,completed,1
19412,Rigid,1480978,1480979,1740206,1,259227,259228,completed,1
19413,Rigid,1480978,1480979,1740206,1,259227,259228,completed,1
19414,Rigid,1480978,1480979,1740206,1,259227,259228,completed,1
19415,Rigid,1480978,1480979,1740206,1,259227,259228,completed,1
19416,Rigid,1480978,1480979,1740206,1,259227,259228,completed,1
19417,Rigid,1480978,1480979,1740206,1,259227,259228,completed,1
19418,Rigid,1480978,1480979,1740206,1,259227,259228,completed,1
19419,Rigid,1480978,1480979,1740206,1,259227,259228,completed,1
19420,Rigid,1480978,1480979,1740206,1,259227,259228,completed,1
19421,Rigid,1480978,1480979,1740206,1,259227,259228,completed,1
19422,Rigid,1480978,1480979,1740206,1,259227,259228,completed,1
19423,Rigid,1480978,1480979,1740206,1,259227,259228,completed,1
19424,Rigid,1480978,1480979,1740206,1,259227,259228,completed,1
19425,Rigid,1480978,1480979,1740206,1,259227,259228,completed,1
19426,Rigid,1480983,1480983,1740206,0,259223,259223,completed,1
19427,Rigid,1480983,1480983,1740206,0,259223,259223,completed,1
19428,Rigid,1480983,1480983,1740206,0,259223,259223,completed,1
19429,Rigid,1480983,1480983,1740206,0,259223,259223,completed,1
19430,Rigid,1480983,1480983,1740206,0,259223,259223,completed,1
19431,Rigid,1480983,1480983,1740206,0,259223,259223,completed,1
19432,Rigid,1480983,1480983,1740206,0,259223,259223,completed,1
19433,Rigid,1480983,1480983,1740206,0,259223,259223,completed,1
19434,Rigid,1480983,1480983,1740206,0,259223,259223,completed,1
19435,Rigid,1480983,1480983,1740206,0,259223,259223,completed,1
19436,Rigid,1480983,1480983,1740206,0,259223,259223,completed,1
19437,Rigid,1480983,1480983,1740206,0,259223,259223,completed,1
19438,Rigid,1480983,1480983,1740206,0,259223,259223,completed,1
19439,Rigid,1480983,1480983,1740206,0,259223,259223,completed,1
19440,Rigid,1480983,1480983,1740206,0,259223,259223,completed,1
19441,Rigid,1480983,1480983,1740206,0,259223,259223,completed,1
19442,Rigid,1480983,1480983,1740206,0,259223,259223,completed,1
19443,Rigid,1480983,1480983,1740206,0,259223,259223,completed,1
19444,Rigid,1480983,1480983,1740206,0,259223,259223,completed,1
19445,Rigid,1480983,1480983,1740206,0,259223,259223,completed,1
19446,Rigid,1480983,1480983,1740206,0,259223,259223,completed,1
19447,Rigid,1480983,1480983,1740206,0,259223,259223,completed,1
19448,Rigid,1480983,1480983,1740206,0,259223,259223,completed,1
19449,Rigid,1480983,1480983,1740206,0,259223,259223,completed,1
19450,Rigid,1480983,1480983,1740206,0,259223,259223,completed,1
19451,Rigid,1480991,1480992,1740206,1,259214,259215,completed,1
19452,Rigid,1480991,1480992,1740206,1,259214,259215,completed,1
19453,Rigid,1480991,1480992,1740206,1,259214,259215,completed,1
19454,Rigid,1480991,1480992,1740206,1,259214,259215,completed,1
19455,Rigid,1480991,1480992,1740206,1,259214,259215,completed,1
19456,Rigid,1480991,1480992,1740206,1,259214,259215,completed,1
19457,Rigid,1480991,1480992,1740206,1,259214,259215,completed,1
19458,Rigid,1480991,1480992,1740206,1,259214,259215,completed,1
19459,Rigid,1480991,1480992,1740206,1,259214,259215,completed,1
19460,Rigid,1480991,1480992,1740206,1,259214,259215,completed,1
19461,Rigid,1480991,1480992,1740206,1,259214,259215,completed,1
19462,Rigid,1480991,1480992,1740206,1,259214,259215,completed,1
19463,Rigid,1480991,1480992,1740206,1,259214,259215,completed,1
19464,Rigid,1480991,1480992,1740206,1,259214,259215,completed,1
19465,Rigid,1480991,1480992,1740206,1,259214,259215,completed,1
19466,Rigid,1480991,1480992,1740206,1,259214,259215,completed,1
19467,Rigid,1480991,1480992,1740206,1,259214,259215,completed,1
19468,Rigid,1480991,1480992,1740206,1,259214,259215,completed,1
19469,Rigid,1480991,1480992,1740206,1,259214,259215,completed,1
19470,Rigid,1480991,1480992,1740206,1,259214,259215,completed,1
19471,Rigid,1480991,1480992,1740206,1,259214,259215,completed,1
19472,Rigid,1480991,1480992,1740206,1,259214,259215,completed,1
19473,Rigid,1480991,1480992,1740206,1,259214,259215,completed,1
19474,Rigid,1480991,1480992,1740206,1,259214,259215,completed,1
19475,Rigid,1480991,1480992,1740206,1,259214,259215,completed,1
19476,Rigid,1481031,1481032,1483143,1,2111,2112,completed,36
19477,Rigid,1481176,1481176,1619051,0,137875,137875,completed,1
19478,Rigid,1481234,1481234,1740446,0,259212,259212,completed,1
19479,Rigid,1481234,1481234,1740446,0,259212,259212,completed,1
19480,Rigid,1481234,1481234,1740446,0,259212,259212,completed,1
19481,Rigid,1481234,1481234,1740446,0,259212,259212,completed,1
19482,Rigid,1481234,1481234,1740446,0,259212,259212,completed,1
19483,Rigid,1481234,1481234,1740446,0,259212,259212,completed,1
19484,Rigid,1481234,1481234,1740446,0,259212,259212,completed,1
19485,Rigid,1481234,1481234,1740446,0,259212,259212,completed,1
19486,Rigid,1481234,1481234,1740446,0,259212,259212,completed,1
19487,Rigid,1481234,1481234,1740446,0,259212,259212,completed,1
19488,Rigid,1481234,1481234,1740446,0,259212,259212,completed,1
19489,Rigid,1481234,1481234,1740446,0,259212,259212,completed,1
19490,Rigid,1481234,1481234,1740446,0,259212,259212,completed,1
19491,Rigid,1481234,1481234,1740446,0,259212,259212,completed,1
19492,Rigid,1481234,1481235,1740446,1,259211,259212,completed,1
19493,Rigid,1481234,1481235,1740446,1,259211,259212,completed,1
19494,Rigid,1481234,1481235,1740446,1,259211,259212,completed,1
19495,Rigid,1481234,1481235,1740446,1,259211,259212,completed,1
19496,Rigid,1481234,1481235,1487694,1,6459,6460,completed,1
19497,Rigid,1481234,1481235,1740446,1,259211,259212,completed,1
19498,Rigid,1481234,1481235,1740446,1,259211,259212,completed,1
19499,Rigid,1481234,1481235,1740446,1,259211,259212,completed,1
19500,Rigid,1481234,1481235,1740446,1,259211,259212,completed,1
19501,Rigid,1481234,1481235,1740446,1,259211,259212,completed,1
19502,Rigid,1481234,1481235,1740446,1,259211,259212,completed,1
19503,Rigid,1481234,1481235,1740446,1,259211,259212,completed,1
19504,Rigid,1481234,1481235,1740446,1,259211,259212,completed,1
19505,Rigid,1481234,1481235,1740446,1,259211,259212,completed,1
19506,Rigid,1481234,1481235,1740446,1,259211,259212,completed,1
19507,Rigid,1481234,1481235,1740446,1,259211,259212,completed,1
19508,Rigid,1481234,1481235,1740446,1,259211,259212,completed,1
19509,Rigid,1481234,1481235,1740446,1,259211,259212,completed,1
19510,Rigid,1481234,1481235,1740446,1,259211,259212,completed,1
19511,Rigid,1481234,1481235,1740446,1,259211,259212,completed,1
19512,Rigid,1481234,1481235,1740446,1,259211,259212,completed,1
19513,Rigid,1481234,1481235,1740446,1,259211,259212,completed,1
19514,Rigid,1481234,1481235,1740446,1,259211,259212,completed,1
19515,Rigid,1481234,1481235,1740446,1,259211,259212,completed,1
19516,Rigid,1481234,1481235,1740446,1,259211,259212,completed,1
19517,Rigid,1481234,1481235,1740446,1,259211,259212,completed,1
19518,Rigid,1481234,1481235,1740446,1,259211,259212,completed,1
19519,Rigid,1481234,1481235,1740446,1,259211,259212,completed,1
19520,Rigid,1481234,1481235,1740446,1,259211,259212,completed,1
19521,Rigid,1481234,1481235,1740446,1,259211,259212,completed,1
19522,Rigid,1481234,1481235,1740446,1,259211,259212,completed,1
19523,Rigid,1481234,1481235,1740446,1,259211,259212,completed,1
19524,Rigid,1481234,1481235,1740446,1,259211,259212,completed,1
19525,Rigid,1481234,1481235,1740446,1,259211,259212,completed,1
19526,Rigid,1481234,1481235,1740446,1,259211,259212,completed,1
19527,Rigid,1481234,1481235,1740446,1,259211,259212,completed,1
19528,Rigid,1481234,1481235,1740446,1,259211,259212,completed,1
19529,Rigid,1481234,1481235,1740446,1,259211,259212,completed,1
19530,Rigid,1481234,1481235,1740446,1,259211,259212,completed,1
19531,Rigid,1481234,1481235,1740446,1,259211,259212,completed,1
19532,Rigid,1481234,1481235,1740446,1,259211,259212,completed,1
19533,Rigid,1481234,1481235,1740446,1,259211,259212,completed,1
19534,Rigid,1481234,1481235,1740446,1,259211,259212,completed,1
19535,Rigid,1481234,1481235,1740446,1,259211,259212,completed,1
19536,Rigid,1481234,1481235,1740446,1,259211,259212,completed,1
19537,Rigid,1481234,1481235,1740446,1,259211,259212,completed,1
19538,Rigid,1481234,1481235,1740446,1,259211,259212,completed,1
19539,Rigid,1481234,1481235,1740446,1,259211,259212,completed,1
19540,Rigid,1481234,1481235,1740446,1,259211,259212,completed,1
19541,Rigid,1481234,1481235,1740446,1,259211,259212,completed,1
19542,Rigid,1481234,1481235,1740446,1,259211,259212,completed,1
19543,Rigid,1481234,1481235,1740446,1,259211,259212,completed,1
19544,Rigid,1481234,1481235,1740446,1,259211,259212,completed,1
19545,Rigid,1481234,1481235,1740446,1,259211,259212,completed,1
19546,Rigid,1481234,1481235,1740446,1,259211,259212,completed,1
19547,Rigid,1481234,1481235,1740446,1,259211,259212,completed,1
19548,Rigid,1481234,1481235,1740446,1,259211,259212,completed,1
19549,Rigid,1481234,1481235,1740446,1,259211,259212,completed,1
19550,Rigid,1481234,1481235,1740446,1,259211,259212,completed,1
19551,Rigid,1481234,1481235,1740446,1,259211,259212,completed,1
19552,Rigid,1481234,1481235,1740446,1,259211,259212,completed,1
19553,Rigid,1481234,1481235,1740446,1,259211,259212,completed,1
19554,Rigid,1481234,1481235,1740446,1,259211,259212,completed,1
19555,Rigid,1481234,1481235,1740446,1,259211,259212,completed,1
19556,Rigid,1481234,1481235,1740446,1,259211,259212,completed,1
19557,Rigid,1481234,1481235,1740446,1,259211,259212,completed,1
19558,Rigid,1481239,1481239,1740446,0,259207,259207,completed,1
19559,Rigid,1481239,1481239,1740446,0,259207,259207,completed,1
19560,Rigid,1481239,1481240,1740446,1,259206,259207,completed,1
19561,Rigid,1481239,1481240,1740446,1,259206,259207,completed,1
19562,Rigid,1481239,1481240,1740446,1,259206,259207,completed,1
19563,Rigid,1481239,1481240,1740446,1,259206,259207,completed,1
19564,Rigid,1481239,1481240,1740446,1,259206,259207,completed,1
19565,Rigid,1481239,1481240,1740446,1,259206,259207,completed,1
19566,Rigid,1481239,1481240,1740446,1,259206,259207,completed,1
19567,Rigid,1481239,1481240,1740446,1,259206,259207,completed,1
19568,Rigid,1481239,1481240,1740446,1,259206,259207,completed,1
19569,Rigid,1481239,1482481,1741706,1242,259225,260467,completed,1
19570,Rigid,1481239,1482481,1741706,1242,259225,260467,completed,1
19571,Rigid,1481239,1482481,1741706,1242,259225,260467,completed,1
19572,Rigid,1481239,1482481,1741706,1242,259225,260467,completed,1
19573,Rigid,1481239,1482481,1741706,1242,259225,260467,completed,1
19574,Rigid,1481239,1482481,1741706,1242,259225,260467,completed,1
19575,Rigid,1481239,1482481,1741706,1242,259225,260467,completed,1
19576,Rigid,1481239,1482481,1741706,1242,259225,260467,completed,1
19577,Rigid,1481239,1482481,1741706,1242,259225,260467,completed,1
19578,Rigid,1481239,1482481,1741706,1242,259225,260467,completed,1
19579,Rigid,1481239,1482481,1741706,1242,259225,260467,completed,1
19580,Rigid,1481239,1482481,1741706,1242,259225,260467,completed,1
19581,Rigid,1481239,1482481,1741706,1242,259225,260467,completed,1
19582,Rigid,1481239,1482481,1741706,1242,259225,260467,completed,1
19583,Rigid,1481239,1482481,1741706,1242,259225,260467,completed,1
19584,Rigid,1481239,1482481,1741706,1242,259225,260467,completed,1
19585,Rigid,1481239,1482481,1741706,1242,259225,260467,completed,1
19586,Rigid,1481239,1482481,1741706,1242,259225,260467,completed,1
19587,Rigid,1481239,1482481,1741706,1242,259225,260467,completed,1
19588,Rigid,1481239,1482481,1741706,1242,259225,260467,completed,1
19589,Rigid,1481239,1482481,1741706,1242,259225,260467,completed,1
19590,Rigid,1481239,1482481,1741706,1242,259225,260467,completed,1
19591,Rigid,1481239,1482481,1741706,1242,259225,260467,completed,1
19592,Rigid,1481239,1482481,1741706,1242,259225,260467,completed,1
19593,Rigid,1481239,1482481,1741706,1242,259225,260467,completed,1
19594,Rigid,1481239,1482481,1741706,1242,259225,260467,completed,1
19595,Rigid,1481239,1482481,1741706,1242,259225,260467,completed,1
19596,Rigid,1481239,1482481,1741706,1242,259225,260467,completed,1
19597,Rigid,1481239,1482481,1741706,1242,259225,260467,completed,1
19598,Rigid,1481239,1482481,1741706,1242,259225,260467,completed,1
19599,Rigid,1481239,1482481,1741706,1242,259225,260467,completed,1
19600,Rigid,1481239,1482481,1741706,1242,259225,260467,completed,1
19601,Rigid,1481239,1482481,1741706,1242,259225,260467,completed,1
19602,Rigid,1481239,1482481,1741706,1242,259225,260467,completed,1
19603,Rigid,1481239,1482481,1741706,1242,259225,260467,completed,1
19604,Rigid,1481239,1482481,1741706,1242,259225,260467,completed,1
19605,Rigid,1481239,1482488,1741706,1249,259218,260467,completed,1
19606,Rigid,1481239,1482488,1741706,1249,259218,260467,completed,1
19607,Rigid,1481239,1482488,1741706,1249,259218,260467,completed,1
19608,Rigid,1481244,1482488,1741706,1244,259218,260462,completed,1
19609,Rigid,1481244,1482488,1741706,1244,259218,260462,completed,1
19610,Rigid,1481244,1482488,1741706,1244,259218,260462,completed,1
19611,Rigid,1481244,1482488,1741706,1244,259218,260462,completed,1
19612,Rigid,1481244,1482488,1741706,1244,259218,260462,completed,1
19613,Rigid,1481244,1482488,1741706,1244,259218,260462,completed,1
19614,Rigid,1481244,1482488,1741706,1244,259218,260462,completed,1
19615,Rigid,1481244,1482488,1741706,1244,259218,260462,completed,1
19616,Rigid,1481244,1482488,1741706,1244,259218,260462,completed,1
19617,Rigid,1481244,1482488,1741706,1244,259218,260462,completed,1
19618,Rigid,1481244,1482488,1741706,1244,259218,260462,completed,1
19619,Rigid,1481244,1482488,1741706,1244,259218,260462,completed,1
19620,Rigid,1481244,1482488,1741706,1244,259218,260462,completed,1
19621,Rigid,1481244,1482488,1741706,1244,259218,260462,completed,1
19622,Rigid,1481244,1482488,1741706,1244,259218,260462,completed,1
19623,Rigid,1481244,1482488,1741706,1244,259218,260462,completed,1
19624,Rigid,1481244,1482488,1741706,1244,259218,260462,completed,1
19625,Rigid,1481244,1482488,1741706,1244,259218,260462,completed,1
19626,Rigid,1481244,1482488,1741706,1244,259218,260462,completed,1
19627,Rigid,1481244,1482488,1741706,1244,259218,260462,completed,1
19628,Rigid,1481244,1482488,1741706,1244,259218,260462,completed,1
19629,Rigid,1481244,1482488,1741706,1244,259218,260462,completed,1
19630,Rigid,1481244,1482488,1741706,1244,259218,260462,completed,1
19631,Rigid,1481244,1482488,1741706,1244,259218,260462,completed,1
19632,Rigid,1481244,1482488,1741706,1244,259218,260462,completed,1
19633,Rigid,1481244,1482488,1741706,1244,259218,260462,completed,1
19634,Rigid,1481244,1482488,1741706,1244,259218,260462,completed,1
19635,Rigid,1481244,1482488,1741706,1244,259218,260462,completed,1
19636,Rigid,1481244,1482488,1741706,1244,259218,260462,completed,1
19637,Rigid,1481244,1482488,1741706,1244,259218,260462,completed,1
19638,Rigid,1481244,1482488,1741706,1244,259218,260462,completed,1
19639,Rigid,1481244,1482488,1741706,1244,259218,260462,completed,1
19640,Rigid,1481244,1482488,1741706,1244,259218,260462,completed,1
19641,Rigid,1481244,1482496,1741706,1252,259210,260462,completed,1
19642,Rigid,1481244,1482496,1741706,1252,259210,260462,completed,1
19643,Rigid,1481244,1482496,1741706,1252,259210,260462,completed,1
19644,Rigid,1481244,1482496,1741706,1252,259210,260462,completed,1
19645,Rigid,1481244,1482496,1741706,1252,259210,260462,completed,1
19646,Rigid,1481244,1482496,1741706,1252,259210,260462,completed,1
19647,Rigid,1481244,1482496,1741706,1252,259210,260462,completed,1
19648,Rigid,1481244,1482496,1741706,1252,259210,260462,completed,1
19649,Rigid,1481244,1482496,1741706,1252,259210,260462,completed,1
19650,Rigid,1481244,1482496,1741706,1252,259210,260462,completed,1
19651,Rigid,1481244,1482496,1741706,1252,259210,260462,completed,1
19652,Rigid,1481244,1482496,1741706,1252,259210,260462,completed,1
19653,Rigid,1481244,1482496,1741706,1252,259210,260462,completed,1
19654,Rigid,1481244,1482496,1741706,1252,259210,260462,completed,1
19655,Rigid,1481244,1482496,1741706,1252,259210,260462,completed,1
19656,Rigid,1481244,1482496,1741706,1252,259210,260462,completed,1
19657,Rigid,1481244,1482496,1741706,1252,259210,260462,completed,1
19658,Rigid,1481248,1482496,1741706,1248,259210,260458,completed,1
19659,Rigid,1481248,1482496,1741706,1248,259210,260458,completed,1
19660,Rigid,1481248,1482496,1741706,1248,259210,260458,completed,1
19661,Rigid,1481248,1482496,1741706,1248,259210,260458,completed,1
19662,Rigid,1481248,1482496,1741706,1248,259210,260458,completed,1
19663,Rigid,1481248,1482496,1741706,1248,259210,260458,completed,1
19664,Rigid,1481248,1482496,1741706,1248,259210,260458,completed,1
19665,Rigid,1481248,1482496,1741706,1248,259210,260458,completed,1
19666,Rigid,1481248,1482496,1741706,1248,259210,260458,completed,1
19667,Rigid,1481248,1482496,1741706,1248,259210,260458,completed,1
19668,Rigid,1481248,1482497,1741706,1249,259209,260458,completed,1
19669,Rigid,1481248,1482497,1741706,1249,259209,260458,completed,1
19670,Rigid,1481248,1482497,1741706,1249,259209,260458,completed,1
19671,Rigid,1481248,1482497,1741706,1249,259209,260458,completed,1
19672,Rigid,1481248,1482497,1741706,1249,259209,260458,completed,1
19673,Rigid,1481248,1482497,1741706,1249,259209,260458,completed,1
19674,Rigid,1481248,1482497,1741706,1249,259209,260458,completed,1
19675,Rigid,1481248,1482497,1741706,1249,259209,260458,completed,1
19676,Rigid,1481248,1482497,1741706,1249,259209,260458,completed,1
19677,Rigid,1481248,1482540,1741766,1292,259226,260518,completed,1
19678,Rigid,1481248,1482540,1741766,1292,259226,260518,completed,1
19679,Rigid,1481248,1482540,1741766,1292,259226,260518,completed,1
19680,Rigid,1481248,1482540,1741766,1292,259226,260518,completed,1
19681,Rigid,1481248,1482540,1741766,1292,259226,260518,completed,1
19682,Rigid,1481248,1482540,1741766,1292,259226,260518,completed,1
19683,Rigid,1481248,1482540,1741766,1292,259226,260518,completed,1
19684,Rigid,1481248,1482540,1741766,1292,259226,260518,completed,1
19685,Rigid,1481248,1482540,1741766,1292,259226,260518,completed,1
19686,Rigid,1481248,1482540,1741766,1292,259226,260518,completed,1
19687,Rigid,1481248,1482540,1741766,1292,259226,260518,completed,1
19688,Rigid,1481248,1482540,1741766,1292,259226,260518,completed,1
19689,Rigid,1481248,1482540,1741766,1292,259226,260518,completed,1
19690,Rigid,1481248,1482540,1741766,1292,259226,260518,completed,1
19691,Rigid,1481248,1482540,1741766,1292,259226,260518,completed,1
19692,Rigid,1481248,1482540,1741766,1292,259226,260518,completed,1
19693,Rigid,1481248,1482540,1741766,1292,259226,260518,completed,1
19694,Rigid,1481248,1482540,1741766,1292,259226,260518,completed,1
19695,Rigid,1481248,1482540,1741766,1292,259226,260518,completed,1
19696,Rigid,1481248,1482540,1741766,1292,259226,260518,completed,1
19697,Rigid,1481248,1482540,1741766,1292,259226,260518,completed,1
19698,Rigid,1481248,1482540,1741766,1292,259226,260518,completed,1
19699,Rigid,1481248,1482540,1741766,1292,259226,260518,completed,1
19700,Rigid,1481248,1482540,1741766,1292,259226,260518,completed,1
19701,Rigid,1481248,1482540,1741766,1292,259226,260518,completed,1
19702,Rigid,1481248,1482540,1741766,1292,259226,260518,completed,1
19703,Rigid,1481248,1482540,1741766,1292,259226,260518,completed,1
19704,Rigid,1481248,1482540,1741766,1292,259226,260518,completed,1
19705,Rigid,1481248,1482540,1741766,1292,259226,260518,completed,1
19706,Rigid,1481248,1482540,1741766,1292,259226,260518,completed,1
19707,Rigid,1481248,1482540,1741766,1292,259226,260518,completed,1
19708,Rigid,1481253,1482540,1741766,1287,259226,260513,completed,1
19709,Rigid,1481253,1482540,1741766,1287,259226,260513,completed,1
19710,Rigid,1481253,1482540,1741766,1287,259226,260513,completed,1
19711,Rigid,1481253,1482540,1741766,1287,259226,260513,completed,1
19712,Rigid,1481253,1482540,1741766,1287,259226,260513,completed,1
19713,Rigid,1481253,1482548,1741766,1295,259218,260513,completed,1
19714,Rigid,1481253,1482548,1741766,1295,259218,260513,completed,1
19715,Rigid,1481253,1482548,1741766,1295,259218,260513,completed,1
19716,Rigid,1481253,1482548,1741766,1295,259218,260513,completed,1
19717,Rigid,1481253,1482548,1741766,1295,259218,260513,completed,1
19718,Rigid,1481253,1482548,1741766,1295,259218,260513,completed,1
19719,Rigid,1481253,1482548,1741766,1295,259218,260513,completed,1
19720,Rigid,1481253,1482548,1741766,1295,259218,260513,completed,1
19721,Rigid,1481253,1482548,1741766,1295,259218,260513,completed,1
19722,Rigid,1481253,1482548,1741766,1295,259218,260513,completed,1
19723,Rigid,1481253,1482548,1741766,1295,259218,260513,completed,1
19724,Rigid,1481253,1482548,1741766,1295,259218,260513,completed,1
19725,Rigid,1481253,1482548,1741766,1295,259218,260513,completed,1
19726,Rigid,1481253,1482548,1482606,1295,58,1353,completed,1
19727,Rigid,1481253,1482548,1741766,1295,259218,260513,completed,1
19728,Rigid,1481253,1482548,1741766,1295,259218,260513,completed,1
19729,Rigid,1481253,1482548,1741766,1295,259218,260513,completed,1
19730,Rigid,1481253,1482548,1741766,1295,259218,260513,completed,1
19731,Rigid,1481253,1482548,1741766,1295,259218,260513,completed,1
19732,Rigid,1481253,1482548,1741766,1295,259218,260513,completed,1
19733,Rigid,1481253,1482548,1741766,1295,259218,260513,completed,1
19734,Rigid,1481253,1482548,1741766,1295,259218,260513,completed,1
19735,Rigid,1481253,1482548,1741766,1295,259218,260513,completed,1
19736,Rigid,1481253,1482548,1741766,1295,259218,260513,completed,1
19737,Rigid,1481253,1482548,1741766,1295,259218,260513,completed,1
19738,Rigid,1481253,1482548,1741766,1295,259218,260513,completed,1
19739,Rigid,1481253,1482548,1741766,1295,259218,260513,completed,1
19740,Rigid,1481253,1482548,1741766,1295,259218,260513,completed,1
19741,Rigid,1481253,1482548,1741766,1295,259218,260513,completed,1
19742,Rigid,1481253,1482548,1741766,1295,259218,260513,completed,1
19743,Rigid,1481253,1482548,1741766,1295,259218,260513,completed,1
19744,Rigid,1481253,1482548,1741766,1295,259218,260513,completed,1
19745,Rigid,1481253,1482548,1741766,1295,259218,260513,completed,1
19746,Rigid,1481253,1482548,1741766,1295,259218,260513,completed,1
19747,Rigid,1481253,1482548,1741766,1295,259218,260513,completed,1
19748,Rigid,1481253,1482548,1741766,1295,259218,260513,completed,1
19749,Rigid,1481253,1482550,1741766,1297,259216,260513,completed,1
19750,Rigid,1481253,1482551,1741766,1298,259215,260513,completed,1
19751,Rigid,1481253,1482551,1741766,1298,259215,260513,completed,1
19752,Rigid,1481253,1482551,1741766,1298,259215,260513,completed,1
19753,Rigid,1481253,1482551,1741766,1298,259215,260513,completed,1
19754,Rigid,1481253,1482551,1741766,1298,259215,260513,completed,1
19755,Rigid,1481253,1482551,1741766,1298,259215,260513,completed,1
19756,Rigid,1481253,1482551,1741766,1298,259215,260513,completed,1
19757,Rigid,1481253,1482551,1741766,1298,259215,260513,completed,1
19758,Rigid,1482382,1482477,1482479,95,2,97,completed,36
19759,Rigid,1482672,1482672,1483091,0,419,419,completed,36
19760,Rigid,1483050,1483050,1483054,0,4,4,completed,36
19761,Rigid,1483225,1483225,1483228,0,3,3,completed,36
19762,Rigid,1483441,1483441,1483603,0,162,162,completed,36
19763,Rigid,1483615,1483616,1483710,1,94,95,completed,1
19764,Rigid,1483847,1483848,1484041,1,193,194,completed,36
19765,Rigid,1483992,1483993,1527160,1,43167,43168,completed,36
19766,Rigid,1483992,1483993,1522345,1,38352,38353,completed,36
19767,Rigid,1483992,1483993,1525687,1,41694,41695,completed,36
19768,Rigid,1483992,1483993,1522406,1,38413,38414,completed,36
19769,Rigid,1483992,1483993,1522070,1,38077,38078,completed,36
19770,Rigid,1483992,1483993,1523172,1,39179,39180,completed,36
19771,Rigid,1483992,1483993,1522741,1,38748,38749,completed,36
19772,Rigid,1483992,1483993,1522416,1,38423,38424,completed,36
19773,Rigid,1483992,1483993,1526024,1,42031,42032,completed,36
19774,Rigid,1483992,1483993,1522126,1,38133,38134,completed,36
19775,Rigid,1483992,1483993,1526185,1,42192,42193,completed,36
19776,Rigid,1483992,1483993,1554438,1,70445,70446,completed,36
19777,Rigid,1484082,1484083,1522014,1,37931,37932,completed,36
19778,Rigid,1484083,1484083,1526704,0,42621,42621,completed,36
19779,Rigid,1484083,1484083,1527166,0,43083,43083,completed,36
19780,Rigid,1484083,1484083,1523566,0,39483,39483,completed,36
19781,Rigid,1484286,1484286,1484331,0,45,45,completed,1
19782,Rigid,1484405,1484406,1484578,1,172,173,completed,36
19783,Rigid,1484676,1484676,1485161,0,485,485,completed,36
19784,Rigid,1485163,1485163,1485340,0,177,177,completed,36
19785,Rigid,1485191,1485192,1485240,1,48,49,completed,1
19786,Rigid,1485361,1485361,1485541,0,180,180,completed,18
19787,Rigid,1485441,1485442,1525167,1,39725,39726,completed,72
19788,Rigid,1485441,1485442,1486816,1,1374,1375,completed,1
19789,Rigid,1485549,1485550,1486874,1,1324,1325,completed,1
19790,Rigid,1485597,1485598,1485606,1,8,9,completed,1
19791,Rigid,1485663,1485664,1488745,1,3081,3082,completed,1
19792,Rigid,1485703,1485704,1488789,1,3085,3086,completed,1
19793,Rigid,1485800,1485801,1745006,1,259205,259206,completed,1
19794,Rigid,1485800,1485801,1745006,1,259205,259206,completed,1
19795,Rigid,1485800,1485801,1745006,1,259205,259206,completed,1
19796,Rigid,1485800,1485801,1745006,1,259205,259206,completed,1
19797,Rigid,1485800,1485801,1745006,1,259205,259206,completed,1
19798,Rigid,1485800,1485801,1745006,1,259205,259206,completed,1
19799,Rigid,1485800,1485801,1745006,1,259205,259206,completed,1
19800,Rigid,1485800,1485801,1745006,1,259205,259206,completed,1
19801,Rigid,1485800,1485801,1745006,1,259205,259206,completed,1
19802,Rigid,1485800,1485801,1745006,1,259205,259206,completed,1
19803,Rigid,1485879,1485880,1485896,1,16,17,completed,16
19804,Rigid,1485894,1485894,1487198,0,1304,1304,completed,1
19805,Rigid,1485952,1485952,1487297,0,1345,1345,completed,1
19806,Rigid,1485988,1485988,1486509,0,521,521,completed,36
19807,Rigid,1486048,1486049,1831649,1,345600,345601,completed,72
19808,Rigid,1486083,1486083,1496314,0,10231,10231,completed,36
19809,Rigid,1486105,1486106,1486123,1,17,18,completed,16
19810,Rigid,1486140,1486141,1486155,1,14,15,completed,1
19811,Rigid,1486220,1486220,1486629,0,409,409,completed,1
19812,Rigid,1486225,1486225,1486235,0,10,10,completed,16
19813,Rigid,1486281,1486282,1486633,1,351,352,completed,1
19814,Rigid,1486404,1486404,1486611,0,207,207,completed,18
19815,Rigid,1486691,1486692,1486709,1,17,18,completed,16
19816,Rigid,1486740,1486740,1489592,0,2852,2852,completed,1
19817,Rigid,1486800,1486801,1489179,1,2378,2379,completed,1
19818,Rigid,1487023,1487023,1489661,0,2638,2638,completed,18
19819,Rigid,1487121,1487122,1488760,1,1638,1639,completed,1
19820,Rigid,1487163,1487163,1490014,0,2851,2851,completed,1
19821,Rigid,1487266,1487267,1488514,1,1247,1248,completed,1
19822,Rigid,1487351,1487354,1487372,3,18,21,completed,16
19823,Rigid,1487370,1487371,1487445,1,74,75,completed,36
19824,Rigid,1487447,1487447,1487725,0,278,278,completed,36
19825,Rigid,1487727,1487727,1488216,0,489,489,completed,36
19826,Rigid,1487728,1487728,1748761,0,261033,261033,completed,36
19827,Rigid,1487957,1487957,1487975,0,18,18,completed,36
19828,Rigid,1488154,1488163,1488170,9,7,16,completed,36
19829,Rigid,1488209,1488210,1488216,1,6,7,completed,36
19830,Rigid,1488258,1488258,1488278,0,20,20,completed,36
19831,Rigid,1488328,1488328,1488441,0,113,113,completed,36
19832,Rigid,1488469,1488470,1501101,1,12631,12632,completed,36
19833,Rigid,1488567,1488568,1488582,1,14,15,completed,36
19834,Rigid,1488638,1488638,1488813,0,175,175,completed,36
19835,Rigid,1488719,1488719,1488722,0,3,3,completed,36
19836,Rigid,1488841,1488841,1489122,0,281,281,completed,36
19837,Rigid,1489124,1489124,1489145,0,21,21,completed,2
19838,Rigid,1489124,1489124,1489135,0,11,11,completed,2
19839,Rigid,1489124,1489124,1489135,0,11,11,completed,2
19840,Rigid,1489124,1489124,1489135,0,11,11,completed,2
19841,Rigid,1489124,1489124,1489135,0,11,11,completed,2
19842,Rigid,1489124,1489124,1489135,0,11,11,completed,2
19843,Rigid,1489124,1489126,1489152,2,26,28,completed,2
19844,Rigid,1489124,1489126,1489135,2,9,11,completed,2
19845,Rigid,1489124,1489126,1489135,2,9,11,completed,2
19846,Rigid,1489125,1489126,1489135,1,9,10,completed,2
19847,Rigid,1489125,1489126,1489135,1,9,10,completed,2
19848,Rigid,1489125,1489126,1489136,1,10,11,completed,2
19849,Rigid,1489125,1489126,1489155,1,29,30,completed,2
19850,Rigid,1489125,1489126,1489135,1,9,10,completed,2
19851,Rigid,1489125,1489126,1489135,1,9,10,completed,2
19852,Rigid,1489126,1489126,1489137,0,11,11,completed,2
19853,Rigid,1489126,1489126,1489154,0,28,28,completed,2
19854,Rigid,1489126,1489128,1489135,2,7,9,completed,2
19855,Rigid,1489126,1489128,1489135,2,7,9,completed,2
19856,Rigid,1489126,1489128,1489135,2,7,9,completed,2
19857,Rigid,1489126,1489128,1489145,2,17,19,completed,2
19858,Rigid,1489126,1489128,1489135,2,7,9,completed,2
19859,Rigid,1489126,1489128,1489135,2,7,9,completed,2
19860,Rigid,1489126,1489128,1489135,2,7,9,completed,2
19861,Rigid,1489126,1489128,1489135,2,7,9,completed,2
19862,Rigid,1489126,1489128,1489135,2,7,9,completed,2
19863,Rigid,1489126,1489128,1489135,2,7,9,completed,2
19864,Rigid,1489127,1489128,1489135,1,7,8,completed,2
19865,Rigid,1489127,1489128,1489135,1,7,8,completed,2
19866,Rigid,1489127,1489128,1489135,1,7,8,completed,2
19867,Rigid,1489127,1489128,1489135,1,7,8,completed,2
19868,Rigid,1489127,1489128,1489135,1,7,8,completed,2
19869,Rigid,1489127,1489128,1489135,1,7,8,completed,2
19870,Rigid,1489127,1489128,1489135,1,7,8,completed,2
19871,Rigid,1489127,1489128,1489135,1,7,8,completed,2
19872,Rigid,1489127,1489128,1489135,1,7,8,completed,2
19873,Rigid,1489127,1489128,1489135,1,7,8,completed,2
19874,Rigid,1489127,1489128,1489135,1,7,8,completed,2
19875,Rigid,1489127,1489128,1489135,1,7,8,completed,2
19876,Rigid,1489127,1489128,1489135,1,7,8,completed,2
19877,Rigid,1489127,1489128,1489135,1,7,8,completed,2
19878,Rigid,1489128,1489128,1489135,0,7,7,completed,2
19879,Rigid,1489128,1489128,1489136,0,8,8,completed,2
19880,Rigid,1489128,1489128,1489135,0,7,7,completed,2
19881,Rigid,1489128,1489129,1489135,1,6,7,completed,2
19882,Rigid,1489128,1489129,1489135,1,6,7,completed,2
19883,Rigid,1489128,1489129,1489135,1,6,7,completed,2
19884,Rigid,1489128,1489129,1489135,1,6,7,completed,2
19885,Rigid,1489128,1489129,1489135,1,6,7,completed,2
19886,Rigid,1489128,1489129,1489135,1,6,7,completed,2
19887,Rigid,1489128,1489129,1489135,1,6,7,completed,2
19888,Rigid,1489128,1489129,1489135,1,6,7,completed,2
19889,Rigid,1489128,1489129,1489135,1,6,7,completed,2
19890,Rigid,1489128,1489129,1489135,1,6,7,completed,2
19891,Rigid,1489128,1489129,1489135,1,6,7,completed,2
19892,Rigid,1489128,1489129,1489135,1,6,7,completed,2
19893,Rigid,1489129,1489129,1489135,0,6,6,completed,2
19894,Rigid,1489129,1489133,1489139,4,6,10,completed,2
19895,Rigid,1489129,1489133,1489139,4,6,10,completed,2
19896,Rigid,1489129,1489133,1489139,4,6,10,completed,2
19897,Rigid,1489129,1489133,1489139,4,6,10,completed,2
19898,Rigid,1489129,1489133,1489139,4,6,10,completed,2
19899,Rigid,1489129,1489133,1489139,4,6,10,completed,2
19900,Rigid,1489129,1489133,1489139,4,6,10,completed,2
19901,Rigid,1489129,1489133,1489139,4,6,10,completed,2
19902,Rigid,1489129,1489133,1489139,4,6,10,completed,2
19903,Rigid,1489129,1489133,1489139,4,6,10,completed,2
19904,Rigid,1489129,1489133,1489139,4,6,10,completed,2
19905,Rigid,1489129,1489133,1489139,4,6,10,completed,2
19906,Rigid,1489129,1489133,1489139,4,6,10,completed,2
19907,Rigid,1489129,1489133,1489139,4,6,10,completed,2
19908,Rigid,1489129,1489133,1489139,4,6,10,completed,2
19909,Rigid,1489129,1489133,1489164,4,31,35,completed,2
19910,Rigid,1489129,1489133,1489177,4,44,48,completed,2
19911,Rigid,1489129,1489133,1489139,4,6,10,completed,2
19912,Rigid,1489129,1489133,1489139,4,6,10,completed,2
19913,Rigid,1489129,1489133,1489139,4,6,10,completed,2
19914,Rigid,1489130,1489133,1489140,3,7,10,completed,2
19915,Rigid,1489130,1489133,1489139,3,6,9,completed,2
19916,Rigid,1489130,1489133,1489139,3,6,9,completed,2
19917,Rigid,1489130,1489133,1489174,3,41,44,completed,2
19918,Rigid,1489130,1489133,1489166,3,33,36,completed,2
19919,Rigid,1489130,1489133,1489139,3,6,9,completed,2
19920,Rigid,1489130,1489133,1489139,3,6,9,completed,2
19921,Rigid,1489130,1489133,1489139,3,6,9,completed,2
19922,Rigid,1489130,1489133,1489140,3,7,10,completed,2
19923,Rigid,1489130,1489133,1489139,3,6,9,completed,2
19924,Rigid,1489130,1489133,1489182,3,49,52,completed,2
19925,Rigid,1489130,1489133,1489176,3,43,46,completed,2
19926,Rigid,1489130,1489133,1489176,3,43,46,completed,2
19927,Rigid,1489130,1489133,1489140,3,7,10,completed,2
19928,Rigid,1489130,1489133,1489140,3,7,10,completed,2
19929,Rigid,1489130,1489133,1489140,3,7,10,completed,2
19930,Rigid,1489130,1489133,1489140,3,7,10,completed,2
19931,Rigid,1489130,1489133,1489140,3,7,10,completed,2
19932,Rigid,1489130,1489133,1489140,3,7,10,completed,2
19933,Rigid,1489130,1489133,1489140,3,7,10,completed,2
19934,Rigid,1489130,1489133,1489162,3,29,32,completed,2
19935,Rigid,1489130,1489133,1489152,3,19,22,completed,2
19936,Rigid,1489130,1489133,1489161,3,28,31,completed,2
19937,Rigid,1489130,1489133,1489140,3,7,10,completed,2
19938,Rigid,1489130,1489133,1489140,3,7,10,completed,2
19939,Rigid,1489130,1489133,1489140,3,7,10,completed,2
19940,Rigid,1489130,1489133,1489140,3,7,10,completed,2
19941,Rigid,1489131,1489133,1489140,2,7,9,completed,2
19942,Rigid,1489131,1489133,1489140,2,7,9,completed,2
19943,Rigid,1489131,1489133,1489140,2,7,9,completed,2
19944,Rigid,1489131,1489133,1489156,2,23,25,completed,2
19945,Rigid,1489131,1489133,1489168,2,35,37,completed,2
19946,Rigid,1489131,1489133,1489169,2,36,38,completed,2
19947,Rigid,1489131,1489133,1489140,2,7,9,completed,2
19948,Rigid,1489131,1489133,1489140,2,7,9,completed,2
19949,Rigid,1489131,1489133,1489140,2,7,9,completed,2
19950,Rigid,1489131,1489133,1489140,2,7,9,completed,2
19951,Rigid,1489131,1489133,1489140,2,7,9,completed,2
19952,Rigid,1489131,1489133,1489163,2,30,32,completed,2
19953,Rigid,1489131,1489133,1489167,2,34,36,completed,2
19954,Rigid,1489131,1489133,1489149,2,16,18,completed,2
19955,Rigid,1489131,1489133,1489140,2,7,9,completed,2
19956,Rigid,1489131,1489133,1489140,2,7,9,completed,2
19957,Rigid,1489131,1489133,1489140,2,7,9,completed,2
19958,Rigid,1489131,1489133,1489140,2,7,9,completed,2
19959,Rigid,1489131,1489133,1489140,2,7,9,completed,2
19960,Rigid,1489131,1489133,1489140,2,7,9,completed,2
19961,Rigid,1489131,1489133,1489140,2,7,9,completed,2
19962,Rigid,1489131,1489133,1489161,2,28,30,completed,2
19963,Rigid,1489131,1489133,1489171,2,38,40,completed,2
19964,Rigid,1489131,1489133,1489169,2,36,38,completed,2
19965,Rigid,1489131,1489133,1489140,2,7,9,completed,2
19966,Rigid,1489131,1489133,1489140,2,7,9,completed,2
19967,Rigid,1489131,1489133,1489140,2,7,9,completed,2
19968,Rigid,1489131,1489133,1489140,2,7,9,completed,2
19969,Rigid,1489131,1489133,1489140,2,7,9,completed,2
19970,Rigid,1489131,1489133,1489140,2,7,9,completed,2
19971,Rigid,1489131,1489133,1489148,2,15,17,completed,2
19972,Rigid,1489131,1489133,1489164,2,31,33,completed,2
19973,Rigid,1489131,1489133,1489158,2,25,27,completed,2
19974,Rigid,1489132,1489133,1489140,1,7,8,completed,2
19975,Rigid,1489132,1489133,1489140,1,7,8,completed,2
19976,Rigid,1489132,1489133,1489140,1,7,8,completed,2
19977,Rigid,1489132,1489133,1489140,1,7,8,completed,2
19978,Rigid,1489132,1489133,1489140,1,7,8,completed,2
19979,Rigid,1489132,1489133,1489165,1,32,33,completed,2
19980,Rigid,1489132,1489133,1489174,1,41,42,completed,2
19981,Rigid,1489132,1489133,1489161,1,28,29,completed,2
19982,Rigid,1489132,1489133,1489150,1,17,18,completed,2
19983,Rigid,1489132,1489133,1489150,1,17,18,completed,2
19984,Rigid,1489132,1489133,1489150,1,17,18,completed,2
19985,Rigid,1489132,1489133,1489150,1,17,18,completed,2
19986,Rigid,1489132,1489133,1489150,1,17,18,completed,2
19987,Rigid,1489132,1489133,1489173,1,40,41,completed,2
19988,Rigid,1489132,1489133,1489175,1,42,43,completed,2
19989,Rigid,1489132,1489133,1489177,1,44,45,completed,2
19990,Rigid,1489132,1489133,1489150,1,17,18,completed,2
19991,Rigid,1489132,1489133,1489150,1,17,18,completed,2
19992,Rigid,1489132,1489133,1489150,1,17,18,completed,2
19993,Rigid,1489132,1489133,1489150,1,17,18,completed,2
19994,Rigid,1489132,1489133,1489150,1,17,18,completed,2
19995,Rigid,1489132,1489133,1489180,1,47,48,completed,2
19996,Rigid,1489132,1489133,1489171,1,38,39,completed,2
19997,Rigid,1489132,1489133,1489181,1,48,49,completed,2
19998,Rigid,1489132,1489133,1489150,1,17,18,completed,2
19999,Rigid,1489132,1489133,1489139,1,6,7,completed,2
20000,Rigid,1489132,1489133,1489139,1,6,7,completed,2
20001,Rigid,1489132,1489133,1489139,1,6,7,completed,2
20002,Rigid,1489132,1489133,1489139,1,6,7,completed,2
20003,Rigid,1489132,1489133,1489139,1,6,7,completed,2
20004,Rigid,1489132,1489133,1489155,1,22,23,completed,2
20005,Rigid,1489133,1489133,1489156,0,23,23,completed,2
20006,Rigid,1489133,1489133,1489149,0,16,16,completed,2
20007,Rigid,1489133,1489133,1489139,0,6,6,completed,2
20008,Rigid,1489133,1489133,1489139,0,6,6,completed,2
20009,Rigid,1489133,1489133,1489139,0,6,6,completed,2
20010,Rigid,1489133,1489137,1489158,4,21,25,completed,2
20011,Rigid,1489133,1489137,1489158,4,21,25,completed,2
20012,Rigid,1489133,1489137,1489158,4,21,25,completed,2
20013,Rigid,1489133,1489137,1489159,4,22,26,completed,2
20014,Rigid,1489134,1489137,1489175,3,38,41,completed,2
20015,Rigid,1489134,1489137,1489178,3,41,44,completed,2
20016,Rigid,1489134,1489137,1489168,3,31,34,completed,2
20017,Rigid,1489134,1489137,1489158,3,21,24,completed,2
20018,Rigid,1489134,1489137,1489158,3,21,24,completed,2
20019,Rigid,1489134,1489137,1489159,3,22,25,completed,2
20020,Rigid,1489134,1489137,1489158,3,21,24,completed,2
20021,Rigid,1489134,1489137,1489158,3,21,24,completed,2
20022,Rigid,1489134,1489137,1489158,3,21,24,completed,2
20023,Rigid,1489134,1489137,1489184,3,47,50,completed,2
20024,Rigid,1489134,1489137,1489167,3,30,33,completed,2
20025,Rigid,1489134,1489137,1489192,3,55,58,completed,2
20026,Rigid,1489134,1489137,1489158,3,21,24,completed,2
20027,Rigid,1489134,1489137,1489158,3,21,24,completed,2
20028,Rigid,1489134,1489137,1489158,3,21,24,completed,2
20029,Rigid,1489134,1489137,1489159,3,22,25,completed,2
20030,Rigid,1489134,1489137,1489176,3,39,42,completed,2
20031,Rigid,1489134,1489137,1489185,3,48,51,completed,2
20032,Rigid,1489134,1489137,1489186,3,49,52,completed,2
20033,Rigid,1489134,1489137,1489158,3,21,24,completed,2
20034,Rigid,1489134,1489137,1489158,3,21,24,completed,2
20035,Rigid,1489134,1489137,1489158,3,21,24,completed,2
20036,Rigid,1489135,1489137,1489158,2,21,23,completed,2
20037,Rigid,1489138,1489139,1489158,1,19,20,completed,2
20038,Rigid,1489138,1489139,1489158,1,19,20,completed,2
20039,Rigid,1489138,1489139,1489158,1,19,20,completed,2
20040,Rigid,1489138,1489139,1489158,1,19,20,completed,2
20041,Rigid,1489138,1489139,1489158,1,19,20,completed,2
20042,Rigid,1489138,1489139,1489158,1,19,20,completed,2
20043,Rigid,1489138,1489139,1489158,1,19,20,completed,2
20044,Rigid,1489139,1489139,1489158,0,19,19,completed,2
20045,Rigid,1489139,1489139,1489158,0,19,19,completed,2
20046,Rigid,1489139,1489139,1489158,0,19,19,completed,2
20047,Rigid,1489139,1489141,1489158,2,17,19,completed,2
20048,Rigid,1489140,1489141,1489158,1,17,18,completed,2
20049,Rigid,1489140,1489141,1489158,1,17,18,completed,2
20050,Rigid,1489141,1489141,1489158,0,17,17,completed,2
20051,Rigid,1489141,1489141,1489158,0,17,17,completed,2
20052,Rigid,1489141,1489141,1489158,0,17,17,completed,2
20053,Rigid,1489141,1489141,1489158,0,17,17,completed,2
20054,Rigid,1489141,1489141,1489158,0,17,17,completed,2
20055,Rigid,1489141,1489141,1489158,0,17,17,completed,2
20056,Rigid,1489141,1489142,1489158,1,16,17,completed,2
20057,Rigid,1489142,1489142,1489158,0,16,16,completed,2
20058,Rigid,1489142,1489142,1489158,0,16,16,completed,2
20059,Rigid,1489142,1489142,1489158,0,16,16,completed,2
20060,Rigid,1489142,1489142,1489158,0,16,16,completed,2
20061,Rigid,1489142,1489142,1489158,0,16,16,completed,2
20062,Rigid,1489142,1489145,1489163,3,18,21,completed,2
20063,Rigid,1489142,1489145,1489163,3,18,21,completed,2
20064,Rigid,1489142,1489145,1489163,3,18,21,completed,2
20065,Rigid,1489143,1489145,1489163,2,18,20,completed,2
20066,Rigid,1489143,1489145,1489163,2,18,20,completed,2
20067,Rigid,1489143,1489145,1489163,2,18,20,completed,2
20068,Rigid,1489144,1489145,1489163,1,18,19,completed,2
20069,Rigid,1489144,1489145,1489163,1,18,19,completed,2
20070,Rigid,1489144,1489145,1489163,1,18,19,completed,2
20071,Rigid,1489144,1489145,1489163,1,18,19,completed,2
20072,Rigid,1489144,1489145,1489163,1,18,19,completed,2
20073,Rigid,1489144,1489145,1489163,1,18,19,completed,2
20074,Rigid,1489144,1489145,1489164,1,19,20,completed,2
20075,Rigid,1489144,1489145,1489163,1,18,19,completed,2
20076,Rigid,1489144,1489145,1489163,1,18,19,completed,2
20077,Rigid,1489145,1489145,1489163,0,18,18,completed,2
20078,Rigid,1489145,1489145,1489163,0,18,18,completed,2
20079,Rigid,1489145,1489145,1489163,0,18,18,completed,2
20080,Rigid,1489145,1489145,1489163,0,18,18,completed,2
20081,Rigid,1489145,1489145,1489163,0,18,18,completed,2
20082,Rigid,1489145,1489145,1489163,0,18,18,completed,2
20083,Rigid,1489145,1489145,1489163,0,18,18,completed,2
20084,Rigid,1489145,1489145,1489163,0,18,18,completed,2
20085,Rigid,1489145,1489146,1489163,1,17,18,completed,2
20086,Rigid,1489146,1489146,1489163,0,17,17,completed,2
20087,Rigid,1489146,1489146,1489163,0,17,17,completed,2
20088,Rigid,1489146,1489146,1489163,0,17,17,completed,2
20089,Rigid,1489146,1489146,1489163,0,17,17,completed,2
20090,Rigid,1489146,1489146,1489163,0,17,17,completed,2
20091,Rigid,1489146,1489146,1489163,0,17,17,completed,2
20092,Rigid,1489147,1489147,1489163,0,16,16,completed,2
20093,Rigid,1489147,1489149,1489163,2,14,16,completed,2
20094,Rigid,1489147,1489149,1489163,2,14,16,completed,2
20095,Rigid,1489147,1489149,1489163,2,14,16,completed,2
20096,Rigid,1489148,1489149,1489163,1,14,15,completed,2
20097,Rigid,1489148,1489149,1489163,1,14,15,completed,2
20098,Rigid,1489148,1489149,1489163,1,14,15,completed,2
20099,Rigid,1489148,1489149,1489163,1,14,15,completed,2
20100,Rigid,1489148,1489149,1489163,1,14,15,completed,2
20101,Rigid,1489148,1489149,1489163,1,14,15,completed,2
20102,Rigid,1489148,1489149,1489163,1,14,15,completed,2
20103,Rigid,1489148,1489149,1489163,1,14,15,completed,2
20104,Rigid,1489148,1489149,1489163,1,14,15,completed,2
20105,Rigid,1489148,1489149,1489163,1,14,15,completed,2
20106,Rigid,1489148,1489149,1489163,1,14,15,completed,2
20107,Rigid,1489148,1489149,1489163,1,14,15,completed,2
20108,Rigid,1489148,1489149,1489163,1,14,15,completed,2
20109,Rigid,1489668,1489668,1492124,0,2456,2456,completed,18
20110,Rigid,1490152,1490153,1490194,1,41,42,completed,33
20111,Rigid,1490153,1490153,1490334,0,181,181,completed,36
20112,Rigid,1490197,1490198,1490246,1,48,49,completed,36
20113,Rigid,1490355,1490355,1490495,0,140,140,completed,36
20114,Rigid,1490576,1490576,1490615,0,39,39,completed,2
20115,Rigid,1490576,1490576,1490594,0,18,18,completed,2
20116,Rigid,1490576,1490576,1490594,0,18,18,completed,2
20117,Rigid,1490576,1490580,1490594,4,14,18,completed,2
20118,Rigid,1490576,1490580,1490594,4,14,18,completed,2
20119,Rigid,1490576,1490580,1490594,4,14,18,completed,2
20120,Rigid,1490576,1490580,1490616,4,36,40,completed,2
20121,Rigid,1490576,1490580,1490594,4,14,18,completed,2
20122,Rigid,1490576,1490580,1490594,4,14,18,completed,2
20123,Rigid,1490576,1490580,1490594,4,14,18,completed,2
20124,Rigid,1490576,1490580,1490594,4,14,18,completed,2
20125,Rigid,1490576,1490580,1490594,4,14,18,completed,2
20126,Rigid,1490576,1490580,1490608,4,28,32,completed,2
20127,Rigid,1490576,1490580,1490594,4,14,18,completed,2
20128,Rigid,1490576,1490580,1490594,4,14,18,completed,2
20129,Rigid,1490576,1490580,1490600,4,20,24,completed,2
20130,Rigid,1490576,1490580,1490614,4,34,38,completed,2
20131,Rigid,1490576,1490580,1490594,4,14,18,completed,2
20132,Rigid,1490576,1490580,1490594,4,14,18,completed,2
20133,Rigid,1490576,1490580,1490594,4,14,18,completed,2
20134,Rigid,1490576,1490580,1490608,4,28,32,completed,2
20135,Rigid,1490577,1490580,1490594,3,14,17,completed,2
20136,Rigid,1490577,1490580,1490594,3,14,17,completed,2
20137,Rigid,1490577,1490580,1490594,3,14,17,completed,2
20138,Rigid,1490577,1490580,1490594,3,14,17,completed,2
20139,Rigid,1490577,1490580,1490594,3,14,17,completed,2
20140,Rigid,1490577,1490580,1490594,3,14,17,completed,2
20141,Rigid,1490577,1490580,1490594,3,14,17,completed,2
20142,Rigid,1490577,1490580,1490594,3,14,17,completed,2
20143,Rigid,1490577,1490580,1490594,3,14,17,completed,2
20144,Rigid,1490577,1490580,1490594,3,14,17,completed,2
20145,Rigid,1490577,1490580,1490594,3,14,17,completed,2
20146,Rigid,1490577,1490580,1490594,3,14,17,completed,2
20147,Rigid,1490577,1490580,1490594,3,14,17,completed,2
20148,Rigid,1490577,1490580,1490594,3,14,17,completed,2
20149,Rigid,1490577,1490580,1490594,3,14,17,completed,2
20150,Rigid,1490577,1490580,1490594,3,14,17,completed,2
20151,Rigid,1490577,1490580,1490594,3,14,17,completed,2
20152,Rigid,1490577,1490580,1490594,3,14,17,completed,2
20153,Rigid,1490577,1490580,1490594,3,14,17,completed,2
20154,Rigid,1490577,1490580,1490594,3,14,17,completed,2
20155,Rigid,1490577,1490580,1490594,3,14,17,completed,2
20156,Rigid,1490577,1490580,1490594,3,14,17,completed,2
20157,Rigid,1490577,1490580,1490594,3,14,17,completed,2
20158,Rigid,1490577,1490580,1490594,3,14,17,completed,2
20159,Rigid,1490577,1490580,1490594,3,14,17,completed,2
20160,Rigid,1490577,1490580,1490594,3,14,17,completed,2
20161,Rigid,1490577,1490580,1490594,3,14,17,completed,2
20162,Rigid,1490577,1490580,1490594,3,14,17,completed,2
20163,Rigid,1490577,1490580,1490594,3,14,17,completed,2
20164,Rigid,1490577,1490580,1490594,3,14,17,completed,2
20165,Rigid,1490577,1490580,1490594,3,14,17,completed,2
20166,Rigid,1490577,1490580,1490594,3,14,17,completed,2
20167,Rigid,1490578,1490580,1490594,2,14,16,completed,2
20168,Rigid,1490578,1490580,1490594,2,14,16,completed,2
20169,Rigid,1490578,1490580,1490594,2,14,16,completed,2
20170,Rigid,1490578,1490580,1490594,2,14,16,completed,2
20171,Rigid,1490578,1490580,1490594,2,14,16,completed,2
20172,Rigid,1490578,1490580,1490594,2,14,16,completed,2
20173,Rigid,1490578,1490580,1490594,2,14,16,completed,2
20174,Rigid,1490578,1490580,1490594,2,14,16,completed,2
20175,Rigid,1490578,1490580,1490594,2,14,16,completed,2
20176,Rigid,1490578,1490580,1490594,2,14,16,completed,2
20177,Rigid,1490578,1490580,1490594,2,14,16,completed,2
20178,Rigid,1490578,1490580,1490594,2,14,16,completed,2
20179,Rigid,1490578,1490580,1490594,2,14,16,completed,2
20180,Rigid,1490578,1490580,1490594,2,14,16,completed,2
20181,Rigid,1490578,1490580,1490594,2,14,16,completed,2
20182,Rigid,1490578,1490580,1490594,2,14,16,completed,2
20183,Rigid,1490578,1490580,1490594,2,14,16,completed,2
20184,Rigid,1490578,1490580,1490594,2,14,16,completed,2
20185,Rigid,1490578,1490580,1490594,2,14,16,completed,2
20186,Rigid,1490578,1490580,1490628,2,48,50,completed,2
20187,Rigid,1490578,1490580,1490608,2,28,30,completed,2
20188,Rigid,1490578,1490580,1490594,2,14,16,completed,2
20189,Rigid,1490578,1490580,1490594,2,14,16,completed,2
20190,Rigid,1490578,1490580,1490594,2,14,16,completed,2
20191,Rigid,1490578,1490580,1490594,2,14,16,completed,2
20192,Rigid,1490578,1490580,1490594,2,14,16,completed,2
20193,Rigid,1490578,1490580,1490594,2,14,16,completed,2
20194,Rigid,1490578,1490580,1490635,2,55,57,completed,2
20195,Rigid,1490578,1490580,1490620,2,40,42,completed,2
20196,Rigid,1490578,1490580,1490594,2,14,16,completed,2
20197,Rigid,1490578,1490580,1490594,2,14,16,completed,2
20198,Rigid,1490578,1490580,1490594,2,14,16,completed,2
20199,Rigid,1490578,1490580,1490594,2,14,16,completed,2
20200,Rigid,1490578,1490580,1490594,2,14,16,completed,2
20201,Rigid,1490578,1490580,1490594,2,14,16,completed,2
20202,Rigid,1490578,1490580,1490638,2,58,60,completed,2
20203,Rigid,1490579,1490580,1490629,1,49,50,completed,2
20204,Rigid,1490579,1490580,1490620,1,40,41,completed,2
20205,Rigid,1490579,1490580,1490594,1,14,15,completed,2
20206,Rigid,1490579,1490580,1490594,1,14,15,completed,2
20207,Rigid,1490579,1490580,1490594,1,14,15,completed,2
20208,Rigid,1490579,1490580,1490594,1,14,15,completed,2
20209,Rigid,1490579,1490580,1490594,1,14,15,completed,2
20210,Rigid,1490579,1490580,1490594,1,14,15,completed,2
20211,Rigid,1490579,1490580,1490594,1,14,15,completed,2
20212,Rigid,1490579,1490580,1490631,1,51,52,completed,2
20213,Rigid,1490579,1490580,1490621,1,41,42,completed,2
20214,Rigid,1490579,1490580,1490608,1,28,29,completed,2
20215,Rigid,1490579,1490580,1490594,1,14,15,completed,2
20216,Rigid,1490579,1490580,1490594,1,14,15,completed,2
20217,Rigid,1490579,1490580,1490594,1,14,15,completed,2
20218,Rigid,1490579,1490580,1490594,1,14,15,completed,2
20219,Rigid,1490579,1490580,1490594,1,14,15,completed,2
20220,Rigid,1490579,1490580,1490614,1,34,35,completed,2
20221,Rigid,1490579,1490580,1490620,1,40,41,completed,2
20222,Rigid,1490579,1490580,1490604,1,24,25,completed,2
20223,Rigid,1490579,1490580,1490594,1,14,15,completed,2
20224,Rigid,1490579,1490580,1490594,1,14,15,completed,2
20225,Rigid,1490579,1490580,1490595,1,15,16,completed,2
20226,Rigid,1490579,1490580,1490594,1,14,15,completed,2
20227,Rigid,1490579,1490580,1490594,1,14,15,completed,2
20228,Rigid,1490579,1490580,1490594,1,14,15,completed,2
20229,Rigid,1490579,1490580,1490594,1,14,15,completed,2
20230,Rigid,1490579,1490580,1490620,1,40,41,completed,2
20231,Rigid,1490579,1490580,1490620,1,40,41,completed,2
20232,Rigid,1490579,1490580,1490624,1,44,45,completed,2
20233,Rigid,1490579,1490580,1490594,1,14,15,completed,2
20234,Rigid,1490579,1490580,1490594,1,14,15,completed,2
20235,Rigid,1490579,1490580,1490594,1,14,15,completed,2
20236,Rigid,1490579,1490580,1490594,1,14,15,completed,2
20237,Rigid,1490579,1490580,1490594,1,14,15,completed,2
20238,Rigid,1490579,1490580,1490620,1,40,41,completed,2
20239,Rigid,1490579,1490580,1490614,1,34,35,completed,2
20240,Rigid,1490579,1490580,1490621,1,41,42,completed,2
20241,Rigid,1490579,1490580,1490594,1,14,15,completed,2
20242,Rigid,1490579,1490580,1490594,1,14,15,completed,2
20243,Rigid,1490579,1490580,1490594,1,14,15,completed,2
20244,Rigid,1490580,1490580,1490594,0,14,14,completed,2
20245,Rigid,1490580,1490580,1490594,0,14,14,completed,2
20246,Rigid,1490580,1490580,1490594,0,14,14,completed,2
20247,Rigid,1490580,1490580,1490614,0,34,34,completed,2
20248,Rigid,1490580,1490580,1490624,0,44,44,completed,2
20249,Rigid,1490580,1490580,1490594,0,14,14,completed,2
20250,Rigid,1490580,1490580,1490608,0,28,28,completed,2
20251,Rigid,1490580,1490580,1490594,0,14,14,completed,2
20252,Rigid,1490580,1490580,1490594,0,14,14,completed,2
20253,Rigid,1490580,1490584,1490594,4,10,14,completed,2
20254,Rigid,1490580,1490584,1490594,4,10,14,completed,2
20255,Rigid,1490581,1490584,1490594,3,10,13,completed,2
20256,Rigid,1490581,1490584,1490624,3,40,43,completed,2
20257,Rigid,1490581,1490584,1490627,3,43,46,completed,2
20258,Rigid,1490581,1490584,1490629,3,45,48,completed,2
20259,Rigid,1490581,1490584,1490594,3,10,13,completed,2
20260,Rigid,1490581,1490584,1490594,3,10,13,completed,2
20261,Rigid,1490581,1490584,1490594,3,10,13,completed,2
20262,Rigid,1490581,1490584,1490594,3,10,13,completed,2
20263,Rigid,1490581,1490584,1490594,3,10,13,completed,2
20264,Rigid,1490581,1490584,1490621,3,37,40,completed,2
20265,Rigid,1490581,1490584,1490625,3,41,44,completed,2
20266,Rigid,1490581,1490584,1490623,3,39,42,completed,2
20267,Rigid,1490582,1490584,1490594,2,10,12,completed,2
20268,Rigid,1490582,1490584,1490594,2,10,12,completed,2
20269,Rigid,1490582,1490584,1490594,2,10,12,completed,2
20270,Rigid,1490582,1490584,1490594,2,10,12,completed,2
20271,Rigid,1490582,1490584,1490594,2,10,12,completed,2
20272,Rigid,1490582,1490584,1490626,2,42,44,completed,2
20273,Rigid,1490582,1490584,1490630,2,46,48,completed,2
20274,Rigid,1490582,1490584,1490623,2,39,41,completed,2
20275,Rigid,1490582,1490584,1490594,2,10,12,completed,2
20276,Rigid,1490582,1490584,1490594,2,10,12,completed,2
20277,Rigid,1490582,1490584,1490594,2,10,12,completed,2
20278,Rigid,1490582,1490584,1490594,2,10,12,completed,2
20279,Rigid,1490582,1490584,1490594,2,10,12,completed,2
20280,Rigid,1490582,1490584,1490594,2,10,12,completed,2
20281,Rigid,1490582,1490584,1490620,2,36,38,completed,2
20282,Rigid,1490582,1490584,1490604,2,20,22,completed,2
20283,Rigid,1490582,1490584,1490614,2,30,32,completed,2
20284,Rigid,1490582,1490584,1490594,2,10,12,completed,2
20285,Rigid,1490582,1490584,1490594,2,10,12,completed,2
20286,Rigid,1490582,1490584,1490594,2,10,12,completed,2
20287,Rigid,1490582,1490584,1490594,2,10,12,completed,2
20288,Rigid,1490583,1490584,1490594,1,10,11,completed,2
20289,Rigid,1490583,1490584,1490594,1,10,11,completed,2
20290,Rigid,1490583,1490584,1490594,1,10,11,completed,2
20291,Rigid,1490583,1490584,1490629,1,45,46,completed,2
20292,Rigid,1490583,1490584,1490629,1,45,46,completed,2
20293,Rigid,1490583,1490584,1490627,1,43,44,completed,2
20294,Rigid,1490583,1490584,1490594,1,10,11,completed,2
20295,Rigid,1490583,1490584,1490594,1,10,11,completed,2
20296,Rigid,1490583,1490584,1490594,1,10,11,completed,2
20297,Rigid,1490583,1490584,1490594,1,10,11,completed,2
20298,Rigid,1490583,1490584,1490594,1,10,11,completed,2
20299,Rigid,1490583,1490584,1490594,1,10,11,completed,2
20300,Rigid,1490583,1490584,1490631,1,47,48,completed,2
20301,Rigid,1490583,1490584,1490608,1,24,25,completed,2
20302,Rigid,1490583,1490584,1490630,1,46,47,completed,2
20303,Rigid,1490584,1490584,1490594,0,10,10,completed,2
20304,Rigid,1490584,1490584,1490594,0,10,10,completed,2
20305,Rigid,1490584,1490584,1490594,0,10,10,completed,2
20306,Rigid,1490584,1490584,1490594,0,10,10,completed,2
20307,Rigid,1490584,1490584,1490608,0,24,24,completed,2
20308,Rigid,1490584,1490584,1490620,0,36,36,completed,2
20309,Rigid,1490584,1490584,1490614,0,30,30,completed,2
20310,Rigid,1490584,1490584,1490594,0,10,10,completed,2
20311,Rigid,1490584,1490584,1490594,0,10,10,completed,2
20312,Rigid,1490584,1490584,1490594,0,10,10,completed,2
20313,Rigid,1490584,1490584,1490594,0,10,10,completed,2
20314,Rigid,1490595,1490595,1490634,0,39,39,completed,2
20315,Rigid,1490595,1490595,1490634,0,39,39,completed,2
20316,Rigid,1490595,1490595,1490634,0,39,39,completed,2
20317,Rigid,1490595,1490595,1490634,0,39,39,completed,2
20318,Rigid,1490595,1490595,1490634,0,39,39,completed,2
20319,Rigid,1490596,1490596,1490634,0,38,38,completed,2
20320,Rigid,1490596,1490596,1490634,0,38,38,completed,2
20321,Rigid,1490596,1490596,1490634,0,38,38,completed,2
20322,Rigid,1490596,1490596,1490634,0,38,38,completed,2
20323,Rigid,1490605,1490606,1490634,1,28,29,completed,2
20324,Rigid,1490606,1490606,1490634,0,28,28,completed,2
20325,Rigid,1490606,1490609,1490634,3,25,28,completed,2
20326,Rigid,1490606,1490609,1490634,3,25,28,completed,2
20327,Rigid,1490607,1490609,1490634,2,25,27,completed,2
20328,Rigid,1490607,1490609,1490634,2,25,27,completed,2
20329,Rigid,1490607,1490609,1490634,2,25,27,completed,2
20330,Rigid,1490607,1490609,1490634,2,25,27,completed,2
20331,Rigid,1490607,1490609,1490634,2,25,27,completed,2
20332,Rigid,1490608,1490609,1490634,1,25,26,completed,2
20333,Rigid,1490608,1490609,1490634,1,25,26,completed,2
20334,Rigid,1490608,1490609,1490634,1,25,26,completed,2
20335,Rigid,1490608,1490609,1490634,1,25,26,completed,2
20336,Rigid,1490608,1490609,1490634,1,25,26,completed,2
20337,Rigid,1490609,1490609,1490634,0,25,25,completed,2
20338,Rigid,1490609,1490609,1490634,0,25,25,completed,2
20339,Rigid,1490609,1490609,1490634,0,25,25,completed,2
20340,Rigid,1490609,1490609,1490634,0,25,25,completed,2
20341,Rigid,1490609,1490609,1490634,0,25,25,completed,2
20342,Rigid,1490609,1490610,1490634,1,24,25,completed,2
20343,Rigid,1490609,1490610,1490634,1,24,25,completed,2
20344,Rigid,1490610,1490610,1491170,0,560,560,completed,36
20345,Rigid,1490611,1490612,1490634,1,22,23,completed,2
20346,Rigid,1490611,1490612,1490634,1,22,23,completed,2
20347,Rigid,1490612,1490612,1490634,0,22,22,completed,2
20348,Rigid,1490612,1490612,1490634,0,22,22,completed,2
20349,Rigid,1490612,1490615,1490634,3,19,22,completed,2
20350,Rigid,1490612,1490615,1490634,3,19,22,completed,2
20351,Rigid,1490613,1490615,1490634,2,19,21,completed,2
20352,Rigid,1490613,1490615,1490634,2,19,21,completed,2
20353,Rigid,1490613,1490615,1490634,2,19,21,completed,2
20354,Rigid,1490613,1490615,1490634,2,19,21,completed,2
20355,Rigid,1490614,1490615,1490634,1,19,20,completed,2
20356,Rigid,1490614,1490615,1490634,1,19,20,completed,2
20357,Rigid,1490614,1490615,1490634,1,19,20,completed,2
20358,Rigid,1490614,1490615,1490634,1,19,20,completed,2
20359,Rigid,1490615,1490615,1490634,0,19,19,completed,2
20360,Rigid,1490615,1490616,1490634,1,18,19,completed,2
20361,Rigid,1490616,1490616,1490634,0,18,18,completed,2
20362,Rigid,1490616,1490616,1490634,0,18,18,completed,2
20363,Rigid,1490616,1490616,1490634,0,18,18,completed,2
20364,Rigid,1490616,1490616,1490634,0,18,18,completed,2
20365,Rigid,1490616,1490616,1490634,0,18,18,completed,2
20366,Rigid,1490616,1490616,1490634,0,18,18,completed,2
20367,Rigid,1490616,1490616,1490634,0,18,18,completed,2
20368,Rigid,1490616,1490616,1490634,0,18,18,completed,2
20369,Rigid,1490616,1490616,1490634,0,18,18,completed,2
20370,Rigid,1490616,1490616,1490634,0,18,18,completed,2
20371,Rigid,1490616,1490616,1490634,0,18,18,completed,2
20372,Rigid,1490616,1490617,1490634,1,17,18,completed,2
20373,Rigid,1490617,1490617,1490634,0,17,17,completed,2
20374,Rigid,1490617,1490617,1490634,0,17,17,completed,2
20375,Rigid,1490617,1490617,1490634,0,17,17,completed,2
20376,Rigid,1490617,1490617,1490634,0,17,17,completed,2
20377,Rigid,1490617,1490617,1490634,0,17,17,completed,2
20378,Rigid,1490617,1490617,1490634,0,17,17,completed,2
20379,Rigid,1490618,1490620,1490634,2,14,16,completed,2
20380,Rigid,1490618,1490620,1490634,2,14,16,completed,2
20381,Rigid,1490618,1490620,1490634,2,14,16,completed,2
20382,Rigid,1490618,1490620,1490634,2,14,16,completed,2
20383,Rigid,1490618,1490620,1490634,2,14,16,completed,2
20384,Rigid,1490618,1490620,1490634,2,14,16,completed,2
20385,Rigid,1490618,1490620,1490634,2,14,16,completed,2
20386,Rigid,1490618,1490620,1490634,2,14,16,completed,2
20387,Rigid,1490689,1490690,1490718,1,28,29,completed,36
20388,Rigid,1490793,1490796,1493609,3,2813,2816,completed,36
20389,Rigid,1490938,1490938,1490944,0,6,6,completed,14
20390,Rigid,1491113,1491114,1491119,1,5,6,completed,14
20391,Rigid,1491271,1491271,1491277,0,6,6,completed,14
20392,Rigid,1491368,1491369,1491382,1,13,14,completed,2
20393,Rigid,1491368,1491369,1491382,1,13,14,completed,2
20394,Rigid,1491369,1491369,1491382,0,13,13,completed,2
20395,Rigid,1491369,1491369,1491382,0,13,13,completed,2
20396,Rigid,1491369,1491369,1491382,0,13,13,completed,2
20397,Rigid,1491369,1491369,1491382,0,13,13,completed,2
20398,Rigid,1491369,1491369,1491382,0,13,13,completed,2
20399,Rigid,1491369,1491369,1491382,0,13,13,completed,2
20400,Rigid,1491369,1491369,1491382,0,13,13,completed,2
20401,Rigid,1491369,1491369,1491382,0,13,13,completed,2
20402,Rigid,1491369,1491369,1491382,0,13,13,completed,2
20403,Rigid,1491369,1491369,1491382,0,13,13,completed,2
20404,Rigid,1491369,1491369,1491382,0,13,13,completed,2
20405,Rigid,1491369,1491369,1491382,0,13,13,completed,2
20406,Rigid,1491369,1491369,1491382,0,13,13,completed,2
20407,Rigid,1491369,1491369,1491382,0,13,13,completed,2
20408,Rigid,1491369,1491369,1491382,0,13,13,completed,2
20409,Rigid,1491369,1491369,1491382,0,13,13,completed,2
20410,Rigid,1491369,1491370,1491382,1,12,13,completed,2
20411,Rigid,1491369,1491370,1491382,1,12,13,completed,2
20412,Rigid,1491369,1491370,1491382,1,12,13,completed,2
20413,Rigid,1491370,1491370,1491382,0,12,12,completed,2
20414,Rigid,1491370,1491370,1491382,0,12,12,completed,2
20415,Rigid,1491370,1491370,1491382,0,12,12,completed,2
20416,Rigid,1491370,1491370,1491382,0,12,12,completed,2
20417,Rigid,1491370,1491370,1491382,0,12,12,completed,2
20418,Rigid,1491370,1491370,1491382,0,12,12,completed,2
20419,Rigid,1491370,1491370,1491382,0,12,12,completed,2
20420,Rigid,1491370,1491370,1491382,0,12,12,completed,2
20421,Rigid,1491370,1491373,1491382,3,9,12,completed,2
20422,Rigid,1491370,1491373,1491382,3,9,12,completed,2
20423,Rigid,1491370,1491373,1491382,3,9,12,completed,2
20424,Rigid,1491370,1491373,1491382,3,9,12,completed,2
20425,Rigid,1491370,1491373,1491382,3,9,12,completed,2
20426,Rigid,1491370,1491373,1491382,3,9,12,completed,2
20427,Rigid,1491370,1491373,1491382,3,9,12,completed,2
20428,Rigid,1491370,1491373,1491382,3,9,12,completed,2
20429,Rigid,1491370,1491373,1491382,3,9,12,completed,2
20430,Rigid,1491370,1491373,1491382,3,9,12,completed,2
20431,Rigid,1491370,1491373,1491382,3,9,12,completed,2
20432,Rigid,1491370,1491373,1491382,3,9,12,completed,2
20433,Rigid,1491370,1491373,1491382,3,9,12,completed,2
20434,Rigid,1491370,1491373,1491382,3,9,12,completed,2
20435,Rigid,1491370,1491373,1491382,3,9,12,completed,2
20436,Rigid,1491370,1491373,1491382,3,9,12,completed,2
20437,Rigid,1491370,1491373,1491382,3,9,12,completed,2
20438,Rigid,1491371,1491373,1491382,2,9,11,completed,2
20439,Rigid,1491371,1491373,1491383,2,10,12,completed,2
20440,Rigid,1491371,1491373,1491383,2,10,12,completed,2
20441,Rigid,1491371,1491373,1491382,2,9,11,completed,2
20442,Rigid,1491371,1491373,1491382,2,9,11,completed,2
20443,Rigid,1491371,1491373,1491382,2,9,11,completed,2
20444,Rigid,1491371,1491373,1491382,2,9,11,completed,2
20445,Rigid,1491371,1491373,1491382,2,9,11,completed,2
20446,Rigid,1491371,1491373,1491382,2,9,11,completed,2
20447,Rigid,1491371,1491373,1491382,2,9,11,completed,2
20448,Rigid,1491371,1491373,1491382,2,9,11,completed,2
20449,Rigid,1491371,1491373,1491382,2,9,11,completed,2
20450,Rigid,1491371,1491373,1491382,2,9,11,completed,2
20451,Rigid,1491371,1491373,1491382,2,9,11,completed,2
20452,Rigid,1491371,1491373,1491382,2,9,11,completed,2
20453,Rigid,1491371,1491373,1491382,2,9,11,completed,2
20454,Rigid,1491371,1491373,1491382,2,9,11,completed,2
20455,Rigid,1491371,1491373,1491382,2,9,11,completed,2
20456,Rigid,1491371,1491373,1491382,2,9,11,completed,2
20457,Rigid,1491371,1491373,1491383,2,10,12,completed,2
20458,Rigid,1491371,1491373,1491391,2,18,20,completed,2
20459,Rigid,1491371,1491373,1491399,2,26,28,completed,2
20460,Rigid,1491371,1491373,1491405,2,32,34,completed,2
20461,Rigid,1491371,1491373,1491382,2,9,11,completed,2
20462,Rigid,1491371,1491373,1491382,2,9,11,completed,2
20463,Rigid,1491371,1491373,1491382,2,9,11,completed,2
20464,Rigid,1491371,1491373,1491383,2,10,12,completed,2
20465,Rigid,1491371,1491373,1491383,2,10,12,completed,2
20466,Rigid,1491371,1491373,1491383,2,10,12,completed,2
20467,Rigid,1491371,1491373,1491424,2,51,53,completed,2
20468,Rigid,1491371,1491373,1491418,2,45,47,completed,2
20469,Rigid,1491371,1491373,1491419,2,46,48,completed,2
20470,Rigid,1491371,1491373,1491382,2,9,11,completed,2
20471,Rigid,1491371,1491373,1491382,2,9,11,completed,2
20472,Rigid,1491371,1491373,1491382,2,9,11,completed,2
20473,Rigid,1491371,1491373,1491382,2,9,11,completed,2
20474,Rigid,1491371,1491373,1491382,2,9,11,completed,2
20475,Rigid,1491372,1491373,1491382,1,9,10,completed,2
20476,Rigid,1491372,1491373,1491424,1,51,52,completed,2
20477,Rigid,1491372,1491373,1491395,1,22,23,completed,2
20478,Rigid,1491372,1491373,1491415,1,42,43,completed,2
20479,Rigid,1491372,1491373,1491411,1,38,39,completed,2
20480,Rigid,1491372,1491373,1491382,1,9,10,completed,2
20481,Rigid,1491372,1491373,1491382,1,9,10,completed,2
20482,Rigid,1491372,1491373,1491382,1,9,10,completed,2
20483,Rigid,1491372,1491373,1491382,1,9,10,completed,2
20484,Rigid,1491372,1491373,1491382,1,9,10,completed,2
20485,Rigid,1491372,1491373,1491422,1,49,50,completed,2
20486,Rigid,1491372,1491373,1491419,1,46,47,completed,2
20487,Rigid,1491372,1491373,1491417,1,44,45,completed,2
20488,Rigid,1491372,1491373,1491398,1,25,26,completed,2
20489,Rigid,1491372,1491373,1491382,1,9,10,completed,2
20490,Rigid,1491372,1491373,1491382,1,9,10,completed,2
20491,Rigid,1491372,1491373,1491382,1,9,10,completed,2
20492,Rigid,1491372,1491373,1491420,1,47,48,completed,2
20493,Rigid,1491372,1491373,1491411,1,38,39,completed,2
20494,Rigid,1491372,1491373,1491411,1,38,39,completed,2
20495,Rigid,1491372,1491373,1491415,1,42,43,completed,2
20496,Rigid,1491372,1491373,1491382,1,9,10,completed,2
20497,Rigid,1491372,1491373,1491382,1,9,10,completed,2
20498,Rigid,1491372,1491373,1491382,1,9,10,completed,2
20499,Rigid,1491372,1491373,1491382,1,9,10,completed,2
20500,Rigid,1491372,1491373,1491382,1,9,10,completed,2
20501,Rigid,1491372,1491373,1491382,1,9,10,completed,2
20502,Rigid,1491372,1491373,1491390,1,17,18,completed,2
20503,Rigid,1491372,1491373,1491382,1,9,10,completed,2
20504,Rigid,1491372,1491373,1491406,1,33,34,completed,2
20505,Rigid,1491372,1491373,1491408,1,35,36,completed,2
20506,Rigid,1491372,1491373,1491410,1,37,38,completed,2
20507,Rigid,1491372,1491373,1491382,1,9,10,completed,2
20508,Rigid,1491372,1491373,1491382,1,9,10,completed,2
20509,Rigid,1491372,1491373,1491382,1,9,10,completed,2
20510,Rigid,1491372,1491373,1491383,1,10,11,completed,2
20511,Rigid,1491372,1491373,1491382,1,9,10,completed,2
20512,Rigid,1491372,1491373,1491382,1,9,10,completed,2
20513,Rigid,1491372,1491373,1491409,1,36,37,completed,2
20514,Rigid,1491373,1491373,1491403,0,30,30,completed,2
20515,Rigid,1491373,1491373,1491398,0,25,25,completed,2
20516,Rigid,1491373,1491373,1491382,0,9,9,completed,2
20517,Rigid,1491373,1491373,1491382,0,9,9,completed,2
20518,Rigid,1491373,1491373,1491382,0,9,9,completed,2
20519,Rigid,1491373,1491373,1491382,0,9,9,completed,2
20520,Rigid,1491373,1491373,1491382,0,9,9,completed,2
20521,Rigid,1491373,1491373,1491382,0,9,9,completed,2
20522,Rigid,1491373,1491373,1491392,0,19,19,completed,2
20523,Rigid,1491373,1491373,1491398,0,25,25,completed,2
20524,Rigid,1491373,1491373,1491382,0,9,9,completed,2
20525,Rigid,1491373,1491377,1491383,4,6,10,completed,2
20526,Rigid,1491373,1491377,1491416,4,39,43,completed,2
20527,Rigid,1491373,1491377,1491383,4,6,10,completed,2
20528,Rigid,1491373,1491377,1491383,4,6,10,completed,2
20529,Rigid,1491374,1491377,1491383,3,6,9,completed,2
20530,Rigid,1491374,1491377,1491383,3,6,9,completed,2
20531,Rigid,1491374,1491377,1491398,3,21,24,completed,2
20532,Rigid,1491374,1491377,1491416,3,39,42,completed,2
20533,Rigid,1491374,1491377,1491409,3,32,35,completed,2
20534,Rigid,1491374,1491377,1491383,3,6,9,completed,2
20535,Rigid,1491374,1491377,1491383,3,6,9,completed,2
20536,Rigid,1491374,1491377,1491383,3,6,9,completed,2
20537,Rigid,1491374,1491377,1491383,3,6,9,completed,2
20538,Rigid,1491374,1491377,1491383,3,6,9,completed,2
20539,Rigid,1491374,1491377,1491405,3,28,31,completed,2
20540,Rigid,1491374,1491377,1491392,3,15,18,completed,2
20541,Rigid,1491374,1491377,1491407,3,30,33,completed,2
20542,Rigid,1491374,1491377,1491383,3,6,9,completed,2
20543,Rigid,1491374,1491377,1491383,3,6,9,completed,2
20544,Rigid,1491374,1491377,1491383,3,6,9,completed,2
20545,Rigid,1491374,1491377,1491383,3,6,9,completed,2
20546,Rigid,1491374,1491377,1491383,3,6,9,completed,2
20547,Rigid,1491374,1491377,1491383,3,6,9,completed,2
20548,Rigid,1491374,1491377,1491383,3,6,9,completed,2
20549,Rigid,1491374,1491377,1491410,3,33,36,completed,2
20550,Rigid,1491374,1491377,1491400,3,23,26,completed,2
20551,Rigid,1491374,1491377,1491411,3,34,37,completed,2
20552,Rigid,1491375,1491377,1491383,2,6,8,completed,2
20553,Rigid,1491375,1491377,1491383,2,6,8,completed,2
20554,Rigid,1491375,1491377,1491383,2,6,8,completed,2
20555,Rigid,1491375,1491377,1491383,2,6,8,completed,2
20556,Rigid,1491375,1491377,1491383,2,6,8,completed,2
20557,Rigid,1491375,1491377,1491383,2,6,8,completed,2
20558,Rigid,1491375,1491377,1491406,2,29,31,completed,2
20559,Rigid,1491375,1491377,1491417,2,40,42,completed,2
20560,Rigid,1491375,1491377,1491392,2,15,17,completed,2
20561,Rigid,1491375,1491377,1491383,2,6,8,completed,2
20562,Rigid,1491375,1491377,1491383,2,6,8,completed,2
20563,Rigid,1491375,1491377,1491383,2,6,8,completed,2
20564,Rigid,1491375,1491377,1491383,2,6,8,completed,2
20565,Rigid,1491375,1491377,1491384,2,7,9,completed,2
20566,Rigid,1491375,1491377,1491383,2,6,8,completed,2
20567,Rigid,1491375,1491377,1491383,2,6,8,completed,2
20568,Rigid,1491376,1491377,1491401,1,24,25,completed,2
20569,Rigid,1491376,1491377,1491413,1,36,37,completed,2
20570,Rigid,1491376,1491377,1491417,1,40,41,completed,2
20571,Rigid,1491376,1491377,1491383,1,6,7,completed,2
20572,Rigid,1491376,1491377,1491383,1,6,7,completed,2
20573,Rigid,1491376,1491377,1491384,1,7,8,completed,2
20574,Rigid,1491376,1491377,1491384,1,7,8,completed,2
20575,Rigid,1491376,1491377,1491384,1,7,8,completed,2
20576,Rigid,1491376,1491377,1491384,1,7,8,completed,2
20577,Rigid,1491376,1491377,1491399,1,22,23,completed,2
20578,Rigid,1491377,1491377,1491395,0,18,18,completed,2
20579,Rigid,1491377,1491377,1491419,0,42,42,completed,2
20580,Rigid,1491377,1491377,1491384,0,7,7,completed,2
20581,Rigid,1491377,1491377,1491384,0,7,7,completed,2
20582,Rigid,1491377,1491377,1491384,0,7,7,completed,2
20583,Rigid,1491377,1491377,1491384,0,7,7,completed,2
20584,Rigid,1491377,1491377,1491384,0,7,7,completed,2
20585,Rigid,1491377,1491377,1491417,0,40,40,completed,2
20586,Rigid,1491377,1491377,1491406,0,29,29,completed,2
20587,Rigid,1491377,1491377,1491405,0,28,28,completed,2
20588,Rigid,1491377,1491377,1491384,0,7,7,completed,2
20589,Rigid,1491377,1491377,1491384,0,7,7,completed,2
20590,Rigid,1491377,1491381,1491412,4,31,35,completed,2
20591,Rigid,1491377,1491381,1491412,4,31,35,completed,2
20592,Rigid,1491389,1491389,1491412,0,23,23,completed,2
20593,Rigid,1491389,1491389,1491412,0,23,23,completed,2
20594,Rigid,1491390,1491392,1491412,2,20,22,completed,2
20595,Rigid,1491390,1491392,1491412,2,20,22,completed,2
20596,Rigid,1491390,1491392,1491412,2,20,22,completed,2
20597,Rigid,1491390,1491392,1491412,2,20,22,completed,2
20598,Rigid,1491390,1491392,1491412,2,20,22,completed,2
20599,Rigid,1491390,1491392,1491412,2,20,22,completed,2
20600,Rigid,1491391,1491392,1491412,1,20,21,completed,2
20601,Rigid,1491391,1491392,1491412,1,20,21,completed,2
20602,Rigid,1491391,1491392,1491412,1,20,21,completed,2
20603,Rigid,1491392,1491392,1491412,0,20,20,completed,2
20604,Rigid,1491392,1491392,1491412,0,20,20,completed,2
20605,Rigid,1491392,1491392,1491412,0,20,20,completed,2
20606,Rigid,1491392,1491392,1491412,0,20,20,completed,2
20607,Rigid,1491392,1491392,1491412,0,20,20,completed,2
20608,Rigid,1491392,1491392,1491412,0,20,20,completed,2
20609,Rigid,1491392,1491392,1491412,0,20,20,completed,2
20610,Rigid,1491392,1491393,1491412,1,19,20,completed,2
20611,Rigid,1491393,1491394,1491412,1,18,19,completed,2
20612,Rigid,1491393,1491394,1491412,1,18,19,completed,2
20613,Rigid,1491393,1491394,1491412,1,18,19,completed,2
20614,Rigid,1491394,1491394,1491412,0,18,18,completed,2
20615,Rigid,1491394,1491396,1491412,2,16,18,completed,2
20616,Rigid,1491394,1491396,1491412,2,16,18,completed,2
20617,Rigid,1491394,1491396,1491412,2,16,18,completed,2
20618,Rigid,1491394,1491396,1491412,2,16,18,completed,2
20619,Rigid,1491394,1491396,1491412,2,16,18,completed,2
20620,Rigid,1491394,1491396,1491412,2,16,18,completed,2
20621,Rigid,1491394,1491396,1491412,2,16,18,completed,2
20622,Rigid,1491394,1491396,1491412,2,16,18,completed,2
20623,Rigid,1491394,1491396,1491412,2,16,18,completed,2
20624,Rigid,1491395,1491396,1491412,1,16,17,completed,2
20625,Rigid,1491395,1491396,1491412,1,16,17,completed,2
20626,Rigid,1491395,1491396,1491412,1,16,17,completed,2
20627,Rigid,1491395,1491396,1491412,1,16,17,completed,2
20628,Rigid,1491395,1491396,1491412,1,16,17,completed,2
20629,Rigid,1491396,1491396,1491412,0,16,16,completed,2
20630,Rigid,1491396,1491396,1491412,0,16,16,completed,2
20631,Rigid,1491396,1491396,1491412,0,16,16,completed,2
20632,Rigid,1491396,1491396,1491412,0,16,16,completed,2
20633,Rigid,1491396,1491396,1491412,0,16,16,completed,2
20634,Rigid,1491397,1491397,1491412,0,15,15,completed,2
20635,Rigid,1491397,1491397,1491412,0,15,15,completed,2
20636,Rigid,1491397,1491397,1491412,0,15,15,completed,2
20637,Rigid,1491397,1491397,1491412,0,15,15,completed,2
20638,Rigid,1491397,1491397,1491412,0,15,15,completed,2
20639,Rigid,1491397,1491399,1491412,2,13,15,completed,2
20640,Rigid,1491397,1491399,1491411,2,12,14,completed,2
20641,Rigid,1491397,1491399,1491412,2,13,15,completed,2
20642,Rigid,1491398,1491399,1491412,1,13,14,completed,2
20643,Rigid,1491398,1491399,1491412,1,13,14,completed,2
20644,Rigid,1491398,1491399,1491411,1,12,13,completed,2
20645,Rigid,1491398,1491399,1491411,1,12,13,completed,2
20646,Rigid,1491398,1491399,1491412,1,13,14,completed,2
20647,Rigid,1491398,1491399,1491412,1,13,14,completed,2
20648,Rigid,1491399,1491399,1491411,0,12,12,completed,2
20649,Rigid,1491399,1491399,1491412,0,13,13,completed,2
20650,Rigid,1491399,1491399,1491412,0,13,13,completed,2
20651,Rigid,1491399,1491399,1491412,0,13,13,completed,2
20652,Rigid,1491399,1491399,1491412,0,13,13,completed,2
20653,Rigid,1491399,1491399,1491412,0,13,13,completed,2
20654,Rigid,1491399,1491399,1491412,0,13,13,completed,2
20655,Rigid,1491399,1491400,1491412,1,12,13,completed,2
20656,Rigid,1491399,1491400,1491412,1,12,13,completed,2
20657,Rigid,1491400,1491400,1491412,0,12,12,completed,2
20658,Rigid,1491400,1491400,1491412,0,12,12,completed,2
20659,Rigid,1491400,1491401,1491412,1,11,12,completed,2
20660,Rigid,1491400,1491401,1491412,1,11,12,completed,2
20661,Rigid,1491400,1491401,1491412,1,11,12,completed,2
20662,Rigid,1491400,1491401,1491412,1,11,12,completed,2
20663,Rigid,1491400,1491401,1491412,1,11,12,completed,2
20664,Rigid,1491485,1491486,1491491,1,5,6,completed,14
20665,Rigid,1491547,1491548,1491553,1,5,6,completed,14
20666,Rigid,1491567,1491567,1491800,0,233,233,completed,36
20667,Rigid,1491899,1491900,1491902,1,2,3,completed,14
20668,Rigid,1491922,1491922,1491934,0,12,12,completed,2
20669,Rigid,1491922,1491922,1491934,0,12,12,completed,2
20670,Rigid,1491922,1491922,1491934,0,12,12,completed,2
20671,Rigid,1491922,1491922,1491934,0,12,12,completed,2
20672,Rigid,1491922,1491922,1491934,0,12,12,completed,2
20673,Rigid,1491922,1491922,1491934,0,12,12,completed,2
20674,Rigid,1491922,1491922,1491934,0,12,12,completed,2
20675,Rigid,1491922,1491922,1491934,0,12,12,completed,2
20676,Rigid,1491922,1491922,1491934,0,12,12,completed,2
20677,Rigid,1491923,1491923,1491949,0,26,26,completed,2
20678,Rigid,1491923,1491923,1491934,0,11,11,completed,2
20679,Rigid,1491923,1491923,1491933,0,10,10,completed,2
20680,Rigid,1491923,1491923,1491934,0,11,11,completed,2
20681,Rigid,1491923,1491927,1491934,4,7,11,completed,2
20682,Rigid,1491923,1491927,1491934,4,7,11,completed,2
20683,Rigid,1491923,1491927,1491949,4,22,26,completed,2
20684,Rigid,1491923,1491927,1491934,4,7,11,completed,2
20685,Rigid,1491923,1491927,1491934,4,7,11,completed,2
20686,Rigid,1491923,1491927,1491935,4,8,12,completed,2
20687,Rigid,1491923,1491927,1491953,4,26,30,completed,2
20688,Rigid,1491923,1491927,1491935,4,8,12,completed,2
20689,Rigid,1491923,1491927,1491935,4,8,12,completed,2
20690,Rigid,1491923,1491927,1491936,4,9,13,completed,2
20691,Rigid,1491923,1491927,1491950,4,23,27,completed,2
20692,Rigid,1491923,1491927,1491935,4,8,12,completed,2
20693,Rigid,1491923,1491927,1491935,4,8,12,completed,2
20694,Rigid,1491923,1491927,1491935,4,8,12,completed,2
20695,Rigid,1491923,1491927,1491935,4,8,12,completed,2
20696,Rigid,1491923,1491927,1491936,4,9,13,completed,2
20697,Rigid,1491923,1491927,1491944,4,17,21,completed,2
20698,Rigid,1491923,1491927,1491935,4,8,12,completed,2
20699,Rigid,1491923,1491927,1491935,4,8,12,completed,2
20700,Rigid,1491923,1491927,1491935,4,8,12,completed,2
20701,Rigid,1491923,1491927,1491953,4,26,30,completed,2
20702,Rigid,1491923,1491927,1491936,4,9,13,completed,2
20703,Rigid,1491923,1491927,1491935,4,8,12,completed,2
20704,Rigid,1491923,1491927,1491935,4,8,12,completed,2
20705,Rigid,1491923,1491927,1491956,4,29,33,completed,2
20706,Rigid,1491923,1491927,1491935,4,8,12,completed,2
20707,Rigid,1491923,1491927,1491935,4,8,12,completed,2
20708,Rigid,1491923,1491927,1491935,4,8,12,completed,2
20709,Rigid,1491924,1491927,1491954,3,27,30,completed,2
20710,Rigid,1491924,1491927,1491935,3,8,11,completed,2
20711,Rigid,1491924,1491927,1491935,3,8,11,completed,2
20712,Rigid,1491924,1491927,1491935,3,8,11,completed,2
20713,Rigid,1491924,1491927,1491958,3,31,34,completed,2
20714,Rigid,1491924,1491927,1491935,3,8,11,completed,2
20715,Rigid,1491924,1491927,1491934,3,7,10,completed,2
20716,Rigid,1491924,1491927,1491935,3,8,11,completed,2
20717,Rigid,1491924,1491927,1491935,3,8,11,completed,2
20718,Rigid,1491924,1491927,1491956,3,29,32,completed,2
20719,Rigid,1491924,1491927,1491935,3,8,11,completed,2
20720,Rigid,1491924,1491927,1491935,3,8,11,completed,2
20721,Rigid,1491924,1491927,1491935,3,8,11,completed,2
20722,Rigid,1491924,1491927,1491936,3,9,12,completed,2
20723,Rigid,1491924,1491927,1491936,3,9,12,completed,2
20724,Rigid,1491924,1491927,1491936,3,9,12,completed,2
20725,Rigid,1491924,1491927,1491973,3,46,49,completed,2
20726,Rigid,1491924,1491927,1491936,3,9,12,completed,2
20727,Rigid,1491924,1491927,1491936,3,9,12,completed,2
20728,Rigid,1491924,1491927,1491936,3,9,12,completed,2
20729,Rigid,1491924,1491927,1491936,3,9,12,completed,2
20730,Rigid,1491924,1491927,1491962,3,35,38,completed,2
20731,Rigid,1491924,1491927,1491936,3,9,12,completed,2
20732,Rigid,1491924,1491927,1491936,3,9,12,completed,2
20733,Rigid,1491924,1491927,1491964,3,37,40,completed,2
20734,Rigid,1491924,1491927,1491936,3,9,12,completed,2
20735,Rigid,1491924,1491927,1491954,3,27,30,completed,2
20736,Rigid,1491924,1491927,1491962,3,35,38,completed,2
20737,Rigid,1491924,1491927,1491969,3,42,45,completed,2
20738,Rigid,1491924,1491927,1491936,3,9,12,completed,2
20739,Rigid,1491924,1491927,1491936,3,9,12,completed,2
20740,Rigid,1491924,1491927,1491936,3,9,12,completed,2
20741,Rigid,1491924,1491927,1491936,3,9,12,completed,2
20742,Rigid,1491924,1491927,1491936,3,9,12,completed,2
20743,Rigid,1491924,1491927,1491973,3,46,49,completed,2
20744,Rigid,1491924,1491927,1491965,3,38,41,completed,2
20745,Rigid,1491924,1491927,1491967,3,40,43,completed,2
20746,Rigid,1491924,1491927,1491936,3,9,12,completed,2
20747,Rigid,1491924,1491927,1491936,3,9,12,completed,2
20748,Rigid,1491924,1491927,1491936,3,9,12,completed,2
20749,Rigid,1491924,1491927,1491936,3,9,12,completed,2
20750,Rigid,1491924,1491927,1491936,3,9,12,completed,2
20751,Rigid,1491924,1491927,1491936,3,9,12,completed,2
20752,Rigid,1491924,1491927,1491945,3,18,21,completed,2
20753,Rigid,1491924,1491927,1491958,3,31,34,completed,2
20754,Rigid,1491924,1491927,1491951,3,24,27,completed,2
20755,Rigid,1491924,1491927,1491936,3,9,12,completed,2
20756,Rigid,1491924,1491927,1491936,3,9,12,completed,2
20757,Rigid,1491924,1491927,1491936,3,9,12,completed,2
20758,Rigid,1491924,1491927,1491936,3,9,12,completed,2
20759,Rigid,1491925,1491927,1491936,2,9,11,completed,2
20760,Rigid,1491925,1491927,1491936,2,9,11,completed,2
20761,Rigid,1491925,1491927,1491967,2,40,42,completed,2
20762,Rigid,1491925,1491927,1491962,2,35,37,completed,2
20763,Rigid,1491925,1491927,1491957,2,30,32,completed,2
20764,Rigid,1491925,1491927,1491936,2,9,11,completed,2
20765,Rigid,1491925,1491927,1491936,2,9,11,completed,2
20766,Rigid,1491925,1491927,1491936,2,9,11,completed,2
20767,Rigid,1491925,1491927,1491936,2,9,11,completed,2
20768,Rigid,1491925,1491927,1491936,2,9,11,completed,2
20769,Rigid,1491925,1491927,1491936,2,9,11,completed,2
20770,Rigid,1491925,1491927,1491949,2,22,24,completed,2
20771,Rigid,1491925,1491927,1491967,2,40,42,completed,2
20772,Rigid,1491925,1491927,1491956,2,29,31,completed,2
20773,Rigid,1491925,1491927,1491936,2,9,11,completed,2
20774,Rigid,1491925,1491927,1491936,2,9,11,completed,2
20775,Rigid,1491925,1491927,1491936,2,9,11,completed,2
20776,Rigid,1491925,1491927,1491937,2,10,12,completed,2
20777,Rigid,1491925,1491927,1491937,2,10,12,completed,2
20778,Rigid,1491925,1491927,1491937,2,10,12,completed,2
20779,Rigid,1491925,1491927,1491937,2,10,12,completed,2
20780,Rigid,1491925,1491927,1491953,2,26,28,completed,2
20781,Rigid,1491925,1491927,1491959,2,32,34,completed,2
20782,Rigid,1491925,1491927,1491937,2,10,12,completed,2
20783,Rigid,1491925,1491927,1491937,2,10,12,completed,2
20784,Rigid,1491925,1491927,1491937,2,10,12,completed,2
20785,Rigid,1491925,1491927,1491937,2,10,12,completed,2
20786,Rigid,1491925,1491927,1491937,2,10,12,completed,2
20787,Rigid,1491925,1491927,1491937,2,10,12,completed,2
20788,Rigid,1491925,1491927,1491937,2,10,12,completed,2
20789,Rigid,1491925,1491927,1491937,2,10,12,completed,2
20790,Rigid,1491925,1491927,1491944,2,17,19,completed,2
20791,Rigid,1491925,1491927,1491962,2,35,37,completed,2
20792,Rigid,1491925,1491927,1491937,2,10,12,completed,2
20793,Rigid,1491925,1491927,1491937,2,10,12,completed,2
20794,Rigid,1491925,1491927,1491936,2,9,11,completed,2
20795,Rigid,1491926,1491927,1491936,1,9,10,completed,2
20796,Rigid,1491926,1491927,1491936,1,9,10,completed,2
20797,Rigid,1491926,1491927,1491936,1,9,10,completed,2
20798,Rigid,1491926,1491927,1491936,1,9,10,completed,2
20799,Rigid,1491926,1491927,1491954,1,27,28,completed,2
20800,Rigid,1491926,1491927,1491957,1,30,31,completed,2
20801,Rigid,1491926,1491927,1491936,1,9,10,completed,2
20802,Rigid,1491926,1491927,1491936,1,9,10,completed,2
20803,Rigid,1491926,1491927,1491936,1,9,10,completed,2
20804,Rigid,1491926,1491927,1491936,1,9,10,completed,2
20805,Rigid,1491926,1491927,1491936,1,9,10,completed,2
20806,Rigid,1491926,1491927,1491936,1,9,10,completed,2
20807,Rigid,1491926,1491927,1491936,1,9,10,completed,2
20808,Rigid,1491926,1491927,1491944,1,17,18,completed,2
20809,Rigid,1491926,1491927,1491949,1,22,23,completed,2
20810,Rigid,1491926,1491927,1491959,1,32,33,completed,2
20811,Rigid,1491926,1491927,1491936,1,9,10,completed,2
20812,Rigid,1491926,1491927,1491936,1,9,10,completed,2
20813,Rigid,1491926,1491927,1491936,1,9,10,completed,2
20814,Rigid,1491926,1491927,1491936,1,9,10,completed,2
20815,Rigid,1491926,1491927,1491936,1,9,10,completed,2
20816,Rigid,1491926,1491927,1491937,1,10,11,completed,2
20817,Rigid,1491926,1491927,1491958,1,31,32,completed,2
20818,Rigid,1491926,1491927,1491960,1,33,34,completed,2
20819,Rigid,1491926,1491927,1491936,1,9,10,completed,2
20820,Rigid,1491926,1491927,1491937,1,10,11,completed,2
20821,Rigid,1491926,1491927,1491937,1,10,11,completed,2
20822,Rigid,1491926,1491927,1491936,1,9,10,completed,2
20823,Rigid,1491926,1491927,1491937,1,10,11,completed,2
20824,Rigid,1491926,1491927,1491937,1,10,11,completed,2
20825,Rigid,1491926,1491927,1491937,1,10,11,completed,2
20826,Rigid,1491926,1491927,1491936,1,9,10,completed,2
20827,Rigid,1491926,1491927,1491961,1,34,35,completed,2
20828,Rigid,1491926,1491927,1491951,1,24,25,completed,2
20829,Rigid,1491926,1491927,1491936,1,9,10,completed,2
20830,Rigid,1491926,1491927,1491937,1,10,11,completed,2
20831,Rigid,1491926,1491927,1491937,1,10,11,completed,2
20832,Rigid,1491926,1491927,1491937,1,10,11,completed,2
20833,Rigid,1491926,1491927,1491937,1,10,11,completed,2
20834,Rigid,1491926,1491927,1491937,1,10,11,completed,2
20835,Rigid,1491926,1491927,1491962,1,35,36,completed,2
20836,Rigid,1491926,1491927,1491949,1,22,23,completed,2
20837,Rigid,1491926,1491927,1491937,1,10,11,completed,2
20838,Rigid,1491927,1491927,1491937,0,10,10,completed,2
20839,Rigid,1491927,1491927,1491937,0,10,10,completed,2
20840,Rigid,1491927,1491927,1491937,0,10,10,completed,2
20841,Rigid,1491927,1491927,1491937,0,10,10,completed,2
20842,Rigid,1491927,1491927,1491937,0,10,10,completed,2
20843,Rigid,1491927,1491927,1491937,0,10,10,completed,2
20844,Rigid,1491927,1491927,1491956,0,29,29,completed,2
20845,Rigid,1491927,1491927,1491958,0,31,31,completed,2
20846,Rigid,1491927,1491927,1491937,0,10,10,completed,2
20847,Rigid,1491927,1491927,1491937,0,10,10,completed,2
20848,Rigid,1491927,1491931,1491952,4,21,25,completed,2
20849,Rigid,1491927,1491931,1491952,4,21,25,completed,2
20850,Rigid,1491927,1491931,1491952,4,21,25,completed,2
20851,Rigid,1491928,1491931,1491953,3,22,25,completed,2
20852,Rigid,1491928,1491931,1491952,3,21,24,completed,2
20853,Rigid,1491928,1491931,1491972,3,41,44,completed,2
20854,Rigid,1491928,1491931,1491964,3,33,36,completed,2
20855,Rigid,1491928,1491931,1491952,3,21,24,completed,2
20856,Rigid,1491928,1491931,1491952,3,21,24,completed,2
20857,Rigid,1491928,1491931,1491954,3,23,26,completed,2
20858,Rigid,1491929,1491931,1491953,2,22,24,completed,2
20859,Rigid,1491929,1491931,1491952,2,21,23,completed,2
20860,Rigid,1491929,1491931,1491972,2,41,43,completed,2
20861,Rigid,1491929,1491931,1491974,2,43,45,completed,2
20862,Rigid,1491929,1491931,1491953,2,22,24,completed,2
20863,Rigid,1491929,1491931,1491952,2,21,23,completed,2
20864,Rigid,1491929,1491931,1491952,2,21,23,completed,2
20865,Rigid,1491929,1491931,1491953,2,22,24,completed,2
20866,Rigid,1491929,1491931,1491940,2,9,11,completed,2
20867,Rigid,1491929,1491931,1491940,2,9,11,completed,2
20868,Rigid,1491937,1491937,1491966,0,29,29,completed,2
20869,Rigid,1491937,1491937,1491966,0,29,29,completed,2
20870,Rigid,1491937,1491937,1491966,0,29,29,completed,2
20871,Rigid,1491937,1491937,1491966,0,29,29,completed,2
20872,Rigid,1491937,1491937,1491966,0,29,29,completed,2
20873,Rigid,1491937,1491937,1491966,0,29,29,completed,2
20874,Rigid,1491938,1491938,1491966,0,28,28,completed,2
20875,Rigid,1491938,1491938,1491966,0,28,28,completed,2
20876,Rigid,1491938,1491938,1491967,0,29,29,completed,2
20877,Rigid,1491938,1491938,1491966,0,28,28,completed,2
20878,Rigid,1491938,1491938,1491966,0,28,28,completed,2
20879,Rigid,1491938,1491938,1491966,0,28,28,completed,2
20880,Rigid,1491938,1491938,1491966,0,28,28,completed,2
20881,Rigid,1491938,1491938,1491966,0,28,28,completed,2
20882,Rigid,1491939,1491939,1491966,0,27,27,completed,2
20883,Rigid,1491939,1491939,1491966,0,27,27,completed,2
20884,Rigid,1491939,1491939,1491966,0,27,27,completed,2
20885,Rigid,1491939,1491939,1491966,0,27,27,completed,2
20886,Rigid,1491939,1491939,1491966,0,27,27,completed,2
20887,Rigid,1491939,1491942,1491966,3,24,27,completed,2
20888,Rigid,1491939,1491942,1491966,3,24,27,completed,2
20889,Rigid,1491940,1491942,1491966,2,24,26,completed,2
20890,Rigid,1491940,1491942,1491966,2,24,26,completed,2
20891,Rigid,1491940,1491942,1491966,2,24,26,completed,2
20892,Rigid,1491940,1491942,1491966,2,24,26,completed,2
20893,Rigid,1491940,1491942,1491966,2,24,26,completed,2
20894,Rigid,1491940,1491942,1491966,2,24,26,completed,2
20895,Rigid,1491940,1491942,1491966,2,24,26,completed,2
20896,Rigid,1491940,1491942,1491966,2,24,26,completed,2
20897,Rigid,1491940,1491942,1491966,2,24,26,completed,2
20898,Rigid,1491941,1491942,1491966,1,24,25,completed,2
20899,Rigid,1491941,1491942,1491966,1,24,25,completed,2
20900,Rigid,1491941,1491942,1491966,1,24,25,completed,2
20901,Rigid,1491941,1491942,1491966,1,24,25,completed,2
20902,Rigid,1491941,1491942,1491966,1,24,25,completed,2
20903,Rigid,1491941,1491942,1491966,1,24,25,completed,2
20904,Rigid,1491942,1491942,1491966,0,24,24,completed,2
20905,Rigid,1491942,1491942,1491966,0,24,24,completed,2
20906,Rigid,1491942,1491942,1491966,0,24,24,completed,2
20907,Rigid,1491942,1491942,1491966,0,24,24,completed,2
20908,Rigid,1491942,1491945,1491966,3,21,24,completed,2
20909,Rigid,1491942,1491945,1491966,3,21,24,completed,2
20910,Rigid,1491942,1491945,1491966,3,21,24,completed,2
20911,Rigid,1491942,1491945,1491966,3,21,24,completed,2
20912,Rigid,1491943,1491945,1491966,2,21,23,completed,2
20913,Rigid,1491943,1491945,1491966,2,21,23,completed,2
20914,Rigid,1491943,1491945,1491966,2,21,23,completed,2
20915,Rigid,1491943,1491945,1491966,2,21,23,completed,2
20916,Rigid,1491943,1491945,1491966,2,21,23,completed,2
20917,Rigid,1491943,1491945,1491966,2,21,23,completed,2
20918,Rigid,1491943,1491945,1491966,2,21,23,completed,2
20919,Rigid,1491944,1491945,1491966,1,21,22,completed,2
20920,Rigid,1491944,1491945,1491966,1,21,22,completed,2
20921,Rigid,1491944,1491945,1491966,1,21,22,completed,2
20922,Rigid,1491945,1491945,1491966,0,21,21,completed,2
20923,Rigid,1491945,1491945,1491966,0,21,21,completed,2
20924,Rigid,1491954,1491954,1491970,0,16,16,completed,2
20925,Rigid,1491954,1491954,1491969,0,15,15,completed,2
20926,Rigid,1491954,1491954,1491969,0,15,15,completed,2
20927,Rigid,1491955,1491955,1491969,0,14,14,completed,2
20928,Rigid,1491955,1491955,1491969,0,14,14,completed,2
20929,Rigid,1491955,1491955,1491969,0,14,14,completed,2
20930,Rigid,1491955,1491955,1491969,0,14,14,completed,2
20931,Rigid,1491955,1491955,1491969,0,14,14,completed,2
20932,Rigid,1491956,1491956,1491970,0,14,14,completed,2
20933,Rigid,1491956,1491957,1491969,1,12,13,completed,2
20934,Rigid,1491956,1491957,1491970,1,13,14,completed,2
20935,Rigid,1491956,1491957,1491969,1,12,13,completed,2
20936,Rigid,1491956,1491957,1491969,1,12,13,completed,2
20937,Rigid,1491956,1491957,1491969,1,12,13,completed,2
20938,Rigid,1491956,1491957,1491969,1,12,13,completed,2
20939,Rigid,1491956,1491957,1491969,1,12,13,completed,2
20940,Rigid,1492076,1492077,1492961,1,884,885,completed,14
20941,Rigid,1492143,1492144,1492647,1,503,504,completed,18
20942,Rigid,1492376,1492376,1492625,0,249,249,completed,36
20943,Rigid,1492422,1492422,1492628,0,206,206,completed,36
20944,Rigid,1492483,1492483,1492525,0,42,42,completed,2
20945,Rigid,1492483,1492483,1492540,0,57,57,completed,2
20946,Rigid,1492483,1492483,1492544,0,61,61,completed,2
20947,Rigid,1492483,1492483,1492494,0,11,11,completed,2
20948,Rigid,1492483,1492483,1492494,0,11,11,completed,2
20949,Rigid,1492483,1492483,1492494,0,11,11,completed,2
20950,Rigid,1492483,1492483,1492494,0,11,11,completed,2
20951,Rigid,1492483,1492483,1492532,0,49,49,completed,2
20952,Rigid,1492483,1492483,1492508,0,25,25,completed,2
20953,Rigid,1492483,1492483,1492540,0,57,57,completed,2
20954,Rigid,1492483,1492483,1492494,0,11,11,completed,2
20955,Rigid,1492483,1492483,1492494,0,11,11,completed,2
20956,Rigid,1492483,1492483,1492494,0,11,11,completed,2
20957,Rigid,1492483,1492483,1492494,0,11,11,completed,2
20958,Rigid,1492483,1492483,1492494,0,11,11,completed,2
20959,Rigid,1492483,1492483,1492538,0,55,55,completed,2
20960,Rigid,1492483,1492483,1492518,0,35,35,completed,2
20961,Rigid,1492483,1492483,1492531,0,48,48,completed,2
20962,Rigid,1492483,1492483,1492494,0,11,11,completed,2
20963,Rigid,1492483,1492483,1492494,0,11,11,completed,2
20964,Rigid,1492483,1492487,1492495,4,8,12,completed,2
20965,Rigid,1492483,1492487,1492495,4,8,12,completed,2
20966,Rigid,1492483,1492487,1492515,4,28,32,completed,2
20967,Rigid,1492483,1492487,1492508,4,21,25,completed,2
20968,Rigid,1492483,1492487,1492515,4,28,32,completed,2
20969,Rigid,1492483,1492487,1492494,4,7,11,completed,2
20970,Rigid,1492484,1492487,1492494,3,7,10,completed,2
20971,Rigid,1492484,1492487,1492495,3,8,11,completed,2
20972,Rigid,1492484,1492487,1492495,3,8,11,completed,2
20973,Rigid,1492484,1492487,1492527,3,40,43,completed,2
20974,Rigid,1492484,1492487,1492522,3,35,38,completed,2
20975,Rigid,1492484,1492487,1492525,3,38,41,completed,2
20976,Rigid,1492484,1492487,1492494,3,7,10,completed,2
20977,Rigid,1492484,1492487,1492494,3,7,10,completed,2
20978,Rigid,1492484,1492487,1492495,3,8,11,completed,2
20979,Rigid,1492484,1492487,1492494,3,7,10,completed,2
20980,Rigid,1492484,1492487,1492495,3,8,11,completed,2
20981,Rigid,1492484,1492487,1492495,3,8,11,completed,2
20982,Rigid,1492484,1492487,1492518,3,31,34,completed,2
20983,Rigid,1492484,1492487,1492526,3,39,42,completed,2
20984,Rigid,1492484,1492487,1492495,3,8,11,completed,2
20985,Rigid,1492484,1492487,1492496,3,9,12,completed,2
20986,Rigid,1492484,1492487,1492495,3,8,11,completed,2
20987,Rigid,1492484,1492487,1492495,3,8,11,completed,2
20988,Rigid,1492484,1492487,1492495,3,8,11,completed,2
20989,Rigid,1492484,1492487,1492495,3,8,11,completed,2
20990,Rigid,1492484,1492487,1492495,3,8,11,completed,2
20991,Rigid,1492484,1492487,1492515,3,28,31,completed,2
20992,Rigid,1492484,1492487,1492515,3,28,31,completed,2
20993,Rigid,1492484,1492487,1492495,3,8,11,completed,2
20994,Rigid,1492484,1492487,1492495,3,8,11,completed,2
20995,Rigid,1492484,1492487,1492495,3,8,11,completed,2
20996,Rigid,1492484,1492487,1492496,3,9,12,completed,2
20997,Rigid,1492484,1492487,1492526,3,39,42,completed,2
20998,Rigid,1492484,1492487,1492518,3,31,34,completed,2
20999,Rigid,1492484,1492487,1492496,3,9,12,completed,2
21000,Rigid,1492484,1492487,1492496,3,9,12,completed,2
21001,Rigid,1492484,1492487,1492496,3,9,12,completed,2
21002,Rigid,1492484,1492487,1492496,3,9,12,completed,2
21003,Rigid,1492484,1492487,1492496,3,9,12,completed,2
21004,Rigid,1492485,1492487,1492518,2,31,33,completed,2
21005,Rigid,1492485,1492487,1492521,2,34,36,completed,2
21006,Rigid,1492485,1492487,1492496,2,9,11,completed,2
21007,Rigid,1492485,1492487,1492496,2,9,11,completed,2
21008,Rigid,1492485,1492487,1492496,2,9,11,completed,2
21009,Rigid,1492485,1492487,1492497,2,10,12,completed,2
21010,Rigid,1492485,1492487,1492496,2,9,11,completed,2
21011,Rigid,1492485,1492487,1492515,2,28,30,completed,2
21012,Rigid,1492485,1492487,1492508,2,21,23,completed,2
21013,Rigid,1492485,1492487,1492496,2,9,11,completed,2
21014,Rigid,1492485,1492487,1492496,2,9,11,completed,2
21015,Rigid,1492485,1492487,1492496,2,9,11,completed,2
21016,Rigid,1492485,1492487,1492496,2,9,11,completed,2
21017,Rigid,1492485,1492487,1492496,2,9,11,completed,2
21018,Rigid,1492485,1492487,1492496,2,9,11,completed,2
21019,Rigid,1492485,1492487,1492496,2,9,11,completed,2
21020,Rigid,1492485,1492487,1492528,2,41,43,completed,2
21021,Rigid,1492485,1492487,1492528,2,41,43,completed,2
21022,Rigid,1492485,1492487,1492496,2,9,11,completed,2
21023,Rigid,1492485,1492487,1492496,2,9,11,completed,2
21024,Rigid,1492485,1492487,1492496,2,9,11,completed,2
21025,Rigid,1492485,1492487,1492497,2,10,12,completed,2
21026,Rigid,1492485,1492487,1492528,2,41,43,completed,2
21027,Rigid,1492485,1492487,1492508,2,21,23,completed,2
21028,Rigid,1492485,1492487,1492496,2,9,11,completed,2
21029,Rigid,1492485,1492487,1492496,2,9,11,completed,2
21030,Rigid,1492485,1492487,1492496,2,9,11,completed,2
21031,Rigid,1492485,1492487,1492496,2,9,11,completed,2
21032,Rigid,1492485,1492487,1492496,2,9,11,completed,2
21033,Rigid,1492485,1492487,1492518,2,31,33,completed,2
21034,Rigid,1492485,1492487,1492523,2,36,38,completed,2
21035,Rigid,1492485,1492487,1492497,2,10,12,completed,2
21036,Rigid,1492485,1492487,1492496,2,9,11,completed,2
21037,Rigid,1492485,1492487,1492496,2,9,11,completed,2
21038,Rigid,1492485,1492487,1492496,2,9,11,completed,2
21039,Rigid,1492485,1492487,1492521,2,34,36,completed,2
21040,Rigid,1492485,1492487,1492508,2,21,23,completed,2
21041,Rigid,1492485,1492487,1492496,2,9,11,completed,2
21042,Rigid,1492485,1492487,1492496,2,9,11,completed,2
21043,Rigid,1492485,1492487,1492496,2,9,11,completed,2
21044,Rigid,1492485,1492487,1492496,2,9,11,completed,2
21045,Rigid,1492485,1492487,1492523,2,36,38,completed,2
21046,Rigid,1492485,1492487,1492521,2,34,36,completed,2
21047,Rigid,1492485,1492487,1492496,2,9,11,completed,2
21048,Rigid,1492485,1492487,1492496,2,9,11,completed,2
21049,Rigid,1492485,1492487,1492496,2,9,11,completed,2
21050,Rigid,1492485,1492487,1492496,2,9,11,completed,2
21051,Rigid,1492485,1492487,1492496,2,9,11,completed,2
21052,Rigid,1492486,1492487,1492496,1,9,10,completed,2
21053,Rigid,1492486,1492487,1492496,1,9,10,completed,2
21054,Rigid,1492486,1492487,1492496,1,9,10,completed,2
21055,Rigid,1492486,1492487,1492496,1,9,10,completed,2
21056,Rigid,1492486,1492487,1492496,1,9,10,completed,2
21057,Rigid,1492486,1492487,1492496,1,9,10,completed,2
21058,Rigid,1492486,1492487,1492496,1,9,10,completed,2
21059,Rigid,1492486,1492487,1492496,1,9,10,completed,2
21060,Rigid,1492486,1492487,1492496,1,9,10,completed,2
21061,Rigid,1492486,1492487,1492496,1,9,10,completed,2
21062,Rigid,1492486,1492487,1492496,1,9,10,completed,2
21063,Rigid,1492486,1492487,1492496,1,9,10,completed,2
21064,Rigid,1492486,1492487,1492508,1,21,22,completed,2
21065,Rigid,1492486,1492487,1492496,1,9,10,completed,2
21066,Rigid,1492486,1492487,1492496,1,9,10,completed,2
21067,Rigid,1492486,1492487,1492496,1,9,10,completed,2
21068,Rigid,1492486,1492487,1492496,1,9,10,completed,2
21069,Rigid,1492486,1492487,1492496,1,9,10,completed,2
21070,Rigid,1492486,1492487,1492515,1,28,29,completed,2
21071,Rigid,1492486,1492487,1492496,1,9,10,completed,2
21072,Rigid,1492486,1492487,1492497,1,10,11,completed,2
21073,Rigid,1492486,1492487,1492496,1,9,10,completed,2
21074,Rigid,1492486,1492487,1492496,1,9,10,completed,2
21075,Rigid,1492486,1492487,1492496,1,9,10,completed,2
21076,Rigid,1492486,1492487,1492508,1,21,22,completed,2
21077,Rigid,1492486,1492487,1492497,1,10,11,completed,2
21078,Rigid,1492486,1492487,1492496,1,9,10,completed,2
21079,Rigid,1492486,1492487,1492496,1,9,10,completed,2
21080,Rigid,1492486,1492487,1492496,1,9,10,completed,2
21081,Rigid,1492486,1492487,1492496,1,9,10,completed,2
21082,Rigid,1492486,1492487,1492497,1,10,11,completed,2
21083,Rigid,1492486,1492487,1492515,1,28,29,completed,2
21084,Rigid,1492486,1492487,1492498,1,11,12,completed,2
21085,Rigid,1492486,1492487,1492496,1,9,10,completed,2
21086,Rigid,1492486,1492487,1492496,1,9,10,completed,2
21087,Rigid,1492486,1492487,1492496,1,9,10,completed,2
21088,Rigid,1492486,1492487,1492497,1,10,11,completed,2
21089,Rigid,1492486,1492487,1492511,1,24,25,completed,2
21090,Rigid,1492486,1492487,1492497,1,10,11,completed,2
21091,Rigid,1492486,1492487,1492497,1,10,11,completed,2
21092,Rigid,1492486,1492487,1492497,1,10,11,completed,2
21093,Rigid,1492487,1492487,1492497,0,10,10,completed,2
21094,Rigid,1492487,1492487,1492497,0,10,10,completed,2
21095,Rigid,1492487,1492487,1492497,0,10,10,completed,2
21096,Rigid,1492487,1492487,1492498,0,11,11,completed,2
21097,Rigid,1492487,1492487,1492497,0,10,10,completed,2
21098,Rigid,1492487,1492487,1492508,0,21,21,completed,2
21099,Rigid,1492487,1492487,1492498,0,11,11,completed,2
21100,Rigid,1492487,1492487,1492497,0,10,10,completed,2
21101,Rigid,1492487,1492487,1492498,0,11,11,completed,2
21102,Rigid,1492487,1492487,1492515,0,28,28,completed,2
21103,Rigid,1492487,1492487,1492498,0,11,11,completed,2
21104,Rigid,1492487,1492487,1492497,0,10,10,completed,2
21105,Rigid,1492487,1492487,1492498,0,11,11,completed,2
21106,Rigid,1492487,1492487,1492497,0,10,10,completed,2
21107,Rigid,1492487,1492487,1492497,0,10,10,completed,2
21108,Rigid,1492487,1492487,1492515,0,28,28,completed,2
21109,Rigid,1492487,1492487,1492497,0,10,10,completed,2
21110,Rigid,1492487,1492487,1492497,0,10,10,completed,2
21111,Rigid,1492487,1492487,1492497,0,10,10,completed,2
21112,Rigid,1492487,1492487,1492497,0,10,10,completed,2
21113,Rigid,1492487,1492487,1492497,0,10,10,completed,2
21114,Rigid,1492487,1492487,1492508,0,21,21,completed,2
21115,Rigid,1492487,1492487,1492497,0,10,10,completed,2
21116,Rigid,1492487,1492487,1492497,0,10,10,completed,2
21117,Rigid,1492487,1492487,1492497,0,10,10,completed,2
21118,Rigid,1492487,1492487,1492497,0,10,10,completed,2
21119,Rigid,1492487,1492487,1492497,0,10,10,completed,2
21120,Rigid,1492487,1492487,1492497,0,10,10,completed,2
21121,Rigid,1492487,1492487,1492508,0,21,21,completed,2
21122,Rigid,1492487,1492487,1492497,0,10,10,completed,2
21123,Rigid,1492487,1492487,1492497,0,10,10,completed,2
21124,Rigid,1492487,1492487,1492495,0,8,8,completed,2
21125,Rigid,1492487,1492487,1492495,0,8,8,completed,2
21126,Rigid,1492487,1492487,1492495,0,8,8,completed,2
21127,Rigid,1492487,1492487,1492495,0,8,8,completed,2
21128,Rigid,1492487,1492487,1492495,0,8,8,completed,2
21129,Rigid,1492487,1492487,1492508,0,21,21,completed,2
21130,Rigid,1492487,1492487,1492495,0,8,8,completed,2
21131,Rigid,1492487,1492487,1492495,0,8,8,completed,2
21132,Rigid,1492487,1492491,1492498,4,7,11,completed,2
21133,Rigid,1492487,1492491,1492498,4,7,11,completed,2
21134,Rigid,1492488,1492491,1492498,3,7,10,completed,2
21135,Rigid,1492488,1492491,1492499,3,8,11,completed,2
21136,Rigid,1492489,1492491,1492515,2,24,26,completed,2
21137,Rigid,1492489,1492491,1492498,2,7,9,completed,2
21138,Rigid,1492489,1492491,1492498,2,7,9,completed,2
21139,Rigid,1492489,1492491,1492498,2,7,9,completed,2
21140,Rigid,1492489,1492491,1492515,2,24,26,completed,2
21141,Rigid,1492489,1492491,1492499,2,8,10,completed,2
21142,Rigid,1492489,1492491,1492497,2,6,8,completed,2
21143,Rigid,1492489,1492491,1492497,2,6,8,completed,2
21144,Rigid,1492497,1492497,1492523,0,26,26,completed,2
21145,Rigid,1492497,1492497,1492523,0,26,26,completed,2
21146,Rigid,1492497,1492497,1492523,0,26,26,completed,2
21147,Rigid,1492497,1492497,1492523,0,26,26,completed,2
21148,Rigid,1492497,1492497,1492523,0,26,26,completed,2
21149,Rigid,1492497,1492497,1492523,0,26,26,completed,2
21150,Rigid,1492497,1492497,1492523,0,26,26,completed,2
21151,Rigid,1492498,1492498,1492523,0,25,25,completed,2
21152,Rigid,1492498,1492498,1492523,0,25,25,completed,2
21153,Rigid,1492498,1492498,1492523,0,25,25,completed,2
21154,Rigid,1492498,1492498,1492523,0,25,25,completed,2
21155,Rigid,1492498,1492498,1492523,0,25,25,completed,2
21156,Rigid,1492498,1492498,1492523,0,25,25,completed,2
21157,Rigid,1492498,1492498,1492523,0,25,25,completed,2
21158,Rigid,1492499,1492499,1492523,0,24,24,completed,2
21159,Rigid,1492499,1492499,1492523,0,24,24,completed,2
21160,Rigid,1492499,1492499,1492523,0,24,24,completed,2
21161,Rigid,1492499,1492499,1492523,0,24,24,completed,2
21162,Rigid,1492499,1492499,1492523,0,24,24,completed,2
21163,Rigid,1492499,1492499,1492523,0,24,24,completed,2
21164,Rigid,1492499,1492500,1492523,1,23,24,completed,2
21165,Rigid,1492500,1492500,1492523,0,23,23,completed,2
21166,Rigid,1492500,1492500,1492523,0,23,23,completed,2
21167,Rigid,1492500,1492500,1492523,0,23,23,completed,2
21168,Rigid,1492500,1492500,1492523,0,23,23,completed,2
21169,Rigid,1492500,1492500,1492523,0,23,23,completed,2
21170,Rigid,1492500,1492500,1492523,0,23,23,completed,2
21171,Rigid,1492500,1492501,1492523,1,22,23,completed,2
21172,Rigid,1492500,1492501,1492523,1,22,23,completed,2
21173,Rigid,1492501,1492501,1492523,0,22,22,completed,2
21174,Rigid,1492501,1492501,1492523,0,22,22,completed,2
21175,Rigid,1492501,1492501,1492523,0,22,22,completed,2
21176,Rigid,1492501,1492501,1492523,0,22,22,completed,2
21177,Rigid,1492501,1492501,1492523,0,22,22,completed,2
21178,Rigid,1492501,1492501,1492523,0,22,22,completed,2
21179,Rigid,1492501,1492501,1492523,0,22,22,completed,2
21180,Rigid,1492511,1492511,1492529,0,18,18,completed,2
21181,Rigid,1492511,1492511,1492528,0,17,17,completed,2
21182,Rigid,1492511,1492511,1492528,0,17,17,completed,2
21183,Rigid,1492511,1492511,1492528,0,17,17,completed,2
21184,Rigid,1492511,1492511,1492528,0,17,17,completed,2
21185,Rigid,1492511,1492511,1492528,0,17,17,completed,2
21186,Rigid,1492511,1492511,1492528,0,17,17,completed,2
21187,Rigid,1492512,1492512,1492528,0,16,16,completed,2
21188,Rigid,1492512,1492512,1492528,0,16,16,completed,2
21189,Rigid,1492512,1492512,1492528,0,16,16,completed,2
21190,Rigid,1492512,1492512,1492528,0,16,16,completed,2
21191,Rigid,1492512,1492513,1492528,1,15,16,completed,2
21192,Rigid,1492512,1492513,1492528,1,15,16,completed,2
21193,Rigid,1492512,1492513,1492528,1,15,16,completed,2
21194,Rigid,1492512,1492513,1492528,1,15,16,completed,2
21195,Rigid,1492512,1492513,1492529,1,16,17,completed,2
21196,Rigid,1492512,1492513,1492529,1,16,17,completed,2
21197,Rigid,1492512,1492513,1492529,1,16,17,completed,2
21198,Rigid,1492513,1492515,1492529,2,14,16,completed,2
21199,Rigid,1492513,1492515,1492529,2,14,16,completed,2
21200,Rigid,1492513,1492515,1492529,2,14,16,completed,2
21201,Rigid,1492513,1492515,1492529,2,14,16,completed,2
21202,Rigid,1492513,1492515,1492529,2,14,16,completed,2
21203,Rigid,1492514,1492515,1492529,1,14,15,completed,2
21204,Rigid,1492515,1492515,1492529,0,14,14,completed,2
21205,Rigid,1492515,1492515,1492529,0,14,14,completed,2
21206,Rigid,1492515,1492515,1492529,0,14,14,completed,2
21207,Rigid,1492515,1492515,1492529,0,14,14,completed,2
21208,Rigid,1492515,1492515,1492529,0,14,14,completed,2
21209,Rigid,1492515,1492515,1492528,0,13,13,completed,2
21210,Rigid,1492515,1492515,1492528,0,13,13,completed,2
21211,Rigid,1492515,1492515,1492528,0,13,13,completed,2
21212,Rigid,1492515,1492515,1492528,0,13,13,completed,2
21213,Rigid,1492515,1492515,1492528,0,13,13,completed,2
21214,Rigid,1492515,1492515,1492528,0,13,13,completed,2
21215,Rigid,1492515,1492515,1492528,0,13,13,completed,2
21216,Rigid,1492604,1492604,1492784,0,180,180,completed,1
21217,Rigid,1492733,1492733,1492927,0,194,194,completed,1
21218,Rigid,1492804,1492804,1495962,0,3158,3158,completed,18
21219,Rigid,1492923,1492924,1492925,1,1,2,completed,1
21220,Rigid,1492939,1492940,1493191,1,251,252,completed,36
21221,Rigid,1492982,1492983,1493196,1,213,214,completed,36
21222,Rigid,1493071,1493072,1496051,1,2979,2980,completed,1
21223,Rigid,1493256,1493257,1496321,1,3064,3065,completed,1
21224,Rigid,1493413,1493414,1497223,1,3809,3810,completed,1
21225,Rigid,1493563,1493563,1495944,0,2381,2381,completed,36
21226,Rigid,1493823,1493823,1493845,0,22,22,completed,1
21227,Rigid,1493823,1493823,1493845,0,22,22,completed,1
21228,Rigid,1493853,1493853,1493860,0,7,7,completed,9
21229,Rigid,1493863,1493866,1493869,3,3,6,completed,9
21230,Rigid,1493873,1493873,1493878,0,5,5,completed,9
21231,Rigid,1493883,1493883,1493887,0,4,4,completed,9
21232,Rigid,1494390,1494390,1537571,0,43181,43181,completed,36
21233,Rigid,1494390,1494390,1500989,0,6599,6599,completed,36
21234,Rigid,1494390,1494393,1506728,3,12335,12338,completed,36
21235,Rigid,1494390,1494393,1562208,3,67815,67818,completed,36
21236,Rigid,1494390,1494393,1536315,3,41922,41925,completed,36
21237,Rigid,1494390,1494393,1574163,3,79770,79773,completed,36
21238,Rigid,1494391,1494393,1494405,2,12,14,completed,36
21239,Rigid,1494391,1494393,1512100,2,17707,17709,completed,36
21240,Rigid,1494391,1494393,1499344,2,4951,4953,completed,36
21241,Rigid,1494391,1494393,1539085,2,44692,44694,completed,36
21242,Rigid,1494391,1494393,1494405,2,12,14,completed,36
21243,Rigid,1494391,1494393,1494405,2,12,14,completed,36
21244,Rigid,1494391,1494393,1557464,2,63071,63073,completed,36
21245,Rigid,1494391,1494393,1498434,2,4041,4043,completed,36
21246,Rigid,1494391,1494393,1511230,2,16837,16839,completed,36
21247,Rigid,1494391,1494393,1495240,2,847,849,completed,36
21248,Rigid,1494391,1494393,1580822,2,86429,86431,completed,36
21249,Rigid,1494391,1494393,1494405,2,12,14,completed,36
21250,Rigid,1494392,1494393,1530791,1,36398,36399,completed,36
21251,Rigid,1494392,1494393,1545469,1,51076,51077,completed,36
21252,Rigid,1494392,1494393,1494405,1,12,13,completed,36
21253,Rigid,1494392,1494393,1517731,1,23338,23339,completed,36
21254,Rigid,1494392,1494393,1580822,1,86429,86430,completed,36
21255,Rigid,1494392,1494393,1511366,1,16973,16974,completed,36
21256,Rigid,1494392,1494393,1495835,1,1442,1443,completed,36
21257,Rigid,1494392,1494393,1538567,1,44174,44175,completed,36
21258,Rigid,1494392,1494393,1494405,1,12,13,completed,36
21259,Rigid,1494392,1494393,1580822,1,86429,86430,completed,36
21260,Rigid,1494393,1494393,1524951,0,30558,30558,completed,36
21261,Rigid,1494393,1494407,1494414,14,7,21,completed,36
21262,Rigid,1494393,1494407,1530708,14,36301,36315,completed,36
21263,Rigid,1494393,1494407,1538660,14,44253,44267,completed,36
21264,Rigid,1494393,1494407,1495548,14,1141,1155,completed,36
21265,Rigid,1494393,1494407,1514363,14,19956,19970,completed,36
21266,Rigid,1494393,1494407,1580822,14,86415,86429,completed,36
21267,Rigid,1494393,1494416,1494422,23,6,29,completed,36
21268,Rigid,1494393,1494423,1517188,30,22765,22795,completed,36
21269,Rigid,1494393,1494846,1494863,453,17,470,completed,36
21270,Rigid,1494393,1494846,1506468,453,11622,12075,completed,36
21271,Rigid,1494393,1494865,1520149,472,25284,25756,completed,36
21272,Rigid,1494393,1495241,1502980,848,7739,8587,completed,36
21273,Rigid,1494393,1495577,1524392,1184,28815,29999,completed,36
21274,Rigid,1494394,1534227,1580260,39833,46033,85866,completed,36
21275,Rigid,1494394,1534227,1564604,39833,30377,70210,completed,36
21276,Rigid,1494394,1534408,1610438,40014,76030,116044,completed,36
21277,Rigid,1494394,1535062,1583459,40668,48397,89065,completed,36
21278,Rigid,1494394,1536316,1538090,41922,1774,43696,completed,36
21279,Rigid,1494394,1536711,1623126,42317,86415,128732,completed,36
21280,Rigid,1494394,1537573,1547782,43179,10209,53388,completed,36
21281,Rigid,1494394,1537889,1537918,43495,29,43524,completed,36
21282,Rigid,1494394,1537919,1537961,43525,42,43567,completed,36
21283,Rigid,1494394,1537966,1537972,43572,6,43578,completed,36
21284,Rigid,1494394,1537974,1543588,43580,5614,49194,completed,36
21285,Rigid,1494394,1538092,1538098,43698,6,43704,completed,36
21286,Rigid,1494395,1538099,1624506,43704,86407,130111,completed,36
21287,Rigid,1494395,1538447,1600852,44052,62405,106457,completed,36
21288,Rigid,1494395,1538447,1590860,44052,52413,96465,completed,36
21289,Rigid,1494395,1538447,1538454,44052,7,44059,completed,36
21290,Rigid,1494395,1538447,1542711,44052,4264,48316,completed,36
21291,Rigid,1494395,1538455,1538461,44060,6,44066,completed,36
21292,Rigid,1494395,1538463,1538469,44068,6,44074,completed,36
21293,Rigid,1494395,1538470,1543943,44075,5473,49548,completed,36
21294,Rigid,1494396,1538570,1564439,44174,25869,70043,completed,36
21295,Rigid,1494396,1538661,1543296,44265,4635,48900,completed,36
21296,Rigid,1494396,1538736,1605290,44340,66554,110894,completed,36
21297,Rigid,1494396,1539087,1542633,44691,3546,48237,completed,36
21298,Rigid,1494396,1539829,1543128,45433,3299,48732,completed,36
21299,Rigid,1494396,1539829,1548922,45433,9093,54526,completed,36
21300,Rigid,1494396,1539829,1539845,45433,16,45449,completed,36
21301,Rigid,1494396,1539829,1552726,45433,12897,58330,completed,36
21302,Rigid,1494396,1539847,1541939,45451,2092,47543,completed,36
21303,Rigid,1494396,1540440,1590151,46044,49711,95755,completed,36
21304,Rigid,1494397,1540440,1626846,46043,86406,132449,completed,36
21305,Rigid,1494397,1540440,1540980,46043,540,46583,completed,36
21306,Rigid,1494397,1540440,1626846,46043,86406,132449,completed,36
21307,Rigid,1494397,1540501,1626906,46104,86405,132509,completed,36
21308,Rigid,1494397,1540517,1540524,46120,7,46127,completed,36
21309,Rigid,1494397,1540526,1580324,46129,39798,85927,completed,36
21310,Rigid,1494397,1540981,1547068,46584,6087,52671,completed,36
21311,Rigid,1494397,1541568,1555313,47171,13745,60916,completed,36
21312,Rigid,1494398,1541783,1542705,47385,922,48307,completed,36
21313,Rigid,1494398,1541783,1541790,47385,7,47392,completed,36
21314,Rigid,1494398,1541783,1558820,47385,17037,64422,completed,36
21315,Rigid,1494398,1541783,1547200,47385,5417,52802,completed,36
21316,Rigid,1494398,1541792,1576550,47394,34758,82152,completed,36
21317,Rigid,1494398,1541940,1562438,47542,20498,68040,completed,36
21318,Rigid,1494398,1542000,1542006,47602,6,47608,completed,36
21319,Rigid,1494398,1542008,1616303,47610,74295,121905,completed,36
21320,Rigid,1494398,1542635,1559459,48237,16824,65061,completed,36
21321,Rigid,1494398,1542707,1546618,48309,3911,52220,completed,36
21322,Rigid,1494399,1542712,1557582,48313,14870,63183,completed,36
21323,Rigid,1494399,1542909,1629336,48510,86427,134937,completed,36
21324,Rigid,1494399,1542978,1551584,48579,8606,57185,completed,36
21325,Rigid,1494399,1543130,1629546,48731,86416,135147,completed,36
21326,Rigid,1494399,1543299,1546717,48900,3418,52318,completed,36
21327,Rigid,1494399,1543368,1557638,48969,14270,63239,completed,36
21328,Rigid,1494399,1543589,1549175,49190,5586,54776,completed,36
21329,Rigid,1494399,1543661,1549362,49262,5701,54963,completed,36
21330,Rigid,1494400,1543944,1630356,49544,86412,135956,completed,36
21331,Rigid,1494400,1544652,1568681,50252,24029,74281,completed,36
21332,Rigid,1494400,1545471,1583136,51071,37665,88736,completed,36
21333,Rigid,1494400,1545705,1632126,51305,86421,137726,completed,36
21334,Rigid,1494400,1546250,1632666,51850,86416,138266,completed,36
21335,Rigid,1494400,1546619,1587600,52219,40981,93200,completed,36
21336,Rigid,1494400,1546680,1546687,52280,7,52287,completed,36
21337,Rigid,1494401,1546688,1546694,52287,6,52293,completed,36
21338,Rigid,1494401,1546696,1562494,52295,15798,68093,completed,36
21339,Rigid,1494401,1546719,1553083,52318,6364,58682,completed,36
21340,Rigid,1494401,1546779,1547660,52378,881,53259,completed,36
21341,Rigid,1494401,1546859,1546865,52458,6,52464,completed,36
21342,Rigid,1494401,1546867,1563818,52466,16951,69417,completed,36
21343,Rigid,1494401,1547069,1547075,52668,6,52674,completed,36
21344,Rigid,1494401,1547076,1550184,52675,3108,55783,completed,36
21345,Rigid,1494401,1547201,1558304,52800,11103,63903,completed,36
21346,Rigid,1494402,1547661,1589191,53259,41530,94789,completed,36
21347,Rigid,1494402,1547784,1634197,53382,86413,139795,completed,36
21348,Rigid,1494402,1548923,1635337,54521,86414,140935,completed,36
21349,Rigid,1494402,1549176,1587987,54774,38811,93585,completed,36
21350,Rigid,1494402,1549369,1555924,54967,6555,61522,completed,36
21351,Rigid,1494402,1549799,1549812,55397,13,55410,completed,36
21352,Rigid,1494402,1549813,1603191,55411,53378,108789,completed,36
21353,Rigid,1494402,1550186,1550216,55784,30,55814,completed,36
21354,Rigid,1494402,1550218,1636627,55816,86409,142225,completed,36
21355,Rigid,1494402,1550232,1565729,55830,15497,71327,completed,36
21356,Rigid,1494403,1550619,1552268,56216,1649,57865,completed,36
21357,Rigid,1494403,1551586,1571777,57183,20191,77374,completed,36
21358,Rigid,1494403,1552269,1555060,57866,2791,60657,completed,36
21359,Rigid,1494403,1552620,1624844,58217,72224,130441,completed,36
21360,Rigid,1494403,1552728,1552734,58325,6,58331,completed,36
21361,Rigid,1494403,1552736,1639148,58333,86412,144745,completed,36
21362,Rigid,1494403,1553054,1572539,58651,19485,78136,completed,36
21363,Rigid,1494403,1553084,1554656,58681,1572,60253,completed,36
21364,Rigid,1494403,1553727,1555012,59324,1285,60609,completed,36
21365,Rigid,1494403,1554913,1641338,60510,86425,146935,completed,36
21366,Rigid,1494403,1555014,1556346,60611,1332,61943,completed,36
21367,Rigid,1494404,1555062,1555068,60658,6,60664,completed,36
21368,Rigid,1494404,1555070,1561359,60666,6289,66955,completed,36
21369,Rigid,1494404,1555314,1641728,60910,86414,147324,completed,36
21370,Rigid,1494404,1555926,1568348,61522,12422,73944,completed,36
21371,Rigid,1494404,1556499,1599882,62095,43383,105478,completed,36
21372,Rigid,1494404,1557466,1596395,63062,38929,101991,completed,36
21373,Rigid,1494404,1558620,1601395,64216,42775,106991,completed,36
21374,Rigid,1494404,1558700,1571569,64296,12869,77165,completed,36
21375,Rigid,1494404,1558775,1568199,64371,9424,73795,completed,36
21376,Rigid,1494405,1558776,1645179,64371,86403,150774,completed,36
21377,Rigid,1494405,1558823,1573732,64418,14909,79327,completed,36
21378,Rigid,1494405,1558991,1580521,64586,21530,86116,completed,36
21379,Rigid,1494406,1558991,1559013,64585,22,64607,completed,36
21380,Rigid,1494406,1559015,1559021,64609,6,64615,completed,36
21381,Rigid,1494406,1559022,1559028,64616,6,64622,completed,36
21382,Rigid,1494406,1559030,1564933,64624,5903,70527,completed,36
21383,Rigid,1494406,1559261,1645689,64855,86428,151283,completed,36
21384,Rigid,1494406,1559264,1565894,64858,6630,71488,completed,36
21385,Rigid,1494406,1559460,1631705,65054,72245,137299,completed,36
21386,Rigid,1494407,1559861,1588148,65454,28287,93741,completed,36
21387,Rigid,1494407,1559878,1627229,65471,67351,132822,completed,36
21388,Rigid,1494407,1559945,1564639,65538,4694,70232,completed,36
21389,Rigid,1494407,1559991,1561540,65584,1549,67133,completed,36
21390,Rigid,1494408,1559993,1560003,65585,10,65595,completed,36
21391,Rigid,1494408,1559995,1646409,65587,86414,152001,completed,36
21392,Rigid,1494408,1560004,1560010,65596,6,65602,completed,36
21393,Rigid,1494408,1560012,1646439,65604,86427,152031,completed,36
21394,Rigid,1494408,1560024,1560034,65616,10,65626,completed,36
21395,Rigid,1494408,1560035,1560042,65627,7,65634,completed,36
21396,Rigid,1494409,1560043,1560049,65634,6,65640,completed,36
21397,Rigid,1494409,1560051,1560057,65642,6,65648,completed,36
21398,Rigid,1494409,1560058,1646469,65649,86411,152060,completed,36
21399,Rigid,1494409,1560134,1560140,65725,6,65731,completed,36
21400,Rigid,1494409,1560134,1563359,65725,3225,68950,completed,36
21401,Rigid,1494409,1560142,1563122,65733,2980,68713,completed,36
21402,Rigid,1494409,1561360,1561776,66951,416,67367,completed,36
21403,Rigid,1494410,1563360,1598298,68950,34938,103888,completed,36
21404,Rigid,1494410,1563562,1649979,69152,86417,155569,completed,36
21405,Rigid,1494410,1563609,1566568,69199,2959,72158,completed,36
21406,Rigid,1494410,1563706,1563713,69296,7,69303,completed,36
21407,Rigid,1494410,1563714,1563721,69304,7,69311,completed,36
21408,Rigid,1494411,1563722,1567131,69311,3409,72720,completed,36
21409,Rigid,1494411,1563820,1615315,69409,51495,120904,completed,36
21410,Rigid,1494411,1564440,1587081,70029,22641,92670,completed,36
21411,Rigid,1494411,1564605,1572116,70194,7511,77705,completed,36
21412,Rigid,1494411,1564640,1584642,70229,20002,90231,completed,36
21413,Rigid,1494411,1564803,1633048,70392,68245,138637,completed,36
21414,Rigid,1494411,1564869,1564877,70458,8,70466,completed,36
21415,Rigid,1494411,1564878,1574275,70467,9397,79864,completed,36
21416,Rigid,1494411,1564935,1564942,70524,7,70531,completed,36
21417,Rigid,1494411,1564943,1564949,70532,6,70538,completed,36
21418,Rigid,1494411,1564951,1591996,70540,27045,97585,completed,36
21419,Rigid,1494411,1565124,1649459,70713,84335,155048,completed,36
21420,Rigid,1494412,1565155,1565161,70743,6,70749,completed,36
21421,Rigid,1494412,1565163,1569171,70751,4008,74759,completed,36
21422,Rigid,1494412,1565247,1565253,70835,6,70841,completed,36
21423,Rigid,1494412,1565254,1651659,70842,86405,157247,completed,36
21424,Rigid,1494412,1565285,1581173,70873,15888,86761,completed,36
21425,Rigid,1494412,1565461,1581757,71049,16296,87345,completed,36
21426,Rigid,1494412,1565730,1608244,71318,42514,113832,completed,36
21427,Rigid,1494412,1565895,1625576,71483,59681,131164,completed,36
21428,Rigid,1494412,1567133,1653550,72721,86417,159138,completed,36
21429,Rigid,1494412,1567313,1589803,72901,22490,95391,completed,36
21430,Rigid,1494412,1567680,1599879,73268,32199,105467,completed,36
21431,Rigid,1494413,1567680,1582344,73267,14664,87931,completed,36
21432,Rigid,1494413,1567680,1620634,73267,52954,126221,completed,36
21433,Rigid,1494413,1567681,1588537,73268,20856,94124,completed,36
21434,Rigid,1494413,1567683,1572483,73270,4800,78070,completed,36
21435,Rigid,1494413,1567683,1567690,73270,7,73277,completed,36
21436,Rigid,1494413,1567692,1654120,73279,86428,159707,completed,36
21437,Rigid,1494413,1567710,1574714,73297,7004,80301,completed,36
21438,Rigid,1494413,1567710,1567716,73297,6,73303,completed,36
21439,Rigid,1494413,1567710,1567716,73297,6,73303,completed,36
21440,Rigid,1494413,1567718,1567723,73305,5,73310,completed,36
21441,Rigid,1494413,1567718,1567723,73305,5,73310,completed,36
21442,Rigid,1494413,1567725,1567731,73312,6,73318,completed,36
21443,Rigid,1494413,1567725,1567731,73312,6,73318,completed,36
21444,Rigid,1494413,1567733,1567739,73320,6,73326,completed,36
21445,Rigid,1494413,1567733,1567739,73320,6,73326,completed,36
21446,Rigid,1494413,1567740,1567746,73327,6,73333,completed,36
21447,Rigid,1494413,1567740,1567746,73327,6,73333,completed,36
21448,Rigid,1494413,1567747,1567753,73334,6,73340,completed,36
21449,Rigid,1494413,1567747,1567753,73334,6,73340,completed,36
21450,Rigid,1494413,1567755,1567761,73342,6,73348,completed,36
21451,Rigid,1494414,1567755,1574823,73341,7068,80409,completed,36
21452,Rigid,1494414,1567762,1570881,73348,3119,76467,completed,36
21453,Rigid,1494414,1568048,1654450,73634,86402,160036,completed,36
21454,Rigid,1494414,1568201,1575494,73787,7293,81080,completed,36
21455,Rigid,1494414,1568349,1570510,73935,2161,76096,completed,36
21456,Rigid,1494414,1568520,1571351,74106,2831,76937,completed,36
21457,Rigid,1494414,1568520,1583046,74106,14526,88632,completed,36
21458,Rigid,1494414,1568520,1586208,74106,17688,91794,completed,36
21459,Rigid,1494414,1568682,1568689,74268,7,74275,completed,36
21460,Rigid,1494415,1568690,1655110,74275,86420,160695,completed,36
21461,Rigid,1494415,1569173,1655590,74758,86417,161175,completed,36
21462,Rigid,1494415,1569663,1569676,75248,13,75261,completed,36
21463,Rigid,1494415,1569677,1569684,75262,7,75269,completed,36
21464,Rigid,1494415,1569685,1572863,75270,3178,78448,completed,36
21465,Rigid,1494415,1570511,1656940,76096,86429,162525,completed,36
21466,Rigid,1494415,1570883,1585222,76468,14339,90807,completed,36
21467,Rigid,1494416,1571352,1657780,76936,86428,163364,completed,36
21468,Rigid,1494416,1571570,1573312,77154,1742,78896,completed,36
21469,Rigid,1494416,1571779,1616420,77363,44641,122004,completed,36
21470,Rigid,1494416,1572118,1601596,77702,29478,107180,completed,36
21471,Rigid,1494416,1572485,1615631,78069,43146,121215,completed,36
21472,Rigid,1494416,1572540,1602027,78124,29487,107611,completed,36
21473,Rigid,1494416,1572864,1613535,78448,40671,119119,completed,36
21474,Rigid,1494416,1573313,1573324,78897,11,78908,completed,36
21475,Rigid,1494417,1573326,1573573,78909,247,79156,completed,36
21476,Rigid,1494417,1573574,1660000,79157,86426,165583,completed,36
21477,Rigid,1494417,1573734,1611081,79317,37347,116664,completed,36
21478,Rigid,1494417,1574164,1660570,79747,86406,166153,completed,36
21479,Rigid,1494417,1574276,1612632,79859,38356,118215,completed,36
21480,Rigid,1494417,1574715,1661140,80298,86425,166723,completed,36
21481,Rigid,1494417,1575496,1661920,81079,86424,167503,completed,36
21482,Rigid,1494418,1574823,1581611,80405,6788,87193,completed,36
21483,Rigid,1494418,1576552,1576564,82134,12,82146,completed,36
21484,Rigid,1494418,1576565,1658735,82147,82170,164317,completed,36
21485,Rigid,1494418,1580261,1580274,85843,13,85856,completed,36
21486,Rigid,1494418,1580276,1580685,85858,409,86267,completed,36
21487,Rigid,1494418,1580326,1666750,85908,86424,172332,completed,36
21488,Rigid,1494418,1580522,1601901,86104,21379,107483,completed,36
21489,Rigid,1494418,1580686,1623899,86268,43213,129481,completed,36
21490,Rigid,1494418,1580823,1580829,86405,6,86411,completed,36
21491,Rigid,1494418,1580823,1580829,86405,6,86411,completed,36
21492,Rigid,1494418,1580823,1584022,86405,3199,89604,completed,36
21493,Rigid,1494418,1580823,1608533,86405,27710,114115,completed,36
21494,Rigid,1494418,1580830,1601043,86412,20213,106625,completed,36
21495,Rigid,1494418,1580831,1581167,86413,336,86749,completed,36
21496,Rigid,1494418,1581168,1581205,86750,37,86787,completed,36
21497,Rigid,1494418,1581174,1581181,86756,7,86763,completed,36
21498,Rigid,1494419,1581182,1581188,86763,6,86769,completed,36
21499,Rigid,1494419,1581189,1593354,86770,12165,98935,completed,36
21500,Rigid,1494419,1581206,1596547,86787,15341,102128,completed,36
21501,Rigid,1494419,1581612,1581776,87193,164,87357,completed,36
21502,Rigid,1494419,1581758,1581766,87339,8,87347,completed,36
21503,Rigid,1494419,1581768,1597390,87349,15622,102971,completed,36
21504,Rigid,1494419,1581777,1581783,87358,6,87364,completed,36
21505,Rigid,1494419,1581784,1597567,87365,15783,103148,completed,36
21506,Rigid,1494419,1582345,1582356,87926,11,87937,completed,36
21507,Rigid,1494419,1582357,1582694,87938,337,88275,completed,36
21508,Rigid,1494419,1582695,1582703,88276,8,88284,completed,36
21509,Rigid,1494419,1582704,1669122,88285,86418,174703,completed,36
21510,Rigid,1494419,1583047,1583749,88628,702,89330,completed,36
21511,Rigid,1494419,1583137,1603285,88718,20148,108866,completed,36
21512,Rigid,1494419,1583460,1640580,89041,57120,146161,completed,36
21513,Rigid,1494419,1583750,1583764,89331,14,89345,completed,36
21514,Rigid,1494419,1583766,1586222,89347,2456,91803,completed,36
21515,Rigid,1494419,1584023,1584038,89604,15,89619,completed,36
21516,Rigid,1494419,1584039,1670442,89620,86403,176023,completed,36
21517,Rigid,1494420,1584642,1600189,90222,15547,105769,completed,36
21518,Rigid,1494420,1585223,1665565,90803,80342,171145,completed,36
21519,Rigid,1494420,1586209,1605806,91789,19597,111386,completed,36
21520,Rigid,1494420,1586223,1586231,91803,8,91811,completed,36
21521,Rigid,1494420,1586232,1626102,91812,39870,131682,completed,36
21522,Rigid,1494420,1587083,1602319,92663,15236,107899,completed,36
21523,Rigid,1494420,1587602,1603083,93182,15481,108663,completed,36
21524,Rigid,1494420,1587988,1597623,93568,9635,103203,completed,36
21525,Rigid,1494420,1588149,1605996,93729,17847,111576,completed,36
21526,Rigid,1494420,1588537,1591886,94117,3349,97466,completed,36
21527,Rigid,1494420,1589192,1589840,94772,648,95420,completed,36
21528,Rigid,1494420,1589804,1624232,95384,34428,129812,completed,36
21529,Rigid,1494420,1589841,1590601,95421,760,96181,completed,36
21530,Rigid,1494420,1590153,1676562,95733,86409,182142,completed,36
21531,Rigid,1494420,1590603,1607290,96183,16687,112870,completed,36
21532,Rigid,1494420,1590861,1660864,96441,70003,166444,completed,36
21533,Rigid,1494420,1591888,1591905,97468,17,97485,completed,36
21534,Rigid,1494420,1591907,1596166,97487,4259,101746,completed,36
21535,Rigid,1494420,1591997,1642614,97577,50617,148194,completed,36
21536,Rigid,1494421,1593355,1679778,98934,86423,185357,completed,36
21537,Rigid,1494421,1596168,1633437,101747,37269,139016,completed,36
21538,Rigid,1494421,1596396,1596409,101975,13,101988,completed,36
21539,Rigid,1494421,1596410,1606651,101989,10241,112230,completed,36
21540,Rigid,1494421,1596549,1596562,102128,13,102141,completed,36
21541,Rigid,1494421,1596563,1602910,102142,6347,108489,completed,36
21542,Rigid,1494421,1597391,1683803,102970,86412,189382,completed,36
21543,Rigid,1494421,1597568,1597586,103147,18,103165,completed,36
21544,Rigid,1494421,1597587,1626128,103166,28541,131707,completed,36
21545,Rigid,1494421,1597624,1684043,103203,86419,189622,completed,36
21546,Rigid,1494421,1598299,1618348,103878,20049,123927,completed,36
21547,Rigid,1494421,1599880,1608303,105459,8423,113882,completed,36
21548,Rigid,1494421,1599883,1599895,105462,12,105474,completed,36
21549,Rigid,1494421,1599897,1599903,105476,6,105482,completed,36
21550,Rigid,1494421,1599905,1686323,105484,86418,191902,completed,36
21551,Rigid,1494421,1600189,1645420,105768,45231,150999,completed,36
21552,Rigid,1494422,1600854,1642070,106432,41216,147648,completed,36
21553,Rigid,1494422,1601044,1655253,106622,54209,160831,completed,36
21554,Rigid,1494422,1601396,1687823,106974,86427,193401,completed,36
21555,Rigid,1494422,1601597,1601612,107175,15,107190,completed,36
21556,Rigid,1494422,1601613,1607164,107191,5551,112742,completed,36
21557,Rigid,1494422,1601902,1663640,107480,61738,169218,completed,36
21558,Rigid,1494422,1602028,1603550,107606,1522,109128,completed,36
21559,Rigid,1494422,1602321,1602335,107899,14,107913,completed,36
21560,Rigid,1494422,1602337,1688753,107915,86416,194331,completed,36
21561,Rigid,1494422,1602911,1634982,108489,32071,140560,completed,36
21562,Rigid,1494422,1603084,1603103,108662,19,108681,completed,36
21563,Rigid,1494422,1603104,1603116,108682,12,108694,completed,36
21564,Rigid,1494422,1603117,1609427,108695,6310,115005,completed,36
21565,Rigid,1494422,1603193,1661867,108771,58674,167445,completed,36
21566,Rigid,1494422,1603286,1632147,108864,28861,137725,completed,36
21567,Rigid,1494422,1603552,1607294,109130,3742,112872,completed,36
21568,Rigid,1494423,1605291,1605331,110868,40,110908,completed,36
21569,Rigid,1494423,1605332,1605349,110909,17,110926,completed,36
21570,Rigid,1494423,1605351,1691753,110928,86402,197330,completed,36
21571,Rigid,1494423,1605809,1609916,111386,4107,115493,completed,36
21572,Rigid,1494423,1605997,1608614,111574,2617,114191,completed,36
21573,Rigid,1494423,1606652,1606826,112229,174,112403,completed,36
21574,Rigid,1494423,1606827,1612613,112404,5786,118190,completed,36
21575,Rigid,1494423,1607165,1607184,112742,19,112761,completed,36
21576,Rigid,1494423,1607185,1607196,112762,11,112773,completed,36
21577,Rigid,1494423,1607197,1693613,112774,86416,199190,completed,36
21578,Rigid,1494423,1607291,1673919,112868,66628,179496,completed,36
21579,Rigid,1494423,1607296,1607307,112873,11,112884,completed,36
21580,Rigid,1494423,1607308,1612049,112885,4741,117626,completed,36
21581,Rigid,1494423,1608245,1621874,113822,13629,127451,completed,36
21582,Rigid,1494423,1608304,1694724,113881,86420,200301,completed,36
21583,Rigid,1494423,1608534,1680448,114111,71914,186025,completed,36
21584,Rigid,1494423,1608614,1608812,114191,198,114389,completed,36
21585,Rigid,1494423,1608814,1611880,114391,3066,117457,completed,36
21586,Rigid,1494424,1609429,1609451,115005,22,115027,completed,36
21587,Rigid,1494424,1609452,1639453,115028,30001,145029,completed,36
21588,Rigid,1494424,1610438,1680896,116014,70458,186472,completed,36
21589,Rigid,1494424,1609917,1616240,115493,6323,121816,completed,36
21590,Rigid,1494424,1611082,1697484,116658,86402,203060,completed,36
21591,Rigid,1494424,1611881,1611897,117457,16,117473,completed,36
21592,Rigid,1494424,1611899,1612093,117475,194,117669,completed,36
21593,Rigid,1494424,1612050,1612064,117626,14,117640,completed,36
21594,Rigid,1494424,1612065,1661429,117641,49364,167005,completed,36
21595,Rigid,1494424,1612094,1616822,117670,4728,122398,completed,36
21596,Rigid,1494424,1612614,1639946,118190,27332,145522,completed,36
21597,Rigid,1494424,1612633,1638673,118209,26040,144249,completed,36
21598,Rigid,1494424,1613537,1621186,119113,7649,126762,completed,36
21599,Rigid,1494424,1615316,1690656,120892,75340,196232,completed,36
21600,Rigid,1494424,1616241,1616274,121817,33,121850,completed,36
21601,Rigid,1494424,1615632,1619324,121208,3692,124900,completed,36
21602,Rigid,1494425,1616275,1702704,121850,86429,208279,completed,36
21603,Rigid,1494425,1616304,1644720,121879,28416,150295,completed,36
21604,Rigid,1494425,1616422,1616435,121997,13,122010,completed,36
21605,Rigid,1494425,1616436,1644269,122011,27833,149844,completed,36
21606,Rigid,1494425,1616824,1643167,122399,26343,148742,completed,36
21607,Rigid,1494425,1618349,1618366,123924,17,123941,completed,36
21608,Rigid,1494425,1618368,1622066,123943,3698,127641,completed,36
21609,Rigid,1494425,1619325,1663237,124900,43912,168812,completed,36
21610,Rigid,1494425,1620635,1620649,126210,14,126224,completed,36
21611,Rigid,1494425,1620650,1620657,126225,7,126232,completed,36
21612,Rigid,1494425,1620667,1627245,126242,6578,132820,completed,36
21613,Rigid,1494425,1620659,1620665,126234,6,126240,completed,36
21614,Rigid,1494425,1621187,1622849,126762,1662,128424,completed,36
21615,Rigid,1494425,1621875,1621888,127450,13,127463,completed,36
21616,Rigid,1494425,1621890,1632263,127465,10373,137838,completed,36
21617,Rigid,1494426,1622067,1645229,127641,23162,150803,completed,36
21618,Rigid,1494426,1622850,1695306,128424,72456,200880,completed,36
21619,Rigid,1494426,1623130,1693243,128704,70113,198817,completed,36
21620,Rigid,1494426,1623900,1623914,129474,14,129488,completed,36
21621,Rigid,1494426,1623915,1634594,129489,10679,140168,completed,36
21622,Rigid,1494426,1624233,1669613,129807,45380,175187,completed,36
21623,Rigid,1494426,1624846,1655584,130420,30738,161158,completed,36
21624,Rigid,1494426,1624508,1636184,130082,11676,141758,completed,36
21625,Rigid,1494426,1625577,1634144,131151,8567,139718,completed,36
21626,Rigid,1494426,1626103,1698489,131677,72386,204063,completed,36
21627,Rigid,1494426,1626129,1671216,131703,45087,176790,completed,36
21628,Rigid,1494426,1626850,1626869,132424,19,132443,completed,36
21629,Rigid,1494426,1626850,1713265,132424,86415,218839,completed,36
21630,Rigid,1494426,1626870,1626877,132444,7,132451,completed,36
21631,Rigid,1494426,1626878,1626885,132452,7,132459,completed,36
21632,Rigid,1494427,1626886,1713295,132459,86409,218868,completed,36
21633,Rigid,1494427,1626910,1650039,132483,23129,155612,completed,36
21634,Rigid,1494427,1627231,1641613,132804,14382,147186,completed,36
21635,Rigid,1494427,1627247,1627254,132820,7,132827,completed,36
21636,Rigid,1494427,1627255,1699644,132828,72389,205217,completed,36
21637,Rigid,1494427,1629338,1629354,134911,16,134927,completed,36
21638,Rigid,1494427,1629355,1646733,134928,17378,152306,completed,36
21639,Rigid,1494427,1629551,1631097,135124,1546,136670,completed,36
21640,Rigid,1494427,1630358,1692433,135931,62075,198006,completed,36
21641,Rigid,1494427,1631098,1675309,136671,44211,180882,completed,36
21642,Rigid,1494427,1631706,1631719,137279,13,137292,completed,36
21643,Rigid,1494427,1631721,1634107,137294,2386,139680,completed,36
21644,Rigid,1494427,1632130,1718545,137703,86415,224118,completed,36
21645,Rigid,1494427,1632148,1643919,137721,11771,149492,completed,36
21646,Rigid,1494427,1632264,1704833,137837,72569,210406,completed,36
21647,Rigid,1494428,1632671,1719085,138243,86414,224657,completed,36
21648,Rigid,1494428,1633050,1636161,138622,3111,141733,completed,36
21649,Rigid,1494428,1633438,1652864,139010,19426,158436,completed,36
21650,Rigid,1494428,1634108,1647100,139680,12992,152672,completed,36
21651,Rigid,1494428,1634145,1657772,139717,23627,163344,completed,36
21652,Rigid,1494428,1634198,1647325,139770,13127,152897,completed,36
21653,Rigid,1494428,1634596,1680225,140168,45629,185797,completed,36
21654,Rigid,1494428,1634983,1639390,140555,4407,144962,completed,36
21655,Rigid,1494428,1635338,1721755,140910,86417,227327,completed,36
21656,Rigid,1494428,1636162,1678293,141734,42131,183865,completed,36
21657,Rigid,1494428,1636185,1686260,141757,50075,191832,completed,36
21658,Rigid,1494428,1636628,1649702,142200,13074,155274,completed,36
21659,Rigid,1494428,1638675,1725085,144247,86410,230657,completed,36
21660,Rigid,1494428,1639153,1706070,144725,66917,211642,completed,36
21661,Rigid,1494428,1639391,1725805,144963,86414,231377,completed,36
21662,Rigid,1494428,1639454,1642206,145026,2752,147778,completed,36
21663,Rigid,1494428,1639947,1726375,145519,86428,231947,completed,36
21664,Rigid,1494429,1640581,1640626,146152,45,146197,completed,36
21665,Rigid,1494429,1640628,1640643,146199,15,146214,completed,36
21666,Rigid,1494429,1640644,1640651,146215,7,146222,completed,36
21667,Rigid,1494429,1640652,1670076,146223,29424,175647,completed,36
21668,Rigid,1494429,1641340,1653934,146911,12594,159505,completed,36
21669,Rigid,1494429,1641614,1643378,147185,1764,148949,completed,36
21670,Rigid,1494429,1641733,1641748,147304,15,147319,completed,36
21671,Rigid,1494429,1641749,1655859,147320,14110,161430,completed,36
21672,Rigid,1494429,1642071,1683323,147642,41252,188894,completed,36
21673,Rigid,1494429,1642207,1642222,147778,15,147793,completed,36
21674,Rigid,1494429,1642616,1648746,148187,6130,154317,completed,36
21675,Rigid,1494429,1642222,1661468,147793,19246,167039,completed,36
21676,Rigid,1494429,1643168,1646182,148739,3014,151753,completed,36
21677,Rigid,1494429,1643380,1717367,148951,73987,222938,completed,36
21678,Rigid,1494429,1643920,1650820,149491,6900,156391,completed,36
21679,Rigid,1494429,1644271,1684916,149842,40645,190487,completed,36
21680,Rigid,1494429,1644722,1695111,150293,50389,200682,completed,36
21681,Rigid,1494429,1645180,1645195,150751,15,150766,completed,36
21682,Rigid,1494429,1645196,1645204,150767,8,150775,completed,36
21683,Rigid,1494430,1645205,1645212,150775,7,150782,completed,36
21684,Rigid,1494430,1645213,1645219,150783,6,150789,completed,36
21685,Rigid,1494430,1645221,1645227,150791,6,150797,completed,36
21686,Rigid,1494430,1645228,1706965,150798,61737,212535,completed,36
21687,Rigid,1494430,1645230,1655282,150800,10052,160852,completed,36
21688,Rigid,1494430,1645421,1646038,150991,617,151608,completed,36
21689,Rigid,1494430,1645695,1645742,151265,47,151312,completed,36
21690,Rigid,1494430,1645744,1650820,151314,5076,156390,completed,36
21691,Rigid,1494430,1646039,1649486,151609,3447,155056,completed,36
21692,Rigid,1494430,1646183,1691375,151753,45192,196945,completed,36
21693,Rigid,1494430,1646414,1646725,151984,311,152295,completed,36
21694,Rigid,1494430,1646441,1657691,152011,11250,163261,completed,36
21695,Rigid,1494430,1646473,1654712,152043,8239,160282,completed,36
21696,Rigid,1494430,1646726,1670402,152296,23676,175972,completed,36
21697,Rigid,1494430,1646734,1657367,152304,10633,162937,completed,36
21698,Rigid,1494430,1647101,1675312,152671,28211,180882,completed,36
21699,Rigid,1494430,1647326,1688367,152896,41041,193937,completed,36
21700,Rigid,1494431,1648747,1648760,154316,13,154329,completed,36
21701,Rigid,1494431,1648761,1735165,154330,86404,240734,completed,36
21702,Rigid,1494431,1649460,1654689,155029,5229,160258,completed,36
21703,Rigid,1494431,1649487,1735915,155056,86428,241484,completed,36
21704,Rigid,1494431,1649703,1679254,155272,29551,184823,completed,36
21705,Rigid,1494431,1649979,1649994,155548,15,155563,completed,36
21706,Rigid,1494431,1649996,1650002,155565,6,155571,completed,36
21707,Rigid,1494431,1650004,1681206,155573,31202,186775,completed,36
21708,Rigid,1494483,1494483,1494500,0,17,17,completed,1
21709,Rigid,1494483,1494487,1494500,4,13,17,completed,1
21710,Rigid,1494513,1494513,1523339,0,28826,28826,completed,9
21711,Rigid,1494513,1494513,1517562,0,23049,23049,completed,9
21712,Rigid,1494614,1494614,1494643,0,29,29,completed,33
21713,Rigid,1494809,1494810,1495691,1,881,882,completed,14
21714,Rigid,1494984,1494984,1495065,0,81,81,completed,33
21715,Rigid,1495157,1495158,1496056,1,898,899,completed,14
21716,Rigid,1495253,1495949,1511848,696,15899,16595,completed,144
21717,Rigid,1495258,1522418,1538446,27160,16028,43188,completed,144
21718,Rigid,1495263,1523778,1539828,28515,16050,44565,completed,144
21719,Rigid,1495268,1524461,1540439,29193,15978,45171,completed,144
21720,Rigid,1495273,1525745,1541782,30472,16037,46509,completed,144
21721,Rigid,1495589,1495590,1495607,1,17,18,completed,36
21722,Rigid,1495605,1495606,1495607,1,1,2,completed,1
21723,Rigid,1495606,1495608,1495621,2,13,15,completed,1
21724,Rigid,1495606,1495608,1495621,2,13,15,completed,1
21725,Rigid,1495615,1495616,1495620,1,4,5,completed,1
21726,Rigid,1495615,1495616,1495620,1,4,5,completed,1
21727,Rigid,1495615,1495616,1495620,1,4,5,completed,1
21728,Rigid,1495615,1495616,1495620,1,4,5,completed,1
21729,Rigid,1495646,1495646,1495650,0,4,4,completed,1
21730,Rigid,1495646,1495646,1495650,0,4,4,completed,1
21731,Rigid,1495646,1495646,1495650,0,4,4,completed,1
21732,Rigid,1495646,1495646,1495650,0,4,4,completed,1
21733,Rigid,1495667,1495667,1495676,0,9,9,completed,1
21734,Rigid,1495667,1495667,1495680,0,13,13,completed,1
21735,Rigid,1495667,1495667,1495678,0,11,11,completed,1
21736,Rigid,1495667,1495667,1495671,0,4,4,completed,1
21737,Rigid,1495667,1495667,1495670,0,3,3,completed,1
21738,Rigid,1496029,1496030,1496120,1,90,91,completed,36
21739,Rigid,1496414,1496415,1524269,1,27854,27855,completed,36
21740,Rigid,1496415,1496472,1524459,57,27987,28044,completed,36
21741,Rigid,1496416,1496992,1525744,576,28752,29328,completed,36
21742,Rigid,1496417,1498435,1527924,2018,29489,31507,completed,36
21743,Rigid,1496418,1499345,1530057,2927,30712,33639,completed,36
21744,Rigid,1496419,1500991,1532250,4572,31259,35831,completed,36
21745,Rigid,1496421,1501103,1532758,4682,31655,36337,completed,36
21746,Rigid,1496422,1501205,1534215,4783,33010,37793,completed,36
21747,Rigid,1496423,1502857,1536710,6434,33853,40287,completed,36
21748,Rigid,1496424,1502983,1537888,6559,34905,41464,completed,36
21749,Rigid,1496425,1504475,1540499,8050,36024,44074,completed,36
21750,Rigid,1496426,1504815,1541999,8389,37184,45573,completed,36
21751,Rigid,1496427,1504815,1543362,8388,38547,46935,completed,36
21752,Rigid,1496429,1506431,1546679,10002,40248,50250,completed,36
21753,Rigid,1496430,1506469,1546858,10039,40389,50428,completed,36
21754,Rigid,1497279,1528130,1528339,30851,209,31060,completed,144
21755,Rigid,1498789,1527166,1579673,28377,52507,80884,completed,144
21756,Rigid,1501565,1506730,1534407,5165,27677,32842,completed,36
21757,Rigid,1501567,1507053,1535060,5486,28007,33493,completed,36
21758,Rigid,1501568,1510134,1538734,8566,28600,37166,completed,36
21759,Rigid,1501569,1511231,1540516,9662,29285,38947,completed,36
21760,Rigid,1501570,1511367,1541566,9797,30199,39996,completed,36
21761,Rigid,1501571,1511850,1542908,10279,31058,41337,completed,36
21762,Rigid,1501572,1511850,1543660,10278,31810,42088,completed,36
21763,Rigid,1501573,1511850,1544650,10277,32800,43077,completed,36
21764,Rigid,1501574,1511850,1545704,10276,33854,44130,completed,36
21765,Rigid,1501576,1512101,1546778,10525,34677,45202,completed,36
21766,Rigid,1501577,1514364,1550231,12787,35867,48654,completed,36
21767,Rigid,1501578,1515745,1552619,14167,36874,51041,completed,36
21768,Rigid,1501579,1517189,1555967,15610,38778,54388,completed,36
21769,Rigid,1501580,1517733,1557137,16153,39404,55557,completed,36
21770,Rigid,1501582,1524957,1565460,23375,40503,63878,completed,36
21771,Rigid,1503413,1503432,1503736,19,304,323,completed,18
21772,Rigid,1503732,1503747,1503760,15,13,28,completed,18
21773,Rigid,1503751,1503779,1504558,28,779,807,completed,18
21774,Rigid,1504550,1504568,1504844,18,276,294,completed,18
21775,Rigid,1504835,1504853,1505023,18,170,188,completed,18
21776,Rigid,1505880,1505897,1506072,17,175,192,completed,18
21777,Rigid,1509730,1509738,1510133,8,395,403,completed,18
21778,Rigid,1510539,1510555,1511018,16,463,479,completed,18
21779,Rigid,1511136,1511153,1512414,17,1261,1278,completed,18
21780,Rigid,1512295,1512317,1513912,22,1595,1617,completed,18
21781,Rigid,1512669,1512695,1514021,26,1326,1352,completed,18
21782,Rigid,1514050,1514052,1516613,2,2561,2563,completed,18
21783,Rigid,1514368,1514398,1515860,30,1462,1492,completed,18
21784,Rigid,1515091,1534216,1534225,19125,9,19134,completed,72
21785,Rigid,1517268,1528340,1528872,11072,532,11604,completed,36
21786,Rigid,1517269,1528340,1528856,11071,516,11587,completed,36
21787,Rigid,1517269,1528340,1528795,11071,455,11526,completed,36
21788,Rigid,1517269,1528340,1528783,11071,443,11514,completed,36
21789,Rigid,1517269,1528784,1529260,11515,476,11991,completed,36
21790,Rigid,1517269,1528797,1529286,11528,489,12017,completed,36
21791,Rigid,1517269,1528857,1529333,11588,476,12064,completed,36
21792,Rigid,1517269,1528874,1529345,11605,471,12076,completed,36
21793,Rigid,1517342,1517355,1518566,13,1211,1224,completed,8
21794,Rigid,1517342,1517355,1518535,13,1180,1193,completed,8
21795,Rigid,1517342,1517355,1518560,13,1205,1218,completed,8
21796,Rigid,1517342,1517355,1518551,13,1196,1209,completed,8
21797,Rigid,1517342,1517355,1518626,13,1271,1284,completed,8
21798,Rigid,1517342,1517355,1862982,13,345627,345640,completed,8
21799,Rigid,1517361,1517387,1616694,26,99307,99333,completed,8
21800,Rigid,1517361,1517387,1863012,26,345625,345651,completed,8
21801,Rigid,1517673,1517673,1517697,0,24,24,completed,1
21802,Rigid,1517713,1517713,1517985,0,272,272,completed,1
21803,Rigid,1517803,1517804,1863432,1,345628,345629,completed,12
21804,Rigid,1517803,1517804,1863432,1,345628,345629,completed,12
21805,Rigid,1517804,1517804,1691475,0,173671,173671,completed,12
21806,Rigid,1517804,1517808,1832881,4,315073,315077,completed,12
21807,Rigid,1517804,1518562,1864182,758,345620,346378,completed,12
21808,Rigid,1517805,1518567,1576305,762,57738,58500,completed,12
21809,Rigid,1517805,1520150,1865772,2345,345622,347967,completed,12
21810,Rigid,1517805,1520150,1865772,2345,345622,347967,completed,12
21811,Rigid,1517805,1520150,1689739,2345,169589,171934,completed,12
21812,Rigid,1517805,1520314,1797659,2509,277345,279854,completed,12
21813,Rigid,1517806,1522015,1867632,4209,345617,349826,completed,12
21814,Rigid,1517806,1522015,1577809,4209,55794,60003,completed,12
21815,Rigid,1518013,1518014,1525129,1,7115,7116,completed,9
21816,Rigid,1521451,1522040,1523293,589,1253,1842,completed,12
21817,Rigid,1521457,1522105,1523293,648,1188,1836,completed,12
21818,Rigid,1522008,1522009,1528272,1,6263,6264,completed,18
21819,Rigid,1522008,1522009,1528207,1,6198,6199,completed,18
21820,Rigid,1523280,1523431,1523776,151,345,496,completed,12
21821,Rigid,1523286,1523431,1523776,145,345,490,completed,12
21822,Rigid,1523523,1523523,1523546,0,23,23,completed,1
21823,Rigid,1523563,1523563,1523914,0,351,351,completed,1
21824,Rigid,1523844,1523873,1524319,29,446,475,completed,12
21825,Rigid,1523849,1524156,1524931,307,775,1082,completed,12
21826,Rigid,1523943,1523943,1532666,0,8723,8723,completed,9
21827,Rigid,1524293,1524313,1525088,20,775,795,completed,12
21828,Rigid,1524312,1524313,1524966,1,653,654,completed,12
21829,Rigid,1524968,1524991,1525363,23,372,395,completed,12
21830,Rigid,1525109,1525119,1525492,10,373,383,completed,12
21831,Rigid,1525303,1525303,1529966,0,4663,4663,completed,9
21832,Rigid,1525645,1525669,1526034,24,365,389,completed,12
21833,Rigid,1526144,1526146,1526622,2,476,478,completed,12
21834,Rigid,1526393,1526400,1527785,7,1385,1392,completed,12
21835,Rigid,1526400,1526431,1527212,31,781,812,completed,12
21836,Rigid,1527004,1527034,1527462,30,428,458,completed,12
21837,Rigid,1527017,1527194,1527482,177,288,465,completed,12
21838,Rigid,1527639,1527670,1527829,31,159,190,completed,12
21839,Rigid,1527853,1527860,1528227,7,367,374,completed,12
21840,Rigid,1527858,1528237,1528680,379,443,822,completed,12
21841,Rigid,1528309,1528310,1528318,1,8,9,completed,1
21842,Rigid,1528313,1528314,1528315,1,1,2,completed,1
21843,Rigid,1528319,1528319,1528322,0,3,3,completed,1
21844,Rigid,1528319,1528319,1528341,0,22,22,completed,1
21845,Rigid,1528319,1528319,1528320,0,1,1,completed,1
21846,Rigid,1528420,1528420,1528495,0,75,75,completed,1
21847,Rigid,1528420,1528420,1528506,0,86,86,completed,1
21848,Rigid,1528420,1528420,1528474,0,54,54,completed,1
21849,Rigid,1528420,1528420,1530015,0,1595,1595,completed,2
21850,Rigid,1528420,1528420,1528457,0,37,37,completed,1
21851,Rigid,1528421,1528424,1528502,3,78,81,completed,1
21852,Rigid,1528421,1528424,1530073,3,1649,1652,completed,2
21853,Rigid,1528421,1528424,1530002,3,1578,1581,completed,2
21854,Rigid,1528422,1528424,1528497,2,73,75,completed,1
21855,Rigid,1528422,1528424,1528519,2,95,97,completed,1
21856,Rigid,1528422,1528424,1530039,2,1615,1617,completed,2
21857,Rigid,1528422,1528424,1528536,2,112,114,completed,1
21858,Rigid,1528422,1528424,1530294,2,1870,1872,completed,2
21859,Rigid,1528422,1528424,1528606,2,182,184,completed,1
21860,Rigid,1528422,1528424,1528533,2,109,111,completed,1
21861,Rigid,1528423,1528424,1528487,1,63,64,completed,1
21862,Rigid,1528423,1528424,1528559,1,135,136,completed,1
21863,Rigid,1528423,1528424,1528610,1,186,187,completed,1
21864,Rigid,1528423,1528424,1528523,1,99,100,completed,1
21865,Rigid,1528423,1528424,1529485,1,1061,1062,completed,2
21866,Rigid,1528423,1528424,1528476,1,52,53,completed,1
21867,Rigid,1528423,1528424,1529741,1,1317,1318,completed,2
21868,Rigid,1528424,1528424,1528517,0,93,93,completed,1
21869,Rigid,1528424,1528424,1528543,0,119,119,completed,1
21870,Rigid,1528424,1528424,1529462,0,1038,1038,completed,2
21871,Rigid,1528424,1528424,1528581,0,157,157,completed,1
21872,Rigid,1528424,1528424,1529762,0,1338,1338,completed,2
21873,Rigid,1528425,1528427,1528575,2,148,150,completed,1
21874,Rigid,1528425,1528427,1528547,2,120,122,completed,1
21875,Rigid,1528425,1528427,1528460,2,33,35,completed,1
21876,Rigid,1528425,1528427,1529289,2,862,864,completed,2
21877,Rigid,1528425,1528427,1528478,2,51,53,completed,1
21878,Rigid,1528426,1528427,1528541,1,114,115,completed,1
21879,Rigid,1528426,1528427,1528555,1,128,129,completed,1
21880,Rigid,1528426,1528427,1528570,1,143,144,completed,1
21881,Rigid,1528426,1528427,1528466,1,39,40,completed,1
21882,Rigid,1528426,1528427,1528593,1,166,167,completed,1
21883,Rigid,1528426,1528427,1529266,1,839,840,completed,2
21884,Rigid,1528427,1528427,1528602,0,175,175,completed,1
21885,Rigid,1528427,1528427,1529423,0,996,996,completed,2
21886,Rigid,1528427,1528427,1528605,0,178,178,completed,1
21887,Rigid,1528427,1528427,1528603,0,176,176,completed,1
21888,Rigid,1528427,1528427,1528438,0,11,11,completed,1
21889,Rigid,1528429,1528429,1529504,0,1075,1075,completed,2
21890,Rigid,1528429,1528433,1528550,4,117,121,completed,1
21891,Rigid,1528429,1528433,1530195,4,1762,1766,completed,2
21892,Rigid,1528429,1528433,1528498,4,65,69,completed,1
21893,Rigid,1528429,1528433,1529872,4,1439,1443,completed,2
21894,Rigid,1528430,1528433,1528513,3,80,83,completed,1
21895,Rigid,1528430,1528433,1528460,3,27,30,completed,1
21896,Rigid,1528430,1528433,1528528,3,95,98,completed,1
21897,Rigid,1528430,1528433,1529973,3,1540,1543,completed,2
21898,Rigid,1528430,1528433,1529946,3,1513,1516,completed,2
21899,Rigid,1528430,1528433,1528512,3,79,82,completed,1
21900,Rigid,1528430,1528433,1528494,3,61,64,completed,1
21901,Rigid,1528431,1528433,1529986,2,1553,1555,completed,2
21902,Rigid,1528431,1528433,1530006,2,1573,1575,completed,2
21903,Rigid,1528431,1528433,1528445,2,12,14,completed,1
21904,Rigid,1528431,1528433,1529906,2,1473,1475,completed,2
21905,Rigid,1528431,1528433,1528549,2,116,118,completed,1
21906,Rigid,1528431,1528433,1529090,2,657,659,completed,2
21907,Rigid,1528431,1528433,1529231,2,798,800,completed,2
21908,Rigid,1528431,1528433,1529030,2,597,599,completed,2
21909,Rigid,1528432,1528433,1529095,1,662,663,completed,2
21910,Rigid,1528432,1528433,1529077,1,644,645,completed,2
21911,Rigid,1528432,1528433,1531582,1,3149,3150,completed,1
21912,Rigid,1528432,1528433,1529031,1,598,599,completed,2
21913,Rigid,1528432,1528433,1532134,1,3701,3702,completed,1
21914,Rigid,1528432,1528433,1531645,1,3212,3213,completed,1
21915,Rigid,1528433,1528433,1529102,0,669,669,completed,2
21916,Rigid,1528433,1528433,1529980,0,1547,1547,completed,2
21917,Rigid,1528433,1528433,1531611,0,3178,3178,completed,1
21918,Rigid,1528433,1528433,1529068,0,635,635,completed,2
21919,Rigid,1528433,1528437,1531785,4,3348,3352,completed,1
21920,Rigid,1528433,1528437,1529980,4,1543,1547,completed,2
21921,Rigid,1528433,1528437,1529984,4,1547,1551,completed,2
21922,Rigid,1528433,1528437,1530085,4,1648,1652,completed,2
21923,Rigid,1528434,1528437,1529973,3,1536,1539,completed,2
21924,Rigid,1528434,1528437,1530005,3,1568,1571,completed,2
21925,Rigid,1528434,1528437,1531683,3,3246,3249,completed,1
21926,Rigid,1528434,1528437,1530011,3,1574,1577,completed,2
21927,Rigid,1528434,1528437,1530007,3,1570,1573,completed,2
21928,Rigid,1528434,1528437,1530078,3,1641,1644,completed,2
21929,Rigid,1528434,1528437,1529973,3,1536,1539,completed,2
21930,Rigid,1528434,1528437,1529095,3,658,661,completed,2
21931,Rigid,1528434,1528437,1530042,3,1605,1608,completed,2
21932,Rigid,1528435,1528437,1529948,2,1511,1513,completed,2
21933,Rigid,1528435,1528437,1531438,2,3001,3003,completed,1
21934,Rigid,1528435,1528437,1532206,2,3769,3771,completed,1
21935,Rigid,1528435,1528437,1531731,2,3294,3296,completed,1
21936,Rigid,1528435,1528437,1531746,2,3309,3311,completed,1
21937,Rigid,1528435,1528437,1529977,2,1540,1542,completed,2
21938,Rigid,1528435,1528437,1531758,2,3321,3323,completed,1
21939,Rigid,1528435,1528437,1531559,2,3122,3124,completed,1
21940,Rigid,1528435,1528437,1529031,2,594,596,completed,2
21941,Rigid,1528435,1528437,1529193,2,756,758,completed,2
21942,Rigid,1528436,1528437,1529077,1,640,641,completed,2
21943,Rigid,1528436,1528437,1531858,1,3421,3422,completed,1
21944,Rigid,1528436,1528437,1529093,1,656,657,completed,2
21945,Rigid,1528436,1528437,1531455,1,3018,3019,completed,1
21946,Rigid,1528451,1528454,1530285,3,1831,1834,completed,2
21947,Rigid,1528464,1528464,1529047,0,583,583,completed,2
21948,Rigid,1528464,1528467,1528918,3,451,454,completed,2
21949,Rigid,1528467,1528468,1530766,1,2298,2299,completed,1
21950,Rigid,1528469,1528472,1529957,3,1485,1488,completed,2
21951,Rigid,1528471,1528472,1528930,1,458,459,completed,2
21952,Rigid,1528487,1528487,1530756,0,2269,2269,completed,1
21953,Rigid,1528488,1528490,1529978,2,1488,1490,completed,2
21954,Rigid,1528489,1528490,1529913,1,1423,1424,completed,2
21955,Rigid,1528490,1528490,1530493,0,2003,2003,completed,1
21956,Rigid,1528505,1528506,1528948,1,442,443,completed,2
21957,Rigid,1528508,1528510,1528942,2,432,434,completed,2
21958,Rigid,1528508,1528510,1530723,2,2213,2215,completed,1
21959,Rigid,1528509,1528510,1530179,1,1669,1670,completed,2
21960,Rigid,1528509,1528510,1528875,1,365,366,completed,2
21961,Rigid,1528512,1528513,1529915,1,1402,1403,completed,2
21962,Rigid,1528525,1528526,1530457,1,1931,1932,completed,1
21963,Rigid,1528529,1528529,1528916,0,387,387,completed,2
21964,Rigid,1528530,1528530,1529913,0,1383,1383,completed,2
21965,Rigid,1528530,1528530,1530375,0,1845,1845,completed,1
21966,Rigid,1528536,1528710,1532327,174,3617,3791,completed,12
21967,Rigid,1528542,1532349,1534445,3807,2096,5903,completed,12
21968,Rigid,1529044,1554449,1557119,25405,2670,28075,completed,18
21969,Rigid,1529113,1554629,1557119,25516,2490,28006,completed,36
21970,Rigid,1529113,1529262,1556740,149,27478,27627,completed,36
21971,Rigid,1529114,1529288,1557439,174,28151,28325,completed,36
21972,Rigid,1529115,1529335,1558063,220,28728,28948,completed,36
21973,Rigid,1529118,1529347,1558358,229,29011,29240,completed,36
21974,Rigid,1529119,1530060,1560598,941,30538,31479,completed,36
21975,Rigid,1529121,1530709,1561703,1588,30994,32582,completed,36
21976,Rigid,1529122,1530793,1562851,1671,32058,33729,completed,36
21977,Rigid,1529123,1530808,1563607,1685,32799,34484,completed,36
21978,Rigid,1529124,1531032,1564868,1908,33836,35744,completed,36
21979,Rigid,1529126,1532251,1567311,3125,35060,38185,completed,36
21980,Rigid,1529127,1532376,1568046,3249,35670,38919,completed,36
21981,Rigid,1529128,1532381,1569807,3253,37426,40679,completed,36
21982,Rigid,1529130,1532390,1570832,3260,38442,41702,completed,36
21983,Rigid,1529131,1532573,1571993,3442,39420,42862,completed,36
21984,Rigid,1529132,1532591,1572974,3459,40383,43842,completed,36
21985,Rigid,1530303,1530304,1535574,1,5270,5271,completed,9
21986,Rigid,1532220,1532220,1534579,0,2359,2359,completed,1
21987,Rigid,1532220,1532222,1534597,2,2375,2377,completed,1
21988,Rigid,1532220,1532222,1534500,2,2278,2280,completed,1
21989,Rigid,1532220,1532222,1534501,2,2279,2281,completed,1
21990,Rigid,1532414,1532500,1608435,86,75935,76021,completed,36
21991,Rigid,1532683,1532683,1538116,0,5433,5433,completed,9
21992,Rigid,1535863,1535863,1547376,0,11513,11513,completed,9
21993,Rigid,1538313,1538313,1544869,0,6556,6556,completed,9
21994,Rigid,1544811,1544811,1545053,0,242,242,completed,18
21995,Rigid,1545103,1545104,1545113,1,9,10,completed,1
21996,Rigid,1545109,1545109,1545133,0,24,24,completed,1
21997,Rigid,1545109,1545109,1545110,0,1,1,completed,1
21998,Rigid,1545109,1545109,1545113,0,4,4,completed,1
21999,Rigid,1545109,1545111,1545113,2,2,4,completed,1
22000,Rigid,1545113,1545113,1560108,0,14995,14995,completed,9
22001,Rigid,1545262,1545262,1545282,0,20,20,completed,2
22002,Rigid,1545262,1545262,1545264,0,2,2,completed,1
22003,Rigid,1545262,1545262,1545434,0,172,172,completed,2
22004,Rigid,1545262,1545265,1545266,3,1,4,completed,1
22005,Rigid,1545262,1545265,1545289,3,24,27,completed,2
22006,Rigid,1545262,1545265,1545281,3,16,19,completed,1
22007,Rigid,1545263,1545265,1545529,2,264,266,completed,2
22008,Rigid,1545263,1545265,1545724,2,459,461,completed,2
22009,Rigid,1545263,1545265,1545289,2,24,26,completed,2
22010,Rigid,1545263,1545265,1545284,2,19,21,completed,2
22011,Rigid,1545263,1545265,1545266,2,1,3,completed,1
22012,Rigid,1545263,1545265,1545274,2,9,11,completed,1
22013,Rigid,1545264,1545265,1545282,1,17,18,completed,2
22014,Rigid,1545264,1545265,1545283,1,18,19,completed,2
22015,Rigid,1545264,1545265,1545267,1,2,3,completed,1
22016,Rigid,1545264,1545265,1545289,1,24,25,completed,2
22017,Rigid,1545264,1545265,1545267,1,2,3,completed,1
22018,Rigid,1545264,1545265,1545285,1,20,21,completed,2
22019,Rigid,1545264,1545265,1545267,1,2,3,completed,1
22020,Rigid,1545264,1545265,1545481,1,216,217,completed,2
22021,Rigid,1545265,1545265,1545267,0,2,2,completed,1
22022,Rigid,1545265,1545265,1545535,0,270,270,completed,2
22023,Rigid,1545265,1545265,1545277,0,12,12,completed,1
22024,Rigid,1545265,1545265,1545281,0,16,16,completed,2
22025,Rigid,1545265,1545265,1545279,0,14,14,completed,2
22026,Rigid,1545265,1545268,1545270,3,2,5,completed,1
22027,Rigid,1545265,1545268,1545277,3,9,12,completed,1
22028,Rigid,1545266,1545268,1545280,2,12,14,completed,2
22029,Rigid,1545266,1545268,1545280,2,12,14,completed,2
22030,Rigid,1545266,1545268,1545279,2,11,13,completed,1
22031,Rigid,1545266,1545268,1545280,2,12,14,completed,2
22032,Rigid,1545266,1545268,1545280,2,12,14,completed,2
22033,Rigid,1545266,1545268,1545270,2,2,4,completed,1
22034,Rigid,1545267,1545268,1545279,1,11,12,completed,1
22035,Rigid,1545267,1545268,1545281,1,13,14,completed,2
22036,Rigid,1545267,1545268,1545270,1,2,3,completed,1
22037,Rigid,1545267,1545268,1545429,1,161,162,completed,2
22038,Rigid,1545267,1545268,1545270,1,2,3,completed,1
22039,Rigid,1545267,1545268,1545270,1,2,3,completed,1
22040,Rigid,1545267,1545268,1545280,1,12,13,completed,2
22041,Rigid,1545267,1545268,1545280,1,12,13,completed,2
22042,Rigid,1545267,1545268,1545270,1,2,3,completed,1
22043,Rigid,1545268,1545268,1545278,0,10,10,completed,1
22044,Rigid,1545268,1545268,1545474,0,206,206,completed,2
22045,Rigid,1545268,1545269,1545436,1,167,168,completed,2
22046,Rigid,1545269,1545269,1545283,0,14,14,completed,1
22047,Rigid,1545269,1545269,1545270,0,1,1,completed,1
22048,Rigid,1545269,1545269,1545277,0,8,8,completed,1
22049,Rigid,1545269,1545269,1545280,0,11,11,completed,2
22050,Rigid,1545269,1545269,1545270,0,1,1,completed,1
22051,Rigid,1545270,1545271,1545284,1,13,14,completed,2
22052,Rigid,1545270,1545271,1545481,1,210,211,completed,2
22053,Rigid,1545270,1545271,1545273,1,2,3,completed,1
22054,Rigid,1545270,1545271,1545273,1,2,3,completed,1
22055,Rigid,1545270,1545271,1545273,1,2,3,completed,1
22056,Rigid,1545270,1545271,1545282,1,11,12,completed,2
22057,Rigid,1545270,1545271,1545273,1,2,3,completed,1
22058,Rigid,1545270,1545271,1545283,1,12,13,completed,2
22059,Rigid,1545271,1545271,1545282,0,11,11,completed,2
22060,Rigid,1545271,1545271,1545529,0,258,258,completed,2
22061,Rigid,1545271,1545271,1545282,0,11,11,completed,2
22062,Rigid,1545271,1545272,1545280,1,8,9,completed,1
22063,Rigid,1545272,1545272,1545429,0,157,157,completed,2
22064,Rigid,1545272,1545272,1545273,0,1,1,completed,1
22065,Rigid,1545272,1545272,1545273,0,1,1,completed,1
22066,Rigid,1545272,1545272,1545273,0,1,1,completed,1
22067,Rigid,1545272,1545273,1545275,1,2,3,completed,1
22068,Rigid,1545272,1545273,1545284,1,11,12,completed,1
22069,Rigid,1545272,1545273,1545468,1,195,196,completed,2
22070,Rigid,1545273,1545273,1545275,0,2,2,completed,1
22071,Rigid,1545273,1545273,1545275,0,2,2,completed,1
22072,Rigid,1545273,1545273,1545275,0,2,2,completed,1
22073,Rigid,1545273,1545273,1545288,0,15,15,completed,2
22074,Rigid,1545273,1545273,1545284,0,11,11,completed,1
22075,Rigid,1545273,1545274,1545280,1,6,7,completed,1
22076,Rigid,1545274,1545274,1545429,0,155,155,completed,2
22077,Rigid,1545274,1545274,1545284,0,10,10,completed,2
22078,Rigid,1545274,1545274,1545284,0,10,10,completed,2
22079,Rigid,1547663,1547663,1548271,0,608,608,completed,9
22080,Rigid,1547663,1547663,1567318,0,19655,19655,completed,9
22081,Rigid,1552287,1552443,1552551,156,108,264,completed,36
22082,Rigid,1552309,1552553,1553052,244,499,743,completed,36
22083,Rigid,1554634,1554657,1554693,23,36,59,completed,36
22084,Rigid,1554634,1554694,1554729,60,35,95,completed,36
22085,Rigid,1554634,1554730,1554765,96,35,131,completed,36
22086,Rigid,1554634,1554735,1554772,101,37,138,completed,36
22087,Rigid,1554634,1554768,1554803,134,35,169,completed,36
22088,Rigid,1554634,1554773,1554808,139,35,174,completed,36
22089,Rigid,1554634,1554780,1554815,146,35,181,completed,36
22090,Rigid,1554634,1554804,1554839,170,35,205,completed,36
22091,Rigid,1554634,1554810,1554845,176,35,211,completed,36
22092,Rigid,1554634,1554817,1554851,183,34,217,completed,36
22093,Rigid,1554634,1554840,1554876,206,36,242,completed,36
22094,Rigid,1554634,1554846,1554882,212,36,248,completed,36
22095,Rigid,1554634,1554853,1554888,219,35,254,completed,36
22096,Rigid,1554634,1554877,1554912,243,35,278,completed,36
22097,Rigid,1554634,1554883,1554918,249,35,284,completed,36
22098,Rigid,1554634,1554889,1554924,255,35,290,completed,36
22099,Rigid,1554901,1554929,1556085,28,1156,1184,completed,36
22100,Rigid,1554978,1555979,1556493,1001,514,1515,completed,36
22101,Rigid,1555046,1556711,1557119,1665,408,2073,completed,36
22102,Rigid,1555113,1556741,1557119,1628,378,2006,completed,36
22103,Rigid,1555185,1556955,1557119,1770,164,1934,completed,36
22104,Rigid,1555984,1556087,1556703,103,616,719,completed,36
22105,Rigid,1556117,1556347,1556927,230,580,810,completed,36
22106,Rigid,1556982,1556985,1558699,3,1714,1717,completed,12
22107,Rigid,1557209,1557209,1578811,0,21602,21602,completed,18
22108,Rigid,1557563,1557564,1560023,1,2459,2460,completed,36
22109,Rigid,1557563,1557564,1559994,1,2430,2431,completed,36
22110,Rigid,1557563,1557564,1559992,1,2428,2429,completed,36
22111,Rigid,1557563,1557564,1557600,1,36,37,completed,36
22112,Rigid,1557563,1557564,1559860,1,2296,2297,completed,36
22113,Rigid,1557563,1557584,1559877,21,2293,2314,completed,36
22114,Rigid,1557563,1557602,1559943,39,2341,2380,completed,36
22115,Rigid,1557563,1557639,1559990,76,2351,2427,completed,36
22116,Rigid,1557563,1558065,1560342,502,2277,2779,completed,36
22117,Rigid,1557563,1558305,1560689,742,2384,3126,completed,36
22118,Rigid,1557563,1558360,1560668,797,2308,3105,completed,36
22119,Rigid,1557563,1558589,1560886,1026,2297,3323,completed,36
22120,Rigid,1557563,1558589,1560964,1026,2375,3401,completed,36
22121,Rigid,1557563,1558589,1560989,1026,2400,3426,completed,36
22122,Rigid,1557563,1558589,1560936,1026,2347,3373,completed,36
22123,Rigid,1557563,1558593,1560779,1030,2186,3216,completed,36
22124,Rigid,1557568,1560674,1561944,3106,1270,4376,completed,36
22125,Rigid,1557644,1560704,1562214,3060,1510,4570,completed,36
22126,Rigid,1557709,1560797,1562006,3088,1209,4297,completed,36
22127,Rigid,1557776,1560918,1562196,3142,1278,4420,completed,36
22128,Rigid,1557847,1560948,1562392,3101,1444,4545,completed,36
22129,Rigid,1557920,1560978,1562502,3058,1524,4582,completed,36
22130,Rigid,1557999,1561008,1562699,3009,1691,4700,completed,36
22131,Rigid,1558078,1561281,1562974,3203,1693,4896,completed,36
22132,Rigid,1559429,1559453,1563078,24,3625,3649,completed,12
22133,Rigid,1560252,1560614,1735387,362,174773,175135,completed,72
22134,Rigid,1560463,1560463,1561161,0,698,698,completed,9
22135,Rigid,1560463,1560463,1587550,0,27087,27087,completed,9
22136,Rigid,1561384,1561502,1577567,118,16065,16183,completed,36
22137,Rigid,1561384,1561542,1574995,158,13453,13611,completed,36
22138,Rigid,1561384,1561704,1576273,320,14569,14889,completed,36
22139,Rigid,1561384,1561777,1563130,393,1353,1746,completed,36
22140,Rigid,1561396,1561946,1578980,550,17034,17584,completed,36
22141,Rigid,1561397,1562007,1578986,610,16979,17589,completed,36
22142,Rigid,1561397,1562201,1566981,804,4780,5584,completed,36
22143,Rigid,1561397,1562209,1566525,812,4316,5128,completed,36
22144,Rigid,1561397,1562220,1579568,823,17348,18171,completed,36
22145,Rigid,1561397,1562328,1579920,931,17592,18523,completed,36
22146,Rigid,1561397,1562328,1580044,931,17716,18647,completed,36
22147,Rigid,1561398,1562393,1580014,995,17621,18616,completed,36
22148,Rigid,1561622,1562439,1588569,817,26130,26947,completed,36
22149,Rigid,1561622,1562495,1562890,873,395,1268,completed,36
22150,Rigid,1561622,1562503,1587639,881,25136,26017,completed,36
22151,Rigid,1561623,1562892,1563281,1269,389,1658,completed,36
22152,Rigid,1561623,1562975,1589718,1352,26743,28095,completed,36
22153,Rigid,1561623,1563123,1563561,1500,438,1938,completed,36
22154,Rigid,1561623,1563132,1588796,1509,25664,27173,completed,36
22155,Rigid,1561624,1563282,1563705,1658,423,2081,completed,36
22156,Rigid,1562504,1562700,1565284,196,2584,2780,completed,36
22157,Rigid,1562552,1562852,1564802,300,1950,2250,completed,36
22158,Rigid,1563533,1574996,1578932,11463,3936,15399,completed,180
22159,Rigid,1564298,1564319,1567946,21,3627,3648,completed,12
22160,Rigid,1564719,1570849,1584682,6130,13833,19963,completed,36
22161,Rigid,1565974,1566526,1593017,552,26491,27043,completed,36
22162,Rigid,1565974,1566569,1593055,595,26486,27081,completed,36
22163,Rigid,1565974,1566937,1593402,963,26465,27428,completed,36
22164,Rigid,1565975,1566982,1593442,1007,26460,27467,completed,36
22165,Rigid,1567473,1567474,1574097,1,6623,6624,completed,9
22166,Rigid,1574233,1574233,1575100,0,867,867,completed,9
22167,Rigid,1575313,1575313,1577259,0,1946,1946,completed,9
22168,Rigid,1577403,1577403,1577500,0,97,97,completed,1
22169,Rigid,1578395,1578934,1579141,539,207,746,completed,144
22170,Rigid,1580151,1580152,1580360,1,208,209,completed,144
22171,Rigid,1584695,1584696,1585911,1,1215,1216,completed,12
22172,Rigid,1585140,1585141,1585911,1,770,771,completed,36
22173,Rigid,1585400,1585400,1585570,0,170,170,completed,18
22174,Rigid,1585992,1585992,1592176,0,6184,6184,completed,18
22175,Rigid,1586099,1586099,1589216,0,3117,3117,completed,1
22176,Rigid,1586134,1586135,1586461,1,326,327,completed,36
22177,Rigid,1586183,1586183,1586484,0,301,301,completed,36
22178,Rigid,1586225,1586226,1586534,1,308,309,completed,36
22179,Rigid,1586267,1586269,1586575,2,306,308,completed,36
22180,Rigid,1586315,1586316,1586622,1,306,307,completed,36
22181,Rigid,1586361,1586362,1586656,1,294,295,completed,36
22182,Rigid,1586404,1586405,1586685,1,280,281,completed,36
22183,Rigid,1586455,1586455,1586760,0,305,305,completed,36
22184,Rigid,1586500,1586501,1586773,1,272,273,completed,36
22185,Rigid,1586548,1586548,1586843,0,295,295,completed,36
22186,Rigid,1586599,1586600,1586890,1,290,291,completed,36
22187,Rigid,1586601,1586604,1589542,3,2938,2941,completed,18
22188,Rigid,1586646,1586646,1586933,0,287,287,completed,36
22189,Rigid,1586691,1586691,1586942,0,251,251,completed,36
22190,Rigid,1586840,1586841,1587200,1,359,360,completed,36
22191,Rigid,1586887,1586887,1587235,0,348,348,completed,36
22192,Rigid,1586930,1586930,1587285,0,355,355,completed,36
22193,Rigid,1586973,1586973,1587294,0,321,321,completed,36
22194,Rigid,1587032,1587033,1587389,1,356,357,completed,36
22195,Rigid,1587079,1587080,1587374,1,294,295,completed,36
22196,Rigid,1587863,1587863,1601717,0,13854,13854,completed,9
22197,Rigid,1589066,1589066,1593179,0,4113,4113,completed,1
22198,Rigid,1589556,1589557,1589630,1,73,74,completed,18
22199,Rigid,1589673,1589674,1589758,1,84,85,completed,18
22200,Rigid,1589803,1589805,1596441,2,6636,6638,completed,36
22201,Rigid,1590137,1590137,1596441,0,6304,6304,completed,36
22202,Rigid,1592040,1592041,1597525,1,5484,5485,completed,36
22203,Rigid,1595300,1595300,1595367,0,67,67,completed,1
22204,Rigid,1595959,1595959,1596008,0,49,49,completed,1
22205,Rigid,1596235,1596235,1597131,0,896,896,completed,36
22206,Rigid,1596453,1596453,1597773,0,1320,1320,completed,36
22207,Rigid,1596460,1596461,1597883,1,1422,1423,completed,36
22208,Rigid,1596469,1596470,1597772,1,1302,1303,completed,36
22209,Rigid,1596476,1596477,1596810,1,333,334,completed,36
22210,Rigid,1596483,1596483,1598278,0,1795,1795,completed,36
22211,Rigid,1596490,1596490,1598544,0,2054,2054,completed,36
22212,Rigid,1596498,1596498,1596832,0,334,334,completed,36
22213,Rigid,1596538,1596539,1596819,1,280,281,completed,36
22214,Rigid,1596567,1596567,1596787,0,220,220,completed,36
22215,Rigid,1596597,1596598,1596806,1,208,209,completed,36
22216,Rigid,1596630,1596631,1596895,1,264,265,completed,36
22217,Rigid,1596665,1596666,1596937,1,271,272,completed,36
22218,Rigid,1596701,1596702,1596965,1,263,264,completed,36
22219,Rigid,1596738,1596739,1597009,1,270,271,completed,36
22220,Rigid,1596778,1596779,1597115,1,336,337,completed,36
22221,Rigid,1596843,1596844,1597534,1,690,691,completed,36
22222,Rigid,1596844,1596848,1597474,4,626,630,completed,36
22223,Rigid,1596848,1596848,1597358,0,510,510,completed,36
22224,Rigid,1596853,1596854,1597483,1,629,630,completed,36
22225,Rigid,1596858,1596859,1597494,1,635,636,completed,36
22226,Rigid,1596884,1596885,1597911,1,1026,1027,completed,36
22227,Rigid,1596886,1596889,1597537,3,648,651,completed,36
22228,Rigid,1596888,1596889,1597358,1,469,470,completed,36
22229,Rigid,1596897,1596898,1597439,1,541,542,completed,36
22230,Rigid,1596902,1596903,1597695,1,792,793,completed,36
22231,Rigid,1596929,1596930,1597669,1,739,740,completed,36
22232,Rigid,1596930,1596932,1597869,2,937,939,completed,36
22233,Rigid,1596935,1596937,1597437,2,500,502,completed,36
22234,Rigid,1596949,1596950,1597557,1,607,608,completed,36
22235,Rigid,1596952,1596954,1597438,2,484,486,completed,36
22236,Rigid,1596985,1596986,1597679,1,693,694,completed,36
22237,Rigid,1596987,1596990,1597517,3,527,530,completed,36
22238,Rigid,1596993,1596994,1597531,1,537,538,completed,36
22239,Rigid,1597007,1597008,1597528,1,520,521,completed,36
22240,Rigid,1597011,1597012,1597599,1,587,588,completed,36
22241,Rigid,1597045,1597046,1598532,1,1486,1487,completed,36
22242,Rigid,1597047,1597050,1597581,3,531,534,completed,36
22243,Rigid,1597053,1597054,1597545,1,491,492,completed,36
22244,Rigid,1597070,1597071,1597687,1,616,617,completed,36
22245,Rigid,1597074,1597075,1597605,1,530,531,completed,36
22246,Rigid,1597119,1597122,1597598,3,476,479,completed,36
22247,Rigid,1597139,1597139,1598267,0,1128,1128,completed,36
22248,Rigid,1597142,1597359,1597761,217,402,619,completed,36
22249,Rigid,1597188,1597359,1597712,171,353,524,completed,36
22250,Rigid,1597262,1597439,1597735,177,296,473,completed,36
22251,Rigid,1597334,1597439,1597764,105,325,430,completed,36
22252,Rigid,1597391,1597446,1597730,55,284,339,completed,36
22253,Rigid,1597445,1597481,1597739,36,258,294,completed,36
22254,Rigid,1597502,1597502,1597745,0,243,243,completed,36
22255,Rigid,1598335,1598335,1599262,0,927,927,completed,36
22256,Rigid,1598342,1598342,1599256,0,914,914,completed,36
22257,Rigid,1598350,1598350,1598697,0,347,347,completed,36
22258,Rigid,1598357,1598358,1598739,1,381,382,completed,36
22259,Rigid,1598689,1598690,1599069,1,379,380,completed,36
22260,Rigid,1598692,1598694,1599082,2,388,390,completed,36
22261,Rigid,1598719,1598720,1599053,1,333,334,completed,36
22262,Rigid,1598723,1598724,1599017,1,293,294,completed,36
22263,Rigid,1598751,1598752,1599037,1,285,286,completed,36
22264,Rigid,1598755,1598756,1599092,1,336,337,completed,36
22265,Rigid,1598787,1598788,1599254,1,466,467,completed,36
22266,Rigid,1598789,1598792,1599218,3,426,429,completed,36
22267,Rigid,1598827,1598828,1599194,1,366,367,completed,36
22268,Rigid,1598828,1598829,1599245,1,416,417,completed,36
22269,Rigid,1598870,1598870,1599177,0,307,307,completed,36
22270,Rigid,1598871,1598874,1599222,3,348,351,completed,36
22271,Rigid,1598914,1598914,1599215,0,301,301,completed,36
22272,Rigid,1598916,1598917,1599212,1,295,296,completed,36
22273,Rigid,1598962,1598962,1599208,0,246,246,completed,36
22274,Rigid,1600155,1600156,1605718,1,5562,5563,completed,36
22275,Rigid,1600165,1600166,1600182,1,16,17,completed,36
22276,Rigid,1600175,1600175,1605718,0,5543,5543,completed,36
22277,Rigid,1600194,1600194,1605718,0,5524,5524,completed,36
22278,Rigid,1600227,1600228,1605718,1,5490,5491,completed,36
22279,Rigid,1600238,1600241,1605616,3,5375,5378,completed,36
22280,Rigid,1600418,1600421,1605700,3,5279,5282,completed,36
22281,Rigid,1600423,1600425,1601199,2,774,776,completed,36
22282,Rigid,1600429,1600430,1601476,1,1046,1047,completed,36
22283,Rigid,1600432,1600434,1601077,2,643,645,completed,36
22284,Rigid,1600433,1600434,1601005,1,571,572,completed,36
22285,Rigid,1600472,1600472,1601270,0,798,798,completed,36
22286,Rigid,1600477,1600481,1601018,4,537,541,completed,36
22287,Rigid,1600478,1600481,1601135,3,654,657,completed,36
22288,Rigid,1600479,1600481,1601200,2,719,721,completed,36
22289,Rigid,1600489,1600489,1601309,0,820,820,completed,36
22290,Rigid,1600521,1600522,1604869,1,4347,4348,completed,36
22291,Rigid,1600531,1600532,1601179,1,647,648,completed,36
22292,Rigid,1600532,1600532,1601099,0,567,567,completed,36
22293,Rigid,1600536,1600537,1601224,1,687,688,completed,36
22294,Rigid,1600540,1600541,1601602,1,1061,1062,completed,36
22295,Rigid,1600588,1600589,1601989,1,1400,1401,completed,36
22296,Rigid,1600592,1600593,1601184,1,591,592,completed,36
22297,Rigid,1600595,1600597,1601461,2,864,866,completed,36
22298,Rigid,1600601,1600601,1601266,0,665,665,completed,36
22299,Rigid,1600606,1600606,1601729,0,1123,1123,completed,36
22300,Rigid,1600662,1600662,1601682,0,1020,1020,completed,36
22301,Rigid,1600665,1600666,1601276,1,610,611,completed,36
22302,Rigid,1600675,1600676,1601371,1,695,696,completed,36
22303,Rigid,1600681,1600682,1605612,1,4930,4931,completed,36
22304,Rigid,1600684,1600686,1601350,2,664,666,completed,36
22305,Rigid,1600742,1600742,1601339,0,597,597,completed,36
22306,Rigid,1600751,1600751,1601583,0,832,832,completed,36
22307,Rigid,1600762,1600762,1601439,0,677,677,completed,36
22308,Rigid,1600768,1600768,1601861,0,1093,1093,completed,36
22309,Rigid,1600831,1600832,1601379,1,547,548,completed,36
22310,Rigid,1600836,1600837,1601476,1,639,640,completed,36
22311,Rigid,1600854,1600855,1601430,1,575,576,completed,36
22312,Rigid,1600919,1601007,1601494,88,487,575,completed,36
22313,Rigid,1600924,1601019,1601714,95,695,790,completed,36
22314,Rigid,1600943,1601079,1601585,136,506,642,completed,36
22315,Rigid,1600991,1601100,1601518,109,418,527,completed,36
22316,Rigid,1601015,1601136,1601641,121,505,626,completed,36
22317,Rigid,1601068,1601186,1601624,118,438,556,completed,36
22318,Rigid,1601085,1601186,1601673,101,487,588,completed,36
22319,Rigid,1601135,1601201,1601598,66,397,463,completed,36
22320,Rigid,1601158,1601206,1601690,48,484,532,completed,36
22321,Rigid,1601201,1601225,1601624,24,399,423,completed,36
22322,Rigid,1601223,1601268,1601780,45,512,557,completed,36
22323,Rigid,1601261,1601272,1601683,11,411,422,completed,36
22324,Rigid,1601319,1601321,1601722,2,401,403,completed,36
22325,Rigid,1601381,1601381,1601754,0,373,373,completed,36
22326,Rigid,1601442,1601442,1601800,0,358,358,completed,36
22327,Rigid,1601502,1601503,1601859,1,356,357,completed,36
22328,Rigid,1601561,1601566,1601914,5,348,353,completed,36
22329,Rigid,1601612,1601613,1601921,1,308,309,completed,36
22330,Rigid,1601658,1601659,1601976,1,317,318,completed,36
22331,Rigid,1601707,1601707,1602055,0,348,348,completed,36
22332,Rigid,1601753,1601753,1603514,0,1761,1761,completed,9
22333,Rigid,1601761,1601762,1602116,1,354,355,completed,36
22334,Rigid,1601811,1601812,1602143,1,331,332,completed,36
22335,Rigid,1601866,1601867,1602203,1,336,337,completed,36
22336,Rigid,1602444,1602445,1605718,1,3273,3274,completed,36
22337,Rigid,1602455,1602455,1605718,0,3263,3263,completed,36
22338,Rigid,1602464,1602464,1603337,0,873,873,completed,36
22339,Rigid,1602752,1602753,1603645,1,892,893,completed,36
22340,Rigid,1602758,1602761,1605054,3,2293,2296,completed,36
22341,Rigid,1602758,1602761,1603206,3,445,448,completed,36
22342,Rigid,1602795,1602796,1605718,1,2922,2923,completed,36
22343,Rigid,1602798,1602800,1603245,2,445,447,completed,36
22344,Rigid,1602819,1602821,1604695,2,1874,1876,completed,36
22345,Rigid,1602843,1602843,1603233,0,390,390,completed,36
22346,Rigid,1602846,1602847,1603971,1,1124,1125,completed,36
22347,Rigid,1602869,1602869,1605718,0,2849,2849,completed,36
22348,Rigid,1602897,1602897,1603349,0,452,452,completed,36
22349,Rigid,1602901,1602901,1604142,0,1241,1241,completed,36
22350,Rigid,1602925,1602926,1604553,1,1627,1628,completed,36
22351,Rigid,1602956,1602957,1603387,1,430,431,completed,36
22352,Rigid,1602960,1602961,1604139,1,1178,1179,completed,36
22353,Rigid,1602987,1602987,1604440,0,1453,1453,completed,36
22354,Rigid,1603022,1603022,1603442,0,420,420,completed,36
22355,Rigid,1603030,1603030,1604217,0,1187,1187,completed,36
22356,Rigid,1603088,1603089,1603473,1,384,385,completed,36
22357,Rigid,1603154,1603154,1603516,0,362,362,completed,36
22358,Rigid,1603210,1603211,1603548,1,337,338,completed,36
22359,Rigid,1603264,1603265,1603576,1,311,312,completed,36
22360,Rigid,1603321,1603321,1603659,0,338,338,completed,36
22361,Rigid,1603371,1603371,1603697,0,326,326,completed,36
22362,Rigid,1603376,1603376,1603801,0,425,425,completed,36
22363,Rigid,1603420,1603421,1603734,1,313,314,completed,36
22364,Rigid,1603469,1603469,1603771,0,302,302,completed,36
22365,Rigid,1603521,1603521,1603838,0,317,317,completed,36
22366,Rigid,1603568,1603569,1603864,1,295,296,completed,36
22367,Rigid,1603613,1603614,1603886,1,272,273,completed,36
22368,Rigid,1603703,1603703,1606297,0,2594,2594,completed,9
22369,Rigid,1604087,1604087,1604094,0,7,7,completed,144
22370,Rigid,1604093,1604094,1605718,1,1624,1625,completed,36
22371,Rigid,1604114,1604114,1604144,0,30,30,completed,36
22372,Rigid,1604121,1604122,1604144,1,22,23,completed,36
22373,Rigid,1604133,1604134,1604144,1,10,11,completed,36
22374,Rigid,1604256,1604256,1604629,0,373,373,completed,36
22375,Rigid,1604263,1604264,1604630,1,366,367,completed,36
22376,Rigid,1604271,1604271,1604601,0,330,330,completed,36
22377,Rigid,1604278,1604278,1604589,0,311,311,completed,36
22378,Rigid,1604287,1604287,1604742,0,455,455,completed,36
22379,Rigid,1604294,1604294,1604739,0,445,445,completed,36
22380,Rigid,1604302,1604302,1604752,0,450,450,completed,36
22381,Rigid,1604372,1604372,1604381,0,9,9,completed,144
22382,Rigid,1604378,1604381,1604735,3,354,357,completed,36
22383,Rigid,1604425,1604426,1604733,1,307,308,completed,36
22384,Rigid,1604469,1604469,1604792,0,323,323,completed,36
22385,Rigid,1604512,1604513,1604850,1,337,338,completed,36
22386,Rigid,1604559,1604561,1604883,2,322,324,completed,36
22387,Rigid,1604606,1604614,1604928,8,314,322,completed,36
22388,Rigid,1604652,1604653,1604966,1,313,314,completed,36
22389,Rigid,1604700,1604700,1605029,0,329,329,completed,36
22390,Rigid,1604749,1604749,1605075,0,326,326,completed,36
22391,Rigid,1604802,1604802,1605126,0,324,324,completed,36
22392,Rigid,1604855,1604855,1605171,0,316,316,completed,36
22393,Rigid,1604908,1604909,1605240,1,331,332,completed,36
22394,Rigid,1604946,1604946,1605027,0,81,81,completed,144
22395,Rigid,1604955,1604955,1605253,0,298,298,completed,36
22396,Rigid,1605000,1605001,1605310,1,309,310,completed,36
22397,Rigid,1605049,1605050,1605378,1,328,329,completed,36
22398,Rigid,1605096,1605097,1605423,1,326,327,completed,36
22399,Rigid,1605145,1605146,1605470,1,324,325,completed,36
22400,Rigid,1605193,1605194,1605514,1,320,321,completed,36
22401,Rigid,1605237,1605237,1605533,0,296,296,completed,36
22402,Rigid,1605288,1605288,1605617,0,329,329,completed,36
22403,Rigid,1605337,1605341,1605659,4,318,322,completed,36
22404,Rigid,1605386,1605386,1605692,0,306,306,completed,36
22405,Rigid,1605433,1605434,1605711,1,277,278,completed,36
22406,Rigid,1605480,1605481,1605718,1,237,238,completed,36
22407,Rigid,1606067,1606067,1606412,0,345,345,completed,144
22408,Rigid,1606331,1606332,1614210,1,7878,7879,completed,36
22409,Rigid,1606344,1606345,1614210,1,7865,7866,completed,36
22410,Rigid,1606453,1606453,1606555,0,102,102,completed,1
22411,Rigid,1606606,1606606,1606712,0,106,106,completed,144
22412,Rigid,1606613,1606614,1607001,1,387,388,completed,36
22413,Rigid,1606617,1606618,1607051,1,433,434,completed,36
22414,Rigid,1606656,1606657,1607007,1,350,351,completed,36
22415,Rigid,1606659,1606661,1607026,2,365,367,completed,36
22416,Rigid,1606698,1606698,1607083,0,385,385,completed,36
22417,Rigid,1606704,1606704,1607108,0,404,404,completed,36
22418,Rigid,1606741,1606742,1607129,1,387,388,completed,36
22419,Rigid,1606749,1606750,1607133,1,383,384,completed,36
22420,Rigid,1606796,1606797,1607216,1,419,420,completed,36
22421,Rigid,1606803,1606803,1607216,0,413,413,completed,36
22422,Rigid,1606847,1606847,1607235,0,388,388,completed,36
22423,Rigid,1606855,1606855,1607268,0,413,413,completed,36
22424,Rigid,1606901,1606901,1607262,0,361,361,completed,36
22425,Rigid,1606912,1606912,1621326,0,14414,14414,completed,144
22426,Rigid,1606912,1606912,1607325,0,413,413,completed,36
22427,Rigid,1606956,1606957,1607361,1,404,405,completed,36
22428,Rigid,1606967,1606968,1607367,1,399,400,completed,36
22429,Rigid,1607008,1607009,1607381,1,372,373,completed,36
22430,Rigid,1607025,1607025,1607406,0,381,381,completed,36
22431,Rigid,1607063,1607063,1607434,0,371,371,completed,36
22432,Rigid,1607086,1607087,1607489,1,402,403,completed,36
22433,Rigid,1607124,1607125,1607520,1,395,396,completed,36
22434,Rigid,1607144,1607145,1607514,1,369,370,completed,36
22435,Rigid,1607180,1607181,1607545,1,364,365,completed,36
22436,Rigid,1607202,1607203,1607589,1,386,387,completed,36
22437,Rigid,1607234,1607234,1607562,0,328,328,completed,36
22438,Rigid,1607254,1607254,1614210,0,6956,6956,completed,36
22439,Rigid,1607259,1607261,1607614,2,353,355,completed,36
22440,Rigid,1607265,1607265,1614210,0,6945,6945,completed,36
22441,Rigid,1607291,1607291,1607625,0,334,334,completed,36
22442,Rigid,1607317,1607318,1607689,1,371,372,completed,36
22443,Rigid,1607348,1607349,1607683,1,334,335,completed,36
22444,Rigid,1607374,1607375,1607735,1,360,361,completed,36
22445,Rigid,1607408,1607408,1607754,0,346,346,completed,36
22446,Rigid,1607430,1607431,1607803,1,372,373,completed,36
22447,Rigid,1607492,1607493,1607916,1,423,424,completed,36
22448,Rigid,1607542,1607542,1607955,0,413,413,completed,36
22449,Rigid,1607550,1607551,1607980,1,429,430,completed,36
22450,Rigid,1607570,1607571,1607978,1,407,408,completed,36
22451,Rigid,1607594,1607595,1607994,1,399,400,completed,36
22452,Rigid,1607602,1607603,1607994,1,391,392,completed,36
22453,Rigid,1607629,1607630,1608082,1,452,453,completed,36
22454,Rigid,1607649,1607650,1608084,1,434,435,completed,36
22455,Rigid,1607656,1607657,1608066,1,409,410,completed,36
22456,Rigid,1607686,1607687,1608134,1,447,448,completed,36
22457,Rigid,1607709,1607710,1608152,1,442,443,completed,36
22458,Rigid,1607714,1607715,1608144,1,429,430,completed,36
22459,Rigid,1607744,1607745,1608200,1,455,456,completed,36
22460,Rigid,1607774,1607774,1608227,0,453,453,completed,36
22461,Rigid,1607777,1607778,1608219,1,441,442,completed,36
22462,Rigid,1607807,1607808,1608232,1,424,425,completed,36
22463,Rigid,1607838,1607839,1608246,1,407,408,completed,36
22464,Rigid,1607872,1607872,1608292,0,420,420,completed,36
22465,Rigid,1607900,1607901,1608304,1,403,404,completed,36
22466,Rigid,1607937,1607937,1608374,0,437,437,completed,36
22467,Rigid,1607963,1607963,1608363,0,400,400,completed,36
22468,Rigid,1608001,1608002,1608430,1,428,429,completed,36
22469,Rigid,1608023,1608024,1608390,1,366,367,completed,36
22470,Rigid,1608062,1608063,1608475,1,412,413,completed,36
22471,Rigid,1608082,1608082,1608486,0,404,404,completed,36
22472,Rigid,1608130,1608130,1608576,0,446,446,completed,36
22473,Rigid,1608144,1608145,1608566,1,421,422,completed,36
22474,Rigid,1608166,1608167,1614210,1,6043,6044,completed,36
22475,Rigid,1608178,1608178,1614210,0,6032,6032,completed,36
22476,Rigid,1608189,1608189,1614210,0,6021,6021,completed,36
22477,Rigid,1608193,1608193,1608617,0,424,424,completed,36
22478,Rigid,1608205,1608206,1614210,1,6004,6005,completed,36
22479,Rigid,1608206,1608209,1608637,3,428,431,completed,36
22480,Rigid,1608256,1608256,1608730,0,474,474,completed,36
22481,Rigid,1608271,1608272,1608721,1,449,450,completed,36
22482,Rigid,1608315,1608316,1608775,1,459,460,completed,36
22483,Rigid,1608329,1608330,1608783,1,453,454,completed,36
22484,Rigid,1608373,1608374,1608869,1,495,496,completed,36
22485,Rigid,1608390,1608391,1608890,1,499,500,completed,36
22486,Rigid,1608434,1608434,1609017,0,583,583,completed,36
22487,Rigid,1608457,1608457,1609029,0,572,572,completed,36
22488,Rigid,1608477,1608477,1609069,0,592,592,completed,36
22489,Rigid,1608478,1608481,1609055,3,574,577,completed,36
22490,Rigid,1608495,1608495,1609124,0,629,629,completed,36
22491,Rigid,1608496,1608499,1609114,3,615,618,completed,36
22492,Rigid,1608501,1608503,1609122,2,619,621,completed,36
22493,Rigid,1608515,1608516,1609109,1,593,594,completed,36
22494,Rigid,1608542,1608543,1609193,1,650,651,completed,36
22495,Rigid,1608544,1608547,1609219,3,672,675,completed,36
22496,Rigid,1608556,1608557,1609196,1,639,640,completed,36
22497,Rigid,1608559,1608561,1609225,2,664,666,completed,36
22498,Rigid,1608568,1608569,1609193,1,624,625,completed,36
22499,Rigid,1608609,1608610,1609293,1,683,684,completed,36
22500,Rigid,1608612,1608614,1609288,2,674,676,completed,36
22501,Rigid,1608628,1608628,1609288,0,660,660,completed,36
22502,Rigid,1608632,1608632,1609341,0,709,709,completed,36
22503,Rigid,1608646,1608647,1609333,1,686,687,completed,36
22504,Rigid,1608682,1608682,1609377,0,695,695,completed,36
22505,Rigid,1608688,1608688,1609377,0,689,689,completed,36
22506,Rigid,1608709,1608710,1609414,1,704,705,completed,36
22507,Rigid,1608711,1608712,1609389,1,677,678,completed,36
22508,Rigid,1608725,1608726,1609413,1,687,688,completed,36
22509,Rigid,1608757,1608757,1609458,0,701,701,completed,36
22510,Rigid,1608767,1608768,1609490,1,722,723,completed,36
22511,Rigid,1608791,1608792,1609524,1,732,733,completed,36
22512,Rigid,1608796,1608797,1609554,1,757,758,completed,36
22513,Rigid,1608806,1608807,1609540,1,733,734,completed,36
22514,Rigid,1608841,1608841,1609582,0,741,741,completed,36
22515,Rigid,1608851,1608851,1609557,0,706,706,completed,36
22516,Rigid,1608886,1608886,1609656,0,770,770,completed,36
22517,Rigid,1608888,1608890,1609656,2,766,768,completed,36
22518,Rigid,1608897,1608897,1609631,0,734,734,completed,36
22519,Rigid,1608931,1608931,1609631,0,700,700,completed,36
22520,Rigid,1608945,1609019,1609742,74,723,797,completed,36
22521,Rigid,1608982,1609036,1609775,54,739,793,completed,36
22522,Rigid,1608985,1609056,1609792,71,736,807,completed,36
22523,Rigid,1608995,1609070,1609807,75,737,812,completed,36
22524,Rigid,1609021,1609115,1609832,94,717,811,completed,36
22525,Rigid,1609041,1609116,1609871,75,755,830,completed,36
22526,Rigid,1609076,1609123,1609869,47,746,793,completed,36
22527,Rigid,1609076,1609125,1609889,49,764,813,completed,36
22528,Rigid,1609085,1609194,1609928,109,734,843,completed,36
22529,Rigid,1609109,1609195,1609954,86,759,845,completed,36
22530,Rigid,1609127,1609197,1609926,70,729,799,completed,36
22531,Rigid,1609164,1609220,1609958,56,738,794,completed,36
22532,Rigid,1609164,1609227,1609983,63,756,819,completed,36
22533,Rigid,1609179,1609289,1610060,110,771,881,completed,36
22534,Rigid,1609202,1609290,1610033,88,743,831,completed,36
22535,Rigid,1609223,1609295,1610035,72,740,812,completed,36
22536,Rigid,1609256,1609334,1610046,78,712,790,completed,36
22537,Rigid,1609275,1609343,1610090,68,747,815,completed,36
22538,Rigid,1609294,1609378,1610086,84,708,792,completed,36
22539,Rigid,1609315,1609378,1610069,63,691,754,completed,36
22540,Rigid,1609353,1609390,1610121,37,731,768,completed,36
22541,Rigid,1609371,1609414,1610120,43,706,749,completed,36
22542,Rigid,1609388,1609415,1610116,27,701,728,completed,36
22543,Rigid,1609406,1609459,1610136,53,677,730,completed,36
22544,Rigid,1609449,1609491,1610187,42,696,738,completed,36
22545,Rigid,1609463,1609525,1610196,62,671,733,completed,36
22546,Rigid,1609487,1609542,1610229,55,687,742,completed,36
22547,Rigid,1609501,1609555,1610224,54,669,723,completed,36
22548,Rigid,1609539,1609558,1610224,19,666,685,completed,36
22549,Rigid,1609551,1609584,1610249,33,665,698,completed,36
22550,Rigid,1609574,1609632,1610268,58,636,694,completed,36
22551,Rigid,1609590,1609633,1610272,43,639,682,completed,36
22552,Rigid,1609629,1609657,1610284,28,627,655,completed,36
22553,Rigid,1609640,1609657,1610290,17,633,650,completed,36
22554,Rigid,1609667,1609743,1610343,76,600,676,completed,36
22555,Rigid,1609728,1609777,1610356,49,579,628,completed,36
22556,Rigid,1609738,1609799,1610386,61,587,648,completed,36
22557,Rigid,1609758,1609808,1610333,50,525,575,completed,36
22558,Rigid,1609824,1609834,1610376,10,542,552,completed,36
22559,Rigid,1609832,1609873,1610397,41,524,565,completed,36
22560,Rigid,1609914,1609914,1610399,0,485,485,completed,36
22561,Rigid,1609923,1609923,1610430,0,507,507,completed,36
22562,Rigid,1610000,1610000,1610454,0,454,454,completed,36
22563,Rigid,1610010,1610010,1610472,0,462,462,completed,36
22564,Rigid,1610089,1610089,1610510,0,421,421,completed,36
22565,Rigid,1610162,1610163,1610547,1,384,385,completed,36
22566,Rigid,1610233,1610234,1610611,1,377,378,completed,36
22567,Rigid,1610294,1610294,1610631,0,337,337,completed,36
22568,Rigid,1610905,1610906,1610911,1,5,6,completed,144
22569,Rigid,1610997,1610997,1734267,0,123270,123270,completed,144
22570,Rigid,1611359,1611359,1784188,0,172829,172829,completed,144
22571,Rigid,1611409,1611409,1611494,0,85,85,completed,144
22572,Rigid,1611488,1611489,1784308,1,172819,172820,completed,144
22573,Rigid,1613027,1613028,1634647,1,21619,21620,completed,36
22574,Rigid,1613252,1613252,1613526,0,274,274,completed,36
22575,Rigid,1613285,1613286,1613537,1,251,252,completed,36
22576,Rigid,1613317,1613318,1613526,1,208,209,completed,36
22577,Rigid,1613350,1613351,1613593,1,242,243,completed,36
22578,Rigid,1613369,1613370,1654140,1,40770,40771,completed,144
22579,Rigid,1613393,1613394,1613650,1,256,257,completed,36
22580,Rigid,1613432,1613432,1613656,0,224,224,completed,36
22581,Rigid,1613472,1613472,1613701,0,229,229,completed,36
22582,Rigid,1613512,1613513,1613757,1,244,245,completed,36
22583,Rigid,1613550,1613550,1613763,0,213,213,completed,36
22584,Rigid,1613590,1613591,1613835,1,244,245,completed,36
22585,Rigid,1613637,1613637,1613899,0,262,262,completed,36
22586,Rigid,1613678,1613678,1613914,0,236,236,completed,36
22587,Rigid,1613715,1613716,1613930,1,214,215,completed,36
22588,Rigid,1613757,1613757,1613987,0,230,230,completed,36
22589,Rigid,1613795,1613795,1614007,0,212,212,completed,36
22590,Rigid,1613839,1613840,1614061,1,221,222,completed,36
22591,Rigid,1614154,1614155,1635757,1,21602,21603,completed,36
22592,Rigid,1614278,1614278,1616585,0,2307,2307,completed,12
22593,Rigid,1614285,1614285,1614457,0,172,172,completed,12
22594,Rigid,1614725,1614726,1616576,1,1850,1851,completed,36
22595,Rigid,1621277,1621278,1621506,1,228,229,completed,36
22596,Rigid,1638399,1638400,1638956,1,556,557,completed,36
22597,Rigid,1638504,1638504,1638905,0,401,401,completed,36
22598,Rigid,1641712,1641712,1642852,0,1140,1140,completed,36
22599,Rigid,1642540,1642540,1643471,0,931,931,completed,36
22600,Rigid,1645464,1645465,1645680,1,215,216,completed,36
22601,Rigid,1645488,1645489,1645686,1,197,198,completed,36
22602,Rigid,1645966,1645967,1646071,1,104,105,completed,36
22603,Rigid,1646019,1646019,1646119,0,100,100,completed,36
22604,Rigid,1649963,1649964,1650233,1,269,270,completed,36
22605,Rigid,1649974,1649974,1650231,0,257,257,completed,36
22606,Rigid,1651126,1651127,1651309,1,182,183,completed,36
22607,Rigid,1651469,1651470,1657144,1,5674,5675,completed,36
22608,Rigid,1651506,1651507,1653353,1,1846,1847,completed,12
22609,Rigid,1651512,1651512,1657144,0,5632,5632,completed,36
22610,Rigid,1651828,1651828,1652304,0,476,476,completed,36
22611,Rigid,1651835,1651836,1652304,1,468,469,completed,36
22612,Rigid,1652432,1652433,1657144,1,4711,4712,completed,36
22613,Rigid,1652435,1652437,1657144,2,4707,4709,completed,36
22614,Rigid,1652468,1652469,1657144,1,4675,4676,completed,36
22615,Rigid,1652477,1652477,1657144,0,4667,4667,completed,36
22616,Rigid,1652489,1652489,1657144,0,4655,4655,completed,36
22617,Rigid,1652672,1652673,1657144,1,4471,4472,completed,36
22618,Rigid,1657232,1657232,1657240,0,8,8,completed,8
22619,Rigid,1657249,1657250,1657274,1,24,25,completed,36
22620,Rigid,1657271,1657272,1667849,1,10577,10578,completed,36
22621,Rigid,1657288,1657289,1657680,1,391,392,completed,36
22622,Rigid,1657309,1657310,1657398,1,88,89,completed,8
22623,Rigid,1657538,1657538,1657623,0,85,85,completed,8
22624,Rigid,1657700,1657700,1658061,0,361,361,completed,8
22625,Rigid,1658263,1658264,1658433,1,169,170,completed,36
22626,Rigid,1658442,1658442,1658846,0,404,404,completed,36
22627,Rigid,1658527,1658528,1662827,1,4299,4300,completed,36
22628,Rigid,1658669,1658669,1659697,0,1028,1028,completed,144
22629,Rigid,1658840,1658840,1658910,0,70,70,completed,36
22630,Rigid,1658841,1658844,1668337,3,9493,9496,completed,36
22631,Rigid,1659243,1659244,1660491,1,1247,1248,completed,36
22632,Rigid,1659288,1659288,1659897,0,609,609,completed,36
22633,Rigid,1659361,1659361,1660341,0,980,980,completed,36
22634,Rigid,1659415,1659415,1660050,0,635,635,completed,36
22635,Rigid,1659472,1659472,1660165,0,693,693,completed,36
22636,Rigid,1659510,1659511,1660086,1,575,576,completed,36
22637,Rigid,1659570,1659570,1660269,0,699,699,completed,36
22638,Rigid,1659613,1659614,1660128,1,514,515,completed,36
22639,Rigid,1659709,1659712,1660670,3,958,961,completed,36
22640,Rigid,1659755,1659755,1660285,0,530,530,completed,36
22641,Rigid,1659818,1659818,1660532,0,714,714,completed,36
22642,Rigid,1659871,1659872,1661204,1,1332,1333,completed,144
22643,Rigid,1659926,1659926,1661148,0,1222,1222,completed,36
22644,Rigid,1660062,1660063,1661470,1,1407,1408,completed,36
22645,Rigid,1661504,1661505,1661525,1,20,21,completed,144
22646,Rigid,1661570,1661573,1661764,3,191,194,completed,144
22647,Rigid,1661887,1661887,1668337,0,6450,6450,completed,180
22648,Rigid,1661888,1661891,1671751,3,9860,9863,completed,144
22649,Rigid,1662834,1662834,1664623,0,1789,1789,completed,36
22650,Rigid,1665551,1665551,1686079,0,20528,20528,completed,36
22651,Rigid,1665939,1665939,1666911,0,972,972,completed,36
22652,Rigid,1665972,1665973,1666518,1,545,546,completed,36
22653,Rigid,1666042,1666043,1666881,1,838,839,completed,36
22654,Rigid,1666090,1666091,1666661,1,570,571,completed,36
22655,Rigid,1666145,1666146,1666748,1,602,603,completed,36
22656,Rigid,1666183,1666183,1666664,0,481,481,completed,36
22657,Rigid,1666242,1666243,1666943,1,700,701,completed,36
22658,Rigid,1666288,1666289,1666799,1,510,511,completed,36
22659,Rigid,1666347,1666348,1666991,1,643,644,completed,36
22660,Rigid,1666393,1666393,1666913,0,520,520,completed,36
22661,Rigid,1666453,1666453,1667056,0,603,603,completed,36
22662,Rigid,1666544,1666545,1667402,1,857,858,completed,36
22663,Rigid,1666652,1666652,1667669,0,1017,1017,completed,36
22664,Rigid,1666673,1666673,1668819,0,2146,2146,completed,36
22665,Rigid,1666698,1666698,1667240,0,542,542,completed,36
22666,Rigid,1666774,1666774,1667549,0,775,775,completed,36
22667,Rigid,1666818,1666819,1667356,1,537,538,completed,36
22668,Rigid,1666858,1666859,1667339,1,480,481,completed,36
22669,Rigid,1666906,1666907,1667488,1,581,582,completed,36
22670,Rigid,1667002,1667002,1667851,0,849,849,completed,36
22671,Rigid,1667093,1667094,1671404,1,4310,4311,completed,36
22672,Rigid,1667212,1667213,1668022,1,809,810,completed,36
22673,Rigid,1667355,1667356,1668854,1,1498,1499,completed,36
22674,Rigid,1667515,1667516,1668404,1,888,889,completed,72
22675,Rigid,1667551,1667552,1668231,1,679,680,completed,72
22676,Rigid,1667617,1667618,1668525,1,907,908,completed,72
22677,Rigid,1667636,1667636,1668650,0,1014,1014,completed,72
22678,Rigid,1667665,1667666,1668536,1,870,871,completed,72
22679,Rigid,1667678,1667678,1668538,0,860,860,completed,72
22680,Rigid,1667714,1667715,1668637,1,922,923,completed,72
22681,Rigid,1667751,1667753,1668790,2,1037,1039,completed,72
22682,Rigid,1667761,1667761,1668676,0,915,915,completed,72
22683,Rigid,1667809,1667813,1668791,4,978,982,completed,72
22684,Rigid,1667834,1667834,1668870,0,1036,1036,completed,72
22685,Rigid,1667871,1667873,1668343,2,470,472,completed,72
22686,Rigid,1667892,1667892,1668860,0,968,968,completed,72
22687,Rigid,1667925,1667925,1668409,0,484,484,completed,72
22688,Rigid,1667959,1667959,1668451,0,492,492,completed,72
22689,Rigid,1668001,1668001,1669094,0,1093,1093,completed,72
22690,Rigid,1668022,1668023,1669058,1,1035,1036,completed,72
22691,Rigid,1668096,1668097,1669167,1,1070,1071,completed,72
22692,Rigid,1668105,1668106,1668818,1,712,713,completed,72
22693,Rigid,1668167,1668168,1668686,1,518,519,completed,72
22694,Rigid,1668173,1668174,1685951,1,17777,17778,completed,36
22695,Rigid,1668201,1668202,1668715,1,513,514,completed,72
22696,Rigid,1668230,1668232,1668745,2,513,515,completed,72
22697,Rigid,1668293,1668293,1668803,0,510,510,completed,72
22698,Rigid,1668315,1668316,1668823,1,507,508,completed,72
22699,Rigid,1668356,1668356,1668853,0,497,497,completed,72
22700,Rigid,1668388,1668388,1668887,0,499,499,completed,72
22701,Rigid,1668416,1668417,1669086,1,669,670,completed,72
22702,Rigid,1668467,1668467,1669487,0,1020,1020,completed,72
22703,Rigid,1668476,1668476,1669137,0,661,661,completed,72
22704,Rigid,1668531,1668533,1669478,2,945,947,completed,72
22705,Rigid,1668533,1668537,1669189,4,652,656,completed,72
22706,Rigid,1668540,1668541,1686079,1,17538,17539,completed,144
22707,Rigid,1668601,1668602,1669508,1,906,907,completed,72
22708,Rigid,1668684,1668684,1669582,0,898,898,completed,72
22709,Rigid,1668796,1668796,1669787,0,991,991,completed,72
22710,Rigid,1668832,1668833,1670106,1,1273,1274,completed,36
22711,Rigid,1668879,1668879,1669779,0,900,900,completed,72
22712,Rigid,1668941,1668941,1669754,0,813,813,completed,72
22713,Rigid,1669001,1669003,1669761,2,758,760,completed,72
22714,Rigid,1669075,1669076,1669863,1,787,788,completed,72
22715,Rigid,1669166,1669167,1669984,1,817,818,completed,72
22716,Rigid,1669227,1669228,1669948,1,720,721,completed,72
22717,Rigid,1669308,1669308,1670087,0,779,779,completed,72
22718,Rigid,1669356,1669357,1669962,1,605,606,completed,72
22719,Rigid,1671493,1671493,1686079,0,14586,14586,completed,36
22720,Rigid,1671746,1671747,1673478,1,1731,1732,completed,36
22721,Rigid,1671871,1671872,1672976,1,1104,1105,completed,72
22722,Rigid,1671907,1671907,1672835,0,928,928,completed,72
22723,Rigid,1671981,1671982,1672997,1,1015,1016,completed,72
22724,Rigid,1671990,1671990,1683357,0,11367,11367,completed,36
22725,Rigid,1672032,1672032,1672877,0,845,845,completed,72
22726,Rigid,1672090,1672091,1672989,1,898,899,completed,72
22727,Rigid,1672135,1672136,1672980,1,844,845,completed,72
22728,Rigid,1672202,1672203,1673161,1,958,959,completed,72
22729,Rigid,1672250,1672251,1673048,1,797,798,completed,72
22730,Rigid,1672320,1672321,1673296,1,975,976,completed,72
22731,Rigid,1672370,1672370,1673261,0,891,891,completed,72
22732,Rigid,1672437,1672438,1673482,1,1044,1045,completed,72
22733,Rigid,1672470,1672471,1673050,1,579,580,completed,72
22734,Rigid,1672514,1672515,1673116,1,601,602,completed,72
22735,Rigid,1672532,1672533,1673770,1,1237,1238,completed,72
22736,Rigid,1672560,1672560,1673169,0,609,609,completed,72
22737,Rigid,1672606,1672606,1673231,0,625,625,completed,72
22738,Rigid,1672652,1672653,1673997,1,1344,1345,completed,72
22739,Rigid,1672653,1672653,1673304,0,651,651,completed,72
22740,Rigid,1672702,1672702,1673355,0,653,653,completed,72
22741,Rigid,1672716,1672716,1673735,0,1019,1019,completed,72
22742,Rigid,1672751,1672752,1673407,1,655,656,completed,72
22743,Rigid,1672802,1672803,1673460,1,657,658,completed,72
22744,Rigid,1672812,1672812,1673987,0,1175,1175,completed,72
22745,Rigid,1672876,1672876,1673907,0,1031,1031,completed,72
22746,Rigid,1672935,1672936,1673868,1,932,933,completed,72
22747,Rigid,1673008,1673010,1673923,2,913,915,completed,72
22748,Rigid,1673120,1673121,1674191,1,1070,1071,completed,72
22749,Rigid,1673791,1673792,1674062,1,270,271,completed,8
22750,Rigid,1676582,1676583,1676945,1,362,363,completed,8
22751,Rigid,1677365,1677366,1677635,1,269,270,completed,8
22752,Rigid,1678237,1678238,1686079,1,7841,7842,completed,108
22753,Rigid,1685867,1685868,1686284,1,416,417,completed,36
22754,Rigid,1686541,1686541,1688294,0,1753,1753,completed,36
22755,Rigid,1686571,1686571,1688828,0,2257,2257,completed,36
22756,Rigid,1686676,1686677,1687067,1,390,391,completed,36
22757,Rigid,1687133,1687133,1687424,0,291,291,completed,36
22758,Rigid,1688652,1688652,1688803,0,151,151,completed,36
22759,Rigid,1689220,1689221,1690202,1,981,982,completed,36
22760,Rigid,1689233,1689234,1690284,1,1050,1051,completed,36
22761,Rigid,1689832,1689832,1690593,0,761,761,completed,36
22762,Rigid,1689834,1689836,1690562,2,726,728,completed,36
22763,Rigid,1689905,1689905,1690200,0,295,295,completed,36
22764,Rigid,1690691,1690692,1726705,1,36013,36014,completed,36
22765,Rigid,1690761,1690761,1691828,0,1067,1067,completed,36
22766,Rigid,1690766,1690766,1691780,0,1014,1014,completed,36
22767,Rigid,1691605,1691607,1692232,2,625,627,completed,36
22768,Rigid,1691612,1691612,1692259,0,647,647,completed,36
22769,Rigid,1693940,1693940,1694036,0,96,96,completed,8
22770,Rigid,1694096,1694096,1694737,0,641,641,completed,36
22771,Rigid,1694098,1694101,1694717,3,616,619,completed,36
22772,Rigid,1695054,1695055,1695681,1,626,627,completed,36
22773,Rigid,1695057,1695061,1695695,4,634,638,completed,36
22774,Rigid,1696011,1696011,1696709,0,698,698,completed,36
22775,Rigid,1696013,1696013,1696697,0,684,684,completed,36
22776,Rigid,1697265,1697265,1698588,0,1323,1323,completed,36
22777,Rigid,1697267,1697269,1698461,2,1192,1194,completed,36
22778,Rigid,1698310,1698310,1705762,0,7452,7452,completed,36
22779,Rigid,1698315,1698315,1710013,0,11698,11698,completed,36
22780,Rigid,1698810,1698810,1700536,0,1726,1726,completed,36
22781,Rigid,1698813,1698814,1700669,1,1855,1856,completed,36
22782,Rigid,1699026,1699026,1701168,0,2142,2142,completed,36
22783,Rigid,1699030,1699031,1701356,1,2325,2326,completed,36
22784,Rigid,1701608,1701608,1705761,0,4153,4153,completed,72
22785,Rigid,1723256,1723257,2068880,1,345623,345624,completed,144
22786,Rigid,1726512,1726513,1733311,1,6798,6799,completed,12
22787,Rigid,1726908,1726908,1726944,0,36,36,completed,72
22788,Rigid,1727066,1727067,1727119,1,52,53,completed,144
22789,Rigid,1727101,1727102,1727148,1,46,47,completed,288
22790,Rigid,1727391,1727391,1727424,0,33,33,completed,72
22791,Rigid,1727586,1727587,1727638,1,51,52,completed,72
22792,Rigid,1728421,1728422,1728473,1,51,52,completed,72
22793,Rigid,1728649,1728650,1728700,1,50,51,completed,72
22794,Rigid,1729056,1729057,1729065,1,8,9,completed,1
22795,Rigid,1729056,1729076,1729080,20,4,24,completed,1
22796,Rigid,1729183,1729184,1729187,1,3,4,completed,1
22797,Rigid,1729184,1729199,1729202,15,3,18,completed,1
22798,Rigid,1729184,1780958,1780966,51774,8,51782,completed,1
22799,Rigid,1729299,1729299,1729302,0,3,3,completed,1
22800,Rigid,1729299,1729315,1729318,16,3,19,completed,1
22801,Rigid,1730380,1730380,1740631,0,10251,10251,completed,36
22802,Rigid,1730380,1730380,1734035,0,3655,3655,completed,36
22803,Rigid,1730380,1730384,1743968,4,13584,13588,completed,36
22804,Rigid,1730380,1730384,1730387,4,3,7,completed,36
22805,Rigid,1730380,1730384,1743617,4,13233,13237,completed,36
22806,Rigid,1730380,1730384,1743458,4,13074,13078,completed,36
22807,Rigid,1730380,1730384,1743244,4,12860,12864,completed,36
22808,Rigid,1730380,1730384,1740307,4,9923,9927,completed,36
22809,Rigid,1730381,1730384,1746002,3,15618,15621,completed,36
22810,Rigid,1730381,1730384,1740510,3,10126,10129,completed,36
22811,Rigid,1730381,1730384,1740489,3,10105,10108,completed,36
22812,Rigid,1730381,1730384,1740443,3,10059,10062,completed,36
22813,Rigid,1730381,1730384,1743448,3,13064,13067,completed,36
22814,Rigid,1730381,1730384,1740308,3,9924,9927,completed,36
22815,Rigid,1730381,1730384,1743300,3,12916,12919,completed,36
22816,Rigid,1731055,1731055,1743240,0,12185,12185,completed,36
22817,Rigid,1731068,1731068,1738526,0,7458,7458,completed,36
22818,Rigid,1731091,1731092,1731204,1,112,113,completed,144
22819,Rigid,1731558,1731558,1733298,0,1740,1740,completed,36
22820,Rigid,1731558,1731562,1733421,4,1859,1863,completed,36
22821,Rigid,1731606,1731606,1743359,0,11753,11753,completed,16
22822,Rigid,1731618,1731618,1743636,0,12018,12018,completed,16
22823,Rigid,1731774,1731774,1734100,0,2326,2326,completed,36
22824,Rigid,1731790,1731790,1733909,0,2119,2119,completed,36
22825,Rigid,1732726,1732727,1738130,1,5403,5404,completed,36
22826,Rigid,1732732,1732733,1739165,1,6432,6433,completed,36
22827,Rigid,1732794,1732795,1732961,1,166,167,completed,144
22828,Rigid,1733112,1733113,1733917,1,804,805,completed,36
22829,Rigid,1733117,1733118,1733884,1,766,767,completed,36
22830,Rigid,1733141,1733141,1733755,0,614,614,completed,36
22831,Rigid,1733147,1733148,1733757,1,609,610,completed,36
22832,Rigid,1733212,1733213,1734092,1,879,880,completed,36
22833,Rigid,1733226,1733226,1734058,0,832,832,completed,36
22834,Rigid,1733244,1733245,1733936,1,691,692,completed,36
22835,Rigid,1733261,1733261,1733925,0,664,664,completed,36
22836,Rigid,1733294,1733294,1734069,0,775,775,completed,36
22837,Rigid,1733313,1733313,1734058,0,745,745,completed,36
22838,Rigid,1733351,1733351,1740865,0,7514,7514,completed,6
22839,Rigid,1733358,1733358,1734193,0,835,835,completed,36
22840,Rigid,1733379,1733379,1734175,0,796,796,completed,36
22841,Rigid,1733403,1733403,1734130,0,727,727,completed,36
22842,Rigid,1733407,1733407,1744329,0,10922,10922,completed,12
22843,Rigid,1733426,1733426,1734148,0,722,722,completed,36
22844,Rigid,1733457,1733458,1734202,1,744,745,completed,36
22845,Rigid,1733479,1733480,1734191,1,711,712,completed,36
22846,Rigid,1733538,1733539,1734326,1,787,788,completed,36
22847,Rigid,1733560,1733561,1734312,1,751,752,completed,36
22848,Rigid,1733601,1733602,1734278,1,676,677,completed,36
22849,Rigid,1733626,1733627,1734272,1,645,646,completed,36
22850,Rigid,1733812,1733812,1734042,0,230,230,completed,144
22851,Rigid,1734102,1734103,1734106,1,3,4,completed,144
22852,Rigid,1734176,1734176,1904316,0,170140,170140,completed,144
22853,Rigid,1734227,1734227,1734339,0,112,112,completed,8
22854,Rigid,1734275,1734276,1904447,1,170171,170172,completed,144
22855,Rigid,1734393,1734394,1734498,1,104,105,completed,8
22856,Rigid,1734429,1734430,1738524,1,4094,4095,completed,72
22857,Rigid,1734699,1734700,1734858,1,158,159,completed,8
22858,Rigid,1734899,1734902,1735448,3,546,549,completed,144
22859,Rigid,1735077,1735078,1735080,1,2,3,completed,36
22860,Rigid,1735184,1735185,1735327,1,142,143,completed,8
22861,Rigid,1735204,1735205,1735208,1,3,4,completed,36
22862,Rigid,1736139,1736140,1736283,1,143,144,completed,8
22863,Rigid,1736184,1736185,1736188,1,3,4,completed,36
22864,Rigid,1736720,1736721,1736737,1,16,17,completed,36
22865,Rigid,1736730,1736730,1736735,0,5,5,completed,36
22866,Rigid,1736789,1736789,1736934,0,145,145,completed,36
22867,Rigid,1736889,1736889,1736990,0,101,101,completed,36
22868,Rigid,1736986,1736987,1739504,1,2517,2518,completed,36
22869,Rigid,1737047,1737047,1738210,0,1163,1163,completed,36
22870,Rigid,1737891,1737891,1740770,0,2879,2879,completed,36
22871,Rigid,1738071,1738072,1738798,1,726,727,completed,36
22872,Rigid,1738223,1738224,1739426,1,1202,1203,completed,36
22873,Rigid,1738407,1738407,1741211,0,2804,2804,completed,36
22874,Rigid,1738496,1738496,1738500,0,4,4,completed,144
22875,Rigid,1738559,1738559,1738563,0,4,4,completed,144
22876,Rigid,1738773,1738774,1911590,1,172816,172817,completed,144
22877,Rigid,1739080,1739080,1739099,0,19,19,completed,36
22878,Rigid,1739157,1739158,1739175,1,17,18,completed,36
22879,Rigid,1739163,1739164,1739312,1,148,149,completed,144
22880,Rigid,1739232,1739233,1739329,1,96,97,completed,36
22881,Rigid,1739387,1739387,1739391,0,4,4,completed,36
22882,Rigid,1739416,1739416,1739425,0,9,9,completed,36
22883,Rigid,1739609,1739610,1739612,1,2,3,completed,36
22884,Rigid,1739706,1739706,1739708,0,2,2,completed,36
22885,Rigid,1739879,1739879,1739882,0,3,3,completed,36
22886,Rigid,1740187,1740188,1902992,1,162804,162805,completed,72
22887,Rigid,1740295,1740295,1740298,0,3,3,completed,36
22888,Rigid,1740436,1740436,1740439,0,3,3,completed,36
22889,Rigid,1740458,1740458,1740573,0,115,115,completed,144
22890,Rigid,1740647,1740648,1740654,1,6,7,completed,36
22891,Rigid,1740879,1740879,1740918,0,39,39,completed,36
22892,Rigid,1741055,1741056,1950405,1,209349,209350,completed,36
22893,Rigid,1741239,1741239,1947727,0,206488,206488,completed,36
22894,Rigid,1741294,1741295,1747553,1,6258,6259,completed,16
22895,Rigid,1741371,1741371,1744264,0,2893,2893,completed,36
22896,Rigid,1741395,1741395,1761866,0,20471,20471,completed,16
22897,Rigid,1741399,1741399,1948323,0,206924,206924,completed,36
22898,Rigid,1741399,1741399,1802828,0,61429,61429,completed,16
22899,Rigid,1741406,1741406,1882414,0,141008,141008,completed,16
22900,Rigid,1741415,1741415,1860805,0,119390,119390,completed,16
22901,Rigid,1741420,1741421,1797326,1,55905,55906,completed,16
22902,Rigid,1741426,1741427,1741512,1,85,86,completed,144
22903,Rigid,1741428,1741431,1758126,3,16695,16698,completed,16
22904,Rigid,1741520,1741520,1741523,0,3,3,completed,36
22905,Rigid,1741694,1741695,1741707,1,12,13,completed,36
22906,Rigid,1741710,1741710,1741716,0,6,6,completed,1
22907,Rigid,1741804,1741805,1741810,1,5,6,completed,1
22908,Rigid,1741804,1741828,1741834,24,6,30,completed,1
22909,Rigid,1741804,1802321,1802330,60517,9,60526,completed,1
22910,Rigid,1741838,1741839,1741878,1,39,40,completed,36
22911,Rigid,1742233,1742234,1745105,1,2871,2872,completed,36
22912,Rigid,1742313,1742314,1742443,1,129,130,completed,144
22913,Rigid,1742482,1742482,1742537,0,55,55,completed,36
22914,Rigid,1742567,1742568,1742572,1,4,5,completed,144
22915,Rigid,1742595,1742596,1742649,1,53,54,completed,36
22916,Rigid,1742693,1742694,1864700,1,122006,122007,completed,144
22917,Rigid,1742700,1742703,1742756,3,53,56,completed,36
22918,Rigid,1742713,1742713,1747607,0,4894,4894,completed,16
22919,Rigid,1742717,1742717,1755539,0,12822,12822,completed,16
22920,Rigid,1742721,1742721,1844148,0,101427,101427,completed,16
22921,Rigid,1742726,1742726,1754206,0,11480,11480,completed,16
22922,Rigid,1742736,1742736,1771298,0,28562,28562,completed,16
22923,Rigid,1742748,1742748,1795933,0,53185,53185,completed,16
22924,Rigid,1742789,1742789,1969390,0,226601,226601,completed,36
22925,Rigid,1742793,1742793,1742908,0,115,115,completed,36
22926,Rigid,1742866,1742867,1832816,1,89949,89950,completed,16
22927,Rigid,1742953,1742954,1742991,1,37,38,completed,36
22928,Rigid,1743115,1743116,1743277,1,161,162,completed,144
22929,Rigid,1743362,1743363,1743402,1,39,40,completed,36
22930,Rigid,1743377,1743377,1743463,0,86,86,completed,72
22931,Rigid,1743454,1743455,1743494,1,39,40,completed,36
22932,Rigid,1743483,1743483,1743592,0,109,109,completed,36
22933,Rigid,1743497,1743497,1743536,0,39,39,completed,36
22934,Rigid,1743534,1743535,1743580,1,45,46,completed,36
22935,Rigid,1743549,1743550,1743587,1,37,38,completed,36
22936,Rigid,1743637,1743637,1743682,0,45,45,completed,36
22937,Rigid,1743726,1743727,1743730,1,3,4,completed,36
22938,Rigid,1743849,1743850,1743852,1,2,3,completed,36
22939,Rigid,1743957,1743957,1743960,0,3,3,completed,36
22940,Rigid,1743977,1743978,1773152,1,29174,29175,completed,16
22941,Rigid,1743995,1743996,1779158,1,35162,35163,completed,16
22942,Rigid,1744004,1744005,1744111,1,106,107,completed,36
22943,Rigid,1744043,1744043,1744084,0,41,41,completed,36
22944,Rigid,1744131,1744131,1744171,0,40,40,completed,36
22945,Rigid,1744214,1744214,1744255,0,41,41,completed,36
22946,Rigid,1744330,1744331,1744339,1,8,9,completed,1
22947,Rigid,1744330,1744330,1744471,0,141,141,completed,1
22948,Rigid,1744332,1744335,1744485,3,150,153,completed,1
22949,Rigid,1744333,1744335,1744357,2,22,24,completed,1
22950,Rigid,1744333,1744335,1744370,2,35,37,completed,1
22951,Rigid,1744333,1744335,1744387,2,52,54,completed,1
22952,Rigid,1744333,1744335,1744467,2,132,134,completed,1
22953,Rigid,1744333,1744335,1744409,2,74,76,completed,1
22954,Rigid,1744333,1744335,1744344,2,9,11,completed,1
22955,Rigid,1744333,1744335,1744353,2,18,20,completed,1
22956,Rigid,1744333,1744335,1744402,2,67,69,completed,1
22957,Rigid,1744333,1744335,1744396,2,61,63,completed,1
22958,Rigid,1744333,1744335,1744493,2,158,160,completed,1
22959,Rigid,1744333,1744335,1744444,2,109,111,completed,1
22960,Rigid,1744333,1744335,1744372,2,37,39,completed,1
22961,Rigid,1744333,1744335,1744477,2,142,144,completed,1
22962,Rigid,1744333,1744335,1744381,2,46,48,completed,1
22963,Rigid,1744333,1744335,1744440,2,105,107,completed,1
22964,Rigid,1744333,1744335,1744478,2,143,145,completed,1
22965,Rigid,1744333,1744335,1744385,2,50,52,completed,1
22966,Rigid,1744333,1744335,1744418,2,83,85,completed,1
22967,Rigid,1744333,1744335,1744347,2,12,14,completed,1
22968,Rigid,1744333,1744335,1744382,2,47,49,completed,1
22969,Rigid,1744333,1744335,1744436,2,101,103,completed,1
22970,Rigid,1744333,1744335,1744482,2,147,149,completed,1
22971,Rigid,1744333,1744335,1744385,2,50,52,completed,1
22972,Rigid,1744333,1744335,1744392,2,57,59,completed,1
22973,Rigid,1744333,1744335,1744354,2,19,21,completed,1
22974,Rigid,1744333,1744335,1744468,2,133,135,completed,1
22975,Rigid,1744333,1744335,1744420,2,85,87,completed,1
22976,Rigid,1744333,1744335,1744489,2,154,156,completed,1
22977,Rigid,1744333,1744335,1744418,2,83,85,completed,1
22978,Rigid,1744333,1744335,1744375,2,40,42,completed,1
22979,Rigid,1744334,1744335,1744366,1,31,32,completed,1
22980,Rigid,1744334,1744335,1744472,1,137,138,completed,1
22981,Rigid,1744334,1744335,1744373,1,38,39,completed,1
22982,Rigid,1744334,1744335,1744399,1,64,65,completed,1
22983,Rigid,1744334,1744335,1744381,1,46,47,completed,1
22984,Rigid,1744334,1744335,1744370,1,35,36,completed,1
22985,Rigid,1744334,1744335,1744434,1,99,100,completed,1
22986,Rigid,1744334,1744335,1744377,1,42,43,completed,1
22987,Rigid,1744334,1744335,1744493,1,158,159,completed,1
22988,Rigid,1744334,1744335,1744481,1,146,147,completed,1
22989,Rigid,1744334,1744335,1744349,1,14,15,completed,1
22990,Rigid,1744334,1744335,1744403,1,68,69,completed,1
22991,Rigid,1744334,1744335,1744387,1,52,53,completed,1
22992,Rigid,1744334,1744335,1744492,1,157,158,completed,1
22993,Rigid,1744334,1744335,1744438,1,103,104,completed,1
22994,Rigid,1744334,1744335,1744361,1,26,27,completed,1
22995,Rigid,1744334,1744335,1744403,1,68,69,completed,1
22996,Rigid,1744334,1744335,1744394,1,59,60,completed,1
22997,Rigid,1744334,1744335,1744468,1,133,134,completed,1
22998,Rigid,1744334,1744335,1744423,1,88,89,completed,1
22999,Rigid,1744334,1744335,1744370,1,35,36,completed,36
23000,Rigid,1744334,1744335,1744409,1,74,75,completed,1
23001,Rigid,1744334,1744335,1744402,1,67,68,completed,1
23002,Rigid,1744334,1744335,1744421,1,86,87,completed,1
23003,Rigid,1744334,1744335,1744470,1,135,136,completed,1
23004,Rigid,1744334,1744335,1744385,1,50,51,completed,1
23005,Rigid,1744334,1744335,1744401,1,66,67,completed,1
23006,Rigid,1744335,1744335,1744373,0,38,38,completed,1
23007,Rigid,1744335,1744335,1744373,0,38,38,completed,1
23008,Rigid,1744335,1744339,1744493,4,154,158,completed,1
23009,Rigid,1744335,1744339,1744491,4,152,156,completed,1
23010,Rigid,1744335,1744339,1744440,4,101,105,completed,1
23011,Rigid,1744335,1744339,1744394,4,55,59,completed,1
23012,Rigid,1744335,1744339,1744388,4,49,53,completed,1
23013,Rigid,1744335,1744339,1744413,4,74,78,completed,1
23014,Rigid,1744335,1744339,1744410,4,71,75,completed,1
23015,Rigid,1744335,1744339,1744486,4,147,151,completed,1
23016,Rigid,1744335,1744339,1744403,4,64,68,completed,1
23017,Rigid,1744335,1744339,1744385,4,46,50,completed,1
23018,Rigid,1744335,1744339,1744393,4,54,58,completed,1
23019,Rigid,1744373,1744373,1744555,0,182,182,completed,36
23020,Rigid,1744758,1744758,1744897,0,139,139,completed,36
23021,Rigid,1745009,1745009,1745043,0,34,34,completed,36
23022,Rigid,1745060,1745060,1745587,0,527,527,completed,36
23023,Rigid,1745061,1745064,1745103,3,39,42,completed,36
23024,Rigid,1745254,1745255,1745289,1,34,35,completed,36
23025,Rigid,1745277,1745278,1745290,1,12,13,completed,36
23026,Rigid,1745354,1745354,1745400,0,46,46,completed,36
23027,Rigid,1745358,1745359,1745505,1,146,147,completed,36
23028,Rigid,1745482,1745483,1745646,1,163,164,completed,144
23029,Rigid,1745536,1745537,1745645,1,108,109,completed,18
23030,Rigid,1745546,1745547,1745594,1,47,48,completed,36
23031,Rigid,1745639,1745639,1770075,0,24436,24436,completed,36
23032,Rigid,1745700,1745703,1745754,3,51,54,completed,36
23033,Rigid,1745705,1745707,1745928,2,221,223,completed,18
23034,Rigid,1745963,1745963,1749205,0,3242,3242,completed,36
23035,Rigid,1746138,1746138,1746142,0,4,4,completed,36
23036,Rigid,1746316,1746317,1746691,1,374,375,completed,18
23037,Rigid,1746367,1746367,1746495,0,128,128,completed,144
23038,Rigid,1747345,1747345,1747473,0,128,128,completed,144
23039,Rigid,1747558,1747558,1748167,0,609,609,completed,36
23040,Rigid,1747644,1747645,1747647,1,2,3,completed,1
23041,Rigid,1747645,1747645,1747647,0,2,2,completed,1
23042,Rigid,1747646,1747649,1747652,3,3,6,completed,1
23043,Rigid,1747646,1747649,1747651,3,2,5,completed,1
23044,Rigid,1748039,1748039,1748042,0,3,3,completed,36
23045,Rigid,1748246,1748247,1748249,1,2,3,completed,36
23046,Rigid,1748413,1748414,1748577,1,163,164,completed,144
23047,Rigid,1748783,1748783,1748800,0,17,17,completed,1
23048,Rigid,1748783,1748783,1748800,0,17,17,completed,1
23049,Rigid,1748813,1748813,1779171,0,30358,30358,completed,9
23050,Rigid,1748813,1748813,1782244,0,33431,33431,completed,9
23051,Rigid,1749170,1749170,1749171,0,1,1,completed,24
23052,Rigid,1749283,1749284,1749285,1,1,2,completed,24
23053,Rigid,1749320,1749321,1749323,1,2,3,completed,1
23054,Rigid,1749321,1749321,1749323,0,2,2,completed,1
23055,Rigid,1749321,1749324,1749327,3,3,6,completed,1
23056,Rigid,1749322,1749324,1749326,2,2,4,completed,1
23057,Rigid,1749322,1749324,1749327,2,3,5,completed,1
23058,Rigid,1749323,1749324,1749327,1,3,4,completed,1
23059,Rigid,1749323,1749324,1749326,1,2,3,completed,1
23060,Rigid,1749324,1749324,1749327,0,3,3,completed,1
23061,Rigid,1749324,1749325,1884458,1,135133,135134,completed,1
23062,Rigid,1749325,1749327,1921494,2,172167,172169,completed,1
23063,Rigid,1749325,1749327,1886195,2,136868,136870,completed,1
23064,Rigid,1749326,1749327,1880522,1,131195,131196,completed,1
23065,Rigid,1749326,1749327,1749331,1,4,5,completed,36
23066,Rigid,1749327,1749327,1909968,0,160641,160641,completed,1
23067,Rigid,1749327,1749327,1899464,0,150137,150137,completed,1
23068,Rigid,1749328,1749328,1921508,0,172180,172180,completed,1
23069,Rigid,1749328,1749328,1921494,0,172166,172166,completed,1
23070,Rigid,1749329,1749332,1887931,3,138599,138602,completed,1
23071,Rigid,1749329,1749332,1921494,3,172162,172165,completed,1
23072,Rigid,1749330,1749332,1921494,2,172162,172164,completed,1
23073,Rigid,1749360,1749363,1876825,3,127462,127465,completed,1
23074,Rigid,1749697,1749697,1750856,0,1159,1159,completed,36
23075,Rigid,1749704,1749704,1750887,0,1183,1183,completed,36
23076,Rigid,1749781,1749783,1749946,2,163,165,completed,144
23077,Rigid,1749862,1749862,1750018,0,156,156,completed,36
23078,Rigid,1749976,1749977,1750448,1,471,472,completed,36
23079,Rigid,1749977,1749981,1750438,4,457,461,completed,36
23080,Rigid,1750023,1750024,1750508,1,484,485,completed,36
23081,Rigid,1750025,1750028,1750489,3,461,464,completed,36
23082,Rigid,1750447,1750447,1750517,0,70,70,completed,36
23083,Rigid,1750620,1750623,1750721,3,98,101,completed,36
23084,Rigid,1750737,1750737,1750818,0,81,81,completed,36
23085,Rigid,1750930,1750930,1819320,0,68390,68390,completed,36
23086,Rigid,1751095,1751095,1751256,0,161,161,completed,144
23087,Rigid,1751230,1751231,1755370,1,4139,4140,completed,8
23088,Rigid,1751231,1751231,1754660,0,3429,3429,completed,8
23089,Rigid,1751231,1751231,1753797,0,2566,2566,completed,8
23090,Rigid,1751231,1751231,1756250,0,5019,5019,completed,8
23091,Rigid,1751231,1751235,1758113,4,6878,6882,completed,8
23092,Rigid,1751231,1751235,1757224,4,5989,5993,completed,8
23093,Rigid,1751231,1751235,1752847,4,1612,1616,completed,8
23094,Rigid,1751887,1751888,1751889,1,1,2,completed,24
23095,Rigid,1752254,1752255,1752381,1,126,127,completed,144
23096,Rigid,1752707,1752707,1820014,0,67307,67307,completed,72
23097,Rigid,1753018,1753019,1753067,1,48,49,completed,72
23098,Rigid,1753791,1753792,1755571,1,1779,1780,completed,36
23099,Rigid,1753797,1753798,1755843,1,2045,2046,completed,36
23100,Rigid,1754019,1754019,1754084,0,65,65,completed,36
23101,Rigid,1754083,1754084,1754545,1,461,462,completed,36
23102,Rigid,1754084,1754086,1754531,2,445,447,completed,36
23103,Rigid,1754130,1754131,1754609,1,478,479,completed,36
23104,Rigid,1754134,1754135,1754594,1,459,460,completed,36
23105,Rigid,1754136,1754139,1756014,3,1875,1878,completed,36
23106,Rigid,1754139,1754139,1755785,0,1646,1646,completed,36
23107,Rigid,1754427,1754428,1754919,1,491,492,completed,36
23108,Rigid,1754428,1754432,1754910,4,478,482,completed,36
23109,Rigid,1754477,1754478,1754959,1,481,482,completed,36
23110,Rigid,1754479,1754480,1754980,1,500,501,completed,36
23111,Rigid,1754660,1754660,1755643,0,983,983,completed,36
23112,Rigid,1754869,1754869,1755021,0,152,152,completed,144
23113,Rigid,1755747,1755747,1759355,0,3608,3608,completed,36
23114,Rigid,1755810,1755810,1755871,0,61,61,completed,36
23115,Rigid,1756808,1756808,1756816,0,8,8,completed,1
23116,Rigid,1756808,1756831,1756836,23,5,28,completed,1
23117,Rigid,1756808,1813779,1813788,56971,9,56980,completed,1
23118,Rigid,1757706,1757706,1759405,0,1699,1699,completed,36
23119,Rigid,1757714,1757714,1759454,0,1740,1740,completed,36
23120,Rigid,1757967,1757968,1758394,1,426,427,completed,36
23121,Rigid,1757968,1757972,1758385,4,413,417,completed,36
23122,Rigid,1758009,1758010,1758438,1,428,429,completed,36
23123,Rigid,1758010,1758014,1758416,4,402,406,completed,36
23124,Rigid,1764757,1764758,2023962,1,259204,259205,completed,1
23125,Rigid,1764757,1764758,2023962,1,259204,259205,completed,1
23126,Rigid,1764757,1764758,2023962,1,259204,259205,completed,1
23127,Rigid,1764757,1764758,2023962,1,259204,259205,completed,1
23128,Rigid,1764757,1764758,2023962,1,259204,259205,completed,1
23129,Rigid,1764757,1764758,2023962,1,259204,259205,completed,1
23130,Rigid,1764757,1764758,2023962,1,259204,259205,completed,1
23131,Rigid,1764757,1764758,2023962,1,259204,259205,completed,1
23132,Rigid,1764757,1764758,2023962,1,259204,259205,completed,1
23133,Rigid,1764757,1764758,2023962,1,259204,259205,completed,1
23134,Rigid,1764757,1764758,2023962,1,259204,259205,completed,1
23135,Rigid,1764757,1764758,2023962,1,259204,259205,completed,1
23136,Rigid,1764757,1764758,2023962,1,259204,259205,completed,1
23137,Rigid,1764757,1764758,2023962,1,259204,259205,completed,1
23138,Rigid,1764757,1764758,2023962,1,259204,259205,completed,1
23139,Rigid,1764757,1764758,2023962,1,259204,259205,completed,1
23140,Rigid,1764757,1764758,2023962,1,259204,259205,completed,1
23141,Rigid,1764757,1764758,2023962,1,259204,259205,completed,1
23142,Rigid,1764757,1764758,2023962,1,259204,259205,completed,1
23143,Rigid,1764757,1764758,2023962,1,259204,259205,completed,1
23144,Rigid,1764884,1764885,1766522,1,1637,1638,completed,36
23145,Rigid,1765045,1765045,2024262,0,259217,259217,completed,1
23146,Rigid,1765045,1765045,2024262,0,259217,259217,completed,1
23147,Rigid,1765045,1765045,2024262,0,259217,259217,completed,1
23148,Rigid,1765045,1765046,2024262,1,259216,259217,completed,1
23149,Rigid,1765045,1765046,2024262,1,259216,259217,completed,1
23150,Rigid,1765045,1765046,2024262,1,259216,259217,completed,1
23151,Rigid,1765045,1765046,2024262,1,259216,259217,completed,1
23152,Rigid,1765045,1765046,2024262,1,259216,259217,completed,1
23153,Rigid,1765045,1765046,2024262,1,259216,259217,completed,1
23154,Rigid,1765045,1765046,2024262,1,259216,259217,completed,1
23155,Rigid,1765095,1765096,1765196,1,100,101,completed,8
23156,Rigid,1765229,1765230,1765323,1,93,94,completed,8
23157,Rigid,1769523,1769525,2658270,2,888745,888747,completed,72
23158,Rigid,1769584,1769585,1770603,1,1018,1019,completed,36
23159,Rigid,1770875,1770875,1771013,0,138,138,completed,36
23160,Rigid,1771102,1771103,1771296,1,193,194,completed,36
23161,Rigid,1771195,1771195,1771399,0,204,204,completed,36
23162,Rigid,1771197,1771198,1771399,1,201,202,completed,36
23163,Rigid,1771212,1771213,1771407,1,194,195,completed,36
23164,Rigid,1771261,1771261,1771434,0,173,173,completed,36
23165,Rigid,1771563,1771565,1771751,2,186,188,completed,36
23166,Rigid,1771886,1771887,1772056,1,169,170,completed,36
23167,Rigid,1771907,1771908,1772045,1,137,138,completed,36
23168,Rigid,1772209,1772209,1781869,0,9660,9660,completed,36
23169,Rigid,1772423,1772424,1772596,1,172,173,completed,36
23170,Rigid,1773697,1773697,1775326,0,1629,1629,completed,36
23171,Rigid,1773926,1773926,1774269,0,343,343,completed,36
23172,Rigid,1773969,1773969,1774313,0,344,344,completed,36
23173,Rigid,1774095,1774095,1774117,0,22,22,completed,2
23174,Rigid,1774095,1774099,1774116,4,17,21,completed,2
23175,Rigid,1774096,1774099,1774116,3,17,20,completed,2
23176,Rigid,1774096,1774099,1774116,3,17,20,completed,2
23177,Rigid,1774096,1774099,1774107,3,8,11,completed,2
23178,Rigid,1774097,1774099,1774104,2,5,7,completed,2
23179,Rigid,1774097,1774099,1774104,2,5,7,completed,2
23180,Rigid,1774097,1774099,1774104,2,5,7,completed,2
23181,Rigid,1774098,1774099,1774112,1,13,14,completed,2
23182,Rigid,1774098,1774099,1774112,1,13,14,completed,2
23183,Rigid,1774098,1774099,1774111,1,12,13,completed,2
23184,Rigid,1774098,1774099,1774105,1,6,7,completed,2
23185,Rigid,1774098,1774099,1774111,1,12,13,completed,2
23186,Rigid,1774098,1774099,1774105,1,6,7,completed,2
23187,Rigid,1774098,1774099,1774111,1,12,13,completed,2
23188,Rigid,1774098,1774099,1774105,1,6,7,completed,2
23189,Rigid,1774098,1774099,1774112,1,13,14,completed,2
23190,Rigid,1774098,1774099,1774111,1,12,13,completed,2
23191,Rigid,1774098,1774099,1774105,1,6,7,completed,2
23192,Rigid,1774098,1774099,1774111,1,12,13,completed,2
23193,Rigid,1774098,1774099,1774105,1,6,7,completed,2
23194,Rigid,1774117,1774117,1774126,0,9,9,completed,2
23195,Rigid,1774117,1774117,1774122,0,5,5,completed,2
23196,Rigid,1774117,1774117,1774122,0,5,5,completed,2
23197,Rigid,1774117,1774117,1774132,0,15,15,completed,2
23198,Rigid,1774117,1774117,1774132,0,15,15,completed,2
23199,Rigid,1774117,1774117,1774122,0,5,5,completed,2
23200,Rigid,1774117,1774117,1774132,0,15,15,completed,2
23201,Rigid,1774117,1774117,1774132,0,15,15,completed,2
23202,Rigid,1774117,1774118,1774132,1,14,15,completed,2
23203,Rigid,1774117,1774118,1774122,1,4,5,completed,2
23204,Rigid,1774117,1774118,1774122,1,4,5,completed,2
23205,Rigid,1774118,1774118,1774122,0,4,4,completed,2
23206,Rigid,1774118,1774118,1774132,0,14,14,completed,2
23207,Rigid,1774118,1774118,1774132,0,14,14,completed,2
23208,Rigid,1774118,1774118,1774123,0,5,5,completed,2
23209,Rigid,1774118,1774118,1774125,0,7,7,completed,2
23210,Rigid,1774118,1774118,1774123,0,5,5,completed,2
23211,Rigid,1774118,1774118,1774132,0,14,14,completed,2
23212,Rigid,1774129,1774130,1774137,1,7,8,completed,2
23213,Rigid,1774129,1774130,1774145,1,15,16,completed,2
23214,Rigid,1774139,1774140,1774187,1,47,48,completed,2
23215,Rigid,1774139,1774140,1774145,1,5,6,completed,2
23216,Rigid,1774139,1774140,1774183,1,43,44,completed,2
23217,Rigid,1774139,1774140,1774179,1,39,40,completed,2
23218,Rigid,1774139,1774140,1774149,1,9,10,completed,2
23219,Rigid,1774139,1774140,1774178,1,38,39,completed,2
23220,Rigid,1774139,1774140,1774149,1,9,10,completed,2
23221,Rigid,1774139,1774140,1774178,1,38,39,completed,2
23222,Rigid,1774139,1774140,1774180,1,40,41,completed,2
23223,Rigid,1774139,1774140,1774208,1,68,69,completed,2
23224,Rigid,1774140,1774140,1774179,0,39,39,completed,2
23225,Rigid,1774140,1774140,1774175,0,35,35,completed,2
23226,Rigid,1774140,1774141,1774145,1,4,5,completed,2
23227,Rigid,1774140,1774141,1774187,1,46,47,completed,2
23228,Rigid,1774140,1774141,1774181,1,40,41,completed,2
23229,Rigid,1774140,1774141,1774175,1,34,35,completed,2
23230,Rigid,1774140,1774141,1774207,1,66,67,completed,2
23231,Rigid,1774140,1774141,1774146,1,5,6,completed,2
23232,Rigid,1774140,1774141,1774149,1,8,9,completed,2
23233,Rigid,1774140,1774141,1774205,1,64,65,completed,2
23234,Rigid,1774140,1774141,1774149,1,8,9,completed,2
23235,Rigid,1774140,1774141,1774175,1,34,35,completed,2
23236,Rigid,1774140,1774141,1774175,1,34,35,completed,2
23237,Rigid,1774140,1774141,1774184,1,43,44,completed,2
23238,Rigid,1774140,1774141,1774175,1,34,35,completed,2
23239,Rigid,1774140,1774141,1774180,1,39,40,completed,2
23240,Rigid,1774140,1774141,1774189,1,48,49,completed,2
23241,Rigid,1774140,1774141,1774177,1,36,37,completed,2
23242,Rigid,1774140,1774141,1774147,1,6,7,completed,2
23243,Rigid,1774140,1774141,1774176,1,35,36,completed,2
23244,Rigid,1774140,1774141,1774185,1,44,45,completed,2
23245,Rigid,1774141,1774141,1774149,0,8,8,completed,2
23246,Rigid,1774141,1774141,1774175,0,34,34,completed,2
23247,Rigid,1774141,1774145,1774177,4,32,36,completed,2
23248,Rigid,1774141,1774145,1774182,4,37,41,completed,2
23249,Rigid,1774141,1774145,1774178,4,33,37,completed,2
23250,Rigid,1774141,1774145,1774152,4,7,11,completed,2
23251,Rigid,1774141,1774145,1774188,4,43,47,completed,2
23252,Rigid,1774141,1774145,1774179,4,34,38,completed,2
23253,Rigid,1774141,1774145,1774176,4,31,35,completed,2
23254,Rigid,1774141,1774145,1774178,4,33,37,completed,2
23255,Rigid,1774141,1774145,1774182,4,37,41,completed,2
23256,Rigid,1774141,1774145,1774150,4,5,9,completed,2
23257,Rigid,1774141,1774145,1774177,4,32,36,completed,2
23258,Rigid,1774141,1774145,1774183,4,38,42,completed,2
23259,Rigid,1774141,1774145,1774179,4,34,38,completed,2
23260,Rigid,1774141,1774145,1774153,4,8,12,completed,2
23261,Rigid,1774141,1774145,1774154,4,9,13,completed,2
23262,Rigid,1774141,1774145,1774153,4,8,12,completed,2
23263,Rigid,1774141,1774145,1774177,4,32,36,completed,2
23264,Rigid,1774141,1774145,1774181,4,36,40,completed,2
23265,Rigid,1774141,1774145,1774153,4,8,12,completed,2
23266,Rigid,1774142,1774145,1774203,3,58,61,completed,2
23267,Rigid,1774142,1774145,1774184,3,39,42,completed,2
23268,Rigid,1774142,1774145,1774180,3,35,38,completed,2
23269,Rigid,1774142,1774145,1774206,3,61,64,completed,2
23270,Rigid,1774142,1774145,1774181,3,36,39,completed,2
23271,Rigid,1774142,1774145,1774151,3,6,9,completed,2
23272,Rigid,1774142,1774145,1774189,3,44,47,completed,2
23273,Rigid,1774142,1774145,1774181,3,36,39,completed,2
23274,Rigid,1774142,1774145,1774151,3,6,9,completed,2
23275,Rigid,1774142,1774145,1774153,3,8,11,completed,2
23276,Rigid,1774142,1774145,1774182,3,37,40,completed,2
23277,Rigid,1774142,1774145,1774204,3,59,62,completed,2
23278,Rigid,1774142,1774145,1774204,3,59,62,completed,2
23279,Rigid,1774142,1774145,1774153,3,8,11,completed,2
23280,Rigid,1774142,1774145,1774151,3,6,9,completed,2
23281,Rigid,1774142,1774145,1774187,3,42,45,completed,2
23282,Rigid,1774142,1774145,1774183,3,38,41,completed,2
23283,Rigid,1774142,1774145,1774153,3,8,11,completed,2
23284,Rigid,1774142,1774145,1774187,3,42,45,completed,2
23285,Rigid,1774142,1774145,1774153,3,8,11,completed,2
23286,Rigid,1774142,1774145,1774153,3,8,11,completed,2
23287,Rigid,1774142,1774145,1774206,3,61,64,completed,2
23288,Rigid,1774143,1774145,1774187,2,42,44,completed,2
23289,Rigid,1774143,1774145,1774184,2,39,41,completed,2
23290,Rigid,1774143,1774145,1774184,2,39,41,completed,2
23291,Rigid,1774143,1774145,1774153,2,8,10,completed,2
23292,Rigid,1774143,1774145,1774180,2,35,37,completed,2
23293,Rigid,1774143,1774145,1774164,2,19,21,completed,2
23294,Rigid,1774143,1774145,1774180,2,35,37,completed,2
23295,Rigid,1774146,1774146,1815229,0,41083,41083,completed,36
23296,Rigid,1774150,1774150,1774156,0,6,6,completed,2
23297,Rigid,1774151,1774151,1774157,0,6,6,completed,2
23298,Rigid,1774151,1774151,1774157,0,6,6,completed,2
23299,Rigid,1774152,1774152,1774158,0,6,6,completed,2
23300,Rigid,1774154,1774154,1774160,0,6,6,completed,2
23301,Rigid,1774155,1774157,1774162,2,5,7,completed,2
23302,Rigid,1774156,1774157,1774162,1,5,6,completed,2
23303,Rigid,1774156,1774157,1774162,1,5,6,completed,2
23304,Rigid,1774210,1774211,1774219,1,8,9,completed,2
23305,Rigid,1774220,1774221,1774231,1,10,11,completed,2
23306,Rigid,1774258,1774259,1774270,1,11,12,completed,2
23307,Rigid,1774258,1774259,1774263,1,4,5,completed,2
23308,Rigid,1774258,1774259,1774263,1,4,5,completed,2
23309,Rigid,1774258,1774259,1774263,1,4,5,completed,2
23310,Rigid,1774258,1774259,1774263,1,4,5,completed,2
23311,Rigid,1774258,1774259,1774279,1,20,21,completed,2
23312,Rigid,1774258,1774259,1774263,1,4,5,completed,2
23313,Rigid,1774258,1774259,1774263,1,4,5,completed,2
23314,Rigid,1774258,1774259,1774263,1,4,5,completed,2
23315,Rigid,1774258,1774259,1774263,1,4,5,completed,2
23316,Rigid,1774258,1774259,1774271,1,12,13,completed,2
23317,Rigid,1774258,1774259,1774263,1,4,5,completed,2
23318,Rigid,1774258,1774259,1774263,1,4,5,completed,2
23319,Rigid,1774258,1774259,1774263,1,4,5,completed,2
23320,Rigid,1774258,1774259,1774263,1,4,5,completed,2
23321,Rigid,1774259,1774259,1774269,0,10,10,completed,2
23322,Rigid,1774259,1774259,1774263,0,4,4,completed,2
23323,Rigid,1774259,1774259,1774263,0,4,4,completed,2
23324,Rigid,1774259,1774261,1774268,2,7,9,completed,2
23325,Rigid,1774259,1774261,1774268,2,7,9,completed,2
23326,Rigid,1774259,1774261,1774276,2,15,17,completed,2
23327,Rigid,1774259,1774261,1774268,2,7,9,completed,2
23328,Rigid,1774259,1774261,1774268,2,7,9,completed,2
23329,Rigid,1774259,1774261,1774268,2,7,9,completed,2
23330,Rigid,1774259,1774261,1774268,2,7,9,completed,2
23331,Rigid,1774259,1774261,1774268,2,7,9,completed,2
23332,Rigid,1774259,1774261,1774268,2,7,9,completed,2
23333,Rigid,1774259,1774261,1774268,2,7,9,completed,2
23334,Rigid,1774259,1774261,1774268,2,7,9,completed,2
23335,Rigid,1774259,1774261,1774268,2,7,9,completed,2
23336,Rigid,1774260,1774261,1774268,1,7,8,completed,2
23337,Rigid,1774260,1774261,1774268,1,7,8,completed,2
23338,Rigid,1774260,1774261,1774268,1,7,8,completed,2
23339,Rigid,1774260,1774261,1774268,1,7,8,completed,2
23340,Rigid,1774260,1774261,1774268,1,7,8,completed,2
23341,Rigid,1774260,1774261,1774268,1,7,8,completed,2
23342,Rigid,1774260,1774261,1774268,1,7,8,completed,2
23343,Rigid,1774260,1774261,1774268,1,7,8,completed,2
23344,Rigid,1774260,1774261,1774268,1,7,8,completed,2
23345,Rigid,1774260,1774261,1774268,1,7,8,completed,2
23346,Rigid,1774260,1774261,1774268,1,7,8,completed,2
23347,Rigid,1774261,1774261,1774268,0,7,7,completed,2
23348,Rigid,1774261,1774261,1774268,0,7,7,completed,2
23349,Rigid,1774261,1774261,1774268,0,7,7,completed,2
23350,Rigid,1774261,1774261,1774268,0,7,7,completed,2
23351,Rigid,1774261,1774261,1774268,0,7,7,completed,2
23352,Rigid,1774261,1774261,1774268,0,7,7,completed,2
23353,Rigid,1774261,1774261,1774268,0,7,7,completed,2
23354,Rigid,1774261,1774261,1774268,0,7,7,completed,2
23355,Rigid,1774261,1774264,1774272,3,8,11,completed,2
23356,Rigid,1774261,1774264,1774272,3,8,11,completed,2
23357,Rigid,1774261,1774264,1774272,3,8,11,completed,2
23358,Rigid,1774261,1774264,1774272,3,8,11,completed,2
23359,Rigid,1774261,1774264,1774272,3,8,11,completed,2
23360,Rigid,1774261,1774264,1774272,3,8,11,completed,2
23361,Rigid,1774261,1774264,1774272,3,8,11,completed,2
23362,Rigid,1774261,1774264,1774272,3,8,11,completed,2
23363,Rigid,1774261,1774264,1774272,3,8,11,completed,2
23364,Rigid,1774261,1774264,1774272,3,8,11,completed,2
23365,Rigid,1774262,1774264,1774272,2,8,10,completed,2
23366,Rigid,1774262,1774264,1774272,2,8,10,completed,2
23367,Rigid,1774262,1774264,1774272,2,8,10,completed,2
23368,Rigid,1774262,1774264,1774272,2,8,10,completed,2
23369,Rigid,1774262,1774264,1774272,2,8,10,completed,2
23370,Rigid,1774262,1774264,1774272,2,8,10,completed,2
23371,Rigid,1774262,1774264,1774272,2,8,10,completed,2
23372,Rigid,1774262,1774264,1774272,2,8,10,completed,2
23373,Rigid,1774262,1774264,1774272,2,8,10,completed,2
23374,Rigid,1774262,1774264,1774272,2,8,10,completed,2
23375,Rigid,1774262,1774264,1774272,2,8,10,completed,2
23376,Rigid,1774262,1774264,1774272,2,8,10,completed,2
23377,Rigid,1774262,1774264,1774272,2,8,10,completed,2
23378,Rigid,1774262,1774264,1774272,2,8,10,completed,2
23379,Rigid,1774262,1774264,1774272,2,8,10,completed,2
23380,Rigid,1774262,1774264,1774272,2,8,10,completed,2
23381,Rigid,1774262,1774264,1774272,2,8,10,completed,2
23382,Rigid,1774262,1774264,1774272,2,8,10,completed,2
23383,Rigid,1774262,1774264,1774272,2,8,10,completed,2
23384,Rigid,1774262,1774264,1774272,2,8,10,completed,2
23385,Rigid,1774262,1774264,1774272,2,8,10,completed,2
23386,Rigid,1774262,1774264,1774272,2,8,10,completed,2
23387,Rigid,1774262,1774264,1774272,2,8,10,completed,2
23388,Rigid,1774262,1774264,1774272,2,8,10,completed,2
23389,Rigid,1774262,1774264,1774272,2,8,10,completed,2
23390,Rigid,1774262,1774264,1774284,2,20,22,completed,2
23391,Rigid,1774262,1774264,1774272,2,8,10,completed,2
23392,Rigid,1774262,1774264,1774272,2,8,10,completed,2
23393,Rigid,1774262,1774264,1774272,2,8,10,completed,2
23394,Rigid,1774262,1774264,1774272,2,8,10,completed,2
23395,Rigid,1774262,1774264,1774290,2,26,28,completed,2
23396,Rigid,1774262,1774264,1774272,2,8,10,completed,2
23397,Rigid,1774262,1774264,1774272,2,8,10,completed,2
23398,Rigid,1774263,1774264,1774272,1,8,9,completed,2
23399,Rigid,1774263,1774264,1774274,1,10,11,completed,2
23400,Rigid,1774263,1774264,1774279,1,15,16,completed,2
23401,Rigid,1774263,1774264,1774272,1,8,9,completed,2
23402,Rigid,1774263,1774264,1774272,1,8,9,completed,2
23403,Rigid,1774263,1774264,1774272,1,8,9,completed,2
23404,Rigid,1774263,1774264,1774281,1,17,18,completed,2
23405,Rigid,1774263,1774264,1774272,1,8,9,completed,2
23406,Rigid,1774263,1774264,1774272,1,8,9,completed,2
23407,Rigid,1774263,1774264,1774272,1,8,9,completed,2
23408,Rigid,1774263,1774264,1774282,1,18,19,completed,2
23409,Rigid,1774263,1774264,1774272,1,8,9,completed,2
23410,Rigid,1774263,1774264,1774272,1,8,9,completed,2
23411,Rigid,1774263,1774264,1774272,1,8,9,completed,2
23412,Rigid,1774263,1774264,1774278,1,14,15,completed,2
23413,Rigid,1774263,1774264,1774272,1,8,9,completed,2
23414,Rigid,1774263,1774264,1774272,1,8,9,completed,2
23415,Rigid,1774263,1774264,1774272,1,8,9,completed,2
23416,Rigid,1774263,1774264,1774278,1,14,15,completed,2
23417,Rigid,1774263,1774264,1774272,1,8,9,completed,2
23418,Rigid,1774263,1774264,1774272,1,8,9,completed,2
23419,Rigid,1774263,1774264,1774272,1,8,9,completed,2
23420,Rigid,1774263,1774264,1774276,1,12,13,completed,2
23421,Rigid,1774263,1774264,1774272,1,8,9,completed,2
23422,Rigid,1774263,1774264,1774272,1,8,9,completed,2
23423,Rigid,1774263,1774264,1774272,1,8,9,completed,2
23424,Rigid,1774263,1774264,1774288,1,24,25,completed,2
23425,Rigid,1774264,1774264,1774272,0,8,8,completed,2
23426,Rigid,1774264,1774264,1774272,0,8,8,completed,2
23427,Rigid,1774264,1774264,1774272,0,8,8,completed,2
23428,Rigid,1774264,1774264,1774287,0,23,23,completed,2
23429,Rigid,1774264,1774264,1774272,0,8,8,completed,2
23430,Rigid,1774264,1774264,1774272,0,8,8,completed,2
23431,Rigid,1774264,1774264,1774272,0,8,8,completed,2
23432,Rigid,1774264,1774264,1774283,0,19,19,completed,2
23433,Rigid,1774264,1774264,1774272,0,8,8,completed,2
23434,Rigid,1774264,1774264,1774272,0,8,8,completed,2
23435,Rigid,1774264,1774264,1774272,0,8,8,completed,2
23436,Rigid,1774264,1774264,1774286,0,22,22,completed,2
23437,Rigid,1774264,1774264,1774272,0,8,8,completed,2
23438,Rigid,1774264,1774264,1774272,0,8,8,completed,2
23439,Rigid,1774264,1774264,1774272,0,8,8,completed,2
23440,Rigid,1774264,1774264,1774287,0,23,23,completed,2
23441,Rigid,1774264,1774264,1774272,0,8,8,completed,2
23442,Rigid,1774264,1774264,1774272,0,8,8,completed,2
23443,Rigid,1774264,1774265,1774272,1,7,8,completed,2
23444,Rigid,1774317,1774317,1885135,0,110818,110818,completed,36
23445,Rigid,1775826,1775826,1777463,0,1637,1637,completed,36
23446,Rigid,1776051,1776051,1776391,0,340,340,completed,36
23447,Rigid,1776095,1776095,1776462,0,367,367,completed,36
23448,Rigid,1776318,1776319,1816661,1,40342,40343,completed,36
23449,Rigid,1778096,1778096,1778148,0,52,52,completed,2
23450,Rigid,1778377,1778378,1778423,1,45,46,completed,2
23451,Rigid,1779072,1779073,1779120,1,47,48,completed,2
23452,Rigid,1779433,1779433,1779451,0,18,18,completed,1
23453,Rigid,1779463,1779463,1779766,0,303,303,completed,1
23454,Rigid,1779823,1779823,1787052,0,7229,7229,completed,9
23455,Rigid,1781064,1781065,2040282,1,259217,259218,completed,1
23456,Rigid,1781064,1781065,2040282,1,259217,259218,completed,1
23457,Rigid,1781064,1781065,2040282,1,259217,259218,completed,1
23458,Rigid,1781064,1781065,2040282,1,259217,259218,completed,1
23459,Rigid,1781064,1781065,2040282,1,259217,259218,completed,1
23460,Rigid,1781064,1781065,2040282,1,259217,259218,completed,1
23461,Rigid,1781064,1781065,2040282,1,259217,259218,completed,1
23462,Rigid,1781064,1781065,2040282,1,259217,259218,completed,1
23463,Rigid,1781064,1781065,2040282,1,259217,259218,completed,1
23464,Rigid,1781064,1781065,2040282,1,259217,259218,completed,1
23465,Rigid,1781064,1781065,2040282,1,259217,259218,completed,1
23466,Rigid,1781064,1781065,2040282,1,259217,259218,completed,1
23467,Rigid,1781064,1781065,2040282,1,259217,259218,completed,1
23468,Rigid,1781064,1781065,2040282,1,259217,259218,completed,1
23469,Rigid,1781064,1781065,2040282,1,259217,259218,completed,1
23470,Rigid,1781064,1781065,2040282,1,259217,259218,completed,1
23471,Rigid,1781064,1781065,2040282,1,259217,259218,completed,1
23472,Rigid,1781064,1781065,2040282,1,259217,259218,completed,1
23473,Rigid,1781064,1781065,2040282,1,259217,259218,completed,1
23474,Rigid,1781064,1781065,2040282,1,259217,259218,completed,1
23475,Rigid,1781064,1781065,2040282,1,259217,259218,completed,1
23476,Rigid,1781064,1781066,2040282,2,259216,259218,completed,1
23477,Rigid,1781064,1781066,2040282,2,259216,259218,completed,1
23478,Rigid,1781064,1781066,2040282,2,259216,259218,completed,1
23479,Rigid,1781064,1781066,2040282,2,259216,259218,completed,1
23480,Rigid,1781073,1781074,1782110,1,1036,1037,completed,36
23481,Rigid,1781074,1781074,2040282,0,259208,259208,completed,1
23482,Rigid,1781074,1781074,2040282,0,259208,259208,completed,1
23483,Rigid,1781074,1781074,2040282,0,259208,259208,completed,1
23484,Rigid,1781074,1781074,2040282,0,259208,259208,completed,1
23485,Rigid,1781074,1781074,2040282,0,259208,259208,completed,1
23486,Rigid,1781074,1781074,2040282,0,259208,259208,completed,1
23487,Rigid,1781074,1781074,2040282,0,259208,259208,completed,1
23488,Rigid,1781074,1781074,2040282,0,259208,259208,completed,1
23489,Rigid,1781074,1781074,2040282,0,259208,259208,completed,1
23490,Rigid,1781074,1781074,2040282,0,259208,259208,completed,1
23491,Rigid,1781074,1781074,2040282,0,259208,259208,completed,1
23492,Rigid,1781074,1781074,2040282,0,259208,259208,completed,1
23493,Rigid,1781074,1781074,2040282,0,259208,259208,completed,1
23494,Rigid,1781074,1781074,2040282,0,259208,259208,completed,1
23495,Rigid,1781074,1781074,2040282,0,259208,259208,completed,1
23496,Rigid,1781074,1781074,2040282,0,259208,259208,completed,1
23497,Rigid,1781074,1781074,2040282,0,259208,259208,completed,1
23498,Rigid,1781074,1781074,2040282,0,259208,259208,completed,1
23499,Rigid,1781074,1781074,2040282,0,259208,259208,completed,1
23500,Rigid,1781074,1781074,2040282,0,259208,259208,completed,1
23501,Rigid,1781074,1781074,2040282,0,259208,259208,completed,1
23502,Rigid,1781074,1781074,2040282,0,259208,259208,completed,1
23503,Rigid,1781074,1781074,2040282,0,259208,259208,completed,1
23504,Rigid,1781074,1781074,2040282,0,259208,259208,completed,1
23505,Rigid,1781074,1781074,2040282,0,259208,259208,completed,1
23506,Rigid,1781080,1781081,2040282,1,259201,259202,completed,1
23507,Rigid,1781080,1781081,1781096,1,15,16,completed,1
23508,Rigid,1781080,1781081,2040282,1,259201,259202,completed,1
23509,Rigid,1781080,1781081,2040282,1,259201,259202,completed,1
23510,Rigid,1781080,1781081,2040282,1,259201,259202,completed,1
23511,Rigid,1781080,1781081,2040282,1,259201,259202,completed,1
23512,Rigid,1781080,1781081,2040282,1,259201,259202,completed,1
23513,Rigid,1781080,1781081,2040282,1,259201,259202,completed,1
23514,Rigid,1781080,1781081,2040282,1,259201,259202,completed,1
23515,Rigid,1781080,1781081,2040282,1,259201,259202,completed,1
23516,Rigid,1781080,1781081,2040282,1,259201,259202,completed,1
23517,Rigid,1781080,1781081,2040282,1,259201,259202,completed,1
23518,Rigid,1781080,1781081,1781096,1,15,16,completed,1
23519,Rigid,1781080,1781081,2040282,1,259201,259202,completed,1
23520,Rigid,1781080,1781081,2040282,1,259201,259202,completed,1
23521,Rigid,1781080,1781081,2040282,1,259201,259202,completed,1
23522,Rigid,1781080,1781081,1781095,1,14,15,completed,1
23523,Rigid,1781080,1781081,2040282,1,259201,259202,completed,1
23524,Rigid,1781080,1781081,2040282,1,259201,259202,completed,1
23525,Rigid,1781080,1781081,2040282,1,259201,259202,completed,1
23526,Rigid,1781080,1781081,2040282,1,259201,259202,completed,1
23527,Rigid,1781080,1781081,1781096,1,15,16,completed,1
23528,Rigid,1781080,1781081,1781095,1,14,15,completed,1
23529,Rigid,1781080,1781081,2040282,1,259201,259202,completed,1
23530,Rigid,1781080,1781081,2040282,1,259201,259202,completed,1
23531,Rigid,1781089,1781089,2040312,0,259223,259223,completed,1
23532,Rigid,1781089,1781089,2040312,0,259223,259223,completed,1
23533,Rigid,1781089,1781089,2040312,0,259223,259223,completed,1
23534,Rigid,1781089,1781089,2040312,0,259223,259223,completed,1
23535,Rigid,1781089,1781089,2040312,0,259223,259223,completed,1
23536,Rigid,1781089,1781089,2040312,0,259223,259223,completed,1
23537,Rigid,1781089,1781089,2040312,0,259223,259223,completed,1
23538,Rigid,1781089,1781089,2040312,0,259223,259223,completed,1
23539,Rigid,1781089,1781089,2040312,0,259223,259223,completed,1
23540,Rigid,1781089,1781089,2040312,0,259223,259223,completed,1
23541,Rigid,1781089,1781089,2040312,0,259223,259223,completed,1
23542,Rigid,1781089,1781089,2040312,0,259223,259223,completed,1
23543,Rigid,1781089,1781089,2040312,0,259223,259223,completed,1
23544,Rigid,1781089,1781089,2040312,0,259223,259223,completed,1
23545,Rigid,1781089,1781089,2040312,0,259223,259223,completed,1
23546,Rigid,1781089,1781089,2040312,0,259223,259223,completed,1
23547,Rigid,1781089,1781089,2040312,0,259223,259223,completed,1
23548,Rigid,1781089,1781089,2040312,0,259223,259223,completed,1
23549,Rigid,1781089,1781089,2040312,0,259223,259223,completed,1
23550,Rigid,1781089,1781089,2040312,0,259223,259223,completed,1
23551,Rigid,1781089,1781089,2040312,0,259223,259223,completed,1
23552,Rigid,1781089,1781089,2040312,0,259223,259223,completed,1
23553,Rigid,1781089,1781089,2040312,0,259223,259223,completed,1
23554,Rigid,1781089,1781089,2040312,0,259223,259223,completed,1
23555,Rigid,1781089,1781089,2040312,0,259223,259223,completed,1
23556,Rigid,1781114,1781114,2040342,0,259228,259228,completed,1
23557,Rigid,1781114,1781114,2040342,0,259228,259228,completed,1
23558,Rigid,1781114,1781114,2040342,0,259228,259228,completed,1
23559,Rigid,1781114,1781114,2040342,0,259228,259228,completed,1
23560,Rigid,1781114,1781114,2040342,0,259228,259228,completed,1
23561,Rigid,1781114,1781114,2040342,0,259228,259228,completed,1
23562,Rigid,1781114,1781114,2040342,0,259228,259228,completed,1
23563,Rigid,1781114,1781114,2040342,0,259228,259228,completed,1
23564,Rigid,1781114,1781114,2040342,0,259228,259228,completed,1
23565,Rigid,1781114,1781114,2040342,0,259228,259228,completed,1
23566,Rigid,1781114,1781114,2040342,0,259228,259228,completed,1
23567,Rigid,1781114,1781114,2040342,0,259228,259228,completed,1
23568,Rigid,1781114,1781114,2040342,0,259228,259228,completed,1
23569,Rigid,1781114,1781114,2040342,0,259228,259228,completed,1
23570,Rigid,1781114,1781114,2040342,0,259228,259228,completed,1
23571,Rigid,1781114,1781114,2040342,0,259228,259228,completed,1
23572,Rigid,1781114,1781114,2040342,0,259228,259228,completed,1
23573,Rigid,1781114,1781114,2040342,0,259228,259228,completed,1
23574,Rigid,1781114,1781114,2040342,0,259228,259228,completed,1
23575,Rigid,1781114,1781114,2040342,0,259228,259228,completed,1
23576,Rigid,1781114,1781114,2040342,0,259228,259228,completed,1
23577,Rigid,1781114,1781114,2040342,0,259228,259228,completed,1
23578,Rigid,1781114,1781114,2040342,0,259228,259228,completed,1
23579,Rigid,1781114,1781114,2040342,0,259228,259228,completed,1
23580,Rigid,1781114,1781114,2040342,0,259228,259228,completed,1
23581,Rigid,1781114,1781114,2040342,0,259228,259228,completed,1
23582,Rigid,1781114,1781114,2040342,0,259228,259228,completed,1
23583,Rigid,1781114,1781114,2040342,0,259228,259228,completed,1
23584,Rigid,1781114,1781114,2040342,0,259228,259228,completed,1
23585,Rigid,1781114,1781114,2040342,0,259228,259228,completed,1
23586,Rigid,1781114,1781114,2040342,0,259228,259228,completed,1
23587,Rigid,1781114,1781114,2040342,0,259228,259228,completed,1
23588,Rigid,1781114,1781114,2040342,0,259228,259228,completed,1
23589,Rigid,1781114,1781114,2040342,0,259228,259228,completed,1
23590,Rigid,1781114,1781114,2040342,0,259228,259228,completed,1
23591,Rigid,1781114,1781114,2040342,0,259228,259228,completed,1
23592,Rigid,1781114,1781114,2040342,0,259228,259228,completed,1
23593,Rigid,1781114,1781114,2040342,0,259228,259228,completed,1
23594,Rigid,1781114,1781114,2040342,0,259228,259228,completed,1
23595,Rigid,1781114,1781114,2040342,0,259228,259228,completed,1
23596,Rigid,1781114,1781114,2040342,0,259228,259228,completed,1
23597,Rigid,1781114,1781114,2040342,0,259228,259228,completed,1
23598,Rigid,1781114,1781114,2040342,0,259228,259228,completed,1
23599,Rigid,1781114,1781114,2040342,0,259228,259228,completed,1
23600,Rigid,1781114,1781114,2040342,0,259228,259228,completed,1
23601,Rigid,1781114,1781114,2040342,0,259228,259228,completed,1
23602,Rigid,1781114,1781114,2040342,0,259228,259228,completed,1
23603,Rigid,1781114,1781114,2040342,0,259228,259228,completed,1
23604,Rigid,1781114,1781114,2040342,0,259228,259228,completed,1
23605,Rigid,1781114,1781114,2040342,0,259228,259228,completed,1
23606,Rigid,1781114,1781114,2040342,0,259228,259228,completed,1
23607,Rigid,1781114,1781114,2040342,0,259228,259228,completed,1
23608,Rigid,1781114,1781114,2040342,0,259228,259228,completed,1
23609,Rigid,1781114,1781114,2040342,0,259228,259228,completed,1
23610,Rigid,1781114,1781114,2040342,0,259228,259228,completed,1
23611,Rigid,1781114,1781114,2040342,0,259228,259228,completed,1
23612,Rigid,1781114,1781114,2040342,0,259228,259228,completed,1
23613,Rigid,1781114,1781115,2040342,1,259227,259228,completed,1
23614,Rigid,1781114,1781115,2040342,1,259227,259228,completed,1
23615,Rigid,1781114,1781115,2040342,1,259227,259228,completed,1
23616,Rigid,1781114,1781115,2040342,1,259227,259228,completed,1
23617,Rigid,1781114,1781115,2040342,1,259227,259228,completed,1
23618,Rigid,1781114,1781115,2040342,1,259227,259228,completed,1
23619,Rigid,1781114,1781115,2040342,1,259227,259228,completed,1
23620,Rigid,1781114,1781115,2040342,1,259227,259228,completed,1
23621,Rigid,1781114,1781115,2040342,1,259227,259228,completed,1
23622,Rigid,1781114,1781115,2040342,1,259227,259228,completed,1
23623,Rigid,1781114,1781115,2040342,1,259227,259228,completed,1
23624,Rigid,1781114,1781115,2040342,1,259227,259228,completed,1
23625,Rigid,1781114,1781115,2040342,1,259227,259228,completed,1
23626,Rigid,1781114,1781115,2040342,1,259227,259228,completed,1
23627,Rigid,1781114,1781115,2040342,1,259227,259228,completed,1
23628,Rigid,1781114,1781115,2040342,1,259227,259228,completed,1
23629,Rigid,1781114,1781115,2040342,1,259227,259228,completed,1
23630,Rigid,1781114,1781115,2040342,1,259227,259228,completed,1
23631,Rigid,1781114,1781115,2040342,1,259227,259228,completed,1
23632,Rigid,1781114,1781115,2040342,1,259227,259228,completed,1
23633,Rigid,1781114,1781115,2040342,1,259227,259228,completed,1
23634,Rigid,1781114,1781115,2040342,1,259227,259228,completed,1
23635,Rigid,1781114,1781115,2040342,1,259227,259228,completed,1
23636,Rigid,1781121,1781121,2040342,0,259221,259221,completed,1
23637,Rigid,1781121,1781121,2040342,0,259221,259221,completed,1
23638,Rigid,1781121,1781121,2040342,0,259221,259221,completed,1
23639,Rigid,1781121,1781121,2040342,0,259221,259221,completed,1
23640,Rigid,1781121,1781121,1781148,0,27,27,completed,1
23641,Rigid,1781121,1781121,1781148,0,27,27,completed,1
23642,Rigid,1781121,1781121,1781148,0,27,27,completed,1
23643,Rigid,1781121,1781121,2040342,0,259221,259221,completed,1
23644,Rigid,1781121,1781121,2040342,0,259221,259221,completed,1
23645,Rigid,1781121,1781121,1781148,0,27,27,completed,1
23646,Rigid,1781121,1781121,2040342,0,259221,259221,completed,1
23647,Rigid,1781121,1781121,2040342,0,259221,259221,completed,1
23648,Rigid,1781121,1781121,2040342,0,259221,259221,completed,1
23649,Rigid,1781121,1781121,1781148,0,27,27,completed,1
23650,Rigid,1781121,1781121,1781148,0,27,27,completed,1
23651,Rigid,1781121,1781121,1781148,0,27,27,completed,1
23652,Rigid,1781121,1781121,1781148,0,27,27,completed,1
23653,Rigid,1781121,1781121,1781148,0,27,27,completed,1
23654,Rigid,1781121,1781121,1781148,0,27,27,completed,1
23655,Rigid,1781121,1781121,1781148,0,27,27,completed,1
23656,Rigid,1781121,1781121,1781148,0,27,27,completed,1
23657,Rigid,1781121,1781121,1781148,0,27,27,completed,1
23658,Rigid,1781121,1781121,1781148,0,27,27,completed,1
23659,Rigid,1781121,1781121,1781148,0,27,27,completed,1
23660,Rigid,1781121,1781121,1781148,0,27,27,completed,1
23661,Rigid,1781121,1781121,2040342,0,259221,259221,completed,1
23662,Rigid,1781121,1781121,1781148,0,27,27,completed,1
23663,Rigid,1781121,1781121,1781148,0,27,27,completed,1
23664,Rigid,1781121,1781121,1781148,0,27,27,completed,1
23665,Rigid,1781121,1781121,1781148,0,27,27,completed,1
23666,Rigid,1781121,1781121,2040342,0,259221,259221,completed,1
23667,Rigid,1781121,1781121,1781148,0,27,27,completed,1
23668,Rigid,1781121,1781121,2040342,0,259221,259221,completed,1
23669,Rigid,1781121,1781121,1781148,0,27,27,completed,1
23670,Rigid,1781121,1781121,2040342,0,259221,259221,completed,1
23671,Rigid,1781121,1781121,2040342,0,259221,259221,completed,1
23672,Rigid,1781121,1781121,2040342,0,259221,259221,completed,1
23673,Rigid,1781121,1781121,2040342,0,259221,259221,completed,1
23674,Rigid,1781121,1781121,2040342,0,259221,259221,completed,1
23675,Rigid,1781121,1781121,2040342,0,259221,259221,completed,1
23676,Rigid,1781121,1781121,2040342,0,259221,259221,completed,1
23677,Rigid,1781121,1781121,2040342,0,259221,259221,completed,1
23678,Rigid,1781121,1781121,2040342,0,259221,259221,completed,1
23679,Rigid,1781121,1781121,2040342,0,259221,259221,completed,1
23680,Rigid,1781121,1781121,2040342,0,259221,259221,completed,1
23681,Rigid,1781121,1781121,2040342,0,259221,259221,completed,1
23682,Rigid,1781121,1781121,2040342,0,259221,259221,completed,1
23683,Rigid,1781121,1781121,2040342,0,259221,259221,completed,1
23684,Rigid,1781121,1781121,2040342,0,259221,259221,completed,1
23685,Rigid,1781121,1781121,2040342,0,259221,259221,completed,1
23686,Rigid,1781126,1781126,2040342,0,259216,259216,completed,1
23687,Rigid,1781126,1781126,2040342,0,259216,259216,completed,1
23688,Rigid,1781126,1781126,2040342,0,259216,259216,completed,1
23689,Rigid,1781126,1781126,2040342,0,259216,259216,completed,1
23690,Rigid,1781126,1781126,2040342,0,259216,259216,completed,1
23691,Rigid,1781126,1781126,2040342,0,259216,259216,completed,1
23692,Rigid,1781126,1781126,2040342,0,259216,259216,completed,1
23693,Rigid,1781126,1781126,2040342,0,259216,259216,completed,1
23694,Rigid,1781126,1781126,2040342,0,259216,259216,completed,1
23695,Rigid,1781126,1781126,2040342,0,259216,259216,completed,1
23696,Rigid,1781126,1781126,2040342,0,259216,259216,completed,1
23697,Rigid,1781126,1781126,2040342,0,259216,259216,completed,1
23698,Rigid,1781126,1781126,2040342,0,259216,259216,completed,1
23699,Rigid,1781126,1781126,2040342,0,259216,259216,completed,1
23700,Rigid,1781126,1781126,2040342,0,259216,259216,completed,1
23701,Rigid,1781126,1781126,2040342,0,259216,259216,completed,1
23702,Rigid,1781126,1781126,2040342,0,259216,259216,completed,1
23703,Rigid,1781126,1781126,2040342,0,259216,259216,completed,1
23704,Rigid,1781126,1781126,2040342,0,259216,259216,completed,1
23705,Rigid,1781126,1781126,2040342,0,259216,259216,completed,1
23706,Rigid,1781126,1781126,2040342,0,259216,259216,completed,1
23707,Rigid,1781126,1781126,2040342,0,259216,259216,completed,1
23708,Rigid,1781126,1781126,2040342,0,259216,259216,completed,1
23709,Rigid,1781126,1781126,2040342,0,259216,259216,completed,1
23710,Rigid,1781126,1781127,2040342,1,259215,259216,completed,1
23711,Rigid,1781126,1781127,2040342,1,259215,259216,completed,1
23712,Rigid,1781126,1781127,2040342,1,259215,259216,completed,1
23713,Rigid,1781126,1781127,2040342,1,259215,259216,completed,1
23714,Rigid,1781126,1781127,2040342,1,259215,259216,completed,1
23715,Rigid,1781126,1781127,2040342,1,259215,259216,completed,1
23716,Rigid,1781126,1781127,2040342,1,259215,259216,completed,1
23717,Rigid,1781126,1781127,2040342,1,259215,259216,completed,1
23718,Rigid,1781126,1781127,2040342,1,259215,259216,completed,1
23719,Rigid,1781126,1781127,2040342,1,259215,259216,completed,1
23720,Rigid,1781126,1781127,2040342,1,259215,259216,completed,1
23721,Rigid,1781126,1781127,2040342,1,259215,259216,completed,1
23722,Rigid,1781126,1781127,2040342,1,259215,259216,completed,1
23723,Rigid,1781126,1781127,2040342,1,259215,259216,completed,1
23724,Rigid,1781126,1781127,2040342,1,259215,259216,completed,1
23725,Rigid,1781126,1781127,2040342,1,259215,259216,completed,1
23726,Rigid,1781126,1781127,2040342,1,259215,259216,completed,1
23727,Rigid,1781126,1781127,2040342,1,259215,259216,completed,1
23728,Rigid,1781126,1781127,2040342,1,259215,259216,completed,1
23729,Rigid,1781126,1781127,2040342,1,259215,259216,completed,1
23730,Rigid,1781126,1781127,2040342,1,259215,259216,completed,1
23731,Rigid,1781126,1781127,2040342,1,259215,259216,completed,1
23732,Rigid,1781126,1781127,2040342,1,259215,259216,completed,1
23733,Rigid,1781126,1781127,2040342,1,259215,259216,completed,1
23734,Rigid,1781126,1781127,2040342,1,259215,259216,completed,1
23735,Rigid,1781126,1781127,2040342,1,259215,259216,completed,1
23736,Rigid,1781130,1781130,2040342,0,259212,259212,completed,1
23737,Rigid,1781130,1781130,2040342,0,259212,259212,completed,1
23738,Rigid,1781130,1781130,2040342,0,259212,259212,completed,1
23739,Rigid,1781130,1781130,2040342,0,259212,259212,completed,1
23740,Rigid,1781130,1781130,2040342,0,259212,259212,completed,1
23741,Rigid,1781130,1781130,2040342,0,259212,259212,completed,1
23742,Rigid,1781130,1781130,2040342,0,259212,259212,completed,1
23743,Rigid,1781130,1781130,2040342,0,259212,259212,completed,1
23744,Rigid,1781130,1781130,1781153,0,23,23,completed,1
23745,Rigid,1781130,1781130,1781153,0,23,23,completed,1
23746,Rigid,1781130,1781130,2040342,0,259212,259212,completed,1
23747,Rigid,1781130,1781130,2040342,0,259212,259212,completed,1
23748,Rigid,1781130,1781130,2040342,0,259212,259212,completed,1
23749,Rigid,1781130,1781130,1781153,0,23,23,completed,1
23750,Rigid,1781130,1781130,2040342,0,259212,259212,completed,1
23751,Rigid,1781130,1781130,2040342,0,259212,259212,completed,1
23752,Rigid,1781130,1781130,1781153,0,23,23,completed,1
23753,Rigid,1781130,1781130,2040342,0,259212,259212,completed,1
23754,Rigid,1781130,1781130,1781153,0,23,23,completed,1
23755,Rigid,1781130,1781130,2040342,0,259212,259212,completed,1
23756,Rigid,1781130,1781130,2040342,0,259212,259212,completed,1
23757,Rigid,1781130,1781130,2040342,0,259212,259212,completed,1
23758,Rigid,1781130,1781130,2040342,0,259212,259212,completed,1
23759,Rigid,1781130,1781130,1781158,0,28,28,completed,1
23760,Rigid,1781130,1781130,1781158,0,28,28,completed,1
23761,Rigid,1781130,1781130,1781158,0,28,28,completed,1
23762,Rigid,1781130,1781130,1781158,0,28,28,completed,1
23763,Rigid,1781130,1781130,1781158,0,28,28,completed,1
23764,Rigid,1781130,1781130,2040342,0,259212,259212,completed,1
23765,Rigid,1781130,1781130,1781158,0,28,28,completed,1
23766,Rigid,1781130,1781130,1781158,0,28,28,completed,1
23767,Rigid,1781130,1781130,1781158,0,28,28,completed,1
23768,Rigid,1781130,1781131,1781158,1,27,28,completed,1
23769,Rigid,1781130,1781131,1781158,1,27,28,completed,1
23770,Rigid,1781130,1781131,2040342,1,259211,259212,completed,1
23771,Rigid,1781130,1781131,2040342,1,259211,259212,completed,1
23772,Rigid,1781130,1781131,2040342,1,259211,259212,completed,1
23773,Rigid,1781130,1781131,2040342,1,259211,259212,completed,1
23774,Rigid,1781130,1781131,2040342,1,259211,259212,completed,1
23775,Rigid,1781130,1781131,2040342,1,259211,259212,completed,1
23776,Rigid,1781130,1781131,2040342,1,259211,259212,completed,1
23777,Rigid,1781130,1781131,1781158,1,27,28,completed,1
23778,Rigid,1781130,1781131,2040342,1,259211,259212,completed,1
23779,Rigid,1781130,1781131,2040342,1,259211,259212,completed,1
23780,Rigid,1781130,1781131,2040342,1,259211,259212,completed,1
23781,Rigid,1781130,1781131,2040342,1,259211,259212,completed,1
23782,Rigid,1781130,1781131,1781158,1,27,28,completed,1
23783,Rigid,1781130,1781131,2040342,1,259211,259212,completed,1
23784,Rigid,1781130,1781131,2040342,1,259211,259212,completed,1
23785,Rigid,1781130,1781131,1781158,1,27,28,completed,1
23786,Rigid,1781134,1781134,2040342,0,259208,259208,completed,1
23787,Rigid,1781134,1781134,2040342,0,259208,259208,completed,1
23788,Rigid,1781134,1781134,1781158,0,24,24,completed,1
23789,Rigid,1781134,1781134,1781158,0,24,24,completed,1
23790,Rigid,1781134,1781134,2040342,0,259208,259208,completed,1
23791,Rigid,1781134,1781134,1781158,0,24,24,completed,1
23792,Rigid,1781134,1781134,1781158,0,24,24,completed,1
23793,Rigid,1781134,1781134,2040342,0,259208,259208,completed,1
23794,Rigid,1781134,1781134,2040342,0,259208,259208,completed,1
23795,Rigid,1781134,1781134,2040342,0,259208,259208,completed,1
23796,Rigid,1781134,1781135,2040342,1,259207,259208,completed,1
23797,Rigid,1781134,1781135,2040342,1,259207,259208,completed,1
23798,Rigid,1781134,1781135,2040342,1,259207,259208,completed,1
23799,Rigid,1781134,1781135,2040342,1,259207,259208,completed,1
23800,Rigid,1781134,1781135,2040342,1,259207,259208,completed,1
23801,Rigid,1781134,1781135,2040342,1,259207,259208,completed,1
23802,Rigid,1781134,1781135,2040342,1,259207,259208,completed,1
23803,Rigid,1781134,1781135,2040342,1,259207,259208,completed,1
23804,Rigid,1781134,1781135,1781161,1,26,27,completed,1
23805,Rigid,1781134,1781135,2040342,1,259207,259208,completed,1
23806,Rigid,1781134,1781135,2040342,1,259207,259208,completed,1
23807,Rigid,1781134,1781135,2040342,1,259207,259208,completed,1
23808,Rigid,1781134,1781135,2040342,1,259207,259208,completed,1
23809,Rigid,1781134,1781135,2040342,1,259207,259208,completed,1
23810,Rigid,1781134,1781135,2040342,1,259207,259208,completed,1
23811,Rigid,1781134,1781135,2040342,1,259207,259208,completed,1
23812,Rigid,1781134,1781135,2040342,1,259207,259208,completed,1
23813,Rigid,1781134,1781135,2040342,1,259207,259208,completed,1
23814,Rigid,1781134,1781135,2040342,1,259207,259208,completed,1
23815,Rigid,1781134,1781135,2040342,1,259207,259208,completed,1
23816,Rigid,1781134,1781135,2040342,1,259207,259208,completed,1
23817,Rigid,1781134,1781135,2040342,1,259207,259208,completed,1
23818,Rigid,1781134,1781135,2040342,1,259207,259208,completed,1
23819,Rigid,1781134,1781135,2040342,1,259207,259208,completed,1
23820,Rigid,1781134,1781135,2040342,1,259207,259208,completed,1
23821,Rigid,1781134,1781135,2040342,1,259207,259208,completed,1
23822,Rigid,1781134,1781135,2040342,1,259207,259208,completed,1
23823,Rigid,1781134,1781135,2040342,1,259207,259208,completed,1
23824,Rigid,1781134,1781135,2040342,1,259207,259208,completed,1
23825,Rigid,1781134,1781135,2040342,1,259207,259208,completed,1
23826,Rigid,1781134,1781135,2040342,1,259207,259208,completed,1
23827,Rigid,1781134,1781135,2040342,1,259207,259208,completed,1
23828,Rigid,1781134,1781135,2040342,1,259207,259208,completed,1
23829,Rigid,1781134,1781135,2040342,1,259207,259208,completed,1
23830,Rigid,1781134,1781135,2040342,1,259207,259208,completed,1
23831,Rigid,1781134,1781135,2040342,1,259207,259208,completed,1
23832,Rigid,1781134,1781135,2040342,1,259207,259208,completed,1
23833,Rigid,1781134,1781135,2040342,1,259207,259208,completed,1
23834,Rigid,1781134,1781135,2040342,1,259207,259208,completed,1
23835,Rigid,1781134,1781135,2040342,1,259207,259208,completed,1
23836,Rigid,1781430,1781430,2040642,0,259212,259212,completed,1
23837,Rigid,1781430,1781430,2040642,0,259212,259212,completed,1
23838,Rigid,1781430,1781430,2040642,0,259212,259212,completed,1
23839,Rigid,1781430,1781430,2040642,0,259212,259212,completed,1
23840,Rigid,1781430,1781430,2040642,0,259212,259212,completed,1
23841,Rigid,1781430,1781430,2040642,0,259212,259212,completed,1
23842,Rigid,1781430,1781431,2040642,1,259211,259212,completed,1
23843,Rigid,1781430,1781431,2040642,1,259211,259212,completed,1
23844,Rigid,1781430,1781431,2040642,1,259211,259212,completed,1
23845,Rigid,1781430,1781431,2040642,1,259211,259212,completed,1
23846,Rigid,1781430,1781431,2040642,1,259211,259212,completed,1
23847,Rigid,1781430,1781431,2040642,1,259211,259212,completed,1
23848,Rigid,1781430,1781431,2040642,1,259211,259212,completed,1
23849,Rigid,1781430,1781431,2040642,1,259211,259212,completed,1
23850,Rigid,1781430,1781431,2040642,1,259211,259212,completed,1
23851,Rigid,1781430,1781431,2040642,1,259211,259212,completed,1
23852,Rigid,1781430,1781431,2040642,1,259211,259212,completed,1
23853,Rigid,1781430,1781431,2040642,1,259211,259212,completed,1
23854,Rigid,1781430,1781431,2040642,1,259211,259212,completed,1
23855,Rigid,1781430,1781431,2040642,1,259211,259212,completed,1
23856,Rigid,1781430,1781431,2040642,1,259211,259212,completed,1
23857,Rigid,1781430,1781431,2040642,1,259211,259212,completed,1
23858,Rigid,1781430,1781431,2040642,1,259211,259212,completed,1
23859,Rigid,1781430,1781431,2040642,1,259211,259212,completed,1
23860,Rigid,1781430,1781431,2040642,1,259211,259212,completed,1
23861,Rigid,1781548,1781549,2040762,1,259213,259214,completed,1
23862,Rigid,1781548,1781549,2040762,1,259213,259214,completed,1
23863,Rigid,1781548,1781549,2040762,1,259213,259214,completed,1
23864,Rigid,1781548,1781549,2040762,1,259213,259214,completed,1
23865,Rigid,1781548,1781549,2040762,1,259213,259214,completed,1
23866,Rigid,1781548,1781549,2040762,1,259213,259214,completed,1
23867,Rigid,1781548,1781549,2040762,1,259213,259214,completed,1
23868,Rigid,1781548,1781549,2040762,1,259213,259214,completed,1
23869,Rigid,1781548,1781549,2040762,1,259213,259214,completed,1
23870,Rigid,1781548,1781549,2040762,1,259213,259214,completed,1
23871,Rigid,1781548,1781549,2040762,1,259213,259214,completed,1
23872,Rigid,1781548,1781549,2040762,1,259213,259214,completed,1
23873,Rigid,1781548,1781549,2040762,1,259213,259214,completed,1
23874,Rigid,1781548,1781549,2040762,1,259213,259214,completed,1
23875,Rigid,1781548,1781549,2040762,1,259213,259214,completed,1
23876,Rigid,1781548,1781549,2040762,1,259213,259214,completed,1
23877,Rigid,1781548,1781549,2040762,1,259213,259214,completed,1
23878,Rigid,1781548,1781549,2040762,1,259213,259214,completed,1
23879,Rigid,1781548,1781549,2040762,1,259213,259214,completed,1
23880,Rigid,1781548,1781549,2040762,1,259213,259214,completed,1
23881,Rigid,1781548,1781549,2040762,1,259213,259214,completed,1
23882,Rigid,1781548,1781549,2040762,1,259213,259214,completed,1
23883,Rigid,1781548,1781549,2040762,1,259213,259214,completed,1
23884,Rigid,1781548,1781549,2040762,1,259213,259214,completed,1
23885,Rigid,1781548,1781549,2040762,1,259213,259214,completed,1
23886,Rigid,1781554,1781555,2040762,1,259207,259208,completed,1
23887,Rigid,1781554,1781555,2040762,1,259207,259208,completed,1
23888,Rigid,1781554,1781555,2040762,1,259207,259208,completed,1
23889,Rigid,1781554,1781555,2040762,1,259207,259208,completed,1
23890,Rigid,1781554,1781555,2040762,1,259207,259208,completed,1
23891,Rigid,1781554,1781555,2040762,1,259207,259208,completed,1
23892,Rigid,1781554,1781555,2040762,1,259207,259208,completed,1
23893,Rigid,1781554,1781555,2040762,1,259207,259208,completed,1
23894,Rigid,1781554,1781555,2040762,1,259207,259208,completed,1
23895,Rigid,1781554,1781555,2040762,1,259207,259208,completed,1
23896,Rigid,1781554,1781555,2040762,1,259207,259208,completed,1
23897,Rigid,1781554,1781555,2040762,1,259207,259208,completed,1
23898,Rigid,1781554,1781555,2040762,1,259207,259208,completed,1
23899,Rigid,1781554,1781555,2040762,1,259207,259208,completed,1
23900,Rigid,1781554,1781555,2040762,1,259207,259208,completed,1
23901,Rigid,1781554,1781555,2040762,1,259207,259208,completed,1
23902,Rigid,1781554,1781555,2040762,1,259207,259208,completed,1
23903,Rigid,1781554,1781555,2040762,1,259207,259208,completed,1
23904,Rigid,1781554,1781555,2040762,1,259207,259208,completed,1
23905,Rigid,1781554,1781555,2040762,1,259207,259208,completed,1
23906,Rigid,1781554,1781555,2040762,1,259207,259208,completed,1
23907,Rigid,1781554,1781555,2040762,1,259207,259208,completed,1
23908,Rigid,1781554,1781555,2040762,1,259207,259208,completed,1
23909,Rigid,1781554,1781555,2040762,1,259207,259208,completed,1
23910,Rigid,1781554,1781555,2040762,1,259207,259208,completed,1
23911,Rigid,1781561,1781566,2040792,5,259226,259231,completed,1
23912,Rigid,1781561,1781566,2040792,5,259226,259231,completed,1
23913,Rigid,1781561,1781566,2040792,5,259226,259231,completed,1
23914,Rigid,1781561,1781566,2040792,5,259226,259231,completed,1
23915,Rigid,1781561,1781566,2040792,5,259226,259231,completed,1
23916,Rigid,1781561,1781566,2040792,5,259226,259231,completed,1
23917,Rigid,1781561,1781566,2040792,5,259226,259231,completed,1
23918,Rigid,1781561,1781566,2040792,5,259226,259231,completed,1
23919,Rigid,1781561,1781566,2040792,5,259226,259231,completed,1
23920,Rigid,1781561,1781566,2040792,5,259226,259231,completed,1
23921,Rigid,1781561,1781566,2040792,5,259226,259231,completed,1
23922,Rigid,1781561,1781566,2040792,5,259226,259231,completed,1
23923,Rigid,1781561,1781566,2040792,5,259226,259231,completed,1
23924,Rigid,1781561,1781566,2040792,5,259226,259231,completed,1
23925,Rigid,1781561,1781566,2040792,5,259226,259231,completed,1
23926,Rigid,1781561,1781566,2040792,5,259226,259231,completed,1
23927,Rigid,1781561,1781566,2040792,5,259226,259231,completed,1
23928,Rigid,1781561,1781566,2040792,5,259226,259231,completed,1
23929,Rigid,1781561,1781566,2040792,5,259226,259231,completed,1
23930,Rigid,1781561,1781566,2040792,5,259226,259231,completed,1
23931,Rigid,1781561,1781566,2040792,5,259226,259231,completed,1
23932,Rigid,1781561,1781566,2040792,5,259226,259231,completed,1
23933,Rigid,1781561,1781566,2040792,5,259226,259231,completed,1
23934,Rigid,1781561,1781566,2040792,5,259226,259231,completed,1
23935,Rigid,1781561,1781566,2040792,5,259226,259231,completed,1
23936,Rigid,1782340,1782340,1783340,0,1000,1000,completed,36
23937,Rigid,1782483,1782485,1782505,2,20,22,completed,1
23938,Rigid,1782523,1782523,1782857,0,334,334,completed,1
23939,Rigid,1782893,1782893,1791250,0,8357,8357,completed,9
23940,Rigid,1783399,1783400,1784433,1,1033,1034,completed,36
23941,Rigid,1787453,1787453,1791822,0,4369,4369,completed,9
23942,Rigid,1791513,1791514,1812344,1,20830,20831,completed,9
23943,Rigid,1791913,1791913,1797114,0,5201,5201,completed,9
23944,Rigid,1797433,1797433,1808187,0,10754,10754,completed,9
23945,Rigid,1808333,1808333,1841299,0,32966,32966,completed,9
23946,Rigid,1808333,1808333,1808911,0,578,578,completed,9
23947,Rigid,1811049,1811049,1811519,0,470,470,completed,16
23948,Rigid,1811053,1811053,1811520,0,467,467,completed,16
23949,Rigid,1811588,1811589,1811668,1,79,80,completed,16
23950,Rigid,1811592,1811593,1811671,1,78,79,completed,16
23951,Rigid,1811679,1811679,1849900,0,38221,38221,completed,16
23952,Rigid,1811681,1811683,1879592,2,67909,67911,completed,16
23953,Rigid,1811734,1811735,1931709,1,119974,119975,completed,16
23954,Rigid,1811740,1811741,1950575,1,138834,138835,completed,16
23955,Rigid,1812314,1812314,1812316,0,2,2,completed,1
23956,Rigid,1812315,1812317,1812320,2,3,5,completed,1
23957,Rigid,1812316,1812317,1812320,1,3,4,completed,1
23958,Rigid,1812316,1812317,1812319,1,2,3,completed,1
23959,Rigid,1812317,1812317,1812319,0,2,2,completed,1
23960,Rigid,1812318,1812318,1812320,0,2,2,completed,1
23961,Rigid,1812319,1812321,1812322,2,1,3,completed,1
23962,Rigid,1812319,1812320,1812322,1,2,3,completed,1
23963,Rigid,1812350,1812350,1812352,0,2,2,completed,1
23964,Rigid,1812350,1812353,1812355,3,2,5,completed,1
23965,Rigid,1812351,1812353,1812356,2,3,5,completed,1
23966,Rigid,1812352,1812353,1812356,1,3,4,completed,1
23967,Rigid,1812352,1812353,1812355,1,2,3,completed,1
23968,Rigid,1812353,1812353,1812356,0,3,3,completed,1
23969,Rigid,1812354,1812354,1812356,0,2,2,completed,1
23970,Rigid,1812354,1812354,1812356,0,2,2,completed,1
23971,Rigid,1812379,1812379,1815504,0,3125,3125,completed,16
23972,Rigid,1812397,1812397,1812399,0,2,2,completed,1
23973,Rigid,1812398,1812401,1812402,3,1,4,completed,1
23974,Rigid,1812398,1812401,1812403,3,2,5,completed,1
23975,Rigid,1812399,1812401,1812403,2,2,4,completed,1
23976,Rigid,1812400,1812401,1812403,1,2,3,completed,1
23977,Rigid,1812400,1812401,1812402,1,1,2,completed,1
23978,Rigid,1812401,1812401,1812403,0,2,2,completed,1
23979,Rigid,1812401,1812401,1812403,0,2,2,completed,1
23980,Rigid,1812444,1812444,1921494,0,109050,109050,completed,1
23981,Rigid,1812444,1812444,1921494,0,109050,109050,completed,1
23982,Rigid,1812445,1812448,1921508,3,109060,109063,completed,1
23983,Rigid,1812445,1812448,1921494,3,109046,109049,completed,1
23984,Rigid,1812446,1812448,1921494,2,109046,109048,completed,1
23985,Rigid,1812446,1812448,1921494,2,109046,109048,completed,1
23986,Rigid,1812447,1812448,1921494,1,109046,109047,completed,1
23987,Rigid,1812447,1812448,1921494,1,109046,109047,completed,1
23988,Rigid,1812613,1812613,1818917,0,6304,6304,completed,9
23989,Rigid,1812746,1812746,1816184,0,3438,3438,completed,576
23990,Rigid,1812835,1812835,1812866,0,31,31,completed,576
23991,Rigid,1812884,1812884,1812914,0,30,30,completed,576
23992,Rigid,1813087,1813088,1813123,1,35,36,completed,72
23993,Rigid,1813107,1813108,1813137,1,29,30,completed,576
23994,Rigid,1813166,1813167,1813196,1,29,30,completed,576
23995,Rigid,1813259,1813259,1813289,0,30,30,completed,576
23996,Rigid,1813261,1813262,2076382,1,263120,263121,completed,36
23997,Rigid,1813296,1813296,2073821,0,260525,260525,completed,36
23998,Rigid,1813330,1813330,2073472,0,260142,260142,completed,36
23999,Rigid,1813335,1813336,1813386,1,50,51,completed,72
24000,Rigid,1813335,1813336,1940318,1,126982,126983,completed,1
24001,Rigid,1813366,1813367,2016400,1,203033,203034,completed,36
24002,Rigid,1813407,1813407,2034846,0,221439,221439,completed,36
24003,Rigid,1813444,1813446,2076379,2,262933,262935,completed,36
24004,Rigid,1813455,1813456,1813460,1,4,5,completed,36
24005,Rigid,1813475,1813476,1978324,1,164848,164849,completed,36
24006,Rigid,1813492,1813492,1813541,0,49,49,completed,72
24007,Rigid,1813518,1813519,1814239,1,720,721,completed,36
24008,Rigid,1813557,1813558,2003668,1,190110,190111,completed,36
24009,Rigid,1813640,1813641,1906707,1,93066,93067,completed,36
24010,Rigid,1813947,1813948,2073170,1,259222,259223,completed,36
24011,Rigid,1813952,1813953,1814002,1,49,50,completed,72
24012,Rigid,1813989,1813990,1839088,1,25098,25099,completed,36
24013,Rigid,1814036,1814036,1925597,0,111561,111561,completed,36
24014,Rigid,1814080,1814081,1960074,1,145993,145994,completed,36
24015,Rigid,1814118,1814118,2074664,0,260546,260546,completed,36
24016,Rigid,1814134,1814134,1814313,0,179,179,completed,144
24017,Rigid,1814156,1814156,2041926,0,227770,227770,completed,36
24018,Rigid,1814230,1814231,1989910,1,175679,175680,completed,36
24019,Rigid,1814424,1814425,1967310,1,152885,152886,completed,36
24020,Rigid,1814471,1814472,2040959,1,226487,226488,completed,36
24021,Rigid,1814489,1814490,1814736,1,246,247,completed,8
24022,Rigid,1814511,1814512,2015343,1,200831,200832,completed,36
24023,Rigid,1814548,1814549,2039425,1,224876,224877,completed,36
24024,Rigid,1814581,1814582,2073817,1,259235,259236,completed,36
24025,Rigid,1814644,1814646,1823669,2,9023,9025,completed,396
24026,Rigid,1814676,1814676,1883389,0,68713,68713,completed,16
24027,Rigid,1814679,1814680,1987569,1,172889,172890,completed,16
24028,Rigid,1814685,1814686,1814692,1,6,7,completed,16
24029,Rigid,1814687,1814690,2041390,3,226700,226703,completed,36
24030,Rigid,1814825,1814826,2072833,1,258007,258008,completed,36
24031,Rigid,1814825,1814826,2072833,1,258007,258008,completed,36
24032,Rigid,1814825,1814826,2072833,1,258007,258008,completed,36
24033,Rigid,1814996,1814996,1957803,0,142807,142807,completed,16
24034,Rigid,1814999,1815000,2033867,1,218867,218868,completed,16
24035,Rigid,1815005,1815006,2091729,1,276723,276724,completed,16
24036,Rigid,1815621,1815621,1822819,0,7198,7198,completed,576
24037,Rigid,1815657,1815658,1820813,1,5155,5156,completed,576
24038,Rigid,1815738,1815739,1833538,1,17799,17800,completed,576
24039,Rigid,1815788,1815788,1827545,0,11757,11757,completed,576
24040,Rigid,1816290,1816290,1989117,0,172827,172827,completed,36
24041,Rigid,1816290,1816290,1989117,0,172827,172827,completed,36
24042,Rigid,1816290,1816290,1989117,0,172827,172827,completed,36
24043,Rigid,1816305,1816305,1989117,0,172812,172812,completed,36
24044,Rigid,1816305,1816305,1989117,0,172812,172812,completed,36
24045,Rigid,1816305,1816306,1989117,1,172811,172812,completed,36
24046,Rigid,1816321,1816321,1989147,0,172826,172826,completed,36
24047,Rigid,1816321,1816321,1989147,0,172826,172826,completed,36
24048,Rigid,1816321,1816321,1989147,0,172826,172826,completed,36
24049,Rigid,1816346,1816346,1989147,0,172801,172801,completed,36
24050,Rigid,1816346,1816346,1989147,0,172801,172801,completed,36
24051,Rigid,1816346,1816346,1989147,0,172801,172801,completed,36
24052,Rigid,1816359,1816359,1989177,0,172818,172818,completed,36
24053,Rigid,1816359,1816360,1989177,1,172817,172818,completed,36
24054,Rigid,1816359,1816360,1989177,1,172817,172818,completed,36
24055,Rigid,1816380,1816381,1989207,1,172826,172827,completed,36
24056,Rigid,1816380,1816381,1989207,1,172826,172827,completed,36
24057,Rigid,1816380,1816381,1989207,1,172826,172827,completed,36
24058,Rigid,1816392,1816392,1989207,0,172815,172815,completed,36
24059,Rigid,1816392,1816392,1989207,0,172815,172815,completed,36
24060,Rigid,1816392,1816392,1989207,0,172815,172815,completed,36
24061,Rigid,1816403,1816404,1989207,1,172803,172804,completed,36
24062,Rigid,1816403,1816404,1989207,1,172803,172804,completed,36
24063,Rigid,1816403,1816404,1989207,1,172803,172804,completed,36
24064,Rigid,1816416,1816417,1989237,1,172820,172821,completed,36
24065,Rigid,1816416,1816417,1989237,1,172820,172821,completed,36
24066,Rigid,1816416,1816417,1989237,1,172820,172821,completed,36
24067,Rigid,1816428,1816428,1989237,0,172809,172809,completed,36
24068,Rigid,1816428,1816428,1989237,0,172809,172809,completed,36
24069,Rigid,1816428,1816428,1989237,0,172809,172809,completed,36
24070,Rigid,1816445,1816446,1989267,1,172821,172822,completed,36
24071,Rigid,1816445,1816446,1989267,1,172821,172822,completed,36
24072,Rigid,1816445,1816446,1989267,1,172821,172822,completed,36
24073,Rigid,1816456,1816456,1816707,0,251,251,completed,8
24074,Rigid,1816480,1816480,1989297,0,172817,172817,completed,36
24075,Rigid,1816480,1816480,1816570,0,90,90,completed,36
24076,Rigid,1816480,1816480,1989297,0,172817,172817,completed,36
24077,Rigid,1816582,1816583,1989387,1,172804,172805,completed,36
24078,Rigid,1816582,1989181,2162005,172599,172824,345423,completed,36
24079,Rigid,1816582,1989181,2162005,172599,172824,345423,completed,36
24080,Rigid,1816592,1816592,1816598,0,6,6,completed,1
24081,Rigid,1817039,1817040,1817041,1,1,2,completed,1
24082,Rigid,1817102,1817106,1817130,4,24,28,completed,1
24083,Rigid,1817151,1817152,1817348,1,196,197,completed,8
24084,Rigid,1817359,1817359,1817367,0,8,8,completed,1
24085,Rigid,1817359,1817379,1817383,20,4,24,completed,1
24086,Rigid,1817359,1866864,1866872,49505,8,49513,completed,1
24087,Rigid,1817421,1817421,1817867,0,446,446,completed,8
24088,Rigid,1817665,1817665,1818176,0,511,511,completed,36
24089,Rigid,1818100,1818100,1818102,0,2,2,completed,1
24090,Rigid,1818129,1818130,1818132,1,2,3,completed,1
24091,Rigid,1818446,1818446,1818802,0,356,356,completed,1
24092,Rigid,1818499,1818499,1818508,0,9,9,completed,8
24093,Rigid,1818656,1818657,1818896,1,239,240,completed,8
24094,Rigid,1818953,1818954,1818978,1,24,25,completed,1
24095,Rigid,1819183,1819183,1834555,0,15372,15372,completed,9
24096,Rigid,1819252,1819252,1819280,0,28,28,completed,2
24097,Rigid,1819252,1819253,1819272,1,19,20,completed,2
24098,Rigid,1819252,1819253,1819272,1,19,20,completed,2
24099,Rigid,1819253,1819253,1819280,0,27,27,completed,2
24100,Rigid,1819253,1819253,1819272,0,19,19,completed,2
24101,Rigid,1819253,1819253,1819272,0,19,19,completed,2
24102,Rigid,1819253,1819253,1819280,0,27,27,completed,2
24103,Rigid,1819253,1819253,1819280,0,27,27,completed,2
24104,Rigid,1819253,1819253,1819280,0,27,27,completed,2
24105,Rigid,1819253,1819253,1819272,0,19,19,completed,2
24106,Rigid,1819253,1819253,1819280,0,27,27,completed,2
24107,Rigid,1819253,1819253,1819272,0,19,19,completed,2
24108,Rigid,1819253,1819257,1819280,4,23,27,completed,2
24109,Rigid,1819253,1819257,1819272,4,15,19,completed,2
24110,Rigid,1819253,1819257,1819280,4,23,27,completed,2
24111,Rigid,1819253,1819257,1819272,4,15,19,completed,2
24112,Rigid,1819254,1819257,1819283,3,26,29,completed,2
24113,Rigid,1819254,1819257,1819272,3,15,18,completed,2
24114,Rigid,1819284,1819284,1819301,0,17,17,completed,2
24115,Rigid,1819284,1819284,1819316,0,32,32,completed,2
24116,Rigid,1819284,1819284,1819316,0,32,32,completed,2
24117,Rigid,1819284,1819285,1819316,1,31,32,completed,2
24118,Rigid,1819284,1819285,1819301,1,16,17,completed,2
24119,Rigid,1819284,1819285,1819301,1,16,17,completed,2
24120,Rigid,1819284,1819285,1819316,1,31,32,completed,2
24121,Rigid,1819284,1819285,1819301,1,16,17,completed,2
24122,Rigid,1819284,1819285,1819301,1,16,17,completed,2
24123,Rigid,1819285,1819288,1819316,3,28,31,completed,2
24124,Rigid,1819285,1819288,1819317,3,29,32,completed,2
24125,Rigid,1819285,1819288,1819301,3,13,16,completed,2
24126,Rigid,1819285,1819288,1819316,3,28,31,completed,2
24127,Rigid,1819285,1819288,1819301,3,13,16,completed,2
24128,Rigid,1819285,1819288,1819301,3,13,16,completed,2
24129,Rigid,1819285,1819288,1819316,3,28,31,completed,2
24130,Rigid,1819285,1819288,1819301,3,13,16,completed,2
24131,Rigid,1819285,1819288,1819316,3,28,31,completed,2
24132,Rigid,1819285,1819288,1819303,3,15,18,completed,2
24133,Rigid,1819306,1819307,1819326,1,19,20,completed,2
24134,Rigid,1819306,1819307,1819319,1,12,13,completed,2
24135,Rigid,1819316,1819317,1819333,1,16,17,completed,2
24136,Rigid,1819316,1819317,1819366,1,49,50,completed,2
24137,Rigid,1819317,1819317,1819366,0,49,49,completed,2
24138,Rigid,1819317,1819317,1819333,0,16,16,completed,2
24139,Rigid,1819317,1819317,1819366,0,49,49,completed,2
24140,Rigid,1819317,1819317,1819325,0,8,8,completed,2
24141,Rigid,1819317,1819317,1819389,0,72,72,completed,2
24142,Rigid,1819317,1819317,1819366,0,49,49,completed,2
24143,Rigid,1819317,1819317,1819371,0,54,54,completed,2
24144,Rigid,1819317,1819317,1819366,0,49,49,completed,2
24145,Rigid,1819317,1819317,1819366,0,49,49,completed,2
24146,Rigid,1819317,1819317,1819325,0,8,8,completed,2
24147,Rigid,1819317,1819317,1819366,0,49,49,completed,2
24148,Rigid,1819317,1819317,1819387,0,70,70,completed,2
24149,Rigid,1819317,1819317,1819395,0,78,78,completed,2
24150,Rigid,1819317,1819317,1819333,0,16,16,completed,2
24151,Rigid,1819318,1819318,1819366,0,48,48,completed,2
24152,Rigid,1819318,1819318,1819368,0,50,50,completed,2
24153,Rigid,1819318,1819318,1819333,0,15,15,completed,2
24154,Rigid,1819318,1819320,1819332,2,12,14,completed,2
24155,Rigid,1819318,1819320,1819366,2,46,48,completed,2
24156,Rigid,1819318,1819320,1819378,2,58,60,completed,2
24157,Rigid,1819318,1819320,1819326,2,6,8,completed,2
24158,Rigid,1819318,1819320,1819333,2,13,15,completed,2
24159,Rigid,1819318,1819321,1819366,3,45,48,completed,2
24160,Rigid,1819318,1819321,1819373,3,52,55,completed,2
24161,Rigid,1819319,1819321,1819366,2,45,47,completed,2
24162,Rigid,1819319,1819321,1819333,2,12,14,completed,2
24163,Rigid,1819319,1819321,1819368,2,47,49,completed,2
24164,Rigid,1819319,1819321,1819332,2,11,13,completed,2
24165,Rigid,1819319,1819321,1819333,2,12,14,completed,2
24166,Rigid,1819319,1819321,1819366,2,45,47,completed,2
24167,Rigid,1819319,1819321,1819367,2,46,48,completed,2
24168,Rigid,1819319,1819321,1819387,2,66,68,completed,2
24169,Rigid,1819319,1819321,1819366,2,45,47,completed,2
24170,Rigid,1819320,1819321,1819326,1,5,6,completed,2
24171,Rigid,1819320,1819321,1819368,1,47,48,completed,2
24172,Rigid,1819320,1819321,1819387,1,66,67,completed,2
24173,Rigid,1819320,1819321,1819368,1,47,48,completed,2
24174,Rigid,1819320,1819321,1819369,1,48,49,completed,2
24175,Rigid,1819320,1819321,1819333,1,12,13,completed,2
24176,Rigid,1819320,1819321,1819369,1,48,49,completed,2
24177,Rigid,1819320,1819321,1819326,1,5,6,completed,2
24178,Rigid,1819320,1819321,1819366,1,45,46,completed,2
24179,Rigid,1819320,1819321,1819391,1,70,71,completed,2
24180,Rigid,1819320,1819321,1819366,1,45,46,completed,2
24181,Rigid,1819321,1819321,1819366,0,45,45,completed,2
24182,Rigid,1819321,1819322,1819372,1,50,51,completed,2
24183,Rigid,1819321,1819322,1819366,1,44,45,completed,2
24184,Rigid,1819321,1819322,1819392,1,70,71,completed,2
24185,Rigid,1819321,1819322,1819326,1,4,5,completed,2
24186,Rigid,1819321,1819322,1819366,1,44,45,completed,2
24187,Rigid,1819321,1819322,1819366,1,44,45,completed,2
24188,Rigid,1819321,1819322,1819369,1,47,48,completed,2
24189,Rigid,1819321,1819322,1819373,1,51,52,completed,2
24190,Rigid,1819321,1819322,1819332,1,10,11,completed,2
24191,Rigid,1819321,1819322,1819366,1,44,45,completed,2
24192,Rigid,1819321,1819322,1819366,1,44,45,completed,2
24193,Rigid,1819322,1819322,1819366,0,44,44,completed,2
24194,Rigid,1819322,1819322,1819371,0,49,49,completed,2
24195,Rigid,1819322,1819323,1819366,1,43,44,completed,2
24196,Rigid,1819322,1819323,1819327,1,4,5,completed,2
24197,Rigid,1819322,1819323,1819777,1,454,455,completed,36
24198,Rigid,1819322,1819323,1819366,1,43,44,completed,2
24199,Rigid,1819322,1819323,1819366,1,43,44,completed,2
24200,Rigid,1819323,1819326,1819334,3,8,11,completed,2
24201,Rigid,1819323,1819326,1819366,3,40,43,completed,2
24202,Rigid,1819323,1819326,1819366,3,40,43,completed,2
24203,Rigid,1819323,1819326,1819366,3,40,43,completed,2
24204,Rigid,1819323,1819326,1819334,3,8,11,completed,2
24205,Rigid,1819323,1819326,1819334,3,8,11,completed,2
24206,Rigid,1819323,1819326,1819783,3,457,460,completed,36
24207,Rigid,1819324,1819326,1819781,2,455,457,completed,36
24208,Rigid,1819325,1819326,1819782,1,456,457,completed,36
24209,Rigid,1819326,1819326,1819781,0,455,455,completed,36
24210,Rigid,1819326,1819326,1819781,0,455,455,completed,36
24211,Rigid,1819326,1819326,1819783,0,457,457,completed,36
24212,Rigid,1819327,1819327,1819782,0,455,455,completed,36
24213,Rigid,1819327,1819327,1819781,0,454,454,completed,36
24214,Rigid,1819327,1819327,1819782,0,455,455,completed,36
24215,Rigid,1819327,1819328,1819334,1,6,7,completed,2
24216,Rigid,1819328,1819328,1819783,0,455,455,completed,36
24217,Rigid,1819328,1819328,1819781,0,453,453,completed,36
24218,Rigid,1819328,1819331,1819788,3,457,460,completed,36
24219,Rigid,1819328,1819331,1819337,3,6,9,completed,2
24220,Rigid,1819329,1819331,1819374,2,43,45,completed,2
24221,Rigid,1819329,1819331,1819338,2,7,9,completed,2
24222,Rigid,1819329,1819331,1819369,2,38,40,completed,2
24223,Rigid,1819329,1819331,1819785,2,454,456,completed,36
24224,Rigid,1819329,1819331,1819366,2,35,37,completed,2
24225,Rigid,1819329,1819331,1819366,2,35,37,completed,2
24226,Rigid,1819329,1819331,1819338,2,7,9,completed,2
24227,Rigid,1819329,1819331,1819338,2,7,9,completed,2
24228,Rigid,1819329,1819331,1819366,2,35,37,completed,2
24229,Rigid,1819329,1819331,1819336,2,5,7,completed,2
24230,Rigid,1819329,1819331,1819784,2,453,455,completed,36
24231,Rigid,1819329,1819331,1819366,2,35,37,completed,2
24232,Rigid,1819329,1819331,1819338,2,7,9,completed,2
24233,Rigid,1819329,1819331,1819392,2,61,63,completed,2
24234,Rigid,1819329,1819331,1819375,2,44,46,completed,2
24235,Rigid,1819329,1819331,1819336,2,5,7,completed,2
24236,Rigid,1819329,1819331,1819371,2,40,42,completed,2
24237,Rigid,1819329,1819331,1819367,2,36,38,completed,2
24238,Rigid,1819329,1819331,1819784,2,453,455,completed,36
24239,Rigid,1819329,1819331,1819366,2,35,37,completed,2
24240,Rigid,1819329,1819331,1819366,2,35,37,completed,2
24241,Rigid,1819330,1819331,1819388,1,57,58,completed,2
24242,Rigid,1819330,1819331,1819366,1,35,36,completed,2
24243,Rigid,1819330,1819331,1819337,1,6,7,completed,2
24244,Rigid,1819330,1819331,1819350,1,19,20,completed,2
24245,Rigid,1819331,1819331,1819337,0,6,6,completed,2
24246,Rigid,1819332,1819334,1819339,2,5,7,completed,2
24247,Rigid,1819333,1819334,1819339,1,5,6,completed,2
24248,Rigid,1819334,1819334,1819339,0,5,5,completed,2
24249,Rigid,1819346,1819346,1819354,0,8,8,completed,2
24250,Rigid,1819346,1819346,1819354,0,8,8,completed,2
24251,Rigid,1819393,1819393,1819430,0,37,37,completed,144
24252,Rigid,1819398,1819398,1906214,0,86816,86816,completed,144
24253,Rigid,1819404,1819404,1819414,0,10,10,completed,2
24254,Rigid,1819424,1819425,1819437,1,12,13,completed,2
24255,Rigid,1819463,1819463,1819478,0,15,15,completed,2
24256,Rigid,1819463,1819463,1819470,0,7,7,completed,2
24257,Rigid,1819463,1819463,1819470,0,7,7,completed,2
24258,Rigid,1819463,1819463,1819470,0,7,7,completed,2
24259,Rigid,1819463,1819463,1819470,0,7,7,completed,2
24260,Rigid,1819463,1819463,1819470,0,7,7,completed,2
24261,Rigid,1819463,1819467,1819473,4,6,10,completed,2
24262,Rigid,1819463,1819467,1819473,4,6,10,completed,2
24263,Rigid,1819463,1819467,1819473,4,6,10,completed,2
24264,Rigid,1819463,1819467,1819474,4,7,11,completed,2
24265,Rigid,1819463,1819467,1819480,4,13,17,completed,2
24266,Rigid,1819463,1819467,1819473,4,6,10,completed,2
24267,Rigid,1819463,1819467,1819473,4,6,10,completed,2
24268,Rigid,1819463,1819467,1819473,4,6,10,completed,2
24269,Rigid,1819463,1819467,1819473,4,6,10,completed,2
24270,Rigid,1819463,1819467,1819473,4,6,10,completed,2
24271,Rigid,1819463,1819467,1819473,4,6,10,completed,2
24272,Rigid,1819463,1819467,1819473,4,6,10,completed,2
24273,Rigid,1819463,1819467,1819473,4,6,10,completed,2
24274,Rigid,1819463,1819467,1819473,4,6,10,completed,2
24275,Rigid,1819463,1819467,1819488,4,21,25,completed,2
24276,Rigid,1819463,1819467,1819473,4,6,10,completed,2
24277,Rigid,1819463,1819467,1819473,4,6,10,completed,2
24278,Rigid,1819463,1819467,1819473,4,6,10,completed,2
24279,Rigid,1819463,1819467,1819473,4,6,10,completed,2
24280,Rigid,1819463,1819467,1819473,4,6,10,completed,2
24281,Rigid,1819464,1819467,1819473,3,6,9,completed,2
24282,Rigid,1819464,1819467,1819473,3,6,9,completed,2
24283,Rigid,1819464,1819467,1819473,3,6,9,completed,2
24284,Rigid,1819464,1819467,1819487,3,20,23,completed,2
24285,Rigid,1819464,1819467,1819487,3,20,23,completed,2
24286,Rigid,1819464,1819467,1819473,3,6,9,completed,2
24287,Rigid,1819464,1819467,1819473,3,6,9,completed,2
24288,Rigid,1819464,1819467,1819473,3,6,9,completed,2
24289,Rigid,1819464,1819467,1819473,3,6,9,completed,2
24290,Rigid,1819464,1819467,1819473,3,6,9,completed,2
24291,Rigid,1819464,1819467,1819473,3,6,9,completed,2
24292,Rigid,1819464,1819467,1819473,3,6,9,completed,2
24293,Rigid,1819464,1819467,1819473,3,6,9,completed,2
24294,Rigid,1819464,1819467,1819495,3,28,31,completed,2
24295,Rigid,1819464,1819467,1819482,3,15,18,completed,2
24296,Rigid,1819464,1819467,1819473,3,6,9,completed,2
24297,Rigid,1819464,1819467,1819473,3,6,9,completed,2
24298,Rigid,1819464,1819467,1819473,3,6,9,completed,2
24299,Rigid,1819464,1819467,1819473,3,6,9,completed,2
24300,Rigid,1819464,1819467,1819473,3,6,9,completed,2
24301,Rigid,1819464,1819467,1819473,3,6,9,completed,2
24302,Rigid,1819464,1819467,1819473,3,6,9,completed,2
24303,Rigid,1819464,1819467,1819473,3,6,9,completed,2
24304,Rigid,1819464,1819467,1819481,3,14,17,completed,2
24305,Rigid,1819464,1819467,1819485,3,18,21,completed,2
24306,Rigid,1819464,1819467,1819473,3,6,9,completed,2
24307,Rigid,1819464,1819467,1819473,3,6,9,completed,2
24308,Rigid,1819464,1819467,1819473,3,6,9,completed,2
24309,Rigid,1819464,1819467,1819473,3,6,9,completed,2
24310,Rigid,1819464,1819467,1819473,3,6,9,completed,2
24311,Rigid,1819464,1819467,1819473,3,6,9,completed,2
24312,Rigid,1819464,1819467,1819473,3,6,9,completed,2
24313,Rigid,1819465,1819467,1819473,2,6,8,completed,2
24314,Rigid,1819465,1819467,1819489,2,22,24,completed,2
24315,Rigid,1819465,1819467,1819473,2,6,8,completed,2
24316,Rigid,1819465,1819467,1819473,2,6,8,completed,2
24317,Rigid,1819465,1819467,1819473,2,6,8,completed,2
24318,Rigid,1819465,1819467,1819473,2,6,8,completed,2
24319,Rigid,1819465,1819467,1819473,2,6,8,completed,2
24320,Rigid,1819465,1819467,1819473,2,6,8,completed,2
24321,Rigid,1819465,1819467,1819473,2,6,8,completed,2
24322,Rigid,1819465,1819467,1819473,2,6,8,completed,2
24323,Rigid,1819465,1819467,1819473,2,6,8,completed,2
24324,Rigid,1819465,1819467,1819479,2,12,14,completed,2
24325,Rigid,1819465,1819467,1819473,2,6,8,completed,2
24326,Rigid,1819465,1819467,1819473,2,6,8,completed,2
24327,Rigid,1819465,1819467,1819473,2,6,8,completed,2
24328,Rigid,1819465,1819467,1819473,2,6,8,completed,2
24329,Rigid,1819465,1819467,1819473,2,6,8,completed,2
24330,Rigid,1819465,1819467,1819473,2,6,8,completed,2
24331,Rigid,1819465,1819467,1819473,2,6,8,completed,2
24332,Rigid,1819465,1819467,1819473,2,6,8,completed,2
24333,Rigid,1819465,1819467,1819473,2,6,8,completed,2
24334,Rigid,1819465,1819467,1819477,2,10,12,completed,2
24335,Rigid,1819465,1819467,1819473,2,6,8,completed,2
24336,Rigid,1819465,1819467,1819473,2,6,8,completed,2
24337,Rigid,1819466,1819467,1819473,1,6,7,completed,2
24338,Rigid,1819466,1819467,1819473,1,6,7,completed,2
24339,Rigid,1819466,1819467,1819473,1,6,7,completed,2
24340,Rigid,1819466,1819467,1819473,1,6,7,completed,2
24341,Rigid,1819466,1819467,1819473,1,6,7,completed,2
24342,Rigid,1819466,1819467,1819473,1,6,7,completed,2
24343,Rigid,1819466,1819467,1819473,1,6,7,completed,2
24344,Rigid,1819466,1819467,1819476,1,9,10,completed,2
24345,Rigid,1819466,1819467,1819473,1,6,7,completed,2
24346,Rigid,1819466,1819467,1819473,1,6,7,completed,2
24347,Rigid,1819466,1819467,1819473,1,6,7,completed,2
24348,Rigid,1819466,1819467,1819473,1,6,7,completed,2
24349,Rigid,1819466,1819467,1819473,1,6,7,completed,2
24350,Rigid,1819466,1819467,1819473,1,6,7,completed,2
24351,Rigid,1819466,1819467,1819473,1,6,7,completed,2
24352,Rigid,1819466,1819467,1819473,1,6,7,completed,2
24353,Rigid,1819466,1819467,1819473,1,6,7,completed,2
24354,Rigid,1819466,1819467,1819477,1,10,11,completed,2
24355,Rigid,1819466,1819467,1819474,1,7,8,completed,2
24356,Rigid,1819466,1819467,1819474,1,7,8,completed,2
24357,Rigid,1819466,1819467,1819474,1,7,8,completed,2
24358,Rigid,1819466,1819467,1819474,1,7,8,completed,2
24359,Rigid,1819466,1819467,1819474,1,7,8,completed,2
24360,Rigid,1819466,1819467,1819474,1,7,8,completed,2
24361,Rigid,1819466,1819467,1819474,1,7,8,completed,2
24362,Rigid,1819466,1819467,1819474,1,7,8,completed,2
24363,Rigid,1819466,1819467,1819474,1,7,8,completed,2
24364,Rigid,1819466,1819467,1819480,1,13,14,completed,2
24365,Rigid,1819466,1819467,1819474,1,7,8,completed,2
24366,Rigid,1819466,1819467,1819474,1,7,8,completed,2
24367,Rigid,1819466,1819467,1819474,1,7,8,completed,2
24368,Rigid,1819466,1819467,1819474,1,7,8,completed,2
24369,Rigid,1819466,1819467,1819474,1,7,8,completed,2
24370,Rigid,1819466,1819467,1819474,1,7,8,completed,2
24371,Rigid,1819466,1819467,1819474,1,7,8,completed,2
24372,Rigid,1819467,1819467,1819473,0,6,6,completed,2
24373,Rigid,1819467,1819467,1819473,0,6,6,completed,2
24374,Rigid,1819467,1819467,1819479,0,12,12,completed,2
24375,Rigid,1819467,1819471,1819478,4,7,11,completed,2
24376,Rigid,1819467,1819471,1819479,4,8,12,completed,2
24377,Rigid,1819467,1819471,1819479,4,8,12,completed,2
24378,Rigid,1819467,1819471,1819478,4,7,11,completed,2
24379,Rigid,1819468,1819471,1819478,3,7,10,completed,2
24380,Rigid,1819468,1819471,1819478,3,7,10,completed,2
24381,Rigid,1819468,1819471,1819478,3,7,10,completed,2
24382,Rigid,1819468,1819471,1819478,3,7,10,completed,2
24383,Rigid,1819468,1819471,1819478,3,7,10,completed,2
24384,Rigid,1819468,1819471,1819484,3,13,16,completed,2
24385,Rigid,1819469,1819471,1819478,2,7,9,completed,2
24386,Rigid,1819469,1819471,1819478,2,7,9,completed,2
24387,Rigid,1819469,1819471,1819478,2,7,9,completed,2
24388,Rigid,1819469,1819471,1819478,2,7,9,completed,2
24389,Rigid,1819469,1819471,1819478,2,7,9,completed,2
24390,Rigid,1819469,1819471,1819479,2,8,10,completed,2
24391,Rigid,1819469,1819471,1819479,2,8,10,completed,2
24392,Rigid,1819469,1819471,1819479,2,8,10,completed,2
24393,Rigid,1819469,1819471,1819479,2,8,10,completed,2
24394,Rigid,1819469,1819471,1819484,2,13,15,completed,2
24395,Rigid,1819469,1819471,1819479,2,8,10,completed,2
24396,Rigid,1819469,1819471,1819479,2,8,10,completed,2
24397,Rigid,1819469,1819471,1819479,2,8,10,completed,2
24398,Rigid,1819469,1819471,1819479,2,8,10,completed,2
24399,Rigid,1819470,1819471,1819479,1,8,9,completed,2
24400,Rigid,1819470,1819471,1819479,1,8,9,completed,2
24401,Rigid,1819470,1819471,1819479,1,8,9,completed,2
24402,Rigid,1819470,1819471,1819479,1,8,9,completed,2
24403,Rigid,1819470,1819471,1819479,1,8,9,completed,2
24404,Rigid,1819843,1819843,1823217,0,3374,3374,completed,1
24405,Rigid,1819925,1819927,2043190,2,223263,223265,completed,576
24406,Rigid,1819933,1819933,1819971,0,38,38,completed,36
24407,Rigid,1819968,1822821,2168425,2853,345604,348457,completed,576
24408,Rigid,1820029,1820030,1820483,1,453,454,completed,36
24409,Rigid,1820030,1820033,1992838,3,172805,172808,completed,576
24410,Rigid,1820030,1820033,1820490,3,457,460,completed,36
24411,Rigid,1820031,1820033,1820487,2,454,456,completed,36
24412,Rigid,1820032,1820033,1820486,1,453,454,completed,36
24413,Rigid,1820033,1820033,1820486,0,453,453,completed,36
24414,Rigid,1820033,1820034,1820491,1,457,458,completed,36
24415,Rigid,1820033,1820034,1820491,1,457,458,completed,36
24416,Rigid,1820034,1820034,1820490,0,456,456,completed,36
24417,Rigid,1820034,1820038,1820493,4,455,459,completed,36
24418,Rigid,1820034,1820038,1820491,4,453,457,completed,36
24419,Rigid,1820035,1820038,1820493,3,455,458,completed,36
24420,Rigid,1820035,1820038,1820492,3,454,457,completed,36
24421,Rigid,1820035,1820038,1820494,3,456,459,completed,36
24422,Rigid,1820036,1820038,1820491,2,453,455,completed,36
24423,Rigid,1820036,1820038,1820793,2,755,757,completed,36
24424,Rigid,1820036,1820038,1820494,2,456,458,completed,36
24425,Rigid,1820080,1820080,1992898,0,172818,172818,completed,576
24426,Rigid,1820175,1820813,2166415,638,345602,346240,completed,576
24427,Rigid,1820475,1820476,1831962,1,11486,11487,completed,72
24428,Rigid,1820493,1820493,1823246,0,2753,2753,completed,72
24429,Rigid,1820519,1820519,1830984,0,10465,10465,completed,72
24430,Rigid,1820570,1820571,1820608,1,37,38,completed,144
24431,Rigid,1820577,1820578,1839727,1,19149,19150,completed,72
24432,Rigid,1820611,1820612,1823207,1,2595,2596,completed,72
24433,Rigid,1820652,1820652,1847028,0,26376,26376,completed,72
24434,Rigid,1820678,1820679,1821836,1,1157,1158,completed,72
24435,Rigid,1820935,1820935,1820973,0,38,38,completed,36
24436,Rigid,1821159,1821159,1821968,0,809,809,completed,36
24437,Rigid,1821354,1821355,1821574,1,219,220,completed,144
24438,Rigid,1821744,1821745,1852735,1,30990,30991,completed,144
24439,Rigid,1822173,1822174,1822755,1,581,582,completed,144
24440,Rigid,1822278,1822278,1822353,0,75,75,completed,72
24441,Rigid,1822406,1822406,1882661,0,60255,60255,completed,144
24442,Rigid,1822966,1822968,1824379,2,1411,1413,completed,8
24443,Rigid,1822967,1822968,1824379,1,1411,1412,completed,8
24444,Rigid,1822967,1822968,1824375,1,1407,1408,completed,8
24445,Rigid,1822967,1822968,1824375,1,1407,1408,completed,8
24446,Rigid,1822967,1822968,1824375,1,1407,1408,completed,8
24447,Rigid,1822967,1822968,1824375,1,1407,1408,completed,8
24448,Rigid,1822967,1822968,1824378,1,1410,1411,completed,8
24449,Rigid,1822967,1822968,1824378,1,1410,1411,completed,8
24450,Rigid,1822967,1822968,1824378,1,1410,1411,completed,8
24451,Rigid,1822967,1822968,1824378,1,1410,1411,completed,8
24452,Rigid,1822967,1822968,1824348,1,1380,1381,completed,8
24453,Rigid,1822967,1822968,1824378,1,1410,1411,completed,8
24454,Rigid,1822967,1822968,1824378,1,1410,1411,completed,8
24455,Rigid,1822967,1822968,1824378,1,1410,1411,completed,8
24456,Rigid,1822967,1822968,1824379,1,1411,1412,completed,8
24457,Rigid,1822967,1822968,1824379,1,1411,1412,completed,8
24458,Rigid,1822967,1822968,1824364,1,1396,1397,completed,8
24459,Rigid,1822967,1822968,1824364,1,1396,1397,completed,8
24460,Rigid,1822968,1822972,1824372,4,1400,1404,completed,8
24461,Rigid,1822968,1822972,1824372,4,1400,1404,completed,8
24462,Rigid,1822968,1822972,1824344,4,1372,1376,completed,8
24463,Rigid,1822968,1822972,1824372,4,1400,1404,completed,8
24464,Rigid,1822968,1822972,1824369,4,1397,1401,completed,8
24465,Rigid,1822968,1822972,1824369,4,1397,1401,completed,8
24466,Rigid,1822968,1822972,1824367,4,1395,1399,completed,8
24467,Rigid,1822968,1822972,1824369,4,1397,1401,completed,8
24468,Rigid,1822968,1822972,1824373,4,1401,1405,completed,8
24469,Rigid,1822968,1822972,1824373,4,1401,1405,completed,8
24470,Rigid,1822968,1822972,1824373,4,1401,1405,completed,8
24471,Rigid,1822968,1822972,1824373,4,1401,1405,completed,8
24472,Rigid,1822968,1822972,1824375,4,1403,1407,completed,8
24473,Rigid,1822968,1822972,1824375,4,1403,1407,completed,8
24474,Rigid,1822968,1822972,1824375,4,1403,1407,completed,8
24475,Rigid,1822968,1822972,1824375,4,1403,1407,completed,8
24476,Rigid,1822968,1822972,1824374,4,1402,1406,completed,8
24477,Rigid,1822968,1822972,1824374,4,1402,1406,completed,8
24478,Rigid,1822968,1822972,1824374,4,1402,1406,completed,8
24479,Rigid,1822968,1822972,1824374,4,1402,1406,completed,8
24480,Rigid,1822968,1822972,1824367,4,1395,1399,completed,8
24481,Rigid,1822969,1822972,1824367,3,1395,1398,completed,8
24482,Rigid,1822969,1822972,1824367,3,1395,1398,completed,8
24483,Rigid,1822969,1822972,1824369,3,1397,1400,completed,8
24484,Rigid,1822969,1822972,1824373,3,1401,1404,completed,8
24485,Rigid,1822969,1822972,1824373,3,1401,1404,completed,8
24486,Rigid,1822969,1822972,1824373,3,1401,1404,completed,8
24487,Rigid,1822969,1822972,1824373,3,1401,1404,completed,8
24488,Rigid,1822969,1822972,1824377,3,1405,1408,completed,8
24489,Rigid,1822969,1822972,1824377,3,1405,1408,completed,8
24490,Rigid,1822969,1822972,1824377,3,1405,1408,completed,8
24491,Rigid,1822969,1822972,1824377,3,1405,1408,completed,8
24492,Rigid,1822969,1822972,1824373,3,1401,1404,completed,8
24493,Rigid,1822969,1822972,1824373,3,1401,1404,completed,8
24494,Rigid,1822969,1822972,1824346,3,1374,1377,completed,8
24495,Rigid,1822969,1822972,1824373,3,1401,1404,completed,8
24496,Rigid,1822969,1822972,1824371,3,1399,1402,completed,8
24497,Rigid,1822969,1822972,1824342,3,1370,1373,completed,8
24498,Rigid,1822969,1822972,1824357,3,1385,1388,completed,8
24499,Rigid,1822969,1822972,1824371,3,1399,1402,completed,8
24500,Rigid,1822969,1822972,1824367,3,1395,1398,completed,8
24501,Rigid,1822969,1822972,1824369,3,1397,1400,completed,8
24502,Rigid,1822969,1822972,1824369,3,1397,1400,completed,8
24503,Rigid,1822969,1822972,1824369,3,1397,1400,completed,8
24504,Rigid,1822969,1822972,1824369,3,1397,1400,completed,8
24505,Rigid,1822969,1822972,1824353,3,1381,1384,completed,8
24506,Rigid,1822969,1822972,1824339,3,1367,1370,completed,8
24507,Rigid,1822969,1822972,1824385,3,1413,1416,completed,8
24508,Rigid,1822969,1822972,1824385,3,1413,1416,completed,8
24509,Rigid,1822969,1822972,1824386,3,1414,1417,completed,8
24510,Rigid,1822970,1822972,1824375,2,1403,1405,completed,8
24511,Rigid,1822970,1822972,1824351,2,1379,1381,completed,8
24512,Rigid,1822971,1822972,1824378,1,1406,1407,completed,8
24513,Rigid,1822971,1822972,1824377,1,1405,1406,completed,8
24514,Rigid,1822971,1822972,1824377,1,1405,1406,completed,8
24515,Rigid,1822971,1822972,1824377,1,1405,1406,completed,8
24516,Rigid,1822971,1822972,1824377,1,1405,1406,completed,8
24517,Rigid,1822971,1822972,1824379,1,1407,1408,completed,8
24518,Rigid,1822971,1822972,1824379,1,1407,1408,completed,8
24519,Rigid,1822971,1822972,1824379,1,1407,1408,completed,8
24520,Rigid,1822971,1822972,1824379,1,1407,1408,completed,8
24521,Rigid,1822971,1822972,1824374,1,1402,1403,completed,8
24522,Rigid,1822971,1822972,1824337,1,1365,1366,completed,8
24523,Rigid,1822971,1822972,1824374,1,1402,1403,completed,8
24524,Rigid,1822971,1822972,1824374,1,1402,1403,completed,8
24525,Rigid,1822971,1822972,1824378,1,1406,1407,completed,8
24526,Rigid,1822971,1822972,1824378,1,1406,1407,completed,8
24527,Rigid,1822971,1822972,1824337,1,1365,1366,completed,8
24528,Rigid,1822971,1822972,1824378,1,1406,1407,completed,8
24529,Rigid,1822971,1822972,1824380,1,1408,1409,completed,8
24530,Rigid,1822971,1822972,1824380,1,1408,1409,completed,8
24531,Rigid,1822971,1822972,1824369,1,1397,1398,completed,8
24532,Rigid,1822971,1822972,1824380,1,1408,1409,completed,8
24533,Rigid,1822971,1822972,1824375,1,1403,1404,completed,8
24534,Rigid,1822971,1822972,1824375,1,1403,1404,completed,8
24535,Rigid,1822971,1822972,1824375,1,1403,1404,completed,8
24536,Rigid,1822971,1822972,1824346,1,1374,1375,completed,8
24537,Rigid,1822971,1822972,1824369,1,1397,1398,completed,8
24538,Rigid,1822971,1822972,1824369,1,1397,1398,completed,8
24539,Rigid,1822971,1822972,1824369,1,1397,1398,completed,8
24540,Rigid,1822971,1822972,1824369,1,1397,1398,completed,8
24541,Rigid,1822971,1822972,1824377,1,1405,1406,completed,8
24542,Rigid,1822971,1822972,1824377,1,1405,1406,completed,8
24543,Rigid,1822971,1822972,1824377,1,1405,1406,completed,8
24544,Rigid,1822971,1822972,1824377,1,1405,1406,completed,8
24545,Rigid,1822971,1822972,1824342,1,1370,1371,completed,8
24546,Rigid,1822971,1822972,1824368,1,1396,1397,completed,8
24547,Rigid,1822972,1822972,1824367,0,1395,1395,completed,8
24548,Rigid,1822972,1822972,1824368,0,1396,1396,completed,8
24549,Rigid,1822972,1822972,1824372,0,1400,1400,completed,8
24550,Rigid,1822972,1822972,1824372,0,1400,1400,completed,8
24551,Rigid,1822972,1822972,1824372,0,1400,1400,completed,8
24552,Rigid,1822972,1822974,1824372,2,1398,1400,completed,8
24553,Rigid,1822972,1822974,1824360,2,1386,1388,completed,8
24554,Rigid,1822972,1822974,1824355,2,1381,1383,completed,8
24555,Rigid,1822972,1822974,1824355,2,1381,1383,completed,8
24556,Rigid,1822972,1822974,1824371,2,1397,1399,completed,8
24557,Rigid,1822972,1822974,1824371,2,1397,1399,completed,8
24558,Rigid,1822972,1822974,1824371,2,1397,1399,completed,8
24559,Rigid,1822972,1822974,1824371,2,1397,1399,completed,8
24560,Rigid,1822972,1822974,1824370,2,1396,1398,completed,8
24561,Rigid,1822973,1822974,1824370,1,1396,1397,completed,8
24562,Rigid,1823173,1823174,1823236,1,62,63,completed,1
24563,Rigid,1823173,1823174,1823286,1,112,113,completed,1
24564,Rigid,1823526,1823527,1823761,1,234,235,completed,144
24565,Rigid,1823554,1823555,1823587,1,32,33,completed,1
24566,Rigid,1823554,1823555,1823623,1,68,69,completed,1
24567,Rigid,1824255,1824255,1824486,0,231,231,completed,144
24568,Rigid,1824862,1824863,1826043,1,1180,1181,completed,8
24569,Rigid,1824862,1824863,1829686,1,4823,4824,completed,8
24570,Rigid,1824990,1824991,1824994,1,3,4,completed,72
24571,Rigid,1825099,1825099,1833841,0,8742,8742,completed,36
24572,Rigid,1825119,1825120,1825169,1,49,50,completed,72
24573,Rigid,1825210,1825211,1825439,1,228,229,completed,144
24574,Rigid,1825313,1825313,1825325,0,12,12,completed,72
24575,Rigid,1825919,1825919,1825931,0,12,12,completed,72
24576,Rigid,1825949,1825950,1826179,1,229,230,completed,36
24577,Rigid,1826273,1826274,1826276,1,2,3,completed,36
24578,Rigid,1827093,1827093,1827158,0,65,65,completed,36
24579,Rigid,1827211,1827212,1827224,1,12,13,completed,72
24580,Rigid,1829191,1829192,1829194,1,2,3,completed,72
24581,Rigid,1829326,1829326,1829331,0,5,5,completed,72
24582,Rigid,1829496,1829496,1829500,0,4,4,completed,72
24583,Rigid,1829628,1989181,2162005,159553,172824,332377,completed,36
24584,Rigid,1829628,1989210,2162035,159582,172825,332407,completed,36
24585,Rigid,1829628,1989210,2162035,159582,172825,332407,completed,36
24586,Rigid,1829655,1989120,2161945,159465,172825,332290,completed,36
24587,Rigid,1829655,1989120,2161945,159465,172825,332290,completed,36
24588,Rigid,1829655,1989120,2161945,159465,172825,332290,completed,36
24589,Rigid,1829685,1989120,2161945,159435,172825,332260,completed,36
24590,Rigid,1829685,1989120,2161945,159435,172825,332260,completed,36
24591,Rigid,1829685,1989120,2161945,159435,172825,332260,completed,36
24592,Rigid,1829966,1829967,1834454,1,4487,4488,completed,8
24593,Rigid,1829966,1829967,1831091,1,1124,1125,completed,8
24594,Rigid,1829999,1989150,2161975,159151,172825,331976,completed,36
24595,Rigid,1829999,1989150,2161975,159151,172825,331976,completed,36
24596,Rigid,1829999,1989150,2161975,159151,172825,331976,completed,36
24597,Rigid,1830025,1989150,2161975,159125,172825,331950,completed,36
24598,Rigid,1830025,1989151,2161975,159126,172824,331950,completed,36
24599,Rigid,1830025,1989151,2161975,159126,172824,331950,completed,36
24600,Rigid,1830054,1989210,2162035,159156,172825,331981,completed,36
24601,Rigid,1830054,1989210,2162035,159156,172825,331981,completed,36
24602,Rigid,1830054,1989210,2162035,159156,172825,331981,completed,36
24603,Rigid,1830078,1989210,2162035,159132,172825,331957,completed,36
24604,Rigid,1830078,1989210,2162035,159132,172825,331957,completed,36
24605,Rigid,1830078,1989210,2162035,159132,172825,331957,completed,36
24606,Rigid,1830525,1830526,1830642,1,116,117,completed,1
24607,Rigid,1830525,1830526,1832924,1,2398,2399,completed,1
24608,Rigid,1830525,1830526,1830600,1,74,75,completed,1
24609,Rigid,1830525,1830526,1830640,1,114,115,completed,1
24610,Rigid,1830525,1830526,1830641,1,115,116,completed,1
24611,Rigid,1830526,1830530,1833918,4,3388,3392,completed,1
24612,Rigid,1830526,1830530,1830603,4,73,77,completed,1
24613,Rigid,1830526,1830530,1830645,4,115,119,completed,1
24614,Rigid,1830526,1830530,1830620,4,90,94,completed,1
24615,Rigid,1830526,1830530,1833188,4,2658,2662,completed,1
24616,Rigid,1830526,1830530,1830620,4,90,94,completed,1
24617,Rigid,1830526,1830530,1832637,4,2107,2111,completed,1
24618,Rigid,1830526,1830530,1830602,4,72,76,completed,1
24619,Rigid,1830526,1830530,1833894,4,3364,3368,completed,1
24620,Rigid,1830526,1830530,1830603,4,73,77,completed,1
24621,Rigid,1830613,1830614,1830673,1,59,60,completed,3
24622,Rigid,1830613,1830614,1830673,1,59,60,completed,3
24623,Rigid,1830623,1830624,1830676,1,52,53,completed,3
24624,Rigid,1830645,1830646,1830689,1,43,44,completed,3
24625,Rigid,1830645,1830646,1830689,1,43,44,completed,3
24626,Rigid,1830657,1830657,2176285,0,345628,345628,completed,144
24627,Rigid,1830678,1830679,1830685,1,6,7,completed,1
24628,Rigid,1830678,1830679,1830685,1,6,7,completed,1
24629,Rigid,1830678,1830679,1830685,1,6,7,completed,1
24630,Rigid,1830700,1830701,1830706,1,5,6,completed,1
24631,Rigid,1830700,1830701,1830706,1,5,6,completed,1
24632,Rigid,1830776,1830776,1830779,0,3,3,completed,72
24633,Rigid,1830807,1830808,1830944,1,136,137,completed,144
24634,Rigid,1830841,1830842,1830846,1,4,5,completed,72
24635,Rigid,1831943,1831944,1831954,1,10,11,completed,72
24636,Rigid,1832504,1832504,1832642,0,138,138,completed,144
24637,Rigid,1832637,1832638,1834099,1,1461,1462,completed,9
24638,Rigid,1832731,1832732,1848641,1,15909,15910,completed,144
24639,Rigid,1832913,1832914,1832920,1,6,7,completed,1
24640,Rigid,1832928,1832929,1834496,1,1567,1568,completed,9
24641,Rigid,1832982,1832984,1832988,2,4,6,completed,1
24642,Rigid,1833006,1833009,1833179,3,170,173,completed,144
24643,Rigid,1833132,1833133,1833137,1,4,5,completed,1
24644,Rigid,1833133,1833148,1833154,15,6,21,completed,1
24645,Rigid,1833133,1901929,1901937,68796,8,68804,completed,1
24646,Rigid,1833188,1833189,1834251,1,1062,1063,completed,9
24647,Rigid,1833499,1833500,1833520,1,20,21,completed,2
24648,Rigid,1833499,1833500,1833520,1,20,21,completed,2
24649,Rigid,1833500,1833500,1833520,0,20,20,completed,2
24650,Rigid,1833500,1833500,1833520,0,20,20,completed,2
24651,Rigid,1833500,1833500,1833520,0,20,20,completed,2
24652,Rigid,1833500,1833500,1833520,0,20,20,completed,2
24653,Rigid,1833500,1833500,1833520,0,20,20,completed,2
24654,Rigid,1833500,1833500,1833520,0,20,20,completed,2
24655,Rigid,1833500,1833500,1833520,0,20,20,completed,2
24656,Rigid,1833529,1833530,1833552,1,22,23,completed,2
24657,Rigid,1833530,1833530,1833552,0,22,22,completed,2
24658,Rigid,1833530,1833530,1833552,0,22,22,completed,2
24659,Rigid,1833530,1833530,1833552,0,22,22,completed,2
24660,Rigid,1833530,1833530,1833552,0,22,22,completed,2
24661,Rigid,1833530,1833530,1833552,0,22,22,completed,2
24662,Rigid,1833530,1833530,1833552,0,22,22,completed,2
24663,Rigid,1833530,1833530,1833552,0,22,22,completed,2
24664,Rigid,1833530,1833534,1833552,4,18,22,completed,2
24665,Rigid,1833564,1833565,1833573,1,8,9,completed,2
24666,Rigid,1833564,1833565,1833573,1,8,9,completed,2
24667,Rigid,1833564,1833565,1833573,1,8,9,completed,2
24668,Rigid,1833564,1833565,1833573,1,8,9,completed,2
24669,Rigid,1833564,1833565,1833574,1,9,10,completed,2
24670,Rigid,1833564,1833565,1833574,1,9,10,completed,2
24671,Rigid,1833564,1833565,1833574,1,9,10,completed,2
24672,Rigid,1833565,1833565,1833574,0,9,9,completed,2
24673,Rigid,1833565,1833565,1833574,0,9,9,completed,2
24674,Rigid,1833565,1833569,1833573,4,4,8,completed,2
24675,Rigid,1833565,1833569,1833574,4,5,9,completed,2
24676,Rigid,1833565,1833569,1833581,4,12,16,completed,2
24677,Rigid,1833565,1833569,1833574,4,5,9,completed,2
24678,Rigid,1833565,1833569,1833574,4,5,9,completed,2
24679,Rigid,1833565,1833569,1833595,4,26,30,completed,2
24680,Rigid,1833565,1833569,1833574,4,5,9,completed,2
24681,Rigid,1833565,1833569,1833574,4,5,9,completed,2
24682,Rigid,1833565,1833569,1833574,4,5,9,completed,2
24683,Rigid,1833565,1833569,1833574,4,5,9,completed,2
24684,Rigid,1833565,1833569,1833581,4,12,16,completed,2
24685,Rigid,1833565,1833569,1833574,4,5,9,completed,2
24686,Rigid,1833565,1833569,1833574,4,5,9,completed,2
24687,Rigid,1833565,1833569,1833574,4,5,9,completed,2
24688,Rigid,1833565,1833569,1833589,4,20,24,completed,2
24689,Rigid,1833565,1833569,1833574,4,5,9,completed,2
24690,Rigid,1833565,1833569,1833575,4,6,10,completed,2
24691,Rigid,1833565,1833569,1833575,4,6,10,completed,2
24692,Rigid,1833566,1833569,1833575,3,6,9,completed,2
24693,Rigid,1833566,1833569,1833583,3,14,17,completed,2
24694,Rigid,1833566,1833569,1833575,3,6,9,completed,2
24695,Rigid,1833566,1833569,1833586,3,17,20,completed,2
24696,Rigid,1833566,1833569,1833575,3,6,9,completed,2
24697,Rigid,1833566,1833569,1833575,3,6,9,completed,2
24698,Rigid,1833566,1833569,1833575,3,6,9,completed,2
24699,Rigid,1833566,1833569,1833586,3,17,20,completed,2
24700,Rigid,1833566,1833569,1833575,3,6,9,completed,2
24701,Rigid,1833566,1833569,1833575,3,6,9,completed,2
24702,Rigid,1833566,1833569,1833575,3,6,9,completed,2
24703,Rigid,1833566,1833569,1833585,3,16,19,completed,2
24704,Rigid,1833566,1833569,1833575,3,6,9,completed,2
24705,Rigid,1833566,1833569,1833575,3,6,9,completed,2
24706,Rigid,1833566,1833569,1833575,3,6,9,completed,2
24707,Rigid,1833566,1833569,1833581,3,12,15,completed,2
24708,Rigid,1833566,1833569,1833575,3,6,9,completed,2
24709,Rigid,1833566,1833569,1833575,3,6,9,completed,2
24710,Rigid,1833566,1833569,1833575,3,6,9,completed,2
24711,Rigid,1833566,1833569,1833590,3,21,24,completed,2
24712,Rigid,1833566,1833569,1833575,3,6,9,completed,2
24713,Rigid,1833566,1833569,1833575,3,6,9,completed,2
24714,Rigid,1833566,1833569,1833575,3,6,9,completed,2
24715,Rigid,1833566,1833569,1833581,3,12,15,completed,2
24716,Rigid,1833567,1833569,1833575,2,6,8,completed,2
24717,Rigid,1833567,1833569,1833575,2,6,8,completed,2
24718,Rigid,1833567,1833569,1833575,2,6,8,completed,2
24719,Rigid,1833567,1833569,1833587,2,18,20,completed,2
24720,Rigid,1833567,1833569,1833575,2,6,8,completed,2
24721,Rigid,1833567,1833569,1833575,2,6,8,completed,2
24722,Rigid,1833567,1833569,1833575,2,6,8,completed,2
24723,Rigid,1833567,1833569,1833589,2,20,22,completed,2
24724,Rigid,1833567,1833569,1833575,2,6,8,completed,2
24725,Rigid,1833567,1833569,1833575,2,6,8,completed,2
24726,Rigid,1833567,1833569,1833575,2,6,8,completed,2
24727,Rigid,1833567,1833569,1833575,2,6,8,completed,2
24728,Rigid,1833567,1833569,1833575,2,6,8,completed,2
24729,Rigid,1833567,1833569,1833577,2,8,10,completed,2
24730,Rigid,1833567,1833569,1833588,2,19,21,completed,2
24731,Rigid,1833567,1833569,1833575,2,6,8,completed,2
24732,Rigid,1833567,1833569,1833575,2,6,8,completed,2
24733,Rigid,1833567,1833569,1833575,2,6,8,completed,2
24734,Rigid,1833567,1833569,1833575,2,6,8,completed,2
24735,Rigid,1833567,1833569,1833575,2,6,8,completed,2
24736,Rigid,1833567,1833569,1833600,2,31,33,completed,2
24737,Rigid,1833567,1833569,1833575,2,6,8,completed,2
24738,Rigid,1833567,1833569,1833575,2,6,8,completed,2
24739,Rigid,1833567,1833569,1833575,2,6,8,completed,2
24740,Rigid,1833567,1833569,1833575,2,6,8,completed,2
24741,Rigid,1833567,1833569,1833575,2,6,8,completed,2
24742,Rigid,1833567,1833569,1833591,2,22,24,completed,2
24743,Rigid,1833567,1833569,1833575,2,6,8,completed,2
24744,Rigid,1833567,1833569,1833575,2,6,8,completed,2
24745,Rigid,1833567,1833569,1833575,2,6,8,completed,2
24746,Rigid,1833568,1833569,1833575,1,6,7,completed,2
24747,Rigid,1833568,1833569,1833575,1,6,7,completed,2
24748,Rigid,1833568,1833569,1833581,1,12,13,completed,2
24749,Rigid,1833568,1833569,1833575,1,6,7,completed,2
24750,Rigid,1833568,1833569,1833575,1,6,7,completed,2
24751,Rigid,1833568,1833569,1833575,1,6,7,completed,2
24752,Rigid,1833568,1833569,1833575,1,6,7,completed,2
24753,Rigid,1833568,1833569,1833575,1,6,7,completed,2
24754,Rigid,1833568,1833569,1833583,1,14,15,completed,2
24755,Rigid,1833568,1833569,1833575,1,6,7,completed,2
24756,Rigid,1833568,1833569,1833575,1,6,7,completed,2
24757,Rigid,1833568,1833569,1833575,1,6,7,completed,2
24758,Rigid,1833568,1833569,1833575,1,6,7,completed,2
24759,Rigid,1833568,1833569,1833575,1,6,7,completed,2
24760,Rigid,1833568,1833569,1833575,1,6,7,completed,2
24761,Rigid,1833568,1833569,1833575,1,6,7,completed,2
24762,Rigid,1833568,1833569,1833575,1,6,7,completed,2
24763,Rigid,1833568,1833569,1833575,1,6,7,completed,2
24764,Rigid,1833568,1833569,1833575,1,6,7,completed,2
24765,Rigid,1833568,1833569,1833575,1,6,7,completed,2
24766,Rigid,1833568,1833569,1833575,1,6,7,completed,2
24767,Rigid,1833568,1833569,1833575,1,6,7,completed,2
24768,Rigid,1833568,1833569,1833575,1,6,7,completed,2
24769,Rigid,1833568,1833569,1833575,1,6,7,completed,2
24770,Rigid,1833568,1833569,1833575,1,6,7,completed,2
24771,Rigid,1833568,1833569,1833575,1,6,7,completed,2
24772,Rigid,1833568,1833569,1833575,1,6,7,completed,2
24773,Rigid,1833568,1833569,1833575,1,6,7,completed,2
24774,Rigid,1833569,1833569,1833575,0,6,6,completed,2
24775,Rigid,1833569,1833569,1833575,0,6,6,completed,2
24776,Rigid,1833569,1833569,1833575,0,6,6,completed,2
24777,Rigid,1833569,1833573,1833589,4,16,20,completed,2
24778,Rigid,1833569,1833573,1833589,4,16,20,completed,2
24779,Rigid,1833569,1833573,1833589,4,16,20,completed,2
24780,Rigid,1833569,1833573,1833589,4,16,20,completed,2
24781,Rigid,1833570,1833573,1833589,3,16,19,completed,2
24782,Rigid,1833570,1833573,1833589,3,16,19,completed,2
24783,Rigid,1833570,1833573,1833589,3,16,19,completed,2
24784,Rigid,1833571,1833573,1833589,2,16,18,completed,2
24785,Rigid,1833571,1833573,1833589,2,16,18,completed,2
24786,Rigid,1833571,1833573,1833589,2,16,18,completed,2
24787,Rigid,1833571,1833573,1833589,2,16,18,completed,2
24788,Rigid,1833571,1833573,1833589,2,16,18,completed,2
24789,Rigid,1833571,1833573,1833589,2,16,18,completed,2
24790,Rigid,1833571,1833573,1833589,2,16,18,completed,2
24791,Rigid,1833571,1833573,1833589,2,16,18,completed,2
24792,Rigid,1833571,1833573,1833589,2,16,18,completed,2
24793,Rigid,1833571,1833573,1833590,2,17,19,completed,2
24794,Rigid,1833571,1833573,1833589,2,16,18,completed,2
24795,Rigid,1833572,1833573,1833589,1,16,17,completed,2
24796,Rigid,1833572,1833573,1833589,1,16,17,completed,2
24797,Rigid,1833572,1833573,1833589,1,16,17,completed,2
24798,Rigid,1833572,1833573,1833589,1,16,17,completed,2
24799,Rigid,1833572,1833573,1833589,1,16,17,completed,2
24800,Rigid,1833572,1833573,1833589,1,16,17,completed,2
24801,Rigid,1833572,1833573,1833589,1,16,17,completed,2
24802,Rigid,1833572,1833573,1833589,1,16,17,completed,2
24803,Rigid,1833572,1833573,1833589,1,16,17,completed,2
24804,Rigid,1833572,1833573,1833589,1,16,17,completed,2
24805,Rigid,1833572,1833573,1833589,1,16,17,completed,2
24806,Rigid,1833572,1833573,1833589,1,16,17,completed,2
24807,Rigid,1833572,1833573,1833589,1,16,17,completed,2
24808,Rigid,1833572,1833573,1833589,1,16,17,completed,2
24809,Rigid,1833572,1833573,1833589,1,16,17,completed,2
24810,Rigid,1833572,1833573,1833589,1,16,17,completed,2
24811,Rigid,1833572,1833573,1833589,1,16,17,completed,2
24812,Rigid,1833572,1833573,1833589,1,16,17,completed,2
24813,Rigid,1833572,1833573,1833589,1,16,17,completed,2
24814,Rigid,1833916,1833916,1835254,0,1338,1338,completed,9
24815,Rigid,1833929,1833929,1835114,0,1185,1185,completed,9
24816,Rigid,1834107,1834107,1835632,0,1525,1525,completed,1
24817,Rigid,1834182,1834182,1834193,0,11,11,completed,72
24818,Rigid,1834258,1834258,1836257,0,1999,1999,completed,1
24819,Rigid,1834387,1834389,1857450,2,23061,23063,completed,36
24820,Rigid,1834498,1834498,1836045,0,1547,1547,completed,1
24821,Rigid,1834783,1834783,1835633,0,850,850,completed,9
24822,Rigid,1834783,1834783,1870583,0,35800,35800,completed,9
24823,Rigid,1834906,1834906,1834922,0,16,16,completed,2
24824,Rigid,1834906,1834906,1834922,0,16,16,completed,2
24825,Rigid,1834906,1834906,1834922,0,16,16,completed,2
24826,Rigid,1834906,1834906,1834922,0,16,16,completed,2
24827,Rigid,1834906,1834906,1834922,0,16,16,completed,2
24828,Rigid,1834906,1834906,1834922,0,16,16,completed,2
24829,Rigid,1834906,1834906,1834922,0,16,16,completed,2
24830,Rigid,1834906,1834906,1834922,0,16,16,completed,2
24831,Rigid,1834906,1834906,1834922,0,16,16,completed,2
24832,Rigid,1834906,1834906,1834922,0,16,16,completed,2
24833,Rigid,1834906,1834910,1834922,4,12,16,completed,2
24834,Rigid,1834906,1834910,1834922,4,12,16,completed,2
24835,Rigid,1834906,1834910,1834922,4,12,16,completed,2
24836,Rigid,1834906,1834910,1834922,4,12,16,completed,2
24837,Rigid,1834906,1834910,1834922,4,12,16,completed,2
24838,Rigid,1834906,1834910,1834922,4,12,16,completed,2
24839,Rigid,1834906,1834910,1834922,4,12,16,completed,2
24840,Rigid,1834906,1834910,1834922,4,12,16,completed,2
24841,Rigid,1834907,1834910,1834922,3,12,15,completed,2
24842,Rigid,1834907,1834910,1834922,3,12,15,completed,2
24843,Rigid,1834907,1834910,1834922,3,12,15,completed,2
24844,Rigid,1834907,1834910,1834922,3,12,15,completed,2
24845,Rigid,1834907,1834910,1834922,3,12,15,completed,2
24846,Rigid,1834907,1834910,1834922,3,12,15,completed,2
24847,Rigid,1834907,1834910,1834922,3,12,15,completed,2
24848,Rigid,1834907,1834910,1834922,3,12,15,completed,2
24849,Rigid,1834907,1834910,1834922,3,12,15,completed,2
24850,Rigid,1834907,1834910,1834922,3,12,15,completed,2
24851,Rigid,1834907,1834910,1834922,3,12,15,completed,2
24852,Rigid,1834907,1834910,1834922,3,12,15,completed,2
24853,Rigid,1834907,1834910,1834922,3,12,15,completed,2
24854,Rigid,1834907,1834910,1834922,3,12,15,completed,2
24855,Rigid,1834907,1834910,1834922,3,12,15,completed,2
24856,Rigid,1834907,1834910,1834922,3,12,15,completed,2
24857,Rigid,1834907,1834910,1834922,3,12,15,completed,2
24858,Rigid,1834907,1834910,1834922,3,12,15,completed,2
24859,Rigid,1834907,1834910,1834922,3,12,15,completed,2
24860,Rigid,1834907,1834910,1834922,3,12,15,completed,2
24861,Rigid,1834907,1834910,1834922,3,12,15,completed,2
24862,Rigid,1834907,1834910,1834922,3,12,15,completed,2
24863,Rigid,1834907,1834910,1834922,3,12,15,completed,2
24864,Rigid,1834907,1834910,1834922,3,12,15,completed,2
24865,Rigid,1834907,1834910,1834922,3,12,15,completed,2
24866,Rigid,1834907,1834910,1834922,3,12,15,completed,2
24867,Rigid,1834908,1834910,1834922,2,12,14,completed,2
24868,Rigid,1834908,1834910,1834922,2,12,14,completed,2
24869,Rigid,1834908,1834910,1834922,2,12,14,completed,2
24870,Rigid,1834908,1834910,1834922,2,12,14,completed,2
24871,Rigid,1834908,1834910,1834922,2,12,14,completed,2
24872,Rigid,1834908,1834910,1834922,2,12,14,completed,2
24873,Rigid,1834908,1834910,1834922,2,12,14,completed,2
24874,Rigid,1834908,1834910,1834922,2,12,14,completed,2
24875,Rigid,1834908,1834910,1834922,2,12,14,completed,2
24876,Rigid,1834908,1834910,1834922,2,12,14,completed,2
24877,Rigid,1834908,1834910,1834922,2,12,14,completed,2
24878,Rigid,1834908,1834910,1834922,2,12,14,completed,2
24879,Rigid,1834908,1834910,1834922,2,12,14,completed,2
24880,Rigid,1834908,1834910,1834922,2,12,14,completed,2
24881,Rigid,1834908,1834910,1834922,2,12,14,completed,2
24882,Rigid,1834908,1834910,1834922,2,12,14,completed,2
24883,Rigid,1834908,1834910,1834930,2,20,22,completed,2
24884,Rigid,1834908,1834910,1834922,2,12,14,completed,2
24885,Rigid,1834908,1834910,1834922,2,12,14,completed,2
24886,Rigid,1834908,1834910,1834922,2,12,14,completed,2
24887,Rigid,1834908,1834910,1834922,2,12,14,completed,2
24888,Rigid,1834908,1834910,1834925,2,15,17,completed,2
24889,Rigid,1834908,1834910,1834939,2,29,31,completed,2
24890,Rigid,1834908,1834910,1834922,2,12,14,completed,2
24891,Rigid,1834908,1834910,1834922,2,12,14,completed,2
24892,Rigid,1834908,1834910,1834922,2,12,14,completed,2
24893,Rigid,1834908,1834910,1834922,2,12,14,completed,2
24894,Rigid,1834908,1834910,1834922,2,12,14,completed,2
24895,Rigid,1834908,1834910,1834949,2,39,41,completed,2
24896,Rigid,1834908,1834910,1834922,2,12,14,completed,2
24897,Rigid,1834908,1834910,1834922,2,12,14,completed,2
24898,Rigid,1834908,1834910,1834922,2,12,14,completed,2
24899,Rigid,1834908,1834910,1834922,2,12,14,completed,2
24900,Rigid,1834908,1834910,1834922,2,12,14,completed,2
24901,Rigid,1834909,1834910,1834939,1,29,30,completed,2
24902,Rigid,1834909,1834910,1834933,1,23,24,completed,2
24903,Rigid,1834909,1834910,1834922,1,12,13,completed,2
24904,Rigid,1834909,1834910,1834922,1,12,13,completed,2
24905,Rigid,1834909,1834910,1834922,1,12,13,completed,2
24906,Rigid,1834909,1834910,1834947,1,37,38,completed,2
24907,Rigid,1834909,1834910,1834941,1,31,32,completed,2
24908,Rigid,1834909,1834910,1834922,1,12,13,completed,2
24909,Rigid,1834909,1834910,1834922,1,12,13,completed,2
24910,Rigid,1834909,1834910,1834922,1,12,13,completed,2
24911,Rigid,1834909,1834910,1834922,1,12,13,completed,2
24912,Rigid,1834909,1834910,1834922,1,12,13,completed,2
24913,Rigid,1834909,1834910,1834929,1,19,20,completed,2
24914,Rigid,1834909,1834910,1834937,1,27,28,completed,2
24915,Rigid,1834909,1834910,1834922,1,12,13,completed,2
24916,Rigid,1834909,1834910,1834922,1,12,13,completed,2
24917,Rigid,1834909,1834910,1834922,1,12,13,completed,2
24918,Rigid,1834909,1834910,1834922,1,12,13,completed,2
24919,Rigid,1834909,1834910,1834940,1,30,31,completed,2
24920,Rigid,1834909,1834910,1834922,1,12,13,completed,2
24921,Rigid,1834909,1834910,1834922,1,12,13,completed,2
24922,Rigid,1834909,1834910,1834922,1,12,13,completed,2
24923,Rigid,1834909,1834910,1834922,1,12,13,completed,2
24924,Rigid,1834909,1834910,1834922,1,12,13,completed,2
24925,Rigid,1834909,1834910,1834933,1,23,24,completed,2
24926,Rigid,1834909,1834910,1834923,1,13,14,completed,2
24927,Rigid,1834909,1834910,1834922,1,12,13,completed,2
24928,Rigid,1834909,1834910,1834922,1,12,13,completed,2
24929,Rigid,1834909,1834910,1834922,1,12,13,completed,2
24930,Rigid,1834909,1834910,1834929,1,19,20,completed,2
24931,Rigid,1834909,1834910,1834922,1,12,13,completed,2
24932,Rigid,1834909,1834910,1834923,1,13,14,completed,2
24933,Rigid,1834909,1834910,1834922,1,12,13,completed,2
24934,Rigid,1834909,1834910,1834922,1,12,13,completed,2
24935,Rigid,1834909,1834910,1834922,1,12,13,completed,2
24936,Rigid,1834909,1834910,1834929,1,19,20,completed,2
24937,Rigid,1834909,1834910,1834922,1,12,13,completed,2
24938,Rigid,1834909,1834910,1834922,1,12,13,completed,2
24939,Rigid,1834910,1834910,1834922,0,12,12,completed,2
24940,Rigid,1834910,1834910,1834922,0,12,12,completed,2
24941,Rigid,1834910,1834910,1834922,0,12,12,completed,2
24942,Rigid,1834910,1834910,1834929,0,19,19,completed,2
24943,Rigid,1834910,1834910,1834922,0,12,12,completed,2
24944,Rigid,1834910,1834910,1834922,0,12,12,completed,2
24945,Rigid,1834910,1834910,1834922,0,12,12,completed,2
24946,Rigid,1834910,1834910,1834922,0,12,12,completed,2
24947,Rigid,1834910,1834910,1834922,0,12,12,completed,2
24948,Rigid,1834910,1834910,1834930,0,20,20,completed,2
24949,Rigid,1834910,1834910,1834922,0,12,12,completed,2
24950,Rigid,1834910,1834910,1834922,0,12,12,completed,2
24951,Rigid,1834910,1834910,1834922,0,12,12,completed,2
24952,Rigid,1834910,1834910,1834922,0,12,12,completed,2
24953,Rigid,1834910,1834910,1834922,0,12,12,completed,2
24954,Rigid,1834910,1834910,1834933,0,23,23,completed,2
24955,Rigid,1834910,1834910,1834922,0,12,12,completed,2
24956,Rigid,1834910,1834910,1834922,0,12,12,completed,2
24957,Rigid,1834910,1834910,1834922,0,12,12,completed,2
24958,Rigid,1834910,1834910,1834922,0,12,12,completed,2
24959,Rigid,1834910,1834910,1834922,0,12,12,completed,2
24960,Rigid,1834910,1834910,1834929,0,19,19,completed,2
24961,Rigid,1834910,1834910,1834922,0,12,12,completed,2
24962,Rigid,1834910,1834910,1834922,0,12,12,completed,2
24963,Rigid,1834910,1834910,1834922,0,12,12,completed,2
24964,Rigid,1834910,1834910,1834922,0,12,12,completed,2
24965,Rigid,1834910,1834910,1834922,0,12,12,completed,2
24966,Rigid,1834911,1834911,1834928,0,17,17,completed,2
24967,Rigid,1834911,1834915,1834922,4,7,11,completed,2
24968,Rigid,1834911,1834915,1834922,4,7,11,completed,2
24969,Rigid,1834911,1834915,1834922,4,7,11,completed,2
24970,Rigid,1834911,1834915,1834922,4,7,11,completed,2
24971,Rigid,1834912,1834915,1834922,3,7,10,completed,2
24972,Rigid,1835022,1835022,1835033,0,11,11,completed,72
24973,Rigid,1835123,1835124,1837492,1,2368,2369,completed,1
24974,Rigid,1835254,1835255,1837273,1,2018,2019,completed,1
24975,Rigid,1835637,1835638,1835643,1,5,6,completed,4
24976,Rigid,1835647,1835650,1836805,3,1155,1158,completed,4
24977,Rigid,1836050,1836051,1836056,1,5,6,completed,4
24978,Rigid,1836060,1836061,1837226,1,1165,1166,completed,4
24979,Rigid,1836208,1836209,1836325,1,116,117,completed,72
24980,Rigid,1836262,1836263,1836268,1,5,6,completed,4
24981,Rigid,1836272,1836273,1837740,1,1467,1468,completed,4
24982,Rigid,1836357,1836357,1836366,0,9,9,completed,72
24983,Rigid,1836807,1836808,1837294,1,486,487,completed,1
24984,Rigid,1836807,1836808,1837590,1,782,783,completed,1
24985,Rigid,1836807,1836808,1838169,1,1361,1362,completed,1
24986,Rigid,1836808,1836808,1836916,0,108,108,completed,1
24987,Rigid,1836808,1836808,1838036,0,1228,1228,completed,1
24988,Rigid,1836818,1836818,1836891,0,73,73,completed,36
24989,Rigid,1836910,1836911,1836995,1,84,85,completed,72
24990,Rigid,1837017,1837018,1837064,1,46,47,completed,72
24991,Rigid,1837147,1837147,1837179,0,32,32,completed,108
24992,Rigid,1837230,1837230,1838014,0,784,784,completed,1
24993,Rigid,1837230,1837234,1837341,4,107,111,completed,1
24994,Rigid,1837231,1837234,1838738,3,1504,1507,completed,1
24995,Rigid,1837231,1837234,1837741,3,507,510,completed,1
24996,Rigid,1837232,1837234,1838411,2,1177,1179,completed,1
24997,Rigid,1837284,1837284,1837288,0,4,4,completed,4
24998,Rigid,1837295,1837295,1838939,0,1644,1644,completed,4
24999,Rigid,1837301,1837302,1837397,1,95,96,completed,108
25000,Rigid,1837496,1837497,1837501,1,4,5,completed,4
25001,Rigid,1837507,1837510,1839363,3,1853,1856,completed,4
25002,Rigid,1837596,1837597,1837691,1,94,95,completed,1
25003,Rigid,1837608,1837608,1837657,0,49,49,completed,72
25004,Rigid,1837746,1837747,1838319,1,572,573,completed,1
25005,Rigid,1837746,1837747,1839313,1,1566,1567,completed,1
25006,Rigid,1837746,1837747,1838807,1,1060,1061,completed,1
25007,Rigid,1837747,1837747,1837886,0,139,139,completed,1
25008,Rigid,1837747,1837747,1839451,0,1704,1704,completed,1
25009,Rigid,1838022,1838022,1838120,0,98,98,completed,1
25010,Rigid,1838044,1838044,1838063,0,19,19,completed,6
25011,Rigid,1838172,1838173,1838193,1,20,21,completed,6
25012,Rigid,1838202,1838203,1838207,1,4,5,completed,1
25013,Rigid,1838413,1838413,1838432,0,19,19,completed,6
25014,Rigid,1838747,1838748,1838771,1,23,24,completed,6
25015,Rigid,1838777,1838778,1838781,1,3,4,completed,1
25016,Rigid,1838814,1838814,1838918,0,104,104,completed,1
25017,Rigid,1838948,1838951,1839714,3,763,766,completed,1
25018,Rigid,1838948,1838951,1841211,3,2260,2263,completed,1
25019,Rigid,1838948,1838951,1840281,3,1330,1333,completed,1
25020,Rigid,1838949,1838951,1839121,2,170,172,completed,1
25021,Rigid,1838950,1838951,1841256,1,2305,2306,completed,1
25022,Rigid,1839215,1839216,1839407,1,191,192,completed,36
25023,Rigid,1839318,1839318,1839341,0,23,23,completed,6
25024,Rigid,1839368,1839371,1841499,3,2128,2131,completed,1
25025,Rigid,1839368,1839371,1840737,3,1366,1369,completed,1
25026,Rigid,1839368,1839371,1839538,3,167,170,completed,1
25027,Rigid,1839368,1839371,1841757,3,2386,2389,completed,1
25028,Rigid,1839369,1839371,1840178,2,807,809,completed,1
25029,Rigid,1839455,1839456,1839480,1,24,25,completed,6
25030,Rigid,1839489,1839491,1839495,2,4,6,completed,1
25031,Rigid,1839575,1839575,1843784,0,4209,4209,completed,8
25032,Rigid,1839766,1839767,1839939,1,172,173,completed,36
25033,Rigid,1840000,1840001,1840183,1,182,183,completed,36
25034,Rigid,1840011,1840011,2070447,0,230436,230436,completed,36
25035,Rigid,1840225,1840225,1840398,0,173,173,completed,36
25036,Rigid,1840289,1840289,1840440,0,151,151,completed,1
25037,Rigid,1840414,1840414,1840586,0,172,172,completed,36
25038,Rigid,1840428,1840429,1855369,1,14940,14941,completed,8
25039,Rigid,1840743,1840743,1840896,0,153,153,completed,1
25040,Rigid,1840877,1840878,1840977,1,99,100,completed,36
25041,Rigid,1841013,1841013,1841107,0,94,94,completed,36
25042,Rigid,1841220,1841220,1841250,0,30,30,completed,6
25043,Rigid,1841260,1841261,1841289,1,28,29,completed,6
25044,Rigid,1841290,1841291,1841294,1,3,4,completed,1
25045,Rigid,1841502,1841503,1841531,1,28,29,completed,6
25046,Rigid,1841543,1841543,1863537,0,21994,21994,completed,9
25047,Rigid,1841571,1841572,1841665,1,93,94,completed,36
25048,Rigid,1841585,1841585,1841846,0,261,261,completed,36
25049,Rigid,1841699,1841700,1841791,1,91,92,completed,36
25050,Rigid,1841714,1841715,1841790,1,75,76,completed,36
25051,Rigid,1841766,1841767,1841797,1,30,31,completed,6
25052,Rigid,1841807,1841807,1841810,0,3,3,completed,1
25053,Rigid,1841818,1841818,1841967,0,149,149,completed,1
25054,Rigid,1841819,1841822,1841840,3,18,21,completed,1
25055,Rigid,1841824,1841826,1841984,2,158,160,completed,36
25056,Rigid,1841849,1841849,1842249,0,400,400,completed,36
25057,Rigid,1842107,1842108,1903798,1,61690,61691,completed,288
25058,Rigid,1842251,1842252,1844934,1,2682,2683,completed,36
25059,Rigid,1842773,1842773,1842866,0,93,93,completed,36
25060,Rigid,1843362,1843367,1843459,5,92,97,completed,36
25061,Rigid,1843547,1843548,1843641,1,93,94,completed,36
25062,Rigid,1844758,1844759,1844852,1,93,94,completed,36
25063,Rigid,1845052,1845052,1845148,0,96,96,completed,36
25064,Rigid,1845144,1845144,1852362,0,7218,7218,completed,4
25065,Rigid,1845198,1845199,1845293,1,94,95,completed,36
25066,Rigid,1847028,1847028,1847188,0,160,160,completed,36
25067,Rigid,1848694,1848695,1848851,1,156,157,completed,36
25068,Rigid,1849423,1849424,1849585,1,161,162,completed,36
25069,Rigid,1849822,1849822,1849882,0,60,60,completed,144
25070,Rigid,1851384,1851385,1873925,1,22540,22541,completed,36
25071,Rigid,1851384,1851385,1903660,1,52275,52276,completed,36
25072,Rigid,1851384,1851385,1931348,1,79963,79964,completed,36
25073,Rigid,1851385,1851385,1874197,0,22812,22812,completed,36
25074,Rigid,1851385,1851385,1904673,0,53288,53288,completed,36
25075,Rigid,1851385,1851385,1931635,0,80250,80250,completed,36
25076,Rigid,1851385,1851389,1874160,4,22771,22775,completed,36
25077,Rigid,1851385,1851389,1905141,4,53752,53756,completed,36
25078,Rigid,1851385,1851389,1932258,4,80869,80873,completed,36
25079,Rigid,1851385,1851389,1874348,4,22959,22963,completed,36
25080,Rigid,1851385,1851389,1905900,4,54511,54515,completed,36
25081,Rigid,1851385,1851389,1932731,4,81342,81346,completed,36
25082,Rigid,1851385,1851389,1874428,4,23039,23043,completed,36
25083,Rigid,1851385,1851389,1906103,4,54714,54718,completed,36
25084,Rigid,1851385,1851389,1933572,4,82183,82187,completed,36
25085,Rigid,1851385,1851389,1874602,4,23213,23217,completed,36
25086,Rigid,1851386,1851389,1906851,3,55462,55465,completed,36
25087,Rigid,1851386,1851389,1931389,3,80000,80003,completed,36
25088,Rigid,1851386,1851389,1874726,3,23337,23340,completed,36
25089,Rigid,1851386,1851389,1907094,3,55705,55708,completed,36
25090,Rigid,1851386,1851389,1934166,3,82777,82780,completed,36
25091,Rigid,1851386,1851389,1874623,3,23234,23237,completed,36
25092,Rigid,1851386,1851389,1906911,3,55522,55525,completed,36
25093,Rigid,1851386,1851389,1934464,3,83075,83078,completed,36
25094,Rigid,1851386,1851389,1874675,3,23286,23289,completed,36
25095,Rigid,1851387,1851389,1907431,2,56042,56044,completed,36
25096,Rigid,1851387,1851389,1934179,2,82790,82792,completed,36
25097,Rigid,1851387,1851389,1874780,2,23391,23393,completed,36
25098,Rigid,1851387,1851389,1908111,2,56722,56724,completed,36
25099,Rigid,1851387,1851389,1934105,2,82716,82718,completed,36
25100,Rigid,1851387,1851389,1874746,2,23357,23359,completed,36
25101,Rigid,1851387,1852412,1907723,1025,55311,56336,completed,36
25102,Rigid,1851387,1854559,1937741,3172,83182,86354,completed,36
25103,Rigid,1851387,1873926,1897153,22539,23227,45766,completed,36
25104,Rigid,1851387,1874198,1930378,22811,56180,78991,completed,36
25105,Rigid,1851387,1874349,1957656,22962,83307,106269,completed,36
25106,Rigid,1851387,1874430,1897740,23043,23310,46353,completed,36
25107,Rigid,1851387,1874603,1929949,23216,55346,78562,completed,36
25108,Rigid,1851387,1874624,1955097,23237,80473,103710,completed,36
25109,Rigid,1851387,1874677,1897920,23290,23243,46533,completed,36
25110,Rigid,1851388,1874727,1929933,23339,55206,78545,completed,36
25111,Rigid,1851388,1874749,1954566,23361,79817,103178,completed,36
25112,Rigid,1851388,1874781,1897833,23393,23052,46445,completed,36
25113,Rigid,1851388,1876370,1930663,24982,54293,79275,completed,36
25114,Rigid,1851388,1897154,1979836,45766,82682,128448,completed,36
25115,Rigid,1851388,1897741,1920664,46353,22923,69276,completed,36
25116,Rigid,1851388,1897834,1952467,46446,54633,101079,completed,36
25117,Rigid,1851388,1897921,1981478,46533,83557,130090,completed,36
25118,Rigid,1851388,1903661,1926492,52273,22831,75104,completed,36
25119,Rigid,1851388,1904674,1957527,53286,52853,106139,completed,36
25120,Rigid,1851388,1904694,1987048,53306,82354,135660,completed,36
25121,Rigid,1851388,1905142,1927333,53754,22191,75945,completed,36
25122,Rigid,1851388,1905901,1959767,54513,53866,108379,completed,36
25123,Rigid,1851389,1906104,1989859,54715,83755,138470,completed,36
25124,Rigid,1851389,1906853,1928730,55464,21877,77341,completed,36
25125,Rigid,1851389,1906912,1959659,55523,52747,108270,completed,36
25126,Rigid,1851389,1907095,1989278,55706,82183,137889,completed,36
25127,Rigid,1851685,1851686,1851848,1,162,163,completed,36
25128,Rigid,1851889,1851890,1852045,1,155,156,completed,36
25129,Rigid,1852226,1852227,1852384,1,157,158,completed,36
25130,Rigid,1853538,1853539,1853646,1,107,108,completed,36
25131,Rigid,1855227,1855228,1855230,1,2,3,completed,36
25132,Rigid,1856143,1856143,1856146,0,3,3,completed,36
25133,Rigid,1856260,1856261,1856263,1,2,3,completed,36
25134,Rigid,1859096,1859096,1859100,0,4,4,completed,36
25135,Rigid,1859334,1859334,1859351,0,17,17,completed,36
25136,Rigid,1859793,1859793,1859811,0,18,18,completed,36
25137,Rigid,1863150,1863151,1899170,1,36019,36020,completed,36
25138,Rigid,1863643,1863643,1880263,0,16620,16620,completed,9
25139,Rigid,1863646,1863647,1863667,1,20,21,completed,36
25140,Rigid,1864764,1864765,1864773,1,8,9,completed,288
25141,Rigid,1865030,1865031,1907474,1,42443,42444,completed,288
25142,Rigid,1865108,1865108,1865119,0,11,11,completed,288
25143,Rigid,1865195,1865195,1904004,0,38809,38809,completed,288
25144,Rigid,1865536,1865537,1868584,1,3047,3048,completed,8
25145,Rigid,1865731,1865731,1865945,0,214,214,completed,36
25146,Rigid,1865749,1865750,1865945,1,195,196,completed,36
25147,Rigid,1865768,1865768,1865945,0,177,177,completed,36
25148,Rigid,1865787,1865788,1865945,1,157,158,completed,36
25149,Rigid,1865806,1865807,1865969,1,162,163,completed,36
25150,Rigid,1865828,1865831,1865988,3,157,160,completed,36
25151,Rigid,1865855,1865856,1866012,1,156,157,completed,36
25152,Rigid,1865882,1865883,1866040,1,157,158,completed,36
25153,Rigid,1865911,1865911,1866058,0,147,147,completed,36
25154,Rigid,1865938,1865939,1866093,1,154,155,completed,36
25155,Rigid,1865964,1865965,1866116,1,151,152,completed,36
25156,Rigid,1865988,1865989,1866138,1,149,150,completed,36
25157,Rigid,1866013,1866013,1866161,0,148,148,completed,36
25158,Rigid,1866038,1866038,1866185,0,147,147,completed,36
25159,Rigid,1866062,1866063,1866210,1,147,148,completed,36
25160,Rigid,1866088,1866088,1866236,0,148,148,completed,36
25161,Rigid,1866113,1866113,1866259,0,146,146,completed,36
25162,Rigid,1866139,1866139,1866291,0,152,152,completed,36
25163,Rigid,1866166,1866166,1866324,0,158,158,completed,36
25164,Rigid,1866191,1866191,1866337,0,146,146,completed,36
25165,Rigid,1866215,1866216,1866368,1,152,153,completed,36
25166,Rigid,1866240,1866240,1866387,0,147,147,completed,36
25167,Rigid,1866265,1866265,1866410,0,145,145,completed,36
25168,Rigid,1866290,1866290,1866437,0,147,147,completed,36
25169,Rigid,1866316,1866316,1866472,0,156,156,completed,36
25170,Rigid,1866341,1866341,1866494,0,153,153,completed,36
25171,Rigid,1866365,1866365,1866525,0,160,160,completed,36
25172,Rigid,1866390,1866391,1866553,1,162,163,completed,36
25173,Rigid,1866416,1866416,1866581,0,165,165,completed,36
25174,Rigid,1866441,1866441,1866594,0,153,153,completed,36
25175,Rigid,1866466,1866467,1866631,1,164,165,completed,36
25176,Rigid,1866491,1866492,1866655,1,163,164,completed,36
25177,Rigid,1866516,1866517,1866679,1,162,163,completed,36
25178,Rigid,1866542,1866542,1866705,0,163,163,completed,36
25179,Rigid,1866566,1866566,1866734,0,168,168,completed,36
25180,Rigid,1866590,1866590,1866757,0,167,167,completed,36
25181,Rigid,1866614,1866615,1866781,1,166,167,completed,36
25182,Rigid,1866640,1866640,1866803,0,163,163,completed,36
25183,Rigid,1866665,1866665,1866814,0,149,149,completed,36
25184,Rigid,1866691,1866691,1866825,0,134,134,completed,36
25185,Rigid,1867074,1867075,1868584,1,1509,1510,completed,72
25186,Rigid,1868740,1868740,1871724,0,2984,2984,completed,36
25187,Rigid,1870903,1870903,1896509,0,25606,25606,completed,9
25188,Rigid,1871035,1871035,1871088,0,53,53,completed,144
25189,Rigid,1871111,1871112,1887070,1,15958,15959,completed,144
25190,Rigid,1880283,1880283,1885822,0,5539,5539,completed,9
25191,Rigid,1880746,1880746,2046117,0,165371,165371,completed,144
25192,Rigid,1885963,1885968,1886104,5,136,141,completed,1
25193,Rigid,1890995,1890995,1891350,0,355,355,completed,396
25194,Rigid,1896793,1896793,1903661,0,6868,6868,completed,9
25195,Rigid,1898096,1898096,2075898,0,177802,177802,completed,36
25196,Rigid,1900689,1900693,1906199,4,5506,5510,completed,36
25197,Rigid,1900792,1900792,1909820,0,9028,9028,completed,396
25198,Rigid,1901440,1901441,1901448,1,7,8,completed,1
25199,Rigid,1901441,1901467,1901471,26,4,30,completed,1
25200,Rigid,1901441,1959277,1959285,57836,8,57844,completed,1
25201,Rigid,1902975,1902976,1902980,1,4,5,completed,1
25202,Rigid,1902976,1903002,1903006,26,4,30,completed,1
25203,Rigid,1902976,1959755,1959759,56779,4,56783,completed,1
25204,Rigid,1903039,1903040,2040792,1,137752,137753,completed,72
25205,Rigid,1903811,1903813,1903840,2,27,29,completed,288
25206,Rigid,1903843,1903843,1908024,0,4181,4181,completed,9
25207,Rigid,1903895,1903896,1947925,1,44029,44030,completed,288
25208,Rigid,1904030,1904031,1947277,1,43246,43247,completed,288
25209,Rigid,1904169,1907432,1929354,3263,21922,25185,completed,36
25210,Rigid,1904169,1907725,1960948,3556,53223,56779,completed,36
25211,Rigid,1904169,1908112,1986961,3943,78849,82792,completed,36
25212,Rigid,1904169,1920665,1943077,16496,22412,38908,completed,36
25213,Rigid,1904169,1924026,1975806,19857,51780,71637,completed,36
25214,Rigid,1904169,1924026,2001807,19857,77781,97638,completed,36
25215,Rigid,1904325,1904326,1950921,1,46595,46596,completed,144
25216,Rigid,1904469,1904473,1951016,4,46543,46547,completed,144
25217,Rigid,1906015,1906016,2076195,1,170179,170180,completed,1080
25218,Rigid,1906220,1906221,2079050,1,172829,172830,completed,144
25219,Rigid,1906867,1906868,1906940,1,72,73,completed,4
25220,Rigid,1907048,1907048,1907218,0,170,170,completed,144
25221,Rigid,1907050,1907053,1907544,3,491,494,completed,4
25222,Rigid,1907166,1907166,1907174,0,8,8,completed,1
25223,Rigid,1907310,1907316,1907320,6,4,10,completed,1
25224,Rigid,1907311,1907358,1907362,47,4,51,completed,1
25225,Rigid,1907311,1962682,1962690,55371,8,55379,completed,1
25226,Rigid,1907513,1907513,1947229,0,39716,39716,completed,288
25227,Rigid,1907652,1907653,1908596,1,943,944,completed,8
25228,Rigid,1907652,1907653,1909382,1,1729,1730,completed,8
25229,Rigid,1907652,1907653,1910050,1,2397,2398,completed,8
25230,Rigid,1907652,1907653,1910065,1,2412,2413,completed,8
25231,Rigid,1907652,1907653,1910742,1,3089,3090,completed,8
25232,Rigid,1907652,1907653,1910040,1,2387,2388,completed,8
25233,Rigid,1907652,1907653,1910034,1,2381,2382,completed,8
25234,Rigid,1907652,1907653,1909375,1,1722,1723,completed,8
25235,Rigid,1907652,1907653,1910730,1,3077,3078,completed,8
25236,Rigid,1907652,1907653,1908588,1,935,936,completed,8
25237,Rigid,1907941,1907941,1990758,0,82817,82817,completed,16
25238,Rigid,1907956,1907956,1908831,0,875,875,completed,16
25239,Rigid,1907967,1907968,2022961,1,114993,114994,completed,16
25240,Rigid,1907993,1907994,1909246,1,1252,1253,completed,16
25241,Rigid,1908283,1908283,1975713,0,67430,67430,completed,16
25242,Rigid,1908293,1908294,1996521,1,88227,88228,completed,16
25243,Rigid,1908307,1908308,1908817,1,509,510,completed,16
25244,Rigid,1908349,1908349,1909081,0,732,732,completed,16
25245,Rigid,1908383,1908383,1908529,0,146,146,completed,1
25246,Rigid,1908519,1908520,1908695,1,175,176,completed,144
25247,Rigid,1909502,1909502,1915779,0,6277,6277,completed,1
25248,Rigid,1909503,1909506,1915922,3,6416,6419,completed,1
25249,Rigid,1909503,1909506,1916328,3,6822,6825,completed,1
25250,Rigid,1909504,1909506,1916343,2,6837,6839,completed,1
25251,Rigid,1909504,1909506,1915921,2,6415,6417,completed,1
25252,Rigid,1909504,1909506,1916339,2,6833,6835,completed,1
25253,Rigid,1909505,1909506,1916872,1,7366,7367,completed,1
25254,Rigid,1909505,1909506,1915993,1,6487,6488,completed,1
25255,Rigid,1909506,1909506,1915395,0,5889,5889,completed,1
25256,Rigid,1909506,1909506,1915790,0,6284,6284,completed,1
25257,Rigid,1909507,1909509,1917176,2,7667,7669,completed,1
25258,Rigid,1909507,1909509,1917144,2,7635,7637,completed,1
25259,Rigid,1909508,1909509,1917084,1,7575,7576,completed,1
25260,Rigid,1909508,1909509,1917084,1,7575,7576,completed,1
25261,Rigid,1909508,1909509,1917054,1,7545,7546,completed,1
25262,Rigid,1909509,1909509,1917156,0,7647,7647,completed,1
25263,Rigid,1909509,1909509,1917076,0,7567,7567,completed,1
25264,Rigid,1909510,1909510,1917854,0,8344,8344,completed,1
25265,Rigid,1909510,1909511,1917013,1,7502,7503,completed,1
25266,Rigid,1909511,1909513,1917856,2,8343,8345,completed,1
25267,Rigid,1910027,1910027,1917112,0,7085,7085,completed,1
25268,Rigid,1910027,1910031,1917128,4,7097,7101,completed,1
25269,Rigid,1910028,1910031,1917630,3,7599,7602,completed,1
25270,Rigid,1910028,1910031,1917194,3,7163,7166,completed,1
25271,Rigid,1910029,1910031,1917526,2,7495,7497,completed,1
25272,Rigid,1910029,1910031,1917889,2,7858,7860,completed,1
25273,Rigid,1910030,1910031,1917619,1,7588,7589,completed,1
25274,Rigid,1910030,1910031,1917603,1,7572,7573,completed,1
25275,Rigid,1910031,1910035,1916338,4,6303,6307,completed,1
25276,Rigid,1910031,1910035,1915906,4,5871,5875,completed,1
25277,Rigid,1910032,1910035,1916370,3,6335,6338,completed,1
25278,Rigid,1910032,1910035,1916375,3,6340,6343,completed,1
25279,Rigid,1910033,1910035,1916394,2,6359,6361,completed,1
25280,Rigid,1910033,1910035,1916532,2,6497,6499,completed,1
25281,Rigid,1910034,1910035,1915839,1,5804,5805,completed,1
25282,Rigid,1910035,1910035,1915689,0,5654,5654,completed,1
25283,Rigid,1910035,1910039,1916070,4,6031,6035,completed,1
25284,Rigid,1910035,1910039,1916015,4,5976,5980,completed,1
25285,Rigid,1910036,1910039,1916019,3,5980,5983,completed,1
25286,Rigid,1910036,1910039,1916342,3,6303,6306,completed,1
25287,Rigid,1910883,1910883,2202868,0,291985,291985,completed,36
25288,Rigid,1910883,1910883,2207987,0,297104,297104,completed,36
25289,Rigid,1910883,1910883,2198996,0,288113,288113,completed,36
25290,Rigid,1910883,1910883,2202322,0,291439,291439,completed,36
25291,Rigid,1910883,1910883,2199720,0,288837,288837,completed,36
25292,Rigid,1910883,1910883,2231084,0,320201,320201,completed,36
25293,Rigid,1911152,1911152,1941882,0,30730,30730,completed,36
25294,Rigid,1911168,1911169,1941424,1,30255,30256,completed,36
25295,Rigid,1911173,1911174,1941225,1,30051,30052,completed,36
25296,Rigid,1911182,1911183,1941690,1,30507,30508,completed,36
25297,Rigid,1911203,1911204,1917349,1,6145,6146,completed,36
25298,Rigid,1911212,1911213,1911356,1,143,144,completed,144
25299,Rigid,1915718,1915718,1915761,0,43,43,completed,36
25300,Rigid,1915816,1915817,1915860,1,43,44,completed,36
25301,Rigid,1917693,1917693,1917714,0,21,21,completed,1
25302,Rigid,1917693,1917693,1917714,0,21,21,completed,1
25303,Rigid,1917723,1917723,1949527,0,31804,31804,completed,9
25304,Rigid,1917723,1917723,1940898,0,23175,23175,completed,9
25305,Rigid,1918622,1918622,1918638,0,16,16,completed,36
25306,Rigid,1918749,1918749,1918764,0,15,15,completed,36
25307,Rigid,1919207,1919208,1919225,1,17,18,completed,36
25308,Rigid,1919726,1919726,1919743,0,17,17,completed,36
25309,Rigid,1919785,1919785,1919786,0,1,1,completed,24
25310,Rigid,1920735,1920736,1920863,1,127,128,completed,36
25311,Rigid,1920757,1920757,1927223,0,6466,6466,completed,1
25312,Rigid,1920758,1920761,1927383,3,6622,6625,completed,1
25313,Rigid,1920758,1920761,1927782,3,7021,7024,completed,1
25314,Rigid,1920759,1920761,1928213,2,7452,7454,completed,1
25315,Rigid,1920759,1920761,1927777,2,7016,7018,completed,1
25316,Rigid,1920760,1920761,1927781,1,7020,7021,completed,1
25317,Rigid,1920761,1920761,1927864,0,7103,7103,completed,1
25318,Rigid,1920761,1920762,1927436,1,6674,6675,completed,1
25319,Rigid,1920762,1920768,1927239,6,6471,6477,completed,1
25320,Rigid,1920762,1920768,1927237,6,6469,6475,completed,1
25321,Rigid,1920767,1920768,1928713,1,7945,7946,completed,1
25322,Rigid,1920767,1920768,1928181,1,7413,7414,completed,1
25323,Rigid,1920768,1920768,1928586,0,7818,7818,completed,1
25324,Rigid,1920769,1920772,1928608,3,7836,7839,completed,1
25325,Rigid,1920769,1920772,1928587,3,7815,7818,completed,1
25326,Rigid,1920770,1920772,1928698,2,7926,7928,completed,1
25327,Rigid,1920770,1920772,1928135,2,7363,7365,completed,1
25328,Rigid,1920771,1920772,1928594,1,7822,7823,completed,1
25329,Rigid,1920771,1920772,1929008,1,8236,8237,completed,1
25330,Rigid,1920772,1920772,1929014,0,8242,8242,completed,1
25331,Rigid,1921076,1921077,1931904,1,10827,10828,completed,8
25332,Rigid,1921076,1921077,1923062,1,1985,1986,completed,8
25333,Rigid,1921303,1921304,1928843,1,7539,7540,completed,1
25334,Rigid,1921303,1921304,1928856,1,7552,7553,completed,1
25335,Rigid,1921304,1921308,1928959,4,7651,7655,completed,1
25336,Rigid,1921305,1921308,1928932,3,7624,7627,completed,1
25337,Rigid,1921305,1921308,1928420,3,7112,7115,completed,1
25338,Rigid,1921306,1921308,1928848,2,7540,7542,completed,1
25339,Rigid,1921306,1921308,1929274,2,7966,7968,completed,1
25340,Rigid,1921307,1921308,1928941,1,7633,7634,completed,1
25341,Rigid,1921307,1921308,1927614,1,6306,6307,completed,1
25342,Rigid,1921308,1921312,1927604,4,6292,6296,completed,1
25343,Rigid,1921308,1921312,1927654,4,6342,6346,completed,1
25344,Rigid,1921309,1921312,1927664,3,6352,6355,completed,1
25345,Rigid,1921309,1921312,1927259,3,5947,5950,completed,1
25346,Rigid,1921310,1921312,1927812,2,6500,6502,completed,1
25347,Rigid,1921310,1921312,1927556,2,6244,6246,completed,1
25348,Rigid,1921311,1921312,1929108,1,7796,7797,completed,1
25349,Rigid,1921311,1921312,1929118,1,7806,7807,completed,1
25350,Rigid,1921312,1921316,1929031,4,7715,7719,completed,1
25351,Rigid,1921312,1921316,1928573,4,7257,7261,completed,1
25352,Rigid,1921313,1921316,1928555,3,7239,7242,completed,1
25353,Rigid,1921380,1921380,1921994,0,614,614,completed,36
25354,Rigid,1921499,1921499,1921528,0,29,29,completed,36
25355,Rigid,1921637,1921638,1932214,1,10576,10577,completed,1
25356,Rigid,1921638,1921638,1931159,0,9521,9521,completed,1
25357,Rigid,1921638,1921642,1932660,4,11018,11022,completed,1
25358,Rigid,1921639,1921642,1932565,3,10923,10926,completed,1
25359,Rigid,1921639,1921642,1931025,3,9383,9386,completed,1
25360,Rigid,1921640,1921642,1933064,2,11422,11424,completed,1
25361,Rigid,1921640,1921642,1929893,2,8251,8253,completed,1
25362,Rigid,1921641,1921642,1933062,1,11420,11421,completed,1
25363,Rigid,1921641,1921642,1933498,1,11856,11857,completed,1
25364,Rigid,1921642,1921646,1933666,4,12020,12024,completed,1
25365,Rigid,1921642,1921646,1933216,4,11570,11574,completed,1
25366,Rigid,1921643,1921646,1932044,3,10398,10401,completed,1
25367,Rigid,1921644,1921646,1932039,2,10393,10395,completed,1
25368,Rigid,1921644,1921646,1931757,2,10111,10113,completed,1
25369,Rigid,1921645,1921646,1932968,1,11322,11323,completed,1
25370,Rigid,1921645,1921646,1931456,1,9810,9811,completed,1
25371,Rigid,1921646,1921650,1936362,4,14712,14716,completed,1
25372,Rigid,1921646,1921650,1932964,4,11314,11318,completed,1
25373,Rigid,1921647,1921650,1931953,3,10303,10306,completed,1
25374,Rigid,1921816,1921817,1921869,1,52,53,completed,36
25375,Rigid,1922070,1922071,2008477,1,86406,86407,completed,36
25376,Rigid,1924092,1924093,1924125,1,32,33,completed,396
25377,Rigid,1924270,1924273,1933280,3,9007,9010,completed,396
25378,Rigid,1924629,1924633,1934540,4,9907,9911,completed,396
25379,Rigid,1924646,1924646,1934570,0,9924,9924,completed,396
25380,Rigid,1924985,1924986,1925609,1,623,624,completed,36
25381,Rigid,1925145,1925145,2018693,0,93548,93548,completed,108
25382,Rigid,1925206,1925207,2018561,1,93354,93355,completed,108
25383,Rigid,1927417,1927417,1927419,0,2,2,completed,1
25384,Rigid,1927419,1927420,1927498,1,78,79,completed,36
25385,Rigid,1927550,1927551,1927562,1,11,12,completed,1
25386,Rigid,1927562,1927563,1927574,1,11,12,completed,72
25387,Rigid,1927773,1927773,1927924,0,151,151,completed,36
25388,Rigid,1927915,1927916,1927921,1,5,6,completed,2
25389,Rigid,1927915,1927916,1927921,1,5,6,completed,2
25390,Rigid,1927916,1927916,1927921,0,5,5,completed,2
25391,Rigid,1927916,1927919,1927924,3,5,8,completed,2
25392,Rigid,1927916,1927919,1927924,3,5,8,completed,2
25393,Rigid,1927916,1927919,1927925,3,6,9,completed,2
25394,Rigid,1927916,1927919,1927925,3,6,9,completed,2
25395,Rigid,1927916,1927919,1927925,3,6,9,completed,2
25396,Rigid,1927916,1927919,1927925,3,6,9,completed,2
25397,Rigid,1927916,1927919,1927925,3,6,9,completed,2
25398,Rigid,1927916,1927919,1927925,3,6,9,completed,2
25399,Rigid,1927916,1927919,1927925,3,6,9,completed,2
25400,Rigid,1927917,1927919,1927925,2,6,8,completed,2
25401,Rigid,1927917,1927919,1927925,2,6,8,completed,2
25402,Rigid,1927917,1927919,1927925,2,6,8,completed,2
25403,Rigid,1927917,1927919,1927925,2,6,8,completed,2
25404,Rigid,1927917,1927919,1927925,2,6,8,completed,2
25405,Rigid,1927917,1927919,1927925,2,6,8,completed,2
25406,Rigid,1927917,1927919,1927925,2,6,8,completed,2
25407,Rigid,1927917,1927919,1927925,2,6,8,completed,2
25408,Rigid,1927917,1927919,1927925,2,6,8,completed,2
25409,Rigid,1927918,1927919,1927925,1,6,7,completed,2
25410,Rigid,1927918,1927919,1927925,1,6,7,completed,2
25411,Rigid,1927918,1927919,1927925,1,6,7,completed,2
25412,Rigid,1927918,1927919,1927925,1,6,7,completed,2
25413,Rigid,1927918,1927919,1927925,1,6,7,completed,2
25414,Rigid,1927918,1927919,1927925,1,6,7,completed,2
25415,Rigid,1927918,1927919,1927925,1,6,7,completed,2
25416,Rigid,1927918,1927919,1927925,1,6,7,completed,2
25417,Rigid,1927918,1927919,1927925,1,6,7,completed,2
25418,Rigid,1927918,1927919,1927925,1,6,7,completed,2
25419,Rigid,1927918,1927919,1927925,1,6,7,completed,2
25420,Rigid,1927918,1927919,1927925,1,6,7,completed,2
25421,Rigid,1927918,1927919,1927925,1,6,7,completed,2
25422,Rigid,1927918,1927919,1927928,1,9,10,completed,2
25423,Rigid,1927918,1927919,1927925,1,6,7,completed,2
25424,Rigid,1927918,1927919,1927925,1,6,7,completed,2
25425,Rigid,1927918,1927919,1927925,1,6,7,completed,2
25426,Rigid,1927918,1927919,1927925,1,6,7,completed,2
25427,Rigid,1927918,1927919,1927925,1,6,7,completed,2
25428,Rigid,1927919,1927919,1927925,0,6,6,completed,2
25429,Rigid,1927919,1927919,1927925,0,6,6,completed,2
25430,Rigid,1927919,1927919,1927925,0,6,6,completed,2
25431,Rigid,1927919,1927919,1927925,0,6,6,completed,2
25432,Rigid,1927919,1927919,1927925,0,6,6,completed,2
25433,Rigid,1927919,1927919,1927925,0,6,6,completed,2
25434,Rigid,1927919,1927919,1927925,0,6,6,completed,2
25435,Rigid,1927919,1927919,1927925,0,6,6,completed,2
25436,Rigid,1927919,1927919,1927925,0,6,6,completed,2
25437,Rigid,1927919,1927919,1927925,0,6,6,completed,2
25438,Rigid,1927919,1927919,1927925,0,6,6,completed,2
25439,Rigid,1927919,1927919,1927925,0,6,6,completed,2
25440,Rigid,1927919,1927919,1927925,0,6,6,completed,2
25441,Rigid,1927919,1927919,1927925,0,6,6,completed,2
25442,Rigid,1927919,1927919,1927925,0,6,6,completed,2
25443,Rigid,1927919,1927919,1927925,0,6,6,completed,2
25444,Rigid,1927919,1927919,1927925,0,6,6,completed,2
25445,Rigid,1927919,1927919,1927925,0,6,6,completed,2
25446,Rigid,1927919,1927919,1927925,0,6,6,completed,2
25447,Rigid,1927919,1927919,1927924,0,5,5,completed,2
25448,Rigid,1927919,1927919,1927924,0,5,5,completed,2
25449,Rigid,1927920,1927920,1927924,0,4,4,completed,2
25450,Rigid,1927920,1927920,1927924,0,4,4,completed,2
25451,Rigid,1927920,1927920,1927924,0,4,4,completed,2
25452,Rigid,1927920,1927920,1927924,0,4,4,completed,2
25453,Rigid,1927920,1927923,1927927,3,4,7,completed,2
25454,Rigid,1927920,1927923,1927927,3,4,7,completed,2
25455,Rigid,1927920,1927923,1927927,3,4,7,completed,2
25456,Rigid,1927920,1927923,1927927,3,4,7,completed,2
25457,Rigid,1927920,1927923,1927927,3,4,7,completed,2
25458,Rigid,1927920,1927923,1927927,3,4,7,completed,2
25459,Rigid,1927920,1927923,1927927,3,4,7,completed,2
25460,Rigid,1927920,1927923,1927927,3,4,7,completed,2
25461,Rigid,1927920,1927923,1927927,3,4,7,completed,2
25462,Rigid,1927920,1927923,1927927,3,4,7,completed,2
25463,Rigid,1927920,1927923,1927927,3,4,7,completed,2
25464,Rigid,1927921,1927923,1927927,2,4,6,completed,2
25465,Rigid,1927921,1927923,1927928,2,5,7,completed,2
25466,Rigid,1927921,1927923,1927928,2,5,7,completed,2
25467,Rigid,1927921,1927923,1927928,2,5,7,completed,2
25468,Rigid,1927921,1927923,1927928,2,5,7,completed,2
25469,Rigid,1927921,1927923,1927928,2,5,7,completed,2
25470,Rigid,1927921,1927923,1927928,2,5,7,completed,2
25471,Rigid,1927921,1927923,1927928,2,5,7,completed,2
25472,Rigid,1927921,1927923,1927928,2,5,7,completed,2
25473,Rigid,1927921,1927923,1927928,2,5,7,completed,2
25474,Rigid,1927921,1927923,1927928,2,5,7,completed,2
25475,Rigid,1927921,1927923,1927928,2,5,7,completed,2
25476,Rigid,1927921,1927923,1927928,2,5,7,completed,2
25477,Rigid,1927921,1927923,1927928,2,5,7,completed,2
25478,Rigid,1927921,1927923,1927928,2,5,7,completed,2
25479,Rigid,1927921,1927923,1927928,2,5,7,completed,2
25480,Rigid,1927921,1927923,1927928,2,5,7,completed,2
25481,Rigid,1927921,1927923,1927928,2,5,7,completed,2
25482,Rigid,1927921,1927923,1927928,2,5,7,completed,2
25483,Rigid,1927921,1927923,1927928,2,5,7,completed,2
25484,Rigid,1927921,1927923,1927928,2,5,7,completed,2
25485,Rigid,1927921,1927923,1927928,2,5,7,completed,2
25486,Rigid,1927921,1927923,1927928,2,5,7,completed,2
25487,Rigid,1927922,1927923,1927928,1,5,6,completed,2
25488,Rigid,1927922,1927923,1927928,1,5,6,completed,2
25489,Rigid,1927922,1927923,1927928,1,5,6,completed,2
25490,Rigid,1927922,1927923,1927928,1,5,6,completed,2
25491,Rigid,1927922,1927923,1927928,1,5,6,completed,2
25492,Rigid,1927922,1927923,1927928,1,5,6,completed,2
25493,Rigid,1927922,1927923,1927928,1,5,6,completed,2
25494,Rigid,1927922,1927923,1927928,1,5,6,completed,2
25495,Rigid,1927922,1927923,1927928,1,5,6,completed,2
25496,Rigid,1927925,1927925,1927941,0,16,16,completed,6
25497,Rigid,1927925,1927925,1928008,0,83,83,completed,2
25498,Rigid,1928656,1928656,1928763,0,107,107,completed,2
25499,Rigid,1928656,1928656,1928755,0,99,99,completed,2
25500,Rigid,1928656,1928656,1928705,0,49,49,completed,12
25501,Rigid,1928656,1928656,1928705,0,49,49,completed,12
25502,Rigid,1928656,1928656,1928706,0,50,50,completed,6
25503,Rigid,1928656,1928656,1928705,0,49,49,completed,6
25504,Rigid,1928656,1928656,1928705,0,49,49,completed,6
25505,Rigid,1928656,1928656,1928771,0,115,115,completed,2
25506,Rigid,1928656,1928660,1928761,4,101,105,completed,2
25507,Rigid,1928656,1928660,1928705,4,45,49,completed,12
25508,Rigid,1928656,1928660,1928712,4,52,56,completed,12
25509,Rigid,1928656,1928660,1928712,4,52,56,completed,6
25510,Rigid,1928656,1928660,1928705,4,45,49,completed,6
25511,Rigid,1928656,1928660,1928706,4,46,50,completed,6
25512,Rigid,1928656,1928660,1928780,4,120,124,completed,2
25513,Rigid,1928656,1928660,1928775,4,115,119,completed,2
25514,Rigid,1928656,1928660,1928705,4,45,49,completed,12
25515,Rigid,1928657,1928660,1928709,3,49,52,completed,12
25516,Rigid,1928657,1928660,1928707,3,47,50,completed,6
25517,Rigid,1928657,1928660,1928705,3,45,48,completed,6
25518,Rigid,1928657,1928660,1928764,3,104,107,completed,2
25519,Rigid,1928657,1928660,1928775,3,115,118,completed,2
25520,Rigid,1928657,1928660,1928705,3,45,48,completed,12
25521,Rigid,1928657,1928660,1928705,3,45,48,completed,12
25522,Rigid,1928657,1928660,1928705,3,45,48,completed,6
25523,Rigid,1928657,1928660,1928705,3,45,48,completed,6
25524,Rigid,1928657,1928660,1928764,3,104,107,completed,2
25525,Rigid,1928657,1928660,1928780,3,120,123,completed,2
25526,Rigid,1928657,1928660,1928706,3,46,49,completed,12
25527,Rigid,1928657,1928660,1928709,3,49,52,completed,12
25528,Rigid,1928657,1928660,1928706,3,46,49,completed,6
25529,Rigid,1928657,1928660,1928714,3,54,57,completed,6
25530,Rigid,1928657,1928660,1928774,3,114,117,completed,2
25531,Rigid,1928657,1928660,1928769,3,109,112,completed,2
25532,Rigid,1928657,1928660,1928705,3,45,48,completed,12
25533,Rigid,1928657,1928660,1928706,3,46,49,completed,12
25534,Rigid,1928657,1928660,1928706,3,46,49,completed,6
25535,Rigid,1928657,1928660,1928705,3,45,48,completed,6
25536,Rigid,1928657,1928660,1928794,3,134,137,completed,2
25537,Rigid,1928658,1928660,1928706,2,46,48,completed,12
25538,Rigid,1928658,1928660,1928706,2,46,48,completed,12
25539,Rigid,1928658,1928660,1928705,2,45,47,completed,6
25540,Rigid,1928658,1928660,1928705,2,45,47,completed,6
25541,Rigid,1928658,1928660,1928756,2,96,98,completed,2
25542,Rigid,1928658,1928660,1928787,2,127,129,completed,2
25543,Rigid,1928658,1928660,1928706,2,46,48,completed,12
25544,Rigid,1928658,1928660,1928706,2,46,48,completed,12
25545,Rigid,1928658,1928660,1928712,2,52,54,completed,6
25546,Rigid,1928658,1928660,1928714,2,54,56,completed,6
25547,Rigid,1928658,1928660,1928790,2,130,132,completed,2
25548,Rigid,1928658,1928660,1928760,2,100,102,completed,2
25549,Rigid,1928658,1928660,1928706,2,46,48,completed,12
25550,Rigid,1928658,1928660,1928706,2,46,48,completed,12
25551,Rigid,1928658,1928660,1928708,2,48,50,completed,6
25552,Rigid,1928658,1928660,1928706,2,46,48,completed,6
25553,Rigid,1928658,1928660,1928760,2,100,102,completed,2
25554,Rigid,1928658,1928660,1928762,2,102,104,completed,2
25555,Rigid,1928658,1928660,1928706,2,46,48,completed,12
25556,Rigid,1928659,1928660,1928712,1,52,53,completed,12
25557,Rigid,1928659,1928660,1928706,1,46,47,completed,6
25558,Rigid,1928659,1928660,1928705,1,45,46,completed,6
25559,Rigid,1928659,1928660,1928777,1,117,118,completed,2
25560,Rigid,1928659,1928660,1928769,1,109,110,completed,2
25561,Rigid,1928659,1928660,1928712,1,52,53,completed,12
25562,Rigid,1928659,1928660,1928706,1,46,47,completed,12
25563,Rigid,1928659,1928660,1928705,1,45,46,completed,6
25564,Rigid,1928659,1928660,1928709,1,49,50,completed,6
25565,Rigid,1928659,1928660,1928782,1,122,123,completed,2
25566,Rigid,1928659,1928660,1928775,1,115,116,completed,2
25567,Rigid,1928659,1928660,1928709,1,49,50,completed,12
25568,Rigid,1928659,1928660,1928712,1,52,53,completed,12
25569,Rigid,1928659,1928660,1928712,1,52,53,completed,6
25570,Rigid,1928659,1928660,1928708,1,48,49,completed,6
25571,Rigid,1928659,1928660,1928780,1,120,121,completed,2
25572,Rigid,1928659,1928660,1928785,1,125,126,completed,2
25573,Rigid,1928659,1928660,1928705,1,45,46,completed,12
25574,Rigid,1928659,1928660,1928705,1,45,46,completed,12
25575,Rigid,1928659,1928660,1928712,1,52,53,completed,6
25576,Rigid,1928660,1928660,1928768,0,108,108,completed,2
25577,Rigid,1928660,1928660,1928746,0,86,86,completed,2
25578,Rigid,1928660,1928660,1928712,0,52,52,completed,12
25579,Rigid,1928660,1928660,1928705,0,45,45,completed,12
25580,Rigid,1928660,1928660,1928705,0,45,45,completed,12
25581,Rigid,1928660,1928660,1928705,0,45,45,completed,6
25582,Rigid,1928660,1928660,1928705,0,45,45,completed,6
25583,Rigid,1928660,1928660,1928772,0,112,112,completed,2
25584,Rigid,1928660,1928660,1928769,0,109,109,completed,2
25585,Rigid,1928660,1928660,1928706,0,46,46,completed,12
25586,Rigid,1928660,1928660,1928706,0,46,46,completed,12
25587,Rigid,1928660,1928660,1928706,0,46,46,completed,12
25588,Rigid,1928660,1928660,1928706,0,46,46,completed,6
25589,Rigid,1928660,1928660,1928705,0,45,45,completed,6
25590,Rigid,1928660,1928660,1928754,0,94,94,completed,2
25591,Rigid,1928660,1928664,1928735,4,71,75,completed,12
25592,Rigid,1928660,1928707,1928746,47,39,86,completed,12
25593,Rigid,1928660,1928675,1928742,15,67,82,completed,6
25594,Rigid,1928660,1928707,1928746,47,39,86,completed,6
25595,Rigid,1928661,1928707,1928755,46,48,94,completed,6
25596,Rigid,1928661,1928707,1928746,46,39,85,completed,6
25597,Rigid,1928661,1928707,1928742,46,35,81,completed,12
25598,Rigid,1928661,1928675,1928800,14,125,139,completed,2
25599,Rigid,1928661,1928675,1928741,14,66,80,completed,2
25600,Rigid,1928661,1928707,1928742,46,35,81,completed,6
25601,Rigid,1928661,1928707,1928742,46,35,81,completed,6
25602,Rigid,1928661,1928707,1928746,46,39,85,completed,6
25603,Rigid,1928661,1928707,1928746,46,39,85,completed,6
25604,Rigid,1928661,1928675,1928792,14,117,131,completed,2
25605,Rigid,1928661,1928707,1928752,46,45,91,completed,12
25606,Rigid,1928661,1928707,1928735,46,28,74,completed,6
25607,Rigid,1928661,1928707,1928765,46,58,104,completed,6
25608,Rigid,1928661,1928707,1928757,46,50,96,completed,6
25609,Rigid,1928661,1928707,1928735,46,28,74,completed,6
25610,Rigid,1928661,1928675,1928802,14,127,141,completed,2
25611,Rigid,1928662,1928707,1928754,45,47,92,completed,12
25612,Rigid,1928662,1928707,1928748,45,41,86,completed,6
25613,Rigid,1928662,1928707,1928755,45,48,93,completed,6
25614,Rigid,1928662,1928707,1928756,45,49,94,completed,6
25615,Rigid,1928662,1928707,1928756,45,49,94,completed,6
25616,Rigid,1928662,1928675,1928840,13,165,178,completed,2
25617,Rigid,1928662,1928707,1928743,45,36,81,completed,12
25618,Rigid,1928662,1928707,1928735,45,28,73,completed,6
25619,Rigid,1928662,1928707,1928735,45,28,73,completed,6
25620,Rigid,1928662,1928707,1928741,45,34,79,completed,6
25621,Rigid,1928662,1928707,1928761,45,54,99,completed,6
25622,Rigid,1928662,1928675,1928797,13,122,135,completed,2
25623,Rigid,1928662,1928675,1928742,13,67,80,completed,2
25624,Rigid,1928662,1928707,1928752,45,45,90,completed,12
25625,Rigid,1928662,1928707,1928756,45,49,94,completed,6
25626,Rigid,1928662,1928707,1928746,45,39,84,completed,6
25627,Rigid,1928662,1928707,1928755,45,48,93,completed,6
25628,Rigid,1928662,1928707,1928760,45,53,98,completed,6
25629,Rigid,1928662,1928705,1928803,43,98,141,completed,2
25630,Rigid,1928662,1928707,1928746,45,39,84,completed,12
25631,Rigid,1928662,1928707,1928750,45,43,88,completed,6
25632,Rigid,1928662,1928707,1928746,45,39,84,completed,6
25633,Rigid,1928662,1928707,1928746,45,39,84,completed,6
25634,Rigid,1928662,1928707,1928746,45,39,84,completed,6
25635,Rigid,1928662,1928707,1928742,45,35,80,completed,6
25636,Rigid,1928662,1928707,1928792,45,85,130,completed,2
25637,Rigid,1928662,1928707,1928741,45,34,79,completed,12
25638,Rigid,1928662,1928707,1928757,45,50,95,completed,6
25639,Rigid,1928662,1928707,1928757,45,50,95,completed,6
25640,Rigid,1928662,1928707,1928743,45,36,81,completed,6
25641,Rigid,1928662,1928707,1928743,45,36,81,completed,6
25642,Rigid,1928663,1928707,1928741,44,34,78,completed,6
25643,Rigid,1928663,1928707,1928843,44,136,180,completed,2
25644,Rigid,1928663,1928707,1928817,44,110,154,completed,2
25645,Rigid,1928663,1928707,1928742,44,35,79,completed,12
25646,Rigid,1928663,1928707,1928741,44,34,78,completed,6
25647,Rigid,1928663,1928707,1928749,44,42,86,completed,6
25648,Rigid,1928663,1928707,1928753,44,46,90,completed,6
25649,Rigid,1928663,1928707,1928750,44,43,87,completed,6
25650,Rigid,1928663,1928707,1928756,44,49,93,completed,6
25651,Rigid,1928663,1928707,1928831,44,124,168,completed,2
25652,Rigid,1928663,1928707,1928798,44,91,135,completed,2
25653,Rigid,1928663,1928707,1928754,44,47,91,completed,12
25654,Rigid,1928663,1928707,1928756,44,49,93,completed,6
25655,Rigid,1928663,1928707,1928735,44,28,72,completed,6
25656,Rigid,1928663,1928708,1928753,45,45,90,completed,6
25657,Rigid,1928663,1928708,1928741,45,33,78,completed,6
25658,Rigid,1928663,1928708,1928742,45,34,79,completed,6
25659,Rigid,1928663,1928708,1928827,45,119,164,completed,2
25660,Rigid,1928663,1928708,1928812,45,104,149,completed,2
25661,Rigid,1928663,1928708,1928755,45,47,92,completed,12
25662,Rigid,1928663,1928708,1928746,45,38,83,completed,6
25663,Rigid,1928663,1928709,1928760,46,51,97,completed,6
25664,Rigid,1928663,1928709,1928753,46,44,90,completed,6
25665,Rigid,1928663,1928710,1928746,47,36,83,completed,6
25666,Rigid,1928663,1928710,1928742,47,32,79,completed,6
25667,Rigid,1928663,1928710,1928801,47,91,138,completed,2
25668,Rigid,1928663,1928710,1928747,47,37,84,completed,12
25669,Rigid,1928663,1928710,1928751,47,41,88,completed,6
25670,Rigid,1928663,1928710,1928742,47,32,79,completed,6
25671,Rigid,1928663,1928710,1928787,47,77,124,completed,6
25672,Rigid,1928663,1928713,1928768,50,55,105,completed,6
25673,Rigid,1928663,1928713,1928772,50,59,109,completed,6
25674,Rigid,1928664,1928713,1928824,49,111,160,completed,2
25675,Rigid,1928664,1928713,1928759,49,46,95,completed,2
25676,Rigid,1928664,1928713,1928769,49,56,105,completed,12
25677,Rigid,1928664,1928713,1928786,49,73,122,completed,2
25678,Rigid,1928664,1928713,1928765,49,52,101,completed,6
25679,Rigid,1928664,1928713,1928763,49,50,99,completed,6
25680,Rigid,1928664,1928713,1928793,49,80,129,completed,6
25681,Rigid,1928664,1928713,1928775,49,62,111,completed,6
25682,Rigid,1928664,1928713,1928778,49,65,114,completed,6
25683,Rigid,1928664,1928713,1928837,49,124,173,completed,2
25684,Rigid,1928664,1928713,1928774,49,61,110,completed,12
25685,Rigid,1928664,1928713,1928762,49,49,98,completed,6
25686,Rigid,1928664,1928715,1928780,51,65,116,completed,6
25687,Rigid,1928664,1928715,1928787,51,72,123,completed,6
25688,Rigid,1928664,1928731,1928782,67,51,118,completed,6
25689,Rigid,1928664,1928731,1928791,67,60,127,completed,6
25690,Rigid,1928664,1928731,1928852,67,121,188,completed,2
25691,Rigid,1928664,1928731,1928772,67,41,108,completed,2
25692,Rigid,1928664,1928731,1928784,67,53,120,completed,12
25693,Rigid,1928664,1928731,1928795,67,64,131,completed,6
25694,Rigid,1928664,1928736,1928781,72,45,117,completed,6
25695,Rigid,1928664,1928736,1928787,72,51,123,completed,6
25696,Rigid,1928664,1928736,1928780,72,44,116,completed,6
25697,Rigid,1928664,1928736,1928781,72,45,117,completed,6
25698,Rigid,1928726,1928735,1928772,9,37,46,completed,2
25699,Rigid,1928727,1928735,1928772,8,37,45,completed,2
25700,Rigid,1928727,1928735,1928772,8,37,45,completed,2
25701,Rigid,1928727,1928736,1928771,9,35,44,completed,2
25702,Rigid,1928728,1928736,1928771,8,35,43,completed,2
25703,Rigid,1928728,1928736,1928771,8,35,43,completed,2
25704,Rigid,1928729,1928736,1928771,7,35,42,completed,2
25705,Rigid,1928729,1928736,1928771,7,35,42,completed,2
25706,Rigid,1928730,1928736,1928771,6,35,41,completed,2
25707,Rigid,1928730,1928736,1928771,6,35,41,completed,2
25708,Rigid,1928731,1928736,1928771,5,35,40,completed,2
25709,Rigid,1928732,1928736,1928771,4,35,39,completed,2
25710,Rigid,1928732,1928736,1928771,4,35,39,completed,2
25711,Rigid,1928732,1928736,1928772,4,36,40,completed,2
25712,Rigid,1928732,1928736,1928772,4,36,40,completed,2
25713,Rigid,1928732,1928736,1928772,4,36,40,completed,2
25714,Rigid,1928732,1928742,1928772,10,30,40,completed,2
25715,Rigid,1928732,1928742,1928768,10,26,36,completed,2
25716,Rigid,1928732,1928742,1928768,10,26,36,completed,2
25717,Rigid,1928732,1928743,1928768,11,25,36,completed,2
25718,Rigid,1928733,1928743,1928768,10,25,35,completed,2
25719,Rigid,1928733,1928743,1928768,10,25,35,completed,2
25720,Rigid,1929552,1929553,1929702,1,149,150,completed,2
25721,Rigid,1929552,1929553,1929785,1,232,233,completed,12
25722,Rigid,1929552,1929553,1929567,1,14,15,completed,2
25723,Rigid,1929553,1929553,1929915,0,362,362,completed,12
25724,Rigid,1929553,1929553,1929583,0,30,30,completed,6
25725,Rigid,1929553,1929553,1929595,0,42,42,completed,6
25726,Rigid,1929553,1929553,1929662,0,109,109,completed,2
25727,Rigid,1929553,1929553,1929713,0,160,160,completed,2
25728,Rigid,1929553,1929553,1929584,0,31,31,completed,6
25729,Rigid,1929553,1929553,1929772,0,219,219,completed,12
25730,Rigid,1929553,1929553,1929910,0,357,357,completed,12
25731,Rigid,1929553,1929553,1929816,0,263,263,completed,12
25732,Rigid,1929553,1929557,1929583,4,26,30,completed,6
25733,Rigid,1929553,1929557,1929674,4,117,121,completed,2
25734,Rigid,1929553,1929557,1929706,4,149,153,completed,2
25735,Rigid,1929553,1929557,1929591,4,34,38,completed,6
25736,Rigid,1929607,1929607,1929622,0,15,15,completed,2
25737,Rigid,1929923,1929924,1929972,1,48,49,completed,2
25738,Rigid,1929973,1929974,1929983,1,9,10,completed,2
25739,Rigid,1929974,1929974,1929981,0,7,7,completed,2
25740,Rigid,1929974,1929974,1929988,0,14,14,completed,2
25741,Rigid,1929974,1929978,1929982,4,4,8,completed,2
25742,Rigid,1929974,1929978,1929986,4,8,12,completed,2
25743,Rigid,1929983,1929984,1929990,1,6,7,completed,2
25744,Rigid,1930216,1930217,1930236,1,19,20,completed,16
25745,Rigid,1930597,1930598,2199283,1,268685,268686,completed,16
25746,Rigid,1933093,1933093,1933238,0,145,145,completed,144
25747,Rigid,1935172,1935173,1935181,1,8,9,completed,1
25748,Rigid,1935173,1935196,1935201,23,5,28,completed,1
25749,Rigid,1935173,1983018,1983027,47845,9,47854,completed,1
25750,Rigid,1935705,1935705,1935709,0,4,4,completed,1
25751,Rigid,1935725,1935725,1935726,0,1,1,completed,1
25752,Rigid,1935725,1935725,1935733,0,8,8,completed,1
25753,Rigid,1935725,1935725,1935726,0,1,1,completed,1
25754,Rigid,1935725,1935725,1935733,0,8,8,completed,1
25755,Rigid,1935725,1935725,1935727,0,2,2,completed,1
25756,Rigid,1936570,1936573,1936588,3,15,18,completed,144
25757,Rigid,1936575,1936577,1936868,2,291,293,completed,144
25758,Rigid,1936651,1936651,1936869,0,218,218,completed,144
25759,Rigid,1936919,1936919,1936927,0,8,8,completed,144
25760,Rigid,1937249,1937249,1939380,0,2131,2131,completed,36
25761,Rigid,1937255,1937255,1939382,0,2127,2127,completed,36
25762,Rigid,1937805,1937806,1937810,1,4,5,completed,18
25763,Rigid,1938104,1938105,1938107,1,2,3,completed,1
25764,Rigid,1938104,1938105,1938112,1,7,8,completed,1
25765,Rigid,1938104,1938105,1938107,1,2,3,completed,1
25766,Rigid,1938104,1938105,1938107,1,2,3,completed,1
25767,Rigid,1938104,1938105,1938112,1,7,8,completed,1
25768,Rigid,1938147,1938148,1938149,1,1,2,completed,1
25769,Rigid,1938147,1938148,1938160,1,12,13,completed,2
25770,Rigid,1938147,1938148,1938149,1,1,2,completed,1
25771,Rigid,1938147,1938148,1938160,1,12,13,completed,2
25772,Rigid,1938147,1938148,1938149,1,1,2,completed,1
25773,Rigid,1938148,1938148,1938226,0,78,78,completed,2
25774,Rigid,1938148,1938148,1938149,0,1,1,completed,1
25775,Rigid,1938148,1938150,1938151,2,1,3,completed,1
25776,Rigid,1938148,1938150,1938153,2,3,5,completed,1
25777,Rigid,1938148,1938150,1938153,2,3,5,completed,1
25778,Rigid,1938149,1938150,1938153,1,3,4,completed,1
25779,Rigid,1938149,1938150,1938151,1,1,2,completed,1
25780,Rigid,1938149,1938150,1938160,1,10,11,completed,2
25781,Rigid,1938149,1938150,1938160,1,10,11,completed,2
25782,Rigid,1938149,1938150,1938160,1,10,11,completed,2
25783,Rigid,1938149,1938150,1938151,1,1,2,completed,1
25784,Rigid,1938149,1938150,1938226,1,76,77,completed,2
25785,Rigid,1938150,1938150,1938160,0,10,10,completed,2
25786,Rigid,1938150,1938150,1938151,0,1,1,completed,1
25787,Rigid,1938150,1938150,1938160,0,10,10,completed,2
25788,Rigid,1938150,1938152,1938153,2,1,3,completed,1
25789,Rigid,1938151,1938152,1938154,1,2,3,completed,1
25790,Rigid,1938151,1938152,1938160,1,8,9,completed,2
25791,Rigid,1938151,1938152,1938154,1,2,3,completed,1
25792,Rigid,1938151,1938152,1938153,1,1,2,completed,1
25793,Rigid,1938151,1938152,1938160,1,8,9,completed,2
25794,Rigid,1938151,1938152,1938226,1,74,75,completed,2
25795,Rigid,1938152,1938152,1938160,0,8,8,completed,2
25796,Rigid,1938152,1938152,1938154,0,2,2,completed,1
25797,Rigid,1938152,1938152,1938153,0,1,1,completed,1
25798,Rigid,1938152,1938152,1938153,0,1,1,completed,1
25799,Rigid,1938152,1938152,1938160,0,8,8,completed,2
25800,Rigid,1938152,1938152,1938160,0,8,8,completed,2
25801,Rigid,1938153,1938154,1938226,1,72,73,completed,2
25802,Rigid,1938153,1938154,1938161,1,7,8,completed,2
25803,Rigid,1938153,1938154,1938156,1,2,3,completed,1
25804,Rigid,1938153,1938154,1938155,1,1,2,completed,1
25805,Rigid,1938153,1938154,1938226,1,72,73,completed,2
25806,Rigid,1938153,1938154,1938155,1,1,2,completed,1
25807,Rigid,1938153,1938154,1938161,1,7,8,completed,2
25808,Rigid,1938154,1938154,1938161,0,7,7,completed,2
25809,Rigid,1938154,1938154,1938161,0,7,7,completed,2
25810,Rigid,1938154,1938154,1938156,0,2,2,completed,1
25811,Rigid,1938154,1938154,1938156,0,2,2,completed,1
25812,Rigid,1938154,1938154,1938155,0,1,1,completed,1
25813,Rigid,1938154,1938154,1938156,0,2,2,completed,1
25814,Rigid,1938154,1938154,1938161,0,7,7,completed,2
25815,Rigid,1938155,1938155,1938156,0,1,1,completed,1
25816,Rigid,1938155,1938155,1938226,0,71,71,completed,2
25817,Rigid,1938155,1938156,1938161,1,5,6,completed,2
25818,Rigid,1938155,1938156,1938158,1,2,3,completed,1
25819,Rigid,1938155,1938156,1938158,1,2,3,completed,1
25820,Rigid,1938155,1938156,1938158,1,2,3,completed,1
25821,Rigid,1938155,1938156,1938158,1,2,3,completed,1
25822,Rigid,1938155,1938156,1938161,1,5,6,completed,2
25823,Rigid,1938156,1938156,1938161,0,5,5,completed,2
25824,Rigid,1938156,1938156,1938161,0,5,5,completed,2
25825,Rigid,1938156,1938156,1938161,0,5,5,completed,2
25826,Rigid,1938156,1938156,1938161,0,5,5,completed,2
25827,Rigid,1938156,1938157,1938158,1,1,2,completed,1
25828,Rigid,1938156,1938157,1938158,1,1,2,completed,1
25829,Rigid,1938156,1938157,1938158,1,1,2,completed,1
25830,Rigid,1938156,1938157,1938244,1,87,88,completed,2
25831,Rigid,1938156,1938157,1938161,1,4,5,completed,2
25832,Rigid,1938156,1938157,1938161,1,4,5,completed,2
25833,Rigid,1938157,1938157,1938158,0,1,1,completed,1
25834,Rigid,1938157,1938157,1938158,0,1,1,completed,1
25835,Rigid,1938157,1938157,1938158,0,1,1,completed,1
25836,Rigid,1938157,1938157,1938226,0,69,69,completed,2
25837,Rigid,1938157,1938159,1938160,2,1,3,completed,1
25838,Rigid,1938158,1938159,1938160,1,1,2,completed,1
25839,Rigid,1938158,1938159,1938226,1,67,68,completed,2
25840,Rigid,1938158,1938159,1938226,1,67,68,completed,2
25841,Rigid,1938158,1938159,1938226,1,67,68,completed,2
25842,Rigid,1938158,1938159,1938226,1,67,68,completed,2
25843,Rigid,1938158,1938159,1938161,1,2,3,completed,1
25844,Rigid,1938158,1938159,1938168,1,9,10,completed,2
25845,Rigid,1938158,1938159,1938226,1,67,68,completed,2
25846,Rigid,1938800,1938801,1938807,1,6,7,completed,36
25847,Rigid,1938904,1938905,1938907,1,2,3,completed,36
25848,Rigid,1939106,1939106,1939111,0,5,5,completed,36
25849,Rigid,1939214,1939215,1939219,1,4,5,completed,36
25850,Rigid,1939290,1939291,1991373,1,52082,52083,completed,36
25851,Rigid,1939409,1939410,1991481,1,52071,52072,completed,36
25852,Rigid,1939414,1939415,1991320,1,51905,51906,completed,36
25853,Rigid,1940913,1940915,1940928,2,13,15,completed,1
25854,Rigid,1940943,1940944,1941226,1,282,283,completed,1
25855,Rigid,1941253,1941253,1948387,0,7134,7134,completed,9
25856,Rigid,1943659,1943660,1943665,1,5,6,completed,1
25857,Rigid,1943789,1943790,1943839,1,49,50,completed,1
25858,Rigid,1944524,1944525,1944592,1,67,68,completed,1
25859,Rigid,1944610,1944613,1957182,3,12569,12572,completed,1
25860,Rigid,1944758,1944758,1945779,0,1021,1021,completed,36
25861,Rigid,1944761,1944762,1944788,1,26,27,completed,2
25862,Rigid,1944761,1944762,1944784,1,22,23,completed,2
25863,Rigid,1944761,1944762,1944775,1,13,14,completed,2
25864,Rigid,1944761,1944762,1944771,1,9,10,completed,2
25865,Rigid,1944762,1944762,1944775,0,13,13,completed,2
25866,Rigid,1944762,1944762,1944784,0,22,22,completed,2
25867,Rigid,1944781,1944781,1944792,0,11,11,completed,2
25868,Rigid,1944781,1944781,1944799,0,18,18,completed,2
25869,Rigid,1944781,1944781,1944799,0,18,18,completed,2
25870,Rigid,1944781,1944781,1944792,0,11,11,completed,2
25871,Rigid,1944781,1944781,1944799,0,18,18,completed,2
25872,Rigid,1944781,1944785,1944795,4,10,14,completed,2
25873,Rigid,1944782,1944785,1944796,3,11,14,completed,2
25874,Rigid,1944782,1944785,1944796,3,11,14,completed,2
25875,Rigid,1944782,1944785,1944797,3,12,15,completed,2
25876,Rigid,1944782,1944785,1944796,3,11,14,completed,2
25877,Rigid,1944782,1944785,1944796,3,11,14,completed,2
25878,Rigid,1944782,1944785,1944797,3,12,15,completed,2
25879,Rigid,1944782,1944785,1944797,3,12,15,completed,2
25880,Rigid,1944782,1944785,1944796,3,11,14,completed,2
25881,Rigid,1944782,1944785,1944798,3,13,16,completed,2
25882,Rigid,1944782,1944785,1944801,3,16,19,completed,2
25883,Rigid,1944782,1944785,1944796,3,11,14,completed,2
25884,Rigid,1944782,1944785,1944796,3,11,14,completed,2
25885,Rigid,1944782,1944785,1944799,3,14,17,completed,2
25886,Rigid,1944782,1944785,1944796,3,11,14,completed,2
25887,Rigid,1944782,1944785,1944798,3,13,16,completed,2
25888,Rigid,1944782,1944785,1944799,3,14,17,completed,2
25889,Rigid,1944782,1944785,1944796,3,11,14,completed,2
25890,Rigid,1946326,1946326,1959263,0,12937,12937,completed,1
25891,Rigid,1946326,1946326,1959195,0,12869,12869,completed,1
25892,Rigid,1946326,1946326,1959133,0,12807,12807,completed,1
25893,Rigid,1946326,1946326,1959267,0,12941,12941,completed,1
25894,Rigid,1946326,1946326,1958354,0,12028,12028,completed,1
25895,Rigid,1946326,1946326,1958365,0,12039,12039,completed,1
25896,Rigid,1946326,1946326,1959245,0,12919,12919,completed,1
25897,Rigid,1946326,1946326,1959429,0,13103,13103,completed,1
25898,Rigid,1946326,1946326,1959065,0,12739,12739,completed,1
25899,Rigid,1946326,1946326,1959168,0,12842,12842,completed,1
25900,Rigid,1946326,1946326,1959241,0,12915,12915,completed,1
25901,Rigid,1946326,1946326,1959205,0,12879,12879,completed,1
25902,Rigid,1946326,1946326,1959235,0,12909,12909,completed,1
25903,Rigid,1946326,1946326,1959063,0,12737,12737,completed,1
25904,Rigid,1946326,1946326,1959156,0,12830,12830,completed,1
25905,Rigid,1946326,1946327,1959072,1,12745,12746,completed,1
25906,Rigid,1946326,1946327,1959142,1,12815,12816,completed,1
25907,Rigid,1946326,1946327,1959080,1,12753,12754,completed,1
25908,Rigid,1946326,1946327,1959434,1,13107,13108,completed,1
25909,Rigid,1946326,1946327,1959373,1,13046,13047,completed,1
25910,Rigid,1946326,1946327,1959244,1,12917,12918,completed,1
25911,Rigid,1946326,1946327,1959134,1,12807,12808,completed,1
25912,Rigid,1946326,1946327,1959359,1,13032,13033,completed,1
25913,Rigid,1946326,1946327,1959316,1,12989,12990,completed,1
25914,Rigid,1946326,1946327,1962739,1,16412,16413,completed,1
25915,Rigid,1946326,1946327,1962537,1,16210,16211,completed,1
25916,Rigid,1946326,1946327,1959251,1,12924,12925,completed,1
25917,Rigid,1946326,1946327,1959214,1,12887,12888,completed,1
25918,Rigid,1946326,1946327,1959019,1,12692,12693,completed,1
25919,Rigid,1946326,1946327,1959104,1,12777,12778,completed,1
25920,Rigid,1946326,1946327,1958913,1,12586,12587,completed,1
25921,Rigid,1946326,1946327,1959148,1,12821,12822,completed,1
25922,Rigid,1946326,1946327,1958967,1,12640,12641,completed,1
25923,Rigid,1946326,1946327,1958917,1,12590,12591,completed,1
25924,Rigid,1946326,1946327,1958961,1,12634,12635,completed,1
25925,Rigid,1946326,1946327,1958937,1,12610,12611,completed,1
25926,Rigid,1946326,1946327,1959002,1,12675,12676,completed,1
25927,Rigid,1946326,1946327,1959056,1,12729,12730,completed,1
25928,Rigid,1946326,1946327,1959198,1,12871,12872,completed,1
25929,Rigid,1946326,1946327,1959324,1,12997,12998,completed,1
25930,Rigid,1946326,1946327,1959076,1,12749,12750,completed,1
25931,Rigid,1946326,1946327,1959034,1,12707,12708,completed,1
25932,Rigid,1946326,1946327,1959026,1,12699,12700,completed,1
25933,Rigid,1946326,1946327,1959181,1,12854,12855,completed,1
25934,Rigid,1946326,1946327,1959067,1,12740,12741,completed,1
25935,Rigid,1946326,1946327,1959143,1,12816,12817,completed,1
25936,Rigid,1946326,1946327,1959281,1,12954,12955,completed,1
25937,Rigid,1946326,1946327,1959180,1,12853,12854,completed,1
25938,Rigid,1946326,1946327,1959126,1,12799,12800,completed,1
25939,Rigid,1946326,1946327,1959006,1,12679,12680,completed,1
25940,Rigid,1946326,1946327,1959002,1,12675,12676,completed,1
25941,Rigid,1946326,1946327,1959150,1,12823,12824,completed,1
25942,Rigid,1946326,1946327,1959240,1,12913,12914,completed,1
25943,Rigid,1946326,1946327,1959149,1,12822,12823,completed,1
25944,Rigid,1946326,1946327,1959078,1,12751,12752,completed,1
25945,Rigid,1946326,1946327,1959058,1,12731,12732,completed,1
25946,Rigid,1946326,1946327,1959156,1,12829,12830,completed,1
25947,Rigid,1946326,1946327,1959060,1,12733,12734,completed,1
25948,Rigid,1946326,1946327,1959246,1,12919,12920,completed,1
25949,Rigid,1946326,1946327,1959336,1,13009,13010,completed,1
25950,Rigid,1946326,1946327,1959034,1,12707,12708,completed,1
25951,Rigid,1946326,1946327,1959078,1,12751,12752,completed,1
25952,Rigid,1946326,1946327,1959255,1,12928,12929,completed,1
25953,Rigid,1946326,1946327,1959140,1,12813,12814,completed,1
25954,Rigid,1946326,1946327,1959210,1,12883,12884,completed,1
25955,Rigid,1946326,1946327,1959085,1,12758,12759,completed,1
25956,Rigid,1946326,1946327,1958875,1,12548,12549,completed,1
25957,Rigid,1946326,1946327,1959043,1,12716,12717,completed,1
25958,Rigid,1946326,1946327,1958906,1,12579,12580,completed,1
25959,Rigid,1946326,1946327,1959051,1,12724,12725,completed,1
25960,Rigid,1946326,1946327,1958882,1,12555,12556,completed,1
25961,Rigid,1946326,1946327,1959020,1,12693,12694,completed,1
25962,Rigid,1946326,1946327,1958853,1,12526,12527,completed,1
25963,Rigid,1946326,1946327,1958877,1,12550,12551,completed,1
25964,Rigid,1946326,1946327,1959030,1,12703,12704,completed,1
25965,Rigid,1946326,1946327,1958986,1,12659,12660,completed,1
25966,Rigid,1946326,1946327,1959150,1,12823,12824,completed,1
25967,Rigid,1946326,1946327,1959172,1,12845,12846,completed,1
25968,Rigid,1946326,1946327,1958983,1,12656,12657,completed,1
25969,Rigid,1946326,1946327,1959013,1,12686,12687,completed,1
25970,Rigid,1946326,1946327,1959012,1,12685,12686,completed,1
25971,Rigid,1946326,1946327,1959300,1,12973,12974,completed,1
25972,Rigid,1946326,1946327,1959789,1,13462,13463,completed,1
25973,Rigid,1946326,1946327,1959430,1,13103,13104,completed,1
25974,Rigid,1946326,1946327,1959473,1,13146,13147,completed,1
25975,Rigid,1946326,1946327,1959455,1,13128,13129,completed,1
25976,Rigid,1946326,1946327,1959669,1,13342,13343,completed,1
25977,Rigid,1946326,1946327,1959713,1,13386,13387,completed,1
25978,Rigid,1946326,1946327,1958868,1,12541,12542,completed,1
25979,Rigid,1946326,1946327,1958737,1,12410,12411,completed,1
25980,Rigid,1946326,1946327,1958687,1,12360,12361,completed,1
25981,Rigid,1946326,1946327,1958643,1,12316,12317,completed,1
25982,Rigid,1946326,1946327,1958598,1,12271,12272,completed,1
25983,Rigid,1946326,1946327,1958788,1,12461,12462,completed,1
25984,Rigid,1946326,1946327,1958772,1,12445,12446,completed,1
25985,Rigid,1946326,1946337,1958705,11,12368,12379,completed,1
25986,Rigid,1946326,1946337,1958704,11,12367,12378,completed,1
25987,Rigid,1946326,1946337,1958652,11,12315,12326,completed,1
25988,Rigid,1946326,1946337,1958685,11,12348,12359,completed,1
25989,Rigid,1946694,1946695,1947071,1,376,377,completed,36
25990,Rigid,1947200,1947201,1947214,1,13,14,completed,2
25991,Rigid,1947200,1947201,1947214,1,13,14,completed,2
25992,Rigid,1947200,1947201,1947214,1,13,14,completed,2
25993,Rigid,1947200,1947201,1947214,1,13,14,completed,2
25994,Rigid,1947200,1947201,1947214,1,13,14,completed,2
25995,Rigid,1947201,1947201,1947214,0,13,13,completed,2
25996,Rigid,1947201,1947201,1947214,0,13,13,completed,2
25997,Rigid,1947201,1947201,1947214,0,13,13,completed,2
25998,Rigid,1947201,1947201,1947214,0,13,13,completed,2
25999,Rigid,1947201,1947201,1947233,0,32,32,completed,6
26000,Rigid,1947201,1947201,1947214,0,13,13,completed,2
26001,Rigid,1947201,1947201,1947238,0,37,37,completed,6
26002,Rigid,1947201,1947201,1947214,0,13,13,completed,2
26003,Rigid,1947201,1947201,1947214,0,13,13,completed,2
26004,Rigid,1947201,1947201,1947252,0,51,51,completed,6
26005,Rigid,1947201,1947201,1947214,0,13,13,completed,2
26006,Rigid,1947201,1947201,1947214,0,13,13,completed,2
26007,Rigid,1947201,1947201,1947214,0,13,13,completed,2
26008,Rigid,1947201,1947201,1947297,0,96,96,completed,6
26009,Rigid,1947201,1947201,1947214,0,13,13,completed,2
26010,Rigid,1947201,1947201,1947239,0,38,38,completed,6
26011,Rigid,1947201,1947201,1947214,0,13,13,completed,2
26012,Rigid,1947201,1947201,1947214,0,13,13,completed,2
26013,Rigid,1947201,1947201,1947214,0,13,13,completed,2
26014,Rigid,1947201,1947201,1947214,0,13,13,completed,2
26015,Rigid,1947201,1947201,1947214,0,13,13,completed,2
26016,Rigid,1947201,1947201,1947214,0,13,13,completed,2
26017,Rigid,1947201,1947201,1947214,0,13,13,completed,2
26018,Rigid,1947201,1947201,1947214,0,13,13,completed,2
26019,Rigid,1947201,1947201,1947214,0,13,13,completed,2
26020,Rigid,1947201,1947201,1947214,0,13,13,completed,2
26021,Rigid,1947201,1947201,1947214,0,13,13,completed,2
26022,Rigid,1947201,1947201,1947214,0,13,13,completed,2
26023,Rigid,1947201,1947205,1947214,4,9,13,completed,2
26024,Rigid,1947201,1947205,1947214,4,9,13,completed,2
26025,Rigid,1947201,1947205,1947215,4,10,14,completed,2
26026,Rigid,1947201,1947205,1947214,4,9,13,completed,2
26027,Rigid,1947201,1947205,1947214,4,9,13,completed,2
26028,Rigid,1947202,1947205,1947214,3,9,12,completed,2
26029,Rigid,1947202,1947205,1947214,3,9,12,completed,2
26030,Rigid,1947202,1947205,1947214,3,9,12,completed,2
26031,Rigid,1947202,1947205,1947214,3,9,12,completed,2
26032,Rigid,1947202,1947205,1947214,3,9,12,completed,2
26033,Rigid,1947202,1947205,1947214,3,9,12,completed,2
26034,Rigid,1947202,1947205,1947214,3,9,12,completed,2
26035,Rigid,1947202,1947205,1947214,3,9,12,completed,2
26036,Rigid,1947202,1947205,1947214,3,9,12,completed,2
26037,Rigid,1947202,1947205,1947214,3,9,12,completed,2
26038,Rigid,1947202,1947205,1947214,3,9,12,completed,2
26039,Rigid,1947202,1947205,1947214,3,9,12,completed,2
26040,Rigid,1947202,1947205,1947214,3,9,12,completed,2
26041,Rigid,1947202,1947205,1947214,3,9,12,completed,2
26042,Rigid,1947202,1947205,1947214,3,9,12,completed,2
26043,Rigid,1947202,1947205,1947214,3,9,12,completed,2
26044,Rigid,1947202,1947205,1947214,3,9,12,completed,2
26045,Rigid,1947202,1947205,1947214,3,9,12,completed,2
26046,Rigid,1947202,1947205,1947214,3,9,12,completed,2
26047,Rigid,1947202,1947205,1947214,3,9,12,completed,2
26048,Rigid,1947202,1947205,1947214,3,9,12,completed,2
26049,Rigid,1947202,1947205,1947214,3,9,12,completed,2
26050,Rigid,1947202,1947205,1947214,3,9,12,completed,2
26051,Rigid,1947202,1947205,1947214,3,9,12,completed,2
26052,Rigid,1947202,1947205,1947214,3,9,12,completed,2
26053,Rigid,1947203,1947205,1947214,2,9,11,completed,2
26054,Rigid,1947203,1947205,1947214,2,9,11,completed,2
26055,Rigid,1947203,1947205,1947214,2,9,11,completed,2
26056,Rigid,1947203,1947205,1947214,2,9,11,completed,2
26057,Rigid,1947203,1947205,1947214,2,9,11,completed,2
26058,Rigid,1947203,1947205,1947214,2,9,11,completed,2
26059,Rigid,1947203,1947205,1947214,2,9,11,completed,2
26060,Rigid,1947203,1947205,1947214,2,9,11,completed,2
26061,Rigid,1947203,1947205,1947214,2,9,11,completed,2
26062,Rigid,1947203,1947205,1947214,2,9,11,completed,2
26063,Rigid,1947203,1947205,1947214,2,9,11,completed,2
26064,Rigid,1947203,1947205,1947214,2,9,11,completed,2
26065,Rigid,1947203,1947205,1947214,2,9,11,completed,2
26066,Rigid,1947203,1947205,1947214,2,9,11,completed,2
26067,Rigid,1947203,1947205,1947214,2,9,11,completed,2
26068,Rigid,1947203,1947205,1947214,2,9,11,completed,2
26069,Rigid,1947203,1947205,1947214,2,9,11,completed,2
26070,Rigid,1947203,1947205,1947214,2,9,11,completed,2
26071,Rigid,1947203,1947205,1947214,2,9,11,completed,2
26072,Rigid,1947203,1947205,1947233,2,28,30,completed,6
26073,Rigid,1947203,1947205,1947214,2,9,11,completed,2
26074,Rigid,1947203,1947205,1947214,2,9,11,completed,2
26075,Rigid,1947203,1947205,1947214,2,9,11,completed,2
26076,Rigid,1947203,1947205,1947233,2,28,30,completed,6
26077,Rigid,1947203,1947205,1947214,2,9,11,completed,2
26078,Rigid,1947203,1947205,1947214,2,9,11,completed,2
26079,Rigid,1947203,1947205,1947214,2,9,11,completed,2
26080,Rigid,1947203,1947205,1947214,2,9,11,completed,2
26081,Rigid,1947203,1947205,1947214,2,9,11,completed,2
26082,Rigid,1947203,1947205,1947219,2,14,16,completed,2
26083,Rigid,1947203,1947205,1947252,2,47,49,completed,6
26084,Rigid,1947203,1947205,1947214,2,9,11,completed,2
26085,Rigid,1947203,1947205,1947214,2,9,11,completed,2
26086,Rigid,1947203,1947205,1947214,2,9,11,completed,2
26087,Rigid,1947203,1947205,1947214,2,9,11,completed,2
26088,Rigid,1947203,1947205,1947214,2,9,11,completed,2
26089,Rigid,1947203,1947205,1947214,2,9,11,completed,2
26090,Rigid,1947203,1947205,1947297,2,92,94,completed,6
26091,Rigid,1947203,1947205,1947214,2,9,11,completed,2
26092,Rigid,1947203,1947205,1947214,2,9,11,completed,2
26093,Rigid,1947203,1947205,1947214,2,9,11,completed,2
26094,Rigid,1947204,1947205,1947214,1,9,10,completed,2
26095,Rigid,1947204,1947205,1947239,1,34,35,completed,6
26096,Rigid,1947204,1947205,1947214,1,9,10,completed,2
26097,Rigid,1947204,1947205,1947214,1,9,10,completed,2
26098,Rigid,1947207,1947209,1947549,2,340,342,completed,36
26099,Rigid,1947215,1947215,1947335,0,120,120,completed,2
26100,Rigid,1947215,1947215,1947239,0,24,24,completed,6
26101,Rigid,1947215,1947216,1947330,1,114,115,completed,2
26102,Rigid,1947216,1947216,1947243,0,27,27,completed,6
26103,Rigid,1947216,1947216,1947240,0,24,24,completed,6
26104,Rigid,1947216,1947216,1947303,0,87,87,completed,2
26105,Rigid,1947216,1947216,1947246,0,30,30,completed,6
26106,Rigid,1947216,1947216,1947249,0,33,33,completed,6
26107,Rigid,1947216,1947216,1947246,0,30,30,completed,6
26108,Rigid,1947216,1947216,1947309,0,93,93,completed,2
26109,Rigid,1947216,1947216,1947329,0,113,113,completed,2
26110,Rigid,1947216,1947216,1947242,0,26,26,completed,6
26111,Rigid,1947216,1947217,1947242,1,25,26,completed,6
26112,Rigid,1947217,1947217,1947251,0,34,34,completed,6
26113,Rigid,1947217,1947218,1947321,1,103,104,completed,2
26114,Rigid,1947217,1947218,1947286,1,68,69,completed,6
26115,Rigid,1947217,1947218,1947249,1,31,32,completed,6
26116,Rigid,1947217,1947218,1947249,1,31,32,completed,6
26117,Rigid,1947217,1947218,1947315,1,97,98,completed,2
26118,Rigid,1947217,1947218,1947248,1,30,31,completed,6
26119,Rigid,1947217,1947218,1947257,1,39,40,completed,6
26120,Rigid,1947217,1947218,1947319,1,101,102,completed,2
26121,Rigid,1947217,1947218,1947254,1,36,37,completed,6
26122,Rigid,1947217,1947218,1947257,1,39,40,completed,6
26123,Rigid,1947218,1947220,1947286,2,66,68,completed,6
26124,Rigid,1947218,1947220,1947243,2,23,25,completed,6
26125,Rigid,1947218,1947220,1947286,2,66,68,completed,6
26126,Rigid,1947218,1947220,1947242,2,22,24,completed,6
26127,Rigid,1947218,1947220,1947342,2,122,124,completed,2
26128,Rigid,1947218,1947220,1947314,2,94,96,completed,2
26129,Rigid,1947218,1947220,1947248,2,28,30,completed,6
26130,Rigid,1947218,1947220,1947332,2,112,114,completed,2
26131,Rigid,1947218,1947220,1947328,2,108,110,completed,2
26132,Rigid,1947218,1947220,1947331,2,111,113,completed,2
26133,Rigid,1947218,1947220,1947286,2,66,68,completed,6
26134,Rigid,1947219,1947220,1947243,1,23,24,completed,6
26135,Rigid,1947219,1947220,1947247,1,27,28,completed,6
26136,Rigid,1947219,1947220,1947246,1,26,27,completed,6
26137,Rigid,1947219,1947220,1947249,1,29,30,completed,12
26138,Rigid,1947219,1947220,1947242,1,22,23,completed,12
26139,Rigid,1947219,1947220,1947244,1,24,25,completed,12
26140,Rigid,1947219,1947220,1947476,1,256,257,completed,12
26141,Rigid,1947219,1947220,1947484,1,264,265,completed,12
26142,Rigid,1947219,1947220,1947245,1,25,26,completed,12
26143,Rigid,1947219,1947220,1947600,1,380,381,completed,12
26144,Rigid,1947219,1947220,1947243,1,23,24,completed,6
26145,Rigid,1947219,1947220,1947333,1,113,114,completed,2
26146,Rigid,1947219,1947220,1947251,1,31,32,completed,12
26147,Rigid,1947220,1947220,1947592,0,372,372,completed,12
26148,Rigid,1947220,1947220,1947244,0,24,24,completed,12
26149,Rigid,1947220,1947220,1947244,0,24,24,completed,12
26150,Rigid,1947220,1947220,1947480,0,260,260,completed,12
26151,Rigid,1947220,1947220,1947245,0,25,25,completed,12
26152,Rigid,1947220,1947220,1947251,0,31,31,completed,12
26153,Rigid,1947220,1947220,1947249,0,29,29,completed,6
26154,Rigid,1947220,1947220,1947244,0,24,24,completed,12
26155,Rigid,1947220,1947220,1947239,0,19,19,completed,6
26156,Rigid,1947220,1947220,1947249,0,29,29,completed,6
26157,Rigid,1947220,1947231,1947289,11,58,69,completed,12
26158,Rigid,1947220,1947231,1947289,11,58,69,completed,12
26159,Rigid,1947220,1947231,1947319,11,88,99,completed,2
26160,Rigid,1947220,1947231,1947347,11,116,127,completed,2
26161,Rigid,1947220,1947231,1947299,11,68,79,completed,12
26162,Rigid,1947220,1947231,1947289,11,58,69,completed,12
26163,Rigid,1947220,1947231,1947292,11,61,72,completed,12
26164,Rigid,1947221,1947231,1947289,10,58,68,completed,2
26165,Rigid,1947221,1947231,1947286,10,55,65,completed,6
26166,Rigid,1947221,1947231,1947289,10,58,68,completed,2
26167,Rigid,1947221,1947231,1947286,10,55,65,completed,6
26168,Rigid,1947221,1947231,1947341,10,110,120,completed,2
26169,Rigid,1947221,1947231,1947289,10,58,68,completed,2
26170,Rigid,1947221,1947231,1947286,10,55,65,completed,6
26171,Rigid,1947221,1947231,1947289,10,58,68,completed,2
26172,Rigid,1947221,1947231,1947289,10,58,68,completed,2
26173,Rigid,1947221,1947231,1947289,10,58,68,completed,2
26174,Rigid,1947221,1947231,1947327,10,96,106,completed,2
26175,Rigid,1947221,1947231,1947289,10,58,68,completed,2
26176,Rigid,1947221,1947231,1947289,10,58,68,completed,6
26177,Rigid,1947221,1947231,1947289,10,58,68,completed,6
26178,Rigid,1947221,1947231,1947289,10,58,68,completed,2
26179,Rigid,1947221,1947231,1947289,10,58,68,completed,2
26180,Rigid,1947221,1947231,1947289,10,58,68,completed,2
26181,Rigid,1947221,1947231,1947344,10,113,123,completed,2
26182,Rigid,1947221,1947231,1947289,10,58,68,completed,2
26183,Rigid,1947221,1947231,1947339,10,108,118,completed,2
26184,Rigid,1947221,1947231,1947340,10,109,119,completed,2
26185,Rigid,1947221,1947231,1947289,10,58,68,completed,2
26186,Rigid,1947221,1947231,1947287,10,56,66,completed,6
26187,Rigid,1947221,1947231,1947290,10,59,69,completed,6
26188,Rigid,1947221,1947231,1947291,10,60,70,completed,12
26189,Rigid,1947221,1947231,1947289,10,58,68,completed,2
26190,Rigid,1947221,1947231,1947289,10,58,68,completed,2
26191,Rigid,1947221,1947231,1947327,10,96,106,completed,2
26192,Rigid,1947222,1947231,1947289,9,58,67,completed,2
26193,Rigid,1947222,1947231,1947289,9,58,67,completed,2
26194,Rigid,1947222,1947231,1947289,9,58,67,completed,2
26195,Rigid,1947222,1947231,1947295,9,64,73,completed,12
26196,Rigid,1947222,1947231,1947289,9,58,67,completed,12
26197,Rigid,1947222,1947231,1947289,9,58,67,completed,2
26198,Rigid,1947222,1947231,1947286,9,55,64,completed,6
26199,Rigid,1947222,1947231,1947286,9,55,64,completed,6
26200,Rigid,1947222,1947231,1947290,9,59,68,completed,12
26201,Rigid,1947222,1947231,1947289,9,58,67,completed,12
26202,Rigid,1947222,1947231,1947286,9,55,64,completed,6
26203,Rigid,1947222,1947231,1947289,9,58,67,completed,6
26204,Rigid,1947223,1947231,1947286,8,55,63,completed,6
26205,Rigid,1947223,1947231,1947289,8,58,66,completed,2
26206,Rigid,1947223,1947231,1947347,8,116,124,completed,2
26207,Rigid,1947223,1947231,1947289,8,58,66,completed,2
26208,Rigid,1947223,1947231,1947291,8,60,68,completed,12
26209,Rigid,1947223,1947231,1947291,8,60,68,completed,6
26210,Rigid,1947223,1947231,1947290,8,59,67,completed,6
26211,Rigid,1947223,1947231,1947289,8,58,66,completed,2
26212,Rigid,1947223,1947231,1947366,8,135,143,completed,2
26213,Rigid,1947223,1947231,1947292,8,61,69,completed,12
26214,Rigid,1947223,1947231,1947289,8,58,66,completed,12
26215,Rigid,1947223,1947231,1947291,8,60,68,completed,6
26216,Rigid,1947223,1947231,1947286,8,55,63,completed,6
26217,Rigid,1947224,1947231,1947286,7,55,62,completed,6
26218,Rigid,1947224,1947231,1947289,7,58,65,completed,6
26219,Rigid,1947224,1947231,1947335,7,104,111,completed,2
26220,Rigid,1947224,1947231,1947295,7,64,71,completed,12
26221,Rigid,1947224,1947231,1947289,7,58,65,completed,12
26222,Rigid,1947224,1947231,1947286,7,55,62,completed,12
26223,Rigid,1947224,1947231,1947295,7,64,71,completed,6
26224,Rigid,1947224,1947231,1947292,7,61,68,completed,6
26225,Rigid,1947224,1947231,1947286,7,55,62,completed,6
26226,Rigid,1947224,1947231,1947286,7,55,62,completed,6
26227,Rigid,1947224,1947231,1947361,7,130,137,completed,2
26228,Rigid,1947224,1947231,1947327,7,96,103,completed,2
26229,Rigid,1947238,1947238,1947332,0,94,94,completed,2
26230,Rigid,1947238,1947238,1947290,0,52,52,completed,12
26231,Rigid,1947238,1947238,1947292,0,54,54,completed,6
26232,Rigid,1947238,1947239,1947286,1,47,48,completed,6
26233,Rigid,1947239,1947239,1947348,0,109,109,completed,2
26234,Rigid,1947239,1947239,1947286,0,47,47,completed,6
26235,Rigid,1947239,1947239,1947289,0,50,50,completed,12
26236,Rigid,1947239,1947239,1947286,0,47,47,completed,6
26237,Rigid,1947240,1947240,1947286,0,46,46,completed,6
26238,Rigid,1947240,1947240,1947286,0,46,46,completed,6
26239,Rigid,1947240,1947240,1947355,0,115,115,completed,2
26240,Rigid,1947241,1947242,1947292,1,50,51,completed,12
26241,Rigid,1947242,1947242,1947349,0,107,107,completed,2
26242,Rigid,1947242,1947242,1947289,0,47,47,completed,6
26243,Rigid,1947242,1947242,1947338,0,96,96,completed,2
26244,Rigid,1947242,1947242,1947346,0,104,104,completed,2
26245,Rigid,1947242,1947243,1947286,1,43,44,completed,6
26246,Rigid,1947242,1947243,1947292,1,49,50,completed,12
26247,Rigid,1947243,1947243,1947289,0,46,46,completed,12
26248,Rigid,1947243,1947243,1947286,0,43,43,completed,6
26249,Rigid,1947244,1947244,1947299,0,55,55,completed,6
26250,Rigid,1947244,1947244,1947289,0,45,45,completed,12
26251,Rigid,1947244,1947244,1947287,0,43,43,completed,6
26252,Rigid,1947244,1947244,1947286,0,42,42,completed,6
26253,Rigid,1947244,1947244,1947352,0,108,108,completed,2
26254,Rigid,1947244,1947244,1947368,0,124,124,completed,2
26255,Rigid,1947244,1947244,1947286,0,42,42,completed,6
26256,Rigid,1947244,1947244,1947286,0,42,42,completed,6
26257,Rigid,1947244,1947244,1947289,0,45,45,completed,6
26258,Rigid,1947244,1947244,1947286,0,42,42,completed,6
26259,Rigid,1947244,1947244,1947286,0,42,42,completed,6
26260,Rigid,1947244,1947244,1947291,0,47,47,completed,6
26261,Rigid,1947244,1947244,1947356,0,112,112,completed,2
26262,Rigid,1947244,1947245,1947299,1,54,55,completed,6
26263,Rigid,1947245,1947245,1947366,0,121,121,completed,2
26264,Rigid,1947245,1947245,1947291,0,46,46,completed,6
26265,Rigid,1947245,1947245,1947293,0,48,48,completed,6
26266,Rigid,1947245,1947245,1947289,0,44,44,completed,12
26267,Rigid,1947245,1947245,1947289,0,44,44,completed,12
26268,Rigid,1947245,1947245,1947289,0,44,44,completed,6
26269,Rigid,1947245,1947245,1947368,0,123,123,completed,2
26270,Rigid,1947245,1947245,1947289,0,44,44,completed,6
26271,Rigid,1947246,1947246,1947286,0,40,40,completed,6
26272,Rigid,1947246,1947246,1947289,0,43,43,completed,12
26273,Rigid,1947246,1947246,1947289,0,43,43,completed,12
26274,Rigid,1947246,1947246,1947357,0,111,111,completed,2
26275,Rigid,1947247,1947247,1947295,0,48,48,completed,6
26276,Rigid,1947247,1947247,1947291,0,44,44,completed,12
26277,Rigid,1947247,1947247,1947291,0,44,44,completed,6
26278,Rigid,1947247,1947247,1947288,0,41,41,completed,12
26279,Rigid,1947247,1947248,1947314,1,66,67,completed,12
26280,Rigid,1947247,1947248,1947310,1,62,63,completed,6
26281,Rigid,1947247,1947248,1947312,1,64,65,completed,6
26282,Rigid,1947247,1947248,1947323,1,75,76,completed,12
26283,Rigid,1947247,1947248,1947311,1,63,64,completed,6
26284,Rigid,1947247,1947248,1947376,1,128,129,completed,2
26285,Rigid,1947247,1947248,1947378,1,130,131,completed,2
26286,Rigid,1947248,1947248,1947312,0,64,64,completed,6
26287,Rigid,1947248,1947248,1947330,0,82,82,completed,12
26288,Rigid,1947248,1947248,1947321,0,73,73,completed,12
26289,Rigid,1947248,1947248,1947317,0,69,69,completed,6
26290,Rigid,1947248,1947248,1947314,0,66,66,completed,6
26291,Rigid,1947248,1947248,1947397,0,149,149,completed,2
26292,Rigid,1947248,1947249,1947316,1,67,68,completed,12
26293,Rigid,1947249,1947249,1947323,0,74,74,completed,12
26294,Rigid,1947249,1947249,1947310,0,61,61,completed,6
26295,Rigid,1947275,1947276,1947405,1,129,130,completed,2
26296,Rigid,1947276,1947280,1947399,4,119,123,completed,2
26297,Rigid,1947276,1947280,1947336,4,56,60,completed,6
26298,Rigid,1947276,1947280,1947336,4,56,60,completed,6
26299,Rigid,1947278,1947280,1947333,2,53,55,completed,6
26300,Rigid,1947278,1947280,1947333,2,53,55,completed,6
26301,Rigid,1947278,1947280,1947336,2,56,58,completed,12
26302,Rigid,1947278,1947280,1947335,2,55,57,completed,12
26303,Rigid,1947279,1947280,1947335,1,55,56,completed,12
26304,Rigid,1947279,1947280,1947397,1,117,118,completed,2
26305,Rigid,1947280,1947284,1947334,4,50,54,completed,6
26306,Rigid,1947280,1947284,1947397,4,113,117,completed,2
26307,Rigid,1947280,1947284,1947334,4,50,54,completed,6
26308,Rigid,1947281,1947284,1947332,3,48,51,completed,6
26309,Rigid,1947281,1947284,1947332,3,48,51,completed,6
26310,Rigid,1947281,1947284,1947332,3,48,51,completed,6
26311,Rigid,1947282,1947284,1947392,2,108,110,completed,2
26312,Rigid,1947282,1947284,1947336,2,52,54,completed,6
26313,Rigid,1947282,1947284,1947399,2,115,117,completed,2
26314,Rigid,1947283,1947284,1947331,1,47,48,completed,6
26315,Rigid,1947284,1947284,1947337,0,53,53,completed,12
26316,Rigid,1947287,1947287,1947379,0,92,92,completed,2
26317,Rigid,1947289,1947290,1947333,1,43,44,completed,6
26318,Rigid,1947350,1947351,1947367,1,16,17,completed,2
26319,Rigid,1947350,1947351,1947367,1,16,17,completed,2
26320,Rigid,1947540,1947541,1960071,1,12530,12531,completed,288
26321,Rigid,1947610,1947613,1947660,3,47,50,completed,2
26322,Rigid,1947670,1947673,1947687,3,14,17,completed,2
26323,Rigid,1947670,1947673,1947682,3,9,12,completed,2
26324,Rigid,1947670,1947673,1947679,3,6,9,completed,2
26325,Rigid,1947670,1947673,1947681,3,8,11,completed,2
26326,Rigid,1947670,1947673,1947683,3,10,13,completed,2
26327,Rigid,1947800,1947800,1960081,0,12281,12281,completed,288
26328,Rigid,1947895,1947896,2041023,1,93127,93128,completed,108
26329,Rigid,1947919,1947919,2040602,0,92683,92683,completed,108
26330,Rigid,1948324,1948324,1948690,0,366,366,completed,36
26331,Rigid,1948559,1948560,1952869,1,4309,4310,completed,9
26332,Rigid,1948993,1948994,1997248,1,48254,48255,completed,288
26333,Rigid,1949189,1949190,1985217,1,36027,36028,completed,36
26334,Rigid,1949498,1949499,1949874,1,375,376,completed,36
26335,Rigid,1949723,1949723,1949743,0,20,20,completed,1
26336,Rigid,1949753,1949753,1950104,0,351,351,completed,1
26337,Rigid,1950153,1950153,1958524,0,8371,8371,completed,9
26338,Rigid,1950470,1950470,1951500,0,1030,1030,completed,36
26339,Rigid,1950930,1950931,1997548,1,46617,46618,completed,144
26340,Rigid,1951027,1951028,2082254,1,131226,131227,completed,144
26341,Rigid,1952375,1952375,1953624,0,1249,1249,completed,36
26342,Rigid,1953043,1953043,1958186,0,5143,5143,completed,9
26343,Rigid,1958393,1958393,1969838,0,11445,11445,completed,9
26344,Rigid,1958763,1958763,1964053,0,5290,5290,completed,9
26345,Rigid,1960267,1960268,1994370,1,34102,34103,completed,288
26346,Rigid,1960311,1960312,1994210,1,33898,33899,completed,288
26347,Rigid,1962756,1962756,1962854,0,98,98,completed,36
26348,Rigid,1962768,1962769,2119379,1,156610,156611,completed,36
26349,Rigid,1962778,1962779,2116771,1,153992,153993,completed,36
26350,Rigid,1962788,1962789,1962882,1,93,94,completed,36
26351,Rigid,1962798,1962799,1962887,1,88,89,completed,36
26352,Rigid,1962808,1962809,2120458,1,157649,157650,completed,36
26353,Rigid,1962818,1962819,2135570,1,172751,172752,completed,36
26354,Rigid,1962829,1962829,1962934,0,105,105,completed,36
26355,Rigid,1962839,1962839,1962915,0,76,76,completed,36
26356,Rigid,1962849,1962849,2135600,0,172751,172751,completed,36
26357,Rigid,1962859,1962859,2128004,0,165145,165145,completed,36
26358,Rigid,1962869,1962869,2130662,0,167793,167793,completed,36
26359,Rigid,1962879,1962879,2135630,0,172751,172751,completed,36
26360,Rigid,1962889,1962889,2118823,0,155934,155934,completed,36
26361,Rigid,1962899,1962900,2117378,1,154478,154479,completed,36
26362,Rigid,1962909,1962910,2127564,1,164654,164655,completed,36
26363,Rigid,1962919,1962920,2135660,1,172740,172741,completed,36
26364,Rigid,1962929,1962930,2122095,1,159165,159166,completed,36
26365,Rigid,1962940,1962940,2116196,0,153256,153256,completed,36
26366,Rigid,1963206,1963206,2118778,0,155572,155572,completed,36
26367,Rigid,1963216,1963216,2128148,0,164932,164932,completed,36
26368,Rigid,1963226,1963226,2128244,0,165018,165018,completed,36
26369,Rigid,1963236,1963236,2135990,0,172754,172754,completed,36
26370,Rigid,1964163,1964164,1970781,1,6617,6618,completed,9
26371,Rigid,1969943,1969943,1970561,0,618,618,completed,9
26372,Rigid,1969943,1969943,2004264,0,34321,34321,completed,9
26373,Rigid,1970983,1970983,1985529,0,14546,14546,completed,9
26374,Rigid,1979427,1979427,1983737,0,4310,4310,completed,1
26375,Rigid,1979427,1979427,1983776,0,4349,4349,completed,1
26376,Rigid,1979427,1979427,1984552,0,5125,5125,completed,1
26377,Rigid,1979427,1979431,1983856,4,4425,4429,completed,1
26378,Rigid,1979427,1979431,1983770,4,4339,4343,completed,1
26379,Rigid,1979427,1979431,1984474,4,5043,5047,completed,1
26380,Rigid,1979427,1979431,1984136,4,4705,4709,completed,1
26381,Rigid,1979427,1979431,1983947,4,4516,4520,completed,1
26382,Rigid,1979427,1979431,1984157,4,4726,4730,completed,1
26383,Rigid,1982152,1982152,2034406,0,52254,52254,completed,36
26384,Rigid,1983668,1983669,2001592,1,17923,17924,completed,396
26385,Rigid,1983682,1983683,2001592,1,17909,17910,completed,396
26386,Rigid,1983694,1983694,2001753,0,18059,18059,completed,396
26387,Rigid,1984059,1984060,1984453,1,393,394,completed,36
26388,Rigid,1984080,1984081,1984330,1,249,250,completed,36
26389,Rigid,1984378,1984378,1984412,0,34,34,completed,72
26390,Rigid,1984576,1984576,1984777,0,201,201,completed,36
26391,Rigid,1985188,1985189,2143803,1,158614,158615,completed,36
26392,Rigid,1985266,1985266,2185266,0,200000,200000,completed,36
26393,Rigid,1985553,1985553,2025042,0,39489,39489,completed,9
26394,Rigid,1985553,1985553,1986227,0,674,674,completed,9
26395,Rigid,1986239,1986240,1986252,1,12,13,completed,2
26396,Rigid,1986239,1986240,1986248,1,8,9,completed,2
26397,Rigid,1986239,1986240,1986252,1,12,13,completed,2
26398,Rigid,1986240,1986240,1986263,0,23,23,completed,2
26399,Rigid,1986484,1986484,1986508,0,24,24,completed,2
26400,Rigid,1986484,1986488,1986509,4,21,25,completed,2
26401,Rigid,1986484,1986488,1986506,4,18,22,completed,2
26402,Rigid,1986484,1986488,1986506,4,18,22,completed,2
26403,Rigid,1986484,1986488,1986514,4,26,30,completed,2
26404,Rigid,1986484,1986488,1986515,4,27,31,completed,2
26405,Rigid,1986485,1986488,1986506,3,18,21,completed,2
26406,Rigid,1986485,1986488,1986505,3,17,20,completed,2
26407,Rigid,1986485,1986488,1986504,3,16,19,completed,2
26408,Rigid,1986485,1986488,1986514,3,26,29,completed,2
26409,Rigid,1986485,1986488,1986506,3,18,21,completed,2
26410,Rigid,1986485,1986488,1986506,3,18,21,completed,2
26411,Rigid,1986485,1986488,1986508,3,20,23,completed,2
26412,Rigid,1986485,1986488,1986501,3,13,16,completed,2
26413,Rigid,1986485,1986488,1986506,3,18,21,completed,2
26414,Rigid,1986485,1986488,1986515,3,27,30,completed,2
26415,Rigid,1986485,1986488,1986506,3,18,21,completed,2
26416,Rigid,1986485,1986488,1986508,3,20,23,completed,2
26417,Rigid,1986485,1986488,1986508,3,20,23,completed,2
26418,Rigid,1986485,1986488,1986514,3,26,29,completed,2
26419,Rigid,1986485,1986488,1986506,3,18,21,completed,2
26420,Rigid,1986485,1986488,1986514,3,26,29,completed,2
26421,Rigid,1986485,1986488,1986508,3,20,23,completed,2
26422,Rigid,1986485,1986488,1986506,3,18,21,completed,2
26423,Rigid,1986486,1986488,1986506,2,18,20,completed,2
26424,Rigid,1986486,1986488,1986509,2,21,23,completed,2
26425,Rigid,1986486,1986488,1986506,2,18,20,completed,2
26426,Rigid,1986506,1986506,1986514,0,8,8,completed,2
26427,Rigid,1986506,1986508,1986522,2,14,16,completed,2
26428,Rigid,1986506,1986508,1986515,2,7,9,completed,2
26429,Rigid,1986506,1986508,1986521,2,13,15,completed,2
26430,Rigid,1986506,1986508,1986519,2,11,13,completed,2
26431,Rigid,1986507,1986508,1986521,1,13,14,completed,2
26432,Rigid,1986507,1986508,1986513,1,5,6,completed,2
26433,Rigid,1986638,1986639,1987264,1,625,626,completed,36
26434,Rigid,1987026,1987027,1987165,1,138,139,completed,36
26435,Rigid,1987134,1987134,1991267,0,4133,4133,completed,36
26436,Rigid,1987162,1987162,1987477,0,315,315,completed,36
26437,Rigid,1987262,1987262,1989908,0,2646,2646,completed,36
26438,Rigid,1988247,1988248,1988873,1,625,626,completed,36
26439,Rigid,1988397,1988398,1988756,1,358,359,completed,36
26440,Rigid,1989133,1989135,1989228,2,93,95,completed,36
26441,Rigid,1989335,1989336,1989700,1,364,365,completed,36
26442,Rigid,1989365,1989365,1989709,0,344,344,completed,36
26443,Rigid,1989401,1989401,1989749,0,348,348,completed,36
26444,Rigid,1989424,1989424,1989777,0,353,353,completed,36
26445,Rigid,1989448,1989448,1989799,0,351,351,completed,36
26446,Rigid,1989590,1989591,1989952,1,361,362,completed,36
26447,Rigid,1989603,1989606,1989671,3,65,68,completed,36
26448,Rigid,1989634,1989635,1989987,1,352,353,completed,36
26449,Rigid,1989666,1989667,1990006,1,339,340,completed,36
26450,Rigid,1989685,1989686,1990027,1,341,342,completed,36
26451,Rigid,1989701,1989702,1990051,1,349,350,completed,36
26452,Rigid,1989716,1989717,1990071,1,354,355,completed,36
26453,Rigid,1989739,1989739,1990083,0,344,344,completed,36
26454,Rigid,1989752,1989753,1990104,1,351,352,completed,36
26455,Rigid,1989767,1989768,1989799,1,31,32,completed,36
26456,Rigid,1989769,1989772,1990133,3,361,364,completed,36
26457,Rigid,1989784,1989784,1990130,0,346,346,completed,36
26458,Rigid,1989805,1989806,1990156,1,350,351,completed,36
26459,Rigid,1989822,1989823,1990174,1,351,352,completed,36
26460,Rigid,1989833,1989834,1990024,1,190,191,completed,144
26461,Rigid,1989838,1989838,1990182,0,344,344,completed,36
26462,Rigid,1989855,1989855,1990200,0,345,345,completed,36
26463,Rigid,1989869,1989869,1990231,0,362,362,completed,36
26464,Rigid,1989890,1989891,1990249,1,358,359,completed,36
26465,Rigid,1989910,1989910,1990268,0,358,358,completed,36
26466,Rigid,1989926,1989926,1990291,0,365,365,completed,36
26467,Rigid,1989949,1989950,1990301,1,351,352,completed,36
26468,Rigid,1989969,1989969,1990319,0,350,350,completed,36
26469,Rigid,1989991,1989991,1990328,0,337,337,completed,36
26470,Rigid,1990002,1990002,1990093,0,91,91,completed,36
26471,Rigid,1990136,1990137,2161404,1,171267,171268,completed,36
26472,Rigid,1990136,1990137,2162965,1,172828,172829,completed,36
26473,Rigid,1990136,1990137,2162965,1,172828,172829,completed,36
26474,Rigid,1990193,1990194,2162995,1,172801,172802,completed,36
26475,Rigid,1990193,1990194,2162995,1,172801,172802,completed,36
26476,Rigid,1990193,1990194,2162995,1,172801,172802,completed,36
26477,Rigid,1990216,1990217,2163025,1,172808,172809,completed,36
26478,Rigid,1990216,1990217,2163025,1,172808,172809,completed,36
26479,Rigid,1990216,1990217,2163025,1,172808,172809,completed,36
26480,Rigid,1990246,1990247,2163055,1,172808,172809,completed,36
26481,Rigid,1990246,1990247,2163055,1,172808,172809,completed,36
26482,Rigid,1990246,1990247,2163055,1,172808,172809,completed,36
26483,Rigid,1990281,1990282,2163085,1,172803,172804,completed,36
26484,Rigid,1990281,2161406,2334218,171125,172812,343937,completed,36
26485,Rigid,1990281,2161949,2334758,171668,172809,344477,completed,36
26486,Rigid,1990309,2161949,2334758,171640,172809,344449,completed,36
26487,Rigid,1990309,2161950,2334758,171641,172808,344449,completed,36
26488,Rigid,1990309,2161950,2334758,171641,172808,344449,completed,36
26489,Rigid,1990313,1990314,1992771,1,2457,2458,completed,36
26490,Rigid,1990367,2161950,2334758,171583,172808,344391,completed,36
26491,Rigid,1990367,2161950,2334758,171583,172808,344391,completed,36
26492,Rigid,1990367,2161979,2334788,171612,172809,344421,completed,36
26493,Rigid,1990397,2161979,2334788,171582,172809,344391,completed,36
26494,Rigid,1990397,2161979,2334788,171582,172809,344391,completed,36
26495,Rigid,1990397,2161979,2334788,171582,172809,344391,completed,36
26496,Rigid,1990425,2161979,2334788,171554,172809,344363,completed,36
26497,Rigid,1990425,2161980,2334788,171555,172808,344363,completed,36
26498,Rigid,1990425,2162006,2334818,171581,172812,344393,completed,36
26499,Rigid,1990456,2162006,2334818,171550,172812,344362,completed,36
26500,Rigid,1990456,2162006,2334818,171550,172812,344362,completed,36
26501,Rigid,1990456,2162039,2334848,171583,172809,344392,completed,36
26502,Rigid,1990488,2162039,2334848,171551,172809,344360,completed,36
26503,Rigid,1990488,2162039,2334848,171551,172809,344360,completed,36
26504,Rigid,1990488,2162039,2334848,171551,172809,344360,completed,36
26505,Rigid,1990491,1990492,1990498,1,6,7,completed,1
26506,Rigid,1990491,1990513,1990517,22,4,26,completed,1
26507,Rigid,1990492,2042785,2042789,52293,4,52297,completed,1
26508,Rigid,1990555,1990556,1998512,1,7956,7957,completed,16
26509,Rigid,1990565,1990568,1992498,3,1930,1933,completed,8
26510,Rigid,1990565,1990568,2002160,3,11592,11595,completed,8
26511,Rigid,1990636,1990637,1990641,1,4,5,completed,1
26512,Rigid,1990637,1990654,1990658,17,4,21,completed,1
26513,Rigid,1990637,2040347,2040355,49710,8,49718,completed,1
26514,Rigid,1990789,1990790,1990794,1,4,5,completed,1
26515,Rigid,1990790,1990808,1990812,18,4,22,completed,1
26516,Rigid,1990790,2039883,2039891,49093,8,49101,completed,1
26517,Rigid,1990881,1990882,1991504,1,622,623,completed,36
26518,Rigid,1991090,1991091,1992099,1,1008,1009,completed,72
26519,Rigid,1991153,1991154,2070585,1,79431,79432,completed,36
26520,Rigid,1991670,1991670,1991705,0,35,35,completed,72
26521,Rigid,1991814,1991815,1991817,1,2,3,completed,72
26522,Rigid,1991916,1991916,1991928,0,12,12,completed,1
26523,Rigid,1991928,1991928,1991939,0,11,11,completed,72
26524,Rigid,1992468,1992468,1992605,0,137,137,completed,36
26525,Rigid,1992929,1992929,1992937,0,8,8,completed,1
26526,Rigid,1992929,1992979,1992984,50,5,55,completed,1
26527,Rigid,1992929,2048067,2048077,55138,10,55148,completed,1
26528,Rigid,1993866,1993866,1994749,0,883,883,completed,72
26529,Rigid,1994288,1994288,2167105,0,172817,172817,completed,288
26530,Rigid,1994398,1994398,2167225,0,172827,172827,completed,288
26531,Rigid,1994530,1994531,2122397,1,127866,127867,completed,16
26532,Rigid,1995339,1995339,2002169,0,6830,6830,completed,36
26533,Rigid,1995409,1995409,2024907,0,29498,29498,completed,72
26534,Rigid,1995625,1995625,2001313,0,5688,5688,completed,72
26535,Rigid,1996257,1996257,1999983,0,3726,3726,completed,36
26536,Rigid,1996275,1996275,1996281,0,6,6,completed,36
26537,Rigid,1996286,1996286,2014230,0,17944,17944,completed,36
26538,Rigid,1996293,1996293,2014756,0,18463,18463,completed,36
26539,Rigid,1996300,1996300,2014489,0,18189,18189,completed,36
26540,Rigid,1996308,1996308,2014621,0,18313,18313,completed,36
26541,Rigid,1996727,1996727,2198999,0,202272,202272,completed,16
26542,Rigid,1996727,1996727,2199721,0,202994,202994,completed,16
26543,Rigid,1996727,1996727,2199953,0,203226,203226,completed,16
26544,Rigid,1996727,1996731,2199724,4,202993,202997,completed,16
26545,Rigid,1996932,1996932,1996944,0,12,12,completed,1
26546,Rigid,1997356,1997357,2169716,1,172359,172360,completed,288
26547,Rigid,1997585,1997586,2169542,1,171956,171957,completed,144
26548,Rigid,1997608,1997609,2228916,1,231307,231308,completed,36
26549,Rigid,1997608,1997609,2223650,1,226041,226042,completed,36
26550,Rigid,1997608,1997609,2229774,1,232165,232166,completed,36
26551,Rigid,1997608,1997609,2226649,1,229040,229041,completed,36
26552,Rigid,1997608,1997609,2234922,1,237313,237314,completed,36
26553,Rigid,1997608,1997609,2239760,1,242151,242152,completed,36
26554,Rigid,1997608,1997609,2247528,1,249919,249920,completed,36
26555,Rigid,1997608,1997609,2274229,1,276620,276621,completed,36
26556,Rigid,1997687,1997687,1997700,0,13,13,completed,1
26557,Rigid,1997771,1997772,1997784,1,12,13,completed,1
26558,Rigid,2000535,2000536,2000537,1,1,2,completed,1
26559,Rigid,2000535,2000536,2000537,1,1,2,completed,1
26560,Rigid,2000535,2000536,2000537,1,1,2,completed,1
26561,Rigid,2000535,2000536,2000537,1,1,2,completed,1
26562,Rigid,2000535,2000536,2000537,1,1,2,completed,1
26563,Rigid,2000535,2000536,2000537,1,1,2,completed,1
26564,Rigid,2000535,2000536,2000537,1,1,2,completed,1
26565,Rigid,2000535,2000536,2000537,1,1,2,completed,1
26566,Rigid,2000535,2000536,2000537,1,1,2,completed,1
26567,Rigid,2000535,2000536,2000537,1,1,2,completed,1
26568,Rigid,2000535,2000536,2000537,1,1,2,completed,1
26569,Rigid,2000535,2000536,2000537,1,1,2,completed,1
26570,Rigid,2001136,2001137,2019517,1,18380,18381,completed,396
26571,Rigid,2001168,2001169,2001170,1,1,2,completed,1
26572,Rigid,2001554,2001556,2001559,2,3,5,completed,1
26573,Rigid,2001575,2001576,2019977,1,18401,18402,completed,396
26574,Rigid,2001579,2001580,2019933,1,18353,18354,completed,396
26575,Rigid,2002445,2002446,2002457,1,11,12,completed,1
26576,Rigid,2003278,2003279,2004147,1,868,869,completed,1
26577,Rigid,2003278,2003279,2004147,1,868,869,completed,1
26578,Rigid,2003278,2003279,2004147,1,868,869,completed,1
26579,Rigid,2003278,2003279,2004147,1,868,869,completed,1
26580,Rigid,2003278,2003279,2003281,1,2,3,completed,1
26581,Rigid,2003278,2003279,2003280,1,1,2,completed,1
26582,Rigid,2003278,2003279,2004147,1,868,869,completed,1
26583,Rigid,2003278,2003279,2004147,1,868,869,completed,1
26584,Rigid,2003278,2003279,2004147,1,868,869,completed,1
26585,Rigid,2003278,2003279,2004147,1,868,869,completed,1
26586,Rigid,2003278,2003279,2004147,1,868,869,completed,1
26587,Rigid,2003278,2003279,2004147,1,868,869,completed,1
26588,Rigid,2003567,2003568,2003799,1,231,232,completed,36
26589,Rigid,2003780,2003781,2003784,1,3,4,completed,8
26590,Rigid,2004203,2004207,2004262,4,55,59,completed,8
26591,Rigid,2004230,2004230,2004231,0,1,1,completed,1
26592,Rigid,2004230,2004230,2004231,0,1,1,completed,1
26593,Rigid,2004230,2004230,2004231,0,1,1,completed,1
26594,Rigid,2004230,2004230,2004231,0,1,1,completed,1
26595,Rigid,2004230,2004230,2004231,0,1,1,completed,1
26596,Rigid,2004230,2004230,2004231,0,1,1,completed,1
26597,Rigid,2004230,2004230,2004231,0,1,1,completed,1
26598,Rigid,2004230,2004230,2004231,0,1,1,completed,1
26599,Rigid,2004230,2004230,2004231,0,1,1,completed,1
26600,Rigid,2004230,2004230,2004231,0,1,1,completed,1
26601,Rigid,2004230,2004230,2004231,0,1,1,completed,1
26602,Rigid,2004312,2004313,2004320,1,7,8,completed,8
26603,Rigid,2004383,2004383,2004612,0,229,229,completed,36
26604,Rigid,2004573,2004574,2027067,1,22493,22494,completed,9
26605,Rigid,2004759,2004759,2004769,0,10,10,completed,8
26606,Rigid,2005306,2005306,2005540,0,234,234,completed,36
26607,Rigid,2005514,2005517,2005528,3,11,14,completed,1
26608,Rigid,2005887,2005888,2006190,1,302,303,completed,36
26609,Rigid,2005905,2005906,2008472,1,2566,2567,completed,1
26610,Rigid,2005905,2005906,2007946,1,2040,2041,completed,1
26611,Rigid,2005905,2005906,2009842,1,3936,3937,completed,1
26612,Rigid,2005905,2005906,2008675,1,2769,2770,completed,1
26613,Rigid,2005905,2005906,2005908,1,2,3,completed,1
26614,Rigid,2005905,2005906,2010035,1,4129,4130,completed,1
26615,Rigid,2005905,2005906,2008533,1,2627,2628,completed,1
26616,Rigid,2005905,2005906,2009398,1,3492,3493,completed,1
26617,Rigid,2005905,2005906,2009223,1,3317,3318,completed,1
26618,Rigid,2005905,2005906,2010292,1,4386,4387,completed,1
26619,Rigid,2005905,2005906,2009824,1,3918,3919,completed,1
26620,Rigid,2006724,2006724,2020885,0,14161,14161,completed,36
26621,Rigid,2007397,2007398,2330077,1,322679,322680,completed,36
26622,Rigid,2008210,2008210,2008212,0,2,2,completed,1
26623,Rigid,2008489,2008490,2010359,1,1869,1870,completed,36
26624,Rigid,2008583,2008584,2008586,1,2,3,completed,396
26625,Rigid,2008640,2008640,2008642,0,2,2,completed,1
26626,Rigid,2008703,2008703,2008705,0,2,2,completed,1
26627,Rigid,2008718,2008718,2008720,0,2,2,completed,1
26628,Rigid,2008867,2008868,2008870,1,2,3,completed,396
26629,Rigid,2008967,2008968,2008971,1,3,4,completed,396
26630,Rigid,2009009,2009009,2009012,0,3,3,completed,396
26631,Rigid,2009047,2009048,2009050,1,2,3,completed,1
26632,Rigid,2009151,2009151,2009153,0,2,2,completed,1
26633,Rigid,2009428,2009428,2009517,0,89,89,completed,396
26634,Rigid,2010537,2010537,2010790,0,253,253,completed,36
26635,Rigid,2010862,2010863,2010943,1,80,81,completed,1
26636,Rigid,2011041,2011041,2011076,0,35,35,completed,1
26637,Rigid,2011441,2011442,2011584,1,142,143,completed,1
26638,Rigid,2011496,2011496,2097900,0,86404,86404,completed,36
26639,Rigid,2011713,2011714,2011736,1,22,23,completed,1
26640,Rigid,2011748,2011748,2098170,0,86422,86422,completed,36
26641,Rigid,2012108,2012109,2098530,1,86421,86422,completed,36
26642,Rigid,2012276,2012277,2012906,1,629,630,completed,36
26643,Rigid,2012313,2012314,2098741,1,86427,86428,completed,36
26644,Rigid,2012324,2012325,2012334,1,9,10,completed,36
26645,Rigid,2012372,2012373,2098800,1,86427,86428,completed,36
26646,Rigid,2012427,2012428,2098830,1,86402,86403,completed,36
26647,Rigid,2012456,2012456,2098860,0,86404,86404,completed,36
26648,Rigid,2012677,2012677,2012979,0,302,302,completed,36
26649,Rigid,2012876,2012877,2018546,1,5669,5670,completed,1
26650,Rigid,2012877,2012877,2018584,0,5707,5707,completed,1
26651,Rigid,2012877,2012881,2018524,4,5643,5647,completed,1
26652,Rigid,2012878,2012881,2018115,3,5234,5237,completed,1
26653,Rigid,2012878,2012881,2018588,3,5707,5710,completed,1
26654,Rigid,2012879,2012881,2019385,2,6504,6506,completed,1
26655,Rigid,2012880,2012881,2019387,1,6506,6507,completed,1
26656,Rigid,2012880,2012881,2019316,1,6435,6436,completed,1
26657,Rigid,2012881,2012885,2019330,4,6445,6449,completed,1
26658,Rigid,2012882,2012885,2019743,3,6858,6861,completed,1
26659,Rigid,2012882,2012885,2018903,3,6018,6021,completed,1
26660,Rigid,2012883,2012885,2019748,2,6863,6865,completed,1
26661,Rigid,2012883,2012885,2019355,2,6470,6472,completed,1
26662,Rigid,2012884,2012885,2019335,1,6450,6451,completed,1
26663,Rigid,2012885,2012885,2018825,0,5940,5940,completed,1
26664,Rigid,2012885,2012889,2019337,4,6448,6452,completed,1
26665,Rigid,2012886,2012889,2019726,3,6837,6840,completed,1
26666,Rigid,2012886,2012889,2019436,3,6547,6550,completed,1
26667,Rigid,2012887,2012889,2019841,2,6952,6954,completed,1
26668,Rigid,2012887,2012889,2019740,2,6851,6853,completed,1
26669,Rigid,2013301,2013302,2013315,1,13,14,completed,1
26670,Rigid,2013654,2013655,2013657,1,2,3,completed,1
26671,Rigid,2013658,2013659,2013743,1,84,85,completed,36
26672,Rigid,2013658,2013659,2013743,1,84,85,completed,36
26673,Rigid,2013658,2013659,2013743,1,84,85,completed,36
26674,Rigid,2013658,2013659,2013743,1,84,85,completed,36
26675,Rigid,2013658,2013659,2013743,1,84,85,completed,36
26676,Rigid,2013658,2013659,2013743,1,84,85,completed,36
26677,Rigid,2013658,2013659,2013743,1,84,85,completed,36
26678,Rigid,2013658,2013659,2013743,1,84,85,completed,36
26679,Rigid,2013658,2013659,2013743,1,84,85,completed,36
26680,Rigid,2013658,2013659,2013743,1,84,85,completed,36
26681,Rigid,2013658,2013659,2013743,1,84,85,completed,36
26682,Rigid,2013658,2013659,2013743,1,84,85,completed,36
26683,Rigid,2013658,2013659,2013743,1,84,85,completed,36
26684,Rigid,2013658,2013659,2013743,1,84,85,completed,36
26685,Rigid,2013658,2013659,2013743,1,84,85,completed,36
26686,Rigid,2013658,2013659,2013743,1,84,85,completed,36
26687,Rigid,2013658,2013659,2013743,1,84,85,completed,36
26688,Rigid,2013658,2013659,2013743,1,84,85,completed,36
26689,Rigid,2013658,2013659,2013743,1,84,85,completed,36
26690,Rigid,2013658,2013659,2013743,1,84,85,completed,36
26691,Rigid,2013658,2013659,2013743,1,84,85,completed,36
26692,Rigid,2013658,2013659,2013743,1,84,85,completed,36
26693,Rigid,2013658,2013659,2013743,1,84,85,completed,36
26694,Rigid,2013658,2013659,2013743,1,84,85,completed,36
26695,Rigid,2013658,2013659,2013743,1,84,85,completed,36
26696,Rigid,2013658,2013659,2013743,1,84,85,completed,36
26697,Rigid,2013658,2013659,2013743,1,84,85,completed,36
26698,Rigid,2013658,2013659,2013743,1,84,85,completed,36
26699,Rigid,2013658,2013659,2013743,1,84,85,completed,36
26700,Rigid,2013658,2013659,2013743,1,84,85,completed,36
26701,Rigid,2013658,2013659,2013743,1,84,85,completed,36
26702,Rigid,2013943,2013944,2013946,1,2,3,completed,1
26703,Rigid,2013964,2013964,2013966,0,2,2,completed,1
26704,Rigid,2014006,2014006,2014019,0,13,13,completed,1
26705,Rigid,2014184,2014184,2014190,0,6,6,completed,36
26706,Rigid,2014198,2014198,2014376,0,178,178,completed,36
26707,Rigid,2014211,2014211,2014376,0,165,165,completed,36
26708,Rigid,2014368,2014368,2015009,0,641,641,completed,36
26709,Rigid,2014816,2014818,2014827,2,9,11,completed,36
26710,Rigid,2014981,2014982,2015007,1,25,26,completed,1
26711,Rigid,2014981,2014982,2015007,1,25,26,completed,1
26712,Rigid,2014981,2014982,2015007,1,25,26,completed,1
26713,Rigid,2014981,2014982,2015007,1,25,26,completed,1
26714,Rigid,2014982,2014982,2015007,0,25,25,completed,1
26715,Rigid,2014982,2014982,2015007,0,25,25,completed,1
26716,Rigid,2014982,2014982,2015007,0,25,25,completed,1
26717,Rigid,2014982,2014982,2015007,0,25,25,completed,1
26718,Rigid,2014982,2014982,2015007,0,25,25,completed,1
26719,Rigid,2014982,2014982,2014988,0,6,6,completed,1
26720,Rigid,2014982,2014982,2015007,0,25,25,completed,1
26721,Rigid,2014982,2014982,2015007,0,25,25,completed,1
26722,Rigid,2014982,2014982,2015007,0,25,25,completed,1
26723,Rigid,2014982,2014984,2015007,2,23,25,completed,1
26724,Rigid,2014982,2014984,2015007,2,23,25,completed,1
26725,Rigid,2014982,2014984,2015007,2,23,25,completed,1
26726,Rigid,2014983,2014984,2015007,1,23,24,completed,1
26727,Rigid,2014983,2014984,2015007,1,23,24,completed,1
26728,Rigid,2014983,2014984,2015007,1,23,24,completed,1
26729,Rigid,2014983,2014984,2015007,1,23,24,completed,1
26730,Rigid,2014983,2014984,2015007,1,23,24,completed,1
26731,Rigid,2014983,2014984,2015007,1,23,24,completed,1
26732,Rigid,2014983,2014984,2015007,1,23,24,completed,1
26733,Rigid,2014983,2014984,2015007,1,23,24,completed,1
26734,Rigid,2014983,2014984,2014990,1,6,7,completed,8
26735,Rigid,2014983,2014984,2014989,1,5,6,completed,8
26736,Rigid,2014991,2014992,2015074,1,82,83,completed,18
26737,Rigid,2014991,2014992,2015026,1,34,35,completed,36
26738,Rigid,2014993,2014994,2014998,1,4,5,completed,1
26739,Rigid,2015005,2015005,2015009,0,4,4,completed,1
26740,Rigid,2015005,2015005,2015009,0,4,4,completed,1
26741,Rigid,2015017,2015018,2015074,1,56,57,completed,8
26742,Rigid,2015027,2015028,2015036,1,8,9,completed,36
26743,Rigid,2015077,2015078,2015082,1,4,5,completed,1
26744,Rigid,2015078,2015078,2022939,0,7861,7861,completed,1
26745,Rigid,2015078,2015082,2023796,4,8714,8718,completed,1
26746,Rigid,2015079,2015082,2023822,3,8740,8743,completed,1
26747,Rigid,2015079,2015082,2023241,3,8159,8162,completed,1
26748,Rigid,2015080,2015082,2024216,2,9134,9136,completed,1
26749,Rigid,2015080,2015082,2023711,2,8629,8631,completed,1
26750,Rigid,2015081,2015082,2023817,1,8735,8736,completed,1
26751,Rigid,2015082,2015082,2024654,0,9572,9572,completed,1
26752,Rigid,2015082,2015083,2025050,1,9967,9968,completed,1
26753,Rigid,2015083,2015086,2025821,3,10735,10738,completed,1
26754,Rigid,2015084,2015086,2025445,2,10359,10361,completed,1
26755,Rigid,2015084,2015086,2016925,2,1839,1841,completed,36
26756,Rigid,2015084,2015086,2024620,2,9534,9536,completed,1
26757,Rigid,2015085,2015086,2024185,1,9099,9100,completed,1
26758,Rigid,2015085,2015086,2023881,1,8795,8796,completed,1
26759,Rigid,2015086,2015090,2063866,4,48776,48780,completed,1
26760,Rigid,2015087,2015090,2031302,3,16212,16215,completed,1
26761,Rigid,2015087,2015090,2015098,3,8,11,completed,2
26762,Rigid,2015087,2015090,2025061,3,9971,9974,completed,1
26763,Rigid,2015088,2015090,2026218,2,11128,11130,completed,1
26764,Rigid,2015089,2015090,2028863,1,13773,13774,completed,1
26765,Rigid,2015089,2015090,2063866,1,48776,48777,completed,1
26766,Rigid,2015107,2015108,2015124,1,16,17,completed,2
26767,Rigid,2015107,2015108,2015124,1,16,17,completed,2
26768,Rigid,2015107,2015108,2015124,1,16,17,completed,2
26769,Rigid,2015989,2015990,2066722,1,50732,50733,completed,1
26770,Rigid,2016126,2016127,2017334,1,1207,1208,completed,36
26771,Rigid,2016127,2016129,2017338,2,1209,1211,completed,36
26772,Rigid,2016129,2016129,2017339,0,1210,1210,completed,36
26773,Rigid,2016130,2016131,2017337,1,1206,1207,completed,36
26774,Rigid,2016130,2016131,2017341,1,1210,1211,completed,36
26775,Rigid,2016131,2016131,2017341,0,1210,1210,completed,36
26776,Rigid,2016131,2016134,2017341,3,1207,1210,completed,36
26777,Rigid,2016132,2016134,2017344,2,1210,1212,completed,36
26778,Rigid,2016132,2016134,2017346,2,1212,1214,completed,36
26779,Rigid,2016133,2016134,2017344,1,1210,1211,completed,36
26780,Rigid,2016133,2016134,2017341,1,1207,1208,completed,36
26781,Rigid,2016134,2016134,2017342,0,1208,1208,completed,36
26782,Rigid,2016134,2016134,2017348,0,1214,1214,completed,36
26783,Rigid,2016135,2016138,2017348,3,1210,1213,completed,36
26784,Rigid,2016135,2016138,2017349,3,1211,1214,completed,36
26785,Rigid,2016136,2016138,2017343,2,1205,1207,completed,36
26786,Rigid,2016532,2016533,2016552,1,19,20,completed,1
26787,Rigid,2016532,2016533,2016552,1,19,20,completed,1
26788,Rigid,2016532,2016533,2016552,1,19,20,completed,1
26789,Rigid,2016532,2016533,2016552,1,19,20,completed,1
26790,Rigid,2016532,2016533,2016552,1,19,20,completed,1
26791,Rigid,2016532,2016533,2016552,1,19,20,completed,1
26792,Rigid,2016532,2016533,2016552,1,19,20,completed,1
26793,Rigid,2016532,2016533,2016552,1,19,20,completed,1
26794,Rigid,2016532,2016533,2016552,1,19,20,completed,1
26795,Rigid,2016532,2016533,2016543,1,10,11,completed,1
26796,Rigid,2016532,2016533,2016552,1,19,20,completed,1
26797,Rigid,2016532,2016533,2016552,1,19,20,completed,1
26798,Rigid,2016532,2016533,2016552,1,19,20,completed,1
26799,Rigid,2016532,2016533,2016552,1,19,20,completed,1
26800,Rigid,2016532,2016533,2016552,1,19,20,completed,1
26801,Rigid,2016532,2016533,2016552,1,19,20,completed,1
26802,Rigid,2016532,2016533,2016552,1,19,20,completed,1
26803,Rigid,2016532,2016533,2016552,1,19,20,completed,1
26804,Rigid,2016533,2016533,2016552,0,19,19,completed,1
26805,Rigid,2016533,2016533,2016552,0,19,19,completed,1
26806,Rigid,2016533,2016533,2016552,0,19,19,completed,1
26807,Rigid,2016533,2016533,2016552,0,19,19,completed,1
26808,Rigid,2016533,2016533,2016552,0,19,19,completed,1
26809,Rigid,2016533,2016533,2016552,0,19,19,completed,1
26810,Rigid,2016533,2016533,2016545,0,12,12,completed,8
26811,Rigid,2016533,2016533,2016544,0,11,11,completed,8
26812,Rigid,2016544,2016544,2016548,0,4,4,completed,1
26813,Rigid,2016554,2016558,2016592,4,34,38,completed,18
26814,Rigid,2016554,2016558,2016572,4,14,18,completed,36
26815,Rigid,2016556,2016558,2016562,2,4,6,completed,1
26816,Rigid,2016556,2016558,2016562,2,4,6,completed,1
26817,Rigid,2016566,2016567,2017475,1,908,909,completed,8
26818,Rigid,2016576,2016577,2016585,1,8,9,completed,36
26819,Rigid,2017478,2017478,2017486,0,8,8,completed,1
26820,Rigid,2017488,2017489,2017498,1,9,10,completed,2
26821,Rigid,2017498,2017499,2017520,1,21,22,completed,2
26822,Rigid,2017498,2017499,2017520,1,21,22,completed,2
26823,Rigid,2017499,2017499,2017520,0,21,21,completed,2
26824,Rigid,2018132,2018133,2018381,1,248,249,completed,36
26825,Rigid,2018132,2018133,2018381,1,248,249,completed,36
26826,Rigid,2018132,2018133,2018381,1,248,249,completed,36
26827,Rigid,2018132,2018133,2018381,1,248,249,completed,36
26828,Rigid,2018132,2018133,2018381,1,248,249,completed,36
26829,Rigid,2018132,2018133,2018381,1,248,249,completed,36
26830,Rigid,2018132,2018133,2018381,1,248,249,completed,36
26831,Rigid,2018132,2018133,2018381,1,248,249,completed,36
26832,Rigid,2018132,2018133,2018381,1,248,249,completed,36
26833,Rigid,2018132,2018133,2018381,1,248,249,completed,36
26834,Rigid,2018132,2018134,2018381,2,247,249,completed,36
26835,Rigid,2018132,2018134,2018381,2,247,249,completed,36
26836,Rigid,2018132,2018134,2018381,2,247,249,completed,36
26837,Rigid,2018132,2018134,2018381,2,247,249,completed,36
26838,Rigid,2018132,2018134,2018381,2,247,249,completed,36
26839,Rigid,2018132,2018134,2018381,2,247,249,completed,36
26840,Rigid,2018132,2018134,2018381,2,247,249,completed,36
26841,Rigid,2018132,2018134,2018381,2,247,249,completed,36
26842,Rigid,2018132,2018134,2018381,2,247,249,completed,36
26843,Rigid,2018132,2018134,2018381,2,247,249,completed,36
26844,Rigid,2018132,2018134,2018381,2,247,249,completed,36
26845,Rigid,2018132,2018134,2018381,2,247,249,completed,36
26846,Rigid,2018132,2018134,2018381,2,247,249,completed,36
26847,Rigid,2018132,2018134,2018381,2,247,249,completed,36
26848,Rigid,2018132,2018134,2018381,2,247,249,completed,36
26849,Rigid,2018132,2018134,2018381,2,247,249,completed,36
26850,Rigid,2018132,2018134,2018381,2,247,249,completed,36
26851,Rigid,2018132,2018134,2018381,2,247,249,completed,36
26852,Rigid,2018132,2018134,2018381,2,247,249,completed,36
26853,Rigid,2018132,2018134,2018381,2,247,249,completed,36
26854,Rigid,2018132,2018150,2018381,18,231,249,completed,36
26855,Rigid,2018132,2018150,2018381,18,231,249,completed,36
26856,Rigid,2018132,2018150,2018381,18,231,249,completed,36
26857,Rigid,2018132,2018150,2018381,18,231,249,completed,36
26858,Rigid,2018132,2018150,2018381,18,231,249,completed,36
26859,Rigid,2018132,2018151,2018381,19,230,249,completed,36
26860,Rigid,2018889,2018890,2024786,1,5896,5897,completed,72
26861,Rigid,2020998,2020998,2021155,0,157,157,completed,1
26862,Rigid,2021001,2021002,2021154,1,152,153,completed,1
26863,Rigid,2021003,2021006,2021155,3,149,152,completed,1
26864,Rigid,2021004,2021006,2021154,2,148,150,completed,1
26865,Rigid,2021006,2021006,2021155,0,149,149,completed,1
26866,Rigid,2021007,2021010,2021164,3,154,157,completed,1
26867,Rigid,2021009,2021010,2021164,1,154,155,completed,1
26868,Rigid,2023694,2023694,2023756,0,62,62,completed,36
26869,Rigid,2023695,2023695,2023789,0,94,94,completed,36
26870,Rigid,2023695,2023695,2023814,0,119,119,completed,36
26871,Rigid,2023698,2023699,2027277,1,3578,3579,completed,36
26872,Rigid,2023699,2023699,2023911,0,212,212,completed,36
26873,Rigid,2023699,2023699,2023759,0,60,60,completed,36
26874,Rigid,2023701,2023704,2026158,3,2454,2457,completed,36
26875,Rigid,2025041,2025041,2025048,0,7,7,completed,1
26876,Rigid,2025125,2025125,2025127,0,2,2,completed,1
26877,Rigid,2025132,2025133,2025138,1,5,6,completed,1
26878,Rigid,2025169,2025170,2025178,1,8,9,completed,4
26879,Rigid,2025191,2025191,2026392,0,1201,1201,completed,4
26880,Rigid,2025363,2025363,2051400,0,26037,26037,completed,9
26881,Rigid,2026131,2026132,2026139,1,7,8,completed,144
26882,Rigid,2026372,2026373,2026898,1,525,526,completed,144
26883,Rigid,2026785,2026786,2026787,1,1,2,completed,1
26884,Rigid,2026788,2026789,2026792,1,3,4,completed,72
26885,Rigid,2026817,2026819,2026821,2,2,4,completed,8
26886,Rigid,2026996,2026999,2027118,3,119,122,completed,144
26887,Rigid,2027007,2027008,2027009,1,1,2,completed,1
26888,Rigid,2027009,2027010,2027014,1,4,5,completed,36
26889,Rigid,2027036,2027036,2027039,0,3,3,completed,8
26890,Rigid,2027172,2027173,2122023,1,94850,94851,completed,144
26891,Rigid,2027201,2027202,2027203,1,1,2,completed,1
26892,Rigid,2027203,2027204,2027209,1,5,6,completed,36
26893,Rigid,2027353,2027353,2027357,0,4,4,completed,1
26894,Rigid,2027380,2027380,2027394,0,14,14,completed,1
26895,Rigid,2027418,2027419,2027421,1,2,3,completed,1
26896,Rigid,2027493,2027493,2044369,0,16876,16876,completed,9
26897,Rigid,2027619,2027619,2373224,0,345605,345605,completed,144
26898,Rigid,2027781,2027782,2373404,1,345622,345623,completed,144
26899,Rigid,2027910,2027910,2028238,0,328,328,completed,6
26900,Rigid,2027978,2027978,2104072,0,76094,76094,completed,8
26901,Rigid,2028516,2028517,2028568,1,51,52,completed,36
26902,Rigid,2028577,2028577,2029139,0,562,562,completed,36
26903,Rigid,2028918,2028919,2029257,1,338,339,completed,6
26904,Rigid,2029307,2029307,2029652,0,345,345,completed,6
26905,Rigid,2029745,2029745,2030060,0,315,315,completed,6
26906,Rigid,2030092,2030093,2030115,1,22,23,completed,1
26907,Rigid,2030247,2030247,2030271,0,24,24,completed,1
26908,Rigid,2030336,2030336,2030360,0,24,24,completed,1
26909,Rigid,2030374,2030375,2030401,1,26,27,completed,1
26910,Rigid,2030424,2030424,2030450,0,26,26,completed,1
26911,Rigid,2030480,2030480,2030489,0,9,9,completed,36
26912,Rigid,2030508,2030509,2030531,1,22,23,completed,1
26913,Rigid,2030573,2030574,2030597,1,23,24,completed,1
26914,Rigid,2030815,2030816,2033422,1,2606,2607,completed,1
26915,Rigid,2031864,2031864,2032911,0,1047,1047,completed,36
26916,Rigid,2032669,2032670,2032766,1,96,97,completed,36
26917,Rigid,2033012,2033013,2033129,1,116,117,completed,36
26918,Rigid,2033750,2033750,2033751,0,1,1,completed,8
26919,Rigid,2033750,2033750,2033751,0,1,1,completed,8
26920,Rigid,2033750,2033750,2033751,0,1,1,completed,8
26921,Rigid,2033750,2033750,2033751,0,1,1,completed,8
26922,Rigid,2033750,2033750,2033751,0,1,1,completed,8
26923,Rigid,2033750,2033750,2033751,0,1,1,completed,8
26924,Rigid,2033750,2033750,2033751,0,1,1,completed,8
26925,Rigid,2033750,2033750,2033751,0,1,1,completed,8
26926,Rigid,2033750,2033750,2033751,0,1,1,completed,8
26927,Rigid,2033750,2033750,2033751,0,1,1,completed,8
26928,Rigid,2033750,2033750,2033751,0,1,1,completed,8
26929,Rigid,2033750,2033750,2033751,0,1,1,completed,8
26930,Rigid,2033750,2033750,2033751,0,1,1,completed,8
26931,Rigid,2033750,2033750,2033751,0,1,1,completed,8
26932,Rigid,2033750,2033750,2033751,0,1,1,completed,8
26933,Rigid,2033750,2033750,2033751,0,1,1,completed,8
26934,Rigid,2033750,2033750,2033751,0,1,1,completed,8
26935,Rigid,2033750,2033750,2033751,0,1,1,completed,8
26936,Rigid,2033750,2033750,2033751,0,1,1,completed,8
26937,Rigid,2033750,2033750,2033751,0,1,1,completed,8
26938,Rigid,2033750,2033750,2033751,0,1,1,completed,8
26939,Rigid,2033750,2033750,2033751,0,1,1,completed,8
26940,Rigid,2033750,2033750,2033751,0,1,1,completed,8
26941,Rigid,2033750,2033750,2033751,0,1,1,completed,8
26942,Rigid,2033750,2033750,2033751,0,1,1,completed,8
26943,Rigid,2033750,2033750,2033751,0,1,1,completed,8
26944,Rigid,2033750,2033750,2033751,0,1,1,completed,8
26945,Rigid,2033750,2033750,2033751,0,1,1,completed,8
26946,Rigid,2033750,2033750,2033751,0,1,1,completed,8
26947,Rigid,2033750,2033750,2033751,0,1,1,completed,8
26948,Rigid,2033750,2033750,2033751,0,1,1,completed,8
26949,Rigid,2033750,2033750,2033751,0,1,1,completed,8
26950,Rigid,2033750,2033750,2033751,0,1,1,completed,8
26951,Rigid,2033750,2033750,2033751,0,1,1,completed,8
26952,Rigid,2033750,2033750,2033751,0,1,1,completed,8
26953,Rigid,2033750,2033750,2033751,0,1,1,completed,8
26954,Rigid,2033750,2033750,2033751,0,1,1,completed,8
26955,Rigid,2033750,2033750,2033751,0,1,1,completed,8
26956,Rigid,2033750,2033750,2033751,0,1,1,completed,8
26957,Rigid,2033750,2033750,2033751,0,1,1,completed,8
26958,Rigid,2033750,2033750,2033751,0,1,1,completed,8
26959,Rigid,2033750,2033750,2033751,0,1,1,completed,8
26960,Rigid,2033750,2033750,2033751,0,1,1,completed,8
26961,Rigid,2033750,2033750,2033751,0,1,1,completed,8
26962,Rigid,2033750,2033750,2033751,0,1,1,completed,8
26963,Rigid,2033750,2033750,2033751,0,1,1,completed,8
26964,Rigid,2033750,2033750,2033751,0,1,1,completed,8
26965,Rigid,2033750,2033750,2033751,0,1,1,completed,8
26966,Rigid,2033750,2033750,2033751,0,1,1,completed,8
26967,Rigid,2033750,2033752,2033754,2,2,4,completed,8
26968,Rigid,2033750,2033752,2033754,2,2,4,completed,8
26969,Rigid,2033750,2033752,2033754,2,2,4,completed,8
26970,Rigid,2033750,2033752,2033754,2,2,4,completed,8
26971,Rigid,2033750,2033752,2033754,2,2,4,completed,8
26972,Rigid,2033750,2033752,2033754,2,2,4,completed,8
26973,Rigid,2033750,2033752,2033754,2,2,4,completed,8
26974,Rigid,2033750,2033752,2033754,2,2,4,completed,8
26975,Rigid,2033750,2033752,2033754,2,2,4,completed,8
26976,Rigid,2033750,2033752,2033754,2,2,4,completed,8
26977,Rigid,2033750,2033753,2033754,3,1,4,completed,8
26978,Rigid,2033750,2033753,2033754,3,1,4,completed,8
26979,Rigid,2033750,2033753,2033754,3,1,4,completed,8
26980,Rigid,2033750,2033753,2033754,3,1,4,completed,8
26981,Rigid,2033750,2033753,2033754,3,1,4,completed,8
26982,Rigid,2033750,2033753,2033754,3,1,4,completed,8
26983,Rigid,2033750,2033753,2033754,3,1,4,completed,8
26984,Rigid,2033750,2033753,2033754,3,1,4,completed,8
26985,Rigid,2033750,2033753,2033754,3,1,4,completed,8
26986,Rigid,2033750,2033753,2033754,3,1,4,completed,8
26987,Rigid,2033750,2033753,2033754,3,1,4,completed,8
26988,Rigid,2033750,2033753,2033754,3,1,4,completed,8
26989,Rigid,2033750,2033753,2033754,3,1,4,completed,8
26990,Rigid,2033750,2033753,2033754,3,1,4,completed,8
26991,Rigid,2033750,2033753,2033754,3,1,4,completed,8
26992,Rigid,2033750,2033753,2033754,3,1,4,completed,8
26993,Rigid,2033750,2033753,2033754,3,1,4,completed,8
26994,Rigid,2033750,2033753,2033754,3,1,4,completed,8
26995,Rigid,2033750,2033753,2033754,3,1,4,completed,8
26996,Rigid,2033750,2033753,2033754,3,1,4,completed,8
26997,Rigid,2033750,2033753,2033754,3,1,4,completed,8
26998,Rigid,2033750,2033753,2033754,3,1,4,completed,8
26999,Rigid,2033750,2033753,2033754,3,1,4,completed,8
27000,Rigid,2033750,2033753,2033754,3,1,4,completed,8
27001,Rigid,2033750,2033753,2033754,3,1,4,completed,8
27002,Rigid,2033750,2033753,2033754,3,1,4,completed,8
27003,Rigid,2033750,2033753,2033754,3,1,4,completed,8
27004,Rigid,2033750,2033753,2033754,3,1,4,completed,8
27005,Rigid,2033750,2033753,2033754,3,1,4,completed,8
27006,Rigid,2033750,2033753,2033754,3,1,4,completed,8
27007,Rigid,2033750,2033753,2033754,3,1,4,completed,8
27008,Rigid,2033750,2033753,2033754,3,1,4,completed,8
27009,Rigid,2033750,2033753,2033754,3,1,4,completed,8
27010,Rigid,2033750,2033753,2033754,3,1,4,completed,8
27011,Rigid,2033750,2033753,2033754,3,1,4,completed,8
27012,Rigid,2033750,2033753,2033754,3,1,4,completed,8
27013,Rigid,2033750,2033753,2033754,3,1,4,completed,8
27014,Rigid,2033750,2033753,2033754,3,1,4,completed,8
27015,Rigid,2033750,2033753,2033754,3,1,4,completed,8
27016,Rigid,2033750,2033753,2033754,3,1,4,completed,8
27017,Rigid,2033750,2033755,2033756,5,1,6,completed,8
27018,Rigid,2033750,2033755,2033756,5,1,6,completed,8
27019,Rigid,2033750,2033755,2033756,5,1,6,completed,8
27020,Rigid,2033750,2033755,2033756,5,1,6,completed,8
27021,Rigid,2033750,2033755,2033756,5,1,6,completed,8
27022,Rigid,2033750,2033755,2033756,5,1,6,completed,8
27023,Rigid,2033750,2033755,2033756,5,1,6,completed,8
27024,Rigid,2033750,2033755,2033756,5,1,6,completed,8
27025,Rigid,2033750,2033755,2033756,5,1,6,completed,8
27026,Rigid,2033750,2033755,2033756,5,1,6,completed,8
27027,Rigid,2033750,2033755,2033756,5,1,6,completed,8
27028,Rigid,2033750,2033755,2033756,5,1,6,completed,8
27029,Rigid,2033750,2033755,2033756,5,1,6,completed,8
27030,Rigid,2033750,2033755,2033756,5,1,6,completed,8
27031,Rigid,2033750,2033755,2033756,5,1,6,completed,8
27032,Rigid,2033750,2033755,2033756,5,1,6,completed,8
27033,Rigid,2033750,2033755,2033756,5,1,6,completed,8
27034,Rigid,2033750,2033755,2033756,5,1,6,completed,8
27035,Rigid,2033750,2033755,2033756,5,1,6,completed,8
27036,Rigid,2033750,2033755,2033756,5,1,6,completed,8
27037,Rigid,2033750,2033755,2033756,5,1,6,completed,8
27038,Rigid,2033750,2033755,2033756,5,1,6,completed,8
27039,Rigid,2033750,2033755,2033756,5,1,6,completed,8
27040,Rigid,2033750,2033755,2033756,5,1,6,completed,8
27041,Rigid,2033750,2033755,2033756,5,1,6,completed,8
27042,Rigid,2033750,2033755,2033756,5,1,6,completed,8
27043,Rigid,2033750,2033755,2033756,5,1,6,completed,8
27044,Rigid,2033750,2033755,2033756,5,1,6,completed,8
27045,Rigid,2033750,2033755,2033756,5,1,6,completed,8
27046,Rigid,2033750,2033755,2033756,5,1,6,completed,8
27047,Rigid,2033750,2033755,2033756,5,1,6,completed,8
27048,Rigid,2033750,2033755,2033756,5,1,6,completed,8
27049,Rigid,2033750,2033755,2033756,5,1,6,completed,8
27050,Rigid,2033750,2033755,2033756,5,1,6,completed,8
27051,Rigid,2033750,2033755,2033756,5,1,6,completed,8
27052,Rigid,2033750,2033755,2033756,5,1,6,completed,8
27053,Rigid,2033750,2033755,2033756,5,1,6,completed,8
27054,Rigid,2033750,2033755,2033756,5,1,6,completed,8
27055,Rigid,2033750,2033755,2033756,5,1,6,completed,8
27056,Rigid,2033750,2033755,2033756,5,1,6,completed,8
27057,Rigid,2033750,2033755,2033756,5,1,6,completed,8
27058,Rigid,2033750,2033755,2033756,5,1,6,completed,8
27059,Rigid,2033750,2033755,2033756,5,1,6,completed,8
27060,Rigid,2033750,2033755,2033756,5,1,6,completed,8
27061,Rigid,2033750,2033755,2033756,5,1,6,completed,8
27062,Rigid,2033750,2033755,2033756,5,1,6,completed,8
27063,Rigid,2033750,2033755,2033756,5,1,6,completed,8
27064,Rigid,2033750,2033755,2033756,5,1,6,completed,8
27065,Rigid,2033750,2033755,2033756,5,1,6,completed,8
27066,Rigid,2033750,2033755,2033756,5,1,6,completed,8
27067,Rigid,2033750,2033757,2033759,7,2,9,completed,8
27068,Rigid,2033750,2033757,2033759,7,2,9,completed,8
27069,Rigid,2033750,2033757,2033759,7,2,9,completed,8
27070,Rigid,2033750,2033757,2033759,7,2,9,completed,8
27071,Rigid,2033750,2033757,2033758,7,1,8,completed,8
27072,Rigid,2033750,2033757,2033758,7,1,8,completed,8
27073,Rigid,2033750,2033757,2033758,7,1,8,completed,8
27074,Rigid,2033750,2033757,2033758,7,1,8,completed,8
27075,Rigid,2033750,2033757,2033759,7,2,9,completed,8
27076,Rigid,2033750,2033757,2033759,7,2,9,completed,8
27077,Rigid,2033750,2033757,2033759,7,2,9,completed,8
27078,Rigid,2033750,2033757,2033759,7,2,9,completed,8
27079,Rigid,2033750,2033757,2033759,7,2,9,completed,8
27080,Rigid,2033750,2033757,2033759,7,2,9,completed,8
27081,Rigid,2033750,2033757,2033759,7,2,9,completed,8
27082,Rigid,2033750,2033757,2033759,7,2,9,completed,8
27083,Rigid,2033750,2033757,2033759,7,2,9,completed,8
27084,Rigid,2033750,2033758,2033759,8,1,9,completed,8
27085,Rigid,2033750,2033758,2033759,8,1,9,completed,8
27086,Rigid,2033750,2033758,2033759,8,1,9,completed,8
27087,Rigid,2033750,2033758,2033759,8,1,9,completed,8
27088,Rigid,2033750,2033758,2033759,8,1,9,completed,8
27089,Rigid,2033750,2033758,2033759,8,1,9,completed,8
27090,Rigid,2033750,2033758,2033759,8,1,9,completed,8
27091,Rigid,2033750,2033758,2033759,8,1,9,completed,8
27092,Rigid,2033750,2033758,2033759,8,1,9,completed,8
27093,Rigid,2033750,2033758,2033759,8,1,9,completed,8
27094,Rigid,2033750,2033758,2033759,8,1,9,completed,8
27095,Rigid,2033750,2033758,2033759,8,1,9,completed,8
27096,Rigid,2033750,2033758,2033759,8,1,9,completed,8
27097,Rigid,2033750,2033758,2033759,8,1,9,completed,8
27098,Rigid,2033750,2033758,2033759,8,1,9,completed,8
27099,Rigid,2033750,2033758,2033759,8,1,9,completed,8
27100,Rigid,2033750,2033758,2033759,8,1,9,completed,8
27101,Rigid,2033750,2033758,2033759,8,1,9,completed,8
27102,Rigid,2033750,2033758,2033759,8,1,9,completed,8
27103,Rigid,2033750,2033758,2033759,8,1,9,completed,8
27104,Rigid,2033750,2033758,2033759,8,1,9,completed,8
27105,Rigid,2033750,2033758,2033759,8,1,9,completed,8
27106,Rigid,2033750,2033758,2033759,8,1,9,completed,8
27107,Rigid,2033750,2033758,2033759,8,1,9,completed,8
27108,Rigid,2033750,2033758,2033759,8,1,9,completed,8
27109,Rigid,2033750,2033758,2033759,8,1,9,completed,8
27110,Rigid,2033750,2033758,2033760,8,2,10,completed,8
27111,Rigid,2034073,2034074,2035740,1,1666,1667,completed,36
27112,Rigid,2034136,2034139,2034143,3,4,7,completed,1
27113,Rigid,2034136,2034139,2034142,3,3,6,completed,1
27114,Rigid,2034136,2034139,2034142,3,3,6,completed,1
27115,Rigid,2034136,2034139,2034142,3,3,6,completed,1
27116,Rigid,2034136,2034139,2034142,3,3,6,completed,1
27117,Rigid,2034136,2034139,2034142,3,3,6,completed,1
27118,Rigid,2034136,2034139,2034142,3,3,6,completed,1
27119,Rigid,2034136,2034139,2034142,3,3,6,completed,1
27120,Rigid,2034136,2034139,2034142,3,3,6,completed,1
27121,Rigid,2034136,2034139,2034142,3,3,6,completed,1
27122,Rigid,2034136,2034139,2034142,3,3,6,completed,1
27123,Rigid,2034136,2034139,2034142,3,3,6,completed,1
27124,Rigid,2034136,2034139,2034143,3,4,7,completed,1
27125,Rigid,2034136,2034139,2034142,3,3,6,completed,1
27126,Rigid,2034136,2034139,2034142,3,3,6,completed,1
27127,Rigid,2034136,2034139,2034143,3,4,7,completed,1
27128,Rigid,2034136,2034139,2034142,3,3,6,completed,1
27129,Rigid,2034136,2034139,2034142,3,3,6,completed,1
27130,Rigid,2034136,2034139,2034143,3,4,7,completed,1
27131,Rigid,2034136,2034139,2034143,3,4,7,completed,1
27132,Rigid,2034136,2034139,2034143,3,4,7,completed,1
27133,Rigid,2034136,2034139,2034143,3,4,7,completed,1
27134,Rigid,2034136,2034139,2034143,3,4,7,completed,1
27135,Rigid,2034136,2034139,2034143,3,4,7,completed,1
27136,Rigid,2034136,2034139,2034143,3,4,7,completed,1
27137,Rigid,2034136,2034139,2034143,3,4,7,completed,1
27138,Rigid,2034136,2034139,2034143,3,4,7,completed,1
27139,Rigid,2034136,2034139,2034143,3,4,7,completed,1
27140,Rigid,2034136,2034139,2034143,3,4,7,completed,1
27141,Rigid,2034136,2034139,2034142,3,3,6,completed,1
27142,Rigid,2034136,2034139,2034143,3,4,7,completed,1
27143,Rigid,2034136,2034139,2034143,3,4,7,completed,1
27144,Rigid,2034136,2034139,2034143,3,4,7,completed,1
27145,Rigid,2034136,2034139,2034143,3,4,7,completed,1
27146,Rigid,2034136,2034139,2034143,3,4,7,completed,1
27147,Rigid,2034136,2034139,2034143,3,4,7,completed,1
27148,Rigid,2034136,2034139,2034143,3,4,7,completed,1
27149,Rigid,2034136,2034139,2034143,3,4,7,completed,1
27150,Rigid,2034136,2034139,2034143,3,4,7,completed,1
27151,Rigid,2034136,2034139,2034142,3,3,6,completed,1
27152,Rigid,2034136,2034139,2034143,3,4,7,completed,1
27153,Rigid,2034136,2034139,2034143,3,4,7,completed,1
27154,Rigid,2034136,2034139,2034143,3,4,7,completed,1
27155,Rigid,2034136,2034139,2034143,3,4,7,completed,1
27156,Rigid,2034136,2034139,2034143,3,4,7,completed,1
27157,Rigid,2034136,2034139,2034143,3,4,7,completed,1
27158,Rigid,2034136,2034139,2034143,3,4,7,completed,1
27159,Rigid,2034136,2034139,2034143,3,4,7,completed,1
27160,Rigid,2034136,2034139,2034143,3,4,7,completed,1
27161,Rigid,2034136,2034139,2034143,3,4,7,completed,1
27162,Rigid,2034136,2034139,2034143,3,4,7,completed,1
27163,Rigid,2034136,2034139,2034143,3,4,7,completed,1
27164,Rigid,2034136,2034139,2034143,3,4,7,completed,1
27165,Rigid,2034136,2034139,2034143,3,4,7,completed,1
27166,Rigid,2034136,2034139,2034143,3,4,7,completed,1
27167,Rigid,2034136,2034139,2034143,3,4,7,completed,1
27168,Rigid,2034136,2034139,2034143,3,4,7,completed,1
27169,Rigid,2034136,2034139,2034143,3,4,7,completed,1
27170,Rigid,2034136,2034139,2034143,3,4,7,completed,1
27171,Rigid,2034136,2034139,2034143,3,4,7,completed,1
27172,Rigid,2034136,2034139,2034143,3,4,7,completed,1
27173,Rigid,2034136,2034139,2034143,3,4,7,completed,1
27174,Rigid,2034136,2034139,2034143,3,4,7,completed,1
27175,Rigid,2034136,2034139,2034143,3,4,7,completed,1
27176,Rigid,2034136,2034139,2034143,3,4,7,completed,1
27177,Rigid,2034136,2034139,2034143,3,4,7,completed,1
27178,Rigid,2034136,2034139,2034142,3,3,6,completed,1
27179,Rigid,2034136,2034139,2034143,3,4,7,completed,1
27180,Rigid,2034136,2034139,2034143,3,4,7,completed,1
27181,Rigid,2034136,2034139,2034143,3,4,7,completed,1
27182,Rigid,2034136,2034139,2034143,3,4,7,completed,1
27183,Rigid,2034136,2034139,2034143,3,4,7,completed,1
27184,Rigid,2034136,2034139,2034143,3,4,7,completed,1
27185,Rigid,2034136,2034139,2034143,3,4,7,completed,1
27186,Rigid,2034136,2034139,2034143,3,4,7,completed,1
27187,Rigid,2034136,2034139,2034143,3,4,7,completed,1
27188,Rigid,2034136,2034139,2034143,3,4,7,completed,1
27189,Rigid,2034136,2034139,2034143,3,4,7,completed,1
27190,Rigid,2034136,2034139,2034143,3,4,7,completed,1
27191,Rigid,2034136,2034139,2034143,3,4,7,completed,1
27192,Rigid,2034136,2034139,2034143,3,4,7,completed,1
27193,Rigid,2034136,2034139,2034143,3,4,7,completed,1
27194,Rigid,2034136,2034139,2034143,3,4,7,completed,1
27195,Rigid,2034136,2034139,2034143,3,4,7,completed,1
27196,Rigid,2034136,2034139,2034143,3,4,7,completed,1
27197,Rigid,2034136,2034139,2034143,3,4,7,completed,1
27198,Rigid,2034136,2034139,2034143,3,4,7,completed,1
27199,Rigid,2034136,2034139,2034143,3,4,7,completed,1
27200,Rigid,2034136,2034139,2034143,3,4,7,completed,1
27201,Rigid,2034136,2034139,2034143,3,4,7,completed,1
27202,Rigid,2034136,2034139,2034143,3,4,7,completed,1
27203,Rigid,2034136,2034139,2034143,3,4,7,completed,1
27204,Rigid,2034136,2034139,2034143,3,4,7,completed,1
27205,Rigid,2034136,2034139,2034143,3,4,7,completed,1
27206,Rigid,2034136,2034139,2034143,3,4,7,completed,1
27207,Rigid,2034136,2034139,2034143,3,4,7,completed,1
27208,Rigid,2034136,2034139,2034143,3,4,7,completed,1
27209,Rigid,2034136,2034139,2034143,3,4,7,completed,1
27210,Rigid,2034136,2034139,2034143,3,4,7,completed,1
27211,Rigid,2034136,2034139,2034143,3,4,7,completed,1
27212,Rigid,2034136,2034139,2034143,3,4,7,completed,1
27213,Rigid,2034136,2034140,2034143,4,3,7,completed,1
27214,Rigid,2034136,2034140,2034143,4,3,7,completed,1
27215,Rigid,2034136,2034140,2034143,4,3,7,completed,1
27216,Rigid,2034136,2034140,2034143,4,3,7,completed,1
27217,Rigid,2034136,2034140,2034143,4,3,7,completed,1
27218,Rigid,2034136,2034140,2034143,4,3,7,completed,1
27219,Rigid,2034136,2034140,2034143,4,3,7,completed,1
27220,Rigid,2034136,2034140,2034143,4,3,7,completed,1
27221,Rigid,2034136,2034140,2034143,4,3,7,completed,1
27222,Rigid,2034136,2034140,2034143,4,3,7,completed,1
27223,Rigid,2034136,2034140,2034143,4,3,7,completed,1
27224,Rigid,2034136,2034140,2034143,4,3,7,completed,1
27225,Rigid,2034136,2034140,2034143,4,3,7,completed,1
27226,Rigid,2034136,2034140,2034143,4,3,7,completed,1
27227,Rigid,2034136,2034140,2034143,4,3,7,completed,1
27228,Rigid,2034136,2034140,2034143,4,3,7,completed,1
27229,Rigid,2034136,2034140,2034143,4,3,7,completed,1
27230,Rigid,2034136,2034140,2034143,4,3,7,completed,1
27231,Rigid,2034136,2034140,2034143,4,3,7,completed,1
27232,Rigid,2034136,2034140,2034143,4,3,7,completed,1
27233,Rigid,2034136,2034140,2034143,4,3,7,completed,1
27234,Rigid,2034136,2034140,2034143,4,3,7,completed,1
27235,Rigid,2034136,2034140,2034143,4,3,7,completed,1
27236,Rigid,2034136,2034140,2034143,4,3,7,completed,1
27237,Rigid,2034136,2034140,2034143,4,3,7,completed,1
27238,Rigid,2034136,2034140,2034143,4,3,7,completed,1
27239,Rigid,2034136,2034140,2034143,4,3,7,completed,1
27240,Rigid,2034136,2034140,2034143,4,3,7,completed,1
27241,Rigid,2034136,2034140,2034143,4,3,7,completed,1
27242,Rigid,2034136,2034140,2034143,4,3,7,completed,1
27243,Rigid,2034136,2034140,2034143,4,3,7,completed,1
27244,Rigid,2034136,2034140,2034143,4,3,7,completed,1
27245,Rigid,2034136,2034140,2034143,4,3,7,completed,1
27246,Rigid,2034136,2034140,2034143,4,3,7,completed,1
27247,Rigid,2034136,2034140,2034143,4,3,7,completed,1
27248,Rigid,2034136,2034140,2034143,4,3,7,completed,1
27249,Rigid,2034136,2034140,2034143,4,3,7,completed,1
27250,Rigid,2034136,2034140,2034143,4,3,7,completed,1
27251,Rigid,2034136,2034140,2034143,4,3,7,completed,1
27252,Rigid,2034136,2034140,2034143,4,3,7,completed,1
27253,Rigid,2034136,2034140,2034143,4,3,7,completed,1
27254,Rigid,2034136,2034140,2034143,4,3,7,completed,1
27255,Rigid,2034136,2034140,2034143,4,3,7,completed,1
27256,Rigid,2034136,2034140,2034143,4,3,7,completed,1
27257,Rigid,2034136,2034140,2034143,4,3,7,completed,1
27258,Rigid,2034136,2034140,2034143,4,3,7,completed,1
27259,Rigid,2034136,2034144,2034146,8,2,10,completed,1
27260,Rigid,2034136,2034144,2034145,8,1,9,completed,1
27261,Rigid,2034136,2034144,2034146,8,2,10,completed,1
27262,Rigid,2034136,2034144,2034146,8,2,10,completed,1
27263,Rigid,2034136,2034144,2034146,8,2,10,completed,1
27264,Rigid,2034136,2034144,2034146,8,2,10,completed,1
27265,Rigid,2034136,2034144,2034146,8,2,10,completed,1
27266,Rigid,2034136,2034144,2034146,8,2,10,completed,1
27267,Rigid,2034136,2034144,2034146,8,2,10,completed,1
27268,Rigid,2034136,2034144,2034146,8,2,10,completed,1
27269,Rigid,2034136,2034144,2034146,8,2,10,completed,1
27270,Rigid,2034136,2034144,2034146,8,2,10,completed,1
27271,Rigid,2034136,2034144,2034146,8,2,10,completed,1
27272,Rigid,2034136,2034144,2034146,8,2,10,completed,1
27273,Rigid,2034136,2034144,2034146,8,2,10,completed,1
27274,Rigid,2034136,2034144,2034146,8,2,10,completed,1
27275,Rigid,2034136,2034144,2034145,8,1,9,completed,1
27276,Rigid,2034136,2034144,2034145,8,1,9,completed,1
27277,Rigid,2034136,2034144,2034146,8,2,10,completed,1
27278,Rigid,2034136,2034144,2034146,8,2,10,completed,1
27279,Rigid,2034136,2034144,2034146,8,2,10,completed,1
27280,Rigid,2034136,2034144,2034146,8,2,10,completed,1
27281,Rigid,2034136,2034144,2034146,8,2,10,completed,1
27282,Rigid,2034136,2034144,2034146,8,2,10,completed,1
27283,Rigid,2034136,2034144,2034146,8,2,10,completed,1
27284,Rigid,2034136,2034144,2034146,8,2,10,completed,1
27285,Rigid,2034136,2034144,2034146,8,2,10,completed,1
27286,Rigid,2034136,2034144,2034146,8,2,10,completed,1
27287,Rigid,2034136,2034144,2034146,8,2,10,completed,1
27288,Rigid,2034136,2034144,2034146,8,2,10,completed,1
27289,Rigid,2034136,2034144,2034145,8,1,9,completed,1
27290,Rigid,2034136,2034144,2034145,8,1,9,completed,1
27291,Rigid,2034136,2034144,2034146,8,2,10,completed,1
27292,Rigid,2034136,2034144,2034146,8,2,10,completed,1
27293,Rigid,2034136,2034144,2034145,8,1,9,completed,1
27294,Rigid,2034136,2034144,2034146,8,2,10,completed,1
27295,Rigid,2034136,2034144,2034145,8,1,9,completed,1
27296,Rigid,2034136,2034144,2034145,8,1,9,completed,1
27297,Rigid,2034136,2034144,2034145,8,1,9,completed,1
27298,Rigid,2034136,2034144,2034145,8,1,9,completed,1
27299,Rigid,2034136,2034144,2034145,8,1,9,completed,1
27300,Rigid,2034136,2034144,2034145,8,1,9,completed,1
27301,Rigid,2034136,2034144,2034145,8,1,9,completed,1
27302,Rigid,2034136,2034144,2034145,8,1,9,completed,1
27303,Rigid,2034136,2034144,2034145,8,1,9,completed,1
27304,Rigid,2034136,2034144,2034145,8,1,9,completed,1
27305,Rigid,2034136,2034144,2034146,8,2,10,completed,1
27306,Rigid,2034276,2034277,2035377,1,1100,1101,completed,8
27307,Rigid,2034276,2034277,2035376,1,1099,1100,completed,8
27308,Rigid,2034276,2034277,2035758,1,1481,1482,completed,8
27309,Rigid,2034276,2034277,2035764,1,1487,1488,completed,8
27310,Rigid,2034276,2034277,2034679,1,402,403,completed,8
27311,Rigid,2034276,2034277,2034679,1,402,403,completed,8
27312,Rigid,2034276,2034277,2034629,1,352,353,completed,8
27313,Rigid,2034276,2034277,2034631,1,354,355,completed,8
27314,Rigid,2034276,2034277,2035452,1,1175,1176,completed,8
27315,Rigid,2034276,2034277,2035449,1,1172,1173,completed,8
27316,Rigid,2034276,2034277,2034289,1,12,13,completed,8
27317,Rigid,2034276,2034277,2034289,1,12,13,completed,8
27318,Rigid,2034276,2034277,2035263,1,986,987,completed,8
27319,Rigid,2034276,2034277,2035263,1,986,987,completed,8
27320,Rigid,2034276,2034277,2035503,1,1226,1227,completed,8
27321,Rigid,2034276,2034277,2035507,1,1230,1231,completed,8
27322,Rigid,2034276,2034277,2034288,1,11,12,completed,8
27323,Rigid,2034276,2034277,2034288,1,11,12,completed,8
27324,Rigid,2034276,2034277,2035577,1,1300,1301,completed,8
27325,Rigid,2034276,2034277,2035580,1,1303,1304,completed,8
27326,Rigid,2034276,2034277,2036201,1,1924,1925,completed,8
27327,Rigid,2034276,2034277,2036206,1,1929,1930,completed,8
27328,Rigid,2034276,2034277,2034573,1,296,297,completed,8
27329,Rigid,2034276,2034277,2034573,1,296,297,completed,8
27330,Rigid,2034276,2034277,2034817,1,540,541,completed,8
27331,Rigid,2034276,2034277,2034817,1,540,541,completed,8
27332,Rigid,2034276,2034277,2034305,1,28,29,completed,8
27333,Rigid,2034276,2034277,2034305,1,28,29,completed,8
27334,Rigid,2034276,2034277,2035461,1,1184,1185,completed,8
27335,Rigid,2034276,2034277,2035464,1,1187,1188,completed,8
27336,Rigid,2034276,2034277,2034288,1,11,12,completed,8
27337,Rigid,2034276,2034277,2034288,1,11,12,completed,8
27338,Rigid,2034276,2034277,2034290,1,13,14,completed,8
27339,Rigid,2034276,2034277,2034290,1,13,14,completed,8
27340,Rigid,2034276,2034277,2035977,1,1700,1701,completed,8
27341,Rigid,2034276,2034277,2035973,1,1696,1697,completed,8
27342,Rigid,2034276,2034277,2034291,1,14,15,completed,8
27343,Rigid,2034276,2034277,2034291,1,14,15,completed,8
27344,Rigid,2034276,2034277,2036501,1,2224,2225,completed,8
27345,Rigid,2034276,2034277,2036505,1,2228,2229,completed,8
27346,Rigid,2034276,2034277,2036182,1,1905,1906,completed,8
27347,Rigid,2034276,2034277,2036190,1,1913,1914,completed,8
27348,Rigid,2034276,2034277,2037076,1,2799,2800,completed,8
27349,Rigid,2034276,2034277,2037075,1,2798,2799,completed,8
27350,Rigid,2034276,2034277,2034753,1,476,477,completed,8
27351,Rigid,2034276,2034277,2034752,1,475,476,completed,8
27352,Rigid,2034276,2034277,2035291,1,1014,1015,completed,8
27353,Rigid,2034276,2034277,2035291,1,1014,1015,completed,8
27354,Rigid,2034276,2034277,2035119,1,842,843,completed,8
27355,Rigid,2034276,2034277,2035123,1,846,847,completed,8
27356,Rigid,2034276,2034289,2034295,13,6,19,completed,8
27357,Rigid,2034276,2034289,2034295,13,6,19,completed,8
27358,Rigid,2034276,2034289,2035528,13,1239,1252,completed,8
27359,Rigid,2034276,2034289,2035527,13,1238,1251,completed,8
27360,Rigid,2034276,2034289,2034407,13,118,131,completed,8
27361,Rigid,2034276,2034289,2034407,13,118,131,completed,8
27362,Rigid,2034276,2034292,2034299,16,7,23,completed,8
27363,Rigid,2034276,2034292,2034299,16,7,23,completed,8
27364,Rigid,2034276,2034292,2036719,16,2427,2443,completed,8
27365,Rigid,2034276,2034292,2036728,16,2436,2452,completed,8
27366,Rigid,2034276,2034296,2038461,20,4165,4185,completed,8
27367,Rigid,2034276,2034296,2038455,20,4159,4179,completed,8
27368,Rigid,2034276,2034300,2036766,24,2466,2490,completed,8
27369,Rigid,2034276,2034300,2036771,24,2471,2495,completed,8
27370,Rigid,2034276,2034306,2035111,30,805,835,completed,8
27371,Rigid,2034276,2034306,2035111,30,805,835,completed,8
27372,Rigid,2034276,2034408,2038018,132,3610,3742,completed,8
27373,Rigid,2034276,2034408,2038034,132,3626,3758,completed,8
27374,Rigid,2034276,2034574,2038695,298,4121,4419,completed,8
27375,Rigid,2034276,2034574,2038711,298,4137,4435,completed,8
27376,Rigid,2034276,2034631,2034637,355,6,361,completed,8
27377,Rigid,2034276,2034631,2034637,355,6,361,completed,8
27378,Rigid,2034276,2034638,2034659,362,21,383,completed,8
27379,Rigid,2034276,2034638,2034659,362,21,383,completed,8
27380,Rigid,2034276,2034660,2034664,384,4,388,completed,8
27381,Rigid,2034276,2034660,2034664,384,4,388,completed,8
27382,Rigid,2034276,2034665,2034669,389,4,393,completed,8
27383,Rigid,2034276,2034665,2034669,389,4,393,completed,8
27384,Rigid,2034276,2034670,2034673,394,3,397,completed,8
27385,Rigid,2034276,2034670,2034673,394,3,397,completed,8
27386,Rigid,2034276,2034674,2034678,398,4,402,completed,8
27387,Rigid,2034276,2034674,2034678,398,4,402,completed,8
27388,Rigid,2034276,2034679,2034683,403,4,407,completed,8
27389,Rigid,2034276,2034679,2034683,403,4,407,completed,8
27390,Rigid,2034276,2034679,2034683,403,4,407,completed,8
27391,Rigid,2034276,2034680,2034683,404,3,407,completed,8
27392,Rigid,2034276,2034684,2037852,408,3168,3576,completed,8
27393,Rigid,2034276,2034684,2037854,408,3170,3578,completed,8
27394,Rigid,2034276,2034684,2040937,408,6253,6661,completed,8
27395,Rigid,2034276,2034684,2040945,408,6261,6669,completed,8
27396,Rigid,2034276,2034753,2034904,477,151,628,completed,8
27397,Rigid,2034276,2034753,2034904,477,151,628,completed,8
27398,Rigid,2034276,2034817,2037414,541,2597,3138,completed,8
27399,Rigid,2034276,2034817,2037415,541,2598,3139,completed,8
27400,Rigid,2034276,2034906,2040478,630,5572,6202,completed,8
27401,Rigid,2034276,2034906,2040485,630,5579,6209,completed,8
27402,Rigid,2034276,2035112,2035121,836,9,845,completed,8
27403,Rigid,2034276,2035112,2035121,836,9,845,completed,8
27404,Rigid,2034276,2035120,2037660,844,2540,3384,completed,8
27405,Rigid,2034276,2035122,2037663,846,2541,3387,completed,8
27406,Rigid,2034276,2035122,2043053,846,7931,8777,completed,8
27407,Rigid,2034276,2035125,2043141,849,8016,8865,completed,8
27408,Rigid,2034276,2035264,2035268,988,4,992,completed,8
27409,Rigid,2034276,2035264,2035268,988,4,992,completed,8
27410,Rigid,2034276,2035268,2035397,992,129,1121,completed,8
27411,Rigid,2034276,2035268,2035397,992,129,1121,completed,8
27412,Rigid,2034276,2035292,2038509,1016,3217,4233,completed,8
27413,Rigid,2034276,2035292,2038513,1016,3221,4237,completed,8
27414,Rigid,2034276,2035378,2035418,1102,40,1142,completed,8
27415,Rigid,2034276,2035378,2035418,1102,40,1142,completed,8
27416,Rigid,2034276,2035398,2036491,1122,1093,2215,completed,8
27417,Rigid,2034276,2035398,2036505,1122,1107,2229,completed,8
27418,Rigid,2034276,2035419,2036524,1143,1105,2248,completed,8
27419,Rigid,2034276,2035419,2036509,1143,1090,2233,completed,8
27420,Rigid,2034276,2035450,2035455,1174,5,1179,completed,8
27421,Rigid,2034276,2035454,2035459,1178,5,1183,completed,8
27422,Rigid,2034276,2035456,2035465,1180,9,1189,completed,8
27423,Rigid,2034276,2035460,2035468,1184,8,1192,completed,8
27424,Rigid,2034276,2035463,2036716,1187,1253,2440,completed,8
27425,Rigid,2034276,2035465,2036706,1189,1241,2430,completed,8
27426,Rigid,2034276,2035465,2035793,1189,328,1517,completed,8
27427,Rigid,2034276,2035469,2035798,1193,329,1522,completed,8
27428,Rigid,2034276,2035504,2035514,1228,10,1238,completed,8
27429,Rigid,2034276,2035509,2035518,1233,9,1242,completed,8
27430,Rigid,2034276,2035515,2035629,1239,114,1353,completed,8
27431,Rigid,2034276,2035519,2035633,1243,114,1357,completed,8
27432,Rigid,2034276,2035528,2037745,1252,2217,3469,completed,8
27433,Rigid,2034276,2035528,2037727,1252,2199,3451,completed,8
27434,Rigid,2034276,2035578,2038434,1302,2856,4158,completed,8
27435,Rigid,2034276,2035581,2038448,1305,2867,4172,completed,8
27436,Rigid,2034276,2035629,2037534,1353,1905,3258,completed,8
27437,Rigid,2034276,2035634,2037549,1358,1915,3273,completed,8
27438,Rigid,2034276,2035759,2037685,1483,1926,3409,completed,8
27439,Rigid,2034276,2035766,2037696,1490,1930,3420,completed,8
27440,Rigid,2034276,2035795,2037908,1519,2113,3632,completed,8
27441,Rigid,2034276,2035799,2037912,1523,2113,3636,completed,8
27442,Rigid,2034276,2035974,2037583,1698,1609,3307,completed,8
27443,Rigid,2034276,2035979,2037596,1703,1617,3320,completed,8
27444,Rigid,2034276,2036184,2040841,1908,4657,6565,completed,8
27445,Rigid,2034276,2036192,2040797,1916,4605,6521,completed,8
27446,Rigid,2034276,2036203,2038103,1927,1900,3827,completed,8
27447,Rigid,2034276,2036207,2038108,1931,1901,3832,completed,8
27448,Rigid,2034276,2036492,2038492,2216,2000,4216,completed,8
27449,Rigid,2034276,2036501,2038497,2225,1996,4221,completed,8
27450,Rigid,2034276,2036506,2041848,2230,5342,7572,completed,8
27451,Rigid,2034276,2036506,2041896,2230,5390,7620,completed,8
27452,Rigid,2034276,2036510,2036621,2234,111,2345,completed,8
27453,Rigid,2034276,2036525,2036635,2249,110,2359,completed,8
27454,Rigid,2034276,2036621,2038148,2345,1527,3872,completed,8
27455,Rigid,2034276,2036636,2038177,2360,1541,3901,completed,8
27456,Rigid,2034276,2036707,2039229,2431,2522,4953,completed,8
27457,Rigid,2034276,2036718,2039275,2442,2557,4999,completed,8
27458,Rigid,2034276,2036720,2036725,2444,5,2449,completed,8
27459,Rigid,2034276,2036726,2036732,2450,6,2456,completed,8
27460,Rigid,2034276,2036729,2036739,2453,10,2463,completed,8
27461,Rigid,2034276,2036733,2036742,2457,9,2466,completed,8
27462,Rigid,2034276,2036740,2038555,2464,1815,4279,completed,8
27463,Rigid,2034276,2036744,2038564,2468,1820,4288,completed,8
27464,Rigid,2034276,2036770,2041743,2494,4973,7467,completed,8
27465,Rigid,2034276,2036772,2041762,2496,4990,7486,completed,8
27466,Rigid,2034276,2037075,2037094,2799,19,2818,completed,8
27467,Rigid,2034276,2037076,2037094,2800,18,2818,completed,8
27468,Rigid,2034276,2037095,2037578,2819,483,3302,completed,8
27469,Rigid,2034276,2037095,2037576,2819,481,3300,completed,8
27470,Rigid,2034276,2037415,2046127,3139,8712,11851,completed,8
27471,Rigid,2034276,2037415,2046142,3139,8727,11866,completed,8
27472,Rigid,2034276,2037536,2045257,3260,7721,10981,completed,8
27473,Rigid,2034276,2037551,2045351,3275,7800,11075,completed,8
27474,Rigid,2034276,2037578,2041709,3302,4131,7433,completed,8
27475,Rigid,2034276,2037579,2041701,3303,4122,7425,completed,8
27476,Rigid,2034276,2037584,2043932,3308,6348,9656,completed,8
27477,Rigid,2034276,2037597,2043911,3321,6314,9635,completed,8
27478,Rigid,2034276,2037661,2040374,3385,2713,6098,completed,8
27479,Rigid,2034276,2037664,2040380,3388,2716,6104,completed,8
27480,Rigid,2034276,2037686,2037702,3410,16,3426,completed,8
27481,Rigid,2034276,2037697,2037713,3421,16,3437,completed,8
27482,Rigid,2034276,2037703,2039398,3427,1695,5122,completed,8
27483,Rigid,2034276,2037714,2039415,3438,1701,5139,completed,8
27484,Rigid,2034276,2037728,2046127,3452,8399,11851,completed,8
27485,Rigid,2034276,2037746,2046229,3470,8483,11953,completed,8
27486,Rigid,2034276,2037853,2044682,3577,6829,10406,completed,8
27487,Rigid,2034276,2037855,2044700,3579,6845,10424,completed,8
27488,Rigid,2034276,2037909,2038326,3633,417,4050,completed,8
27489,Rigid,2034276,2037914,2038329,3638,415,4053,completed,8
27490,Rigid,2034276,2038019,2045115,3743,7096,10839,completed,8
27491,Rigid,2034276,2038035,2045149,3759,7114,10873,completed,8
27492,Rigid,2034276,2038104,2038111,3828,7,3835,completed,8
27493,Rigid,2034276,2038109,2038116,3833,7,3840,completed,8
27494,Rigid,2034276,2038112,2038121,3836,9,3845,completed,8
27495,Rigid,2034276,2038117,2038125,3841,8,3849,completed,8
27496,Rigid,2034276,2038122,2039455,3846,1333,5179,completed,8
27497,Rigid,2034276,2038126,2039461,3850,1335,5185,completed,8
27498,Rigid,2034276,2038150,2038422,3874,272,4146,completed,8
27499,Rigid,2034276,2038178,2038451,3902,273,4175,completed,8
27500,Rigid,2034389,2034390,2035445,1,1055,1056,completed,36
27501,Rigid,2035836,2035837,2042796,1,6959,6960,completed,36
27502,Rigid,2036203,2036203,2072210,0,36007,36007,completed,36
27503,Rigid,2044613,2044613,2050153,0,5540,5540,completed,9
27504,Rigid,2050203,2050203,2050354,0,151,151,completed,1
27505,Rigid,2051463,2051463,2058334,0,6871,6871,completed,9
27506,Rigid,2058433,2058433,2062608,0,4175,4175,completed,9
27507,Rigid,2062653,2062653,2062772,0,119,119,completed,1
27508,Rigid,2064376,2064376,2064802,0,426,426,completed,36
27509,Rigid,2064959,2064960,2065396,1,436,437,completed,36
27510,Rigid,2064984,2064984,2065393,0,409,409,completed,36
27511,Rigid,2065003,2065003,2065497,0,494,494,completed,36
27512,Rigid,2065022,2065022,2065471,0,449,449,completed,36
27513,Rigid,2065039,2065040,2065510,1,470,471,completed,36
27514,Rigid,2065057,2065058,2065701,1,643,644,completed,36
27515,Rigid,2065075,2065076,2065694,1,618,619,completed,36
27516,Rigid,2065089,2065089,2065733,0,644,644,completed,36
27517,Rigid,2065105,2065106,2065467,1,361,362,completed,36
27518,Rigid,2065121,2065122,2065508,1,386,387,completed,36
27519,Rigid,2065136,2065137,2065494,1,357,358,completed,36
27520,Rigid,2065149,2065150,2065599,1,449,450,completed,36
27521,Rigid,2065161,2065162,2065604,1,442,443,completed,36
27522,Rigid,2065179,2065179,2065626,0,447,447,completed,36
27523,Rigid,2065193,2065193,2065812,0,619,619,completed,36
27524,Rigid,2065205,2065206,2065830,1,624,625,completed,36
27525,Rigid,2065217,2065220,2065850,3,630,633,completed,36
27526,Rigid,2065230,2065231,2065585,1,354,355,completed,36
27527,Rigid,2065246,2065247,2065601,1,354,355,completed,36
27528,Rigid,2065259,2065259,2065611,0,352,352,completed,36
27529,Rigid,2065270,2065271,2065714,1,443,444,completed,36
27530,Rigid,2065285,2065286,2065731,1,445,446,completed,36
27531,Rigid,2065298,2065298,2065750,0,452,452,completed,36
27532,Rigid,2065321,2065321,2065939,0,618,618,completed,36
27533,Rigid,2065338,2065340,2065947,2,607,609,completed,36
27534,Rigid,2065353,2065353,2065997,0,644,644,completed,36
27535,Rigid,2068695,2068696,2069796,1,1100,1101,completed,8
27536,Rigid,2068695,2068696,2069797,1,1101,1102,completed,8
27537,Rigid,2068695,2068696,2070171,1,1475,1476,completed,8
27538,Rigid,2068695,2068696,2070173,1,1477,1478,completed,8
27539,Rigid,2068695,2068696,2069101,1,405,406,completed,8
27540,Rigid,2068695,2068696,2069102,1,406,407,completed,8
27541,Rigid,2068695,2068696,2069049,1,353,354,completed,8
27542,Rigid,2068695,2068696,2069049,1,353,354,completed,8
27543,Rigid,2068695,2068696,2069878,1,1182,1183,completed,8
27544,Rigid,2068695,2068696,2069874,1,1178,1179,completed,8
27545,Rigid,2068695,2068696,2068709,1,13,14,completed,8
27546,Rigid,2068695,2068696,2068709,1,13,14,completed,8
27547,Rigid,2068695,2068696,2069695,1,999,1000,completed,8
27548,Rigid,2068695,2068696,2069698,1,1002,1003,completed,8
27549,Rigid,2068695,2068696,2069913,1,1217,1218,completed,8
27550,Rigid,2068695,2068696,2069919,1,1223,1224,completed,8
27551,Rigid,2068695,2068696,2068708,1,12,13,completed,8
27552,Rigid,2068695,2068696,2068708,1,12,13,completed,8
27553,Rigid,2068695,2068696,2069992,1,1296,1297,completed,8
27554,Rigid,2068695,2068696,2069987,1,1291,1292,completed,8
27555,Rigid,2068695,2068696,2070629,1,1933,1934,completed,8
27556,Rigid,2068695,2068696,2070640,1,1944,1945,completed,8
27557,Rigid,2068695,2068696,2068996,1,300,301,completed,8
27558,Rigid,2068695,2068696,2068996,1,300,301,completed,8
27559,Rigid,2068695,2068696,2069238,1,542,543,completed,8
27560,Rigid,2068695,2068696,2069240,1,544,545,completed,8
27561,Rigid,2068695,2068696,2068725,1,29,30,completed,8
27562,Rigid,2068695,2068696,2068725,1,29,30,completed,8
27563,Rigid,2068695,2068696,2069891,1,1195,1196,completed,8
27564,Rigid,2068695,2068696,2069893,1,1197,1198,completed,8
27565,Rigid,2068695,2068696,2068708,1,12,13,completed,8
27566,Rigid,2068695,2068696,2068708,1,12,13,completed,8
27567,Rigid,2068695,2068696,2068710,1,14,15,completed,8
27568,Rigid,2068695,2068696,2068710,1,14,15,completed,8
27569,Rigid,2068695,2068696,2070379,1,1683,1684,completed,8
27570,Rigid,2068695,2068696,2070384,1,1688,1689,completed,8
27571,Rigid,2068695,2068696,2068711,1,15,16,completed,8
27572,Rigid,2068695,2068696,2068711,1,15,16,completed,8
27573,Rigid,2068695,2068696,2070904,1,2208,2209,completed,8
27574,Rigid,2068695,2068696,2070902,1,2206,2207,completed,8
27575,Rigid,2068695,2068696,2070626,1,1930,1931,completed,8
27576,Rigid,2068695,2068696,2070633,1,1937,1938,completed,8
27577,Rigid,2068695,2068696,2071478,1,2782,2783,completed,8
27578,Rigid,2068695,2068696,2071468,1,2772,2773,completed,8
27579,Rigid,2068695,2068696,2069173,1,477,478,completed,8
27580,Rigid,2068695,2068696,2069174,1,478,479,completed,8
27581,Rigid,2068695,2068696,2069702,1,1006,1007,completed,8
27582,Rigid,2068695,2068696,2069704,1,1008,1009,completed,8
27583,Rigid,2068695,2068696,2069543,1,847,848,completed,8
27584,Rigid,2068695,2068696,2069545,1,849,850,completed,8
27585,Rigid,2068695,2068709,2068714,14,5,19,completed,8
27586,Rigid,2068695,2068709,2068715,14,6,20,completed,8
27587,Rigid,2068695,2068709,2069959,14,1250,1264,completed,8
27588,Rigid,2068695,2068709,2069963,14,1254,1268,completed,8
27589,Rigid,2068695,2068709,2068827,14,118,132,completed,8
27590,Rigid,2068695,2068709,2068826,14,117,131,completed,8
27591,Rigid,2068695,2068710,2068717,15,7,22,completed,8
27592,Rigid,2068695,2068710,2068718,15,8,23,completed,8
27593,Rigid,2068695,2068711,2071123,16,2412,2428,completed,8
27594,Rigid,2068695,2068711,2071120,16,2409,2425,completed,8
27595,Rigid,2068695,2068716,2072917,21,4201,4222,completed,8
27596,Rigid,2068695,2068716,2072920,21,4204,4225,completed,8
27597,Rigid,2068695,2068718,2071163,23,2445,2468,completed,8
27598,Rigid,2068695,2068718,2071167,23,2449,2472,completed,8
27599,Rigid,2068695,2068726,2069534,31,808,839,completed,8
27600,Rigid,2068695,2068726,2069534,31,808,839,completed,8
27601,Rigid,2068695,2068827,2072410,132,3583,3715,completed,8
27602,Rigid,2068695,2068827,2072436,132,3609,3741,completed,8
27603,Rigid,2068695,2068997,2073098,302,4101,4403,completed,8
27604,Rigid,2068695,2068997,2073095,302,4098,4400,completed,8
27605,Rigid,2068695,2069050,2069054,355,4,359,completed,8
27606,Rigid,2068695,2069050,2069054,355,4,359,completed,8
27607,Rigid,2068695,2069055,2069075,360,20,380,completed,8
27608,Rigid,2068695,2069055,2069075,360,20,380,completed,8
27609,Rigid,2068695,2069077,2069080,382,3,385,completed,8
27610,Rigid,2068695,2069077,2069080,382,3,385,completed,8
27611,Rigid,2068695,2069082,2069085,387,3,390,completed,8
27612,Rigid,2068695,2069082,2069085,387,3,390,completed,8
27613,Rigid,2068695,2069086,2069090,391,4,395,completed,8
27614,Rigid,2068695,2069086,2069090,391,4,395,completed,8
27615,Rigid,2068695,2069091,2069094,396,3,399,completed,8
27616,Rigid,2068695,2069091,2069094,396,3,399,completed,8
27617,Rigid,2068695,2069096,2069099,401,3,404,completed,8
27618,Rigid,2068695,2069096,2069099,401,3,404,completed,8
27619,Rigid,2068695,2069100,2069104,405,4,409,completed,8
27620,Rigid,2068695,2069100,2069104,405,4,409,completed,8
27621,Rigid,2068695,2069102,2072306,407,3204,3611,completed,8
27622,Rigid,2068695,2069103,2072313,408,3210,3618,completed,8
27623,Rigid,2068695,2069105,2075306,410,6201,6611,completed,8
27624,Rigid,2068695,2069106,2075301,411,6195,6606,completed,8
27625,Rigid,2068695,2069174,2069326,479,152,631,completed,8
27626,Rigid,2068695,2069174,2069326,479,152,631,completed,8
27627,Rigid,2068695,2069239,2071853,544,2614,3158,completed,8
27628,Rigid,2068695,2069241,2071858,546,2617,3163,completed,8
27629,Rigid,2068695,2069327,2074948,632,5621,6253,completed,8
27630,Rigid,2068695,2069327,2074968,632,5641,6273,completed,8
27631,Rigid,2068695,2069535,2069543,840,8,848,completed,8
27632,Rigid,2068695,2069535,2069543,840,8,848,completed,8
27633,Rigid,2068695,2069544,2072105,849,2561,3410,completed,8
27634,Rigid,2068695,2069544,2072103,849,2559,3408,completed,8
27635,Rigid,2068695,2069544,2077500,849,7956,8805,completed,8
27636,Rigid,2068695,2069547,2077506,852,7959,8811,completed,8
27637,Rigid,2068695,2069696,2069701,1001,5,1006,completed,8
27638,Rigid,2068695,2069700,2069704,1005,4,1009,completed,8
27639,Rigid,2068695,2069702,2069832,1007,130,1137,completed,8
27640,Rigid,2068695,2069704,2069834,1009,130,1139,completed,8
27641,Rigid,2068695,2069705,2072897,1010,3192,4202,completed,8
27642,Rigid,2068695,2069705,2072925,1010,3220,4230,completed,8
27643,Rigid,2068695,2069797,2069837,1102,40,1142,completed,8
27644,Rigid,2068695,2069798,2069837,1103,39,1142,completed,8
27645,Rigid,2068695,2069833,2070925,1138,1092,2230,completed,8
27646,Rigid,2068695,2069835,2070937,1140,1102,2242,completed,8
27647,Rigid,2068695,2069837,2070943,1142,1106,2248,completed,8
27648,Rigid,2068695,2069837,2070946,1142,1109,2251,completed,8
27649,Rigid,2068695,2069875,2069881,1180,6,1186,completed,8
27650,Rigid,2068695,2069879,2069884,1184,5,1189,completed,8
27651,Rigid,2068695,2069882,2069890,1187,8,1195,completed,8
27652,Rigid,2068695,2069885,2069893,1190,8,1198,completed,8
27653,Rigid,2068695,2069892,2071140,1197,1248,2445,completed,8
27654,Rigid,2068695,2069892,2071137,1197,1245,2442,completed,8
27655,Rigid,2068695,2069894,2070226,1199,332,1531,completed,8
27656,Rigid,2068695,2069894,2070227,1199,333,1532,completed,8
27657,Rigid,2068695,2069914,2069924,1219,10,1229,completed,8
27658,Rigid,2068695,2069920,2069929,1225,9,1234,completed,8
27659,Rigid,2068695,2069925,2070039,1230,114,1344,completed,8
27660,Rigid,2068695,2069930,2070045,1235,115,1350,completed,8
27661,Rigid,2068695,2069961,2072164,1266,2203,3469,completed,8
27662,Rigid,2068695,2069965,2072166,1270,2201,3471,completed,8
27663,Rigid,2068695,2069989,2072830,1294,2841,4135,completed,8
27664,Rigid,2068695,2069993,2072836,1298,2843,4141,completed,8
27665,Rigid,2068695,2070041,2071960,1346,1919,3265,completed,8
27666,Rigid,2068695,2070046,2071970,1351,1924,3275,completed,8
27667,Rigid,2068695,2070172,2072084,1477,1912,3389,completed,8
27668,Rigid,2068695,2070175,2072086,1480,1911,3391,completed,8
27669,Rigid,2068695,2070227,2072344,1532,2117,3649,completed,8
27670,Rigid,2068695,2070227,2072347,1532,2120,3652,completed,8
27671,Rigid,2068695,2070380,2072004,1685,1624,3309,completed,8
27672,Rigid,2068695,2070385,2072008,1690,1623,3313,completed,8
27673,Rigid,2068695,2070627,2075245,1932,4618,6550,completed,8
27674,Rigid,2068695,2070630,2075265,1935,4635,6570,completed,8
27675,Rigid,2068695,2070635,2072538,1940,1903,3843,completed,8
27676,Rigid,2068695,2070641,2072555,1946,1914,3860,completed,8
27677,Rigid,2068695,2070903,2072910,2208,2007,4215,completed,8
27678,Rigid,2068695,2070905,2072914,2210,2009,4219,completed,8
27679,Rigid,2068695,2070926,2076275,2231,5349,7580,completed,8
27680,Rigid,2068695,2070938,2076286,2243,5348,7591,completed,8
27681,Rigid,2068695,2070944,2071055,2249,111,2360,completed,8
27682,Rigid,2068695,2070948,2071057,2253,109,2362,completed,8
27683,Rigid,2068695,2071056,2072602,2361,1546,3907,completed,8
27684,Rigid,2068695,2071058,2072599,2363,1541,3904,completed,8
27685,Rigid,2068695,2071121,2073656,2426,2535,4961,completed,8
27686,Rigid,2068695,2071124,2073663,2429,2539,4968,completed,8
27687,Rigid,2068695,2071138,2071144,2443,6,2449,completed,8
27688,Rigid,2068695,2071142,2071147,2447,5,2452,completed,8
27689,Rigid,2068695,2071145,2071155,2450,10,2460,completed,8
27690,Rigid,2068695,2071148,2071158,2453,10,2463,completed,8
27691,Rigid,2068695,2071156,2072975,2461,1819,4280,completed,8
27692,Rigid,2068695,2071159,2072981,2464,1822,4286,completed,8
27693,Rigid,2068695,2071164,2076107,2469,4943,7412,completed,8
27694,Rigid,2068695,2071168,2076142,2473,4974,7447,completed,8
27695,Rigid,2068695,2071468,2071488,2773,20,2793,completed,8
27696,Rigid,2068695,2071478,2071494,2783,16,2799,completed,8
27697,Rigid,2068695,2071489,2071974,2794,485,3279,completed,8
27698,Rigid,2068695,2071495,2071977,2800,482,3282,completed,8
27699,Rigid,2068695,2071854,2080568,3159,8714,11873,completed,8
27700,Rigid,2068695,2071859,2080581,3164,8722,11886,completed,8
27701,Rigid,2068695,2071961,2079723,3266,7762,11028,completed,8
27702,Rigid,2068695,2071971,2079785,3276,7814,11090,completed,8
27703,Rigid,2068695,2071975,2076110,3280,4135,7415,completed,8
27704,Rigid,2068695,2071978,2076111,3283,4133,7416,completed,8
27705,Rigid,2068695,2072005,2078389,3310,6384,9694,completed,8
27706,Rigid,2068695,2072009,2078417,3314,6408,9722,completed,8
27707,Rigid,2068695,2072085,2074802,3390,2717,6107,completed,8
27708,Rigid,2068695,2072088,2074810,3393,2722,6115,completed,8
27709,Rigid,2068695,2072105,2072122,3410,17,3427,completed,8
27710,Rigid,2068695,2072106,2072122,3411,16,3427,completed,8
27711,Rigid,2068695,2072123,2073824,3428,1701,5129,completed,8
27712,Rigid,2068695,2072123,2073824,3428,1701,5129,completed,8
27713,Rigid,2068695,2072165,2080635,3470,8470,11940,completed,8
27714,Rigid,2068695,2072168,2080651,3473,8483,11956,completed,8
27715,Rigid,2068695,2072307,2079203,3612,6896,10508,completed,8
27716,Rigid,2068695,2072314,2079226,3619,6912,10531,completed,8
27717,Rigid,2068695,2072345,2072763,3650,418,4068,completed,8
27718,Rigid,2068695,2072349,2072765,3654,416,4070,completed,8
27719,Rigid,2068695,2072411,2079455,3716,7044,10760,completed,8
27720,Rigid,2068695,2072437,2079489,3742,7052,10794,completed,8
27721,Rigid,2068695,2072540,2072546,3845,6,3851,completed,8
27722,Rigid,2068695,2072547,2072553,3852,6,3858,completed,8
27723,Rigid,2068695,2072555,2072563,3860,8,3868,completed,8
27724,Rigid,2068695,2072556,2072568,3861,12,3873,completed,8
27725,Rigid,2068695,2072569,2073903,3874,1334,5208,completed,8
27726,Rigid,2068695,2072569,2073896,3874,1327,5201,completed,8
27727,Rigid,2068695,2072600,2072873,3905,273,4178,completed,8
27728,Rigid,2068695,2072603,2072877,3908,274,4182,completed,8
27729,Rigid,2071356,2071356,2071363,0,7,7,completed,1
27730,Rigid,2071463,2071463,2071467,0,4,4,completed,1
27731,Rigid,2071463,2071477,2071481,14,4,18,completed,1
27732,Rigid,2071463,2123755,2123763,52292,8,52300,completed,1
27733,Rigid,2071486,2071486,2071643,0,157,157,completed,1
27734,Rigid,2071486,2071486,2071649,0,163,163,completed,1
27735,Rigid,2071486,2071486,2071646,0,160,160,completed,1
27736,Rigid,2071486,2071486,2071654,0,168,168,completed,1
27737,Rigid,2071486,2071487,2071621,1,134,135,completed,1
27738,Rigid,2071486,2071487,2071628,1,141,142,completed,1
27739,Rigid,2071486,2071487,2071612,1,125,126,completed,1
27740,Rigid,2071486,2071487,2071615,1,128,129,completed,1
27741,Rigid,2071486,2071487,2071732,1,245,246,completed,1
27742,Rigid,2071486,2071487,2071736,1,249,250,completed,1
27743,Rigid,2071486,2071487,2071723,1,236,237,completed,1
27744,Rigid,2071486,2071487,2071735,1,248,249,completed,1
27745,Rigid,2071486,2071487,2071678,1,191,192,completed,1
27746,Rigid,2071486,2071487,2071686,1,199,200,completed,1
27747,Rigid,2071486,2071487,2071676,1,189,190,completed,1
27748,Rigid,2071486,2071487,2071684,1,197,198,completed,1
27749,Rigid,2071486,2071487,2071498,1,11,12,completed,1
27750,Rigid,2071486,2071487,2071498,1,11,12,completed,1
27751,Rigid,2071486,2071487,2071498,1,11,12,completed,1
27752,Rigid,2071486,2071487,2071498,1,11,12,completed,1
27753,Rigid,2071486,2071487,2071704,1,217,218,completed,1
27754,Rigid,2071486,2071487,2071718,1,231,232,completed,1
27755,Rigid,2071486,2071487,2071693,1,206,207,completed,1
27756,Rigid,2071486,2071487,2071708,1,221,222,completed,1
27757,Rigid,2071486,2071487,2071764,1,277,278,completed,1
27758,Rigid,2071486,2071487,2071781,1,294,295,completed,1
27759,Rigid,2071486,2071487,2071754,1,267,268,completed,1
27760,Rigid,2071486,2071487,2071768,1,281,282,completed,1
27761,Rigid,2071486,2071487,2071644,1,157,158,completed,1
27762,Rigid,2071486,2071487,2071648,1,161,162,completed,1
27763,Rigid,2071486,2071487,2071654,1,167,168,completed,1
27764,Rigid,2071486,2071487,2071661,1,174,175,completed,1
27765,Rigid,2071486,2071487,2071687,1,200,201,completed,1
27766,Rigid,2071486,2071487,2071699,1,212,213,completed,1
27767,Rigid,2071486,2071489,2071729,3,240,243,completed,1
27768,Rigid,2071486,2071489,2071744,3,255,258,completed,1
27769,Rigid,2071486,2071489,2071704,3,215,218,completed,1
27770,Rigid,2071486,2071489,2071710,3,221,224,completed,1
27771,Rigid,2071486,2071489,2071689,3,200,203,completed,1
27772,Rigid,2071486,2071489,2071695,3,206,209,completed,1
27773,Rigid,2071486,2071489,2071786,3,297,300,completed,1
27774,Rigid,2071486,2071489,2071801,3,312,315,completed,1
27775,Rigid,2071486,2071489,2071771,3,282,285,completed,1
27776,Rigid,2071486,2071489,2071787,3,298,301,completed,1
27777,Rigid,2071486,2071489,2071743,3,254,257,completed,1
27778,Rigid,2071486,2071489,2071750,3,261,264,completed,1
27779,Rigid,2071486,2071489,2071745,3,256,259,completed,1
27780,Rigid,2071486,2071489,2071745,3,256,259,completed,1
27781,Rigid,2071560,2071561,2071564,1,3,4,completed,1
27782,Rigid,2071693,2071694,2071697,1,3,4,completed,1
27783,Rigid,2071785,2071785,2354694,0,282909,282909,completed,36
27784,Rigid,2071799,2071799,2071807,0,8,8,completed,1
27785,Rigid,2071799,2071821,2071825,22,4,26,completed,1
27786,Rigid,2071799,2131287,2131295,59488,8,59496,completed,1
27787,Rigid,2071876,2071876,2355131,0,283255,283255,completed,36
27788,Rigid,2071915,2071915,2071919,0,4,4,completed,1
27789,Rigid,2071915,2071935,2071939,20,4,24,completed,1
27790,Rigid,2071915,2114379,2114387,42464,8,42472,completed,1
27791,Rigid,2072132,2072132,2281251,0,209119,209119,completed,36
27792,Rigid,2072192,2072192,2308500,0,236308,236308,completed,36
27793,Rigid,2072245,2072246,2321540,1,249294,249295,completed,36
27794,Rigid,2072297,2072301,2252829,4,180528,180532,completed,36
27795,Rigid,2072340,2072341,2338482,1,266141,266142,completed,36
27796,Rigid,2072881,2072882,2336130,1,263248,263249,completed,36
27797,Rigid,2072881,2072882,2336130,1,263248,263249,completed,36
27798,Rigid,2072881,2072882,2336130,1,263248,263249,completed,36
27799,Rigid,2073686,2073687,2357562,1,283875,283876,completed,36
27800,Rigid,2074122,2074123,2074629,1,506,507,completed,72
27801,Rigid,2074468,2074468,2236938,0,162470,162470,completed,36
27802,Rigid,2074584,2074584,2074587,0,3,3,completed,1
27803,Rigid,2074587,2074588,2418099,1,343511,343512,completed,36
27804,Rigid,2074696,2074697,2178460,1,103763,103764,completed,36
27805,Rigid,2074774,2074774,2077015,0,2241,2241,completed,72
27806,Rigid,2074799,2074799,2074894,0,95,95,completed,16
27807,Rigid,2074825,2074825,2314821,0,239996,239996,completed,36
27808,Rigid,2074844,2074844,2074862,0,18,18,completed,1
27809,Rigid,2074849,2074849,2075897,0,1048,1048,completed,36
27810,Rigid,2074897,2074898,2074907,1,9,10,completed,1
27811,Rigid,2074954,2074955,2078179,1,3224,3225,completed,16
27812,Rigid,2075182,2075182,2075192,0,10,10,completed,1
27813,Rigid,2075390,2075390,2075410,0,20,20,completed,1
27814,Rigid,2075437,2075437,2075439,0,2,2,completed,1
27815,Rigid,2075460,2075460,2077673,0,2213,2213,completed,16
27816,Rigid,2075464,2075464,2075781,0,317,317,completed,1
27817,Rigid,2075798,2075798,2144791,0,68993,68993,completed,16
27818,Rigid,2076146,2076146,2153769,0,77623,77623,completed,16
27819,Rigid,2076246,2076247,2087579,1,11332,11333,completed,36
27820,Rigid,2076487,2076488,2076825,1,337,338,completed,1
27821,Rigid,2076702,2076703,2421615,1,344912,344913,completed,36
27822,Rigid,2076747,2076748,2076752,1,4,5,completed,36
27823,Rigid,2076787,2076787,2300027,0,223240,223240,completed,36
27824,Rigid,2076798,2076801,2076950,3,149,152,completed,36
27825,Rigid,2076816,2076816,2076935,0,119,119,completed,36
27826,Rigid,2076856,2076856,2257536,0,180680,180680,completed,36
27827,Rigid,2078204,2078204,2078226,0,22,22,completed,1
27828,Rigid,2078204,2078204,2078233,0,29,29,completed,1
27829,Rigid,2078204,2078204,2078212,0,8,8,completed,1
27830,Rigid,2078204,2078204,2078214,0,10,10,completed,1
27831,Rigid,2078204,2078204,2078232,0,28,28,completed,1
27832,Rigid,2078204,2078204,2078207,0,3,3,completed,1
27833,Rigid,2078204,2078204,2078226,0,22,22,completed,1
27834,Rigid,2078204,2078204,2078227,0,23,23,completed,1
27835,Rigid,2078204,2078204,2078207,0,3,3,completed,1
27836,Rigid,2078204,2078204,2078228,0,24,24,completed,1
27837,Rigid,2078204,2078204,2078234,0,30,30,completed,1
27838,Rigid,2078204,2078204,2078213,0,9,9,completed,1
27839,Rigid,2078204,2078204,2078215,0,11,11,completed,1
27840,Rigid,2078204,2078204,2078207,0,3,3,completed,1
27841,Rigid,2078204,2078204,2078224,0,20,20,completed,1
27842,Rigid,2078204,2078204,2078207,0,3,3,completed,1
27843,Rigid,2078204,2078204,2078207,0,3,3,completed,1
27844,Rigid,2078204,2078204,2078228,0,24,24,completed,1
27845,Rigid,2078204,2078204,2078207,0,3,3,completed,1
27846,Rigid,2078204,2078204,2078241,0,37,37,completed,1
27847,Rigid,2078204,2078204,2078242,0,38,38,completed,1
27848,Rigid,2078204,2078204,2078256,0,52,52,completed,1
27849,Rigid,2078204,2078205,2078216,1,11,12,completed,1
27850,Rigid,2078204,2078205,2078222,1,17,18,completed,1
27851,Rigid,2078204,2078205,2078224,1,19,20,completed,1
27852,Rigid,2078204,2078205,2078207,1,2,3,completed,1
27853,Rigid,2078204,2078205,2078219,1,14,15,completed,1
27854,Rigid,2078204,2078205,2078211,1,6,7,completed,1
27855,Rigid,2078204,2078205,2078207,1,2,3,completed,1
27856,Rigid,2078204,2078205,2078228,1,23,24,completed,1
27857,Rigid,2078204,2078205,2078237,1,32,33,completed,1
27858,Rigid,2078204,2078205,2078223,1,18,19,completed,1
27859,Rigid,2078204,2078205,2078214,1,9,10,completed,1
27860,Rigid,2078204,2078205,2078234,1,29,30,completed,1
27861,Rigid,2078204,2078205,2078243,1,38,39,completed,1
27862,Rigid,2078204,2078205,2078207,1,2,3,completed,1
27863,Rigid,2078204,2078205,2078207,1,2,3,completed,1
27864,Rigid,2078204,2078205,2078206,1,1,2,completed,1
27865,Rigid,2078204,2078205,2078206,1,1,2,completed,1
27866,Rigid,2078204,2078205,2078206,1,1,2,completed,1
27867,Rigid,2078204,2078205,2078207,1,2,3,completed,1
27868,Rigid,2078204,2078205,2078206,1,1,2,completed,1
27869,Rigid,2078204,2078205,2078206,1,1,2,completed,1
27870,Rigid,2078204,2078205,2078219,1,14,15,completed,1
27871,Rigid,2078204,2078205,2078237,1,32,33,completed,1
27872,Rigid,2078204,2078205,2078207,1,2,3,completed,1
27873,Rigid,2078204,2078205,2078221,1,16,17,completed,1
27874,Rigid,2078204,2078205,2078248,1,43,44,completed,1
27875,Rigid,2078204,2078205,2078206,1,1,2,completed,1
27876,Rigid,2078204,2078205,2078216,1,11,12,completed,1
27877,Rigid,2078204,2078205,2078254,1,49,50,completed,1
27878,Rigid,2078204,2078208,2078209,4,1,5,completed,1
27879,Rigid,2078204,2078208,2078210,4,2,6,completed,1
27880,Rigid,2078204,2078208,2078253,4,45,49,completed,1
27881,Rigid,2078204,2078208,2078209,4,1,5,completed,1
27882,Rigid,2078204,2078208,2078223,4,15,19,completed,1
27883,Rigid,2078204,2078208,2078226,4,18,22,completed,1
27884,Rigid,2078204,2078208,2078209,4,1,5,completed,1
27885,Rigid,2078204,2078208,2078209,4,1,5,completed,1
27886,Rigid,2078204,2078208,2078228,4,20,24,completed,1
27887,Rigid,2078204,2078208,2078214,4,6,10,completed,1
27888,Rigid,2078204,2078208,2078209,4,1,5,completed,1
27889,Rigid,2078204,2078208,2078212,4,4,8,completed,1
27890,Rigid,2078204,2078208,2078228,4,20,24,completed,1
27891,Rigid,2078204,2078208,2078231,4,23,27,completed,1
27892,Rigid,2078204,2078208,2078220,4,12,16,completed,1
27893,Rigid,2078204,2078208,2078222,4,14,18,completed,1
27894,Rigid,2078204,2078208,2078226,4,18,22,completed,1
27895,Rigid,2078204,2078208,2078221,4,13,17,completed,1
27896,Rigid,2078204,2078208,2078239,4,31,35,completed,1
27897,Rigid,2078204,2078208,2078228,4,20,24,completed,1
27898,Rigid,2078204,2078208,2078217,4,9,13,completed,1
27899,Rigid,2078204,2078208,2078249,4,41,45,completed,1
27900,Rigid,2078204,2078208,2078210,4,2,6,completed,1
27901,Rigid,2078204,2078208,2078225,4,17,21,completed,1
27902,Rigid,2078204,2078208,2078230,4,22,26,completed,1
27903,Rigid,2078204,2078208,2078209,4,1,5,completed,1
27904,Rigid,2078204,2078208,2078209,4,1,5,completed,1
27905,Rigid,2078204,2078208,2078224,4,16,20,completed,1
27906,Rigid,2078204,2078208,2078246,4,38,42,completed,1
27907,Rigid,2078204,2078208,2078209,4,1,5,completed,1
27908,Rigid,2078204,2078208,2078214,4,6,10,completed,1
27909,Rigid,2078204,2078208,2078245,4,37,41,completed,1
27910,Rigid,2078204,2078208,2078241,4,33,37,completed,1
27911,Rigid,2078204,2078208,2078229,4,21,25,completed,1
27912,Rigid,2078204,2078208,2078255,4,47,51,completed,1
27913,Rigid,2078204,2078208,2078225,4,17,21,completed,1
27914,Rigid,2078204,2078208,2078209,4,1,5,completed,1
27915,Rigid,2078204,2078208,2078223,4,15,19,completed,1
27916,Rigid,2078204,2078208,2078242,4,34,38,completed,1
27917,Rigid,2078204,2078208,2078249,4,41,45,completed,1
27918,Rigid,2078204,2078208,2078211,4,3,7,completed,1
27919,Rigid,2078204,2078208,2078252,4,44,48,completed,1
27920,Rigid,2078204,2078208,2078209,4,1,5,completed,1
27921,Rigid,2078204,2078208,2078217,4,9,13,completed,1
27922,Rigid,2078204,2078208,2078211,4,3,7,completed,1
27923,Rigid,2078276,2078277,2078278,1,1,2,completed,1
27924,Rigid,2078276,2078277,2078278,1,1,2,completed,1
27925,Rigid,2079531,2079531,2079532,0,1,1,completed,1
27926,Rigid,2079531,2079531,2079532,0,1,1,completed,1
27927,Rigid,2079531,2079531,2079532,0,1,1,completed,1
27928,Rigid,2079531,2079531,2079532,0,1,1,completed,1
27929,Rigid,2079531,2079531,2079532,0,1,1,completed,1
27930,Rigid,2079531,2079531,2079532,0,1,1,completed,1
27931,Rigid,2079596,2079597,2080191,1,594,595,completed,36
27932,Rigid,2079903,2079903,2084793,0,4890,4890,completed,1080
27933,Rigid,2080408,2080408,2080410,0,2,2,completed,1
27934,Rigid,2080408,2080408,2080410,0,2,2,completed,1
27935,Rigid,2080408,2080408,2080410,0,2,2,completed,1
27936,Rigid,2080408,2080408,2080410,0,2,2,completed,1
27937,Rigid,2080408,2080408,2080410,0,2,2,completed,1
27938,Rigid,2080408,2080408,2080410,0,2,2,completed,1
27939,Rigid,2080408,2080408,2080410,0,2,2,completed,1
27940,Rigid,2080408,2080408,2080410,0,2,2,completed,1
27941,Rigid,2080408,2080408,2080410,0,2,2,completed,1
27942,Rigid,2080408,2080408,2080410,0,2,2,completed,1
27943,Rigid,2080408,2080408,2080410,0,2,2,completed,1
27944,Rigid,2080408,2080408,2080410,0,2,2,completed,1
27945,Rigid,2080408,2080408,2080410,0,2,2,completed,1
27946,Rigid,2080408,2080408,2080410,0,2,2,completed,1
27947,Rigid,2080408,2080408,2080410,0,2,2,completed,1
27948,Rigid,2080408,2080408,2080410,0,2,2,completed,1
27949,Rigid,2080408,2080408,2080410,0,2,2,completed,1
27950,Rigid,2080408,2080408,2080410,0,2,2,completed,1
27951,Rigid,2080408,2080408,2080410,0,2,2,completed,1
27952,Rigid,2080408,2080408,2080410,0,2,2,completed,1
27953,Rigid,2080408,2080408,2080410,0,2,2,completed,1
27954,Rigid,2080408,2080408,2080410,0,2,2,completed,1
27955,Rigid,2080408,2080408,2080410,0,2,2,completed,1
27956,Rigid,2080408,2080408,2080410,0,2,2,completed,1
27957,Rigid,2080408,2080408,2080410,0,2,2,completed,1
27958,Rigid,2080408,2080408,2080410,0,2,2,completed,1
27959,Rigid,2080408,2080408,2080410,0,2,2,completed,1
27960,Rigid,2080408,2080408,2080410,0,2,2,completed,1
27961,Rigid,2080408,2080408,2080410,0,2,2,completed,1
27962,Rigid,2080408,2080408,2080410,0,2,2,completed,1
27963,Rigid,2080408,2080408,2080410,0,2,2,completed,1
27964,Rigid,2080408,2080408,2080411,0,3,3,completed,1
27965,Rigid,2080408,2080408,2080410,0,2,2,completed,1
27966,Rigid,2080408,2080408,2080410,0,2,2,completed,1
27967,Rigid,2080408,2080408,2080410,0,2,2,completed,1
27968,Rigid,2080408,2080408,2080410,0,2,2,completed,1
27969,Rigid,2080408,2080408,2080410,0,2,2,completed,1
27970,Rigid,2080408,2080408,2080410,0,2,2,completed,1
27971,Rigid,2080408,2080408,2080410,0,2,2,completed,1
27972,Rigid,2080408,2080408,2080410,0,2,2,completed,1
27973,Rigid,2080408,2080408,2080410,0,2,2,completed,1
27974,Rigid,2080408,2080408,2080410,0,2,2,completed,1
27975,Rigid,2080408,2080408,2080410,0,2,2,completed,1
27976,Rigid,2080408,2080408,2080410,0,2,2,completed,1
27977,Rigid,2080408,2080408,2080410,0,2,2,completed,1
27978,Rigid,2080408,2080408,2080410,0,2,2,completed,1
27979,Rigid,2080408,2080408,2080411,0,3,3,completed,1
27980,Rigid,2080408,2080408,2080410,0,2,2,completed,1
27981,Rigid,2080408,2080408,2080411,0,3,3,completed,1
27982,Rigid,2080408,2080408,2080411,0,3,3,completed,1
27983,Rigid,2080408,2080408,2080411,0,3,3,completed,1
27984,Rigid,2080408,2080408,2080411,0,3,3,completed,1
27985,Rigid,2080408,2080408,2080410,0,2,2,completed,1
27986,Rigid,2080408,2080408,2080410,0,2,2,completed,1
27987,Rigid,2080408,2080408,2080410,0,2,2,completed,1
27988,Rigid,2080408,2080408,2080411,0,3,3,completed,1
27989,Rigid,2080408,2080408,2080410,0,2,2,completed,1
27990,Rigid,2080408,2080408,2080410,0,2,2,completed,1
27991,Rigid,2080408,2080408,2080410,0,2,2,completed,1
27992,Rigid,2080408,2080408,2080410,0,2,2,completed,1
27993,Rigid,2080408,2080408,2080410,0,2,2,completed,1
27994,Rigid,2080408,2080408,2080410,0,2,2,completed,1
27995,Rigid,2080408,2080408,2080410,0,2,2,completed,1
27996,Rigid,2080408,2080408,2080410,0,2,2,completed,1
27997,Rigid,2080408,2080408,2080410,0,2,2,completed,1
27998,Rigid,2080408,2080408,2080410,0,2,2,completed,1
27999,Rigid,2080408,2080408,2080410,0,2,2,completed,1
28000,Rigid,2080408,2080408,2080410,0,2,2,completed,1
28001,Rigid,2080408,2080408,2080410,0,2,2,completed,1
28002,Rigid,2080408,2080408,2080410,0,2,2,completed,1
28003,Rigid,2080408,2080408,2080410,0,2,2,completed,1
28004,Rigid,2080408,2080408,2080410,0,2,2,completed,1
28005,Rigid,2080408,2080408,2080410,0,2,2,completed,1
28006,Rigid,2080408,2080408,2080410,0,2,2,completed,1
28007,Rigid,2080408,2080408,2080410,0,2,2,completed,1
28008,Rigid,2080408,2080408,2080410,0,2,2,completed,1
28009,Rigid,2080408,2080408,2080410,0,2,2,completed,1
28010,Rigid,2080408,2080408,2080410,0,2,2,completed,1
28011,Rigid,2080408,2080408,2080410,0,2,2,completed,1
28012,Rigid,2080408,2080408,2080410,0,2,2,completed,1
28013,Rigid,2080408,2080408,2080410,0,2,2,completed,1
28014,Rigid,2080408,2080408,2080410,0,2,2,completed,1
28015,Rigid,2080408,2080408,2080410,0,2,2,completed,1
28016,Rigid,2080408,2080408,2080410,0,2,2,completed,1
28017,Rigid,2080408,2080408,2080410,0,2,2,completed,1
28018,Rigid,2080408,2080408,2080410,0,2,2,completed,1
28019,Rigid,2080408,2080408,2080410,0,2,2,completed,1
28020,Rigid,2080408,2080408,2080410,0,2,2,completed,1
28021,Rigid,2080408,2080408,2080410,0,2,2,completed,1
28022,Rigid,2080408,2080408,2080410,0,2,2,completed,1
28023,Rigid,2080408,2080408,2080410,0,2,2,completed,1
28024,Rigid,2080408,2080408,2080410,0,2,2,completed,1
28025,Rigid,2080408,2080408,2080410,0,2,2,completed,1
28026,Rigid,2080408,2080408,2080410,0,2,2,completed,1
28027,Rigid,2080408,2080408,2080410,0,2,2,completed,1
28028,Rigid,2080408,2080408,2080410,0,2,2,completed,1
28029,Rigid,2080408,2080409,2080410,1,1,2,completed,1
28030,Rigid,2080428,2080432,2084971,4,4539,4543,completed,144
28031,Rigid,2080733,2080733,2080900,0,167,167,completed,1
28032,Rigid,2080733,2080733,2080968,0,235,235,completed,1
28033,Rigid,2080733,2080733,2080789,0,56,56,completed,1
28034,Rigid,2080733,2080733,2080779,0,46,46,completed,1
28035,Rigid,2080733,2080733,2080937,0,204,204,completed,1
28036,Rigid,2080733,2080733,2080736,0,3,3,completed,1
28037,Rigid,2080733,2080733,2080878,0,145,145,completed,1
28038,Rigid,2080733,2080733,2080911,0,178,178,completed,1
28039,Rigid,2080733,2080733,2080737,0,4,4,completed,1
28040,Rigid,2080733,2080733,2080902,0,169,169,completed,1
28041,Rigid,2080733,2080733,2080932,0,199,199,completed,1
28042,Rigid,2080733,2080733,2080762,0,29,29,completed,1
28043,Rigid,2080733,2080733,2080795,0,62,62,completed,1
28044,Rigid,2080733,2080733,2080738,0,5,5,completed,1
28045,Rigid,2080733,2080733,2080876,0,143,143,completed,1
28046,Rigid,2080733,2080733,2080736,0,3,3,completed,1
28047,Rigid,2080733,2080733,2080736,0,3,3,completed,1
28048,Rigid,2080733,2080733,2080925,0,192,192,completed,1
28049,Rigid,2080733,2080733,2080736,0,3,3,completed,1
28050,Rigid,2080733,2080733,2081031,0,298,298,completed,1
28051,Rigid,2080733,2080733,2081032,0,299,299,completed,1
28052,Rigid,2080733,2080733,2081187,0,454,454,completed,1
28053,Rigid,2080733,2080733,2080796,0,63,63,completed,1
28054,Rigid,2080733,2080733,2080876,0,143,143,completed,1
28055,Rigid,2080733,2080733,2080893,0,160,160,completed,1
28056,Rigid,2080733,2080733,2080736,0,3,3,completed,1
28057,Rigid,2080733,2080733,2080822,0,89,89,completed,1
28058,Rigid,2080733,2080733,2080755,0,22,22,completed,1
28059,Rigid,2080733,2080733,2080737,0,4,4,completed,1
28060,Rigid,2080733,2080733,2080903,0,170,170,completed,1
28061,Rigid,2080733,2080733,2080998,0,265,265,completed,1
28062,Rigid,2080733,2080733,2080900,0,167,167,completed,1
28063,Rigid,2080733,2080733,2080790,0,57,57,completed,1
28064,Rigid,2080733,2080733,2080973,0,240,240,completed,1
28065,Rigid,2080733,2080734,2081051,1,317,318,completed,1
28066,Rigid,2080733,2080734,2080736,1,2,3,completed,1
28067,Rigid,2080733,2080734,2080737,1,3,4,completed,1
28068,Rigid,2080733,2080734,2080736,1,2,3,completed,1
28069,Rigid,2080733,2080734,2080736,1,2,3,completed,1
28070,Rigid,2080733,2080734,2080736,1,2,3,completed,1
28071,Rigid,2080733,2080734,2080736,1,2,3,completed,1
28072,Rigid,2080733,2080734,2080737,1,3,4,completed,1
28073,Rigid,2080733,2080734,2080737,1,3,4,completed,1
28074,Rigid,2080733,2080734,2080864,1,130,131,completed,1
28075,Rigid,2080733,2080734,2081066,1,332,333,completed,1
28076,Rigid,2080733,2080734,2080741,1,7,8,completed,1
28077,Rigid,2080733,2080734,2080890,1,156,157,completed,1
28078,Rigid,2080733,2080734,2081170,1,436,437,completed,1
28079,Rigid,2080733,2080734,2080737,1,3,4,completed,1
28080,Rigid,2080733,2080734,2080831,1,97,98,completed,1
28081,Rigid,2080733,2080734,2081238,1,504,505,completed,1
28082,Rigid,2080733,2080734,2080737,1,3,4,completed,1
28083,Rigid,2080733,2080734,2080744,1,10,11,completed,1
28084,Rigid,2080733,2080734,2081169,1,435,436,completed,1
28085,Rigid,2080733,2080734,2080739,1,5,6,completed,1
28086,Rigid,2080733,2080734,2080875,1,141,142,completed,1
28087,Rigid,2080733,2080734,2080899,1,165,166,completed,1
28088,Rigid,2080733,2080734,2080737,1,3,4,completed,1
28089,Rigid,2080733,2080734,2080738,1,4,5,completed,1
28090,Rigid,2080733,2080734,2080917,1,183,184,completed,1
28091,Rigid,2080733,2080734,2080782,1,48,49,completed,1
28092,Rigid,2080733,2080734,2080737,1,3,4,completed,1
28093,Rigid,2080733,2080734,2080749,1,15,16,completed,1
28094,Rigid,2080733,2080734,2080894,1,160,161,completed,1
28095,Rigid,2080733,2080734,2080958,1,224,225,completed,1
28096,Rigid,2080733,2080734,2080825,1,91,92,completed,1
28097,Rigid,2080733,2080734,2080867,1,133,134,completed,1
28098,Rigid,2080733,2080734,2080917,1,183,184,completed,1
28099,Rigid,2080733,2080734,2080841,1,107,108,completed,1
28100,Rigid,2080733,2080734,2081018,1,284,285,completed,1
28101,Rigid,2080733,2080734,2080911,1,177,178,completed,1
28102,Rigid,2080733,2080734,2080802,1,68,69,completed,1
28103,Rigid,2080733,2080734,2081152,1,418,419,completed,1
28104,Rigid,2080733,2080734,2080741,1,7,8,completed,1
28105,Rigid,2080733,2080734,2080870,1,136,137,completed,1
28106,Rigid,2080733,2080734,2080924,1,190,191,completed,1
28107,Rigid,2080733,2080734,2080737,1,3,4,completed,1
28108,Rigid,2080733,2080734,2080737,1,3,4,completed,1
28109,Rigid,2080733,2080734,2080859,1,125,126,completed,1
28110,Rigid,2080733,2080734,2081097,1,363,364,completed,1
28111,Rigid,2080733,2080734,2080737,1,3,4,completed,1
28112,Rigid,2080733,2080734,2080786,1,52,53,completed,1
28113,Rigid,2080733,2080734,2081211,1,477,478,completed,1
28114,Rigid,2080733,2080734,2081133,1,399,400,completed,1
28115,Rigid,2080733,2080734,2080932,1,198,199,completed,1
28116,Rigid,2080733,2080734,2081207,1,473,474,completed,1
28117,Rigid,2080733,2080735,2080875,2,140,142,completed,1
28118,Rigid,2080733,2080735,2080737,2,2,4,completed,1
28119,Rigid,2080733,2080735,2080857,2,122,124,completed,1
28120,Rigid,2080733,2080735,2081175,2,440,442,completed,1
28121,Rigid,2080733,2080735,2081172,2,437,439,completed,1
28122,Rigid,2080733,2080735,2080762,2,27,29,completed,1
28123,Rigid,2080733,2080735,2081239,2,504,506,completed,1
28124,Rigid,2080733,2080735,2080737,2,2,4,completed,1
28125,Rigid,2080733,2080735,2080737,2,2,4,completed,1
28126,Rigid,2080733,2080735,2080821,2,86,88,completed,1
28127,Rigid,2080733,2080735,2080755,2,20,22,completed,1
28128,Rigid,2081558,2081559,2082136,1,577,578,completed,36
28129,Rigid,2081916,2081917,2082013,1,96,97,completed,1
28130,Rigid,2082015,2082016,2082029,1,13,14,completed,1
28131,Rigid,2082263,2082264,2255072,1,172808,172809,completed,144
28132,Rigid,2082377,2082381,2082572,4,191,195,completed,1
28133,Rigid,2083381,2083381,2084005,0,624,624,completed,36
28134,Rigid,2083444,2083445,2342650,1,259205,259206,completed,1
28135,Rigid,2083751,2083751,2342980,0,259229,259229,completed,1
28136,Rigid,2083776,2083777,2342980,1,259203,259204,completed,1
28137,Rigid,2083800,2083800,2343010,0,259210,259210,completed,1
28138,Rigid,2083821,2083821,2343040,0,259219,259219,completed,1
28139,Rigid,2083842,2083842,2343070,0,259228,259228,completed,1
28140,Rigid,2083876,2083876,2343100,0,259224,259224,completed,1
28141,Rigid,2083893,2083893,2343100,0,259207,259207,completed,1
28142,Rigid,2083927,2083927,2343130,0,259203,259203,completed,1
28143,Rigid,2083946,2083947,2343160,1,259213,259214,completed,1
28144,Rigid,2083967,2083968,2343190,1,259222,259223,completed,1
28145,Rigid,2084335,2084336,2343550,1,259214,259215,completed,1
28146,Rigid,2084362,2084363,2343580,1,259217,259218,completed,1
28147,Rigid,2084381,2084382,2343610,1,259228,259229,completed,1
28148,Rigid,2084398,2084399,2343610,1,259211,259212,completed,1
28149,Rigid,2084414,2084415,2084432,1,17,18,completed,1
28150,Rigid,2084455,2084456,2343670,1,259214,259215,completed,1
28151,Rigid,2084472,2084472,2343700,0,259228,259228,completed,1
28152,Rigid,2084488,2084488,2343700,0,259212,259212,completed,1
28153,Rigid,2084506,2084506,2343730,0,259224,259224,completed,1
28154,Rigid,2084525,2084525,2343730,0,259205,259205,completed,1
28155,Rigid,2084553,2084554,2343760,1,259206,259207,completed,1
28156,Rigid,2084569,2084570,2343790,1,259220,259221,completed,1
28157,Rigid,2084935,2084935,2344150,0,259215,259215,completed,1
28158,Rigid,2084954,2084955,2344180,1,259225,259226,completed,1
28159,Rigid,2084970,2084971,2344180,1,259209,259210,completed,1
28160,Rigid,2084989,2084989,2344210,0,259221,259221,completed,1
28161,Rigid,2085004,2085005,2344210,1,259205,259206,completed,1
28162,Rigid,2085021,2085022,2344240,1,259218,259219,completed,1
28163,Rigid,2085036,2085037,2344240,1,259203,259204,completed,1
28164,Rigid,2085054,2085054,2344270,0,259216,259216,completed,1
28165,Rigid,2085074,2085074,2344300,0,259226,259226,completed,1
28166,Rigid,2085094,2085094,2344300,0,259206,259206,completed,1
28167,Rigid,2085111,2085112,2344330,1,259218,259219,completed,1
28168,Rigid,2088129,2088130,2089189,1,1059,1060,completed,36
28169,Rigid,2089070,2089071,2089235,1,164,165,completed,36
28170,Rigid,2089125,2089126,2089766,1,640,641,completed,36
28171,Rigid,2089354,2089354,2103782,0,14428,14428,completed,36
28172,Rigid,2089440,2089440,2426418,0,336978,336978,completed,144
28173,Rigid,2089687,2089687,2091893,0,2206,2206,completed,36
28174,Rigid,2091002,2091002,2091170,0,168,168,completed,1
28175,Rigid,2091057,2091058,2091794,1,736,737,completed,36
28176,Rigid,2091683,2091684,2091688,1,4,5,completed,36
28177,Rigid,2091696,2091697,2091702,1,5,6,completed,1
28178,Rigid,2091711,2091712,2091914,1,202,203,completed,1
28179,Rigid,2091723,2091915,2091925,192,10,202,completed,36
28180,Rigid,2091883,2091883,2098432,0,6549,6549,completed,72
28181,Rigid,2091953,2091953,2102179,0,10226,10226,completed,36
28182,Rigid,2092228,2092228,2092292,0,64,64,completed,36
28183,Rigid,2092246,2092246,2092441,0,195,195,completed,1
28184,Rigid,2092383,2092383,2092659,0,276,276,completed,1
28185,Rigid,2092493,2092494,2092557,1,63,64,completed,36
28186,Rigid,2092729,2092729,2093143,0,414,414,completed,36
28187,Rigid,2092840,2092840,2093371,0,531,531,completed,36
28188,Rigid,2093086,2093147,2093213,61,66,127,completed,36
28189,Rigid,2093653,2093653,2094115,0,462,462,completed,36
28190,Rigid,2093828,2093829,2094067,1,238,239,completed,1
28191,Rigid,2093925,2093925,2093952,0,27,27,completed,1
28192,Rigid,2094124,2094125,2104416,1,10291,10292,completed,36
28193,Rigid,2094299,2094299,2094509,0,210,210,completed,1
28194,Rigid,2094469,2094470,2095470,1,1000,1001,completed,36
28195,Rigid,2094737,2094741,2094758,4,17,21,completed,1
28196,Rigid,2095550,2095550,2095606,0,56,56,completed,36
28197,Rigid,2095627,2095628,2095701,1,73,74,completed,36
28198,Rigid,2095703,2095703,2138930,0,43227,43227,completed,36
28199,Rigid,2095944,2095944,2096113,0,169,169,completed,1
28200,Rigid,2096567,2096568,2096578,1,10,11,completed,36
28201,Rigid,2096599,2096601,2139801,2,43200,43202,completed,36
28202,Rigid,2096607,2096608,2139831,1,43223,43224,completed,36
28203,Rigid,2096615,2096615,2139831,0,43216,43216,completed,36
28204,Rigid,2096621,2096621,2139831,0,43210,43210,completed,36
28205,Rigid,2096628,2096628,2139831,0,43203,43203,completed,36
28206,Rigid,2096635,2096635,2139861,0,43226,43226,completed,36
28207,Rigid,2096642,2096642,2139861,0,43219,43219,completed,36
28208,Rigid,2096839,2096843,2326498,4,229655,229659,completed,1
28209,Rigid,2097703,2097703,2097935,0,232,232,completed,72
28210,Rigid,2098726,2098726,2105942,0,7216,7216,completed,4
28211,Rigid,2098740,2098741,2108126,1,9385,9386,completed,16
28212,Rigid,2099263,2099264,2100336,1,1072,1073,completed,16
28213,Rigid,2099562,2099567,2445190,5,345623,345628,completed,16
28214,Rigid,2099719,2099723,2381891,4,282168,282172,completed,16
28215,Rigid,2099811,2099812,2099813,1,1,2,completed,1
28216,Rigid,2099831,2099832,2099833,1,1,2,completed,1
28217,Rigid,2099862,2099862,2099869,0,7,7,completed,1
28218,Rigid,2099862,2099866,2099869,4,3,7,completed,1
28219,Rigid,2099862,2099866,2099868,4,2,6,completed,1
28220,Rigid,2099862,2099866,2099868,4,2,6,completed,1
28221,Rigid,2099862,2099866,2099883,4,17,21,completed,1
28222,Rigid,2099873,2099874,2363405,1,263531,263532,completed,16
28223,Rigid,2100002,2100003,2349895,1,249892,249893,completed,16
28224,Rigid,2100088,2100089,2100332,1,243,244,completed,72
28225,Rigid,2100962,2100962,2101192,0,230,230,completed,72
28226,Rigid,2101032,2101032,2101036,0,4,4,completed,16
28227,Rigid,2101078,2101079,2103174,1,2095,2096,completed,16
28228,Rigid,2103090,2103091,2105161,1,2070,2071,completed,72
28229,Rigid,2110605,2110605,2110614,0,9,9,completed,1
28230,Rigid,2110625,2110625,2110643,0,18,18,completed,1
28231,Rigid,2110625,2110625,2110632,0,7,7,completed,1
28232,Rigid,2110625,2110625,2110632,0,7,7,completed,1
28233,Rigid,2110625,2110625,2110626,0,1,1,completed,1
28234,Rigid,2110625,2110625,2110626,0,1,1,completed,1
28235,Rigid,2111365,2111365,2112642,0,1277,1277,completed,36
28236,Rigid,2111852,2111853,2114279,1,2426,2427,completed,144
28237,Rigid,2112897,2112898,2126068,1,13170,13171,completed,36
28238,Rigid,2116863,2116864,2117291,1,427,428,completed,72
28239,Rigid,2116924,2116925,2131330,1,14405,14406,completed,396
28240,Rigid,2116958,2116959,2131360,1,14401,14402,completed,396
28241,Rigid,2117192,2117193,2117195,1,2,3,completed,8
28242,Rigid,2117316,2117316,2290142,0,172826,172826,completed,8
28243,Rigid,2118138,2118138,2118245,0,107,107,completed,108
28244,Rigid,2118287,2118287,2118422,0,135,135,completed,108
28245,Rigid,2118316,2118317,2118450,1,133,134,completed,108
28246,Rigid,2118408,2118408,2118540,0,132,132,completed,108
28247,Rigid,2118511,2118512,2118644,1,132,133,completed,108
28248,Rigid,2133745,2133746,2169003,1,35257,35258,completed,36
28249,Rigid,2133756,2133756,2133847,0,91,91,completed,36
28250,Rigid,2133768,2133769,2133847,1,78,79,completed,36
28251,Rigid,2133779,2133779,2133876,0,97,97,completed,36
28252,Rigid,2133789,2133789,2133870,0,81,81,completed,36
28253,Rigid,2133799,2133803,2167415,4,33612,33616,completed,36
28254,Rigid,2133809,2133810,2169942,1,36132,36133,completed,36
28255,Rigid,2133819,2133819,2167116,0,33297,33297,completed,36
28256,Rigid,2133829,2133830,2167284,1,33454,33455,completed,36
28257,Rigid,2133840,2133840,2169659,0,35819,35819,completed,36
28258,Rigid,2133850,2133850,2167638,0,33788,33788,completed,36
28259,Rigid,2133860,2133863,2167899,3,34036,34039,completed,36
28260,Rigid,2133870,2133871,2133976,1,105,106,completed,36
28261,Rigid,2134088,2134089,2169461,1,35372,35373,completed,36
28262,Rigid,2134098,2134099,2165165,1,31066,31067,completed,36
28263,Rigid,2134109,2134109,2176368,0,42259,42259,completed,36
28264,Rigid,2134119,2134119,2166558,0,32439,32439,completed,36
28265,Rigid,2151933,2151933,2238360,0,86427,86427,completed,36
28266,Rigid,2151946,2151947,2238360,1,86413,86414,completed,36
28267,Rigid,2151952,2151952,2238360,0,86408,86408,completed,36
28268,Rigid,2151960,2151961,2238390,1,86429,86430,completed,36
28269,Rigid,2151966,2151966,2238390,0,86424,86424,completed,36
28270,Rigid,2152579,2152580,2238990,1,86410,86411,completed,36
28271,Rigid,2152592,2152593,2239020,1,86427,86428,completed,36
28272,Rigid,2155358,2155358,2156270,0,912,912,completed,36
28273,Rigid,2156569,2156569,2326232,0,169663,169663,completed,1080
28274,Rigid,2160671,2160671,2160861,0,190,190,completed,36
28275,Rigid,2160693,2160693,2160867,0,174,174,completed,36
28276,Rigid,2160708,2160709,2160973,1,264,265,completed,36
28277,Rigid,2160723,2160724,2161557,1,833,834,completed,36
28278,Rigid,2160772,2160772,2161201,0,429,429,completed,72
28279,Rigid,2160917,2160917,2161075,0,158,158,completed,36
28280,Rigid,2160947,2160948,2161116,1,168,169,completed,36
28281,Rigid,2160960,2160961,2161137,1,176,177,completed,36
28282,Rigid,2160976,2160977,2161540,1,563,564,completed,36
28283,Rigid,2165210,2165210,2165211,0,1,1,completed,18
28284,Rigid,2168193,2168193,2168199,0,6,6,completed,1
28285,Rigid,2168398,2168398,2168401,0,3,3,completed,1
28286,Rigid,2168504,2168505,2168509,1,4,5,completed,1
28287,Rigid,2168504,2168525,2168529,21,4,25,completed,1
28288,Rigid,2168505,2220689,2220698,52184,9,52193,completed,1
28289,Rigid,2168697,2168697,2168700,0,3,3,completed,1
28290,Rigid,2168938,2168938,2168941,0,3,3,completed,1
28291,Rigid,2168938,2168980,2168983,42,3,45,completed,1
28292,Rigid,2168938,2225233,2225242,56295,9,56304,completed,1
28293,Rigid,2169056,2169056,2169060,0,4,4,completed,1
28294,Rigid,2169056,2169091,2169095,35,4,39,completed,1
28295,Rigid,2169056,2220703,2220707,51647,4,51651,completed,1
28296,Rigid,2169368,2169369,2334284,1,164915,164916,completed,288
28297,Rigid,2169438,2169438,2334649,0,165211,165211,completed,288
28298,Rigid,2169553,2169554,2335022,1,165468,165469,completed,144
28299,Rigid,2169724,2169724,2334866,0,165142,165142,completed,288
28300,Rigid,2171165,2171166,2550230,1,379064,379065,completed,72
28301,Rigid,2172469,2172469,2172476,0,7,7,completed,1
28302,Rigid,2172469,2172519,2172524,50,5,55,completed,1
28303,Rigid,2172469,2230273,2230282,57804,9,57813,completed,1
28304,Rigid,2174619,2174620,2174623,1,3,4,completed,1
28305,Rigid,2174619,2174652,2174657,33,5,38,completed,1
28306,Rigid,2174619,2231026,2231032,56407,6,56413,completed,1
28307,Rigid,2175178,2175179,2175512,1,333,334,completed,36
28308,Rigid,2175669,2175669,2175677,0,8,8,completed,1
28309,Rigid,2175669,2175696,2175701,27,5,32,completed,1
28310,Rigid,2175670,2231129,2231134,55459,5,55464,completed,1
28311,Rigid,2179001,2179001,2211935,0,32934,32934,completed,36
28312,Rigid,2179058,2179058,2191036,0,11978,11978,completed,36
28313,Rigid,2185608,2185608,2185895,0,287,287,completed,18
28314,Rigid,2186206,2186206,2186215,0,9,9,completed,1
28315,Rigid,2186206,2186206,2186209,0,3,3,completed,1
28316,Rigid,2186206,2186206,2186215,0,9,9,completed,1
28317,Rigid,2186209,2186210,2186230,1,20,21,completed,1
28318,Rigid,2186209,2186210,2186211,1,1,2,completed,1
28319,Rigid,2186373,2186374,2186375,1,1,2,completed,1
28320,Rigid,2186373,2186374,2186375,1,1,2,completed,1
28321,Rigid,2186373,2186374,2186375,1,1,2,completed,1
28322,Rigid,2186373,2186374,2186375,1,1,2,completed,1
28323,Rigid,2186373,2186374,2186375,1,1,2,completed,1
28324,Rigid,2186373,2186374,2186375,1,1,2,completed,1
28325,Rigid,2186373,2186374,2186375,1,1,2,completed,1
28326,Rigid,2186373,2186374,2186375,1,1,2,completed,1
28327,Rigid,2186374,2186377,2186378,3,1,4,completed,1
28328,Rigid,2186374,2186377,2186378,3,1,4,completed,1
28329,Rigid,2186374,2186377,2186378,3,1,4,completed,1
28330,Rigid,2186374,2186377,2186378,3,1,4,completed,1
28331,Rigid,2186374,2186377,2186378,3,1,4,completed,1
28332,Rigid,2186375,2186377,2186378,2,1,3,completed,1
28333,Rigid,2186375,2186377,2186378,2,1,3,completed,1
28334,Rigid,2186375,2186377,2186378,2,1,3,completed,1
28335,Rigid,2186375,2186377,2186378,2,1,3,completed,1
28336,Rigid,2186375,2186377,2186378,2,1,3,completed,1
28337,Rigid,2186375,2186377,2186378,2,1,3,completed,1
28338,Rigid,2186375,2186377,2186378,2,1,3,completed,1
28339,Rigid,2186376,2186377,2186378,1,1,2,completed,1
28340,Rigid,2186376,2186377,2186378,1,1,2,completed,1
28341,Rigid,2186376,2186377,2186378,1,1,2,completed,1
28342,Rigid,2186376,2186377,2186378,1,1,2,completed,1
28343,Rigid,2186376,2186377,2186378,1,1,2,completed,1
28344,Rigid,2186376,2186377,2186378,1,1,2,completed,1
28345,Rigid,2186376,2186377,2186378,1,1,2,completed,1
28346,Rigid,2186376,2186377,2186378,1,1,2,completed,1
28347,Rigid,2186376,2186377,2186378,1,1,2,completed,1
28348,Rigid,2186376,2186377,2186378,1,1,2,completed,1
28349,Rigid,2186377,2186377,2186378,0,1,1,completed,1
28350,Rigid,2186377,2186377,2186378,0,1,1,completed,1
28351,Rigid,2186377,2186377,2186378,0,1,1,completed,1
28352,Rigid,2186377,2186378,2186379,1,1,2,completed,1
28353,Rigid,2186377,2186378,2186379,1,1,2,completed,1
28354,Rigid,2186377,2186378,2186379,1,1,2,completed,1
28355,Rigid,2186377,2186378,2186379,1,1,2,completed,1
28356,Rigid,2186377,2186378,2186379,1,1,2,completed,1
28357,Rigid,2186377,2186378,2186379,1,1,2,completed,1
28358,Rigid,2186378,2186378,2186379,0,1,1,completed,1
28359,Rigid,2186378,2186379,2186381,1,2,3,completed,1
28360,Rigid,2186378,2186379,2186381,1,2,3,completed,1
28361,Rigid,2186378,2186379,2186381,1,2,3,completed,1
28362,Rigid,2186378,2186379,2186381,1,2,3,completed,1
28363,Rigid,2186378,2186379,2186381,1,2,3,completed,1
28364,Rigid,2186379,2186379,2186381,0,2,2,completed,1
28365,Rigid,2186379,2186379,2186381,0,2,2,completed,1
28366,Rigid,2186379,2186379,2186381,0,2,2,completed,1
28367,Rigid,2186379,2186379,2186381,0,2,2,completed,1
28368,Rigid,2186379,2186379,2186381,0,2,2,completed,1
28369,Rigid,2186379,2186379,2186381,0,2,2,completed,1
28370,Rigid,2186379,2186379,2186381,0,2,2,completed,1
28371,Rigid,2186379,2186380,2186381,1,1,2,completed,1
28372,Rigid,2186380,2186380,2186381,0,1,1,completed,1
28373,Rigid,2186380,2186380,2186381,0,1,1,completed,1
28374,Rigid,2186380,2186380,2186381,0,1,1,completed,1
28375,Rigid,2186380,2186380,2186381,0,1,1,completed,1
28376,Rigid,2186380,2186380,2186381,0,1,1,completed,1
28377,Rigid,2186380,2186380,2186381,0,1,1,completed,1
28378,Rigid,2186380,2186382,2186383,2,1,3,completed,1
28379,Rigid,2186380,2186382,2186383,2,1,3,completed,1
28380,Rigid,2186381,2186382,2186383,1,1,2,completed,1
28381,Rigid,2186381,2186382,2186383,1,1,2,completed,1
28382,Rigid,2186381,2186382,2186383,1,1,2,completed,1
28383,Rigid,2186381,2186382,2186383,1,1,2,completed,1
28384,Rigid,2186381,2186382,2186384,1,2,3,completed,1
28385,Rigid,2186381,2186382,2186385,1,3,4,completed,1
28386,Rigid,2186381,2186382,2186383,1,1,2,completed,1
28387,Rigid,2186381,2186382,2186383,1,1,2,completed,1
28388,Rigid,2186381,2186382,2186383,1,1,2,completed,1
28389,Rigid,2186381,2186382,2186383,1,1,2,completed,1
28390,Rigid,2186382,2186382,2186384,0,2,2,completed,1
28391,Rigid,2186382,2186382,2186384,0,2,2,completed,1
28392,Rigid,2186382,2186382,2186384,0,2,2,completed,1
28393,Rigid,2186382,2186382,2186384,0,2,2,completed,1
28394,Rigid,2186382,2186383,2186384,1,1,2,completed,1
28395,Rigid,2186383,2186383,2186384,0,1,1,completed,1
28396,Rigid,2186383,2186383,2186384,0,1,1,completed,1
28397,Rigid,2186383,2186383,2186384,0,1,1,completed,1
28398,Rigid,2186383,2186385,2186386,2,1,3,completed,1
28399,Rigid,2186383,2186385,2186386,2,1,3,completed,1
28400,Rigid,2186383,2186385,2186386,2,1,3,completed,1
28401,Rigid,2186384,2186385,2186386,1,1,2,completed,1
28402,Rigid,2186384,2186385,2186386,1,1,2,completed,1
28403,Rigid,2186384,2186385,2186386,1,1,2,completed,1
28404,Rigid,2186384,2186385,2186386,1,1,2,completed,1
28405,Rigid,2186384,2186385,2186386,1,1,2,completed,1
28406,Rigid,2186384,2186385,2186386,1,1,2,completed,1
28407,Rigid,2186384,2186385,2186386,1,1,2,completed,1
28408,Rigid,2186384,2186385,2186386,1,1,2,completed,1
28409,Rigid,2186384,2186385,2186386,1,1,2,completed,1
28410,Rigid,2186385,2186385,2186386,0,1,1,completed,1
28411,Rigid,2186385,2186385,2186386,0,1,1,completed,1
28412,Rigid,2186385,2186385,2186386,0,1,1,completed,1
28413,Rigid,2186385,2186385,2186386,0,1,1,completed,1
28414,Rigid,2186385,2186385,2186386,0,1,1,completed,1
28415,Rigid,2186385,2186385,2186386,0,1,1,completed,1
28416,Rigid,2186385,2186385,2186387,0,2,2,completed,1
28417,Rigid,2186385,2186385,2186386,0,1,1,completed,1
28418,Rigid,2186386,2186386,2186387,0,1,1,completed,1
28419,Rigid,2186386,2186386,2186387,0,1,1,completed,1
28420,Rigid,2186386,2186387,2186388,1,1,2,completed,1
28421,Rigid,2186386,2186387,2186388,1,1,2,completed,1
28422,Rigid,2186386,2186387,2186388,1,1,2,completed,1
28423,Rigid,2186386,2186387,2186388,1,1,2,completed,1
28424,Rigid,2186386,2186387,2186388,1,1,2,completed,1
28425,Rigid,2186387,2186387,2186388,0,1,1,completed,1
28426,Rigid,2186387,2186387,2186388,0,1,1,completed,1
28427,Rigid,2186387,2186387,2186388,0,1,1,completed,1
28428,Rigid,2186387,2186387,2186388,0,1,1,completed,1
28429,Rigid,2186387,2186387,2186388,0,1,1,completed,1
28430,Rigid,2186387,2186387,2186388,0,1,1,completed,1
28431,Rigid,2186387,2186387,2186388,0,1,1,completed,1
28432,Rigid,2186387,2186387,2186388,0,1,1,completed,1
28433,Rigid,2186387,2186387,2186388,0,1,1,completed,1
28434,Rigid,2186388,2186388,2186389,0,1,1,completed,1
28435,Rigid,2186388,2186388,2186389,0,1,1,completed,1
28436,Rigid,2186388,2186388,2186389,0,1,1,completed,1
28437,Rigid,2186388,2186388,2186389,0,1,1,completed,1
28438,Rigid,2186388,2186388,2186389,0,1,1,completed,1
28439,Rigid,2186388,2186388,2186389,0,1,1,completed,1
28440,Rigid,2186388,2186388,2186389,0,1,1,completed,1
28441,Rigid,2186388,2186388,2186389,0,1,1,completed,1
28442,Rigid,2186388,2186388,2186389,0,1,1,completed,1
28443,Rigid,2186388,2186389,2186390,1,1,2,completed,1
28444,Rigid,2186389,2186389,2186390,0,1,1,completed,1
28445,Rigid,2186389,2186389,2186390,0,1,1,completed,1
28446,Rigid,2186389,2186389,2186390,0,1,1,completed,1
28447,Rigid,2186389,2186389,2186390,0,1,1,completed,1
28448,Rigid,2186389,2186389,2186390,0,1,1,completed,1
28449,Rigid,2186389,2186389,2186390,0,1,1,completed,1
28450,Rigid,2186389,2186389,2186390,0,1,1,completed,1
28451,Rigid,2186389,2186390,2186391,1,1,2,completed,1
28452,Rigid,2186389,2186390,2186391,1,1,2,completed,1
28453,Rigid,2186389,2186390,2186391,1,1,2,completed,1
28454,Rigid,2186390,2186390,2186391,0,1,1,completed,1
28455,Rigid,2186390,2186390,2186391,0,1,1,completed,1
28456,Rigid,2186390,2186390,2186391,0,1,1,completed,1
28457,Rigid,2186390,2186390,2186391,0,1,1,completed,1
28458,Rigid,2186390,2186391,2186392,1,1,2,completed,1
28459,Rigid,2186390,2186391,2186392,1,1,2,completed,1
28460,Rigid,2186390,2186391,2186392,1,1,2,completed,1
28461,Rigid,2186390,2186391,2186392,1,1,2,completed,1
28462,Rigid,2186390,2186391,2186392,1,1,2,completed,1
28463,Rigid,2186390,2186391,2186392,1,1,2,completed,1
28464,Rigid,2186391,2186391,2186392,0,1,1,completed,1
28465,Rigid,2186391,2186391,2186392,0,1,1,completed,1
28466,Rigid,2186391,2186391,2186392,0,1,1,completed,1
28467,Rigid,2186391,2186391,2186392,0,1,1,completed,1
28468,Rigid,2186391,2186391,2186392,0,1,1,completed,1
28469,Rigid,2186391,2186391,2186392,0,1,1,completed,1
28470,Rigid,2186391,2186391,2186393,0,2,2,completed,1
28471,Rigid,2186391,2186391,2186393,0,2,2,completed,1
28472,Rigid,2186391,2186392,2186393,1,1,2,completed,1
28473,Rigid,2186392,2186392,2186393,0,1,1,completed,1
28474,Rigid,2186392,2186392,2186393,0,1,1,completed,1
28475,Rigid,2186392,2186392,2186393,0,1,1,completed,1
28476,Rigid,2186392,2186392,2186393,0,1,1,completed,1
28477,Rigid,2186392,2186392,2186393,0,1,1,completed,1
28478,Rigid,2186392,2186392,2186393,0,1,1,completed,1
28479,Rigid,2186392,2186392,2186393,0,1,1,completed,1
28480,Rigid,2186392,2186393,2186394,1,1,2,completed,1
28481,Rigid,2186393,2186393,2186394,0,1,1,completed,1
28482,Rigid,2186393,2186393,2186394,0,1,1,completed,1
28483,Rigid,2186393,2186393,2186394,0,1,1,completed,1
28484,Rigid,2186393,2186393,2186394,0,1,1,completed,1
28485,Rigid,2186393,2186393,2186394,0,1,1,completed,1
28486,Rigid,2186393,2186393,2186394,0,1,1,completed,1
28487,Rigid,2186393,2186393,2186394,0,1,1,completed,1
28488,Rigid,2186393,2186394,2186395,1,1,2,completed,1
28489,Rigid,2186394,2186394,2186395,0,1,1,completed,1
28490,Rigid,2186394,2186394,2186395,0,1,1,completed,1
28491,Rigid,2186394,2186394,2186395,0,1,1,completed,1
28492,Rigid,2186401,2186401,2186402,0,1,1,completed,1
28493,Rigid,2186401,2186401,2186402,0,1,1,completed,1
28494,Rigid,2186401,2186401,2186402,0,1,1,completed,1
28495,Rigid,2186401,2186401,2186402,0,1,1,completed,1
28496,Rigid,2186401,2186401,2186402,0,1,1,completed,1
28497,Rigid,2186402,2186403,2186404,1,1,2,completed,1
28498,Rigid,2186402,2186403,2186404,1,1,2,completed,1
28499,Rigid,2186403,2186403,2186404,0,1,1,completed,1
28500,Rigid,2186403,2186403,2186404,0,1,1,completed,1
28501,Rigid,2186403,2186403,2186404,0,1,1,completed,1
28502,Rigid,2186403,2186403,2186404,0,1,1,completed,1
28503,Rigid,2186403,2186403,2186404,0,1,1,completed,1
28504,Rigid,2186403,2186403,2186404,0,1,1,completed,1
28505,Rigid,2186403,2186403,2186404,0,1,1,completed,1
28506,Rigid,2186403,2186403,2186404,0,1,1,completed,1
28507,Rigid,2186403,2186404,2186405,1,1,2,completed,1
28508,Rigid,2186404,2186404,2186405,0,1,1,completed,1
28509,Rigid,2186404,2186404,2186405,0,1,1,completed,1
28510,Rigid,2186404,2186404,2186405,0,1,1,completed,1
28511,Rigid,2186404,2186404,2186405,0,1,1,completed,1
28512,Rigid,2186404,2186404,2186405,0,1,1,completed,1
28513,Rigid,2186404,2186404,2186405,0,1,1,completed,1
28514,Rigid,2186404,2186404,2186405,0,1,1,completed,1
28515,Rigid,2186404,2186404,2186405,0,1,1,completed,1
28516,Rigid,2186404,2186404,2186405,0,1,1,completed,1
28517,Rigid,2186405,2186405,2186406,0,1,1,completed,1
28518,Rigid,2186405,2186405,2186406,0,1,1,completed,1
28519,Rigid,2186405,2186405,2186406,0,1,1,completed,1
28520,Rigid,2186405,2186405,2186406,0,1,1,completed,1
28521,Rigid,2186405,2186405,2186406,0,1,1,completed,1
28522,Rigid,2186405,2186405,2186406,0,1,1,completed,1
28523,Rigid,2186405,2186405,2186406,0,1,1,completed,1
28524,Rigid,2186405,2186405,2186406,0,1,1,completed,1
28525,Rigid,2186405,2186405,2186406,0,1,1,completed,1
28526,Rigid,2186405,2186405,2186406,0,1,1,completed,1
28527,Rigid,2186406,2186406,2186407,0,1,1,completed,1
28528,Rigid,2186406,2186406,2186407,0,1,1,completed,1
28529,Rigid,2186406,2186406,2186407,0,1,1,completed,1
28530,Rigid,2186406,2186406,2186407,0,1,1,completed,1
28531,Rigid,2186406,2186406,2186407,0,1,1,completed,1
28532,Rigid,2186406,2186406,2186407,0,1,1,completed,1
28533,Rigid,2186406,2186406,2186407,0,1,1,completed,1
28534,Rigid,2186406,2186406,2186407,0,1,1,completed,1
28535,Rigid,2186406,2186406,2186407,0,1,1,completed,1
28536,Rigid,2186407,2186407,2186408,0,1,1,completed,1
28537,Rigid,2186407,2186407,2186408,0,1,1,completed,1
28538,Rigid,2186407,2186407,2186408,0,1,1,completed,1
28539,Rigid,2186407,2186407,2186408,0,1,1,completed,1
28540,Rigid,2186407,2186407,2186408,0,1,1,completed,1
28541,Rigid,2186407,2186407,2186408,0,1,1,completed,1
28542,Rigid,2186407,2186407,2186408,0,1,1,completed,1
28543,Rigid,2186407,2186407,2186408,0,1,1,completed,1
28544,Rigid,2186407,2186407,2186408,0,1,1,completed,1
28545,Rigid,2186407,2186407,2186408,0,1,1,completed,1
28546,Rigid,2186408,2186408,2186410,0,2,2,completed,1
28547,Rigid,2186408,2186408,2186410,0,2,2,completed,1
28548,Rigid,2186408,2186408,2186410,0,2,2,completed,1
28549,Rigid,2186408,2186408,2186410,0,2,2,completed,1
28550,Rigid,2186408,2186408,2186410,0,2,2,completed,1
28551,Rigid,2186408,2186408,2186410,0,2,2,completed,1
28552,Rigid,2186408,2186408,2186410,0,2,2,completed,1
28553,Rigid,2186408,2186408,2186410,0,2,2,completed,1
28554,Rigid,2186408,2186408,2186410,0,2,2,completed,1
28555,Rigid,2186408,2186408,2186410,0,2,2,completed,1
28556,Rigid,2186409,2186409,2186410,0,1,1,completed,1
28557,Rigid,2186409,2186409,2186410,0,1,1,completed,1
28558,Rigid,2186409,2186409,2186410,0,1,1,completed,1
28559,Rigid,2186409,2186409,2186410,0,1,1,completed,1
28560,Rigid,2186409,2186409,2186410,0,1,1,completed,1
28561,Rigid,2186409,2186409,2186410,0,1,1,completed,1
28562,Rigid,2186409,2186409,2186410,0,1,1,completed,1
28563,Rigid,2186409,2186409,2186410,0,1,1,completed,1
28564,Rigid,2186409,2186409,2186410,0,1,1,completed,1
28565,Rigid,2186409,2186409,2186410,0,1,1,completed,1
28566,Rigid,2186410,2186411,2186412,1,1,2,completed,1
28567,Rigid,2186410,2186411,2186412,1,1,2,completed,1
28568,Rigid,2186410,2186411,2186412,1,1,2,completed,1
28569,Rigid,2186410,2186411,2186412,1,1,2,completed,1
28570,Rigid,2186410,2186411,2186412,1,1,2,completed,1
28571,Rigid,2186410,2186411,2186412,1,1,2,completed,1
28572,Rigid,2186410,2186411,2186412,1,1,2,completed,1
28573,Rigid,2186410,2186411,2186412,1,1,2,completed,1
28574,Rigid,2186410,2186411,2186412,1,1,2,completed,1
28575,Rigid,2186410,2186411,2186412,1,1,2,completed,1
28576,Rigid,2186411,2186411,2186412,0,1,1,completed,1
28577,Rigid,2186411,2186411,2186412,0,1,1,completed,1
28578,Rigid,2186411,2186411,2186412,0,1,1,completed,1
28579,Rigid,2186411,2186411,2186412,0,1,1,completed,1
28580,Rigid,2186411,2186411,2186412,0,1,1,completed,1
28581,Rigid,2186411,2186411,2186412,0,1,1,completed,1
28582,Rigid,2186411,2186411,2186412,0,1,1,completed,1
28583,Rigid,2186411,2186411,2186412,0,1,1,completed,1
28584,Rigid,2186411,2186412,2186413,1,1,2,completed,1
28585,Rigid,2186411,2186412,2186413,1,1,2,completed,1
28586,Rigid,2186422,2186425,2186426,3,1,4,completed,1
28587,Rigid,2186422,2186425,2186426,3,1,4,completed,1
28588,Rigid,2186422,2186425,2186427,3,2,5,completed,1
28589,Rigid,2186422,2186425,2186426,3,1,4,completed,1
28590,Rigid,2186422,2186425,2186426,3,1,4,completed,1
28591,Rigid,2186422,2186425,2186426,3,1,4,completed,1
28592,Rigid,2186422,2186425,2186426,3,1,4,completed,1
28593,Rigid,2186422,2186425,2186427,3,2,5,completed,1
28594,Rigid,2186422,2186425,2186427,3,2,5,completed,1
28595,Rigid,2186422,2186425,2186426,3,1,4,completed,1
28596,Rigid,2186423,2186425,2186426,2,1,3,completed,1
28597,Rigid,2186423,2186425,2186427,2,2,4,completed,1
28598,Rigid,2186423,2186425,2186495,2,70,72,completed,2
28599,Rigid,2186423,2186425,2186427,2,2,4,completed,1
28600,Rigid,2186423,2186425,2186427,2,2,4,completed,1
28601,Rigid,2186423,2186425,2186427,2,2,4,completed,1
28602,Rigid,2186423,2186425,2186427,2,2,4,completed,1
28603,Rigid,2186423,2186425,2186495,2,70,72,completed,2
28604,Rigid,2186423,2186425,2186427,2,2,4,completed,1
28605,Rigid,2186423,2186425,2187376,2,951,953,completed,2
28606,Rigid,2186424,2186425,2186439,1,14,15,completed,2
28607,Rigid,2186424,2186425,2186439,1,14,15,completed,2
28608,Rigid,2186424,2186425,2186440,1,15,16,completed,2
28609,Rigid,2186424,2186425,2186439,1,14,15,completed,2
28610,Rigid,2186424,2186425,2186439,1,14,15,completed,2
28611,Rigid,2186424,2186425,2186602,1,177,178,completed,2
28612,Rigid,2186424,2186425,2186584,1,159,160,completed,1
28613,Rigid,2186424,2186425,2186436,1,11,12,completed,1
28614,Rigid,2186424,2186425,2186554,1,129,130,completed,2
28615,Rigid,2186424,2186425,2186434,1,9,10,completed,1
28616,Rigid,2186425,2186425,2186434,0,9,9,completed,1
28617,Rigid,2186425,2186425,2186554,0,129,129,completed,2
28618,Rigid,2186425,2186425,2186439,0,14,14,completed,2
28619,Rigid,2186425,2186428,2186439,3,11,14,completed,2
28620,Rigid,2186425,2186428,2186435,3,7,10,completed,1
28621,Rigid,2186425,2186428,2186554,3,126,129,completed,2
28622,Rigid,2186425,2186428,2186439,3,11,14,completed,2
28623,Rigid,2186425,2186428,2186439,3,11,14,completed,2
28624,Rigid,2186425,2186428,2186439,3,11,14,completed,2
28625,Rigid,2186426,2186428,2186439,2,11,13,completed,2
28626,Rigid,2186426,2186428,2186439,2,11,13,completed,2
28627,Rigid,2186426,2186428,2186439,2,11,13,completed,2
28628,Rigid,2186426,2186428,2186439,2,11,13,completed,2
28629,Rigid,2186426,2186428,2186439,2,11,13,completed,2
28630,Rigid,2186426,2186428,2186439,2,11,13,completed,2
28631,Rigid,2186426,2186428,2186439,2,11,13,completed,2
28632,Rigid,2186426,2186428,2186439,2,11,13,completed,2
28633,Rigid,2186426,2186428,2186439,2,11,13,completed,2
28634,Rigid,2186427,2186428,2186439,1,11,12,completed,2
28635,Rigid,2186427,2186428,2186439,1,11,12,completed,2
28636,Rigid,2186427,2186428,2186439,1,11,12,completed,2
28637,Rigid,2186427,2186428,2186439,1,11,12,completed,2
28638,Rigid,2186427,2186428,2186547,1,119,120,completed,2
28639,Rigid,2186427,2186428,2186434,1,6,7,completed,1
28640,Rigid,2186427,2186428,2186546,1,118,119,completed,2
28641,Rigid,2186427,2186428,2186439,1,11,12,completed,2
28642,Rigid,2186427,2186428,2186434,1,6,7,completed,1
28643,Rigid,2186428,2186428,2186439,0,11,11,completed,2
28644,Rigid,2186428,2186428,2186433,0,5,5,completed,1
28645,Rigid,2186428,2186428,2186545,0,117,117,completed,2
28646,Rigid,2186428,2186428,2186439,0,11,11,completed,2
28647,Rigid,2186428,2186428,2186434,0,6,6,completed,1
28648,Rigid,2186428,2186429,2186439,1,10,11,completed,2
28649,Rigid,2186428,2186429,2186546,1,117,118,completed,2
28650,Rigid,2186428,2186429,2186439,1,10,11,completed,2
28651,Rigid,2186428,2186429,2186439,1,10,11,completed,2
28652,Rigid,2186428,2186429,2186439,1,10,11,completed,2
28653,Rigid,2186429,2186429,2186439,0,10,10,completed,2
28654,Rigid,2186429,2186429,2186439,0,10,10,completed,2
28655,Rigid,2186429,2186429,2186439,0,10,10,completed,2
28656,Rigid,2186429,2186429,2186439,0,10,10,completed,2
28657,Rigid,2186429,2186429,2186439,0,10,10,completed,2
28658,Rigid,2186429,2186432,2186440,3,8,11,completed,2
28659,Rigid,2186429,2186432,2186440,3,8,11,completed,2
28660,Rigid,2186429,2186432,2186440,3,8,11,completed,2
28661,Rigid,2186429,2186432,2186441,3,9,12,completed,2
28662,Rigid,2186430,2186432,2186441,2,9,11,completed,2
28663,Rigid,2186430,2186432,2186441,2,9,11,completed,2
28664,Rigid,2186430,2186432,2186441,2,9,11,completed,2
28665,Rigid,2186430,2186432,2186441,2,9,11,completed,2
28666,Rigid,2186430,2186432,2186438,2,6,8,completed,1
28667,Rigid,2186430,2186432,2186441,2,9,11,completed,2
28668,Rigid,2186430,2186432,2186441,2,9,11,completed,2
28669,Rigid,2186430,2186432,2186545,2,113,115,completed,2
28670,Rigid,2186430,2186432,2186441,2,9,11,completed,2
28671,Rigid,2186431,2186432,2186441,1,9,10,completed,2
28672,Rigid,2186431,2186432,2186441,1,9,10,completed,2
28673,Rigid,2186431,2186432,2186441,1,9,10,completed,2
28674,Rigid,2186431,2186432,2186441,1,9,10,completed,2
28675,Rigid,2186431,2186432,2186441,1,9,10,completed,2
28676,Rigid,2186431,2186432,2186441,1,9,10,completed,2
28677,Rigid,2186431,2186432,2186441,1,9,10,completed,2
28678,Rigid,2186431,2186432,2186438,1,6,7,completed,1
28679,Rigid,2186431,2186432,2186438,1,6,7,completed,1
28680,Rigid,2186432,2186432,2186544,0,112,112,completed,2
28681,Rigid,2186432,2186433,2186544,1,111,112,completed,2
28682,Rigid,2186432,2186433,2186441,1,8,9,completed,2
28683,Rigid,2186432,2186433,2186441,1,8,9,completed,2
28684,Rigid,2186432,2186433,2186441,1,8,9,completed,2
28685,Rigid,2186433,2186433,2186441,0,8,8,completed,2
28686,Rigid,2186441,2186442,2186450,1,8,9,completed,2
28687,Rigid,2186441,2186442,2186450,1,8,9,completed,2
28688,Rigid,2186441,2186442,2186447,1,5,6,completed,1
28689,Rigid,2186442,2186442,2186450,0,8,8,completed,2
28690,Rigid,2186442,2186442,2186450,0,8,8,completed,2
28691,Rigid,2186442,2186442,2186450,0,8,8,completed,2
28692,Rigid,2186442,2186442,2186544,0,102,102,completed,2
28693,Rigid,2186442,2186442,2186546,0,104,104,completed,2
28694,Rigid,2186442,2186442,2186450,0,8,8,completed,2
28695,Rigid,2186442,2186442,2186447,0,5,5,completed,1
28696,Rigid,2186443,2186446,2186454,3,8,11,completed,2
28697,Rigid,2186443,2186446,2186454,3,8,11,completed,2
28698,Rigid,2186443,2186446,2186451,3,5,8,completed,1
28699,Rigid,2186443,2186446,2186544,3,98,101,completed,2
28700,Rigid,2186443,2186446,2186454,3,8,11,completed,2
28701,Rigid,2186443,2186446,2186455,3,9,12,completed,2
28702,Rigid,2186443,2186446,2186455,3,9,12,completed,2
28703,Rigid,2186443,2186446,2186455,3,9,12,completed,2
28704,Rigid,2186443,2186446,2186455,3,9,12,completed,2
28705,Rigid,2186443,2186446,2186544,3,98,101,completed,2
28706,Rigid,2186444,2186446,2186451,2,5,7,completed,1
28707,Rigid,2186444,2186446,2186451,2,5,7,completed,1
28708,Rigid,2186444,2186446,2186545,2,99,101,completed,2
28709,Rigid,2186444,2186446,2186455,2,9,11,completed,2
28710,Rigid,2186444,2186446,2186455,2,9,11,completed,2
28711,Rigid,2186444,2186446,2186452,2,6,8,completed,1
28712,Rigid,2186445,2186446,2186545,1,99,100,completed,2
28713,Rigid,2186445,2186446,2186454,1,8,9,completed,2
28714,Rigid,2186445,2186446,2186455,1,9,10,completed,2
28715,Rigid,2186445,2186446,2186544,1,98,99,completed,2
28716,Rigid,2186445,2186446,2186451,1,5,6,completed,1
28717,Rigid,2186445,2186446,2186455,1,9,10,completed,2
28718,Rigid,2186445,2186446,2186455,1,9,10,completed,2
28719,Rigid,2186446,2186446,2186451,0,5,5,completed,1
28720,Rigid,2186446,2186446,2186544,0,98,98,completed,2
28721,Rigid,2186446,2186446,2186455,0,9,9,completed,2
28722,Rigid,2186446,2186446,2186455,0,9,9,completed,2
28723,Rigid,2186446,2186446,2186455,0,9,9,completed,2
28724,Rigid,2186446,2186446,2186455,0,9,9,completed,2
28725,Rigid,2186446,2186446,2186545,0,99,99,completed,2
28726,Rigid,2186446,2186446,2186452,0,6,6,completed,1
28727,Rigid,2186446,2186446,2186455,0,9,9,completed,2
28728,Rigid,2186447,2186448,2186456,1,8,9,completed,2
28729,Rigid,2186447,2186448,2186545,1,97,98,completed,2
28730,Rigid,2186447,2186448,2186456,1,8,9,completed,2
28731,Rigid,2186447,2186448,2186456,1,8,9,completed,2
28732,Rigid,2186447,2186448,2186453,1,5,6,completed,1
28733,Rigid,2186447,2186448,2186456,1,8,9,completed,2
28734,Rigid,2186447,2186448,2186456,1,8,9,completed,2
28735,Rigid,2186448,2186448,2186456,0,8,8,completed,2
28736,Rigid,2186448,2186448,2186456,0,8,8,completed,2
28737,Rigid,2186448,2186448,2186453,0,5,5,completed,1
28738,Rigid,2186448,2186448,2186545,0,97,97,completed,2
28739,Rigid,2186448,2186448,2186456,0,8,8,completed,2
28740,Rigid,2186448,2186448,2186456,0,8,8,completed,2
28741,Rigid,2186448,2186448,2186453,0,5,5,completed,1
28742,Rigid,2186448,2186448,2186545,0,97,97,completed,2
28743,Rigid,2186448,2186448,2186456,0,8,8,completed,2
28744,Rigid,2186448,2186450,2186458,2,8,10,completed,2
28745,Rigid,2186449,2186450,2186455,1,5,6,completed,1
28746,Rigid,2186449,2186450,2186458,1,8,9,completed,2
28747,Rigid,2186449,2186450,2186544,1,94,95,completed,2
28748,Rigid,2186449,2186450,2186458,1,8,9,completed,2
28749,Rigid,2186449,2186450,2186458,1,8,9,completed,2
28750,Rigid,2186449,2186450,2186458,1,8,9,completed,2
28751,Rigid,2186449,2186450,2186455,1,5,6,completed,1
28752,Rigid,2186449,2186450,2186455,1,5,6,completed,1
28753,Rigid,2186449,2186450,2186544,1,94,95,completed,2
28754,Rigid,2186450,2186450,2186544,0,94,94,completed,2
28755,Rigid,2186450,2186450,2186544,0,94,94,completed,2
28756,Rigid,2186450,2186450,2186455,0,5,5,completed,1
28757,Rigid,2186450,2186450,2186459,0,9,9,completed,2
28758,Rigid,2186450,2186450,2186458,0,8,8,completed,2
28759,Rigid,2186450,2186450,2186455,0,5,5,completed,1
28760,Rigid,2186450,2186450,2186544,0,94,94,completed,2
28761,Rigid,2186450,2186450,2186459,0,9,9,completed,2
28762,Rigid,2186450,2186450,2186458,0,8,8,completed,2
28763,Rigid,2186451,2186451,2186545,0,94,94,completed,2
28764,Rigid,2186451,2186451,2186456,0,5,5,completed,1
28765,Rigid,2186451,2186451,2186462,0,11,11,completed,2
28766,Rigid,2186451,2186452,2186462,1,10,11,completed,2
28767,Rigid,2186451,2186452,2186462,1,10,11,completed,2
28768,Rigid,2186451,2186452,2186457,1,5,6,completed,1
28769,Rigid,2186451,2186452,2186462,1,10,11,completed,2
28770,Rigid,2186451,2186452,2186544,1,92,93,completed,2
28771,Rigid,2186462,2186462,2186569,0,107,107,completed,2
28772,Rigid,2186462,2186462,2186467,0,5,5,completed,1
28773,Rigid,2186462,2186462,2186473,0,11,11,completed,2
28774,Rigid,2186462,2186462,2186472,0,10,10,completed,2
28775,Rigid,2186462,2186462,2186472,0,10,10,completed,2
28776,Rigid,2186462,2186462,2186472,0,10,10,completed,2
28777,Rigid,2186462,2186462,2186472,0,10,10,completed,2
28778,Rigid,2186462,2186462,2186472,0,10,10,completed,2
28779,Rigid,2186463,2186463,2186468,0,5,5,completed,1
28780,Rigid,2186463,2186463,2186569,0,106,106,completed,2
28781,Rigid,2186463,2186463,2186472,0,9,9,completed,2
28782,Rigid,2186463,2186463,2186472,0,9,9,completed,2
28783,Rigid,2186463,2186463,2186472,0,9,9,completed,2
28784,Rigid,2186463,2186463,2186570,0,107,107,completed,2
28785,Rigid,2186463,2186463,2186569,0,106,106,completed,2
28786,Rigid,2186463,2186463,2186468,0,5,5,completed,1
28787,Rigid,2186464,2186464,2186468,0,4,4,completed,1
28788,Rigid,2186464,2186464,2186472,0,8,8,completed,2
28789,Rigid,2186464,2186466,2186569,2,103,105,completed,2
28790,Rigid,2186464,2186466,2186475,2,9,11,completed,2
28791,Rigid,2186464,2186466,2186471,2,5,7,completed,1
28792,Rigid,2186464,2186466,2186475,2,9,11,completed,2
28793,Rigid,2186464,2186466,2186474,2,8,10,completed,2
28794,Rigid,2186465,2186466,2186474,1,8,9,completed,2
28795,Rigid,2186465,2186466,2186569,1,103,104,completed,2
28796,Rigid,2186465,2186466,2186471,1,5,6,completed,1
28797,Rigid,2186465,2186466,2186572,1,106,107,completed,2
28798,Rigid,2186465,2186466,2186471,1,5,6,completed,1
28799,Rigid,2186465,2186467,2186475,2,8,10,completed,2
28800,Rigid,2186465,2186467,2186475,2,8,10,completed,2
28801,Rigid,2186465,2186467,2186475,2,8,10,completed,2
28802,Rigid,2186466,2186467,2186475,1,8,9,completed,2
28803,Rigid,2186466,2186467,2186475,1,8,9,completed,2
28804,Rigid,2186466,2186467,2186475,1,8,9,completed,2
28805,Rigid,2186466,2186467,2186475,1,8,9,completed,2
28806,Rigid,2186466,2186467,2186475,1,8,9,completed,2
28807,Rigid,2186466,2186467,2186569,1,102,103,completed,2
28808,Rigid,2186466,2186467,2186471,1,4,5,completed,1
28809,Rigid,2186466,2186467,2186475,1,8,9,completed,2
28810,Rigid,2186466,2186467,2186569,1,102,103,completed,2
28811,Rigid,2186467,2186468,2186473,1,5,6,completed,1
28812,Rigid,2186467,2186468,2186478,1,10,11,completed,2
28813,Rigid,2186467,2186468,2186569,1,101,102,completed,2
28814,Rigid,2186467,2186468,2186473,1,5,6,completed,1
28815,Rigid,2186467,2186468,2186478,1,10,11,completed,2
28816,Rigid,2186467,2186468,2186569,1,101,102,completed,2
28817,Rigid,2186467,2186468,2186473,1,5,6,completed,1
28818,Rigid,2186467,2186468,2186478,1,10,11,completed,2
28819,Rigid,2186468,2186468,2186473,0,5,5,completed,1
28820,Rigid,2186468,2186468,2186569,0,101,101,completed,2
28821,Rigid,2186468,2186468,2186569,0,101,101,completed,2
28822,Rigid,2186468,2186468,2186478,0,10,10,completed,2
28823,Rigid,2186468,2186468,2186473,0,5,5,completed,1
28824,Rigid,2186468,2186468,2186478,0,10,10,completed,2
28825,Rigid,2186469,2186469,2186479,0,10,10,completed,2
28826,Rigid,2186469,2186469,2186570,0,101,101,completed,2
28827,Rigid,2186469,2186469,2186474,0,5,5,completed,1
28828,Rigid,2186469,2186469,2186477,0,8,8,completed,2
28829,Rigid,2186469,2186469,2186474,0,5,5,completed,1
28830,Rigid,2186469,2186469,2186569,0,100,100,completed,2
28831,Rigid,2186471,2186473,2186481,2,8,10,completed,2
28832,Rigid,2186471,2186473,2186481,2,8,10,completed,2
28833,Rigid,2186471,2186473,2186481,2,8,10,completed,2
28834,Rigid,2186471,2186473,2186569,2,96,98,completed,2
28835,Rigid,2186471,2186473,2186477,2,4,6,completed,1
28836,Rigid,2186471,2186473,2186481,2,8,10,completed,2
28837,Rigid,2186482,2186483,2186577,1,94,95,completed,2
28838,Rigid,2186482,2186483,2186495,1,12,13,completed,2
28839,Rigid,2186482,2186483,2186488,1,5,6,completed,1
28840,Rigid,2186482,2186483,2186495,1,12,13,completed,2
28841,Rigid,2186482,2186483,2186495,1,12,13,completed,2
28842,Rigid,2186482,2186483,2186495,1,12,13,completed,2
28843,Rigid,2186482,2186483,2186488,1,5,6,completed,1
28844,Rigid,2186482,2186483,2186578,1,95,96,completed,2
28845,Rigid,2186483,2186483,2186495,0,12,12,completed,2
28846,Rigid,2186483,2186483,2186495,0,12,12,completed,2
28847,Rigid,2186483,2186485,2186490,2,5,7,completed,1
28848,Rigid,2186483,2186485,2186578,2,93,95,completed,2
28849,Rigid,2186483,2186485,2186495,2,10,12,completed,2
28850,Rigid,2186483,2186485,2186495,2,10,12,completed,2
28851,Rigid,2186483,2186485,2186495,2,10,12,completed,2
28852,Rigid,2186484,2186485,2186495,1,10,11,completed,2
28853,Rigid,2186484,2186485,2186577,1,92,93,completed,2
28854,Rigid,2186484,2186485,2186489,1,4,5,completed,1
28855,Rigid,2186484,2186485,2186495,1,10,11,completed,2
28856,Rigid,2186484,2186485,2186494,1,9,10,completed,2
28857,Rigid,2186484,2186485,2186489,1,4,5,completed,1
28858,Rigid,2186484,2186485,2186579,1,94,95,completed,2
28859,Rigid,2186484,2186485,2186495,1,10,11,completed,2
28860,Rigid,2186485,2186489,2186498,4,9,13,completed,2
28861,Rigid,2186485,2186489,2186498,4,9,13,completed,2
28862,Rigid,2186485,2186489,2186493,4,4,8,completed,1
28863,Rigid,2186485,2186489,2186585,4,96,100,completed,2
28864,Rigid,2186485,2186489,2186493,4,4,8,completed,1
28865,Rigid,2186485,2186489,2186585,4,96,100,completed,2
28866,Rigid,2186485,2186489,2186498,4,9,13,completed,2
28867,Rigid,2186485,2186489,2186493,4,4,8,completed,1
28868,Rigid,2186486,2186489,2186587,3,98,101,completed,2
28869,Rigid,2186486,2186489,2186499,3,10,13,completed,2
28870,Rigid,2186486,2186489,2186586,3,97,100,completed,2
28871,Rigid,2186486,2186489,2186493,3,4,7,completed,1
28872,Rigid,2186486,2186489,2186499,3,10,13,completed,2
28873,Rigid,2186486,2186489,2186498,3,9,12,completed,2
28874,Rigid,2186486,2186489,2186586,3,97,100,completed,2
28875,Rigid,2186487,2186489,2186493,2,4,6,completed,1
28876,Rigid,2186487,2186489,2186497,2,8,10,completed,2
28877,Rigid,2186487,2186489,2186585,2,96,98,completed,2
28878,Rigid,2186487,2186489,2186499,2,10,12,completed,2
28879,Rigid,2186487,2186489,2186497,2,8,10,completed,2
28880,Rigid,2186487,2186489,2186493,2,4,6,completed,1
28881,Rigid,2186487,2186489,2186497,2,8,10,completed,2
28882,Rigid,2186488,2186489,2186497,1,8,9,completed,2
28883,Rigid,2186488,2186489,2186493,1,4,5,completed,1
28884,Rigid,2186488,2186489,2186497,1,8,9,completed,2
28885,Rigid,2186491,2186492,2186585,1,93,94,completed,2
28886,Rigid,2186491,2186492,2186503,1,11,12,completed,2
28887,Rigid,2186502,2186503,2186514,1,11,12,completed,2
28888,Rigid,2186502,2186503,2186587,1,84,85,completed,2
28889,Rigid,2186502,2186503,2186507,1,4,5,completed,1
28890,Rigid,2186502,2186503,2186588,1,85,86,completed,2
28891,Rigid,2186502,2186503,2186514,1,11,12,completed,2
28892,Rigid,2186502,2186503,2186508,1,5,6,completed,1
28893,Rigid,2186502,2186503,2186587,1,84,85,completed,2
28894,Rigid,2186502,2186503,2186515,1,12,13,completed,2
28895,Rigid,2186503,2186505,2186509,2,4,6,completed,1
28896,Rigid,2186503,2186505,2186518,2,13,15,completed,2
28897,Rigid,2186503,2186505,2186509,2,4,6,completed,1
28898,Rigid,2186503,2186505,2186596,2,91,93,completed,2
28899,Rigid,2186503,2186505,2186515,2,10,12,completed,2
28900,Rigid,2186503,2186505,2186515,2,10,12,completed,2
28901,Rigid,2186503,2186505,2186509,2,4,6,completed,1
28902,Rigid,2186503,2186505,2186595,2,90,92,completed,2
28903,Rigid,2186504,2186505,2186517,1,12,13,completed,2
28904,Rigid,2186504,2186505,2186596,1,91,92,completed,2
28905,Rigid,2186504,2186505,2186509,1,4,5,completed,1
28906,Rigid,2186504,2186505,2186517,1,12,13,completed,2
28907,Rigid,2186504,2186505,2186517,1,12,13,completed,2
28908,Rigid,2186504,2186505,2186509,1,4,5,completed,1
28909,Rigid,2186504,2186505,2186596,1,91,92,completed,2
28910,Rigid,2186505,2186507,2186519,2,12,14,completed,2
28911,Rigid,2186505,2186507,2186522,2,15,17,completed,2
28912,Rigid,2186505,2186507,2186511,2,4,6,completed,1
28913,Rigid,2186505,2186507,2186602,2,95,97,completed,2
28914,Rigid,2186505,2186507,2186522,2,15,17,completed,2
28915,Rigid,2186505,2186507,2186519,2,12,14,completed,2
28916,Rigid,2186505,2186507,2186519,2,12,14,completed,2
28917,Rigid,2186506,2186507,2186596,1,89,90,completed,2
28918,Rigid,2186506,2186507,2186511,1,4,5,completed,1
28919,Rigid,2186506,2186507,2186519,1,12,13,completed,2
28920,Rigid,2186506,2186507,2186519,1,12,13,completed,2
28921,Rigid,2186506,2186507,2186596,1,89,90,completed,2
28922,Rigid,2186506,2186507,2186511,1,4,5,completed,1
28923,Rigid,2186506,2186507,2186517,1,10,11,completed,2
28924,Rigid,2186510,2186510,2186523,0,13,13,completed,2
28925,Rigid,2186510,2186510,2186523,0,13,13,completed,2
28926,Rigid,2186511,2186512,2186520,1,8,9,completed,2
28927,Rigid,2186522,2186523,2186528,1,5,6,completed,1
28928,Rigid,2186522,2186523,2186608,1,85,86,completed,2
28929,Rigid,2186522,2186523,2186535,1,12,13,completed,2
28930,Rigid,2186522,2186523,2186618,1,95,96,completed,2
28931,Rigid,2186522,2186523,2186528,1,5,6,completed,1
28932,Rigid,2186522,2186523,2186535,1,12,13,completed,2
28933,Rigid,2186522,2186523,2186527,1,4,5,completed,1
28934,Rigid,2186523,2186523,2186614,0,91,91,completed,2
28935,Rigid,2186523,2186523,2186527,0,4,4,completed,1
28936,Rigid,2186523,2186523,2186614,0,91,91,completed,2
28937,Rigid,2186523,2186523,2186536,0,13,13,completed,2
28938,Rigid,2186523,2186523,2186528,0,5,5,completed,1
28939,Rigid,2186523,2186523,2186614,0,91,91,completed,2
28940,Rigid,2186523,2186524,2186536,1,12,13,completed,2
28941,Rigid,2186524,2186524,2186529,0,5,5,completed,1
28942,Rigid,2186524,2186524,2186613,0,89,89,completed,2
28943,Rigid,2186524,2186524,2186540,0,16,16,completed,2
28944,Rigid,2186524,2186524,2186537,0,13,13,completed,2
28945,Rigid,2186524,2186524,2186538,0,14,14,completed,2
28946,Rigid,2186524,2186524,2186529,0,5,5,completed,1
28947,Rigid,2186524,2186524,2186615,0,91,91,completed,2
28948,Rigid,2186524,2186524,2186537,0,13,13,completed,2
28949,Rigid,2186525,2186527,2186531,2,4,6,completed,1
28950,Rigid,2186525,2186527,2186608,2,81,83,completed,2
28951,Rigid,2186525,2186527,2186531,2,4,6,completed,1
28952,Rigid,2186525,2186527,2186614,2,87,89,completed,2
28953,Rigid,2186525,2186527,2186537,2,10,12,completed,2
28954,Rigid,2186525,2186527,2186537,2,10,12,completed,2
28955,Rigid,2186525,2186527,2186614,2,87,89,completed,2
28956,Rigid,2186531,2186532,2186536,1,4,5,completed,1
28957,Rigid,2186542,2186545,2186554,3,9,12,completed,2
28958,Rigid,2186542,2186545,2186639,3,94,97,completed,2
28959,Rigid,2186542,2186545,2186549,3,4,7,completed,1
28960,Rigid,2186542,2186545,2186554,3,9,12,completed,2
28961,Rigid,2186542,2186545,2186554,3,9,12,completed,2
28962,Rigid,2186542,2186545,2186639,3,94,97,completed,2
28963,Rigid,2186543,2186545,2186549,2,4,6,completed,1
28964,Rigid,2186543,2186545,2186554,2,9,11,completed,2
28965,Rigid,2186543,2186545,2186639,2,94,96,completed,2
28966,Rigid,2186543,2186545,2186549,2,4,6,completed,1
28967,Rigid,2186543,2186545,2186554,2,9,11,completed,2
28968,Rigid,2186543,2186545,2186554,2,9,11,completed,2
28969,Rigid,2186544,2186545,2186639,1,94,95,completed,2
28970,Rigid,2186544,2186545,2186554,1,9,10,completed,2
28971,Rigid,2186544,2186545,2186549,1,4,5,completed,1
28972,Rigid,2186544,2186545,2186554,1,9,10,completed,2
28973,Rigid,2186544,2186545,2186549,1,4,5,completed,1
28974,Rigid,2186544,2186545,2186641,1,96,97,completed,2
28975,Rigid,2186544,2186545,2186554,1,9,10,completed,2
28976,Rigid,2186548,2186549,2186562,1,13,14,completed,2
28977,Rigid,2186548,2186549,2186553,1,4,5,completed,1
28978,Rigid,2186549,2186549,2186635,0,86,86,completed,2
28979,Rigid,2186549,2186549,2186562,0,13,13,completed,2
28980,Rigid,2186549,2186550,2186555,1,5,6,completed,1
28981,Rigid,2186549,2186550,2186562,1,12,13,completed,2
28982,Rigid,2186549,2186550,2186635,1,85,86,completed,2
28983,Rigid,2186549,2186550,2186562,1,12,13,completed,2
28984,Rigid,2186549,2186550,2186555,1,5,6,completed,1
28985,Rigid,2186549,2186550,2186635,1,85,86,completed,2
28986,Rigid,2186549,2186550,2186569,1,19,20,completed,2
28987,Rigid,2186550,2186550,2186555,0,5,5,completed,1
28988,Rigid,2186550,2186550,2186569,0,19,19,completed,2
28989,Rigid,2186550,2186550,2186640,0,90,90,completed,2
28990,Rigid,2186550,2186550,2186555,0,5,5,completed,1
28991,Rigid,2186550,2186551,2186569,1,18,19,completed,2
28992,Rigid,2186551,2186551,2186555,0,4,4,completed,1
28993,Rigid,2186551,2186551,2186636,0,85,85,completed,2
28994,Rigid,2186551,2186552,2186636,1,84,85,completed,2
28995,Rigid,2186551,2186552,2186569,1,17,18,completed,2
28996,Rigid,2186551,2186552,2186569,1,17,18,completed,2
28997,Rigid,2186551,2186552,2186556,1,4,5,completed,1
28998,Rigid,2186551,2186552,2186636,1,84,85,completed,2
28999,Rigid,2186551,2186552,2186569,1,17,18,completed,2
29000,Rigid,2186552,2186552,2186556,0,4,4,completed,1
29001,Rigid,2186552,2186552,2186635,0,83,83,completed,2
29002,Rigid,2186552,2186552,2186569,0,17,17,completed,2
29003,Rigid,2186562,2186563,2186581,1,18,19,completed,2
29004,Rigid,2186562,2186563,2186651,1,88,89,completed,2
29005,Rigid,2186562,2186563,2186569,1,6,7,completed,1
29006,Rigid,2186562,2186563,2186581,1,18,19,completed,2
29007,Rigid,2186562,2186563,2186581,1,18,19,completed,2
29008,Rigid,2186562,2186563,2186569,1,6,7,completed,1
29009,Rigid,2186562,2186563,2186650,1,87,88,completed,2
29010,Rigid,2186563,2186564,2186581,1,17,18,completed,2
29011,Rigid,2186563,2186564,2186650,1,86,87,completed,2
29012,Rigid,2186563,2186564,2186649,1,85,86,completed,2
29013,Rigid,2186563,2186564,2186569,1,5,6,completed,1
29014,Rigid,2186563,2186564,2186581,1,17,18,completed,2
29015,Rigid,2186563,2186564,2186569,1,5,6,completed,1
29016,Rigid,2186563,2186564,2186581,1,17,18,completed,2
29017,Rigid,2186563,2186564,2186651,1,87,88,completed,2
29018,Rigid,2186569,2186570,2186574,1,4,5,completed,1
29019,Rigid,2186569,2186570,2186581,1,11,12,completed,2
29020,Rigid,2186569,2186570,2186662,1,92,93,completed,2
29021,Rigid,2186569,2186570,2186663,1,93,94,completed,2
29022,Rigid,2186569,2186570,2186574,1,4,5,completed,1
29023,Rigid,2186569,2186570,2186574,1,4,5,completed,1
29024,Rigid,2186569,2186570,2186581,1,11,12,completed,2
29025,Rigid,2186570,2186570,2186581,0,11,11,completed,2
29026,Rigid,2186570,2186570,2186574,0,4,4,completed,1
29027,Rigid,2186570,2186570,2186662,0,92,92,completed,2
29028,Rigid,2186570,2186570,2186581,0,11,11,completed,2
29029,Rigid,2186570,2186570,2186581,0,11,11,completed,2
29030,Rigid,2186570,2186570,2186581,0,11,11,completed,2
29031,Rigid,2186570,2186571,2186580,1,9,10,completed,2
29032,Rigid,2186572,2186573,2186577,1,4,5,completed,1
29033,Rigid,2186572,2186573,2186656,1,83,84,completed,2
29034,Rigid,2186572,2186573,2186589,1,16,17,completed,2
29035,Rigid,2186575,2186575,2186660,0,85,85,completed,2
29036,Rigid,2186575,2186575,2186587,0,12,12,completed,2
29037,Rigid,2186575,2186575,2186580,0,5,5,completed,1
29038,Rigid,2186576,2186578,2186673,2,95,97,completed,2
29039,Rigid,2186576,2186578,2186582,2,4,6,completed,1
29040,Rigid,2186576,2186578,2186590,2,12,14,completed,2
29041,Rigid,2186576,2186578,2186587,2,9,11,completed,2
29042,Rigid,2186576,2186578,2186588,2,10,12,completed,2
29043,Rigid,2186577,2186578,2186582,1,4,5,completed,1
29044,Rigid,2186577,2186578,2186659,1,81,82,completed,2
29045,Rigid,2186577,2186578,2186587,1,9,10,completed,2
29046,Rigid,2186577,2186578,2186582,1,4,5,completed,1
29047,Rigid,2186577,2186578,2186659,1,81,82,completed,2
29048,Rigid,2186577,2186578,2186587,1,9,10,completed,2
29049,Rigid,2186578,2186578,2186587,0,9,9,completed,2
29050,Rigid,2186578,2186578,2186582,0,4,4,completed,1
29051,Rigid,2186578,2186578,2186661,0,83,83,completed,2
29052,Rigid,2186578,2186578,2186587,0,9,9,completed,2
29053,Rigid,2186578,2186579,2186587,1,8,9,completed,2
29054,Rigid,2186578,2186579,2186650,1,71,72,completed,2
29055,Rigid,2186588,2186588,2186593,0,5,5,completed,1
29056,Rigid,2186588,2186588,2186603,0,15,15,completed,2
29057,Rigid,2186588,2186588,2186682,0,94,94,completed,2
29058,Rigid,2186588,2186588,2186593,0,5,5,completed,1
29059,Rigid,2186588,2186588,2186603,0,15,15,completed,2
29060,Rigid,2186588,2186588,2186603,0,15,15,completed,2
29061,Rigid,2186589,2186590,2186669,1,79,80,completed,2
29062,Rigid,2186589,2186590,2186594,1,4,5,completed,1
29063,Rigid,2186589,2186590,2186603,1,13,14,completed,2
29064,Rigid,2186589,2186590,2186603,1,13,14,completed,2
29065,Rigid,2186589,2186590,2186669,1,79,80,completed,2
29066,Rigid,2186589,2186590,2186594,1,4,5,completed,1
29067,Rigid,2186589,2186590,2186594,1,4,5,completed,1
29068,Rigid,2186590,2186591,2186670,1,79,80,completed,2
29069,Rigid,2186590,2186591,2186603,1,12,13,completed,2
29070,Rigid,2186590,2186591,2186604,1,13,14,completed,2
29071,Rigid,2186590,2186591,2186671,1,80,81,completed,2
29072,Rigid,2186590,2186591,2186603,1,12,13,completed,2
29073,Rigid,2186590,2186591,2186603,1,12,13,completed,2
29074,Rigid,2186590,2186591,2186671,1,80,81,completed,2
29075,Rigid,2186590,2186591,2186603,1,12,13,completed,2
29076,Rigid,2186590,2186591,2186595,1,4,5,completed,1
29077,Rigid,2186591,2186593,2186597,2,4,6,completed,1
29078,Rigid,2186591,2186593,2186597,2,4,6,completed,1
29079,Rigid,2186591,2186593,2186669,2,76,78,completed,2
29080,Rigid,2186591,2186593,2186603,2,10,12,completed,2
29081,Rigid,2186591,2186593,2186603,2,10,12,completed,2
29082,Rigid,2186591,2186593,2186669,2,76,78,completed,2
29083,Rigid,2186591,2186593,2186597,2,4,6,completed,1
29084,Rigid,2186592,2186593,2186604,1,11,12,completed,2
29085,Rigid,2186592,2186593,2186597,1,4,5,completed,1
29086,Rigid,2186592,2186593,2186669,1,76,77,completed,2
29087,Rigid,2186592,2186593,2186603,1,10,11,completed,2
29088,Rigid,2186592,2186593,2186597,1,4,5,completed,1
29089,Rigid,2186592,2186593,2186670,1,77,78,completed,2
29090,Rigid,2186595,2186596,2186676,1,80,81,completed,2
29091,Rigid,2186595,2186596,2186600,1,4,5,completed,1
29092,Rigid,2186595,2186596,2186606,1,10,11,completed,2
29093,Rigid,2186596,2186597,2186672,1,75,76,completed,2
29094,Rigid,2186596,2186597,2186606,1,9,10,completed,2
29095,Rigid,2186596,2186597,2186606,1,9,10,completed,2
29096,Rigid,2186596,2186597,2186600,1,3,4,completed,1
29097,Rigid,2186596,2186597,2186606,1,9,10,completed,2
29098,Rigid,2186597,2186597,2186600,0,3,3,completed,1
29099,Rigid,2186597,2186597,2186670,0,73,73,completed,2
29100,Rigid,2186597,2186597,2186606,0,9,9,completed,2
29101,Rigid,2186597,2186597,2186600,0,3,3,completed,1
29102,Rigid,2186597,2186597,2186682,0,85,85,completed,2
29103,Rigid,2186598,2186598,2186602,0,4,4,completed,1
29104,Rigid,2186598,2186598,2186682,0,84,84,completed,2
29105,Rigid,2186598,2186598,2186609,0,11,11,completed,2
29106,Rigid,2186598,2186598,2186602,0,4,4,completed,1
29107,Rigid,2186598,2186598,2186675,0,77,77,completed,2
29108,Rigid,2186598,2186598,2186675,0,77,77,completed,2
29109,Rigid,2186608,2186609,2186614,1,5,6,completed,1
29110,Rigid,2186608,2186609,2186624,1,15,16,completed,2
29111,Rigid,2186608,2186609,2186624,1,15,16,completed,2
29112,Rigid,2186608,2186609,2186614,1,5,6,completed,1
29113,Rigid,2186608,2186609,2186694,1,85,86,completed,2
29114,Rigid,2186609,2186609,2186622,0,13,13,completed,2
29115,Rigid,2186609,2186609,2186614,0,5,5,completed,1
29116,Rigid,2186609,2186609,2186682,0,73,73,completed,2
29117,Rigid,2186610,2186610,2186681,0,71,71,completed,2
29118,Rigid,2186610,2186610,2186614,0,4,4,completed,1
29119,Rigid,2186610,2186610,2186620,0,10,10,completed,2
29120,Rigid,2186610,2186610,2186614,0,4,4,completed,1
29121,Rigid,2186610,2186610,2186682,0,72,72,completed,2
29122,Rigid,2186610,2186610,2186620,0,10,10,completed,2
29123,Rigid,2186611,2186612,2186682,1,70,71,completed,2
29124,Rigid,2186611,2186612,2186615,1,3,4,completed,1
29125,Rigid,2186611,2186612,2186620,1,8,9,completed,2
29126,Rigid,2186611,2186612,2186682,1,70,71,completed,2
29127,Rigid,2186611,2186612,2186615,1,3,4,completed,1
29128,Rigid,2186611,2186612,2186620,1,8,9,completed,2
29129,Rigid,2186611,2186612,2186620,1,8,9,completed,2
29130,Rigid,2186611,2186612,2186615,1,3,4,completed,1
29131,Rigid,2186612,2186612,2186685,0,73,73,completed,2
29132,Rigid,2186612,2186612,2186625,0,13,13,completed,2
29133,Rigid,2186612,2186614,2186617,2,3,5,completed,1
29134,Rigid,2186612,2186614,2186685,2,71,73,completed,2
29135,Rigid,2186612,2186614,2186625,2,11,13,completed,2
29136,Rigid,2186612,2186614,2186685,2,71,73,completed,2
29137,Rigid,2186613,2186614,2186617,1,3,4,completed,1
29138,Rigid,2186613,2186614,2186617,1,3,4,completed,1
29139,Rigid,2186613,2186614,2186625,1,11,12,completed,2
29140,Rigid,2186613,2186614,2186685,1,71,72,completed,2
29141,Rigid,2186613,2186614,2186624,1,10,11,completed,2
29142,Rigid,2186613,2186614,2186623,1,9,10,completed,2
29143,Rigid,2186616,2186616,2186620,0,4,4,completed,1
29144,Rigid,2186616,2186616,2186694,0,78,78,completed,2
29145,Rigid,2186616,2186616,2186620,0,4,4,completed,1
29146,Rigid,2186616,2186616,2186694,0,78,78,completed,2
29147,Rigid,2186616,2186616,2186628,0,12,12,completed,2
29148,Rigid,2186617,2186617,2186627,0,10,10,completed,2
29149,Rigid,2186617,2186619,2186628,2,9,11,completed,2
29150,Rigid,2186617,2186619,2186629,2,10,12,completed,2
29151,Rigid,2186617,2186619,2186622,2,3,5,completed,1
29152,Rigid,2186617,2186619,2186681,2,62,64,completed,2
29153,Rigid,2186617,2186619,2186628,2,9,11,completed,2
29154,Rigid,2186617,2186619,2186622,2,3,5,completed,1
29155,Rigid,2186617,2186619,2186628,2,9,11,completed,2
29156,Rigid,2186617,2186619,2186681,2,62,64,completed,2
29157,Rigid,2186617,2186619,2186628,2,9,11,completed,2
29158,Rigid,2186618,2186619,2186630,1,11,12,completed,2
29159,Rigid,2186618,2186619,2186680,1,61,62,completed,2
29160,Rigid,2186618,2186619,2186622,1,3,4,completed,1
29161,Rigid,2186618,2186619,2186630,1,11,12,completed,2
29162,Rigid,2186629,2186630,2186696,1,66,67,completed,2
29163,Rigid,2186629,2186630,2186633,1,3,4,completed,1
29164,Rigid,2186629,2186630,2186633,1,3,4,completed,1
29165,Rigid,2186630,2186630,2186695,0,65,65,completed,2
29166,Rigid,2186630,2186631,2186646,1,15,16,completed,2
29167,Rigid,2186630,2186631,2186646,1,15,16,completed,2
29168,Rigid,2186630,2186631,2186646,1,15,16,completed,2
29169,Rigid,2186630,2186631,2186633,1,2,3,completed,1
29170,Rigid,2186630,2186631,2186688,1,57,58,completed,2
29171,Rigid,2186630,2186631,2186647,1,16,17,completed,2
29172,Rigid,2186630,2186631,2186647,1,16,17,completed,2
29173,Rigid,2186631,2186634,2186680,3,46,49,completed,2
29174,Rigid,2186631,2186634,2186677,3,43,46,completed,2
29175,Rigid,2186631,2186634,2186637,3,3,6,completed,1
29176,Rigid,2186631,2186634,2186647,3,13,16,completed,2
29177,Rigid,2186631,2186634,2186637,3,3,6,completed,1
29178,Rigid,2186631,2186634,2186647,3,13,16,completed,2
29179,Rigid,2186631,2186634,2186647,3,13,16,completed,2
29180,Rigid,2186631,2186634,2186676,3,42,45,completed,2
29181,Rigid,2186631,2186634,2186636,3,2,5,completed,1
29182,Rigid,2186632,2186634,2186647,2,13,15,completed,2
29183,Rigid,2186632,2186634,2186647,2,13,15,completed,2
29184,Rigid,2186632,2186634,2186647,2,13,15,completed,2
29185,Rigid,2186632,2186634,2186675,2,41,43,completed,2
29186,Rigid,2186632,2186634,2186637,2,3,5,completed,1
29187,Rigid,2186632,2186634,2186647,2,13,15,completed,2
29188,Rigid,2186633,2186634,2186675,1,41,42,completed,2
29189,Rigid,2186633,2186634,2186637,1,3,4,completed,1
29190,Rigid,2186633,2186634,2186648,1,14,15,completed,2
29191,Rigid,2186633,2186634,2186648,1,14,15,completed,2
29192,Rigid,2186633,2186634,2186637,1,3,4,completed,1
29193,Rigid,2186633,2186634,2186674,1,40,41,completed,2
29194,Rigid,2186633,2186634,2186648,1,14,15,completed,2
29195,Rigid,2191391,2191392,2227410,1,36018,36019,completed,36
29196,Rigid,2198647,2198648,2198780,1,132,133,completed,108
29197,Rigid,2211990,2211990,2263616,0,51626,51626,completed,36
29198,Rigid,2242485,2242485,2243276,0,791,791,completed,36
29199,Rigid,2242743,2242743,2243736,0,993,993,completed,36
29200,Rigid,2246399,2246400,2246730,1,330,331,completed,36
29201,Rigid,2254635,2254635,2254657,0,22,22,completed,144
29202,Rigid,2257278,2257279,2335143,1,77864,77865,completed,144
29203,Rigid,2260269,2260270,2292077,1,31807,31808,completed,36
29204,Rigid,2261748,2261748,2262773,0,1025,1025,completed,36
29205,Rigid,2263803,2263803,2264837,0,1034,1034,completed,36
29206,Rigid,2265865,2265868,2276152,3,10284,10287,completed,36
29207,Rigid,2269904,2269904,2272912,0,3008,3008,completed,1080
29208,Rigid,2272183,2272183,2291808,0,19625,19625,completed,36
29209,Rigid,2275816,2275817,2278817,1,3000,3001,completed,1080
29210,Rigid,2277254,2590630,2958311,313376,367681,681057,completed,2
29211,Rigid,2277254,2595098,2937839,317844,342741,660585,completed,2
29212,Rigid,2277254,2614745,2939139,337491,324394,661885,completed,2
29213,Rigid,2277254,2629325,2982309,352071,352984,705055,completed,2
29214,Rigid,2277254,2667857,3007942,390603,340085,730688,completed,2
29215,Rigid,2277254,2937841,3119095,660587,181254,841841,completed,2
29216,Rigid,2277254,2939140,3119095,661886,179955,841841,completed,2
29217,Rigid,2279071,2279072,2425775,1,146703,146704,completed,1080
29218,Rigid,2286956,2286957,2286965,1,8,9,completed,1
29219,Rigid,2286956,2286983,2286987,27,4,31,completed,1
29220,Rigid,2286957,2339383,2339392,52426,9,52435,completed,1
29221,Rigid,2287098,2287099,2287102,1,3,4,completed,1
29222,Rigid,2287098,2287122,2287125,24,3,27,completed,1
29223,Rigid,2287099,2330571,2330579,43472,8,43480,completed,1
29224,Rigid,2287184,2287185,2287188,1,3,4,completed,1
29225,Rigid,2287184,2287199,2287202,15,3,18,completed,1
29226,Rigid,2287184,2336851,2336860,49667,9,49676,completed,1
29227,Rigid,2289051,2289052,2548275,1,259223,259224,completed,1
29228,Rigid,2289051,2289052,2548275,1,259223,259224,completed,1
29229,Rigid,2289051,2289052,2548275,1,259223,259224,completed,1
29230,Rigid,2289051,2289052,2548275,1,259223,259224,completed,1
29231,Rigid,2289051,2289052,2548275,1,259223,259224,completed,1
29232,Rigid,2289051,2289052,2548275,1,259223,259224,completed,1
29233,Rigid,2289051,2289052,2548275,1,259223,259224,completed,1
29234,Rigid,2289051,2289052,2548275,1,259223,259224,completed,1
29235,Rigid,2289051,2289052,2548275,1,259223,259224,completed,1
29236,Rigid,2289051,2289052,2548275,1,259223,259224,completed,1
29237,Rigid,2289051,2289052,2548275,1,259223,259224,completed,1
29238,Rigid,2289051,2289052,2548275,1,259223,259224,completed,1
29239,Rigid,2289051,2289052,2548275,1,259223,259224,completed,1
29240,Rigid,2289051,2289052,2548275,1,259223,259224,completed,1
29241,Rigid,2289051,2289059,2548275,8,259216,259224,completed,1
29242,Rigid,2289051,2289059,2548275,8,259216,259224,completed,1
29243,Rigid,2289051,2289059,2548275,8,259216,259224,completed,1
29244,Rigid,2289051,2289059,2548275,8,259216,259224,completed,1
29245,Rigid,2289051,2289059,2289090,8,31,39,completed,1
29246,Rigid,2289051,2289059,2548275,8,259216,259224,completed,1
29247,Rigid,2289051,2289059,2548275,8,259216,259224,completed,1
29248,Rigid,2289051,2289059,2548275,8,259216,259224,completed,1
29249,Rigid,2289051,2289059,2548275,8,259216,259224,completed,1
29250,Rigid,2289051,2289059,2289090,8,31,39,completed,1
29251,Rigid,2289051,2289059,2289089,8,30,38,completed,1
29252,Rigid,2289051,2289059,2289089,8,30,38,completed,1
29253,Rigid,2289051,2289059,2289090,8,31,39,completed,1
29254,Rigid,2289051,2289059,2289090,8,31,39,completed,1
29255,Rigid,2289051,2289059,2289090,8,31,39,completed,1
29256,Rigid,2289051,2289059,2289090,8,31,39,completed,1
29257,Rigid,2289051,2289059,2289090,8,31,39,completed,1
29258,Rigid,2289051,2289060,2289090,9,30,39,completed,1
29259,Rigid,2289051,2289060,2289089,9,29,38,completed,1
29260,Rigid,2289051,2289060,2289089,9,29,38,completed,1
29261,Rigid,2289051,2289060,2289090,9,30,39,completed,1
29262,Rigid,2289051,2289060,2289090,9,30,39,completed,1
29263,Rigid,2289051,2289060,2289090,9,30,39,completed,1
29264,Rigid,2289051,2289060,2289090,9,30,39,completed,1
29265,Rigid,2289051,2289060,2289089,9,29,38,completed,1
29266,Rigid,2289051,2289060,2289090,9,30,39,completed,1
29267,Rigid,2289051,2289060,2289090,9,30,39,completed,1
29268,Rigid,2289051,2289060,2289090,9,30,39,completed,1
29269,Rigid,2289051,2289060,2289090,9,30,39,completed,1
29270,Rigid,2289051,2289060,2289090,9,30,39,completed,1
29271,Rigid,2289051,2289060,2289090,9,30,39,completed,1
29272,Rigid,2289051,2289060,2289090,9,30,39,completed,1
29273,Rigid,2289051,2289060,2289090,9,30,39,completed,1
29274,Rigid,2289051,2289060,2289090,9,30,39,completed,1
29275,Rigid,2289051,2289060,2289090,9,30,39,completed,1
29276,Rigid,2289051,2289061,2289090,10,29,39,completed,1
29277,Rigid,2289059,2289061,2548275,2,259214,259216,completed,1
29278,Rigid,2289059,2289061,2548275,2,259214,259216,completed,1
29279,Rigid,2289059,2289061,2548275,2,259214,259216,completed,1
29280,Rigid,2289059,2289061,2548275,2,259214,259216,completed,1
29281,Rigid,2289059,2289061,2548275,2,259214,259216,completed,1
29282,Rigid,2289059,2289061,2548275,2,259214,259216,completed,1
29283,Rigid,2289059,2289061,2548275,2,259214,259216,completed,1
29284,Rigid,2289059,2289061,2548275,2,259214,259216,completed,1
29285,Rigid,2289059,2289061,2548275,2,259214,259216,completed,1
29286,Rigid,2289059,2289061,2548275,2,259214,259216,completed,1
29287,Rigid,2289059,2289061,2548275,2,259214,259216,completed,1
29288,Rigid,2289059,2289061,2548275,2,259214,259216,completed,1
29289,Rigid,2289059,2289061,2548275,2,259214,259216,completed,1
29290,Rigid,2289059,2289061,2548275,2,259214,259216,completed,1
29291,Rigid,2289059,2289061,2548275,2,259214,259216,completed,1
29292,Rigid,2289059,2289061,2548275,2,259214,259216,completed,1
29293,Rigid,2289059,2289061,2548275,2,259214,259216,completed,1
29294,Rigid,2289059,2289061,2548275,2,259214,259216,completed,1
29295,Rigid,2289059,2289061,2548275,2,259214,259216,completed,1
29296,Rigid,2289059,2289061,2548275,2,259214,259216,completed,1
29297,Rigid,2289059,2289061,2548275,2,259214,259216,completed,1
29298,Rigid,2289059,2289061,2548275,2,259214,259216,completed,1
29299,Rigid,2289059,2289061,2548275,2,259214,259216,completed,1
29300,Rigid,2289059,2289061,2548275,2,259214,259216,completed,1
29301,Rigid,2289059,2289061,2548275,2,259214,259216,completed,1
29302,Rigid,2289059,2289061,2548275,2,259214,259216,completed,1
29303,Rigid,2289059,2289061,2548275,2,259214,259216,completed,1
29304,Rigid,2289059,2289062,2548275,3,259213,259216,completed,1
29305,Rigid,2289059,2289062,2548275,3,259213,259216,completed,1
29306,Rigid,2289059,2289062,2548275,3,259213,259216,completed,1
29307,Rigid,2289059,2289062,2548275,3,259213,259216,completed,1
29308,Rigid,2289059,2289062,2548275,3,259213,259216,completed,1
29309,Rigid,2289059,2289062,2548275,3,259213,259216,completed,1
29310,Rigid,2289059,2289062,2548275,3,259213,259216,completed,1
29311,Rigid,2289059,2289062,2548275,3,259213,259216,completed,1
29312,Rigid,2289059,2289062,2548275,3,259213,259216,completed,1
29313,Rigid,2289059,2289062,2548275,3,259213,259216,completed,1
29314,Rigid,2289059,2289062,2548275,3,259213,259216,completed,1
29315,Rigid,2289059,2289062,2548275,3,259213,259216,completed,1
29316,Rigid,2289059,2289062,2548275,3,259213,259216,completed,1
29317,Rigid,2289059,2289062,2548275,3,259213,259216,completed,1
29318,Rigid,2289059,2289062,2548275,3,259213,259216,completed,1
29319,Rigid,2289059,2289062,2548275,3,259213,259216,completed,1
29320,Rigid,2289059,2289062,2548275,3,259213,259216,completed,1
29321,Rigid,2289059,2289062,2548275,3,259213,259216,completed,1
29322,Rigid,2289059,2289062,2548275,3,259213,259216,completed,1
29323,Rigid,2289059,2289062,2548275,3,259213,259216,completed,1
29324,Rigid,2289059,2289062,2548275,3,259213,259216,completed,1
29325,Rigid,2289059,2289062,2548275,3,259213,259216,completed,1
29326,Rigid,2289059,2289062,2548275,3,259213,259216,completed,1
29327,Rigid,2289066,2289067,2548275,1,259208,259209,completed,1
29328,Rigid,2289066,2289067,2548275,1,259208,259209,completed,1
29329,Rigid,2289066,2289067,2548275,1,259208,259209,completed,1
29330,Rigid,2289066,2289067,2548275,1,259208,259209,completed,1
29331,Rigid,2289066,2289067,2548275,1,259208,259209,completed,1
29332,Rigid,2289066,2289067,2548275,1,259208,259209,completed,1
29333,Rigid,2289066,2289067,2548275,1,259208,259209,completed,1
29334,Rigid,2289066,2289067,2289089,1,22,23,completed,1
29335,Rigid,2289066,2289067,2548275,1,259208,259209,completed,1
29336,Rigid,2289066,2289067,2548275,1,259208,259209,completed,1
29337,Rigid,2289066,2289067,2548275,1,259208,259209,completed,1
29338,Rigid,2289066,2289067,2548275,1,259208,259209,completed,1
29339,Rigid,2289066,2289067,2548275,1,259208,259209,completed,1
29340,Rigid,2289066,2289067,2548275,1,259208,259209,completed,1
29341,Rigid,2289066,2289067,2289089,1,22,23,completed,1
29342,Rigid,2289066,2289067,2289089,1,22,23,completed,1
29343,Rigid,2289066,2289067,2548275,1,259208,259209,completed,1
29344,Rigid,2289066,2289067,2548275,1,259208,259209,completed,1
29345,Rigid,2289066,2289067,2548275,1,259208,259209,completed,1
29346,Rigid,2289066,2289067,2548275,1,259208,259209,completed,1
29347,Rigid,2289066,2289067,2548275,1,259208,259209,completed,1
29348,Rigid,2289066,2289067,2548275,1,259208,259209,completed,1
29349,Rigid,2289066,2289067,2548275,1,259208,259209,completed,1
29350,Rigid,2289066,2289067,2548275,1,259208,259209,completed,1
29351,Rigid,2289066,2289067,2548275,1,259208,259209,completed,1
29352,Rigid,2289066,2289067,2289097,1,30,31,completed,1
29353,Rigid,2289066,2289067,2289097,1,30,31,completed,1
29354,Rigid,2289066,2289067,2289097,1,30,31,completed,1
29355,Rigid,2289066,2289067,2289097,1,30,31,completed,1
29356,Rigid,2289066,2289067,2289097,1,30,31,completed,1
29357,Rigid,2289066,2289067,2289097,1,30,31,completed,1
29358,Rigid,2289066,2289067,2289097,1,30,31,completed,1
29359,Rigid,2289066,2289067,2289097,1,30,31,completed,1
29360,Rigid,2289066,2289067,2289097,1,30,31,completed,1
29361,Rigid,2289066,2289067,2289097,1,30,31,completed,1
29362,Rigid,2289066,2289067,2289097,1,30,31,completed,1
29363,Rigid,2289066,2289067,2289097,1,30,31,completed,1
29364,Rigid,2289066,2289067,2289097,1,30,31,completed,1
29365,Rigid,2289066,2289067,2289097,1,30,31,completed,1
29366,Rigid,2289066,2289067,2289097,1,30,31,completed,1
29367,Rigid,2289066,2289067,2289097,1,30,31,completed,1
29368,Rigid,2289066,2289067,2289097,1,30,31,completed,1
29369,Rigid,2289066,2289067,2289097,1,30,31,completed,1
29370,Rigid,2289066,2289067,2289097,1,30,31,completed,1
29371,Rigid,2289066,2289067,2289097,1,30,31,completed,1
29372,Rigid,2289066,2289067,2289097,1,30,31,completed,1
29373,Rigid,2289066,2289067,2289097,1,30,31,completed,1
29374,Rigid,2289066,2289067,2289097,1,30,31,completed,1
29375,Rigid,2289066,2289067,2289097,1,30,31,completed,1
29376,Rigid,2289066,2289067,2289097,1,30,31,completed,1
29377,Rigid,2289072,2289073,2548275,1,259202,259203,completed,1
29378,Rigid,2289072,2289073,2548275,1,259202,259203,completed,1
29379,Rigid,2289072,2289073,2548275,1,259202,259203,completed,1
29380,Rigid,2289072,2289073,2548275,1,259202,259203,completed,1
29381,Rigid,2289072,2289073,2548275,1,259202,259203,completed,1
29382,Rigid,2289072,2289073,2548275,1,259202,259203,completed,1
29383,Rigid,2289072,2289073,2548275,1,259202,259203,completed,1
29384,Rigid,2289072,2289073,2548275,1,259202,259203,completed,1
29385,Rigid,2289072,2289073,2548275,1,259202,259203,completed,1
29386,Rigid,2289072,2289073,2548275,1,259202,259203,completed,1
29387,Rigid,2289072,2289073,2548275,1,259202,259203,completed,1
29388,Rigid,2289072,2289073,2548275,1,259202,259203,completed,1
29389,Rigid,2289072,2289073,2548275,1,259202,259203,completed,1
29390,Rigid,2289072,2289073,2548275,1,259202,259203,completed,1
29391,Rigid,2289072,2289073,2548275,1,259202,259203,completed,1
29392,Rigid,2289072,2289073,2548275,1,259202,259203,completed,1
29393,Rigid,2289072,2289073,2548275,1,259202,259203,completed,1
29394,Rigid,2289072,2289073,2548275,1,259202,259203,completed,1
29395,Rigid,2289072,2289073,2548275,1,259202,259203,completed,1
29396,Rigid,2289072,2289073,2548275,1,259202,259203,completed,1
29397,Rigid,2289072,2289073,2548275,1,259202,259203,completed,1
29398,Rigid,2289072,2289073,2548275,1,259202,259203,completed,1
29399,Rigid,2289072,2289073,2548275,1,259202,259203,completed,1
29400,Rigid,2289072,2289073,2548275,1,259202,259203,completed,1
29401,Rigid,2289072,2289073,2548275,1,259202,259203,completed,1
29402,Rigid,2289072,2289073,2289105,1,32,33,completed,1
29403,Rigid,2289072,2289073,2548275,1,259202,259203,completed,1
29404,Rigid,2289072,2289073,2548275,1,259202,259203,completed,1
29405,Rigid,2289072,2289073,2548275,1,259202,259203,completed,1
29406,Rigid,2289072,2289073,2548275,1,259202,259203,completed,1
29407,Rigid,2289072,2289073,2548275,1,259202,259203,completed,1
29408,Rigid,2289072,2289073,2548275,1,259202,259203,completed,1
29409,Rigid,2289072,2289073,2548275,1,259202,259203,completed,1
29410,Rigid,2289072,2289073,2548275,1,259202,259203,completed,1
29411,Rigid,2289072,2289073,2548275,1,259202,259203,completed,1
29412,Rigid,2289072,2289073,2548275,1,259202,259203,completed,1
29413,Rigid,2289072,2289073,2548275,1,259202,259203,completed,1
29414,Rigid,2289072,2289073,2548275,1,259202,259203,completed,1
29415,Rigid,2289072,2289073,2548275,1,259202,259203,completed,1
29416,Rigid,2289072,2289073,2548275,1,259202,259203,completed,1
29417,Rigid,2289072,2289073,2548275,1,259202,259203,completed,1
29418,Rigid,2289072,2289073,2548275,1,259202,259203,completed,1
29419,Rigid,2289072,2289073,2548275,1,259202,259203,completed,1
29420,Rigid,2289072,2289073,2548275,1,259202,259203,completed,1
29421,Rigid,2289072,2289073,2548275,1,259202,259203,completed,1
29422,Rigid,2289072,2289073,2548275,1,259202,259203,completed,1
29423,Rigid,2289072,2289073,2548275,1,259202,259203,completed,1
29424,Rigid,2289072,2289073,2548275,1,259202,259203,completed,1
29425,Rigid,2289072,2289073,2548275,1,259202,259203,completed,1
29426,Rigid,2289072,2289073,2548275,1,259202,259203,completed,1
29427,Rigid,2289079,2289080,2548305,1,259225,259226,completed,1
29428,Rigid,2289079,2289080,2289105,1,25,26,completed,1
29429,Rigid,2289079,2289080,2548305,1,259225,259226,completed,1
29430,Rigid,2289079,2289080,2289104,1,24,25,completed,1
29431,Rigid,2289079,2289080,2548305,1,259225,259226,completed,1
29432,Rigid,2289079,2289080,2548305,1,259225,259226,completed,1
29433,Rigid,2289079,2289080,2548305,1,259225,259226,completed,1
29434,Rigid,2289079,2289080,2548305,1,259225,259226,completed,1
29435,Rigid,2289079,2289080,2289105,1,25,26,completed,1
29436,Rigid,2289079,2289080,2548305,1,259225,259226,completed,1
29437,Rigid,2289079,2289080,2548305,1,259225,259226,completed,1
29438,Rigid,2289079,2289080,2548305,1,259225,259226,completed,1
29439,Rigid,2289079,2289080,2548305,1,259225,259226,completed,1
29440,Rigid,2289079,2289080,2548305,1,259225,259226,completed,1
29441,Rigid,2289079,2289080,2548305,1,259225,259226,completed,1
29442,Rigid,2289079,2289080,2548305,1,259225,259226,completed,1
29443,Rigid,2289079,2289080,2548305,1,259225,259226,completed,1
29444,Rigid,2289079,2289080,2548305,1,259225,259226,completed,1
29445,Rigid,2289079,2289080,2548305,1,259225,259226,completed,1
29446,Rigid,2289079,2289080,2548305,1,259225,259226,completed,1
29447,Rigid,2289079,2289080,2548305,1,259225,259226,completed,1
29448,Rigid,2289079,2289080,2548305,1,259225,259226,completed,1
29449,Rigid,2289079,2289080,2548305,1,259225,259226,completed,1
29450,Rigid,2289079,2289080,2548305,1,259225,259226,completed,1
29451,Rigid,2289079,2289080,2548305,1,259225,259226,completed,1
29452,Rigid,2289079,2289080,2548305,1,259225,259226,completed,1
29453,Rigid,2289079,2289080,2548305,1,259225,259226,completed,1
29454,Rigid,2289079,2289080,2548305,1,259225,259226,completed,1
29455,Rigid,2289079,2289080,2548305,1,259225,259226,completed,1
29456,Rigid,2289079,2289080,2548305,1,259225,259226,completed,1
29457,Rigid,2289079,2289080,2548305,1,259225,259226,completed,1
29458,Rigid,2289079,2289080,2548305,1,259225,259226,completed,1
29459,Rigid,2289079,2289080,2548305,1,259225,259226,completed,1
29460,Rigid,2289079,2289080,2548305,1,259225,259226,completed,1
29461,Rigid,2289079,2289081,2548305,2,259224,259226,completed,1
29462,Rigid,2289079,2289081,2548305,2,259224,259226,completed,1
29463,Rigid,2289079,2289081,2548305,2,259224,259226,completed,1
29464,Rigid,2289079,2289081,2548305,2,259224,259226,completed,1
29465,Rigid,2289079,2289081,2548305,2,259224,259226,completed,1
29466,Rigid,2289079,2289081,2548305,2,259224,259226,completed,1
29467,Rigid,2289079,2289081,2548305,2,259224,259226,completed,1
29468,Rigid,2289079,2289081,2548305,2,259224,259226,completed,1
29469,Rigid,2289079,2289081,2548305,2,259224,259226,completed,1
29470,Rigid,2289079,2289081,2548305,2,259224,259226,completed,1
29471,Rigid,2289079,2289081,2548305,2,259224,259226,completed,1
29472,Rigid,2289079,2289081,2548305,2,259224,259226,completed,1
29473,Rigid,2289079,2289081,2548305,2,259224,259226,completed,1
29474,Rigid,2289079,2289081,2548305,2,259224,259226,completed,1
29475,Rigid,2289079,2289081,2548305,2,259224,259226,completed,1
29476,Rigid,2289079,2289081,2548305,2,259224,259226,completed,1
29477,Rigid,2289086,2289088,2289110,2,22,24,completed,1
29478,Rigid,2289086,2289088,2289110,2,22,24,completed,1
29479,Rigid,2289086,2289088,2548305,2,259217,259219,completed,1
29480,Rigid,2289086,2289088,2548305,2,259217,259219,completed,1
29481,Rigid,2289086,2289088,2548305,2,259217,259219,completed,1
29482,Rigid,2289086,2289088,2548305,2,259217,259219,completed,1
29483,Rigid,2289086,2289088,2548305,2,259217,259219,completed,1
29484,Rigid,2289086,2289088,2548305,2,259217,259219,completed,1
29485,Rigid,2289086,2289088,2548305,2,259217,259219,completed,1
29486,Rigid,2289086,2289088,2548305,2,259217,259219,completed,1
29487,Rigid,2289086,2289088,2289109,2,21,23,completed,1
29488,Rigid,2289086,2289088,2289109,2,21,23,completed,1
29489,Rigid,2289086,2289088,2289109,2,21,23,completed,1
29490,Rigid,2289086,2289088,2548305,2,259217,259219,completed,1
29491,Rigid,2289086,2289088,2548305,2,259217,259219,completed,1
29492,Rigid,2289086,2289088,2548305,2,259217,259219,completed,1
29493,Rigid,2289086,2289088,2548305,2,259217,259219,completed,1
29494,Rigid,2289086,2289088,2548305,2,259217,259219,completed,1
29495,Rigid,2289086,2289088,2548305,2,259217,259219,completed,1
29496,Rigid,2289086,2289088,2548305,2,259217,259219,completed,1
29497,Rigid,2289086,2289088,2289117,2,29,31,completed,1
29498,Rigid,2289086,2289088,2289117,2,29,31,completed,1
29499,Rigid,2289086,2289088,2289117,2,29,31,completed,1
29500,Rigid,2289086,2289088,2289117,2,29,31,completed,1
29501,Rigid,2289086,2289088,2289117,2,29,31,completed,1
29502,Rigid,2289086,2289088,2289117,2,29,31,completed,1
29503,Rigid,2289086,2289088,2289117,2,29,31,completed,1
29504,Rigid,2289086,2289088,2289117,2,29,31,completed,1
29505,Rigid,2289086,2289088,2289117,2,29,31,completed,1
29506,Rigid,2289086,2289088,2289117,2,29,31,completed,1
29507,Rigid,2289086,2289088,2289117,2,29,31,completed,1
29508,Rigid,2289086,2289088,2289117,2,29,31,completed,1
29509,Rigid,2289086,2289088,2289117,2,29,31,completed,1
29510,Rigid,2289086,2289088,2289117,2,29,31,completed,1
29511,Rigid,2289086,2289088,2289117,2,29,31,completed,1
29512,Rigid,2289086,2289088,2289117,2,29,31,completed,1
29513,Rigid,2289086,2289088,2289117,2,29,31,completed,1
29514,Rigid,2289086,2289088,2289117,2,29,31,completed,1
29515,Rigid,2289086,2289088,2289117,2,29,31,completed,1
29516,Rigid,2289086,2289088,2289117,2,29,31,completed,1
29517,Rigid,2289086,2289088,2289117,2,29,31,completed,1
29518,Rigid,2289086,2289088,2289117,2,29,31,completed,1
29519,Rigid,2289086,2289088,2289117,2,29,31,completed,1
29520,Rigid,2289086,2289088,2289117,2,29,31,completed,1
29521,Rigid,2289086,2289089,2289117,3,28,31,completed,1
29522,Rigid,2289086,2289089,2289117,3,28,31,completed,1
29523,Rigid,2289086,2289089,2289117,3,28,31,completed,1
29524,Rigid,2289086,2289089,2289117,3,28,31,completed,1
29525,Rigid,2289086,2289089,2289117,3,28,31,completed,1
29526,Rigid,2289086,2289089,2289117,3,28,31,completed,1
29527,Rigid,2289091,2289092,2289105,1,13,14,completed,1
29528,Rigid,2289091,2289092,2548305,1,259213,259214,completed,1
29529,Rigid,2289091,2289092,2289105,1,13,14,completed,1
29530,Rigid,2289091,2289092,2289117,1,25,26,completed,1
29531,Rigid,2289091,2289092,2289117,1,25,26,completed,1
29532,Rigid,2289091,2289092,2289117,1,25,26,completed,1
29533,Rigid,2289091,2289092,2289117,1,25,26,completed,1
29534,Rigid,2289091,2289092,2289117,1,25,26,completed,1
29535,Rigid,2289091,2289092,2548305,1,259213,259214,completed,1
29536,Rigid,2289091,2289092,2548305,1,259213,259214,completed,1
29537,Rigid,2289091,2289092,2289113,1,21,22,completed,1
29538,Rigid,2289091,2289092,2289113,1,21,22,completed,1
29539,Rigid,2289091,2289092,2548305,1,259213,259214,completed,1
29540,Rigid,2289091,2289092,2548305,1,259213,259214,completed,1
29541,Rigid,2289091,2289092,2548305,1,259213,259214,completed,1
29542,Rigid,2289091,2289092,2548305,1,259213,259214,completed,1
29543,Rigid,2289091,2289092,2548305,1,259213,259214,completed,1
29544,Rigid,2289091,2289092,2289113,1,21,22,completed,1
29545,Rigid,2289091,2289092,2548305,1,259213,259214,completed,1
29546,Rigid,2289091,2289092,2289113,1,21,22,completed,1
29547,Rigid,2289091,2289092,2289113,1,21,22,completed,1
29548,Rigid,2289091,2289092,2548305,1,259213,259214,completed,1
29549,Rigid,2289091,2289092,2289113,1,21,22,completed,1
29550,Rigid,2289091,2289092,2548305,1,259213,259214,completed,1
29551,Rigid,2289091,2289092,2548305,1,259213,259214,completed,1
29552,Rigid,2289091,2289092,2548305,1,259213,259214,completed,1
29553,Rigid,2289091,2289092,2548305,1,259213,259214,completed,1
29554,Rigid,2289091,2289092,2548305,1,259213,259214,completed,1
29555,Rigid,2289091,2289092,2548305,1,259213,259214,completed,1
29556,Rigid,2289091,2289092,2548305,1,259213,259214,completed,1
29557,Rigid,2289091,2289092,2548305,1,259213,259214,completed,1
29558,Rigid,2289091,2289092,2548305,1,259213,259214,completed,1
29559,Rigid,2289091,2289092,2548305,1,259213,259214,completed,1
29560,Rigid,2289091,2289092,2548305,1,259213,259214,completed,1
29561,Rigid,2289091,2289092,2289113,1,21,22,completed,1
29562,Rigid,2289091,2289092,2548305,1,259213,259214,completed,1
29563,Rigid,2289091,2289092,2289113,1,21,22,completed,1
29564,Rigid,2289091,2289092,2548305,1,259213,259214,completed,1
29565,Rigid,2289091,2289092,2548305,1,259213,259214,completed,1
29566,Rigid,2289091,2289092,2548305,1,259213,259214,completed,1
29567,Rigid,2289091,2289092,2548305,1,259213,259214,completed,1
29568,Rigid,2289091,2289092,2548305,1,259213,259214,completed,1
29569,Rigid,2289091,2289092,2548305,1,259213,259214,completed,1
29570,Rigid,2289091,2289092,2548305,1,259213,259214,completed,1
29571,Rigid,2289091,2289092,2548305,1,259213,259214,completed,1
29572,Rigid,2289091,2289092,2548305,1,259213,259214,completed,1
29573,Rigid,2289091,2289092,2548305,1,259213,259214,completed,1
29574,Rigid,2289091,2289092,2548305,1,259213,259214,completed,1
29575,Rigid,2289091,2289093,2548305,2,259212,259214,completed,1
29576,Rigid,2289091,2289093,2548305,2,259212,259214,completed,1
29577,Rigid,2289096,2289097,2289118,1,21,22,completed,1
29578,Rigid,2289096,2289097,2548305,1,259208,259209,completed,1
29579,Rigid,2289096,2289097,2548305,1,259208,259209,completed,1
29580,Rigid,2289096,2289097,2548305,1,259208,259209,completed,1
29581,Rigid,2289096,2289097,2289118,1,21,22,completed,1
29582,Rigid,2289096,2289097,2548305,1,259208,259209,completed,1
29583,Rigid,2289096,2289097,2548305,1,259208,259209,completed,1
29584,Rigid,2289096,2289097,2548305,1,259208,259209,completed,1
29585,Rigid,2289096,2289097,2548305,1,259208,259209,completed,1
29586,Rigid,2289096,2289097,2548305,1,259208,259209,completed,1
29587,Rigid,2289096,2289097,2289118,1,21,22,completed,1
29588,Rigid,2289096,2289097,2289117,1,20,21,completed,1
29589,Rigid,2289096,2289097,2289117,1,20,21,completed,1
29590,Rigid,2289096,2289097,2548305,1,259208,259209,completed,1
29591,Rigid,2289096,2289097,2548305,1,259208,259209,completed,1
29592,Rigid,2289096,2289097,2289117,1,20,21,completed,1
29593,Rigid,2289096,2289097,2548305,1,259208,259209,completed,1
29594,Rigid,2289096,2289097,2289117,1,20,21,completed,1
29595,Rigid,2289096,2289097,2289118,1,21,22,completed,1
29596,Rigid,2289096,2289097,2548305,1,259208,259209,completed,1
29597,Rigid,2289096,2289097,2289117,1,20,21,completed,1
29598,Rigid,2289096,2289097,2548305,1,259208,259209,completed,1
29599,Rigid,2289096,2289097,2289117,1,20,21,completed,1
29600,Rigid,2289096,2289097,2548305,1,259208,259209,completed,1
29601,Rigid,2289096,2289097,2548305,1,259208,259209,completed,1
29602,Rigid,2289096,2289097,2548305,1,259208,259209,completed,1
29603,Rigid,2289096,2289097,2548305,1,259208,259209,completed,1
29604,Rigid,2289096,2289097,2548305,1,259208,259209,completed,1
29605,Rigid,2289096,2289097,2548305,1,259208,259209,completed,1
29606,Rigid,2289096,2289097,2548305,1,259208,259209,completed,1
29607,Rigid,2289096,2289098,2548305,2,259207,259209,completed,1
29608,Rigid,2289096,2289098,2548305,2,259207,259209,completed,1
29609,Rigid,2289096,2289098,2548305,2,259207,259209,completed,1
29610,Rigid,2289096,2289098,2548305,2,259207,259209,completed,1
29611,Rigid,2289096,2289098,2548305,2,259207,259209,completed,1
29612,Rigid,2289096,2289098,2548305,2,259207,259209,completed,1
29613,Rigid,2289096,2289098,2548305,2,259207,259209,completed,1
29614,Rigid,2289096,2289098,2548305,2,259207,259209,completed,1
29615,Rigid,2289096,2289098,2548305,2,259207,259209,completed,1
29616,Rigid,2289096,2289098,2548305,2,259207,259209,completed,1
29617,Rigid,2289096,2289098,2548305,2,259207,259209,completed,1
29618,Rigid,2289096,2289098,2548305,2,259207,259209,completed,1
29619,Rigid,2289096,2289098,2548305,2,259207,259209,completed,1
29620,Rigid,2289096,2289098,2548305,2,259207,259209,completed,1
29621,Rigid,2289096,2289098,2548305,2,259207,259209,completed,1
29622,Rigid,2289096,2289098,2548305,2,259207,259209,completed,1
29623,Rigid,2289096,2289098,2548305,2,259207,259209,completed,1
29624,Rigid,2289096,2289098,2548305,2,259207,259209,completed,1
29625,Rigid,2289096,2289098,2548305,2,259207,259209,completed,1
29626,Rigid,2289096,2289098,2548305,2,259207,259209,completed,1
29627,Rigid,2289116,2289116,2548335,0,259219,259219,completed,1
29628,Rigid,2289116,2289116,2548335,0,259219,259219,completed,1
29629,Rigid,2289116,2289116,2548335,0,259219,259219,completed,1
29630,Rigid,2289116,2289116,2548335,0,259219,259219,completed,1
29631,Rigid,2289116,2289116,2548335,0,259219,259219,completed,1
29632,Rigid,2289116,2289116,2548335,0,259219,259219,completed,1
29633,Rigid,2289116,2289116,2548335,0,259219,259219,completed,1
29634,Rigid,2289116,2289116,2548335,0,259219,259219,completed,1
29635,Rigid,2289116,2289116,2548335,0,259219,259219,completed,1
29636,Rigid,2289116,2289116,2548335,0,259219,259219,completed,1
29637,Rigid,2289116,2289116,2548335,0,259219,259219,completed,1
29638,Rigid,2289116,2289116,2548335,0,259219,259219,completed,1
29639,Rigid,2289116,2289116,2548335,0,259219,259219,completed,1
29640,Rigid,2289116,2289116,2548335,0,259219,259219,completed,1
29641,Rigid,2289116,2289116,2548335,0,259219,259219,completed,1
29642,Rigid,2289116,2289116,2548335,0,259219,259219,completed,1
29643,Rigid,2289116,2289116,2548335,0,259219,259219,completed,1
29644,Rigid,2289116,2289116,2548335,0,259219,259219,completed,1
29645,Rigid,2289116,2289116,2289131,0,15,15,completed,1
29646,Rigid,2289116,2289116,2548335,0,259219,259219,completed,1
29647,Rigid,2289116,2289116,2548335,0,259219,259219,completed,1
29648,Rigid,2289116,2289116,2548335,0,259219,259219,completed,1
29649,Rigid,2289116,2289116,2548335,0,259219,259219,completed,1
29650,Rigid,2289116,2289116,2548335,0,259219,259219,completed,1
29651,Rigid,2289116,2289116,2548335,0,259219,259219,completed,1
29652,Rigid,2289116,2289116,2548335,0,259219,259219,completed,1
29653,Rigid,2289116,2289116,2548335,0,259219,259219,completed,1
29654,Rigid,2289116,2289116,2548335,0,259219,259219,completed,1
29655,Rigid,2289116,2289116,2548335,0,259219,259219,completed,1
29656,Rigid,2289116,2289116,2548335,0,259219,259219,completed,1
29657,Rigid,2289116,2289116,2548335,0,259219,259219,completed,1
29658,Rigid,2289116,2289117,2548335,1,259218,259219,completed,1
29659,Rigid,2289116,2289117,2548335,1,259218,259219,completed,1
29660,Rigid,2289116,2289117,2548335,1,259218,259219,completed,1
29661,Rigid,2289116,2289117,2548335,1,259218,259219,completed,1
29662,Rigid,2289116,2289117,2548335,1,259218,259219,completed,1
29663,Rigid,2289116,2289117,2548335,1,259218,259219,completed,1
29664,Rigid,2289116,2289117,2548335,1,259218,259219,completed,1
29665,Rigid,2289116,2289117,2548335,1,259218,259219,completed,1
29666,Rigid,2289116,2289117,2548335,1,259218,259219,completed,1
29667,Rigid,2289116,2289117,2548335,1,259218,259219,completed,1
29668,Rigid,2289116,2289117,2548335,1,259218,259219,completed,1
29669,Rigid,2289116,2289117,2548335,1,259218,259219,completed,1
29670,Rigid,2289116,2289117,2548335,1,259218,259219,completed,1
29671,Rigid,2289116,2289117,2548335,1,259218,259219,completed,1
29672,Rigid,2289116,2289117,2548335,1,259218,259219,completed,1
29673,Rigid,2289116,2289117,2548335,1,259218,259219,completed,1
29674,Rigid,2289116,2289117,2548335,1,259218,259219,completed,1
29675,Rigid,2289116,2289117,2548335,1,259218,259219,completed,1
29676,Rigid,2289116,2289117,2548335,1,259218,259219,completed,1
29677,Rigid,2289116,2289117,2548335,1,259218,259219,completed,1
29678,Rigid,2289116,2289117,2548335,1,259218,259219,completed,1
29679,Rigid,2289116,2289117,2548335,1,259218,259219,completed,1
29680,Rigid,2289116,2289117,2548335,1,259218,259219,completed,1
29681,Rigid,2289116,2289117,2548335,1,259218,259219,completed,1
29682,Rigid,2289116,2289117,2548335,1,259218,259219,completed,1
29683,Rigid,2289116,2289117,2548335,1,259218,259219,completed,1
29684,Rigid,2289116,2289117,2548335,1,259218,259219,completed,1
29685,Rigid,2289116,2289117,2548335,1,259218,259219,completed,1
29686,Rigid,2289116,2289117,2548335,1,259218,259219,completed,1
29687,Rigid,2289116,2289117,2548335,1,259218,259219,completed,1
29688,Rigid,2289116,2289117,2548335,1,259218,259219,completed,1
29689,Rigid,2289116,2289117,2548335,1,259218,259219,completed,1
29690,Rigid,2289116,2289117,2548335,1,259218,259219,completed,1
29691,Rigid,2289116,2289117,2548335,1,259218,259219,completed,1
29692,Rigid,2289116,2289117,2548335,1,259218,259219,completed,1
29693,Rigid,2289116,2289117,2548335,1,259218,259219,completed,1
29694,Rigid,2289116,2289117,2548335,1,259218,259219,completed,1
29695,Rigid,2289116,2289117,2548335,1,259218,259219,completed,1
29696,Rigid,2289116,2289117,2548335,1,259218,259219,completed,1
29697,Rigid,2289116,2289117,2548335,1,259218,259219,completed,1
29698,Rigid,2289116,2289117,2548335,1,259218,259219,completed,1
29699,Rigid,2289116,2289117,2548335,1,259218,259219,completed,1
29700,Rigid,2289116,2289117,2548335,1,259218,259219,completed,1
29701,Rigid,2289116,2289117,2548335,1,259218,259219,completed,1
29702,Rigid,2289116,2289117,2548335,1,259218,259219,completed,1
29703,Rigid,2289116,2289117,2548335,1,259218,259219,completed,1
29704,Rigid,2289116,2289117,2548335,1,259218,259219,completed,1
29705,Rigid,2289116,2289117,2548335,1,259218,259219,completed,1
29706,Rigid,2289116,2289117,2548335,1,259218,259219,completed,1
29707,Rigid,2293720,2293720,2293735,0,15,15,completed,36
29708,Rigid,2293749,2293750,2319366,1,25616,25617,completed,36
29709,Rigid,2295984,2295984,2312687,0,16703,16703,completed,36
29710,Rigid,2300380,2326234,2329224,25854,2990,28844,completed,1080
29711,Rigid,2329884,2329885,2637902,1,308017,308018,completed,36
29712,Rigid,2329926,2329927,2586589,1,256662,256663,completed,36
29713,Rigid,2329986,2329986,2533636,0,203650,203650,completed,36
29714,Rigid,2330122,2330123,2406725,1,76602,76603,completed,36
29715,Rigid,2330205,2330206,2400165,1,69959,69960,completed,36
29716,Rigid,2330271,2330272,2498686,1,168414,168415,completed,36
29717,Rigid,2330313,2330315,2469396,2,139081,139083,completed,36
29718,Rigid,2330962,2330962,2418777,0,87815,87815,completed,36
29719,Rigid,2331453,2331453,2504279,0,172826,172826,completed,36
29720,Rigid,2331453,2331453,2504279,0,172826,172826,completed,36
29721,Rigid,2331453,2331453,2504279,0,172826,172826,completed,36
29722,Rigid,2331508,2331509,2504309,1,172800,172801,completed,36
29723,Rigid,2331508,2331509,2504309,1,172800,172801,completed,36
29724,Rigid,2331508,2331509,2504309,1,172800,172801,completed,36
29725,Rigid,2331541,2331542,2504369,1,172827,172828,completed,36
29726,Rigid,2331541,2331542,2504369,1,172827,172828,completed,36
29727,Rigid,2331541,2331542,2504369,1,172827,172828,completed,36
29728,Rigid,2331625,2331629,2504429,4,172800,172804,completed,36
29729,Rigid,2331625,2331629,2504429,4,172800,172804,completed,36
29730,Rigid,2331669,2331669,2504489,0,172820,172820,completed,36
29731,Rigid,2331669,2331669,2504489,0,172820,172820,completed,36
29732,Rigid,2331669,2331669,2504489,0,172820,172820,completed,36
29733,Rigid,2331789,2331790,2504609,1,172819,172820,completed,36
29734,Rigid,2331789,2331790,2504609,1,172819,172820,completed,36
29735,Rigid,2331789,2334222,2507039,2433,172817,175250,completed,36
29736,Rigid,2331825,2334758,2507579,2933,172821,175754,completed,36
29737,Rigid,2331825,2334758,2507579,2933,172821,175754,completed,36
29738,Rigid,2331825,2334758,2507579,2933,172821,175754,completed,36
29739,Rigid,2331855,2334758,2507579,2903,172821,175724,completed,36
29740,Rigid,2331855,2334758,2507579,2903,172821,175724,completed,36
29741,Rigid,2331855,2334758,2507579,2903,172821,175724,completed,36
29742,Rigid,2331882,2334792,2507609,2910,172817,175727,completed,36
29743,Rigid,2331882,2334792,2507609,2910,172817,175727,completed,36
29744,Rigid,2331882,2334792,2507609,2910,172817,175727,completed,36
29745,Rigid,2331910,2334792,2507609,2882,172817,175699,completed,36
29746,Rigid,2331910,2334792,2507609,2882,172817,175699,completed,36
29747,Rigid,2331910,2334792,2507609,2882,172817,175699,completed,36
29748,Rigid,2331940,2334819,2507639,2879,172820,175699,completed,36
29749,Rigid,2331940,2334819,2507639,2879,172820,175699,completed,36
29750,Rigid,2331940,2334819,2507639,2879,172820,175699,completed,36
29751,Rigid,2331967,2331967,2677571,0,345604,345604,completed,288
29752,Rigid,2331975,2334852,2507670,2877,172818,175695,completed,36
29753,Rigid,2331975,2334852,2507670,2877,172818,175695,completed,36
29754,Rigid,2331975,2334852,2507670,2877,172818,175695,completed,36
29755,Rigid,2332398,2332398,2332400,0,2,2,completed,1
29756,Rigid,2332479,2332479,2332481,0,2,2,completed,1
29757,Rigid,2332505,2332506,2332517,1,11,12,completed,1
29758,Rigid,2332588,2332589,2332600,1,11,12,completed,1
29759,Rigid,2332617,2332617,2332628,0,11,11,completed,1
29760,Rigid,2332643,2332643,2332654,0,11,11,completed,1
29761,Rigid,2332679,2332680,2332682,1,2,3,completed,1
29762,Rigid,2332737,2332737,2332748,0,11,11,completed,1
29763,Rigid,2332786,2332786,2332788,0,2,2,completed,1
29764,Rigid,2332922,2332923,2333887,1,964,965,completed,144
29765,Rigid,2332981,2332982,2406485,1,73503,73504,completed,1
29766,Rigid,2333057,2333057,2334854,0,1797,1797,completed,72
29767,Rigid,2333088,2333088,2333116,0,28,28,completed,288
29768,Rigid,2333167,2333168,2333185,1,17,18,completed,1
29769,Rigid,2333219,2333219,2333232,0,13,13,completed,1
29770,Rigid,2333259,2333260,2333261,1,1,2,completed,1
29771,Rigid,2333314,2333315,2333328,1,13,14,completed,1
29772,Rigid,2333367,2333369,2333382,2,13,15,completed,1
29773,Rigid,2333396,2333397,2405084,1,71687,71688,completed,36
29774,Rigid,2333404,2333405,2405145,1,71740,71741,completed,36
29775,Rigid,2333405,2333409,2333413,4,4,8,completed,1
29776,Rigid,2333411,2333413,2402469,2,69056,69058,completed,36
29777,Rigid,2333421,2333422,2400847,1,67425,67426,completed,36
29778,Rigid,2333478,2333479,2334123,1,644,645,completed,288
29779,Rigid,2333809,2333809,2333817,0,8,8,completed,1
29780,Rigid,2333856,2333857,2338605,1,4748,4749,completed,36
29781,Rigid,2333906,2333909,2334142,3,233,236,completed,18
29782,Rigid,2334292,2334293,2423435,1,89142,89143,completed,288
29783,Rigid,2334404,2334404,2334424,0,20,20,completed,1
29784,Rigid,2334404,2334404,2334406,0,2,2,completed,1
29785,Rigid,2334404,2334404,2334406,0,2,2,completed,1
29786,Rigid,2334404,2334404,2334411,0,7,7,completed,1
29787,Rigid,2334547,2334548,2334549,1,1,2,completed,1
29788,Rigid,2334547,2334548,2334549,1,1,2,completed,1
29789,Rigid,2334547,2334548,2334549,1,1,2,completed,1
29790,Rigid,2334547,2334548,2334549,1,1,2,completed,1
29791,Rigid,2334547,2334548,2334549,1,1,2,completed,1
29792,Rigid,2334548,2334550,2334552,2,2,4,completed,1
29793,Rigid,2334548,2334550,2334552,2,2,4,completed,1
29794,Rigid,2334548,2334550,2334552,2,2,4,completed,1
29795,Rigid,2334549,2334550,2334552,1,2,3,completed,1
29796,Rigid,2334549,2334550,2334552,1,2,3,completed,1
29797,Rigid,2334549,2334550,2334552,1,2,3,completed,1
29798,Rigid,2334549,2334550,2334553,1,3,4,completed,1
29799,Rigid,2334549,2334550,2334552,1,2,3,completed,1
29800,Rigid,2334550,2334550,2334552,0,2,2,completed,1
29801,Rigid,2334550,2334550,2334552,0,2,2,completed,1
29802,Rigid,2334550,2334550,2334552,0,2,2,completed,1
29803,Rigid,2334551,2334552,2334553,1,1,2,completed,1
29804,Rigid,2334551,2334552,2334553,1,1,2,completed,1
29805,Rigid,2334551,2334552,2334553,1,1,2,completed,1
29806,Rigid,2334551,2334552,2334553,1,1,2,completed,1
29807,Rigid,2334551,2334552,2334553,1,1,2,completed,1
29808,Rigid,2334551,2334552,2334553,1,1,2,completed,1
29809,Rigid,2334551,2334552,2334553,1,1,2,completed,1
29810,Rigid,2334551,2334552,2334553,1,1,2,completed,1
29811,Rigid,2334552,2334553,2334555,1,2,3,completed,1
29812,Rigid,2334552,2334553,2334555,1,2,3,completed,1
29813,Rigid,2334552,2334553,2334555,1,2,3,completed,1
29814,Rigid,2334552,2334553,2334555,1,2,3,completed,1
29815,Rigid,2334552,2334553,2334555,1,2,3,completed,1
29816,Rigid,2334552,2334553,2334555,1,2,3,completed,1
29817,Rigid,2334552,2334553,2334555,1,2,3,completed,1
29818,Rigid,2334552,2334553,2334555,1,2,3,completed,1
29819,Rigid,2334553,2334553,2334555,0,2,2,completed,1
29820,Rigid,2334553,2334553,2334555,0,2,2,completed,1
29821,Rigid,2334553,2334553,2334555,0,2,2,completed,1
29822,Rigid,2334553,2334553,2334555,0,2,2,completed,1
29823,Rigid,2334553,2334553,2334555,0,2,2,completed,1
29824,Rigid,2334553,2334553,2334555,0,2,2,completed,1
29825,Rigid,2334553,2334554,2334555,1,1,2,completed,1
29826,Rigid,2334553,2334554,2334555,1,1,2,completed,1
29827,Rigid,2334554,2334554,2334555,0,1,1,completed,1
29828,Rigid,2334554,2334554,2334555,0,1,1,completed,1
29829,Rigid,2334554,2334554,2334555,0,1,1,completed,1
29830,Rigid,2334554,2334556,2334557,2,1,3,completed,1
29831,Rigid,2334554,2334556,2334557,2,1,3,completed,1
29832,Rigid,2334554,2334556,2334557,2,1,3,completed,1
29833,Rigid,2334554,2334556,2334557,2,1,3,completed,1
29834,Rigid,2334554,2334556,2334557,2,1,3,completed,1
29835,Rigid,2334554,2334556,2334557,2,1,3,completed,1
29836,Rigid,2334555,2334556,2334557,1,1,2,completed,1
29837,Rigid,2334555,2334556,2334557,1,1,2,completed,1
29838,Rigid,2334555,2334556,2334557,1,1,2,completed,1
29839,Rigid,2334555,2334556,2334557,1,1,2,completed,1
29840,Rigid,2334556,2334556,2334557,0,1,1,completed,1
29841,Rigid,2334556,2334556,2334557,0,1,1,completed,1
29842,Rigid,2334556,2334556,2334557,0,1,1,completed,1
29843,Rigid,2334556,2334556,2334557,0,1,1,completed,1
29844,Rigid,2334556,2334556,2334558,0,2,2,completed,1
29845,Rigid,2334556,2334556,2334558,0,2,2,completed,1
29846,Rigid,2334556,2334558,2334559,2,1,3,completed,1
29847,Rigid,2334557,2334558,2334561,1,3,4,completed,1
29848,Rigid,2334557,2334558,2334560,1,2,3,completed,1
29849,Rigid,2334557,2334558,2334559,1,1,2,completed,1
29850,Rigid,2334557,2334558,2334560,1,2,3,completed,1
29851,Rigid,2334557,2334558,2334560,1,2,3,completed,1
29852,Rigid,2334557,2334558,2334559,1,1,2,completed,1
29853,Rigid,2334557,2334558,2334560,1,2,3,completed,1
29854,Rigid,2334558,2334558,2334559,0,1,1,completed,1
29855,Rigid,2334558,2334558,2334560,0,2,2,completed,1
29856,Rigid,2334558,2334558,2334560,0,2,2,completed,1
29857,Rigid,2334558,2334558,2334560,0,2,2,completed,1
29858,Rigid,2334558,2334558,2334560,0,2,2,completed,1
29859,Rigid,2334558,2334558,2334560,0,2,2,completed,1
29860,Rigid,2334558,2334558,2334560,0,2,2,completed,1
29861,Rigid,2334558,2334558,2334559,0,1,1,completed,1
29862,Rigid,2334558,2334559,2334560,1,1,2,completed,1
29863,Rigid,2334558,2334559,2334560,1,1,2,completed,1
29864,Rigid,2334559,2334559,2334560,0,1,1,completed,1
29865,Rigid,2334559,2334559,2334560,0,1,1,completed,1
29866,Rigid,2334559,2334559,2334560,0,1,1,completed,1
29867,Rigid,2334559,2334559,2334560,0,1,1,completed,1
29868,Rigid,2334559,2334559,2334560,0,1,1,completed,1
29869,Rigid,2334559,2334559,2334560,0,1,1,completed,1
29870,Rigid,2334559,2334560,2334561,1,1,2,completed,1
29871,Rigid,2334559,2334560,2334561,1,1,2,completed,1
29872,Rigid,2334559,2334560,2334561,1,1,2,completed,1
29873,Rigid,2334559,2334560,2334561,1,1,2,completed,1
29874,Rigid,2334560,2334560,2334561,0,1,1,completed,1
29875,Rigid,2334560,2334560,2334561,0,1,1,completed,1
29876,Rigid,2334560,2334560,2334561,0,1,1,completed,1
29877,Rigid,2334560,2334560,2334561,0,1,1,completed,1
29878,Rigid,2334560,2334561,2334562,1,1,2,completed,1
29879,Rigid,2334560,2334561,2334562,1,1,2,completed,1
29880,Rigid,2334560,2334561,2334562,1,1,2,completed,1
29881,Rigid,2334560,2334561,2334562,1,1,2,completed,1
29882,Rigid,2334560,2334561,2334562,1,1,2,completed,1
29883,Rigid,2334561,2334561,2334562,0,1,1,completed,1
29884,Rigid,2334561,2334561,2334562,0,1,1,completed,1
29885,Rigid,2334561,2334561,2334562,0,1,1,completed,1
29886,Rigid,2334561,2334561,2334562,0,1,1,completed,1
29887,Rigid,2334561,2334561,2334562,0,1,1,completed,1
29888,Rigid,2334561,2334561,2334562,0,1,1,completed,1
29889,Rigid,2334561,2334561,2334562,0,1,1,completed,1
29890,Rigid,2334561,2334561,2334562,0,1,1,completed,1
29891,Rigid,2334561,2334561,2334562,0,1,1,completed,1
29892,Rigid,2334562,2334562,2334563,0,1,1,completed,1
29893,Rigid,2334562,2334562,2334563,0,1,1,completed,1
29894,Rigid,2334562,2334562,2334563,0,1,1,completed,1
29895,Rigid,2334562,2334562,2334563,0,1,1,completed,1
29896,Rigid,2334562,2334562,2334563,0,1,1,completed,1
29897,Rigid,2334562,2334562,2334563,0,1,1,completed,1
29898,Rigid,2334562,2334562,2334563,0,1,1,completed,1
29899,Rigid,2334562,2334562,2334563,0,1,1,completed,1
29900,Rigid,2334562,2334562,2334563,0,1,1,completed,1
29901,Rigid,2334562,2334562,2334563,0,1,1,completed,1
29902,Rigid,2334563,2334563,2334564,0,1,1,completed,1
29903,Rigid,2334563,2334563,2334564,0,1,1,completed,1
29904,Rigid,2334563,2334563,2334564,0,1,1,completed,1
29905,Rigid,2334563,2334563,2334564,0,1,1,completed,1
29906,Rigid,2334563,2334563,2334564,0,1,1,completed,1
29907,Rigid,2334563,2334563,2334564,0,1,1,completed,1
29908,Rigid,2334563,2334563,2334564,0,1,1,completed,1
29909,Rigid,2334563,2334563,2334564,0,1,1,completed,1
29910,Rigid,2334563,2334563,2334564,0,1,1,completed,1
29911,Rigid,2334563,2334564,2334565,1,1,2,completed,1
29912,Rigid,2334564,2334564,2334565,0,1,1,completed,1
29913,Rigid,2334564,2334564,2334565,0,1,1,completed,1
29914,Rigid,2334564,2334564,2334565,0,1,1,completed,1
29915,Rigid,2334564,2334564,2334565,0,1,1,completed,1
29916,Rigid,2334564,2334564,2334565,0,1,1,completed,1
29917,Rigid,2334564,2334564,2334565,0,1,1,completed,1
29918,Rigid,2334564,2334564,2334565,0,1,1,completed,1
29919,Rigid,2334564,2334564,2334565,0,1,1,completed,1
29920,Rigid,2334564,2334564,2334565,0,1,1,completed,1
29921,Rigid,2334564,2334564,2334565,0,1,1,completed,1
29922,Rigid,2334565,2334565,2334566,0,1,1,completed,1
29923,Rigid,2334565,2334565,2334566,0,1,1,completed,1
29924,Rigid,2334565,2334565,2334566,0,1,1,completed,1
29925,Rigid,2334565,2334565,2334566,0,1,1,completed,1
29926,Rigid,2334565,2334565,2334566,0,1,1,completed,1
29927,Rigid,2334565,2334565,2334566,0,1,1,completed,1
29928,Rigid,2334565,2334565,2334566,0,1,1,completed,1
29929,Rigid,2334565,2334566,2334567,1,1,2,completed,1
29930,Rigid,2334565,2334566,2334567,1,1,2,completed,1
29931,Rigid,2334565,2334566,2334567,1,1,2,completed,1
29932,Rigid,2334566,2334566,2334567,0,1,1,completed,1
29933,Rigid,2334566,2334566,2334567,0,1,1,completed,1
29934,Rigid,2334566,2334566,2334567,0,1,1,completed,1
29935,Rigid,2334566,2334566,2334567,0,1,1,completed,1
29936,Rigid,2334566,2334566,2334567,0,1,1,completed,1
29937,Rigid,2334566,2334567,2334568,1,1,2,completed,1
29938,Rigid,2334566,2334567,2334568,1,1,2,completed,1
29939,Rigid,2334566,2334567,2334568,1,1,2,completed,1
29940,Rigid,2334567,2334567,2334568,0,1,1,completed,1
29941,Rigid,2334567,2334567,2334568,0,1,1,completed,1
29942,Rigid,2334567,2334567,2334568,0,1,1,completed,1
29943,Rigid,2334567,2334567,2334568,0,1,1,completed,1
29944,Rigid,2334567,2334567,2334568,0,1,1,completed,1
29945,Rigid,2334567,2334568,2334569,1,1,2,completed,1
29946,Rigid,2334567,2334568,2334569,1,1,2,completed,1
29947,Rigid,2334567,2334568,2334569,1,1,2,completed,1
29948,Rigid,2334567,2334568,2334569,1,1,2,completed,1
29949,Rigid,2334568,2334568,2334569,0,1,1,completed,1
29950,Rigid,2334568,2334568,2334569,0,1,1,completed,1
29951,Rigid,2334574,2334575,2334576,1,1,2,completed,1
29952,Rigid,2334574,2334575,2334576,1,1,2,completed,1
29953,Rigid,2334574,2334575,2334576,1,1,2,completed,1
29954,Rigid,2334574,2334575,2334576,1,1,2,completed,1
29955,Rigid,2334574,2334575,2334576,1,1,2,completed,1
29956,Rigid,2334574,2334575,2334576,1,1,2,completed,1
29957,Rigid,2334574,2334575,2334576,1,1,2,completed,1
29958,Rigid,2334574,2334575,2334576,1,1,2,completed,1
29959,Rigid,2334574,2334575,2334576,1,1,2,completed,1
29960,Rigid,2334574,2334575,2334576,1,1,2,completed,1
29961,Rigid,2334576,2334577,2334578,1,1,2,completed,1
29962,Rigid,2334576,2334577,2334578,1,1,2,completed,1
29963,Rigid,2334576,2334577,2334578,1,1,2,completed,1
29964,Rigid,2334576,2334577,2334578,1,1,2,completed,1
29965,Rigid,2334576,2334577,2334578,1,1,2,completed,1
29966,Rigid,2334576,2334577,2334578,1,1,2,completed,1
29967,Rigid,2334576,2334577,2334578,1,1,2,completed,1
29968,Rigid,2334576,2334577,2334578,1,1,2,completed,1
29969,Rigid,2334576,2334577,2334578,1,1,2,completed,1
29970,Rigid,2334576,2334577,2334579,1,2,3,completed,1
29971,Rigid,2334577,2334577,2334578,0,1,1,completed,1
29972,Rigid,2334577,2334577,2334578,0,1,1,completed,1
29973,Rigid,2334577,2334577,2334578,0,1,1,completed,1
29974,Rigid,2334577,2334577,2334578,0,1,1,completed,1
29975,Rigid,2334577,2334577,2334578,0,1,1,completed,1
29976,Rigid,2334577,2334577,2334578,0,1,1,completed,1
29977,Rigid,2334577,2334577,2334578,0,1,1,completed,1
29978,Rigid,2334577,2334577,2334578,0,1,1,completed,1
29979,Rigid,2334577,2334577,2334578,0,1,1,completed,1
29980,Rigid,2334577,2334577,2334578,0,1,1,completed,1
29981,Rigid,2334578,2334579,2334580,1,1,2,completed,1
29982,Rigid,2334578,2334579,2334580,1,1,2,completed,1
29983,Rigid,2334578,2334579,2334580,1,1,2,completed,1
29984,Rigid,2334578,2334579,2334580,1,1,2,completed,1
29985,Rigid,2334578,2334579,2334580,1,1,2,completed,1
29986,Rigid,2334578,2334579,2334580,1,1,2,completed,1
29987,Rigid,2334578,2334579,2334581,1,2,3,completed,1
29988,Rigid,2334578,2334579,2334580,1,1,2,completed,1
29989,Rigid,2334578,2334579,2334580,1,1,2,completed,1
29990,Rigid,2334578,2334579,2334580,1,1,2,completed,1
29991,Rigid,2334579,2334579,2334697,0,118,118,completed,1
29992,Rigid,2334579,2334579,2335630,0,1051,1051,completed,2
29993,Rigid,2334579,2334580,2334638,1,58,59,completed,2
29994,Rigid,2334579,2334580,2334598,1,18,19,completed,2
29995,Rigid,2334579,2334580,2334639,1,59,60,completed,2
29996,Rigid,2334579,2334580,2334598,1,18,19,completed,2
29997,Rigid,2334579,2334580,2334598,1,18,19,completed,2
29998,Rigid,2334579,2334580,2334590,1,10,11,completed,1
29999,Rigid,2334579,2334580,2334793,1,213,214,completed,2
30000,Rigid,2334579,2334580,2334598,1,18,19,completed,2
30001,Rigid,2334580,2334580,2334595,0,15,15,completed,1
30002,Rigid,2334580,2334582,2334598,2,16,18,completed,2
30003,Rigid,2334580,2334582,2334598,2,16,18,completed,2
30004,Rigid,2334580,2334582,2334838,2,256,258,completed,2
30005,Rigid,2334580,2334582,2334598,2,16,18,completed,2
30006,Rigid,2334580,2334582,2334598,2,16,18,completed,2
30007,Rigid,2334581,2334582,2334598,1,16,17,completed,2
30008,Rigid,2334581,2334582,2334598,1,16,17,completed,2
30009,Rigid,2334581,2334582,2334598,1,16,17,completed,2
30010,Rigid,2334581,2334582,2334757,1,175,176,completed,2
30011,Rigid,2334581,2334582,2334758,1,176,177,completed,2
30012,Rigid,2334581,2334582,2334793,1,211,212,completed,2
30013,Rigid,2334581,2334582,2334598,1,16,17,completed,2
30014,Rigid,2334581,2334582,2334592,1,10,11,completed,1
30015,Rigid,2334581,2334582,2334590,1,8,9,completed,1
30016,Rigid,2334582,2334582,2334590,0,8,8,completed,1
30017,Rigid,2334582,2334582,2334749,0,167,167,completed,2
30018,Rigid,2334582,2334582,2334756,0,174,174,completed,2
30019,Rigid,2334582,2334582,2334592,0,10,10,completed,1
30020,Rigid,2334582,2334583,2334591,1,8,9,completed,1
30021,Rigid,2334582,2334583,2334770,1,187,188,completed,2
30022,Rigid,2334582,2334583,2334798,1,215,216,completed,2
30023,Rigid,2334582,2334583,2334598,1,15,16,completed,2
30024,Rigid,2334583,2334583,2334591,0,8,8,completed,1
30025,Rigid,2334583,2334583,2334598,0,15,15,completed,2
30026,Rigid,2334583,2334583,2334598,0,15,15,completed,2
30027,Rigid,2334583,2334583,2334598,0,15,15,completed,2
30028,Rigid,2334583,2334583,2334598,0,15,15,completed,2
30029,Rigid,2334583,2334583,2334598,0,15,15,completed,2
30030,Rigid,2334583,2334584,2334598,1,14,15,completed,2
30031,Rigid,2334583,2334584,2334598,1,14,15,completed,2
30032,Rigid,2334583,2334584,2334591,1,7,8,completed,1
30033,Rigid,2334583,2334584,2334591,1,7,8,completed,1
30034,Rigid,2334584,2334584,2334752,0,168,168,completed,2
30035,Rigid,2334584,2334584,2334598,0,14,14,completed,2
30036,Rigid,2334584,2334587,2334757,3,170,173,completed,2
30037,Rigid,2334584,2334587,2334594,3,7,10,completed,1
30038,Rigid,2334584,2334587,2334598,3,11,14,completed,2
30039,Rigid,2334584,2334587,2334598,3,11,14,completed,2
30040,Rigid,2334584,2334587,2334598,3,11,14,completed,2
30041,Rigid,2334584,2334587,2334598,3,11,14,completed,2
30042,Rigid,2334584,2334587,2334598,3,11,14,completed,2
30043,Rigid,2334584,2334587,2334598,3,11,14,completed,2
30044,Rigid,2334585,2334587,2334598,2,11,13,completed,2
30045,Rigid,2334585,2334587,2334598,2,11,13,completed,2
30046,Rigid,2334585,2334587,2334598,2,11,13,completed,2
30047,Rigid,2334585,2334587,2334598,2,11,13,completed,2
30048,Rigid,2334585,2334587,2334594,2,7,9,completed,1
30049,Rigid,2334585,2334587,2334598,2,11,13,completed,2
30050,Rigid,2334585,2334587,2334744,2,157,159,completed,2
30051,Rigid,2334594,2334595,2334605,1,10,11,completed,2
30052,Rigid,2334594,2334595,2334601,1,6,7,completed,1
30053,Rigid,2334594,2334595,2334604,1,9,10,completed,2
30054,Rigid,2334594,2334595,2334742,1,147,148,completed,2
30055,Rigid,2334595,2334595,2334604,0,9,9,completed,2
30056,Rigid,2334595,2334595,2334604,0,9,9,completed,2
30057,Rigid,2334595,2334595,2334604,0,9,9,completed,2
30058,Rigid,2334595,2334595,2334604,0,9,9,completed,2
30059,Rigid,2334595,2334595,2334604,0,9,9,completed,2
30060,Rigid,2334595,2334595,2334604,0,9,9,completed,2
30061,Rigid,2334596,2334596,2334606,0,10,10,completed,2
30062,Rigid,2334596,2334596,2334602,0,6,6,completed,1
30063,Rigid,2334596,2334596,2334606,0,10,10,completed,2
30064,Rigid,2334596,2334596,2334605,0,9,9,completed,2
30065,Rigid,2334596,2334596,2334603,0,7,7,completed,1
30066,Rigid,2334596,2334596,2334603,0,7,7,completed,1
30067,Rigid,2334596,2334596,2334605,0,9,9,completed,1
30068,Rigid,2334596,2334599,2334746,3,147,150,completed,2
30069,Rigid,2334596,2334599,2334744,3,145,148,completed,2
30070,Rigid,2334596,2334599,2334775,3,176,179,completed,2
30071,Rigid,2334597,2334599,2334742,2,143,145,completed,2
30072,Rigid,2334597,2334599,2334609,2,10,12,completed,2
30073,Rigid,2334597,2334599,2334608,2,9,11,completed,2
30074,Rigid,2334597,2334599,2334746,2,147,149,completed,2
30075,Rigid,2334597,2334599,2334606,2,7,9,completed,1
30076,Rigid,2334597,2334599,2334609,2,10,12,completed,2
30077,Rigid,2334597,2334599,2334775,2,176,178,completed,2
30078,Rigid,2334597,2334599,2334609,2,10,12,completed,2
30079,Rigid,2334597,2334599,2334608,2,9,11,completed,1
30080,Rigid,2334597,2334599,2334609,2,10,12,completed,2
30081,Rigid,2334598,2334599,2334609,1,10,11,completed,2
30082,Rigid,2334598,2334599,2334605,1,6,7,completed,1
30083,Rigid,2334598,2334599,2334609,1,10,11,completed,2
30084,Rigid,2334598,2334599,2334742,1,143,144,completed,2
30085,Rigid,2334598,2334599,2334610,1,11,12,completed,2
30086,Rigid,2334598,2334599,2334609,1,10,11,completed,2
30087,Rigid,2334598,2334599,2334607,1,8,9,completed,1
30088,Rigid,2334598,2334599,2334770,1,171,172,completed,2
30089,Rigid,2334599,2334599,2334605,0,6,6,completed,1
30090,Rigid,2334599,2334599,2334609,0,10,10,completed,2
30091,Rigid,2334599,2334599,2334743,0,144,144,completed,2
30092,Rigid,2334599,2334599,2334742,0,143,143,completed,2
30093,Rigid,2334599,2334599,2334609,0,10,10,completed,2
30094,Rigid,2334599,2334599,2334609,0,10,10,completed,2
30095,Rigid,2334599,2334599,2334605,0,6,6,completed,1
30096,Rigid,2334600,2334600,2334609,0,9,9,completed,2
30097,Rigid,2334600,2334600,2334609,0,9,9,completed,2
30098,Rigid,2334600,2334602,2334612,2,10,12,completed,2
30099,Rigid,2334600,2334602,2334608,2,6,8,completed,1
30100,Rigid,2334600,2334602,2334612,2,10,12,completed,2
30101,Rigid,2334600,2334602,2334742,2,140,142,completed,2
30102,Rigid,2334600,2334602,2334613,2,11,13,completed,2
30103,Rigid,2334600,2334602,2334612,2,10,12,completed,2
30104,Rigid,2334601,2334602,2334612,1,10,11,completed,2
30105,Rigid,2334601,2334602,2334608,1,6,7,completed,1
30106,Rigid,2334601,2334602,2334742,1,140,141,completed,2
30107,Rigid,2334601,2334602,2334612,1,10,11,completed,2
30108,Rigid,2334601,2334602,2334612,1,10,11,completed,2
30109,Rigid,2334601,2334602,2334612,1,10,11,completed,2
30110,Rigid,2334602,2334602,2334744,0,142,142,completed,2
30111,Rigid,2334602,2334602,2334611,0,9,9,completed,2
30112,Rigid,2334602,2334602,2334608,0,6,6,completed,1
30113,Rigid,2334602,2334602,2334611,0,9,9,completed,2
30114,Rigid,2334602,2334602,2334608,0,6,6,completed,1
30115,Rigid,2334602,2334602,2334744,0,142,142,completed,2
30116,Rigid,2334602,2334602,2334611,0,9,9,completed,2
30117,Rigid,2334602,2334602,2334611,0,9,9,completed,2
30118,Rigid,2334602,2334602,2334611,0,9,9,completed,2
30119,Rigid,2334603,2334603,2334611,0,8,8,completed,2
30120,Rigid,2334603,2334603,2334614,0,11,11,completed,2
30121,Rigid,2334603,2334603,2334612,0,9,9,completed,2
30122,Rigid,2334603,2334603,2334744,0,141,141,completed,2
30123,Rigid,2334603,2334603,2334609,0,6,6,completed,1
30124,Rigid,2334603,2334603,2334609,0,6,6,completed,1
30125,Rigid,2334603,2334603,2334615,0,12,12,completed,2
30126,Rigid,2334603,2334603,2334743,0,140,140,completed,2
30127,Rigid,2334604,2334604,2334613,0,9,9,completed,2
30128,Rigid,2334604,2334604,2334609,0,5,5,completed,1
30129,Rigid,2334604,2334604,2334741,0,137,137,completed,2
30130,Rigid,2334604,2334604,2334609,0,5,5,completed,1
30131,Rigid,2334604,2334604,2334613,0,9,9,completed,2
30132,Rigid,2334604,2334604,2334744,0,140,140,completed,2
30133,Rigid,2334604,2334606,2334615,2,9,11,completed,2
30134,Rigid,2334604,2334606,2334615,2,9,11,completed,2
30135,Rigid,2334615,2334615,2334743,0,128,128,completed,2
30136,Rigid,2334615,2334615,2334622,0,7,7,completed,1
30137,Rigid,2334615,2334616,2334627,1,11,12,completed,2
30138,Rigid,2334616,2334617,2334626,1,9,10,completed,2
30139,Rigid,2334616,2334617,2334626,1,9,10,completed,2
30140,Rigid,2334616,2334617,2334743,1,126,127,completed,2
30141,Rigid,2334616,2334617,2334742,1,125,126,completed,2
30142,Rigid,2334616,2334617,2334622,1,5,6,completed,1
30143,Rigid,2334616,2334617,2334626,1,9,10,completed,2
30144,Rigid,2334616,2334617,2334622,1,5,6,completed,1
30145,Rigid,2334616,2334617,2334624,1,7,8,completed,1
30146,Rigid,2334616,2334617,2334773,1,156,157,completed,2
30147,Rigid,2334617,2334617,2334626,0,9,9,completed,2
30148,Rigid,2334617,2334619,2334628,2,9,11,completed,2
30149,Rigid,2334617,2334619,2334628,2,9,11,completed,2
30150,Rigid,2334617,2334619,2334627,2,8,10,completed,2
30151,Rigid,2334617,2334619,2334625,2,6,8,completed,1
30152,Rigid,2334617,2334619,2334754,2,135,137,completed,2
30153,Rigid,2334618,2334619,2334628,1,9,10,completed,2
30154,Rigid,2334618,2334619,2334627,1,8,9,completed,2
30155,Rigid,2334618,2334619,2334773,1,154,155,completed,2
30156,Rigid,2334618,2334619,2334626,1,7,8,completed,1
30157,Rigid,2334618,2334619,2334628,1,9,10,completed,2
30158,Rigid,2334618,2334619,2334628,1,9,10,completed,2
30159,Rigid,2334618,2334619,2334627,1,8,9,completed,2
30160,Rigid,2334618,2334619,2334752,1,133,134,completed,2
30161,Rigid,2334619,2334619,2334625,0,6,6,completed,1
30162,Rigid,2334619,2334619,2334772,0,153,153,completed,2
30163,Rigid,2334619,2334619,2334626,0,7,7,completed,1
30164,Rigid,2334619,2334619,2334628,0,9,9,completed,2
30165,Rigid,2334619,2334619,2334628,0,9,9,completed,2
30166,Rigid,2334619,2334623,2334773,4,150,154,completed,2
30167,Rigid,2334619,2334623,2334630,4,7,11,completed,1
30168,Rigid,2334620,2334623,2334742,3,119,122,completed,2
30169,Rigid,2334620,2334623,2334628,3,5,8,completed,1
30170,Rigid,2334620,2334623,2334633,3,10,13,completed,2
30171,Rigid,2334620,2334623,2334633,3,10,13,completed,2
30172,Rigid,2334620,2334623,2334633,3,10,13,completed,2
30173,Rigid,2334620,2334623,2334742,3,119,122,completed,2
30174,Rigid,2334620,2334623,2334628,3,5,8,completed,1
30175,Rigid,2334620,2334623,2334633,3,10,13,completed,2
30176,Rigid,2334621,2334623,2334633,2,10,12,completed,2
30177,Rigid,2334621,2334623,2334628,2,5,7,completed,1
30178,Rigid,2334621,2334623,2334742,2,119,121,completed,2
30179,Rigid,2334621,2334623,2334633,2,10,12,completed,2
30180,Rigid,2334621,2334623,2334632,2,9,11,completed,2
30181,Rigid,2334621,2334623,2334632,2,9,11,completed,2
30182,Rigid,2334621,2334623,2334632,2,9,11,completed,2
30183,Rigid,2334621,2334623,2334628,2,5,7,completed,1
30184,Rigid,2334621,2334623,2334747,2,124,126,completed,2
30185,Rigid,2334622,2334623,2334628,1,5,6,completed,1
30186,Rigid,2334622,2334623,2334750,1,127,128,completed,2
30187,Rigid,2334622,2334623,2334633,1,10,11,completed,2
30188,Rigid,2334622,2334623,2334633,1,10,11,completed,2
30189,Rigid,2334622,2334623,2334771,1,148,149,completed,2
30190,Rigid,2334622,2334623,2334629,1,6,7,completed,1
30191,Rigid,2334622,2334623,2334633,1,10,11,completed,2
30192,Rigid,2334622,2334623,2334633,1,10,11,completed,2
30193,Rigid,2334623,2334623,2334628,0,5,5,completed,1
30194,Rigid,2334623,2334623,2334751,0,128,128,completed,2
30195,Rigid,2334623,2334623,2334633,0,10,10,completed,2
30196,Rigid,2334623,2334623,2334629,0,6,6,completed,1
30197,Rigid,2334623,2334623,2334763,0,140,140,completed,2
30198,Rigid,2334625,2334625,2334637,0,12,12,completed,2
30199,Rigid,2334625,2334625,2334750,0,125,125,completed,2
30200,Rigid,2334635,2334635,2334640,0,5,5,completed,1
30201,Rigid,2334635,2334635,2334645,0,10,10,completed,2
30202,Rigid,2334635,2334635,2334645,0,10,10,completed,2
30203,Rigid,2334635,2334635,2334645,0,10,10,completed,2
30204,Rigid,2334635,2334635,2334640,0,5,5,completed,1
30205,Rigid,2334635,2334635,2334645,0,10,10,completed,2
30206,Rigid,2334635,2334635,2334756,0,121,121,completed,2
30207,Rigid,2334636,2334638,2334648,2,10,12,completed,2
30208,Rigid,2334636,2334638,2334648,2,10,12,completed,2
30209,Rigid,2334636,2334638,2334648,2,10,12,completed,2
30210,Rigid,2334636,2334638,2334648,2,10,12,completed,2
30211,Rigid,2334636,2334638,2334749,2,111,113,completed,2
30212,Rigid,2334636,2334638,2334643,2,5,7,completed,1
30213,Rigid,2334636,2334638,2334649,2,11,13,completed,2
30214,Rigid,2334636,2334638,2334643,2,5,7,completed,1
30215,Rigid,2334637,2334638,2334750,1,112,113,completed,2
30216,Rigid,2334637,2334638,2334649,1,11,12,completed,2
30217,Rigid,2334637,2334638,2334645,1,7,8,completed,1
30218,Rigid,2334637,2334638,2334778,1,140,141,completed,2
30219,Rigid,2334637,2334638,2334647,1,9,10,completed,2
30220,Rigid,2334637,2334638,2334762,1,124,125,completed,2
30221,Rigid,2334637,2334638,2334643,1,5,6,completed,1
30222,Rigid,2334638,2334638,2334647,0,9,9,completed,2
30223,Rigid,2334638,2334638,2334647,0,9,9,completed,2
30224,Rigid,2334638,2334639,2334645,1,6,7,completed,1
30225,Rigid,2334638,2334639,2334774,1,135,136,completed,2
30226,Rigid,2334638,2334639,2334645,1,6,7,completed,1
30227,Rigid,2334639,2334639,2334647,0,8,8,completed,2
30228,Rigid,2334639,2334639,2334775,0,136,136,completed,2
30229,Rigid,2334639,2334639,2334647,0,8,8,completed,2
30230,Rigid,2334639,2334639,2334648,0,9,9,completed,2
30231,Rigid,2334639,2334639,2334769,0,130,130,completed,2
30232,Rigid,2334639,2334640,2334648,1,8,9,completed,2
30233,Rigid,2334639,2334640,2334645,1,5,6,completed,1
30234,Rigid,2334639,2334640,2334649,1,9,10,completed,2
30235,Rigid,2334640,2334640,2334743,0,103,103,completed,2
30236,Rigid,2334640,2334640,2334644,0,4,4,completed,1
30237,Rigid,2334640,2334641,2334759,1,118,119,completed,2
30238,Rigid,2334640,2334641,2334646,1,5,6,completed,1
30239,Rigid,2334640,2334641,2334648,1,7,8,completed,2
30240,Rigid,2334640,2334641,2334645,1,4,5,completed,1
30241,Rigid,2334640,2334641,2334742,1,101,102,completed,2
30242,Rigid,2334640,2334641,2334648,1,7,8,completed,2
30243,Rigid,2334641,2334641,2334649,0,8,8,completed,2
30244,Rigid,2334641,2334642,2334652,1,10,11,completed,2
30245,Rigid,2334641,2334642,2334773,1,131,132,completed,2
30246,Rigid,2334643,2334643,2334649,0,6,6,completed,1
30247,Rigid,2334643,2334643,2334654,0,11,11,completed,2
30248,Rigid,2334644,2334645,2334655,1,10,11,completed,2
30249,Rigid,2334655,2334655,2334784,0,129,129,completed,2
30250,Rigid,2334655,2334655,2334662,0,7,7,completed,1
30251,Rigid,2334655,2334655,2334670,0,15,15,completed,2
30252,Rigid,2334655,2334655,2334670,0,15,15,completed,2
30253,Rigid,2334655,2334655,2334769,0,114,114,completed,2
30254,Rigid,2334655,2334655,2334662,0,7,7,completed,1
30255,Rigid,2334655,2334655,2334661,0,6,6,completed,1
30256,Rigid,2334655,2334656,2334670,1,14,15,completed,2
30257,Rigid,2334656,2334656,2334785,0,129,129,completed,2
30258,Rigid,2334656,2334657,2334668,1,11,12,completed,2
30259,Rigid,2334656,2334657,2334668,1,11,12,completed,2
30260,Rigid,2334656,2334657,2334668,1,11,12,completed,2
30261,Rigid,2334656,2334657,2334769,1,112,113,completed,2
30262,Rigid,2334656,2334657,2334668,1,11,12,completed,2
30263,Rigid,2334656,2334657,2334668,1,11,12,completed,2
30264,Rigid,2334657,2334660,2334665,3,5,8,completed,1
30265,Rigid,2334657,2334660,2334669,3,9,12,completed,2
30266,Rigid,2334657,2334660,2334669,3,9,12,completed,2
30267,Rigid,2334657,2334660,2334666,3,6,9,completed,1
30268,Rigid,2334657,2334660,2334794,3,134,137,completed,2
30269,Rigid,2334657,2334660,2334673,3,13,16,completed,2
30270,Rigid,2334658,2334660,2334673,2,13,15,completed,2
30271,Rigid,2334658,2334660,2334673,2,13,15,completed,2
30272,Rigid,2334658,2334660,2334771,2,111,113,completed,2
30273,Rigid,2334658,2334660,2334671,2,11,13,completed,2
30274,Rigid,2334658,2334660,2334671,2,11,13,completed,2
30275,Rigid,2334658,2334660,2334665,2,5,7,completed,1
30276,Rigid,2334658,2334660,2334770,2,110,112,completed,2
30277,Rigid,2334658,2334660,2334665,2,5,7,completed,1
30278,Rigid,2334658,2334660,2334671,2,11,13,completed,2
30279,Rigid,2334659,2334660,2334671,1,11,12,completed,2
30280,Rigid,2334660,2334662,2334668,2,6,8,completed,1
30281,Rigid,2334660,2334662,2334785,2,123,125,completed,2
30282,Rigid,2334660,2334662,2334674,2,12,14,completed,2
30283,Rigid,2334660,2334662,2334674,2,12,14,completed,2
30284,Rigid,2334660,2334662,2334668,2,6,8,completed,1
30285,Rigid,2334660,2334662,2423532,2,88870,88872,completed,288
30286,Rigid,2334665,2334666,2334792,1,126,127,completed,2
30287,Rigid,2334676,2334677,2334692,1,15,16,completed,2
30288,Rigid,2334676,2334677,2334795,1,118,119,completed,2
30289,Rigid,2334677,2334677,2334683,0,6,6,completed,1
30290,Rigid,2334677,2334677,2334692,0,15,15,completed,2
30291,Rigid,2334677,2334681,2334692,4,11,15,completed,2
30292,Rigid,2334677,2334681,2334793,4,112,116,completed,2
30293,Rigid,2334677,2334681,2334692,4,11,15,completed,2
30294,Rigid,2334677,2334681,2334686,4,5,9,completed,1
30295,Rigid,2334677,2334681,2334686,4,5,9,completed,1
30296,Rigid,2334678,2334681,2334792,3,111,114,completed,2
30297,Rigid,2334678,2334681,2334687,3,6,9,completed,1
30298,Rigid,2334678,2334681,2334793,3,112,115,completed,2
30299,Rigid,2334678,2334681,2334701,3,20,23,completed,2
30300,Rigid,2334678,2334681,2334807,3,126,129,completed,2
30301,Rigid,2334678,2334681,2334687,3,6,9,completed,1
30302,Rigid,2334678,2334681,2334692,3,11,14,completed,2
30303,Rigid,2334678,2334681,2334692,3,11,14,completed,2
30304,Rigid,2334678,2334681,2334686,3,5,8,completed,1
30305,Rigid,2334679,2334681,2334792,2,111,113,completed,2
30306,Rigid,2334679,2334681,2334791,2,110,112,completed,2
30307,Rigid,2334679,2334681,2334687,2,6,8,completed,1
30308,Rigid,2334679,2334681,2334696,2,15,17,completed,2
30309,Rigid,2334679,2334681,2334791,2,110,112,completed,2
30310,Rigid,2334679,2334681,2334687,2,6,8,completed,1
30311,Rigid,2334680,2334681,2334696,1,15,16,completed,2
30312,Rigid,2334680,2334681,2334696,1,15,16,completed,2
30313,Rigid,2334680,2334681,2334791,1,110,111,completed,2
30314,Rigid,2334680,2334681,2334686,1,5,6,completed,1
30315,Rigid,2334696,2334697,2334803,1,106,107,completed,2
30316,Rigid,2334697,2334697,2334714,0,17,17,completed,2
30317,Rigid,2334697,2334697,2334702,0,5,5,completed,1
30318,Rigid,2334697,2334697,2334713,0,16,16,completed,2
30319,Rigid,2334697,2334697,2334701,0,4,4,completed,1
30320,Rigid,2334697,2334697,2334714,0,17,17,completed,2
30321,Rigid,2334697,2334697,2334792,0,95,95,completed,2
30322,Rigid,2334697,2334698,2334714,1,16,17,completed,2
30323,Rigid,2334697,2334698,2334714,1,16,17,completed,2
30324,Rigid,2334698,2334698,2334714,0,16,16,completed,2
30325,Rigid,2334698,2334698,2334702,0,4,4,completed,1
30326,Rigid,2334698,2334701,2334791,3,90,93,completed,2
30327,Rigid,2334698,2334701,2334716,3,15,18,completed,2
30328,Rigid,2334699,2334701,2334716,2,15,17,completed,2
30329,Rigid,2334699,2334701,2334716,2,15,17,completed,2
30330,Rigid,2334699,2334701,2334796,2,95,97,completed,2
30331,Rigid,2334699,2334701,2334706,2,5,7,completed,1
30332,Rigid,2334699,2334701,2334719,2,18,20,completed,2
30333,Rigid,2334705,2334705,2334718,0,13,13,completed,2
30334,Rigid,2334717,2334717,2334723,0,6,6,completed,1
30335,Rigid,2334717,2334717,2334818,0,101,101,completed,2
30336,Rigid,2334717,2334717,2334739,0,22,22,completed,2
30337,Rigid,2334717,2334717,2334739,0,22,22,completed,2
30338,Rigid,2334717,2334717,2334808,0,91,91,completed,2
30339,Rigid,2334717,2334717,2334722,0,5,5,completed,1
30340,Rigid,2334717,2334717,2334739,0,22,22,completed,2
30341,Rigid,2334717,2334717,2334739,0,22,22,completed,2
30342,Rigid,2334718,2334719,2334739,1,20,21,completed,2
30343,Rigid,2334718,2334719,2334723,1,4,5,completed,1
30344,Rigid,2334718,2334719,2334801,1,82,83,completed,2
30345,Rigid,2334718,2334719,2334739,1,20,21,completed,2
30346,Rigid,2334718,2334719,2334802,1,83,84,completed,2
30347,Rigid,2334719,2334719,2334724,0,5,5,completed,1
30348,Rigid,2334737,2334737,2334757,0,20,20,completed,2
30349,Rigid,2334737,2334737,2334743,0,6,6,completed,1
30350,Rigid,2334737,2334737,2334826,0,89,89,completed,2
30351,Rigid,2334738,2334740,2334755,2,15,17,completed,2
30352,Rigid,2334738,2334740,2334755,2,15,17,completed,2
30353,Rigid,2334738,2334740,2334743,2,3,5,completed,1
30354,Rigid,2334742,2334743,2334807,1,64,65,completed,2
30355,Rigid,2334743,2334743,2334753,0,10,10,completed,2
30356,Rigid,2334743,2334743,2334807,0,64,64,completed,2
30357,Rigid,2334744,2334744,2334748,0,4,4,completed,1
30358,Rigid,2334744,2334744,2334753,0,9,9,completed,2
30359,Rigid,2334744,2334744,2334753,0,9,9,completed,2
30360,Rigid,2334744,2334744,2334811,0,67,67,completed,2
30361,Rigid,2334744,2334744,2334748,0,4,4,completed,1
30362,Rigid,2334744,2334744,2334753,0,9,9,completed,2
30363,Rigid,2334744,2334744,2334753,0,9,9,completed,2
30364,Rigid,2334745,2334745,2334754,0,9,9,completed,2
30365,Rigid,2334745,2334745,2334753,0,8,8,completed,2
30366,Rigid,2334745,2334745,2334807,0,62,62,completed,2
30367,Rigid,2334745,2334745,2334753,0,8,8,completed,2
30368,Rigid,2334745,2334745,2334748,0,3,3,completed,1
30369,Rigid,2334746,2334747,2334750,1,3,4,completed,1
30370,Rigid,2334757,2334757,2334824,0,67,67,completed,2
30371,Rigid,2334757,2334757,2334771,0,14,14,completed,2
30372,Rigid,2334757,2334757,2334824,0,67,67,completed,2
30373,Rigid,2334757,2334757,2334770,0,13,13,completed,2
30374,Rigid,2334757,2334758,2334761,1,3,4,completed,1
30375,Rigid,2334757,2334758,2334824,1,66,67,completed,2
30376,Rigid,2334757,2334758,2334761,1,3,4,completed,1
30377,Rigid,2334758,2334758,2334761,0,3,3,completed,1
30378,Rigid,2334758,2334758,2334823,0,65,65,completed,2
30379,Rigid,2334758,2334758,2334770,0,12,12,completed,2
30380,Rigid,2334758,2334758,2334771,0,13,13,completed,2
30381,Rigid,2334758,2334759,2334770,1,11,12,completed,2
30382,Rigid,2334759,2334760,2334770,1,10,11,completed,2
30383,Rigid,2334759,2334760,2334818,1,58,59,completed,2
30384,Rigid,2334759,2334760,2334763,1,3,4,completed,1
30385,Rigid,2334759,2334760,2334763,1,3,4,completed,1
30386,Rigid,2334759,2334760,2334818,1,58,59,completed,2
30387,Rigid,2334759,2334760,2334771,1,11,12,completed,2
30388,Rigid,2334759,2334760,2334770,1,10,11,completed,2
30389,Rigid,2334759,2334760,2334815,1,55,56,completed,2
30390,Rigid,2334759,2334760,2334763,1,3,4,completed,1
30391,Rigid,2334760,2334760,2334770,0,10,10,completed,2
30392,Rigid,2334762,2334762,2334773,0,11,11,completed,2
30393,Rigid,2334762,2334762,2334769,0,7,7,completed,1
30394,Rigid,2334762,2334762,2334810,0,48,48,completed,2
30395,Rigid,2334762,2334762,2334773,0,11,11,completed,2
30396,Rigid,2334763,2334763,2334772,0,9,9,completed,2
30397,Rigid,2334763,2334763,2334811,0,48,48,completed,2
30398,Rigid,2334763,2334763,2334769,0,6,6,completed,1
30399,Rigid,2334763,2334764,2334777,1,13,14,completed,2
30400,Rigid,2334763,2334764,2334777,1,13,14,completed,2
30401,Rigid,2334763,2334764,2334777,1,13,14,completed,2
30402,Rigid,2334764,2334764,2334771,0,7,7,completed,1
30403,Rigid,2334764,2334764,2334804,0,40,40,completed,2
30404,Rigid,2334839,2334840,2334857,1,17,18,completed,1
30405,Rigid,2334875,2334876,2423655,1,88779,88780,completed,288
30406,Rigid,2334945,2334945,2334961,0,16,16,completed,1
30407,Rigid,2335029,2335029,2423748,0,88719,88719,completed,144
30408,Rigid,2335034,2335034,2335050,0,16,16,completed,1
30409,Rigid,2335099,2335099,2335101,0,2,2,completed,1
30410,Rigid,2335111,2335111,2680724,0,345613,345613,completed,36
30411,Rigid,2335111,2335112,2680724,1,345612,345613,completed,36
30412,Rigid,2335111,2335112,2680724,1,345612,345613,completed,36
30413,Rigid,2335111,2335112,2680724,1,345612,345613,completed,36
30414,Rigid,2335111,2335112,2680724,1,345612,345613,completed,36
30415,Rigid,2335111,2335112,2680724,1,345612,345613,completed,36
30416,Rigid,2335111,2335112,2680724,1,345612,345613,completed,36
30417,Rigid,2335111,2335112,2680724,1,345612,345613,completed,36
30418,Rigid,2335111,2335112,2680724,1,345612,345613,completed,36
30419,Rigid,2335111,2335112,2680724,1,345612,345613,completed,36
30420,Rigid,2335111,2335112,2680724,1,345612,345613,completed,36
30421,Rigid,2335111,2335112,2680724,1,345612,345613,completed,36
30422,Rigid,2335111,2335112,2335237,1,125,126,completed,36
30423,Rigid,2335111,2335112,2680724,1,345612,345613,completed,36
30424,Rigid,2335111,2335112,2680724,1,345612,345613,completed,36
30425,Rigid,2335111,2335112,2680724,1,345612,345613,completed,36
30426,Rigid,2335111,2335112,2680724,1,345612,345613,completed,36
30427,Rigid,2335111,2335112,2680724,1,345612,345613,completed,36
30428,Rigid,2335111,2335112,2680724,1,345612,345613,completed,36
30429,Rigid,2335111,2335112,2680724,1,345612,345613,completed,36
30430,Rigid,2335111,2335112,2680724,1,345612,345613,completed,36
30431,Rigid,2335111,2335112,2680724,1,345612,345613,completed,36
30432,Rigid,2335111,2335112,2680724,1,345612,345613,completed,36
30433,Rigid,2335111,2335112,2680724,1,345612,345613,completed,36
30434,Rigid,2335111,2335112,2680724,1,345612,345613,completed,36
30435,Rigid,2335111,2335112,2680724,1,345612,345613,completed,36
30436,Rigid,2335111,2335112,2680724,1,345612,345613,completed,36
30437,Rigid,2335111,2335112,2680724,1,345612,345613,completed,36
30438,Rigid,2335111,2335112,2680724,1,345612,345613,completed,36
30439,Rigid,2335111,2335112,2680724,1,345612,345613,completed,36
30440,Rigid,2335111,2335112,2680724,1,345612,345613,completed,36
30441,Rigid,2335111,2335112,2680724,1,345612,345613,completed,36
30442,Rigid,2335111,2335112,2680724,1,345612,345613,completed,36
30443,Rigid,2335113,2335115,2335130,2,15,17,completed,1
30444,Rigid,2335144,2335145,2335160,1,15,16,completed,1
30445,Rigid,2335155,2335155,2423871,0,88716,88716,completed,144
30446,Rigid,2335361,2335361,2335377,0,16,16,completed,1
30447,Rigid,2335417,2335417,2335432,0,15,15,completed,1
30448,Rigid,2335442,2335443,2337717,1,2274,2275,completed,1
30449,Rigid,2335458,2335459,2335474,1,15,16,completed,1
30450,Rigid,2335495,2335495,2336865,0,1370,1370,completed,1
30451,Rigid,2335545,2335545,2335560,0,15,15,completed,1
30452,Rigid,2335575,2335575,2335590,0,15,15,completed,1
30453,Rigid,2336108,2336109,2505636,1,169527,169528,completed,1080
30454,Rigid,2336171,2336172,2681774,1,345602,345603,completed,36
30455,Rigid,2336171,2336172,2681774,1,345602,345603,completed,36
30456,Rigid,2336171,2336172,2681774,1,345602,345603,completed,36
30457,Rigid,2337066,2337066,2509889,0,172823,172823,completed,144
30458,Rigid,2337162,2337163,2509979,1,172816,172817,completed,144
30459,Rigid,2337224,2337224,2337225,0,1,1,completed,36
30460,Rigid,2337243,2337244,2510069,1,172825,172826,completed,144
30461,Rigid,2337249,2337249,2339924,0,2675,2675,completed,36
30462,Rigid,2337303,2337304,2510129,1,172825,172826,completed,576
30463,Rigid,2337344,2509989,2682794,172645,172805,345450,completed,576
30464,Rigid,2337540,2337540,2337555,0,15,15,completed,1
30465,Rigid,2337630,2337630,2337646,0,16,16,completed,1
30466,Rigid,2337693,2337694,2337709,1,15,16,completed,1
30467,Rigid,2337822,2337822,2338806,0,984,984,completed,36
30468,Rigid,2338051,2338052,2372848,1,34796,34797,completed,1
30469,Rigid,2338051,2338052,2370605,1,32553,32554,completed,1
30470,Rigid,2338052,2338056,2374726,4,36670,36674,completed,1
30471,Rigid,2338052,2338056,2374855,4,36799,36803,completed,1
30472,Rigid,2338053,2338056,2374708,3,36652,36655,completed,1
30473,Rigid,2338053,2338056,2374733,3,36677,36680,completed,1
30474,Rigid,2338054,2338056,2377142,2,39086,39088,completed,1
30475,Rigid,2338054,2338056,2371095,2,33039,33041,completed,1
30476,Rigid,2338055,2338056,2375724,1,37668,37669,completed,1
30477,Rigid,2338055,2338056,2373444,1,35388,35389,completed,1
30478,Rigid,2338056,2338056,2373749,0,35693,35693,completed,1
30479,Rigid,2338056,2338060,2372219,4,34159,34163,completed,1
30480,Rigid,2338057,2338060,2375511,3,37451,37454,completed,1
30481,Rigid,2338057,2338060,2375443,3,37383,37386,completed,1
30482,Rigid,2338058,2338060,2368687,2,30627,30629,completed,1
30483,Rigid,2338058,2338060,2371450,2,33390,33392,completed,1
30484,Rigid,2338059,2338060,2371463,1,33403,33404,completed,1
30485,Rigid,2338059,2338060,2366592,1,28532,28533,completed,1
30486,Rigid,2338060,2338060,2372533,0,34473,34473,completed,1
30487,Rigid,2338060,2338064,2372617,4,34553,34557,completed,1
30488,Rigid,2338076,2338077,2338092,1,15,16,completed,1
30489,Rigid,2338349,2338349,2346522,0,8173,8173,completed,1
30490,Rigid,2338518,2338519,2342028,1,3509,3510,completed,36
30491,Rigid,2338519,2338519,2340279,0,1760,1760,completed,36
30492,Rigid,2338519,2338519,2403149,0,64630,64630,completed,36
30493,Rigid,2338519,2338519,2368471,0,29952,29952,completed,36
30494,Rigid,2338519,2338519,2408295,0,69776,69776,completed,36
30495,Rigid,2338519,2338519,2338621,0,102,102,completed,36
30496,Rigid,2338519,2338519,2343914,0,5395,5395,completed,36
30497,Rigid,2338519,2338519,2338585,0,66,66,completed,36
30498,Rigid,2338519,2338519,2350060,0,11541,11541,completed,36
30499,Rigid,2338519,2338519,2355190,0,16671,16671,completed,36
30500,Rigid,2338519,2338521,2390420,2,51899,51901,completed,36
30501,Rigid,2338520,2338521,2422819,1,84298,84299,completed,36
30502,Rigid,2338520,2338521,2338944,1,423,424,completed,36
30503,Rigid,2338520,2338521,2401524,1,63003,63004,completed,36
30504,Rigid,2338520,2338521,2387880,1,49359,49360,completed,36
30505,Rigid,2338520,2338521,2338540,1,19,20,completed,36
30506,Rigid,2338520,2338521,2424928,1,86407,86408,completed,36
30507,Rigid,2338520,2338521,2350827,1,12306,12307,completed,36
30508,Rigid,2338520,2338521,2424928,1,86407,86408,completed,36
30509,Rigid,2338520,2338521,2340491,1,1970,1971,completed,36
30510,Rigid,2338520,2338521,2422612,1,84091,84092,completed,36
30511,Rigid,2338521,2338521,2354002,0,15481,15481,completed,36
30512,Rigid,2338521,2338521,2338582,0,61,61,completed,36
30513,Rigid,2338521,2338521,2383797,0,45276,45276,completed,36
30514,Rigid,2338521,2338521,2382626,0,44105,44105,completed,36
30515,Rigid,2338521,2338521,2424928,0,86407,86407,completed,36
30516,Rigid,2338521,2338521,2338540,0,19,19,completed,36
30517,Rigid,2338521,2338521,2354572,0,16051,16051,completed,36
30518,Rigid,2338521,2338521,2338554,0,33,33,completed,36
30519,Rigid,2338521,2338521,2346798,0,8277,8277,completed,36
30520,Rigid,2338521,2338521,2361402,0,22881,22881,completed,36
30521,Rigid,2338521,2338523,2384112,2,45589,45591,completed,36
30522,Rigid,2338521,2338523,2403198,2,64675,64677,completed,36
30523,Rigid,2338521,2338523,2379364,2,40841,40843,completed,36
30524,Rigid,2338522,2338523,2340297,1,1774,1775,completed,36
30525,Rigid,2338522,2338523,2424928,1,86405,86406,completed,36
30526,Rigid,2338522,2338523,2338573,1,50,51,completed,36
30527,Rigid,2338522,2338523,2338584,1,61,62,completed,36
30528,Rigid,2338522,2338523,2338573,1,50,51,completed,36
30529,Rigid,2338522,2338523,2339764,1,1241,1242,completed,36
30530,Rigid,2338522,2338523,2424928,1,86405,86406,completed,36
30531,Rigid,2338522,2338523,2396157,1,57634,57635,completed,36
30532,Rigid,2338523,2338523,2389750,0,51227,51227,completed,36
30533,Rigid,2338523,2338523,2338540,0,17,17,completed,36
30534,Rigid,2338523,2338523,2338601,0,78,78,completed,36
30535,Rigid,2338523,2338523,2338656,0,133,133,completed,36
30536,Rigid,2338523,2338523,2406000,0,67477,67477,completed,36
30537,Rigid,2338523,2338523,2341857,0,3334,3334,completed,36
30538,Rigid,2338523,2338523,2347275,0,8752,8752,completed,36
30539,Rigid,2338523,2338525,2338718,2,193,195,completed,36
30540,Rigid,2338523,2338525,2350788,2,12263,12265,completed,36
30541,Rigid,2338524,2338525,2376473,1,37948,37949,completed,36
30542,Rigid,2338524,2338525,2424928,1,86403,86404,completed,36
30543,Rigid,2338524,2338525,2424928,1,86403,86404,completed,36
30544,Rigid,2338524,2338525,2424928,1,86403,86404,completed,36
30545,Rigid,2338524,2338525,2338953,1,428,429,completed,36
30546,Rigid,2338524,2338541,2343914,17,5373,5390,completed,36
30547,Rigid,2338524,2338542,2352921,18,14379,14397,completed,36
30548,Rigid,2338524,2338525,2605396,1,266871,266872,completed,36
30549,Rigid,2338524,2338542,2339192,18,650,668,completed,36
30550,Rigid,2338524,2338555,2338562,31,7,38,completed,36
30551,Rigid,2338524,2338563,2356086,39,17523,17562,completed,36
30552,Rigid,2338525,2338574,2338701,49,127,176,completed,36
30553,Rigid,2338525,2338574,2353738,49,15164,15213,completed,36
30554,Rigid,2338525,2338583,2348908,58,10325,10383,completed,36
30555,Rigid,2338525,2338585,2424988,60,86403,86463,completed,36
30556,Rigid,2338525,2338586,2345580,61,6994,7055,completed,36
30557,Rigid,2338525,2338602,2425018,77,86416,86493,completed,36
30558,Rigid,2338525,2338622,2340737,97,2115,2212,completed,36
30559,Rigid,2338526,2338657,2344237,131,5580,5711,completed,36
30560,Rigid,2338526,2338719,2344409,193,5690,5883,completed,36
30561,Rigid,2338526,2338702,2340176,176,1474,1650,completed,36
30562,Rigid,2338526,2338945,2362635,419,23690,24109,completed,36
30563,Rigid,2338526,2338954,2425378,428,86424,86852,completed,36
30564,Rigid,2338526,2339194,2425618,668,86424,87092,completed,36
30565,Rigid,2338527,2339765,2381506,1238,41741,42979,completed,36
30566,Rigid,2338527,2340177,2340222,1650,45,1695,completed,36
30567,Rigid,2338527,2340223,2340252,1696,29,1725,completed,36
30568,Rigid,2338527,2340253,2356990,1726,16737,18463,completed,36
30569,Rigid,2338527,2340280,2340938,1753,658,2411,completed,36
30570,Rigid,2338528,2340298,2340305,1770,7,1777,completed,36
30571,Rigid,2338528,2340306,2353172,1778,12866,14644,completed,36
30572,Rigid,2338528,2340492,2340563,1964,71,2035,completed,36
30573,Rigid,2338528,2340565,2350120,2037,9555,11592,completed,36
30574,Rigid,2338528,2340738,2427148,2210,86410,88620,completed,36
30575,Rigid,2338528,2340940,2370810,2412,29870,32282,completed,36
30576,Rigid,2338529,2341858,2371190,3329,29332,32661,completed,36
30577,Rigid,2338529,2342029,2342056,3500,27,3527,completed,36
30578,Rigid,2338529,2342057,2395057,3528,53000,56528,completed,36
30579,Rigid,2338529,2343915,2343955,5386,40,5426,completed,36
30580,Rigid,2338529,2343915,2349090,5386,5175,10561,completed,36
30581,Rigid,2338529,2343956,2351437,5427,7481,12908,completed,36
30582,Rigid,2338529,2344238,2344920,5709,682,6391,completed,36
30583,Rigid,2338529,2344410,2371914,5881,27504,33385,completed,36
30584,Rigid,2338529,2344921,2345292,6392,371,6763,completed,36
30585,Rigid,2338530,2345293,2431711,6763,86418,93181,completed,36
30586,Rigid,2338530,2345661,2432071,7131,86410,93541,completed,36
30587,Rigid,2338530,2345580,2345660,7050,80,7130,completed,36
30588,Rigid,2338530,2346799,2433212,8269,86413,94682,completed,36
30589,Rigid,2338530,2347277,2364195,8747,16918,25665,completed,36
30590,Rigid,2338530,2348910,2392514,10380,43604,53984,completed,36
30591,Rigid,2338530,2349091,2350134,10561,1043,11604,completed,36
30592,Rigid,2338530,2350062,2355633,11532,5571,17103,completed,36
30593,Rigid,2338530,2350121,2436542,11591,86421,98012,completed,36
30594,Rigid,2338531,2350163,2369676,11632,19513,31145,completed,36
30595,Rigid,2338531,2350136,2350162,11605,26,11631,completed,36
30596,Rigid,2338531,2350789,2350848,12258,59,12317,completed,36
30597,Rigid,2338531,2350828,2350871,12297,43,12340,completed,36
30598,Rigid,2338531,2350849,2437262,12318,86413,98731,completed,36
30599,Rigid,2338531,2350873,2417400,12342,66527,78869,completed,36
30600,Rigid,2338532,2351438,2363290,12906,11852,24758,completed,36
30601,Rigid,2338532,2352922,2370515,14390,17593,31983,completed,36
30602,Rigid,2338532,2353174,2420308,14642,67134,81776,completed,36
30603,Rigid,2338532,2353739,2353761,15207,22,15229,completed,36
30604,Rigid,2338532,2353762,2440175,15230,86413,101643,completed,36
30605,Rigid,2338532,2354003,2354030,15471,27,15498,completed,36
30606,Rigid,2338532,2354031,2440445,15499,86414,101913,completed,36
30607,Rigid,2338532,2354573,2354595,16041,22,16063,completed,36
30608,Rigid,2338532,2354596,2354621,16064,25,16089,completed,36
30609,Rigid,2338532,2354622,2354695,16090,73,16163,completed,36
30610,Rigid,2338532,2354697,2354713,16165,16,16181,completed,36
30611,Rigid,2338532,2354714,2441135,16182,86421,102603,completed,36
30612,Rigid,2338532,2355191,2397217,16659,42026,58685,completed,36
30613,Rigid,2338533,2355634,2364161,17101,8527,25628,completed,36
30614,Rigid,2338533,2356087,2387463,17554,31376,48930,completed,36
30615,Rigid,2338533,2356991,2443418,18458,86427,104885,completed,36
30616,Rigid,2338533,2361403,2364650,22870,3247,26117,completed,36
30617,Rigid,2338533,2362637,2362660,24104,23,24127,completed,36
30618,Rigid,2338533,2362660,2362897,24127,237,24364,completed,36
30619,Rigid,2338533,2362898,2365681,24365,2783,27148,completed,36
30620,Rigid,2338533,2363291,2370687,24758,7396,32154,completed,36
30621,Rigid,2338534,2364163,2380342,25629,16179,41808,completed,36
30622,Rigid,2338534,2364196,2364217,25662,21,25683,completed,36
30623,Rigid,2338534,2364219,2377889,25685,13670,39355,completed,36
30624,Rigid,2338534,2364651,2364667,26117,16,26133,completed,36
30625,Rigid,2338534,2364668,2364805,26134,137,26271,completed,36
30626,Rigid,2338534,2364806,2373824,26272,9018,35290,completed,36
30627,Rigid,2338534,2365682,2365698,27148,16,27164,completed,36
30628,Rigid,2338534,2365699,2369726,27165,4027,31192,completed,36
30629,Rigid,2338534,2368472,2390019,29938,21547,51485,completed,36
30630,Rigid,2338534,2369677,2442592,31143,72915,104058,completed,36
30631,Rigid,2338534,2369727,2374073,31193,4346,35539,completed,36
30632,Rigid,2338535,2370516,2386474,31981,15958,47939,completed,36
30633,Rigid,2338535,2370689,2414324,32154,43635,75789,completed,36
30634,Rigid,2338535,2370811,2430770,32276,59959,92235,completed,36
30635,Rigid,2338535,2371192,2457613,32657,86421,119078,completed,36
30636,Rigid,2338535,2371916,2378505,33381,6589,39970,completed,36
30637,Rigid,2338535,2373826,2387585,35291,13759,49050,completed,36
30638,Rigid,2338535,2374075,2424976,35540,50901,86441,completed,36
30639,Rigid,2338535,2376475,2378186,37940,1711,39651,completed,36
30640,Rigid,2338535,2377890,2377910,39355,20,39375,completed,36
30641,Rigid,2338535,2377911,2464334,39376,86423,125799,completed,36
30642,Rigid,2338536,2378187,2378203,39651,16,39667,completed,36
30643,Rigid,2338536,2378204,2378212,39668,8,39676,completed,36
30644,Rigid,2338536,2378213,2378220,39677,7,39684,completed,36
30645,Rigid,2338536,2378222,2378229,39686,7,39693,completed,36
30646,Rigid,2338536,2378230,2378236,39694,6,39700,completed,36
30647,Rigid,2338536,2378238,2378245,39702,7,39709,completed,36
30648,Rigid,2338536,2378246,2378253,39710,7,39717,completed,36
30649,Rigid,2338536,2378254,2378261,39718,7,39725,completed,36
30650,Rigid,2338536,2378262,2378269,39726,7,39733,completed,36
30651,Rigid,2338536,2378270,2378277,39734,7,39741,completed,36
30652,Rigid,2338536,2378278,2378285,39742,7,39749,completed,36
30653,Rigid,2338536,2378286,2378293,39750,7,39757,completed,36
30654,Rigid,2338536,2378294,2378301,39758,7,39765,completed,36
30655,Rigid,2338537,2378303,2464724,39766,86421,126187,completed,36
30656,Rigid,2338537,2378506,2385757,39969,7251,47220,completed,36
30657,Rigid,2338537,2379366,2382376,40829,3010,43839,completed,36
30658,Rigid,2338538,2380344,2394896,41806,14552,56358,completed,36
30659,Rigid,2338538,2381507,2383535,42969,2028,44997,completed,36
30660,Rigid,2338538,2382378,2468804,43840,86426,130266,completed,36
30661,Rigid,2338538,2382628,2406719,44090,24091,68181,completed,36
30662,Rigid,2338538,2383536,2383552,44998,16,45014,completed,36
30663,Rigid,2338538,2383553,2383602,45015,49,45064,completed,36
30664,Rigid,2338538,2383603,2470004,45065,86401,131466,completed,36
30665,Rigid,2338539,2383798,2470214,45259,86416,131675,completed,36
30666,Rigid,2338539,2384114,2385860,45575,1746,47321,completed,36
30667,Rigid,2338539,2385758,2435428,47219,49670,96889,completed,36
30668,Rigid,2338539,2385862,2442124,47323,56262,103585,completed,36
30669,Rigid,2338539,2386476,2422051,47937,35575,83512,completed,36
30670,Rigid,2338539,2387464,2416113,48925,28649,77574,completed,36
30671,Rigid,2338539,2387587,2387991,49048,404,49452,completed,36
30672,Rigid,2338539,2387882,2389317,49343,1435,50778,completed,36
30673,Rigid,2338540,2387992,2388021,49452,29,49481,completed,36
30674,Rigid,2338540,2388022,2474445,49482,86423,135905,completed,36
30675,Rigid,2338540,2389318,2409096,50778,19778,70556,completed,36
30676,Rigid,2338540,2389751,2417411,51211,27660,78871,completed,36
30677,Rigid,2338540,2390020,2390041,51480,21,51501,completed,36
30678,Rigid,2338540,2390043,2457046,51503,67003,118506,completed,36
30679,Rigid,2338540,2390421,2392531,51881,2110,53991,completed,36
30680,Rigid,2338540,2392516,2412353,53976,19837,73813,completed,36
30681,Rigid,2338540,2392532,2413857,53992,21325,75317,completed,36
30682,Rigid,2338541,2394897,2436864,56356,41967,98323,completed,36
30683,Rigid,2338541,2395059,2397947,56518,2888,59406,completed,36
30684,Rigid,2338541,2396158,2396488,57617,330,57947,completed,36
30685,Rigid,2338541,2396489,2482916,57948,86427,144375,completed,36
30686,Rigid,2338541,2397218,2397582,58677,364,59041,completed,36
30687,Rigid,2338541,2397584,2397630,59043,46,59089,completed,36
30688,Rigid,2338541,2397632,2397712,59091,80,59171,completed,36
30689,Rigid,2338541,2397713,2410451,59172,12738,71910,completed,36
30690,Rigid,2338541,2397948,2413663,59407,15715,75122,completed,36
30691,Rigid,2338542,2401525,2401552,62983,27,63010,completed,36
30692,Rigid,2338542,2401553,2402261,63011,708,63719,completed,36
30693,Rigid,2338542,2402262,2417857,63720,15595,79315,completed,36
30694,Rigid,2338542,2403150,2403176,64608,26,64634,completed,36
30695,Rigid,2338542,2403178,2403517,64636,339,64975,completed,36
30696,Rigid,2338543,2403199,2403206,64656,7,64663,completed,36
30697,Rigid,2338543,2403207,2489608,64664,86401,151065,completed,36
30698,Rigid,2338543,2403520,2410782,64977,7262,72239,completed,36
30699,Rigid,2338544,2406002,2407414,67458,1412,68870,completed,36
30700,Rigid,2338544,2406721,2406769,68177,48,68225,completed,36
30701,Rigid,2338545,2406771,2406815,68226,44,68270,completed,36
30702,Rigid,2338545,2406816,2493238,68271,86422,154693,completed,36
30703,Rigid,2338546,2407416,2422695,68870,15279,84149,completed,36
30704,Rigid,2338546,2408296,2427985,69750,19689,89439,completed,36
30705,Rigid,2338546,2409097,2409111,70551,14,70565,completed,36
30706,Rigid,2338546,2409113,2420620,70567,11507,82074,completed,36
30707,Rigid,2338547,2410453,2420072,71906,9619,81525,completed,36
30708,Rigid,2338547,2410783,2428208,72236,17425,89661,completed,36
30709,Rigid,2338547,2412354,2447833,73807,35479,109286,completed,36
30710,Rigid,2338547,2413664,2414519,75117,855,75972,completed,36
30711,Rigid,2338547,2413858,2500259,75311,86401,161712,completed,36
30712,Rigid,2338547,2414325,2421841,75778,7516,83294,completed,36
30713,Rigid,2338548,2414520,2418825,75972,4305,80277,completed,36
30714,Rigid,2338548,2416114,2457542,77566,41428,118994,completed,36
30715,Rigid,2338549,2417401,2503829,78852,86428,165280,completed,36
30716,Rigid,2338549,2417412,2430311,78863,12899,91762,completed,36
30717,Rigid,2338549,2417859,2417898,79310,39,79349,completed,36
30718,Rigid,2338549,2417899,2428136,79350,10237,89587,completed,36
30719,Rigid,2338549,2418827,2419008,80278,181,80459,completed,36
30720,Rigid,2338549,2419009,2425392,80460,6383,86843,completed,36
30721,Rigid,2338550,2420073,2490052,81523,69979,151502,completed,36
30722,Rigid,2338550,2420309,2421129,81759,820,82579,completed,36
30723,Rigid,2338550,2420621,2450834,82071,30213,112284,completed,36
30724,Rigid,2338551,2421130,2507549,82579,86419,168998,completed,36
30725,Rigid,2338551,2421843,2442124,83292,20281,103573,completed,36
30726,Rigid,2338551,2422052,2427107,83501,5055,88556,completed,36
30727,Rigid,2338551,2422613,2423057,84062,444,84506,completed,36
30728,Rigid,2338552,2422696,2422711,84144,15,84159,completed,36
30729,Rigid,2338552,2422712,2509139,84160,86427,170587,completed,36
30730,Rigid,2338552,2422820,2466527,84268,43707,127975,completed,36
30731,Rigid,2338552,2423058,2464448,84506,41390,125896,completed,36
30732,Rigid,2338552,2424932,2453525,86380,28593,114973,completed,36
30733,Rigid,2338552,2424932,2511359,86380,86427,172807,completed,36
30734,Rigid,2338552,2424932,2425957,86380,1025,87405,completed,36
30735,Rigid,2338552,2424932,2425506,86380,574,86954,completed,36
30736,Rigid,2338552,2424932,2427596,86380,2664,89044,completed,36
30737,Rigid,2338553,2424932,2511359,86379,86427,172806,completed,36
30738,Rigid,2338553,2424932,2424969,86379,37,86416,completed,36
30739,Rigid,2338553,2424932,2425198,86379,266,86645,completed,36
30740,Rigid,2338554,2424970,2484842,86416,59872,146288,completed,36
30741,Rigid,2338554,2424977,2426455,86423,1478,87901,completed,36
30742,Rigid,2338554,2424992,2425038,86438,46,86484,completed,36
30743,Rigid,2338554,2425027,2425072,86473,45,86518,completed,36
30744,Rigid,2338554,2425040,2511449,86486,86409,172895,completed,36
30745,Rigid,2338554,2425073,2425267,86519,194,86713,completed,36
30746,Rigid,2338554,2425199,2425391,86645,192,86837,completed,36
30747,Rigid,2338554,2425383,2425428,86829,45,86874,completed,36
30748,Rigid,2338554,2425268,2439505,86714,14237,100951,completed,36
30749,Rigid,2338554,2425392,2475115,86838,49723,136561,completed,36
30750,Rigid,2338554,2425394,2467208,86840,41814,128654,completed,36
30751,Rigid,2338554,2425429,2425493,86875,64,86939,completed,36
30752,Rigid,2338555,2425494,2433493,86939,7999,94938,completed,36
30753,Rigid,2338555,2425508,2511929,86953,86421,173374,completed,36
30754,Rigid,2338555,2425623,2425810,87068,187,87255,completed,36
30755,Rigid,2338555,2425811,2427116,87256,1305,88561,completed,36
30756,Rigid,2338555,2425958,2426285,87403,327,87730,completed,36
30757,Rigid,2338555,2426287,2432846,87732,6559,94291,completed,36
30758,Rigid,2338555,2426457,2429387,87902,2930,90832,completed,36
30759,Rigid,2338555,2427108,2513519,88553,86411,174964,completed,36
30760,Rigid,2338555,2427118,2427134,88563,16,88579,completed,36
30761,Rigid,2338555,2427136,2427878,88581,742,89323,completed,36
30762,Rigid,2338555,2427153,2427169,88598,16,88614,completed,36
30763,Rigid,2338555,2427171,2438107,88616,10936,99552,completed,36
30764,Rigid,2338555,2427597,2435289,89042,7692,96734,completed,36
30765,Rigid,2338555,2427879,2501444,89324,73565,162889,completed,36
30766,Rigid,2338556,2427986,2428019,89430,33,89463,completed,36
30767,Rigid,2338556,2428020,2467340,89464,39320,128784,completed,36
30768,Rigid,2338556,2428138,2454821,89582,26683,116265,completed,36
30769,Rigid,2338556,2428210,2428463,89654,253,89907,completed,36
30770,Rigid,2338556,2428464,2455996,89908,27532,117440,completed,36
30771,Rigid,2338556,2429389,2450334,90833,20945,111778,completed,36
30772,Rigid,2338556,2432865,2432889,94309,24,94333,completed,36
30773,Rigid,2338557,2432865,2438014,94308,5149,99457,completed,36
30774,Rigid,2338557,2432895,2472872,94338,39977,134315,completed,36
30775,Rigid,2338557,2433230,2433255,94673,25,94698,completed,36
30776,Rigid,2338557,2433261,2433283,94704,22,94726,completed,36
30777,Rigid,2338557,2433291,2433320,94734,29,94763,completed,36
30778,Rigid,2338557,2433351,2433375,94794,24,94818,completed,36
30779,Rigid,2338558,2433382,2455147,94824,21765,116589,completed,36
30780,Rigid,2338558,2433503,2505321,94945,71818,166763,completed,36
30781,Rigid,2338558,2433988,2504317,95430,70329,165759,completed,36
30782,Rigid,2338558,2437501,2437820,98943,319,99262,completed,36
30783,Rigid,2338558,2437531,2483817,98973,46286,145259,completed,36
30784,Rigid,2338558,2437531,2444348,98973,6817,105790,completed,36
30785,Rigid,2338558,2437531,2509957,98973,72426,171399,completed,36
30786,Rigid,2338559,2437531,2437541,98972,10,98982,completed,36
30787,Rigid,2338559,2437531,2449698,98972,12167,111139,completed,36
30788,Rigid,2338559,2437562,2437570,99003,8,99011,completed,36
30789,Rigid,2338559,2437592,2443985,99033,6393,105426,completed,36
30790,Rigid,2338559,2437834,2524240,99275,86406,185681,completed,36
30791,Rigid,2338559,2438016,2454924,99457,16908,116365,completed,36
30792,Rigid,2338559,2439526,2439548,100967,22,100989,completed,36
30793,Rigid,2338559,2439556,2495337,100997,55781,156778,completed,36
30794,Rigid,2338559,2440193,2440217,101634,24,101658,completed,36
30795,Rigid,2338559,2440223,2474338,101664,34115,135779,completed,36
30796,Rigid,2338559,2441952,2481466,103393,39514,142907,completed,36
30797,Rigid,2338559,2441952,2441995,103393,43,103436,completed,36
30798,Rigid,2338559,2441952,2528352,103393,86400,189793,completed,36
30799,Rigid,2338560,2441952,2454025,103392,12073,115465,completed,36
30800,Rigid,2338560,2441997,2473581,103437,31584,135021,completed,36
30801,Rigid,2338560,2442126,2446327,103566,4201,107767,completed,36
30802,Rigid,2338560,2442126,2465822,103566,23696,127262,completed,36
30803,Rigid,2338560,2442593,2455807,104033,13214,117247,completed,36
30804,Rigid,2338560,2443541,2457074,104981,13533,118514,completed,36
30805,Rigid,2338560,2444355,2530783,105795,86428,192223,completed,36
30806,Rigid,2338560,2446350,2532763,107790,86413,194203,completed,36
30807,Rigid,2338560,2447860,2478254,109300,30394,139694,completed,36
30808,Rigid,2338560,2449701,2455514,111141,5813,116954,completed,36
30809,Rigid,2338560,2450848,2463525,112288,12677,124965,completed,36
30810,Rigid,2338561,2453535,2490503,114974,36968,151942,completed,36
30811,Rigid,2338561,2453660,2515018,115099,61358,176457,completed,36
30812,Rigid,2338561,2453811,2540235,115250,86424,201674,completed,36
30813,Rigid,2338561,2454051,2482336,115490,28285,143775,completed,36
30814,Rigid,2338561,2454833,2455881,116272,1048,117320,completed,36
30815,Rigid,2338561,2454953,2455139,116392,186,116578,completed,36
30816,Rigid,2338561,2455164,2455187,116603,23,116626,completed,36
30817,Rigid,2338561,2455164,2461223,116603,6059,122662,completed,36
30818,Rigid,2338561,2455195,2466248,116634,11053,127687,completed,36
30819,Rigid,2338561,2455526,2456021,116965,495,117460,completed,36
30820,Rigid,2338561,2455827,2461438,117266,5611,122877,completed,36
30821,Rigid,2338561,2455887,2497448,117326,41561,158887,completed,36
30822,Rigid,2338561,2456038,2456416,117477,378,117855,completed,36
30823,Rigid,2338561,2456418,2528661,117857,72243,190100,completed,36
30824,Rigid,2338561,2456419,2496539,117858,40120,157978,completed,36
30825,Rigid,2338561,2457048,2506812,118487,49764,168251,completed,36
30826,Rigid,2338561,2457076,2457092,118515,16,118531,completed,36
30827,Rigid,2338561,2457094,2457171,118533,77,118610,completed,36
30828,Rigid,2338562,2457173,2457249,118611,76,118687,completed,36
30829,Rigid,2338562,2457250,2457285,118688,35,118723,completed,36
30830,Rigid,2338562,2457287,2457359,118725,72,118797,completed,36
30831,Rigid,2338562,2457360,2517243,118798,59883,178681,completed,36
30832,Rigid,2338562,2457589,2461100,119027,3511,122538,completed,36
30833,Rigid,2338562,2457543,2457588,118981,45,119026,completed,36
30834,Rigid,2338562,2457617,2503174,119055,45557,164612,completed,36
30835,Rigid,2338562,2461101,2461416,122539,315,122854,completed,36
30836,Rigid,2338562,2461225,2469457,122663,8232,130895,completed,36
30837,Rigid,2338562,2461417,2470287,122855,8870,131725,completed,36
30838,Rigid,2338562,2461439,2462873,122877,1434,124311,completed,36
30839,Rigid,2338562,2462874,2491563,124312,28689,153001,completed,36
30840,Rigid,2338562,2463526,2497813,124964,34287,159251,completed,36
30841,Rigid,2338563,2464339,2464555,125776,216,125992,completed,36
30842,Rigid,2338563,2464449,2550855,125886,86406,212292,completed,36
30843,Rigid,2338563,2464557,2550975,125994,86418,212412,completed,36
30844,Rigid,2338563,2464731,2495363,126168,30632,156800,completed,36
30845,Rigid,2338563,2465823,2465860,127260,37,127297,completed,36
30846,Rigid,2338563,2465862,2466221,127299,359,127658,completed,36
30847,Rigid,2338563,2466222,2494140,127659,27918,155577,completed,36
30848,Rigid,2338563,2466249,2552655,127686,86406,214092,completed,36
30849,Rigid,2338563,2466528,2467938,127965,1410,129375,completed,36
30850,Rigid,2338564,2467210,2470871,128646,3661,132307,completed,36
30851,Rigid,2338564,2467341,2467466,128777,125,128902,completed,36
30852,Rigid,2338564,2467467,2467509,128903,42,128945,completed,36
30853,Rigid,2338564,2467510,2467532,128946,22,128968,completed,36
30854,Rigid,2338564,2467533,2469170,128969,1637,130606,completed,36
30855,Rigid,2338564,2467939,2467962,129375,23,129398,completed,36
30856,Rigid,2338564,2467962,2467969,129398,7,129405,completed,36
30857,Rigid,2338564,2467971,2475406,129407,7435,136842,completed,36
30858,Rigid,2338564,2468806,2468843,130242,37,130279,completed,36
30859,Rigid,2338564,2468845,2468862,130281,17,130298,completed,36
30860,Rigid,2338564,2468863,2468890,130299,27,130326,completed,36
30861,Rigid,2338564,2468891,2520648,130327,51757,182084,completed,36
30862,Rigid,2338564,2469172,2498091,130608,28919,159527,completed,36
30863,Rigid,2338564,2469459,2488796,130895,19337,150232,completed,36
30864,Rigid,2338564,2470008,2483242,131444,13234,144678,completed,36
30865,Rigid,2338564,2470219,2556645,131655,86426,218081,completed,36
30866,Rigid,2338564,2470288,2470400,131724,112,131836,completed,36
30867,Rigid,2338564,2470402,2556825,131838,86423,218261,completed,36
30868,Rigid,2338565,2470872,2473958,132307,3086,135393,completed,36
30869,Rigid,2338565,2472873,2487925,134308,15052,149360,completed,36
30870,Rigid,2338565,2473583,2473618,135018,35,135053,completed,36
30871,Rigid,2338565,2473620,2480226,135055,6606,141661,completed,36
30872,Rigid,2338565,2473959,2560365,135394,86406,221800,completed,36
30873,Rigid,2338565,2474339,2560755,135774,86416,222190,completed,36
30874,Rigid,2338565,2474450,2478613,135885,4163,140048,completed,36
30875,Rigid,2338565,2475116,2546372,136551,71256,207807,completed,36
30876,Rigid,2338565,2475407,2508002,136842,32595,169437,completed,36
30877,Rigid,2338565,2478255,2497696,139690,19441,159131,completed,36
30878,Rigid,2338565,2478615,2565021,140050,86406,226456,completed,36
30879,Rigid,2338565,2480228,2550668,141663,70440,212103,completed,36
30880,Rigid,2338566,2481467,2488768,142901,7301,150202,completed,36
30881,Rigid,2338566,2482337,2498832,143771,16495,160266,completed,36
30882,Rigid,2338566,2482920,2569341,144354,86421,230775,completed,36
30883,Rigid,2338566,2483243,2569671,144677,86428,231105,completed,36
30884,Rigid,2338566,2483818,2551405,145252,67587,212839,completed,36
30885,Rigid,2338566,2485863,2501215,147297,15352,162649,completed,36
30886,Rigid,2338566,2487926,2487962,149360,36,149396,completed,36
30887,Rigid,2338566,2487963,2488000,149397,37,149434,completed,36
30888,Rigid,2338566,2488001,2569501,149435,81500,230935,completed,36
30889,Rigid,2338566,2488770,2496802,150204,8032,158236,completed,36
30890,Rigid,2338566,2488797,2489203,150231,406,150637,completed,36
30891,Rigid,2338566,2489204,2489336,150638,132,150770,completed,36
30892,Rigid,2338566,2489337,2489392,150771,55,150826,completed,36
30893,Rigid,2338566,2489393,2489551,150827,158,150985,completed,36
30894,Rigid,2338566,2489553,2501632,150987,12079,163066,completed,36
30895,Rigid,2338567,2489641,2491905,151074,2264,153338,completed,36
30896,Rigid,2338567,2490054,2491229,151487,1175,152662,completed,36
30897,Rigid,2338567,2490504,2515988,151937,25484,177421,completed,36
30898,Rigid,2338567,2491230,2510895,152663,19665,172328,completed,36
30899,Rigid,2338567,2491564,2499095,152997,7531,160528,completed,36
30900,Rigid,2338567,2491906,2578312,153339,86406,239745,completed,36
30901,Rigid,2338567,2493243,2494724,154676,1481,156157,completed,36
30902,Rigid,2338567,2494141,2580562,155574,86421,241995,completed,36
30903,Rigid,2338567,2494725,2548522,156158,53797,209955,completed,36
30904,Rigid,2338567,2495338,2523026,156771,27688,184459,completed,36
30905,Rigid,2338567,2495364,2549611,156797,54247,211044,completed,36
30906,Rigid,2338567,2496541,2528832,157974,32291,190265,completed,36
30907,Rigid,2338567,2496804,2510422,158237,13618,171855,completed,36
30908,Rigid,2338567,2497450,2542492,158883,45042,203925,completed,36
30909,Rigid,2338567,2497697,2549059,159130,51362,210492,completed,36
30910,Rigid,2338567,2497814,2512223,159247,14409,173656,completed,36
30911,Rigid,2338567,2498092,2498476,159525,384,159909,completed,36
30912,Rigid,2338567,2498477,2498500,159910,23,159933,completed,36
30913,Rigid,2338568,2498502,2584912,159934,86410,246344,completed,36
30914,Rigid,2338568,2498833,2521510,160265,22677,182942,completed,36
30915,Rigid,2338568,2499096,2559343,160528,60247,220775,completed,36
30916,Rigid,2338568,2500261,2571790,161693,71529,233222,completed,36
30917,Rigid,2338568,2501217,2517364,162649,16147,178796,completed,36
30918,Rigid,2338568,2501445,2522267,162877,20822,183699,completed,36
30919,Rigid,2338568,2501633,2501706,163065,73,163138,completed,36
30920,Rigid,2338568,2501708,2557295,163140,55587,218727,completed,36
30921,Rigid,2338568,2503175,2503190,164607,15,164622,completed,36
30922,Rigid,2338568,2503191,2507619,164623,4428,169051,completed,36
30923,Rigid,2338568,2503833,2507910,165265,4077,169342,completed,36
30924,Rigid,2338568,2504318,2590732,165750,86414,252164,completed,36
30925,Rigid,2338568,2505323,2505483,166755,160,166915,completed,36
30926,Rigid,2338568,2506813,2506839,168245,26,168271,completed,36
30927,Rigid,2338568,2505484,2522006,166916,16522,183438,completed,36
30928,Rigid,2339073,2339073,2339087,0,14,14,completed,36
30929,Rigid,2339080,2339080,2458433,0,119353,119353,completed,16
30930,Rigid,2339125,2339126,2458409,1,119283,119284,completed,16
30931,Rigid,2339254,2339254,2458374,0,119120,119120,completed,16
30932,Rigid,2339266,2339266,2339273,0,7,7,completed,144
30933,Rigid,2339367,2339369,2457066,2,117697,117699,completed,16
30934,Rigid,2339489,2339489,2453655,0,114166,114166,completed,36
30935,Rigid,2339649,2339665,2512469,16,172804,172820,completed,36
30936,Rigid,2339649,2504282,2677091,164633,172809,337442,completed,36
30937,Rigid,2339649,2504282,2677091,164633,172809,337442,completed,36
30938,Rigid,2339682,2504282,2677091,164600,172809,337409,completed,36
30939,Rigid,2339682,2504313,2677121,164631,172808,337439,completed,36
30940,Rigid,2339682,2504313,2504378,164631,65,164696,completed,36
30941,Rigid,2339706,2339707,2339708,1,1,2,completed,1
30942,Rigid,2339754,2339755,2339891,1,136,137,completed,1
30943,Rigid,2339755,2339759,2339761,4,2,6,completed,144
30944,Rigid,2339781,2504313,2677121,164532,172808,337340,completed,36
30945,Rigid,2339781,2504373,2677181,164592,172808,337400,completed,36
30946,Rigid,2339781,2504373,2677181,164592,172808,337400,completed,36
30947,Rigid,2339797,2504373,2677181,164576,172808,337384,completed,36
30948,Rigid,2339797,2504379,2677181,164582,172802,337384,completed,36
30949,Rigid,2339797,2504431,2677241,164634,172810,337444,completed,36
30950,Rigid,2339807,2339808,2339816,1,8,9,completed,144
30951,Rigid,2339814,2504431,2677241,164617,172810,337427,completed,36
30952,Rigid,2339814,2504493,2677301,164679,172808,337487,completed,36
30953,Rigid,2339814,2504494,2677301,164680,172807,337487,completed,36
30954,Rigid,2339842,2339842,2339844,0,2,2,completed,1
30955,Rigid,2339880,2339880,2339883,0,3,3,completed,1
30956,Rigid,2339912,2339913,2340042,1,129,130,completed,1
30957,Rigid,2339947,2339947,2339949,0,2,2,completed,1
30958,Rigid,2339992,2339993,2339996,1,3,4,completed,1
30959,Rigid,2340029,2340030,2340171,1,141,142,completed,1
30960,Rigid,2340098,2340099,2340232,1,133,134,completed,1
30961,Rigid,2340144,2340145,2340146,1,1,2,completed,1
30962,Rigid,2340227,2340228,2340236,1,8,9,completed,72
30963,Rigid,2340268,2340269,2340270,1,1,2,completed,1
30964,Rigid,2340307,2340308,2340551,1,243,244,completed,72
30965,Rigid,2340323,2340324,2340466,1,142,143,completed,1
30966,Rigid,2340330,2340331,2340333,1,2,3,completed,36
30967,Rigid,2340364,2340365,2340517,1,152,153,completed,1
30968,Rigid,2340387,2340389,2340533,2,144,146,completed,1
30969,Rigid,2340561,2340561,2340630,0,69,69,completed,72
30970,Rigid,2340643,2340644,2354044,1,13400,13401,completed,72
30971,Rigid,2340659,2340660,2494369,1,153709,153710,completed,36
30972,Rigid,2340659,2340660,2494712,1,154052,154053,completed,36
30973,Rigid,2340659,2340660,2490772,1,150112,150113,completed,36
30974,Rigid,2340659,2340660,2490869,1,150209,150210,completed,36
30975,Rigid,2340659,2340660,2492771,1,152111,152112,completed,36
30976,Rigid,2340659,2340660,2501914,1,161254,161255,completed,36
30977,Rigid,2340836,2340838,2340878,2,40,42,completed,36
30978,Rigid,2341599,2341599,2342919,0,1320,1320,completed,36
30979,Rigid,2342695,2342695,2352877,0,10182,10182,completed,36
30980,Rigid,2343007,2343007,2343158,0,151,151,completed,1
30981,Rigid,2343062,2343063,2343208,1,145,146,completed,1
30982,Rigid,2343102,2343103,2343246,1,143,144,completed,1
30983,Rigid,2343103,2343107,2343115,4,8,12,completed,1
30984,Rigid,2343103,2343153,2343157,50,4,54,completed,1
30985,Rigid,2343104,2399343,2399351,56239,8,56247,completed,1
30986,Rigid,2343158,2343158,2343222,0,64,64,completed,1
30987,Rigid,2343174,2343174,2343239,0,65,65,completed,1
30988,Rigid,2343270,2343270,2343290,0,20,20,completed,1
30989,Rigid,2343318,2343319,2343378,1,59,60,completed,1
30990,Rigid,2343405,2343406,2343417,1,11,12,completed,1
30991,Rigid,2343448,2343449,2343460,1,11,12,completed,1
30992,Rigid,2343487,2343488,2343502,1,14,15,completed,1
30993,Rigid,2343527,2343527,2343529,0,2,2,completed,1
30994,Rigid,2343577,2343578,2343589,1,11,12,completed,1
30995,Rigid,2343680,2343680,2343681,0,1,1,completed,1
30996,Rigid,2344175,2344176,2344428,1,252,253,completed,72
30997,Rigid,2345551,2345551,2345553,0,2,2,completed,36
30998,Rigid,2346569,2346570,2347048,1,478,479,completed,36
30999,Rigid,2348215,2348216,2350111,1,1895,1896,completed,36
31000,Rigid,2350287,2350290,2358119,3,7829,7832,completed,36
31001,Rigid,2352273,2352274,2352283,1,9,10,completed,1
31002,Rigid,2352273,2352323,2352329,50,6,56,completed,1
31003,Rigid,2352273,2414195,2414205,61922,10,61932,completed,1
31004,Rigid,2352720,2352720,2354795,0,2075,2075,completed,36
31005,Rigid,2353383,2353384,2363958,1,10574,10575,completed,36
31006,Rigid,2353421,2353422,2389961,1,36539,36540,completed,36
31007,Rigid,2353473,2353474,2354856,1,1382,1383,completed,36
31008,Rigid,2353479,2353479,2357693,0,4214,4214,completed,36
31009,Rigid,2355075,2355081,2678454,6,323373,323379,completed,36
31010,Rigid,2355509,2355510,2355518,1,8,9,completed,1
31011,Rigid,2355509,2355552,2355557,43,5,48,completed,1
31012,Rigid,2355509,2410904,2410914,55395,10,55405,completed,1
31013,Rigid,2355519,2355533,2640136,14,284603,284617,completed,36
31014,Rigid,2355913,2355913,2355918,0,5,5,completed,72
31015,Rigid,2355957,2355958,2356047,1,89,90,completed,72
31016,Rigid,2356061,2356062,2356376,1,314,315,completed,72
31017,Rigid,2356116,2356117,2357459,1,1342,1343,completed,36
31018,Rigid,2356794,2356795,2359443,1,2648,2649,completed,72
31019,Rigid,2357372,2357373,2358796,1,1423,1424,completed,72
31020,Rigid,2357450,2357451,2357467,1,16,17,completed,1
31021,Rigid,2357582,2357583,2570526,1,212943,212944,completed,36
31022,Rigid,2358718,2358718,2358735,0,17,17,completed,36
31023,Rigid,2358964,2358965,2359439,1,474,475,completed,72
31024,Rigid,2382889,2382889,2409345,0,26456,26456,completed,72
31025,Rigid,2395004,2395004,2395006,0,2,2,completed,1
31026,Rigid,2395005,2395007,2395014,2,7,9,completed,1
31027,Rigid,2395005,2395007,2395015,2,8,10,completed,1
31028,Rigid,2395014,2395014,2396616,0,1602,1602,completed,1
31029,Rigid,2395014,2395016,2396705,2,1689,1691,completed,1
31030,Rigid,2395014,2395016,2396827,2,1811,1813,completed,1
31031,Rigid,2395015,2395016,2396746,1,1730,1731,completed,1
31032,Rigid,2396841,2396842,2396846,1,4,5,completed,1
31033,Rigid,2396841,2396842,2396846,1,4,5,completed,1
31034,Rigid,2396841,2396842,2396848,1,6,7,completed,1
31035,Rigid,2396841,2396842,2396855,1,13,14,completed,1
31036,Rigid,2396841,2396842,2396863,1,21,22,completed,1
31037,Rigid,2407066,2407067,2500799,1,93732,93733,completed,108
31038,Rigid,2407173,2407174,2501488,1,94314,94315,completed,108
31039,Rigid,2416007,2416007,2418934,0,2927,2927,completed,18
31040,Rigid,2416007,2416007,2419012,0,3005,3005,completed,18
31041,Rigid,2417202,2417203,2567103,1,149900,149901,completed,36
31042,Rigid,2417331,2417331,2417332,0,1,1,completed,36
31043,Rigid,2417331,2417331,2417332,0,1,1,completed,36
31044,Rigid,2417331,2417331,2417673,0,342,342,completed,36
31045,Rigid,2417421,2417421,2424158,0,6737,6737,completed,36
31046,Rigid,2418061,2418061,2509970,0,91909,91909,completed,36
31047,Rigid,2418134,2418135,2497066,1,78931,78932,completed,1
31048,Rigid,2418169,2418171,2683318,2,265147,265149,completed,36
31049,Rigid,2419224,2419225,2426341,1,7116,7117,completed,1
31050,Rigid,2419224,2419225,2426708,1,7483,7484,completed,1
31051,Rigid,2419225,2419229,2426268,4,7039,7043,completed,1
31052,Rigid,2419225,2419229,2426369,4,7140,7144,completed,1
31053,Rigid,2419226,2419229,2426771,3,7542,7545,completed,1
31054,Rigid,2419227,2419229,2426247,2,7018,7020,completed,1
31055,Rigid,2419227,2419229,2426267,2,7038,7040,completed,1
31056,Rigid,2419228,2419229,2426346,1,7117,7118,completed,1
31057,Rigid,2419228,2419229,2426796,1,7567,7568,completed,1
31058,Rigid,2419229,2419233,2427025,4,7792,7796,completed,1
31059,Rigid,2419230,2419233,2427480,3,8247,8250,completed,1
31060,Rigid,2419230,2419233,2427385,3,8152,8155,completed,1
31061,Rigid,2419231,2419233,2427377,2,8144,8146,completed,1
31062,Rigid,2419231,2419233,2426878,2,7645,7647,completed,1
31063,Rigid,2419232,2419233,2426974,1,7741,7742,completed,1
31064,Rigid,2419232,2419233,2427394,1,8161,8162,completed,1
31065,Rigid,2419233,2419237,2428274,4,9037,9041,completed,1
31066,Rigid,2419234,2419237,2427820,3,8583,8586,completed,1
31067,Rigid,2419234,2419237,2426401,3,7164,7167,completed,1
31068,Rigid,2419235,2419237,2428260,2,9023,9025,completed,1
31069,Rigid,2419304,2419305,2419329,1,24,25,completed,1
31070,Rigid,2419304,2419305,2419307,1,2,3,completed,1
31071,Rigid,2419305,2419307,2419313,2,6,8,completed,1
31072,Rigid,2419305,2419307,2419314,2,7,9,completed,1
31073,Rigid,2419305,2419307,2419308,2,1,3,completed,1
31074,Rigid,2419407,2419408,2431000,1,11592,11593,completed,36
31075,Rigid,2419410,2419412,2420383,2,971,973,completed,2
31076,Rigid,2419410,2419412,2420533,2,1121,1123,completed,2
31077,Rigid,2419410,2419412,2419468,2,56,58,completed,1
31078,Rigid,2419410,2419412,2419437,2,25,27,completed,1
31079,Rigid,2419410,2419412,2422054,2,2642,2644,completed,1
31080,Rigid,2419410,2419412,2421860,2,2448,2450,completed,1
31081,Rigid,2419410,2419412,2420384,2,972,974,completed,2
31082,Rigid,2419410,2419412,2420225,2,813,815,completed,2
31083,Rigid,2419411,2419412,2420521,1,1109,1110,completed,2
31084,Rigid,2419411,2419412,2420256,1,844,845,completed,2
31085,Rigid,2419411,2419412,2419448,1,36,37,completed,1
31086,Rigid,2419411,2419412,2419425,1,13,14,completed,1
31087,Rigid,2419412,2419412,2420404,0,992,992,completed,2
31088,Rigid,2419412,2419412,2419468,0,56,56,completed,1
31089,Rigid,2419412,2419412,2419459,0,47,47,completed,1
31090,Rigid,2419412,2419412,2419447,0,35,35,completed,1
31091,Rigid,2419412,2419412,2419480,0,68,68,completed,1
31092,Rigid,2419412,2419418,2420673,6,1255,1261,completed,2
31093,Rigid,2419412,2419418,2420326,6,908,914,completed,2
31094,Rigid,2419413,2419418,2419456,5,38,43,completed,1
31095,Rigid,2419413,2419418,2420585,5,1167,1172,completed,2
31096,Rigid,2419413,2419418,2420555,5,1137,1142,completed,2
31097,Rigid,2419413,2419418,2419476,5,58,63,completed,1
31098,Rigid,2419413,2419418,2419471,5,53,58,completed,1
31099,Rigid,2419414,2419418,2420721,4,1303,1307,completed,2
31100,Rigid,2419414,2419418,2419444,4,26,30,completed,1
31101,Rigid,2419414,2419418,2419470,4,52,56,completed,1
31102,Rigid,2419414,2419418,2420605,4,1187,1191,completed,2
31103,Rigid,2419414,2419418,2420392,4,974,978,completed,2
31104,Rigid,2419414,2419418,2419473,4,55,59,completed,1
31105,Rigid,2419414,2419418,2420250,4,832,836,completed,2
31106,Rigid,2419414,2419418,2419466,4,48,52,completed,1
31107,Rigid,2419415,2419418,2420730,3,1312,1315,completed,2
31108,Rigid,2419415,2419418,2419433,3,15,18,completed,1
31109,Rigid,2419415,2419418,2420506,3,1088,1091,completed,2
31110,Rigid,2419415,2419418,2419465,3,47,50,completed,1
31111,Rigid,2419415,2419418,2420365,3,947,950,completed,2
31112,Rigid,2419416,2419418,2420578,2,1160,1162,completed,2
31113,Rigid,2419416,2419418,2420080,2,662,664,completed,2
31114,Rigid,2419416,2419418,2419460,2,42,44,completed,1
31115,Rigid,2419417,2419418,2420664,1,1246,1247,completed,2
31116,Rigid,2419417,2419418,2422152,1,2734,2735,completed,1
31117,Rigid,2419417,2419418,2419436,1,18,19,completed,1
31118,Rigid,2419417,2419418,2422596,1,3178,3179,completed,1
31119,Rigid,2419417,2419418,2419472,1,54,55,completed,1
31120,Rigid,2419417,2419418,2423006,1,3588,3589,completed,1
31121,Rigid,2419418,2419419,2419451,1,32,33,completed,1
31122,Rigid,2419418,2419419,2419469,1,50,51,completed,1
31123,Rigid,2419418,2419419,2420602,1,1183,1184,completed,2
31124,Rigid,2419418,2419419,2419476,1,57,58,completed,1
31125,Rigid,2419418,2419419,2419425,1,6,7,completed,1
31126,Rigid,2419419,2419423,2420515,4,1092,1096,completed,2
31127,Rigid,2419419,2419423,2419483,4,60,64,completed,1
31128,Rigid,2419419,2419423,2419488,4,65,69,completed,1
31129,Rigid,2419419,2419423,2419458,4,35,39,completed,1
31130,Rigid,2419419,2419423,2420286,4,863,867,completed,2
31131,Rigid,2419420,2419423,2419460,3,37,40,completed,1
31132,Rigid,2419420,2419423,2420258,3,835,838,completed,2
31133,Rigid,2419420,2419423,2419487,3,64,67,completed,1
31134,Rigid,2419420,2419423,2419476,3,53,56,completed,1
31135,Rigid,2419420,2419423,2422381,3,2958,2961,completed,1
31136,Rigid,2419421,2419423,2420215,2,792,794,completed,2
31137,Rigid,2419421,2419423,2419481,2,58,60,completed,1
31138,Rigid,2419421,2419423,2419488,2,65,67,completed,1
31139,Rigid,2419421,2419423,2422494,2,3071,3073,completed,1
31140,Rigid,2419421,2419423,2420111,2,688,690,completed,2
31141,Rigid,2419421,2419423,2420082,2,659,661,completed,2
31142,Rigid,2419422,2419423,2423087,1,3664,3665,completed,1
31143,Rigid,2419422,2419423,2421447,1,2024,2025,completed,1
31144,Rigid,2419422,2419423,2419786,1,363,364,completed,2
31145,Rigid,2419422,2419423,2420012,1,589,590,completed,2
31146,Rigid,2419422,2419423,2420530,1,1107,1108,completed,2
31147,Rigid,2419422,2419423,2421683,1,2260,2261,completed,1
31148,Rigid,2419422,2419423,2420741,1,1318,1319,completed,1
31149,Rigid,2419422,2419423,2420545,1,1122,1123,completed,1
31150,Rigid,2419422,2419423,2420545,1,1122,1123,completed,1
31151,Rigid,2419423,2419426,2419816,3,390,393,completed,2
31152,Rigid,2419423,2419426,2420051,3,625,628,completed,2
31153,Rigid,2419423,2419426,2419727,3,301,304,completed,2
31154,Rigid,2419423,2419426,2420440,3,1014,1017,completed,2
31155,Rigid,2419423,2419426,2420027,3,601,604,completed,2
31156,Rigid,2419423,2419426,2420440,3,1014,1017,completed,2
31157,Rigid,2419423,2419426,2420479,3,1053,1056,completed,2
31158,Rigid,2419423,2419426,2420481,3,1055,1058,completed,2
31159,Rigid,2419424,2419426,2421549,2,2123,2125,completed,1
31160,Rigid,2419424,2419426,2420530,2,1104,1106,completed,2
31161,Rigid,2419424,2419426,2421333,2,1907,1909,completed,1
31162,Rigid,2419424,2419426,2420527,2,1101,1103,completed,2
31163,Rigid,2419424,2419426,2419814,2,388,390,completed,2
31164,Rigid,2419424,2419426,2420686,2,1260,1262,completed,1
31165,Rigid,2419424,2419426,2420014,2,588,590,completed,2
31166,Rigid,2419424,2419426,2420080,2,654,656,completed,2
31167,Rigid,2419424,2419426,2419776,2,350,352,completed,2
31168,Rigid,2419424,2419426,2419810,2,384,386,completed,2
31169,Rigid,2419425,2419426,2419722,1,296,297,completed,2
31170,Rigid,2419425,2419426,2419710,1,284,285,completed,2
31171,Rigid,2419837,2419838,2420265,1,427,428,completed,36
31172,Rigid,2419970,2419971,2419973,1,2,3,completed,1
31173,Rigid,2420239,2420240,2504632,1,84392,84393,completed,1
31174,Rigid,2420240,2420242,2504632,2,84390,84392,completed,1
31175,Rigid,2420241,2420242,2504657,1,84415,84416,completed,1
31176,Rigid,2420242,2420242,2504632,0,84390,84390,completed,1
31177,Rigid,2420243,2420244,2504632,1,84388,84389,completed,1
31178,Rigid,2420244,2420248,2504657,4,84409,84413,completed,1
31179,Rigid,2420245,2420248,2504657,3,84409,84412,completed,1
31180,Rigid,2420246,2420248,2504632,2,84384,84386,completed,1
31181,Rigid,2420247,2420248,2504632,1,84384,84385,completed,1
31182,Rigid,2420248,2420252,2504657,4,84405,84409,completed,1
31183,Rigid,2420248,2420252,2504657,4,84405,84409,completed,1
31184,Rigid,2420249,2420252,2504657,3,84405,84408,completed,1
31185,Rigid,2420250,2420252,2504657,2,84405,84407,completed,1
31186,Rigid,2420251,2420252,2504657,1,84405,84406,completed,1
31187,Rigid,2420252,2420256,2504680,4,84424,84428,completed,1
31188,Rigid,2420253,2420256,2504680,3,84424,84427,completed,1
31189,Rigid,2420254,2420256,2504680,2,84424,84426,completed,1
31190,Rigid,2420255,2420256,2504680,1,84424,84425,completed,1
31191,Rigid,2420256,2420257,2504680,1,84423,84424,completed,1
31192,Rigid,2420257,2420259,2504680,2,84421,84423,completed,1
31193,Rigid,2420298,2420299,2422980,1,2681,2682,completed,36
31194,Rigid,2421016,2421019,2421711,3,692,695,completed,36
31195,Rigid,2421017,2421019,2421729,2,710,712,completed,36
31196,Rigid,2421018,2421019,2421716,1,697,698,completed,36
31197,Rigid,2421019,2421019,2421723,0,704,704,completed,36
31198,Rigid,2421020,2421023,2421716,3,693,696,completed,36
31199,Rigid,2421021,2421023,2421723,2,700,702,completed,36
31200,Rigid,2421021,2421023,2421724,2,701,703,completed,36
31201,Rigid,2421022,2421023,2421727,1,704,705,completed,36
31202,Rigid,2421022,2421023,2421723,1,700,701,completed,36
31203,Rigid,2421023,2421023,2421725,0,702,702,completed,36
31204,Rigid,2421023,2421023,2421726,0,703,703,completed,36
31205,Rigid,2421024,2421025,2421735,1,710,711,completed,36
31206,Rigid,2421024,2421025,2421716,1,691,692,completed,36
31207,Rigid,2421025,2421025,2421724,0,699,699,completed,36
31208,Rigid,2421025,2421027,2421728,2,701,703,completed,36
31209,Rigid,2421026,2421027,2421727,1,700,701,completed,36
31210,Rigid,2421811,2421812,2688157,1,266345,266346,completed,36
31211,Rigid,2421935,2421935,2523674,0,101739,101739,completed,36
31212,Rigid,2422252,2422252,2422255,0,3,3,completed,36
31213,Rigid,2422358,2422358,2424958,0,2600,2600,completed,36
31214,Rigid,2422388,2422389,2425002,1,2613,2614,completed,36
31215,Rigid,2422463,2422463,2433989,0,11526,11526,completed,36
31216,Rigid,2422603,2422603,2422609,0,6,6,completed,18
31217,Rigid,2422604,2422607,2422612,3,5,8,completed,18
31218,Rigid,2422604,2422607,2422612,3,5,8,completed,18
31219,Rigid,2422635,2425777,2593820,3142,168043,171185,completed,1080
31220,Rigid,2422659,2422663,2422665,4,2,6,completed,36
31221,Rigid,2422916,2422916,2422941,0,25,25,completed,36
31222,Rigid,2422974,2422974,2422986,0,12,12,completed,18
31223,Rigid,2422974,2422978,2422986,4,8,12,completed,18
31224,Rigid,2422976,2422978,2422986,2,8,10,completed,18
31225,Rigid,2423210,2423211,2423426,1,215,216,completed,36
31226,Rigid,2423216,2423216,2423242,0,26,26,completed,36
31227,Rigid,2423292,2423292,2424018,0,726,726,completed,36
31228,Rigid,2423293,2423296,2424016,3,720,723,completed,36
31229,Rigid,2423294,2423296,2424010,2,714,716,completed,36
31230,Rigid,2423295,2423296,2424019,1,723,724,completed,36
31231,Rigid,2423296,2423296,2424009,0,713,713,completed,36
31232,Rigid,2423296,2423300,2424022,4,722,726,completed,36
31233,Rigid,2423297,2423300,2424023,3,723,726,completed,36
31234,Rigid,2423297,2423300,2424014,3,714,717,completed,36
31235,Rigid,2423298,2423300,2424027,2,727,729,completed,36
31236,Rigid,2423298,2423300,2424012,2,712,714,completed,36
31237,Rigid,2423299,2423300,2424025,1,725,726,completed,36
31238,Rigid,2423299,2423300,2424014,1,714,715,completed,36
31239,Rigid,2423299,2423300,2424014,1,714,715,completed,36
31240,Rigid,2423300,2423300,2424011,0,711,711,completed,36
31241,Rigid,2423300,2423304,2424026,4,722,726,completed,36
31242,Rigid,2423301,2423304,2424023,3,719,722,completed,36
31243,Rigid,2423446,2423447,2510464,1,87017,87018,completed,288
31244,Rigid,2423487,2423491,2436290,4,12799,12803,completed,36
31245,Rigid,2423487,2423487,2423508,0,21,21,completed,36
31246,Rigid,2423542,2423542,2510378,0,86836,86836,completed,288
31247,Rigid,2423665,2423665,2511520,0,87855,87855,completed,288
31248,Rigid,2423759,2423760,2508237,1,84477,84478,completed,144
31249,Rigid,2423855,2423856,2514365,1,90509,90510,completed,144
31250,Rigid,2424138,2424138,2424142,0,4,4,completed,18
31251,Rigid,2424138,2424138,2424142,0,4,4,completed,18
31252,Rigid,2424138,2424142,2424146,4,4,8,completed,18
31253,Rigid,2424486,2424487,2424494,1,7,8,completed,144
31254,Rigid,2424605,2424606,2424613,1,7,8,completed,144
31255,Rigid,2424751,2424751,2438813,0,14062,14062,completed,144
31256,Rigid,2424865,2424866,2424874,1,8,9,completed,1
31257,Rigid,2424866,2424891,2424895,25,4,29,completed,1
31258,Rigid,2424866,2467515,2467523,42649,8,42657,completed,1
31259,Rigid,2425172,2425173,2427776,1,2603,2604,completed,36
31260,Rigid,2425202,2425202,2428062,0,2860,2860,completed,36
31261,Rigid,2425837,2425838,2425846,1,8,9,completed,1
31262,Rigid,2425837,2425857,2425862,20,5,25,completed,1
31263,Rigid,2425837,2472411,2472420,46574,9,46583,completed,1
31264,Rigid,2426036,2426037,2426041,1,4,5,completed,1
31265,Rigid,2426212,2426212,2426216,0,4,4,completed,1
31266,Rigid,2426212,2426230,2426234,18,4,22,completed,1
31267,Rigid,2426212,2481414,2481423,55202,9,55211,completed,1
31268,Rigid,2426316,2426317,2426792,1,475,476,completed,36
31269,Rigid,2427529,2427530,2441947,1,14417,14418,completed,396
31270,Rigid,2427537,2427538,2441947,1,14409,14410,completed,396
31271,Rigid,2427558,2441995,2456413,14437,14418,28855,completed,396
31272,Rigid,2427565,2442589,2457013,15024,14424,29448,completed,396
31273,Rigid,2428551,2457018,2471444,28467,14426,42893,completed,396
31274,Rigid,2428570,2457044,2471444,28474,14400,42874,completed,396
31275,Rigid,2428580,2471449,2485857,42869,14408,57277,completed,396
31276,Rigid,2428590,2471449,2485857,42859,14408,57267,completed,396
31277,Rigid,2429742,2429743,2433898,1,4155,4156,completed,36
31278,Rigid,2429778,2429778,2431370,0,1592,1592,completed,72
31279,Rigid,2429816,2432862,2433763,3046,901,3947,completed,144
31280,Rigid,2429897,2436866,2437507,6969,641,7610,completed,288
31281,Rigid,2430018,2432847,2432860,2829,13,2842,completed,288
31282,Rigid,2430727,2441952,2442587,11225,635,11860,completed,576
31283,Rigid,2430992,2430992,2435967,0,4975,4975,completed,1
31284,Rigid,2430992,2430992,2435155,0,4163,4163,completed,1
31285,Rigid,2430992,2430996,2435018,4,4022,4026,completed,1
31286,Rigid,2430992,2430996,2437541,4,6545,6549,completed,1
31287,Rigid,2430992,2430996,2437395,4,6399,6403,completed,1
31288,Rigid,2430992,2430996,2435688,4,4692,4696,completed,1
31289,Rigid,2430992,2430996,2436812,4,5816,5820,completed,1
31290,Rigid,2430992,2430996,2436620,4,5624,5628,completed,1
31291,Rigid,2430992,2430996,2433267,4,2271,2275,completed,1
31292,Rigid,2430993,2430996,2433212,3,2216,2219,completed,1
31293,Rigid,2430993,2430996,2436246,3,5250,5253,completed,1
31294,Rigid,2430993,2430996,2434534,3,3538,3541,completed,1
31295,Rigid,2430993,2430996,2434582,3,3586,3589,completed,1
31296,Rigid,2430993,2430996,2436038,3,5042,5045,completed,1
31297,Rigid,2433215,2433215,2433697,0,482,482,completed,1
31298,Rigid,2433269,2433270,2433769,1,499,500,completed,1
31299,Rigid,2433289,2442607,2458608,9318,16001,25319,completed,36
31300,Rigid,2433296,2506840,2506918,73544,78,73622,completed,36
31301,Rigid,2433296,2506920,2507006,73624,86,73710,completed,36
31302,Rigid,2433296,2507007,2507091,73711,84,73795,completed,36
31303,Rigid,2433296,2507092,2507135,73796,43,73839,completed,36
31304,Rigid,2433296,2507136,2507178,73840,42,73882,completed,36
31305,Rigid,2433296,2507179,2507229,73883,50,73933,completed,36
31306,Rigid,2433296,2507230,2507264,73934,34,73968,completed,36
31307,Rigid,2433296,2507265,2507298,73969,33,74002,completed,36
31308,Rigid,2433296,2507299,2507372,74003,73,74076,completed,36
31309,Rigid,2433296,2507373,2508284,74077,911,74988,completed,36
31310,Rigid,2433296,2507553,2508557,74257,1004,75261,completed,36
31311,Rigid,2433296,2507620,2508018,74324,398,74722,completed,36
31312,Rigid,2433296,2507911,2511331,74615,3420,78035,completed,36
31313,Rigid,2433296,2508004,2508448,74708,444,75152,completed,36
31314,Rigid,2433296,2508019,2508091,74723,72,74795,completed,36
31315,Rigid,2433296,2508092,2508205,74796,113,74909,completed,36
31316,Rigid,2433296,2508206,2508319,74910,113,75023,completed,36
31317,Rigid,2433296,2508285,2508397,74989,112,75101,completed,36
31318,Rigid,2433296,2508321,2509005,75025,684,75709,completed,36
31319,Rigid,2433296,2508398,2508511,75102,113,75215,completed,36
31320,Rigid,2433296,2508450,2508562,75154,112,75266,completed,36
31321,Rigid,2433296,2508513,2508627,75217,114,75331,completed,36
31322,Rigid,2433296,2508559,2508669,75263,110,75373,completed,36
31323,Rigid,2433296,2508563,2508682,75267,119,75386,completed,36
31324,Rigid,2433296,2508628,2508761,75332,133,75465,completed,36
31325,Rigid,2433296,2508670,2508821,75374,151,75525,completed,36
31326,Rigid,2433296,2508683,2508904,75387,221,75608,completed,36
31327,Rigid,2433296,2508763,2509032,75467,269,75736,completed,36
31328,Rigid,2433296,2508822,2509083,75526,261,75787,completed,36
31329,Rigid,2433296,2508905,2508989,75609,84,75693,completed,36
31330,Rigid,2433296,2508990,2509280,75694,290,75984,completed,36
31331,Rigid,2433296,2509006,2509260,75710,254,75964,completed,36
31332,Rigid,2433296,2509033,2509290,75737,257,75994,completed,36
31333,Rigid,2433296,2509084,2509355,75788,271,76059,completed,36
31334,Rigid,2433296,2509142,2509290,75846,148,75994,completed,36
31335,Rigid,2433296,2509261,2509303,75965,42,76007,completed,36
31336,Rigid,2433296,2509282,2509360,75986,78,76064,completed,36
31337,Rigid,2433296,2509291,2509519,75995,228,76223,completed,36
31338,Rigid,2433296,2509291,2509314,75995,23,76018,completed,36
31339,Rigid,2433296,2509304,2509929,76008,625,76633,completed,36
31340,Rigid,2433296,2509315,2509338,76019,23,76042,completed,36
31341,Rigid,2433296,2509339,2509624,76043,285,76328,completed,36
31342,Rigid,2433296,2509356,2509379,76060,23,76083,completed,36
31343,Rigid,2433296,2509361,2509433,76065,72,76137,completed,36
31344,Rigid,2433296,2509380,2509451,76084,71,76155,completed,36
31345,Rigid,2433296,2509435,2509517,76139,82,76221,completed,36
31346,Rigid,2433296,2509452,2509522,76156,70,76226,completed,36
31347,Rigid,2433296,2509518,2509642,76222,124,76346,completed,36
31348,Rigid,2433296,2509520,2509590,76224,70,76294,completed,36
31349,Rigid,2433296,2509524,2525317,76228,15793,92021,completed,36
31350,Rigid,2433296,2509591,2513542,76295,3951,80246,completed,36
31351,Rigid,2433296,2509625,2509655,76329,30,76359,completed,36
31352,Rigid,2433296,2509643,2509671,76347,28,76375,completed,36
31353,Rigid,2433296,2509656,2509729,76360,73,76433,completed,36
31354,Rigid,2433296,2509673,2509697,76377,24,76401,completed,36
31355,Rigid,2433296,2509698,2509882,76402,184,76586,completed,36
31356,Rigid,2433296,2509730,2510331,76434,601,77035,completed,36
31357,Rigid,2433296,2509883,2509917,76587,34,76621,completed,36
31358,Rigid,2433296,2509917,2509996,76621,79,76700,completed,36
31359,Rigid,2433296,2509930,2509996,76634,66,76700,completed,36
31360,Rigid,2433296,2509958,2510034,76662,76,76738,completed,36
31361,Rigid,2433296,2509997,2510472,76701,475,77176,completed,36
31362,Rigid,2433296,2509997,2510028,76701,31,76732,completed,36
31363,Rigid,2433296,2510029,2510093,76733,64,76797,completed,36
31364,Rigid,2433296,2510035,2510067,76739,32,76771,completed,36
31365,Rigid,2433296,2510068,2510141,76772,73,76845,completed,36
31366,Rigid,2433296,2510094,2510116,76798,22,76820,completed,36
31367,Rigid,2433296,2510117,2510194,76821,77,76898,completed,36
31368,Rigid,2433296,2510142,2529221,76846,19079,95925,completed,36
31369,Rigid,2433296,2510195,2510403,76899,208,77107,completed,36
31370,Rigid,2433296,2510332,2510589,77036,257,77293,completed,36
31371,Rigid,2433296,2510404,2510640,77108,236,77344,completed,36
31372,Rigid,2433296,2510423,2510687,77127,264,77391,completed,36
31373,Rigid,2433296,2510474,2510810,77178,336,77514,completed,36
31374,Rigid,2433296,2510590,2511204,77294,614,77908,completed,36
31375,Rigid,2433296,2510641,2523018,77345,12377,89722,completed,36
31376,Rigid,2433296,2510689,2510756,77393,67,77460,completed,36
31377,Rigid,2433296,2510757,2510807,77461,50,77511,completed,36
31378,Rigid,2433296,2510808,2510870,77512,62,77574,completed,36
31379,Rigid,2433296,2510812,2510859,77516,47,77563,completed,36
31380,Rigid,2433296,2510860,2510910,77564,50,77614,completed,36
31381,Rigid,2433296,2510871,2510910,77575,39,77614,completed,36
31382,Rigid,2433296,2510896,2510934,77600,38,77638,completed,36
31383,Rigid,2433296,2510911,2511180,77615,269,77884,completed,36
31384,Rigid,2433296,2510911,2510949,77615,38,77653,completed,36
31385,Rigid,2433296,2510935,2511025,77639,90,77729,completed,36
31386,Rigid,2433296,2510950,2511040,77654,90,77744,completed,36
31387,Rigid,2433296,2511026,2511125,77730,99,77829,completed,36
31388,Rigid,2433296,2511041,2511131,77745,90,77835,completed,36
31389,Rigid,2433296,2511127,2511227,77831,100,77931,completed,36
31390,Rigid,2433296,2511132,2511227,77836,95,77931,completed,36
31391,Rigid,2433296,2511182,2511281,77886,99,77985,completed,36
31392,Rigid,2433296,2511205,2511295,77909,90,77999,completed,36
31393,Rigid,2433296,2511228,2511318,77932,90,78022,completed,36
31394,Rigid,2433296,2511228,2511787,77932,559,78491,completed,36
31395,Rigid,2433296,2511283,2511383,77987,100,78087,completed,36
31396,Rigid,2433296,2511296,2511387,78000,91,78091,completed,36
31397,Rigid,2433296,2511320,2511409,78024,89,78113,completed,36
31398,Rigid,2433296,2511332,2511360,78036,28,78064,completed,36
31399,Rigid,2433296,2511361,2511436,78065,75,78140,completed,36
31400,Rigid,2433296,2511361,2511416,78065,55,78120,completed,36
31401,Rigid,2433296,2511361,2511466,78065,105,78170,completed,36
31402,Rigid,2433296,2511384,2516957,78088,5573,83661,completed,36
31403,Rigid,2433296,2511389,2511493,78093,104,78197,completed,36
31404,Rigid,2433296,2511411,2511515,78115,104,78219,completed,36
31405,Rigid,2433296,2511417,2511519,78121,102,78223,completed,36
31406,Rigid,2433296,2511437,2511540,78141,103,78244,completed,36
31407,Rigid,2433296,2511454,2511558,78158,104,78262,completed,36
31408,Rigid,2433296,2511468,2511570,78172,102,78274,completed,36
31409,Rigid,2433296,2511495,2511533,78199,38,78237,completed,36
31410,Rigid,2433296,2511516,2511620,78220,104,78324,completed,36
31411,Rigid,2433296,2511521,2511535,78225,14,78239,completed,36
31412,Rigid,2433296,2511535,2511612,78239,77,78316,completed,36
31413,Rigid,2433296,2511535,2511607,78239,72,78311,completed,36
31414,Rigid,2433296,2511541,2521710,78245,10169,88414,completed,36
31415,Rigid,2433296,2511560,2511629,78264,69,78333,completed,36
31416,Rigid,2433296,2511572,2514456,78276,2884,81160,completed,36
31417,Rigid,2433296,2511609,2512032,78313,423,78736,completed,36
31418,Rigid,2433296,2511613,2511860,78317,247,78564,completed,36
31419,Rigid,2433296,2511621,2512477,78325,856,79181,completed,36
31420,Rigid,2433296,2511631,2511705,78335,74,78409,completed,36
31421,Rigid,2433296,2511706,2511741,78410,35,78445,completed,36
31422,Rigid,2433296,2511742,2511774,78446,32,78478,completed,36
31423,Rigid,2433296,2511775,2511800,78479,25,78504,completed,36
31424,Rigid,2433296,2511789,2511812,78493,23,78516,completed,36
31425,Rigid,2433296,2511801,2511829,78505,28,78533,completed,36
31426,Rigid,2433296,2511814,2511836,78518,22,78540,completed,36
31427,Rigid,2433296,2511831,2511904,78535,73,78608,completed,36
31428,Rigid,2433296,2511837,2513499,78541,1662,80203,completed,36
31429,Rigid,2433296,2511862,2511912,78566,50,78616,completed,36
31430,Rigid,2433296,2511905,2511956,78609,51,78660,completed,36
31431,Rigid,2433296,2511913,2511968,78617,55,78672,completed,36
31432,Rigid,2433296,2511934,2511984,78638,50,78688,completed,36
31433,Rigid,2433296,2511957,2512007,78661,50,78711,completed,36
31434,Rigid,2433296,2511970,2512043,78674,73,78747,completed,36
31435,Rigid,2433296,2511986,2516811,78690,4825,83515,completed,36
31436,Rigid,2433296,2512009,2512672,78713,663,79376,completed,36
31437,Rigid,2433296,2512033,2512106,78737,73,78810,completed,36
31438,Rigid,2433296,2512044,2512261,78748,217,78965,completed,36
31439,Rigid,2433296,2512107,2512187,78811,80,78891,completed,36
31440,Rigid,2433296,2512188,2512223,78892,35,78927,completed,36
31441,Rigid,2433296,2512224,2512292,78928,68,78996,completed,36
31442,Rigid,2433296,2512224,2512649,78928,425,79353,completed,36
31443,Rigid,2433296,2512262,2512352,78966,90,79056,completed,36
31444,Rigid,2433296,2512293,2512360,78997,67,79064,completed,36
31445,Rigid,2433296,2512353,2512438,79057,85,79142,completed,36
31446,Rigid,2433296,2512361,2512561,79065,200,79265,completed,36
31447,Rigid,2433296,2512440,2512515,79144,75,79219,completed,36
31448,Rigid,2433296,2512477,2513042,79181,565,79746,completed,36
31449,Rigid,2433296,2512516,2512599,79220,83,79303,completed,36
31450,Rigid,2433296,2512563,2512644,79267,81,79348,completed,36
31451,Rigid,2433296,2512600,2512681,79304,81,79385,completed,36
31452,Rigid,2433296,2512645,2512743,79349,98,79447,completed,36
31453,Rigid,2433296,2512650,2512757,79354,107,79461,completed,36
31454,Rigid,2433296,2512673,2512761,79377,88,79465,completed,36
31455,Rigid,2433296,2512682,2512771,79386,89,79475,completed,36
31456,Rigid,2433296,2512744,2512841,79448,97,79545,completed,36
31457,Rigid,2433296,2512759,2512861,79463,102,79565,completed,36
31458,Rigid,2433296,2512762,2513877,79466,1115,80581,completed,36
31459,Rigid,2433296,2512773,2512874,79477,101,79578,completed,36
31460,Rigid,2433296,2513476,2513596,80180,120,80300,completed,36
31461,Rigid,2433296,2513478,2513596,80182,118,80300,completed,36
31462,Rigid,2433296,2513482,2513611,80186,129,80315,completed,36
31463,Rigid,2433296,2513483,2513795,80187,312,80499,completed,36
31464,Rigid,2433296,2513501,2513741,80205,240,80445,completed,36
31465,Rigid,2433296,2513524,2514779,80228,1255,81483,completed,36
31466,Rigid,2433296,2513544,2513680,80248,136,80384,completed,36
31467,Rigid,2433296,2513598,2513741,80302,143,80445,completed,36
31468,Rigid,2433296,2513598,2513651,80302,53,80355,completed,36
31469,Rigid,2433296,2513613,2514430,80317,817,81134,completed,36
31470,Rigid,2433296,2513652,2513739,80356,87,80443,completed,36
31471,Rigid,2433296,2513681,2513705,80385,24,80409,completed,36
31472,Rigid,2433296,2513706,2513736,80410,30,80440,completed,36
31473,Rigid,2433296,2513737,2513762,80441,25,80466,completed,36
31474,Rigid,2433296,2513740,2513803,80444,63,80507,completed,36
31475,Rigid,2433296,2513742,2513773,80446,31,80477,completed,36
31476,Rigid,2433296,2513742,2513766,80446,24,80470,completed,36
31477,Rigid,2433296,2513763,2513794,80467,31,80498,completed,36
31478,Rigid,2433296,2513767,2513819,80471,52,80523,completed,36
31479,Rigid,2433296,2513774,2514274,80478,500,80978,completed,36
31480,Rigid,2433296,2513795,2513839,80499,44,80543,completed,36
31481,Rigid,2433296,2513797,2513873,80501,76,80577,completed,36
31482,Rigid,2433296,2513805,2513863,80509,58,80567,completed,36
31483,Rigid,2433296,2513821,2513861,80525,40,80565,completed,36
31484,Rigid,2433296,2513840,2513863,80544,23,80567,completed,36
31485,Rigid,2433296,2513863,2513936,80567,73,80640,completed,36
31486,Rigid,2433296,2513864,2513887,80568,23,80591,completed,36
31487,Rigid,2433296,2513864,2513894,80568,30,80598,completed,36
31488,Rigid,2433296,2513874,2513951,80578,77,80655,completed,36
31489,Rigid,2433296,2513878,2513900,80582,22,80604,completed,36
31490,Rigid,2433296,2513888,2513910,80592,22,80614,completed,36
31491,Rigid,2433296,2513895,2513916,80599,21,80620,completed,36
31492,Rigid,2433296,2513901,2513923,80605,22,80627,completed,36
31493,Rigid,2433296,2513912,2513951,80616,39,80655,completed,36
31494,Rigid,2433296,2513918,2513992,80622,74,80696,completed,36
31495,Rigid,2433296,2513924,2513994,80628,70,80698,completed,36
31496,Rigid,2433296,2513937,2514047,80641,110,80751,completed,36
31497,Rigid,2433296,2513952,2515495,80656,1543,82199,completed,36
31498,Rigid,2433296,2513953,2514029,80657,76,80733,completed,36
31499,Rigid,2433296,2513993,2514047,80697,54,80751,completed,36
31500,Rigid,2433296,2513996,2514042,80700,46,80746,completed,36
31501,Rigid,2433296,2514030,2514139,80734,109,80843,completed,36
31502,Rigid,2433296,2514044,2514069,80748,25,80773,completed,36
31503,Rigid,2433296,2514048,2514121,80752,73,80825,completed,36
31504,Rigid,2433296,2514048,2514550,80752,502,81254,completed,36
31505,Rigid,2433296,2514070,2517034,80774,2964,83738,completed,36
31506,Rigid,2433296,2514123,2514409,80827,286,81113,completed,36
31507,Rigid,2433296,2514140,2523262,80844,9122,89966,completed,36
31508,Rigid,2433296,2514276,2514367,80980,91,81071,completed,36
31509,Rigid,2433296,2514368,2514607,81072,239,81311,completed,36
31510,Rigid,2433296,2514411,2514619,81115,208,81323,completed,36
31511,Rigid,2433296,2514432,2514456,81136,24,81160,completed,36
31512,Rigid,2433296,2514458,2514591,81162,133,81295,completed,36
31513,Rigid,2433296,2514458,2515469,81162,1011,82173,completed,36
31514,Rigid,2433296,2514550,2514649,81254,99,81353,completed,36
31515,Rigid,2433780,2433781,2435408,1,1627,1628,completed,18
31516,Rigid,2433851,2433852,2437472,1,3620,3621,completed,1
31517,Rigid,2433974,2433975,2779594,1,345619,345620,completed,144
31518,Rigid,2434291,2434292,2449139,1,14847,14848,completed,18
31519,Rigid,2434291,2434292,2451602,1,17310,17311,completed,18
31520,Rigid,2434291,2434292,2449857,1,15565,15566,completed,18
31521,Rigid,2434535,2434535,2435312,0,777,777,completed,1
31522,Rigid,2434590,2434591,2435264,1,673,674,completed,1
31523,Rigid,2435019,2435019,2435813,0,794,794,completed,1
31524,Rigid,2435162,2435163,2435946,1,783,784,completed,1
31525,Rigid,2435318,2435318,2437680,0,2362,2362,completed,18
31526,Rigid,2435416,2435417,2435422,1,5,6,completed,1
31527,Rigid,2435416,2435417,2435422,1,5,6,completed,1
31528,Rigid,2435427,2435428,2435431,1,3,4,completed,1
31529,Rigid,2435428,2435428,2435439,0,11,11,completed,4
31530,Rigid,2435449,2435450,2435455,1,5,6,completed,1
31531,Rigid,2435692,2435693,2436680,1,987,988,completed,1
31532,Rigid,2435831,2442607,2455599,6776,12992,19768,completed,36
31533,Rigid,2435956,2435957,2439338,1,3381,3382,completed,18
31534,Rigid,2435968,2435968,2437085,0,1117,1117,completed,1
31535,Rigid,2436045,2436045,2437166,0,1121,1121,completed,1
31536,Rigid,2436247,2436247,2437449,0,1202,1202,completed,1
31537,Rigid,2436621,2436621,2437914,0,1293,1293,completed,1
31538,Rigid,2436822,2436823,2438140,1,1317,1318,completed,1
31539,Rigid,2437006,2437016,2437026,10,10,20,completed,1
31540,Rigid,2437006,2437047,2437052,41,5,46,completed,1
31541,Rigid,2437007,2493361,2493371,56354,10,56364,completed,1
31542,Rigid,2437092,2437093,2440146,1,3053,3054,completed,18
31543,Rigid,2437405,2437405,2438778,0,1373,1373,completed,1
31544,Rigid,2437455,2437455,2440786,0,3331,3331,completed,18
31545,Rigid,2437545,2437546,2438890,1,1344,1345,completed,1
31546,Rigid,2437594,2437622,2445421,28,7799,7827,completed,1
31547,Rigid,2437594,2437622,2445595,28,7973,8001,completed,1
31548,Rigid,2437594,2437622,2442407,28,4785,4813,completed,1
31549,Rigid,2437594,2437622,2437650,28,28,56,completed,1
31550,Rigid,2437594,2437623,2437650,29,27,56,completed,1
31551,Rigid,2437594,2437623,2437650,29,27,56,completed,1
31552,Rigid,2437594,2437623,2437650,29,27,56,completed,1
31553,Rigid,2437594,2437623,2437650,29,27,56,completed,1
31554,Rigid,2437594,2437623,2437650,29,27,56,completed,1
31555,Rigid,2437594,2437623,2437650,29,27,56,completed,1
31556,Rigid,2437594,2437623,2437650,29,27,56,completed,1
31557,Rigid,2437686,2437686,2437691,0,5,5,completed,1
31558,Rigid,2437686,2437686,2437697,0,11,11,completed,1
31559,Rigid,2437696,2437696,2437707,0,11,11,completed,4
31560,Rigid,2437706,2437706,2437710,0,4,4,completed,1
31561,Rigid,2437716,2437717,2437720,1,3,4,completed,1
31562,Rigid,2438141,2438141,2442719,0,4578,4578,completed,18
31563,Rigid,2438294,2438318,2446419,24,8101,8125,completed,1
31564,Rigid,2438294,2438318,2446575,24,8257,8281,completed,1
31565,Rigid,2438294,2438318,2442940,24,4622,4646,completed,1
31566,Rigid,2438450,2438450,2438461,0,11,11,completed,1
31567,Rigid,2438776,2438801,2446478,25,7677,7702,completed,1
31568,Rigid,2438776,2438801,2446262,25,7461,7486,completed,1
31569,Rigid,2438776,2438801,2439473,25,672,697,completed,1
31570,Rigid,2438781,2438801,2446541,20,7740,7760,completed,1
31571,Rigid,2438781,2438801,2444818,20,6017,6037,completed,1
31572,Rigid,2438785,2438801,2446340,16,7539,7555,completed,1
31573,Rigid,2438785,2438801,2446404,16,7603,7619,completed,1
31574,Rigid,2438785,2438801,2446527,16,7726,7742,completed,1
31575,Rigid,2438785,2438801,2446324,16,7523,7539,completed,1
31576,Rigid,2438785,2438801,2447000,16,8199,8215,completed,1
31577,Rigid,2438785,2438802,2440498,17,1696,1713,completed,1
31578,Rigid,2438892,2438893,2442925,1,4032,4033,completed,18
31579,Rigid,2439345,2439346,2439351,1,5,6,completed,1
31580,Rigid,2439346,2439346,2439351,0,5,5,completed,1
31581,Rigid,2439355,2439356,2439360,1,4,5,completed,1
31582,Rigid,2439355,2439356,2439369,1,13,14,completed,4
31583,Rigid,2439375,2439376,2439380,1,4,5,completed,1
31584,Rigid,2439820,2439820,2440721,0,901,901,completed,36
31585,Rigid,2439834,2439835,2439839,1,4,5,completed,36
31586,Rigid,2439891,2439891,2440206,0,315,315,completed,36
31587,Rigid,2440153,2440153,2440158,0,5,5,completed,1
31588,Rigid,2440153,2440153,2440158,0,5,5,completed,1
31589,Rigid,2440163,2440164,2440168,1,4,5,completed,1
31590,Rigid,2440164,2440164,2440172,0,8,8,completed,4
31591,Rigid,2440174,2440174,2440177,0,3,3,completed,1
31592,Rigid,2440788,2440789,2440794,1,5,6,completed,1
31593,Rigid,2440788,2440789,2440794,1,5,6,completed,1
31594,Rigid,2440798,2440799,2440806,1,7,8,completed,4
31595,Rigid,2440798,2440799,2440802,1,3,4,completed,1
31596,Rigid,2440808,2440809,2440812,1,3,4,completed,1
31597,Rigid,2441621,2441952,2441993,331,41,372,completed,288
31598,Rigid,2442721,2442722,2442729,1,7,8,completed,1
31599,Rigid,2442721,2442722,2442730,1,8,9,completed,1
31600,Rigid,2442731,2442731,2442735,0,4,4,completed,1
31601,Rigid,2442731,2442731,2442746,0,15,15,completed,4
31602,Rigid,2442751,2442752,2442755,1,3,4,completed,1
31603,Rigid,2442878,2443597,2453789,719,10192,10911,completed,288
31604,Rigid,2442932,2442932,2442937,0,5,5,completed,1
31605,Rigid,2442932,2442932,2442937,0,5,5,completed,1
31606,Rigid,2442942,2442944,2442951,2,7,9,completed,4
31607,Rigid,2442942,2442944,2442954,2,10,12,completed,12
31608,Rigid,2442943,2442944,2442947,1,3,4,completed,1
31609,Rigid,2442952,2442952,2442955,0,3,3,completed,1
31610,Rigid,2442977,2442978,2443095,1,117,118,completed,1
31611,Rigid,2442977,2442978,2447306,1,4328,4329,completed,8
31612,Rigid,2442977,2442978,2443117,1,139,140,completed,1
31613,Rigid,2442977,2442978,2447238,1,4260,4261,completed,8
31614,Rigid,2442977,2442978,2443094,1,116,117,completed,1
31615,Rigid,2442977,2442978,2447267,1,4289,4290,completed,8
31616,Rigid,2442977,2442978,2443125,1,147,148,completed,1
31617,Rigid,2442977,2442978,2447421,1,4443,4444,completed,8
31618,Rigid,2442977,2442978,2447167,1,4189,4190,completed,8
31619,Rigid,2442978,2442978,2443075,0,97,97,completed,1
31620,Rigid,2442978,2442978,2447360,0,4382,4382,completed,8
31621,Rigid,2442978,2442978,2443124,0,146,146,completed,1
31622,Rigid,2442978,2442978,2447421,0,4443,4443,completed,8
31623,Rigid,2442978,2442982,2447329,4,4347,4351,completed,8
31624,Rigid,2442978,2442982,2443080,4,98,102,completed,1
31625,Rigid,2442978,2442982,2447209,4,4227,4231,completed,8
31626,Rigid,2442978,2442982,2443137,4,155,159,completed,1
31627,Rigid,2442978,2442982,2447208,4,4226,4230,completed,8
31628,Rigid,2442978,2442982,2447238,4,4256,4260,completed,8
31629,Rigid,2442978,2442982,2443049,4,67,71,completed,1
31630,Rigid,2442979,2442982,2443147,3,165,168,completed,1
31631,Rigid,2442979,2442982,2443047,3,65,68,completed,1
31632,Rigid,2442979,2442982,2443170,3,188,191,completed,1
31633,Rigid,2442979,2442982,2443117,3,135,138,completed,1
31634,Rigid,2442979,2442982,2447290,3,4308,4311,completed,8
31635,Rigid,2442979,2442982,2443176,3,194,197,completed,1
31636,Rigid,2442979,2442982,2452849,3,9867,9870,completed,4
31637,Rigid,2442979,2442982,2448051,3,5069,5072,completed,4
31638,Rigid,2442979,2442982,2461441,3,18459,18462,completed,4
31639,Rigid,2442979,2442982,2452478,3,9496,9499,completed,4
31640,Rigid,2442979,2442982,2454147,3,11165,11168,completed,4
31641,Rigid,2442980,2442982,2449682,2,6700,6702,completed,4
31642,Rigid,2442980,2442982,2453470,2,10488,10490,completed,4
31643,Rigid,2442980,2442982,2451781,2,8799,8801,completed,4
31644,Rigid,2442980,2442982,2461004,2,18022,18024,completed,4
31645,Rigid,2442980,2442982,2446749,2,3767,3769,completed,4
31646,Rigid,2442980,2442982,2448064,2,5082,5084,completed,4
31647,Rigid,2442980,2442982,2447441,2,4459,4461,completed,4
31648,Rigid,2442980,2442982,2449530,2,6548,6550,completed,4
31649,Rigid,2442980,2442982,2454533,2,11551,11553,completed,4
31650,Rigid,2443059,2443059,2443121,0,62,62,completed,3
31651,Rigid,2443069,2456417,2457042,13348,625,13973,completed,432
31652,Rigid,2443085,2443085,2443152,0,67,67,completed,3
31653,Rigid,2443097,2443097,2443150,0,53,53,completed,3
31654,Rigid,2443123,2443124,2443131,1,7,8,completed,1
31655,Rigid,2443125,2443126,2443177,1,51,52,completed,3
31656,Rigid,2443138,2443138,2443188,0,50,50,completed,3
31657,Rigid,2443142,2456418,2457126,13276,708,13984,completed,216
31658,Rigid,2443151,2443151,2443199,0,48,48,completed,3
31659,Rigid,2443163,2443163,2443169,0,6,6,completed,1
31660,Rigid,2443163,2443163,2443169,0,6,6,completed,1
31661,Rigid,2443177,2443177,2443227,0,50,50,completed,3
31662,Rigid,2443189,2443189,2443195,0,6,6,completed,1
31663,Rigid,2443190,2443193,2443198,3,5,8,completed,1
31664,Rigid,2443202,2443202,2443207,0,5,5,completed,1
31665,Rigid,2443227,2443228,2443233,1,5,6,completed,1
31666,Rigid,2445831,2445838,2450488,7,4650,4657,completed,1
31667,Rigid,2445831,2445838,2450287,7,4449,4456,completed,1
31668,Rigid,2445831,2445838,2448428,7,2590,2597,completed,1
31669,Rigid,2445847,2445868,2446120,21,252,273,completed,1
31670,Rigid,2445847,2445868,2446120,21,252,273,completed,1
31671,Rigid,2445847,2445868,2446120,21,252,273,completed,1
31672,Rigid,2446307,2446307,2446326,0,19,19,completed,1
31673,Rigid,2446337,2446337,2446348,0,11,11,completed,1
31674,Rigid,2446337,2446337,2446358,0,21,21,completed,1
31675,Rigid,2446337,2446337,2446339,0,2,2,completed,1
31676,Rigid,2446337,2446337,2446339,0,2,2,completed,1
31677,Rigid,2446337,2446337,2446348,0,11,11,completed,1
31678,Rigid,2446356,2446381,2452922,25,6541,6566,completed,1
31679,Rigid,2446356,2446381,2452949,25,6568,6593,completed,1
31680,Rigid,2446356,2446381,2450238,25,3857,3882,completed,1
31681,Rigid,2446759,2446759,2448451,0,1692,1692,completed,1
31682,Rigid,2447238,2447239,2447246,1,7,8,completed,1
31683,Rigid,2447275,2447275,2447279,0,4,4,completed,1
31684,Rigid,2447299,2447299,2447304,0,5,5,completed,1
31685,Rigid,2447311,2447311,2447314,0,3,3,completed,1
31686,Rigid,2447367,2447367,2447372,0,5,5,completed,1
31687,Rigid,2447422,2447422,2447426,0,4,4,completed,1
31688,Rigid,2447422,2447422,2447426,0,4,4,completed,1
31689,Rigid,2447445,2447445,2449190,0,1745,1745,completed,1
31690,Rigid,2448054,2448054,2451804,0,3750,3750,completed,1
31691,Rigid,2448065,2448065,2451792,0,3727,3727,completed,1
31692,Rigid,2449074,2467109,2481106,18035,13997,32032,completed,144
31693,Rigid,2449079,2481107,2495061,32028,13954,45982,completed,144
31694,Rigid,2449084,2485863,2495264,36779,9401,46180,completed,144
31695,Rigid,2449194,2449194,2450676,0,1482,1482,completed,4
31696,Rigid,2449306,2449306,2449325,0,19,19,completed,1
31697,Rigid,2449336,2449337,2449339,1,2,3,completed,1
31698,Rigid,2449336,2449337,2449347,1,10,11,completed,1
31699,Rigid,2449336,2449337,2449360,1,23,24,completed,1
31700,Rigid,2449336,2449337,2449347,1,10,11,completed,1
31701,Rigid,2449336,2449337,2449339,1,2,3,completed,1
31702,Rigid,2449369,2453811,2496931,4442,43120,47562,completed,36
31703,Rigid,2449536,2449536,2452709,0,3173,3173,completed,1
31704,Rigid,2449689,2449690,2452844,1,3154,3155,completed,1
31705,Rigid,2449825,2474472,2475473,24647,1001,25648,completed,36
31706,Rigid,2449844,2474472,2492244,24628,17772,42400,completed,36
31707,Rigid,2449850,2475494,2493988,25644,18494,44138,completed,36
31708,Rigid,2449857,2485863,2504719,36006,18856,54862,completed,36
31709,Rigid,2449865,2485863,2504154,35998,18291,54289,completed,36
31710,Rigid,2450686,2450686,2525420,0,74734,74734,completed,4
31711,Rigid,2451787,2451787,2456374,0,4587,4587,completed,1
31712,Rigid,2451809,2451809,2454586,0,2777,2777,completed,4
31713,Rigid,2452481,2452485,2457414,4,4929,4933,completed,1
31714,Rigid,2452855,2452855,2455100,0,2245,2245,completed,4
31715,Rigid,2452855,2452855,2459485,0,6630,6630,completed,1
31716,Rigid,2453476,2453477,2459983,1,6506,6507,completed,1
31717,Rigid,2453599,2485863,2507233,32264,21370,53634,completed,36
31718,Rigid,2454152,2454153,2459453,1,5300,5301,completed,1
31719,Rigid,2454537,2454538,2460236,1,5698,5699,completed,1
31720,Rigid,2454593,2454593,2593441,0,138848,138848,completed,4
31721,Rigid,2455111,2455111,2499843,0,44732,44732,completed,4
31722,Rigid,2457417,2457418,2460508,1,3090,3091,completed,4
31723,Rigid,2458913,2485863,2582392,26950,96529,123479,completed,108
31724,Rigid,2458997,2485863,2582899,26866,97036,123902,completed,108
31725,Rigid,2459991,2459991,2463885,0,3894,3894,completed,4
31726,Rigid,2460241,2460242,2463578,1,3336,3337,completed,4
31727,Rigid,2460512,2460512,2486599,0,26087,26087,completed,4
31728,Rigid,2460840,2467104,2639919,6264,172815,179079,completed,36
31729,Rigid,2460880,2467104,2639919,6224,172815,179039,completed,36
31730,Rigid,2460918,2467104,2639919,6186,172815,179001,completed,36
31731,Rigid,2460959,2467104,2639919,6145,172815,178960,completed,36
31732,Rigid,2461009,2467104,2639919,6095,172815,178910,completed,36
31733,Rigid,2461013,2461013,2466579,0,5566,5566,completed,1
31734,Rigid,2461444,2461444,2467103,0,5659,5659,completed,1
31735,Rigid,2462269,2462293,2470302,24,8009,8033,completed,1
31736,Rigid,2462269,2462293,2469926,24,7633,7657,completed,1
31737,Rigid,2462269,2462293,2466937,24,4644,4668,completed,1
31738,Rigid,2462275,2462293,2466867,18,4574,4592,completed,1
31739,Rigid,2462275,2462293,2466843,18,4550,4568,completed,1
31740,Rigid,2462275,2462293,2464928,18,2635,2653,completed,1
31741,Rigid,2462280,2462293,2469074,13,6781,6794,completed,1
31742,Rigid,2462280,2462293,2469059,13,6766,6779,completed,1
31743,Rigid,2462280,2462293,2466315,13,4022,4035,completed,1
31744,Rigid,2463582,2463586,2492525,4,28939,28943,completed,4
31745,Rigid,2463894,2463895,2500759,1,36864,36865,completed,4
31746,Rigid,2464054,2485863,2503946,21809,18083,39892,completed,72
31747,Rigid,2467105,2467106,2470557,1,3451,3452,completed,4
31748,Rigid,2468758,2468759,2468765,1,6,7,completed,1
31749,Rigid,2468758,2468759,2468768,1,9,10,completed,6
31750,Rigid,2468778,2468778,2468807,0,29,29,completed,6
31751,Rigid,2468778,2468778,2468795,0,17,17,completed,1
31752,Rigid,2468778,2468778,2468793,0,15,15,completed,8
31753,Rigid,2468778,2468778,2468799,0,21,21,completed,16
31754,Rigid,2468797,2468797,2468802,0,5,5,completed,1
31755,Rigid,2468797,2468797,2468804,0,7,7,completed,1
31756,Rigid,2468807,2468807,2468810,0,3,3,completed,1
31757,Rigid,2468807,2468807,2468827,0,20,20,completed,1
31758,Rigid,2468807,2468807,2469953,0,1146,1146,completed,6
31759,Rigid,2468807,2468807,2469953,0,1146,1146,completed,6
31760,Rigid,2468807,2468807,2469953,0,1146,1146,completed,6
31761,Rigid,2468807,2468807,2469953,0,1146,1146,completed,6
31762,Rigid,2468807,2468807,2469953,0,1146,1146,completed,6
31763,Rigid,2468807,2468807,2469953,0,1146,1146,completed,6
31764,Rigid,2468807,2468807,2469953,0,1146,1146,completed,6
31765,Rigid,2468807,2468807,2469953,0,1146,1146,completed,6
31766,Rigid,2468807,2468807,2469953,0,1146,1146,completed,6
31767,Rigid,2468807,2468807,2469953,0,1146,1146,completed,6
31768,Rigid,2468807,2468807,2469953,0,1146,1146,completed,6
31769,Rigid,2468807,2468807,2469953,0,1146,1146,completed,6
31770,Rigid,2468807,2468807,2469953,0,1146,1146,completed,6
31771,Rigid,2468807,2468807,2469879,0,1072,1072,completed,6
31772,Rigid,2468807,2468807,2469953,0,1146,1146,completed,6
31773,Rigid,2468807,2468807,2469953,0,1146,1146,completed,6
31774,Rigid,2468807,2468807,2469953,0,1146,1146,completed,6
31775,Rigid,2468807,2468807,2469953,0,1146,1146,completed,6
31776,Rigid,2468808,2468809,2469953,1,1144,1145,completed,6
31777,Rigid,2468808,2468809,2469935,1,1126,1127,completed,6
31778,Rigid,2468808,2468809,2469953,1,1144,1145,completed,6
31779,Rigid,2468808,2468809,2469953,1,1144,1145,completed,6
31780,Rigid,2468808,2468809,2469916,1,1107,1108,completed,6
31781,Rigid,2468808,2468809,2469953,1,1144,1145,completed,6
31782,Rigid,2468808,2468809,2469953,1,1144,1145,completed,6
31783,Rigid,2468808,2468809,2469953,1,1144,1145,completed,6
31784,Rigid,2468808,2468809,2469953,1,1144,1145,completed,6
31785,Rigid,2468808,2468809,2469953,1,1144,1145,completed,6
31786,Rigid,2468808,2468809,2469948,1,1139,1140,completed,6
31787,Rigid,2468808,2468809,2469948,1,1139,1140,completed,6
31788,Rigid,2468808,2468809,2469953,1,1144,1145,completed,6
31789,Rigid,2468808,2468809,2469953,1,1144,1145,completed,6
31790,Rigid,2468808,2468809,2469948,1,1139,1140,completed,6
31791,Rigid,2468808,2468809,2469953,1,1144,1145,completed,6
31792,Rigid,2468808,2468809,2469917,1,1108,1109,completed,6
31793,Rigid,2468808,2468809,2469953,1,1144,1145,completed,6
31794,Rigid,2468808,2468809,2469953,1,1144,1145,completed,6
31795,Rigid,2468808,2468809,2469953,1,1144,1145,completed,6
31796,Rigid,2468808,2468809,2469953,1,1144,1145,completed,6
31797,Rigid,2468808,2468809,2469953,1,1144,1145,completed,6
31798,Rigid,2468808,2468809,2469953,1,1144,1145,completed,6
31799,Rigid,2468808,2468809,2469953,1,1144,1145,completed,6
31800,Rigid,2468808,2468809,2469953,1,1144,1145,completed,6
31801,Rigid,2468808,2468809,2469953,1,1144,1145,completed,6
31802,Rigid,2468808,2468809,2469953,1,1144,1145,completed,6
31803,Rigid,2468809,2468809,2469948,0,1139,1139,completed,6
31804,Rigid,2468809,2468809,2469953,0,1144,1144,completed,6
31805,Rigid,2468809,2468809,2469923,0,1114,1114,completed,6
31806,Rigid,2468809,2468809,2469923,0,1114,1114,completed,6
31807,Rigid,2468809,2468809,2469953,0,1144,1144,completed,6
31808,Rigid,2468809,2468809,2469953,0,1144,1144,completed,6
31809,Rigid,2468809,2468809,2469953,0,1144,1144,completed,6
31810,Rigid,2468809,2468809,2469926,0,1117,1117,completed,6
31811,Rigid,2468809,2468809,2469953,0,1144,1144,completed,6
31812,Rigid,2468809,2468809,2469906,0,1097,1097,completed,6
31813,Rigid,2468809,2468809,2469953,0,1144,1144,completed,6
31814,Rigid,2468809,2468809,2469953,0,1144,1144,completed,6
31815,Rigid,2468809,2468809,2469953,0,1144,1144,completed,6
31816,Rigid,2468809,2468809,2469953,0,1144,1144,completed,6
31817,Rigid,2468809,2468809,2469953,0,1144,1144,completed,6
31818,Rigid,2468809,2468809,2469953,0,1144,1144,completed,6
31819,Rigid,2468809,2468811,2469953,2,1142,1144,completed,6
31820,Rigid,2468809,2468811,2469953,2,1142,1144,completed,6
31821,Rigid,2468809,2468811,2469953,2,1142,1144,completed,6
31822,Rigid,2468810,2468811,2469953,1,1142,1143,completed,6
31823,Rigid,2468810,2468811,2469953,1,1142,1143,completed,6
31824,Rigid,2468810,2468811,2469953,1,1142,1143,completed,6
31825,Rigid,2468810,2468811,2469953,1,1142,1143,completed,6
31826,Rigid,2468810,2468811,2469953,1,1142,1143,completed,6
31827,Rigid,2468810,2468811,2469953,1,1142,1143,completed,6
31828,Rigid,2468810,2468811,2469953,1,1142,1143,completed,6
31829,Rigid,2468810,2468811,2469928,1,1117,1118,completed,6
31830,Rigid,2468810,2468811,2469953,1,1142,1143,completed,6
31831,Rigid,2468810,2468811,2469953,1,1142,1143,completed,6
31832,Rigid,2468810,2468811,2469953,1,1142,1143,completed,6
31833,Rigid,2468810,2468811,2469953,1,1142,1143,completed,6
31834,Rigid,2468810,2468811,2469953,1,1142,1143,completed,6
31835,Rigid,2468810,2468811,2469953,1,1142,1143,completed,6
31836,Rigid,2468810,2468811,2469953,1,1142,1143,completed,6
31837,Rigid,2468810,2468811,2469948,1,1137,1138,completed,6
31838,Rigid,2468810,2468811,2469948,1,1137,1138,completed,6
31839,Rigid,2468810,2468811,2469948,1,1137,1138,completed,6
31840,Rigid,2468811,2468811,2469922,0,1111,1111,completed,6
31841,Rigid,2468811,2468811,2469948,0,1137,1137,completed,6
31842,Rigid,2468811,2468811,2469948,0,1137,1137,completed,6
31843,Rigid,2468811,2468811,2469948,0,1137,1137,completed,6
31844,Rigid,2468811,2468811,2469948,0,1137,1137,completed,6
31845,Rigid,2468811,2468811,2469948,0,1137,1137,completed,6
31846,Rigid,2468811,2468811,2469953,0,1142,1142,completed,6
31847,Rigid,2468811,2468811,2469953,0,1142,1142,completed,6
31848,Rigid,2468811,2468811,2469953,0,1142,1142,completed,6
31849,Rigid,2468811,2468811,2469953,0,1142,1142,completed,6
31850,Rigid,2468811,2468811,2469943,0,1132,1132,completed,6
31851,Rigid,2468811,2468811,2469948,0,1137,1137,completed,6
31852,Rigid,2468811,2468811,2469948,0,1137,1137,completed,6
31853,Rigid,2468811,2468811,2469953,0,1142,1142,completed,6
31854,Rigid,2468811,2468811,2469948,0,1137,1137,completed,6
31855,Rigid,2468811,2468811,2469948,0,1137,1137,completed,6
31856,Rigid,2468811,2468811,2469948,0,1137,1137,completed,6
31857,Rigid,2468811,2468811,2469953,0,1142,1142,completed,6
31858,Rigid,2469972,2469973,2469990,1,17,18,completed,6
31859,Rigid,2469991,2469992,2470016,1,24,25,completed,6
31860,Rigid,2469991,2469992,2470016,1,24,25,completed,6
31861,Rigid,2469996,2469997,2470016,1,19,20,completed,6
31862,Rigid,2470560,2470560,2501868,0,31308,31308,completed,4
31863,Rigid,2480765,2480766,2480776,1,10,11,completed,1
31864,Rigid,2480765,2480766,2480789,1,23,24,completed,6
31865,Rigid,2480836,2480837,2480930,1,93,94,completed,6
31866,Rigid,2480836,2480837,2480892,1,55,56,completed,1
31867,Rigid,2480836,2480837,2480881,1,44,45,completed,8
31868,Rigid,2480836,2480837,2480898,1,61,62,completed,16
31869,Rigid,2480885,2480886,2480894,1,8,9,completed,1
31870,Rigid,2480886,2480886,2480897,0,11,11,completed,1
31871,Rigid,2480896,2480896,2481985,0,1089,1089,completed,6
31872,Rigid,2480896,2480896,2481985,0,1089,1089,completed,6
31873,Rigid,2480896,2480896,2481985,0,1089,1089,completed,6
31874,Rigid,2480896,2480896,2481985,0,1089,1089,completed,6
31875,Rigid,2480896,2480896,2481934,0,1038,1038,completed,6
31876,Rigid,2480896,2480896,2481985,0,1089,1089,completed,6
31877,Rigid,2480896,2480899,2481985,3,1086,1089,completed,6
31878,Rigid,2480896,2480899,2481985,3,1086,1089,completed,6
31879,Rigid,2480896,2480899,2481985,3,1086,1089,completed,6
31880,Rigid,2480896,2480899,2481955,3,1056,1059,completed,6
31881,Rigid,2480896,2480899,2481955,3,1056,1059,completed,6
31882,Rigid,2480896,2480899,2481981,3,1082,1085,completed,6
31883,Rigid,2480896,2480899,2481985,3,1086,1089,completed,6
31884,Rigid,2480896,2480899,2481985,3,1086,1089,completed,6
31885,Rigid,2480896,2480899,2481985,3,1086,1089,completed,6
31886,Rigid,2480896,2480899,2481985,3,1086,1089,completed,6
31887,Rigid,2480896,2480899,2481985,3,1086,1089,completed,6
31888,Rigid,2480896,2480899,2481985,3,1086,1089,completed,6
31889,Rigid,2480896,2480899,2481985,3,1086,1089,completed,6
31890,Rigid,2480896,2480899,2481985,3,1086,1089,completed,6
31891,Rigid,2480896,2480899,2481985,3,1086,1089,completed,6
31892,Rigid,2480896,2480899,2481985,3,1086,1089,completed,6
31893,Rigid,2480897,2480899,2481985,2,1086,1088,completed,6
31894,Rigid,2480897,2480899,2481985,2,1086,1088,completed,6
31895,Rigid,2480897,2480899,2481985,2,1086,1088,completed,6
31896,Rigid,2480897,2480899,2481985,2,1086,1088,completed,6
31897,Rigid,2480897,2480899,2481985,2,1086,1088,completed,6
31898,Rigid,2480897,2480899,2481985,2,1086,1088,completed,6
31899,Rigid,2480897,2480899,2481985,2,1086,1088,completed,6
31900,Rigid,2480897,2480899,2481985,2,1086,1088,completed,6
31901,Rigid,2480897,2480899,2481985,2,1086,1088,completed,6
31902,Rigid,2480897,2480899,2481985,2,1086,1088,completed,6
31903,Rigid,2480897,2480899,2481985,2,1086,1088,completed,6
31904,Rigid,2480897,2480899,2481985,2,1086,1088,completed,6
31905,Rigid,2480897,2480899,2481985,2,1086,1088,completed,6
31906,Rigid,2480897,2480899,2481985,2,1086,1088,completed,6
31907,Rigid,2480897,2480899,2481985,2,1086,1088,completed,6
31908,Rigid,2480897,2480899,2481985,2,1086,1088,completed,6
31909,Rigid,2480897,2480899,2481985,2,1086,1088,completed,6
31910,Rigid,2480897,2480899,2481985,2,1086,1088,completed,6
31911,Rigid,2480897,2480899,2481985,2,1086,1088,completed,6
31912,Rigid,2480897,2480899,2481985,2,1086,1088,completed,6
31913,Rigid,2480897,2480899,2481985,2,1086,1088,completed,6
31914,Rigid,2480897,2480899,2481985,2,1086,1088,completed,6
31915,Rigid,2480897,2480899,2481985,2,1086,1088,completed,6
31916,Rigid,2480897,2480899,2481985,2,1086,1088,completed,6
31917,Rigid,2480897,2480899,2481985,2,1086,1088,completed,6
31918,Rigid,2480897,2480899,2481985,2,1086,1088,completed,6
31919,Rigid,2480897,2480899,2481985,2,1086,1088,completed,6
31920,Rigid,2480897,2480899,2481985,2,1086,1088,completed,6
31921,Rigid,2480897,2480899,2481985,2,1086,1088,completed,6
31922,Rigid,2480897,2480899,2481985,2,1086,1088,completed,6
31923,Rigid,2480897,2480899,2481985,2,1086,1088,completed,6
31924,Rigid,2480898,2480899,2481985,1,1086,1087,completed,6
31925,Rigid,2480898,2480899,2481985,1,1086,1087,completed,6
31926,Rigid,2480898,2480899,2481975,1,1076,1077,completed,6
31927,Rigid,2480898,2480899,2481985,1,1086,1087,completed,6
31928,Rigid,2480898,2480899,2481985,1,1086,1087,completed,6
31929,Rigid,2480898,2480899,2481985,1,1086,1087,completed,6
31930,Rigid,2480898,2480899,2481985,1,1086,1087,completed,6
31931,Rigid,2480898,2480899,2481985,1,1086,1087,completed,6
31932,Rigid,2480898,2480899,2481985,1,1086,1087,completed,6
31933,Rigid,2480898,2480899,2481985,1,1086,1087,completed,6
31934,Rigid,2480898,2480899,2481985,1,1086,1087,completed,6
31935,Rigid,2480898,2480899,2481985,1,1086,1087,completed,6
31936,Rigid,2480898,2480899,2481985,1,1086,1087,completed,6
31937,Rigid,2480898,2480899,2481985,1,1086,1087,completed,6
31938,Rigid,2480898,2480899,2481985,1,1086,1087,completed,6
31939,Rigid,2480898,2480899,2481985,1,1086,1087,completed,6
31940,Rigid,2480898,2480899,2481985,1,1086,1087,completed,6
31941,Rigid,2480898,2480899,2481985,1,1086,1087,completed,6
31942,Rigid,2480898,2480899,2481985,1,1086,1087,completed,6
31943,Rigid,2480898,2480899,2481985,1,1086,1087,completed,6
31944,Rigid,2480898,2480899,2481985,1,1086,1087,completed,6
31945,Rigid,2480898,2480899,2481960,1,1061,1062,completed,6
31946,Rigid,2480898,2480899,2481980,1,1081,1082,completed,6
31947,Rigid,2480898,2480899,2481980,1,1081,1082,completed,6
31948,Rigid,2480898,2480899,2481980,1,1081,1082,completed,6
31949,Rigid,2480898,2480899,2481945,1,1046,1047,completed,6
31950,Rigid,2480898,2480899,2481980,1,1081,1082,completed,6
31951,Rigid,2480898,2480899,2481980,1,1081,1082,completed,6
31952,Rigid,2480898,2480899,2481980,1,1081,1082,completed,6
31953,Rigid,2480898,2480899,2481967,1,1068,1069,completed,6
31954,Rigid,2480898,2480899,2481980,1,1081,1082,completed,6
31955,Rigid,2480898,2480899,2481985,1,1086,1087,completed,6
31956,Rigid,2480898,2480899,2481985,1,1086,1087,completed,6
31957,Rigid,2480898,2480899,2481985,1,1086,1087,completed,6
31958,Rigid,2480898,2480899,2481985,1,1086,1087,completed,6
31959,Rigid,2480898,2480899,2481985,1,1086,1087,completed,6
31960,Rigid,2480898,2480899,2481980,1,1081,1082,completed,6
31961,Rigid,2480898,2480899,2481980,1,1081,1082,completed,6
31962,Rigid,2480899,2480899,2481985,0,1086,1086,completed,6
31963,Rigid,2480899,2480899,2481985,0,1086,1086,completed,6
31964,Rigid,2480899,2480899,2481985,0,1086,1086,completed,6
31965,Rigid,2480899,2480899,2481985,0,1086,1086,completed,6
31966,Rigid,2480899,2480899,2481980,0,1081,1081,completed,6
31967,Rigid,2480899,2480899,2481985,0,1086,1086,completed,6
31968,Rigid,2480899,2480899,2481920,0,1021,1021,completed,6
31969,Rigid,2480899,2480899,2481985,0,1086,1086,completed,6
31970,Rigid,2480899,2480899,2481912,0,1013,1013,completed,6
31971,Rigid,2480906,2480906,2480909,0,3,3,completed,1
31972,Rigid,2480906,2480906,2480964,0,58,58,completed,1
31973,Rigid,2481844,2485863,2581057,4019,95194,99213,completed,108
31974,Rigid,2481860,2500801,2596571,18941,95770,114711,completed,108
31975,Rigid,2482004,2482005,2482023,1,18,19,completed,6
31976,Rigid,2482024,2482024,2482049,0,25,25,completed,6
31977,Rigid,2482024,2482024,2482050,0,26,26,completed,6
31978,Rigid,2482024,2482024,2482048,0,24,24,completed,6
31979,Rigid,2484682,2484683,2484708,1,25,26,completed,8
31980,Rigid,2484683,2484687,2484716,4,29,33,completed,16
31981,Rigid,2484683,2484687,2484714,4,27,31,completed,1
31982,Rigid,2484683,2484687,2484728,4,41,45,completed,6
31983,Rigid,2484699,2484700,2484713,1,13,14,completed,8
31984,Rigid,2484699,2484700,2484717,1,17,18,completed,16
31985,Rigid,2484699,2484700,2484715,1,15,16,completed,1
31986,Rigid,2484699,2484700,2484722,1,22,23,completed,6
31987,Rigid,2484701,2484704,2484714,3,10,13,completed,6
31988,Rigid,2484701,2484704,2484711,3,7,10,completed,1
31989,Rigid,2484702,2484704,2484706,2,2,4,completed,6
31990,Rigid,2484702,2484704,2484705,2,1,3,completed,1
31991,Rigid,2484702,2484704,2484705,2,1,3,completed,8
31992,Rigid,2484702,2484704,2484705,2,1,3,completed,16
31993,Rigid,2484708,2484709,2484711,1,2,3,completed,1
31994,Rigid,2484708,2484709,2484716,1,7,8,completed,1
31995,Rigid,2484708,2484709,2484710,1,1,2,completed,1
31996,Rigid,2484708,2484709,2484711,1,2,3,completed,1
31997,Rigid,2484718,2484719,2484726,1,7,8,completed,1
31998,Rigid,2484718,2484719,2484741,1,22,23,completed,1
31999,Rigid,2484718,2484719,2484744,1,25,26,completed,1
32000,Rigid,2484718,2484719,2484736,1,17,18,completed,1
32001,Rigid,2484718,2484719,2484726,1,7,8,completed,1
32002,Rigid,2484718,2484719,2484726,1,7,8,completed,1
32003,Rigid,2484718,2484719,2484740,1,21,22,completed,1
32004,Rigid,2484719,2484720,2484726,1,6,7,completed,1
32005,Rigid,2484719,2484720,2485900,1,1180,1181,completed,6
32006,Rigid,2484719,2484720,2486887,1,2167,2168,completed,6
32007,Rigid,2484719,2484720,2486898,1,2178,2179,completed,6
32008,Rigid,2484719,2484720,2486870,1,2150,2151,completed,6
32009,Rigid,2484720,2484720,2485886,0,1166,1166,completed,6
32010,Rigid,2484720,2484723,2486889,3,2166,2169,completed,6
32011,Rigid,2484720,2484723,2486875,3,2152,2155,completed,6
32012,Rigid,2484720,2484723,2486890,3,2167,2170,completed,6
32013,Rigid,2484720,2484723,2486890,3,2167,2170,completed,6
32014,Rigid,2484720,2484723,2485888,3,1165,1168,completed,6
32015,Rigid,2484720,2484723,2486887,3,2164,2167,completed,6
32016,Rigid,2484720,2484723,2486887,3,2164,2167,completed,6
32017,Rigid,2484720,2484723,2486874,3,2151,2154,completed,6
32018,Rigid,2484721,2484723,2485899,2,1176,1178,completed,6
32019,Rigid,2484721,2484723,2485863,2,1140,1142,completed,6
32020,Rigid,2484721,2484723,2486887,2,2164,2166,completed,6
32021,Rigid,2484721,2484723,2485899,2,1176,1178,completed,6
32022,Rigid,2484721,2484723,2486884,2,2161,2163,completed,6
32023,Rigid,2484721,2484723,2485900,2,1177,1179,completed,6
32024,Rigid,2484721,2484723,2486884,2,2161,2163,completed,6
32025,Rigid,2484721,2484723,2485899,2,1176,1178,completed,6
32026,Rigid,2484721,2484723,2486887,2,2164,2166,completed,6
32027,Rigid,2484721,2484723,2485899,2,1176,1178,completed,6
32028,Rigid,2484721,2484723,2486884,2,2161,2163,completed,6
32029,Rigid,2484721,2484723,2486884,2,2161,2163,completed,6
32030,Rigid,2484721,2484723,2486884,2,2161,2163,completed,6
32031,Rigid,2484721,2484723,2485899,2,1176,1178,completed,6
32032,Rigid,2484721,2484723,2486884,2,2161,2163,completed,6
32033,Rigid,2484722,2484723,2485899,1,1176,1177,completed,6
32034,Rigid,2484722,2484723,2486884,1,2161,2162,completed,6
32035,Rigid,2484722,2484723,2485899,1,1176,1177,completed,6
32036,Rigid,2484729,2484730,2484743,1,13,14,completed,8
32037,Rigid,2484729,2484730,2484749,1,19,20,completed,16
32038,Rigid,2484729,2484730,2484745,1,15,16,completed,1
32039,Rigid,2484729,2484730,2484760,1,30,31,completed,6
32040,Rigid,2484730,2484734,2485900,4,1166,1170,completed,6
32041,Rigid,2484730,2484734,2486886,4,2152,2156,completed,6
32042,Rigid,2484730,2484734,2485900,4,1166,1170,completed,6
32043,Rigid,2484730,2484734,2486872,4,2138,2142,completed,6
32044,Rigid,2484730,2484734,2485900,4,1166,1170,completed,6
32045,Rigid,2484730,2484734,2486886,4,2152,2156,completed,6
32046,Rigid,2484730,2484734,2485900,4,1166,1170,completed,6
32047,Rigid,2484730,2484734,2485900,4,1166,1170,completed,6
32048,Rigid,2484730,2484734,2486891,4,2157,2161,completed,6
32049,Rigid,2484730,2484734,2486891,4,2157,2161,completed,6
32050,Rigid,2484730,2484734,2485900,4,1166,1170,completed,6
32051,Rigid,2484731,2484734,2486891,3,2157,2160,completed,6
32052,Rigid,2484731,2484734,2485899,3,1165,1168,completed,6
32053,Rigid,2484731,2484734,2486856,3,2122,2125,completed,6
32054,Rigid,2484731,2484734,2485899,3,1165,1168,completed,6
32055,Rigid,2484731,2484734,2485900,3,1166,1169,completed,6
32056,Rigid,2484731,2484734,2485899,3,1165,1168,completed,6
32057,Rigid,2484731,2484734,2485899,3,1165,1168,completed,6
32058,Rigid,2484731,2484734,2486884,3,2150,2153,completed,6
32059,Rigid,2484731,2484734,2485900,3,1166,1169,completed,6
32060,Rigid,2484731,2484734,2486884,3,2150,2153,completed,6
32061,Rigid,2484731,2484734,2486884,3,2150,2153,completed,6
32062,Rigid,2484731,2484734,2486884,3,2150,2153,completed,6
32063,Rigid,2484731,2484734,2485900,3,1166,1169,completed,6
32064,Rigid,2484731,2484734,2486884,3,2150,2153,completed,6
32065,Rigid,2484731,2484734,2486884,3,2150,2153,completed,6
32066,Rigid,2484731,2484734,2485900,3,1166,1169,completed,6
32067,Rigid,2484731,2484734,2486884,3,2150,2153,completed,6
32068,Rigid,2484731,2484734,2486884,3,2150,2153,completed,6
32069,Rigid,2484731,2484734,2485849,3,1115,1118,completed,6
32070,Rigid,2484731,2484734,2485900,3,1166,1169,completed,6
32071,Rigid,2484731,2484734,2485900,3,1166,1169,completed,6
32072,Rigid,2484731,2484734,2486893,3,2159,2162,completed,6
32073,Rigid,2484731,2484734,2485900,3,1166,1169,completed,6
32074,Rigid,2484731,2484734,2485900,3,1166,1169,completed,6
32075,Rigid,2484731,2484734,2485900,3,1166,1169,completed,6
32076,Rigid,2484732,2484734,2485900,2,1166,1168,completed,6
32077,Rigid,2484732,2484734,2486890,2,2156,2158,completed,6
32078,Rigid,2484732,2484734,2486890,2,2156,2158,completed,6
32079,Rigid,2484732,2484734,2485900,2,1166,1168,completed,6
32080,Rigid,2484732,2484734,2485900,2,1166,1168,completed,6
32081,Rigid,2484732,2484734,2486867,2,2133,2135,completed,6
32082,Rigid,2484732,2484734,2485900,2,1166,1168,completed,6
32083,Rigid,2484732,2484734,2485900,2,1166,1168,completed,6
32084,Rigid,2484732,2484734,2485899,2,1165,1167,completed,6
32085,Rigid,2484732,2484734,2485899,2,1165,1167,completed,6
32086,Rigid,2484732,2484734,2486857,2,2123,2125,completed,6
32087,Rigid,2484733,2484734,2486884,1,2150,2151,completed,6
32088,Rigid,2484733,2484734,2485899,1,1165,1166,completed,6
32089,Rigid,2484733,2484734,2486889,1,2155,2156,completed,6
32090,Rigid,2484733,2484734,2485900,1,1166,1167,completed,6
32091,Rigid,2484733,2484734,2485899,1,1165,1166,completed,6
32092,Rigid,2484733,2484734,2485899,1,1165,1166,completed,6
32093,Rigid,2484733,2484734,2485899,1,1165,1166,completed,6
32094,Rigid,2484733,2484734,2485900,1,1166,1167,completed,6
32095,Rigid,2484733,2484734,2486893,1,2159,2160,completed,6
32096,Rigid,2484733,2484734,2486898,1,2164,2165,completed,6
32097,Rigid,2484733,2484734,2485865,1,1131,1132,completed,6
32098,Rigid,2484733,2484734,2486891,1,2157,2158,completed,6
32099,Rigid,2484733,2484734,2485899,1,1165,1166,completed,6
32100,Rigid,2484733,2484734,2485899,1,1165,1166,completed,6
32101,Rigid,2484733,2484734,2485899,1,1165,1166,completed,6
32102,Rigid,2484733,2484734,2485899,1,1165,1166,completed,6
32103,Rigid,2484733,2484734,2486862,1,2128,2129,completed,6
32104,Rigid,2484733,2484734,2485858,1,1124,1125,completed,6
32105,Rigid,2484733,2484734,2485869,1,1135,1136,completed,6
32106,Rigid,2484733,2484734,2485899,1,1165,1166,completed,6
32107,Rigid,2484733,2484734,2485899,1,1165,1166,completed,6
32108,Rigid,2484733,2484734,2485867,1,1133,1134,completed,6
32109,Rigid,2484733,2484746,2485900,13,1154,1167,completed,6
32110,Rigid,2484733,2484746,2485877,13,1131,1144,completed,6
32111,Rigid,2484733,2484750,2486884,17,2134,2151,completed,6
32112,Rigid,2484733,2484750,2485899,17,1149,1166,completed,6
32113,Rigid,2484733,2484750,2485899,17,1149,1166,completed,6
32114,Rigid,2484733,2484761,2485876,28,1115,1143,completed,6
32115,Rigid,2484733,2484843,2485876,110,1033,1143,completed,6
32116,Rigid,2484733,2484843,2486893,110,2050,2160,completed,6
32117,Rigid,2484733,2484843,2486893,110,2050,2160,completed,6
32118,Rigid,2484733,2484843,2486893,110,2050,2160,completed,6
32119,Rigid,2484733,2484843,2486893,110,2050,2160,completed,6
32120,Rigid,2484751,2484758,2484763,7,5,12,completed,1
32121,Rigid,2484751,2484758,2484763,7,5,12,completed,1
32122,Rigid,2484751,2484843,2485900,92,1057,1149,completed,6
32123,Rigid,2484751,2485851,2486888,1100,1037,2137,completed,6
32124,Rigid,2484764,2485859,2488042,1095,2183,3278,completed,6
32125,Rigid,2484764,2484788,2484794,24,6,30,completed,1
32126,Rigid,2484764,2485863,2486890,1099,1027,2126,completed,6
32127,Rigid,2484765,2485863,2486890,1098,1027,2125,completed,6
32128,Rigid,2484765,2485863,2488030,1098,2167,3265,completed,6
32129,Rigid,2484769,2485863,2486890,1094,1027,2121,completed,6
32130,Rigid,2484811,2485863,2485876,1052,13,1065,completed,8
32131,Rigid,2484837,2485863,2485876,1026,13,1039,completed,8
32132,Rigid,2485851,2485863,2488042,12,2179,2191,completed,6
32133,Rigid,2485875,2485875,2485894,0,19,19,completed,6
32134,Rigid,2485876,2485877,2488041,1,2164,2165,completed,6
32135,Rigid,2485876,2485877,2485897,1,20,21,completed,1
32136,Rigid,2485876,2485877,2488035,1,2158,2159,completed,6
32137,Rigid,2485877,2485877,2486882,0,1005,1005,completed,6
32138,Rigid,2485877,2485877,2486866,0,989,989,completed,6
32139,Rigid,2485878,2485879,2488025,1,2146,2147,completed,6
32140,Rigid,2485890,2485890,2485894,0,4,4,completed,1
32141,Rigid,2485890,2485890,2485894,0,4,4,completed,1
32142,Rigid,2485898,2485898,2485925,0,27,27,completed,1
32143,Rigid,2485899,2485900,2485925,1,25,26,completed,1
32144,Rigid,2485899,2485900,2486898,1,998,999,completed,6
32145,Rigid,2485899,2485900,2486889,1,989,990,completed,6
32146,Rigid,2485900,2485900,2486860,0,960,960,completed,6
32147,Rigid,2485900,2485900,2486887,0,987,987,completed,6
32148,Rigid,2485900,2485900,2488006,0,2106,2106,completed,6
32149,Rigid,2485900,2485900,2485913,0,13,13,completed,6
32150,Rigid,2485901,2485901,2485922,0,21,21,completed,1
32151,Rigid,2485901,2485901,2486864,0,963,963,completed,6
32152,Rigid,2485901,2485901,2488041,0,2140,2140,completed,6
32153,Rigid,2485911,2485911,2488047,0,2136,2136,completed,6
32154,Rigid,2485912,2485914,2486869,2,955,957,completed,6
32155,Rigid,2485912,2485914,2488041,2,2127,2129,completed,6
32156,Rigid,2485912,2485914,2486887,2,973,975,completed,6
32157,Rigid,2485913,2485914,2486887,1,973,974,completed,6
32158,Rigid,2485913,2485914,2486887,1,973,974,completed,6
32159,Rigid,2485913,2485914,2486886,1,972,973,completed,6
32160,Rigid,2485913,2485914,2488047,1,2133,2134,completed,6
32161,Rigid,2485914,2485914,2486852,0,938,938,completed,6
32162,Rigid,2485914,2485914,2486891,0,977,977,completed,6
32163,Rigid,2485914,2485914,2486891,0,977,977,completed,6
32164,Rigid,2485914,2485914,2488041,0,2127,2127,completed,6
32165,Rigid,2485914,2485914,2488029,0,2115,2115,completed,6
32166,Rigid,2485915,2485915,2486887,0,972,972,completed,6
32167,Rigid,2485915,2485915,2486887,0,972,972,completed,6
32168,Rigid,2485915,2485915,2486887,0,972,972,completed,6
32169,Rigid,2485915,2485915,2488013,0,2098,2098,completed,6
32170,Rigid,2485915,2485915,2486887,0,972,972,completed,6
32171,Rigid,2485916,2485917,2486887,1,970,971,completed,6
32172,Rigid,2485916,2485917,2488042,1,2125,2126,completed,6
32173,Rigid,2485916,2485917,2486887,1,970,971,completed,6
32174,Rigid,2485916,2485917,2486887,1,970,971,completed,6
32175,Rigid,2485916,2485917,2486893,1,976,977,completed,6
32176,Rigid,2485917,2485921,2488022,4,2101,2105,completed,6
32177,Rigid,2485917,2485921,2486893,4,972,976,completed,6
32178,Rigid,2485917,2485921,2486880,4,959,963,completed,6
32179,Rigid,2485917,2485921,2486893,4,972,976,completed,6
32180,Rigid,2485917,2485921,2486890,4,969,973,completed,6
32181,Rigid,2485917,2485921,2486890,4,969,973,completed,6
32182,Rigid,2485917,2485921,2488042,4,2121,2125,completed,6
32183,Rigid,2485917,2485921,2486887,4,966,970,completed,6
32184,Rigid,2485918,2485921,2486887,3,966,969,completed,6
32185,Rigid,2485918,2485921,2486887,3,966,969,completed,6
32186,Rigid,2485918,2485921,2486887,3,966,969,completed,6
32187,Rigid,2485918,2485921,2486889,3,968,971,completed,6
32188,Rigid,2485918,2485921,2486889,3,968,971,completed,6
32189,Rigid,2485918,2485921,2486890,3,969,972,completed,6
32190,Rigid,2485919,2485921,2486878,2,957,959,completed,6
32191,Rigid,2485919,2485921,2486893,2,972,974,completed,6
32192,Rigid,2485919,2485921,2486893,2,972,974,completed,6
32193,Rigid,2485919,2485921,2486893,2,972,974,completed,6
32194,Rigid,2485919,2485921,2486893,2,972,974,completed,6
32195,Rigid,2485919,2485921,2486888,2,967,969,completed,6
32196,Rigid,2485919,2485921,2488041,2,2120,2122,completed,6
32197,Rigid,2485920,2485921,2486887,1,966,967,completed,6
32198,Rigid,2485920,2485921,2486887,1,966,967,completed,6
32199,Rigid,2485920,2485921,2486859,1,938,939,completed,6
32200,Rigid,2485936,2485937,2486887,1,950,951,completed,6
32201,Rigid,2485936,2485937,2486893,1,956,957,completed,6
32202,Rigid,2485937,2485941,2486893,4,952,956,completed,6
32203,Rigid,2485943,2485945,2486862,2,917,919,completed,6
32204,Rigid,2486603,2486603,2487229,0,626,626,completed,1
32205,Rigid,2486603,2486603,2503047,0,16444,16444,completed,1
32206,Rigid,2486603,2486603,2488108,0,1505,1505,completed,1
32207,Rigid,2486603,2486603,2488843,0,2240,2240,completed,12
32208,Rigid,2486603,2486603,2487172,0,569,569,completed,1
32209,Rigid,2486603,2486603,2487292,0,689,689,completed,1
32210,Rigid,2486863,2486863,2488047,0,1184,1184,completed,6
32211,Rigid,2486866,2486867,2488047,1,1180,1181,completed,6
32212,Rigid,2486867,2486867,2489156,0,2289,2289,completed,6
32213,Rigid,2486867,2486867,2488047,0,1180,1180,completed,6
32214,Rigid,2486869,2486870,2489133,1,2263,2264,completed,6
32215,Rigid,2486870,2486870,2488011,0,1141,1141,completed,6
32216,Rigid,2486870,2486870,2488047,0,1177,1177,completed,6
32217,Rigid,2486871,2486871,2488047,0,1176,1176,completed,6
32218,Rigid,2486871,2486871,2488017,0,1146,1146,completed,6
32219,Rigid,2486873,2486873,2489142,0,2269,2269,completed,6
32220,Rigid,2486873,2486875,2488047,2,1172,1174,completed,6
32221,Rigid,2486884,2486884,2489156,0,2272,2272,completed,6
32222,Rigid,2486886,2486887,2489115,1,2228,2229,completed,6
32223,Rigid,2486887,2486887,2488045,0,1158,1158,completed,6
32224,Rigid,2486887,2486887,2488008,0,1121,1121,completed,6
32225,Rigid,2486887,2486887,2488047,0,1160,1160,completed,6
32226,Rigid,2486887,2486888,2488047,1,1159,1160,completed,6
32227,Rigid,2486888,2486888,2489137,0,2249,2249,completed,6
32228,Rigid,2486888,2486888,2488047,0,1159,1159,completed,6
32229,Rigid,2486888,2486888,2488047,0,1159,1159,completed,6
32230,Rigid,2486888,2486888,2488047,0,1159,1159,completed,6
32231,Rigid,2486889,2486889,2488000,0,1111,1111,completed,6
32232,Rigid,2486890,2486890,2489137,0,2247,2247,completed,6
32233,Rigid,2486890,2486890,2488020,0,1130,1130,completed,6
32234,Rigid,2486890,2486891,2489125,1,2234,2235,completed,6
32235,Rigid,2486890,2486891,2489151,1,2260,2261,completed,6
32236,Rigid,2486890,2486891,2488047,1,1156,1157,completed,6
32237,Rigid,2486890,2486891,2488047,1,1156,1157,completed,6
32238,Rigid,2486891,2486891,2488047,0,1156,1156,completed,6
32239,Rigid,2486891,2486891,2488047,0,1156,1156,completed,6
32240,Rigid,2486891,2486891,2488047,0,1156,1156,completed,6
32241,Rigid,2486891,2486892,2488047,1,1155,1156,completed,6
32242,Rigid,2486891,2486892,2488047,1,1155,1156,completed,6
32243,Rigid,2486891,2486892,2488047,1,1155,1156,completed,6
32244,Rigid,2486892,2486892,2486917,0,25,25,completed,6
32245,Rigid,2486892,2486892,2488045,0,1153,1153,completed,6
32246,Rigid,2486892,2486892,2488016,0,1124,1124,completed,6
32247,Rigid,2486892,2486892,2488045,0,1153,1153,completed,6
32248,Rigid,2486892,2486892,2488047,0,1155,1155,completed,6
32249,Rigid,2486892,2486892,2488047,0,1155,1155,completed,6
32250,Rigid,2486892,2486892,2488047,0,1155,1155,completed,6
32251,Rigid,2486892,2486892,2488047,0,1155,1155,completed,6
32252,Rigid,2486892,2486892,2488047,0,1155,1155,completed,6
32253,Rigid,2486892,2486892,2488047,0,1155,1155,completed,6
32254,Rigid,2486893,2486893,2486914,0,21,21,completed,8
32255,Rigid,2486893,2486893,2488047,0,1154,1154,completed,6
32256,Rigid,2486893,2486893,2488047,0,1154,1154,completed,6
32257,Rigid,2486893,2486893,2488047,0,1154,1154,completed,6
32258,Rigid,2486893,2486893,2488047,0,1154,1154,completed,6
32259,Rigid,2486893,2486893,2488047,0,1154,1154,completed,6
32260,Rigid,2486893,2486893,2488047,0,1154,1154,completed,6
32261,Rigid,2486893,2486893,2489149,0,2256,2256,completed,6
32262,Rigid,2486893,2486893,2489121,0,2228,2228,completed,6
32263,Rigid,2486893,2486893,2488047,0,1154,1154,completed,6
32264,Rigid,2486894,2486894,2488047,0,1153,1153,completed,6
32265,Rigid,2486894,2486894,2488047,0,1153,1153,completed,6
32266,Rigid,2486894,2486895,2488047,1,1152,1153,completed,6
32267,Rigid,2486894,2486895,2488047,1,1152,1153,completed,6
32268,Rigid,2486894,2486895,2488047,1,1152,1153,completed,6
32269,Rigid,2486894,2486895,2488047,1,1152,1153,completed,6
32270,Rigid,2486895,2486895,2488047,0,1152,1152,completed,6
32271,Rigid,2486909,2486910,2488040,1,1130,1131,completed,6
32272,Rigid,2486910,2486910,2488050,0,1140,1140,completed,6
32273,Rigid,2486910,2486910,2488047,0,1137,1137,completed,6
32274,Rigid,2486910,2486914,2488047,4,1133,1137,completed,6
32275,Rigid,2486911,2486914,2488047,3,1133,1136,completed,6
32276,Rigid,2486911,2486914,2488047,3,1133,1136,completed,6
32277,Rigid,2486911,2486914,2488047,3,1133,1136,completed,6
32278,Rigid,2486911,2486914,2488047,3,1133,1136,completed,6
32279,Rigid,2486911,2486914,2488047,3,1133,1136,completed,6
32280,Rigid,2486911,2486914,2488047,3,1133,1136,completed,6
32281,Rigid,2486912,2486914,2486927,2,13,15,completed,1
32282,Rigid,2486912,2486914,2488047,2,1133,1135,completed,6
32283,Rigid,2486912,2486914,2488047,2,1133,1135,completed,6
32284,Rigid,2486912,2486914,2488047,2,1133,1135,completed,6
32285,Rigid,2486912,2486914,2488047,2,1133,1135,completed,6
32286,Rigid,2486912,2486914,2488047,2,1133,1135,completed,6
32287,Rigid,2486912,2486914,2488047,2,1133,1135,completed,6
32288,Rigid,2486912,2486914,2489134,2,2220,2222,completed,6
32289,Rigid,2486912,2486914,2489151,2,2237,2239,completed,6
32290,Rigid,2486912,2486914,2489150,2,2236,2238,completed,6
32291,Rigid,2486912,2486914,2486952,2,38,40,completed,16
32292,Rigid,2486913,2486914,2488047,1,1133,1134,completed,6
32293,Rigid,2486913,2486914,2488046,1,1132,1133,completed,6
32294,Rigid,2486913,2486914,2488047,1,1133,1134,completed,6
32295,Rigid,2486913,2486914,2488047,1,1133,1134,completed,6
32296,Rigid,2486913,2486914,2486922,1,8,9,completed,1
32297,Rigid,2486913,2486914,2489153,1,2239,2240,completed,6
32298,Rigid,2486914,2486914,2488047,0,1133,1133,completed,6
32299,Rigid,2486914,2486914,2489154,0,2240,2240,completed,6
32300,Rigid,2486914,2486914,2489149,0,2235,2235,completed,6
32301,Rigid,2486914,2486914,2488047,0,1133,1133,completed,6
32302,Rigid,2486915,2486915,2486941,0,26,26,completed,1
32303,Rigid,2486915,2486915,2488047,0,1132,1132,completed,6
32304,Rigid,2486915,2486915,2489149,0,2234,2234,completed,6
32305,Rigid,2486915,2486915,2488047,0,1132,1132,completed,6
32306,Rigid,2486915,2486915,2488047,0,1132,1132,completed,6
32307,Rigid,2486915,2486915,2489149,0,2234,2234,completed,6
32308,Rigid,2486915,2486915,2488047,0,1132,1132,completed,6
32309,Rigid,2486915,2486918,2488045,3,1127,1130,completed,6
32310,Rigid,2486916,2486918,2488047,2,1129,1131,completed,6
32311,Rigid,2486916,2486918,2486937,2,19,21,completed,6
32312,Rigid,2486927,2486928,2488049,1,1121,1122,completed,6
32313,Rigid,2486931,2486932,2489146,1,2214,2215,completed,6
32314,Rigid,2486932,2486936,2486955,4,19,23,completed,1
32315,Rigid,2486947,2486948,2486954,1,6,7,completed,1
32316,Rigid,2486950,2486952,2489149,2,2197,2199,completed,6
32317,Rigid,2486958,2486959,2487005,1,46,47,completed,6
32318,Rigid,2486968,2486969,2488045,1,1076,1077,completed,6
32319,Rigid,2486968,2486969,2488045,1,1076,1077,completed,6
32320,Rigid,2486970,2486973,2488016,3,1043,1046,completed,6
32321,Rigid,2487021,2487022,2488287,1,1265,1266,completed,6
32322,Rigid,2487406,2487406,2487409,0,3,3,completed,1
32323,Rigid,2487406,2487410,2487419,4,9,13,completed,1
32324,Rigid,2487406,2487410,2487419,4,9,13,completed,1
32325,Rigid,2487416,2487416,2489537,0,2121,2121,completed,1
32326,Rigid,2487416,2487416,2489686,0,2270,2270,completed,1
32327,Rigid,2488008,2488009,2489153,1,1144,1145,completed,6
32328,Rigid,2488012,2488013,2489153,1,1140,1141,completed,6
32329,Rigid,2488013,2488014,2489153,1,1139,1140,completed,6
32330,Rigid,2488024,2488025,2489153,1,1128,1129,completed,6
32331,Rigid,2488028,2488029,2489156,1,1127,1128,completed,6
32332,Rigid,2488029,2488030,2489151,1,1121,1122,completed,6
32333,Rigid,2488030,2488031,2489153,1,1122,1123,completed,6
32334,Rigid,2488033,2488034,2489153,1,1119,1120,completed,6
32335,Rigid,2488034,2488034,2490189,0,2155,2155,completed,6
32336,Rigid,2488034,2488036,2490183,2,2147,2149,completed,6
32337,Rigid,2488034,2488036,2489153,2,1117,1119,completed,6
32338,Rigid,2488034,2488036,2489161,2,1125,1127,completed,6
32339,Rigid,2488035,2488036,2489159,1,1123,1124,completed,6
32340,Rigid,2488046,2488047,2489141,1,1094,1095,completed,6
32341,Rigid,2488046,2488047,2489153,1,1106,1107,completed,6
32342,Rigid,2488046,2488047,2489153,1,1106,1107,completed,6
32343,Rigid,2488047,2488048,2489153,1,1105,1106,completed,6
32344,Rigid,2488047,2488048,2489153,1,1105,1106,completed,6
32345,Rigid,2488048,2488048,2489153,0,1105,1105,completed,6
32346,Rigid,2488048,2488048,2490147,0,2099,2099,completed,6
32347,Rigid,2488048,2488048,2489153,0,1105,1105,completed,6
32348,Rigid,2488048,2488048,2489154,0,1106,1106,completed,6
32349,Rigid,2488048,2488048,2490183,0,2135,2135,completed,6
32350,Rigid,2488048,2488048,2489153,0,1105,1105,completed,6
32351,Rigid,2488048,2488048,2489153,0,1105,1105,completed,6
32352,Rigid,2488048,2488048,2489118,0,1070,1070,completed,6
32353,Rigid,2488048,2488049,2490182,1,2133,2134,completed,6
32354,Rigid,2488048,2488049,2490170,1,2121,2122,completed,6
32355,Rigid,2488049,2488049,2489156,0,1107,1107,completed,6
32356,Rigid,2488049,2488049,2490135,0,2086,2086,completed,6
32357,Rigid,2488049,2488049,2489156,0,1107,1107,completed,6
32358,Rigid,2488049,2488049,2490152,0,2103,2103,completed,6
32359,Rigid,2488049,2488049,2489153,0,1104,1104,completed,6
32360,Rigid,2488049,2488050,2489153,1,1103,1104,completed,6
32361,Rigid,2488049,2488050,2490170,1,2120,2121,completed,6
32362,Rigid,2488049,2488050,2489153,1,1103,1104,completed,6
32363,Rigid,2488050,2488050,2489153,0,1103,1103,completed,6
32364,Rigid,2488050,2488050,2489153,0,1103,1103,completed,6
32365,Rigid,2488050,2488051,2489156,1,1105,1106,completed,6
32366,Rigid,2488050,2488051,2490165,1,2114,2115,completed,6
32367,Rigid,2488051,2488051,2489153,0,1102,1102,completed,6
32368,Rigid,2488051,2488051,2488097,0,46,46,completed,6
32369,Rigid,2488051,2488051,2489153,0,1102,1102,completed,6
32370,Rigid,2488051,2488051,2489153,0,1102,1102,completed,6
32371,Rigid,2488051,2488051,2490181,0,2130,2130,completed,6
32372,Rigid,2488052,2488055,2490180,3,2125,2128,completed,6
32373,Rigid,2488052,2488055,2488097,3,42,45,completed,6
32374,Rigid,2488052,2488055,2490180,3,2125,2128,completed,6
32375,Rigid,2488052,2488055,2489123,3,1068,1071,completed,6
32376,Rigid,2488052,2488055,2490150,3,2095,2098,completed,6
32377,Rigid,2488052,2488055,2489153,3,1098,1101,completed,6
32378,Rigid,2488052,2488055,2489153,3,1098,1101,completed,6
32379,Rigid,2488052,2488055,2490161,3,2106,2109,completed,6
32380,Rigid,2488052,2488055,2489153,3,1098,1101,completed,6
32381,Rigid,2488052,2488055,2489153,3,1098,1101,completed,6
32382,Rigid,2488053,2488055,2489154,2,1099,1101,completed,6
32383,Rigid,2488053,2488055,2489154,2,1099,1101,completed,6
32384,Rigid,2488053,2488055,2489128,2,1073,1075,completed,6
32385,Rigid,2488053,2488055,2489154,2,1099,1101,completed,6
32386,Rigid,2488053,2488055,2489153,2,1098,1100,completed,6
32387,Rigid,2488053,2488055,2489153,2,1098,1100,completed,6
32388,Rigid,2488053,2488055,2489153,2,1098,1100,completed,6
32389,Rigid,2488053,2488055,2489153,2,1098,1100,completed,6
32390,Rigid,2488053,2488055,2489153,2,1098,1100,completed,6
32391,Rigid,2488054,2488055,2489153,1,1098,1099,completed,6
32392,Rigid,2488054,2488055,2490179,1,2124,2125,completed,6
32393,Rigid,2488054,2488055,2489154,1,1099,1100,completed,6
32394,Rigid,2488054,2488055,2490145,1,2090,2091,completed,6
32395,Rigid,2488054,2488055,2489153,1,1098,1099,completed,6
32396,Rigid,2488054,2488055,2489153,1,1098,1099,completed,6
32397,Rigid,2488054,2488055,2490182,1,2127,2128,completed,6
32398,Rigid,2488054,2488055,2489153,1,1098,1099,completed,6
32399,Rigid,2488054,2488055,2489153,1,1098,1099,completed,6
32400,Rigid,2488055,2488055,2490141,0,2086,2086,completed,6
32401,Rigid,2488055,2488055,2489124,0,1069,1069,completed,6
32402,Rigid,2488055,2488055,2489153,0,1098,1098,completed,6
32403,Rigid,2488055,2488055,2489153,0,1098,1098,completed,6
32404,Rigid,2488055,2488055,2490180,0,2125,2125,completed,6
32405,Rigid,2488055,2488059,2490180,4,2121,2125,completed,6
32406,Rigid,2488055,2488059,2489153,4,1094,1098,completed,6
32407,Rigid,2488055,2488059,2489153,4,1094,1098,completed,6
32408,Rigid,2488056,2488059,2489139,3,1080,1083,completed,6
32409,Rigid,2488056,2488059,2490185,3,2126,2129,completed,6
32410,Rigid,2488056,2488059,2489153,3,1094,1097,completed,6
32411,Rigid,2488056,2488059,2489153,3,1094,1097,completed,6
32412,Rigid,2488056,2488059,2488062,3,3,6,completed,1
32413,Rigid,2488056,2488059,2489153,3,1094,1097,completed,6
32414,Rigid,2488056,2488059,2489153,3,1094,1097,completed,6
32415,Rigid,2488056,2488059,2489153,3,1094,1097,completed,6
32416,Rigid,2488056,2488059,2489153,3,1094,1097,completed,6
32417,Rigid,2488056,2488059,2489153,3,1094,1097,completed,6
32418,Rigid,2488057,2488059,2490180,2,2121,2123,completed,6
32419,Rigid,2488057,2488059,2490155,2,2096,2098,completed,6
32420,Rigid,2488057,2488059,2489153,2,1094,1096,completed,6
32421,Rigid,2488057,2488059,2489153,2,1094,1096,completed,6
32422,Rigid,2488074,2488074,2490180,0,2106,2106,completed,6
32423,Rigid,2488075,2488077,2489130,2,1053,1055,completed,6
32424,Rigid,2488076,2488077,2490179,1,2102,2103,completed,6
32425,Rigid,2488076,2488077,2489149,1,1072,1073,completed,6
32426,Rigid,2488110,2488110,2488177,0,67,67,completed,6
32427,Rigid,2488112,2488114,2488121,2,7,9,completed,1
32428,Rigid,2488114,2488114,2490180,0,2066,2066,completed,6
32429,Rigid,2488130,2488130,2489378,0,1248,1248,completed,6
32430,Rigid,2488288,2488289,2489528,1,1239,1240,completed,6
32431,Rigid,2488852,2488852,2488888,0,36,36,completed,12
32432,Rigid,2488852,2488852,2488885,0,33,33,completed,12
32433,Rigid,2488852,2488852,2488885,0,33,33,completed,12
32434,Rigid,2488895,2488895,2488899,0,4,4,completed,1
32435,Rigid,2488895,2488895,2488899,0,4,4,completed,1
32436,Rigid,2488895,2488895,2488899,0,4,4,completed,1
32437,Rigid,2488907,2488907,2488910,0,3,3,completed,1
32438,Rigid,2488908,2488911,2488922,3,11,14,completed,1
32439,Rigid,2488908,2488911,2488922,3,11,14,completed,1
32440,Rigid,2488917,2488917,2491185,0,2268,2268,completed,1
32441,Rigid,2488917,2488917,2491201,0,2284,2284,completed,1
32442,Rigid,2489123,2489123,2490324,0,1201,1201,completed,6
32443,Rigid,2489125,2489126,2490324,1,1198,1199,completed,6
32444,Rigid,2489128,2489129,2490323,1,1194,1195,completed,6
32445,Rigid,2489132,2489134,2490322,2,1188,1190,completed,6
32446,Rigid,2489132,2489134,2490323,2,1189,1191,completed,6
32447,Rigid,2489132,2489134,2490323,2,1189,1191,completed,6
32448,Rigid,2489133,2489134,2491270,1,2136,2137,completed,6
32449,Rigid,2489143,2489143,2491285,0,2142,2142,completed,6
32450,Rigid,2489144,2489145,2491266,1,2121,2122,completed,6
32451,Rigid,2489148,2489150,2490287,2,1137,1139,completed,6
32452,Rigid,2489150,2489151,2491285,1,2134,2135,completed,6
32453,Rigid,2489152,2489153,2490323,1,1170,1171,completed,6
32454,Rigid,2489152,2489153,2491258,1,2105,2106,completed,6
32455,Rigid,2489152,2489153,2490323,1,1170,1171,completed,6
32456,Rigid,2489152,2489153,2490323,1,1170,1171,completed,6
32457,Rigid,2489152,2489153,2491283,1,2130,2131,completed,6
32458,Rigid,2489153,2489154,2490317,1,1163,1164,completed,6
32459,Rigid,2489153,2489154,2490296,1,1142,1143,completed,6
32460,Rigid,2489154,2489154,2490305,0,1151,1151,completed,6
32461,Rigid,2489154,2489154,2490276,0,1122,1122,completed,6
32462,Rigid,2489154,2489154,2490276,0,1122,1122,completed,6
32463,Rigid,2489154,2489154,2490327,0,1173,1173,completed,6
32464,Rigid,2489154,2489154,2491273,0,2119,2119,completed,6
32465,Rigid,2489154,2489154,2490323,0,1169,1169,completed,6
32466,Rigid,2489154,2489154,2490324,0,1170,1170,completed,6
32467,Rigid,2489154,2489154,2490324,0,1170,1170,completed,6
32468,Rigid,2489154,2489154,2491257,0,2103,2103,completed,6
32469,Rigid,2489155,2489155,2490323,0,1168,1168,completed,6
32470,Rigid,2489166,2489167,2491283,1,2116,2117,completed,6
32471,Rigid,2489167,2489171,2491283,4,2112,2116,completed,6
32472,Rigid,2489168,2489171,2489196,3,25,28,completed,6
32473,Rigid,2489168,2489171,2490301,3,1130,1133,completed,6
32474,Rigid,2489168,2489171,2490323,3,1152,1155,completed,6
32475,Rigid,2489168,2489171,2490323,3,1152,1155,completed,6
32476,Rigid,2489168,2489171,2491284,3,2113,2116,completed,6
32477,Rigid,2489168,2489171,2490323,3,1152,1155,completed,6
32478,Rigid,2489168,2489171,2490323,3,1152,1155,completed,6
32479,Rigid,2489168,2489171,2491287,3,2116,2119,completed,6
32480,Rigid,2489168,2489171,2490323,3,1152,1155,completed,6
32481,Rigid,2489168,2489171,2490323,3,1152,1155,completed,6
32482,Rigid,2489169,2489171,2490323,2,1152,1154,completed,6
32483,Rigid,2489169,2489171,2490323,2,1152,1154,completed,6
32484,Rigid,2489169,2489171,2490323,2,1152,1154,completed,6
32485,Rigid,2489170,2489171,2490323,1,1152,1153,completed,6
32486,Rigid,2489170,2489171,2490323,1,1152,1153,completed,6
32487,Rigid,2489170,2489171,2490323,1,1152,1153,completed,6
32488,Rigid,2489170,2489171,2490261,1,1090,1091,completed,6
32489,Rigid,2489170,2489171,2490323,1,1152,1153,completed,6
32490,Rigid,2489170,2489171,2491284,1,2113,2114,completed,6
32491,Rigid,2489170,2489171,2489182,1,11,12,completed,6
32492,Rigid,2489170,2489171,2490323,1,1152,1153,completed,6
32493,Rigid,2489171,2489171,2489176,0,5,5,completed,1
32494,Rigid,2489171,2489171,2491283,0,2112,2112,completed,6
32495,Rigid,2489171,2489171,2490324,0,1153,1153,completed,6
32496,Rigid,2489171,2489175,2490324,4,1149,1153,completed,6
32497,Rigid,2489171,2489175,2490323,4,1148,1152,completed,6
32498,Rigid,2489171,2489175,2490323,4,1148,1152,completed,6
32499,Rigid,2489172,2489175,2490323,3,1148,1151,completed,6
32500,Rigid,2489172,2489175,2490323,3,1148,1151,completed,6
32501,Rigid,2489172,2489175,2490323,3,1148,1151,completed,6
32502,Rigid,2489172,2489175,2490323,3,1148,1151,completed,6
32503,Rigid,2489172,2489175,2490323,3,1148,1151,completed,6
32504,Rigid,2489172,2489175,2489190,3,15,18,completed,16
32505,Rigid,2489172,2489175,2491268,3,2093,2096,completed,6
32506,Rigid,2489172,2489175,2489194,3,19,22,completed,6
32507,Rigid,2489172,2489175,2490324,3,1149,1152,completed,6
32508,Rigid,2489173,2489175,2490324,2,1149,1151,completed,6
32509,Rigid,2489173,2489175,2490323,2,1148,1150,completed,6
32510,Rigid,2489173,2489175,2490324,2,1149,1151,completed,6
32511,Rigid,2489173,2489175,2489198,2,23,25,completed,1
32512,Rigid,2489173,2489175,2490324,2,1149,1151,completed,6
32513,Rigid,2489173,2489175,2490324,2,1149,1151,completed,6
32514,Rigid,2489174,2489175,2489194,1,19,20,completed,1
32515,Rigid,2489174,2489175,2491283,1,2108,2109,completed,6
32516,Rigid,2489174,2489175,2491283,1,2108,2109,completed,6
32517,Rigid,2489174,2489175,2489190,1,15,16,completed,1
32518,Rigid,2489174,2489175,2491285,1,2110,2111,completed,6
32519,Rigid,2489174,2489175,2490324,1,1149,1150,completed,6
32520,Rigid,2489174,2489175,2489185,1,10,11,completed,6
32521,Rigid,2489174,2489175,2491257,1,2082,2083,completed,6
32522,Rigid,2489174,2489175,2491285,1,2110,2111,completed,6
32523,Rigid,2489175,2489175,2490325,0,1150,1150,completed,6
32524,Rigid,2489175,2489175,2490272,0,1097,1097,completed,6
32525,Rigid,2489175,2489175,2491285,0,2110,2110,completed,6
32526,Rigid,2489175,2489175,2490323,0,1148,1148,completed,6
32527,Rigid,2489175,2489175,2490323,0,1148,1148,completed,6
32528,Rigid,2489175,2489175,2490323,0,1148,1148,completed,6
32529,Rigid,2489175,2489177,2491283,2,2106,2108,completed,6
32530,Rigid,2489175,2489177,2489182,2,5,7,completed,1
32531,Rigid,2489175,2489177,2491283,2,2106,2108,completed,6
32532,Rigid,2489176,2489177,2491283,1,2106,2107,completed,6
32533,Rigid,2489188,2489188,2490323,0,1135,1135,completed,6
32534,Rigid,2489190,2489191,2490324,1,1133,1134,completed,6
32535,Rigid,2489190,2489191,2490324,1,1133,1134,completed,6
32536,Rigid,2489196,2489197,2490323,1,1126,1127,completed,6
32537,Rigid,2489207,2489207,2491283,0,2076,2076,completed,6
32538,Rigid,2489210,2489211,2491285,1,2074,2075,completed,6
32539,Rigid,2489210,2489211,2490323,1,1112,1113,completed,6
32540,Rigid,2489211,2489211,2490324,0,1113,1113,completed,6
32541,Rigid,2489211,2489211,2490323,0,1112,1112,completed,6
32542,Rigid,2489211,2489211,2491283,0,2072,2072,completed,6
32543,Rigid,2489383,2489383,2490732,0,1349,1349,completed,6
32544,Rigid,2489533,2489534,2490720,1,1186,1187,completed,6
32545,Rigid,2489703,2489704,2489714,1,10,11,completed,1
32546,Rigid,2489703,2489704,2489740,1,36,37,completed,1
32547,Rigid,2489704,2489704,2489720,0,16,16,completed,1
32548,Rigid,2489704,2489704,2489714,0,10,10,completed,1
32549,Rigid,2489704,2489704,2489740,0,36,36,completed,1
32550,Rigid,2490146,2490146,2491289,0,1143,1143,completed,6
32551,Rigid,2490147,2490148,2491289,1,1141,1142,completed,6
32552,Rigid,2490147,2490148,2491289,1,1141,1142,completed,6
32553,Rigid,2490171,2490171,2492255,0,2084,2084,completed,6
32554,Rigid,2490171,2490172,2491289,1,1117,1118,completed,6
32555,Rigid,2490171,2490172,2491289,1,1117,1118,completed,6
32556,Rigid,2490171,2490172,2491257,1,1085,1086,completed,6
32557,Rigid,2490171,2490172,2491261,1,1089,1090,completed,6
32558,Rigid,2490172,2490176,2491289,4,1113,1117,completed,6
32559,Rigid,2490172,2490176,2492227,4,2051,2055,completed,6
32560,Rigid,2490173,2490176,2490185,3,9,12,completed,6
32561,Rigid,2490192,2490193,2491289,1,1096,1097,completed,6
32562,Rigid,2490192,2490193,2492225,1,2032,2033,completed,6
32563,Rigid,2490192,2490193,2492225,1,2032,2033,completed,6
32564,Rigid,2490192,2490193,2491289,1,1096,1097,completed,6
32565,Rigid,2490192,2490193,2491289,1,1096,1097,completed,6
32566,Rigid,2490193,2490197,2492249,4,2052,2056,completed,6
32567,Rigid,2490193,2490197,2491289,4,1092,1096,completed,6
32568,Rigid,2490193,2490197,2491289,4,1092,1096,completed,6
32569,Rigid,2490193,2490197,2492249,4,2052,2056,completed,6
32570,Rigid,2490193,2490197,2492234,4,2037,2041,completed,6
32571,Rigid,2490193,2490197,2492242,4,2045,2049,completed,6
32572,Rigid,2490193,2490197,2490232,4,35,39,completed,6
32573,Rigid,2490193,2490197,2492247,4,2050,2054,completed,6
32574,Rigid,2490193,2490197,2491288,4,1091,1095,completed,6
32575,Rigid,2490194,2490197,2491288,3,1091,1094,completed,6
32576,Rigid,2490194,2490197,2492225,3,2028,2031,completed,6
32577,Rigid,2490194,2490197,2492249,3,2052,2055,completed,6
32578,Rigid,2490247,2490247,2491289,0,1042,1042,completed,6
32579,Rigid,2490272,2490272,2491264,0,992,992,completed,6
32580,Rigid,2490275,2490276,2491289,1,1013,1014,completed,6
32581,Rigid,2490276,2490276,2491288,0,1012,1012,completed,6
32582,Rigid,2490296,2490296,2491532,0,1236,1236,completed,6
32583,Rigid,2490297,2490297,2492249,0,1952,1952,completed,6
32584,Rigid,2490297,2490297,2491291,0,994,994,completed,6
32585,Rigid,2490313,2490313,2491289,0,976,976,completed,6
32586,Rigid,2490318,2490318,2491281,0,963,963,completed,6
32587,Rigid,2490318,2490318,2491271,0,953,953,completed,6
32588,Rigid,2490333,2490333,2491289,0,956,956,completed,6
32589,Rigid,2490333,2490337,2492227,4,1890,1894,completed,6
32590,Rigid,2490334,2490337,2491289,3,952,955,completed,6
32591,Rigid,2490334,2490337,2491289,3,952,955,completed,6
32592,Rigid,2490335,2490337,2491289,2,952,954,completed,6
32593,Rigid,2490335,2490337,2491275,2,938,940,completed,6
32594,Rigid,2490335,2490337,2491289,2,952,954,completed,6
32595,Rigid,2490335,2490337,2491289,2,952,954,completed,6
32596,Rigid,2490335,2490337,2491289,2,952,954,completed,6
32597,Rigid,2490335,2490337,2491289,2,952,954,completed,6
32598,Rigid,2490336,2490337,2491289,1,952,953,completed,6
32599,Rigid,2490336,2490337,2491289,1,952,953,completed,6
32600,Rigid,2490336,2490337,2491289,1,952,953,completed,6
32601,Rigid,2490336,2490337,2491289,1,952,953,completed,6
32602,Rigid,2490336,2490337,2492249,1,1912,1913,completed,6
32603,Rigid,2490336,2490337,2491289,1,952,953,completed,6
32604,Rigid,2490336,2490337,2492250,1,1913,1914,completed,6
32605,Rigid,2490336,2490337,2491289,1,952,953,completed,6
32606,Rigid,2490336,2490337,2491289,1,952,953,completed,6
32607,Rigid,2490337,2490337,2492237,0,1900,1900,completed,6
32608,Rigid,2490337,2490341,2491289,4,948,952,completed,6
32609,Rigid,2490337,2490341,2491288,4,947,951,completed,6
32610,Rigid,2490337,2490341,2491288,4,947,951,completed,6
32611,Rigid,2490337,2490341,2491288,4,947,951,completed,6
32612,Rigid,2490337,2490341,2491289,4,948,952,completed,6
32613,Rigid,2490337,2490341,2491289,4,948,952,completed,6
32614,Rigid,2490338,2490341,2491289,3,948,951,completed,6
32615,Rigid,2490338,2490341,2491266,3,925,928,completed,6
32616,Rigid,2490338,2490341,2490343,3,2,5,completed,1
32617,Rigid,2490338,2490341,2492249,3,1908,1911,completed,6
32618,Rigid,2490338,2490341,2491289,3,948,951,completed,6
32619,Rigid,2490338,2490341,2492249,3,1908,1911,completed,6
32620,Rigid,2490338,2490341,2491289,3,948,951,completed,6
32621,Rigid,2490338,2490341,2492250,3,1909,1912,completed,6
32622,Rigid,2490338,2490341,2491289,3,948,951,completed,6
32623,Rigid,2490338,2490341,2491289,3,948,951,completed,6
32624,Rigid,2490338,2490341,2491262,3,921,924,completed,6
32625,Rigid,2490339,2490341,2492253,2,1912,1914,completed,6
32626,Rigid,2490339,2490341,2491289,2,948,950,completed,6
32627,Rigid,2490339,2490341,2492248,2,1907,1909,completed,6
32628,Rigid,2490339,2490341,2491289,2,948,950,completed,6
32629,Rigid,2490340,2490341,2491289,1,948,949,completed,6
32630,Rigid,2490340,2490341,2491289,1,948,949,completed,6
32631,Rigid,2490340,2490341,2491289,1,948,949,completed,6
32632,Rigid,2490340,2490341,2492249,1,1908,1909,completed,6
32633,Rigid,2490341,2490341,2491289,0,948,948,completed,6
32634,Rigid,2490341,2490341,2491259,0,918,918,completed,6
32635,Rigid,2490341,2490341,2492255,0,1914,1914,completed,6
32636,Rigid,2490341,2490341,2491289,0,948,948,completed,6
32637,Rigid,2490341,2490341,2491289,0,948,948,completed,6
32638,Rigid,2490341,2490344,2491289,3,945,948,completed,6
32639,Rigid,2490341,2490344,2491283,3,939,942,completed,6
32640,Rigid,2490341,2490344,2491288,3,944,947,completed,6
32641,Rigid,2490341,2490344,2492257,3,1913,1916,completed,6
32642,Rigid,2490342,2490344,2491288,2,944,946,completed,6
32643,Rigid,2490354,2490354,2491257,0,903,903,completed,6
32644,Rigid,2490720,2490721,2491842,1,1121,1122,completed,6
32645,Rigid,2490738,2490739,2492949,1,2210,2211,completed,6
32646,Rigid,2491214,2491214,2491226,0,12,12,completed,1
32647,Rigid,2491214,2491214,2491226,0,12,12,completed,1
32648,Rigid,2491214,2491214,2491245,0,31,31,completed,1
32649,Rigid,2491214,2491214,2491257,0,43,43,completed,1
32650,Rigid,2491214,2491214,2491226,0,12,12,completed,1
32651,Rigid,2491261,2491261,2493047,0,1786,1786,completed,6
32652,Rigid,2491265,2491265,2491290,0,25,25,completed,1
32653,Rigid,2491265,2491265,2492236,0,971,971,completed,6
32654,Rigid,2491267,2491267,2492253,0,986,986,completed,6
32655,Rigid,2491267,2491267,2493039,0,1772,1772,completed,6
32656,Rigid,2491267,2491267,2492253,0,986,986,completed,6
32657,Rigid,2491268,2491268,2492229,0,961,961,completed,6
32658,Rigid,2491278,2491278,2492232,0,954,954,completed,6
32659,Rigid,2491279,2491282,2492253,3,971,974,completed,6
32660,Rigid,2491281,2491282,2492253,1,971,972,completed,6
32661,Rigid,2491282,2491282,2492253,0,971,971,completed,6
32662,Rigid,2491284,2491284,2493047,0,1763,1763,completed,6
32663,Rigid,2491284,2491284,2492225,0,941,941,completed,6
32664,Rigid,2491284,2491284,2493052,0,1768,1768,completed,6
32665,Rigid,2491287,2491288,2493053,1,1765,1766,completed,6
32666,Rigid,2491287,2491288,2492253,1,965,966,completed,6
32667,Rigid,2491287,2491288,2492253,1,965,966,completed,6
32668,Rigid,2491287,2491288,2493058,1,1770,1771,completed,6
32669,Rigid,2491287,2491288,2492252,1,964,965,completed,6
32670,Rigid,2491287,2491288,2492253,1,965,966,completed,6
32671,Rigid,2491288,2491288,2492253,0,965,965,completed,6
32672,Rigid,2491288,2491288,2492253,0,965,965,completed,6
32673,Rigid,2491288,2491288,2493034,0,1746,1746,completed,6
32674,Rigid,2491288,2491288,2492238,0,950,950,completed,6
32675,Rigid,2491288,2491289,2493043,1,1754,1755,completed,6
32676,Rigid,2491288,2491289,2492253,1,964,965,completed,6
32677,Rigid,2491288,2491289,2492354,1,1065,1066,completed,6
32678,Rigid,2491288,2491289,2492243,1,954,955,completed,6
32679,Rigid,2491288,2491289,2492231,1,942,943,completed,6
32680,Rigid,2491288,2491289,2491305,1,16,17,completed,16
32681,Rigid,2491289,2491289,2492339,0,1050,1050,completed,6
32682,Rigid,2491289,2491289,2492253,0,964,964,completed,6
32683,Rigid,2491289,2491289,2492253,0,964,964,completed,6
32684,Rigid,2491289,2491289,2492253,0,964,964,completed,6
32685,Rigid,2491289,2491289,2492253,0,964,964,completed,6
32686,Rigid,2491289,2491289,2492253,0,964,964,completed,6
32687,Rigid,2491301,2491302,2492253,1,951,952,completed,6
32688,Rigid,2491302,2491306,2492253,4,947,951,completed,6
32689,Rigid,2491302,2491306,2493029,4,1723,1727,completed,6
32690,Rigid,2491302,2491306,2492253,4,947,951,completed,6
32691,Rigid,2491302,2491306,2492253,4,947,951,completed,6
32692,Rigid,2491302,2491306,2492252,4,946,950,completed,6
32693,Rigid,2491302,2491306,2492252,4,946,950,completed,6
32694,Rigid,2491302,2491306,2492252,4,946,950,completed,6
32695,Rigid,2491302,2491306,2492225,4,919,923,completed,6
32696,Rigid,2491303,2491306,2492253,3,947,950,completed,6
32697,Rigid,2491303,2491306,2493063,3,1757,1760,completed,6
32698,Rigid,2491303,2491306,2492253,3,947,950,completed,6
32699,Rigid,2491303,2491306,2493064,3,1758,1761,completed,6
32700,Rigid,2491303,2491306,2493050,3,1744,1747,completed,6
32701,Rigid,2491303,2491306,2492252,3,946,949,completed,6
32702,Rigid,2491303,2491306,2492252,3,946,949,completed,6
32703,Rigid,2491304,2491306,2492252,2,946,948,completed,6
32704,Rigid,2491304,2491306,2493040,2,1734,1736,completed,6
32705,Rigid,2491304,2491306,2492253,2,947,949,completed,6
32706,Rigid,2491304,2491306,2493063,2,1757,1759,completed,6
32707,Rigid,2491304,2491306,2492253,2,947,949,completed,6
32708,Rigid,2491304,2491306,2492253,2,947,949,completed,6
32709,Rigid,2491304,2491306,2492253,2,947,949,completed,6
32710,Rigid,2491304,2491306,2492253,2,947,949,completed,6
32711,Rigid,2491305,2491306,2493016,1,1710,1711,completed,6
32712,Rigid,2491305,2491306,2492253,1,947,948,completed,6
32713,Rigid,2491305,2491306,2493034,1,1728,1729,completed,6
32714,Rigid,2491305,2491306,2493031,1,1725,1726,completed,6
32715,Rigid,2491325,2491326,2491353,1,27,28,completed,1
32716,Rigid,2491325,2491326,2491340,1,14,15,completed,1
32717,Rigid,2492531,2492532,2493133,1,601,602,completed,1
32718,Rigid,2492531,2492532,2493226,1,694,695,completed,1
32719,Rigid,2492531,2492532,2493192,1,660,661,completed,1
32720,Rigid,2492531,2492532,2508522,1,15990,15991,completed,1
32721,Rigid,2492531,2492532,2493893,1,1361,1362,completed,1
32722,Rigid,2492532,2492532,2494769,0,2237,2237,completed,12
32723,Rigid,2493065,2493065,2493089,0,24,24,completed,6
32724,Rigid,2493068,2493070,2493089,2,19,21,completed,6
32725,Rigid,2493069,2493070,2493089,1,19,20,completed,6
32726,Rigid,2493073,2493074,2493089,1,15,16,completed,6
32727,Rigid,2493074,2493074,2493089,0,15,15,completed,6
32728,Rigid,2493074,2493074,2493089,0,15,15,completed,6
32729,Rigid,2493096,2493097,2493124,1,27,28,completed,6
32730,Rigid,2493098,2493101,2493124,3,23,26,completed,6
32731,Rigid,2493098,2493101,2493124,3,23,26,completed,6
32732,Rigid,2493099,2493101,2493124,2,23,25,completed,6
32733,Rigid,2493099,2493101,2493125,2,24,26,completed,6
32734,Rigid,2493099,2493101,2493125,2,24,26,completed,6
32735,Rigid,2493100,2493101,2493125,1,24,25,completed,6
32736,Rigid,2493101,2493105,2493125,4,20,24,completed,6
32737,Rigid,2493101,2493105,2493125,4,20,24,completed,6
32738,Rigid,2493102,2493105,2493126,3,21,24,completed,6
32739,Rigid,2493102,2493105,2493124,3,19,22,completed,6
32740,Rigid,2493102,2493105,2493124,3,19,22,completed,6
32741,Rigid,2493102,2493105,2493124,3,19,22,completed,6
32742,Rigid,2493102,2493105,2493124,3,19,22,completed,6
32743,Rigid,2493102,2493105,2493125,3,20,23,completed,6
32744,Rigid,2493103,2493105,2493124,2,19,21,completed,6
32745,Rigid,2493103,2493105,2493124,2,19,21,completed,6
32746,Rigid,2493103,2493105,2493124,2,19,21,completed,6
32747,Rigid,2493900,2493901,2493946,1,45,46,completed,6
32748,Rigid,2494772,2494772,2494801,0,29,29,completed,12
32749,Rigid,2494772,2494772,2494803,0,31,31,completed,12
32750,Rigid,2494772,2494772,2494802,0,30,30,completed,12
32751,Rigid,2494804,2494804,2494808,0,4,4,completed,1
32752,Rigid,2494804,2494804,2494808,0,4,4,completed,1
32753,Rigid,2494804,2494804,2494808,0,4,4,completed,1
32754,Rigid,2496350,2496350,2496366,0,16,16,completed,6
32755,Rigid,2496350,2496350,2496365,0,15,15,completed,1
32756,Rigid,2496350,2496350,2496365,0,15,15,completed,8
32757,Rigid,2496350,2496350,2496366,0,16,16,completed,16
32758,Rigid,2496368,2496368,2496372,0,4,4,completed,1
32759,Rigid,2496368,2496368,2496404,0,36,36,completed,1
32760,Rigid,2496368,2496368,2496371,0,3,3,completed,1
32761,Rigid,2496368,2496368,2496372,0,4,4,completed,1
32762,Rigid,2496378,2496379,2498688,1,2309,2310,completed,6
32763,Rigid,2496379,2496379,2498688,0,2309,2309,completed,6
32764,Rigid,2496379,2496383,2498660,4,2277,2281,completed,6
32765,Rigid,2496379,2496383,2498688,4,2305,2309,completed,6
32766,Rigid,2496379,2496383,2499879,4,3496,3500,completed,6
32767,Rigid,2496379,2496383,2498666,4,2283,2287,completed,6
32768,Rigid,2496379,2496383,2498694,4,2311,2315,completed,6
32769,Rigid,2496379,2496383,2498688,4,2305,2309,completed,6
32770,Rigid,2496379,2496383,2498688,4,2305,2309,completed,6
32771,Rigid,2496379,2496383,2498688,4,2305,2309,completed,6
32772,Rigid,2496379,2496383,2498688,4,2305,2309,completed,6
32773,Rigid,2496379,2496383,2498676,4,2293,2297,completed,6
32774,Rigid,2496379,2496383,2498672,4,2289,2293,completed,6
32775,Rigid,2496379,2496383,2498672,4,2289,2293,completed,6
32776,Rigid,2496379,2496383,2498672,4,2289,2293,completed,6
32777,Rigid,2496379,2496383,2498672,4,2289,2293,completed,6
32778,Rigid,2496379,2496383,2498672,4,2289,2293,completed,6
32779,Rigid,2496379,2496383,2498672,4,2289,2293,completed,6
32780,Rigid,2496379,2496383,2499619,4,3236,3240,completed,6
32781,Rigid,2496379,2496383,2499665,4,3282,3286,completed,6
32782,Rigid,2496379,2496383,2498672,4,2289,2293,completed,6
32783,Rigid,2496379,2496383,2498672,4,2289,2293,completed,6
32784,Rigid,2496379,2496383,2498672,4,2289,2293,completed,6
32785,Rigid,2496379,2496383,2498672,4,2289,2293,completed,6
32786,Rigid,2496379,2496383,2498672,4,2289,2293,completed,6
32787,Rigid,2496379,2496383,2498672,4,2289,2293,completed,6
32788,Rigid,2496379,2496383,2498672,4,2289,2293,completed,6
32789,Rigid,2496379,2496383,2498670,4,2287,2291,completed,6
32790,Rigid,2496379,2496383,2499663,4,3280,3284,completed,6
32791,Rigid,2496379,2496383,2498672,4,2289,2293,completed,6
32792,Rigid,2496379,2496383,2498672,4,2289,2293,completed,6
32793,Rigid,2496380,2496383,2498671,3,2288,2291,completed,6
32794,Rigid,2496380,2496383,2498671,3,2288,2291,completed,6
32795,Rigid,2496380,2496383,2498671,3,2288,2291,completed,6
32796,Rigid,2496380,2496383,2499656,3,3273,3276,completed,6
32797,Rigid,2496380,2496383,2498672,3,2289,2292,completed,6
32798,Rigid,2496380,2496383,2498672,3,2289,2292,completed,6
32799,Rigid,2496380,2496383,2498671,3,2288,2291,completed,6
32800,Rigid,2496380,2496383,2498671,3,2288,2291,completed,6
32801,Rigid,2496380,2496383,2499678,3,3295,3298,completed,6
32802,Rigid,2496380,2496383,2498672,3,2289,2292,completed,6
32803,Rigid,2496380,2496383,2498671,3,2288,2291,completed,6
32804,Rigid,2496380,2496383,2498682,3,2299,2302,completed,6
32805,Rigid,2496380,2496383,2498670,3,2287,2290,completed,6
32806,Rigid,2496380,2496383,2498682,3,2299,2302,completed,6
32807,Rigid,2496380,2496383,2498682,3,2299,2302,completed,6
32808,Rigid,2496380,2496383,2498652,3,2269,2272,completed,6
32809,Rigid,2496380,2496383,2499670,3,3287,3290,completed,6
32810,Rigid,2496380,2496383,2498649,3,2266,2269,completed,6
32811,Rigid,2496380,2496383,2498642,3,2259,2262,completed,6
32812,Rigid,2496380,2496383,2498671,3,2288,2291,completed,6
32813,Rigid,2496380,2496383,2498672,3,2289,2292,completed,6
32814,Rigid,2496380,2496383,2498671,3,2288,2291,completed,6
32815,Rigid,2496380,2496383,2499629,3,3246,3249,completed,6
32816,Rigid,2496381,2496383,2498647,2,2264,2266,completed,6
32817,Rigid,2496381,2496383,2499626,2,3243,3245,completed,6
32818,Rigid,2496381,2496383,2498669,2,2286,2288,completed,6
32819,Rigid,2496381,2496383,2498671,2,2288,2290,completed,6
32820,Rigid,2496381,2496383,2498671,2,2288,2290,completed,6
32821,Rigid,2496381,2496383,2501864,2,5481,5483,completed,6
32822,Rigid,2496381,2496383,2499688,2,3305,3307,completed,6
32823,Rigid,2496381,2496383,2498669,2,2286,2288,completed,6
32824,Rigid,2496381,2496383,2498672,2,2289,2291,completed,6
32825,Rigid,2496381,2496383,2498648,2,2265,2267,completed,6
32826,Rigid,2496381,2496383,2498671,2,2288,2290,completed,6
32827,Rigid,2496381,2496383,2498671,2,2288,2290,completed,6
32828,Rigid,2496381,2496383,2499639,2,3256,3258,completed,6
32829,Rigid,2496381,2496383,2499637,2,3254,3256,completed,6
32830,Rigid,2496381,2496383,2498672,2,2289,2291,completed,6
32831,Rigid,2496381,2496383,2499614,2,3231,3233,completed,6
32832,Rigid,2496381,2496383,2498644,2,2261,2263,completed,6
32833,Rigid,2496381,2496383,2498671,2,2288,2290,completed,6
32834,Rigid,2496381,2496383,2498672,2,2289,2291,completed,6
32835,Rigid,2496381,2496383,2498672,2,2289,2291,completed,6
32836,Rigid,2496381,2496383,2498672,2,2289,2291,completed,6
32837,Rigid,2496381,2496383,2498672,2,2289,2291,completed,6
32838,Rigid,2496381,2496383,2498672,2,2289,2291,completed,6
32839,Rigid,2496381,2496383,2498672,2,2289,2291,completed,6
32840,Rigid,2496381,2496383,2499644,2,3261,3263,completed,6
32841,Rigid,2496382,2496383,2498671,1,2288,2289,completed,6
32842,Rigid,2496382,2496383,2498671,1,2288,2289,completed,6
32843,Rigid,2496382,2496383,2503934,1,7551,7552,completed,6
32844,Rigid,2496382,2496383,2498671,1,2288,2289,completed,6
32845,Rigid,2496382,2496383,2498660,1,2277,2278,completed,6
32846,Rigid,2496382,2496383,2498670,1,2287,2288,completed,6
32847,Rigid,2496382,2496383,2498689,1,2306,2307,completed,6
32848,Rigid,2496382,2496383,2499695,1,3312,3313,completed,6
32849,Rigid,2496382,2496383,2498688,1,2305,2306,completed,6
32850,Rigid,2496382,2496383,2498689,1,2306,2307,completed,6
32851,Rigid,2496382,2496383,2498661,1,2278,2279,completed,6
32852,Rigid,2496382,2496383,2498636,1,2253,2254,completed,6
32853,Rigid,2496382,2496383,2498688,1,2305,2306,completed,6
32854,Rigid,2496382,2496383,2498668,1,2285,2286,completed,6
32855,Rigid,2496382,2496383,2498652,1,2269,2270,completed,6
32856,Rigid,2496382,2496383,2498671,1,2288,2289,completed,6
32857,Rigid,2496382,2496383,2498671,1,2288,2289,completed,6
32858,Rigid,2496382,2496383,2498671,1,2288,2289,completed,6
32859,Rigid,2496382,2496383,2498671,1,2288,2289,completed,6
32860,Rigid,2496382,2496383,2498669,1,2286,2287,completed,6
32861,Rigid,2496382,2496383,2498673,1,2290,2291,completed,6
32862,Rigid,2496460,2496461,2496525,1,64,65,completed,8
32863,Rigid,2496460,2496461,2496604,1,143,144,completed,16
32864,Rigid,2496460,2496461,2496540,1,79,80,completed,1
32865,Rigid,2496460,2496461,2496600,1,139,140,completed,6
32866,Rigid,2496468,2496469,2496487,1,18,19,completed,6
32867,Rigid,2496468,2496469,2496477,1,8,9,completed,1
32868,Rigid,2496537,2496538,2496549,1,11,12,completed,1
32869,Rigid,2496537,2496538,2496568,1,30,31,completed,1
32870,Rigid,2496557,2496558,2498673,1,2115,2116,completed,6
32871,Rigid,2496557,2496558,2498645,1,2087,2088,completed,6
32872,Rigid,2496557,2496558,2498669,1,2111,2112,completed,6
32873,Rigid,2496557,2496558,2498670,1,2112,2113,completed,6
32874,Rigid,2496557,2496558,2499683,1,3125,3126,completed,6
32875,Rigid,2496557,2496558,2498669,1,2111,2112,completed,6
32876,Rigid,2496557,2496558,2498693,1,2135,2136,completed,6
32877,Rigid,2496557,2496558,2500666,1,4108,4109,completed,6
32878,Rigid,2496557,2496558,2498672,1,2114,2115,completed,6
32879,Rigid,2496557,2496558,2498670,1,2112,2113,completed,6
32880,Rigid,2496557,2496558,2498670,1,2112,2113,completed,6
32881,Rigid,2496557,2496558,2498670,1,2112,2113,completed,6
32882,Rigid,2496557,2496558,2498670,1,2112,2113,completed,6
32883,Rigid,2496557,2496558,2498660,1,2102,2103,completed,6
32884,Rigid,2496558,2496558,2498671,0,2113,2113,completed,6
32885,Rigid,2496558,2496558,2498670,0,2112,2112,completed,6
32886,Rigid,2496577,2496578,2498671,1,2093,2094,completed,6
32887,Rigid,2496619,2496620,2498673,1,2053,2054,completed,6
32888,Rigid,2496619,2496620,2498660,1,2040,2041,completed,6
32889,Rigid,2497019,2497021,2497171,2,150,152,completed,8
32890,Rigid,2497181,2497182,2497194,1,12,13,completed,1
32891,Rigid,2497203,2497203,2499682,0,2479,2479,completed,6
32892,Rigid,2498642,2498643,2500970,1,2327,2328,completed,6
32893,Rigid,2498644,2498645,2500941,1,2296,2297,completed,6
32894,Rigid,2498646,2498646,2500941,0,2295,2295,completed,6
32895,Rigid,2498647,2498648,2500963,1,2315,2316,completed,6
32896,Rigid,2498663,2498664,2500964,1,2300,2301,completed,6
32897,Rigid,2498663,2498664,2500941,1,2277,2278,completed,6
32898,Rigid,2498664,2498667,2500971,3,2304,2307,completed,6
32899,Rigid,2498665,2498667,2498712,2,45,47,completed,1
32900,Rigid,2498666,2498667,2500941,1,2274,2275,completed,6
32901,Rigid,2498667,2498668,2500942,1,2274,2275,completed,6
32902,Rigid,2498667,2498668,2500941,1,2273,2274,completed,6
32903,Rigid,2498669,2498670,2500963,1,2293,2294,completed,6
32904,Rigid,2498680,2498681,2500933,1,2252,2253,completed,6
32905,Rigid,2498680,2498681,2503040,1,4359,4360,completed,6
32906,Rigid,2498680,2498681,2500921,1,2240,2241,completed,6
32907,Rigid,2498680,2498681,2500921,1,2240,2241,completed,6
32908,Rigid,2498681,2498683,2500941,2,2258,2260,completed,6
32909,Rigid,2498681,2498683,2501710,2,3027,3029,completed,6
32910,Rigid,2498681,2498683,2500964,2,2281,2283,completed,6
32911,Rigid,2498681,2498683,2500964,2,2281,2283,completed,6
32912,Rigid,2498681,2498683,2500964,2,2281,2283,completed,6
32913,Rigid,2498682,2498683,2500964,1,2281,2282,completed,6
32914,Rigid,2498682,2498683,2500964,1,2281,2282,completed,6
32915,Rigid,2498682,2498683,2500964,1,2281,2282,completed,6
32916,Rigid,2498682,2498683,2500939,1,2256,2257,completed,6
32917,Rigid,2498682,2498683,2500939,1,2256,2257,completed,6
32918,Rigid,2498682,2498683,2502093,1,3410,3411,completed,6
32919,Rigid,2498682,2498683,2500938,1,2255,2256,completed,6
32920,Rigid,2498683,2498683,2500938,0,2255,2255,completed,6
32921,Rigid,2498683,2498685,2500938,2,2253,2255,completed,6
32922,Rigid,2498683,2498685,2500938,2,2253,2255,completed,6
32923,Rigid,2498683,2498685,2500938,2,2253,2255,completed,6
32924,Rigid,2498683,2498685,2500938,2,2253,2255,completed,6
32925,Rigid,2498683,2498685,2500938,2,2253,2255,completed,6
32926,Rigid,2498683,2498685,2500926,2,2241,2243,completed,6
32927,Rigid,2498683,2498685,2500938,2,2253,2255,completed,6
32928,Rigid,2498684,2498685,2500923,1,2238,2239,completed,6
32929,Rigid,2498684,2498685,2500938,1,2253,2254,completed,6
32930,Rigid,2498684,2498685,2500964,1,2279,2280,completed,6
32931,Rigid,2498684,2498685,2500936,1,2251,2252,completed,6
32932,Rigid,2498684,2498685,2500964,1,2279,2280,completed,6
32933,Rigid,2498684,2498685,2500964,1,2279,2280,completed,6
32934,Rigid,2498684,2498685,2500917,1,2232,2233,completed,6
32935,Rigid,2498684,2498685,2500942,1,2257,2258,completed,6
32936,Rigid,2498685,2498685,2500941,0,2256,2256,completed,6
32937,Rigid,2498685,2498685,2500963,0,2278,2278,completed,6
32938,Rigid,2498685,2498687,2500963,2,2276,2278,completed,6
32939,Rigid,2498685,2498687,2500919,2,2232,2234,completed,6
32940,Rigid,2498685,2498687,2500943,2,2256,2258,completed,6
32941,Rigid,2498685,2498687,2500943,2,2256,2258,completed,6
32942,Rigid,2498685,2498687,2500942,2,2255,2257,completed,6
32943,Rigid,2498685,2498687,2500945,2,2258,2260,completed,6
32944,Rigid,2498685,2498687,2500958,2,2271,2273,completed,6
32945,Rigid,2498686,2498687,2500964,1,2277,2278,completed,6
32946,Rigid,2498686,2498687,2500961,1,2274,2275,completed,6
32947,Rigid,2498686,2498687,2500964,1,2277,2278,completed,6
32948,Rigid,2498686,2498687,2500964,1,2277,2278,completed,6
32949,Rigid,2498686,2498687,2498698,1,11,12,completed,1
32950,Rigid,2498687,2498687,2500961,0,2274,2274,completed,6
32951,Rigid,2498687,2498687,2500961,0,2274,2274,completed,6
32952,Rigid,2498687,2498687,2500941,0,2254,2254,completed,6
32953,Rigid,2498687,2498687,2500941,0,2254,2254,completed,6
32954,Rigid,2498687,2498687,2500917,0,2230,2230,completed,6
32955,Rigid,2498687,2498689,2500964,2,2275,2277,completed,6
32956,Rigid,2498687,2498689,2500964,2,2275,2277,completed,6
32957,Rigid,2498688,2498689,2500964,1,2275,2276,completed,6
32958,Rigid,2498688,2498689,2500964,1,2275,2276,completed,6
32959,Rigid,2498688,2498689,2500953,1,2264,2265,completed,6
32960,Rigid,2498688,2498689,2500955,1,2266,2267,completed,6
32961,Rigid,2498688,2498689,2501071,1,2382,2383,completed,6
32962,Rigid,2498688,2498689,2500938,1,2249,2250,completed,6
32963,Rigid,2498689,2498690,2506003,1,7313,7314,completed,6
32964,Rigid,2498689,2498690,2500938,1,2248,2249,completed,6
32965,Rigid,2498689,2498690,2500938,1,2248,2249,completed,6
32966,Rigid,2498689,2498690,2500965,1,2275,2276,completed,6
32967,Rigid,2498689,2498690,2500965,1,2275,2276,completed,6
32968,Rigid,2498689,2498690,2500965,1,2275,2276,completed,6
32969,Rigid,2498690,2498690,2502108,0,3418,3418,completed,6
32970,Rigid,2498690,2498690,2500965,0,2275,2275,completed,6
32971,Rigid,2498690,2498690,2500964,0,2274,2274,completed,6
32972,Rigid,2498690,2498690,2500964,0,2274,2274,completed,6
32973,Rigid,2498690,2498690,2500960,0,2270,2270,completed,6
32974,Rigid,2498690,2498690,2500974,0,2284,2284,completed,6
32975,Rigid,2498690,2498690,2500974,0,2284,2284,completed,6
32976,Rigid,2498691,2498693,2500974,2,2281,2283,completed,6
32977,Rigid,2498691,2498693,2500947,2,2254,2256,completed,6
32978,Rigid,2498691,2498693,2500917,2,2224,2226,completed,6
32979,Rigid,2498704,2498705,2500978,1,2273,2274,completed,6
32980,Rigid,2498708,2498709,2498956,1,247,248,completed,1
32981,Rigid,2498709,2498713,2500970,4,2257,2261,completed,6
32982,Rigid,2498709,2498713,2498808,4,95,99,completed,1
32983,Rigid,2498709,2498713,2500939,4,2226,2230,completed,6
32984,Rigid,2498709,2498713,2500970,4,2257,2261,completed,6
32985,Rigid,2498710,2498713,2500941,3,2228,2231,completed,6
32986,Rigid,2498710,2498713,2500937,3,2224,2227,completed,6
32987,Rigid,2498710,2498713,2500948,3,2235,2238,completed,6
32988,Rigid,2498710,2498713,2500962,3,2249,2252,completed,6
32989,Rigid,2498711,2498713,2500936,2,2223,2225,completed,6
32990,Rigid,2498711,2498713,2500963,2,2250,2252,completed,6
32991,Rigid,2498711,2498713,2500917,2,2204,2206,completed,6
32992,Rigid,2498712,2498713,2498746,1,33,34,completed,1
32993,Rigid,2498730,2498730,2500963,0,2233,2233,completed,6
32994,Rigid,2498754,2498754,2500965,0,2211,2211,completed,6
32995,Rigid,2498827,2498827,2501665,0,2838,2838,completed,6
32996,Rigid,2498974,2498975,2501851,1,2876,2877,completed,6
32997,Rigid,2499619,2499620,2502080,1,2460,2461,completed,6
32998,Rigid,2499620,2499624,2502061,4,2437,2441,completed,6
32999,Rigid,2499641,2499642,2503039,1,3397,3398,completed,6
33000,Rigid,2499641,2499642,2502073,1,2431,2432,completed,6
33001,Rigid,2499641,2499642,2502078,1,2436,2437,completed,6
33002,Rigid,2499641,2499642,2502078,1,2436,2437,completed,6
33003,Rigid,2499662,2499663,2502076,1,2413,2414,completed,6
33004,Rigid,2499662,2499663,2502097,1,2434,2435,completed,6
33005,Rigid,2499683,2499684,2503026,1,3342,3343,completed,6
33006,Rigid,2499683,2499684,2502084,1,2400,2401,completed,6
33007,Rigid,2499683,2499684,2502103,1,2419,2420,completed,6
33008,Rigid,2499683,2499684,2502114,1,2430,2431,completed,6
33009,Rigid,2499683,2499684,2502085,1,2401,2402,completed,6
33010,Rigid,2499684,2499688,2502119,4,2431,2435,completed,6
33011,Rigid,2499704,2499705,2502372,1,2667,2668,completed,6
33012,Rigid,2499705,2499709,2502119,4,2410,2414,completed,6
33013,Rigid,2499852,2499853,2501659,1,1806,1807,completed,12
33014,Rigid,2499852,2499853,2500274,1,421,422,completed,1
33015,Rigid,2499852,2499853,2500397,1,544,545,completed,1
33016,Rigid,2499852,2499853,2500325,1,472,473,completed,1
33017,Rigid,2499852,2499853,2511183,1,11330,11331,completed,1
33018,Rigid,2499852,2499853,2501483,1,1630,1631,completed,1
33019,Rigid,2499899,2499901,2503034,2,3133,3135,completed,6
33020,Rigid,2500678,2500681,2500727,3,46,49,completed,1
33021,Rigid,2500741,2500742,2503915,1,3173,3174,completed,6
33022,Rigid,2500765,2500766,2503371,1,2605,2606,completed,1
33023,Rigid,2500766,2500766,2501569,0,803,803,completed,1
33024,Rigid,2500766,2500766,2501819,0,1053,1053,completed,1
33025,Rigid,2500766,2500766,2501654,0,888,888,completed,1
33026,Rigid,2500766,2500766,2503732,0,2966,2966,completed,12
33027,Rigid,2500766,2500766,2521451,0,20685,20685,completed,1
33028,Rigid,2500924,2500925,2503590,1,2665,2666,completed,6
33029,Rigid,2500930,2500931,2503607,1,2676,2677,completed,6
33030,Rigid,2500931,2500931,2503586,0,2655,2655,completed,6
33031,Rigid,2500932,2500934,2503607,2,2673,2675,completed,6
33032,Rigid,2500932,2500934,2503594,2,2660,2662,completed,6
33033,Rigid,2500934,2500934,2503607,0,2673,2673,completed,6
33034,Rigid,2500934,2500935,2503607,1,2672,2673,completed,6
33035,Rigid,2500935,2500935,2503607,0,2672,2672,completed,6
33036,Rigid,2500946,2500946,2503593,0,2647,2647,completed,6
33037,Rigid,2500946,2500946,2503606,0,2660,2660,completed,6
33038,Rigid,2500946,2500946,2503606,0,2660,2660,completed,6
33039,Rigid,2500947,2500948,2503607,1,2659,2660,completed,6
33040,Rigid,2500947,2500948,2503606,1,2658,2659,completed,6
33041,Rigid,2500947,2500948,2503607,1,2659,2660,completed,6
33042,Rigid,2500947,2500948,2503577,1,2629,2630,completed,6
33043,Rigid,2500948,2500948,2503607,0,2659,2659,completed,6
33044,Rigid,2500948,2500948,2503607,0,2659,2659,completed,6
33045,Rigid,2500948,2500948,2503607,0,2659,2659,completed,6
33046,Rigid,2500948,2500948,2501009,0,61,61,completed,6
33047,Rigid,2500948,2500948,2503581,0,2633,2633,completed,6
33048,Rigid,2500948,2500948,2503608,0,2660,2660,completed,6
33049,Rigid,2500949,2500950,2503607,1,2657,2658,completed,6
33050,Rigid,2500949,2500950,2503607,1,2657,2658,completed,6
33051,Rigid,2500949,2500950,2503588,1,2638,2639,completed,6
33052,Rigid,2500949,2500950,2503607,1,2657,2658,completed,6
33053,Rigid,2500949,2500950,2503607,1,2657,2658,completed,6
33054,Rigid,2500949,2500950,2503606,1,2656,2657,completed,6
33055,Rigid,2500949,2500950,2503607,1,2657,2658,completed,6
33056,Rigid,2500950,2500950,2503606,0,2656,2656,completed,6
33057,Rigid,2500950,2500950,2504468,0,3518,3518,completed,6
33058,Rigid,2500950,2500950,2503612,0,2662,2662,completed,6
33059,Rigid,2500950,2500950,2503602,0,2652,2652,completed,6
33060,Rigid,2500950,2500950,2503607,0,2657,2657,completed,6
33061,Rigid,2500951,2500951,2503607,0,2656,2656,completed,6
33062,Rigid,2500951,2500951,2503607,0,2656,2656,completed,6
33063,Rigid,2500952,2500954,2501379,2,425,427,completed,16
33064,Rigid,2500952,2500954,2503607,2,2653,2655,completed,6
33065,Rigid,2500952,2500954,2503607,2,2653,2655,completed,6
33066,Rigid,2500953,2500954,2504455,1,3501,3502,completed,6
33067,Rigid,2500953,2500954,2503573,1,2619,2620,completed,6
33068,Rigid,2500954,2500954,2503607,0,2653,2653,completed,6
33069,Rigid,2500954,2500954,2504478,0,3524,3524,completed,6
33070,Rigid,2500954,2500954,2503606,0,2652,2652,completed,6
33071,Rigid,2500954,2500954,2503798,0,2844,2844,completed,6
33072,Rigid,2500955,2500956,2500989,1,33,34,completed,6
33073,Rigid,2500974,2500975,2503607,1,2632,2633,completed,6
33074,Rigid,2500975,2500976,2503574,1,2598,2599,completed,6
33075,Rigid,2500975,2500976,2503584,1,2608,2609,completed,6
33076,Rigid,2500975,2500976,2503607,1,2631,2632,completed,6
33077,Rigid,2500975,2500976,2501487,1,511,512,completed,6
33078,Rigid,2500975,2500976,2503607,1,2631,2632,completed,6
33079,Rigid,2500975,2500976,2503607,1,2631,2632,completed,6
33080,Rigid,2500975,2500976,2503607,1,2631,2632,completed,6
33081,Rigid,2500976,2500976,2503607,0,2631,2631,completed,6
33082,Rigid,2500976,2500977,2503607,1,2630,2631,completed,6
33083,Rigid,2500976,2500977,2503570,1,2593,2594,completed,6
33084,Rigid,2500976,2500977,2503579,1,2602,2603,completed,6
33085,Rigid,2500976,2500977,2503607,1,2630,2631,completed,6
33086,Rigid,2500976,2500977,2503607,1,2630,2631,completed,6
33087,Rigid,2500976,2500977,2503607,1,2630,2631,completed,6
33088,Rigid,2500977,2500977,2503568,0,2591,2591,completed,6
33089,Rigid,2500977,2500980,2503924,3,2944,2947,completed,6
33090,Rigid,2500977,2500980,2503607,3,2627,2630,completed,6
33091,Rigid,2500977,2500980,2503607,3,2627,2630,completed,6
33092,Rigid,2500977,2500980,2503607,3,2627,2630,completed,6
33093,Rigid,2500977,2500980,2503607,3,2627,2630,completed,6
33094,Rigid,2501393,2501394,2501710,1,316,317,completed,1
33095,Rigid,2501394,2501394,2501461,0,67,67,completed,1
33096,Rigid,2501492,2501493,2501646,1,153,154,completed,6
33097,Rigid,2501669,2501669,2501716,0,47,47,completed,12
33098,Rigid,2501669,2501672,2501712,3,40,43,completed,12
33099,Rigid,2501669,2501672,2501713,3,41,44,completed,12
33100,Rigid,2501713,2501714,2501723,1,9,10,completed,1
33101,Rigid,2501713,2501714,2501722,1,8,9,completed,1
33102,Rigid,2501725,2501726,2501730,1,4,5,completed,1
33103,Rigid,2501876,2501877,2502549,1,672,673,completed,1
33104,Rigid,2501876,2501877,2502707,1,830,831,completed,1
33105,Rigid,2501876,2501877,2502628,1,751,752,completed,1
33106,Rigid,2501876,2501877,2518521,1,16644,16645,completed,1
33107,Rigid,2501877,2501877,2504340,0,2463,2463,completed,12
33108,Rigid,2501877,2501877,2504796,0,2919,2919,completed,1
33109,Rigid,2503056,2503056,2503259,0,203,203,completed,6
33110,Rigid,2503265,2503266,2503272,1,6,7,completed,1
33111,Rigid,2503362,2503363,2589464,1,86101,86102,completed,36
33112,Rigid,2503375,2503376,2503575,1,199,200,completed,6
33113,Rigid,2503425,2503426,2685617,1,182191,182192,completed,36
33114,Rigid,2503489,2503489,2503491,0,2,2,completed,18
33115,Rigid,2503535,2503535,2503536,0,1,1,completed,18
33116,Rigid,2503560,2503561,2503589,1,28,29,completed,18
33117,Rigid,2503736,2503737,2503773,1,36,37,completed,12
33118,Rigid,2503736,2503737,2503772,1,35,36,completed,12
33119,Rigid,2503737,2503737,2503773,0,36,36,completed,12
33120,Rigid,2503779,2503780,2503785,1,5,6,completed,1
33121,Rigid,2503779,2503780,2503785,1,5,6,completed,1
33122,Rigid,2503780,2503784,2503788,4,4,8,completed,1
33123,Rigid,2503946,2503947,2503979,1,32,33,completed,6
33124,Rigid,2503983,2503984,2504016,1,32,33,completed,6
33125,Rigid,2503984,2503984,2504016,0,32,32,completed,6
33126,Rigid,2503984,2503984,2504015,0,31,31,completed,6
33127,Rigid,2504136,2504137,2504227,1,90,91,completed,18
33128,Rigid,2504337,2504341,2504429,4,88,92,completed,18
33129,Rigid,2504343,2504343,2504377,0,34,34,completed,12
33130,Rigid,2504343,2504343,2504375,0,32,32,completed,12
33131,Rigid,2504343,2504345,2504375,2,30,32,completed,12
33132,Rigid,2504375,2504375,2504379,0,4,4,completed,1
33133,Rigid,2504375,2504376,2504380,1,4,5,completed,1
33134,Rigid,2504386,2504387,2504391,1,4,5,completed,1
33135,Rigid,2504487,2504487,2504505,0,18,18,completed,6
33136,Rigid,2504501,2504502,2531865,1,27363,27364,completed,1
33137,Rigid,2504515,2504515,2504542,0,27,27,completed,6
33138,Rigid,2504515,2504517,2504542,2,25,27,completed,6
33139,Rigid,2504515,2504517,2504541,2,24,26,completed,6
33140,Rigid,2504553,2504554,2504605,1,51,52,completed,18
33141,Rigid,2504699,2504701,2504708,2,7,9,completed,18
33142,Rigid,2504712,2504713,2504760,1,47,48,completed,18
33143,Rigid,2504800,2504800,2504919,0,119,119,completed,6
33144,Rigid,2504948,2504948,2504994,0,46,46,completed,36
33145,Rigid,2504960,2504961,2507464,1,2503,2504,completed,36
33146,Rigid,2505006,2505006,2516666,0,11660,11660,completed,36
33147,Rigid,2505072,2505073,2505077,1,4,5,completed,72
33148,Rigid,2505170,2505171,2505213,1,42,43,completed,72
33149,Rigid,2505234,2505234,2505279,0,45,45,completed,72
33150,Rigid,2505424,2505424,2505691,0,267,267,completed,72
33151,Rigid,2505620,2505620,2505658,0,38,38,completed,36
33152,Rigid,2505643,2505659,2510334,16,4675,4691,completed,36
33153,Rigid,2505793,2505793,2506709,0,916,916,completed,36
33154,Rigid,2506012,2506013,2506040,1,27,28,completed,6
33155,Rigid,2506050,2506050,2506086,0,36,36,completed,6
33156,Rigid,2506050,2506050,2506086,0,36,36,completed,6
33157,Rigid,2506050,2506054,2506085,4,31,35,completed,6
33158,Rigid,2506077,2506081,2506726,4,645,649,completed,36
33159,Rigid,2506310,2506311,2506332,1,21,22,completed,1
33160,Rigid,2506516,2506516,2592743,0,86227,86227,completed,1
33161,Rigid,2507036,2507036,2663951,0,156915,156915,completed,144
33162,Rigid,2507111,2507112,2523798,1,16686,16687,completed,144
33163,Rigid,2507379,2507379,2654113,0,146734,146734,completed,1
33164,Rigid,2507379,2507383,2659346,4,151963,151967,completed,1
33165,Rigid,2507380,2507383,2634598,3,127215,127218,completed,1
33166,Rigid,2507381,2507383,2620685,2,113302,113304,completed,1
33167,Rigid,2507381,2507383,2683801,2,176418,176420,completed,1
33168,Rigid,2507382,2507383,2615583,1,108200,108201,completed,1
33169,Rigid,2507382,2507383,2632166,1,124783,124784,completed,1
33170,Rigid,2507383,2507383,2639722,0,132339,132339,completed,1
33171,Rigid,2507383,2507387,2614639,4,107252,107256,completed,1
33172,Rigid,2507384,2507387,2647482,3,140095,140098,completed,1
33173,Rigid,2507384,2507387,2613395,3,106008,106011,completed,1
33174,Rigid,2507385,2507387,2627037,2,119650,119652,completed,1
33175,Rigid,2507385,2507387,2599514,2,92127,92129,completed,1
33176,Rigid,2507386,2507387,2597351,1,89964,89965,completed,1
33177,Rigid,2507386,2507387,2599784,1,92397,92398,completed,1
33178,Rigid,2507387,2507387,2610127,0,102740,102740,completed,1
33179,Rigid,2507387,2507391,2605186,4,97795,97799,completed,1
33180,Rigid,2507388,2507391,2635158,3,127767,127770,completed,1
33181,Rigid,2507388,2507391,2624536,3,117145,117148,completed,1
33182,Rigid,2507389,2507391,2627055,2,119664,119666,completed,1
33183,Rigid,2507416,2507416,2507418,0,2,2,completed,1
33184,Rigid,2507421,2507422,2628569,1,121147,121148,completed,1
33185,Rigid,2507469,2507471,2507478,2,7,9,completed,1
33186,Rigid,2507469,2507509,2507513,40,4,44,completed,1
33187,Rigid,2507470,2563695,2563704,56225,9,56234,completed,1
33188,Rigid,2508146,2508146,2508656,0,510,510,completed,144
33189,Rigid,2508210,2508211,2518028,1,9817,9818,completed,288
33190,Rigid,2508246,2508246,2624414,0,116168,116168,completed,144
33191,Rigid,2508264,2508264,2511177,0,2913,2913,completed,72
33192,Rigid,2508322,2508322,2517376,0,9054,9054,completed,1
33193,Rigid,2508323,2508326,2517712,3,9386,9389,completed,1
33194,Rigid,2508324,2508326,2515761,2,7435,7437,completed,1
33195,Rigid,2508325,2508326,2515756,1,7430,7431,completed,1
33196,Rigid,2508326,2508326,2515900,0,7574,7574,completed,1
33197,Rigid,2508327,2508330,2515049,3,6719,6722,completed,1
33198,Rigid,2508328,2508330,2515069,2,6739,6741,completed,1
33199,Rigid,2508328,2508330,2515000,2,6670,6672,completed,1
33200,Rigid,2508329,2508330,2514994,1,6664,6665,completed,1
33201,Rigid,2508330,2508330,2514990,0,6660,6660,completed,1
33202,Rigid,2508331,2508334,2515081,3,6747,6750,completed,1
33203,Rigid,2508332,2508334,2515020,2,6686,6688,completed,1
33204,Rigid,2508333,2508334,2515021,1,6687,6688,completed,1
33205,Rigid,2508334,2508334,2515016,0,6682,6682,completed,1
33206,Rigid,2508334,2508335,2514994,1,6659,6660,completed,1
33207,Rigid,2508335,2508338,2515011,3,6673,6676,completed,1
33208,Rigid,2508336,2508338,2515009,2,6671,6673,completed,1
33209,Rigid,2508337,2508338,2517569,1,9231,9232,completed,1
33210,Rigid,2508337,2508338,2516887,1,8549,8550,completed,1
33211,Rigid,2508338,2508338,2525155,0,16817,16817,completed,1
33212,Rigid,2508436,2508437,2512333,1,3896,3897,completed,72
33213,Rigid,2508485,2508485,2512772,0,4287,4287,completed,72
33214,Rigid,2508530,2508531,2508734,1,203,204,completed,6
33215,Rigid,2508741,2508741,2508746,0,5,5,completed,1
33216,Rigid,2508774,2508775,2508867,1,92,93,completed,18
33217,Rigid,2509295,2509296,2521985,1,12689,12690,completed,432
33218,Rigid,2509386,2509387,2513984,1,4597,4598,completed,864
33219,Rigid,2509993,2509994,2515071,1,5077,5078,completed,144
33220,Rigid,2510392,2510393,2683214,1,172821,172822,completed,288
33221,Rigid,2510471,2510472,2683274,1,172802,172803,completed,288
33222,Rigid,2510544,2510545,2510782,1,237,238,completed,36
33223,Rigid,2510639,2510641,2512852,2,2211,2213,completed,72
33224,Rigid,2510840,2510841,2511063,1,222,223,completed,36
33225,Rigid,2511096,2511096,2511131,0,35,35,completed,36
33226,Rigid,2511185,2511185,2511321,0,136,136,completed,6
33227,Rigid,2511325,2511326,2511331,1,5,6,completed,1
33228,Rigid,2511538,2511541,2644506,3,132965,132968,completed,288
33229,Rigid,2511783,2511783,2512043,0,260,260,completed,36
33230,Rigid,2511871,2511872,2684684,1,172812,172813,completed,288
33231,Rigid,2511942,2511942,2684744,0,172802,172802,completed,288
33232,Rigid,2512177,2682795,2855621,170618,172826,343444,completed,288
33233,Rigid,2512333,2682795,2855621,170462,172826,343288,completed,288
33234,Rigid,2512446,2512446,2559041,0,46595,46595,completed,36
33235,Rigid,2512480,2512481,2554857,1,42376,42377,completed,36
33236,Rigid,2512541,2512542,2560018,1,47476,47477,completed,36
33237,Rigid,2512599,2512600,2685404,1,172804,172805,completed,36
33238,Rigid,2512599,2512600,2685404,1,172804,172805,completed,36
33239,Rigid,2512599,2512600,2685404,1,172804,172805,completed,36
33240,Rigid,2512614,2512614,2556953,0,44339,44339,completed,36
33241,Rigid,2512614,2512617,2685434,3,172817,172820,completed,36
33242,Rigid,2512614,2512617,2685434,3,172817,172820,completed,36
33243,Rigid,2512614,2512617,2685434,3,172817,172820,completed,36
33244,Rigid,2512624,2512625,2685434,1,172809,172810,completed,36
33245,Rigid,2512624,2512625,2685434,1,172809,172810,completed,36
33246,Rigid,2512624,2512625,2685434,1,172809,172810,completed,36
33247,Rigid,2512651,2512652,2512687,1,35,36,completed,36
33248,Rigid,2512722,2512723,2685525,1,172802,172803,completed,36
33249,Rigid,2512722,2512723,2685525,1,172802,172803,completed,36
33250,Rigid,2512722,2512723,2685525,1,172802,172803,completed,36
33251,Rigid,2512748,2512749,2685555,1,172806,172807,completed,36
33252,Rigid,2512748,2512749,2685555,1,172806,172807,completed,36
33253,Rigid,2512748,2512750,2685555,2,172805,172807,completed,36
33254,Rigid,2512770,2512770,2513463,0,693,693,completed,36
33255,Rigid,2512771,2512773,2513464,2,691,693,completed,36
33256,Rigid,2512772,2512773,2513475,1,702,703,completed,36
33257,Rigid,2512773,2512774,2513474,1,700,701,completed,36
33258,Rigid,2512774,2512774,2513476,0,702,702,completed,36
33259,Rigid,2512774,2512778,2513480,4,702,706,completed,36
33260,Rigid,2512775,2512778,2513482,3,704,707,completed,36
33261,Rigid,2512775,2512842,2513550,67,708,775,completed,36
33262,Rigid,2512776,2512853,2513549,77,696,773,completed,36
33263,Rigid,2512776,2512853,2513555,77,702,779,completed,36
33264,Rigid,2512776,2512862,2513557,86,695,781,completed,36
33265,Rigid,2512777,2512875,2513573,98,698,796,completed,36
33266,Rigid,2512777,2513043,2513734,266,691,957,completed,36
33267,Rigid,2512778,2513464,2514169,686,705,1391,completed,36
33268,Rigid,2512778,2513465,2514169,687,704,1391,completed,36
33269,Rigid,2512778,2513476,2514174,698,698,1396,completed,36
33270,Rigid,2512780,2513986,2686815,1206,172829,174035,completed,36
33271,Rigid,2512780,2513986,2686815,1206,172829,174035,completed,36
33272,Rigid,2512780,2513986,2686815,1206,172829,174035,completed,36
33273,Rigid,2512811,2513986,2686815,1175,172829,174004,completed,36
33274,Rigid,2512811,2513986,2686815,1175,172829,174004,completed,36
33275,Rigid,2512811,2513986,2686815,1175,172829,174004,completed,36
33276,Rigid,2512818,2513986,2518866,1168,4880,6048,completed,72
33277,Rigid,2512842,2513986,2686815,1144,172829,173973,completed,36
33278,Rigid,2512842,2513986,2686815,1144,172829,173973,completed,36
33279,Rigid,2512842,2677095,2849921,164253,172826,337079,completed,36
33280,Rigid,2512872,2513986,2518906,1114,4920,6034,completed,72
33281,Rigid,2512878,2677095,2849921,164217,172826,337043,completed,36
33282,Rigid,2512878,2677095,2849921,164217,172826,337043,completed,36
33283,Rigid,2512878,2677125,2849951,164247,172826,337073,completed,36
33284,Rigid,2512904,2677125,2849951,164221,172826,337047,completed,36
33285,Rigid,2512904,2677185,2850011,164281,172826,337107,completed,36
33286,Rigid,2512904,2677186,2850011,164282,172825,337107,completed,36
33287,Rigid,2512930,2513986,2518780,1056,4794,5850,completed,72
33288,Rigid,2513547,2513551,2540742,4,27191,27195,completed,72
33289,Rigid,2513552,2513558,2540329,6,26771,26777,completed,72
33290,Rigid,2513557,2513735,2540848,178,27113,27291,completed,72
33291,Rigid,2513735,2513735,2513742,0,7,7,completed,1
33292,Rigid,2513735,2513735,2513742,0,7,7,completed,1
33293,Rigid,2513735,2513735,2513742,0,7,7,completed,1
33294,Rigid,2513735,2513735,2513742,0,7,7,completed,1
33295,Rigid,2513735,2513735,2513742,0,7,7,completed,1
33296,Rigid,2513735,2513735,2513742,0,7,7,completed,1
33297,Rigid,2513735,2513735,2513742,0,7,7,completed,1
33298,Rigid,2513735,2513735,2513742,0,7,7,completed,1
33299,Rigid,2513735,2513735,2513742,0,7,7,completed,1
33300,Rigid,2513735,2513735,2513742,0,7,7,completed,1
33301,Rigid,2514370,2514370,2644491,0,130121,130121,completed,144
33302,Rigid,2514705,2514705,2514828,0,123,123,completed,1
33303,Rigid,2514705,2514705,2514828,0,123,123,completed,1
33304,Rigid,2514705,2514705,2514828,0,123,123,completed,1
33305,Rigid,2514709,2514709,2514840,0,131,131,completed,1
33306,Rigid,2514709,2514709,2514840,0,131,131,completed,1
33307,Rigid,2514709,2514709,2514840,0,131,131,completed,1
33308,Rigid,2514872,2514873,2522893,1,8020,8021,completed,1
33309,Rigid,2514872,2514873,2522807,1,7934,7935,completed,1
33310,Rigid,2514872,2514873,2519510,1,4637,4638,completed,1
33311,Rigid,2514875,2514877,2522909,2,8032,8034,completed,1
33312,Rigid,2514875,2514877,2523044,2,8167,8169,completed,1
33313,Rigid,2514875,2514877,2519656,2,4779,4781,completed,1
33314,Rigid,2516153,2516153,2521205,0,5052,5052,completed,144
33315,Rigid,2516808,2516808,2519926,0,3118,3118,completed,18
33316,Rigid,2516808,2516812,2520048,4,3236,3240,completed,18
33317,Rigid,2517508,2517508,2518378,0,870,870,completed,144
33318,Rigid,2518306,2518306,2518312,0,6,6,completed,18
33319,Rigid,2518306,2518306,2518312,0,6,6,completed,18
33320,Rigid,2518525,2518525,2518767,0,242,242,completed,6
33321,Rigid,2518775,2518776,2518781,1,5,6,completed,1
33322,Rigid,2519091,2519092,2519598,1,506,507,completed,144
33323,Rigid,2519488,2519489,2519519,1,30,31,completed,144
33324,Rigid,2519579,2519581,2520809,2,1228,1230,completed,36
33325,Rigid,2519740,2519741,2519753,1,12,13,completed,144
33326,Rigid,2519895,2519895,2519898,0,3,3,completed,36
33327,Rigid,2519920,2519921,2519924,1,3,4,completed,36
33328,Rigid,2519965,2519966,2519969,1,3,4,completed,36
33329,Rigid,2520472,2520472,2520476,0,4,4,completed,36
33330,Rigid,2521008,2521008,2521272,0,264,264,completed,18
33331,Rigid,2521082,2521083,2522394,1,1311,1312,completed,144
33332,Rigid,2521304,2521304,2521312,0,8,8,completed,1
33333,Rigid,2521304,2521304,2521306,0,2,2,completed,1
33334,Rigid,2521304,2521304,2521312,0,8,8,completed,1
33335,Rigid,2521304,2521304,2521328,0,24,24,completed,1
33336,Rigid,2521304,2521304,2521306,0,2,2,completed,1
33337,Rigid,2521457,2521458,2521766,1,308,309,completed,6
33338,Rigid,2521464,2521464,2521465,0,1,1,completed,1
33339,Rigid,2521464,2521464,2521465,0,1,1,completed,1
33340,Rigid,2521464,2521466,2521467,2,1,3,completed,1
33341,Rigid,2521464,2521466,2521467,2,1,3,completed,1
33342,Rigid,2521464,2521466,2521467,2,1,3,completed,1
33343,Rigid,2521464,2521466,2521467,2,1,3,completed,1
33344,Rigid,2521464,2521466,2521467,2,1,3,completed,1
33345,Rigid,2521464,2521466,2521467,2,1,3,completed,1
33346,Rigid,2521464,2521466,2521467,2,1,3,completed,1
33347,Rigid,2521464,2521466,2521467,2,1,3,completed,1
33348,Rigid,2521465,2521466,2521467,1,1,2,completed,1
33349,Rigid,2521465,2521466,2521467,1,1,2,completed,1
33350,Rigid,2521465,2521466,2521467,1,1,2,completed,1
33351,Rigid,2521465,2521466,2521467,1,1,2,completed,1
33352,Rigid,2521465,2521466,2521467,1,1,2,completed,1
33353,Rigid,2521465,2521466,2521468,1,2,3,completed,1
33354,Rigid,2521465,2521466,2521467,1,1,2,completed,1
33355,Rigid,2521465,2521466,2521467,1,1,2,completed,1
33356,Rigid,2521465,2521466,2521468,1,2,3,completed,1
33357,Rigid,2521465,2521466,2521467,1,1,2,completed,1
33358,Rigid,2521466,2521466,2521467,0,1,1,completed,1
33359,Rigid,2521466,2521466,2521467,0,1,1,completed,1
33360,Rigid,2521466,2521466,2521467,0,1,1,completed,1
33361,Rigid,2521466,2521466,2521469,0,3,3,completed,1
33362,Rigid,2521466,2521466,2521467,0,1,1,completed,1
33363,Rigid,2521466,2521466,2521467,0,1,1,completed,1
33364,Rigid,2521466,2521466,2521467,0,1,1,completed,1
33365,Rigid,2521466,2521466,2521468,0,2,2,completed,1
33366,Rigid,2521466,2521466,2521467,0,1,1,completed,1
33367,Rigid,2521466,2521468,2521469,2,1,3,completed,1
33368,Rigid,2521467,2521468,2521469,1,1,2,completed,1
33369,Rigid,2521467,2521468,2521469,1,1,2,completed,1
33370,Rigid,2521467,2521468,2521469,1,1,2,completed,1
33371,Rigid,2521467,2521468,2521469,1,1,2,completed,1
33372,Rigid,2521467,2521468,2521469,1,1,2,completed,1
33373,Rigid,2521467,2521468,2521469,1,1,2,completed,1
33374,Rigid,2521467,2521468,2521470,1,2,3,completed,1
33375,Rigid,2521467,2521468,2521469,1,1,2,completed,1
33376,Rigid,2521467,2521468,2521469,1,1,2,completed,1
33377,Rigid,2521467,2521468,2521469,1,1,2,completed,1
33378,Rigid,2521468,2521469,2521470,1,1,2,completed,1
33379,Rigid,2521468,2521469,2521470,1,1,2,completed,1
33380,Rigid,2521468,2521469,2521470,1,1,2,completed,1
33381,Rigid,2521468,2521469,2521470,1,1,2,completed,1
33382,Rigid,2521468,2521469,2521470,1,1,2,completed,1
33383,Rigid,2521468,2521469,2521470,1,1,2,completed,1
33384,Rigid,2521468,2521469,2521470,1,1,2,completed,1
33385,Rigid,2521468,2521469,2521470,1,1,2,completed,1
33386,Rigid,2521468,2521469,2521470,1,1,2,completed,1
33387,Rigid,2521468,2521469,2521470,1,1,2,completed,1
33388,Rigid,2521469,2521469,2521470,0,1,1,completed,1
33389,Rigid,2521469,2521469,2521470,0,1,1,completed,1
33390,Rigid,2521469,2521469,2521470,0,1,1,completed,1
33391,Rigid,2521469,2521469,2521470,0,1,1,completed,1
33392,Rigid,2521469,2521469,2521470,0,1,1,completed,1
33393,Rigid,2521469,2521469,2521470,0,1,1,completed,1
33394,Rigid,2521469,2521470,2521471,1,1,2,completed,1
33395,Rigid,2521469,2521470,2521471,1,1,2,completed,1
33396,Rigid,2521469,2521470,2521471,1,1,2,completed,1
33397,Rigid,2521470,2521470,2521471,0,1,1,completed,1
33398,Rigid,2521470,2521470,2521471,0,1,1,completed,1
33399,Rigid,2521470,2521470,2521471,0,1,1,completed,1
33400,Rigid,2521470,2521470,2521471,0,1,1,completed,1
33401,Rigid,2521470,2521470,2521472,0,2,2,completed,1
33402,Rigid,2521470,2521470,2521472,0,2,2,completed,1
33403,Rigid,2521470,2521472,2521473,2,1,3,completed,1
33404,Rigid,2521470,2521472,2521473,2,1,3,completed,1
33405,Rigid,2521471,2521472,2521473,1,1,2,completed,1
33406,Rigid,2521471,2521472,2521473,1,1,2,completed,1
33407,Rigid,2521471,2521472,2521473,1,1,2,completed,1
33408,Rigid,2521471,2521472,2521473,1,1,2,completed,1
33409,Rigid,2521471,2521472,2521473,1,1,2,completed,1
33410,Rigid,2521471,2521472,2521473,1,1,2,completed,1
33411,Rigid,2521471,2521472,2521473,1,1,2,completed,1
33412,Rigid,2521471,2521472,2521473,1,1,2,completed,1
33413,Rigid,2521471,2521472,2521473,1,1,2,completed,1
33414,Rigid,2521472,2521472,2521473,0,1,1,completed,1
33415,Rigid,2521472,2521472,2521473,0,1,1,completed,1
33416,Rigid,2521472,2521472,2521473,0,1,1,completed,1
33417,Rigid,2521472,2521473,2521474,1,1,2,completed,1
33418,Rigid,2521472,2521473,2521474,1,1,2,completed,1
33419,Rigid,2521472,2521473,2521474,1,1,2,completed,1
33420,Rigid,2521472,2521473,2521474,1,1,2,completed,1
33421,Rigid,2521472,2521473,2521474,1,1,2,completed,1
33422,Rigid,2521472,2521473,2521474,1,1,2,completed,1
33423,Rigid,2521473,2521473,2521474,0,1,1,completed,1
33424,Rigid,2521473,2521473,2521474,0,1,1,completed,1
33425,Rigid,2521473,2521473,2521474,0,1,1,completed,1
33426,Rigid,2521473,2521473,2521474,0,1,1,completed,1
33427,Rigid,2521473,2521474,2521475,1,1,2,completed,1
33428,Rigid,2521473,2521474,2521475,1,1,2,completed,1
33429,Rigid,2521473,2521474,2521475,1,1,2,completed,1
33430,Rigid,2521473,2521474,2521475,1,1,2,completed,1
33431,Rigid,2521473,2521474,2521475,1,1,2,completed,1
33432,Rigid,2521473,2521474,2521475,1,1,2,completed,1
33433,Rigid,2521474,2521474,2521475,0,1,1,completed,1
33434,Rigid,2521474,2521474,2521475,0,1,1,completed,1
33435,Rigid,2521474,2521474,2521475,0,1,1,completed,1
33436,Rigid,2521474,2521474,2521475,0,1,1,completed,1
33437,Rigid,2521474,2521474,2521475,0,1,1,completed,1
33438,Rigid,2521474,2521475,2521476,1,1,2,completed,1
33439,Rigid,2521474,2521475,2521476,1,1,2,completed,1
33440,Rigid,2521474,2521475,2521476,1,1,2,completed,1
33441,Rigid,2521475,2521475,2521476,0,1,1,completed,1
33442,Rigid,2521475,2521475,2521476,0,1,1,completed,1
33443,Rigid,2521475,2521475,2521476,0,1,1,completed,1
33444,Rigid,2521475,2521475,2521476,0,1,1,completed,1
33445,Rigid,2521475,2521475,2521476,0,1,1,completed,1
33446,Rigid,2521475,2521475,2521476,0,1,1,completed,1
33447,Rigid,2521475,2521476,2521477,1,1,2,completed,1
33448,Rigid,2521476,2521476,2521477,0,1,1,completed,1
33449,Rigid,2521476,2521476,2521477,0,1,1,completed,1
33450,Rigid,2521476,2521476,2521477,0,1,1,completed,1
33451,Rigid,2521476,2521476,2521477,0,1,1,completed,1
33452,Rigid,2521476,2521476,2521477,0,1,1,completed,1
33453,Rigid,2521476,2521476,2521477,0,1,1,completed,1
33454,Rigid,2521476,2521476,2521477,0,1,1,completed,1
33455,Rigid,2521476,2521476,2521477,0,1,1,completed,1
33456,Rigid,2521476,2521476,2521477,0,1,1,completed,1
33457,Rigid,2521477,2521477,2521478,0,1,1,completed,1
33458,Rigid,2521477,2521477,2521478,0,1,1,completed,1
33459,Rigid,2521477,2521478,2521479,1,1,2,completed,1
33460,Rigid,2521477,2521478,2521479,1,1,2,completed,1
33461,Rigid,2521477,2521478,2521479,1,1,2,completed,1
33462,Rigid,2521477,2521478,2521479,1,1,2,completed,1
33463,Rigid,2521477,2521478,2521479,1,1,2,completed,1
33464,Rigid,2521477,2521478,2521479,1,1,2,completed,1
33465,Rigid,2521477,2521478,2521479,1,1,2,completed,1
33466,Rigid,2521477,2521478,2521479,1,1,2,completed,1
33467,Rigid,2521478,2521478,2521479,0,1,1,completed,1
33468,Rigid,2521478,2521479,2521480,1,1,2,completed,1
33469,Rigid,2521478,2521479,2521480,1,1,2,completed,1
33470,Rigid,2521478,2521479,2521480,1,1,2,completed,1
33471,Rigid,2521478,2521479,2521480,1,1,2,completed,1
33472,Rigid,2521478,2521479,2521480,1,1,2,completed,1
33473,Rigid,2521478,2521479,2521480,1,1,2,completed,1
33474,Rigid,2521478,2521479,2521480,1,1,2,completed,1
33475,Rigid,2521479,2521479,2521480,0,1,1,completed,1
33476,Rigid,2521479,2521479,2521480,0,1,1,completed,1
33477,Rigid,2521479,2521479,2521480,0,1,1,completed,1
33478,Rigid,2521479,2521479,2521480,0,1,1,completed,1
33479,Rigid,2521479,2521479,2521481,0,2,2,completed,1
33480,Rigid,2521479,2521480,2521481,1,1,2,completed,1
33481,Rigid,2521480,2521480,2521481,0,1,1,completed,1
33482,Rigid,2521480,2521480,2521481,0,1,1,completed,1
33483,Rigid,2521480,2521480,2521481,0,1,1,completed,1
33484,Rigid,2521480,2521480,2521481,0,1,1,completed,1
33485,Rigid,2521480,2521480,2521481,0,1,1,completed,1
33486,Rigid,2521480,2521480,2521481,0,1,1,completed,1
33487,Rigid,2521480,2521480,2521481,0,1,1,completed,1
33488,Rigid,2521480,2521481,2521482,1,1,2,completed,1
33489,Rigid,2521480,2521481,2521482,1,1,2,completed,1
33490,Rigid,2521481,2521481,2521482,0,1,1,completed,1
33491,Rigid,2521481,2521481,2521482,0,1,1,completed,1
33492,Rigid,2521481,2521481,2521482,0,1,1,completed,1
33493,Rigid,2521481,2521481,2521482,0,1,1,completed,1
33494,Rigid,2521481,2521481,2521482,0,1,1,completed,1
33495,Rigid,2521481,2521481,2521482,0,1,1,completed,1
33496,Rigid,2521481,2521481,2521482,0,1,1,completed,1
33497,Rigid,2521482,2521482,2521483,0,1,1,completed,1
33498,Rigid,2521482,2521482,2521483,0,1,1,completed,1
33499,Rigid,2521482,2521482,2521483,0,1,1,completed,1
33500,Rigid,2521482,2521482,2521483,0,1,1,completed,1
33501,Rigid,2521482,2521482,2521483,0,1,1,completed,1
33502,Rigid,2521482,2521482,2521483,0,1,1,completed,1
33503,Rigid,2521482,2521482,2521483,0,1,1,completed,1
33504,Rigid,2521482,2521482,2521483,0,1,1,completed,1
33505,Rigid,2521482,2521482,2521483,0,1,1,completed,1
33506,Rigid,2521483,2521483,2521484,0,1,1,completed,1
33507,Rigid,2521483,2521483,2521484,0,1,1,completed,1
33508,Rigid,2521483,2521483,2521484,0,1,1,completed,1
33509,Rigid,2521483,2521483,2521484,0,1,1,completed,1
33510,Rigid,2521483,2521483,2521484,0,1,1,completed,1
33511,Rigid,2521483,2521483,2521484,0,1,1,completed,1
33512,Rigid,2521483,2521483,2521484,0,1,1,completed,1
33513,Rigid,2521484,2521484,2521485,0,1,1,completed,1
33514,Rigid,2521484,2521484,2521485,0,1,1,completed,1
33515,Rigid,2521484,2521484,2521485,0,1,1,completed,1
33516,Rigid,2521484,2521484,2521485,0,1,1,completed,1
33517,Rigid,2521484,2521484,2521485,0,1,1,completed,1
33518,Rigid,2521484,2521484,2521485,0,1,1,completed,1
33519,Rigid,2521484,2521484,2521485,0,1,1,completed,1
33520,Rigid,2521485,2521485,2521487,0,2,2,completed,1
33521,Rigid,2521485,2521485,2521487,0,2,2,completed,1
33522,Rigid,2521485,2521485,2521486,0,1,1,completed,1
33523,Rigid,2521493,2521494,2521495,1,1,2,completed,1
33524,Rigid,2521493,2521494,2521495,1,1,2,completed,1
33525,Rigid,2521493,2521494,2521495,1,1,2,completed,1
33526,Rigid,2521493,2521494,2521495,1,1,2,completed,1
33527,Rigid,2521493,2521494,2521495,1,1,2,completed,1
33528,Rigid,2521493,2521494,2521495,1,1,2,completed,1
33529,Rigid,2521493,2521494,2521495,1,1,2,completed,1
33530,Rigid,2521493,2521494,2521495,1,1,2,completed,1
33531,Rigid,2521493,2521494,2521495,1,1,2,completed,1
33532,Rigid,2521493,2521494,2521495,1,1,2,completed,1
33533,Rigid,2521495,2521497,2521498,2,1,3,completed,1
33534,Rigid,2521495,2521497,2521498,2,1,3,completed,1
33535,Rigid,2521495,2521497,2521498,2,1,3,completed,1
33536,Rigid,2521495,2521497,2521498,2,1,3,completed,1
33537,Rigid,2521495,2521497,2521498,2,1,3,completed,1
33538,Rigid,2521495,2521497,2521498,2,1,3,completed,1
33539,Rigid,2521495,2521497,2521498,2,1,3,completed,1
33540,Rigid,2521495,2521497,2521498,2,1,3,completed,1
33541,Rigid,2521495,2521497,2521498,2,1,3,completed,1
33542,Rigid,2521495,2521497,2521498,2,1,3,completed,1
33543,Rigid,2521496,2521497,2521498,1,1,2,completed,1
33544,Rigid,2521496,2521497,2521498,1,1,2,completed,1
33545,Rigid,2521496,2521497,2521498,1,1,2,completed,1
33546,Rigid,2521496,2521497,2521498,1,1,2,completed,1
33547,Rigid,2521496,2521497,2521498,1,1,2,completed,1
33548,Rigid,2521496,2521497,2521498,1,1,2,completed,1
33549,Rigid,2521496,2521497,2521498,1,1,2,completed,1
33550,Rigid,2521497,2521497,2521498,0,1,1,completed,1
33551,Rigid,2521497,2521497,2521498,0,1,1,completed,1
33552,Rigid,2521497,2521498,2521499,1,1,2,completed,1
33553,Rigid,2521497,2521498,2521499,1,1,2,completed,1
33554,Rigid,2521497,2521498,2521499,1,1,2,completed,1
33555,Rigid,2521497,2521498,2521499,1,1,2,completed,1
33556,Rigid,2521498,2521498,2521499,0,1,1,completed,1
33557,Rigid,2521498,2521498,2521499,0,1,1,completed,1
33558,Rigid,2521498,2521498,2521499,0,1,1,completed,1
33559,Rigid,2521498,2521498,2521499,0,1,1,completed,1
33560,Rigid,2521498,2521498,2521499,0,1,1,completed,1
33561,Rigid,2521498,2521499,2521501,1,2,3,completed,1
33562,Rigid,2521498,2521499,2521501,1,2,3,completed,1
33563,Rigid,2521498,2521499,2521501,1,2,3,completed,1
33564,Rigid,2521499,2521499,2521501,0,2,2,completed,1
33565,Rigid,2521499,2521499,2521501,0,2,2,completed,1
33566,Rigid,2521499,2521499,2521501,0,2,2,completed,1
33567,Rigid,2521499,2521499,2521501,0,2,2,completed,1
33568,Rigid,2521499,2521499,2521501,0,2,2,completed,1
33569,Rigid,2521499,2521499,2521501,0,2,2,completed,1
33570,Rigid,2521499,2521499,2521501,0,2,2,completed,1
33571,Rigid,2521499,2521499,2521501,0,2,2,completed,1
33572,Rigid,2521499,2521499,2521501,0,2,2,completed,1
33573,Rigid,2521499,2521499,2521501,0,2,2,completed,1
33574,Rigid,2521500,2521500,2521501,0,1,1,completed,1
33575,Rigid,2521500,2521500,2521502,0,2,2,completed,1
33576,Rigid,2521500,2521500,2521501,0,1,1,completed,1
33577,Rigid,2521500,2521500,2521501,0,1,1,completed,1
33578,Rigid,2521500,2521500,2521502,0,2,2,completed,1
33579,Rigid,2521500,2521500,2521501,0,1,1,completed,1
33580,Rigid,2521500,2521500,2521502,0,2,2,completed,1
33581,Rigid,2521500,2521500,2521502,0,2,2,completed,1
33582,Rigid,2521500,2521500,2521502,0,2,2,completed,1
33583,Rigid,2521500,2521500,2521501,0,1,1,completed,1
33584,Rigid,2521501,2521502,2521503,1,1,2,completed,1
33585,Rigid,2521501,2521502,2521503,1,1,2,completed,1
33586,Rigid,2521501,2521502,2521503,1,1,2,completed,1
33587,Rigid,2521501,2521502,2521503,1,1,2,completed,1
33588,Rigid,2521501,2521502,2521503,1,1,2,completed,1
33589,Rigid,2521501,2521502,2521503,1,1,2,completed,1
33590,Rigid,2521501,2521502,2521503,1,1,2,completed,1
33591,Rigid,2521501,2521502,2521503,1,1,2,completed,1
33592,Rigid,2521501,2521502,2521503,1,1,2,completed,1
33593,Rigid,2521501,2521502,2521503,1,1,2,completed,1
33594,Rigid,2521502,2521502,2521503,0,1,1,completed,1
33595,Rigid,2521502,2521502,2521503,0,1,1,completed,1
33596,Rigid,2521502,2521502,2521503,0,1,1,completed,1
33597,Rigid,2521502,2521502,2521503,0,1,1,completed,1
33598,Rigid,2521502,2521503,2521504,1,1,2,completed,1
33599,Rigid,2521502,2521503,2521504,1,1,2,completed,1
33600,Rigid,2521502,2521503,2521504,1,1,2,completed,1
33601,Rigid,2521502,2521503,2521504,1,1,2,completed,1
33602,Rigid,2521502,2521503,2521504,1,1,2,completed,1
33603,Rigid,2521502,2521503,2521504,1,1,2,completed,1
33604,Rigid,2521503,2521504,2521505,1,1,2,completed,1
33605,Rigid,2521503,2521504,2521505,1,1,2,completed,1
33606,Rigid,2521503,2521504,2521505,1,1,2,completed,1
33607,Rigid,2521503,2521504,2521505,1,1,2,completed,1
33608,Rigid,2521503,2521504,2521505,1,1,2,completed,1
33609,Rigid,2521503,2521504,2521506,1,2,3,completed,1
33610,Rigid,2521503,2521504,2521505,1,1,2,completed,1
33611,Rigid,2521503,2521504,2521505,1,1,2,completed,1
33612,Rigid,2521504,2521504,2521505,0,1,1,completed,1
33613,Rigid,2521504,2521504,2521505,0,1,1,completed,1
33614,Rigid,2521504,2521504,2521505,0,1,1,completed,1
33615,Rigid,2521504,2521504,2521505,0,1,1,completed,1
33616,Rigid,2521504,2521504,2521506,0,2,2,completed,1
33617,Rigid,2521504,2521504,2521506,0,2,2,completed,1
33618,Rigid,2521504,2521504,2521506,0,2,2,completed,1
33619,Rigid,2521504,2521504,2521506,0,2,2,completed,1
33620,Rigid,2521504,2521505,2521506,1,1,2,completed,1
33621,Rigid,2521505,2521505,2521506,0,1,1,completed,1
33622,Rigid,2521505,2521505,2521506,0,1,1,completed,1
33623,Rigid,2521513,2521514,2521589,1,75,76,completed,2
33624,Rigid,2521513,2521514,2522540,1,1026,1027,completed,2
33625,Rigid,2521513,2521514,2521676,1,162,163,completed,1
33626,Rigid,2521513,2521514,2521633,1,119,120,completed,2
33627,Rigid,2521514,2521514,2521528,0,14,14,completed,2
33628,Rigid,2521514,2521514,2521584,0,70,70,completed,2
33629,Rigid,2521514,2521514,2521528,0,14,14,completed,2
33630,Rigid,2521514,2521514,2521528,0,14,14,completed,2
33631,Rigid,2521514,2521514,2521521,0,7,7,completed,1
33632,Rigid,2521514,2521514,2521528,0,14,14,completed,2
33633,Rigid,2521515,2521518,2521528,3,10,13,completed,2
33634,Rigid,2521515,2521518,2521528,3,10,13,completed,2
33635,Rigid,2521515,2521518,2521528,3,10,13,completed,2
33636,Rigid,2521515,2521518,2521528,3,10,13,completed,2
33637,Rigid,2521515,2521518,2521628,3,110,113,completed,2
33638,Rigid,2521515,2521518,2521528,3,10,13,completed,2
33639,Rigid,2521515,2521518,2521528,3,10,13,completed,2
33640,Rigid,2521515,2521518,2521528,3,10,13,completed,2
33641,Rigid,2521515,2521518,2521528,3,10,13,completed,2
33642,Rigid,2521515,2521518,2521528,3,10,13,completed,2
33643,Rigid,2521516,2521518,2521523,2,5,7,completed,1
33644,Rigid,2521516,2521518,2521528,2,10,12,completed,2
33645,Rigid,2521516,2521518,2521528,2,10,12,completed,2
33646,Rigid,2521516,2521518,2521528,2,10,12,completed,2
33647,Rigid,2521516,2521518,2521528,2,10,12,completed,2
33648,Rigid,2521516,2521518,2521528,2,10,12,completed,2
33649,Rigid,2521516,2521518,2521528,2,10,12,completed,2
33650,Rigid,2521517,2521518,2521628,1,110,111,completed,2
33651,Rigid,2521517,2521518,2521528,1,10,11,completed,2
33652,Rigid,2521517,2521518,2521528,1,10,11,completed,2
33653,Rigid,2521517,2521518,2521528,1,10,11,completed,2
33654,Rigid,2521517,2521518,2521528,1,10,11,completed,2
33655,Rigid,2521517,2521518,2521528,1,10,11,completed,2
33656,Rigid,2521517,2521518,2521528,1,10,11,completed,2
33657,Rigid,2521517,2521518,2521528,1,10,11,completed,2
33658,Rigid,2521518,2521518,2521528,0,10,10,completed,2
33659,Rigid,2521518,2521518,2521528,0,10,10,completed,2
33660,Rigid,2521518,2521518,2521528,0,10,10,completed,2
33661,Rigid,2521518,2521518,2521528,0,10,10,completed,2
33662,Rigid,2521518,2521518,2521524,0,6,6,completed,1
33663,Rigid,2521518,2521522,2521530,4,8,12,completed,2
33664,Rigid,2521518,2521522,2521530,4,8,12,completed,2
33665,Rigid,2521518,2521522,2521530,4,8,12,completed,2
33666,Rigid,2521518,2521522,2521530,4,8,12,completed,2
33667,Rigid,2521519,2521522,2521530,3,8,11,completed,2
33668,Rigid,2521519,2521522,2521530,3,8,11,completed,2
33669,Rigid,2521519,2521522,2521530,3,8,11,completed,2
33670,Rigid,2521519,2521522,2521530,3,8,11,completed,2
33671,Rigid,2521519,2521522,2521530,3,8,11,completed,2
33672,Rigid,2521519,2521522,2521531,3,9,12,completed,2
33673,Rigid,2521519,2521522,2521527,3,5,8,completed,1
33674,Rigid,2521519,2521522,2521628,3,106,109,completed,2
33675,Rigid,2521519,2521522,2521531,3,9,12,completed,2
33676,Rigid,2521519,2521522,2521531,3,9,12,completed,2
33677,Rigid,2521520,2521522,2521531,2,9,11,completed,2
33678,Rigid,2521520,2521522,2521531,2,9,11,completed,2
33679,Rigid,2521520,2521522,2521531,2,9,11,completed,2
33680,Rigid,2521520,2521522,2521531,2,9,11,completed,2
33681,Rigid,2521520,2521522,2521528,2,6,8,completed,1
33682,Rigid,2521520,2521522,2521628,2,106,108,completed,2
33683,Rigid,2521520,2521522,2521527,2,5,7,completed,1
33684,Rigid,2521520,2521522,2521628,2,106,108,completed,2
33685,Rigid,2521520,2521522,2521531,2,9,11,completed,2
33686,Rigid,2521520,2521522,2521531,2,9,11,completed,2
33687,Rigid,2521521,2521522,2521531,1,9,10,completed,2
33688,Rigid,2521521,2521522,2521531,1,9,10,completed,2
33689,Rigid,2521521,2521522,2521528,1,6,7,completed,1
33690,Rigid,2521521,2521522,2521629,1,107,108,completed,2
33691,Rigid,2521521,2521522,2521531,1,9,10,completed,2
33692,Rigid,2521521,2521522,2521530,1,8,9,completed,2
33693,Rigid,2521522,2521522,2521530,0,8,8,completed,2
33694,Rigid,2521522,2521522,2521527,0,5,5,completed,1
33695,Rigid,2521522,2521522,2521530,0,8,8,completed,2
33696,Rigid,2521522,2521522,2521628,0,106,106,completed,2
33697,Rigid,2521522,2521522,2521530,0,8,8,completed,2
33698,Rigid,2521522,2521522,2521530,0,8,8,completed,2
33699,Rigid,2521522,2521523,2521530,1,7,8,completed,2
33700,Rigid,2521522,2521523,2521530,1,7,8,completed,2
33701,Rigid,2521522,2521523,2521628,1,105,106,completed,2
33702,Rigid,2521522,2521523,2521528,1,5,6,completed,1
33703,Rigid,2521523,2521523,2521528,0,5,5,completed,1
33704,Rigid,2521523,2521523,2521628,0,105,105,completed,2
33705,Rigid,2521523,2521523,2521531,0,8,8,completed,2
33706,Rigid,2521523,2521525,2521532,2,7,9,completed,2
33707,Rigid,2521523,2521525,2521532,2,7,9,completed,2
33708,Rigid,2521523,2521525,2521532,2,7,9,completed,2
33709,Rigid,2521523,2521525,2521533,2,8,10,completed,2
33710,Rigid,2521523,2521525,2521532,2,7,9,completed,2
33711,Rigid,2521523,2521525,2521532,2,7,9,completed,2
33712,Rigid,2521523,2521525,2521533,2,8,10,completed,2
33713,Rigid,2521524,2521525,2521533,1,8,9,completed,2
33714,Rigid,2521524,2521525,2521533,1,8,9,completed,2
33715,Rigid,2521524,2521525,2521533,1,8,9,completed,2
33716,Rigid,2521524,2521525,2521529,1,4,5,completed,1
33717,Rigid,2521524,2521525,2521628,1,103,104,completed,2
33718,Rigid,2521524,2521525,2521533,1,8,9,completed,2
33719,Rigid,2521524,2521525,2521533,1,8,9,completed,2
33720,Rigid,2521524,2521525,2521628,1,103,104,completed,2
33721,Rigid,2521524,2521525,2521530,1,5,6,completed,1
33722,Rigid,2521524,2521525,2521533,1,8,9,completed,2
33723,Rigid,2521534,2521535,2521544,1,9,10,completed,2
33724,Rigid,2521534,2521535,2521544,1,9,10,completed,2
33725,Rigid,2521534,2521535,2521539,1,4,5,completed,1
33726,Rigid,2521535,2521535,2521639,0,104,104,completed,2
33727,Rigid,2521535,2521535,2521544,0,9,9,completed,2
33728,Rigid,2521535,2521535,2521544,0,9,9,completed,2
33729,Rigid,2521535,2521535,2521544,0,9,9,completed,2
33730,Rigid,2521535,2521535,2521540,0,5,5,completed,1
33731,Rigid,2521535,2521535,2521629,0,94,94,completed,2
33732,Rigid,2521535,2521535,2521544,0,9,9,completed,2
33733,Rigid,2521535,2521539,2521544,4,5,9,completed,1
33734,Rigid,2521535,2521539,2521629,4,90,94,completed,2
33735,Rigid,2521536,2521539,2521548,3,9,12,completed,2
33736,Rigid,2521536,2521539,2521548,3,9,12,completed,2
33737,Rigid,2521536,2521539,2521630,3,91,94,completed,2
33738,Rigid,2521536,2521539,2521548,3,9,12,completed,2
33739,Rigid,2521536,2521539,2521544,3,5,8,completed,1
33740,Rigid,2521536,2521539,2521631,3,92,95,completed,2
33741,Rigid,2521536,2521539,2521544,3,5,8,completed,1
33742,Rigid,2521536,2521539,2521548,3,9,12,completed,2
33743,Rigid,2521536,2521539,2521548,3,9,12,completed,2
33744,Rigid,2521537,2521539,2521548,2,9,11,completed,2
33745,Rigid,2521537,2521539,2521548,2,9,11,completed,2
33746,Rigid,2521537,2521539,2521629,2,90,92,completed,2
33747,Rigid,2521537,2521539,2521548,2,9,11,completed,2
33748,Rigid,2521537,2521539,2521549,2,10,12,completed,2
33749,Rigid,2521537,2521539,2521544,2,5,7,completed,1
33750,Rigid,2521537,2521539,2521547,2,8,10,completed,2
33751,Rigid,2521537,2521539,2521631,2,92,94,completed,2
33752,Rigid,2521537,2521539,2521544,2,5,7,completed,1
33753,Rigid,2521537,2521539,2521547,2,8,10,completed,2
33754,Rigid,2521538,2521539,2521547,1,8,9,completed,2
33755,Rigid,2521538,2521539,2521549,1,10,11,completed,2
33756,Rigid,2521538,2521539,2521547,1,8,9,completed,2
33757,Rigid,2521538,2521539,2521547,1,8,9,completed,2
33758,Rigid,2521538,2521539,2521547,1,8,9,completed,2
33759,Rigid,2521538,2521539,2521544,1,5,6,completed,1
33760,Rigid,2521538,2521539,2521631,1,92,93,completed,2
33761,Rigid,2521538,2521539,2521547,1,8,9,completed,2
33762,Rigid,2521538,2521539,2521631,1,92,93,completed,2
33763,Rigid,2521539,2521539,2521544,0,5,5,completed,1
33764,Rigid,2521539,2521539,2521547,0,8,8,completed,2
33765,Rigid,2521539,2521539,2521550,0,11,11,completed,2
33766,Rigid,2521540,2521541,2521550,1,9,10,completed,2
33767,Rigid,2521540,2521541,2521546,1,5,6,completed,1
33768,Rigid,2521540,2521541,2521628,1,87,88,completed,2
33769,Rigid,2521540,2521541,2521549,1,8,9,completed,2
33770,Rigid,2521540,2521541,2521628,1,87,88,completed,2
33771,Rigid,2521540,2521541,2521546,1,5,6,completed,1
33772,Rigid,2521540,2521541,2521549,1,8,9,completed,2
33773,Rigid,2521540,2521541,2521550,1,9,10,completed,2
33774,Rigid,2521540,2521541,2521549,1,8,9,completed,2
33775,Rigid,2521540,2521541,2521546,1,5,6,completed,1
33776,Rigid,2521541,2521541,2521549,0,8,8,completed,2
33777,Rigid,2521541,2521541,2521549,0,8,8,completed,2
33778,Rigid,2521541,2521541,2521628,0,87,87,completed,2
33779,Rigid,2521541,2521541,2521549,0,8,8,completed,2
33780,Rigid,2521541,2521541,2521628,0,87,87,completed,2
33781,Rigid,2521541,2521541,2521546,0,5,5,completed,1
33782,Rigid,2521541,2521541,2521628,0,87,87,completed,2
33783,Rigid,2521541,2521541,2521546,0,5,5,completed,1
33784,Rigid,2521541,2521541,2521549,0,8,8,completed,2
33785,Rigid,2521541,2521541,2521549,0,8,8,completed,2
33786,Rigid,2521542,2521543,2521551,1,8,9,completed,2
33787,Rigid,2521542,2521543,2521551,1,8,9,completed,2
33788,Rigid,2521542,2521543,2521551,1,8,9,completed,2
33789,Rigid,2521542,2521543,2521551,1,8,9,completed,2
33790,Rigid,2521542,2521543,2521548,1,5,6,completed,1
33791,Rigid,2521542,2521543,2521639,1,96,97,completed,2
33792,Rigid,2521542,2521543,2521548,1,5,6,completed,1
33793,Rigid,2521542,2521543,2521641,1,98,99,completed,2
33794,Rigid,2521542,2521543,2521552,1,9,10,completed,2
33795,Rigid,2521542,2521543,2521551,1,8,9,completed,2
33796,Rigid,2521543,2521543,2521551,0,8,8,completed,2
33797,Rigid,2521543,2521543,2521551,0,8,8,completed,2
33798,Rigid,2521543,2521543,2521551,0,8,8,completed,2
33799,Rigid,2521543,2521543,2521551,0,8,8,completed,2
33800,Rigid,2521543,2521545,2521550,2,5,7,completed,1
33801,Rigid,2521543,2521545,2521652,2,107,109,completed,2
33802,Rigid,2521543,2521544,2521554,1,10,11,completed,2
33803,Rigid,2521543,2521544,2521549,1,5,6,completed,1
33804,Rigid,2521543,2521544,2521651,1,107,108,completed,2
33805,Rigid,2521543,2521544,2521555,1,11,12,completed,2
33806,Rigid,2521544,2521544,2521555,0,11,11,completed,2
33807,Rigid,2521554,2521554,2521560,0,6,6,completed,1
33808,Rigid,2521554,2521554,2521565,0,11,11,completed,2
33809,Rigid,2521554,2521555,2521560,1,5,6,completed,1
33810,Rigid,2521554,2521555,2521650,1,95,96,completed,2
33811,Rigid,2521554,2521555,2521651,1,96,97,completed,2
33812,Rigid,2521554,2521555,2521564,1,9,10,completed,2
33813,Rigid,2521554,2521555,2521564,1,9,10,completed,2
33814,Rigid,2521554,2521555,2521564,1,9,10,completed,2
33815,Rigid,2521555,2521556,2521564,1,8,9,completed,2
33816,Rigid,2521555,2521556,2521652,1,96,97,completed,2
33817,Rigid,2521555,2521556,2521562,1,6,7,completed,1
33818,Rigid,2521555,2521556,2521564,1,8,9,completed,2
33819,Rigid,2521555,2521556,2521564,1,8,9,completed,2
33820,Rigid,2521555,2521556,2521564,1,8,9,completed,2
33821,Rigid,2521555,2521556,2521564,1,8,9,completed,2
33822,Rigid,2521556,2521556,2521567,0,11,11,completed,2
33823,Rigid,2521556,2521556,2521651,0,95,95,completed,2
33824,Rigid,2521556,2521557,2521561,1,4,5,completed,1
33825,Rigid,2521556,2521557,2521561,1,4,5,completed,1
33826,Rigid,2521557,2521557,2521655,0,98,98,completed,2
33827,Rigid,2521557,2521558,2521567,1,9,10,completed,2
33828,Rigid,2521557,2521558,2521567,1,9,10,completed,2
33829,Rigid,2521557,2521558,2521567,1,9,10,completed,2
33830,Rigid,2521557,2521558,2521654,1,96,97,completed,2
33831,Rigid,2521557,2521558,2521655,1,97,98,completed,2
33832,Rigid,2521557,2521558,2521563,1,5,6,completed,1
33833,Rigid,2521557,2521558,2521563,1,5,6,completed,1
33834,Rigid,2521557,2521558,2521567,1,9,10,completed,2
33835,Rigid,2521558,2521558,2521563,0,5,5,completed,1
33836,Rigid,2521558,2521558,2521665,0,107,107,completed,2
33837,Rigid,2521558,2521558,2521567,0,9,9,completed,2
33838,Rigid,2521558,2521558,2521568,0,10,10,completed,2
33839,Rigid,2521558,2521558,2521567,0,9,9,completed,2
33840,Rigid,2521558,2521561,2521571,3,10,13,completed,2
33841,Rigid,2521558,2521561,2521571,3,10,13,completed,2
33842,Rigid,2521558,2521561,2521652,3,91,94,completed,2
33843,Rigid,2521558,2521561,2521566,3,5,8,completed,1
33844,Rigid,2521558,2521561,2521573,3,12,15,completed,2
33845,Rigid,2521559,2521561,2521652,2,91,93,completed,2
33846,Rigid,2521559,2521561,2521566,2,5,7,completed,1
33847,Rigid,2521559,2521561,2521573,2,12,14,completed,2
33848,Rigid,2521559,2521561,2521573,2,12,14,completed,2
33849,Rigid,2521559,2521561,2521573,2,12,14,completed,2
33850,Rigid,2521559,2521561,2521566,2,5,7,completed,1
33851,Rigid,2521559,2521561,2521653,2,92,94,completed,2
33852,Rigid,2521559,2521561,2521566,2,5,7,completed,1
33853,Rigid,2521560,2521561,2521653,1,92,93,completed,2
33854,Rigid,2521560,2521561,2521573,1,12,13,completed,2
33855,Rigid,2521560,2521561,2521573,1,12,13,completed,2
33856,Rigid,2521560,2521561,2521572,1,11,12,completed,2
33857,Rigid,2521560,2521561,2521648,1,87,88,completed,2
33858,Rigid,2521560,2521561,2521566,1,5,6,completed,1
33859,Rigid,2521560,2521561,2521648,1,87,88,completed,2
33860,Rigid,2521560,2521561,2521565,1,4,5,completed,1
33861,Rigid,2521561,2521561,2521572,0,11,11,completed,2
33862,Rigid,2521561,2521561,2521572,0,11,11,completed,2
33863,Rigid,2521561,2521561,2521566,0,5,5,completed,1
33864,Rigid,2521561,2521561,2521648,0,87,87,completed,2
33865,Rigid,2521561,2521562,2521566,1,4,5,completed,1
33866,Rigid,2521561,2521562,2521648,1,86,87,completed,2
33867,Rigid,2521561,2521562,2521572,1,10,11,completed,2
33868,Rigid,2521561,2521562,2521566,1,4,5,completed,1
33869,Rigid,2521562,2521562,2521649,0,87,87,completed,2
33870,Rigid,2521562,2521562,2521573,0,11,11,completed,2
33871,Rigid,2521564,2521565,2521573,1,8,9,completed,2
33872,Rigid,2521564,2521565,2521653,1,88,89,completed,2
33873,Rigid,2521574,2521574,2521579,0,5,5,completed,1
33874,Rigid,2521574,2521574,2521583,0,9,9,completed,2
33875,Rigid,2521574,2521574,2521579,0,5,5,completed,1
33876,Rigid,2521574,2521574,2521673,0,99,99,completed,2
33877,Rigid,2521574,2521574,2521585,0,11,11,completed,2
33878,Rigid,2521574,2521574,2521579,0,5,5,completed,1
33879,Rigid,2521574,2521574,2521673,0,99,99,completed,2
33880,Rigid,2521575,2521578,2521589,3,11,14,completed,2
33881,Rigid,2521575,2521578,2521673,3,95,98,completed,2
33882,Rigid,2521575,2521578,2521673,3,95,98,completed,2
33883,Rigid,2521575,2521578,2521583,3,5,8,completed,1
33884,Rigid,2521575,2521578,2521589,3,11,14,completed,2
33885,Rigid,2521575,2521578,2521589,3,11,14,completed,2
33886,Rigid,2521575,2521578,2521583,3,5,8,completed,1
33887,Rigid,2521575,2521578,2521589,3,11,14,completed,2
33888,Rigid,2521576,2521578,2521589,2,11,13,completed,2
33889,Rigid,2521576,2521578,2521583,2,5,7,completed,1
33890,Rigid,2521576,2521578,2521666,2,88,90,completed,2
33891,Rigid,2521576,2521578,2521589,2,11,13,completed,2
33892,Rigid,2521576,2521578,2521589,2,11,13,completed,2
33893,Rigid,2521576,2521578,2521667,2,89,91,completed,2
33894,Rigid,2521576,2521578,2521583,2,5,7,completed,1
33895,Rigid,2521577,2521578,2521667,1,89,90,completed,2
33896,Rigid,2521577,2521578,2521667,1,89,90,completed,2
33897,Rigid,2521577,2521578,2521583,1,5,6,completed,1
33898,Rigid,2521577,2521578,2521588,1,10,11,completed,2
33899,Rigid,2521577,2521578,2521583,1,5,6,completed,1
33900,Rigid,2521577,2521578,2521588,1,10,11,completed,2
33901,Rigid,2521578,2521578,2521588,0,10,10,completed,2
33902,Rigid,2521578,2521578,2521583,0,5,5,completed,1
33903,Rigid,2521578,2521578,2521666,0,88,88,completed,2
33904,Rigid,2521578,2521580,2521588,2,8,10,completed,2
33905,Rigid,2521578,2521580,2521588,2,8,10,completed,2
33906,Rigid,2521578,2521580,2521585,2,5,7,completed,1
33907,Rigid,2521578,2521580,2521666,2,86,88,completed,2
33908,Rigid,2521578,2521580,2521589,2,9,11,completed,2
33909,Rigid,2521579,2521580,2521591,1,11,12,completed,2
33910,Rigid,2521579,2521580,2521590,1,10,11,completed,2
33911,Rigid,2521579,2521580,2521590,1,10,11,completed,2
33912,Rigid,2521579,2521580,2521669,1,89,90,completed,2
33913,Rigid,2521579,2521580,2521585,1,5,6,completed,1
33914,Rigid,2521579,2521580,2521585,1,5,6,completed,1
33915,Rigid,2521579,2521580,2521668,1,88,89,completed,2
33916,Rigid,2521579,2521580,2521590,1,10,11,completed,2
33917,Rigid,2521580,2521580,2521667,0,87,87,completed,2
33918,Rigid,2521581,2521581,2521585,0,4,4,completed,1
33919,Rigid,2521581,2521582,2521593,1,11,12,completed,2
33920,Rigid,2521583,2521584,2521597,1,13,14,completed,2
33921,Rigid,2521594,2521595,2521612,1,17,18,completed,2
33922,Rigid,2521594,2521595,2521612,1,17,18,completed,2
33923,Rigid,2521595,2521595,2521696,0,101,101,completed,2
33924,Rigid,2521595,2521595,2521612,0,17,17,completed,2
33925,Rigid,2521595,2521595,2521600,0,5,5,completed,1
33926,Rigid,2521595,2521595,2521612,0,17,17,completed,2
33927,Rigid,2521595,2521599,2521698,4,99,103,completed,2
33928,Rigid,2521595,2521599,2521604,4,5,9,completed,1
33929,Rigid,2521595,2521599,2521617,4,18,22,completed,2
33930,Rigid,2521595,2521599,2521617,4,18,22,completed,2
33931,Rigid,2521596,2521599,2521614,3,15,18,completed,2
33932,Rigid,2521596,2521599,2521614,3,15,18,completed,2
33933,Rigid,2521596,2521599,2521604,3,5,8,completed,1
33934,Rigid,2521596,2521599,2521691,3,92,95,completed,2
33935,Rigid,2521596,2521599,2521604,3,5,8,completed,1
33936,Rigid,2521596,2521599,2521691,3,92,95,completed,2
33937,Rigid,2521596,2521599,2521604,3,5,8,completed,1
33938,Rigid,2521596,2521599,2521691,3,92,95,completed,2
33939,Rigid,2521597,2521599,2521612,2,13,15,completed,2
33940,Rigid,2521597,2521599,2521612,2,13,15,completed,2
33941,Rigid,2521597,2521599,2521604,2,5,7,completed,1
33942,Rigid,2521597,2521599,2521691,2,92,94,completed,2
33943,Rigid,2521597,2521599,2521612,2,13,15,completed,2
33944,Rigid,2521597,2521599,2521603,2,4,6,completed,1
33945,Rigid,2521597,2521599,2521692,2,93,95,completed,2
33946,Rigid,2521597,2521599,2521604,2,5,7,completed,1
33947,Rigid,2521598,2521599,2521611,1,12,13,completed,2
33948,Rigid,2521598,2521599,2521695,1,96,97,completed,2
33949,Rigid,2521598,2521599,2521611,1,12,13,completed,2
33950,Rigid,2521598,2521599,2521611,1,12,13,completed,2
33951,Rigid,2521598,2521599,2521693,1,94,95,completed,2
33952,Rigid,2521598,2521599,2521604,1,5,6,completed,1
33953,Rigid,2521599,2521599,2521611,0,12,12,completed,2
33954,Rigid,2521599,2521599,2521604,0,5,5,completed,1
33955,Rigid,2521602,2521603,2521708,1,105,106,completed,2
33956,Rigid,2521603,2521603,2521708,0,105,105,completed,2
33957,Rigid,2521604,2521605,2521609,1,4,5,completed,1
33958,Rigid,2521614,2521615,2521632,1,17,18,completed,2
33959,Rigid,2521614,2521615,2521716,1,101,102,completed,2
33960,Rigid,2521615,2521615,2521621,0,6,6,completed,1
33961,Rigid,2521615,2521615,2521632,0,17,17,completed,2
33962,Rigid,2521615,2521615,2521621,0,6,6,completed,1
33963,Rigid,2521615,2521615,2521718,0,103,103,completed,2
33964,Rigid,2521615,2521615,2521632,0,17,17,completed,2
33965,Rigid,2521615,2521616,2521712,1,96,97,completed,2
33966,Rigid,2521615,2521616,2521621,1,5,6,completed,1
33967,Rigid,2521616,2521616,2521632,0,16,16,completed,2
33968,Rigid,2521616,2521618,2521633,2,15,17,completed,2
33969,Rigid,2521616,2521618,2521633,2,15,17,completed,2
33970,Rigid,2521616,2521618,2521623,2,5,7,completed,1
33971,Rigid,2521616,2521618,2521711,2,93,95,completed,2
33972,Rigid,2521617,2521618,2521632,1,14,15,completed,2
33973,Rigid,2521617,2521618,2521632,1,14,15,completed,2
33974,Rigid,2521617,2521618,2521632,1,14,15,completed,2
33975,Rigid,2521617,2521618,2521716,1,98,99,completed,2
33976,Rigid,2521617,2521618,2521632,1,14,15,completed,2
33977,Rigid,2521617,2521618,2521623,1,5,6,completed,1
33978,Rigid,2521617,2521618,2521637,1,19,20,completed,2
33979,Rigid,2521617,2521618,2521637,1,19,20,completed,2
33980,Rigid,2521618,2521618,2521731,0,113,113,completed,2
33981,Rigid,2521624,2521624,2521630,0,6,6,completed,1
33982,Rigid,2521634,2521634,2521639,0,5,5,completed,1
33983,Rigid,2521635,2521635,2521741,0,106,106,completed,2
33984,Rigid,2521635,2521635,2521652,0,17,17,completed,2
33985,Rigid,2521635,2521635,2521652,0,17,17,completed,2
33986,Rigid,2521635,2521635,2521652,0,17,17,completed,2
33987,Rigid,2521635,2521635,2521640,0,5,5,completed,1
33988,Rigid,2521635,2521635,2521740,0,105,105,completed,2
33989,Rigid,2521635,2521638,2521740,3,102,105,completed,2
33990,Rigid,2521636,2521638,2521642,2,4,6,completed,1
33991,Rigid,2521636,2521638,2521740,2,102,104,completed,2
33992,Rigid,2521636,2521638,2521642,2,4,6,completed,1
33993,Rigid,2521636,2521638,2521651,2,13,15,completed,2
33994,Rigid,2521636,2521638,2521651,2,13,15,completed,2
33995,Rigid,2521636,2521638,2521740,2,102,104,completed,2
33996,Rigid,2521636,2521638,2521642,2,4,6,completed,1
33997,Rigid,2521637,2521638,2521651,1,13,14,completed,2
33998,Rigid,2521637,2521638,2521650,1,12,13,completed,2
33999,Rigid,2521637,2521638,2521642,1,4,5,completed,1
34000,Rigid,2521641,2521641,2521740,0,99,99,completed,2
34001,Rigid,2521641,2521641,2521655,0,14,14,completed,2
34002,Rigid,2521641,2521641,2521646,0,5,5,completed,1
34003,Rigid,2521641,2521641,2521655,0,14,14,completed,2
34004,Rigid,2521641,2521643,2521742,2,99,101,completed,2
34005,Rigid,2521642,2521643,2521656,1,13,14,completed,2
34006,Rigid,2521642,2521643,2521741,1,98,99,completed,2
34007,Rigid,2521642,2521643,2521647,1,4,5,completed,1
34008,Rigid,2521642,2521643,2521742,1,99,100,completed,2
34009,Rigid,2521642,2521643,2521742,1,99,100,completed,2
34010,Rigid,2521642,2521643,2521647,1,4,5,completed,1
34011,Rigid,2521642,2521643,2521647,1,4,5,completed,1
34012,Rigid,2521642,2521643,2521656,1,13,14,completed,2
34013,Rigid,2521642,2521643,2521656,1,13,14,completed,2
34014,Rigid,2521643,2521643,2521655,0,12,12,completed,2
34015,Rigid,2521643,2521643,2521740,0,97,97,completed,2
34016,Rigid,2521643,2521643,2521648,0,5,5,completed,1
34017,Rigid,2521643,2521643,2521655,0,12,12,completed,2
34018,Rigid,2521644,2521644,2521648,0,4,4,completed,1
34019,Rigid,2521644,2521647,2521748,3,101,104,completed,2
34020,Rigid,2521644,2521647,2521660,3,13,16,completed,2
34021,Rigid,2521644,2521647,2521661,3,14,17,completed,2
34022,Rigid,2521644,2521647,2521747,3,100,103,completed,2
34023,Rigid,2521644,2521647,2521652,3,5,8,completed,1
34024,Rigid,2521644,2521647,2521740,3,93,96,completed,2
34025,Rigid,2521644,2521647,2521661,3,14,17,completed,2
34026,Rigid,2521644,2521647,2521740,3,93,96,completed,2
34027,Rigid,2521645,2521647,2521661,2,14,16,completed,2
34028,Rigid,2521645,2521647,2521653,2,6,8,completed,1
34029,Rigid,2521655,2521655,2521660,0,5,5,completed,1
34030,Rigid,2521655,2521655,2521669,0,14,14,completed,2
34031,Rigid,2521655,2521655,2521750,0,95,95,completed,2
34032,Rigid,2521655,2521655,2521660,0,5,5,completed,1
34033,Rigid,2521655,2521655,2521749,0,94,94,completed,2
34034,Rigid,2521655,2521655,2521660,0,5,5,completed,1
34035,Rigid,2521656,2521656,2521671,0,15,15,completed,2
34036,Rigid,2521656,2521656,2521753,0,97,97,completed,2
34037,Rigid,2521656,2521656,2521661,0,5,5,completed,1
34038,Rigid,2521656,2521656,2521670,0,14,14,completed,2
34039,Rigid,2521656,2521656,2521670,0,14,14,completed,2
34040,Rigid,2521656,2521656,2521661,0,5,5,completed,1
34041,Rigid,2521656,2521658,2521752,2,94,96,completed,2
34042,Rigid,2521657,2521658,2521670,1,12,13,completed,2
34043,Rigid,2521657,2521658,2521670,1,12,13,completed,2
34044,Rigid,2521657,2521658,2521752,1,94,95,completed,2
34045,Rigid,2521657,2521658,2521662,1,4,5,completed,1
34046,Rigid,2521657,2521658,2521670,1,12,13,completed,2
34047,Rigid,2521657,2521658,2521662,1,4,5,completed,1
34048,Rigid,2521657,2521658,2521751,1,93,94,completed,2
34049,Rigid,2521658,2521660,2521672,2,12,14,completed,2
34050,Rigid,2521658,2521660,2521671,2,11,13,completed,2
34051,Rigid,2521658,2521660,2521672,2,12,14,completed,2
34052,Rigid,2521658,2521660,2521672,2,12,14,completed,2
34053,Rigid,2521658,2521660,2521664,2,4,6,completed,1
34054,Rigid,2521658,2521660,2521759,2,99,101,completed,2
34055,Rigid,2521659,2521660,2521672,1,12,13,completed,2
34056,Rigid,2521659,2521660,2521759,1,99,100,completed,2
34057,Rigid,2521662,2521662,2521667,0,5,5,completed,1
34058,Rigid,2521662,2521662,2521676,0,14,14,completed,2
34059,Rigid,2521662,2521662,2521667,0,5,5,completed,1
34060,Rigid,2521662,2521662,2521748,0,86,86,completed,2
34061,Rigid,2521662,2521662,2521676,0,14,14,completed,2
34062,Rigid,2521662,2521662,2521676,0,14,14,completed,2
34063,Rigid,2521662,2521662,2521667,0,5,5,completed,1
34064,Rigid,2521663,2521663,2521750,0,87,87,completed,2
34065,Rigid,2521663,2521663,2521674,0,11,11,completed,2
34066,Rigid,2521663,2521663,2521674,0,11,11,completed,2
34067,Rigid,2521663,2521663,2521750,0,87,87,completed,2
34068,Rigid,2521663,2521663,2521674,0,11,11,completed,2
34069,Rigid,2521663,2521663,2521668,0,5,5,completed,1
34070,Rigid,2521663,2521663,2521759,0,96,96,completed,2
34071,Rigid,2521663,2521664,2521668,1,4,5,completed,1
34072,Rigid,2521663,2521664,2521678,1,14,15,completed,2
34073,Rigid,2521664,2521664,2521676,0,12,12,completed,2
34074,Rigid,2521664,2521664,2521753,0,89,89,completed,2
34075,Rigid,2521664,2521664,2521669,0,5,5,completed,1
34076,Rigid,2521664,2521664,2521676,0,12,12,completed,2
34077,Rigid,2521664,2521665,2521769,1,104,105,completed,2
34078,Rigid,2521664,2521665,2521670,1,5,6,completed,1
34079,Rigid,2521675,2521675,2521692,0,17,17,completed,2
34080,Rigid,2521675,2521675,2521681,0,6,6,completed,1
34081,Rigid,2521675,2521675,2521692,0,17,17,completed,2
34082,Rigid,2521675,2521675,2521768,0,93,93,completed,2
34083,Rigid,2521675,2521675,2521681,0,6,6,completed,1
34084,Rigid,2521676,2521676,2521765,0,89,89,completed,2
34085,Rigid,2521676,2521676,2521681,0,5,5,completed,1
34086,Rigid,2521676,2521677,2521773,1,96,97,completed,2
34087,Rigid,2521676,2521677,2521681,1,4,5,completed,1
34088,Rigid,2521676,2521677,2521693,1,16,17,completed,2
34089,Rigid,2521676,2521677,2521681,1,4,5,completed,1
34090,Rigid,2521676,2521677,2521773,1,96,97,completed,2
34091,Rigid,2521677,2521677,2521693,0,16,16,completed,2
34092,Rigid,2521677,2521677,2521693,0,16,16,completed,2
34093,Rigid,2521677,2521677,2521772,0,95,95,completed,2
34094,Rigid,2521677,2521677,2521693,0,16,16,completed,2
34095,Rigid,2521677,2521677,2521768,0,91,91,completed,2
34096,Rigid,2521677,2521677,2521681,0,4,4,completed,1
34097,Rigid,2521677,2521677,2521695,0,18,18,completed,2
34098,Rigid,2521677,2521677,2521695,0,18,18,completed,2
34099,Rigid,2521677,2521677,2521768,0,91,91,completed,2
34100,Rigid,2521678,2521678,2521682,0,4,4,completed,1
34101,Rigid,2521678,2521680,2521764,2,84,86,completed,2
34102,Rigid,2521678,2521680,2521684,2,4,6,completed,1
34103,Rigid,2521678,2521680,2521684,2,4,6,completed,1
34104,Rigid,2521678,2521680,2521696,2,16,18,completed,2
34105,Rigid,2521678,2521680,2521765,2,85,87,completed,2
34106,Rigid,2521679,2521680,2521764,1,84,85,completed,2
34107,Rigid,2521679,2521680,2521696,1,16,17,completed,2
34108,Rigid,2521679,2521680,2521684,1,4,5,completed,1
34109,Rigid,2521679,2521680,2521695,1,15,16,completed,2
34110,Rigid,2521679,2521680,2521684,1,4,5,completed,1
34111,Rigid,2521679,2521680,2521765,1,85,86,completed,2
34112,Rigid,2521679,2521680,2521695,1,15,16,completed,2
34113,Rigid,2521680,2521680,2521695,0,15,15,completed,2
34114,Rigid,2521681,2521682,2521694,1,12,13,completed,2
34115,Rigid,2521681,2521682,2521686,1,4,5,completed,1
34116,Rigid,2521683,2521683,2521779,0,96,96,completed,2
34117,Rigid,2521683,2521683,2521699,0,16,16,completed,2
34118,Rigid,2521683,2521685,2521764,2,79,81,completed,2
34119,Rigid,2521684,2521685,2521689,1,4,5,completed,1
34120,Rigid,2521684,2521685,2521763,1,78,79,completed,2
34121,Rigid,2521684,2521685,2521689,1,4,5,completed,1
34122,Rigid,2521684,2521685,2521689,1,4,5,completed,1
34123,Rigid,2521684,2521685,2521764,1,79,80,completed,2
34124,Rigid,2521684,2521685,2521696,1,11,12,completed,2
34125,Rigid,2521684,2521685,2521696,1,11,12,completed,2
34126,Rigid,2521684,2521685,2521696,1,11,12,completed,2
34127,Rigid,2521684,2521685,2521764,1,79,80,completed,2
34128,Rigid,2521685,2521685,2521689,0,4,4,completed,1
34129,Rigid,2521685,2521685,2521696,0,11,11,completed,2
34130,Rigid,2521685,2521685,2521700,0,15,15,completed,2
34131,Rigid,2521685,2521685,2521689,0,4,4,completed,1
34132,Rigid,2521695,2521695,2521785,0,90,90,completed,2
34133,Rigid,2521695,2521696,2521714,1,18,19,completed,2
34134,Rigid,2521695,2521696,2521784,1,88,89,completed,2
34135,Rigid,2521695,2521696,2521714,1,18,19,completed,2
34136,Rigid,2521695,2521696,2521713,1,17,18,completed,2
34137,Rigid,2521696,2521696,2521701,0,5,5,completed,1
34138,Rigid,2521696,2521696,2521711,0,15,15,completed,2
34139,Rigid,2521696,2521697,2521773,1,76,77,completed,2
34140,Rigid,2521696,2521697,2521711,1,14,15,completed,2
34141,Rigid,2521696,2521697,2521701,1,4,5,completed,1
34142,Rigid,2521696,2521697,2521711,1,14,15,completed,2
34143,Rigid,2521696,2521697,2521701,1,4,5,completed,1
34144,Rigid,2521696,2521697,2521772,1,75,76,completed,2
34145,Rigid,2521697,2521697,2521772,0,75,75,completed,2
34146,Rigid,2521697,2521699,2521703,2,4,6,completed,1
34147,Rigid,2521697,2521699,2521713,2,14,16,completed,2
34148,Rigid,2521697,2521699,2521713,2,14,16,completed,2
34149,Rigid,2521698,2521699,2521713,1,14,15,completed,2
34150,Rigid,2521698,2521699,2521777,1,78,79,completed,2
34151,Rigid,2521698,2521699,2521703,1,4,5,completed,1
34152,Rigid,2521698,2521699,2521713,1,14,15,completed,2
34153,Rigid,2521698,2521699,2521778,1,79,80,completed,2
34154,Rigid,2521698,2521699,2521714,1,15,16,completed,2
34155,Rigid,2521698,2521699,2521703,1,4,5,completed,1
34156,Rigid,2521698,2521699,2521777,1,78,79,completed,2
34157,Rigid,2521699,2521699,2521703,0,4,4,completed,1
34158,Rigid,2521699,2521700,2521714,1,14,15,completed,2
34159,Rigid,2521699,2521700,2521714,1,14,15,completed,2
34160,Rigid,2521699,2521700,2521703,1,3,4,completed,1
34161,Rigid,2521700,2521700,2521778,0,78,78,completed,2
34162,Rigid,2521700,2521700,2521714,0,14,14,completed,2
34163,Rigid,2521700,2521700,2521704,0,4,4,completed,1
34164,Rigid,2521700,2521700,2521777,0,77,77,completed,2
34165,Rigid,2521703,2521704,2521707,1,3,4,completed,1
34166,Rigid,2521703,2521704,2521777,1,73,74,completed,2
34167,Rigid,2521704,2521704,2521722,0,18,18,completed,2
34168,Rigid,2521704,2521704,2521777,0,73,73,completed,2
34169,Rigid,2521704,2521704,2521707,0,3,3,completed,1
34170,Rigid,2521704,2521704,2521722,0,18,18,completed,2
34171,Rigid,2521704,2521704,2521723,0,19,19,completed,2
34172,Rigid,2521704,2521704,2521722,0,18,18,completed,2
34173,Rigid,2521704,2521705,2521710,1,5,6,completed,1
34174,Rigid,2521705,2521705,2521778,0,73,73,completed,2
34175,Rigid,2521705,2521708,2521777,3,69,72,completed,2
34176,Rigid,2521705,2521708,2521712,3,4,7,completed,1
34177,Rigid,2521716,2521716,2521738,0,22,22,completed,2
34178,Rigid,2521716,2521716,2521720,0,4,4,completed,1
34179,Rigid,2521716,2521716,2521736,0,20,20,completed,2
34180,Rigid,2521716,2521716,2521736,0,20,20,completed,2
34181,Rigid,2521716,2521716,2521784,0,68,68,completed,2
34182,Rigid,2521716,2521716,2521785,0,69,69,completed,2
34183,Rigid,2521716,2521716,2521736,0,20,20,completed,2
34184,Rigid,2521716,2521718,2521721,2,3,5,completed,1
34185,Rigid,2521717,2521718,2521738,1,20,21,completed,2
34186,Rigid,2521717,2521718,2521721,1,3,4,completed,1
34187,Rigid,2521717,2521718,2521721,1,3,4,completed,1
34188,Rigid,2521717,2521718,2521783,1,65,66,completed,2
34189,Rigid,2521717,2521718,2521780,1,62,63,completed,2
34190,Rigid,2521717,2521718,2521729,1,11,12,completed,2
34191,Rigid,2521717,2521718,2521728,1,10,11,completed,2
34192,Rigid,2521717,2521718,2521728,1,10,11,completed,2
34193,Rigid,2521718,2521719,2521722,1,3,4,completed,1
34194,Rigid,2521718,2521719,2521736,1,17,18,completed,2
34195,Rigid,2521718,2521719,2521777,1,58,59,completed,2
34196,Rigid,2521718,2521719,2521728,1,9,10,completed,2
34197,Rigid,2521718,2521719,2521764,1,45,46,completed,2
34198,Rigid,2521718,2521719,2521721,1,2,3,completed,1
34199,Rigid,2521719,2521719,2521728,0,9,9,completed,2
34200,Rigid,2521719,2521719,2521762,0,43,43,completed,2
34201,Rigid,2521719,2521719,2521721,0,2,2,completed,1
34202,Rigid,2521720,2521720,2521729,0,9,9,completed,2
34203,Rigid,2521721,2521721,2521738,0,17,17,completed,2
34204,Rigid,2521724,2521724,2521768,0,44,44,completed,2
34205,Rigid,2521724,2521724,2521727,0,3,3,completed,1
34206,Rigid,2521724,2521724,2521739,0,15,15,completed,2
34207,Rigid,2521768,2521769,2521776,1,7,8,completed,1
34208,Rigid,2522405,2522405,2523387,0,982,982,completed,36
34209,Rigid,2522407,2522409,2522422,2,13,15,completed,144
34210,Rigid,2522504,2522505,2522511,1,6,7,completed,1
34211,Rigid,2522554,2522555,2540403,1,17848,17849,completed,144
34212,Rigid,2522571,2522572,2525918,1,3346,3347,completed,18
34213,Rigid,2522571,2522572,2525879,1,3307,3308,completed,18
34214,Rigid,2522805,2522806,2522815,1,9,10,completed,1
34215,Rigid,2522873,2522874,2525975,1,3101,3102,completed,18
34216,Rigid,2522873,2522874,2526106,1,3232,3233,completed,18
34217,Rigid,2523247,2523248,2528357,1,5109,5110,completed,144
34218,Rigid,2523428,2523432,2523498,4,66,70,completed,36
34219,Rigid,2524614,2524614,2525221,0,607,607,completed,144
34220,Rigid,2524640,2524640,2525270,0,630,630,completed,144
34221,Rigid,2524650,2524651,2525269,1,618,619,completed,144
34222,Rigid,2524661,2524662,2525264,1,602,603,completed,144
34223,Rigid,2524822,2524823,2524833,1,10,11,completed,36
34224,Rigid,2525221,2525221,2525442,0,221,221,completed,36
34225,Rigid,2525426,2525427,2526368,1,941,942,completed,12
34226,Rigid,2525426,2525427,2525666,1,239,240,completed,1
34227,Rigid,2525426,2525427,2525706,1,279,280,completed,1
34228,Rigid,2525426,2525427,2525691,1,264,265,completed,1
34229,Rigid,2525426,2525427,2531244,1,5817,5818,completed,1
34230,Rigid,2525426,2525427,2526260,1,833,834,completed,1
34231,Rigid,2525548,2525548,2525620,0,72,72,completed,36
34232,Rigid,2525760,2525760,2526394,0,634,634,completed,144
34233,Rigid,2525785,2525785,2526397,0,612,612,completed,144
34234,Rigid,2525799,2525799,2526411,0,612,612,completed,144
34235,Rigid,2525816,2525816,2526415,0,599,599,completed,144
34236,Rigid,2526104,2526105,2526107,1,2,3,completed,1
34237,Rigid,2526104,2526105,2526113,1,8,9,completed,1
34238,Rigid,2526104,2526105,2526114,1,9,10,completed,1
34239,Rigid,2526104,2526105,2526108,1,3,4,completed,1
34240,Rigid,2526105,2526108,2526131,3,23,26,completed,1
34241,Rigid,2526210,2526211,2526253,1,42,43,completed,1
34242,Rigid,2526210,2526211,2526259,1,48,49,completed,1
34243,Rigid,2526210,2526211,2526219,1,8,9,completed,1
34244,Rigid,2526210,2526211,2526256,1,45,46,completed,1
34245,Rigid,2526211,2526215,2526265,4,50,54,completed,1
34246,Rigid,2526211,2526215,2526245,4,30,34,completed,1
34247,Rigid,2526211,2526215,2526230,4,15,19,completed,1
34248,Rigid,2526211,2526215,2526272,4,57,61,completed,1
34249,Rigid,2526211,2526215,2526269,4,54,58,completed,1
34250,Rigid,2526211,2526215,2526251,4,36,40,completed,1
34251,Rigid,2526211,2526215,2526240,4,25,29,completed,1
34252,Rigid,2526212,2526215,2526257,3,42,45,completed,1
34253,Rigid,2526212,2526215,2526268,3,53,56,completed,1
34254,Rigid,2526212,2526215,2526268,3,53,56,completed,1
34255,Rigid,2526212,2526215,2526270,3,55,58,completed,1
34256,Rigid,2526213,2526215,2526266,2,51,53,completed,1
34257,Rigid,2526214,2526215,2526266,1,51,52,completed,1
34258,Rigid,2526214,2526215,2526271,1,56,57,completed,1
34259,Rigid,2526214,2526215,2526236,1,21,22,completed,1
34260,Rigid,2526214,2526215,2526260,1,45,46,completed,1
34261,Rigid,2526215,2526219,2526260,4,41,45,completed,1
34262,Rigid,2526215,2526219,2526279,4,60,64,completed,1
34263,Rigid,2526216,2526219,2526280,3,61,64,completed,1
34264,Rigid,2526216,2526219,2526276,3,57,60,completed,1
34265,Rigid,2526216,2526219,2526244,3,25,28,completed,1
34266,Rigid,2526216,2526219,2526271,3,52,55,completed,1
34267,Rigid,2526216,2526219,2526267,3,48,51,completed,1
34268,Rigid,2526217,2526219,2526266,2,47,49,completed,1
34269,Rigid,2526217,2526219,2526279,2,60,62,completed,1
34270,Rigid,2526217,2526219,2526226,2,7,9,completed,1
34271,Rigid,2526217,2526219,2526258,2,39,41,completed,1
34272,Rigid,2526217,2526219,2526264,2,45,47,completed,1
34273,Rigid,2526218,2526219,2526285,1,66,67,completed,1
34274,Rigid,2526218,2526219,2526283,1,64,65,completed,1
34275,Rigid,2526218,2526219,2526277,1,58,59,completed,1
34276,Rigid,2526218,2526219,2526277,1,58,59,completed,1
34277,Rigid,2526218,2526219,2526273,1,54,55,completed,1
34278,Rigid,2526219,2526219,2526273,0,54,54,completed,1
34279,Rigid,2526219,2526220,2526266,1,46,47,completed,1
34280,Rigid,2526219,2526220,2526259,1,39,40,completed,1
34281,Rigid,2526219,2526220,2526238,1,18,19,completed,1
34282,Rigid,2526219,2526220,2526268,1,48,49,completed,1
34283,Rigid,2526219,2526220,2526262,1,42,43,completed,1
34284,Rigid,2526219,2526220,2526283,1,63,64,completed,1
34285,Rigid,2526219,2526220,2526252,1,32,33,completed,1
34286,Rigid,2526220,2526220,2526271,0,51,51,completed,1
34287,Rigid,2526220,2526220,2526276,0,56,56,completed,1
34288,Rigid,2526220,2526220,2526264,0,44,44,completed,1
34289,Rigid,2526220,2526223,2526596,3,373,376,completed,2
34290,Rigid,2526221,2526223,2527565,2,1342,1344,completed,1
34291,Rigid,2526221,2526223,2527302,2,1079,1081,completed,2
34292,Rigid,2526221,2526223,2527309,2,1086,1088,completed,2
34293,Rigid,2526221,2526223,2526678,2,455,457,completed,2
34294,Rigid,2526221,2526223,2526567,2,344,346,completed,2
34295,Rigid,2526222,2526223,2527233,1,1010,1011,completed,2
34296,Rigid,2526222,2526223,2527444,1,1221,1222,completed,1
34297,Rigid,2526222,2526223,2526229,1,6,7,completed,1
34298,Rigid,2526222,2526223,2527756,1,1533,1534,completed,1
34299,Rigid,2526222,2526223,2526624,1,401,402,completed,2
34300,Rigid,2526222,2526223,2526727,1,504,505,completed,2
34301,Rigid,2526222,2526223,2526716,1,493,494,completed,2
34302,Rigid,2526222,2526223,2527281,1,1058,1059,completed,2
34303,Rigid,2526222,2526223,2526643,1,420,421,completed,2
34304,Rigid,2526223,2526223,2526663,0,440,440,completed,2
34305,Rigid,2526223,2526223,2526566,0,343,343,completed,2
34306,Rigid,2526223,2526223,2527216,0,993,993,completed,1
34307,Rigid,2526223,2526223,2526675,0,452,452,completed,2
34308,Rigid,2526223,2526223,2526570,0,347,347,completed,2
34309,Rigid,2526223,2526227,2527287,4,1060,1064,completed,2
34310,Rigid,2526223,2526227,2527668,4,1441,1445,completed,1
34311,Rigid,2526223,2526227,2527289,4,1062,1066,completed,2
34312,Rigid,2526223,2526227,2526704,4,477,481,completed,2
34313,Rigid,2526223,2526227,2527713,4,1486,1490,completed,1
34314,Rigid,2526224,2526227,2526710,3,483,486,completed,2
34315,Rigid,2526224,2526227,2526725,3,498,501,completed,2
34316,Rigid,2526224,2526227,2527619,3,1392,1395,completed,1
34317,Rigid,2526224,2526227,2527260,3,1033,1036,completed,2
34318,Rigid,2526224,2526227,2526704,3,477,480,completed,2
34319,Rigid,2526224,2526227,2526557,3,330,333,completed,2
34320,Rigid,2526224,2526227,2526234,3,7,10,completed,1
34321,Rigid,2526224,2526227,2526235,3,8,11,completed,1
34322,Rigid,2526224,2526227,2526715,3,488,491,completed,2
34323,Rigid,2526225,2526227,2526584,2,357,359,completed,2
34324,Rigid,2526225,2526227,2526626,2,399,401,completed,2
34325,Rigid,2526225,2526227,2527264,2,1037,1039,completed,2
34326,Rigid,2526225,2526227,2526576,2,349,351,completed,2
34327,Rigid,2526225,2526227,2527173,2,946,948,completed,1
34328,Rigid,2526225,2526227,2526572,2,345,347,completed,2
34329,Rigid,2526225,2526227,2526670,2,443,445,completed,2
34330,Rigid,2526225,2526227,2526555,2,328,330,completed,2
34331,Rigid,2526225,2526227,2526587,2,360,362,completed,2
34332,Rigid,2526225,2526227,2526628,2,401,403,completed,2
34333,Rigid,2526226,2526227,2527228,1,1001,1002,completed,2
34334,Rigid,2526226,2526227,2527403,1,1176,1177,completed,1
34335,Rigid,2526226,2526227,2526737,1,510,511,completed,2
34336,Rigid,2526226,2526227,2526559,1,332,333,completed,2
34337,Rigid,2526226,2526227,2527241,1,1014,1015,completed,2
34338,Rigid,2526226,2526227,2527245,1,1018,1019,completed,2
34339,Rigid,2526226,2526227,2527293,1,1066,1067,completed,1
34340,Rigid,2526226,2526227,2526232,1,5,6,completed,1
34341,Rigid,2526226,2526227,2527521,1,1294,1295,completed,1
34342,Rigid,2526235,2526236,2527253,1,1017,1018,completed,2
34343,Rigid,2526237,2526238,2527279,1,1041,1042,completed,1
34344,Rigid,2526239,2526240,2526623,1,383,384,completed,2
34345,Rigid,2526240,2526241,2527279,1,1038,1039,completed,1
34346,Rigid,2526241,2526244,2527463,3,1219,1222,completed,2
34347,Rigid,2526241,2526244,2526592,3,348,351,completed,2
34348,Rigid,2526241,2526244,2526592,3,348,351,completed,2
34349,Rigid,2526243,2526244,2527255,1,1011,1012,completed,2
34350,Rigid,2526257,2526257,2527278,0,1021,1021,completed,1
34351,Rigid,2526258,2526260,2526594,2,334,336,completed,2
34352,Rigid,2526258,2526260,2527291,2,1031,1033,completed,1
34353,Rigid,2526258,2526260,2527256,2,996,998,completed,2
34354,Rigid,2526258,2526260,2526601,2,341,343,completed,2
34355,Rigid,2526258,2526260,2527243,2,983,985,completed,2
34356,Rigid,2526260,2526260,2527292,0,1032,1032,completed,1
34357,Rigid,2526260,2526260,2526575,0,315,315,completed,2
34358,Rigid,2526261,2526262,2526536,1,274,275,completed,2
34359,Rigid,2526261,2526262,2527274,1,1012,1013,completed,2
34360,Rigid,2526263,2526263,2526315,0,52,52,completed,6
34361,Rigid,2526275,2526276,2527199,1,923,924,completed,1
34362,Rigid,2526275,2526276,2526600,1,324,325,completed,2
34363,Rigid,2526278,2526278,2526578,0,300,300,completed,2
34364,Rigid,2526279,2526280,2526572,1,292,293,completed,2
34365,Rigid,2526279,2526280,2526572,1,292,293,completed,2
34366,Rigid,2526279,2526280,2526593,1,313,314,completed,2
34367,Rigid,2526279,2526280,2527273,1,993,994,completed,2
34368,Rigid,2526280,2526280,2527141,0,861,861,completed,1
34369,Rigid,2526280,2526280,2526558,0,278,278,completed,2
34370,Rigid,2526280,2526280,2526566,0,286,286,completed,2
34371,Rigid,2526280,2526280,2527270,0,990,990,completed,2
34372,Rigid,2526280,2526280,2527184,0,904,904,completed,1
34373,Rigid,2526280,2526280,2527139,0,859,859,completed,1
34374,Rigid,2526281,2526281,2527263,0,982,982,completed,2
34375,Rigid,2526281,2526281,2526559,0,278,278,completed,2
34376,Rigid,2526281,2526281,2526562,0,281,281,completed,2
34377,Rigid,2526281,2526281,2526549,0,268,268,completed,2
34378,Rigid,2526281,2526281,2527107,0,826,826,completed,1
34379,Rigid,2526281,2526281,2527236,0,955,955,completed,2
34380,Rigid,2526281,2526284,2527228,3,944,947,completed,2
34381,Rigid,2526282,2526284,2527126,2,842,844,completed,1
34382,Rigid,2526282,2526284,2526559,2,275,277,completed,2
34383,Rigid,2526282,2526284,2526560,2,276,278,completed,2
34384,Rigid,2526282,2526284,2526567,2,283,285,completed,2
34385,Rigid,2526282,2526284,2527117,2,833,835,completed,1
34386,Rigid,2526282,2526284,2527227,2,943,945,completed,2
34387,Rigid,2526282,2526284,2527234,2,950,952,completed,2
34388,Rigid,2526282,2526284,2527091,2,807,809,completed,1
34389,Rigid,2526282,2526284,2526556,2,272,274,completed,2
34390,Rigid,2526298,2526299,2526545,1,246,247,completed,2
34391,Rigid,2526301,2526303,2526536,2,233,235,completed,2
34392,Rigid,2526301,2526303,2526541,2,238,240,completed,2
34393,Rigid,2526302,2526303,2527271,1,968,969,completed,2
34394,Rigid,2526377,2526378,2526416,1,38,39,completed,12
34395,Rigid,2526380,2526382,2526416,2,34,36,completed,12
34396,Rigid,2526381,2526382,2526416,1,34,35,completed,12
34397,Rigid,2526404,2526404,2526407,0,3,3,completed,1
34398,Rigid,2526405,2526408,2526440,3,32,35,completed,1
34399,Rigid,2526405,2526408,2526417,3,9,12,completed,1
34400,Rigid,2526406,2526408,2526410,2,2,4,completed,1
34401,Rigid,2526426,2526426,2526432,0,6,6,completed,1
34402,Rigid,2526426,2526426,2526432,0,6,6,completed,1
34403,Rigid,2526426,2526426,2526432,0,6,6,completed,1
34404,Rigid,2526521,2526522,2526644,1,122,123,completed,1
34405,Rigid,2526521,2526522,2537137,1,10615,10616,completed,1
34406,Rigid,2526521,2526522,2526679,1,157,158,completed,2
34407,Rigid,2526521,2526522,2538229,1,11707,11708,completed,1
34408,Rigid,2526521,2526522,2527613,1,1091,1092,completed,2
34409,Rigid,2526521,2526522,2526674,1,152,153,completed,2
34410,Rigid,2526522,2526526,2526742,4,216,220,completed,2
34411,Rigid,2526522,2526526,2526663,4,137,141,completed,1
34412,Rigid,2526522,2526526,2527685,4,1159,1163,completed,2
34413,Rigid,2526522,2526526,2526737,4,211,215,completed,2
34414,Rigid,2526523,2526526,2526538,3,12,15,completed,1
34415,Rigid,2526523,2526526,2529935,3,3409,3412,completed,2
34416,Rigid,2526523,2526526,2526658,3,132,135,completed,1
34417,Rigid,2526523,2526526,2530419,3,3893,3896,completed,2
34418,Rigid,2526523,2526526,2526532,3,6,9,completed,1
34419,Rigid,2526523,2526526,2527095,3,569,572,completed,1
34420,Rigid,2526523,2526526,2526534,3,8,11,completed,1
34421,Rigid,2526524,2526526,2526538,2,12,14,completed,1
34422,Rigid,2526524,2526526,2526615,2,89,91,completed,1
34423,Rigid,2526524,2526526,2529596,2,3070,3072,completed,2
34424,Rigid,2526524,2526526,2526886,2,360,362,completed,1
34425,Rigid,2526524,2526526,2530381,2,3855,3857,completed,2
34426,Rigid,2526524,2526526,2530168,2,3642,3644,completed,2
34427,Rigid,2526524,2526526,2528940,2,2414,2416,completed,2
34428,Rigid,2526539,2526539,2527243,0,704,704,completed,1
34429,Rigid,2526555,2526555,2526799,0,244,244,completed,2
34430,Rigid,2526555,2526555,2527535,0,980,980,completed,2
34431,Rigid,2526555,2526555,2527257,0,702,702,completed,1
34432,Rigid,2527383,2527383,2527448,0,65,65,completed,36
34433,Rigid,2527479,2527480,2643420,1,115940,115941,completed,36
34434,Rigid,2527903,2527904,2527970,1,66,67,completed,36
34435,Rigid,2528158,2528159,2528222,1,63,64,completed,36
34436,Rigid,2528210,2528211,2528648,1,437,438,completed,18
34437,Rigid,2528773,2528774,2532409,1,3635,3636,completed,72
34438,Rigid,2528803,2528803,2532417,0,3614,3614,completed,72
34439,Rigid,2528804,2528807,2528809,3,2,5,completed,1
34440,Rigid,2528804,2528807,2528815,3,8,11,completed,1
34441,Rigid,2528804,2528807,2528809,3,2,5,completed,1
34442,Rigid,2528804,2528807,2528815,3,8,11,completed,1
34443,Rigid,2528804,2528807,2528830,3,23,26,completed,1
34444,Rigid,2528838,2528838,2532453,0,3615,3615,completed,72
34445,Rigid,2528958,2528959,2528961,1,2,3,completed,1
34446,Rigid,2528959,2528959,2528962,0,3,3,completed,1
34447,Rigid,2528963,2528964,2528965,1,1,2,completed,1
34448,Rigid,2528963,2528964,2528965,1,1,2,completed,1
34449,Rigid,2528963,2528964,2528965,1,1,2,completed,1
34450,Rigid,2528963,2528964,2528965,1,1,2,completed,1
34451,Rigid,2528963,2528964,2528965,1,1,2,completed,1
34452,Rigid,2528963,2528964,2528965,1,1,2,completed,1
34453,Rigid,2528964,2528964,2528965,0,1,1,completed,1
34454,Rigid,2528964,2528964,2528965,0,1,1,completed,1
34455,Rigid,2528964,2528964,2528965,0,1,1,completed,1
34456,Rigid,2528964,2528964,2528965,0,1,1,completed,1
34457,Rigid,2528964,2528966,2528968,2,2,4,completed,1
34458,Rigid,2528964,2528966,2528968,2,2,4,completed,1
34459,Rigid,2528964,2528966,2528968,2,2,4,completed,1
34460,Rigid,2528964,2528966,2528968,2,2,4,completed,1
34461,Rigid,2528964,2528966,2528968,2,2,4,completed,1
34462,Rigid,2528965,2528966,2528968,1,2,3,completed,1
34463,Rigid,2528965,2528966,2528968,1,2,3,completed,1
34464,Rigid,2528965,2528966,2528968,1,2,3,completed,1
34465,Rigid,2528965,2528966,2528968,1,2,3,completed,1
34466,Rigid,2528965,2528966,2528968,1,2,3,completed,1
34467,Rigid,2528965,2528966,2528968,1,2,3,completed,1
34468,Rigid,2528965,2528966,2528968,1,2,3,completed,1
34469,Rigid,2528965,2528966,2528968,1,2,3,completed,1
34470,Rigid,2528965,2528966,2528968,1,2,3,completed,1
34471,Rigid,2528966,2528966,2528968,0,2,2,completed,1
34472,Rigid,2528966,2528966,2528968,0,2,2,completed,1
34473,Rigid,2528966,2528966,2528968,0,2,2,completed,1
34474,Rigid,2528966,2528966,2528968,0,2,2,completed,1
34475,Rigid,2528966,2528966,2528968,0,2,2,completed,1
34476,Rigid,2528966,2528966,2528968,0,2,2,completed,1
34477,Rigid,2528966,2528966,2528968,0,2,2,completed,1
34478,Rigid,2528966,2528966,2528968,0,2,2,completed,1
34479,Rigid,2528966,2528966,2528968,0,2,2,completed,1
34480,Rigid,2528966,2528966,2528968,0,2,2,completed,1
34481,Rigid,2528967,2528967,2528968,0,1,1,completed,1
34482,Rigid,2528967,2528967,2528968,0,1,1,completed,1
34483,Rigid,2528967,2528968,2528969,1,1,2,completed,1
34484,Rigid,2528967,2528968,2528969,1,1,2,completed,1
34485,Rigid,2528967,2528968,2528969,1,1,2,completed,1
34486,Rigid,2528967,2528968,2528969,1,1,2,completed,1
34487,Rigid,2528967,2528968,2528969,1,1,2,completed,1
34488,Rigid,2528967,2528968,2528969,1,1,2,completed,1
34489,Rigid,2528967,2528968,2528969,1,1,2,completed,1
34490,Rigid,2528967,2528968,2528969,1,1,2,completed,1
34491,Rigid,2528968,2528968,2528969,0,1,1,completed,1
34492,Rigid,2528968,2528968,2528969,0,1,1,completed,1
34493,Rigid,2528968,2528968,2528969,0,1,1,completed,1
34494,Rigid,2528968,2528968,2528969,0,1,1,completed,1
34495,Rigid,2528968,2528968,2528969,0,1,1,completed,1
34496,Rigid,2528968,2528969,2528970,1,1,2,completed,1
34497,Rigid,2528968,2528969,2528970,1,1,2,completed,1
34498,Rigid,2528969,2528969,2528970,0,1,1,completed,1
34499,Rigid,2528969,2528969,2528970,0,1,1,completed,1
34500,Rigid,2528969,2528969,2528970,0,1,1,completed,1
34501,Rigid,2528969,2528969,2528970,0,1,1,completed,1
34502,Rigid,2528969,2528969,2528970,0,1,1,completed,1
34503,Rigid,2528969,2528969,2528970,0,1,1,completed,1
34504,Rigid,2528969,2528969,2528970,0,1,1,completed,1
34505,Rigid,2528969,2528969,2528970,0,1,1,completed,1
34506,Rigid,2528969,2528969,2528970,0,1,1,completed,1
34507,Rigid,2528969,2528969,2528970,0,1,1,completed,1
34508,Rigid,2528970,2528970,2528971,0,1,1,completed,1
34509,Rigid,2528970,2528970,2528971,0,1,1,completed,1
34510,Rigid,2528970,2528971,2528972,1,1,2,completed,1
34511,Rigid,2528970,2528971,2528972,1,1,2,completed,1
34512,Rigid,2528970,2528971,2528972,1,1,2,completed,1
34513,Rigid,2528970,2528971,2528972,1,1,2,completed,1
34514,Rigid,2528970,2528971,2528972,1,1,2,completed,1
34515,Rigid,2528970,2528971,2528972,1,1,2,completed,1
34516,Rigid,2528970,2528971,2528972,1,1,2,completed,1
34517,Rigid,2528970,2528971,2528972,1,1,2,completed,1
34518,Rigid,2528971,2528971,2528972,0,1,1,completed,1
34519,Rigid,2528971,2528971,2528972,0,1,1,completed,1
34520,Rigid,2528971,2528971,2528972,0,1,1,completed,1
34521,Rigid,2528971,2528971,2528973,0,2,2,completed,1
34522,Rigid,2528971,2528971,2528972,0,1,1,completed,1
34523,Rigid,2528971,2528971,2528973,0,2,2,completed,1
34524,Rigid,2528971,2528972,2528973,1,1,2,completed,1
34525,Rigid,2528972,2528972,2528973,0,1,1,completed,1
34526,Rigid,2528972,2528972,2528973,0,1,1,completed,1
34527,Rigid,2528972,2528972,2528973,0,1,1,completed,1
34528,Rigid,2528972,2528972,2528973,0,1,1,completed,1
34529,Rigid,2528972,2528972,2528973,0,1,1,completed,1
34530,Rigid,2528972,2528973,2528974,1,1,2,completed,1
34531,Rigid,2528972,2528973,2528974,1,1,2,completed,1
34532,Rigid,2528972,2528973,2528974,1,1,2,completed,1
34533,Rigid,2528972,2528973,2528974,1,1,2,completed,1
34534,Rigid,2528973,2528973,2528974,0,1,1,completed,1
34535,Rigid,2528973,2528973,2528974,0,1,1,completed,1
34536,Rigid,2528973,2528973,2528974,0,1,1,completed,1
34537,Rigid,2528973,2528973,2528975,0,2,2,completed,1
34538,Rigid,2528973,2528973,2528974,0,1,1,completed,1
34539,Rigid,2528973,2528973,2528975,0,2,2,completed,1
34540,Rigid,2528973,2528974,2528975,1,1,2,completed,1
34541,Rigid,2528973,2528974,2528975,1,1,2,completed,1
34542,Rigid,2528974,2528974,2528975,0,1,1,completed,1
34543,Rigid,2528974,2528974,2528975,0,1,1,completed,1
34544,Rigid,2528974,2528974,2528975,0,1,1,completed,1
34545,Rigid,2528974,2528974,2528975,0,1,1,completed,1
34546,Rigid,2528974,2528974,2528975,0,1,1,completed,1
34547,Rigid,2528974,2528974,2528975,0,1,1,completed,1
34548,Rigid,2528974,2528975,2528976,1,1,2,completed,1
34549,Rigid,2528975,2528975,2528976,0,1,1,completed,1
34550,Rigid,2528975,2528975,2528976,0,1,1,completed,1
34551,Rigid,2528975,2528975,2528976,0,1,1,completed,1
34552,Rigid,2528975,2528975,2528976,0,1,1,completed,1
34553,Rigid,2528975,2528975,2528976,0,1,1,completed,1
34554,Rigid,2528975,2528975,2528976,0,1,1,completed,1
34555,Rigid,2528975,2528975,2528976,0,1,1,completed,1
34556,Rigid,2528975,2528975,2528976,0,1,1,completed,1
34557,Rigid,2528975,2528976,2528977,1,1,2,completed,1
34558,Rigid,2528975,2528976,2528977,1,1,2,completed,1
34559,Rigid,2528976,2528976,2528977,0,1,1,completed,1
34560,Rigid,2528976,2528976,2528977,0,1,1,completed,1
34561,Rigid,2528976,2528976,2528977,0,1,1,completed,1
34562,Rigid,2528976,2528976,2528977,0,1,1,completed,1
34563,Rigid,2528976,2528976,2528977,0,1,1,completed,1
34564,Rigid,2528977,2528977,2528978,0,1,1,completed,1
34565,Rigid,2528977,2528977,2528978,0,1,1,completed,1
34566,Rigid,2528977,2528977,2528978,0,1,1,completed,1
34567,Rigid,2528977,2528977,2528978,0,1,1,completed,1
34568,Rigid,2528977,2528977,2528978,0,1,1,completed,1
34569,Rigid,2528977,2528977,2528978,0,1,1,completed,1
34570,Rigid,2528977,2528977,2528978,0,1,1,completed,1
34571,Rigid,2528977,2528978,2528979,1,1,2,completed,1
34572,Rigid,2528978,2528978,2528979,0,1,1,completed,1
34573,Rigid,2528978,2528978,2528979,0,1,1,completed,1
34574,Rigid,2528978,2528978,2528979,0,1,1,completed,1
34575,Rigid,2528978,2528978,2528979,0,1,1,completed,1
34576,Rigid,2528978,2528978,2528979,0,1,1,completed,1
34577,Rigid,2528978,2528978,2528979,0,1,1,completed,1
34578,Rigid,2528978,2528978,2528979,0,1,1,completed,1
34579,Rigid,2528978,2528978,2528979,0,1,1,completed,1
34580,Rigid,2528978,2528978,2528980,0,2,2,completed,1
34581,Rigid,2528978,2528978,2528979,0,1,1,completed,1
34582,Rigid,2528979,2528979,2528980,0,1,1,completed,1
34583,Rigid,2528979,2528979,2528980,0,1,1,completed,1
34584,Rigid,2528979,2528979,2528980,0,1,1,completed,1
34585,Rigid,2528979,2528979,2528980,0,1,1,completed,1
34586,Rigid,2528979,2528980,2528981,1,1,2,completed,1
34587,Rigid,2528979,2528980,2528981,1,1,2,completed,1
34588,Rigid,2528979,2528980,2528981,1,1,2,completed,1
34589,Rigid,2528979,2528980,2528981,1,1,2,completed,1
34590,Rigid,2528979,2528980,2528981,1,1,2,completed,1
34591,Rigid,2528979,2528980,2528981,1,1,2,completed,1
34592,Rigid,2528980,2528980,2528981,0,1,1,completed,1
34593,Rigid,2528980,2528980,2528981,0,1,1,completed,1
34594,Rigid,2528980,2528980,2528981,0,1,1,completed,1
34595,Rigid,2528980,2528980,2528981,0,1,1,completed,1
34596,Rigid,2528980,2528980,2528981,0,1,1,completed,1
34597,Rigid,2528980,2528980,2528981,0,1,1,completed,1
34598,Rigid,2528980,2528980,2528981,0,1,1,completed,1
34599,Rigid,2528980,2528980,2528981,0,1,1,completed,1
34600,Rigid,2528980,2528981,2528982,1,1,2,completed,1
34601,Rigid,2528981,2528981,2528982,0,1,1,completed,1
34602,Rigid,2528981,2528981,2528982,0,1,1,completed,1
34603,Rigid,2528981,2528981,2528982,0,1,1,completed,1
34604,Rigid,2528981,2528981,2528982,0,1,1,completed,1
34605,Rigid,2528981,2528981,2528982,0,1,1,completed,1
34606,Rigid,2528981,2528981,2528982,0,1,1,completed,1
34607,Rigid,2528981,2528982,2528983,1,1,2,completed,1
34608,Rigid,2528981,2528982,2528983,1,1,2,completed,1
34609,Rigid,2528981,2528982,2528983,1,1,2,completed,1
34610,Rigid,2528982,2528982,2528983,0,1,1,completed,1
34611,Rigid,2528982,2528982,2528983,0,1,1,completed,1
34612,Rigid,2528982,2528982,2528983,0,1,1,completed,1
34613,Rigid,2528982,2528982,2528983,0,1,1,completed,1
34614,Rigid,2528982,2528982,2528983,0,1,1,completed,1
34615,Rigid,2528982,2528982,2528983,0,1,1,completed,1
34616,Rigid,2528982,2528982,2528983,0,1,1,completed,1
34617,Rigid,2528982,2528982,2528984,0,2,2,completed,1
34618,Rigid,2528982,2528982,2528984,0,2,2,completed,1
34619,Rigid,2528982,2528982,2528983,0,1,1,completed,1
34620,Rigid,2528983,2528983,2528984,0,1,1,completed,1
34621,Rigid,2528983,2528983,2528984,0,1,1,completed,1
34622,Rigid,2528983,2528983,2528984,0,1,1,completed,1
34623,Rigid,2528983,2528983,2528984,0,1,1,completed,1
34624,Rigid,2528983,2528983,2528984,0,1,1,completed,1
34625,Rigid,2528983,2528983,2528984,0,1,1,completed,1
34626,Rigid,2528983,2528983,2528984,0,1,1,completed,1
34627,Rigid,2528983,2528984,2528985,1,1,2,completed,1
34628,Rigid,2528983,2528984,2528985,1,1,2,completed,1
34629,Rigid,2528984,2528984,2528985,0,1,1,completed,1
34630,Rigid,2528984,2528984,2528985,0,1,1,completed,1
34631,Rigid,2528984,2528984,2528985,0,1,1,completed,1
34632,Rigid,2528984,2528984,2528985,0,1,1,completed,1
34633,Rigid,2528984,2528984,2528985,0,1,1,completed,1
34634,Rigid,2528992,2528992,2528993,0,1,1,completed,1
34635,Rigid,2528992,2528994,2528995,2,1,3,completed,1
34636,Rigid,2528992,2528994,2528995,2,1,3,completed,1
34637,Rigid,2528992,2528994,2528995,2,1,3,completed,1
34638,Rigid,2528992,2528994,2528995,2,1,3,completed,1
34639,Rigid,2528992,2528994,2528995,2,1,3,completed,1
34640,Rigid,2528992,2528994,2528995,2,1,3,completed,1
34641,Rigid,2528992,2528994,2528995,2,1,3,completed,1
34642,Rigid,2528992,2528994,2528995,2,1,3,completed,1
34643,Rigid,2528992,2528994,2528995,2,1,3,completed,1
34644,Rigid,2528993,2528994,2528995,1,1,2,completed,1
34645,Rigid,2528993,2528994,2528995,1,1,2,completed,1
34646,Rigid,2528993,2528994,2528995,1,1,2,completed,1
34647,Rigid,2528993,2528994,2528995,1,1,2,completed,1
34648,Rigid,2528994,2528994,2528995,0,1,1,completed,1
34649,Rigid,2528994,2528994,2528995,0,1,1,completed,1
34650,Rigid,2528994,2528994,2528995,0,1,1,completed,1
34651,Rigid,2528994,2528994,2528995,0,1,1,completed,1
34652,Rigid,2528994,2528994,2528995,0,1,1,completed,1
34653,Rigid,2528994,2528994,2528995,0,1,1,completed,1
34654,Rigid,2528994,2528996,2528997,2,1,3,completed,1
34655,Rigid,2528994,2528996,2528997,2,1,3,completed,1
34656,Rigid,2528994,2528996,2528997,2,1,3,completed,1
34657,Rigid,2528994,2528996,2528997,2,1,3,completed,1
34658,Rigid,2528995,2528996,2528997,1,1,2,completed,1
34659,Rigid,2528995,2528996,2528997,1,1,2,completed,1
34660,Rigid,2528995,2528996,2528997,1,1,2,completed,1
34661,Rigid,2528995,2528996,2528997,1,1,2,completed,1
34662,Rigid,2528995,2528996,2528997,1,1,2,completed,1
34663,Rigid,2528995,2528996,2528997,1,1,2,completed,1
34664,Rigid,2528995,2528996,2528997,1,1,2,completed,1
34665,Rigid,2528996,2528996,2528997,0,1,1,completed,1
34666,Rigid,2528996,2528996,2528997,0,1,1,completed,1
34667,Rigid,2528996,2528996,2528997,0,1,1,completed,1
34668,Rigid,2528996,2528996,2528997,0,1,1,completed,1
34669,Rigid,2528996,2528996,2528998,0,2,2,completed,1
34670,Rigid,2528996,2528996,2528998,0,2,2,completed,1
34671,Rigid,2528996,2528996,2528998,0,2,2,completed,1
34672,Rigid,2528996,2528996,2528997,0,1,1,completed,1
34673,Rigid,2528996,2528996,2528998,0,2,2,completed,1
34674,Rigid,2528997,2528997,2528998,0,1,1,completed,1
34675,Rigid,2528997,2528997,2528998,0,1,1,completed,1
34676,Rigid,2528997,2528997,2528998,0,1,1,completed,1
34677,Rigid,2528997,2528998,2529000,1,2,3,completed,1
34678,Rigid,2528997,2528998,2529000,1,2,3,completed,1
34679,Rigid,2528997,2528998,2529000,1,2,3,completed,1
34680,Rigid,2528997,2528998,2529000,1,2,3,completed,1
34681,Rigid,2528997,2528998,2529000,1,2,3,completed,1
34682,Rigid,2528997,2528998,2529000,1,2,3,completed,1
34683,Rigid,2528997,2528998,2529000,1,2,3,completed,1
34684,Rigid,2528998,2528998,2529000,0,2,2,completed,1
34685,Rigid,2528998,2528998,2529000,0,2,2,completed,1
34686,Rigid,2528998,2528998,2529000,0,2,2,completed,1
34687,Rigid,2528998,2528998,2529000,0,2,2,completed,1
34688,Rigid,2528998,2528998,2529000,0,2,2,completed,1
34689,Rigid,2528998,2528998,2529000,0,2,2,completed,1
34690,Rigid,2528998,2528998,2529000,0,2,2,completed,1
34691,Rigid,2528998,2528998,2529000,0,2,2,completed,1
34692,Rigid,2528998,2528998,2529000,0,2,2,completed,1
34693,Rigid,2528998,2528998,2529000,0,2,2,completed,1
34694,Rigid,2528999,2528999,2529000,0,1,1,completed,1
34695,Rigid,2528999,2528999,2529000,0,1,1,completed,1
34696,Rigid,2528999,2528999,2529000,0,1,1,completed,1
34697,Rigid,2528999,2528999,2529000,0,1,1,completed,1
34698,Rigid,2528999,2529000,2529001,1,1,2,completed,1
34699,Rigid,2528999,2529000,2529001,1,1,2,completed,1
34700,Rigid,2528999,2529000,2529001,1,1,2,completed,1
34701,Rigid,2529000,2529000,2529001,0,1,1,completed,1
34702,Rigid,2529000,2529000,2529001,0,1,1,completed,1
34703,Rigid,2529000,2529001,2529002,1,1,2,completed,1
34704,Rigid,2529000,2529001,2529002,1,1,2,completed,1
34705,Rigid,2529000,2529001,2529002,1,1,2,completed,1
34706,Rigid,2529000,2529001,2529002,1,1,2,completed,1
34707,Rigid,2529000,2529001,2529002,1,1,2,completed,1
34708,Rigid,2529000,2529001,2529002,1,1,2,completed,1
34709,Rigid,2529001,2529001,2529002,0,1,1,completed,1
34710,Rigid,2529001,2529001,2529002,0,1,1,completed,1
34711,Rigid,2529001,2529001,2529002,0,1,1,completed,1
34712,Rigid,2529001,2529001,2529002,0,1,1,completed,1
34713,Rigid,2529001,2529001,2529002,0,1,1,completed,1
34714,Rigid,2529001,2529001,2529002,0,1,1,completed,1
34715,Rigid,2529001,2529001,2529002,0,1,1,completed,1
34716,Rigid,2529001,2529001,2529002,0,1,1,completed,1
34717,Rigid,2529001,2529001,2529002,0,1,1,completed,1
34718,Rigid,2529002,2529002,2529003,0,1,1,completed,1
34719,Rigid,2529002,2529002,2529003,0,1,1,completed,1
34720,Rigid,2529002,2529002,2529003,0,1,1,completed,1
34721,Rigid,2529002,2529002,2529003,0,1,1,completed,1
34722,Rigid,2529002,2529002,2529003,0,1,1,completed,1
34723,Rigid,2529002,2529002,2529003,0,1,1,completed,1
34724,Rigid,2529002,2529002,2529003,0,1,1,completed,1
34725,Rigid,2529002,2529002,2529003,0,1,1,completed,1
34726,Rigid,2529002,2529004,2529005,2,1,3,completed,1
34727,Rigid,2529003,2529004,2529005,1,1,2,completed,1
34728,Rigid,2529003,2529004,2529005,1,1,2,completed,1
34729,Rigid,2529003,2529004,2529005,1,1,2,completed,1
34730,Rigid,2529003,2529004,2529005,1,1,2,completed,1
34731,Rigid,2529003,2529004,2529005,1,1,2,completed,1
34732,Rigid,2529003,2529004,2529005,1,1,2,completed,1
34733,Rigid,2529003,2529004,2529005,1,1,2,completed,1
34734,Rigid,2529012,2529013,2529014,1,1,2,completed,1
34735,Rigid,2529012,2529013,2529076,1,63,64,completed,2
34736,Rigid,2529012,2529013,2529076,1,63,64,completed,2
34737,Rigid,2529012,2529013,2529156,1,143,144,completed,1
34738,Rigid,2529012,2529013,2529927,1,914,915,completed,2
34739,Rigid,2529012,2529013,2529027,1,14,15,completed,2
34740,Rigid,2529012,2529013,2529027,1,14,15,completed,2
34741,Rigid,2529012,2529013,2529026,1,13,14,completed,2
34742,Rigid,2529013,2529013,2529200,0,187,187,completed,2
34743,Rigid,2529013,2529013,2529024,0,11,11,completed,1
34744,Rigid,2529013,2529015,2529026,2,11,13,completed,2
34745,Rigid,2529014,2529015,2529026,1,11,12,completed,2
34746,Rigid,2529014,2529015,2529026,1,11,12,completed,2
34747,Rigid,2529014,2529015,2529022,1,7,8,completed,1
34748,Rigid,2529014,2529015,2529143,1,128,129,completed,2
34749,Rigid,2529014,2529015,2529026,1,11,12,completed,2
34750,Rigid,2529014,2529015,2529026,1,11,12,completed,2
34751,Rigid,2529014,2529015,2529026,1,11,12,completed,2
34752,Rigid,2529014,2529015,2529026,1,11,12,completed,2
34753,Rigid,2529014,2529015,2529026,1,11,12,completed,2
34754,Rigid,2529015,2529015,2529022,0,7,7,completed,1
34755,Rigid,2529015,2529015,2529026,0,11,11,completed,2
34756,Rigid,2529015,2529015,2529026,0,11,11,completed,2
34757,Rigid,2529015,2529015,2529026,0,11,11,completed,2
34758,Rigid,2529015,2529015,2529026,0,11,11,completed,2
34759,Rigid,2529015,2529015,2529140,0,125,125,completed,2
34760,Rigid,2529015,2529015,2529026,0,11,11,completed,2
34761,Rigid,2529015,2529015,2529136,0,121,121,completed,2
34762,Rigid,2529015,2529015,2529021,0,6,6,completed,1
34763,Rigid,2529015,2529015,2529026,0,11,11,completed,2
34764,Rigid,2529016,2529017,2529026,1,9,10,completed,2
34765,Rigid,2529016,2529017,2529026,1,9,10,completed,2
34766,Rigid,2529016,2529017,2529026,1,9,10,completed,2
34767,Rigid,2529016,2529017,2529026,1,9,10,completed,2
34768,Rigid,2529016,2529017,2529023,1,6,7,completed,1
34769,Rigid,2529016,2529017,2529133,1,116,117,completed,2
34770,Rigid,2529016,2529017,2529026,1,9,10,completed,2
34771,Rigid,2529016,2529017,2529026,1,9,10,completed,2
34772,Rigid,2529016,2529017,2529026,1,9,10,completed,2
34773,Rigid,2529016,2529017,2529026,1,9,10,completed,2
34774,Rigid,2529017,2529017,2529135,0,118,118,completed,2
34775,Rigid,2529017,2529017,2529023,0,6,6,completed,1
34776,Rigid,2529017,2529017,2529026,0,9,9,completed,2
34777,Rigid,2529017,2529021,2529029,4,8,12,completed,2
34778,Rigid,2529017,2529021,2529029,4,8,12,completed,2
34779,Rigid,2529017,2529021,2529029,4,8,12,completed,2
34780,Rigid,2529017,2529021,2529030,4,9,13,completed,2
34781,Rigid,2529017,2529021,2529136,4,115,119,completed,2
34782,Rigid,2529017,2529021,2529029,4,8,12,completed,2
34783,Rigid,2529017,2529021,2529029,4,8,12,completed,2
34784,Rigid,2529018,2529021,2529027,3,6,9,completed,1
34785,Rigid,2529018,2529021,2529029,3,8,11,completed,2
34786,Rigid,2529018,2529021,2529029,3,8,11,completed,2
34787,Rigid,2529018,2529021,2529029,3,8,11,completed,2
34788,Rigid,2529018,2529021,2529029,3,8,11,completed,2
34789,Rigid,2529018,2529021,2529029,3,8,11,completed,2
34790,Rigid,2529018,2529021,2529029,3,8,11,completed,2
34791,Rigid,2529018,2529021,2529029,3,8,11,completed,2
34792,Rigid,2529018,2529021,2529133,3,112,115,completed,2
34793,Rigid,2529018,2529021,2529027,3,6,9,completed,1
34794,Rigid,2529019,2529021,2529029,2,8,10,completed,2
34795,Rigid,2529019,2529021,2529029,2,8,10,completed,2
34796,Rigid,2529019,2529021,2529029,2,8,10,completed,2
34797,Rigid,2529019,2529021,2529029,2,8,10,completed,2
34798,Rigid,2529019,2529021,2529029,2,8,10,completed,2
34799,Rigid,2529019,2529021,2529026,2,5,7,completed,1
34800,Rigid,2529019,2529021,2529133,2,112,114,completed,2
34801,Rigid,2529019,2529021,2529029,2,8,10,completed,2
34802,Rigid,2529019,2529021,2529029,2,8,10,completed,2
34803,Rigid,2529019,2529021,2529029,2,8,10,completed,2
34804,Rigid,2529020,2529021,2529029,1,8,9,completed,2
34805,Rigid,2529020,2529021,2529029,1,8,9,completed,2
34806,Rigid,2529020,2529021,2529029,1,8,9,completed,2
34807,Rigid,2529020,2529021,2529029,1,8,9,completed,2
34808,Rigid,2529020,2529021,2529029,1,8,9,completed,2
34809,Rigid,2529020,2529021,2529029,1,8,9,completed,2
34810,Rigid,2529020,2529021,2529029,1,8,9,completed,2
34811,Rigid,2529020,2529021,2529029,1,8,9,completed,2
34812,Rigid,2529020,2529021,2529029,1,8,9,completed,2
34813,Rigid,2529020,2529021,2529029,1,8,9,completed,2
34814,Rigid,2529021,2529023,2529030,2,7,9,completed,2
34815,Rigid,2529021,2529023,2529030,2,7,9,completed,2
34816,Rigid,2529021,2529023,2529030,2,7,9,completed,2
34817,Rigid,2529021,2529023,2529030,2,7,9,completed,2
34818,Rigid,2529021,2529023,2529031,2,8,10,completed,2
34819,Rigid,2529021,2529023,2529030,2,7,9,completed,2
34820,Rigid,2529021,2529023,2529030,2,7,9,completed,2
34821,Rigid,2529021,2529023,2529031,2,8,10,completed,2
34822,Rigid,2529022,2529023,2529028,1,5,6,completed,1
34823,Rigid,2529022,2529023,2529133,1,110,111,completed,2
34824,Rigid,2529022,2529023,2529031,1,8,9,completed,2
34825,Rigid,2529022,2529023,2529031,1,8,9,completed,2
34826,Rigid,2529022,2529023,2529031,1,8,9,completed,2
34827,Rigid,2529022,2529023,2529031,1,8,9,completed,2
34828,Rigid,2529022,2529023,2529031,1,8,9,completed,2
34829,Rigid,2529023,2529023,2529031,0,8,8,completed,2
34830,Rigid,2529023,2529024,2529029,1,5,6,completed,1
34831,Rigid,2529023,2529024,2529031,1,7,8,completed,2
34832,Rigid,2529023,2529024,2529133,1,109,110,completed,2
34833,Rigid,2529023,2529024,2529031,1,7,8,completed,2
34834,Rigid,2529033,2529033,2529038,0,5,5,completed,1
34835,Rigid,2529033,2529033,2529041,0,8,8,completed,2
34836,Rigid,2529033,2529033,2529041,0,8,8,completed,2
34837,Rigid,2529033,2529033,2529041,0,8,8,completed,2
34838,Rigid,2529033,2529033,2529138,0,105,105,completed,2
34839,Rigid,2529033,2529037,2529045,4,8,12,completed,2
34840,Rigid,2529033,2529037,2529143,4,106,110,completed,2
34841,Rigid,2529033,2529037,2529043,4,6,10,completed,1
34842,Rigid,2529033,2529037,2529045,4,8,12,completed,2
34843,Rigid,2529034,2529037,2529045,3,8,11,completed,2
34844,Rigid,2529034,2529037,2529042,3,5,8,completed,1
34845,Rigid,2529034,2529037,2529137,3,100,103,completed,2
34846,Rigid,2529034,2529037,2529045,3,8,11,completed,2
34847,Rigid,2529034,2529037,2529045,3,8,11,completed,2
34848,Rigid,2529034,2529037,2529046,3,9,12,completed,2
34849,Rigid,2529034,2529037,2529046,3,9,12,completed,2
34850,Rigid,2529034,2529037,2529046,3,9,12,completed,2
34851,Rigid,2529034,2529037,2529046,3,9,12,completed,2
34852,Rigid,2529035,2529037,2529046,2,9,11,completed,2
34853,Rigid,2529035,2529037,2529046,2,9,11,completed,2
34854,Rigid,2529035,2529037,2529046,2,9,11,completed,2
34855,Rigid,2529035,2529037,2529046,2,9,11,completed,2
34856,Rigid,2529035,2529037,2529046,2,9,11,completed,2
34857,Rigid,2529035,2529037,2529046,2,9,11,completed,2
34858,Rigid,2529035,2529037,2529046,2,9,11,completed,2
34859,Rigid,2529035,2529037,2529046,2,9,11,completed,2
34860,Rigid,2529035,2529037,2529042,2,5,7,completed,1
34861,Rigid,2529036,2529037,2529046,1,9,10,completed,2
34862,Rigid,2529036,2529037,2529046,1,9,10,completed,2
34863,Rigid,2529036,2529037,2529132,1,95,96,completed,2
34864,Rigid,2529036,2529037,2529046,1,9,10,completed,2
34865,Rigid,2529036,2529037,2529046,1,9,10,completed,2
34866,Rigid,2529036,2529037,2529042,1,5,6,completed,1
34867,Rigid,2529036,2529037,2529132,1,95,96,completed,2
34868,Rigid,2529036,2529037,2529046,1,9,10,completed,2
34869,Rigid,2529037,2529037,2529042,0,5,5,completed,1
34870,Rigid,2529037,2529037,2529133,0,96,96,completed,2
34871,Rigid,2529037,2529037,2529132,0,95,95,completed,2
34872,Rigid,2529037,2529037,2529046,0,9,9,completed,2
34873,Rigid,2529037,2529040,2529045,3,5,8,completed,1
34874,Rigid,2529038,2529040,2529048,2,8,10,completed,2
34875,Rigid,2529038,2529040,2529048,2,8,10,completed,2
34876,Rigid,2529038,2529040,2529047,2,7,9,completed,2
34877,Rigid,2529038,2529040,2529135,2,95,97,completed,2
34878,Rigid,2529038,2529040,2529047,2,7,9,completed,2
34879,Rigid,2529038,2529040,2529047,2,7,9,completed,2
34880,Rigid,2529038,2529040,2529047,2,7,9,completed,2
34881,Rigid,2529038,2529040,2529045,2,5,7,completed,1
34882,Rigid,2529038,2529040,2529045,2,5,7,completed,1
34883,Rigid,2529038,2529040,2529134,2,94,96,completed,2
34884,Rigid,2529039,2529040,2529047,1,7,8,completed,2
34885,Rigid,2529039,2529040,2529047,1,7,8,completed,2
34886,Rigid,2529039,2529040,2529047,1,7,8,completed,2
34887,Rigid,2529039,2529040,2529047,1,7,8,completed,2
34888,Rigid,2529039,2529040,2529047,1,7,8,completed,2
34889,Rigid,2529039,2529040,2529047,1,7,8,completed,2
34890,Rigid,2529039,2529040,2529048,1,8,9,completed,2
34891,Rigid,2529039,2529040,2529048,1,8,9,completed,2
34892,Rigid,2529039,2529040,2529141,1,101,102,completed,2
34893,Rigid,2529039,2529040,2529048,1,8,9,completed,2
34894,Rigid,2529040,2529041,2529046,1,5,6,completed,1
34895,Rigid,2529040,2529041,2529049,1,8,9,completed,2
34896,Rigid,2529040,2529041,2529049,1,8,9,completed,2
34897,Rigid,2529040,2529041,2529049,1,8,9,completed,2
34898,Rigid,2529040,2529041,2529046,1,5,6,completed,1
34899,Rigid,2529040,2529041,2529141,1,100,101,completed,2
34900,Rigid,2529040,2529041,2529049,1,8,9,completed,2
34901,Rigid,2529040,2529041,2529049,1,8,9,completed,2
34902,Rigid,2529041,2529041,2529049,0,8,8,completed,2
34903,Rigid,2529041,2529041,2529049,0,8,8,completed,2
34904,Rigid,2529041,2529041,2529049,0,8,8,completed,2
34905,Rigid,2529041,2529042,2529051,1,9,10,completed,2
34906,Rigid,2529041,2529042,2529047,1,5,6,completed,1
34907,Rigid,2529041,2529042,2529132,1,90,91,completed,2
34908,Rigid,2529041,2529042,2529051,1,9,10,completed,2
34909,Rigid,2529041,2529042,2529051,1,9,10,completed,2
34910,Rigid,2529041,2529042,2529051,1,9,10,completed,2
34911,Rigid,2529042,2529042,2529132,0,90,90,completed,2
34912,Rigid,2529042,2529042,2529047,0,5,5,completed,1
34913,Rigid,2529042,2529042,2529051,0,9,9,completed,2
34914,Rigid,2529042,2529042,2529051,0,9,9,completed,2
34915,Rigid,2529042,2529042,2529051,0,9,9,completed,2
34916,Rigid,2529042,2529043,2529142,1,99,100,completed,2
34917,Rigid,2529043,2529043,2529053,0,10,10,completed,2
34918,Rigid,2529043,2529043,2529048,0,5,5,completed,1
34919,Rigid,2529052,2529053,2529065,1,12,13,completed,2
34920,Rigid,2529052,2529053,2529154,1,101,102,completed,2
34921,Rigid,2529052,2529053,2529058,1,5,6,completed,1
34922,Rigid,2529053,2529053,2529154,0,101,101,completed,2
34923,Rigid,2529053,2529053,2529064,0,11,11,completed,2
34924,Rigid,2529053,2529053,2529058,0,5,5,completed,1
34925,Rigid,2529053,2529053,2529064,0,11,11,completed,2
34926,Rigid,2529053,2529053,2529064,0,11,11,completed,2
34927,Rigid,2529053,2529054,2529064,1,10,11,completed,2
34928,Rigid,2529053,2529054,2529064,1,10,11,completed,2
34929,Rigid,2529053,2529054,2529154,1,100,101,completed,2
34930,Rigid,2529053,2529054,2529059,1,5,6,completed,1
34931,Rigid,2529054,2529054,2529064,0,10,10,completed,2
34932,Rigid,2529054,2529054,2529064,0,10,10,completed,2
34933,Rigid,2529054,2529054,2529064,0,10,10,completed,2
34934,Rigid,2529054,2529054,2529059,0,5,5,completed,1
34935,Rigid,2529054,2529054,2529153,0,99,99,completed,2
34936,Rigid,2529054,2529054,2529064,0,10,10,completed,2
34937,Rigid,2529054,2529054,2529153,0,99,99,completed,2
34938,Rigid,2529054,2529054,2529060,0,6,6,completed,1
34939,Rigid,2529054,2529057,2529062,3,5,8,completed,1
34940,Rigid,2529055,2529057,2529067,2,10,12,completed,2
34941,Rigid,2529055,2529057,2529067,2,10,12,completed,2
34942,Rigid,2529055,2529057,2529152,2,95,97,completed,2
34943,Rigid,2529055,2529057,2529062,2,5,7,completed,1
34944,Rigid,2529055,2529057,2529067,2,10,12,completed,2
34945,Rigid,2529055,2529057,2529153,2,96,98,completed,2
34946,Rigid,2529055,2529057,2529153,2,96,98,completed,2
34947,Rigid,2529055,2529057,2529067,2,10,12,completed,2
34948,Rigid,2529055,2529057,2529062,2,5,7,completed,1
34949,Rigid,2529056,2529057,2529067,1,10,11,completed,2
34950,Rigid,2529056,2529057,2529065,1,8,9,completed,2
34951,Rigid,2529056,2529057,2529066,1,9,10,completed,2
34952,Rigid,2529056,2529057,2529153,1,96,97,completed,2
34953,Rigid,2529056,2529057,2529062,1,5,6,completed,1
34954,Rigid,2529056,2529057,2529065,1,8,9,completed,2
34955,Rigid,2529057,2529057,2529066,0,9,9,completed,2
34956,Rigid,2529057,2529057,2529152,0,95,95,completed,2
34957,Rigid,2529057,2529057,2529062,0,5,5,completed,1
34958,Rigid,2529057,2529057,2529067,0,10,10,completed,2
34959,Rigid,2529057,2529057,2529065,0,8,8,completed,2
34960,Rigid,2529058,2529059,2529069,1,10,11,completed,2
34961,Rigid,2529058,2529059,2529070,1,11,12,completed,2
34962,Rigid,2529058,2529059,2529069,1,10,11,completed,2
34963,Rigid,2529058,2529059,2529069,1,10,11,completed,2
34964,Rigid,2529058,2529059,2529152,1,93,94,completed,2
34965,Rigid,2529058,2529059,2529069,1,10,11,completed,2
34966,Rigid,2529058,2529059,2529069,1,10,11,completed,2
34967,Rigid,2529058,2529059,2529153,1,94,95,completed,2
34968,Rigid,2529058,2529059,2529065,1,6,7,completed,1
34969,Rigid,2529058,2529059,2529065,1,6,7,completed,1
34970,Rigid,2529059,2529059,2529065,0,6,6,completed,1
34971,Rigid,2529059,2529059,2529153,0,94,94,completed,2
34972,Rigid,2529059,2529059,2529152,0,93,93,completed,2
34973,Rigid,2529059,2529059,2529069,0,10,10,completed,2
34974,Rigid,2529059,2529059,2529065,0,6,6,completed,1
34975,Rigid,2529059,2529059,2529064,0,5,5,completed,1
34976,Rigid,2529059,2529059,2529152,0,93,93,completed,2
34977,Rigid,2529059,2529059,2529067,0,8,8,completed,2
34978,Rigid,2529060,2529060,2529068,0,8,8,completed,2
34979,Rigid,2529060,2529060,2529069,0,9,9,completed,2
34980,Rigid,2529060,2529060,2529067,0,7,7,completed,2
34981,Rigid,2529060,2529060,2529065,0,5,5,completed,1
34982,Rigid,2529060,2529060,2529074,0,14,14,completed,2
34983,Rigid,2529060,2529061,2529153,1,92,93,completed,2
34984,Rigid,2529060,2529061,2529066,1,5,6,completed,1
34985,Rigid,2529061,2529061,2529154,0,93,93,completed,2
34986,Rigid,2529061,2529061,2529074,0,13,13,completed,2
34987,Rigid,2529062,2529063,2529153,1,90,91,completed,2
34988,Rigid,2529062,2529063,2529068,1,5,6,completed,1
34989,Rigid,2529062,2529063,2529153,1,90,91,completed,2
34990,Rigid,2529073,2529073,2529079,0,6,6,completed,1
34991,Rigid,2529073,2529073,2529087,0,14,14,completed,2
34992,Rigid,2529073,2529073,2529087,0,14,14,completed,2
34993,Rigid,2529073,2529075,2529086,2,11,13,completed,2
34994,Rigid,2529073,2529075,2529174,2,99,101,completed,2
34995,Rigid,2529073,2529075,2529086,2,11,13,completed,2
34996,Rigid,2529073,2529075,2529080,2,5,7,completed,1
34997,Rigid,2529073,2529075,2529173,2,98,100,completed,2
34998,Rigid,2529074,2529075,2529080,1,5,6,completed,1
34999,Rigid,2529074,2529075,2529086,1,11,12,completed,2
35000,Rigid,2529074,2529075,2529086,1,11,12,completed,2
35001,Rigid,2529074,2529075,2529086,1,11,12,completed,2
35002,Rigid,2529074,2529075,2529174,1,99,100,completed,2
35003,Rigid,2529074,2529075,2529080,1,5,6,completed,1
35004,Rigid,2529074,2529075,2529087,1,12,13,completed,2
35005,Rigid,2529075,2529075,2529173,0,98,98,completed,2
35006,Rigid,2529075,2529075,2529080,0,5,5,completed,1
35007,Rigid,2529075,2529075,2529086,0,11,11,completed,2
35008,Rigid,2529075,2529075,2529080,0,5,5,completed,1
35009,Rigid,2529075,2529076,2529173,1,97,98,completed,2
35010,Rigid,2529075,2529076,2529088,1,12,13,completed,2
35011,Rigid,2529075,2529076,2529080,1,4,5,completed,1
35012,Rigid,2529076,2529077,2529173,1,96,97,completed,2
35013,Rigid,2529076,2529077,2529087,1,10,11,completed,2
35014,Rigid,2529076,2529077,2529173,1,96,97,completed,2
35015,Rigid,2529076,2529077,2529082,1,5,6,completed,1
35016,Rigid,2529076,2529077,2529087,1,10,11,completed,2
35017,Rigid,2529076,2529077,2529087,1,10,11,completed,2
35018,Rigid,2529076,2529077,2529082,1,5,6,completed,1
35019,Rigid,2529076,2529077,2529173,1,96,97,completed,2
35020,Rigid,2529077,2529077,2529087,0,10,10,completed,2
35021,Rigid,2529077,2529077,2529173,0,96,96,completed,2
35022,Rigid,2529077,2529077,2529082,0,5,5,completed,1
35023,Rigid,2529077,2529077,2529173,0,96,96,completed,2
35024,Rigid,2529077,2529077,2529082,0,5,5,completed,1
35025,Rigid,2529077,2529078,2529087,1,9,10,completed,2
35026,Rigid,2529077,2529078,2529087,1,9,10,completed,2
35027,Rigid,2529077,2529078,2529082,1,4,5,completed,1
35028,Rigid,2529078,2529080,2529173,2,93,95,completed,2
35029,Rigid,2529078,2529080,2529089,2,9,11,completed,2
35030,Rigid,2529078,2529080,2529085,2,5,7,completed,1
35031,Rigid,2529078,2529080,2529176,2,96,98,completed,2
35032,Rigid,2529079,2529080,2529090,1,10,11,completed,2
35033,Rigid,2529079,2529080,2529089,1,9,10,completed,2
35034,Rigid,2529079,2529080,2529089,1,9,10,completed,2
35035,Rigid,2529079,2529080,2529173,1,93,94,completed,2
35036,Rigid,2529079,2529080,2529085,1,5,6,completed,1
35037,Rigid,2529079,2529080,2529089,1,9,10,completed,2
35038,Rigid,2529079,2529080,2529085,1,5,6,completed,1
35039,Rigid,2529079,2529080,2529173,1,93,94,completed,2
35040,Rigid,2529079,2529080,2529091,1,11,12,completed,2
35041,Rigid,2529081,2529081,2529091,0,10,10,completed,2
35042,Rigid,2529081,2529081,2529091,0,10,10,completed,2
35043,Rigid,2529082,2529083,2529088,1,5,6,completed,1
35044,Rigid,2529093,2529093,2529192,0,99,99,completed,2
35045,Rigid,2529093,2529093,2529111,0,18,18,completed,2
35046,Rigid,2529093,2529093,2529192,0,99,99,completed,2
35047,Rigid,2529093,2529097,2529103,4,6,10,completed,1
35048,Rigid,2529093,2529097,2529191,4,94,98,completed,2
35049,Rigid,2529094,2529097,2529103,3,6,9,completed,1
35050,Rigid,2529094,2529097,2529111,3,14,17,completed,2
35051,Rigid,2529094,2529097,2529114,3,17,20,completed,2
35052,Rigid,2529094,2529097,2529114,3,17,20,completed,2
35053,Rigid,2529094,2529097,2529114,3,17,20,completed,2
35054,Rigid,2529094,2529097,2529103,3,6,9,completed,1
35055,Rigid,2529095,2529097,2529200,2,103,105,completed,2
35056,Rigid,2529095,2529097,2529190,2,93,95,completed,2
35057,Rigid,2529095,2529097,2529191,2,94,96,completed,2
35058,Rigid,2529095,2529097,2529103,2,6,8,completed,1
35059,Rigid,2529095,2529097,2529103,2,6,8,completed,1
35060,Rigid,2529095,2529097,2529103,2,6,8,completed,1
35061,Rigid,2529095,2529097,2529113,2,16,18,completed,2
35062,Rigid,2529095,2529097,2529190,2,93,95,completed,2
35063,Rigid,2529095,2529097,2529113,2,16,18,completed,2
35064,Rigid,2529096,2529097,2529192,1,95,96,completed,2
35065,Rigid,2529096,2529097,2529103,1,6,7,completed,1
35066,Rigid,2529096,2529097,2529113,1,16,17,completed,2
35067,Rigid,2529096,2529097,2529103,1,6,7,completed,1
35068,Rigid,2529096,2529097,2529190,1,93,94,completed,2
35069,Rigid,2529096,2529097,2529110,1,13,14,completed,2
35070,Rigid,2529096,2529097,2529110,1,13,14,completed,2
35071,Rigid,2529097,2529097,2529190,0,93,93,completed,2
35072,Rigid,2529097,2529097,2529103,0,6,6,completed,1
35073,Rigid,2529097,2529097,2529110,0,13,13,completed,2
35074,Rigid,2529097,2529097,2529190,0,93,93,completed,2
35075,Rigid,2529097,2529097,2529103,0,6,6,completed,1
35076,Rigid,2529098,2529101,2529115,3,14,17,completed,2
35077,Rigid,2529098,2529101,2529115,3,14,17,completed,2
35078,Rigid,2529098,2529101,2529200,3,99,102,completed,2
35079,Rigid,2529098,2529101,2529106,3,5,8,completed,1
35080,Rigid,2529098,2529101,2529117,3,16,19,completed,2
35081,Rigid,2529098,2529101,2529117,3,16,19,completed,2
35082,Rigid,2529098,2529101,2529106,3,5,8,completed,1
35083,Rigid,2529103,2529104,2529200,1,96,97,completed,2
35084,Rigid,2529113,2529113,2529210,0,97,97,completed,2
35085,Rigid,2529113,2529114,2529119,1,5,6,completed,1
35086,Rigid,2529114,2529114,2529119,0,5,5,completed,1
35087,Rigid,2529114,2529114,2529131,0,17,17,completed,2
35088,Rigid,2529114,2529115,2529207,1,92,93,completed,2
35089,Rigid,2529114,2529115,2529129,1,14,15,completed,2
35090,Rigid,2529114,2529115,2529129,1,14,15,completed,2
35091,Rigid,2529115,2529115,2529207,0,92,92,completed,2
35092,Rigid,2529115,2529115,2529120,0,5,5,completed,1
35093,Rigid,2529115,2529115,2529120,0,5,5,completed,1
35094,Rigid,2529115,2529116,2529215,1,99,100,completed,2
35095,Rigid,2529115,2529116,2529134,1,18,19,completed,2
35096,Rigid,2529115,2529116,2529134,1,18,19,completed,2
35097,Rigid,2529116,2529116,2529207,0,91,91,completed,2
35098,Rigid,2529116,2529116,2529129,0,13,13,completed,2
35099,Rigid,2529116,2529117,2529129,1,12,13,completed,2
35100,Rigid,2529116,2529117,2529121,1,4,5,completed,1
35101,Rigid,2529116,2529117,2529206,1,89,90,completed,2
35102,Rigid,2529116,2529117,2529205,1,88,89,completed,2
35103,Rigid,2529117,2529117,2529121,0,4,4,completed,1
35104,Rigid,2529117,2529118,2529123,1,5,6,completed,1
35105,Rigid,2529117,2529118,2529137,1,19,20,completed,2
35106,Rigid,2529134,2529134,2529148,0,14,14,completed,2
35107,Rigid,2529134,2529134,2529140,0,6,6,completed,1
35108,Rigid,2529134,2529135,2529248,1,113,114,completed,2
35109,Rigid,2529135,2529135,2529148,0,13,13,completed,2
35110,Rigid,2529135,2529135,2529148,0,13,13,completed,2
35111,Rigid,2529135,2529135,2529148,0,13,13,completed,2
35112,Rigid,2529135,2529135,2529140,0,5,5,completed,1
35113,Rigid,2529135,2529135,2529247,0,112,112,completed,2
35114,Rigid,2529135,2529135,2529147,0,12,12,completed,2
35115,Rigid,2529135,2529135,2529234,0,99,99,completed,2
35116,Rigid,2529135,2529135,2529140,0,5,5,completed,1
35117,Rigid,2529136,2529136,2529147,0,11,11,completed,2
35118,Rigid,2529136,2529136,2529147,0,11,11,completed,2
35119,Rigid,2529136,2529136,2529140,0,4,4,completed,1
35120,Rigid,2529136,2529137,2529233,1,96,97,completed,2
35121,Rigid,2529137,2529137,2529150,0,13,13,completed,2
35122,Rigid,2529137,2529137,2529142,0,5,5,completed,1
35123,Rigid,2529138,2529138,2529235,0,97,97,completed,2
35124,Rigid,2529138,2529138,2529153,0,15,15,completed,2
35125,Rigid,2529141,2529141,2529232,0,91,91,completed,2
35126,Rigid,2529141,2529141,2529146,0,5,5,completed,1
35127,Rigid,2529141,2529141,2529155,0,14,14,completed,2
35128,Rigid,2529141,2529142,2529236,1,94,95,completed,2
35129,Rigid,2529142,2529142,2529147,0,5,5,completed,1
35130,Rigid,2529142,2529142,2529158,0,16,16,completed,2
35131,Rigid,2529142,2529142,2529158,0,16,16,completed,2
35132,Rigid,2529142,2529142,2529147,0,5,5,completed,1
35133,Rigid,2529142,2529142,2529147,0,5,5,completed,1
35134,Rigid,2529142,2529142,2529233,0,91,91,completed,2
35135,Rigid,2529142,2529142,2529158,0,16,16,completed,2
35136,Rigid,2529142,2529142,2529231,0,89,89,completed,2
35137,Rigid,2529143,2529144,2529232,1,88,89,completed,2
35138,Rigid,2529143,2529144,2529148,1,4,5,completed,1
35139,Rigid,2529143,2529144,2529158,1,14,15,completed,2
35140,Rigid,2529143,2529144,2529158,1,14,15,completed,2
35141,Rigid,2529143,2529144,2529232,1,88,89,completed,2
35142,Rigid,2529143,2529144,2529148,1,4,5,completed,1
35143,Rigid,2529143,2529144,2529158,1,14,15,completed,2
35144,Rigid,2529143,2529144,2529231,1,87,88,completed,2
35145,Rigid,2529144,2529144,2529148,0,4,4,completed,1
35146,Rigid,2529144,2529144,2529148,0,4,4,completed,1
35147,Rigid,2529144,2529144,2529247,0,103,103,completed,2
35148,Rigid,2529154,2529154,2529169,0,15,15,completed,2
35149,Rigid,2529154,2529154,2529159,0,5,5,completed,1
35150,Rigid,2529154,2529154,2529159,0,5,5,completed,1
35151,Rigid,2529154,2529154,2529247,0,93,93,completed,2
35152,Rigid,2529154,2529155,2529169,1,14,15,completed,2
35153,Rigid,2529155,2529155,2529248,0,93,93,completed,2
35154,Rigid,2529155,2529155,2529169,0,14,14,completed,2
35155,Rigid,2529155,2529155,2529258,0,103,103,completed,2
35156,Rigid,2529155,2529155,2529258,0,103,103,completed,2
35157,Rigid,2529155,2529155,2529159,0,4,4,completed,1
35158,Rigid,2529155,2529156,2529160,1,4,5,completed,1
35159,Rigid,2529155,2529156,2529169,1,13,14,completed,2
35160,Rigid,2529155,2529156,2529169,1,13,14,completed,2
35161,Rigid,2529156,2529156,2529160,0,4,4,completed,1
35162,Rigid,2529156,2529157,2529247,1,90,91,completed,2
35163,Rigid,2529156,2529157,2529247,1,90,91,completed,2
35164,Rigid,2529156,2529157,2529170,1,13,14,completed,2
35165,Rigid,2529156,2529157,2529161,1,4,5,completed,1
35166,Rigid,2529156,2529157,2529170,1,13,14,completed,2
35167,Rigid,2529157,2529159,2529163,2,4,6,completed,1
35168,Rigid,2529157,2529159,2529247,2,88,90,completed,2
35169,Rigid,2529157,2529159,2529172,2,13,15,completed,2
35170,Rigid,2529158,2529159,2529247,1,88,89,completed,2
35171,Rigid,2529158,2529159,2529163,1,4,5,completed,1
35172,Rigid,2529162,2529163,2529176,1,13,14,completed,2
35173,Rigid,2529162,2529163,2529176,1,13,14,completed,2
35174,Rigid,2529162,2529163,2529176,1,13,14,completed,2
35175,Rigid,2529162,2529163,2529169,1,6,7,completed,1
35176,Rigid,2529162,2529163,2529263,1,100,101,completed,2
35177,Rigid,2529162,2529163,2529264,1,101,102,completed,2
35178,Rigid,2529162,2529163,2529264,1,101,102,completed,2
35179,Rigid,2529162,2529163,2529169,1,6,7,completed,1
35180,Rigid,2529163,2529163,2529169,0,6,6,completed,1
35181,Rigid,2529163,2529163,2529169,0,6,6,completed,1
35182,Rigid,2529163,2529163,2529176,0,13,13,completed,2
35183,Rigid,2529163,2529163,2529169,0,6,6,completed,1
35184,Rigid,2529163,2529164,2529263,1,99,100,completed,2
35185,Rigid,2529163,2529164,2529263,1,99,100,completed,2
35186,Rigid,2529163,2529164,2529183,1,19,20,completed,2
35187,Rigid,2529163,2529164,2529262,1,98,99,completed,2
35188,Rigid,2529163,2529164,2529181,1,17,18,completed,2
35189,Rigid,2529163,2529164,2529169,1,5,6,completed,1
35190,Rigid,2529164,2529164,2529181,0,17,17,completed,2
35191,Rigid,2529164,2529164,2529264,0,100,100,completed,2
35192,Rigid,2529164,2529164,2529169,0,5,5,completed,1
35193,Rigid,2529174,2529174,2529190,0,16,16,completed,2
35194,Rigid,2529174,2529175,2529179,1,4,5,completed,1
35195,Rigid,2529175,2529175,2529262,0,87,87,completed,2
35196,Rigid,2529175,2529175,2529179,0,4,4,completed,1
35197,Rigid,2529175,2529175,2529189,0,14,14,completed,2
35198,Rigid,2529175,2529175,2529277,0,102,102,completed,2
35199,Rigid,2529175,2529177,2529191,2,14,16,completed,2
35200,Rigid,2529175,2529177,2529182,2,5,7,completed,1
35201,Rigid,2529175,2529177,2529264,2,87,89,completed,2
35202,Rigid,2529176,2529177,2529191,1,14,15,completed,2
35203,Rigid,2529176,2529177,2529182,1,5,6,completed,1
35204,Rigid,2529176,2529177,2529263,1,86,87,completed,2
35205,Rigid,2529176,2529177,2529191,1,14,15,completed,2
35206,Rigid,2529176,2529177,2529191,1,14,15,completed,2
35207,Rigid,2529176,2529177,2529191,1,14,15,completed,2
35208,Rigid,2529177,2529177,2529263,0,86,86,completed,2
35209,Rigid,2529177,2529177,2529266,0,89,89,completed,2
35210,Rigid,2529177,2529177,2529181,0,4,4,completed,1
35211,Rigid,2529177,2529177,2529189,0,12,12,completed,2
35212,Rigid,2529177,2529177,2529181,0,4,4,completed,1
35213,Rigid,2529177,2529177,2529191,0,14,14,completed,2
35214,Rigid,2529177,2529178,2529193,1,15,16,completed,2
35215,Rigid,2529178,2529178,2529276,0,98,98,completed,2
35216,Rigid,2529178,2529178,2529182,0,4,4,completed,1
35217,Rigid,2529178,2529178,2529277,0,99,99,completed,2
35218,Rigid,2529178,2529178,2529182,0,4,4,completed,1
35219,Rigid,2529179,2529181,2529196,2,15,17,completed,2
35220,Rigid,2529179,2529181,2529196,2,15,17,completed,2
35221,Rigid,2529180,2529181,2529286,1,105,106,completed,2
35222,Rigid,2529180,2529181,2529185,1,4,5,completed,1
35223,Rigid,2529180,2529181,2529271,1,90,91,completed,2
35224,Rigid,2529180,2529181,2529185,1,4,5,completed,1
35225,Rigid,2529182,2529182,2529197,0,15,15,completed,2
35226,Rigid,2529183,2529183,2529272,0,89,89,completed,2
35227,Rigid,2529183,2529183,2529197,0,14,14,completed,2
35228,Rigid,2529183,2529183,2529187,0,4,4,completed,1
35229,Rigid,2529183,2529183,2529197,0,14,14,completed,2
35230,Rigid,2529183,2529184,2529188,1,4,5,completed,1
35231,Rigid,2529183,2529184,2529198,1,14,15,completed,2
35232,Rigid,2529183,2529184,2529261,1,77,78,completed,2
35233,Rigid,2529183,2529184,2529261,1,77,78,completed,2
35234,Rigid,2529183,2529184,2529188,1,4,5,completed,1
35235,Rigid,2529184,2529185,2529190,1,5,6,completed,1
35236,Rigid,2529184,2529185,2529273,1,88,89,completed,2
35237,Rigid,2529184,2529185,2529198,1,13,14,completed,2
35238,Rigid,2529185,2529186,2529198,1,12,13,completed,2
35239,Rigid,2529185,2529186,2529261,1,75,76,completed,2
35240,Rigid,2529194,2529195,2529199,1,4,5,completed,1
35241,Rigid,2529195,2529195,2529199,0,4,4,completed,1
35242,Rigid,2529195,2529195,2529279,0,84,84,completed,2
35243,Rigid,2529195,2529195,2529210,0,15,15,completed,2
35244,Rigid,2529195,2529195,2529210,0,15,15,completed,2
35245,Rigid,2529195,2529197,2529276,2,79,81,completed,2
35246,Rigid,2529195,2529197,2529201,2,4,6,completed,1
35247,Rigid,2529195,2529197,2529201,2,4,6,completed,1
35248,Rigid,2529196,2529197,2529276,1,79,80,completed,2
35249,Rigid,2529196,2529197,2529210,1,13,14,completed,2
35250,Rigid,2529196,2529197,2529201,1,4,5,completed,1
35251,Rigid,2529196,2529197,2529210,1,13,14,completed,2
35252,Rigid,2529196,2529197,2529210,1,13,14,completed,2
35253,Rigid,2529196,2529197,2529272,1,75,76,completed,2
35254,Rigid,2529197,2529197,2529272,0,75,75,completed,2
35255,Rigid,2529197,2529197,2529272,0,75,75,completed,2
35256,Rigid,2529197,2529197,2529201,0,4,4,completed,1
35257,Rigid,2529197,2529197,2529201,0,4,4,completed,1
35258,Rigid,2529197,2529197,2529210,0,13,13,completed,2
35259,Rigid,2529197,2529197,2529201,0,4,4,completed,1
35260,Rigid,2529197,2529197,2529210,0,13,13,completed,2
35261,Rigid,2529198,2529198,2529289,0,91,91,completed,2
35262,Rigid,2529198,2529198,2529217,0,19,19,completed,2
35263,Rigid,2529198,2529198,2529289,0,91,91,completed,2
35264,Rigid,2529198,2529198,2529289,0,91,91,completed,2
35265,Rigid,2529198,2529198,2529202,0,4,4,completed,1
35266,Rigid,2529198,2529198,2529217,0,19,19,completed,2
35267,Rigid,2529198,2529198,2529210,0,12,12,completed,2
35268,Rigid,2529199,2529199,2529203,0,4,4,completed,1
35269,Rigid,2529200,2529201,2529213,1,12,13,completed,2
35270,Rigid,2529200,2529201,2529205,1,4,5,completed,1
35271,Rigid,2529200,2529201,2529272,1,71,72,completed,2
35272,Rigid,2529202,2529203,2529218,1,15,16,completed,2
35273,Rigid,2529202,2529203,2529218,1,15,16,completed,2
35274,Rigid,2529203,2529203,2529207,0,4,4,completed,1
35275,Rigid,2529203,2529203,2529276,0,73,73,completed,2
35276,Rigid,2529203,2529203,2529276,0,73,73,completed,2
35277,Rigid,2529203,2529204,2529216,1,12,13,completed,2
35278,Rigid,2529203,2529204,2529207,1,3,4,completed,1
35279,Rigid,2529203,2529204,2529281,1,77,78,completed,2
35280,Rigid,2529203,2529204,2529207,1,3,4,completed,1
35281,Rigid,2529203,2529204,2529221,1,17,18,completed,2
35282,Rigid,2529203,2529204,2529221,1,17,18,completed,2
35283,Rigid,2529203,2529204,2529207,1,3,4,completed,1
35284,Rigid,2529204,2529204,2529295,0,91,91,completed,2
35285,Rigid,2529204,2529204,2529281,0,77,77,completed,2
35286,Rigid,2529204,2529204,2529208,0,4,4,completed,1
35287,Rigid,2529204,2529204,2529208,0,4,4,completed,1
35288,Rigid,2529204,2529206,2529219,2,13,15,completed,2
35289,Rigid,2529215,2529215,2529287,0,72,72,completed,2
35290,Rigid,2529215,2529216,2529229,1,13,14,completed,2
35291,Rigid,2529215,2529216,2529229,1,13,14,completed,2
35292,Rigid,2529215,2529216,2529229,1,13,14,completed,2
35293,Rigid,2529215,2529216,2529220,1,4,5,completed,1
35294,Rigid,2529215,2529216,2529288,1,72,73,completed,2
35295,Rigid,2529215,2529216,2529220,1,4,5,completed,1
35296,Rigid,2529216,2529216,2529288,0,72,72,completed,2
35297,Rigid,2529216,2529216,2529220,0,4,4,completed,1
35298,Rigid,2529216,2529216,2529231,0,15,15,completed,2
35299,Rigid,2529216,2529218,2529231,2,13,15,completed,2
35300,Rigid,2529216,2529218,2529287,2,69,71,completed,2
35301,Rigid,2529216,2529218,2529221,2,3,5,completed,1
35302,Rigid,2529216,2529218,2529230,2,12,14,completed,2
35303,Rigid,2529217,2529218,2529274,1,56,57,completed,2
35304,Rigid,2529217,2529218,2529230,1,12,13,completed,2
35305,Rigid,2529217,2529218,2529230,1,12,13,completed,2
35306,Rigid,2529217,2529218,2529274,1,56,57,completed,2
35307,Rigid,2529217,2529218,2529221,1,3,4,completed,1
35308,Rigid,2529218,2529219,2529230,1,11,12,completed,2
35309,Rigid,2529218,2529219,2529222,1,3,4,completed,1
35310,Rigid,2529218,2529219,2529273,1,54,55,completed,2
35311,Rigid,2529218,2529219,2529230,1,11,12,completed,2
35312,Rigid,2529218,2529219,2529230,1,11,12,completed,2
35313,Rigid,2529218,2529219,2529257,1,38,39,completed,2
35314,Rigid,2529219,2529219,2529220,0,1,1,completed,1
35315,Rigid,2529219,2529219,2529245,0,26,26,completed,2
35316,Rigid,2529223,2529223,2529227,0,4,4,completed,1
35317,Rigid,2529223,2529229,2529288,6,59,65,completed,2
35318,Rigid,2529223,2529229,2529248,6,19,25,completed,2
35319,Rigid,2530339,2530340,2534801,1,4461,4462,completed,144
35320,Rigid,2531056,2531057,2531319,1,262,263,completed,36
35321,Rigid,2531250,2531250,2531335,0,85,85,completed,6
35322,Rigid,2531341,2531341,2531346,0,5,5,completed,1
35323,Rigid,2531534,2531534,2532170,0,636,636,completed,144
35324,Rigid,2531551,2531551,2532170,0,619,619,completed,144
35325,Rigid,2531569,2531570,2532183,1,613,614,completed,144
35326,Rigid,2531612,2531612,2532231,0,619,619,completed,144
35327,Rigid,2532869,2532870,2540463,1,7593,7594,completed,144
35328,Rigid,2533694,2533694,2533866,0,172,172,completed,1
35329,Rigid,2533694,2533694,2533866,0,172,172,completed,1
35330,Rigid,2533694,2533694,2533863,0,169,169,completed,1
35331,Rigid,2533694,2533694,2533866,0,172,172,completed,1
35332,Rigid,2533694,2533694,2533835,0,141,141,completed,1
35333,Rigid,2533694,2533694,2533841,0,147,147,completed,1
35334,Rigid,2533694,2533694,2533829,0,135,135,completed,1
35335,Rigid,2533694,2533694,2533835,0,141,141,completed,1
35336,Rigid,2533694,2533694,2533948,0,254,254,completed,1
35337,Rigid,2533694,2533694,2533957,0,263,263,completed,1
35338,Rigid,2533694,2533695,2533943,1,248,249,completed,1
35339,Rigid,2533694,2533695,2533955,1,260,261,completed,1
35340,Rigid,2533694,2533695,2533901,1,206,207,completed,1
35341,Rigid,2533694,2533695,2533909,1,214,215,completed,1
35342,Rigid,2533694,2533695,2533896,1,201,202,completed,1
35343,Rigid,2533694,2533695,2533896,1,201,202,completed,1
35344,Rigid,2533694,2533695,2533710,1,15,16,completed,1
35345,Rigid,2533694,2533695,2533707,1,12,13,completed,1
35346,Rigid,2533694,2533695,2533710,1,15,16,completed,1
35347,Rigid,2533694,2533695,2533707,1,12,13,completed,1
35348,Rigid,2533694,2533695,2533922,1,227,228,completed,1
35349,Rigid,2533694,2533695,2533932,1,237,238,completed,1
35350,Rigid,2533694,2533695,2533913,1,218,219,completed,1
35351,Rigid,2533694,2533695,2533913,1,218,219,completed,1
35352,Rigid,2533694,2533695,2533985,1,290,291,completed,1
35353,Rigid,2533694,2533695,2533999,1,304,305,completed,1
35354,Rigid,2533694,2533695,2533970,1,275,276,completed,1
35355,Rigid,2533694,2533695,2533988,1,293,294,completed,1
35356,Rigid,2533694,2533695,2533860,1,165,166,completed,1
35357,Rigid,2533694,2533695,2533863,1,168,169,completed,1
35358,Rigid,2533694,2533695,2533869,1,174,175,completed,1
35359,Rigid,2533694,2533695,2533880,1,185,186,completed,1
35360,Rigid,2533694,2533695,2533903,1,208,209,completed,1
35361,Rigid,2533694,2533695,2533915,1,220,221,completed,1
35362,Rigid,2533694,2533695,2533942,1,247,248,completed,1
35363,Rigid,2533694,2533695,2533958,1,263,264,completed,1
35364,Rigid,2533694,2533695,2533923,1,228,229,completed,1
35365,Rigid,2533694,2533695,2533939,1,244,245,completed,1
35366,Rigid,2533694,2533695,2533907,1,212,213,completed,1
35367,Rigid,2533694,2533695,2533915,1,220,221,completed,1
35368,Rigid,2533694,2533695,2533993,1,298,299,completed,1
35369,Rigid,2533694,2533695,2534006,1,311,312,completed,1
35370,Rigid,2533694,2533695,2533989,1,294,295,completed,1
35371,Rigid,2533694,2533695,2534009,1,314,315,completed,1
35372,Rigid,2533694,2533695,2533959,1,264,265,completed,1
35373,Rigid,2533694,2533695,2533970,1,275,276,completed,1
35374,Rigid,2533694,2533695,2533959,1,264,265,completed,1
35375,Rigid,2533694,2533695,2533972,1,277,278,completed,1
35376,Rigid,2533864,2533864,2533963,0,99,99,completed,1
35377,Rigid,2534473,2534473,2544439,0,9966,9966,completed,288
35378,Rigid,2539791,2539791,2539890,0,99,99,completed,36
35379,Rigid,2539801,2539802,2539895,1,93,94,completed,36
35380,Rigid,2539812,2539812,2539891,0,79,79,completed,36
35381,Rigid,2539822,2539822,2539913,0,91,91,completed,36
35382,Rigid,2539832,2539833,2539904,1,71,72,completed,36
35383,Rigid,2539842,2539843,2539928,1,85,86,completed,36
35384,Rigid,2539852,2539853,2539938,1,85,86,completed,36
35385,Rigid,2539863,2539863,2539950,0,87,87,completed,36
35386,Rigid,2539873,2539874,2539970,1,96,97,completed,36
35387,Rigid,2539883,2539884,2539972,1,88,89,completed,36
35388,Rigid,2539893,2539894,2539973,1,79,80,completed,36
35389,Rigid,2539903,2539904,2539970,1,66,67,completed,36
35390,Rigid,2539985,2539986,2540059,1,73,74,completed,36
35391,Rigid,2539996,2539997,2540090,1,93,94,completed,36
35392,Rigid,2540006,2540007,2540078,1,71,72,completed,36
35393,Rigid,2540016,2540027,2540094,11,67,78,completed,36
35394,Rigid,2540026,2540027,2540115,1,88,89,completed,36
35395,Rigid,2540036,2540037,2540125,1,88,89,completed,36
35396,Rigid,2540046,2540047,2540103,1,56,57,completed,36
35397,Rigid,2540585,2540586,2574161,1,33575,33576,completed,36
35398,Rigid,2540595,2540596,2570669,1,30073,30074,completed,36
35399,Rigid,2540605,2540606,2572952,1,32346,32347,completed,36
35400,Rigid,2540615,2540616,2571568,1,30952,30953,completed,36
35401,Rigid,2540625,2540626,2574454,1,33828,33829,completed,36
35402,Rigid,2540635,2540636,2572248,1,31612,31613,completed,36
35403,Rigid,2540645,2540646,2574407,1,33761,33762,completed,36
35404,Rigid,2540792,2540792,2540900,0,108,108,completed,36
35405,Rigid,2540802,2540802,2540890,0,88,88,completed,36
35406,Rigid,2540812,2540812,2540909,0,97,97,completed,36
35407,Rigid,2540822,2540822,2573085,0,32263,32263,completed,36
35408,Rigid,2540832,2540833,2573307,1,32474,32475,completed,36
35409,Rigid,2540843,2540843,2571662,0,30819,30819,completed,36
35410,Rigid,2540853,2540853,2575157,0,34304,34304,completed,36
35411,Rigid,2540863,2540863,2571321,0,30458,30458,completed,36
35412,Rigid,2540873,2540873,2570798,0,29925,29925,completed,36
35413,Rigid,2540883,2540883,2573228,0,32345,32345,completed,36
35414,Rigid,2540894,2540894,2572117,0,31223,31223,completed,36
35415,Rigid,2540904,2540905,2574219,1,33314,33315,completed,36
35416,Rigid,2540914,2540915,2571068,1,30153,30154,completed,36
35417,Rigid,2540924,2540925,2574165,1,33240,33241,completed,36
35418,Rigid,2545915,2545915,2560335,0,14420,14420,completed,396
35419,Rigid,2545922,2545923,2560335,1,14412,14413,completed,396
35420,Rigid,2545927,2545928,2560335,1,14407,14408,completed,396
35421,Rigid,2545934,2545934,2560335,0,14401,14401,completed,396
35422,Rigid,2551052,2551052,2561523,0,10471,10471,completed,36
35423,Rigid,2551298,2551298,2551504,0,206,206,completed,36
35424,Rigid,2553058,2553059,2553520,1,461,462,completed,36
35425,Rigid,2555848,2555849,2595695,1,39846,39847,completed,72
35426,Rigid,2555853,2555854,2596434,1,40580,40581,completed,72
35427,Rigid,2560245,2560245,2560491,0,246,246,completed,36
35428,Rigid,2560255,2560255,2560499,0,244,244,completed,36
35429,Rigid,2560265,2560266,2560505,1,239,240,completed,36
35430,Rigid,2560276,2560277,2560514,1,237,238,completed,36
35431,Rigid,2560434,2560435,2560522,1,87,88,completed,36
35432,Rigid,2560444,2560445,2560528,1,83,84,completed,36
35433,Rigid,2560455,2560455,2560535,0,80,80,completed,36
35434,Rigid,2560548,2560549,2560644,1,95,96,completed,36
35435,Rigid,2560559,2560559,2560649,0,90,90,completed,36
35436,Rigid,2560569,2560569,2560640,0,71,71,completed,36
35437,Rigid,2560579,2560579,2593865,0,33286,33286,completed,36
35438,Rigid,2560589,2560589,2595085,0,34496,34496,completed,36
35439,Rigid,2560599,2560599,2560668,0,69,69,completed,36
35440,Rigid,2560609,2560610,2597411,1,36801,36802,completed,36
35441,Rigid,2560620,2560620,2594033,0,33413,33413,completed,36
35442,Rigid,2560630,2560632,2594752,2,34120,34122,completed,36
35443,Rigid,2560640,2560640,2594475,0,33835,33835,completed,36
35444,Rigid,2560650,2560650,2593320,0,32670,32670,completed,36
35445,Rigid,2560660,2560660,2594102,0,33442,33442,completed,36
35446,Rigid,2560670,2560670,2560767,0,97,97,completed,36
35447,Rigid,2561378,2561378,2561464,0,86,86,completed,36
35448,Rigid,2561388,2561388,2561482,0,94,94,completed,36
35449,Rigid,2561398,2561398,2561491,0,93,93,completed,36
35450,Rigid,2561408,2561409,2561499,1,90,91,completed,36
35451,Rigid,2561418,2561419,2561507,1,88,89,completed,36
35452,Rigid,2561428,2561429,2561516,1,87,88,completed,36
35453,Rigid,2561439,2561439,2561524,0,85,85,completed,36
35454,Rigid,2561673,2561674,2593186,1,31512,31513,completed,36
35455,Rigid,2561683,2561684,2594781,1,33097,33098,completed,36
35456,Rigid,2561694,2561694,2595829,0,34135,34135,completed,36
35457,Rigid,2561704,2561705,2594757,1,33052,33053,completed,36
35458,Rigid,2561714,2561715,2561794,1,79,80,completed,36
35459,Rigid,2584995,2584995,2585005,0,10,10,completed,72
35460,Rigid,2585058,2585059,2585069,1,10,11,completed,72
35461,Rigid,2585185,2585186,2585196,1,10,11,completed,72
35462,Rigid,2585485,2585485,2585499,0,14,14,completed,72
35463,Rigid,2585776,2585777,2585789,1,12,13,completed,72
35464,Rigid,2585933,2585933,2585940,0,7,7,completed,72
35465,Rigid,2586471,2586472,2586669,1,197,198,completed,36
35466,Rigid,2587909,2587910,2588217,1,307,308,completed,36
35467,Rigid,2588061,2588061,2588119,0,58,58,completed,36
35468,Rigid,2588473,2588473,2589607,0,1134,1134,completed,36
35469,Rigid,2588802,2588803,2589127,1,324,325,completed,36
35470,Rigid,2589055,2589056,2589322,1,266,267,completed,288
35471,Rigid,2589410,2589410,2589419,0,9,9,completed,1
35472,Rigid,2589410,2589436,2589440,26,4,30,completed,1
35473,Rigid,2589410,2644992,2644996,55582,4,55586,completed,1
35474,Rigid,2589458,2589458,2599319,0,9861,9861,completed,288
35475,Rigid,2589523,2589524,2589527,1,3,4,completed,1
35476,Rigid,2589524,2589538,2589542,14,4,18,completed,1
35477,Rigid,2589524,2645068,2645072,55544,4,55548,completed,1
35478,Rigid,2589648,2589649,2589657,1,8,9,completed,1
35479,Rigid,2589648,2589669,2589673,21,4,25,completed,1
35480,Rigid,2589649,2648493,2648503,58844,10,58854,completed,1
35481,Rigid,2590369,2590370,2591507,1,1137,1138,completed,144
35482,Rigid,2590557,2590557,2936018,0,345461,345461,completed,36
35483,Rigid,2590677,2590678,2905509,1,314831,314832,completed,36
35484,Rigid,2590721,2590721,2906043,0,315322,315322,completed,36
35485,Rigid,2590799,2590799,2590847,0,48,48,completed,36
35486,Rigid,2590815,2590815,2900168,0,309353,309353,completed,36
35487,Rigid,2590850,2590851,2597175,1,6324,6325,completed,36
35488,Rigid,2591027,2591028,2591032,1,4,5,completed,36
35489,Rigid,2592321,2592322,2592331,1,9,10,completed,1
35490,Rigid,2592321,2592346,2592351,25,5,30,completed,1
35491,Rigid,2592321,2650207,2650212,57886,5,57891,completed,1
35492,Rigid,2592401,2592401,2592436,0,35,35,completed,1
35493,Rigid,2592429,2592429,2592435,0,6,6,completed,72
35494,Rigid,2592560,2592561,2593665,1,1104,1105,completed,144
35495,Rigid,2592560,2592561,2593654,1,1093,1094,completed,144
35496,Rigid,2592560,2592561,2593653,1,1092,1093,completed,144
35497,Rigid,2592560,2592561,2593659,1,1098,1099,completed,144
35498,Rigid,2592560,2592561,2593654,1,1093,1094,completed,144
35499,Rigid,2592560,2592561,2593654,1,1093,1094,completed,144
35500,Rigid,2592561,2592561,2593669,0,1108,1108,completed,144
35501,Rigid,2592561,2592565,2593667,4,1102,1106,completed,144
35502,Rigid,2592561,2592565,2593654,4,1089,1093,completed,144
35503,Rigid,2592561,2592565,2593656,4,1091,1095,completed,144
35504,Rigid,2592561,2592565,2593664,4,1099,1103,completed,144
35505,Rigid,2592561,2592565,2593663,4,1098,1102,completed,144
35506,Rigid,2592561,2592565,2593654,4,1089,1093,completed,144
35507,Rigid,2592561,2592565,2593668,4,1103,1107,completed,144
35508,Rigid,2592561,2592565,2593661,4,1096,1100,completed,144
35509,Rigid,2592561,2592565,2593669,4,1104,1108,completed,144
35510,Rigid,2592665,2592665,2592690,0,25,25,completed,1
35511,Rigid,2592948,2592949,2592970,1,21,22,completed,1
35512,Rigid,2593214,2593215,2600901,1,7686,7687,completed,288
35513,Rigid,2593231,2593232,2600764,1,7532,7533,completed,288
35514,Rigid,2593241,2593242,2600667,1,7425,7426,completed,288
35515,Rigid,2593253,2593254,2600841,1,7587,7588,completed,288
35516,Rigid,2593445,2593446,2593927,1,481,482,completed,1
35517,Rigid,2593445,2593446,2601297,1,7851,7852,completed,1
35518,Rigid,2593445,2593446,2596391,1,2945,2946,completed,1
35519,Rigid,2593446,2593446,2595026,0,1580,1580,completed,12
35520,Rigid,2593446,2593446,2593904,0,458,458,completed,1
35521,Rigid,2593446,2593446,2593916,0,470,470,completed,1
35522,Rigid,2593733,2593734,2864118,1,270384,270385,completed,1
35523,Rigid,2594254,2594255,2594706,1,451,452,completed,36
35524,Rigid,2594255,2594255,2594710,0,455,455,completed,36
35525,Rigid,2594255,2594255,2594710,0,455,455,completed,36
35526,Rigid,2594256,2594259,2594712,3,453,456,completed,36
35527,Rigid,2594256,2594259,2594713,3,454,457,completed,36
35528,Rigid,2594257,2594259,2594710,2,451,453,completed,36
35529,Rigid,2594257,2594259,2594712,2,453,455,completed,36
35530,Rigid,2594257,2594259,2594712,2,453,455,completed,36
35531,Rigid,2594258,2594259,2594710,1,451,452,completed,36
35532,Rigid,2594258,2594259,2594711,1,452,453,completed,36
35533,Rigid,2594259,2594259,2594711,0,452,452,completed,36
35534,Rigid,2594259,2594259,2594712,0,453,453,completed,36
35535,Rigid,2594259,2594263,2594715,4,452,456,completed,36
35536,Rigid,2594260,2594263,2594718,3,455,458,completed,36
35537,Rigid,2594260,2594263,2594715,3,452,455,completed,36
35538,Rigid,2594261,2594263,2594715,2,452,454,completed,36
35539,Rigid,2595031,2595032,2595061,1,29,30,completed,12
35540,Rigid,2595031,2595032,2595061,1,29,30,completed,12
35541,Rigid,2595031,2595032,2595060,1,28,29,completed,12
35542,Rigid,2595069,2595069,2595073,0,4,4,completed,1
35543,Rigid,2595069,2595069,2595073,0,4,4,completed,1
35544,Rigid,2595079,2595079,2595083,0,4,4,completed,1
35545,Rigid,2595234,2595234,2595966,0,732,732,completed,36
35546,Rigid,2595287,2595288,2596370,1,1082,1083,completed,36
35547,Rigid,2595303,2595304,2595453,1,149,150,completed,36
35548,Rigid,2595318,2595319,2596090,1,771,772,completed,36
35549,Rigid,2595630,2595631,2597105,1,1474,1475,completed,36
35550,Rigid,2596054,2596055,2596064,1,9,10,completed,1
35551,Rigid,2596055,2596081,2596086,26,5,31,completed,1
35552,Rigid,2596055,2643458,2643468,47403,10,47413,completed,1
35553,Rigid,2596084,2596085,2596088,1,3,4,completed,36
35554,Rigid,2596150,2596153,2596467,3,314,317,completed,36
35555,Rigid,2596180,2596181,2596820,1,639,640,completed,36
35556,Rigid,2596401,2596401,2597020,0,619,619,completed,6
35557,Rigid,2597690,2597690,2614161,0,16471,16471,completed,36
35558,Rigid,2597696,2597696,2600179,0,2483,2483,completed,144
35559,Rigid,2598477,2598477,2600283,0,1806,1806,completed,36
35560,Rigid,2598537,2598537,2598539,0,2,2,completed,1
35561,Rigid,2598581,2598581,2598840,0,259,259,completed,1
35562,Rigid,2599264,2599265,2599348,1,83,84,completed,1
35563,Rigid,2599352,2599352,2599972,0,620,620,completed,1
35564,Rigid,2599462,2599462,2607091,0,7629,7629,completed,288
35565,Rigid,2600027,2600027,2601696,0,1669,1669,completed,1
35566,Rigid,2600378,2600378,2600387,0,9,9,completed,1
35567,Rigid,2600792,2600793,2608487,1,7694,7695,completed,288
35568,Rigid,2600803,2600804,2608415,1,7611,7612,completed,288
35569,Rigid,2600862,2600863,2608415,1,7552,7553,completed,288
35570,Rigid,2600911,2600911,2608515,0,7604,7604,completed,288
35571,Rigid,2601301,2601301,2601446,0,145,145,completed,6
35572,Rigid,2601451,2601452,2601455,1,3,4,completed,1
35573,Rigid,2601462,2601462,2601532,0,70,70,completed,1
35574,Rigid,2601462,2601466,2601471,4,5,9,completed,1
35575,Rigid,2601621,2601622,2604693,1,3071,3072,completed,36
35576,Rigid,2601687,2601687,2601697,0,10,10,completed,1
35577,Rigid,2601687,2601714,2601719,27,5,32,completed,1
35578,Rigid,2601688,2655157,2655167,53469,10,53479,completed,1
35579,Rigid,2601965,2601966,2604317,1,2351,2352,completed,144
35580,Rigid,2602709,2602710,2837093,1,234383,234384,completed,36
35581,Rigid,2602709,2602710,2812749,1,210039,210040,completed,36
35582,Rigid,2602709,2602710,2858061,1,255351,255352,completed,36
35583,Rigid,2602709,2602710,2809217,1,206507,206508,completed,36
35584,Rigid,2602709,2602710,2839663,1,236953,236954,completed,36
35585,Rigid,2603160,2603161,2603489,1,328,329,completed,1080
35586,Rigid,2603452,2603453,2605321,1,1868,1869,completed,36
35587,Rigid,2604833,2604834,2605120,1,286,287,completed,36
35588,Rigid,2605520,2605520,2864741,0,259221,259221,completed,1
35589,Rigid,2605520,2605520,2864741,0,259221,259221,completed,1
35590,Rigid,2605520,2605520,2864741,0,259221,259221,completed,1
35591,Rigid,2605520,2605520,2864741,0,259221,259221,completed,1
35592,Rigid,2605520,2605520,2864741,0,259221,259221,completed,1
35593,Rigid,2605520,2605520,2864741,0,259221,259221,completed,1
35594,Rigid,2605520,2605520,2864741,0,259221,259221,completed,1
35595,Rigid,2605520,2605520,2864741,0,259221,259221,completed,1
35596,Rigid,2605520,2605520,2864741,0,259221,259221,completed,1
35597,Rigid,2605520,2605520,2864741,0,259221,259221,completed,1
35598,Rigid,2605520,2605520,2864741,0,259221,259221,completed,1
35599,Rigid,2605520,2605520,2864741,0,259221,259221,completed,1
35600,Rigid,2605520,2605520,2864741,0,259221,259221,completed,1
35601,Rigid,2605520,2605520,2864741,0,259221,259221,completed,1
35602,Rigid,2605520,2605520,2864741,0,259221,259221,completed,1
35603,Rigid,2605520,2605521,2864741,1,259220,259221,completed,1
35604,Rigid,2605520,2605521,2864741,1,259220,259221,completed,1
35605,Rigid,2605520,2605521,2864741,1,259220,259221,completed,1
35606,Rigid,2605520,2605521,2864741,1,259220,259221,completed,1
35607,Rigid,2605520,2605521,2864741,1,259220,259221,completed,1
35608,Rigid,2605520,2605521,2864741,1,259220,259221,completed,1
35609,Rigid,2605520,2605521,2864741,1,259220,259221,completed,1
35610,Rigid,2605520,2605521,2864741,1,259220,259221,completed,1
35611,Rigid,2605520,2605521,2864741,1,259220,259221,completed,1
35612,Rigid,2605520,2605521,2864741,1,259220,259221,completed,1
35613,Rigid,2605520,2605521,2864741,1,259220,259221,completed,1
35614,Rigid,2605520,2605521,2864741,1,259220,259221,completed,1
35615,Rigid,2605520,2605521,2864741,1,259220,259221,completed,1
35616,Rigid,2605520,2605521,2864741,1,259220,259221,completed,1
35617,Rigid,2605520,2605521,2864741,1,259220,259221,completed,1
35618,Rigid,2605520,2605521,2864741,1,259220,259221,completed,1
35619,Rigid,2605520,2605521,2864741,1,259220,259221,completed,1
35620,Rigid,2605520,2605521,2864741,1,259220,259221,completed,1
35621,Rigid,2605520,2605521,2864741,1,259220,259221,completed,1
35622,Rigid,2605520,2605521,2864741,1,259220,259221,completed,1
35623,Rigid,2605520,2605521,2864741,1,259220,259221,completed,1
35624,Rigid,2605520,2605521,2864741,1,259220,259221,completed,1
35625,Rigid,2605520,2605521,2864741,1,259220,259221,completed,1
35626,Rigid,2605520,2605521,2864741,1,259220,259221,completed,1
35627,Rigid,2605520,2605521,2864741,1,259220,259221,completed,1
35628,Rigid,2605520,2605521,2864741,1,259220,259221,completed,1
35629,Rigid,2605520,2605521,2864741,1,259220,259221,completed,1
35630,Rigid,2605520,2605521,2864741,1,259220,259221,completed,1
35631,Rigid,2605520,2605521,2864741,1,259220,259221,completed,1
35632,Rigid,2605520,2605521,2864741,1,259220,259221,completed,1
35633,Rigid,2605520,2605521,2864741,1,259220,259221,completed,1
35634,Rigid,2605520,2605521,2864741,1,259220,259221,completed,1
35635,Rigid,2605520,2605521,2864741,1,259220,259221,completed,1
35636,Rigid,2605520,2605521,2864741,1,259220,259221,completed,1
35637,Rigid,2605520,2605521,2864741,1,259220,259221,completed,1
35638,Rigid,2605527,2605527,2864741,0,259214,259214,completed,1
35639,Rigid,2605527,2605527,2864741,0,259214,259214,completed,1
35640,Rigid,2605527,2605527,2864741,0,259214,259214,completed,1
35641,Rigid,2605527,2605527,2864741,0,259214,259214,completed,1
35642,Rigid,2605527,2605527,2864741,0,259214,259214,completed,1
35643,Rigid,2605527,2605527,2864741,0,259214,259214,completed,1
35644,Rigid,2605527,2605527,2864741,0,259214,259214,completed,1
35645,Rigid,2605527,2605527,2864741,0,259214,259214,completed,1
35646,Rigid,2605527,2605527,2864741,0,259214,259214,completed,1
35647,Rigid,2605527,2605527,2864741,0,259214,259214,completed,1
35648,Rigid,2605527,2605527,2864741,0,259214,259214,completed,1
35649,Rigid,2605527,2605527,2864741,0,259214,259214,completed,1
35650,Rigid,2605527,2605527,2864741,0,259214,259214,completed,1
35651,Rigid,2605527,2605527,2864741,0,259214,259214,completed,1
35652,Rigid,2605527,2605527,2864741,0,259214,259214,completed,1
35653,Rigid,2605527,2605527,2864741,0,259214,259214,completed,1
35654,Rigid,2605527,2605528,2864741,1,259213,259214,completed,1
35655,Rigid,2605527,2605528,2864741,1,259213,259214,completed,1
35656,Rigid,2605527,2605528,2864741,1,259213,259214,completed,1
35657,Rigid,2605527,2605528,2864741,1,259213,259214,completed,1
35658,Rigid,2605527,2605528,2864741,1,259213,259214,completed,1
35659,Rigid,2605527,2605528,2864741,1,259213,259214,completed,1
35660,Rigid,2605527,2605528,2864741,1,259213,259214,completed,1
35661,Rigid,2605527,2605528,2864741,1,259213,259214,completed,1
35662,Rigid,2605527,2605528,2864741,1,259213,259214,completed,1
35663,Rigid,2605527,2605528,2864741,1,259213,259214,completed,1
35664,Rigid,2605527,2605528,2864741,1,259213,259214,completed,1
35665,Rigid,2605527,2605528,2864741,1,259213,259214,completed,1
35666,Rigid,2605527,2605528,2864741,1,259213,259214,completed,1
35667,Rigid,2605527,2605528,2864741,1,259213,259214,completed,1
35668,Rigid,2605527,2605528,2864741,1,259213,259214,completed,1
35669,Rigid,2605527,2605528,2864741,1,259213,259214,completed,1
35670,Rigid,2605527,2605528,2864741,1,259213,259214,completed,1
35671,Rigid,2605527,2605528,2864741,1,259213,259214,completed,1
35672,Rigid,2605527,2605528,2864741,1,259213,259214,completed,1
35673,Rigid,2605527,2605528,2864741,1,259213,259214,completed,1
35674,Rigid,2605527,2605528,2864741,1,259213,259214,completed,1
35675,Rigid,2605527,2605528,2864741,1,259213,259214,completed,1
35676,Rigid,2605527,2605528,2864741,1,259213,259214,completed,1
35677,Rigid,2605527,2605528,2864741,1,259213,259214,completed,1
35678,Rigid,2605527,2605528,2864741,1,259213,259214,completed,1
35679,Rigid,2605527,2605528,2864741,1,259213,259214,completed,1
35680,Rigid,2605527,2605528,2864741,1,259213,259214,completed,1
35681,Rigid,2605527,2605528,2864741,1,259213,259214,completed,1
35682,Rigid,2605527,2605528,2864741,1,259213,259214,completed,1
35683,Rigid,2605527,2605528,2864741,1,259213,259214,completed,1
35684,Rigid,2605527,2605528,2864741,1,259213,259214,completed,1
35685,Rigid,2605527,2605528,2864741,1,259213,259214,completed,1
35686,Rigid,2605527,2605528,2864741,1,259213,259214,completed,1
35687,Rigid,2605527,2605528,2864741,1,259213,259214,completed,1
35688,Rigid,2605533,2605533,2864741,0,259208,259208,completed,1
35689,Rigid,2605533,2605533,2864741,0,259208,259208,completed,1
35690,Rigid,2605533,2605533,2864741,0,259208,259208,completed,1
35691,Rigid,2605533,2605533,2864741,0,259208,259208,completed,1
35692,Rigid,2605533,2605533,2864741,0,259208,259208,completed,1
35693,Rigid,2605533,2605534,2864741,1,259207,259208,completed,1
35694,Rigid,2605533,2605534,2864741,1,259207,259208,completed,1
35695,Rigid,2605533,2605534,2864741,1,259207,259208,completed,1
35696,Rigid,2605533,2605534,2864741,1,259207,259208,completed,1
35697,Rigid,2605533,2605534,2864741,1,259207,259208,completed,1
35698,Rigid,2605533,2605534,2864741,1,259207,259208,completed,1
35699,Rigid,2605533,2605534,2864741,1,259207,259208,completed,1
35700,Rigid,2605533,2605534,2864741,1,259207,259208,completed,1
35701,Rigid,2605533,2605534,2864741,1,259207,259208,completed,1
35702,Rigid,2605533,2605534,2864741,1,259207,259208,completed,1
35703,Rigid,2605533,2605534,2864741,1,259207,259208,completed,1
35704,Rigid,2605533,2605534,2864741,1,259207,259208,completed,1
35705,Rigid,2605533,2605534,2864741,1,259207,259208,completed,1
35706,Rigid,2605533,2605534,2864741,1,259207,259208,completed,1
35707,Rigid,2605533,2605534,2864741,1,259207,259208,completed,1
35708,Rigid,2605533,2605534,2864741,1,259207,259208,completed,1
35709,Rigid,2605533,2605534,2864741,1,259207,259208,completed,1
35710,Rigid,2605533,2605534,2864741,1,259207,259208,completed,1
35711,Rigid,2605533,2605534,2864741,1,259207,259208,completed,1
35712,Rigid,2605533,2605534,2864741,1,259207,259208,completed,1
35713,Rigid,2605533,2605534,2864741,1,259207,259208,completed,1
35714,Rigid,2605533,2605534,2864741,1,259207,259208,completed,1
35715,Rigid,2605533,2605534,2864741,1,259207,259208,completed,1
35716,Rigid,2605533,2605534,2864741,1,259207,259208,completed,1
35717,Rigid,2605533,2605534,2864741,1,259207,259208,completed,1
35718,Rigid,2605533,2605534,2864741,1,259207,259208,completed,1
35719,Rigid,2605533,2605534,2864741,1,259207,259208,completed,1
35720,Rigid,2605533,2605534,2864741,1,259207,259208,completed,1
35721,Rigid,2605533,2605534,2864741,1,259207,259208,completed,1
35722,Rigid,2605533,2605534,2864741,1,259207,259208,completed,1
35723,Rigid,2605533,2605534,2864741,1,259207,259208,completed,1
35724,Rigid,2605533,2605534,2864741,1,259207,259208,completed,1
35725,Rigid,2605533,2605534,2864741,1,259207,259208,completed,1
35726,Rigid,2605533,2605534,2864741,1,259207,259208,completed,1
35727,Rigid,2605533,2605534,2864741,1,259207,259208,completed,1
35728,Rigid,2605533,2605534,2864741,1,259207,259208,completed,1
35729,Rigid,2605533,2605534,2864741,1,259207,259208,completed,1
35730,Rigid,2605533,2605534,2864741,1,259207,259208,completed,1
35731,Rigid,2605533,2605534,2864741,1,259207,259208,completed,1
35732,Rigid,2605533,2605534,2864741,1,259207,259208,completed,1
35733,Rigid,2605533,2605534,2864741,1,259207,259208,completed,1
35734,Rigid,2605533,2605534,2864741,1,259207,259208,completed,1
35735,Rigid,2605533,2605534,2864741,1,259207,259208,completed,1
35736,Rigid,2605533,2605534,2864741,1,259207,259208,completed,1
35737,Rigid,2605533,2605534,2864741,1,259207,259208,completed,1
35738,Rigid,2605539,2605539,2864741,0,259202,259202,completed,1
35739,Rigid,2605539,2605540,2864741,1,259201,259202,completed,1
35740,Rigid,2605539,2605540,2864741,1,259201,259202,completed,1
35741,Rigid,2605539,2605540,2864741,1,259201,259202,completed,1
35742,Rigid,2605539,2605540,2864741,1,259201,259202,completed,1
35743,Rigid,2605539,2605540,2864741,1,259201,259202,completed,1
35744,Rigid,2605539,2605540,2864741,1,259201,259202,completed,1
35745,Rigid,2605539,2605540,2864741,1,259201,259202,completed,1
35746,Rigid,2605539,2605540,2864741,1,259201,259202,completed,1
35747,Rigid,2605539,2605540,2864741,1,259201,259202,completed,1
35748,Rigid,2605539,2605540,2864741,1,259201,259202,completed,1
35749,Rigid,2605539,2605540,2864741,1,259201,259202,completed,1
35750,Rigid,2605539,2605540,2864741,1,259201,259202,completed,1
35751,Rigid,2605539,2605540,2864741,1,259201,259202,completed,1
35752,Rigid,2605539,2605540,2864741,1,259201,259202,completed,1
35753,Rigid,2605539,2605540,2864741,1,259201,259202,completed,1
35754,Rigid,2605539,2605540,2864741,1,259201,259202,completed,1
35755,Rigid,2605539,2605540,2864741,1,259201,259202,completed,1
35756,Rigid,2605539,2605540,2864741,1,259201,259202,completed,1
35757,Rigid,2605539,2605540,2864741,1,259201,259202,completed,1
35758,Rigid,2605539,2605540,2864741,1,259201,259202,completed,1
35759,Rigid,2605539,2605540,2864741,1,259201,259202,completed,1
35760,Rigid,2605539,2605540,2864741,1,259201,259202,completed,1
35761,Rigid,2605539,2605540,2864741,1,259201,259202,completed,1
35762,Rigid,2605539,2605540,2864741,1,259201,259202,completed,1
35763,Rigid,2605539,2605540,2864741,1,259201,259202,completed,1
35764,Rigid,2605539,2605540,2864741,1,259201,259202,completed,1
35765,Rigid,2605539,2605540,2864741,1,259201,259202,completed,1
35766,Rigid,2605539,2605540,2864741,1,259201,259202,completed,1
35767,Rigid,2605539,2605540,2864741,1,259201,259202,completed,1
35768,Rigid,2605539,2605540,2864741,1,259201,259202,completed,1
35769,Rigid,2605539,2605540,2864741,1,259201,259202,completed,1
35770,Rigid,2605539,2605540,2864741,1,259201,259202,completed,1
35771,Rigid,2605539,2605540,2864741,1,259201,259202,completed,1
35772,Rigid,2605539,2605540,2864741,1,259201,259202,completed,1
35773,Rigid,2605539,2605540,2864741,1,259201,259202,completed,1
35774,Rigid,2605539,2605540,2864741,1,259201,259202,completed,1
35775,Rigid,2605539,2605540,2864741,1,259201,259202,completed,1
35776,Rigid,2605539,2605540,2864741,1,259201,259202,completed,1
35777,Rigid,2605539,2605540,2864741,1,259201,259202,completed,1
35778,Rigid,2605539,2605540,2864741,1,259201,259202,completed,1
35779,Rigid,2605539,2605540,2864741,1,259201,259202,completed,1
35780,Rigid,2605539,2605540,2864741,1,259201,259202,completed,1
35781,Rigid,2605539,2605540,2864741,1,259201,259202,completed,1
35782,Rigid,2605539,2605540,2864741,1,259201,259202,completed,1
35783,Rigid,2605539,2605540,2864741,1,259201,259202,completed,1
35784,Rigid,2605539,2605540,2864741,1,259201,259202,completed,1
35785,Rigid,2605539,2605540,2864741,1,259201,259202,completed,1
35786,Rigid,2605539,2605540,2864741,1,259201,259202,completed,1
35787,Rigid,2605539,2605540,2864741,1,259201,259202,completed,1
35788,Rigid,2605594,2605595,2606666,1,1071,1072,completed,36
35789,Rigid,2608082,2608082,2622486,0,14404,14404,completed,396
35790,Rigid,2608091,2608094,2622517,3,14423,14426,completed,396
35791,Rigid,2608097,2608099,2622517,2,14418,14420,completed,396
35792,Rigid,2608103,2608104,2622517,1,14413,14414,completed,396
35793,Rigid,2608110,2608111,2622517,1,14406,14407,completed,396
35794,Rigid,2608133,2608133,2622547,0,14414,14414,completed,396
35795,Rigid,2608140,2608141,2622547,1,14406,14407,completed,396
35796,Rigid,2608146,2608147,2622547,1,14400,14401,completed,396
35797,Rigid,2608152,2622552,2636979,14400,14427,28827,completed,396
35798,Rigid,2608158,2624431,2638839,16273,14408,30681,completed,396
35799,Rigid,2608711,2608711,2608764,0,53,53,completed,144
35800,Rigid,2608932,2608934,2781754,2,172820,172822,completed,1080
35801,Rigid,2609188,2609189,2611656,1,2467,2468,completed,144
35802,Rigid,2609273,2609273,2636064,0,26791,26791,completed,72
35803,Rigid,2609278,2609278,2635880,0,26602,26602,completed,72
35804,Rigid,2609283,2609283,2636601,0,27318,27318,completed,72
35805,Rigid,2609288,2609288,2635702,0,26414,26414,completed,72
35806,Rigid,2609293,2609294,2635715,1,26421,26422,completed,72
35807,Rigid,2609328,2609328,2836619,0,227291,227291,completed,36
35808,Rigid,2609480,2609481,2662388,1,52907,52908,completed,72
35809,Rigid,2610180,2610180,2611402,0,1222,1222,completed,36
35810,Rigid,2610385,2610386,2610540,1,154,155,completed,36
35811,Rigid,2610619,2610620,2618245,1,7625,7626,completed,288
35812,Rigid,2610630,2610631,2618317,1,7686,7687,completed,288
35813,Rigid,2610639,2610643,2618155,4,7512,7516,completed,288
35814,Rigid,2610751,2610751,2610765,0,14,14,completed,36
35815,Rigid,2610778,2611677,2619488,899,7811,8710,completed,288
35816,Rigid,2610805,2618246,2625857,7441,7611,15052,completed,288
35817,Rigid,2610842,2610842,2610857,0,15,15,completed,36
35818,Rigid,2611077,2611077,2611079,0,2,2,completed,1
35819,Rigid,2611077,2611077,2611079,0,2,2,completed,1
35820,Rigid,2611077,2611077,2611079,0,2,2,completed,1
35821,Rigid,2611077,2611077,2611079,0,2,2,completed,1
35822,Rigid,2611077,2611077,2611079,0,2,2,completed,1
35823,Rigid,2611077,2611077,2611079,0,2,2,completed,1
35824,Rigid,2611077,2611077,2611079,0,2,2,completed,1
35825,Rigid,2611077,2611077,2611079,0,2,2,completed,1
35826,Rigid,2611077,2611077,2611079,0,2,2,completed,1
35827,Rigid,2611077,2611077,2611079,0,2,2,completed,1
35828,Rigid,2611077,2611077,2611079,0,2,2,completed,1
35829,Rigid,2611077,2611077,2611079,0,2,2,completed,1
35830,Rigid,2611077,2611077,2611079,0,2,2,completed,1
35831,Rigid,2611077,2611077,2611079,0,2,2,completed,1
35832,Rigid,2611077,2611077,2611079,0,2,2,completed,1
35833,Rigid,2611077,2611077,2611079,0,2,2,completed,1
35834,Rigid,2611320,2611321,2611338,1,17,18,completed,36
35835,Rigid,2611433,2611433,2611450,0,17,17,completed,36
35836,Rigid,2611489,2611489,2611504,0,15,15,completed,36
35837,Rigid,2611659,2611660,2611676,1,16,17,completed,36
35838,Rigid,2611844,2611844,2612226,0,382,382,completed,36
35839,Rigid,2611889,2611892,2612675,3,783,786,completed,1
35840,Rigid,2612205,2612205,2612206,0,1,1,completed,1
35841,Rigid,2612205,2612205,2612206,0,1,1,completed,1
35842,Rigid,2612205,2612205,2612206,0,1,1,completed,1
35843,Rigid,2612205,2612205,2612206,0,1,1,completed,1
35844,Rigid,2612205,2612205,2612206,0,1,1,completed,1
35845,Rigid,2612205,2612205,2612206,0,1,1,completed,1
35846,Rigid,2612205,2612205,2612206,0,1,1,completed,1
35847,Rigid,2612205,2612205,2612206,0,1,1,completed,1
35848,Rigid,2612205,2612205,2612206,0,1,1,completed,1
35849,Rigid,2612205,2612205,2612206,0,1,1,completed,1
35850,Rigid,2612205,2612205,2612206,0,1,1,completed,1
35851,Rigid,2612205,2612205,2612206,0,1,1,completed,1
35852,Rigid,2612307,2612307,2612308,0,1,1,completed,1
35853,Rigid,2612307,2612307,2612308,0,1,1,completed,1
35854,Rigid,2612307,2612307,2612308,0,1,1,completed,1
35855,Rigid,2612307,2612307,2612308,0,1,1,completed,1
35856,Rigid,2612307,2612307,2612308,0,1,1,completed,1
35857,Rigid,2612307,2612307,2612308,0,1,1,completed,1
35858,Rigid,2612307,2612307,2612308,0,1,1,completed,1
35859,Rigid,2612307,2612307,2612308,0,1,1,completed,1
35860,Rigid,2612307,2612307,2612308,0,1,1,completed,1
35861,Rigid,2612307,2612307,2612308,0,1,1,completed,1
35862,Rigid,2612307,2612307,2612308,0,1,1,completed,1
35863,Rigid,2612307,2612307,2612308,0,1,1,completed,1
35864,Rigid,2612371,2612371,2612372,0,1,1,completed,1
35865,Rigid,2612371,2612371,2612372,0,1,1,completed,1
35866,Rigid,2612371,2612371,2612372,0,1,1,completed,1
35867,Rigid,2612371,2612371,2612372,0,1,1,completed,1
35868,Rigid,2612793,2612794,2613182,1,388,389,completed,36
35869,Rigid,2612873,2618163,2622404,5290,4241,9531,completed,36
35870,Rigid,2613033,2613034,2613035,1,1,2,completed,1
35871,Rigid,2613033,2613034,2613035,1,1,2,completed,1
35872,Rigid,2613033,2613034,2613035,1,1,2,completed,1
35873,Rigid,2613033,2613034,2613035,1,1,2,completed,1
35874,Rigid,2613033,2613034,2613035,1,1,2,completed,1
35875,Rigid,2613033,2613034,2613035,1,1,2,completed,1
35876,Rigid,2613033,2613034,2613035,1,1,2,completed,1
35877,Rigid,2613033,2613034,2613035,1,1,2,completed,1
35878,Rigid,2613033,2613034,2613035,1,1,2,completed,1
35879,Rigid,2613033,2613034,2613035,1,1,2,completed,1
35880,Rigid,2613033,2613034,2613035,1,1,2,completed,1
35881,Rigid,2613033,2613034,2613035,1,1,2,completed,1
35882,Rigid,2613115,2613116,2613174,1,58,59,completed,1
35883,Rigid,2613115,2613116,2613174,1,58,59,completed,1
35884,Rigid,2613115,2613116,2613174,1,58,59,completed,1
35885,Rigid,2613115,2613116,2613174,1,58,59,completed,1
35886,Rigid,2613115,2613116,2613118,1,2,3,completed,1
35887,Rigid,2613115,2613116,2613117,1,1,2,completed,1
35888,Rigid,2613115,2613116,2613174,1,58,59,completed,1
35889,Rigid,2613115,2613116,2613174,1,58,59,completed,1
35890,Rigid,2613115,2613116,2613174,1,58,59,completed,1
35891,Rigid,2613115,2613116,2613174,1,58,59,completed,1
35892,Rigid,2613115,2613116,2613174,1,58,59,completed,1
35893,Rigid,2613115,2613116,2613174,1,58,59,completed,1
35894,Rigid,2613493,2613494,2613511,1,17,18,completed,1
35895,Rigid,2613493,2613495,2613511,2,16,18,completed,1
35896,Rigid,2613523,2613524,2655247,1,41723,41724,completed,9
35897,Rigid,2613523,2613524,2636877,1,23353,23354,completed,9
35898,Rigid,2613829,2618157,2618439,4328,282,4610,completed,36
35899,Rigid,2613902,2616332,2625023,2430,8691,11121,completed,144
35900,Rigid,2614411,2618163,2620786,3752,2623,6375,completed,36
35901,Rigid,2614437,2618163,2618385,3726,222,3948,completed,36
35902,Rigid,2614851,2614851,2615115,0,264,264,completed,36
35903,Rigid,2614921,2618163,2626054,3242,7891,11133,completed,36
35904,Rigid,2614922,2618163,2627521,3241,9358,12599,completed,36
35905,Rigid,2614922,2618163,2624605,3241,6442,9683,completed,36
35906,Rigid,2614923,2618163,2621166,3240,3003,6243,completed,36
35907,Rigid,2614923,2618319,2620959,3396,2640,6036,completed,36
35908,Rigid,2614923,2618319,2627842,3396,9523,12919,completed,36
35909,Rigid,2614923,2618319,2620652,3396,2333,5729,completed,36
35910,Rigid,2614923,2618319,2621820,3396,3501,6897,completed,36
35911,Rigid,2614924,2618319,2620635,3395,2316,5711,completed,36
35912,Rigid,2614924,2618319,2621683,3395,3364,6759,completed,36
35913,Rigid,2614924,2618319,2621661,3395,3342,6737,completed,36
35914,Rigid,2614924,2618319,2623314,3395,4995,8390,completed,36
35915,Rigid,2614924,2618386,2626814,3462,8428,11890,completed,36
35916,Rigid,2614924,2618440,2622642,3516,4202,7718,completed,36
35917,Rigid,2614925,2619490,2625968,4565,6478,11043,completed,36
35918,Rigid,2614925,2619490,2625345,4565,5855,10420,completed,36
35919,Rigid,2614925,2619490,2627828,4565,8338,12903,completed,36
35920,Rigid,2614925,2619490,2625396,4565,5906,10471,completed,36
35921,Rigid,2614925,2619490,2626147,4565,6657,11222,completed,36
35922,Rigid,2614926,2619490,2623565,4564,4075,8639,completed,36
35923,Rigid,2614926,2619490,2622464,4564,2974,7538,completed,36
35924,Rigid,2614926,2619490,2627404,4564,7914,12478,completed,36
35925,Rigid,2614926,2620636,2629941,5710,9305,15015,completed,36
35926,Rigid,2614927,2620653,2626867,5726,6214,11940,completed,36
35927,Rigid,2614927,2620787,2623308,5860,2521,8381,completed,36
35928,Rigid,2614927,2620961,2629054,6034,8093,14127,completed,36
35929,Rigid,2614927,2621168,2623702,6241,2534,8775,completed,36
35930,Rigid,2614928,2621663,2624404,6735,2741,9476,completed,36
35931,Rigid,2614928,2621684,2625482,6756,3798,10554,completed,36
35932,Rigid,2614928,2621821,2626293,6893,4472,11365,completed,36
35933,Rigid,2614928,2622406,2624991,7478,2585,10063,completed,36
35934,Rigid,2614929,2622465,2626693,7536,4228,11764,completed,36
35935,Rigid,2614929,2622492,2625576,7563,3084,10647,completed,36
35936,Rigid,2614929,2622492,2624897,7563,2405,9968,completed,36
35937,Rigid,2614929,2622492,2624726,7563,2234,9797,completed,36
35938,Rigid,2614929,2622492,2631773,7563,9281,16844,completed,36
35939,Rigid,2614930,2622492,2628878,7562,6386,13948,completed,36
35940,Rigid,2614930,2622492,2625772,7562,3280,10842,completed,36
35941,Rigid,2614930,2622492,2627760,7562,5268,12830,completed,36
35942,Rigid,2614930,2622492,2630499,7562,8007,15569,completed,36
35943,Rigid,2614930,2622492,2624988,7562,2496,10058,completed,36
35944,Rigid,2614931,2622492,2631013,7561,8521,16082,completed,36
35945,Rigid,2614931,2622492,2625832,7561,3340,10901,completed,36
35946,Rigid,2614931,2622522,2629598,7591,7076,14667,completed,36
35947,Rigid,2614931,2622522,2625300,7591,2778,10369,completed,36
35948,Rigid,2614931,2622522,2626271,7591,3749,11340,completed,36
35949,Rigid,2614932,2622522,2626461,7590,3939,11529,completed,36
35950,Rigid,2614932,2622522,2626948,7590,4426,12016,completed,36
35951,Rigid,2614932,2622522,2626500,7590,3978,11568,completed,36
35952,Rigid,2614932,2622522,2626155,7590,3633,11223,completed,36
35953,Rigid,2614933,2622522,2626950,7589,4428,12017,completed,36
35954,Rigid,2614933,2622522,2626695,7589,4173,11762,completed,36
35955,Rigid,2614933,2622522,2631773,7589,9251,16840,completed,36
35956,Rigid,2614933,2622522,2628595,7589,6073,13662,completed,36
35957,Rigid,2614933,2622522,2625062,7589,2540,10129,completed,36
35958,Rigid,2614934,2622522,2627674,7588,5152,12740,completed,36
35959,Rigid,2614934,2622522,2624995,7588,2473,10061,completed,36
35960,Rigid,2614934,2622522,2625381,7588,2859,10447,completed,36
35961,Rigid,2614934,2622522,2628524,7588,6002,13590,completed,36
35962,Rigid,2614934,2622522,2631971,7588,9449,17037,completed,36
35963,Rigid,2614935,2622522,2628713,7587,6191,13778,completed,36
35964,Rigid,2614935,2622522,2625631,7587,3109,10696,completed,36
35965,Rigid,2614935,2622522,2626822,7587,4300,11887,completed,36
35966,Rigid,2614935,2622522,2627923,7587,5401,12988,completed,36
35967,Rigid,2614935,2622522,2626778,7587,4256,11843,completed,36
35968,Rigid,2614936,2622522,2624973,7586,2451,10037,completed,36
35969,Rigid,2614936,2622522,2627520,7586,4998,12584,completed,36
35970,Rigid,2614936,2622522,2629002,7586,6480,14066,completed,36
35971,Rigid,2614936,2622522,2632590,7586,10068,17654,completed,36
35972,Rigid,2614936,2622522,2626907,7586,4385,11971,completed,36
35973,Rigid,2614937,2622522,2630759,7585,8237,15822,completed,36
35974,Rigid,2614937,2622522,2625482,7585,2960,10545,completed,36
35975,Rigid,2614937,2622522,2625782,7585,3260,10845,completed,36
35976,Rigid,2614937,2622522,2631773,7585,9251,16836,completed,36
35977,Rigid,2614937,2622522,2626225,7585,3703,11288,completed,36
35978,Rigid,2614937,2622522,2625195,7585,2673,10258,completed,36
35979,Rigid,2614938,2622522,2628198,7584,5676,13260,completed,36
35980,Rigid,2614938,2622522,2624945,7584,2423,10007,completed,36
35981,Rigid,2614938,2622522,2626470,7584,3948,11532,completed,36
35982,Rigid,2614938,2622522,2630788,7584,8266,15850,completed,36
35983,Rigid,2614938,2622522,2625610,7584,3088,10672,completed,36
35984,Rigid,2614939,2622522,2633256,7583,10734,18317,completed,36
35985,Rigid,2614939,2622522,2625156,7583,2634,10217,completed,36
35986,Rigid,2614939,2622522,2627923,7583,5401,12984,completed,36
35987,Rigid,2614939,2622522,2626847,7583,4325,11908,completed,36
35988,Rigid,2614939,2622522,2625022,7583,2500,10083,completed,36
35989,Rigid,2614940,2622522,2624999,7582,2477,10059,completed,36
35990,Rigid,2614940,2622552,2627521,7612,4969,12581,completed,36
35991,Rigid,2614940,2622552,2625534,7612,2982,10594,completed,36
35992,Rigid,2614940,2622552,2625092,7612,2540,10152,completed,36
35993,Rigid,2614940,2622552,2625063,7612,2511,10123,completed,36
35994,Rigid,2614940,2622552,2632290,7612,9738,17350,completed,36
35995,Rigid,2614941,2622552,2626791,7611,4239,11850,completed,36
35996,Rigid,2614941,2622552,2625486,7611,2934,10545,completed,36
35997,Rigid,2614941,2622552,2627058,7611,4506,12117,completed,36
35998,Rigid,2614941,2622552,2626337,7611,3785,11396,completed,36
35999,Rigid,2614941,2622643,2632201,7702,9558,17260,completed,36
36000,Rigid,2614942,2623309,2628853,8367,5544,13911,completed,36
36001,Rigid,2614942,2623315,2626623,8373,3308,11681,completed,36
36002,Rigid,2614942,2623566,2626216,8624,2650,11274,completed,36
36003,Rigid,2614942,2623703,2628265,8761,4562,13323,completed,36
36004,Rigid,2614942,2624406,2633976,9464,9570,19034,completed,36
36005,Rigid,2614943,2624607,2629933,9664,5326,14990,completed,36
36006,Rigid,2614943,2624727,2629933,9784,5206,14990,completed,36
36007,Rigid,2614943,2624898,2628056,9955,3158,13113,completed,36
36008,Rigid,2614943,2624946,2630318,10003,5372,15375,completed,36
36009,Rigid,2614943,2624974,2627512,10031,2538,12569,completed,36
36010,Rigid,2614944,2624990,2627142,10046,2152,12198,completed,36
36011,Rigid,2614944,2624992,2628476,10048,3484,13532,completed,36
36012,Rigid,2614944,2624996,2628802,10052,3806,13858,completed,36
36013,Rigid,2614944,2625000,2630752,10056,5752,15808,completed,36
36014,Rigid,2614944,2625024,2627248,10080,2224,12304,completed,36
36015,Rigid,2614945,2625063,2627579,10118,2516,12634,completed,36
36016,Rigid,2614945,2625063,2627262,10118,2199,12317,completed,36
36017,Rigid,2614945,2625093,2627787,10148,2694,12842,completed,36
36018,Rigid,2614945,2625158,2634709,10213,9551,19764,completed,36
36019,Rigid,2614945,2625196,2637018,10251,11822,22073,completed,36
36020,Rigid,2614946,2625301,2635813,10355,10512,20867,completed,36
36021,Rigid,2614946,2625347,2627888,10401,2541,12942,completed,36
36022,Rigid,2614946,2625398,2627641,10452,2243,12695,completed,36
36023,Rigid,2614946,2625381,2629558,10435,4177,14612,completed,36
36024,Rigid,2614946,2625483,2634855,10537,9372,19909,completed,36
36025,Rigid,2614946,2625483,2628973,10537,3490,14027,completed,36
36026,Rigid,2614947,2625488,2632808,10541,7320,17861,completed,36
36027,Rigid,2614947,2625536,2629631,10589,4095,14684,completed,36
36028,Rigid,2614947,2625577,2628111,10630,2534,13164,completed,36
36029,Rigid,2614948,2625611,2629021,10663,3410,14073,completed,36
36030,Rigid,2614948,2625632,2629859,10684,4227,14911,completed,36
36031,Rigid,2614948,2625774,2634280,10826,8506,19332,completed,36
36032,Rigid,2614948,2625783,2633484,10835,7701,18536,completed,36
36033,Rigid,2614949,2625833,2634390,10884,8557,19441,completed,36
36034,Rigid,2614949,2625969,2633605,11020,7636,18656,completed,36
36035,Rigid,2614949,2626056,2628675,11107,2619,13726,completed,36
36036,Rigid,2614949,2626149,2629329,11200,3180,14380,completed,36
36037,Rigid,2614949,2626156,2633965,11207,7809,19016,completed,36
36038,Rigid,2614949,2626217,2628588,11268,2371,13639,completed,36
36039,Rigid,2614950,2626227,2630247,11277,4020,15297,completed,36
36040,Rigid,2614950,2626272,2628999,11322,2727,14049,completed,36
36041,Rigid,2614950,2626295,2629547,11345,3252,14597,completed,36
36042,Rigid,2614950,2626337,2629697,11387,3360,14747,completed,36
36043,Rigid,2614950,2626462,2631117,11512,4655,16167,completed,36
36044,Rigid,2614951,2626472,2634633,11521,8161,19682,completed,36
36045,Rigid,2614951,2626501,2633786,11550,7285,18835,completed,36
36046,Rigid,2614951,2626624,2632364,11673,5740,17413,completed,36
36047,Rigid,2614951,2626694,2632500,11743,5806,17549,completed,36
36048,Rigid,2614951,2626696,2629935,11745,3239,14984,completed,36
36049,Rigid,2614952,2626779,2633185,11827,6406,18233,completed,36
36050,Rigid,2614952,2626793,2637962,11841,11169,23010,completed,36
36051,Rigid,2614952,2626816,2632829,11864,6013,17877,completed,36
36052,Rigid,2614952,2626848,2629293,11896,2445,14341,completed,36
36053,Rigid,2614952,2626823,2634220,11871,7397,19268,completed,36
36054,Rigid,2614952,2626867,2630527,11915,3660,15575,completed,36
36055,Rigid,2614953,2626908,2630226,11955,3318,15273,completed,36
36056,Rigid,2614953,2626949,2631073,11996,4124,16120,completed,36
36057,Rigid,2614953,2626952,2630719,11999,3767,15766,completed,36
36058,Rigid,2614953,2627060,2630136,12107,3076,15183,completed,36
36059,Rigid,2614953,2627144,2629967,12191,2823,15014,completed,36
36060,Rigid,2614954,2627250,2633025,12296,5775,18071,completed,36
36061,Rigid,2614954,2627263,2629697,12309,2434,14743,completed,36
36062,Rigid,2614954,2627406,2634709,12452,7303,19755,completed,36
36063,Rigid,2614955,2627513,2631040,12558,3527,16085,completed,36
36064,Rigid,2614955,2627522,2634203,12567,6681,19248,completed,36
36065,Rigid,2614956,2627522,2632341,12566,4819,17385,completed,36
36066,Rigid,2614956,2627522,2633577,12566,6055,18621,completed,36
36067,Rigid,2614956,2627580,2629884,12624,2304,14928,completed,36
36068,Rigid,2614956,2627642,2632181,12686,4539,17225,completed,36
36069,Rigid,2614956,2627675,2636300,12719,8625,21344,completed,36
36070,Rigid,2614957,2627761,2633577,12804,5816,18620,completed,36
36071,Rigid,2614957,2627789,2636894,12832,9105,21937,completed,36
36072,Rigid,2614957,2627829,2630485,12872,2656,15528,completed,36
36073,Rigid,2614957,2627844,2631157,12887,3313,16200,completed,36
36074,Rigid,2614958,2627889,2630451,12931,2562,15493,completed,36
36075,Rigid,2614958,2627924,2635874,12966,7950,20916,completed,36
36076,Rigid,2614958,2627924,2636076,12966,8152,21118,completed,36
36077,Rigid,2614958,2628058,2630458,13100,2400,15500,completed,36
36078,Rigid,2614959,2628112,2630610,13153,2498,15651,completed,36
36079,Rigid,2614959,2628198,2636910,13239,8712,21951,completed,36
36080,Rigid,2614959,2628265,2632296,13306,4031,17337,completed,36
36081,Rigid,2614959,2628477,2633712,13518,5235,18753,completed,36
36082,Rigid,2614960,2628526,2637633,13566,9107,22673,completed,36
36083,Rigid,2614960,2628590,2636730,13630,8140,21770,completed,36
36084,Rigid,2614960,2628676,2630983,13716,2307,16023,completed,36
36085,Rigid,2614960,2628595,2631480,13635,2885,16520,completed,36
36086,Rigid,2614961,2628714,2632723,13753,4009,17762,completed,36
36087,Rigid,2614961,2628803,2631355,13842,2552,16394,completed,36
36088,Rigid,2614961,2628854,2641426,13893,12572,26465,completed,36
36089,Rigid,2614961,2628879,2631980,13918,3101,17019,completed,36
36090,Rigid,2614961,2628975,2638270,14014,9295,23309,completed,36
36091,Rigid,2614962,2629001,2632031,14039,3030,17069,completed,36
36092,Rigid,2614962,2629003,2633721,14041,4718,18759,completed,36
36093,Rigid,2614962,2629022,2632650,14060,3628,17688,completed,36
36094,Rigid,2614962,2629056,2638637,14094,9581,23675,completed,36
36095,Rigid,2614962,2629295,2634280,14333,4985,19318,completed,36
36096,Rigid,2614963,2629330,2634066,14367,4736,19103,completed,36
36097,Rigid,2614963,2629549,2631889,14586,2340,16926,completed,36
36098,Rigid,2614963,2629559,2635070,14596,5511,20107,completed,36
36099,Rigid,2614963,2629600,2636730,14637,7130,21767,completed,36
36100,Rigid,2614963,2629632,2633078,14669,3446,18115,completed,36
36101,Rigid,2614963,2629698,2634855,14735,5157,19892,completed,36
36102,Rigid,2614964,2629698,2631741,14734,2043,16777,completed,36
36103,Rigid,2615117,2615139,2639511,22,24372,24394,completed,1
36104,Rigid,2615296,2615296,2615652,0,356,356,completed,36
36105,Rigid,2615372,2615373,2615638,1,265,266,completed,36
36106,Rigid,2615767,2615767,2615989,0,222,222,completed,36
36107,Rigid,2616146,2616146,2616412,0,266,266,completed,36
36108,Rigid,2616532,2616548,2616581,16,33,49,completed,1
36109,Rigid,2616581,2616582,2616847,1,265,266,completed,36
36110,Rigid,2616942,2616942,2617206,0,264,264,completed,36
36111,Rigid,2617269,2617270,2617533,1,263,264,completed,36
36112,Rigid,2617866,2617866,2618129,0,263,263,completed,36
36113,Rigid,2618225,2618226,2621501,1,3275,3276,completed,1
36114,Rigid,2618272,2618272,2618535,0,263,263,completed,36
36115,Rigid,2618714,2618716,2618982,2,266,268,completed,36
36116,Rigid,2618969,2618969,2619035,0,66,66,completed,8
36117,Rigid,2618969,2618969,2619035,0,66,66,completed,8
36118,Rigid,2618969,2618969,2619048,0,79,79,completed,8
36119,Rigid,2618969,2618969,2619048,0,79,79,completed,8
36120,Rigid,2618969,2618969,2618998,0,29,29,completed,8
36121,Rigid,2618969,2618969,2618998,0,29,29,completed,8
36122,Rigid,2618969,2618969,2618998,0,29,29,completed,8
36123,Rigid,2618969,2618969,2618998,0,29,29,completed,8
36124,Rigid,2618969,2618969,2619039,0,70,70,completed,8
36125,Rigid,2618969,2618969,2619039,0,70,70,completed,8
36126,Rigid,2618969,2618969,2618981,0,12,12,completed,8
36127,Rigid,2618969,2618969,2618981,0,12,12,completed,8
36128,Rigid,2618969,2618969,2619029,0,60,60,completed,8
36129,Rigid,2618969,2618969,2619029,0,60,60,completed,8
36130,Rigid,2618969,2618969,2619040,0,71,71,completed,8
36131,Rigid,2618969,2618969,2619040,0,71,71,completed,8
36132,Rigid,2618969,2618969,2618982,0,13,13,completed,8
36133,Rigid,2618969,2618970,2618982,1,12,13,completed,8
36134,Rigid,2618969,2618970,2620274,1,1304,1305,completed,8
36135,Rigid,2618969,2618970,2620275,1,1305,1306,completed,8
36136,Rigid,2618969,2618970,2620900,1,1930,1931,completed,8
36137,Rigid,2618969,2618970,2620896,1,1926,1927,completed,8
36138,Rigid,2618969,2618970,2619267,1,297,298,completed,8
36139,Rigid,2618969,2618970,2619268,1,298,299,completed,8
36140,Rigid,2618969,2618970,2619508,1,538,539,completed,8
36141,Rigid,2618969,2618970,2619507,1,537,538,completed,8
36142,Rigid,2618969,2618970,2618999,1,29,30,completed,8
36143,Rigid,2618969,2618970,2618999,1,29,30,completed,8
36144,Rigid,2618969,2618970,2620156,1,1186,1187,completed,8
36145,Rigid,2618969,2618970,2620152,1,1182,1183,completed,8
36146,Rigid,2618969,2618970,2618982,1,12,13,completed,8
36147,Rigid,2618969,2618970,2618982,1,12,13,completed,8
36148,Rigid,2618969,2618970,2618984,1,14,15,completed,8
36149,Rigid,2618969,2618970,2618984,1,14,15,completed,8
36150,Rigid,2618969,2618970,2620668,1,1698,1699,completed,8
36151,Rigid,2618969,2618970,2620673,1,1703,1704,completed,8
36152,Rigid,2618969,2618970,2618985,1,15,16,completed,8
36153,Rigid,2618969,2618970,2618985,1,15,16,completed,8
36154,Rigid,2618969,2618970,2621197,1,2227,2228,completed,8
36155,Rigid,2618969,2618970,2621195,1,2225,2226,completed,8
36156,Rigid,2618969,2618970,2620886,1,1916,1917,completed,8
36157,Rigid,2618969,2618970,2620885,1,1915,1916,completed,8
36158,Rigid,2618969,2618970,2621767,1,2797,2798,completed,8
36159,Rigid,2618969,2618970,2621778,1,2808,2809,completed,8
36160,Rigid,2618969,2618970,2619445,1,475,476,completed,8
36161,Rigid,2618969,2618970,2619446,1,476,477,completed,8
36162,Rigid,2618969,2618983,2619987,14,1004,1018,completed,8
36163,Rigid,2618969,2618983,2619992,14,1009,1023,completed,8
36164,Rigid,2618969,2618983,2619821,14,838,852,completed,8
36165,Rigid,2618969,2618983,2619820,14,837,851,completed,8
36166,Rigid,2618969,2618983,2618989,14,6,20,completed,8
36167,Rigid,2618969,2618983,2618989,14,6,20,completed,8
36168,Rigid,2618969,2618983,2620222,14,1239,1253,completed,8
36169,Rigid,2618969,2618983,2620223,14,1240,1254,completed,8
36170,Rigid,2618969,2618983,2619101,14,118,132,completed,8
36171,Rigid,2618969,2618983,2619101,14,118,132,completed,8
36172,Rigid,2618969,2618985,2618992,16,7,23,completed,8
36173,Rigid,2618969,2618985,2618992,16,7,23,completed,8
36174,Rigid,2618969,2618985,2621399,16,2414,2430,completed,8
36175,Rigid,2618969,2618985,2621406,16,2421,2437,completed,8
36176,Rigid,2618969,2618990,2623144,21,4154,4175,completed,8
36177,Rigid,2618969,2618990,2623148,21,4158,4179,completed,8
36178,Rigid,2618969,2618994,2621456,25,2462,2487,completed,8
36179,Rigid,2618969,2618994,2621461,25,2467,2492,completed,8
36180,Rigid,2618969,2618999,2619806,30,807,837,completed,8
36181,Rigid,2618969,2618999,2619808,30,809,839,completed,8
36182,Rigid,2618969,2618999,2622586,30,3587,3617,completed,8
36183,Rigid,2618969,2618999,2622572,30,3573,3603,completed,8
36184,Rigid,2618969,2618999,2623143,30,4144,4174,completed,8
36185,Rigid,2618969,2618999,2623131,30,4132,4162,completed,8
36186,Rigid,2618969,2619030,2619034,61,4,65,completed,8
36187,Rigid,2618969,2619030,2619034,61,4,65,completed,8
36188,Rigid,2618969,2619035,2619059,66,24,90,completed,8
36189,Rigid,2618969,2619035,2619059,66,24,90,completed,8
36190,Rigid,2618969,2619035,2619042,66,7,73,completed,8
36191,Rigid,2618969,2619035,2619042,66,7,73,completed,8
36192,Rigid,2618969,2619040,2619044,71,4,75,completed,8
36193,Rigid,2618969,2619040,2619044,71,4,75,completed,8
36194,Rigid,2618969,2619040,2619044,71,4,75,completed,8
36195,Rigid,2618969,2619040,2619044,71,4,75,completed,8
36196,Rigid,2618969,2619043,2619047,74,4,78,completed,8
36197,Rigid,2618969,2619043,2619047,74,4,78,completed,8
36198,Rigid,2618969,2619045,2619048,76,3,79,completed,8
36199,Rigid,2618969,2619045,2619048,76,3,79,completed,8
36200,Rigid,2618969,2619045,2619049,76,4,80,completed,8
36201,Rigid,2618969,2619045,2619049,76,4,80,completed,8
36202,Rigid,2618969,2619048,2622246,79,3198,3277,completed,8
36203,Rigid,2618969,2619048,2622254,79,3206,3285,completed,8
36204,Rigid,2618969,2619049,2625254,80,6205,6285,completed,8
36205,Rigid,2618969,2619049,2625257,80,6208,6288,completed,8
36206,Rigid,2618969,2619049,2619203,80,154,234,completed,8
36207,Rigid,2618969,2619049,2619202,80,153,233,completed,8
36208,Rigid,2618969,2619049,2621664,80,2615,2695,completed,8
36209,Rigid,2618969,2619049,2621667,80,2618,2698,completed,8
36210,Rigid,2618969,2619059,2624633,90,5574,5664,completed,8
36211,Rigid,2618969,2619059,2624623,90,5564,5654,completed,8
36212,Rigid,2618969,2619102,2619109,133,7,140,completed,8
36213,Rigid,2618969,2619102,2619109,133,7,140,completed,8
36214,Rigid,2618969,2619110,2621672,141,2562,2703,completed,8
36215,Rigid,2618969,2619110,2621674,141,2564,2705,completed,8
36216,Rigid,2618969,2619204,2627190,235,7986,8221,completed,8
36217,Rigid,2618969,2619204,2627194,235,7990,8225,completed,8
36218,Rigid,2618969,2619269,2619274,300,5,305,completed,8
36219,Rigid,2618969,2619269,2619274,300,5,305,completed,8
36220,Rigid,2618969,2619275,2619405,306,130,436,completed,8
36221,Rigid,2618969,2619275,2619405,306,130,436,completed,8
36222,Rigid,2618969,2619406,2622634,437,3228,3665,completed,8
36223,Rigid,2618969,2619406,2622623,437,3217,3654,completed,8
36224,Rigid,2618969,2619446,2619486,477,40,517,completed,8
36225,Rigid,2618969,2619448,2619486,479,38,517,completed,8
36226,Rigid,2618969,2619487,2620580,518,1093,1611,completed,8
36227,Rigid,2618969,2619487,2620583,518,1096,1614,completed,8
36228,Rigid,2618969,2619508,2620615,539,1107,1646,completed,8
36229,Rigid,2618969,2619508,2620619,539,1111,1650,completed,8
36230,Rigid,2618969,2619808,2619816,839,8,847,completed,8
36231,Rigid,2618969,2619809,2619816,840,7,847,completed,8
36232,Rigid,2618969,2619817,2619825,848,8,856,completed,8
36233,Rigid,2618969,2619817,2619825,848,8,856,completed,8
36234,Rigid,2618969,2619821,2621074,852,1253,2105,completed,8
36235,Rigid,2618969,2619821,2621074,852,1253,2105,completed,8
36236,Rigid,2618969,2619827,2620157,858,330,1188,completed,8
36237,Rigid,2618969,2619827,2620157,858,330,1188,completed,8
36238,Rigid,2618969,2619988,2620000,1019,12,1031,completed,8
36239,Rigid,2618969,2619993,2620002,1024,9,1033,completed,8
36240,Rigid,2618969,2620001,2620115,1032,114,1146,completed,8
36241,Rigid,2618969,2620004,2620118,1035,114,1149,completed,8
36242,Rigid,2618969,2620117,2622320,1148,2203,3351,completed,8
36243,Rigid,2618969,2620144,2622343,1175,2199,3374,completed,8
36244,Rigid,2618969,2620152,2623006,1183,2854,4037,completed,8
36245,Rigid,2618969,2620157,2622988,1188,2831,4019,completed,8
36246,Rigid,2618969,2620158,2622064,1189,1906,3095,completed,8
36247,Rigid,2618969,2620158,2622065,1189,1907,3096,completed,8
36248,Rigid,2618969,2620224,2622148,1255,1924,3179,completed,8
36249,Rigid,2618969,2620224,2622133,1255,1909,3164,completed,8
36250,Rigid,2618969,2620275,2622386,1306,2111,3417,completed,8
36251,Rigid,2618969,2620275,2622374,1306,2099,3405,completed,8
36252,Rigid,2618969,2620581,2622205,1612,1624,3236,completed,8
36253,Rigid,2618969,2620585,2622208,1616,1623,3239,completed,8
36254,Rigid,2618969,2620616,2625250,1647,4634,6281,completed,8
36255,Rigid,2618969,2620620,2625259,1651,4639,6290,completed,8
36256,Rigid,2618969,2620669,2622586,1700,1917,3617,completed,8
36257,Rigid,2618969,2620674,2622593,1705,1919,3624,completed,8
36258,Rigid,2618969,2620886,2622893,1917,2007,3924,completed,8
36259,Rigid,2618969,2620886,2622900,1917,2014,3931,completed,8
36260,Rigid,2618969,2620897,2626261,1928,5364,7292,completed,8
36261,Rigid,2618969,2620902,2626279,1933,5377,7310,completed,8
36262,Rigid,2618969,2621075,2621189,2106,114,2220,completed,8
36263,Rigid,2618969,2621075,2621189,2106,114,2220,completed,8
36264,Rigid,2618969,2621190,2622733,2221,1543,3764,completed,8
36265,Rigid,2618969,2621190,2622736,2221,1546,3767,completed,8
36266,Rigid,2618969,2621197,2623754,2228,2557,4785,completed,8
36267,Rigid,2618969,2621198,2623754,2229,2556,4785,completed,8
36268,Rigid,2618969,2621400,2621406,2431,6,2437,completed,8
36269,Rigid,2618969,2621407,2621414,2438,7,2445,completed,8
36270,Rigid,2618969,2621407,2621418,2438,11,2449,completed,8
36271,Rigid,2618969,2621415,2621424,2446,9,2455,completed,8
36272,Rigid,2618969,2621420,2623222,2451,1802,4253,completed,8
36273,Rigid,2618969,2621426,2623229,2457,1803,4260,completed,8
36274,Rigid,2618969,2621457,2626404,2488,4947,7435,completed,8
36275,Rigid,2618969,2621462,2626408,2493,4946,7439,completed,8
36276,Rigid,2618969,2621665,2621682,2696,17,2713,completed,8
36277,Rigid,2618969,2621668,2621684,2699,16,2715,completed,8
36278,Rigid,2618969,2621673,2622155,2704,482,3186,completed,8
36279,Rigid,2618969,2621675,2622156,2706,481,3187,completed,8
36280,Rigid,2618969,2621683,2630413,2714,8730,11444,completed,8
36281,Rigid,2618969,2621686,2630373,2717,8687,11404,completed,8
36282,Rigid,2618969,2621769,2629561,2800,7792,10592,completed,8
36283,Rigid,2618969,2621779,2629597,2810,7818,10628,completed,8
36284,Rigid,2618969,2622065,2626183,3096,4118,7214,completed,8
36285,Rigid,2618969,2622067,2626200,3098,4133,7231,completed,8
36286,Rigid,2618969,2622134,2628460,3165,6326,9491,completed,8
36287,Rigid,2618969,2622149,2628538,3180,6389,9569,completed,8
36288,Rigid,2618969,2622156,2624894,3187,2738,5925,completed,8
36289,Rigid,2618969,2622156,2624892,3187,2736,5923,completed,8
36290,Rigid,2618969,2622206,2622222,3237,16,3253,completed,8
36291,Rigid,2618969,2622210,2622225,3241,15,3256,completed,8
36292,Rigid,2618969,2622224,2623920,3255,1696,4951,completed,8
36293,Rigid,2618969,2622226,2623925,3257,1699,4956,completed,8
36294,Rigid,2618969,2622248,2630724,3279,8476,11755,completed,8
36295,Rigid,2618969,2622255,2630764,3286,8509,11795,completed,8
36296,Rigid,2618969,2622321,2629219,3352,6898,10250,completed,8
36297,Rigid,2618969,2622344,2629145,3375,6801,10176,completed,8
36298,Rigid,2618969,2622375,2622791,3406,416,3822,completed,8
36299,Rigid,2618969,2622387,2622804,3418,417,3835,completed,8
36300,Rigid,2618969,2622573,2629663,3604,7090,10694,completed,8
36301,Rigid,2618969,2622587,2629596,3618,7009,10627,completed,8
36302,Rigid,2618969,2622587,2622594,3618,7,3625,completed,8
36303,Rigid,2618969,2622595,2622601,3626,6,3632,completed,8
36304,Rigid,2618969,2622595,2622604,3626,9,3635,completed,8
36305,Rigid,2618969,2622602,2622611,3633,9,3642,completed,8
36306,Rigid,2618969,2622605,2623952,3636,1347,4983,completed,8
36307,Rigid,2618969,2622612,2623956,3643,1344,4987,completed,8
36308,Rigid,2618969,2622625,2622898,3656,273,3929,completed,8
36309,Rigid,2618969,2622635,2622909,3666,274,3940,completed,8
36310,Rigid,2619010,2622552,2675648,3542,53096,56638,completed,72
36311,Rigid,2619015,2622552,2677864,3537,55312,58849,completed,72
36312,Rigid,2620401,2625025,2778639,4624,153614,158238,completed,108
36313,Rigid,2620472,2625858,2720533,5386,94675,100061,completed,108
36314,Rigid,2620841,2625858,2721113,5017,95255,100272,completed,108
36315,Rigid,2622405,2622406,2622417,1,11,12,completed,1
36316,Rigid,2622435,2622439,2622440,4,1,5,completed,1
36317,Rigid,2622435,2622439,2622446,4,7,11,completed,1
36318,Rigid,2622435,2622439,2622446,4,7,11,completed,1
36319,Rigid,2622435,2622439,2622440,4,1,5,completed,1
36320,Rigid,2622435,2622439,2622459,4,20,24,completed,1
36321,Rigid,2622478,2622479,2622481,1,2,3,completed,1
36322,Rigid,2622498,2622552,2632157,54,9605,9659,completed,36
36323,Rigid,2622792,2622792,2624430,0,1638,1638,completed,36
36324,Rigid,2622999,2629860,2975463,6861,345603,352464,completed,144
36325,Rigid,2623065,2629936,2727342,6871,97406,104277,completed,144
36326,Rigid,2623108,2630227,2975853,7119,345626,352745,completed,144
36327,Rigid,2623164,2623164,2632006,0,8842,8842,completed,36
36328,Rigid,2623556,2623556,2625687,0,2131,2131,completed,1
36329,Rigid,2623556,2623556,2624913,0,1357,1357,completed,1
36330,Rigid,2623556,2623556,2626348,0,2792,2792,completed,1
36331,Rigid,2623556,2623560,2625524,4,1964,1968,completed,1
36332,Rigid,2623556,2623560,2625201,4,1641,1645,completed,1
36333,Rigid,2623556,2623560,2625136,4,1576,1580,completed,1
36334,Rigid,2623556,2623560,2625555,4,1995,1999,completed,1
36335,Rigid,2623557,2623560,2625572,3,2012,2015,completed,1
36336,Rigid,2623557,2623560,2624883,3,1323,1326,completed,1
36337,Rigid,2623557,2623560,2625843,3,2283,2286,completed,1
36338,Rigid,2623557,2623560,2625170,3,1610,1613,completed,1
36339,Rigid,2623557,2623560,2625105,3,1545,1548,completed,1
36340,Rigid,2623557,2623560,2625533,3,1973,1976,completed,1
36341,Rigid,2623557,2623560,2626389,3,2829,2832,completed,1
36342,Rigid,2623558,2623560,2626088,2,2528,2530,completed,1
36343,Rigid,2623558,2623560,2625330,2,1770,1772,completed,1
36344,Rigid,2623558,2623560,2626371,2,2811,2813,completed,1
36345,Rigid,2623558,2623560,2625846,2,2286,2288,completed,1
36346,Rigid,2623558,2623560,2625126,2,1566,1568,completed,1
36347,Rigid,2623558,2623560,2626360,2,2800,2802,completed,1
36348,Rigid,2623558,2623560,2625529,2,1969,1971,completed,1
36349,Rigid,2623558,2623560,2625226,2,1666,1668,completed,1
36350,Rigid,2623558,2623560,2626035,2,2475,2477,completed,1
36351,Rigid,2623558,2623560,2625304,2,1744,1746,completed,1
36352,Rigid,2624893,2624893,2625184,0,291,291,completed,1
36353,Rigid,2624917,2624917,2625213,0,296,296,completed,1
36354,Rigid,2625110,2625111,2625463,1,352,353,completed,1
36355,Rigid,2625135,2625135,2625442,0,307,307,completed,1
36356,Rigid,2625146,2625146,2625505,0,359,359,completed,1
36357,Rigid,2625171,2625172,2625523,1,351,352,completed,1
36358,Rigid,2625207,2625207,2625537,0,330,330,completed,1
36359,Rigid,2625219,2625220,2638385,1,13165,13166,completed,18
36360,Rigid,2625233,2625233,2625559,0,326,326,completed,1
36361,Rigid,2625305,2625305,2625644,0,339,339,completed,1
36362,Rigid,2625340,2625340,2625713,0,373,373,completed,1
36363,Rigid,2625507,2625507,2636273,0,10766,10766,completed,18
36364,Rigid,2625531,2625531,2632206,0,6675,6675,completed,18
36365,Rigid,2625531,2625532,2625935,1,403,404,completed,1
36366,Rigid,2625532,2625534,2625967,2,433,435,completed,1
36367,Rigid,2625544,2625545,2625969,1,424,425,completed,1
36368,Rigid,2625567,2625568,2626002,1,434,435,completed,1
36369,Rigid,2625568,2625572,2640678,4,15106,15110,completed,18
36370,Rigid,2625580,2625581,2626002,1,421,422,completed,1
36371,Rigid,2625697,2625697,2626191,0,494,494,completed,1
36372,Rigid,2625719,2625719,2638755,0,13036,13036,completed,18
36373,Rigid,2625852,2625852,2626339,0,487,487,completed,1
36374,Rigid,2625852,2625852,2626366,0,514,514,completed,1
36375,Rigid,2625973,2625974,2640818,1,14844,14845,completed,18
36376,Rigid,2626006,2626007,2650910,1,24903,24904,completed,18
36377,Rigid,2626040,2626041,2626612,1,571,572,completed,1
36378,Rigid,2626095,2626096,2626637,1,541,542,completed,1
36379,Rigid,2626193,2626194,2644234,1,18040,18041,completed,18
36380,Rigid,2626359,2626359,2626921,0,562,562,completed,1
36381,Rigid,2626373,2626373,2626984,0,611,611,completed,1
36382,Rigid,2626373,2626377,2626981,4,604,608,completed,1
36383,Rigid,2626373,2626377,2645752,4,19375,19379,completed,18
36384,Rigid,2626396,2626396,2626971,0,575,575,completed,1
36385,Rigid,2626638,2626639,2631988,1,5349,5350,completed,18
36386,Rigid,2626982,2626982,2631295,0,4313,4313,completed,18
36387,Rigid,2626993,2626993,2639654,0,12661,12661,completed,18
36388,Rigid,2631302,2631302,2631309,0,7,7,completed,1
36389,Rigid,2631302,2631302,2631309,0,7,7,completed,1
36390,Rigid,2631313,2631314,2631318,1,4,5,completed,1
36391,Rigid,2631313,2631314,2631463,1,149,150,completed,4
36392,Rigid,2631997,2631997,2632004,0,7,7,completed,1
36393,Rigid,2631997,2631997,2632004,0,7,7,completed,1
36394,Rigid,2632008,2632008,2632012,0,4,4,completed,1
36395,Rigid,2632008,2632008,2632175,0,167,167,completed,4
36396,Rigid,2632216,2632217,2632224,1,7,8,completed,1
36397,Rigid,2632216,2632217,2632224,1,7,8,completed,1
36398,Rigid,2632227,2632228,2632232,1,4,5,completed,1
36399,Rigid,2632228,2632232,2632482,4,250,254,completed,4
36400,Rigid,2632909,2632910,2632922,1,12,13,completed,1
36401,Rigid,2632939,2632942,2632962,3,20,23,completed,1
36402,Rigid,2632939,2632942,2632943,3,1,4,completed,1
36403,Rigid,2632940,2632942,2632943,2,1,3,completed,1
36404,Rigid,2632940,2632942,2632949,2,7,9,completed,1
36405,Rigid,2632940,2632942,2632949,2,7,9,completed,1
36406,Rigid,2636281,2636281,2636291,0,10,10,completed,1
36407,Rigid,2636281,2636281,2636291,0,10,10,completed,1
36408,Rigid,2636302,2636303,2636589,1,286,287,completed,4
36409,Rigid,2636303,2636303,2636308,0,5,5,completed,1
36410,Rigid,2636497,2636497,2647923,0,11426,11426,completed,36
36411,Rigid,2636914,2636915,2636936,1,21,22,completed,1
36412,Rigid,2636960,2636962,2637219,2,257,259,completed,1
36413,Rigid,2637270,2637271,2644231,1,6960,6961,completed,9
36414,Rigid,2638393,2638393,2638404,0,11,11,completed,1
36415,Rigid,2638393,2638393,2638405,0,12,12,completed,1
36416,Rigid,2638413,2638413,2638419,0,6,6,completed,1
36417,Rigid,2638413,2638413,2638870,0,457,457,completed,4
36418,Rigid,2638764,2638765,2638774,1,9,10,completed,1
36419,Rigid,2638764,2638765,2638774,1,9,10,completed,1
36420,Rigid,2638784,2638785,2639159,1,374,375,completed,4
36421,Rigid,2638784,2638785,2638790,1,5,6,completed,1
36422,Rigid,2639656,2639657,2639666,1,9,10,completed,1
36423,Rigid,2639656,2639657,2639666,1,9,10,completed,1
36424,Rigid,2639666,2639667,2640019,1,352,353,completed,4
36425,Rigid,2639666,2639667,2639672,1,5,6,completed,1
36426,Rigid,2640321,2640322,2640331,1,9,10,completed,36
36427,Rigid,2640486,2640487,2640495,1,8,9,completed,36
36428,Rigid,2640527,2640527,2640575,0,48,48,completed,36
36429,Rigid,2640585,2640585,2642342,0,1757,1757,completed,36
36430,Rigid,2640682,2640682,2640694,0,12,12,completed,1
36431,Rigid,2640682,2640682,2640694,0,12,12,completed,1
36432,Rigid,2640702,2640703,2641289,1,586,587,completed,4
36433,Rigid,2640702,2640703,2640708,1,5,6,completed,1
36434,Rigid,2640822,2640823,2640833,1,10,11,completed,1
36435,Rigid,2640822,2640823,2640833,1,10,11,completed,1
36436,Rigid,2640842,2640843,2641261,1,418,419,completed,4
36437,Rigid,2640842,2640843,2640848,1,5,6,completed,1
36438,Rigid,2641777,2641778,2664943,1,23165,23166,completed,36
36439,Rigid,2642586,2642587,2642596,1,9,10,completed,36
36440,Rigid,2642696,2642697,2642772,1,75,76,completed,36
36441,Rigid,2642954,2642955,2657095,1,14140,14141,completed,36
36442,Rigid,2644242,2644243,2644253,1,10,11,completed,1
36443,Rigid,2644242,2644243,2644254,1,11,12,completed,1
36444,Rigid,2644263,2644263,2644854,0,591,591,completed,4
36445,Rigid,2644263,2644267,2644272,4,5,9,completed,1
36446,Rigid,2644283,2644283,2648633,0,4350,4350,completed,9
36447,Rigid,2644659,2644659,2801116,0,156457,156457,completed,288
36448,Rigid,2644926,2644927,2644953,1,26,27,completed,288
36449,Rigid,2645156,2645156,2801319,0,156163,156163,completed,288
36450,Rigid,2645756,2645756,2645771,0,15,15,completed,1
36451,Rigid,2645756,2645757,2645771,1,14,15,completed,1
36452,Rigid,2645776,2645776,2645782,0,6,6,completed,1
36453,Rigid,2645776,2645776,2646561,0,785,785,completed,4
36454,Rigid,2648923,2648923,2654091,0,5168,5168,completed,9
36455,Rigid,2650917,2650917,2650933,0,16,16,completed,1
36456,Rigid,2650917,2650917,2650934,0,17,17,completed,1
36457,Rigid,2650937,2650937,2650943,0,6,6,completed,1
36458,Rigid,2650937,2650937,2651714,0,777,777,completed,4
36459,Rigid,2650937,2650937,2651284,0,347,347,completed,12
36460,Rigid,2651741,2651741,2656530,0,4789,4789,completed,8
36461,Rigid,2651741,2651741,2656595,0,4854,4854,completed,8
36462,Rigid,2651741,2651741,2656559,0,4818,4818,completed,8
36463,Rigid,2651741,2651745,2656560,4,4815,4819,completed,8
36464,Rigid,2651742,2651745,2656497,3,4752,4755,completed,8
36465,Rigid,2651742,2651745,2656549,3,4804,4807,completed,8
36466,Rigid,2651742,2651745,2656554,3,4809,4812,completed,8
36467,Rigid,2651742,2651745,2656555,3,4810,4813,completed,8
36468,Rigid,2651742,2651745,2656391,3,4646,4649,completed,8
36469,Rigid,2651742,2651745,2656391,3,4646,4649,completed,8
36470,Rigid,2651742,2651745,2656413,3,4668,4671,completed,8
36471,Rigid,2651742,2651745,2656427,3,4682,4685,completed,8
36472,Rigid,2651742,2651745,2656343,3,4598,4601,completed,8
36473,Rigid,2651742,2651745,2656300,3,4555,4558,completed,8
36474,Rigid,2651742,2651745,2656221,3,4476,4479,completed,8
36475,Rigid,2651743,2651745,2656357,2,4612,4614,completed,8
36476,Rigid,2651743,2651745,2656282,2,4537,4539,completed,8
36477,Rigid,2651743,2651745,2656347,2,4602,4604,completed,8
36478,Rigid,2651743,2651745,2656175,2,4430,4432,completed,8
36479,Rigid,2651743,2651745,2656224,2,4479,4481,completed,8
36480,Rigid,2651743,2651745,2656274,2,4529,4531,completed,8
36481,Rigid,2651743,2651745,2656175,2,4430,4432,completed,8
36482,Rigid,2651743,2651745,2656188,2,4443,4445,completed,8
36483,Rigid,2651743,2651745,2656186,2,4441,4443,completed,8
36484,Rigid,2651743,2651745,2656213,2,4468,4470,completed,8
36485,Rigid,2651744,2651745,2656180,1,4435,4436,completed,8
36486,Rigid,2651744,2651745,2656269,1,4524,4525,completed,8
36487,Rigid,2651744,2651745,2656181,1,4436,4437,completed,8
36488,Rigid,2651744,2651745,2656159,1,4414,4415,completed,8
36489,Rigid,2651744,2651745,2656831,1,5086,5087,completed,8
36490,Rigid,2651744,2651745,2656359,1,4614,4615,completed,8
36491,Rigid,2651744,2651745,2656204,1,4459,4460,completed,8
36492,Rigid,2651744,2651745,2656159,1,4414,4415,completed,8
36493,Rigid,2651744,2651745,2656278,1,4533,4534,completed,8
36494,Rigid,2651744,2651745,2656860,1,5115,5116,completed,8
36495,Rigid,2651744,2651745,2656266,1,4521,4522,completed,8
36496,Rigid,2651744,2651745,2656187,1,4442,4443,completed,8
36497,Rigid,2651744,2651745,2657014,1,5269,5270,completed,8
36498,Rigid,2651744,2651745,2656303,1,4558,4559,completed,8
36499,Rigid,2651745,2651745,2656304,0,4559,4559,completed,8
36500,Rigid,2651745,2651745,2656831,0,5086,5086,completed,8
36501,Rigid,2651745,2651745,2656205,0,4460,4460,completed,8
36502,Rigid,2651745,2651745,2656211,0,4466,4466,completed,8
36503,Rigid,2651745,2651745,2656834,0,5089,5089,completed,8
36504,Rigid,2651745,2651745,2656167,0,4422,4422,completed,8
36505,Rigid,2651745,2651745,2656203,0,4458,4458,completed,8
36506,Rigid,2651745,2651749,2656994,4,5245,5249,completed,8
36507,Rigid,2651745,2651749,2656210,4,4461,4465,completed,8
36508,Rigid,2651745,2651749,2656668,4,4919,4923,completed,8
36509,Rigid,2651745,2651749,2656215,4,4466,4470,completed,8
36510,Rigid,2651745,2651749,2656278,4,4529,4533,completed,8
36511,Rigid,2651745,2651749,2656860,4,5111,5115,completed,8
36512,Rigid,2651745,2651749,2656265,4,4516,4520,completed,8
36513,Rigid,2651745,2651749,2656755,4,5006,5010,completed,8
36514,Rigid,2651746,2651749,2656288,3,4539,4542,completed,8
36515,Rigid,2651746,2651749,2656500,3,4751,4754,completed,8
36516,Rigid,2651746,2651749,2656232,3,4483,4486,completed,8
36517,Rigid,2651746,2651749,2656228,3,4479,4482,completed,8
36518,Rigid,2651746,2651749,2656241,3,4492,4495,completed,8
36519,Rigid,2651746,2651749,2656252,3,4503,4506,completed,8
36520,Rigid,2651746,2651749,2656174,3,4425,4428,completed,8
36521,Rigid,2651746,2651749,2656225,3,4476,4479,completed,8
36522,Rigid,2651746,2651749,2656358,3,4609,4612,completed,8
36523,Rigid,2651746,2651749,2656370,3,4621,4624,completed,8
36524,Rigid,2651746,2651749,2656332,3,4583,4586,completed,8
36525,Rigid,2651746,2651749,2656366,3,4617,4620,completed,8
36526,Rigid,2651746,2651749,2656284,3,4535,4538,completed,8
36527,Rigid,2651746,2651749,2656371,3,4622,4625,completed,8
36528,Rigid,2651746,2651749,2656352,3,4603,4606,completed,8
36529,Rigid,2651746,2651749,2656342,3,4593,4596,completed,8
36530,Rigid,2651746,2651749,2656346,3,4597,4600,completed,8
36531,Rigid,2651747,2651749,2656329,2,4580,4582,completed,8
36532,Rigid,2651747,2651749,2656167,2,4418,4420,completed,8
36533,Rigid,2651747,2651749,2656278,2,4529,4531,completed,8
36534,Rigid,2651747,2651749,2656384,2,4635,4637,completed,8
36535,Rigid,2651747,2651749,2656330,2,4581,4583,completed,8
36536,Rigid,2651747,2651749,2656331,2,4582,4584,completed,8
36537,Rigid,2651747,2651749,2656334,2,4585,4587,completed,8
36538,Rigid,2651747,2651749,2656345,2,4596,4598,completed,8
36539,Rigid,2651747,2651749,2656445,2,4696,4698,completed,8
36540,Rigid,2651747,2651749,2656338,2,4589,4591,completed,8
36541,Rigid,2651747,2651749,2656339,2,4590,4592,completed,8
36542,Rigid,2651747,2651749,2656323,2,4574,4576,completed,8
36543,Rigid,2651747,2651749,2656500,2,4751,4753,completed,8
36544,Rigid,2651747,2651749,2656318,2,4569,4571,completed,8
36545,Rigid,2651747,2651749,2656320,2,4571,4573,completed,8
36546,Rigid,2651747,2651749,2656299,2,4550,4552,completed,8
36547,Rigid,2651747,2651749,2656482,2,4733,4735,completed,8
36548,Rigid,2651747,2651749,2656302,2,4553,4555,completed,8
36549,Rigid,2651747,2651749,2656344,2,4595,4597,completed,8
36550,Rigid,2651747,2651749,2656290,2,4541,4543,completed,8
36551,Rigid,2651747,2651749,2656481,2,4732,4734,completed,8
36552,Rigid,2651747,2651749,2656230,2,4481,4483,completed,8
36553,Rigid,2651747,2651749,2656234,2,4485,4487,completed,8
36554,Rigid,2651747,2651749,2656324,2,4575,4577,completed,8
36555,Rigid,2651747,2651749,2656305,2,4556,4558,completed,8
36556,Rigid,2651747,2651749,2656449,2,4700,4702,completed,8
36557,Rigid,2651747,2651749,2656313,2,4564,4566,completed,8
36558,Rigid,2651748,2651749,2656340,1,4591,4592,completed,8
36559,Rigid,2651748,2651749,2656339,1,4590,4591,completed,8
36560,Rigid,2651748,2651749,2656253,1,4504,4505,completed,8
36561,Rigid,2651748,2651749,2656453,1,4704,4705,completed,8
36562,Rigid,2651748,2651749,2656248,1,4499,4500,completed,8
36563,Rigid,2651748,2651749,2656353,1,4604,4605,completed,8
36564,Rigid,2651748,2651749,2656255,1,4506,4507,completed,8
36565,Rigid,2651748,2651749,2656251,1,4502,4503,completed,8
36566,Rigid,2651748,2651749,2656425,1,4676,4677,completed,8
36567,Rigid,2651748,2651749,2656321,1,4572,4573,completed,8
36568,Rigid,2651748,2651749,2656354,1,4605,4606,completed,8
36569,Rigid,2651748,2651749,2656278,1,4529,4530,completed,8
36570,Rigid,2651748,2651749,2656248,1,4499,4500,completed,8
36571,Rigid,2651748,2651749,2656486,1,4737,4738,completed,8
36572,Rigid,2651748,2651749,2656343,1,4594,4595,completed,8
36573,Rigid,2651748,2651749,2656341,1,4592,4593,completed,8
36574,Rigid,2651748,2651749,2656205,1,4456,4457,completed,8
36575,Rigid,2651748,2651749,2656464,1,4715,4716,completed,8
36576,Rigid,2651748,2651749,2656314,1,4565,4566,completed,8
36577,Rigid,2651748,2651749,2656314,1,4565,4566,completed,8
36578,Rigid,2651748,2651749,2656282,1,4533,4534,completed,8
36579,Rigid,2651748,2651749,2656328,1,4579,4580,completed,8
36580,Rigid,2651748,2651749,2656380,1,4631,4632,completed,8
36581,Rigid,2651748,2651749,2656285,1,4536,4537,completed,8
36582,Rigid,2651748,2651749,2656309,1,4560,4561,completed,8
36583,Rigid,2651748,2651749,2656184,1,4435,4436,completed,8
36584,Rigid,2651748,2651749,2656202,1,4453,4454,completed,8
36585,Rigid,2651748,2651749,2656532,1,4783,4784,completed,8
36586,Rigid,2651748,2651749,2656298,1,4549,4550,completed,8
36587,Rigid,2651749,2651749,2656297,0,4548,4548,completed,8
36588,Rigid,2651749,2651749,2656261,0,4512,4512,completed,8
36589,Rigid,2651749,2651749,2656434,0,4685,4685,completed,8
36590,Rigid,2651749,2651749,2656268,0,4519,4519,completed,8
36591,Rigid,2651749,2651749,2656225,0,4476,4476,completed,8
36592,Rigid,2651749,2651749,2656324,0,4575,4575,completed,8
36593,Rigid,2651749,2651753,2656333,4,4580,4584,completed,8
36594,Rigid,2651749,2651753,2656273,4,4520,4524,completed,8
36595,Rigid,2651749,2651753,2656387,4,4634,4638,completed,8
36596,Rigid,2651749,2651753,2656330,4,4577,4581,completed,8
36597,Rigid,2651749,2651753,2656409,4,4656,4660,completed,8
36598,Rigid,2651749,2651753,2656272,4,4519,4523,completed,8
36599,Rigid,2651749,2651753,2656312,4,4559,4563,completed,8
36600,Rigid,2651749,2651753,2656312,4,4559,4563,completed,8
36601,Rigid,2651749,2651753,2656285,4,4532,4536,completed,8
36602,Rigid,2651749,2651753,2656213,4,4460,4464,completed,8
36603,Rigid,2651749,2651753,2656244,4,4491,4495,completed,8
36604,Rigid,2651750,2651753,2656287,3,4534,4537,completed,8
36605,Rigid,2651750,2651753,2656234,3,4481,4484,completed,8
36606,Rigid,2651750,2651753,2656497,3,4744,4747,completed,8
36607,Rigid,2651750,2651753,2656344,3,4591,4594,completed,8
36608,Rigid,2651750,2651753,2656137,3,4384,4387,completed,8
36609,Rigid,2651750,2651753,2656430,3,4677,4680,completed,8
36610,Rigid,2651750,2651753,2656223,3,4470,4473,completed,8
36611,Rigid,2651750,2651753,2656222,3,4469,4472,completed,8
36612,Rigid,2651750,2651753,2656186,3,4433,4436,completed,8
36613,Rigid,2651750,2651753,2656294,3,4541,4544,completed,8
36614,Rigid,2651750,2651753,2656291,3,4538,4541,completed,8
36615,Rigid,2651750,2651753,2656295,3,4542,4545,completed,8
36616,Rigid,2651750,2651753,2656275,3,4522,4525,completed,8
36617,Rigid,2651750,2651753,2656286,3,4533,4536,completed,8
36618,Rigid,2651750,2651753,2656284,3,4531,4534,completed,8
36619,Rigid,2651750,2651753,2656265,3,4512,4515,completed,8
36620,Rigid,2651750,2651753,2656181,3,4428,4431,completed,8
36621,Rigid,2651750,2651753,2656215,3,4462,4465,completed,8
36622,Rigid,2651750,2651753,2656326,3,4573,4576,completed,8
36623,Rigid,2651750,2651753,2656335,3,4582,4585,completed,8
36624,Rigid,2651750,2651753,2656214,3,4461,4464,completed,8
36625,Rigid,2651750,2651753,2656428,3,4675,4678,completed,8
36626,Rigid,2651750,2651753,2656340,3,4587,4590,completed,8
36627,Rigid,2651750,2651753,2656265,3,4512,4515,completed,8
36628,Rigid,2651750,2651753,2656275,3,4522,4525,completed,8
36629,Rigid,2651750,2651753,2656336,3,4583,4586,completed,8
36630,Rigid,2651750,2651753,2656275,3,4522,4525,completed,8
36631,Rigid,2651750,2651753,2656267,3,4514,4517,completed,8
36632,Rigid,2651750,2651753,2656342,3,4589,4592,completed,8
36633,Rigid,2651750,2651753,2656311,3,4558,4561,completed,8
36634,Rigid,2651751,2651753,2656311,2,4558,4560,completed,8
36635,Rigid,2651751,2651753,2656250,2,4497,4499,completed,8
36636,Rigid,2651751,2651753,2656244,2,4491,4493,completed,8
36637,Rigid,2651751,2651753,2656377,2,4624,4626,completed,8
36638,Rigid,2651751,2651753,2656342,2,4589,4591,completed,8
36639,Rigid,2651751,2651753,2656342,2,4589,4591,completed,8
36640,Rigid,2651751,2651753,2656342,2,4589,4591,completed,8
36641,Rigid,2651751,2651753,2656313,2,4560,4562,completed,8
36642,Rigid,2651751,2651753,2656323,2,4570,4572,completed,8
36643,Rigid,2651751,2651753,2656314,2,4561,4563,completed,8
36644,Rigid,2651751,2651753,2656313,2,4560,4562,completed,8
36645,Rigid,2651751,2651753,2656343,2,4590,4592,completed,8
36646,Rigid,2651751,2651753,2656343,2,4590,4592,completed,8
36647,Rigid,2651751,2651753,2656261,2,4508,4510,completed,8
36648,Rigid,2651751,2651753,2656284,2,4531,4533,completed,8
36649,Rigid,2651751,2651753,2656301,2,4548,4550,completed,8
36650,Rigid,2651751,2651753,2656341,2,4588,4590,completed,8
36651,Rigid,2651751,2651753,2656281,2,4528,4530,completed,8
36652,Rigid,2651751,2651753,2656343,2,4590,4592,completed,8
36653,Rigid,2651751,2651753,2656338,2,4585,4587,completed,8
36654,Rigid,2651751,2651753,2656337,2,4584,4586,completed,8
36655,Rigid,2651751,2651753,2656335,2,4582,4584,completed,8
36656,Rigid,2651751,2651753,2656267,2,4514,4516,completed,8
36657,Rigid,2651751,2651753,2656277,2,4524,4526,completed,8
36658,Rigid,2651751,2651753,2656263,2,4510,4512,completed,8
36659,Rigid,2651751,2651753,2656137,2,4384,4386,completed,8
36660,Rigid,2654253,2654253,2666235,0,11982,11982,completed,9
36661,Rigid,2655323,2655323,2655344,0,21,21,completed,1
36662,Rigid,2655363,2655363,2655722,0,359,359,completed,1
36663,Rigid,2655753,2655753,2664637,0,8884,8884,completed,9
36664,Rigid,2656140,2656141,2661523,1,5382,5383,completed,8
36665,Rigid,2656145,2656146,2660578,1,4432,4433,completed,8
36666,Rigid,2656177,2656178,2660605,1,4427,4428,completed,8
36667,Rigid,2656177,2656178,2660603,1,4425,4426,completed,8
36668,Rigid,2656178,2656181,2660604,3,4423,4426,completed,8
36669,Rigid,2656178,2656181,2660620,3,4439,4442,completed,8
36670,Rigid,2656180,2656181,2660603,1,4422,4423,completed,8
36671,Rigid,2656181,2656181,2660619,0,4438,4438,completed,8
36672,Rigid,2656182,2656183,2660638,1,4455,4456,completed,8
36673,Rigid,2656198,2656199,2660668,1,4469,4470,completed,8
36674,Rigid,2656201,2656203,2660668,2,4465,4467,completed,8
36675,Rigid,2656202,2656203,2660602,1,4399,4400,completed,8
36676,Rigid,2656208,2656209,2660633,1,4424,4425,completed,8
36677,Rigid,2656208,2656209,2660621,1,4412,4413,completed,8
36678,Rigid,2656208,2656209,2660603,1,4394,4395,completed,8
36679,Rigid,2656209,2656209,2660621,0,4412,4412,completed,8
36680,Rigid,2656209,2656212,2660623,3,4411,4414,completed,8
36681,Rigid,2656209,2656212,2660633,3,4421,4424,completed,8
36682,Rigid,2656210,2656212,2660661,2,4449,4451,completed,8
36683,Rigid,2656210,2656212,2660601,2,4389,4391,completed,8
36684,Rigid,2656229,2656230,2660657,1,4427,4428,completed,8
36685,Rigid,2656230,2656231,2660616,1,4385,4386,completed,8
36686,Rigid,2656230,2656231,2660666,1,4435,4436,completed,8
36687,Rigid,2656231,2656233,2660623,2,4390,4392,completed,8
36688,Rigid,2656232,2656233,2660621,1,4388,4389,completed,8
36689,Rigid,2656232,2656233,2660644,1,4411,4412,completed,8
36690,Rigid,2656233,2656233,2660636,0,4403,4403,completed,8
36691,Rigid,2656233,2656233,2660603,0,4370,4370,completed,8
36692,Rigid,2656238,2656239,2660634,1,4395,4396,completed,8
36693,Rigid,2656239,2656242,2660647,3,4405,4408,completed,8
36694,Rigid,2656239,2656242,2660635,3,4393,4396,completed,8
36695,Rigid,2656240,2656242,2660633,2,4391,4393,completed,8
36696,Rigid,2656240,2656242,2660616,2,4374,4376,completed,8
36697,Rigid,2656240,2656242,2660557,2,4315,4317,completed,8
36698,Rigid,2656241,2656242,2660658,1,4416,4417,completed,8
36699,Rigid,2656241,2656242,2660646,1,4404,4405,completed,8
36700,Rigid,2656241,2656242,2660647,1,4405,4406,completed,8
36701,Rigid,2656241,2656242,2660663,1,4421,4422,completed,8
36702,Rigid,2656244,2656245,2660643,1,4398,4399,completed,8
36703,Rigid,2656245,2656246,2660618,1,4372,4373,completed,8
36704,Rigid,2656262,2656263,2660694,1,4431,4432,completed,8
36705,Rigid,2656263,2656264,2660640,1,4376,4377,completed,8
36706,Rigid,2656264,2656264,2660605,0,4341,4341,completed,8
36707,Rigid,2656266,2656266,2660694,0,4428,4428,completed,8
36708,Rigid,2656266,2656266,2660646,0,4380,4380,completed,8
36709,Rigid,2656267,2656268,2660689,1,4421,4422,completed,8
36710,Rigid,2656268,2656268,2660660,0,4392,4392,completed,8
36711,Rigid,2656268,2656268,2660667,0,4399,4399,completed,8
36712,Rigid,2656270,2656271,2660773,1,4502,4503,completed,8
36713,Rigid,2656271,2656271,2660655,0,4384,4384,completed,8
36714,Rigid,2656272,2656274,2660650,2,4376,4378,completed,8
36715,Rigid,2656272,2656274,2660687,2,4413,4415,completed,8
36716,Rigid,2656276,2656276,2660644,0,4368,4368,completed,8
36717,Rigid,2656276,2656276,2660631,0,4355,4355,completed,8
36718,Rigid,2656276,2656276,2660620,0,4344,4344,completed,8
36719,Rigid,2656276,2656276,2660763,0,4487,4487,completed,8
36720,Rigid,2656277,2656278,2660673,1,4395,4396,completed,8
36721,Rigid,2656294,2656294,2660671,0,4377,4377,completed,8
36722,Rigid,2656294,2656294,2660664,0,4370,4370,completed,8
36723,Rigid,2656294,2656295,2660349,1,4054,4055,completed,8
36724,Rigid,2656295,2656295,2660761,0,4466,4466,completed,8
36725,Rigid,2656295,2656295,2660732,0,4437,4437,completed,8
36726,Rigid,2656295,2656297,2660713,2,4416,4418,completed,8
36727,Rigid,2656296,2656297,2660728,1,4431,4432,completed,8
36728,Rigid,2656296,2656297,2660770,1,4473,4474,completed,8
36729,Rigid,2656296,2656297,2660738,1,4441,4442,completed,8
36730,Rigid,2656296,2656297,2660718,1,4421,4422,completed,8
36731,Rigid,2656296,2656297,2660742,1,4445,4446,completed,8
36732,Rigid,2656296,2656297,2660753,1,4456,4457,completed,8
36733,Rigid,2656297,2656297,2660648,0,4351,4351,completed,8
36734,Rigid,2656297,2656298,2660660,1,4362,4363,completed,8
36735,Rigid,2656297,2656298,2660673,1,4375,4376,completed,8
36736,Rigid,2656297,2656298,2660690,1,4392,4393,completed,8
36737,Rigid,2656297,2656298,2660669,1,4371,4372,completed,8
36738,Rigid,2656298,2656298,2660659,0,4361,4361,completed,8
36739,Rigid,2656299,2656299,2660726,0,4427,4427,completed,8
36740,Rigid,2656299,2656299,2660706,0,4407,4407,completed,8
36741,Rigid,2656300,2656300,2660738,0,4438,4438,completed,8
36742,Rigid,2656301,2656302,2660729,1,4427,4428,completed,8
36743,Rigid,2656301,2656302,2660665,1,4363,4364,completed,8
36744,Rigid,2656302,2656302,2660709,0,4407,4407,completed,8
36745,Rigid,2656302,2656302,2660699,0,4397,4397,completed,8
36746,Rigid,2656303,2656303,2660733,0,4430,4430,completed,8
36747,Rigid,2656303,2656305,2660699,2,4394,4396,completed,8
36748,Rigid,2656304,2656305,2660688,1,4383,4384,completed,8
36749,Rigid,2656304,2656305,2660668,1,4363,4364,completed,8
36750,Rigid,2656306,2656306,2660703,0,4397,4397,completed,8
36751,Rigid,2656306,2656306,2660707,0,4401,4401,completed,8
36752,Rigid,2656306,2656306,2660739,0,4433,4433,completed,8
36753,Rigid,2656306,2656306,2660666,0,4360,4360,completed,8
36754,Rigid,2656307,2656310,2660729,3,4419,4422,completed,8
36755,Rigid,2656327,2656327,2660734,0,4407,4407,completed,8
36756,Rigid,2656327,2656327,2660738,0,4411,4411,completed,8
36757,Rigid,2656327,2656330,2660705,3,4375,4378,completed,8
36758,Rigid,2656327,2656330,2660702,3,4372,4375,completed,8
36759,Rigid,2656328,2656330,2660702,2,4372,4374,completed,8
36760,Rigid,2656328,2656330,2660759,2,4429,4431,completed,8
36761,Rigid,2656328,2656330,2660710,2,4380,4382,completed,8
36762,Rigid,2656328,2656330,2660710,2,4380,4382,completed,8
36763,Rigid,2656329,2656330,2660709,1,4379,4380,completed,8
36764,Rigid,2656329,2656330,2660752,1,4422,4423,completed,8
36765,Rigid,2656329,2656330,2660692,1,4362,4363,completed,8
36766,Rigid,2656330,2656330,2660716,0,4386,4386,completed,8
36767,Rigid,2656330,2656330,2660737,0,4407,4407,completed,8
36768,Rigid,2656330,2656330,2660739,0,4409,4409,completed,8
36769,Rigid,2656330,2656330,2660680,0,4350,4350,completed,8
36770,Rigid,2656330,2656331,2660733,1,4402,4403,completed,8
36771,Rigid,2656333,2656334,2660699,1,4365,4366,completed,8
36772,Rigid,2656333,2656334,2660690,1,4356,4357,completed,8
36773,Rigid,2656334,2656335,2660726,1,4391,4392,completed,8
36774,Rigid,2656335,2656335,2660697,0,4362,4362,completed,8
36775,Rigid,2656335,2656335,2660702,0,4367,4367,completed,8
36776,Rigid,2656335,2656335,2660706,0,4371,4371,completed,8
36777,Rigid,2656335,2656335,2660701,0,4366,4366,completed,8
36778,Rigid,2656336,2656336,2660709,0,4373,4373,completed,8
36779,Rigid,2656336,2656336,2660720,0,4384,4384,completed,8
36780,Rigid,2656336,2656336,2660679,0,4343,4343,completed,8
36781,Rigid,2656336,2656336,2660699,0,4363,4363,completed,8
36782,Rigid,2656336,2656337,2660728,1,4391,4392,completed,8
36783,Rigid,2656337,2656337,2660680,0,4343,4343,completed,8
36784,Rigid,2656359,2656360,2660725,1,4365,4366,completed,8
36785,Rigid,2656360,2656361,2660751,1,4390,4391,completed,8
36786,Rigid,2656360,2656361,2660730,1,4369,4370,completed,8
36787,Rigid,2656360,2656361,2660705,1,4344,4345,completed,8
36788,Rigid,2656361,2656364,2660719,3,4355,4358,completed,8
36789,Rigid,2656361,2656364,2660742,3,4378,4381,completed,8
36790,Rigid,2656362,2656364,2660731,2,4367,4369,completed,8
36791,Rigid,2656362,2656364,2660735,2,4371,4373,completed,8
36792,Rigid,2656362,2656364,2660731,2,4367,4369,completed,8
36793,Rigid,2656362,2656364,2660674,2,4310,4312,completed,8
36794,Rigid,2656362,2656364,2660731,2,4367,4369,completed,8
36795,Rigid,2656362,2656364,2660716,2,4352,4354,completed,8
36796,Rigid,2656362,2656364,2660706,2,4342,4344,completed,8
36797,Rigid,2656362,2656364,2660705,2,4341,4343,completed,8
36798,Rigid,2656362,2656364,2660745,2,4381,4383,completed,8
36799,Rigid,2656362,2656364,2660719,2,4355,4357,completed,8
36800,Rigid,2656362,2656364,2660710,2,4346,4348,completed,8
36801,Rigid,2656363,2656364,2660738,1,4374,4375,completed,8
36802,Rigid,2656363,2656364,2660738,1,4374,4375,completed,8
36803,Rigid,2656364,2656371,2660729,7,4358,4365,completed,8
36804,Rigid,2656364,2656371,2660707,7,4336,4343,completed,8
36805,Rigid,2656364,2656371,2660738,7,4367,4374,completed,8
36806,Rigid,2656365,2656371,2660713,6,4342,4348,completed,8
36807,Rigid,2656365,2656371,2660713,6,4342,4348,completed,8
36808,Rigid,2656365,2656371,2660733,6,4362,4368,completed,8
36809,Rigid,2656365,2656371,2660733,6,4362,4368,completed,8
36810,Rigid,2656370,2656371,2660728,1,4357,4358,completed,8
36811,Rigid,2656370,2656371,2660728,1,4357,4358,completed,8
36812,Rigid,2656370,2656371,2660724,1,4353,4354,completed,8
36813,Rigid,2656370,2656371,2660725,1,4354,4355,completed,8
36814,Rigid,2656371,2656371,2660734,0,4363,4363,completed,8
36815,Rigid,2656371,2656371,2660739,0,4368,4368,completed,8
36816,Rigid,2656371,2656371,2660711,0,4340,4340,completed,8
36817,Rigid,2656371,2656372,2660716,1,4344,4345,completed,8
36818,Rigid,2656371,2656372,2660714,1,4342,4343,completed,8
36819,Rigid,2656372,2656372,2660734,0,4362,4362,completed,8
36820,Rigid,2656397,2656398,2660731,1,4333,4334,completed,8
36821,Rigid,2656398,2656398,2660733,0,4335,4335,completed,8
36822,Rigid,2656398,2656402,2660732,4,4330,4334,completed,8
36823,Rigid,2656399,2656402,2660759,3,4357,4360,completed,8
36824,Rigid,2656399,2656402,2660743,3,4341,4344,completed,8
36825,Rigid,2656400,2656402,2660729,2,4327,4329,completed,8
36826,Rigid,2656400,2656402,2660750,2,4348,4350,completed,8
36827,Rigid,2656400,2656402,2660753,2,4351,4353,completed,8
36828,Rigid,2656400,2656402,2660803,2,4401,4403,completed,8
36829,Rigid,2656428,2656428,2660750,0,4322,4322,completed,8
36830,Rigid,2656428,2656428,2660750,0,4322,4322,completed,8
36831,Rigid,2656429,2656431,2660740,2,4309,4311,completed,8
36832,Rigid,2656429,2656431,2660811,2,4380,4382,completed,8
36833,Rigid,2656431,2656432,2660752,1,4320,4321,completed,8
36834,Rigid,2656458,2656458,2660756,0,4298,4298,completed,8
36835,Rigid,2656458,2656458,2660788,0,4330,4330,completed,8
36836,Rigid,2656460,2656462,2660783,2,4321,4323,completed,8
36837,Rigid,2656461,2656462,2660778,1,4316,4317,completed,8
36838,Rigid,2656462,2656462,2660796,0,4334,4334,completed,8
36839,Rigid,2656488,2656489,2660853,1,4364,4365,completed,8
36840,Rigid,2656491,2656493,2660858,2,4365,4367,completed,8
36841,Rigid,2656492,2656493,2660876,1,4383,4384,completed,8
36842,Rigid,2656492,2656493,2660866,1,4373,4374,completed,8
36843,Rigid,2656520,2656522,2660916,2,4394,4396,completed,8
36844,Rigid,2656520,2656522,2660857,2,4335,4337,completed,8
36845,Rigid,2656521,2656522,2660898,1,4376,4377,completed,8
36846,Rigid,2656521,2656522,2660900,1,4378,4379,completed,8
36847,Rigid,2656550,2656550,2660908,0,4358,4358,completed,8
36848,Rigid,2656550,2656550,2660918,0,4368,4368,completed,8
36849,Rigid,2656550,2656550,2660920,0,4370,4370,completed,8
36850,Rigid,2656580,2656582,2660917,2,4335,4337,completed,8
36851,Rigid,2656580,2656582,2660917,2,4335,4337,completed,8
36852,Rigid,2656580,2656582,2660894,2,4312,4314,completed,8
36853,Rigid,2656581,2656582,2660913,1,4331,4332,completed,8
36854,Rigid,2656611,2656611,2660975,0,4364,4364,completed,8
36855,Rigid,2656671,2656672,2661115,1,4443,4444,completed,8
36856,Rigid,2656761,2656762,2661165,1,4403,4404,completed,8
36857,Rigid,2656852,2656852,2661208,0,4356,4356,completed,8
36858,Rigid,2656852,2656852,2661198,0,4346,4346,completed,8
36859,Rigid,2656852,2656852,2661212,0,4360,4360,completed,8
36860,Rigid,2656882,2656882,2661265,0,4383,4383,completed,8
36861,Rigid,2656882,2656882,2661273,0,4391,4391,completed,8
36862,Rigid,2657006,2657006,2661407,0,4401,4401,completed,8
36863,Rigid,2657036,2657036,2657041,0,5,5,completed,1
36864,Rigid,2657048,2657048,2661406,0,4358,4358,completed,8
36865,Rigid,2660375,2660375,2664714,0,4339,4339,completed,8
36866,Rigid,2660562,2660562,2660570,0,8,8,completed,1
36867,Rigid,2660575,2660576,2664922,1,4346,4347,completed,8
36868,Rigid,2660593,2660594,2664750,1,4156,4157,completed,8
36869,Rigid,2660618,2660619,2664880,1,4261,4262,completed,8
36870,Rigid,2660620,2660620,2664961,0,4341,4341,completed,8
36871,Rigid,2660620,2660621,2664953,1,4332,4333,completed,8
36872,Rigid,2660621,2660621,2664909,0,4288,4288,completed,8
36873,Rigid,2660621,2660622,2664909,1,4287,4288,completed,8
36874,Rigid,2660622,2660622,2664967,0,4345,4345,completed,8
36875,Rigid,2660622,2660622,2664911,0,4289,4289,completed,8
36876,Rigid,2660623,2660623,2664915,0,4292,4292,completed,8
36877,Rigid,2660623,2660623,2664963,0,4340,4340,completed,8
36878,Rigid,2660623,2660623,2664926,0,4303,4303,completed,8
36879,Rigid,2660623,2660623,2664774,0,4151,4151,completed,8
36880,Rigid,2660623,2660623,2664939,0,4316,4316,completed,8
36881,Rigid,2660624,2660624,2660628,0,4,4,completed,1
36882,Rigid,2660624,2660624,2664733,0,4109,4109,completed,8
36883,Rigid,2660624,2660624,2664963,0,4339,4339,completed,8
36884,Rigid,2660624,2660624,2664939,0,4315,4315,completed,8
36885,Rigid,2660624,2660624,2664902,0,4278,4278,completed,8
36886,Rigid,2660636,2660637,2664799,1,4162,4163,completed,8
36887,Rigid,2660648,2660649,2664995,1,4346,4347,completed,8
36888,Rigid,2660650,2660652,2664849,2,4197,4199,completed,8
36889,Rigid,2660650,2660652,2664899,2,4247,4249,completed,8
36890,Rigid,2660651,2660652,2664934,1,4282,4283,completed,8
36891,Rigid,2660651,2660652,2665007,1,4355,4356,completed,8
36892,Rigid,2660651,2660652,2665007,1,4355,4356,completed,8
36893,Rigid,2660652,2660652,2665005,0,4353,4353,completed,8
36894,Rigid,2660652,2660653,2664973,1,4320,4321,completed,8
36895,Rigid,2660652,2660653,2664971,1,4318,4319,completed,8
36896,Rigid,2660653,2660653,2665021,0,4368,4368,completed,8
36897,Rigid,2660653,2660653,2664747,0,4094,4094,completed,8
36898,Rigid,2660653,2660653,2664954,0,4301,4301,completed,8
36899,Rigid,2660653,2660656,2664780,3,4124,4127,completed,8
36900,Rigid,2660653,2660656,2665020,3,4364,4367,completed,8
36901,Rigid,2660653,2660656,2665020,3,4364,4367,completed,8
36902,Rigid,2660653,2660656,2664658,3,4002,4005,completed,8
36903,Rigid,2660653,2660656,2664990,3,4334,4337,completed,8
36904,Rigid,2660653,2660656,2664975,3,4319,4322,completed,8
36905,Rigid,2660654,2660656,2664624,2,3968,3970,completed,8
36906,Rigid,2660654,2660656,2665015,2,4359,4361,completed,8
36907,Rigid,2660654,2660656,2664971,2,4315,4317,completed,8
36908,Rigid,2660680,2660680,2665039,0,4359,4359,completed,8
36909,Rigid,2660680,2660680,2665071,0,4391,4391,completed,8
36910,Rigid,2660681,2660681,2665074,0,4393,4393,completed,8
36911,Rigid,2660681,2660681,2665043,0,4362,4362,completed,8
36912,Rigid,2660681,2660681,2665062,0,4381,4381,completed,8
36913,Rigid,2660681,2660681,2664990,0,4309,4309,completed,8
36914,Rigid,2660681,2660684,2665011,3,4327,4330,completed,8
36915,Rigid,2660682,2660684,2664838,2,4154,4156,completed,8
36916,Rigid,2660683,2660684,2664641,1,3957,3958,completed,8
36917,Rigid,2660683,2660684,2664805,1,4121,4122,completed,8
36918,Rigid,2660683,2660684,2664998,1,4314,4315,completed,8
36919,Rigid,2660683,2660684,2665015,1,4331,4332,completed,8
36920,Rigid,2660684,2660684,2664851,0,4167,4167,completed,8
36921,Rigid,2660684,2660684,2664680,0,3996,3996,completed,8
36922,Rigid,2660684,2660684,2665009,0,4325,4325,completed,8
36923,Rigid,2660684,2660684,2665038,0,4354,4354,completed,8
36924,Rigid,2660684,2660684,2665039,0,4355,4355,completed,8
36925,Rigid,2660684,2660684,2664797,0,4113,4113,completed,8
36926,Rigid,2660684,2660684,2664798,0,4114,4114,completed,8
36927,Rigid,2660684,2660688,2664853,4,4165,4169,completed,8
36928,Rigid,2660706,2660706,2664858,0,4152,4152,completed,8
36929,Rigid,2660706,2660706,2665077,0,4371,4371,completed,8
36930,Rigid,2660707,2660707,2665030,0,4323,4323,completed,8
36931,Rigid,2660707,2660707,2665065,0,4358,4358,completed,8
36932,Rigid,2660709,2660710,2665077,1,4367,4368,completed,8
36933,Rigid,2660709,2660710,2664766,1,4056,4057,completed,8
36934,Rigid,2660709,2660710,2665054,1,4344,4345,completed,8
36935,Rigid,2660709,2660710,2664838,1,4128,4129,completed,8
36936,Rigid,2660710,2660710,2664852,0,4142,4142,completed,8
36937,Rigid,2660710,2660710,2664717,0,4007,4007,completed,8
36938,Rigid,2660710,2660710,2664674,0,3964,3964,completed,8
36939,Rigid,2660710,2660710,2664702,0,3992,3992,completed,8
36940,Rigid,2660711,2660711,2665057,0,4346,4346,completed,8
36941,Rigid,2660711,2660711,2665038,0,4327,4327,completed,8
36942,Rigid,2660711,2660711,2664658,0,3947,3947,completed,8
36943,Rigid,2660711,2660711,2665069,0,4358,4358,completed,8
36944,Rigid,2660711,2660711,2664674,0,3963,3963,completed,8
36945,Rigid,2660711,2660711,2665038,0,4327,4327,completed,8
36946,Rigid,2660711,2660711,2665038,0,4327,4327,completed,8
36947,Rigid,2660711,2660712,2664862,1,4150,4151,completed,8
36948,Rigid,2660713,2660714,2664781,1,4067,4068,completed,8
36949,Rigid,2660713,2660714,2664745,1,4031,4032,completed,8
36950,Rigid,2660713,2660714,2665021,1,4307,4308,completed,8
36951,Rigid,2660713,2660714,2664641,1,3927,3928,completed,8
36952,Rigid,2660713,2660714,2664972,1,4258,4259,completed,8
36953,Rigid,2660713,2660714,2665007,1,4293,4294,completed,8
36954,Rigid,2660714,2660714,2662523,0,1809,1809,completed,8
36955,Rigid,2660714,2660714,2662564,0,1850,1850,completed,8
36956,Rigid,2660714,2660714,2662523,0,1809,1809,completed,8
36957,Rigid,2660715,2660715,2665889,0,5174,5174,completed,4
36958,Rigid,2660715,2660715,2666499,0,5784,5784,completed,4
36959,Rigid,2660715,2660715,2665628,0,4913,4913,completed,4
36960,Rigid,2660715,2660717,2665901,2,5184,5186,completed,4
36961,Rigid,2660738,2660739,2666640,1,5901,5902,completed,4
36962,Rigid,2660739,2660739,2666108,0,5369,5369,completed,4
36963,Rigid,2660739,2660739,2666670,0,5931,5931,completed,4
36964,Rigid,2660739,2660739,2664029,0,3290,3290,completed,4
36965,Rigid,2660740,2660740,2665772,0,5032,5032,completed,4
36966,Rigid,2660741,2660742,2666156,1,5414,5415,completed,4
36967,Rigid,2660741,2660742,2663965,1,3223,3224,completed,4
36968,Rigid,2660741,2660742,2665873,1,5131,5132,completed,4
36969,Rigid,2660741,2660742,2664984,1,4242,4243,completed,4
36970,Rigid,2660741,2660742,2665093,1,4351,4352,completed,4
36971,Rigid,2660741,2660742,2664732,1,3990,3991,completed,4
36972,Rigid,2660741,2660742,2664746,1,4004,4005,completed,4
36973,Rigid,2660742,2660743,2664185,1,3442,3443,completed,4
36974,Rigid,2660742,2660743,2666203,1,5460,5461,completed,4
36975,Rigid,2660742,2660743,2664964,1,4221,4222,completed,4
36976,Rigid,2660742,2660743,2667699,1,6956,6957,completed,4
36977,Rigid,2660742,2660743,2671234,1,10491,10492,completed,4
36978,Rigid,2660742,2660743,2666260,1,5517,5518,completed,4
36979,Rigid,2660742,2660743,2666305,1,5562,5563,completed,4
36980,Rigid,2660742,2660743,2670913,1,10170,10171,completed,4
36981,Rigid,2660796,2660796,2660801,0,5,5,completed,1
36982,Rigid,2662910,2662911,2662913,1,2,3,completed,1
36983,Rigid,2662911,2662911,2662924,0,13,13,completed,1
36984,Rigid,2662911,2662911,2662925,0,14,14,completed,1
36985,Rigid,2662911,2662911,2662924,0,13,13,completed,1
36986,Rigid,2662911,2662911,2662925,0,14,14,completed,1
36987,Rigid,2662920,2662920,2666392,0,3472,3472,completed,1
36988,Rigid,2662920,2662920,2666399,0,3479,3479,completed,1
36989,Rigid,2662920,2662924,2666411,4,3487,3491,completed,1
36990,Rigid,2662920,2662924,2666379,4,3455,3459,completed,1
36991,Rigid,2662921,2662924,2666339,3,3415,3418,completed,1
36992,Rigid,2662921,2662924,2666360,3,3436,3439,completed,1
36993,Rigid,2662921,2662924,2666408,3,3484,3487,completed,1
36994,Rigid,2662921,2662924,2666434,3,3510,3513,completed,1
36995,Rigid,2663986,2663986,2665297,0,1311,1311,completed,1
36996,Rigid,2664049,2664049,2665418,0,1369,1369,completed,1
36997,Rigid,2664197,2664198,2666645,1,2447,2448,completed,1
36998,Rigid,2664741,2664742,2666409,1,1667,1668,completed,1
36999,Rigid,2664761,2664761,2666367,0,1606,1606,completed,1
37000,Rigid,2664883,2664884,2664891,1,7,8,completed,1
37001,Rigid,2664933,2664934,2671167,1,6233,6234,completed,9
37002,Rigid,2664971,2664972,2664980,1,8,9,completed,1
37003,Rigid,2664982,2664983,2667222,1,2239,2240,completed,1
37004,Rigid,2664998,2664999,2666524,1,1525,1526,completed,1
37005,Rigid,2665059,2665060,2665066,1,6,7,completed,1
37006,Rigid,2665072,2665073,2665077,1,4,5,completed,1
37007,Rigid,2665074,2665075,2665080,1,5,6,completed,1
37008,Rigid,2665085,2665086,2665091,1,5,6,completed,1
37009,Rigid,2665087,2665090,2665094,3,4,7,completed,1
37010,Rigid,2665087,2665090,2665094,3,4,7,completed,1
37011,Rigid,2665097,2665097,2666529,0,1432,1432,completed,1
37012,Rigid,2665421,2665424,2666602,3,1178,1181,completed,4
37013,Rigid,2665629,2665629,2667297,0,1668,1668,completed,1
37014,Rigid,2665775,2665775,2667734,0,1959,1959,completed,1
37015,Rigid,2665934,2665935,2667947,1,2012,2013,completed,1
37016,Rigid,2665970,2665971,2667515,1,1544,1545,completed,1
37017,Rigid,2665976,2665976,2667614,0,1638,1638,completed,1
37018,Rigid,2666121,2666122,2668019,1,1897,1898,completed,1
37019,Rigid,2666168,2666169,2668109,1,1940,1941,completed,1
37020,Rigid,2666205,2666205,2668106,0,1901,1901,completed,1
37021,Rigid,2666267,2666267,2668730,0,2463,2463,completed,1
37022,Rigid,2666313,2666313,2668795,0,2482,2482,completed,1
37023,Rigid,2666420,2666422,2667601,2,1179,1181,completed,4
37024,Rigid,2666454,2666454,2666461,0,7,7,completed,1
37025,Rigid,2666454,2666454,2666515,0,61,61,completed,1
37026,Rigid,2666454,2666454,2666466,0,12,12,completed,1
37027,Rigid,2666454,2666458,2666477,4,19,23,completed,1
37028,Rigid,2666454,2666458,2666462,4,4,8,completed,1
37029,Rigid,2666505,2666506,2668139,1,1633,1634,completed,1
37030,Rigid,2666513,2666513,2668489,0,1976,1976,completed,9
37031,Rigid,2666513,2666513,2698153,0,31640,31640,completed,9
37032,Rigid,2666540,2666542,2667638,2,1096,1098,completed,4
37033,Rigid,2666605,2666606,2667639,1,1033,1034,completed,4
37034,Rigid,2666605,2666606,2681666,1,15060,15061,completed,4
37035,Rigid,2666642,2666642,2668584,0,1942,1942,completed,1
37036,Rigid,2666678,2666678,2669166,0,2488,2488,completed,1
37037,Rigid,2667232,2667233,2668760,1,1527,1528,completed,4
37038,Rigid,2667609,2667609,2669165,0,1556,1556,completed,4
37039,Rigid,2667609,2667613,2681739,4,14126,14130,completed,4
37040,Rigid,2667621,2667622,2668854,1,1232,1233,completed,4
37041,Rigid,2667644,2667644,2669372,0,1728,1728,completed,4
37042,Rigid,2667644,2667648,2675527,4,7879,7883,completed,4
37043,Rigid,2667705,2667705,2669874,0,2169,2169,completed,1
37044,Rigid,2667951,2667952,2669447,1,1495,1496,completed,4
37045,Rigid,2668117,2668117,2669774,0,1657,1657,completed,4
37046,Rigid,2668149,2668149,2669461,0,1312,1312,completed,4
37047,Rigid,2668768,2668768,2672224,0,3456,3456,completed,4
37048,Rigid,2668768,2668768,2673490,0,4722,4722,completed,4
37049,Rigid,2668801,2668801,2670526,0,1725,1725,completed,4
37050,Rigid,2668857,2668858,2670621,1,1763,1764,completed,4
37051,Rigid,2668857,2668858,2685252,1,16394,16395,completed,4
37052,Rigid,2669170,2669170,2670889,0,1719,1719,completed,4
37053,Rigid,2669457,2669458,2671350,1,1892,1893,completed,4
37054,Rigid,2669457,2669458,2700021,1,30563,30564,completed,4
37055,Rigid,2669467,2669468,2670714,1,1246,1247,completed,4
37056,Rigid,2669467,2669468,2686267,1,16799,16800,completed,4
37057,Rigid,2669781,2669782,2671046,1,1264,1265,completed,4
37058,Rigid,2669781,2669782,2701657,1,31875,31876,completed,4
37059,Rigid,2669881,2669881,2671169,0,1288,1288,completed,4
37060,Rigid,2670534,2670534,2673450,0,2916,2916,completed,4
37061,Rigid,2670534,2670534,2675197,0,4663,4663,completed,4
37062,Rigid,2670892,2670892,2672570,0,1678,1678,completed,4
37063,Rigid,2670892,2670892,2700710,0,29818,29818,completed,4
37064,Rigid,2670915,2670915,2674577,0,3662,3662,completed,1
37065,Rigid,2671179,2671180,2673145,1,1965,1966,completed,4
37066,Rigid,2671180,2671180,2692215,0,21035,21035,completed,4
37067,Rigid,2671193,2671193,2678971,0,7778,7778,completed,9
37068,Rigid,2671235,2671235,2674904,0,3669,3669,completed,1
37069,Rigid,2672213,2672214,2680393,1,8179,8180,completed,36
37070,Rigid,2673500,2673502,2676080,2,2578,2580,completed,4
37071,Rigid,2673500,2673502,2673789,2,287,289,completed,1
37072,Rigid,2673500,2673502,2674080,2,578,580,completed,1
37073,Rigid,2673500,2673502,2673907,2,405,407,completed,1
37074,Rigid,2673500,2673502,2674999,2,1497,1499,completed,12
37075,Rigid,2674913,2674913,2677094,0,2181,2181,completed,4
37076,Rigid,2675004,2675005,2675043,1,38,39,completed,12
37077,Rigid,2675004,2675005,2675048,1,43,44,completed,12
37078,Rigid,2675004,2675005,2675042,1,37,38,completed,12
37079,Rigid,2675048,2675048,2675052,0,4,4,completed,1
37080,Rigid,2675048,2675048,2675052,0,4,4,completed,1
37081,Rigid,2675048,2675048,2675052,0,4,4,completed,1
37082,Rigid,2675202,2675203,2676830,1,1627,1628,completed,12
37083,Rigid,2675202,2675203,2675490,1,287,288,completed,1
37084,Rigid,2675202,2675203,2675781,1,578,579,completed,1
37085,Rigid,2675202,2675203,2675606,1,403,404,completed,1
37086,Rigid,2675203,2675203,2677687,0,2484,2484,completed,4
37087,Rigid,2675533,2675533,2675707,0,174,174,completed,1
37088,Rigid,2675533,2675533,2675866,0,333,333,completed,1
37089,Rigid,2675533,2675533,2675780,0,247,247,completed,1
37090,Rigid,2675533,2675533,2676916,0,1383,1383,completed,4
37091,Rigid,2675533,2675533,2676837,0,1304,1304,completed,12
37092,Rigid,2675533,2675533,2948442,0,272909,272909,completed,36
37093,Rigid,2675573,2675574,2967378,1,291804,291805,completed,36
37094,Rigid,2676838,2676838,2676881,0,43,43,completed,12
37095,Rigid,2676838,2676838,2676880,0,42,42,completed,12
37096,Rigid,2676838,2676838,2676885,0,47,47,completed,12
37097,Rigid,2676838,2676838,2676878,0,40,40,completed,12
37098,Rigid,2676838,2676840,2676878,2,38,40,completed,12
37099,Rigid,2676838,2676840,2676879,2,39,41,completed,12
37100,Rigid,2676839,2676840,2796290,1,119450,119451,completed,36
37101,Rigid,2676882,2676882,2676887,0,5,5,completed,1
37102,Rigid,2676882,2676882,2676887,0,5,5,completed,1
37103,Rigid,2676883,2676886,2676890,3,4,7,completed,1
37104,Rigid,2676883,2676886,2676890,3,4,7,completed,1
37105,Rigid,2676883,2676886,2676890,3,4,7,completed,1
37106,Rigid,2676893,2676893,2676897,0,4,4,completed,1
37107,Rigid,2676959,2676960,2792552,1,115592,115593,completed,36
37108,Rigid,2677103,2677103,2679857,0,2754,2754,completed,4
37109,Rigid,2677103,2677103,2711485,0,34382,34382,completed,4
37110,Rigid,2678419,2678422,3019746,3,341324,341327,completed,288
37111,Rigid,2678518,2678519,2678670,1,151,152,completed,1
37112,Rigid,2678518,2678519,2678524,1,5,6,completed,1
37113,Rigid,2678518,2678519,2678524,1,5,6,completed,1
37114,Rigid,2678518,2678519,2678736,1,217,218,completed,1
37115,Rigid,2678518,2678519,2678524,1,5,6,completed,1
37116,Rigid,2678518,2678519,2678524,1,5,6,completed,1
37117,Rigid,2678518,2678519,2678566,1,47,48,completed,1
37118,Rigid,2678518,2678519,2678524,1,5,6,completed,1
37119,Rigid,2678518,2678519,2678524,1,5,6,completed,1
37120,Rigid,2678518,2678519,2678570,1,51,52,completed,1
37121,Rigid,2678518,2678519,2678524,1,5,6,completed,1
37122,Rigid,2678518,2678519,2678524,1,5,6,completed,1
37123,Rigid,2678518,2678519,2678698,1,179,180,completed,1
37124,Rigid,2678518,2678519,2678524,1,5,6,completed,1
37125,Rigid,2678518,2678519,2678524,1,5,6,completed,1
37126,Rigid,2678518,2678519,2678524,1,5,6,completed,1
37127,Rigid,2678518,2678519,2678523,1,4,5,completed,1
37128,Rigid,2678518,2678519,2678525,1,6,7,completed,1
37129,Rigid,2678518,2678519,2678638,1,119,120,completed,1
37130,Rigid,2678518,2678519,2678523,1,4,5,completed,1
37131,Rigid,2678518,2678519,2678523,1,4,5,completed,1
37132,Rigid,2678518,2678519,2678669,1,150,151,completed,1
37133,Rigid,2678518,2678519,2678524,1,5,6,completed,1
37134,Rigid,2678518,2678519,2678525,1,6,7,completed,1
37135,Rigid,2678518,2678519,2678525,1,6,7,completed,1
37136,Rigid,2678518,2678519,2678524,1,5,6,completed,1
37137,Rigid,2678518,2678519,2678524,1,5,6,completed,1
37138,Rigid,2678518,2678519,2678679,1,160,161,completed,1
37139,Rigid,2678518,2678519,2678524,1,5,6,completed,1
37140,Rigid,2678518,2678519,2678524,1,5,6,completed,1
37141,Rigid,2678518,2678519,2678710,1,191,192,completed,1
37142,Rigid,2678518,2678519,2678523,1,4,5,completed,1
37143,Rigid,2678518,2678519,2678524,1,5,6,completed,1
37144,Rigid,2678518,2678519,2678549,1,30,31,completed,1
37145,Rigid,2678518,2678519,2678524,1,5,6,completed,1
37146,Rigid,2678518,2678519,2678524,1,5,6,completed,1
37147,Rigid,2678518,2678519,2678573,1,54,55,completed,1
37148,Rigid,2678518,2678519,2678524,1,5,6,completed,1
37149,Rigid,2678518,2678519,2678524,1,5,6,completed,1
37150,Rigid,2678518,2678520,2678527,2,7,9,completed,1
37151,Rigid,2678518,2678520,2678524,2,4,6,completed,1
37152,Rigid,2678518,2678520,2678523,2,3,5,completed,1
37153,Rigid,2678518,2678520,2678644,2,124,126,completed,1
37154,Rigid,2678518,2678520,2678524,2,4,6,completed,1
37155,Rigid,2678518,2678520,2678523,2,3,5,completed,1
37156,Rigid,2678518,2678520,2678523,2,3,5,completed,1
37157,Rigid,2678518,2678520,2678523,2,3,5,completed,1
37158,Rigid,2678518,2678520,2678523,2,3,5,completed,1
37159,Rigid,2678518,2678520,2678524,2,4,6,completed,1
37160,Rigid,2678518,2678520,2678523,2,3,5,completed,1
37161,Rigid,2678518,2678520,2678525,2,5,7,completed,1
37162,Rigid,2678518,2678520,2678690,2,170,172,completed,1
37163,Rigid,2678518,2678520,2678524,2,4,6,completed,1
37164,Rigid,2678518,2678520,2678524,2,4,6,completed,1
37165,Rigid,2678518,2678520,2678525,2,5,7,completed,1
37166,Rigid,2678518,2678520,2678524,2,4,6,completed,1
37167,Rigid,2678518,2678520,2678524,2,4,6,completed,1
37168,Rigid,2678518,2678520,2678780,2,260,262,completed,1
37169,Rigid,2678518,2678520,2678524,2,4,6,completed,1
37170,Rigid,2678518,2678520,2678524,2,4,6,completed,1
37171,Rigid,2678518,2678520,2678782,2,262,264,completed,1
37172,Rigid,2678518,2678520,2678524,2,4,6,completed,1
37173,Rigid,2678518,2678520,2678525,2,5,7,completed,1
37174,Rigid,2678518,2678520,2678921,2,401,403,completed,1
37175,Rigid,2678518,2678520,2678524,2,4,6,completed,1
37176,Rigid,2678518,2678520,2678524,2,4,6,completed,1
37177,Rigid,2678518,2678520,2678577,2,57,59,completed,1
37178,Rigid,2678518,2678520,2678523,2,3,5,completed,1
37179,Rigid,2678518,2678520,2678525,2,5,7,completed,1
37180,Rigid,2678518,2678520,2678642,2,122,124,completed,1
37181,Rigid,2678518,2678520,2678524,2,4,6,completed,1
37182,Rigid,2678518,2678520,2678525,2,5,7,completed,1
37183,Rigid,2678518,2678520,2678667,2,147,149,completed,1
37184,Rigid,2678518,2678520,2678525,2,5,7,completed,1
37185,Rigid,2678518,2678520,2678525,2,5,7,completed,1
37186,Rigid,2678518,2678520,2678527,2,7,9,completed,1
37187,Rigid,2678518,2678520,2678525,2,5,7,completed,1
37188,Rigid,2678518,2678520,2678524,2,4,6,completed,1
37189,Rigid,2678518,2678520,2678601,2,81,83,completed,1
37190,Rigid,2678518,2678520,2678525,2,5,7,completed,1
37191,Rigid,2678518,2678520,2678525,2,5,7,completed,1
37192,Rigid,2678518,2678520,2678540,2,20,22,completed,1
37193,Rigid,2678518,2678520,2678524,2,4,6,completed,1
37194,Rigid,2678518,2678520,2678525,2,5,7,completed,1
37195,Rigid,2678518,2678520,2678526,2,6,8,completed,1
37196,Rigid,2678518,2678520,2678525,2,5,7,completed,1
37197,Rigid,2678518,2678520,2678524,2,4,6,completed,1
37198,Rigid,2678518,2678520,2678671,2,151,153,completed,1
37199,Rigid,2678518,2678520,2678524,2,4,6,completed,1
37200,Rigid,2678518,2678520,2678525,2,5,7,completed,1
37201,Rigid,2678518,2678520,2678745,2,225,227,completed,1
37202,Rigid,2678518,2678520,2678524,2,4,6,completed,1
37203,Rigid,2678518,2678520,2678524,2,4,6,completed,1
37204,Rigid,2678518,2678520,2678670,2,150,152,completed,1
37205,Rigid,2678518,2678520,2678524,2,4,6,completed,1
37206,Rigid,2678518,2678520,2678525,2,5,7,completed,1
37207,Rigid,2678518,2678520,2678570,2,50,52,completed,1
37208,Rigid,2678518,2678520,2678525,2,5,7,completed,1
37209,Rigid,2678518,2678520,2678524,2,4,6,completed,1
37210,Rigid,2678518,2678520,2678734,2,214,216,completed,1
37211,Rigid,2678518,2678520,2678525,2,5,7,completed,1
37212,Rigid,2678518,2678520,2678525,2,5,7,completed,1
37213,Rigid,2678518,2678520,2678793,2,273,275,completed,1
37214,Rigid,2678518,2678520,2678525,2,5,7,completed,1
37215,Rigid,2678518,2678520,2678524,2,4,6,completed,1
37216,Rigid,2678518,2678520,2678525,2,5,7,completed,1
37217,Rigid,2678518,2678520,2678525,2,5,7,completed,1
37218,Rigid,2678518,2678520,2678525,2,5,7,completed,1
37219,Rigid,2678518,2678520,2678532,2,12,14,completed,1
37220,Rigid,2678518,2678520,2678524,2,4,6,completed,1
37221,Rigid,2678518,2678520,2678524,2,4,6,completed,1
37222,Rigid,2678518,2678520,2678525,2,5,7,completed,1
37223,Rigid,2678518,2678520,2678525,2,5,7,completed,1
37224,Rigid,2678518,2678520,2678525,2,5,7,completed,1
37225,Rigid,2678518,2678520,2678525,2,5,7,completed,1
37226,Rigid,2678518,2678520,2678525,2,5,7,completed,1
37227,Rigid,2678518,2678520,2678525,2,5,7,completed,1
37228,Rigid,2678518,2678520,2678525,2,5,7,completed,1
37229,Rigid,2678518,2678520,2678525,2,5,7,completed,1
37230,Rigid,2678518,2678520,2678525,2,5,7,completed,1
37231,Rigid,2678518,2678520,2678525,2,5,7,completed,1
37232,Rigid,2678518,2678520,2678525,2,5,7,completed,1
37233,Rigid,2678518,2678520,2678525,2,5,7,completed,1
37234,Rigid,2678518,2678520,2678525,2,5,7,completed,1
37235,Rigid,2678518,2678520,2678525,2,5,7,completed,1
37236,Rigid,2678518,2678520,2678525,2,5,7,completed,1
37237,Rigid,2678518,2678520,2678525,2,5,7,completed,1
37238,Rigid,2678518,2678520,2678525,2,5,7,completed,1
37239,Rigid,2678518,2678520,2678525,2,5,7,completed,1
37240,Rigid,2678518,2678520,2678630,2,110,112,completed,1
37241,Rigid,2678518,2678520,2678525,2,5,7,completed,1
37242,Rigid,2678518,2678520,2678525,2,5,7,completed,1
37243,Rigid,2678518,2678520,2678798,2,278,280,completed,1
37244,Rigid,2678518,2678520,2678525,2,5,7,completed,1
37245,Rigid,2678518,2678520,2678525,2,5,7,completed,1
37246,Rigid,2678518,2678520,2678530,2,10,12,completed,1
37247,Rigid,2678518,2678520,2678525,2,5,7,completed,1
37248,Rigid,2678518,2678520,2678525,2,5,7,completed,1
37249,Rigid,2678518,2678520,2678654,2,134,136,completed,1
37250,Rigid,2678518,2678520,2678525,2,5,7,completed,1
37251,Rigid,2678518,2678520,2678525,2,5,7,completed,1
37252,Rigid,2678518,2678520,2678928,2,408,410,completed,1
37253,Rigid,2678518,2678520,2678525,2,5,7,completed,1
37254,Rigid,2678518,2678520,2678525,2,5,7,completed,1
37255,Rigid,2678518,2678520,2678525,2,5,7,completed,1
37256,Rigid,2678518,2678520,2678525,2,5,7,completed,1
37257,Rigid,2678518,2678520,2678525,2,5,7,completed,1
37258,Rigid,2678518,2678520,2678607,2,87,89,completed,1
37259,Rigid,2678518,2678520,2678525,2,5,7,completed,1
37260,Rigid,2678518,2678520,2678525,2,5,7,completed,1
37261,Rigid,2678518,2678520,2679007,2,487,489,completed,1
37262,Rigid,2678518,2678520,2678525,2,5,7,completed,1
37263,Rigid,2678518,2678520,2678525,2,5,7,completed,1
37264,Rigid,2678518,2678520,2678525,2,5,7,completed,1
37265,Rigid,2678518,2678520,2678525,2,5,7,completed,1
37266,Rigid,2678518,2678520,2678525,2,5,7,completed,1
37267,Rigid,2678518,2678520,2678533,2,13,15,completed,1
37268,Rigid,2678518,2678520,2678525,2,5,7,completed,1
37269,Rigid,2678518,2678520,2678523,2,3,5,completed,1
37270,Rigid,2678518,2678520,2678882,2,362,364,completed,1
37271,Rigid,2678518,2678520,2678523,2,3,5,completed,1
37272,Rigid,2678518,2678520,2678523,2,3,5,completed,1
37273,Rigid,2678518,2678520,2678527,2,7,9,completed,1
37274,Rigid,2678518,2678520,2678523,2,3,5,completed,1
37275,Rigid,2678518,2678520,2678523,2,3,5,completed,1
37276,Rigid,2678518,2678520,2678639,2,119,121,completed,1
37277,Rigid,2678518,2678520,2678524,2,4,6,completed,1
37278,Rigid,2678518,2678520,2678523,2,3,5,completed,1
37279,Rigid,2678518,2678520,2678660,2,140,142,completed,1
37280,Rigid,2678518,2678520,2678523,2,3,5,completed,1
37281,Rigid,2678518,2678520,2678523,2,3,5,completed,1
37282,Rigid,2678518,2678526,2678530,8,4,12,completed,1
37283,Rigid,2678518,2678526,2678529,8,3,11,completed,1
37284,Rigid,2678518,2678526,2678529,8,3,11,completed,1
37285,Rigid,2678518,2678526,2678531,8,5,13,completed,1
37286,Rigid,2678518,2678526,2678529,8,3,11,completed,1
37287,Rigid,2678518,2678526,2678529,8,3,11,completed,1
37288,Rigid,2678518,2678526,2678673,8,147,155,completed,1
37289,Rigid,2678518,2678526,2678529,8,3,11,completed,1
37290,Rigid,2678518,2678526,2678529,8,3,11,completed,1
37291,Rigid,2678518,2678526,2678575,8,49,57,completed,1
37292,Rigid,2678518,2678526,2678529,8,3,11,completed,1
37293,Rigid,2678518,2678526,2678529,8,3,11,completed,1
37294,Rigid,2678518,2678526,2678530,8,4,12,completed,1
37295,Rigid,2678518,2678526,2678529,8,3,11,completed,1
37296,Rigid,2678518,2678526,2678529,8,3,11,completed,1
37297,Rigid,2678518,2678526,2678539,8,13,21,completed,1
37298,Rigid,2678518,2678526,2678529,8,3,11,completed,1
37299,Rigid,2678518,2678526,2678529,8,3,11,completed,1
37300,Rigid,2678518,2678526,2678676,8,150,158,completed,1
37301,Rigid,2678518,2678526,2678529,8,3,11,completed,1
37302,Rigid,2678518,2678526,2678529,8,3,11,completed,1
37303,Rigid,2678518,2678526,2678729,8,203,211,completed,1
37304,Rigid,2678518,2678526,2678529,8,3,11,completed,1
37305,Rigid,2678518,2678526,2678529,8,3,11,completed,1
37306,Rigid,2678518,2678526,2678612,8,86,94,completed,1
37307,Rigid,2678518,2678526,2678529,8,3,11,completed,1
37308,Rigid,2678518,2678526,2678529,8,3,11,completed,1
37309,Rigid,2678518,2678526,2678645,8,119,127,completed,1
37310,Rigid,2678518,2678526,2678529,8,3,11,completed,1
37311,Rigid,2678518,2678526,2678529,8,3,11,completed,1
37312,Rigid,2678518,2678526,2678686,8,160,168,completed,1
37313,Rigid,2678518,2678526,2678529,8,3,11,completed,1
37314,Rigid,2678518,2678526,2678529,8,3,11,completed,1
37315,Rigid,2678518,2678526,2678628,8,102,110,completed,1
37316,Rigid,2678518,2678526,2678529,8,3,11,completed,1
37317,Rigid,2678518,2678526,2678529,8,3,11,completed,1
37318,Rigid,2678518,2678526,2678771,8,245,253,completed,1
37319,Rigid,2678518,2678526,2678529,8,3,11,completed,1
37320,Rigid,2678518,2678526,2678529,8,3,11,completed,1
37321,Rigid,2678518,2678526,2678683,8,157,165,completed,1
37322,Rigid,2678518,2678526,2678529,8,3,11,completed,1
37323,Rigid,2678518,2678526,2678529,8,3,11,completed,1
37324,Rigid,2678518,2678526,2678586,8,60,68,completed,1
37325,Rigid,2678518,2678526,2678529,8,3,11,completed,1
37326,Rigid,2678518,2678526,2678529,8,3,11,completed,1
37327,Rigid,2678518,2678526,2678852,8,326,334,completed,1
37328,Rigid,2678518,2678526,2678529,8,3,11,completed,1
37329,Rigid,2678518,2678526,2678529,8,3,11,completed,1
37330,Rigid,2678518,2678526,2678533,8,7,15,completed,1
37331,Rigid,2678518,2678526,2678529,8,3,11,completed,1
37332,Rigid,2678518,2678526,2678529,8,3,11,completed,1
37333,Rigid,2678518,2678526,2678648,8,122,130,completed,1
37334,Rigid,2678518,2678526,2678529,8,3,11,completed,1
37335,Rigid,2678518,2678526,2678529,8,3,11,completed,1
37336,Rigid,2678518,2678526,2678695,8,169,177,completed,1
37337,Rigid,2678518,2678526,2678529,8,3,11,completed,1
37338,Rigid,2678518,2678526,2678529,8,3,11,completed,1
37339,Rigid,2678518,2678526,2678530,8,4,12,completed,1
37340,Rigid,2678518,2678526,2678529,8,3,11,completed,1
37341,Rigid,2678518,2678526,2678529,8,3,11,completed,1
37342,Rigid,2678518,2678526,2678530,8,4,12,completed,1
37343,Rigid,2678518,2678526,2678529,8,3,11,completed,1
37344,Rigid,2678518,2678526,2678529,8,3,11,completed,1
37345,Rigid,2678518,2678526,2678648,8,122,130,completed,1
37346,Rigid,2678518,2678526,2678529,8,3,11,completed,1
37347,Rigid,2678518,2678526,2678529,8,3,11,completed,1
37348,Rigid,2678518,2678526,2678834,8,308,316,completed,1
37349,Rigid,2678518,2678526,2678529,8,3,11,completed,1
37350,Rigid,2678518,2678526,2678529,8,3,11,completed,1
37351,Rigid,2678518,2678526,2678536,8,10,18,completed,1
37352,Rigid,2678518,2678526,2678529,8,3,11,completed,1
37353,Rigid,2678518,2678526,2678529,8,3,11,completed,1
37354,Rigid,2678518,2678526,2678578,8,52,60,completed,1
37355,Rigid,2678518,2678526,2678529,8,3,11,completed,1
37356,Rigid,2678518,2678526,2678530,8,4,12,completed,1
37357,Rigid,2678518,2678526,2678977,8,451,459,completed,1
37358,Rigid,2678518,2678526,2678529,8,3,11,completed,1
37359,Rigid,2678518,2678526,2678530,8,4,12,completed,1
37360,Rigid,2678518,2678526,2678903,8,377,385,completed,1
37361,Rigid,2678518,2678526,2678530,8,4,12,completed,1
37362,Rigid,2678518,2678526,2678530,8,4,12,completed,1
37363,Rigid,2678518,2678526,2678715,8,189,197,completed,1
37364,Rigid,2678518,2678526,2678530,8,4,12,completed,1
37365,Rigid,2678518,2678526,2678529,8,3,11,completed,1
37366,Rigid,2678518,2678526,2678984,8,458,466,completed,1
37367,Rigid,2678518,2678526,2678530,8,4,12,completed,1
37368,Rigid,2678518,2678526,2678530,8,4,12,completed,1
37369,Rigid,2678518,2678526,2678661,8,135,143,completed,1
37370,Rigid,2678518,2678526,2678530,8,4,12,completed,1
37371,Rigid,2678518,2678526,2678530,8,4,12,completed,1
37372,Rigid,2678518,2678526,2678531,8,5,13,completed,1
37373,Rigid,2678518,2678526,2678530,8,4,12,completed,1
37374,Rigid,2678518,2678526,2678530,8,4,12,completed,1
37375,Rigid,2678518,2678526,2678647,8,121,129,completed,1
37376,Rigid,2678518,2678526,2678530,8,4,12,completed,1
37377,Rigid,2678518,2678526,2678530,8,4,12,completed,1
37378,Rigid,2678518,2678526,2678962,8,436,444,completed,1
37379,Rigid,2678518,2678526,2678530,8,4,12,completed,1
37380,Rigid,2678518,2678526,2678529,8,3,11,completed,1
37381,Rigid,2678518,2678526,2678967,8,441,449,completed,1
37382,Rigid,2678518,2678526,2678529,8,3,11,completed,1
37383,Rigid,2678518,2678526,2678529,8,3,11,completed,1
37384,Rigid,2678518,2678526,2678555,8,29,37,completed,1
37385,Rigid,2678518,2678526,2678530,8,4,12,completed,1
37386,Rigid,2678518,2678526,2678530,8,4,12,completed,1
37387,Rigid,2678518,2678526,2679038,8,512,520,completed,1
37388,Rigid,2678518,2678526,2678530,8,4,12,completed,1
37389,Rigid,2678518,2678526,2678530,8,4,12,completed,1
37390,Rigid,2678518,2678526,2678529,8,3,11,completed,1
37391,Rigid,2678518,2678526,2678528,8,2,10,completed,1
37392,Rigid,2678518,2678526,2678528,8,2,10,completed,1
37393,Rigid,2678518,2678526,2678530,8,4,12,completed,1
37394,Rigid,2678518,2678526,2678528,8,2,10,completed,1
37395,Rigid,2678518,2678526,2678528,8,2,10,completed,1
37396,Rigid,2678518,2678526,2678595,8,69,77,completed,1
37397,Rigid,2678518,2678526,2678529,8,3,11,completed,1
37398,Rigid,2678518,2678526,2678528,8,2,10,completed,1
37399,Rigid,2678518,2678526,2678543,8,17,25,completed,1
37400,Rigid,2678518,2678526,2678528,8,2,10,completed,1
37401,Rigid,2678518,2678526,2678530,8,4,12,completed,1
37402,Rigid,2679093,2679093,2696947,0,17854,17854,completed,9
37403,Rigid,2680860,2680860,2680870,0,10,10,completed,1
37404,Rigid,2680860,2680888,2680892,28,4,32,completed,1
37405,Rigid,2680860,2732850,2732859,51990,9,51999,completed,1
37406,Rigid,2680935,2680935,3013877,0,332942,332942,completed,36
37407,Rigid,2681055,2681055,2681064,0,9,9,completed,1
37408,Rigid,2681055,2681077,2681080,22,3,25,completed,1
37409,Rigid,2681139,2681139,2681142,0,3,3,completed,1
37410,Rigid,2681139,2681162,2681166,23,4,27,completed,1
37411,Rigid,2681139,2738996,2739005,57857,9,57866,completed,1
37412,Rigid,2681674,2681675,2682579,1,904,905,completed,12
37413,Rigid,2681674,2681675,2681830,1,155,156,completed,1
37414,Rigid,2681675,2681675,2681925,0,250,250,completed,1
37415,Rigid,2681675,2681675,2681817,0,142,142,completed,1
37416,Rigid,2681675,2681675,2682474,0,799,799,completed,4
37417,Rigid,2681740,2681740,2681911,0,171,171,completed,1
37418,Rigid,2681740,2681740,2682056,0,316,316,completed,1
37419,Rigid,2681740,2681740,2681971,0,231,231,completed,1
37420,Rigid,2681740,2681740,2683107,0,1367,1367,completed,4
37421,Rigid,2681740,2681740,2682654,0,914,914,completed,12
37422,Rigid,2682589,2682590,2682643,1,53,54,completed,12
37423,Rigid,2682589,2682590,2682775,1,185,186,completed,12
37424,Rigid,2682589,2682590,2682634,1,44,45,completed,12
37425,Rigid,2682634,2682635,2682639,1,4,5,completed,1
37426,Rigid,2682644,2682645,2682648,1,3,4,completed,1
37427,Rigid,2682655,2682656,2682683,1,27,28,completed,12
37428,Rigid,2682655,2682656,2682681,1,25,26,completed,12
37429,Rigid,2682655,2682656,2682711,1,55,56,completed,12
37430,Rigid,2682688,2682689,2682693,1,4,5,completed,1
37431,Rigid,2682688,2682689,2682693,1,4,5,completed,1
37432,Rigid,2682721,2682722,2682726,1,4,5,completed,1
37433,Rigid,2682784,2682784,2682789,0,5,5,completed,1
37434,Rigid,2683376,2683376,2683920,0,544,544,completed,72
37435,Rigid,2684223,2684223,2684228,0,5,5,completed,36
37436,Rigid,2684235,2684235,2970981,0,286746,286746,completed,36
37437,Rigid,2684339,2684340,3029946,1,345606,345607,completed,36
37438,Rigid,2684339,2684340,3029946,1,345606,345607,completed,36
37439,Rigid,2684339,2684340,3029946,1,345606,345607,completed,36
37440,Rigid,2684339,2684340,3029946,1,345606,345607,completed,36
37441,Rigid,2684339,2684340,3029946,1,345606,345607,completed,36
37442,Rigid,2684339,2684340,3029946,1,345606,345607,completed,36
37443,Rigid,2684339,2684340,3029946,1,345606,345607,completed,36
37444,Rigid,2684339,2684340,3029946,1,345606,345607,completed,36
37445,Rigid,2684339,2684340,3029946,1,345606,345607,completed,36
37446,Rigid,2684339,2684340,3029946,1,345606,345607,completed,36
37447,Rigid,2684339,2684340,3029946,1,345606,345607,completed,36
37448,Rigid,2684339,2684340,3029946,1,345606,345607,completed,36
37449,Rigid,2684339,2684340,2684461,1,121,122,completed,36
37450,Rigid,2684339,2684340,3029946,1,345606,345607,completed,36
37451,Rigid,2684339,2684340,3029946,1,345606,345607,completed,36
37452,Rigid,2684339,2684340,3029946,1,345606,345607,completed,36
37453,Rigid,2684339,2684340,3029946,1,345606,345607,completed,36
37454,Rigid,2684339,2684340,3029946,1,345606,345607,completed,36
37455,Rigid,2684339,2684340,3029946,1,345606,345607,completed,36
37456,Rigid,2684339,2684340,2896907,1,212567,212568,completed,36
37457,Rigid,2684339,2684340,3029946,1,345606,345607,completed,36
37458,Rigid,2684339,2684340,3029946,1,345606,345607,completed,36
37459,Rigid,2684339,2684340,3029946,1,345606,345607,completed,36
37460,Rigid,2684339,2684340,3029946,1,345606,345607,completed,36
37461,Rigid,2684339,2684340,3029946,1,345606,345607,completed,36
37462,Rigid,2684339,2684340,3029946,1,345606,345607,completed,36
37463,Rigid,2684339,2684340,3029946,1,345606,345607,completed,36
37464,Rigid,2684339,2684340,3029946,1,345606,345607,completed,36
37465,Rigid,2684339,2684340,3029946,1,345606,345607,completed,36
37466,Rigid,2684339,2684340,2877444,1,193104,193105,completed,36
37467,Rigid,2684339,2684340,3029946,1,345606,345607,completed,36
37468,Rigid,2684339,2684340,3029946,1,345606,345607,completed,36
37469,Rigid,2684339,2684340,3029946,1,345606,345607,completed,36
37470,Rigid,2685262,2685263,2685460,1,197,198,completed,1
37471,Rigid,2685262,2685263,2685628,1,365,366,completed,1
37472,Rigid,2685262,2685263,2685515,1,252,253,completed,1
37473,Rigid,2685262,2685263,2686759,1,1496,1497,completed,4
37474,Rigid,2685262,2685263,2687716,1,2453,2454,completed,12
37475,Rigid,2685708,2685708,2692866,0,7158,7158,completed,18
37476,Rigid,2685708,2685708,2692970,0,7262,7262,completed,18
37477,Rigid,2685708,2685708,2693053,0,7345,7345,completed,18
37478,Rigid,2685708,2685711,2693029,3,7318,7321,completed,18
37479,Rigid,2686272,2686272,2687365,0,1093,1093,completed,4
37480,Rigid,2686272,2686272,2686469,0,197,197,completed,1
37481,Rigid,2686272,2686272,2686596,0,324,324,completed,1
37482,Rigid,2686272,2686272,2686478,0,206,206,completed,1
37483,Rigid,2686272,2686272,2689928,0,3656,3656,completed,12
37484,Rigid,2686649,2686650,2858254,1,171604,171605,completed,36
37485,Rigid,2687716,2687717,2687770,1,53,54,completed,12
37486,Rigid,2687717,2687717,2687810,0,93,93,completed,12
37487,Rigid,2687717,2687717,2687764,0,47,47,completed,12
37488,Rigid,2687767,2687767,2687773,0,6,6,completed,1
37489,Rigid,2687777,2687777,2687781,0,4,4,completed,1
37490,Rigid,2687818,2687818,2687824,0,6,6,completed,1
37491,Rigid,2687932,2687932,2701842,0,13910,13910,completed,144
37492,Rigid,2687937,2687937,2701846,0,13909,13909,completed,144
37493,Rigid,2687942,2687942,2701884,0,13942,13942,completed,144
37494,Rigid,2687947,2687947,2701817,0,13870,13870,completed,144
37495,Rigid,2688677,2688677,2947892,0,259215,259215,completed,36
37496,Rigid,2688677,2688677,2947892,0,259215,259215,completed,36
37497,Rigid,2688677,2688677,2947892,0,259215,259215,completed,36
37498,Rigid,2688722,2688722,2861531,0,172809,172809,completed,36
37499,Rigid,2688722,2688722,2861531,0,172809,172809,completed,36
37500,Rigid,2688722,2688722,2861531,0,172809,172809,completed,36
37501,Rigid,2688743,2688743,2861561,0,172818,172818,completed,36
37502,Rigid,2688743,2688743,2861561,0,172818,172818,completed,36
37503,Rigid,2688743,2688743,2688773,0,30,30,completed,36
37504,Rigid,2688893,2688894,2861711,1,172817,172818,completed,36
37505,Rigid,2688893,2688894,2861711,1,172817,172818,completed,36
37506,Rigid,2688893,2688894,2861711,1,172817,172818,completed,36
37507,Rigid,2688923,2688923,2861741,0,172818,172818,completed,36
37508,Rigid,2688923,2688923,2861741,0,172818,172818,completed,36
37509,Rigid,2688923,2688923,2861741,0,172818,172818,completed,36
37510,Rigid,2688951,2688951,2861771,0,172820,172820,completed,36
37511,Rigid,2688951,2688951,2861771,0,172820,172820,completed,36
37512,Rigid,2688951,2688951,2861771,0,172820,172820,completed,36
37513,Rigid,2688958,2688958,2689041,0,83,83,completed,36
37514,Rigid,2688977,2688977,2861801,0,172824,172824,completed,36
37515,Rigid,2688977,2688977,2861801,0,172824,172824,completed,36
37516,Rigid,2688977,2688977,2861801,0,172824,172824,completed,36
37517,Rigid,2689034,2689034,2689446,0,412,412,completed,2
37518,Rigid,2689228,2689229,2862041,1,172812,172813,completed,36
37519,Rigid,2689228,2689229,2862041,1,172812,172813,completed,36
37520,Rigid,2689228,2689229,2862041,1,172812,172813,completed,36
37521,Rigid,2689245,2689245,2862071,0,172826,172826,completed,36
37522,Rigid,2689245,2689245,2862071,0,172826,172826,completed,36
37523,Rigid,2689245,2689245,2862071,0,172826,172826,completed,36
37524,Rigid,2689261,2689262,2862071,1,172809,172810,completed,36
37525,Rigid,2689261,2689262,2862071,1,172809,172810,completed,36
37526,Rigid,2689261,2689262,2862071,1,172809,172810,completed,36
37527,Rigid,2689580,2689582,2904804,2,215222,215224,completed,36
37528,Rigid,2689934,2689934,2689989,0,55,55,completed,12
37529,Rigid,2689934,2689934,2689995,0,61,61,completed,12
37530,Rigid,2689934,2689934,2690184,0,250,250,completed,12
37531,Rigid,2689994,2689995,2690001,1,6,7,completed,1
37532,Rigid,2690004,2690004,2690008,0,4,4,completed,1
37533,Rigid,2690117,2690117,2690136,0,19,19,completed,32
37534,Rigid,2690184,2690185,2690191,1,6,7,completed,1
37535,Rigid,2690571,2690572,2690586,1,14,15,completed,1
37536,Rigid,2690607,2690607,2690624,0,17,17,completed,32
37537,Rigid,2690814,2690815,2690842,1,27,28,completed,36
37538,Rigid,2690814,2690815,2690842,1,27,28,completed,36
37539,Rigid,2690814,2690815,2690842,1,27,28,completed,36
37540,Rigid,2690814,2690815,2690842,1,27,28,completed,36
37541,Rigid,2690814,2690815,2690842,1,27,28,completed,36
37542,Rigid,2690814,2690815,2690842,1,27,28,completed,36
37543,Rigid,2690814,2690815,2690842,1,27,28,completed,36
37544,Rigid,2690814,2690815,2690842,1,27,28,completed,36
37545,Rigid,2690814,2690815,2690842,1,27,28,completed,36
37546,Rigid,2690814,2690815,2690842,1,27,28,completed,36
37547,Rigid,2690814,2690815,2690842,1,27,28,completed,36
37548,Rigid,2690814,2690816,2690842,2,26,28,completed,36
37549,Rigid,2690814,2690816,2690842,2,26,28,completed,36
37550,Rigid,2690814,2690816,2690842,2,26,28,completed,36
37551,Rigid,2690814,2690816,2690842,2,26,28,completed,36
37552,Rigid,2690814,2690816,2690842,2,26,28,completed,36
37553,Rigid,2690814,2690816,2690842,2,26,28,completed,36
37554,Rigid,2690814,2690816,2690842,2,26,28,completed,36
37555,Rigid,2690814,2690816,2690842,2,26,28,completed,36
37556,Rigid,2690814,2690816,2690842,2,26,28,completed,36
37557,Rigid,2690814,2690816,2690842,2,26,28,completed,36
37558,Rigid,2690814,2690816,2690842,2,26,28,completed,36
37559,Rigid,2690814,2690816,2690842,2,26,28,completed,36
37560,Rigid,2690814,2690816,2690842,2,26,28,completed,36
37561,Rigid,2690814,2690816,2690842,2,26,28,completed,36
37562,Rigid,2690814,2690816,2690842,2,26,28,completed,36
37563,Rigid,2690814,2690816,2690842,2,26,28,completed,36
37564,Rigid,2690814,2690816,2690842,2,26,28,completed,36
37565,Rigid,2690814,2690816,2690842,2,26,28,completed,36
37566,Rigid,2690814,2690816,2690842,2,26,28,completed,36
37567,Rigid,2690814,2690816,2690842,2,26,28,completed,36
37568,Rigid,2690814,2690816,2690842,2,26,28,completed,36
37569,Rigid,2690814,2690816,2690842,2,26,28,completed,36
37570,Rigid,2691633,2691633,2911483,0,219850,219850,completed,1
37571,Rigid,2691665,2691665,2691668,0,3,3,completed,1
37572,Rigid,2691894,2691894,2909936,0,218042,218042,completed,1
37573,Rigid,2691992,2691993,2722105,1,30112,30113,completed,72
37574,Rigid,2692003,2692004,2864831,1,172827,172828,completed,288
37575,Rigid,2692049,2692049,2864861,0,172812,172812,completed,288
37576,Rigid,2692196,2855632,3024752,163436,169120,332556,completed,576
37577,Rigid,2692224,2692225,2692455,1,230,231,completed,1
37578,Rigid,2692224,2692225,2692650,1,425,426,completed,1
37579,Rigid,2692225,2692225,2692524,0,299,299,completed,1
37580,Rigid,2692225,2692225,2694741,0,2516,2516,completed,12
37581,Rigid,2692225,2692225,2693991,0,1766,1766,completed,4
37582,Rigid,2692589,2692590,2698039,1,5449,5450,completed,72
37583,Rigid,2692797,2692797,2741319,0,48522,48522,completed,72
37584,Rigid,2693141,2693141,2709050,0,15909,15909,completed,72
37585,Rigid,2693186,2693186,2699938,0,6752,6752,completed,72
37586,Rigid,2693206,2693206,2693215,0,9,9,completed,1
37587,Rigid,2693206,2693206,2693208,0,2,2,completed,1
37588,Rigid,2693207,2693210,2693212,3,2,5,completed,1
37589,Rigid,2693207,2693210,2693218,3,8,11,completed,1
37590,Rigid,2693208,2693210,2693270,2,60,62,completed,1
37591,Rigid,2693219,2693219,2700231,0,7012,7012,completed,72
37592,Rigid,2693239,2693242,2696354,3,3112,3115,completed,72
37593,Rigid,2693300,2693302,2709112,2,15810,15812,completed,72
37594,Rigid,2693337,2693337,2708967,0,15630,15630,completed,72
37595,Rigid,2693352,2693353,2708616,1,15263,15264,completed,144
37596,Rigid,2693363,2693364,2693408,1,44,45,completed,1
37597,Rigid,2693363,2693364,2693412,1,48,49,completed,1
37598,Rigid,2693363,2693364,2693445,1,81,82,completed,1
37599,Rigid,2693364,2693364,2693452,0,88,88,completed,1
37600,Rigid,2693364,2693367,2693597,3,230,233,completed,1
37601,Rigid,2693364,2693367,2693530,3,163,166,completed,1
37602,Rigid,2693365,2693367,2693504,2,137,139,completed,1
37603,Rigid,2693365,2693367,2693591,2,224,226,completed,1
37604,Rigid,2693365,2693367,2693593,2,226,228,completed,1
37605,Rigid,2693365,2693367,2693572,2,205,207,completed,1
37606,Rigid,2693365,2693367,2693533,2,166,168,completed,1
37607,Rigid,2693365,2693367,2693525,2,158,160,completed,1
37608,Rigid,2693366,2693367,2693531,1,164,165,completed,1
37609,Rigid,2693366,2693367,2693506,1,139,140,completed,1
37610,Rigid,2693366,2693367,2693560,1,193,194,completed,1
37611,Rigid,2693366,2693367,2693557,1,190,191,completed,1
37612,Rigid,2693366,2693367,2693514,1,147,148,completed,1
37613,Rigid,2693367,2693367,2693535,0,168,168,completed,1
37614,Rigid,2693367,2693367,2693557,0,190,190,completed,1
37615,Rigid,2693367,2693367,2693489,0,122,122,completed,1
37616,Rigid,2693367,2693367,2693532,0,165,165,completed,1
37617,Rigid,2693367,2693367,2693497,0,130,130,completed,1
37618,Rigid,2693367,2693368,2693499,1,131,132,completed,1
37619,Rigid,2693368,2693368,2693468,0,100,100,completed,1
37620,Rigid,2693368,2693368,2693533,0,165,165,completed,1
37621,Rigid,2693368,2693368,2693524,0,156,156,completed,1
37622,Rigid,2693368,2693372,2693556,4,184,188,completed,1
37623,Rigid,2693368,2693372,2693598,4,226,230,completed,1
37624,Rigid,2693368,2693372,2693537,4,165,169,completed,1
37625,Rigid,2693369,2693372,2693453,3,81,84,completed,1
37626,Rigid,2693369,2693372,2693546,3,174,177,completed,1
37627,Rigid,2693369,2693372,2693549,3,177,180,completed,1
37628,Rigid,2693369,2693372,2693523,3,151,154,completed,1
37629,Rigid,2693369,2693372,2693565,3,193,196,completed,1
37630,Rigid,2693369,2693372,2693554,3,182,185,completed,1
37631,Rigid,2693370,2693372,2693463,2,91,93,completed,1
37632,Rigid,2693370,2693372,2693496,2,124,126,completed,1
37633,Rigid,2693370,2693372,2693524,2,152,154,completed,1
37634,Rigid,2693370,2693372,2693518,2,146,148,completed,1
37635,Rigid,2693370,2693372,2693537,2,165,167,completed,1
37636,Rigid,2693370,2693372,2693546,2,174,176,completed,1
37637,Rigid,2693370,2693372,2727208,2,33836,33838,completed,72
37638,Rigid,2693370,2693372,2693500,2,128,130,completed,1
37639,Rigid,2693370,2693372,2693584,2,212,214,completed,1
37640,Rigid,2693371,2693372,2693561,1,189,190,completed,1
37641,Rigid,2693371,2693372,2693455,1,83,84,completed,1
37642,Rigid,2693371,2693372,2693507,1,135,136,completed,1
37643,Rigid,2693371,2693372,2693554,1,182,183,completed,1
37644,Rigid,2693371,2693372,2693583,1,211,212,completed,1
37645,Rigid,2693371,2693372,2693505,1,133,134,completed,1
37646,Rigid,2693372,2693372,2693521,0,149,149,completed,1
37647,Rigid,2693372,2693376,2693489,4,113,117,completed,1
37648,Rigid,2693372,2693376,2693509,4,133,137,completed,1
37649,Rigid,2693372,2693376,2693515,4,139,143,completed,1
37650,Rigid,2693372,2693376,2693549,4,173,177,completed,1
37651,Rigid,2693373,2693376,2693527,3,151,154,completed,1
37652,Rigid,2693373,2693376,2693566,3,190,193,completed,1
37653,Rigid,2693373,2693376,2693530,3,154,157,completed,1
37654,Rigid,2693373,2693376,2693492,3,116,119,completed,1
37655,Rigid,2693373,2693376,2693421,3,45,48,completed,1
37656,Rigid,2693373,2693376,2693594,3,218,221,completed,1
37657,Rigid,2693374,2693376,2693547,2,171,173,completed,1
37658,Rigid,2693374,2693376,2693592,2,216,218,completed,1
37659,Rigid,2693374,2693376,2693505,2,129,131,completed,1
37660,Rigid,2693374,2693376,2693400,2,24,26,completed,1
37661,Rigid,2693374,2693376,2693566,2,190,192,completed,1
37662,Rigid,2693374,2693376,2693590,2,214,216,completed,1
37663,Rigid,2693374,2693376,2693571,2,195,197,completed,1
37664,Rigid,2693374,2693376,2693581,2,205,207,completed,1
37665,Rigid,2693374,2693376,2693573,2,197,199,completed,1
37666,Rigid,2693375,2693376,2693571,1,195,196,completed,1
37667,Rigid,2693375,2693376,2693574,1,198,199,completed,1
37668,Rigid,2693375,2693376,2693578,1,202,203,completed,1
37669,Rigid,2693375,2693376,2693557,1,181,182,completed,1
37670,Rigid,2693375,2693376,2693555,1,179,180,completed,1
37671,Rigid,2693375,2693376,2693586,1,210,211,completed,1
37672,Rigid,2693375,2693376,2693475,1,99,100,completed,1
37673,Rigid,2693375,2693376,2693579,1,203,204,completed,1
37674,Rigid,2693375,2693376,2693509,1,133,134,completed,1
37675,Rigid,2693376,2693376,2693453,0,77,77,completed,1
37676,Rigid,2693376,2693376,2693498,0,122,122,completed,1
37677,Rigid,2693376,2693376,2693583,0,207,207,completed,1
37678,Rigid,2693376,2693376,2693409,0,33,33,completed,1
37679,Rigid,2693376,2693380,2693483,4,103,107,completed,1
37680,Rigid,2693376,2693380,2693490,4,110,114,completed,1
37681,Rigid,2693376,2693380,2693524,4,144,148,completed,1
37682,Rigid,2693376,2693380,2693440,4,60,64,completed,1
37683,Rigid,2693376,2693380,2693472,4,92,96,completed,1
37684,Rigid,2693377,2693380,2693580,3,200,203,completed,1
37685,Rigid,2693377,2693380,2693543,3,163,166,completed,1
37686,Rigid,2693377,2693380,2693591,3,211,214,completed,1
37687,Rigid,2693377,2693380,2693432,3,52,55,completed,1
37688,Rigid,2693377,2693380,2693583,3,203,206,completed,1
37689,Rigid,2693377,2693380,2693516,3,136,139,completed,1
37690,Rigid,2693377,2693380,2693561,3,181,184,completed,1
37691,Rigid,2693377,2693380,2693448,3,68,71,completed,1
37692,Rigid,2693377,2693380,2693447,3,67,70,completed,1
37693,Rigid,2693377,2693380,2693396,3,16,19,completed,1
37694,Rigid,2693378,2693380,2693496,2,116,118,completed,1
37695,Rigid,2693378,2693380,2693428,2,48,50,completed,1
37696,Rigid,2693378,2693380,2693412,2,32,34,completed,1
37697,Rigid,2693393,2693393,2706444,0,13051,13051,completed,72
37698,Rigid,2693408,2693408,2693463,0,55,55,completed,1
37699,Rigid,2693410,2693411,2693447,1,36,37,completed,1
37700,Rigid,2693412,2693412,2693531,0,119,119,completed,1
37701,Rigid,2693412,2693412,2693538,0,126,126,completed,1
37702,Rigid,2693412,2693413,2693445,1,32,33,completed,1
37703,Rigid,2693417,2693418,2693440,1,22,23,completed,1
37704,Rigid,2693422,2693423,2708791,1,15368,15369,completed,72
37705,Rigid,2693428,2693428,2693472,0,44,44,completed,1
37706,Rigid,2693437,2693437,2693543,0,106,106,completed,1
37707,Rigid,2693448,2693448,2693463,0,15,15,completed,1
37708,Rigid,2693448,2693448,2693579,0,131,131,completed,1
37709,Rigid,2693451,2693452,2693484,1,32,33,completed,1
37710,Rigid,2693451,2693452,2693482,1,30,31,completed,1
37711,Rigid,2693452,2693452,2693485,0,33,33,completed,1
37712,Rigid,2693452,2693452,2693527,0,75,75,completed,1
37713,Rigid,2693452,2693452,2693557,0,105,105,completed,1
37714,Rigid,2693455,2693456,2693564,1,108,109,completed,1
37715,Rigid,2693456,2693456,2693586,0,130,130,completed,1
37716,Rigid,2693457,2693457,2693558,0,101,101,completed,1
37717,Rigid,2693459,2693460,2721799,1,28339,28340,completed,72
37718,Rigid,2693468,2693468,2693543,0,75,75,completed,1
37719,Rigid,2693469,2693470,2693579,1,109,110,completed,1
37720,Rigid,2693471,2693472,2693515,1,43,44,completed,1
37721,Rigid,2693472,2693472,2693509,0,37,37,completed,1
37722,Rigid,2693474,2693476,2693489,2,13,15,completed,1
37723,Rigid,2693475,2693476,2693571,1,95,96,completed,1
37724,Rigid,2693485,2693485,2706832,0,13347,13347,completed,72
37725,Rigid,2693489,2693489,2693517,0,28,28,completed,1
37726,Rigid,2693489,2693489,2693514,0,25,25,completed,1
37727,Rigid,2693489,2693489,2693520,0,31,31,completed,1
37728,Rigid,2693489,2693489,2693578,0,89,89,completed,1
37729,Rigid,2693491,2693492,2693583,1,91,92,completed,1
37730,Rigid,2693492,2693493,2693555,1,62,63,completed,1
37731,Rigid,2693492,2693493,2693545,1,52,53,completed,1
37732,Rigid,2693492,2693493,2693566,1,73,74,completed,1
37733,Rigid,2693494,2693497,2693571,3,74,77,completed,1
37734,Rigid,2693497,2693497,2693571,0,74,74,completed,1
37735,Rigid,2693497,2693497,2693571,0,74,74,completed,1
37736,Rigid,2693509,2693509,2693561,0,52,52,completed,1
37737,Rigid,2693509,2693509,2695165,0,1656,1656,completed,2
37738,Rigid,2693510,2693510,2695299,0,1789,1789,completed,2
37739,Rigid,2693510,2693510,2699561,0,6051,6051,completed,1
37740,Rigid,2693512,2693513,2695014,1,1501,1502,completed,2
37741,Rigid,2693512,2693513,2695126,1,1613,1614,completed,2
37742,Rigid,2693513,2693513,2695298,0,1785,1785,completed,2
37743,Rigid,2693514,2693515,2699662,1,6147,6148,completed,1
37744,Rigid,2693514,2693515,2694984,1,1469,1470,completed,2
37745,Rigid,2693514,2693515,2694993,1,1478,1479,completed,2
37746,Rigid,2693515,2693515,2706466,0,12951,12951,completed,72
37747,Rigid,2693516,2693517,2695639,1,2122,2123,completed,2
37748,Rigid,2693516,2693517,2695173,1,1656,1657,completed,2
37749,Rigid,2693516,2693517,2699851,1,6334,6335,completed,1
37750,Rigid,2693517,2693517,2694990,0,1473,1473,completed,2
37751,Rigid,2693517,2693517,2695251,0,1734,1734,completed,2
37752,Rigid,2693517,2693517,2695104,0,1587,1587,completed,2
37753,Rigid,2693529,2693529,2699536,0,6007,6007,completed,1
37754,Rigid,2693529,2693529,2697514,0,3985,3985,completed,1
37755,Rigid,2693529,2693529,2694590,0,1061,1061,completed,2
37756,Rigid,2693530,2693532,2694891,2,1359,1361,completed,2
37757,Rigid,2693530,2693532,2694872,2,1340,1342,completed,2
37758,Rigid,2693531,2693532,2694541,1,1009,1010,completed,2
37759,Rigid,2693531,2693532,2697507,1,3975,3976,completed,1
37760,Rigid,2693533,2693533,2697408,0,3875,3875,completed,1
37761,Rigid,2693533,2693533,2694515,0,982,982,completed,2
37762,Rigid,2693534,2693534,2694893,0,1359,1359,completed,2
37763,Rigid,2693534,2693535,2697384,1,3849,3850,completed,1
37764,Rigid,2693534,2693535,2694486,1,951,952,completed,2
37765,Rigid,2693534,2693535,2695225,1,1690,1691,completed,2
37766,Rigid,2693535,2693537,2697239,2,3702,3704,completed,1
37767,Rigid,2693535,2693537,2694452,2,915,917,completed,2
37768,Rigid,2693535,2693537,2694856,2,1319,1321,completed,2
37769,Rigid,2693535,2693537,2694468,2,931,933,completed,2
37770,Rigid,2693536,2693537,2694749,1,1212,1213,completed,2
37771,Rigid,2693536,2693537,2697210,1,3673,3674,completed,1
37772,Rigid,2693536,2693537,2697106,1,3569,3570,completed,1
37773,Rigid,2693537,2693537,2694787,0,1250,1250,completed,2
37774,Rigid,2693539,2693539,2740904,0,47365,47365,completed,72
37775,Rigid,2693551,2693551,2694486,0,935,935,completed,2
37776,Rigid,2693552,2693555,2694863,3,1308,1311,completed,2
37777,Rigid,2693552,2693555,2694478,3,923,926,completed,2
37778,Rigid,2693552,2693555,2696972,3,3417,3420,completed,1
37779,Rigid,2693553,2693555,2694418,2,863,865,completed,2
37780,Rigid,2693554,2693555,2694405,1,850,851,completed,2
37781,Rigid,2693555,2693555,2694470,0,915,915,completed,2
37782,Rigid,2693556,2693557,2694867,1,1310,1311,completed,2
37783,Rigid,2693556,2693557,2694849,1,1292,1293,completed,2
37784,Rigid,2693556,2693557,2694470,1,913,914,completed,2
37785,Rigid,2693556,2693557,2696941,1,3384,3385,completed,1
37786,Rigid,2693556,2693557,2694851,1,1294,1295,completed,2
37787,Rigid,2693557,2693557,2694441,0,884,884,completed,2
37788,Rigid,2693557,2693557,2697161,0,3604,3604,completed,1
37789,Rigid,2693557,2693558,2697026,1,3468,3469,completed,1
37790,Rigid,2693557,2693558,2697096,1,3538,3539,completed,1
37791,Rigid,2693557,2693558,2694848,1,1290,1291,completed,2
37792,Rigid,2693559,2693559,2714885,0,21326,21326,completed,72
37793,Rigid,2693566,2693566,2694275,0,709,709,completed,36
37794,Rigid,2693574,2693575,2694454,1,879,880,completed,2
37795,Rigid,2693576,2693578,2694386,2,808,810,completed,2
37796,Rigid,2693577,2693578,2694418,1,840,841,completed,2
37797,Rigid,2693577,2693578,2697101,1,3523,3524,completed,1
37798,Rigid,2693577,2693578,2694856,1,1278,1279,completed,2
37799,Rigid,2693577,2693578,2694479,1,901,902,completed,2
37800,Rigid,2693577,2693578,2694383,1,805,806,completed,2
37801,Rigid,2693577,2693578,2697092,1,3514,3515,completed,1
37802,Rigid,2693578,2693578,2694879,0,1301,1301,completed,2
37803,Rigid,2693578,2693579,2694470,1,891,892,completed,2
37804,Rigid,2693578,2693579,2694369,1,790,791,completed,2
37805,Rigid,2693578,2693579,2697110,1,3531,3532,completed,1
37806,Rigid,2693578,2693579,2694480,1,901,902,completed,2
37807,Rigid,2693578,2693579,2694868,1,1289,1290,completed,2
37808,Rigid,2693578,2693579,2694874,1,1295,1296,completed,2
37809,Rigid,2693579,2693579,2694455,0,876,876,completed,2
37810,Rigid,2693579,2693579,2697030,0,3451,3451,completed,1
37811,Rigid,2693579,2693580,2696969,1,3389,3390,completed,1
37812,Rigid,2693580,2693580,2694865,0,1285,1285,completed,2
37813,Rigid,2693580,2693580,2696954,0,3374,3374,completed,1
37814,Rigid,2693580,2693580,2694433,0,853,853,completed,2
37815,Rigid,2693580,2693580,2694364,0,784,784,completed,2
37816,Rigid,2693580,2693581,2694855,1,1274,1275,completed,2
37817,Rigid,2693581,2693581,2694431,0,850,850,completed,2
37818,Rigid,2693581,2693581,2696592,0,3011,3011,completed,1
37819,Rigid,2693581,2693581,2694848,0,1267,1267,completed,2
37820,Rigid,2693586,2693587,2706742,1,13155,13156,completed,72
37821,Rigid,2693598,2693598,2694438,0,840,840,completed,2
37822,Rigid,2693598,2693598,2694383,0,785,785,completed,2
37823,Rigid,2693598,2693600,2694456,2,856,858,completed,2
37824,Rigid,2693599,2693600,2694853,1,1253,1254,completed,2
37825,Rigid,2693599,2693600,2696636,1,3036,3037,completed,1
37826,Rigid,2693600,2693600,2694361,0,761,761,completed,2
37827,Rigid,2693600,2693600,2696789,0,3189,3189,completed,1
37828,Rigid,2693600,2693600,2694361,0,761,761,completed,2
37829,Rigid,2693600,2693600,2694863,0,1263,1263,completed,2
37830,Rigid,2693600,2693602,2694408,2,806,808,completed,2
37831,Rigid,2693600,2693602,2694859,2,1257,1259,completed,2
37832,Rigid,2693600,2693602,2694409,2,807,809,completed,2
37833,Rigid,2693600,2693602,2694857,2,1255,1257,completed,2
37834,Rigid,2693600,2693602,2696781,2,3179,3181,completed,1
37835,Rigid,2693600,2693602,2694422,2,820,822,completed,2
37836,Rigid,2693601,2693602,2696964,1,3362,3363,completed,1
37837,Rigid,2693601,2693602,2694882,1,1280,1281,completed,2
37838,Rigid,2693601,2693602,2694882,1,1280,1281,completed,2
37839,Rigid,2693601,2693602,2694424,1,822,823,completed,2
37840,Rigid,2693601,2693602,2694443,1,841,842,completed,2
37841,Rigid,2693601,2693602,2696793,1,3191,3192,completed,1
37842,Rigid,2693617,2693617,2722031,0,28414,28414,completed,72
37843,Rigid,2693635,2693636,2697184,1,3548,3549,completed,72
37844,Rigid,2693676,2693676,2707775,0,14099,14099,completed,72
37845,Rigid,2693707,2693708,2705641,1,11933,11934,completed,72
37846,Rigid,2693770,2693771,2718200,1,24429,24430,completed,72
37847,Rigid,2693805,2693806,2766643,1,72837,72838,completed,72
37848,Rigid,2693980,2693981,2694019,1,38,39,completed,32
37849,Rigid,2694072,2694073,2698126,1,4053,4054,completed,72
37850,Rigid,2694374,2694374,2697643,0,3269,3269,completed,1
37851,Rigid,2694374,2694374,2695229,0,855,855,completed,2
37852,Rigid,2694376,2694378,2695685,2,1307,1309,completed,2
37853,Rigid,2694377,2694378,2697643,1,3265,3266,completed,1
37854,Rigid,2694394,2694394,2695173,0,779,779,completed,2
37855,Rigid,2694395,2694398,2697742,3,3344,3347,completed,1
37856,Rigid,2694396,2694398,2695270,2,872,874,completed,2
37857,Rigid,2694415,2694415,2695715,0,1300,1300,completed,2
37858,Rigid,2694415,2694418,2697662,3,3244,3247,completed,1
37859,Rigid,2694418,2694418,2695242,0,824,824,completed,2
37860,Rigid,2694418,2694419,2695711,1,1292,1293,completed,2
37861,Rigid,2694436,2694436,2695211,0,775,775,completed,2
37862,Rigid,2694436,2694438,2695179,2,741,743,completed,2
37863,Rigid,2694437,2694438,2695717,1,1279,1280,completed,2
37864,Rigid,2694438,2694438,2695242,0,804,804,completed,2
37865,Rigid,2694443,2694443,2697654,0,3211,3211,completed,1
37866,Rigid,2694455,2694455,2695748,0,1293,1293,completed,2
37867,Rigid,2694456,2694458,2695271,2,813,815,completed,2
37868,Rigid,2694457,2694458,2697733,1,3275,3276,completed,1
37869,Rigid,2694459,2694459,2695212,0,753,753,completed,2
37870,Rigid,2694461,2694463,2697733,2,3270,3272,completed,1
37871,Rigid,2694463,2694463,2695288,0,825,825,completed,2
37872,Rigid,2694476,2694477,2695746,1,1269,1270,completed,2
37873,Rigid,2694477,2694478,2695295,1,817,818,completed,2
37874,Rigid,2694478,2694479,2695749,1,1270,1271,completed,2
37875,Rigid,2694478,2694479,2697750,1,3271,3272,completed,1
37876,Rigid,2694479,2694480,2695748,1,1268,1269,completed,2
37877,Rigid,2694481,2694482,2695302,1,820,821,completed,2
37878,Rigid,2694493,2694494,2694523,1,29,30,completed,32
37879,Rigid,2694497,2694498,2697713,1,3215,3216,completed,1
37880,Rigid,2694497,2694498,2695249,1,751,752,completed,2
37881,Rigid,2694499,2694502,2695313,3,811,814,completed,2
37882,Rigid,2694501,2694502,2695768,1,1266,1267,completed,2
37883,Rigid,2694520,2694522,2697437,2,2915,2917,completed,1
37884,Rigid,2694561,2694562,2695349,1,787,788,completed,2
37885,Rigid,2694601,2694601,2695899,0,1298,1298,completed,2
37886,Rigid,2694745,2694746,2694802,1,56,57,completed,12
37887,Rigid,2694745,2694746,2694801,1,55,56,completed,12
37888,Rigid,2694745,2694746,2694872,1,126,127,completed,12
37889,Rigid,2694762,2694763,2697986,1,3223,3224,completed,1
37890,Rigid,2694802,2694802,2698023,0,3221,3221,completed,1
37891,Rigid,2694805,2694806,2694813,1,7,8,completed,1
37892,Rigid,2694805,2694806,2694813,1,7,8,completed,1
37893,Rigid,2694859,2694860,2696067,1,1207,1208,completed,2
37894,Rigid,2694859,2694860,2695611,1,751,752,completed,2
37895,Rigid,2694859,2694860,2695649,1,789,790,completed,2
37896,Rigid,2694860,2694860,2695605,0,745,745,completed,2
37897,Rigid,2694861,2694862,2695600,1,738,739,completed,2
37898,Rigid,2694861,2694862,2695607,1,745,746,completed,2
37899,Rigid,2694861,2694862,2695587,1,725,726,completed,2
37900,Rigid,2694863,2694864,2695588,1,724,725,completed,2
37901,Rigid,2694864,2694864,2695567,0,703,703,completed,2
37902,Rigid,2694875,2694876,2694884,1,8,9,completed,1
37903,Rigid,2694879,2694880,2696056,1,1176,1177,completed,2
37904,Rigid,2694879,2694880,2695628,1,748,749,completed,2
37905,Rigid,2694880,2694880,2697978,0,3098,3098,completed,1
37906,Rigid,2694880,2694880,2695698,0,818,818,completed,2
37907,Rigid,2694880,2694880,2696173,0,1293,1293,completed,2
37908,Rigid,2694880,2694880,2697984,0,3104,3104,completed,1
37909,Rigid,2694881,2694881,2695588,0,707,707,completed,2
37910,Rigid,2694881,2694881,2695568,0,687,687,completed,2
37911,Rigid,2694882,2694883,2695636,1,753,754,completed,2
37912,Rigid,2694884,2694885,2696173,1,1288,1289,completed,2
37913,Rigid,2694884,2694885,2697955,1,3070,3071,completed,1
37914,Rigid,2694902,2694903,2698017,1,3114,3115,completed,1
37915,Rigid,2694902,2694903,2696174,1,1271,1272,completed,2
37916,Rigid,2694946,2694946,2701136,0,6190,6190,completed,32
37917,Rigid,2695003,2695004,2695784,1,780,781,completed,2
37918,Rigid,2695003,2695004,2698060,1,3056,3057,completed,1
37919,Rigid,2695004,2695008,2695806,4,798,802,completed,2
37920,Rigid,2695024,2695024,2696312,0,1288,1288,completed,2
37921,Rigid,2695105,2695105,2695833,0,728,728,completed,2
37922,Rigid,2695145,2695145,2695880,0,735,735,completed,2
37923,Rigid,2695180,2695180,2698265,0,3085,3085,completed,1
37924,Rigid,2695181,2695185,2695963,4,778,782,completed,2
37925,Rigid,2695185,2695185,2696463,0,1278,1278,completed,2
37926,Rigid,2695185,2695189,2695880,4,691,695,completed,2
37927,Rigid,2695220,2695222,2695925,2,703,705,completed,2
37928,Rigid,2695221,2695222,2696498,1,1276,1277,completed,2
37929,Rigid,2695242,2695243,2696015,1,772,773,completed,2
37930,Rigid,2695244,2695247,2698309,3,3062,3065,completed,1
37931,Rigid,2695260,2695260,2698262,0,3002,3002,completed,1
37932,Rigid,2695261,2695264,2696056,3,792,795,completed,2
37933,Rigid,2695261,2695264,2696542,3,1278,1281,completed,2
37934,Rigid,2695265,2695268,2696495,3,1227,1230,completed,2
37935,Rigid,2695281,2695282,2696081,1,799,800,completed,2
37936,Rigid,2695282,2695282,2698572,0,3290,3290,completed,1
37937,Rigid,2695301,2695301,2696020,0,719,719,completed,2
37938,Rigid,2695304,2695305,2696008,1,703,704,completed,2
37939,Rigid,2695305,2695309,2696086,4,777,781,completed,2
37940,Rigid,2695305,2695309,2696603,4,1294,1298,completed,2
37941,Rigid,2695320,2695321,2698310,1,2989,2990,completed,1
37942,Rigid,2695321,2695325,2698315,4,2990,2994,completed,1
37943,Rigid,2695361,2695361,2696632,0,1271,1271,completed,2
37944,Rigid,2695580,2695582,2696385,2,803,805,completed,2
37945,Rigid,2695581,2695582,2696402,1,820,821,completed,2
37946,Rigid,2695600,2695600,2696801,0,1201,1201,completed,2
37947,Rigid,2695601,2695601,2698802,0,3201,3201,completed,1
37948,Rigid,2695601,2695601,2696385,0,784,784,completed,2
37949,Rigid,2695601,2695601,2696858,0,1257,1257,completed,2
37950,Rigid,2695621,2695621,2698639,0,3018,3018,completed,1
37951,Rigid,2695621,2695621,2696340,0,719,719,completed,2
37952,Rigid,2695621,2695621,2698609,0,2988,2988,completed,1
37953,Rigid,2695640,2695640,2697143,0,1503,1503,completed,2
37954,Rigid,2695641,2695642,2696418,1,776,777,completed,2
37955,Rigid,2695646,2695646,2696921,0,1275,1275,completed,2
37956,Rigid,2695661,2695661,2696405,0,744,744,completed,2
37957,Rigid,2695701,2695702,2698704,1,3002,3003,completed,1
37958,Rigid,2695703,2695706,2696459,3,753,756,completed,2
37959,Rigid,2695723,2695724,2696993,1,1269,1270,completed,2
37960,Rigid,2695723,2695724,2696405,1,681,682,completed,2
37961,Rigid,2695723,2695724,2698683,1,2959,2960,completed,1
37962,Rigid,2695762,2695763,2696548,1,785,786,completed,2
37963,Rigid,2695762,2695763,2697061,1,1298,1299,completed,2
37964,Rigid,2695763,2695763,2698621,0,2858,2858,completed,1
37965,Rigid,2695763,2695767,2696463,4,696,700,completed,2
37966,Rigid,2695782,2695785,2696455,3,670,673,completed,2
37967,Rigid,2695801,2695802,2696585,1,783,784,completed,2
37968,Rigid,2695822,2695822,2697097,0,1275,1275,completed,2
37969,Rigid,2695846,2695847,2698766,1,2919,2920,completed,1
37970,Rigid,2695881,2695881,2698978,0,3097,3097,completed,1
37971,Rigid,2695881,2695881,2696652,0,771,771,completed,2
37972,Rigid,2695902,2695903,2697113,1,1210,1211,completed,2
37973,Rigid,2695941,2695942,2696652,1,710,711,completed,2
37974,Rigid,2695986,2695987,2696678,1,691,692,completed,2
37975,Rigid,2696025,2696025,2696745,0,720,720,completed,2
37976,Rigid,2696025,2696025,2696723,0,698,698,completed,2
37977,Rigid,2696026,2696030,2696789,4,759,763,completed,2
37978,Rigid,2696065,2696065,2697314,0,1249,1249,completed,2
37979,Rigid,2696066,2696068,2699094,2,3026,3028,completed,1
37980,Rigid,2696085,2696085,2696769,0,684,684,completed,2
37981,Rigid,2696087,2696088,2696779,1,691,692,completed,2
37982,Rigid,2696091,2696094,2696765,3,671,674,completed,2
37983,Rigid,2696188,2696189,2696870,1,681,682,completed,2
37984,Rigid,2696188,2696189,2696879,1,690,691,completed,2
37985,Rigid,2696189,2696189,2696858,0,669,669,completed,2
37986,Rigid,2696328,2696328,2697015,0,687,687,completed,2
37987,Rigid,2696346,2696346,2697010,0,664,664,completed,2
37988,Rigid,2696386,2696386,2697033,0,647,647,completed,2
37989,Rigid,2696386,2696390,2697038,4,648,652,completed,2
37990,Rigid,2696405,2696405,2697080,0,675,675,completed,2
37991,Rigid,2696406,2696406,2697010,0,604,604,completed,2
37992,Rigid,2696406,2696406,2697050,0,644,644,completed,2
37993,Rigid,2696426,2696426,2697081,0,655,655,completed,2
37994,Rigid,2696466,2696467,2697147,1,680,681,completed,2
37995,Rigid,2696466,2696467,2697215,1,748,749,completed,2
37996,Rigid,2696466,2696467,2697710,1,1243,1244,completed,2
37997,Rigid,2696468,2696471,2699152,3,2681,2684,completed,1
37998,Rigid,2696508,2696509,2699077,1,2568,2569,completed,1
37999,Rigid,2696509,2696509,2697251,0,742,742,completed,2
38000,Rigid,2696548,2696548,2697786,0,1238,1238,completed,2
38001,Rigid,2696570,2696571,2697231,1,660,661,completed,2
38002,Rigid,2696590,2696591,2697244,1,653,654,completed,2
38003,Rigid,2696594,2696595,2699356,1,2761,2762,completed,1
38004,Rigid,2696616,2696617,2697836,1,1219,1220,completed,2
38005,Rigid,2696651,2696652,2697349,1,697,698,completed,2
38006,Rigid,2696653,2696654,2697365,1,711,712,completed,2
38007,Rigid,2696671,2696671,2697879,0,1208,1208,completed,2
38008,Rigid,2696671,2696671,2699375,0,2704,2704,completed,1
38009,Rigid,2696690,2696690,2697327,0,637,637,completed,2
38010,Rigid,2696731,2696731,2697327,0,596,596,completed,2
38011,Rigid,2696751,2696751,2697381,0,630,630,completed,2
38012,Rigid,2696770,2696771,2697365,1,594,595,completed,2
38013,Rigid,2696777,2696778,2699174,1,2396,2397,completed,1
38014,Rigid,2696790,2696790,2697443,0,653,653,completed,2
38015,Rigid,2696791,2696795,2697968,4,1173,1177,completed,2
38016,Rigid,2696794,2696795,2699189,1,2394,2395,completed,1
38017,Rigid,2696795,2696795,2697984,0,1189,1189,completed,2
38018,Rigid,2696797,2696799,2697429,2,630,632,completed,2
38019,Rigid,2696812,2696813,2697390,1,577,578,completed,2
38020,Rigid,2696871,2696871,2699286,0,2415,2415,completed,1
38021,Rigid,2696871,2696871,2697531,0,660,660,completed,2
38022,Rigid,2696872,2696876,2698051,4,1175,1179,completed,2
38023,Rigid,2696891,2696892,2699267,1,2375,2376,completed,1
38024,Rigid,2696937,2696938,2698101,1,1163,1164,completed,2
38025,Rigid,2696955,2696955,2697587,0,632,632,completed,2
38026,Rigid,2696955,2696955,2697506,0,551,551,completed,2
38027,Rigid,2696975,2696976,2697530,1,554,555,completed,2
38028,Rigid,2696975,2696976,2697529,1,553,554,completed,2
38029,Rigid,2696977,2696980,2697506,3,526,529,completed,2
38030,Rigid,2697103,2697103,2735559,0,38456,38456,completed,9
38031,Rigid,2697103,2697103,2697818,0,715,715,completed,9
38032,Rigid,2698272,2698273,2700914,1,2641,2642,completed,72
38033,Rigid,2698336,2698337,2701681,1,3344,3345,completed,72
38034,Rigid,2698353,2698353,2720734,0,22381,22381,completed,9
38035,Rigid,2698726,2698726,2711050,0,12324,12324,completed,72
38036,Rigid,2699210,2699210,2699578,0,368,368,completed,18
38037,Rigid,2699284,2699285,2728911,1,29626,29627,completed,36
38038,Rigid,2699742,2699743,2700910,1,1167,1168,completed,36
38039,Rigid,2699804,2699805,2699807,1,2,3,completed,1
38040,Rigid,2699805,2699805,2699813,0,8,8,completed,1
38041,Rigid,2699805,2699805,2699807,0,2,2,completed,1
38042,Rigid,2699805,2699805,2699814,0,9,9,completed,1
38043,Rigid,2699805,2699805,2699826,0,21,21,completed,1
38044,Rigid,2699965,2699965,2699966,0,1,1,completed,1
38045,Rigid,2699965,2699965,2699966,0,1,1,completed,1
38046,Rigid,2699965,2699967,2699969,2,2,4,completed,1
38047,Rigid,2699965,2699967,2699969,2,2,4,completed,1
38048,Rigid,2699966,2699967,2699969,1,2,3,completed,1
38049,Rigid,2699966,2699967,2699969,1,2,3,completed,1
38050,Rigid,2699966,2699967,2699969,1,2,3,completed,1
38051,Rigid,2699967,2699967,2699969,0,2,2,completed,1
38052,Rigid,2699967,2699967,2699969,0,2,2,completed,1
38053,Rigid,2699968,2699969,2699970,1,1,2,completed,1
38054,Rigid,2699968,2699969,2699970,1,1,2,completed,1
38055,Rigid,2699969,2699969,2699970,0,1,1,completed,1
38056,Rigid,2699969,2699970,2699971,1,1,2,completed,1
38057,Rigid,2699970,2699970,2699971,0,1,1,completed,1
38058,Rigid,2699970,2699971,2699973,1,2,3,completed,1
38059,Rigid,2699970,2699971,2699973,1,2,3,completed,1
38060,Rigid,2699971,2699971,2699973,0,2,2,completed,1
38061,Rigid,2699971,2699971,2699973,0,2,2,completed,1
38062,Rigid,2699971,2699971,2699973,0,2,2,completed,1
38063,Rigid,2699971,2699972,2699974,1,2,3,completed,1
38064,Rigid,2699972,2699973,2699975,1,2,3,completed,1
38065,Rigid,2699972,2699973,2699974,1,1,2,completed,1
38066,Rigid,2699972,2699973,2699974,1,1,2,completed,1
38067,Rigid,2699973,2699973,2699974,0,1,1,completed,1
38068,Rigid,2699974,2699974,2699975,0,1,1,completed,1
38069,Rigid,2699974,2699974,2699975,0,1,1,completed,1
38070,Rigid,2699975,2699975,2699976,0,1,1,completed,1
38071,Rigid,2699975,2699975,2699976,0,1,1,completed,1
38072,Rigid,2699975,2699975,2699976,0,1,1,completed,1
38073,Rigid,2699975,2699975,2699976,0,1,1,completed,1
38074,Rigid,2699975,2699975,2699976,0,1,1,completed,1
38075,Rigid,2699975,2699975,2699976,0,1,1,completed,1
38076,Rigid,2699975,2699975,2699976,0,1,1,completed,1
38077,Rigid,2699975,2699975,2699976,0,1,1,completed,1
38078,Rigid,2699975,2699975,2699976,0,1,1,completed,1
38079,Rigid,2699975,2699975,2699976,0,1,1,completed,1
38080,Rigid,2699976,2699976,2699977,0,1,1,completed,1
38081,Rigid,2699976,2699976,2699977,0,1,1,completed,1
38082,Rigid,2699976,2699976,2699977,0,1,1,completed,1
38083,Rigid,2699976,2699976,2699977,0,1,1,completed,1
38084,Rigid,2699976,2699976,2699977,0,1,1,completed,1
38085,Rigid,2699976,2699976,2699977,0,1,1,completed,1
38086,Rigid,2699976,2699976,2699977,0,1,1,completed,1
38087,Rigid,2699976,2699976,2699977,0,1,1,completed,1
38088,Rigid,2699976,2699976,2699977,0,1,1,completed,1
38089,Rigid,2699976,2699977,2699978,1,1,2,completed,1
38090,Rigid,2699977,2699977,2699978,0,1,1,completed,1
38091,Rigid,2699977,2699977,2699978,0,1,1,completed,1
38092,Rigid,2699977,2699977,2699978,0,1,1,completed,1
38093,Rigid,2699977,2699977,2699978,0,1,1,completed,1
38094,Rigid,2699977,2699977,2699978,0,1,1,completed,1
38095,Rigid,2699977,2699977,2699978,0,1,1,completed,1
38096,Rigid,2699977,2699977,2699978,0,1,1,completed,1
38097,Rigid,2699977,2699977,2699978,0,1,1,completed,1
38098,Rigid,2699977,2699978,2699979,1,1,2,completed,1
38099,Rigid,2699978,2699978,2699979,0,1,1,completed,1
38100,Rigid,2699978,2699978,2699979,0,1,1,completed,1
38101,Rigid,2699978,2699978,2699979,0,1,1,completed,1
38102,Rigid,2699978,2699979,2699980,1,1,2,completed,1
38103,Rigid,2699978,2699979,2699980,1,1,2,completed,1
38104,Rigid,2699978,2699979,2699980,1,1,2,completed,1
38105,Rigid,2699978,2699979,2699980,1,1,2,completed,1
38106,Rigid,2699978,2699979,2699980,1,1,2,completed,1
38107,Rigid,2699979,2699979,2699980,0,1,1,completed,1
38108,Rigid,2699979,2699979,2699980,0,1,1,completed,1
38109,Rigid,2699979,2699979,2699980,0,1,1,completed,1
38110,Rigid,2699979,2699979,2699980,0,1,1,completed,1
38111,Rigid,2699979,2699979,2699981,0,2,2,completed,1
38112,Rigid,2699979,2699979,2699981,0,2,2,completed,1
38113,Rigid,2699979,2699979,2699981,0,2,2,completed,1
38114,Rigid,2699979,2699980,2699981,1,1,2,completed,1
38115,Rigid,2699979,2699980,2699981,1,1,2,completed,1
38116,Rigid,2699980,2699980,2699981,0,1,1,completed,1
38117,Rigid,2699980,2699980,2699981,0,1,1,completed,1
38118,Rigid,2699980,2699980,2699981,0,1,1,completed,1
38119,Rigid,2699980,2699980,2699981,0,1,1,completed,1
38120,Rigid,2699980,2699980,2699982,0,2,2,completed,1
38121,Rigid,2699980,2699980,2699982,0,2,2,completed,1
38122,Rigid,2699980,2699981,2699982,1,1,2,completed,1
38123,Rigid,2699980,2699981,2699982,1,1,2,completed,1
38124,Rigid,2699981,2699981,2699982,0,1,1,completed,1
38125,Rigid,2699981,2699981,2699982,0,1,1,completed,1
38126,Rigid,2699981,2699982,2699983,1,1,2,completed,1
38127,Rigid,2699981,2699982,2699983,1,1,2,completed,1
38128,Rigid,2699981,2699982,2699983,1,1,2,completed,1
38129,Rigid,2699981,2699982,2699983,1,1,2,completed,1
38130,Rigid,2699981,2699982,2699983,1,1,2,completed,1
38131,Rigid,2699981,2699982,2699983,1,1,2,completed,1
38132,Rigid,2699981,2699982,2699983,1,1,2,completed,1
38133,Rigid,2699982,2699982,2699983,0,1,1,completed,1
38134,Rigid,2699982,2699982,2699983,0,1,1,completed,1
38135,Rigid,2699982,2699982,2699983,0,1,1,completed,1
38136,Rigid,2699982,2699982,2699984,0,2,2,completed,1
38137,Rigid,2699982,2699982,2699984,0,2,2,completed,1
38138,Rigid,2699982,2699982,2699984,0,2,2,completed,1
38139,Rigid,2699982,2699982,2699984,0,2,2,completed,1
38140,Rigid,2699982,2699982,2699984,0,2,2,completed,1
38141,Rigid,2699983,2699983,2699984,0,1,1,completed,1
38142,Rigid,2699983,2699983,2699984,0,1,1,completed,1
38143,Rigid,2699983,2699983,2699984,0,1,1,completed,1
38144,Rigid,2699983,2699983,2699984,0,1,1,completed,1
38145,Rigid,2699983,2699983,2699984,0,1,1,completed,1
38146,Rigid,2699983,2699983,2699984,0,1,1,completed,1
38147,Rigid,2699983,2699983,2699984,0,1,1,completed,1
38148,Rigid,2699983,2699984,2699985,1,1,2,completed,1
38149,Rigid,2699983,2699984,2699985,1,1,2,completed,1
38150,Rigid,2699983,2699984,2699985,1,1,2,completed,1
38151,Rigid,2699984,2699984,2699985,0,1,1,completed,1
38152,Rigid,2699984,2699984,2699985,0,1,1,completed,1
38153,Rigid,2699984,2699984,2699985,0,1,1,completed,1
38154,Rigid,2699984,2699984,2699985,0,1,1,completed,1
38155,Rigid,2699984,2699984,2699985,0,1,1,completed,1
38156,Rigid,2699984,2699984,2699985,0,1,1,completed,1
38157,Rigid,2699984,2699984,2699986,0,2,2,completed,1
38158,Rigid,2699984,2699984,2699986,0,2,2,completed,1
38159,Rigid,2699984,2699985,2699986,1,1,2,completed,1
38160,Rigid,2699985,2699985,2699986,0,1,1,completed,1
38161,Rigid,2699985,2699985,2699986,0,1,1,completed,1
38162,Rigid,2699985,2699985,2699986,0,1,1,completed,1
38163,Rigid,2699985,2699985,2699986,0,1,1,completed,1
38164,Rigid,2699985,2699985,2699986,0,1,1,completed,1
38165,Rigid,2699985,2699985,2699986,0,1,1,completed,1
38166,Rigid,2699985,2699985,2699986,0,1,1,completed,1
38167,Rigid,2699985,2699985,2699986,0,1,1,completed,1
38168,Rigid,2699985,2699986,2699987,1,1,2,completed,1
38169,Rigid,2699986,2699986,2699987,0,1,1,completed,1
38170,Rigid,2699986,2699986,2699987,0,1,1,completed,1
38171,Rigid,2699986,2699986,2699987,0,1,1,completed,1
38172,Rigid,2699986,2699987,2699988,1,1,2,completed,1
38173,Rigid,2699987,2699987,2699988,0,1,1,completed,1
38174,Rigid,2699987,2699987,2699988,0,1,1,completed,1
38175,Rigid,2699987,2699987,2699988,0,1,1,completed,1
38176,Rigid,2699987,2699987,2699988,0,1,1,completed,1
38177,Rigid,2699987,2699987,2699988,0,1,1,completed,1
38178,Rigid,2699987,2699987,2699988,0,1,1,completed,1
38179,Rigid,2699987,2699987,2699988,0,1,1,completed,1
38180,Rigid,2699987,2699988,2699989,1,1,2,completed,1
38181,Rigid,2699988,2699988,2699989,0,1,1,completed,1
38182,Rigid,2699988,2699988,2699989,0,1,1,completed,1
38183,Rigid,2699988,2699988,2699989,0,1,1,completed,1
38184,Rigid,2699988,2699988,2699989,0,1,1,completed,1
38185,Rigid,2699988,2699988,2699989,0,1,1,completed,1
38186,Rigid,2699988,2699988,2699989,0,1,1,completed,1
38187,Rigid,2699988,2699989,2699990,1,1,2,completed,1
38188,Rigid,2699988,2699989,2699990,1,1,2,completed,1
38189,Rigid,2699989,2699989,2699990,0,1,1,completed,1
38190,Rigid,2699989,2699989,2699990,0,1,1,completed,1
38191,Rigid,2699989,2699989,2699990,0,1,1,completed,1
38192,Rigid,2699989,2699989,2699990,0,1,1,completed,1
38193,Rigid,2699989,2699989,2699990,0,1,1,completed,1
38194,Rigid,2699989,2699989,2699990,0,1,1,completed,1
38195,Rigid,2699989,2699989,2699990,0,1,1,completed,1
38196,Rigid,2699989,2699989,2699990,0,1,1,completed,1
38197,Rigid,2699989,2699990,2699991,1,1,2,completed,1
38198,Rigid,2699990,2699990,2699991,0,1,1,completed,1
38199,Rigid,2699990,2699990,2699991,0,1,1,completed,1
38200,Rigid,2699990,2699990,2699991,0,1,1,completed,1
38201,Rigid,2699990,2699990,2699991,0,1,1,completed,1
38202,Rigid,2699990,2699990,2699991,0,1,1,completed,1
38203,Rigid,2699990,2699990,2699991,0,1,1,completed,1
38204,Rigid,2699990,2699990,2699991,0,1,1,completed,1
38205,Rigid,2699990,2699991,2699992,1,1,2,completed,1
38206,Rigid,2699990,2699991,2699992,1,1,2,completed,1
38207,Rigid,2699991,2699991,2699992,0,1,1,completed,1
38208,Rigid,2699991,2699991,2699992,0,1,1,completed,1
38209,Rigid,2699991,2699991,2699992,0,1,1,completed,1
38210,Rigid,2699991,2699991,2699992,0,1,1,completed,1
38211,Rigid,2699991,2699991,2699992,0,1,1,completed,1
38212,Rigid,2699991,2699991,2699992,0,1,1,completed,1
38213,Rigid,2699991,2699991,2699992,0,1,1,completed,1
38214,Rigid,2699991,2699991,2699992,0,1,1,completed,1
38215,Rigid,2699991,2699991,2699992,0,1,1,completed,1
38216,Rigid,2699992,2699992,2699993,0,1,1,completed,1
38217,Rigid,2699992,2699992,2699993,0,1,1,completed,1
38218,Rigid,2699992,2699992,2699993,0,1,1,completed,1
38219,Rigid,2699992,2699992,2699993,0,1,1,completed,1
38220,Rigid,2699992,2699992,2699993,0,1,1,completed,1
38221,Rigid,2699992,2699992,2699993,0,1,1,completed,1
38222,Rigid,2699992,2699992,2699993,0,1,1,completed,1
38223,Rigid,2699992,2699992,2699993,0,1,1,completed,1
38224,Rigid,2699992,2699993,2699994,1,1,2,completed,1
38225,Rigid,2699993,2699993,2699994,0,1,1,completed,1
38226,Rigid,2699993,2699993,2699994,0,1,1,completed,1
38227,Rigid,2699993,2699993,2699994,0,1,1,completed,1
38228,Rigid,2699993,2699993,2699994,0,1,1,completed,1
38229,Rigid,2699993,2699993,2699994,0,1,1,completed,1
38230,Rigid,2699993,2699993,2699994,0,1,1,completed,1
38231,Rigid,2699993,2699993,2699995,0,2,2,completed,1
38232,Rigid,2699993,2699994,2699995,1,1,2,completed,1
38233,Rigid,2699993,2699994,2699995,1,1,2,completed,1
38234,Rigid,2699993,2699994,2699995,1,1,2,completed,1
38235,Rigid,2699994,2699994,2699995,0,1,1,completed,1
38236,Rigid,2699994,2699994,2699995,0,1,1,completed,1
38237,Rigid,2699994,2699994,2699995,0,1,1,completed,1
38238,Rigid,2699994,2699994,2699996,0,2,2,completed,1
38239,Rigid,2699994,2699995,2699996,1,1,2,completed,1
38240,Rigid,2699994,2699995,2699996,1,1,2,completed,1
38241,Rigid,2699995,2699995,2699996,0,1,1,completed,1
38242,Rigid,2699995,2699995,2699996,0,1,1,completed,1
38243,Rigid,2699995,2699996,2699997,1,1,2,completed,1
38244,Rigid,2699995,2699996,2699997,1,1,2,completed,1
38245,Rigid,2699995,2699996,2699997,1,1,2,completed,1
38246,Rigid,2699995,2699996,2699997,1,1,2,completed,1
38247,Rigid,2699995,2699996,2699997,1,1,2,completed,1
38248,Rigid,2699995,2699996,2699997,1,1,2,completed,1
38249,Rigid,2699995,2699996,2699997,1,1,2,completed,1
38250,Rigid,2699996,2699996,2699997,0,1,1,completed,1
38251,Rigid,2699996,2699996,2699997,0,1,1,completed,1
38252,Rigid,2699996,2699996,2699997,0,1,1,completed,1
38253,Rigid,2699996,2699996,2699997,0,1,1,completed,1
38254,Rigid,2699996,2699996,2699997,0,1,1,completed,1
38255,Rigid,2699996,2699996,2699997,0,1,1,completed,1
38256,Rigid,2699996,2699996,2699997,0,1,1,completed,1
38257,Rigid,2699996,2699996,2699997,0,1,1,completed,1
38258,Rigid,2699996,2699996,2699997,0,1,1,completed,1
38259,Rigid,2699997,2699997,2699998,0,1,1,completed,1
38260,Rigid,2699997,2699997,2699998,0,1,1,completed,1
38261,Rigid,2699997,2699997,2699998,0,1,1,completed,1
38262,Rigid,2699997,2699997,2699998,0,1,1,completed,1
38263,Rigid,2699997,2699997,2699998,0,1,1,completed,1
38264,Rigid,2699997,2699997,2699998,0,1,1,completed,1
38265,Rigid,2699997,2699997,2699998,0,1,1,completed,1
38266,Rigid,2699997,2699997,2699998,0,1,1,completed,1
38267,Rigid,2699997,2699998,2699999,1,1,2,completed,1
38268,Rigid,2699997,2699998,2699999,1,1,2,completed,1
38269,Rigid,2700006,2700007,2700008,1,1,2,completed,1
38270,Rigid,2700007,2700007,2700008,0,1,1,completed,1
38271,Rigid,2700007,2700007,2700008,0,1,1,completed,1
38272,Rigid,2700007,2700007,2700008,0,1,1,completed,1
38273,Rigid,2700007,2700007,2700008,0,1,1,completed,1
38274,Rigid,2700007,2700007,2700008,0,1,1,completed,1
38275,Rigid,2700007,2700007,2700008,0,1,1,completed,1
38276,Rigid,2700007,2700007,2700008,0,1,1,completed,1
38277,Rigid,2700007,2700007,2700008,0,1,1,completed,1
38278,Rigid,2700007,2700009,2700010,2,1,3,completed,1
38279,Rigid,2700008,2700009,2700010,1,1,2,completed,1
38280,Rigid,2700008,2700009,2700010,1,1,2,completed,1
38281,Rigid,2700008,2700009,2700010,1,1,2,completed,1
38282,Rigid,2700008,2700009,2700010,1,1,2,completed,1
38283,Rigid,2700008,2700009,2700010,1,1,2,completed,1
38284,Rigid,2700008,2700009,2700010,1,1,2,completed,1
38285,Rigid,2700008,2700009,2700010,1,1,2,completed,1
38286,Rigid,2700008,2700009,2700010,1,1,2,completed,1
38287,Rigid,2700008,2700009,2700010,1,1,2,completed,1
38288,Rigid,2700008,2700009,2700010,1,1,2,completed,1
38289,Rigid,2700009,2700009,2700010,0,1,1,completed,1
38290,Rigid,2700009,2700009,2700011,0,2,2,completed,1
38291,Rigid,2700009,2700009,2700011,0,2,2,completed,1
38292,Rigid,2700009,2700009,2700011,0,2,2,completed,1
38293,Rigid,2700009,2700009,2700010,0,1,1,completed,1
38294,Rigid,2700010,2700011,2700012,1,1,2,completed,1
38295,Rigid,2700010,2700011,2700012,1,1,2,completed,1
38296,Rigid,2700010,2700011,2700012,1,1,2,completed,1
38297,Rigid,2700010,2700011,2700012,1,1,2,completed,1
38298,Rigid,2700010,2700011,2700012,1,1,2,completed,1
38299,Rigid,2700010,2700011,2700012,1,1,2,completed,1
38300,Rigid,2700010,2700011,2700012,1,1,2,completed,1
38301,Rigid,2700010,2700011,2700012,1,1,2,completed,1
38302,Rigid,2700011,2700011,2700012,0,1,1,completed,1
38303,Rigid,2700011,2700011,2700012,0,1,1,completed,1
38304,Rigid,2700011,2700011,2700012,0,1,1,completed,1
38305,Rigid,2700011,2700012,2700013,1,1,2,completed,1
38306,Rigid,2700011,2700012,2700013,1,1,2,completed,1
38307,Rigid,2700011,2700012,2701043,1,1031,1032,completed,2
38308,Rigid,2700012,2700012,2700013,0,1,1,completed,1
38309,Rigid,2700012,2700012,2700013,0,1,1,completed,1
38310,Rigid,2700012,2700012,2700013,0,1,1,completed,1
38311,Rigid,2700012,2700012,2700089,0,77,77,completed,2
38312,Rigid,2700012,2700012,2700013,0,1,1,completed,1
38313,Rigid,2700012,2700012,2700026,0,14,14,completed,2
38314,Rigid,2700012,2700012,2700223,0,211,211,completed,2
38315,Rigid,2700012,2700012,2700025,0,13,13,completed,2
38316,Rigid,2700013,2700014,2700025,1,11,12,completed,2
38317,Rigid,2700013,2700014,2700025,1,11,12,completed,2
38318,Rigid,2700013,2700014,2700027,1,13,14,completed,1
38319,Rigid,2700013,2700014,2700171,1,157,158,completed,1
38320,Rigid,2700013,2700014,2700029,1,15,16,completed,2
38321,Rigid,2700013,2700014,2700029,1,15,16,completed,2
38322,Rigid,2700013,2700014,2700088,1,74,75,completed,2
38323,Rigid,2700013,2700014,2700131,1,117,118,completed,2
38324,Rigid,2700013,2700014,2700132,1,118,119,completed,2
38325,Rigid,2700013,2700014,2700025,1,11,12,completed,2
38326,Rigid,2700014,2700014,2700025,0,11,11,completed,2
38327,Rigid,2700014,2700014,2700025,0,11,11,completed,2
38328,Rigid,2700014,2700014,2700021,0,7,7,completed,1
38329,Rigid,2700014,2700014,2700025,0,11,11,completed,2
38330,Rigid,2700014,2700014,2700025,0,11,11,completed,2
38331,Rigid,2700014,2700014,2700025,0,11,11,completed,2
38332,Rigid,2700014,2700014,2700021,0,7,7,completed,1
38333,Rigid,2700014,2700014,2700129,0,115,115,completed,2
38334,Rigid,2700014,2700015,2700025,1,10,11,completed,2
38335,Rigid,2700015,2700015,2700025,0,10,10,completed,2
38336,Rigid,2700015,2700015,2700025,0,10,10,completed,2
38337,Rigid,2700015,2700015,2700025,0,10,10,completed,2
38338,Rigid,2700015,2700015,2700020,0,5,5,completed,1
38339,Rigid,2700015,2700015,2700025,0,10,10,completed,2
38340,Rigid,2700015,2700019,2700028,4,9,13,completed,2
38341,Rigid,2700015,2700019,2700028,4,9,13,completed,2
38342,Rigid,2700015,2700019,2700027,4,8,12,completed,2
38343,Rigid,2700015,2700019,2700027,4,8,12,completed,2
38344,Rigid,2700015,2700019,2700027,4,8,12,completed,2
38345,Rigid,2700016,2700019,2700029,3,10,13,completed,2
38346,Rigid,2700016,2700019,2700027,3,8,11,completed,2
38347,Rigid,2700016,2700019,2700027,3,8,11,completed,2
38348,Rigid,2700016,2700019,2700130,3,111,114,completed,2
38349,Rigid,2700016,2700019,2700027,3,8,11,completed,2
38350,Rigid,2700016,2700019,2700027,3,8,11,completed,2
38351,Rigid,2700016,2700019,2700027,3,8,11,completed,2
38352,Rigid,2700016,2700019,2700027,3,8,11,completed,2
38353,Rigid,2700016,2700019,2700025,3,6,9,completed,1
38354,Rigid,2700016,2700019,2700027,3,8,11,completed,2
38355,Rigid,2700017,2700019,2700130,2,111,113,completed,2
38356,Rigid,2700017,2700019,2700027,2,8,10,completed,2
38357,Rigid,2700017,2700019,2700027,2,8,10,completed,2
38358,Rigid,2700017,2700019,2700027,2,8,10,completed,2
38359,Rigid,2700017,2700019,2700027,2,8,10,completed,2
38360,Rigid,2700017,2700019,2700027,2,8,10,completed,2
38361,Rigid,2700017,2700019,2700027,2,8,10,completed,2
38362,Rigid,2700017,2700019,2700027,2,8,10,completed,2
38363,Rigid,2700017,2700019,2700027,2,8,10,completed,2
38364,Rigid,2700017,2700019,2700027,2,8,10,completed,2
38365,Rigid,2700018,2700019,2700027,1,8,9,completed,2
38366,Rigid,2700018,2700019,2700024,1,5,6,completed,1
38367,Rigid,2700018,2700019,2700027,1,8,9,completed,2
38368,Rigid,2700018,2700019,2700027,1,8,9,completed,2
38369,Rigid,2700024,2700024,2700269,0,245,245,completed,1
38370,Rigid,2700024,2700024,2700452,0,428,428,completed,1
38371,Rigid,2700024,2700024,2700352,0,328,328,completed,1
38372,Rigid,2700024,2700024,2701534,0,1510,1510,completed,4
38373,Rigid,2700024,2700024,2701244,0,1220,1220,completed,12
38374,Rigid,2700027,2700028,2700037,1,9,10,completed,2
38375,Rigid,2700027,2700028,2700037,1,9,10,completed,2
38376,Rigid,2700027,2700028,2700037,1,9,10,completed,2
38377,Rigid,2700027,2700028,2700033,1,5,6,completed,1
38378,Rigid,2700028,2700028,2700130,0,102,102,completed,2
38379,Rigid,2700028,2700028,2700036,0,8,8,completed,2
38380,Rigid,2700028,2700028,2700036,0,8,8,completed,2
38381,Rigid,2700028,2700028,2700036,0,8,8,completed,2
38382,Rigid,2700028,2700028,2700129,0,101,101,completed,2
38383,Rigid,2700028,2700028,2700034,0,6,6,completed,1
38384,Rigid,2700029,2700029,2700038,0,9,9,completed,2
38385,Rigid,2700029,2700029,2700130,0,101,101,completed,2
38386,Rigid,2700029,2700029,2700037,0,8,8,completed,2
38387,Rigid,2700029,2700029,2700130,0,101,101,completed,2
38388,Rigid,2700029,2700029,2700130,0,101,101,completed,2
38389,Rigid,2700029,2700029,2700035,0,6,6,completed,1
38390,Rigid,2700029,2700029,2700034,0,5,5,completed,1
38391,Rigid,2700029,2700029,2700037,0,8,8,completed,2
38392,Rigid,2700029,2700029,2700037,0,8,8,completed,2
38393,Rigid,2700029,2700029,2700035,0,6,6,completed,1
38394,Rigid,2700030,2700030,2700038,0,8,8,completed,2
38395,Rigid,2700030,2700030,2700038,0,8,8,completed,2
38396,Rigid,2700030,2700030,2700038,0,8,8,completed,2
38397,Rigid,2700030,2700031,2700129,1,98,99,completed,2
38398,Rigid,2700030,2700031,2700040,1,9,10,completed,2
38399,Rigid,2700030,2700031,2700040,1,9,10,completed,2
38400,Rigid,2700030,2700031,2700040,1,9,10,completed,2
38401,Rigid,2700030,2700031,2700041,1,10,11,completed,2
38402,Rigid,2700030,2700032,2700037,2,5,7,completed,1
38403,Rigid,2700030,2700032,2700041,2,9,11,completed,2
38404,Rigid,2700031,2700032,2700041,1,9,10,completed,2
38405,Rigid,2700031,2700032,2700131,1,99,100,completed,2
38406,Rigid,2700031,2700032,2700041,1,9,10,completed,2
38407,Rigid,2700031,2700032,2700037,1,5,6,completed,1
38408,Rigid,2700031,2700032,2700037,1,5,6,completed,1
38409,Rigid,2700031,2700032,2700037,1,5,6,completed,1
38410,Rigid,2700031,2700032,2700041,1,9,10,completed,2
38411,Rigid,2700031,2700032,2700130,1,98,99,completed,2
38412,Rigid,2700031,2700032,2700039,1,7,8,completed,2
38413,Rigid,2700032,2700032,2700040,0,8,8,completed,2
38414,Rigid,2700032,2700032,2700129,0,97,97,completed,2
38415,Rigid,2700032,2700034,2700040,2,6,8,completed,1
38416,Rigid,2700032,2700034,2700042,2,8,10,completed,2
38417,Rigid,2700032,2700034,2700040,2,6,8,completed,1
38418,Rigid,2700032,2700034,2700042,2,8,10,completed,2
38419,Rigid,2700032,2700034,2700042,2,8,10,completed,2
38420,Rigid,2700032,2700034,2700130,2,96,98,completed,2
38421,Rigid,2700032,2700034,2700042,2,8,10,completed,2
38422,Rigid,2700033,2700034,2700042,1,8,9,completed,2
38423,Rigid,2700033,2700034,2700130,1,96,97,completed,2
38424,Rigid,2700033,2700034,2700130,1,96,97,completed,2
38425,Rigid,2700033,2700034,2700040,1,6,7,completed,1
38426,Rigid,2700033,2700034,2700042,1,8,9,completed,2
38427,Rigid,2700033,2700034,2700043,1,9,10,completed,2
38428,Rigid,2700033,2700034,2700043,1,9,10,completed,2
38429,Rigid,2700033,2700034,2700129,1,95,96,completed,2
38430,Rigid,2700033,2700034,2700129,1,95,96,completed,2
38431,Rigid,2700034,2700034,2700043,0,9,9,completed,2
38432,Rigid,2700034,2700034,2700043,0,9,9,completed,2
38433,Rigid,2700034,2700034,2700043,0,9,9,completed,2
38434,Rigid,2700034,2700034,2700040,0,6,6,completed,1
38435,Rigid,2700034,2700034,2700039,0,5,5,completed,1
38436,Rigid,2700034,2700034,2700043,0,9,9,completed,2
38437,Rigid,2700034,2700035,2700044,1,9,10,completed,2
38438,Rigid,2700034,2700035,2700044,1,9,10,completed,2
38439,Rigid,2700034,2700035,2700044,1,9,10,completed,2
38440,Rigid,2700035,2700035,2700044,0,9,9,completed,2
38441,Rigid,2700035,2700035,2700040,0,5,5,completed,1
38442,Rigid,2700035,2700035,2700129,0,94,94,completed,2
38443,Rigid,2700035,2700035,2700043,0,8,8,completed,2
38444,Rigid,2700035,2700036,2700043,1,7,8,completed,2
38445,Rigid,2700035,2700036,2700129,1,93,94,completed,2
38446,Rigid,2700035,2700036,2700044,1,8,9,completed,2
38447,Rigid,2700035,2700036,2700129,1,93,94,completed,2
38448,Rigid,2700035,2700036,2700043,1,7,8,completed,2
38449,Rigid,2700036,2700036,2700044,0,8,8,completed,2
38450,Rigid,2700036,2700036,2700043,0,7,7,completed,2
38451,Rigid,2700036,2700036,2700041,0,5,5,completed,1
38452,Rigid,2700036,2700036,2700043,0,7,7,completed,2
38453,Rigid,2700036,2700036,2700043,0,7,7,completed,2
38454,Rigid,2700036,2700038,2700042,2,4,6,completed,1
38455,Rigid,2700036,2700038,2700047,2,9,11,completed,2
38456,Rigid,2700036,2700038,2700129,2,91,93,completed,2
38457,Rigid,2700037,2700038,2700129,1,91,92,completed,2
38458,Rigid,2700037,2700038,2700042,1,4,5,completed,1
38459,Rigid,2700037,2700038,2700047,1,9,10,completed,2
38460,Rigid,2700037,2700038,2700046,1,8,9,completed,2
38461,Rigid,2700037,2700038,2700047,1,9,10,completed,2
38462,Rigid,2700037,2700038,2700047,1,9,10,completed,2
38463,Rigid,2700037,2700038,2700043,1,5,6,completed,1
38464,Rigid,2700047,2700048,2700058,1,10,11,completed,2
38465,Rigid,2700048,2700048,2700053,0,5,5,completed,1
38466,Rigid,2700048,2700048,2700053,0,5,5,completed,1
38467,Rigid,2700048,2700048,2700149,0,101,101,completed,2
38468,Rigid,2700048,2700048,2700058,0,10,10,completed,2
38469,Rigid,2700048,2700048,2700058,0,10,10,completed,2
38470,Rigid,2700048,2700048,2700149,0,101,101,completed,2
38471,Rigid,2700048,2700048,2700148,0,100,100,completed,2
38472,Rigid,2700048,2700048,2700058,0,10,10,completed,2
38473,Rigid,2700048,2700048,2700147,0,99,99,completed,2
38474,Rigid,2700049,2700049,2700059,0,10,10,completed,2
38475,Rigid,2700049,2700049,2700054,0,5,5,completed,1
38476,Rigid,2700049,2700052,2700160,3,108,111,completed,2
38477,Rigid,2700049,2700052,2700058,3,6,9,completed,1
38478,Rigid,2700049,2700052,2700063,3,11,14,completed,2
38479,Rigid,2700049,2700052,2700058,3,6,9,completed,1
38480,Rigid,2700049,2700052,2700147,3,95,98,completed,2
38481,Rigid,2700049,2700052,2700058,3,6,9,completed,1
38482,Rigid,2700050,2700052,2700063,2,11,13,completed,2
38483,Rigid,2700050,2700052,2700063,2,11,13,completed,2
38484,Rigid,2700050,2700052,2700147,2,95,97,completed,2
38485,Rigid,2700050,2700052,2700063,2,11,13,completed,2
38486,Rigid,2700050,2700052,2700058,2,6,8,completed,1
38487,Rigid,2700050,2700052,2700063,2,11,13,completed,2
38488,Rigid,2700050,2700052,2700063,2,11,13,completed,2
38489,Rigid,2700050,2700052,2700058,2,6,8,completed,1
38490,Rigid,2700050,2700052,2700063,2,11,13,completed,2
38491,Rigid,2700051,2700052,2700148,1,96,97,completed,2
38492,Rigid,2700051,2700052,2700058,1,6,7,completed,1
38493,Rigid,2700051,2700052,2700058,1,6,7,completed,1
38494,Rigid,2700051,2700052,2700063,1,11,12,completed,2
38495,Rigid,2700051,2700052,2700145,1,93,94,completed,2
38496,Rigid,2700052,2700052,2700063,0,11,11,completed,2
38497,Rigid,2700052,2700052,2700063,0,11,11,completed,2
38498,Rigid,2700052,2700052,2700145,0,93,93,completed,2
38499,Rigid,2700052,2700052,2700057,0,5,5,completed,1
38500,Rigid,2700052,2700052,2700145,0,93,93,completed,2
38501,Rigid,2700052,2700052,2700063,0,11,11,completed,2
38502,Rigid,2700052,2700055,2700060,3,5,8,completed,1
38503,Rigid,2700053,2700055,2700144,2,89,91,completed,2
38504,Rigid,2700053,2700055,2701947,2,1892,1894,completed,36
38505,Rigid,2700053,2700055,2700144,2,89,91,completed,2
38506,Rigid,2700053,2700055,2700060,2,5,7,completed,1
38507,Rigid,2700053,2700055,2700063,2,8,10,completed,2
38508,Rigid,2700053,2700055,2700063,2,8,10,completed,2
38509,Rigid,2700053,2700055,2700063,2,8,10,completed,2
38510,Rigid,2700053,2700055,2700063,2,8,10,completed,2
38511,Rigid,2700054,2700055,2700063,1,8,9,completed,2
38512,Rigid,2700054,2700055,2700065,1,10,11,completed,2
38513,Rigid,2700054,2700055,2700150,1,95,96,completed,2
38514,Rigid,2700054,2700055,2700060,1,5,6,completed,1
38515,Rigid,2700054,2700055,2700149,1,94,95,completed,2
38516,Rigid,2700054,2700055,2700149,1,94,95,completed,2
38517,Rigid,2700054,2700055,2700065,1,10,11,completed,2
38518,Rigid,2700054,2700055,2700065,1,10,11,completed,2
38519,Rigid,2700054,2700055,2700060,1,5,6,completed,1
38520,Rigid,2700054,2700055,2700060,1,5,6,completed,1
38521,Rigid,2700055,2700055,2700065,0,10,10,completed,2
38522,Rigid,2700055,2700055,2700067,0,12,12,completed,2
38523,Rigid,2700055,2700056,2700146,1,90,91,completed,2
38524,Rigid,2700055,2700056,2700146,1,90,91,completed,2
38525,Rigid,2700055,2700056,2700066,1,10,11,completed,2
38526,Rigid,2700055,2700056,2700066,1,10,11,completed,2
38527,Rigid,2700056,2700056,2700061,0,5,5,completed,1
38528,Rigid,2700056,2700059,2700064,3,5,8,completed,1
38529,Rigid,2700056,2700059,2700064,3,5,8,completed,1
38530,Rigid,2700057,2700059,2700071,2,12,14,completed,2
38531,Rigid,2700057,2700059,2700146,2,87,89,completed,2
38532,Rigid,2700057,2700059,2700146,2,87,89,completed,2
38533,Rigid,2700057,2700059,2700063,2,4,6,completed,1
38534,Rigid,2700057,2700059,2700070,2,11,13,completed,2
38535,Rigid,2700057,2700059,2700070,2,11,13,completed,2
38536,Rigid,2700067,2700067,2700079,0,12,12,completed,2
38537,Rigid,2700067,2700068,2700078,1,10,11,completed,2
38538,Rigid,2700067,2700068,2700078,1,10,11,completed,2
38539,Rigid,2700068,2700068,2700078,0,10,10,completed,2
38540,Rigid,2700068,2700068,2700073,0,5,5,completed,1
38541,Rigid,2700068,2700068,2700078,0,10,10,completed,2
38542,Rigid,2700068,2700072,2700157,4,85,89,completed,2
38543,Rigid,2700069,2700072,2700081,3,9,12,completed,2
38544,Rigid,2700069,2700072,2700157,3,85,88,completed,2
38545,Rigid,2700069,2700072,2700158,3,86,89,completed,2
38546,Rigid,2700069,2700072,2700081,3,9,12,completed,2
38547,Rigid,2700069,2700072,2700081,3,9,12,completed,2
38548,Rigid,2700069,2700072,2700077,3,5,8,completed,1
38549,Rigid,2700069,2700072,2700076,3,4,7,completed,1
38550,Rigid,2700069,2700072,2700083,3,11,14,completed,2
38551,Rigid,2700070,2700072,2700172,2,100,102,completed,2
38552,Rigid,2700070,2700072,2700083,2,11,13,completed,2
38553,Rigid,2700070,2700072,2700082,2,10,12,completed,2
38554,Rigid,2700070,2700072,2700077,2,5,7,completed,1
38555,Rigid,2700070,2700072,2700077,2,5,7,completed,1
38556,Rigid,2700070,2700072,2700082,2,10,12,completed,2
38557,Rigid,2700070,2700072,2700166,2,94,96,completed,2
38558,Rigid,2700070,2700072,2700082,2,10,12,completed,2
38559,Rigid,2700071,2700072,2700082,1,10,11,completed,2
38560,Rigid,2700071,2700072,2700082,1,10,11,completed,2
38561,Rigid,2700071,2700072,2700082,1,10,11,completed,2
38562,Rigid,2700071,2700072,2700077,1,5,6,completed,1
38563,Rigid,2700071,2700072,2700082,1,10,11,completed,2
38564,Rigid,2700071,2700072,2700166,1,94,95,completed,2
38565,Rigid,2700072,2700072,2700076,0,4,4,completed,1
38566,Rigid,2700072,2700072,2700077,0,5,5,completed,1
38567,Rigid,2700072,2700072,2700081,0,9,9,completed,2
38568,Rigid,2700072,2700072,2700081,0,9,9,completed,2
38569,Rigid,2700072,2700072,2700159,0,87,87,completed,2
38570,Rigid,2700072,2700072,2700157,0,85,85,completed,2
38571,Rigid,2700072,2700072,2700157,0,85,85,completed,2
38572,Rigid,2700072,2700073,2700081,1,8,9,completed,2
38573,Rigid,2700073,2700073,2700157,0,84,84,completed,2
38574,Rigid,2700073,2700073,2700081,0,8,8,completed,2
38575,Rigid,2700073,2700073,2700077,0,4,4,completed,1
38576,Rigid,2700073,2700073,2700081,0,8,8,completed,2
38577,Rigid,2700073,2700074,2700079,1,5,6,completed,1
38578,Rigid,2700073,2700074,2700079,1,5,6,completed,1
38579,Rigid,2700074,2700074,2700083,0,9,9,completed,2
38580,Rigid,2700074,2700074,2700158,0,84,84,completed,2
38581,Rigid,2700074,2700074,2700158,0,84,84,completed,2
38582,Rigid,2700074,2700074,2700083,0,9,9,completed,2
38583,Rigid,2700074,2700074,2700083,0,9,9,completed,2
38584,Rigid,2700077,2700077,2700082,0,5,5,completed,1
38585,Rigid,2700077,2700077,2700090,0,13,13,completed,2
38586,Rigid,2700077,2700077,2700090,0,13,13,completed,2
38587,Rigid,2700088,2700088,2700093,0,5,5,completed,1
38588,Rigid,2700088,2700088,2700107,0,19,19,completed,2
38589,Rigid,2700088,2700088,2700194,0,106,106,completed,2
38590,Rigid,2700088,2700088,2700194,0,106,106,completed,2
38591,Rigid,2700088,2700088,2700102,0,14,14,completed,2
38592,Rigid,2700088,2700088,2700102,0,14,14,completed,2
38593,Rigid,2700088,2700088,2700093,0,5,5,completed,1
38594,Rigid,2700089,2700089,2700101,0,12,12,completed,2
38595,Rigid,2700089,2700089,2700093,0,4,4,completed,1
38596,Rigid,2700089,2700090,2700194,1,104,105,completed,2
38597,Rigid,2700089,2700090,2700095,1,5,6,completed,1
38598,Rigid,2700089,2700090,2700102,1,12,13,completed,2
38599,Rigid,2700089,2700090,2700195,1,105,106,completed,2
38600,Rigid,2700089,2700090,2700194,1,104,105,completed,2
38601,Rigid,2700089,2700090,2700102,1,12,13,completed,2
38602,Rigid,2700089,2700090,2700095,1,5,6,completed,1
38603,Rigid,2700090,2700090,2700103,0,13,13,completed,2
38604,Rigid,2700090,2700091,2700194,1,103,104,completed,2
38605,Rigid,2700090,2700091,2700096,1,5,6,completed,1
38606,Rigid,2700090,2700091,2700103,1,12,13,completed,2
38607,Rigid,2700090,2700091,2700103,1,12,13,completed,2
38608,Rigid,2700090,2700091,2700096,1,5,6,completed,1
38609,Rigid,2700090,2700091,2700103,1,12,13,completed,2
38610,Rigid,2700090,2700091,2700195,1,104,105,completed,2
38611,Rigid,2700091,2700091,2700195,0,104,104,completed,2
38612,Rigid,2700091,2700091,2700103,0,12,12,completed,2
38613,Rigid,2700091,2700091,2700096,0,5,5,completed,1
38614,Rigid,2700091,2700091,2700096,0,5,5,completed,1
38615,Rigid,2700091,2700092,2700103,1,11,12,completed,2
38616,Rigid,2700091,2700092,2700103,1,11,12,completed,2
38617,Rigid,2700092,2700092,2700194,0,102,102,completed,2
38618,Rigid,2700092,2700092,2700097,0,5,5,completed,1
38619,Rigid,2700092,2700092,2700103,0,11,11,completed,2
38620,Rigid,2700092,2700092,2700103,0,11,11,completed,2
38621,Rigid,2700092,2700092,2700112,0,20,20,completed,2
38622,Rigid,2700092,2700092,2700195,0,103,103,completed,2
38623,Rigid,2700096,2700097,2700219,1,122,123,completed,2
38624,Rigid,2700096,2700097,2700112,1,15,16,completed,2
38625,Rigid,2700097,2700097,2700102,0,5,5,completed,1
38626,Rigid,2700097,2700097,2700102,0,5,5,completed,1
38627,Rigid,2700097,2700098,2700112,1,14,15,completed,2
38628,Rigid,2700108,2700108,2700203,0,95,95,completed,2
38629,Rigid,2700108,2700109,2700203,1,94,95,completed,2
38630,Rigid,2700108,2700109,2700203,1,94,95,completed,2
38631,Rigid,2700108,2700109,2700125,1,16,17,completed,2
38632,Rigid,2700108,2700109,2700114,1,5,6,completed,1
38633,Rigid,2700108,2700109,2700124,1,15,16,completed,2
38634,Rigid,2700108,2700109,2700114,1,5,6,completed,1
38635,Rigid,2700109,2700113,2700125,4,12,16,completed,2
38636,Rigid,2700109,2700113,2700125,4,12,16,completed,2
38637,Rigid,2700109,2700113,2700117,4,4,8,completed,1
38638,Rigid,2700109,2700113,2700125,4,12,16,completed,2
38639,Rigid,2700109,2700113,2700125,4,12,16,completed,2
38640,Rigid,2700109,2700113,2700125,4,12,16,completed,2
38641,Rigid,2700109,2700113,2700201,4,88,92,completed,2
38642,Rigid,2700110,2700113,2700201,3,88,91,completed,2
38643,Rigid,2700110,2700113,2700125,3,12,15,completed,2
38644,Rigid,2700110,2700113,2700125,3,12,15,completed,2
38645,Rigid,2700110,2700113,2700125,3,12,15,completed,2
38646,Rigid,2700110,2700113,2700117,3,4,7,completed,1
38647,Rigid,2700110,2700113,2700125,3,12,15,completed,2
38648,Rigid,2700110,2700113,2700117,3,4,7,completed,1
38649,Rigid,2700110,2700113,2700129,3,16,19,completed,2
38650,Rigid,2700111,2700113,2700201,2,88,90,completed,2
38651,Rigid,2700111,2700113,2700201,2,88,90,completed,2
38652,Rigid,2700111,2700113,2700129,2,16,18,completed,2
38653,Rigid,2700112,2700113,2700117,1,4,5,completed,1
38654,Rigid,2700117,2700118,2700133,1,15,16,completed,2
38655,Rigid,2700117,2700118,2700133,1,15,16,completed,2
38656,Rigid,2700128,2700129,2700142,1,13,14,completed,2
38657,Rigid,2700128,2700129,2700134,1,5,6,completed,1
38658,Rigid,2700128,2700129,2700135,1,6,7,completed,1
38659,Rigid,2700128,2700129,2700140,1,11,12,completed,2
38660,Rigid,2700128,2700129,2700141,1,12,13,completed,2
38661,Rigid,2700128,2700129,2700220,1,91,92,completed,2
38662,Rigid,2700128,2700129,2700220,1,91,92,completed,2
38663,Rigid,2700129,2700130,2700141,1,11,12,completed,2
38664,Rigid,2700129,2700130,2700216,1,86,87,completed,2
38665,Rigid,2700129,2700130,2700134,1,4,5,completed,1
38666,Rigid,2700129,2700130,2700216,1,86,87,completed,2
38667,Rigid,2700129,2700130,2700134,1,4,5,completed,1
38668,Rigid,2700129,2700130,2700141,1,11,12,completed,2
38669,Rigid,2700129,2700130,2700216,1,86,87,completed,2
38670,Rigid,2700130,2700130,2700141,0,11,11,completed,2
38671,Rigid,2700130,2700130,2700134,0,4,4,completed,1
38672,Rigid,2700130,2700131,2700141,1,10,11,completed,2
38673,Rigid,2700130,2700131,2700135,1,4,5,completed,1
38674,Rigid,2700130,2700131,2700141,1,10,11,completed,2
38675,Rigid,2700131,2700132,2700220,1,88,89,completed,2
38676,Rigid,2700132,2700132,2700143,0,11,11,completed,2
38677,Rigid,2700135,2700136,2700141,1,5,6,completed,1
38678,Rigid,2700135,2700136,2700150,1,14,15,completed,2
38679,Rigid,2700136,2700136,2700220,0,84,84,completed,2
38680,Rigid,2700136,2700136,2700150,0,14,14,completed,2
38681,Rigid,2700136,2700136,2700220,0,84,84,completed,2
38682,Rigid,2700136,2700136,2700141,0,5,5,completed,1
38683,Rigid,2700136,2700136,2700231,0,95,95,completed,2
38684,Rigid,2700136,2700136,2700149,0,13,13,completed,2
38685,Rigid,2700136,2700136,2700140,0,4,4,completed,1
38686,Rigid,2700136,2700137,2700142,1,5,6,completed,1
38687,Rigid,2700136,2700137,2700149,1,12,13,completed,2
38688,Rigid,2700136,2700137,2700149,1,12,13,completed,2
38689,Rigid,2700137,2700137,2700142,0,5,5,completed,1
38690,Rigid,2700137,2700137,2700221,0,84,84,completed,2
38691,Rigid,2700137,2700137,2700221,0,84,84,completed,2
38692,Rigid,2700137,2700137,2700150,0,13,13,completed,2
38693,Rigid,2700137,2700139,2700150,2,11,13,completed,2
38694,Rigid,2700137,2700139,2700144,2,5,7,completed,1
38695,Rigid,2700137,2700139,2700221,2,82,84,completed,2
38696,Rigid,2700137,2700139,2700143,2,4,6,completed,1
38697,Rigid,2700137,2700139,2700150,2,11,13,completed,2
38698,Rigid,2700137,2700139,2700151,2,12,14,completed,2
38699,Rigid,2700138,2700139,2700229,1,90,91,completed,2
38700,Rigid,2700138,2700139,2700149,1,10,11,completed,2
38701,Rigid,2700138,2700139,2700214,1,75,76,completed,2
38702,Rigid,2700138,2700139,2700143,1,4,5,completed,1
38703,Rigid,2700149,2700149,2700233,0,84,84,completed,2
38704,Rigid,2700149,2700149,2700154,0,5,5,completed,1
38705,Rigid,2700149,2700149,2700164,0,15,15,completed,2
38706,Rigid,2700149,2700149,2700233,0,84,84,completed,2
38707,Rigid,2700149,2700149,2700164,0,15,15,completed,2
38708,Rigid,2700149,2700149,2700162,0,13,13,completed,2
38709,Rigid,2700149,2700149,2700154,0,5,5,completed,1
38710,Rigid,2700150,2700150,2700162,0,12,12,completed,2
38711,Rigid,2700150,2700150,2700154,0,4,4,completed,1
38712,Rigid,2700150,2700150,2700162,0,12,12,completed,2
38713,Rigid,2700150,2700150,2700229,0,79,79,completed,2
38714,Rigid,2700150,2700151,2700229,1,78,79,completed,2
38715,Rigid,2700151,2700151,2700154,0,3,3,completed,1
38716,Rigid,2700151,2700151,2700162,0,11,11,completed,2
38717,Rigid,2700151,2700151,2700229,0,78,78,completed,2
38718,Rigid,2700151,2700151,2700155,0,4,4,completed,1
38719,Rigid,2700151,2700151,2700162,0,11,11,completed,2
38720,Rigid,2700151,2700151,2700236,0,85,85,completed,2
38721,Rigid,2700151,2700151,2700162,0,11,11,completed,2
38722,Rigid,2700151,2700151,2700162,0,11,11,completed,2
38723,Rigid,2700151,2700151,2700156,0,5,5,completed,1
38724,Rigid,2700152,2700152,2700237,0,85,85,completed,2
38725,Rigid,2700152,2700152,2700162,0,10,10,completed,2
38726,Rigid,2700152,2700152,2700156,0,4,4,completed,1
38727,Rigid,2700152,2700153,2700237,1,84,85,completed,2
38728,Rigid,2700152,2700153,2700157,1,4,5,completed,1
38729,Rigid,2700152,2700153,2700162,1,9,10,completed,2
38730,Rigid,2700152,2700153,2700162,1,9,10,completed,2
38731,Rigid,2700152,2700153,2700168,1,15,16,completed,2
38732,Rigid,2700153,2700153,2700157,0,4,4,completed,1
38733,Rigid,2700153,2700153,2700239,0,86,86,completed,2
38734,Rigid,2700156,2700156,2700239,0,83,83,completed,2
38735,Rigid,2700156,2700156,2700171,0,15,15,completed,2
38736,Rigid,2700156,2700157,2700161,1,4,5,completed,1
38737,Rigid,2700156,2700157,2700161,1,4,5,completed,1
38738,Rigid,2700156,2700157,2700171,1,14,15,completed,2
38739,Rigid,2700157,2700157,2700171,0,14,14,completed,2
38740,Rigid,2700157,2700157,2700239,0,82,82,completed,2
38741,Rigid,2700157,2700157,2700161,0,4,4,completed,1
38742,Rigid,2700157,2700157,2700239,0,82,82,completed,2
38743,Rigid,2700157,2700158,2700241,1,83,84,completed,2
38744,Rigid,2700157,2700158,2700162,1,4,5,completed,1
38745,Rigid,2700157,2700158,2700172,1,14,15,completed,2
38746,Rigid,2700158,2700158,2700172,0,14,14,completed,2
38747,Rigid,2700158,2700158,2700172,0,14,14,completed,2
38748,Rigid,2700158,2700158,2700162,0,4,4,completed,1
38749,Rigid,2700158,2700158,2700237,0,79,79,completed,2
38750,Rigid,2700158,2700158,2700162,0,4,4,completed,1
38751,Rigid,2700158,2700158,2700172,0,14,14,completed,2
38752,Rigid,2700158,2700159,2700237,1,78,79,completed,2
38753,Rigid,2700159,2700159,2700172,0,13,13,completed,2
38754,Rigid,2700159,2700159,2700163,0,4,4,completed,1
38755,Rigid,2700171,2700172,2700255,1,83,84,completed,2
38756,Rigid,2700171,2700172,2700186,1,14,15,completed,2
38757,Rigid,2700171,2700172,2700255,1,83,84,completed,2
38758,Rigid,2700171,2700172,2700185,1,13,14,completed,2
38759,Rigid,2700171,2700172,2700177,1,5,6,completed,1
38760,Rigid,2700171,2700172,2700187,1,15,16,completed,2
38761,Rigid,2700172,2700172,2700187,0,15,15,completed,2
38762,Rigid,2700172,2700172,2700177,0,5,5,completed,1
38763,Rigid,2700172,2700172,2700255,0,83,83,completed,2
38764,Rigid,2700172,2700172,2700256,0,84,84,completed,2
38765,Rigid,2700172,2700173,2700187,1,14,15,completed,2
38766,Rigid,2700172,2700173,2700178,1,5,6,completed,1
38767,Rigid,2700173,2700173,2700178,0,5,5,completed,1
38768,Rigid,2700173,2700173,2700187,0,14,14,completed,2
38769,Rigid,2700173,2700173,2700250,0,77,77,completed,2
38770,Rigid,2700173,2700173,2700178,0,5,5,completed,1
38771,Rigid,2700173,2700173,2700187,0,14,14,completed,2
38772,Rigid,2700173,2700173,2700250,0,77,77,completed,2
38773,Rigid,2700173,2700173,2700177,0,4,4,completed,1
38774,Rigid,2700173,2700174,2700187,1,13,14,completed,2
38775,Rigid,2700173,2700174,2700255,1,81,82,completed,2
38776,Rigid,2700174,2700174,2700255,0,81,81,completed,2
38777,Rigid,2700174,2700174,2700178,0,4,4,completed,1
38778,Rigid,2700174,2700176,2700189,2,13,15,completed,2
38779,Rigid,2700174,2700176,2700189,2,13,15,completed,2
38780,Rigid,2700174,2700176,2700255,2,79,81,completed,2
38781,Rigid,2700174,2700176,2700189,2,13,15,completed,2
38782,Rigid,2700175,2700176,2700189,1,13,14,completed,2
38783,Rigid,2700175,2700176,2700180,1,4,5,completed,1
38784,Rigid,2700175,2700176,2700193,1,17,18,completed,2
38785,Rigid,2700175,2700176,2700193,1,17,18,completed,2
38786,Rigid,2700175,2700176,2700251,1,75,76,completed,2
38787,Rigid,2700175,2700176,2700250,1,74,75,completed,2
38788,Rigid,2700175,2700176,2700187,1,11,12,completed,2
38789,Rigid,2700175,2700176,2700180,1,4,5,completed,1
38790,Rigid,2700176,2700178,2700182,2,4,6,completed,1
38791,Rigid,2700179,2700179,2700193,0,14,14,completed,2
38792,Rigid,2700180,2700180,2700257,0,77,77,completed,2
38793,Rigid,2700180,2700180,2700193,0,13,13,completed,2
38794,Rigid,2700180,2700182,2700250,2,68,70,completed,2
38795,Rigid,2700180,2700182,2700186,2,4,6,completed,1
38796,Rigid,2700180,2700182,2700196,2,14,16,completed,2
38797,Rigid,2700180,2700182,2700186,2,4,6,completed,1
38798,Rigid,2700180,2700182,2700186,2,4,6,completed,1
38799,Rigid,2700180,2700182,2700195,2,13,15,completed,2
38800,Rigid,2700180,2700182,2700186,2,4,6,completed,1
38801,Rigid,2700180,2700182,2700251,2,69,71,completed,2
38802,Rigid,2700181,2700182,2700195,1,13,14,completed,2
38803,Rigid,2700181,2700182,2700196,1,14,15,completed,2
38804,Rigid,2700181,2700182,2700252,1,70,71,completed,2
38805,Rigid,2700182,2700182,2700252,0,70,70,completed,2
38806,Rigid,2700191,2700192,2700205,1,13,14,completed,2
38807,Rigid,2700192,2700192,2700196,0,4,4,completed,1
38808,Rigid,2700192,2700192,2700196,0,4,4,completed,1
38809,Rigid,2700192,2700195,2700210,3,15,18,completed,2
38810,Rigid,2700192,2700195,2700198,3,3,6,completed,1
38811,Rigid,2700192,2700195,2700260,3,65,68,completed,2
38812,Rigid,2700192,2700195,2700210,3,15,18,completed,2
38813,Rigid,2700193,2700195,2700260,2,65,67,completed,2
38814,Rigid,2700193,2700195,2700259,2,64,66,completed,2
38815,Rigid,2700193,2700195,2700198,2,3,5,completed,1
38816,Rigid,2700193,2700195,2700205,2,10,12,completed,2
38817,Rigid,2700193,2700195,2700198,2,3,5,completed,1
38818,Rigid,2700193,2700195,2700206,2,11,13,completed,2
38819,Rigid,2700193,2700195,2700251,2,56,58,completed,2
38820,Rigid,2700194,2700195,2700207,1,12,13,completed,2
38821,Rigid,2700194,2700195,2700198,1,3,4,completed,1
38822,Rigid,2700194,2700195,2700206,1,11,12,completed,2
38823,Rigid,2700194,2700195,2700198,1,3,4,completed,1
38824,Rigid,2700194,2700195,2700251,1,56,57,completed,2
38825,Rigid,2700194,2700195,2700250,1,55,56,completed,2
38826,Rigid,2700194,2700195,2700247,1,52,53,completed,2
38827,Rigid,2700194,2700195,2700198,1,3,4,completed,1
38828,Rigid,2700195,2700196,2700205,1,9,10,completed,2
38829,Rigid,2700195,2700196,2700205,1,9,10,completed,2
38830,Rigid,2700195,2700196,2700205,1,9,10,completed,2
38831,Rigid,2700195,2700196,2700198,1,2,3,completed,1
38832,Rigid,2700195,2700196,2700205,1,9,10,completed,2
38833,Rigid,2700195,2700196,2700246,1,50,51,completed,2
38834,Rigid,2700196,2700196,2700205,0,9,9,completed,2
38835,Rigid,2700196,2700196,2700256,0,60,60,completed,2
38836,Rigid,2700196,2700196,2700211,0,15,15,completed,2
38837,Rigid,2700196,2700196,2700199,0,3,3,completed,1
38838,Rigid,2700196,2700196,2700199,0,3,3,completed,1
38839,Rigid,2700196,2700196,2700209,0,13,13,completed,2
38840,Rigid,2700200,2700200,2700256,0,56,56,completed,2
38841,Rigid,2700200,2700200,2700255,0,55,55,completed,2
38842,Rigid,2700200,2700200,2700213,0,13,13,completed,2
38843,Rigid,2700200,2700200,2700203,0,3,3,completed,1
38844,Rigid,2700200,2700200,2700218,0,18,18,completed,2
38845,Rigid,2700200,2700200,2700218,0,18,18,completed,2
38846,Rigid,2700200,2700200,2700218,0,18,18,completed,2
38847,Rigid,2700200,2700202,2700205,2,3,5,completed,1
38848,Rigid,2700201,2700202,2700255,1,53,54,completed,2
38849,Rigid,2700201,2700202,2700246,1,44,45,completed,2
38850,Rigid,2700212,2700212,2700214,0,2,2,completed,1
38851,Rigid,2700212,2700212,2700231,0,19,19,completed,2
38852,Rigid,2700212,2700212,2700231,0,19,19,completed,2
38853,Rigid,2700705,2700705,2700806,0,101,101,completed,36
38854,Rigid,2700715,2700716,2700953,1,237,238,completed,1
38855,Rigid,2700715,2700716,2701103,1,387,388,completed,1
38856,Rigid,2700715,2700716,2700956,1,240,241,completed,1
38857,Rigid,2700715,2700716,2701866,1,1150,1151,completed,4
38858,Rigid,2700715,2700716,2702242,1,1526,1527,completed,12
38859,Rigid,2700958,2700959,2941872,1,240913,240914,completed,1
38860,Rigid,2700960,2700962,2940703,2,239741,239743,completed,1
38861,Rigid,2700962,2700962,2940369,0,239407,239407,completed,1
38862,Rigid,2700967,2700967,2938447,0,237480,237480,completed,1
38863,Rigid,2700998,2700999,2701220,1,221,222,completed,36
38864,Rigid,2701249,2701250,2701299,1,49,50,completed,12
38865,Rigid,2701250,2701250,2701401,0,151,151,completed,12
38866,Rigid,2701250,2701250,2701295,0,45,45,completed,12
38867,Rigid,2701300,2701300,2701304,0,4,4,completed,1
38868,Rigid,2701300,2701301,2701305,1,4,5,completed,1
38869,Rigid,2701411,2701411,2701416,0,5,5,completed,1
38870,Rigid,2701662,2701662,2701889,0,227,227,completed,1
38871,Rigid,2701662,2701662,2702032,0,370,370,completed,1
38872,Rigid,2701662,2701662,2701871,0,209,209,completed,1
38873,Rigid,2701662,2701662,2702772,0,1110,1110,completed,4
38874,Rigid,2701662,2701662,2703326,0,1664,1664,completed,12
38875,Rigid,2701909,2701910,2702131,1,221,222,completed,36
38876,Rigid,2702243,2702243,2702299,0,56,56,completed,12
38877,Rigid,2702243,2702243,2702307,0,64,64,completed,12
38878,Rigid,2702243,2702243,2702527,0,284,284,completed,12
38879,Rigid,2702304,2702304,2702307,0,3,3,completed,1
38880,Rigid,2702313,2702314,2702317,1,3,4,completed,1
38881,Rigid,2702320,2702320,2702348,0,28,28,completed,33
38882,Rigid,2702534,2702535,2702538,1,3,4,completed,1
38883,Rigid,2702722,2702723,2702752,1,29,30,completed,33
38884,Rigid,2702824,2702824,2703776,0,952,952,completed,144
38885,Rigid,2702874,2702874,2704005,0,1131,1131,completed,36
38886,Rigid,2703037,2703037,2704660,0,1623,1623,completed,36
38887,Rigid,2703335,2703336,2703406,1,70,71,completed,12
38888,Rigid,2703336,2703336,2703716,0,380,380,completed,12
38889,Rigid,2703336,2703336,2703392,0,56,56,completed,12
38890,Rigid,2703396,2703397,2703400,1,3,4,completed,1
38891,Rigid,2703416,2703417,2703420,1,3,4,completed,1
38892,Rigid,2703508,2703508,2703755,0,247,247,completed,20
38893,Rigid,2703726,2703727,2703732,1,5,6,completed,1
38894,Rigid,2703972,2703973,2704290,1,317,318,completed,36
38895,Rigid,2704054,2704054,2744220,0,40166,40166,completed,20
38896,Rigid,2704106,2704106,2876921,0,172815,172815,completed,36
38897,Rigid,2704117,2704117,2876921,0,172804,172804,completed,36
38898,Rigid,2704124,2704125,2876951,1,172826,172827,completed,36
38899,Rigid,2704129,2704130,2876951,1,172821,172822,completed,36
38900,Rigid,2704137,2704138,2876951,1,172813,172814,completed,36
38901,Rigid,2704361,2704361,2736641,0,32280,32280,completed,36
38902,Rigid,2704483,2704483,2705623,0,1140,1140,completed,36
38903,Rigid,2704770,2704771,2704772,1,1,2,completed,16
38904,Rigid,2707620,2707620,2707641,0,21,21,completed,1
38905,Rigid,2707620,2707620,2707637,0,17,17,completed,1
38906,Rigid,2707620,2707620,2707641,0,21,21,completed,1
38907,Rigid,2707620,2707624,2707636,4,12,16,completed,1
38908,Rigid,2707620,2707624,2707646,4,22,26,completed,1
38909,Rigid,2707620,2707624,2707644,4,20,24,completed,1
38910,Rigid,2707620,2707624,2707641,4,17,21,completed,1
38911,Rigid,2707620,2707624,2707651,4,27,31,completed,1
38912,Rigid,2707620,2707624,2707638,4,14,18,completed,1
38913,Rigid,2707620,2707624,2707639,4,15,19,completed,1
38914,Rigid,2707620,2707624,2707638,4,14,18,completed,1
38915,Rigid,2707620,2707624,2707652,4,28,32,completed,1
38916,Rigid,2707640,2707641,2707653,1,12,13,completed,4
38917,Rigid,2707641,2707641,2707652,0,11,11,completed,4
38918,Rigid,2707641,2707642,2707654,1,12,13,completed,4
38919,Rigid,2707641,2707642,2707654,1,12,13,completed,4
38920,Rigid,2707641,2707642,2707654,1,12,13,completed,4
38921,Rigid,2707651,2707652,2707665,1,13,14,completed,4
38922,Rigid,2707652,2707652,2707667,0,15,15,completed,4
38923,Rigid,2707652,2707652,2707668,0,16,16,completed,4
38924,Rigid,2707652,2707652,2707665,0,13,13,completed,4
38925,Rigid,2707652,2707652,2707666,0,14,14,completed,4
38926,Rigid,2707652,2707653,2707673,1,20,21,completed,4
38927,Rigid,2707653,2707653,2707674,0,21,21,completed,4
38928,Rigid,2707663,2707663,2707672,0,9,9,completed,1
38929,Rigid,2707663,2707663,2707671,0,8,8,completed,1
38930,Rigid,2707663,2707667,2707675,4,8,12,completed,1
38931,Rigid,2707663,2707667,2707676,4,9,13,completed,1
38932,Rigid,2707663,2707667,2707676,4,9,13,completed,1
38933,Rigid,2707674,2707674,2707677,0,3,3,completed,4
38934,Rigid,2707674,2707674,2707677,0,3,3,completed,4
38935,Rigid,2707674,2707674,2707685,0,11,11,completed,1
38936,Rigid,2707674,2707674,2707685,0,11,11,completed,1
38937,Rigid,2707674,2707674,2707684,0,10,10,completed,1
38938,Rigid,2707674,2707674,2707686,0,12,12,completed,1
38939,Rigid,2707674,2707674,2707684,0,10,10,completed,1
38940,Rigid,2707675,2707675,2707691,0,16,16,completed,1
38941,Rigid,2707675,2707675,2707692,0,17,17,completed,1
38942,Rigid,2707685,2707685,2707711,0,26,26,completed,4
38943,Rigid,2707685,2707685,2707701,0,16,16,completed,4
38944,Rigid,2707685,2707685,2707688,0,3,3,completed,4
38945,Rigid,2707685,2707685,2707706,0,21,21,completed,4
38946,Rigid,2707685,2707685,2707688,0,3,3,completed,4
38947,Rigid,2707685,2707686,2707698,1,12,13,completed,4
38948,Rigid,2707685,2707686,2707689,1,3,4,completed,4
38949,Rigid,2707685,2707686,2707689,1,3,4,completed,4
38950,Rigid,2707686,2707686,2707689,0,3,3,completed,4
38951,Rigid,2707696,2707696,2707721,0,25,25,completed,4
38952,Rigid,2707696,2707696,2707711,0,15,15,completed,4
38953,Rigid,2707696,2707696,2707710,0,14,14,completed,4
38954,Rigid,2707696,2707696,2707718,0,22,22,completed,4
38955,Rigid,2707696,2707696,2707712,0,16,16,completed,4
38956,Rigid,2707696,2707696,2707719,0,23,23,completed,4
38957,Rigid,2707696,2707699,2707702,3,3,6,completed,4
38958,Rigid,2707696,2707699,2707712,3,13,16,completed,4
38959,Rigid,2707696,2707699,2707722,3,23,26,completed,4
38960,Rigid,2707696,2707699,2707702,3,3,6,completed,4
38961,Rigid,2707697,2707699,2707702,2,3,5,completed,4
38962,Rigid,2707697,2707699,2707702,2,3,5,completed,4
38963,Rigid,2707697,2707699,2707702,2,3,5,completed,4
38964,Rigid,2707697,2707699,2707718,2,19,21,completed,4
38965,Rigid,2707697,2707699,2707712,2,13,15,completed,4
38966,Rigid,2707707,2707707,2707722,0,15,15,completed,4
38967,Rigid,2707707,2707707,2707731,0,24,24,completed,4
38968,Rigid,2707707,2707707,2707732,0,25,25,completed,4
38969,Rigid,2707707,2707707,2707723,0,16,16,completed,4
38970,Rigid,2707708,2707711,2707730,3,19,22,completed,4
38971,Rigid,2707708,2707711,2707728,3,17,20,completed,4
38972,Rigid,2707708,2707711,2707715,3,4,7,completed,1
38973,Rigid,2707708,2707711,2707717,3,6,9,completed,1
38974,Rigid,2707708,2707711,2707715,3,4,7,completed,1
38975,Rigid,2707708,2707711,2707731,3,20,23,completed,4
38976,Rigid,2707708,2707711,2707720,3,9,12,completed,1
38977,Rigid,2707708,2707711,2707717,3,6,9,completed,1
38978,Rigid,2707708,2707711,2707731,3,20,23,completed,4
38979,Rigid,2707708,2707711,2707725,3,14,17,completed,4
38980,Rigid,2707708,2707711,2707720,3,9,12,completed,1
38981,Rigid,2707708,2707711,2707732,3,21,24,completed,4
38982,Rigid,2707708,2707711,2707726,3,15,18,completed,4
38983,Rigid,2707708,2707711,2707731,3,20,23,completed,4
38984,Rigid,2707718,2707718,2707733,0,15,15,completed,4
38985,Rigid,2707718,2707718,2707722,0,4,4,completed,1
38986,Rigid,2707718,2707718,2707723,0,5,5,completed,1
38987,Rigid,2707718,2707718,2707725,0,7,7,completed,1
38988,Rigid,2707718,2707718,2707734,0,16,16,completed,4
38989,Rigid,2707718,2707719,2707723,1,4,5,completed,1
38990,Rigid,2707718,2707719,2707724,1,5,6,completed,1
38991,Rigid,2707718,2707719,2707726,1,7,8,completed,1
38992,Rigid,2707718,2707719,2707734,1,15,16,completed,4
38993,Rigid,2707718,2707719,2707723,1,4,5,completed,1
38994,Rigid,2707718,2707720,2707727,2,7,9,completed,1
38995,Rigid,2707718,2707719,2707724,1,5,6,completed,1
38996,Rigid,2707719,2707719,2707724,0,5,5,completed,1
38997,Rigid,2707719,2707719,2707726,0,7,7,completed,1
38998,Rigid,2707719,2707720,2707734,1,14,15,completed,4
38999,Rigid,2707719,2707719,2707723,0,4,4,completed,1
39000,Rigid,2707719,2707719,2707724,0,5,5,completed,1
39001,Rigid,2707719,2707719,2707726,0,7,7,completed,1
39002,Rigid,2707719,2707720,2707735,1,15,16,completed,4
39003,Rigid,2707719,2707720,2707724,1,4,5,completed,1
39004,Rigid,2707732,2707732,2707737,0,5,5,completed,1
39005,Rigid,2707732,2707732,2707737,0,5,5,completed,1
39006,Rigid,2707732,2707733,2707740,1,7,8,completed,1
39007,Rigid,2707732,2707733,2707749,1,16,17,completed,4
39008,Rigid,2707732,2707733,2707752,1,19,20,completed,4
39009,Rigid,2707733,2707733,2707737,0,4,4,completed,1
39010,Rigid,2707733,2707733,2707738,0,5,5,completed,1
39011,Rigid,2707733,2707733,2707737,0,4,4,completed,1
39012,Rigid,2707733,2707733,2707740,0,7,7,completed,1
39013,Rigid,2707733,2707733,2707738,0,5,5,completed,1
39014,Rigid,2707733,2707733,2707748,0,15,15,completed,4
39015,Rigid,2707733,2707733,2707740,0,7,7,completed,1
39016,Rigid,2707733,2707733,2707740,0,7,7,completed,1
39017,Rigid,2707733,2707733,2707752,0,19,19,completed,4
39018,Rigid,2707733,2707733,2707738,0,5,5,completed,1
39019,Rigid,2707733,2707733,2707737,0,4,4,completed,1
39020,Rigid,2707733,2707734,2707738,1,4,5,completed,1
39021,Rigid,2707733,2707734,2707739,1,5,6,completed,1
39022,Rigid,2707733,2707734,2707741,1,7,8,completed,1
39023,Rigid,2707733,2707734,2707753,1,19,20,completed,4
39024,Rigid,2707756,2707757,2707763,1,6,7,completed,1
39025,Rigid,2711493,2711494,2713964,1,2470,2471,completed,12
39026,Rigid,2711493,2711494,2711842,1,348,349,completed,1
39027,Rigid,2711494,2711494,2712163,0,669,669,completed,1
39028,Rigid,2711494,2711494,2711948,0,454,454,completed,1
39029,Rigid,2711494,2711494,2713801,0,2307,2307,completed,4
39030,Rigid,2712493,2712493,2712947,0,454,454,completed,18
39031,Rigid,2713008,2713009,2713010,1,1,2,completed,1
39032,Rigid,2713009,2713009,2713016,0,7,7,completed,1
39033,Rigid,2713009,2713009,2713010,0,1,1,completed,1
39034,Rigid,2713009,2713009,2713016,0,7,7,completed,1
39035,Rigid,2713009,2713009,2713036,0,27,27,completed,1
39036,Rigid,2713181,2713181,2713183,0,2,2,completed,1
39037,Rigid,2713181,2713181,2713183,0,2,2,completed,1
39038,Rigid,2713181,2713181,2713183,0,2,2,completed,1
39039,Rigid,2713181,2713181,2713183,0,2,2,completed,1
39040,Rigid,2713181,2713184,2713186,3,2,5,completed,1
39041,Rigid,2713181,2713183,2713186,2,3,5,completed,1
39042,Rigid,2713181,2713183,2713186,2,3,5,completed,1
39043,Rigid,2713182,2713183,2713186,1,3,4,completed,1
39044,Rigid,2713182,2713183,2713186,1,3,4,completed,1
39045,Rigid,2713182,2713183,2713186,1,3,4,completed,1
39046,Rigid,2713182,2713183,2713186,1,3,4,completed,1
39047,Rigid,2713182,2713183,2713185,1,2,3,completed,1
39048,Rigid,2713182,2713183,2713186,1,3,4,completed,1
39049,Rigid,2713182,2713184,2713186,2,2,4,completed,1
39050,Rigid,2713182,2713184,2713186,2,2,4,completed,1
39051,Rigid,2713183,2713184,2713186,1,2,3,completed,1
39052,Rigid,2713183,2713184,2713187,1,3,4,completed,1
39053,Rigid,2713183,2713184,2713185,1,1,2,completed,1
39054,Rigid,2713183,2713184,2713186,1,2,3,completed,1
39055,Rigid,2713183,2713184,2713186,1,2,3,completed,1
39056,Rigid,2713183,2713184,2713185,1,1,2,completed,1
39057,Rigid,2713183,2713184,2713185,1,1,2,completed,1
39058,Rigid,2713183,2713184,2713185,1,1,2,completed,1
39059,Rigid,2713184,2713184,2713186,0,2,2,completed,1
39060,Rigid,2713184,2713184,2713186,0,2,2,completed,1
39061,Rigid,2713184,2713184,2713186,0,2,2,completed,1
39062,Rigid,2713184,2713184,2713186,0,2,2,completed,1
39063,Rigid,2713184,2713184,2713186,0,2,2,completed,1
39064,Rigid,2713184,2713184,2713186,0,2,2,completed,1
39065,Rigid,2713184,2713184,2713186,0,2,2,completed,1
39066,Rigid,2713184,2713184,2713186,0,2,2,completed,1
39067,Rigid,2713184,2713184,2713186,0,2,2,completed,1
39068,Rigid,2713185,2713185,2713186,0,1,1,completed,1
39069,Rigid,2713185,2713185,2713186,0,1,1,completed,1
39070,Rigid,2713185,2713185,2713186,0,1,1,completed,1
39071,Rigid,2713185,2713185,2713186,0,1,1,completed,1
39072,Rigid,2713185,2713185,2713186,0,1,1,completed,1
39073,Rigid,2713185,2713185,2713186,0,1,1,completed,1
39074,Rigid,2713185,2713187,2713189,2,2,4,completed,1
39075,Rigid,2713185,2713187,2713189,2,2,4,completed,1
39076,Rigid,2713185,2713187,2713189,2,2,4,completed,1
39077,Rigid,2713186,2713187,2713188,1,1,2,completed,1
39078,Rigid,2713186,2713187,2713189,1,2,3,completed,1
39079,Rigid,2713186,2713187,2713188,1,1,2,completed,1
39080,Rigid,2713186,2713187,2713188,1,1,2,completed,1
39081,Rigid,2713186,2713187,2713188,1,1,2,completed,1
39082,Rigid,2713186,2713187,2713189,1,2,3,completed,1
39083,Rigid,2713186,2713187,2713189,1,2,3,completed,1
39084,Rigid,2713186,2713187,2713189,1,2,3,completed,1
39085,Rigid,2713186,2713187,2713188,1,1,2,completed,1
39086,Rigid,2713186,2713187,2713188,1,1,2,completed,1
39087,Rigid,2713187,2713187,2713188,0,1,1,completed,1
39088,Rigid,2713187,2713187,2713188,0,1,1,completed,1
39089,Rigid,2713187,2713187,2713188,0,1,1,completed,1
39090,Rigid,2713187,2713187,2713188,0,1,1,completed,1
39091,Rigid,2713187,2713187,2713188,0,1,1,completed,1
39092,Rigid,2713187,2713187,2713188,0,1,1,completed,1
39093,Rigid,2713187,2713187,2713189,0,2,2,completed,1
39094,Rigid,2713187,2713187,2713188,0,1,1,completed,1
39095,Rigid,2713187,2713187,2713188,0,1,1,completed,1
39096,Rigid,2713188,2713188,2713189,0,1,1,completed,1
39097,Rigid,2713188,2713188,2713189,0,1,1,completed,1
39098,Rigid,2713188,2713188,2713189,0,1,1,completed,1
39099,Rigid,2713188,2713188,2713189,0,1,1,completed,1
39100,Rigid,2713188,2713189,2713191,1,2,3,completed,1
39101,Rigid,2713188,2713189,2713190,1,1,2,completed,1
39102,Rigid,2713188,2713189,2713191,1,2,3,completed,1
39103,Rigid,2713188,2713189,2713191,1,2,3,completed,1
39104,Rigid,2713189,2713189,2713191,0,2,2,completed,1
39105,Rigid,2713189,2713189,2713191,0,2,2,completed,1
39106,Rigid,2713189,2713189,2713191,0,2,2,completed,1
39107,Rigid,2713189,2713189,2713191,0,2,2,completed,1
39108,Rigid,2713189,2713189,2713192,0,3,3,completed,1
39109,Rigid,2713189,2713189,2713191,0,2,2,completed,1
39110,Rigid,2713189,2713189,2713191,0,2,2,completed,1
39111,Rigid,2713189,2713189,2713191,0,2,2,completed,1
39112,Rigid,2713189,2713189,2713191,0,2,2,completed,1
39113,Rigid,2713189,2713190,2713191,1,1,2,completed,1
39114,Rigid,2713190,2713190,2713191,0,1,1,completed,1
39115,Rigid,2713190,2713190,2713192,0,2,2,completed,1
39116,Rigid,2713190,2713190,2713191,0,1,1,completed,1
39117,Rigid,2713190,2713190,2713191,0,1,1,completed,1
39118,Rigid,2713190,2713190,2713191,0,1,1,completed,1
39119,Rigid,2713190,2713190,2713191,0,1,1,completed,1
39120,Rigid,2713190,2713190,2713191,0,1,1,completed,1
39121,Rigid,2713190,2713190,2713192,0,2,2,completed,1
39122,Rigid,2713190,2713191,2713192,1,1,2,completed,1
39123,Rigid,2713191,2713191,2713192,0,1,1,completed,1
39124,Rigid,2713191,2713192,2713194,1,2,3,completed,1
39125,Rigid,2713191,2713192,2713194,1,2,3,completed,1
39126,Rigid,2713191,2713192,2713194,1,2,3,completed,1
39127,Rigid,2713191,2713192,2713194,1,2,3,completed,1
39128,Rigid,2713191,2713192,2713194,1,2,3,completed,1
39129,Rigid,2713191,2713192,2713194,1,2,3,completed,1
39130,Rigid,2713191,2713192,2713194,1,2,3,completed,1
39131,Rigid,2713191,2713192,2713194,1,2,3,completed,1
39132,Rigid,2713192,2713192,2713194,0,2,2,completed,1
39133,Rigid,2713192,2713192,2713194,0,2,2,completed,1
39134,Rigid,2713192,2713192,2713194,0,2,2,completed,1
39135,Rigid,2713192,2713192,2713194,0,2,2,completed,1
39136,Rigid,2713192,2713192,2713194,0,2,2,completed,1
39137,Rigid,2713192,2713192,2713194,0,2,2,completed,1
39138,Rigid,2713192,2713193,2713194,1,1,2,completed,1
39139,Rigid,2713193,2713193,2713194,0,1,1,completed,1
39140,Rigid,2713193,2713193,2713194,0,1,1,completed,1
39141,Rigid,2713193,2713193,2713194,0,1,1,completed,1
39142,Rigid,2713193,2713193,2713195,0,2,2,completed,1
39143,Rigid,2713193,2713193,2713195,0,2,2,completed,1
39144,Rigid,2713193,2713193,2713194,0,1,1,completed,1
39145,Rigid,2713193,2713193,2713194,0,1,1,completed,1
39146,Rigid,2713194,2713194,2713195,0,1,1,completed,1
39147,Rigid,2713194,2713194,2713195,0,1,1,completed,1
39148,Rigid,2713194,2713195,2713196,1,1,2,completed,1
39149,Rigid,2713194,2713195,2713196,1,1,2,completed,1
39150,Rigid,2713194,2713195,2713196,1,1,2,completed,1
39151,Rigid,2713194,2713195,2713197,1,2,3,completed,1
39152,Rigid,2713194,2713195,2713196,1,1,2,completed,1
39153,Rigid,2713194,2713195,2713197,1,2,3,completed,1
39154,Rigid,2713194,2713195,2713196,1,1,2,completed,1
39155,Rigid,2713195,2713195,2713197,0,2,2,completed,1
39156,Rigid,2713195,2713195,2713197,0,2,2,completed,1
39157,Rigid,2713195,2713195,2713197,0,2,2,completed,1
39158,Rigid,2713195,2713195,2713197,0,2,2,completed,1
39159,Rigid,2713195,2713195,2713197,0,2,2,completed,1
39160,Rigid,2713195,2713195,2713197,0,2,2,completed,1
39161,Rigid,2713195,2713195,2713197,0,2,2,completed,1
39162,Rigid,2713195,2713195,2713197,0,2,2,completed,1
39163,Rigid,2713196,2713196,2713197,0,1,1,completed,1
39164,Rigid,2713196,2713196,2713197,0,1,1,completed,1
39165,Rigid,2713196,2713196,2713197,0,1,1,completed,1
39166,Rigid,2713196,2713196,2713197,0,1,1,completed,1
39167,Rigid,2713196,2713196,2713197,0,1,1,completed,1
39168,Rigid,2713196,2713196,2713197,0,1,1,completed,1
39169,Rigid,2713196,2713196,2713197,0,1,1,completed,1
39170,Rigid,2713196,2713196,2713197,0,1,1,completed,1
39171,Rigid,2713196,2713197,2713198,1,1,2,completed,1
39172,Rigid,2713197,2713197,2713198,0,1,1,completed,1
39173,Rigid,2713197,2713198,2713199,1,1,2,completed,1
39174,Rigid,2713197,2713198,2713199,1,1,2,completed,1
39175,Rigid,2713197,2713198,2713199,1,1,2,completed,1
39176,Rigid,2713197,2713198,2713199,1,1,2,completed,1
39177,Rigid,2713197,2713198,2713199,1,1,2,completed,1
39178,Rigid,2713197,2713198,2713199,1,1,2,completed,1
39179,Rigid,2713197,2713198,2713199,1,1,2,completed,1
39180,Rigid,2713197,2713198,2713199,1,1,2,completed,1
39181,Rigid,2713197,2713198,2713199,1,1,2,completed,1
39182,Rigid,2713198,2713198,2713199,0,1,1,completed,1
39183,Rigid,2713198,2713198,2713199,0,1,1,completed,1
39184,Rigid,2713198,2713198,2713199,0,1,1,completed,1
39185,Rigid,2713198,2713198,2713199,0,1,1,completed,1
39186,Rigid,2713198,2713198,2713199,0,1,1,completed,1
39187,Rigid,2713198,2713198,2713199,0,1,1,completed,1
39188,Rigid,2713198,2713198,2713199,0,1,1,completed,1
39189,Rigid,2713198,2713199,2713200,1,1,2,completed,1
39190,Rigid,2713198,2713199,2713200,1,1,2,completed,1
39191,Rigid,2713199,2713199,2713200,0,1,1,completed,1
39192,Rigid,2713199,2713199,2713200,0,1,1,completed,1
39193,Rigid,2713199,2713199,2713200,0,1,1,completed,1
39194,Rigid,2713199,2713199,2713200,0,1,1,completed,1
39195,Rigid,2713199,2713199,2713200,0,1,1,completed,1
39196,Rigid,2713199,2713200,2713201,1,1,2,completed,1
39197,Rigid,2713199,2713200,2713201,1,1,2,completed,1
39198,Rigid,2713199,2713200,2713201,1,1,2,completed,1
39199,Rigid,2713200,2713200,2713201,0,1,1,completed,1
39200,Rigid,2713200,2713200,2713201,0,1,1,completed,1
39201,Rigid,2713200,2713200,2713201,0,1,1,completed,1
39202,Rigid,2713200,2713200,2713201,0,1,1,completed,1
39203,Rigid,2713200,2713200,2713201,0,1,1,completed,1
39204,Rigid,2713200,2713200,2713201,0,1,1,completed,1
39205,Rigid,2713200,2713200,2713201,0,1,1,completed,1
39206,Rigid,2713200,2713200,2713201,0,1,1,completed,1
39207,Rigid,2713200,2713201,2713202,1,1,2,completed,1
39208,Rigid,2713200,2713201,2713202,1,1,2,completed,1
39209,Rigid,2713201,2713201,2713202,0,1,1,completed,1
39210,Rigid,2713201,2713201,2713202,0,1,1,completed,1
39211,Rigid,2713201,2713201,2713202,0,1,1,completed,1
39212,Rigid,2713201,2713201,2713202,0,1,1,completed,1
39213,Rigid,2713201,2713201,2713202,0,1,1,completed,1
39214,Rigid,2713201,2713202,2713203,1,1,2,completed,1
39215,Rigid,2713201,2713202,2713203,1,1,2,completed,1
39216,Rigid,2713201,2713202,2713203,1,1,2,completed,1
39217,Rigid,2713202,2713202,2713203,0,1,1,completed,1
39218,Rigid,2713202,2713202,2713203,0,1,1,completed,1
39219,Rigid,2713202,2713202,2713203,0,1,1,completed,1
39220,Rigid,2713202,2713202,2713203,0,1,1,completed,1
39221,Rigid,2713202,2713202,2713203,0,1,1,completed,1
39222,Rigid,2713209,2713210,2713211,1,1,2,completed,1
39223,Rigid,2713209,2713210,2713211,1,1,2,completed,1
39224,Rigid,2713209,2713210,2713211,1,1,2,completed,1
39225,Rigid,2713209,2713210,2713211,1,1,2,completed,1
39226,Rigid,2713209,2713210,2713211,1,1,2,completed,1
39227,Rigid,2713209,2713210,2713211,1,1,2,completed,1
39228,Rigid,2713209,2713210,2713211,1,1,2,completed,1
39229,Rigid,2713210,2713210,2713211,0,1,1,completed,1
39230,Rigid,2713210,2713210,2713211,0,1,1,completed,1
39231,Rigid,2713210,2713210,2713211,0,1,1,completed,1
39232,Rigid,2713211,2713212,2713214,1,2,3,completed,1
39233,Rigid,2713211,2713212,2713214,1,2,3,completed,1
39234,Rigid,2713211,2713212,2713214,1,2,3,completed,1
39235,Rigid,2713211,2713212,2713214,1,2,3,completed,1
39236,Rigid,2713211,2713212,2713214,1,2,3,completed,1
39237,Rigid,2713211,2713212,2713214,1,2,3,completed,1
39238,Rigid,2713211,2713212,2713214,1,2,3,completed,1
39239,Rigid,2713211,2713212,2713214,1,2,3,completed,1
39240,Rigid,2713211,2713212,2713214,1,2,3,completed,1
39241,Rigid,2713211,2713212,2713214,1,2,3,completed,1
39242,Rigid,2713212,2713212,2713214,0,2,2,completed,1
39243,Rigid,2713212,2713213,2713214,1,1,2,completed,1
39244,Rigid,2713212,2713213,2713214,1,1,2,completed,1
39245,Rigid,2713212,2713213,2713214,1,1,2,completed,1
39246,Rigid,2713212,2713213,2713214,1,1,2,completed,1
39247,Rigid,2713212,2713213,2713214,1,1,2,completed,1
39248,Rigid,2713212,2713213,2713214,1,1,2,completed,1
39249,Rigid,2713212,2713213,2713214,1,1,2,completed,1
39250,Rigid,2713212,2713213,2713214,1,1,2,completed,1
39251,Rigid,2713212,2713213,2713214,1,1,2,completed,1
39252,Rigid,2713213,2713214,2713215,1,1,2,completed,1
39253,Rigid,2713213,2713214,2713215,1,1,2,completed,1
39254,Rigid,2713213,2713214,2713215,1,1,2,completed,1
39255,Rigid,2713213,2713214,2713215,1,1,2,completed,1
39256,Rigid,2713213,2713214,2713215,1,1,2,completed,1
39257,Rigid,2713213,2713214,2713215,1,1,2,completed,1
39258,Rigid,2713213,2713214,2713215,1,1,2,completed,1
39259,Rigid,2713214,2713214,2713215,0,1,1,completed,1
39260,Rigid,2713214,2713214,2713215,0,1,1,completed,1
39261,Rigid,2713214,2713214,2713215,0,1,1,completed,1
39262,Rigid,2713214,2713215,2713216,1,1,2,completed,1
39263,Rigid,2713214,2713215,2713217,1,2,3,completed,1
39264,Rigid,2713214,2713215,2713217,1,2,3,completed,1
39265,Rigid,2713214,2713215,2713217,1,2,3,completed,1
39266,Rigid,2713214,2713215,2713217,1,2,3,completed,1
39267,Rigid,2713214,2713215,2713216,1,1,2,completed,1
39268,Rigid,2713215,2713215,2713216,0,1,1,completed,1
39269,Rigid,2713215,2713215,2713217,0,2,2,completed,1
39270,Rigid,2713215,2713215,2713217,0,2,2,completed,1
39271,Rigid,2713215,2713215,2713217,0,2,2,completed,1
39272,Rigid,2713215,2713215,2713217,0,2,2,completed,1
39273,Rigid,2713215,2713215,2713217,0,2,2,completed,1
39274,Rigid,2713215,2713215,2713217,0,2,2,completed,1
39275,Rigid,2713215,2713215,2713217,0,2,2,completed,1
39276,Rigid,2713216,2713216,2713217,0,1,1,completed,1
39277,Rigid,2713216,2713216,2713217,0,1,1,completed,1
39278,Rigid,2713216,2713216,2713217,0,1,1,completed,1
39279,Rigid,2713216,2713216,2713217,0,1,1,completed,1
39280,Rigid,2713216,2713216,2713217,0,1,1,completed,1
39281,Rigid,2713216,2713216,2713217,0,1,1,completed,1
39282,Rigid,2713216,2713216,2713217,0,1,1,completed,1
39283,Rigid,2713216,2713216,2713217,0,1,1,completed,1
39284,Rigid,2713216,2713217,2713218,1,1,2,completed,1
39285,Rigid,2713217,2713217,2713218,0,1,1,completed,1
39286,Rigid,2713217,2713218,2713220,1,2,3,completed,1
39287,Rigid,2713217,2713218,2713220,1,2,3,completed,1
39288,Rigid,2713217,2713218,2713219,1,1,2,completed,1
39289,Rigid,2713217,2713218,2713219,1,1,2,completed,1
39290,Rigid,2713217,2713218,2713220,1,2,3,completed,1
39291,Rigid,2713217,2713218,2713219,1,1,2,completed,1
39292,Rigid,2713217,2713218,2713219,1,1,2,completed,1
39293,Rigid,2713217,2713218,2713219,1,1,2,completed,1
39294,Rigid,2713218,2713218,2713219,0,1,1,completed,1
39295,Rigid,2713218,2713218,2713219,0,1,1,completed,1
39296,Rigid,2713218,2713218,2713220,0,2,2,completed,1
39297,Rigid,2713218,2713218,2713219,0,1,1,completed,1
39298,Rigid,2713218,2713218,2713219,0,1,1,completed,1
39299,Rigid,2713218,2713218,2713219,0,1,1,completed,1
39300,Rigid,2713218,2713219,2713220,1,1,2,completed,1
39301,Rigid,2713218,2713219,2713220,1,1,2,completed,1
39302,Rigid,2713219,2713219,2713220,0,1,1,completed,1
39303,Rigid,2713219,2713219,2713220,0,1,1,completed,1
39304,Rigid,2713219,2713219,2713220,0,1,1,completed,1
39305,Rigid,2713219,2713219,2713220,0,1,1,completed,1
39306,Rigid,2713219,2713219,2713220,0,1,1,completed,1
39307,Rigid,2713219,2713219,2713220,0,1,1,completed,1
39308,Rigid,2713219,2713220,2713221,1,1,2,completed,1
39309,Rigid,2713219,2713220,2713221,1,1,2,completed,1
39310,Rigid,2713219,2713220,2713221,1,1,2,completed,1
39311,Rigid,2713219,2713220,2713221,1,1,2,completed,1
39312,Rigid,2713220,2713220,2713221,0,1,1,completed,1
39313,Rigid,2713220,2713220,2713221,0,1,1,completed,1
39314,Rigid,2713220,2713220,2713221,0,1,1,completed,1
39315,Rigid,2713220,2713220,2713221,0,1,1,completed,1
39316,Rigid,2713220,2713220,2713222,0,2,2,completed,1
39317,Rigid,2713220,2713220,2713222,0,2,2,completed,1
39318,Rigid,2713220,2713220,2713222,0,2,2,completed,1
39319,Rigid,2713220,2713220,2713221,0,1,1,completed,1
39320,Rigid,2713220,2713220,2713222,0,2,2,completed,1
39321,Rigid,2713220,2713220,2713222,0,2,2,completed,1
39322,Rigid,2713230,2713230,2713231,0,1,1,completed,1
39323,Rigid,2713230,2713230,2713298,0,68,68,completed,2
39324,Rigid,2713230,2713230,2713231,0,1,1,completed,1
39325,Rigid,2713230,2713230,2713231,0,1,1,completed,1
39326,Rigid,2713230,2713230,2713295,0,65,65,completed,2
39327,Rigid,2713230,2713233,2713373,3,140,143,completed,1
39328,Rigid,2713230,2713233,2713234,3,1,4,completed,1
39329,Rigid,2713230,2713233,2713234,3,1,4,completed,1
39330,Rigid,2713230,2713233,2714164,3,931,934,completed,2
39331,Rigid,2713230,2713233,2713234,3,1,4,completed,1
39332,Rigid,2713231,2713233,2713246,2,13,15,completed,2
39333,Rigid,2713231,2713233,2713246,2,13,15,completed,2
39334,Rigid,2713231,2713233,2713246,2,13,15,completed,2
39335,Rigid,2713231,2713233,2713246,2,13,15,completed,2
39336,Rigid,2713231,2713233,2713246,2,13,15,completed,2
39337,Rigid,2713231,2713233,2713246,2,13,15,completed,2
39338,Rigid,2713231,2713233,2713246,2,13,15,completed,2
39339,Rigid,2713232,2713233,2713246,1,13,14,completed,2
39340,Rigid,2713232,2713233,2713246,1,13,14,completed,2
39341,Rigid,2713232,2713233,2713246,1,13,14,completed,2
39342,Rigid,2713232,2713233,2713246,1,13,14,completed,2
39343,Rigid,2713232,2713233,2713246,1,13,14,completed,2
39344,Rigid,2713232,2713233,2713246,1,13,14,completed,2
39345,Rigid,2713232,2713233,2713246,1,13,14,completed,2
39346,Rigid,2713232,2713233,2713246,1,13,14,completed,2
39347,Rigid,2713232,2713233,2713246,1,13,14,completed,2
39348,Rigid,2713232,2713233,2713246,1,13,14,completed,2
39349,Rigid,2713233,2713233,2713246,0,13,13,completed,2
39350,Rigid,2713233,2713233,2713246,0,13,13,completed,2
39351,Rigid,2713233,2713234,2713246,1,12,13,completed,2
39352,Rigid,2713233,2713234,2713246,1,12,13,completed,2
39353,Rigid,2713233,2713234,2713246,1,12,13,completed,2
39354,Rigid,2713233,2713234,2713246,1,12,13,completed,2
39355,Rigid,2713233,2713234,2713246,1,12,13,completed,2
39356,Rigid,2713233,2713234,2713246,1,12,13,completed,2
39357,Rigid,2713233,2713234,2713246,1,12,13,completed,2
39358,Rigid,2713233,2713234,2713246,1,12,13,completed,2
39359,Rigid,2713234,2713234,2713246,0,12,12,completed,2
39360,Rigid,2713234,2713234,2713246,0,12,12,completed,2
39361,Rigid,2713234,2713234,2713246,0,12,12,completed,2
39362,Rigid,2713234,2713235,2713246,1,11,12,completed,2
39363,Rigid,2713234,2713235,2713246,1,11,12,completed,2
39364,Rigid,2713234,2713235,2713246,1,11,12,completed,2
39365,Rigid,2713235,2713235,2713246,0,11,11,completed,2
39366,Rigid,2713235,2713235,2713246,0,11,11,completed,2
39367,Rigid,2713235,2713235,2713246,0,11,11,completed,2
39368,Rigid,2713235,2713235,2713246,0,11,11,completed,2
39369,Rigid,2713235,2713235,2713246,0,11,11,completed,2
39370,Rigid,2713235,2713235,2713246,0,11,11,completed,2
39371,Rigid,2713235,2713235,2713246,0,11,11,completed,2
39372,Rigid,2713235,2713236,2713246,1,10,11,completed,2
39373,Rigid,2713236,2713236,2713246,0,10,10,completed,2
39374,Rigid,2713236,2713238,2713247,2,9,11,completed,2
39375,Rigid,2713236,2713238,2713247,2,9,11,completed,2
39376,Rigid,2713236,2713238,2713246,2,8,10,completed,2
39377,Rigid,2713236,2713238,2713246,2,8,10,completed,2
39378,Rigid,2713236,2713238,2713246,2,8,10,completed,2
39379,Rigid,2713236,2713238,2713246,2,8,10,completed,2
39380,Rigid,2713236,2713238,2713246,2,8,10,completed,2
39381,Rigid,2713236,2713238,2713246,2,8,10,completed,2
39382,Rigid,2713237,2713238,2713246,1,8,9,completed,2
39383,Rigid,2713237,2713238,2713248,1,10,11,completed,2
39384,Rigid,2713237,2713238,2713245,1,7,8,completed,1
39385,Rigid,2713237,2713238,2713247,1,9,10,completed,2
39386,Rigid,2713237,2713238,2713247,1,9,10,completed,2
39387,Rigid,2713237,2713238,2713248,1,10,11,completed,2
39388,Rigid,2713237,2713238,2713247,1,9,10,completed,2
39389,Rigid,2713237,2713238,2713360,1,122,123,completed,2
39390,Rigid,2713237,2713238,2713247,1,9,10,completed,2
39391,Rigid,2713238,2713238,2713247,0,9,9,completed,2
39392,Rigid,2713238,2713238,2713247,0,9,9,completed,2
39393,Rigid,2713238,2713238,2713247,0,9,9,completed,2
39394,Rigid,2713238,2713238,2713247,0,9,9,completed,2
39395,Rigid,2713238,2713242,2713250,4,8,12,completed,2
39396,Rigid,2713238,2713242,2713250,4,8,12,completed,2
39397,Rigid,2713238,2713242,2713251,4,9,13,completed,2
39398,Rigid,2713239,2713242,2713250,3,8,11,completed,2
39399,Rigid,2713239,2713242,2713250,3,8,11,completed,2
39400,Rigid,2713239,2713242,2713251,3,9,12,completed,2
39401,Rigid,2713239,2713242,2713250,3,8,11,completed,2
39402,Rigid,2713239,2713242,2713251,3,9,12,completed,2
39403,Rigid,2713239,2713242,2713251,3,9,12,completed,2
39404,Rigid,2713239,2713242,2713251,3,9,12,completed,2
39405,Rigid,2713239,2713242,2713251,3,9,12,completed,2
39406,Rigid,2713240,2713242,2713251,2,9,11,completed,2
39407,Rigid,2713240,2713242,2713251,2,9,11,completed,2
39408,Rigid,2713240,2713242,2713251,2,9,11,completed,2
39409,Rigid,2713240,2713242,2713251,2,9,11,completed,2
39410,Rigid,2713240,2713242,2713360,2,118,120,completed,2
39411,Rigid,2713240,2713242,2713251,2,9,11,completed,2
39412,Rigid,2713240,2713242,2713251,2,9,11,completed,2
39413,Rigid,2713240,2713242,2713251,2,9,11,completed,2
39414,Rigid,2713240,2713242,2713251,2,9,11,completed,2
39415,Rigid,2713241,2713242,2713251,1,9,10,completed,2
39416,Rigid,2713241,2713242,2713251,1,9,10,completed,2
39417,Rigid,2713241,2713242,2713251,1,9,10,completed,2
39418,Rigid,2713241,2713242,2713251,1,9,10,completed,2
39419,Rigid,2713241,2713242,2713249,1,7,8,completed,1
39420,Rigid,2713241,2713242,2713252,1,10,11,completed,2
39421,Rigid,2713241,2713242,2713252,1,10,11,completed,2
39422,Rigid,2713250,2713250,2713256,0,6,6,completed,1
39423,Rigid,2713250,2713250,2713259,0,9,9,completed,2
39424,Rigid,2713250,2713250,2713259,0,9,9,completed,2
39425,Rigid,2713250,2713250,2713361,0,111,111,completed,2
39426,Rigid,2713250,2713250,2713259,0,9,9,completed,2
39427,Rigid,2713250,2713250,2713259,0,9,9,completed,2
39428,Rigid,2713251,2713252,2713260,1,8,9,completed,2
39429,Rigid,2713251,2713252,2713259,1,7,8,completed,2
39430,Rigid,2713251,2713252,2713259,1,7,8,completed,2
39431,Rigid,2713251,2713252,2713259,1,7,8,completed,2
39432,Rigid,2713251,2713252,2713260,1,8,9,completed,2
39433,Rigid,2713251,2713252,2713259,1,7,8,completed,2
39434,Rigid,2713251,2713252,2713261,1,9,10,completed,2
39435,Rigid,2713251,2713252,2713261,1,9,10,completed,2
39436,Rigid,2713251,2713252,2713261,1,9,10,completed,2
39437,Rigid,2713251,2713252,2713261,1,9,10,completed,2
39438,Rigid,2713252,2713253,2713262,1,9,10,completed,2
39439,Rigid,2713252,2713253,2713262,1,9,10,completed,2
39440,Rigid,2713252,2713253,2713359,1,106,107,completed,2
39441,Rigid,2713252,2713253,2713261,1,8,9,completed,2
39442,Rigid,2713252,2713253,2713261,1,8,9,completed,2
39443,Rigid,2713253,2713253,2713261,0,8,8,completed,2
39444,Rigid,2713253,2713253,2713261,0,8,8,completed,2
39445,Rigid,2713253,2713253,2713259,0,6,6,completed,1
39446,Rigid,2713253,2713253,2713261,0,8,8,completed,2
39447,Rigid,2713253,2713253,2713261,0,8,8,completed,2
39448,Rigid,2713253,2713253,2713259,0,6,6,completed,1
39449,Rigid,2713253,2713253,2713262,0,9,9,completed,2
39450,Rigid,2713253,2713253,2713262,0,9,9,completed,2
39451,Rigid,2713254,2713254,2713262,0,8,8,completed,2
39452,Rigid,2713254,2713254,2713359,0,105,105,completed,2
39453,Rigid,2713254,2713254,2713359,0,105,105,completed,2
39454,Rigid,2713254,2713254,2713360,0,106,106,completed,2
39455,Rigid,2713254,2713254,2713260,0,6,6,completed,1
39456,Rigid,2713254,2713254,2713259,0,5,5,completed,1
39457,Rigid,2713254,2713254,2713262,0,8,8,completed,2
39458,Rigid,2713254,2713257,2713360,3,103,106,completed,2
39459,Rigid,2713254,2713257,2713263,3,6,9,completed,1
39460,Rigid,2713255,2713257,2713267,2,10,12,completed,2
39461,Rigid,2713255,2713257,2713263,2,6,8,completed,1
39462,Rigid,2713255,2713257,2713267,2,10,12,completed,2
39463,Rigid,2713255,2713257,2713267,2,10,12,completed,2
39464,Rigid,2713255,2713257,2713359,2,102,104,completed,2
39465,Rigid,2713255,2713257,2713267,2,10,12,completed,2
39466,Rigid,2713255,2713257,2713267,2,10,12,completed,2
39467,Rigid,2713255,2713257,2713359,2,102,104,completed,2
39468,Rigid,2713255,2713257,2713265,2,8,10,completed,2
39469,Rigid,2713255,2713257,2713265,2,8,10,completed,2
39470,Rigid,2713256,2713257,2713265,1,8,9,completed,2
39471,Rigid,2713256,2713257,2713265,1,8,9,completed,2
39472,Rigid,2713256,2713257,2713263,1,6,7,completed,1
39473,Rigid,2713256,2713257,2713265,1,8,9,completed,2
39474,Rigid,2713256,2713257,2713265,1,8,9,completed,2
39475,Rigid,2713256,2713257,2713265,1,8,9,completed,2
39476,Rigid,2713256,2713257,2713263,1,6,7,completed,1
39477,Rigid,2713256,2713257,2713359,1,102,103,completed,2
39478,Rigid,2713256,2713257,2713263,1,6,7,completed,1
39479,Rigid,2713257,2713257,2713266,0,9,9,completed,2
39480,Rigid,2713257,2713257,2713263,0,6,6,completed,1
39481,Rigid,2713257,2713257,2713262,0,5,5,completed,1
39482,Rigid,2713257,2713257,2713267,0,10,10,completed,2
39483,Rigid,2713257,2713257,2713359,0,102,102,completed,2
39484,Rigid,2713257,2713257,2713266,0,9,9,completed,2
39485,Rigid,2713257,2713257,2713359,0,102,102,completed,2
39486,Rigid,2713257,2713257,2713359,0,102,102,completed,2
39487,Rigid,2713257,2713258,2713359,1,101,102,completed,2
39488,Rigid,2713258,2713258,2713266,0,8,8,completed,2
39489,Rigid,2713258,2713258,2713267,0,9,9,completed,2
39490,Rigid,2713258,2713258,2713263,0,5,5,completed,1
39491,Rigid,2713258,2713258,2713266,0,8,8,completed,2
39492,Rigid,2713258,2713258,2713263,0,5,5,completed,1
39493,Rigid,2713258,2713258,2713267,0,9,9,completed,2
39494,Rigid,2713258,2713258,2713266,0,8,8,completed,2
39495,Rigid,2713258,2713258,2713359,0,101,101,completed,2
39496,Rigid,2713258,2713260,2713269,2,9,11,completed,2
39497,Rigid,2713258,2713260,2713268,2,8,10,completed,2
39498,Rigid,2713259,2713260,2713268,1,8,9,completed,2
39499,Rigid,2713259,2713260,2713265,1,5,6,completed,1
39500,Rigid,2713259,2713260,2713359,1,99,100,completed,2
39501,Rigid,2713259,2713260,2713268,1,8,9,completed,2
39502,Rigid,2713259,2713260,2713359,1,99,100,completed,2
39503,Rigid,2713259,2713260,2713268,1,8,9,completed,2
39504,Rigid,2713259,2713260,2713268,1,8,9,completed,2
39505,Rigid,2713259,2713260,2713268,1,8,9,completed,2
39506,Rigid,2713259,2713260,2713268,1,8,9,completed,2
39507,Rigid,2713260,2713260,2713269,0,9,9,completed,2
39508,Rigid,2713260,2713260,2713265,0,5,5,completed,1
39509,Rigid,2713260,2713260,2713265,0,5,5,completed,1
39510,Rigid,2713260,2713260,2713268,0,8,8,completed,2
39511,Rigid,2713260,2713260,2713359,0,99,99,completed,2
39512,Rigid,2713260,2713260,2713359,0,99,99,completed,2
39513,Rigid,2713260,2713260,2713265,0,5,5,completed,1
39514,Rigid,2713260,2713260,2713265,0,5,5,completed,1
39515,Rigid,2713260,2713260,2713359,0,99,99,completed,2
39516,Rigid,2713270,2713270,2713281,0,11,11,completed,2
39517,Rigid,2713270,2713270,2713281,0,11,11,completed,2
39518,Rigid,2713270,2713270,2713277,0,7,7,completed,1
39519,Rigid,2713270,2713270,2713382,0,112,112,completed,2
39520,Rigid,2713270,2713270,2713276,0,6,6,completed,1
39521,Rigid,2713270,2713270,2713383,0,113,113,completed,2
39522,Rigid,2713270,2713270,2713276,0,6,6,completed,1
39523,Rigid,2713270,2713271,2713382,1,111,112,completed,2
39524,Rigid,2713270,2713271,2713281,1,10,11,completed,2
39525,Rigid,2713271,2713274,2713284,3,10,13,completed,2
39526,Rigid,2713272,2713274,2713279,2,5,7,completed,1
39527,Rigid,2713272,2713274,2713284,2,10,12,completed,2
39528,Rigid,2713272,2713274,2713282,2,8,10,completed,2
39529,Rigid,2713272,2713274,2713282,2,8,10,completed,2
39530,Rigid,2713272,2713274,2713382,2,108,110,completed,2
39531,Rigid,2713272,2713274,2713282,2,8,10,completed,2
39532,Rigid,2713273,2713274,2713282,1,8,9,completed,2
39533,Rigid,2713273,2713274,2713282,1,8,9,completed,2
39534,Rigid,2713273,2713274,2713282,1,8,9,completed,2
39535,Rigid,2713273,2713274,2713279,1,5,6,completed,1
39536,Rigid,2713273,2713274,2713382,1,108,109,completed,2
39537,Rigid,2713273,2713274,2713279,1,5,6,completed,1
39538,Rigid,2713273,2713274,2713382,1,108,109,completed,2
39539,Rigid,2713273,2713274,2713382,1,108,109,completed,2
39540,Rigid,2713273,2713274,2713382,1,108,109,completed,2
39541,Rigid,2713273,2713274,2713279,1,5,6,completed,1
39542,Rigid,2713274,2713274,2713279,0,5,5,completed,1
39543,Rigid,2713274,2713274,2713282,0,8,8,completed,2
39544,Rigid,2713274,2713274,2713284,0,10,10,completed,2
39545,Rigid,2713274,2713274,2713282,0,8,8,completed,2
39546,Rigid,2713274,2713274,2713382,0,108,108,completed,2
39547,Rigid,2713274,2713274,2713282,0,8,8,completed,2
39548,Rigid,2713274,2713278,2713283,4,5,9,completed,1
39549,Rigid,2713275,2713278,2713289,3,11,14,completed,2
39550,Rigid,2713275,2713278,2713283,3,5,8,completed,1
39551,Rigid,2713275,2713278,2713380,3,102,105,completed,2
39552,Rigid,2713275,2713278,2713283,3,5,8,completed,1
39553,Rigid,2713275,2713278,2713289,3,11,14,completed,2
39554,Rigid,2713275,2713278,2713380,3,102,105,completed,2
39555,Rigid,2713275,2713278,2713380,3,102,105,completed,2
39556,Rigid,2713275,2713278,2713380,3,102,105,completed,2
39557,Rigid,2713275,2713278,2713289,3,11,14,completed,2
39558,Rigid,2713276,2713278,2713283,2,5,7,completed,1
39559,Rigid,2713276,2713278,2713289,2,11,13,completed,2
39560,Rigid,2713276,2713278,2713283,2,5,7,completed,1
39561,Rigid,2713277,2713278,2713380,1,102,103,completed,2
39562,Rigid,2713277,2713278,2713380,1,102,103,completed,2
39563,Rigid,2713277,2713278,2713288,1,10,11,completed,2
39564,Rigid,2713277,2713278,2713288,1,10,11,completed,2
39565,Rigid,2713277,2713278,2713283,1,5,6,completed,1
39566,Rigid,2713277,2713278,2713288,1,10,11,completed,2
39567,Rigid,2713277,2713278,2713284,1,6,7,completed,1
39568,Rigid,2713277,2713278,2713380,1,102,103,completed,2
39569,Rigid,2713278,2713278,2713284,0,6,6,completed,1
39570,Rigid,2713278,2713278,2713288,0,10,10,completed,2
39571,Rigid,2713278,2713278,2713288,0,10,10,completed,2
39572,Rigid,2713278,2713278,2713283,0,5,5,completed,1
39573,Rigid,2713278,2713278,2713288,0,10,10,completed,2
39574,Rigid,2713278,2713278,2713380,0,102,102,completed,2
39575,Rigid,2713278,2713278,2713289,0,11,11,completed,2
39576,Rigid,2713279,2713280,2713288,1,8,9,completed,2
39577,Rigid,2713279,2713280,2713285,1,5,6,completed,1
39578,Rigid,2713279,2713280,2713288,1,8,9,completed,2
39579,Rigid,2713279,2713280,2713284,1,4,5,completed,1
39580,Rigid,2713279,2713280,2713289,1,9,10,completed,2
39581,Rigid,2713279,2713280,2713380,1,100,101,completed,2
39582,Rigid,2713279,2713280,2713381,1,101,102,completed,2
39583,Rigid,2713279,2713280,2713380,1,100,101,completed,2
39584,Rigid,2713280,2713280,2713285,0,5,5,completed,1
39585,Rigid,2713280,2713280,2713290,0,10,10,completed,2
39586,Rigid,2713280,2713280,2713288,0,8,8,completed,2
39587,Rigid,2713280,2713280,2713288,0,8,8,completed,2
39588,Rigid,2713281,2713282,2713292,1,10,11,completed,2
39589,Rigid,2713281,2713282,2713380,1,98,99,completed,2
39590,Rigid,2713281,2713282,2713292,1,10,11,completed,2
39591,Rigid,2713291,2713291,2713297,0,6,6,completed,1
39592,Rigid,2713291,2713291,2713303,0,12,12,completed,2
39593,Rigid,2713291,2713291,2713297,0,6,6,completed,1
39594,Rigid,2713291,2713291,2713396,0,105,105,completed,2
39595,Rigid,2713291,2713291,2713395,0,104,104,completed,2
39596,Rigid,2713291,2713291,2713304,0,13,13,completed,2
39597,Rigid,2713291,2713291,2713297,0,6,6,completed,1
39598,Rigid,2713292,2713293,2713396,1,103,104,completed,2
39599,Rigid,2713292,2713293,2713298,1,5,6,completed,1
39600,Rigid,2713292,2713293,2713298,1,5,6,completed,1
39601,Rigid,2713292,2713293,2713303,1,10,11,completed,2
39602,Rigid,2713292,2713293,2713302,1,9,10,completed,2
39603,Rigid,2713292,2713293,2713396,1,103,104,completed,2
39604,Rigid,2713292,2713293,2713302,1,9,10,completed,2
39605,Rigid,2713292,2713293,2713302,1,9,10,completed,2
39606,Rigid,2713292,2713293,2713397,1,104,105,completed,2
39607,Rigid,2713293,2713293,2713298,0,5,5,completed,1
39608,Rigid,2713293,2713296,2713395,3,99,102,completed,2
39609,Rigid,2713293,2713296,2713395,3,99,102,completed,2
39610,Rigid,2713293,2713296,2713308,3,12,15,completed,2
39611,Rigid,2713293,2713296,2713301,3,5,8,completed,1
39612,Rigid,2713293,2713296,2713308,3,12,15,completed,2
39613,Rigid,2713294,2713296,2713301,2,5,7,completed,1
39614,Rigid,2713294,2713296,2713301,2,5,7,completed,1
39615,Rigid,2713294,2713296,2713308,2,12,14,completed,2
39616,Rigid,2713294,2713296,2713395,2,99,101,completed,2
39617,Rigid,2713294,2713296,2713305,2,9,11,completed,2
39618,Rigid,2713294,2713296,2713305,2,9,11,completed,2
39619,Rigid,2713295,2713296,2713301,1,5,6,completed,1
39620,Rigid,2713295,2713296,2713396,1,100,101,completed,2
39621,Rigid,2713295,2713296,2713397,1,101,102,completed,2
39622,Rigid,2713295,2713296,2713301,1,5,6,completed,1
39623,Rigid,2713295,2713296,2713305,1,9,10,completed,2
39624,Rigid,2713295,2713296,2713301,1,5,6,completed,1
39625,Rigid,2713295,2713296,2713306,1,10,11,completed,2
39626,Rigid,2713296,2713296,2713395,0,99,99,completed,2
39627,Rigid,2713296,2713296,2713395,0,99,99,completed,2
39628,Rigid,2713296,2713296,2713307,0,11,11,completed,2
39629,Rigid,2713296,2713296,2713301,0,5,5,completed,1
39630,Rigid,2713296,2713296,2713395,0,99,99,completed,2
39631,Rigid,2713296,2713296,2713307,0,11,11,completed,2
39632,Rigid,2713296,2713296,2713301,0,5,5,completed,1
39633,Rigid,2713296,2713296,2713395,0,99,99,completed,2
39634,Rigid,2713297,2713298,2713303,1,5,6,completed,1
39635,Rigid,2713297,2713298,2713307,1,9,10,completed,2
39636,Rigid,2713297,2713298,2713303,1,5,6,completed,1
39637,Rigid,2713297,2713298,2713310,1,12,13,completed,2
39638,Rigid,2713297,2713298,2713395,1,97,98,completed,2
39639,Rigid,2713297,2713298,2713310,1,12,13,completed,2
39640,Rigid,2713297,2713298,2713310,1,12,13,completed,2
39641,Rigid,2713298,2713298,2713303,0,5,5,completed,1
39642,Rigid,2713298,2713298,2713395,0,97,97,completed,2
39643,Rigid,2713298,2713299,2713406,1,107,108,completed,2
39644,Rigid,2713299,2713299,2713304,0,5,5,completed,1
39645,Rigid,2713300,2713302,2713317,2,15,17,completed,2
39646,Rigid,2713300,2713302,2713406,2,104,106,completed,2
39647,Rigid,2713311,2713311,2713328,0,17,17,completed,2
39648,Rigid,2713311,2713311,2713415,0,104,104,completed,2
39649,Rigid,2713311,2713315,2713321,4,6,10,completed,1
39650,Rigid,2713311,2713315,2713321,4,6,10,completed,1
39651,Rigid,2713312,2713315,2713321,3,6,9,completed,1
39652,Rigid,2713312,2713315,2713329,3,14,17,completed,2
39653,Rigid,2713312,2713315,2713329,3,14,17,completed,2
39654,Rigid,2713312,2713315,2713415,3,100,103,completed,2
39655,Rigid,2713312,2713315,2713332,3,17,20,completed,2
39656,Rigid,2713312,2713315,2713415,3,100,103,completed,2
39657,Rigid,2713312,2713315,2713320,3,5,8,completed,1
39658,Rigid,2713312,2713315,2713416,3,101,104,completed,2
39659,Rigid,2713313,2713315,2713327,2,12,14,completed,2
39660,Rigid,2713313,2713315,2713321,2,6,8,completed,1
39661,Rigid,2713313,2713315,2713416,2,101,103,completed,2
39662,Rigid,2713313,2713315,2713321,2,6,8,completed,1
39663,Rigid,2713313,2713315,2713327,2,12,14,completed,2
39664,Rigid,2713314,2713315,2713416,1,101,102,completed,2
39665,Rigid,2713314,2713315,2713327,1,12,13,completed,2
39666,Rigid,2713314,2713315,2713327,1,12,13,completed,2
39667,Rigid,2713314,2713315,2713321,1,6,7,completed,1
39668,Rigid,2713314,2713315,2713407,1,92,93,completed,2
39669,Rigid,2713314,2713315,2713330,1,15,16,completed,2
39670,Rigid,2713314,2713315,2713321,1,6,7,completed,1
39671,Rigid,2713314,2713315,2713321,1,6,7,completed,1
39672,Rigid,2713314,2713315,2713330,1,15,16,completed,2
39673,Rigid,2713314,2713315,2713408,1,93,94,completed,2
39674,Rigid,2713315,2713318,2713416,3,98,101,completed,2
39675,Rigid,2713315,2713318,2713333,3,15,18,completed,2
39676,Rigid,2713315,2713318,2713408,3,90,93,completed,2
39677,Rigid,2713315,2713318,2713323,3,5,8,completed,1
39678,Rigid,2713316,2713318,2713323,2,5,7,completed,1
39679,Rigid,2713316,2713318,2713333,2,15,17,completed,2
39680,Rigid,2713316,2713318,2713323,2,5,7,completed,1
39681,Rigid,2713316,2713318,2713333,2,15,17,completed,2
39682,Rigid,2713316,2713318,2713420,2,102,104,completed,2
39683,Rigid,2713316,2713318,2713419,2,101,103,completed,2
39684,Rigid,2713331,2713331,2713353,0,22,22,completed,2
39685,Rigid,2713331,2713331,2713440,0,109,109,completed,2
39686,Rigid,2713331,2713331,2713337,0,6,6,completed,1
39687,Rigid,2713331,2713331,2713353,0,22,22,completed,2
39688,Rigid,2713331,2713332,2713337,1,5,6,completed,1
39689,Rigid,2713332,2713332,2713441,0,109,109,completed,2
39690,Rigid,2713332,2713333,2713353,1,20,21,completed,2
39691,Rigid,2713332,2713333,2713440,1,107,108,completed,2
39692,Rigid,2713332,2713333,2713339,1,6,7,completed,1
39693,Rigid,2713332,2713333,2713339,1,6,7,completed,1
39694,Rigid,2713333,2713333,2713338,0,5,5,completed,1
39695,Rigid,2713333,2713333,2713351,0,18,18,completed,2
39696,Rigid,2713333,2713333,2713351,0,18,18,completed,2
39697,Rigid,2713333,2713333,2713440,0,107,107,completed,2
39698,Rigid,2713333,2713334,2713353,1,19,20,completed,2
39699,Rigid,2713334,2713334,2713339,0,5,5,completed,1
39700,Rigid,2713334,2713334,2713440,0,106,106,completed,2
39701,Rigid,2713334,2713334,2713348,0,14,14,completed,2
39702,Rigid,2713334,2713334,2713445,0,111,111,completed,2
39703,Rigid,2713334,2713334,2713348,0,14,14,completed,2
39704,Rigid,2713334,2713336,2713341,2,5,7,completed,1
39705,Rigid,2713334,2713336,2713352,2,16,18,completed,2
39706,Rigid,2713335,2713336,2713445,1,109,110,completed,2
39707,Rigid,2713335,2713336,2713341,1,5,6,completed,1
39708,Rigid,2713336,2713339,2713454,3,115,118,completed,2
39709,Rigid,2713351,2713352,2713371,1,19,20,completed,2
39710,Rigid,2713352,2713352,2713359,0,7,7,completed,1
39711,Rigid,2713352,2713352,2713371,0,19,19,completed,2
39712,Rigid,2713352,2713352,2713359,0,7,7,completed,1
39713,Rigid,2713352,2713352,2713457,0,105,105,completed,2
39714,Rigid,2713352,2713352,2713450,0,98,98,completed,2
39715,Rigid,2713353,2713353,2713359,0,6,6,completed,1
39716,Rigid,2713353,2713353,2713359,0,6,6,completed,1
39717,Rigid,2713353,2713353,2713371,0,18,18,completed,2
39718,Rigid,2713353,2713353,2713371,0,18,18,completed,2
39719,Rigid,2713353,2713353,2713462,0,109,109,completed,2
39720,Rigid,2713353,2713354,2713462,1,108,109,completed,2
39721,Rigid,2713354,2713354,2713371,0,17,17,completed,2
39722,Rigid,2713354,2713354,2713359,0,5,5,completed,1
39723,Rigid,2713360,2713360,2713372,0,12,12,completed,2
39724,Rigid,2713360,2713360,2713365,0,5,5,completed,1
39725,Rigid,2713360,2713360,2713365,0,5,5,completed,1
39726,Rigid,2713360,2713360,2713372,0,12,12,completed,2
39727,Rigid,2713360,2713360,2713364,0,4,4,completed,1
39728,Rigid,2713360,2713360,2713450,0,90,90,completed,2
39729,Rigid,2713360,2713360,2713450,0,90,90,completed,2
39730,Rigid,2713360,2713360,2713377,0,17,17,completed,2
39731,Rigid,2713361,2713361,2713450,0,89,89,completed,2
39732,Rigid,2713361,2713361,2713376,0,15,15,completed,2
39733,Rigid,2713361,2713361,2713366,0,5,5,completed,1
39734,Rigid,2713361,2713361,2713366,0,5,5,completed,1
39735,Rigid,2713361,2713361,2713376,0,15,15,completed,2
39736,Rigid,2713361,2713361,2713472,0,111,111,completed,2
39737,Rigid,2713362,2713362,2713452,0,90,90,completed,2
39738,Rigid,2713372,2713372,2713460,0,88,88,completed,2
39739,Rigid,2713372,2713372,2713390,0,18,18,completed,2
39740,Rigid,2713372,2713372,2713460,0,88,88,completed,2
39741,Rigid,2713372,2713372,2713379,0,7,7,completed,1
39742,Rigid,2713372,2713372,2713390,0,18,18,completed,2
39743,Rigid,2713372,2713372,2713379,0,7,7,completed,1
39744,Rigid,2713372,2713373,2713390,1,17,18,completed,2
39745,Rigid,2713372,2713373,2713379,1,6,7,completed,1
39746,Rigid,2713373,2713373,2713459,0,86,86,completed,2
39747,Rigid,2713373,2713373,2713396,0,23,23,completed,2
39748,Rigid,2713373,2713373,2713379,0,6,6,completed,1
39749,Rigid,2713373,2713373,2713460,0,87,87,completed,2
39750,Rigid,2713373,2713373,2713472,0,99,99,completed,2
39751,Rigid,2713373,2713373,2713388,0,15,15,completed,2
39752,Rigid,2713373,2713375,2713388,2,13,15,completed,2
39753,Rigid,2713374,2713375,2713379,1,4,5,completed,1
39754,Rigid,2713374,2713375,2713379,1,4,5,completed,1
39755,Rigid,2713374,2713375,2713388,1,13,14,completed,2
39756,Rigid,2713375,2713375,2713473,0,98,98,completed,2
39757,Rigid,2713380,2713380,2713482,0,102,102,completed,2
39758,Rigid,2713380,2713380,2713394,0,14,14,completed,2
39759,Rigid,2713380,2713380,2713385,0,5,5,completed,1
39760,Rigid,2713380,2713380,2713482,0,102,102,completed,2
39761,Rigid,2713380,2713381,2713398,1,17,18,completed,2
39762,Rigid,2713381,2713381,2713385,0,4,4,completed,1
39763,Rigid,2713381,2713381,2713386,0,5,5,completed,1
39764,Rigid,2713381,2713381,2713398,0,17,17,completed,2
39765,Rigid,2713381,2713381,2713485,0,104,104,completed,2
39766,Rigid,2713381,2713381,2713486,0,105,105,completed,2
39767,Rigid,2713381,2713381,2713398,0,17,17,completed,2
39768,Rigid,2713392,2713392,2713399,0,7,7,completed,1
39769,Rigid,2713393,2713394,2713491,1,97,98,completed,2
39770,Rigid,2713393,2713394,2713411,1,17,18,completed,2
39771,Rigid,2713393,2713394,2713399,1,5,6,completed,1
39772,Rigid,2713393,2713394,2713491,1,97,98,completed,2
39773,Rigid,2713393,2713394,2713399,1,5,6,completed,1
39774,Rigid,2713393,2713394,2713411,1,17,18,completed,2
39775,Rigid,2713393,2713394,2713399,1,5,6,completed,1
39776,Rigid,2713394,2713396,2713413,2,17,19,completed,2
39777,Rigid,2713394,2713396,2713495,2,99,101,completed,2
39778,Rigid,2713394,2713396,2713496,2,100,102,completed,2
39779,Rigid,2713394,2713396,2713413,2,17,19,completed,2
39780,Rigid,2713394,2713396,2713401,2,5,7,completed,1
39781,Rigid,2713395,2713396,2713401,1,5,6,completed,1
39782,Rigid,2713395,2713396,2713414,1,18,19,completed,2
39783,Rigid,2713396,2713396,2713490,0,94,94,completed,2
39784,Rigid,2713396,2713396,2713490,0,94,94,completed,2
39785,Rigid,2713398,2713399,2713404,1,5,6,completed,1
39786,Rigid,2713398,2713399,2713482,1,83,84,completed,2
39787,Rigid,2713398,2713399,2713404,1,5,6,completed,1
39788,Rigid,2713398,2713399,2713410,1,11,12,completed,2
39789,Rigid,2713399,2713399,2713410,0,11,11,completed,2
39790,Rigid,2713399,2713399,2713411,0,12,12,completed,2
39791,Rigid,2713399,2713399,2713404,0,5,5,completed,1
39792,Rigid,2713399,2713400,2713481,1,81,82,completed,2
39793,Rigid,2713399,2713400,2713481,1,81,82,completed,2
39794,Rigid,2713399,2713400,2713481,1,81,82,completed,2
39795,Rigid,2713399,2713400,2713404,1,4,5,completed,1
39796,Rigid,2713399,2713400,2713410,1,10,11,completed,2
39797,Rigid,2713400,2713400,2713481,0,81,81,completed,2
39798,Rigid,2713400,2713400,2713411,0,11,11,completed,2
39799,Rigid,2713400,2713400,2713404,0,4,4,completed,1
39800,Rigid,2713400,2713400,2713411,0,11,11,completed,2
39801,Rigid,2713401,2713401,2713405,0,4,4,completed,1
39802,Rigid,2713401,2713402,2713416,1,14,15,completed,2
39803,Rigid,2713401,2713402,2713407,1,5,6,completed,1
39804,Rigid,2713401,2713402,2713495,1,93,94,completed,2
39805,Rigid,2713401,2713402,2713416,1,14,15,completed,2
39806,Rigid,2713401,2713402,2713407,1,5,6,completed,1
39807,Rigid,2713401,2713402,2713495,1,93,94,completed,2
39808,Rigid,2713401,2713402,2713495,1,93,94,completed,2
39809,Rigid,2713401,2713402,2713407,1,5,6,completed,1
39810,Rigid,2713402,2713402,2713414,0,12,12,completed,2
39811,Rigid,2713402,2713405,2713410,3,5,8,completed,1
39812,Rigid,2713402,2713405,2713419,3,14,17,completed,2
39813,Rigid,2713402,2713405,2713489,3,84,87,completed,2
39814,Rigid,2713402,2713405,2713419,3,14,17,completed,2
39815,Rigid,2713402,2713405,2713410,3,5,8,completed,1
39816,Rigid,2713403,2713405,2713489,2,84,86,completed,2
39817,Rigid,2713403,2713405,2713489,2,84,86,completed,2
39818,Rigid,2713403,2713405,2713410,2,5,7,completed,1
39819,Rigid,2713403,2713405,2713419,2,14,16,completed,2
39820,Rigid,2713403,2713405,2713489,2,84,86,completed,2
39821,Rigid,2713414,2713414,2713431,0,17,17,completed,2
39822,Rigid,2713414,2713414,2713420,0,6,6,completed,1
39823,Rigid,2713414,2713414,2713431,0,17,17,completed,2
39824,Rigid,2713414,2713415,2713420,1,5,6,completed,1
39825,Rigid,2713414,2713415,2713506,1,91,92,completed,2
39826,Rigid,2713414,2713415,2713420,1,5,6,completed,1
39827,Rigid,2713415,2713415,2713506,0,91,91,completed,2
39828,Rigid,2713415,2713416,2713432,1,16,17,completed,2
39829,Rigid,2713415,2713416,2713420,1,4,5,completed,1
39830,Rigid,2713415,2713416,2713432,1,16,17,completed,2
39831,Rigid,2713416,2713417,2713506,1,89,90,completed,2
39832,Rigid,2713416,2713417,2713432,1,15,16,completed,2
39833,Rigid,2713416,2713417,2713421,1,4,5,completed,1
39834,Rigid,2713416,2713417,2713421,1,4,5,completed,1
39835,Rigid,2713417,2713417,2713429,0,12,12,completed,2
39836,Rigid,2713417,2713417,2713495,0,78,78,completed,2
39837,Rigid,2713417,2713417,2713495,0,78,78,completed,2
39838,Rigid,2713417,2713417,2713495,0,78,78,completed,2
39839,Rigid,2713417,2713417,2713429,0,12,12,completed,2
39840,Rigid,2713417,2713417,2713495,0,78,78,completed,2
39841,Rigid,2713417,2713417,2713421,0,4,4,completed,1
39842,Rigid,2713417,2713417,2713432,0,15,15,completed,2
39843,Rigid,2713418,2713418,2713422,0,4,4,completed,1
39844,Rigid,2713418,2713418,2713432,0,14,14,completed,2
39845,Rigid,2713418,2713418,2713505,0,87,87,completed,2
39846,Rigid,2713418,2713418,2713423,0,5,5,completed,1
39847,Rigid,2713418,2713418,2713432,0,14,14,completed,2
39848,Rigid,2713418,2713420,2713501,2,81,83,completed,2
39849,Rigid,2713418,2713420,2713500,2,80,82,completed,2
39850,Rigid,2713418,2713420,2713437,2,17,19,completed,2
39851,Rigid,2713419,2713420,2713425,1,5,6,completed,1
39852,Rigid,2713419,2713420,2713425,1,5,6,completed,1
39853,Rigid,2713419,2713420,2713500,1,80,81,completed,2
39854,Rigid,2713420,2713420,2713437,0,17,17,completed,2
39855,Rigid,2713420,2713420,2713425,0,5,5,completed,1
39856,Rigid,2713420,2713420,2713500,0,80,80,completed,2
39857,Rigid,2713420,2713420,2713425,0,5,5,completed,1
39858,Rigid,2713422,2713422,2713438,0,16,16,completed,2
39859,Rigid,2713422,2713422,2713438,0,16,16,completed,2
39860,Rigid,2713422,2713422,2713427,0,5,5,completed,1
39861,Rigid,2713422,2713422,2713502,0,80,80,completed,2
39862,Rigid,2713423,2713423,2713501,0,78,78,completed,2
39863,Rigid,2713423,2713423,2713437,0,14,14,completed,2
39864,Rigid,2713423,2713423,2713427,0,4,4,completed,1
39865,Rigid,2713423,2713423,2713427,0,4,4,completed,1
39866,Rigid,2713423,2713424,2713442,1,18,19,completed,2
39867,Rigid,2713423,2713424,2713501,1,77,78,completed,2
39868,Rigid,2713423,2713424,2713501,1,77,78,completed,2
39869,Rigid,2713423,2713424,2713428,1,4,5,completed,1
39870,Rigid,2713423,2713424,2713437,1,13,14,completed,2
39871,Rigid,2713423,2713424,2713428,1,4,5,completed,1
39872,Rigid,2713434,2713438,2713455,4,17,21,completed,2
39873,Rigid,2713434,2713438,2713511,4,73,77,completed,2
39874,Rigid,2713434,2713438,2713512,4,74,78,completed,2
39875,Rigid,2713434,2713438,2713445,4,7,11,completed,1
39876,Rigid,2713434,2713438,2713455,4,17,21,completed,2
39877,Rigid,2713435,2713438,2713511,3,73,76,completed,2
39878,Rigid,2713435,2713438,2713455,3,17,20,completed,2
39879,Rigid,2713435,2713438,2713445,3,7,10,completed,1
39880,Rigid,2713435,2713438,2713512,3,74,77,completed,2
39881,Rigid,2713435,2713438,2713445,3,7,10,completed,1
39882,Rigid,2713435,2713438,2713455,3,17,20,completed,2
39883,Rigid,2713435,2713438,2713445,3,7,10,completed,1
39884,Rigid,2713435,2713438,2713455,3,17,20,completed,2
39885,Rigid,2713436,2713438,2713501,2,63,65,completed,2
39886,Rigid,2713436,2713438,2713500,2,62,64,completed,2
39887,Rigid,2713436,2713438,2713445,2,7,9,completed,1
39888,Rigid,2713436,2713438,2713455,2,17,19,completed,2
39889,Rigid,2713437,2713438,2713501,1,63,64,completed,2
39890,Rigid,2713437,2713438,2713445,1,7,8,completed,1
39891,Rigid,2713437,2713438,2713455,1,17,18,completed,2
39892,Rigid,2713437,2713438,2713455,1,17,18,completed,2
39893,Rigid,2713437,2713438,2713455,1,17,18,completed,2
39894,Rigid,2713437,2713438,2713498,1,60,61,completed,2
39895,Rigid,2713437,2713438,2713444,1,6,7,completed,1
39896,Rigid,2713438,2713438,2713455,0,17,17,completed,2
39897,Rigid,2713438,2713438,2713444,0,6,6,completed,1
39898,Rigid,2713438,2713438,2713455,0,17,17,completed,2
39899,Rigid,2713438,2713438,2713495,0,57,57,completed,2
39900,Rigid,2713439,2713439,2713455,0,16,16,completed,2
39901,Rigid,2713439,2713439,2713443,0,4,4,completed,1
39902,Rigid,2713440,2713441,2713454,1,13,14,completed,2
39903,Rigid,2713441,2713441,2713494,0,53,53,completed,2
39904,Rigid,2713441,2713441,2713455,0,14,14,completed,2
39905,Rigid,2713443,2713443,2713489,0,46,46,completed,2
39906,Rigid,2713443,2713443,2713456,0,13,13,completed,2
39907,Rigid,2713443,2713443,2713445,0,2,2,completed,1
39908,Rigid,2713443,2713443,2713456,0,13,13,completed,2
39909,Rigid,2713443,2713443,2713445,0,2,2,completed,1
39910,Rigid,2713444,2713445,2713471,1,26,27,completed,2
39911,Rigid,2713454,2713454,2713505,0,51,51,completed,2
39912,Rigid,2713805,2713806,2713814,1,8,9,completed,1
39913,Rigid,2713973,2713973,2714012,0,39,39,completed,12
39914,Rigid,2713973,2713973,2714068,0,95,95,completed,12
39915,Rigid,2713973,2713977,2714010,4,33,37,completed,12
39916,Rigid,2714014,2714014,2714018,0,4,4,completed,1
39917,Rigid,2714014,2714014,2714018,0,4,4,completed,1
39918,Rigid,2714074,2714075,2714079,1,4,5,completed,1
39919,Rigid,2717795,2717938,2717942,143,4,147,completed,1
39920,Rigid,2720893,2720894,2737184,1,16290,16291,completed,9
39921,Rigid,2726216,2726217,2842150,1,115933,115934,completed,36
39922,Rigid,2726240,2726241,2845544,1,119303,119304,completed,36
39923,Rigid,2726262,2726263,2840956,1,114693,114694,completed,36
39924,Rigid,2726443,2726443,2953783,0,227340,227340,completed,36
39925,Rigid,2726443,2726443,2961190,0,234747,234747,completed,36
39926,Rigid,2726443,2726443,2975295,0,248852,248852,completed,36
39927,Rigid,2729368,2729369,2792936,1,63567,63568,completed,288
39928,Rigid,2729426,2729427,2793024,1,63597,63598,completed,288
39929,Rigid,2729991,2729991,2802728,0,72737,72737,completed,288
39930,Rigid,2735593,2735594,2761123,1,25529,25530,completed,9
39931,Rigid,2737353,2737353,2742886,0,5533,5533,completed,9
39932,Rigid,2743083,2743083,2743226,0,143,143,completed,1
39933,Rigid,2753507,2753508,2753509,1,1,2,completed,1
39934,Rigid,2753508,2753511,2753523,3,12,15,completed,1
39935,Rigid,2753508,2753511,2753523,3,12,15,completed,1
39936,Rigid,2753509,2753511,2753523,2,12,14,completed,1
39937,Rigid,2753509,2753511,2753523,2,12,14,completed,1
39938,Rigid,2753517,2753518,2756861,1,3343,3344,completed,1
39939,Rigid,2753517,2753518,2756820,1,3302,3303,completed,1
39940,Rigid,2753517,2753518,2756824,1,3306,3307,completed,1
39941,Rigid,2753517,2753518,2756842,1,3324,3325,completed,1
39942,Rigid,2753517,2753518,2756858,1,3340,3341,completed,1
39943,Rigid,2753517,2753518,2756496,1,2978,2979,completed,1
39944,Rigid,2753517,2753518,2756602,1,3084,3085,completed,1
39945,Rigid,2753517,2753518,2756592,1,3074,3075,completed,1
39946,Rigid,2756873,2756873,2756889,0,16,16,completed,1
39947,Rigid,2756873,2756873,2756924,0,51,51,completed,1
39948,Rigid,2756873,2756873,2756881,0,8,8,completed,1
39949,Rigid,2756873,2756873,2756878,0,5,5,completed,1
39950,Rigid,2756873,2756873,2756878,0,5,5,completed,1
39951,Rigid,2761543,2761543,2768406,0,6863,6863,completed,9
39952,Rigid,2762394,2762394,2770180,0,7786,7786,completed,72
39953,Rigid,2762417,2762417,2774296,0,11879,11879,completed,72
39954,Rigid,2762456,2762456,2763590,0,1134,1134,completed,72
39955,Rigid,2762474,2762475,2767005,1,4530,4531,completed,72
39956,Rigid,2762490,2762491,2765628,1,3137,3138,completed,72
39957,Rigid,2762508,2762508,2777398,0,14890,14890,completed,144
39958,Rigid,2762522,2762522,2786373,0,23851,23851,completed,72
39959,Rigid,2762534,2762535,2765691,1,3156,3157,completed,72
39960,Rigid,2762555,2762555,2765884,0,3329,3329,completed,72
39961,Rigid,2762571,2762572,2768415,1,5843,5844,completed,72
39962,Rigid,2762586,2762587,2766909,1,4322,4323,completed,72
39963,Rigid,2762600,2762601,2766957,1,4356,4357,completed,72
39964,Rigid,2762616,2762617,2784122,1,21505,21506,completed,72
39965,Rigid,2762628,2762629,2773551,1,10922,10923,completed,72
39966,Rigid,2762643,2762643,2765523,0,2880,2880,completed,72
39967,Rigid,2762660,2762661,2767629,1,4968,4969,completed,72
39968,Rigid,2762685,2762685,2776857,0,14172,14172,completed,72
39969,Rigid,2762704,2762704,2766224,0,3520,3520,completed,72
39970,Rigid,2762720,2762720,2765452,0,2732,2732,completed,72
39971,Rigid,2762742,2762743,2766941,1,4198,4199,completed,72
39972,Rigid,2768543,2768543,2772743,0,4200,4200,completed,9
39973,Rigid,2770647,2770649,2770681,2,32,34,completed,1
39974,Rigid,2771017,2771018,2771032,1,14,15,completed,1
39975,Rigid,2772230,2778040,2778078,5810,38,5848,completed,1
39976,Rigid,2772763,2772763,2772877,0,114,114,completed,1
39977,Rigid,2776308,2776309,2783615,1,7306,7307,completed,18
39978,Rigid,2776308,2776309,2783517,1,7208,7209,completed,18
39979,Rigid,2776308,2776309,2783608,1,7299,7300,completed,18
39980,Rigid,2776309,2776309,2783553,0,7244,7244,completed,18
39981,Rigid,2782154,2782154,2782934,0,780,780,completed,144
39982,Rigid,2783111,2783111,2783882,0,771,771,completed,144
39983,Rigid,2783806,2783806,2783814,0,8,8,completed,1
39984,Rigid,2783806,2783806,2783808,0,2,2,completed,1
39985,Rigid,2783807,2783809,2783812,2,3,5,completed,1
39986,Rigid,2783807,2783809,2783864,2,55,57,completed,1
39987,Rigid,2783807,2783809,2783817,2,8,10,completed,1
39988,Rigid,2783942,2783942,2784050,0,108,108,completed,1
39989,Rigid,2783942,2783942,2783986,0,44,44,completed,1
39990,Rigid,2783942,2783942,2784081,0,139,139,completed,1
39991,Rigid,2783942,2783946,2784138,4,192,196,completed,1
39992,Rigid,2783943,2783946,2784152,3,206,209,completed,1
39993,Rigid,2783943,2783946,2784162,3,216,219,completed,1
39994,Rigid,2783943,2783946,2784029,3,83,86,completed,1
39995,Rigid,2783943,2783946,2784101,3,155,158,completed,1
39996,Rigid,2783943,2783946,2784198,3,252,255,completed,1
39997,Rigid,2783943,2783946,2784119,3,173,176,completed,1
39998,Rigid,2783943,2783946,2784175,3,229,232,completed,1
39999,Rigid,2783944,2783946,2784089,2,143,145,completed,1
40000,Rigid,2783944,2783946,2784143,2,197,199,completed,1
40001,Rigid,2783944,2783946,2784117,2,171,173,completed,1
40002,Rigid,2783944,2783946,2784076,2,130,132,completed,1
40003,Rigid,2783944,2783946,2784127,2,181,183,completed,1
40004,Rigid,2783945,2783946,2784019,1,73,74,completed,1
40005,Rigid,2783945,2783946,2784177,1,231,232,completed,1
40006,Rigid,2783945,2783946,2784050,1,104,105,completed,1
40007,Rigid,2783945,2783946,2784148,1,202,203,completed,1
40008,Rigid,2783945,2783946,2784139,1,193,194,completed,1
40009,Rigid,2783945,2783946,2784045,1,99,100,completed,1
40010,Rigid,2783945,2783946,2783976,1,30,31,completed,1
40011,Rigid,2783945,2783946,2784183,1,237,238,completed,1
40012,Rigid,2783946,2783946,2784131,0,185,185,completed,1
40013,Rigid,2783946,2783946,2784170,0,224,224,completed,1
40014,Rigid,2783946,2783946,2784186,0,240,240,completed,1
40015,Rigid,2783946,2783950,2783964,4,14,18,completed,1
40016,Rigid,2783946,2783950,2784121,4,171,175,completed,1
40017,Rigid,2783946,2783950,2784160,4,210,214,completed,1
40018,Rigid,2783946,2783950,2784163,4,213,217,completed,1
40019,Rigid,2783947,2783950,2784149,3,199,202,completed,1
40020,Rigid,2783947,2783950,2784123,3,173,176,completed,1
40021,Rigid,2783947,2783950,2784130,3,180,183,completed,1
40022,Rigid,2783947,2783950,2784134,3,184,187,completed,1
40023,Rigid,2783947,2783950,2784094,3,144,147,completed,1
40024,Rigid,2783948,2783950,2784095,2,145,147,completed,1
40025,Rigid,2783948,2783950,2784127,2,177,179,completed,1
40026,Rigid,2783948,2783950,2784161,2,211,213,completed,1
40027,Rigid,2783948,2783950,2784082,2,132,134,completed,1
40028,Rigid,2783948,2783950,2784054,2,104,106,completed,1
40029,Rigid,2783948,2783950,2784157,2,207,209,completed,1
40030,Rigid,2783949,2783950,2784112,1,162,163,completed,1
40031,Rigid,2783949,2783950,2784009,1,59,60,completed,1
40032,Rigid,2783949,2783950,2784070,1,120,121,completed,1
40033,Rigid,2783949,2783950,2784144,1,194,195,completed,1
40034,Rigid,2783949,2783950,2784135,1,185,186,completed,1
40035,Rigid,2783950,2783950,2784133,0,183,183,completed,1
40036,Rigid,2783950,2783950,2784060,0,110,110,completed,1
40037,Rigid,2783950,2783951,2784120,1,169,170,completed,1
40038,Rigid,2783950,2783951,2784092,1,141,142,completed,1
40039,Rigid,2783950,2783951,2784147,1,196,197,completed,1
40040,Rigid,2783950,2783951,2784019,1,68,69,completed,1
40041,Rigid,2783951,2783951,2784087,0,136,136,completed,1
40042,Rigid,2783951,2783951,2784160,0,209,209,completed,1
40043,Rigid,2783951,2783951,2784028,0,77,77,completed,1
40044,Rigid,2783951,2783954,2784136,3,182,185,completed,1
40045,Rigid,2783952,2783954,2784101,2,147,149,completed,1
40046,Rigid,2783952,2783954,2784105,2,151,153,completed,1
40047,Rigid,2783952,2783954,2784049,2,95,97,completed,1
40048,Rigid,2783952,2783954,2783971,2,17,19,completed,1
40049,Rigid,2783952,2783954,2784121,2,167,169,completed,1
40050,Rigid,2783952,2783954,2784139,2,185,187,completed,1
40051,Rigid,2783952,2783954,2784131,2,177,179,completed,1
40052,Rigid,2783952,2783954,2784118,2,164,166,completed,1
40053,Rigid,2783952,2783954,2784112,2,158,160,completed,1
40054,Rigid,2783953,2783954,2783999,1,45,46,completed,1
40055,Rigid,2783953,2783954,2784145,1,191,192,completed,1
40056,Rigid,2783953,2783954,2783989,1,35,36,completed,1
40057,Rigid,2783953,2783954,2783978,1,24,25,completed,1
40058,Rigid,2783953,2783954,2784132,1,178,179,completed,1
40059,Rigid,2783953,2783954,2784075,1,121,122,completed,1
40060,Rigid,2783953,2783954,2784084,1,130,131,completed,1
40061,Rigid,2783953,2783954,2784061,1,107,108,completed,1
40062,Rigid,2783953,2783954,2784127,1,173,174,completed,1
40063,Rigid,2783953,2783954,2784017,1,63,64,completed,1
40064,Rigid,2783954,2783954,2784054,0,100,100,completed,1
40065,Rigid,2783954,2783954,2784050,0,96,96,completed,1
40066,Rigid,2783954,2783954,2784098,0,144,144,completed,1
40067,Rigid,2783954,2783954,2784139,0,185,185,completed,1
40068,Rigid,2783954,2783958,2784075,4,117,121,completed,1
40069,Rigid,2783954,2783958,2784103,4,145,149,completed,1
40070,Rigid,2783954,2783958,2784164,4,206,210,completed,1
40071,Rigid,2783954,2783958,2783991,4,33,37,completed,1
40072,Rigid,2783954,2783958,2784088,4,130,134,completed,1
40073,Rigid,2783954,2783958,2784083,4,125,129,completed,1
40074,Rigid,2783955,2783958,2784148,3,190,193,completed,1
40075,Rigid,2783955,2783958,2784074,3,116,119,completed,1
40076,Rigid,2783955,2783958,2784113,3,155,158,completed,1
40077,Rigid,2783955,2783958,2784130,3,172,175,completed,1
40078,Rigid,2783955,2783958,2784129,3,171,174,completed,1
40079,Rigid,2783955,2783958,2784033,3,75,78,completed,1
40080,Rigid,2783955,2783958,2783998,3,40,43,completed,1
40081,Rigid,2783955,2783958,2784146,3,188,191,completed,1
40082,Rigid,2783955,2783958,2784009,3,51,54,completed,1
40083,Rigid,2783955,2783958,2784124,3,166,169,completed,1
40084,Rigid,2783956,2783958,2784028,2,70,72,completed,1
40085,Rigid,2783956,2783958,2784145,2,187,189,completed,1
40086,Rigid,2783956,2783958,2784022,2,64,66,completed,1
40087,Rigid,2783956,2783958,2784041,2,83,85,completed,1
40088,Rigid,2783974,2783974,2784125,0,151,151,completed,1
40089,Rigid,2783987,2783987,2784151,0,164,164,completed,1
40090,Rigid,2783988,2783988,2784131,0,143,143,completed,1
40091,Rigid,2783991,2783991,2784177,0,186,186,completed,1
40092,Rigid,2783993,2783995,2784129,2,134,136,completed,1
40093,Rigid,2784008,2784008,2784172,0,164,164,completed,1
40094,Rigid,2784008,2784008,2784154,0,146,146,completed,1
40095,Rigid,2784010,2784010,2784123,0,113,113,completed,1
40096,Rigid,2784010,2784011,2784069,1,58,59,completed,1
40097,Rigid,2784011,2784011,2784142,0,131,131,completed,1
40098,Rigid,2784015,2784016,2784164,1,148,149,completed,1
40099,Rigid,2784029,2784029,2784148,0,119,119,completed,1
40100,Rigid,2784031,2784034,2784097,3,63,66,completed,1
40101,Rigid,2784031,2784034,2784163,3,129,132,completed,1
40102,Rigid,2784032,2784034,2784166,2,132,134,completed,1
40103,Rigid,2784033,2784034,2784047,1,13,14,completed,1
40104,Rigid,2784036,2784038,2784171,2,133,135,completed,1
40105,Rigid,2784036,2784038,2784171,2,133,135,completed,1
40106,Rigid,2784050,2784050,2784071,0,21,21,completed,1
40107,Rigid,2784051,2784051,2784062,0,11,11,completed,1
40108,Rigid,2784051,2784051,2784063,0,12,12,completed,1
40109,Rigid,2784052,2784054,2784137,2,83,85,completed,1
40110,Rigid,2784053,2784054,2784177,1,123,124,completed,1
40111,Rigid,2784053,2784054,2784178,1,124,125,completed,1
40112,Rigid,2784055,2784056,2784121,1,65,66,completed,1
40113,Rigid,2784067,2784067,2784138,0,71,71,completed,1
40114,Rigid,2784067,2784067,2784101,0,34,34,completed,1
40115,Rigid,2784068,2784070,2784170,2,100,102,completed,1
40116,Rigid,2784069,2784070,2784161,1,91,92,completed,1
40117,Rigid,2784070,2784070,2784091,0,21,21,completed,1
40118,Rigid,2784070,2784070,2784094,0,24,24,completed,1
40119,Rigid,2784075,2784075,2784087,0,12,12,completed,1
40120,Rigid,2784076,2784076,2784163,0,87,87,completed,1
40121,Rigid,2784087,2784088,2784156,1,68,69,completed,1
40122,Rigid,2784089,2784090,2784170,1,80,81,completed,1
40123,Rigid,2784090,2784090,2784174,0,84,84,completed,1
40124,Rigid,2784090,2784090,2785635,0,1545,1545,completed,2
40125,Rigid,2784091,2784092,2785883,1,1791,1792,completed,2
40126,Rigid,2784091,2784092,2785527,1,1435,1436,completed,2
40127,Rigid,2784091,2784092,2785731,1,1639,1640,completed,2
40128,Rigid,2784091,2784092,2790106,1,6014,6015,completed,1
40129,Rigid,2784092,2784092,2790034,0,5942,5942,completed,1
40130,Rigid,2784093,2784093,2785823,0,1730,1730,completed,2
40131,Rigid,2784093,2784093,2785702,0,1609,1609,completed,2
40132,Rigid,2784095,2784095,2785549,0,1454,1454,completed,2
40133,Rigid,2784095,2784095,2785576,0,1481,1481,completed,2
40134,Rigid,2784096,2784097,2785702,1,1605,1606,completed,2
40135,Rigid,2784096,2784097,2785823,1,1726,1727,completed,2
40136,Rigid,2784108,2784108,2790017,0,5909,5909,completed,1
40137,Rigid,2784109,2784112,2785893,3,1781,1784,completed,2
40138,Rigid,2784109,2784112,2785724,3,1612,1615,completed,2
40139,Rigid,2784109,2784112,2790050,3,5938,5941,completed,1
40140,Rigid,2784109,2784112,2785075,3,963,966,completed,2
40141,Rigid,2784111,2784113,2785451,2,1338,1340,completed,2
40142,Rigid,2784111,2784113,2787960,2,3847,3849,completed,1
40143,Rigid,2784112,2784113,2785093,1,980,981,completed,2
40144,Rigid,2784113,2784113,2785476,0,1363,1363,completed,2
40145,Rigid,2784114,2784114,2787990,0,3876,3876,completed,1
40146,Rigid,2784116,2784117,2785106,1,989,990,completed,2
40147,Rigid,2784116,2784117,2785529,1,1412,1413,completed,2
40148,Rigid,2784130,2784130,2788084,0,3954,3954,completed,1
40149,Rigid,2784130,2784130,2787777,0,3647,3647,completed,1
40150,Rigid,2784131,2784131,2785112,0,981,981,completed,2
40151,Rigid,2784131,2784132,2785446,1,1314,1315,completed,2
40152,Rigid,2784131,2784132,2785473,1,1341,1342,completed,2
40153,Rigid,2784132,2784133,2785078,1,945,946,completed,2
40154,Rigid,2784132,2784133,2787726,1,3593,3594,completed,1
40155,Rigid,2784132,2784133,2785469,1,1336,1337,completed,2
40156,Rigid,2784132,2784133,2787736,1,3603,3604,completed,1
40157,Rigid,2784132,2784133,2785079,1,946,947,completed,2
40158,Rigid,2784132,2784133,2787724,1,3591,3592,completed,1
40159,Rigid,2784133,2784134,2785015,1,881,882,completed,2
40160,Rigid,2784133,2784134,2785469,1,1335,1336,completed,2
40161,Rigid,2784133,2784134,2785452,1,1318,1319,completed,2
40162,Rigid,2784133,2784134,2785039,1,905,906,completed,2
40163,Rigid,2784134,2784135,2787877,1,3742,3743,completed,1
40164,Rigid,2784134,2784135,2787777,1,3642,3643,completed,1
40165,Rigid,2784134,2784135,2785049,1,914,915,completed,2
40166,Rigid,2784135,2784136,2785451,1,1315,1316,completed,2
40167,Rigid,2784135,2784136,2787823,1,3687,3688,completed,1
40168,Rigid,2784135,2784136,2785481,1,1345,1346,completed,2
40169,Rigid,2784135,2784136,2785062,1,926,927,completed,2
40170,Rigid,2784135,2784136,2787710,1,3574,3575,completed,1
40171,Rigid,2784136,2784136,2785443,0,1307,1307,completed,2
40172,Rigid,2784136,2784138,2785446,2,1308,1310,completed,2
40173,Rigid,2784136,2784138,2785045,2,907,909,completed,2
40174,Rigid,2784152,2784153,2785062,1,909,910,completed,2
40175,Rigid,2784152,2784153,2787749,1,3596,3597,completed,1
40176,Rigid,2784152,2784153,2784983,1,830,831,completed,2
40177,Rigid,2784153,2784156,2784973,3,817,820,completed,2
40178,Rigid,2784153,2784156,2784988,3,832,835,completed,2
40179,Rigid,2784153,2784156,2785001,3,845,848,completed,2
40180,Rigid,2784154,2784156,2787618,2,3462,3464,completed,1
40181,Rigid,2784154,2784156,2785443,2,1287,1289,completed,2
40182,Rigid,2784154,2784156,2787681,2,3525,3527,completed,1
40183,Rigid,2784154,2784156,2785027,2,871,873,completed,2
40184,Rigid,2784154,2784156,2785443,2,1287,1289,completed,2
40185,Rigid,2784155,2784156,2785012,1,856,857,completed,2
40186,Rigid,2784155,2784156,2785443,1,1287,1288,completed,2
40187,Rigid,2784155,2784156,2785034,1,878,879,completed,2
40188,Rigid,2784155,2784156,2787663,1,3507,3508,completed,1
40189,Rigid,2784155,2784156,2785015,1,859,860,completed,2
40190,Rigid,2784155,2784156,2785444,1,1288,1289,completed,2
40191,Rigid,2784155,2784156,2787618,1,3462,3463,completed,1
40192,Rigid,2784156,2784157,2784921,1,764,765,completed,2
40193,Rigid,2784156,2784157,2784928,1,771,772,completed,2
40194,Rigid,2784156,2784157,2784931,1,774,775,completed,2
40195,Rigid,2784177,2784177,2784968,0,791,791,completed,2
40196,Rigid,2784177,2784178,2787343,1,3165,3166,completed,1
40197,Rigid,2784178,2784178,2785477,0,1299,1299,completed,2
40198,Rigid,2784179,2784179,2785045,0,866,866,completed,2
40199,Rigid,2784179,2784179,2787568,0,3389,3389,completed,1
40200,Rigid,2784179,2784179,2785457,0,1278,1278,completed,2
40201,Rigid,2784179,2784179,2787593,0,3414,3414,completed,1
40202,Rigid,2784179,2784179,2785469,0,1290,1290,completed,2
40203,Rigid,2784179,2784179,2785040,0,861,861,completed,2
40204,Rigid,2784179,2784179,2785056,0,877,877,completed,2
40205,Rigid,2784179,2784181,2787492,2,3311,3313,completed,1
40206,Rigid,2784180,2784181,2785455,1,1274,1275,completed,2
40207,Rigid,2784180,2784181,2785024,1,843,844,completed,2
40208,Rigid,2784180,2784181,2787551,1,3370,3371,completed,1
40209,Rigid,2784180,2784181,2785455,1,1274,1275,completed,2
40210,Rigid,2784180,2784181,2785029,1,848,849,completed,2
40211,Rigid,2784180,2784181,2785444,1,1263,1264,completed,2
40212,Rigid,2784180,2784181,2785020,1,839,840,completed,2
40213,Rigid,2784180,2784181,2787382,1,3201,3202,completed,1
40214,Rigid,2784181,2784181,2784965,0,784,784,completed,2
40215,Rigid,2784181,2784181,2785444,0,1263,1263,completed,2
40216,Rigid,2784181,2784181,2785019,0,838,838,completed,2
40217,Rigid,2784181,2784181,2787310,0,3129,3129,completed,1
40218,Rigid,2784181,2784181,2787246,0,3065,3065,completed,1
40219,Rigid,2784181,2784181,2784949,0,768,768,completed,2
40220,Rigid,2784181,2784181,2785012,0,831,831,completed,2
40221,Rigid,2784201,2784201,2785468,0,1267,1267,completed,2
40222,Rigid,2784201,2784201,2784965,0,764,764,completed,2
40223,Rigid,2784201,2784201,2784973,0,772,772,completed,2
40224,Rigid,2784937,2784938,2786244,1,1306,1307,completed,2
40225,Rigid,2784937,2784938,2785781,1,843,844,completed,2
40226,Rigid,2784937,2784938,2788226,1,3288,3289,completed,1
40227,Rigid,2784962,2784963,2786209,1,1246,1247,completed,2
40228,Rigid,2784973,2784973,2785821,0,848,848,completed,2
40229,Rigid,2784975,2784977,2788347,2,3370,3372,completed,1
40230,Rigid,2784975,2784977,2785796,2,819,821,completed,2
40231,Rigid,2784982,2784982,2786191,0,1209,1209,completed,2
40232,Rigid,2784982,2784982,2788244,0,3262,3262,completed,1
40233,Rigid,2784995,2784995,2788236,0,3241,3241,completed,1
40234,Rigid,2784995,2784995,2785824,0,829,829,completed,2
40235,Rigid,2785016,2785016,2786327,0,1311,1311,completed,2
40236,Rigid,2785016,2785016,2785858,0,842,842,completed,2
40237,Rigid,2785017,2785020,2786325,3,1305,1308,completed,2
40238,Rigid,2785018,2785020,2788312,2,3292,3294,completed,1
40239,Rigid,2785022,2785024,2785773,2,749,751,completed,2
40240,Rigid,2785035,2785035,2788291,0,3256,3256,completed,1
40241,Rigid,2785035,2785035,2785872,0,837,837,completed,2
40242,Rigid,2785035,2785039,2786325,4,1286,1290,completed,2
40243,Rigid,2785036,2785039,2788275,3,3236,3239,completed,1
40244,Rigid,2785036,2785039,2786325,3,1286,1289,completed,2
40245,Rigid,2785037,2785039,2785871,2,832,834,completed,2
40246,Rigid,2785055,2785055,2785792,0,737,737,completed,2
40247,Rigid,2785055,2785055,2785799,0,744,744,completed,2
40248,Rigid,2785058,2785059,2785830,1,771,772,completed,2
40249,Rigid,2785059,2785059,2788311,0,3252,3252,completed,1
40250,Rigid,2785059,2785059,2785841,0,782,782,completed,2
40251,Rigid,2785075,2785075,2786383,0,1308,1308,completed,2
40252,Rigid,2785076,2785076,2788318,0,3242,3242,completed,1
40253,Rigid,2785078,2785079,2786354,1,1275,1276,completed,2
40254,Rigid,2785079,2785079,2785882,0,803,803,completed,2
40255,Rigid,2785080,2785083,2788309,3,3226,3229,completed,1
40256,Rigid,2785098,2785098,2785905,0,807,807,completed,2
40257,Rigid,2785100,2785102,2787970,2,2868,2870,completed,144
40258,Rigid,2785100,2785102,2786392,2,1290,1292,completed,2
40259,Rigid,2785118,2785118,2788349,0,3231,3231,completed,1
40260,Rigid,2785121,2785124,2786408,3,1284,1287,completed,2
40261,Rigid,2785458,2785458,2786273,0,815,815,completed,2
40262,Rigid,2785458,2785458,2788638,0,3180,3180,completed,1
40263,Rigid,2785459,2785462,2786270,3,808,811,completed,2
40264,Rigid,2785459,2785462,2786746,3,1284,1287,completed,2
40265,Rigid,2785459,2785462,2786169,3,707,710,completed,2
40266,Rigid,2785459,2785462,2786197,3,735,738,completed,2
40267,Rigid,2785459,2785462,2786190,3,728,731,completed,2
40268,Rigid,2785459,2785462,2786190,3,728,731,completed,2
40269,Rigid,2785460,2785462,2786176,2,714,716,completed,2
40270,Rigid,2785460,2785462,2786200,2,738,740,completed,2
40271,Rigid,2785461,2785462,2786176,1,714,715,completed,2
40272,Rigid,2785461,2785462,2786169,1,707,708,completed,2
40273,Rigid,2785462,2785462,2786172,0,710,710,completed,2
40274,Rigid,2785462,2785462,2786163,0,701,701,completed,2
40275,Rigid,2785462,2785462,2788529,0,3067,3067,completed,1
40276,Rigid,2785479,2785479,2786273,0,794,794,completed,2
40277,Rigid,2785480,2785483,2786746,3,1263,1266,completed,2
40278,Rigid,2785481,2785483,2786176,2,693,695,completed,2
40279,Rigid,2785481,2785483,2786248,2,765,767,completed,2
40280,Rigid,2785481,2785483,2786749,2,1266,1268,completed,2
40281,Rigid,2785482,2785483,2788500,1,3017,3018,completed,1
40282,Rigid,2785482,2785483,2786263,1,780,781,completed,2
40283,Rigid,2785484,2785487,2786762,3,1275,1278,completed,2
40284,Rigid,2785544,2785545,2788593,1,3048,3049,completed,1
40285,Rigid,2785544,2785545,2786252,1,707,708,completed,2
40286,Rigid,2785564,2785565,2788618,1,3053,3054,completed,1
40287,Rigid,2785586,2785586,2786356,0,770,770,completed,2
40288,Rigid,2785645,2785646,2786944,1,1298,1299,completed,2
40289,Rigid,2785705,2785706,2788714,1,3008,3009,completed,1
40290,Rigid,2785706,2785710,2786992,4,1282,1286,completed,2
40291,Rigid,2785725,2785726,2786485,1,759,760,completed,2
40292,Rigid,2785746,2785746,2786517,0,771,771,completed,2
40293,Rigid,2785783,2785784,2787078,1,1294,1295,completed,2
40294,Rigid,2785786,2785788,2788835,2,3047,3049,completed,1
40295,Rigid,2785802,2785802,2786602,0,800,800,completed,2
40296,Rigid,2785802,2785802,2787079,0,1277,1277,completed,2
40297,Rigid,2785803,2785806,2788867,3,3061,3064,completed,1
40298,Rigid,2785823,2785823,2786603,0,780,780,completed,2
40299,Rigid,2785827,2785830,2787099,3,1269,1272,completed,2
40300,Rigid,2785827,2785830,2788996,3,3166,3169,completed,1
40301,Rigid,2785832,2785832,2809902,0,24070,24070,completed,36
40302,Rigid,2785832,2785834,2809905,2,24071,24073,completed,36
40303,Rigid,2785832,2785834,2809896,2,24062,24064,completed,36
40304,Rigid,2785833,2785834,2809895,1,24061,24062,completed,36
40305,Rigid,2785842,2785842,2788886,0,3044,3044,completed,1
40306,Rigid,2785842,2785842,2787099,0,1257,1257,completed,2
40307,Rigid,2785843,2785844,2786604,1,760,761,completed,2
40308,Rigid,2785863,2785863,2788942,0,3079,3079,completed,1
40309,Rigid,2785872,2785872,2801023,0,15151,15151,completed,36
40310,Rigid,2785872,2785872,2801022,0,15150,15150,completed,36
40311,Rigid,2785872,2785872,2800946,0,15074,15074,completed,36
40312,Rigid,2785872,2785872,2800916,0,15044,15044,completed,36
40313,Rigid,2785872,2785872,2801018,0,15146,15146,completed,36
40314,Rigid,2785872,2785873,2801025,1,15152,15153,completed,36
40315,Rigid,2785872,2785873,2800929,1,15056,15057,completed,36
40316,Rigid,2785873,2785873,2800970,0,15097,15097,completed,36
40317,Rigid,2785873,2785873,2801026,0,15153,15153,completed,36
40318,Rigid,2785873,2785873,2801219,0,15346,15346,completed,36
40319,Rigid,2785873,2785874,2800924,1,15050,15051,completed,36
40320,Rigid,2785873,2785874,2801002,1,15128,15129,completed,36
40321,Rigid,2785873,2785874,2801028,1,15154,15155,completed,36
40322,Rigid,2785873,2785874,2801027,1,15153,15154,completed,36
40323,Rigid,2785873,2785874,2799942,1,14068,14069,completed,36
40324,Rigid,2785873,2785874,2799038,1,13164,13165,completed,36
40325,Rigid,2785883,2785883,2786652,0,769,769,completed,2
40326,Rigid,2785883,2785883,2787138,0,1255,1255,completed,2
40327,Rigid,2785886,2785886,2786651,0,765,765,completed,2
40328,Rigid,2785903,2785903,2787201,0,1298,1298,completed,2
40329,Rigid,2785906,2785906,2788890,0,2984,2984,completed,1
40330,Rigid,2785922,2785922,2786604,0,682,682,completed,2
40331,Rigid,2786167,2786167,2786872,0,705,705,completed,2
40332,Rigid,2786185,2786185,2786875,0,690,690,completed,2
40333,Rigid,2786186,2786186,2789189,0,3003,3003,completed,1
40334,Rigid,2786187,2786190,2786933,3,743,746,completed,2
40335,Rigid,2786187,2786190,2787460,3,1270,1273,completed,2
40336,Rigid,2786187,2786190,2786867,3,677,680,completed,2
40337,Rigid,2786187,2786190,2787463,3,1273,1276,completed,2
40338,Rigid,2786192,2786193,2786966,1,773,774,completed,2
40339,Rigid,2786207,2786207,2789224,0,3017,3017,completed,1
40340,Rigid,2786207,2786207,2787459,0,1252,1252,completed,2
40341,Rigid,2786207,2786207,2786900,0,693,693,completed,2
40342,Rigid,2786207,2786210,2786961,3,751,754,completed,2
40343,Rigid,2786212,2786215,2789141,3,2926,2929,completed,1
40344,Rigid,2786249,2786250,2786955,1,705,706,completed,2
40345,Rigid,2786266,2786266,2789210,0,2944,2944,completed,1
40346,Rigid,2786266,2786266,2787523,0,1257,1257,completed,2
40347,Rigid,2786267,2786270,2787020,3,750,753,completed,2
40348,Rigid,2786286,2786286,2787516,0,1230,1230,completed,2
40349,Rigid,2786287,2786290,2787102,3,812,815,completed,2
40350,Rigid,2786287,2786290,2789479,3,3189,3192,completed,1
40351,Rigid,2786328,2786328,2787032,0,704,704,completed,2
40352,Rigid,2786328,2786328,2787096,0,768,768,completed,2
40353,Rigid,2786329,2786333,2787546,4,1213,1217,completed,2
40354,Rigid,2786329,2786333,2789298,4,2965,2969,completed,1
40355,Rigid,2786368,2786370,2787061,2,691,693,completed,2
40356,Rigid,2786372,2786374,2787166,2,792,794,completed,2
40357,Rigid,2786388,2786388,2787633,0,1245,1245,completed,2
40358,Rigid,2786408,2786409,2789447,1,3038,3039,completed,1
40359,Rigid,2786428,2786430,2789555,2,3125,3127,completed,1
40360,Rigid,2786487,2786490,2787747,3,1257,1260,completed,2
40361,Rigid,2786527,2786528,2787322,1,794,795,completed,2
40362,Rigid,2786609,2786610,2787421,1,811,812,completed,2
40363,Rigid,2786610,2786614,2787861,4,1247,1251,completed,2
40364,Rigid,2786610,2786614,2789659,4,3045,3049,completed,1
40365,Rigid,2786611,2786614,2787324,3,710,713,completed,2
40366,Rigid,2786670,2786671,2787370,1,699,700,completed,2
40367,Rigid,2786670,2786671,2787358,1,687,688,completed,2
40368,Rigid,2786752,2786752,2787435,0,683,683,completed,2
40369,Rigid,2786752,2786756,2787424,4,668,672,completed,2
40370,Rigid,2786752,2786756,2787418,4,662,666,completed,2
40371,Rigid,2786776,2786777,2787442,1,665,666,completed,2
40372,Rigid,2786871,2786871,2787548,0,677,677,completed,2
40373,Rigid,2786890,2786891,2787556,1,665,666,completed,2
40374,Rigid,2786891,2786891,2787537,0,646,646,completed,2
40375,Rigid,2786911,2786911,2787571,0,660,660,completed,2
40376,Rigid,2786951,2786951,2787599,0,648,648,completed,2
40377,Rigid,2786953,2786954,2787615,1,661,662,completed,2
40378,Rigid,2786971,2786971,2787633,0,662,662,completed,2
40379,Rigid,2786971,2786971,2787612,0,641,641,completed,2
40380,Rigid,2786971,2786971,2787621,0,650,650,completed,2
40381,Rigid,2786993,2786993,2787669,0,676,676,completed,2
40382,Rigid,2787031,2787031,2787683,0,652,652,completed,2
40383,Rigid,2787050,2787050,2787693,0,643,643,completed,2
40384,Rigid,2787070,2787070,2787709,0,639,639,completed,2
40385,Rigid,2787092,2787092,2787799,0,707,707,completed,2
40386,Rigid,2787092,2787092,2788306,0,1214,1214,completed,2
40387,Rigid,2787110,2787110,2789955,0,2845,2845,completed,1
40388,Rigid,2787111,2787114,2789833,3,2719,2722,completed,1
40389,Rigid,2787112,2787114,2788310,2,1196,1198,completed,2
40390,Rigid,2787112,2787114,2787819,2,705,707,completed,2
40391,Rigid,2787152,2787152,2789748,0,2596,2596,completed,1
40392,Rigid,2787180,2787181,2787890,1,709,710,completed,2
40393,Rigid,2787215,2787216,2788411,1,1195,1196,completed,2
40394,Rigid,2787260,2787260,2787971,0,711,711,completed,2
40395,Rigid,2787320,2787320,2788483,0,1163,1163,completed,2
40396,Rigid,2787333,2787333,2790013,0,2680,2680,completed,1
40397,Rigid,2787334,2787337,2787935,3,598,601,completed,2
40398,Rigid,2787358,2787358,2787948,0,590,590,completed,2
40399,Rigid,2787374,2787375,2787973,1,598,599,completed,2
40400,Rigid,2787374,2787375,2787958,1,583,584,completed,2
40401,Rigid,2787399,2787399,2789817,0,2418,2418,completed,1
40402,Rigid,2787434,2787435,2788074,1,639,640,completed,2
40403,Rigid,2787434,2787435,2788589,1,1154,1155,completed,2
40404,Rigid,2787435,2787435,2789950,0,2515,2515,completed,1
40405,Rigid,2787455,2787456,2788080,1,624,625,completed,2
40406,Rigid,2787461,2787462,2788593,1,1131,1132,completed,2
40407,Rigid,2787476,2787477,2789847,1,2370,2371,completed,1
40408,Rigid,2787476,2787477,2788095,1,618,619,completed,2
40409,Rigid,2787476,2787477,2788545,1,1068,1069,completed,2
40410,Rigid,2787499,2787500,2788128,1,628,629,completed,2
40411,Rigid,2787536,2787536,2788637,0,1101,1101,completed,2
40412,Rigid,2787536,2787536,2789850,0,2314,2314,completed,1
40413,Rigid,2787555,2787555,2788091,0,536,536,completed,2
40414,Rigid,2787555,2787555,2788086,0,531,531,completed,2
40415,Rigid,2787556,2787558,2788092,2,534,536,completed,2
40416,Rigid,2787559,2787559,2788078,0,519,519,completed,2
40417,Rigid,2788829,2788830,2960518,1,171688,171689,completed,1080
40418,Rigid,2792948,2792949,2944635,1,151686,151687,completed,288
40419,Rigid,2793032,2793032,2945258,0,152226,152226,completed,288
40420,Rigid,2801176,2801177,2801184,1,7,8,completed,288
40421,Rigid,2801210,2801210,2801265,0,55,55,completed,288
40422,Rigid,2801345,2801345,2801411,0,66,66,completed,288
40423,Rigid,2801438,2801439,2801504,1,65,66,completed,288
40424,Rigid,2802792,2802792,2802859,0,67,67,completed,288
40425,Rigid,2803754,2803755,2804107,1,352,353,completed,288
40426,Rigid,2804253,2804253,2804322,0,69,69,completed,288
40427,Rigid,2804301,2804301,2805656,0,1355,1355,completed,288
40428,Rigid,2805659,2805659,2805780,0,121,121,completed,288
40429,Rigid,2805818,2805819,2806174,1,355,356,completed,288
40430,Rigid,2806210,2806210,2806297,0,87,87,completed,288
40431,Rigid,2806858,2806859,2810392,1,3533,3534,completed,288
40432,Rigid,2806953,2806953,2863452,0,56499,56499,completed,288
40433,Rigid,2807806,2807807,2807818,1,11,12,completed,1
40434,Rigid,2807836,2807837,2807838,1,1,2,completed,1
40435,Rigid,2807836,2807837,2807843,1,6,7,completed,1
40436,Rigid,2807836,2807837,2807854,1,17,18,completed,1
40437,Rigid,2807836,2807837,2807838,1,1,2,completed,1
40438,Rigid,2807836,2807837,2807843,1,6,7,completed,1
40439,Rigid,2809534,2809534,2809542,0,8,8,completed,1
40440,Rigid,2809735,2809736,2809740,1,4,5,completed,1
40441,Rigid,2809735,2809761,2809764,26,3,29,completed,1
40442,Rigid,2809736,2859916,2859925,50180,9,50189,completed,1
40443,Rigid,2810028,2810029,2810033,1,4,5,completed,1
40444,Rigid,2810029,2810050,2810054,21,4,25,completed,1
40445,Rigid,2810029,2867238,2867242,57209,4,57213,completed,1
40446,Rigid,2810424,2810425,2811011,1,586,587,completed,288
40447,Rigid,2810491,2810491,2811325,0,834,834,completed,36
40448,Rigid,2811020,2811021,2815653,1,4632,4633,completed,8
40449,Rigid,2811186,2811186,2943039,0,131853,131853,completed,288
40450,Rigid,2811432,2811433,2811436,1,3,4,completed,1
40451,Rigid,2811433,2811451,2811455,18,4,22,completed,1
40452,Rigid,2811433,2860898,2860903,49465,5,49470,completed,1
40453,Rigid,2812060,2812060,2812064,0,4,4,completed,1
40454,Rigid,2812274,2812274,2812278,0,4,4,completed,1
40455,Rigid,2812274,2812299,2812302,25,3,28,completed,1
40456,Rigid,2812274,2865870,2865879,53596,9,53605,completed,1
40457,Rigid,2814731,2814731,2814824,0,93,93,completed,36
40458,Rigid,2815178,2815178,2815270,0,92,92,completed,36
40459,Rigid,2816206,2816207,2816220,1,13,14,completed,1
40460,Rigid,2816236,2816237,2816254,1,17,18,completed,1
40461,Rigid,2816236,2816237,2816244,1,7,8,completed,1
40462,Rigid,2816236,2816237,2816244,1,7,8,completed,1
40463,Rigid,2816236,2816237,2816238,1,1,2,completed,1
40464,Rigid,2816237,2816237,2816238,0,1,1,completed,1
40465,Rigid,2816555,2816555,2905568,0,89013,89013,completed,72
40466,Rigid,2857211,2857211,2858370,0,1159,1159,completed,72
40467,Rigid,2857222,2857223,2861219,1,3996,3997,completed,72
40468,Rigid,2857251,2857252,2873675,1,16423,16424,completed,144
40469,Rigid,2857261,2857261,2972699,0,115438,115438,completed,72
40470,Rigid,2857297,2857298,2862313,1,5015,5016,completed,72
40471,Rigid,2857338,2857339,2928711,1,71372,71373,completed,72
40472,Rigid,2857377,2857377,2864755,0,7378,7378,completed,72
40473,Rigid,2857415,2857416,2861921,1,4505,4506,completed,72
40474,Rigid,2857493,2857494,2902542,1,45048,45049,completed,72
40475,Rigid,2860443,2860443,2860447,0,4,4,completed,1
40476,Rigid,2860469,2860469,2861625,0,1156,1156,completed,1
40477,Rigid,2860653,2860792,2860830,139,38,177,completed,1
40478,Rigid,2860688,2860689,2861362,1,673,674,completed,1
40479,Rigid,2860701,2860702,2862911,1,2209,2210,completed,1
40480,Rigid,2860708,2860709,2862433,1,1724,1725,completed,1
40481,Rigid,2862379,2862379,2865116,0,2737,2737,completed,1
40482,Rigid,2863713,2863715,3031409,2,167694,167696,completed,288
40483,Rigid,2871051,2871051,2871057,0,6,6,completed,1
40484,Rigid,2871051,2871076,2871079,25,3,28,completed,1
40485,Rigid,2871051,2921575,2921584,50524,9,50533,completed,1
40486,Rigid,2871754,2871755,2871759,1,4,5,completed,1
40487,Rigid,2871754,2871772,2871775,18,3,21,completed,1
40488,Rigid,2871755,2927092,2927103,55337,11,55348,completed,1
40489,Rigid,2871933,2871935,2871938,2,3,5,completed,1
40490,Rigid,2871933,2871950,2871954,17,4,21,completed,1
40491,Rigid,2871933,2928064,2928068,56131,4,56135,completed,1
40492,Rigid,2872667,2872668,2878991,1,6323,6324,completed,36
40493,Rigid,2881162,2881163,2881173,1,10,11,completed,1
40494,Rigid,2881279,2881280,2882258,1,978,979,completed,36
40495,Rigid,2882585,2882586,2882595,1,9,10,completed,1
40496,Rigid,2882585,2882614,2882619,29,5,34,completed,1
40497,Rigid,2882586,2938212,2938217,55626,5,55631,completed,1
40498,Rigid,2882782,2882784,2882787,2,3,5,completed,1
40499,Rigid,2882783,2882808,2882813,25,5,30,completed,1
40500,Rigid,2882783,2927992,2927997,45209,5,45214,completed,1
40501,Rigid,2884011,2884011,2884277,0,266,266,completed,18
40502,Rigid,2884304,2884305,2884307,1,2,3,completed,1
40503,Rigid,2884304,2884305,2884307,1,2,3,completed,1
40504,Rigid,2884304,2884305,2884312,1,7,8,completed,1
40505,Rigid,2884304,2884305,2884312,1,7,8,completed,1
40506,Rigid,2884304,2884305,2884326,1,21,22,completed,1
40507,Rigid,2884462,2884463,2884464,1,1,2,completed,1
40508,Rigid,2884463,2884463,2884464,0,1,1,completed,1
40509,Rigid,2884463,2884463,2884464,0,1,1,completed,1
40510,Rigid,2884463,2884463,2884464,0,1,1,completed,1
40511,Rigid,2884463,2884463,2884464,0,1,1,completed,1
40512,Rigid,2884463,2884465,2884466,2,1,3,completed,1
40513,Rigid,2884463,2884465,2884466,2,1,3,completed,1
40514,Rigid,2884463,2884465,2884466,2,1,3,completed,1
40515,Rigid,2884463,2884465,2884466,2,1,3,completed,1
40516,Rigid,2884463,2884465,2884466,2,1,3,completed,1
40517,Rigid,2884464,2884465,2884466,1,1,2,completed,1
40518,Rigid,2884464,2884465,2884466,1,1,2,completed,1
40519,Rigid,2884464,2884465,2884466,1,1,2,completed,1
40520,Rigid,2884464,2884465,2884466,1,1,2,completed,1
40521,Rigid,2884464,2884465,2884466,1,1,2,completed,1
40522,Rigid,2884464,2884465,2884466,1,1,2,completed,1
40523,Rigid,2884464,2884465,2884466,1,1,2,completed,1
40524,Rigid,2884464,2884465,2884466,1,1,2,completed,1
40525,Rigid,2884464,2884465,2884466,1,1,2,completed,1
40526,Rigid,2884464,2884465,2884466,1,1,2,completed,1
40527,Rigid,2884465,2884465,2884466,0,1,1,completed,1
40528,Rigid,2884465,2884465,2884466,0,1,1,completed,1
40529,Rigid,2884465,2884465,2884467,0,2,2,completed,1
40530,Rigid,2884465,2884465,2884466,0,1,1,completed,1
40531,Rigid,2884465,2884465,2884466,0,1,1,completed,1
40532,Rigid,2884465,2884465,2884466,0,1,1,completed,1
40533,Rigid,2884465,2884465,2884467,0,2,2,completed,1
40534,Rigid,2884465,2884466,2884467,1,1,2,completed,1
40535,Rigid,2884465,2884466,2884467,1,1,2,completed,1
40536,Rigid,2884465,2884466,2884467,1,1,2,completed,1
40537,Rigid,2884466,2884466,2884467,0,1,1,completed,1
40538,Rigid,2884466,2884466,2884467,0,1,1,completed,1
40539,Rigid,2884466,2884466,2884467,0,1,1,completed,1
40540,Rigid,2884466,2884467,2884468,1,1,2,completed,1
40541,Rigid,2884466,2884467,2884468,1,1,2,completed,1
40542,Rigid,2884466,2884467,2884468,1,1,2,completed,1
40543,Rigid,2884466,2884467,2884468,1,1,2,completed,1
40544,Rigid,2884466,2884467,2884468,1,1,2,completed,1
40545,Rigid,2884466,2884467,2884468,1,1,2,completed,1
40546,Rigid,2884466,2884467,2884468,1,1,2,completed,1
40547,Rigid,2884467,2884467,2884468,0,1,1,completed,1
40548,Rigid,2884467,2884467,2884468,0,1,1,completed,1
40549,Rigid,2884467,2884467,2884468,0,1,1,completed,1
40550,Rigid,2884467,2884467,2884469,0,2,2,completed,1
40551,Rigid,2884467,2884467,2884469,0,2,2,completed,1
40552,Rigid,2884467,2884467,2884469,0,2,2,completed,1
40553,Rigid,2884467,2884467,2884469,0,2,2,completed,1
40554,Rigid,2884467,2884467,2884469,0,2,2,completed,1
40555,Rigid,2884467,2884467,2884469,0,2,2,completed,1
40556,Rigid,2884467,2884467,2884469,0,2,2,completed,1
40557,Rigid,2884468,2884468,2884469,0,1,1,completed,1
40558,Rigid,2884468,2884468,2884469,0,1,1,completed,1
40559,Rigid,2884468,2884468,2884469,0,1,1,completed,1
40560,Rigid,2884468,2884468,2884469,0,1,1,completed,1
40561,Rigid,2884468,2884468,2884469,0,1,1,completed,1
40562,Rigid,2884468,2884468,2884469,0,1,1,completed,1
40563,Rigid,2884468,2884469,2884471,1,2,3,completed,1
40564,Rigid,2884468,2884469,2884471,1,2,3,completed,1
40565,Rigid,2884469,2884469,2884471,0,2,2,completed,1
40566,Rigid,2884469,2884469,2884470,0,1,1,completed,1
40567,Rigid,2884469,2884469,2884470,0,1,1,completed,1
40568,Rigid,2884469,2884469,2884471,0,2,2,completed,1
40569,Rigid,2884469,2884469,2884471,0,2,2,completed,1
40570,Rigid,2884469,2884469,2884471,0,2,2,completed,1
40571,Rigid,2884469,2884469,2884471,0,2,2,completed,1
40572,Rigid,2884469,2884469,2884470,0,1,1,completed,1
40573,Rigid,2884469,2884469,2884471,0,2,2,completed,1
40574,Rigid,2884469,2884470,2884471,1,1,2,completed,1
40575,Rigid,2884470,2884470,2884471,0,1,1,completed,1
40576,Rigid,2884470,2884470,2884471,0,1,1,completed,1
40577,Rigid,2884470,2884470,2884471,0,1,1,completed,1
40578,Rigid,2884470,2884470,2884471,0,1,1,completed,1
40579,Rigid,2884470,2884470,2884471,0,1,1,completed,1
40580,Rigid,2884470,2884470,2884471,0,1,1,completed,1
40581,Rigid,2884470,2884470,2884471,0,1,1,completed,1
40582,Rigid,2884470,2884470,2884471,0,1,1,completed,1
40583,Rigid,2884470,2884470,2884471,0,1,1,completed,1
40584,Rigid,2884471,2884471,2884472,0,1,1,completed,1
40585,Rigid,2884471,2884471,2884472,0,1,1,completed,1
40586,Rigid,2884471,2884472,2884473,1,1,2,completed,1
40587,Rigid,2884471,2884472,2884473,1,1,2,completed,1
40588,Rigid,2884471,2884472,2884473,1,1,2,completed,1
40589,Rigid,2884471,2884472,2884473,1,1,2,completed,1
40590,Rigid,2884471,2884472,2884473,1,1,2,completed,1
40591,Rigid,2884471,2884472,2884473,1,1,2,completed,1
40592,Rigid,2884471,2884472,2884473,1,1,2,completed,1
40593,Rigid,2884471,2884472,2884473,1,1,2,completed,1
40594,Rigid,2884472,2884472,2884473,0,1,1,completed,1
40595,Rigid,2884472,2884472,2884474,0,2,2,completed,1
40596,Rigid,2884472,2884472,2884473,0,1,1,completed,1
40597,Rigid,2884472,2884472,2884473,0,1,1,completed,1
40598,Rigid,2884472,2884472,2884473,0,1,1,completed,1
40599,Rigid,2884472,2884472,2884473,0,1,1,completed,1
40600,Rigid,2884472,2884472,2884473,0,1,1,completed,1
40601,Rigid,2884472,2884472,2884473,0,1,1,completed,1
40602,Rigid,2884472,2884472,2884473,0,1,1,completed,1
40603,Rigid,2884473,2884473,2884474,0,1,1,completed,1
40604,Rigid,2884473,2884473,2884474,0,1,1,completed,1
40605,Rigid,2884473,2884473,2884474,0,1,1,completed,1
40606,Rigid,2884473,2884473,2884474,0,1,1,completed,1
40607,Rigid,2884473,2884473,2884474,0,1,1,completed,1
40608,Rigid,2884473,2884474,2884475,1,1,2,completed,1
40609,Rigid,2884473,2884474,2884475,1,1,2,completed,1
40610,Rigid,2884473,2884474,2884475,1,1,2,completed,1
40611,Rigid,2884473,2884474,2884475,1,1,2,completed,1
40612,Rigid,2884474,2884474,2884475,0,1,1,completed,1
40613,Rigid,2884474,2884474,2884475,0,1,1,completed,1
40614,Rigid,2884474,2884474,2884475,0,1,1,completed,1
40615,Rigid,2884474,2884474,2884475,0,1,1,completed,1
40616,Rigid,2884474,2884474,2884475,0,1,1,completed,1
40617,Rigid,2884474,2884474,2884476,0,2,2,completed,1
40618,Rigid,2884474,2884474,2884476,0,2,2,completed,1
40619,Rigid,2884474,2884474,2884476,0,2,2,completed,1
40620,Rigid,2884474,2884475,2884476,1,1,2,completed,1
40621,Rigid,2884475,2884475,2884476,0,1,1,completed,1
40622,Rigid,2884475,2884475,2884476,0,1,1,completed,1
40623,Rigid,2884475,2884475,2884476,0,1,1,completed,1
40624,Rigid,2884475,2884475,2884476,0,1,1,completed,1
40625,Rigid,2884475,2884475,2884476,0,1,1,completed,1
40626,Rigid,2884475,2884475,2884476,0,1,1,completed,1
40627,Rigid,2884475,2884477,2884478,2,1,3,completed,1
40628,Rigid,2884475,2884477,2884478,2,1,3,completed,1
40629,Rigid,2884476,2884477,2884478,1,1,2,completed,1
40630,Rigid,2884476,2884477,2884478,1,1,2,completed,1
40631,Rigid,2884476,2884477,2884478,1,1,2,completed,1
40632,Rigid,2884476,2884477,2884478,1,1,2,completed,1
40633,Rigid,2884476,2884477,2884478,1,1,2,completed,1
40634,Rigid,2884476,2884477,2884478,1,1,2,completed,1
40635,Rigid,2884476,2884477,2884478,1,1,2,completed,1
40636,Rigid,2884476,2884477,2884478,1,1,2,completed,1
40637,Rigid,2884476,2884477,2884478,1,1,2,completed,1
40638,Rigid,2884476,2884477,2884478,1,1,2,completed,1
40639,Rigid,2884477,2884477,2884478,0,1,1,completed,1
40640,Rigid,2884477,2884477,2884478,0,1,1,completed,1
40641,Rigid,2884477,2884477,2884478,0,1,1,completed,1
40642,Rigid,2884477,2884477,2884478,0,1,1,completed,1
40643,Rigid,2884477,2884477,2884478,0,1,1,completed,1
40644,Rigid,2884477,2884477,2884478,0,1,1,completed,1
40645,Rigid,2884477,2884477,2884478,0,1,1,completed,1
40646,Rigid,2884477,2884477,2884478,0,1,1,completed,1
40647,Rigid,2884477,2884477,2884478,0,1,1,completed,1
40648,Rigid,2884478,2884479,2884480,1,1,2,completed,1
40649,Rigid,2884478,2884478,2884479,0,1,1,completed,1
40650,Rigid,2884478,2884478,2884479,0,1,1,completed,1
40651,Rigid,2884478,2884478,2884479,0,1,1,completed,1
40652,Rigid,2884478,2884478,2884479,0,1,1,completed,1
40653,Rigid,2884478,2884478,2884479,0,1,1,completed,1
40654,Rigid,2884478,2884478,2884479,0,1,1,completed,1
40655,Rigid,2884478,2884478,2884479,0,1,1,completed,1
40656,Rigid,2884478,2884478,2884479,0,1,1,completed,1
40657,Rigid,2884478,2884479,2884480,1,1,2,completed,1
40658,Rigid,2884479,2884479,2884480,0,1,1,completed,1
40659,Rigid,2884479,2884479,2884480,0,1,1,completed,1
40660,Rigid,2884479,2884479,2884480,0,1,1,completed,1
40661,Rigid,2884479,2884479,2884480,0,1,1,completed,1
40662,Rigid,2884479,2884479,2884480,0,1,1,completed,1
40663,Rigid,2884479,2884479,2884480,0,1,1,completed,1
40664,Rigid,2884479,2884479,2884480,0,1,1,completed,1
40665,Rigid,2884479,2884479,2884480,0,1,1,completed,1
40666,Rigid,2884479,2884479,2884480,0,1,1,completed,1
40667,Rigid,2884480,2884480,2884481,0,1,1,completed,1
40668,Rigid,2884480,2884480,2884481,0,1,1,completed,1
40669,Rigid,2884480,2884480,2884482,0,2,2,completed,1
40670,Rigid,2884480,2884481,2884482,1,1,2,completed,1
40671,Rigid,2884480,2884481,2884482,1,1,2,completed,1
40672,Rigid,2884480,2884481,2884482,1,1,2,completed,1
40673,Rigid,2884480,2884481,2884482,1,1,2,completed,1
40674,Rigid,2884480,2884481,2884482,1,1,2,completed,1
40675,Rigid,2884480,2884481,2884482,1,1,2,completed,1
40676,Rigid,2884480,2884481,2884482,1,1,2,completed,1
40677,Rigid,2884481,2884481,2884482,0,1,1,completed,1
40678,Rigid,2884481,2884481,2884482,0,1,1,completed,1
40679,Rigid,2884481,2884481,2884482,0,1,1,completed,1
40680,Rigid,2884481,2884481,2884482,0,1,1,completed,1
40681,Rigid,2884481,2884481,2884482,0,1,1,completed,1
40682,Rigid,2884481,2884481,2884482,0,1,1,completed,1
40683,Rigid,2884481,2884481,2884482,0,1,1,completed,1
40684,Rigid,2884481,2884481,2884482,0,1,1,completed,1
40685,Rigid,2884481,2884481,2884482,0,1,1,completed,1
40686,Rigid,2884481,2884481,2884482,0,1,1,completed,1
40687,Rigid,2884482,2884482,2884483,0,1,1,completed,1
40688,Rigid,2884482,2884482,2884483,0,1,1,completed,1
40689,Rigid,2884482,2884482,2884483,0,1,1,completed,1
40690,Rigid,2884482,2884483,2884484,1,1,2,completed,1
40691,Rigid,2884482,2884483,2884484,1,1,2,completed,1
40692,Rigid,2884482,2884483,2884484,1,1,2,completed,1
40693,Rigid,2884482,2884483,2884484,1,1,2,completed,1
40694,Rigid,2884482,2884483,2884484,1,1,2,completed,1
40695,Rigid,2884482,2884483,2884484,1,1,2,completed,1
40696,Rigid,2884483,2884483,2884484,0,1,1,completed,1
40697,Rigid,2884483,2884483,2884484,0,1,1,completed,1
40698,Rigid,2884483,2884483,2884484,0,1,1,completed,1
40699,Rigid,2884483,2884483,2884484,0,1,1,completed,1
40700,Rigid,2884483,2884483,2884485,0,2,2,completed,1
40701,Rigid,2884483,2884483,2884485,0,2,2,completed,1
40702,Rigid,2884492,2884492,2884494,0,2,2,completed,1
40703,Rigid,2884492,2884492,2884494,0,2,2,completed,1
40704,Rigid,2884492,2884492,2884494,0,2,2,completed,1
40705,Rigid,2884492,2884492,2884494,0,2,2,completed,1
40706,Rigid,2884492,2884495,2884496,3,1,4,completed,1
40707,Rigid,2884493,2884495,2884496,2,1,3,completed,1
40708,Rigid,2884493,2884495,2884496,2,1,3,completed,1
40709,Rigid,2884493,2884495,2884496,2,1,3,completed,1
40710,Rigid,2884493,2884495,2884496,2,1,3,completed,1
40711,Rigid,2884493,2884495,2884496,2,1,3,completed,1
40712,Rigid,2884493,2884495,2884496,2,1,3,completed,1
40713,Rigid,2884493,2884495,2884496,2,1,3,completed,1
40714,Rigid,2884493,2884495,2884496,2,1,3,completed,1
40715,Rigid,2884493,2884495,2884496,2,1,3,completed,1
40716,Rigid,2884494,2884495,2884496,1,1,2,completed,1
40717,Rigid,2884494,2884495,2884496,1,1,2,completed,1
40718,Rigid,2884494,2884495,2884496,1,1,2,completed,1
40719,Rigid,2884494,2884495,2884496,1,1,2,completed,1
40720,Rigid,2884494,2884495,2884497,1,2,3,completed,1
40721,Rigid,2884494,2884495,2884496,1,1,2,completed,1
40722,Rigid,2884495,2884495,2884496,0,1,1,completed,1
40723,Rigid,2884495,2884495,2884496,0,1,1,completed,1
40724,Rigid,2884495,2884495,2884496,0,1,1,completed,1
40725,Rigid,2884495,2884495,2884497,0,2,2,completed,1
40726,Rigid,2884495,2884495,2884496,0,1,1,completed,1
40727,Rigid,2884495,2884495,2884497,0,2,2,completed,1
40728,Rigid,2884495,2884495,2884496,0,1,1,completed,1
40729,Rigid,2884495,2884495,2884496,0,1,1,completed,1
40730,Rigid,2884495,2884495,2884496,0,1,1,completed,1
40731,Rigid,2884495,2884495,2884496,0,1,1,completed,1
40732,Rigid,2884496,2884496,2884498,0,2,2,completed,1
40733,Rigid,2884496,2884496,2884497,0,1,1,completed,1
40734,Rigid,2884496,2884496,2884498,0,2,2,completed,1
40735,Rigid,2884496,2884496,2884498,0,2,2,completed,1
40736,Rigid,2884496,2884496,2884498,0,2,2,completed,1
40737,Rigid,2884496,2884496,2884498,0,2,2,completed,1
40738,Rigid,2884496,2884496,2884497,0,1,1,completed,1
40739,Rigid,2884496,2884496,2884498,0,2,2,completed,1
40740,Rigid,2884496,2884496,2884498,0,2,2,completed,1
40741,Rigid,2884496,2884496,2884498,0,2,2,completed,1
40742,Rigid,2884497,2884497,2884498,0,1,1,completed,1
40743,Rigid,2884497,2884497,2884498,0,1,1,completed,1
40744,Rigid,2884497,2884497,2884498,0,1,1,completed,1
40745,Rigid,2884497,2884497,2884498,0,1,1,completed,1
40746,Rigid,2884497,2884497,2884498,0,1,1,completed,1
40747,Rigid,2884497,2884497,2884498,0,1,1,completed,1
40748,Rigid,2884497,2884497,2884498,0,1,1,completed,1
40749,Rigid,2884497,2884497,2884498,0,1,1,completed,1
40750,Rigid,2884497,2884497,2884498,0,1,1,completed,1
40751,Rigid,2884497,2884497,2884498,0,1,1,completed,1
40752,Rigid,2884498,2884498,2884499,0,1,1,completed,1
40753,Rigid,2884498,2884499,2884500,1,1,2,completed,1
40754,Rigid,2884498,2884499,2884500,1,1,2,completed,1
40755,Rigid,2884498,2884499,2884500,1,1,2,completed,1
40756,Rigid,2884498,2884499,2884500,1,1,2,completed,1
40757,Rigid,2884498,2884499,2884500,1,1,2,completed,1
40758,Rigid,2884498,2884499,2884500,1,1,2,completed,1
40759,Rigid,2884498,2884499,2884500,1,1,2,completed,1
40760,Rigid,2884498,2884499,2884500,1,1,2,completed,1
40761,Rigid,2884498,2884499,2884500,1,1,2,completed,1
40762,Rigid,2884499,2884499,2884501,0,2,2,completed,1
40763,Rigid,2884499,2884499,2884501,0,2,2,completed,1
40764,Rigid,2884499,2884499,2884501,0,2,2,completed,1
40765,Rigid,2884499,2884499,2884501,0,2,2,completed,1
40766,Rigid,2884499,2884499,2884501,0,2,2,completed,1
40767,Rigid,2884499,2884499,2884501,0,2,2,completed,1
40768,Rigid,2884499,2884499,2884501,0,2,2,completed,1
40769,Rigid,2884499,2884499,2884501,0,2,2,completed,1
40770,Rigid,2884499,2884499,2884501,0,2,2,completed,1
40771,Rigid,2884499,2884499,2884501,0,2,2,completed,1
40772,Rigid,2884500,2884500,2884501,0,1,1,completed,1
40773,Rigid,2884500,2884500,2884501,0,1,1,completed,1
40774,Rigid,2884500,2884500,2884501,0,1,1,completed,1
40775,Rigid,2884500,2884500,2884501,0,1,1,completed,1
40776,Rigid,2884500,2884500,2884501,0,1,1,completed,1
40777,Rigid,2884500,2884500,2884501,0,1,1,completed,1
40778,Rigid,2884500,2884500,2884501,0,1,1,completed,1
40779,Rigid,2884500,2884500,2884501,0,1,1,completed,1
40780,Rigid,2884500,2884500,2884501,0,1,1,completed,1
40781,Rigid,2884500,2884500,2884501,0,1,1,completed,1
40782,Rigid,2884501,2884502,2884503,1,1,2,completed,1
40783,Rigid,2884501,2884502,2884503,1,1,2,completed,1
40784,Rigid,2884501,2884502,2884503,1,1,2,completed,1
40785,Rigid,2884501,2884502,2884503,1,1,2,completed,1
40786,Rigid,2884501,2884502,2884503,1,1,2,completed,1
40787,Rigid,2884501,2884502,2884503,1,1,2,completed,1
40788,Rigid,2884501,2884502,2884503,1,1,2,completed,1
40789,Rigid,2884501,2884502,2884503,1,1,2,completed,1
40790,Rigid,2884501,2884502,2884503,1,1,2,completed,1
40791,Rigid,2884501,2884502,2884503,1,1,2,completed,1
40792,Rigid,2884502,2884502,2884503,0,1,1,completed,1
40793,Rigid,2884502,2884502,2884503,0,1,1,completed,1
40794,Rigid,2884502,2884502,2885600,0,1098,1098,completed,2
40795,Rigid,2884502,2884502,2884503,0,1,1,completed,1
40796,Rigid,2884502,2884502,2884541,0,39,39,completed,2
40797,Rigid,2884502,2884502,2884503,0,1,1,completed,1
40798,Rigid,2884502,2884502,2884503,0,1,1,completed,1
40799,Rigid,2884502,2884502,2884503,0,1,1,completed,1
40800,Rigid,2884502,2884502,2884503,0,1,1,completed,1
40801,Rigid,2884502,2884502,2884503,0,1,1,completed,1
40802,Rigid,2884513,2884514,2884585,1,71,72,completed,1
40803,Rigid,2884513,2884514,2884641,1,127,128,completed,2
40804,Rigid,2884513,2884514,2884523,1,9,10,completed,2
40805,Rigid,2884513,2884514,2884523,1,9,10,completed,2
40806,Rigid,2884513,2884514,2884523,1,9,10,completed,2
40807,Rigid,2884513,2884514,2884523,1,9,10,completed,2
40808,Rigid,2884513,2884514,2884523,1,9,10,completed,2
40809,Rigid,2884513,2884514,2884523,1,9,10,completed,2
40810,Rigid,2884513,2884514,2884548,1,34,35,completed,2
40811,Rigid,2884513,2884514,2884523,1,9,10,completed,2
40812,Rigid,2884514,2884518,2884525,4,7,11,completed,1
40813,Rigid,2884514,2884518,2884527,4,9,13,completed,2
40814,Rigid,2884514,2884518,2884642,4,124,128,completed,2
40815,Rigid,2884514,2884518,2884527,4,9,13,completed,2
40816,Rigid,2884514,2884518,2884527,4,9,13,completed,2
40817,Rigid,2884514,2884518,2884527,4,9,13,completed,2
40818,Rigid,2884514,2884518,2884525,4,7,11,completed,1
40819,Rigid,2884514,2884518,2884526,4,8,12,completed,2
40820,Rigid,2884514,2884518,2884526,4,8,12,completed,2
40821,Rigid,2884514,2884518,2884526,4,8,12,completed,2
40822,Rigid,2884515,2884518,2884526,3,8,11,completed,2
40823,Rigid,2884515,2884518,2884526,3,8,11,completed,2
40824,Rigid,2884515,2884518,2884526,3,8,11,completed,2
40825,Rigid,2884515,2884518,2884526,3,8,11,completed,2
40826,Rigid,2884515,2884518,2884526,3,8,11,completed,2
40827,Rigid,2884515,2884518,2884524,3,6,9,completed,1
40828,Rigid,2884515,2884518,2884641,3,123,126,completed,2
40829,Rigid,2884515,2884518,2884642,3,124,127,completed,2
40830,Rigid,2884515,2884518,2884524,3,6,9,completed,1
40831,Rigid,2884515,2884518,2884526,3,8,11,completed,2
40832,Rigid,2884516,2884518,2884526,2,8,10,completed,2
40833,Rigid,2884516,2884518,2884526,2,8,10,completed,2
40834,Rigid,2884516,2884518,2884526,2,8,10,completed,2
40835,Rigid,2884516,2884518,2884524,2,6,8,completed,1
40836,Rigid,2884516,2884518,2884640,2,122,124,completed,2
40837,Rigid,2884516,2884518,2884524,2,6,8,completed,1
40838,Rigid,2884516,2884518,2884526,2,8,10,completed,2
40839,Rigid,2884516,2884518,2884641,2,123,125,completed,2
40840,Rigid,2884517,2884518,2884526,1,8,9,completed,2
40841,Rigid,2884517,2884518,2884526,1,8,9,completed,2
40842,Rigid,2884517,2884518,2884526,1,8,9,completed,2
40843,Rigid,2884517,2884518,2884642,1,124,125,completed,2
40844,Rigid,2884517,2884518,2884526,1,8,9,completed,2
40845,Rigid,2884517,2884518,2884642,1,124,125,completed,2
40846,Rigid,2884517,2884518,2884526,1,8,9,completed,2
40847,Rigid,2884517,2884518,2884524,1,6,7,completed,1
40848,Rigid,2884517,2884518,2884524,1,6,7,completed,1
40849,Rigid,2884517,2884518,2884526,1,8,9,completed,2
40850,Rigid,2884518,2884518,2884526,0,8,8,completed,2
40851,Rigid,2884518,2884522,2884531,4,9,13,completed,2
40852,Rigid,2884518,2884522,2884531,4,9,13,completed,2
40853,Rigid,2884518,2884522,2884640,4,118,122,completed,2
40854,Rigid,2884519,2884522,2884531,3,9,12,completed,2
40855,Rigid,2884519,2884522,2884528,3,6,9,completed,1
40856,Rigid,2884519,2884522,2884531,3,9,12,completed,2
40857,Rigid,2884519,2884522,2884528,3,6,9,completed,1
40858,Rigid,2884519,2884522,2884531,3,9,12,completed,2
40859,Rigid,2884519,2884522,2884530,3,8,11,completed,2
40860,Rigid,2884519,2884522,2884640,3,118,121,completed,2
40861,Rigid,2884519,2884522,2884528,3,6,9,completed,1
40862,Rigid,2884519,2884522,2884530,3,8,11,completed,2
40863,Rigid,2884519,2884522,2884640,3,118,121,completed,2
40864,Rigid,2884520,2884522,2884640,2,118,120,completed,2
40865,Rigid,2884520,2884522,2884528,2,6,8,completed,1
40866,Rigid,2884520,2884522,2884530,2,8,10,completed,2
40867,Rigid,2884520,2884522,2884530,2,8,10,completed,2
40868,Rigid,2884520,2884522,2884528,2,6,8,completed,1
40869,Rigid,2884520,2884522,2884640,2,118,120,completed,2
40870,Rigid,2884520,2884522,2884528,2,6,8,completed,1
40871,Rigid,2884520,2884522,2884530,2,8,10,completed,2
40872,Rigid,2884520,2884522,2884530,2,8,10,completed,2
40873,Rigid,2884521,2884522,2884528,1,6,7,completed,1
40874,Rigid,2884521,2884522,2884530,1,8,9,completed,2
40875,Rigid,2884521,2884522,2884640,1,118,119,completed,2
40876,Rigid,2884521,2884522,2884530,1,8,9,completed,2
40877,Rigid,2884521,2884522,2884530,1,8,9,completed,2
40878,Rigid,2884521,2884522,2884530,1,8,9,completed,2
40879,Rigid,2884521,2884522,2884530,1,8,9,completed,2
40880,Rigid,2884521,2884522,2884528,1,6,7,completed,1
40881,Rigid,2884521,2884522,2884530,1,8,9,completed,2
40882,Rigid,2884521,2884522,2884640,1,118,119,completed,2
40883,Rigid,2884522,2884525,2884533,3,8,11,completed,2
40884,Rigid,2884522,2884525,2884533,3,8,11,completed,2
40885,Rigid,2884522,2884525,2884533,3,8,11,completed,2
40886,Rigid,2884522,2884525,2884640,3,115,118,completed,2
40887,Rigid,2884522,2884525,2884640,3,115,118,completed,2
40888,Rigid,2884522,2884525,2884533,3,8,11,completed,2
40889,Rigid,2884522,2884525,2884533,3,8,11,completed,2
40890,Rigid,2884522,2884525,2884533,3,8,11,completed,2
40891,Rigid,2884522,2884525,2884640,3,115,118,completed,2
40892,Rigid,2884522,2884525,2884640,3,115,118,completed,2
40893,Rigid,2884523,2884525,2884533,2,8,10,completed,2
40894,Rigid,2884523,2884525,2884531,2,6,8,completed,1
40895,Rigid,2884523,2884525,2884531,2,6,8,completed,1
40896,Rigid,2884523,2884525,2884533,2,8,10,completed,2
40897,Rigid,2884523,2884525,2884533,2,8,10,completed,2
40898,Rigid,2884523,2884525,2884533,2,8,10,completed,2
40899,Rigid,2884523,2884525,2884530,2,5,7,completed,1
40900,Rigid,2884533,2884534,2884542,1,8,9,completed,2
40901,Rigid,2884533,2884534,2884540,1,6,7,completed,1
40902,Rigid,2884533,2884534,2884640,1,106,107,completed,2
40903,Rigid,2884533,2884534,2884542,1,8,9,completed,2
40904,Rigid,2884533,2884534,2884540,1,6,7,completed,1
40905,Rigid,2884533,2884534,2884542,1,8,9,completed,2
40906,Rigid,2884533,2884534,2884640,1,106,107,completed,2
40907,Rigid,2884534,2884534,2884542,0,8,8,completed,2
40908,Rigid,2884534,2884534,2884542,0,8,8,completed,2
40909,Rigid,2884534,2884534,2884542,0,8,8,completed,2
40910,Rigid,2884534,2884534,2884640,0,106,106,completed,2
40911,Rigid,2884534,2884534,2884542,0,8,8,completed,2
40912,Rigid,2884534,2884535,2884540,1,5,6,completed,1
40913,Rigid,2884535,2884535,2884542,0,7,7,completed,2
40914,Rigid,2884535,2884535,2884544,0,9,9,completed,2
40915,Rigid,2884535,2884535,2884544,0,9,9,completed,2
40916,Rigid,2884535,2884538,2884546,3,8,11,completed,2
40917,Rigid,2884535,2884538,2884546,3,8,11,completed,2
40918,Rigid,2884535,2884538,2884546,3,8,11,completed,2
40919,Rigid,2884535,2884538,2884546,3,8,11,completed,2
40920,Rigid,2884535,2884538,2884544,3,6,9,completed,1
40921,Rigid,2884535,2884538,2884546,3,8,11,completed,2
40922,Rigid,2884536,2884538,2884647,2,109,111,completed,2
40923,Rigid,2884536,2884538,2884647,2,109,111,completed,2
40924,Rigid,2884536,2884538,2884544,2,6,8,completed,1
40925,Rigid,2884536,2884538,2884647,2,109,111,completed,2
40926,Rigid,2884536,2884538,2884546,2,8,10,completed,2
40927,Rigid,2884536,2884538,2884546,2,8,10,completed,2
40928,Rigid,2884536,2884538,2884547,2,9,11,completed,2
40929,Rigid,2884536,2884538,2884544,2,6,8,completed,1
40930,Rigid,2884537,2884538,2884640,1,102,103,completed,2
40931,Rigid,2884537,2884538,2884544,1,6,7,completed,1
40932,Rigid,2884537,2884538,2884547,1,9,10,completed,2
40933,Rigid,2884537,2884538,2884547,1,9,10,completed,2
40934,Rigid,2884537,2884538,2884640,1,102,103,completed,2
40935,Rigid,2884537,2884538,2884547,1,9,10,completed,2
40936,Rigid,2884537,2884538,2884544,1,6,7,completed,1
40937,Rigid,2884537,2884538,2884547,1,9,10,completed,2
40938,Rigid,2884538,2884538,2884547,0,9,9,completed,2
40939,Rigid,2884538,2884538,2884547,0,9,9,completed,2
40940,Rigid,2884538,2884538,2884547,0,9,9,completed,2
40941,Rigid,2884538,2884538,2884641,0,103,103,completed,2
40942,Rigid,2884538,2884538,2884544,0,6,6,completed,1
40943,Rigid,2884538,2884538,2884544,0,6,6,completed,1
40944,Rigid,2884538,2884538,2884640,0,102,102,completed,2
40945,Rigid,2884538,2884538,2884645,0,107,107,completed,2
40946,Rigid,2884538,2884539,2884547,1,8,9,completed,2
40947,Rigid,2884539,2884539,2884547,0,8,8,completed,2
40948,Rigid,2884539,2884541,2884547,2,6,8,completed,1
40949,Rigid,2884539,2884541,2884549,2,8,10,completed,2
40950,Rigid,2884539,2884541,2884550,2,9,11,completed,2
40951,Rigid,2884539,2884541,2884547,2,6,8,completed,1
40952,Rigid,2884539,2884541,2884646,2,105,107,completed,2
40953,Rigid,2884540,2884541,2884549,1,8,9,completed,2
40954,Rigid,2884540,2884541,2884547,1,6,7,completed,1
40955,Rigid,2884540,2884541,2884646,1,105,106,completed,2
40956,Rigid,2884540,2884541,2884549,1,8,9,completed,2
40957,Rigid,2884540,2884541,2884551,1,10,11,completed,2
40958,Rigid,2884540,2884541,2884550,1,9,10,completed,2
40959,Rigid,2884540,2884541,2884547,1,6,7,completed,1
40960,Rigid,2884540,2884541,2884646,1,105,106,completed,2
40961,Rigid,2884540,2884541,2884550,1,9,10,completed,2
40962,Rigid,2884541,2884541,2884550,0,9,9,completed,2
40963,Rigid,2884541,2884541,2884547,0,6,6,completed,1
40964,Rigid,2884541,2884541,2884646,0,105,105,completed,2
40965,Rigid,2884541,2884541,2884547,0,6,6,completed,1
40966,Rigid,2884541,2884541,2884550,0,9,9,completed,2
40967,Rigid,2884541,2884541,2884646,0,105,105,completed,2
40968,Rigid,2884542,2884542,2884550,0,8,8,completed,2
40969,Rigid,2884542,2884542,2884550,0,8,8,completed,2
40970,Rigid,2884542,2884543,2884552,1,9,10,completed,2
40971,Rigid,2884542,2884543,2884552,1,9,10,completed,2
40972,Rigid,2884542,2884543,2884552,1,9,10,completed,2
40973,Rigid,2884542,2884543,2884552,1,9,10,completed,2
40974,Rigid,2884542,2884543,2884549,1,6,7,completed,1
40975,Rigid,2884542,2884543,2884646,1,103,104,completed,2
40976,Rigid,2884543,2884543,2884554,0,11,11,completed,2
40977,Rigid,2884543,2884543,2884548,0,5,5,completed,1
40978,Rigid,2884553,2884554,2884669,1,115,116,completed,2
40979,Rigid,2884553,2884554,2884669,1,115,116,completed,2
40980,Rigid,2884554,2884554,2884565,0,11,11,completed,2
40981,Rigid,2884554,2884554,2884560,0,6,6,completed,1
40982,Rigid,2884554,2884554,2884565,0,11,11,completed,2
40983,Rigid,2884554,2884554,2884670,0,116,116,completed,2
40984,Rigid,2884554,2884554,2884565,0,11,11,completed,2
40985,Rigid,2884554,2884554,2884560,0,6,6,completed,1
40986,Rigid,2884554,2884555,2884566,1,11,12,completed,2
40987,Rigid,2884554,2884555,2884565,1,10,11,completed,2
40988,Rigid,2884554,2884555,2884565,1,10,11,completed,2
40989,Rigid,2884555,2884555,2884669,0,114,114,completed,2
40990,Rigid,2884555,2884555,2884565,0,10,10,completed,2
40991,Rigid,2884555,2884555,2884565,0,10,10,completed,2
40992,Rigid,2884555,2884555,2884560,0,5,5,completed,1
40993,Rigid,2884555,2884555,2884669,0,114,114,completed,2
40994,Rigid,2884555,2884555,2884560,0,5,5,completed,1
40995,Rigid,2884555,2884558,2884566,3,8,11,completed,2
40996,Rigid,2884555,2884558,2884567,3,9,12,completed,2
40997,Rigid,2884555,2884558,2884669,3,111,114,completed,2
40998,Rigid,2884555,2884558,2884564,3,6,9,completed,1
40999,Rigid,2884556,2884558,2884566,2,8,10,completed,2
41000,Rigid,2884556,2884558,2884566,2,8,10,completed,2
41001,Rigid,2884556,2884558,2884566,2,8,10,completed,2
41002,Rigid,2884556,2884558,2884563,2,5,7,completed,1
41003,Rigid,2884556,2884558,2884670,2,112,114,completed,2
41004,Rigid,2884556,2884558,2884567,2,9,11,completed,2
41005,Rigid,2884556,2884558,2884567,2,9,11,completed,2
41006,Rigid,2884557,2884558,2884567,1,9,10,completed,2
41007,Rigid,2884557,2884558,2884567,1,9,10,completed,2
41008,Rigid,2884557,2884558,2884567,1,9,10,completed,2
41009,Rigid,2884557,2884558,2884567,1,9,10,completed,2
41010,Rigid,2884557,2884558,2884564,1,6,7,completed,1
41011,Rigid,2884557,2884558,2884567,1,9,10,completed,2
41012,Rigid,2884557,2884558,2884670,1,112,113,completed,2
41013,Rigid,2884557,2884558,2884567,1,9,10,completed,2
41014,Rigid,2884557,2884558,2884569,1,11,12,completed,2
41015,Rigid,2884558,2884558,2884668,0,110,110,completed,2
41016,Rigid,2884558,2884558,2884563,0,5,5,completed,1
41017,Rigid,2884558,2884561,2884571,3,10,13,completed,2
41018,Rigid,2884558,2884561,2884571,3,10,13,completed,2
41019,Rigid,2884559,2884561,2884572,2,11,13,completed,2
41020,Rigid,2884559,2884561,2884668,2,107,109,completed,2
41021,Rigid,2884559,2884561,2884571,2,10,12,completed,2
41022,Rigid,2884559,2884561,2884567,2,6,8,completed,1
41023,Rigid,2884559,2884561,2884567,2,6,8,completed,1
41024,Rigid,2884559,2884561,2884572,2,11,13,completed,2
41025,Rigid,2884559,2884561,2884668,2,107,109,completed,2
41026,Rigid,2884559,2884561,2884571,2,10,12,completed,2
41027,Rigid,2884559,2884561,2884571,2,10,12,completed,2
41028,Rigid,2884560,2884561,2884571,1,10,11,completed,2
41029,Rigid,2884560,2884561,2884571,1,10,11,completed,2
41030,Rigid,2884560,2884561,2884571,1,10,11,completed,2
41031,Rigid,2884560,2884561,2884571,1,10,11,completed,2
41032,Rigid,2884560,2884561,2884571,1,10,11,completed,2
41033,Rigid,2884560,2884561,2884571,1,10,11,completed,2
41034,Rigid,2884560,2884561,2884571,1,10,11,completed,2
41035,Rigid,2884560,2884561,2884572,1,11,12,completed,2
41036,Rigid,2884560,2884561,2884566,1,5,6,completed,1
41037,Rigid,2884561,2884561,2884572,0,11,11,completed,2
41038,Rigid,2884561,2884561,2884670,0,109,109,completed,2
41039,Rigid,2884563,2884565,2884578,2,13,15,completed,2
41040,Rigid,2884573,2884573,2884684,0,111,111,completed,2
41041,Rigid,2884573,2884574,2884684,1,110,111,completed,2
41042,Rigid,2884573,2884574,2884580,1,6,7,completed,1
41043,Rigid,2884574,2884574,2884580,0,6,6,completed,1
41044,Rigid,2884574,2884574,2884585,0,11,11,completed,2
41045,Rigid,2884574,2884574,2884584,0,10,10,completed,2
41046,Rigid,2884574,2884574,2884580,0,6,6,completed,1
41047,Rigid,2884574,2884578,2884684,4,106,110,completed,2
41048,Rigid,2884574,2884579,2884684,5,105,110,completed,2
41049,Rigid,2884574,2884579,2884591,5,12,17,completed,2
41050,Rigid,2884575,2884579,2884584,4,5,9,completed,1
41051,Rigid,2884575,2884579,2884584,4,5,9,completed,1
41052,Rigid,2884575,2884579,2884591,4,12,16,completed,2
41053,Rigid,2884575,2884579,2884684,4,105,109,completed,2
41054,Rigid,2884575,2884579,2884591,4,12,16,completed,2
41055,Rigid,2884575,2884579,2884684,4,105,109,completed,2
41056,Rigid,2884575,2884579,2884584,4,5,9,completed,1
41057,Rigid,2884576,2884579,2884591,3,12,15,completed,2
41058,Rigid,2884576,2884579,2884685,3,106,109,completed,2
41059,Rigid,2884576,2884579,2884584,3,5,8,completed,1
41060,Rigid,2884576,2884579,2884591,3,12,15,completed,2
41061,Rigid,2884576,2884579,2884684,3,105,108,completed,2
41062,Rigid,2884576,2884579,2884591,3,12,15,completed,2
41063,Rigid,2884576,2884579,2884584,3,5,8,completed,1
41064,Rigid,2884576,2884579,2884591,3,12,15,completed,2
41065,Rigid,2884576,2884579,2884584,3,5,8,completed,1
41066,Rigid,2884577,2884579,2884684,2,105,107,completed,2
41067,Rigid,2884577,2884579,2884591,2,12,14,completed,2
41068,Rigid,2884577,2884579,2884584,2,5,7,completed,1
41069,Rigid,2884577,2884579,2884591,2,12,14,completed,2
41070,Rigid,2884577,2884579,2884684,2,105,107,completed,2
41071,Rigid,2884577,2884579,2884591,2,12,14,completed,2
41072,Rigid,2884577,2884579,2884684,2,105,107,completed,2
41073,Rigid,2884577,2884579,2884584,2,5,7,completed,1
41074,Rigid,2884578,2884579,2884590,1,11,12,completed,2
41075,Rigid,2884578,2884579,2884684,1,105,106,completed,2
41076,Rigid,2884578,2884579,2884591,1,12,13,completed,2
41077,Rigid,2884578,2884579,2884591,1,12,13,completed,2
41078,Rigid,2884578,2884579,2884584,1,5,6,completed,1
41079,Rigid,2884579,2884580,2884591,1,11,12,completed,2
41080,Rigid,2884579,2884580,2884687,1,107,108,completed,2
41081,Rigid,2884579,2884580,2884687,1,107,108,completed,2
41082,Rigid,2884579,2884580,2884591,1,11,12,completed,2
41083,Rigid,2884579,2884580,2884586,1,6,7,completed,1
41084,Rigid,2884579,2884580,2884586,1,6,7,completed,1
41085,Rigid,2884579,2884580,2884591,1,11,12,completed,2
41086,Rigid,2884579,2884580,2884591,1,11,12,completed,2
41087,Rigid,2884579,2884580,2884586,1,6,7,completed,1
41088,Rigid,2884580,2884580,2884591,0,11,11,completed,2
41089,Rigid,2884583,2884585,2884703,2,118,120,completed,2
41090,Rigid,2884594,2884595,2884612,1,17,18,completed,2
41091,Rigid,2884594,2884595,2884600,1,5,6,completed,1
41092,Rigid,2884594,2884595,2884612,1,17,18,completed,2
41093,Rigid,2884594,2884595,2884702,1,107,108,completed,2
41094,Rigid,2884594,2884595,2884702,1,107,108,completed,2
41095,Rigid,2884594,2884595,2884609,1,14,15,completed,2
41096,Rigid,2884595,2884595,2884600,0,5,5,completed,1
41097,Rigid,2884595,2884595,2884600,0,5,5,completed,1
41098,Rigid,2884595,2884595,2884610,0,15,15,completed,2
41099,Rigid,2884595,2884595,2884609,0,14,14,completed,2
41100,Rigid,2884595,2884595,2884702,0,107,107,completed,2
41101,Rigid,2884595,2884595,2884600,0,5,5,completed,1
41102,Rigid,2884595,2884595,2884698,0,103,103,completed,2
41103,Rigid,2884596,2884598,2884604,2,6,8,completed,1
41104,Rigid,2884596,2884598,2884612,2,14,16,completed,2
41105,Rigid,2884596,2884598,2884698,2,100,102,completed,2
41106,Rigid,2884596,2884598,2884698,2,100,102,completed,2
41107,Rigid,2884596,2884598,2884612,2,14,16,completed,2
41108,Rigid,2884596,2884598,2884612,2,14,16,completed,2
41109,Rigid,2884596,2884598,2884604,2,6,8,completed,1
41110,Rigid,2884596,2884598,2884612,2,14,16,completed,2
41111,Rigid,2884597,2884598,2884696,1,98,99,completed,2
41112,Rigid,2884597,2884598,2884616,1,18,19,completed,2
41113,Rigid,2884597,2884598,2884604,1,6,7,completed,1
41114,Rigid,2884597,2884598,2884604,1,6,7,completed,1
41115,Rigid,2884597,2884598,2884616,1,18,19,completed,2
41116,Rigid,2884597,2884598,2884696,1,98,99,completed,2
41117,Rigid,2884597,2884598,2884696,1,98,99,completed,2
41118,Rigid,2884598,2884599,2884604,1,5,6,completed,1
41119,Rigid,2884598,2884599,2884612,1,13,14,completed,2
41120,Rigid,2884598,2884599,2884604,1,5,6,completed,1
41121,Rigid,2884598,2884599,2884612,1,13,14,completed,2
41122,Rigid,2884598,2884599,2884704,1,105,106,completed,2
41123,Rigid,2884598,2884599,2884604,1,5,6,completed,1
41124,Rigid,2884598,2884599,2884612,1,13,14,completed,2
41125,Rigid,2884601,2884601,2884713,0,112,112,completed,2
41126,Rigid,2884614,2884614,2884629,0,15,15,completed,2
41127,Rigid,2884614,2884614,2884629,0,15,15,completed,2
41128,Rigid,2884614,2884614,2884629,0,15,15,completed,2
41129,Rigid,2884614,2884614,2884628,0,14,14,completed,2
41130,Rigid,2884614,2884614,2884721,0,107,107,completed,2
41131,Rigid,2884614,2884614,2884721,0,107,107,completed,2
41132,Rigid,2884614,2884614,2884620,0,6,6,completed,1
41133,Rigid,2884614,2884614,2884628,0,14,14,completed,2
41134,Rigid,2884615,2884617,2884628,2,11,13,completed,2
41135,Rigid,2884615,2884617,2884721,2,104,106,completed,2
41136,Rigid,2884615,2884617,2884622,2,5,7,completed,1
41137,Rigid,2884615,2884617,2884628,2,11,13,completed,2
41138,Rigid,2884615,2884617,2884622,2,5,7,completed,1
41139,Rigid,2884615,2884617,2884629,2,12,14,completed,2
41140,Rigid,2884616,2884617,2884623,1,6,7,completed,1
41141,Rigid,2884616,2884617,2884629,1,12,13,completed,2
41142,Rigid,2884616,2884617,2884721,1,104,105,completed,2
41143,Rigid,2884616,2884617,2884721,1,104,105,completed,2
41144,Rigid,2884616,2884617,2884629,1,12,13,completed,2
41145,Rigid,2884617,2884617,2884622,0,5,5,completed,1
41146,Rigid,2884617,2884617,2884726,0,109,109,completed,2
41147,Rigid,2884617,2884617,2884632,0,15,15,completed,2
41148,Rigid,2884617,2884617,2884622,0,5,5,completed,1
41149,Rigid,2884634,2884634,2884651,0,17,17,completed,2
41150,Rigid,2884634,2884634,2884651,0,17,17,completed,2
41151,Rigid,2884634,2884634,2884742,0,108,108,completed,2
41152,Rigid,2884634,2884634,2884651,0,17,17,completed,2
41153,Rigid,2884634,2884638,2884644,4,6,10,completed,1
41154,Rigid,2884634,2884638,2884651,4,13,17,completed,2
41155,Rigid,2884635,2884638,2884651,3,13,16,completed,2
41156,Rigid,2884635,2884638,2884644,3,6,9,completed,1
41157,Rigid,2884635,2884638,2884651,3,13,16,completed,2
41158,Rigid,2884635,2884638,2884742,3,104,107,completed,2
41159,Rigid,2884636,2884638,2884644,2,6,8,completed,1
41160,Rigid,2884636,2884638,2884651,2,13,15,completed,2
41161,Rigid,2884636,2884638,2884651,2,13,15,completed,2
41162,Rigid,2884636,2884638,2884742,2,104,106,completed,2
41163,Rigid,2884636,2884638,2884644,2,6,8,completed,1
41164,Rigid,2884636,2884638,2884742,2,104,106,completed,2
41165,Rigid,2884636,2884638,2884742,2,104,106,completed,2
41166,Rigid,2884637,2884638,2884652,1,14,15,completed,2
41167,Rigid,2884637,2884638,2884644,1,6,7,completed,1
41168,Rigid,2884640,2884641,2884654,1,13,14,completed,2
41169,Rigid,2884641,2884641,2884647,0,6,6,completed,1
41170,Rigid,2884641,2884641,2884654,0,13,13,completed,2
41171,Rigid,2884641,2884641,2884748,0,107,107,completed,2
41172,Rigid,2884641,2884641,2884747,0,106,106,completed,2
41173,Rigid,2884641,2884641,2884654,0,13,13,completed,2
41174,Rigid,2884641,2884641,2884647,0,6,6,completed,1
41175,Rigid,2884642,2884642,2884747,0,105,105,completed,2
41176,Rigid,2884642,2884642,2884654,0,12,12,completed,2
41177,Rigid,2884642,2884642,2884647,0,5,5,completed,1
41178,Rigid,2884642,2884643,2884655,1,12,13,completed,2
41179,Rigid,2884642,2884643,2884655,1,12,13,completed,2
41180,Rigid,2884643,2884643,2884648,0,5,5,completed,1
41181,Rigid,2884643,2884643,2884745,0,102,102,completed,2
41182,Rigid,2884643,2884643,2884655,0,12,12,completed,2
41183,Rigid,2884643,2884643,2884648,0,5,5,completed,1
41184,Rigid,2884643,2884643,2884742,0,99,99,completed,2
41185,Rigid,2884643,2884643,2884656,0,13,13,completed,2
41186,Rigid,2884643,2884643,2884648,0,5,5,completed,1
41187,Rigid,2884643,2884644,2884742,1,98,99,completed,2
41188,Rigid,2884643,2884644,2884656,1,12,13,completed,2
41189,Rigid,2884644,2884644,2884656,0,12,12,completed,2
41190,Rigid,2884644,2884644,2884656,0,12,12,completed,2
41191,Rigid,2884644,2884644,2884742,0,98,98,completed,2
41192,Rigid,2884644,2884645,2884663,1,18,19,completed,2
41193,Rigid,2884654,2884655,2884667,1,12,13,completed,2
41194,Rigid,2884654,2884655,2884661,1,6,7,completed,1
41195,Rigid,2884654,2884655,2884667,1,12,13,completed,2
41196,Rigid,2884654,2884655,2884661,1,6,7,completed,1
41197,Rigid,2884654,2884655,2884762,1,107,108,completed,2
41198,Rigid,2884654,2884655,2884661,1,6,7,completed,1
41199,Rigid,2884655,2884655,2884667,0,12,12,completed,2
41200,Rigid,2884655,2884655,2884667,0,12,12,completed,2
41201,Rigid,2884655,2884656,2884667,1,11,12,completed,2
41202,Rigid,2884655,2884656,2884762,1,106,107,completed,2
41203,Rigid,2884655,2884656,2884667,1,11,12,completed,2
41204,Rigid,2884655,2884656,2884661,1,5,6,completed,1
41205,Rigid,2884655,2884656,2884762,1,106,107,completed,2
41206,Rigid,2884655,2884656,2884762,1,106,107,completed,2
41207,Rigid,2884656,2884656,2884667,0,11,11,completed,2
41208,Rigid,2884656,2884657,2884668,1,11,12,completed,2
41209,Rigid,2884656,2884657,2884762,1,105,106,completed,2
41210,Rigid,2884656,2884657,2884662,1,5,6,completed,1
41211,Rigid,2884656,2884657,2884668,1,11,12,completed,2
41212,Rigid,2884656,2884657,2884668,1,11,12,completed,2
41213,Rigid,2884656,2884657,2884662,1,5,6,completed,1
41214,Rigid,2884656,2884657,2884662,1,5,6,completed,1
41215,Rigid,2884657,2884657,2884668,0,11,11,completed,2
41216,Rigid,2884657,2884657,2884668,0,11,11,completed,2
41217,Rigid,2884657,2884657,2884662,0,5,5,completed,1
41218,Rigid,2884657,2884659,2884668,2,9,11,completed,2
41219,Rigid,2884657,2884659,2884668,2,9,11,completed,2
41220,Rigid,2884658,2884659,2884762,1,103,104,completed,2
41221,Rigid,2884658,2884659,2884762,1,103,104,completed,2
41222,Rigid,2884662,2884663,2884677,1,14,15,completed,2
41223,Rigid,2884662,2884663,2884762,1,99,100,completed,2
41224,Rigid,2884662,2884663,2884668,1,5,6,completed,1
41225,Rigid,2884663,2884663,2884677,0,14,14,completed,2
41226,Rigid,2884663,2884663,2884677,0,14,14,completed,2
41227,Rigid,2884663,2884663,2884677,0,14,14,completed,2
41228,Rigid,2884663,2884663,2884668,0,5,5,completed,1
41229,Rigid,2884663,2884663,2884761,0,98,98,completed,2
41230,Rigid,2884663,2884663,2884668,0,5,5,completed,1
41231,Rigid,2884663,2884663,2884677,0,14,14,completed,2
41232,Rigid,2884663,2884663,2884677,0,14,14,completed,2
41233,Rigid,2884664,2884664,2884772,0,108,108,completed,2
41234,Rigid,2884664,2884664,2884677,0,13,13,completed,2
41235,Rigid,2884664,2884664,2884669,0,5,5,completed,1
41236,Rigid,2884674,2884675,2884771,1,96,97,completed,2
41237,Rigid,2884674,2884675,2884690,1,15,16,completed,2
41238,Rigid,2884674,2884675,2884690,1,15,16,completed,2
41239,Rigid,2884675,2884675,2884690,0,15,15,completed,2
41240,Rigid,2884675,2884675,2884690,0,15,15,completed,2
41241,Rigid,2884675,2884675,2884681,0,6,6,completed,1
41242,Rigid,2884675,2884675,2884681,0,6,6,completed,1
41243,Rigid,2884675,2884675,2884771,0,96,96,completed,2
41244,Rigid,2884675,2884678,2884771,3,93,96,completed,2
41245,Rigid,2884675,2884678,2884690,3,12,15,completed,2
41246,Rigid,2884676,2884678,2884690,2,12,14,completed,2
41247,Rigid,2884676,2884678,2884766,2,88,90,completed,2
41248,Rigid,2884676,2884678,2884690,2,12,14,completed,2
41249,Rigid,2884676,2884678,2884683,2,5,7,completed,1
41250,Rigid,2884676,2884678,2884690,2,12,14,completed,2
41251,Rigid,2884676,2884678,2884766,2,88,90,completed,2
41252,Rigid,2884676,2884678,2884683,2,5,7,completed,1
41253,Rigid,2884676,2884678,2884683,2,5,7,completed,1
41254,Rigid,2884677,2884678,2884690,1,12,13,completed,2
41255,Rigid,2884677,2884678,2884766,1,88,89,completed,2
41256,Rigid,2884677,2884678,2884690,1,12,13,completed,2
41257,Rigid,2884677,2884678,2884766,1,88,89,completed,2
41258,Rigid,2884677,2884678,2884683,1,5,6,completed,1
41259,Rigid,2884677,2884678,2884690,1,12,13,completed,2
41260,Rigid,2884677,2884678,2884683,1,5,6,completed,1
41261,Rigid,2884678,2884678,2884692,0,14,14,completed,2
41262,Rigid,2884678,2884678,2884692,0,14,14,completed,2
41263,Rigid,2884678,2884678,2884772,0,94,94,completed,2
41264,Rigid,2884678,2884678,2884772,0,94,94,completed,2
41265,Rigid,2884678,2884678,2884683,0,5,5,completed,1
41266,Rigid,2884678,2884679,2884690,1,11,12,completed,2
41267,Rigid,2884683,2884683,2884777,0,94,94,completed,2
41268,Rigid,2884683,2884683,2884778,0,95,95,completed,2
41269,Rigid,2884683,2884683,2884696,0,13,13,completed,2
41270,Rigid,2884683,2884684,2884689,1,5,6,completed,1
41271,Rigid,2884683,2884684,2884689,1,5,6,completed,1
41272,Rigid,2884683,2884684,2884700,1,16,17,completed,2
41273,Rigid,2884683,2884684,2884700,1,16,17,completed,2
41274,Rigid,2884683,2884684,2884689,1,5,6,completed,1
41275,Rigid,2884684,2884684,2884789,0,105,105,completed,2
41276,Rigid,2884684,2884684,2884777,0,93,93,completed,2
41277,Rigid,2884684,2884684,2884701,0,17,17,completed,2
41278,Rigid,2884684,2884684,2884689,0,5,5,completed,1
41279,Rigid,2884684,2884684,2884701,0,17,17,completed,2
41280,Rigid,2884694,2884695,2884706,1,11,12,completed,2
41281,Rigid,2884695,2884695,2884784,0,89,89,completed,2
41282,Rigid,2884695,2884695,2884706,0,11,11,completed,2
41283,Rigid,2884695,2884695,2884706,0,11,11,completed,2
41284,Rigid,2884695,2884695,2884701,0,6,6,completed,1
41285,Rigid,2884695,2884695,2884701,0,6,6,completed,1
41286,Rigid,2884695,2884697,2884784,2,87,89,completed,2
41287,Rigid,2884695,2884697,2884708,2,11,13,completed,2
41288,Rigid,2884695,2884697,2884702,2,5,7,completed,1
41289,Rigid,2884696,2884697,2884784,1,87,88,completed,2
41290,Rigid,2884696,2884697,2884702,1,5,6,completed,1
41291,Rigid,2884696,2884697,2884708,1,11,12,completed,2
41292,Rigid,2884696,2884697,2884709,1,12,13,completed,2
41293,Rigid,2884696,2884697,2884783,1,86,87,completed,2
41294,Rigid,2884696,2884697,2884783,1,86,87,completed,2
41295,Rigid,2884696,2884697,2884702,1,5,6,completed,1
41296,Rigid,2884697,2884697,2884709,0,12,12,completed,2
41297,Rigid,2884697,2884697,2884783,0,86,86,completed,2
41298,Rigid,2884697,2884697,2884709,0,12,12,completed,2
41299,Rigid,2884697,2884697,2884702,0,5,5,completed,1
41300,Rigid,2884697,2884697,2884709,0,12,12,completed,2
41301,Rigid,2884698,2884699,2884703,1,4,5,completed,1
41302,Rigid,2884698,2884699,2884780,1,81,82,completed,2
41303,Rigid,2884698,2884699,2884703,1,4,5,completed,1
41304,Rigid,2884698,2884699,2884711,1,12,13,completed,2
41305,Rigid,2884698,2884699,2884780,1,81,82,completed,2
41306,Rigid,2884699,2884699,2884711,0,12,12,completed,2
41307,Rigid,2884701,2884701,2884789,0,88,88,completed,2
41308,Rigid,2884702,2884702,2884707,0,5,5,completed,1
41309,Rigid,2884702,2884702,2884713,0,11,11,completed,2
41310,Rigid,2884702,2884703,2884713,1,10,11,completed,2
41311,Rigid,2884702,2884703,2884784,1,81,82,completed,2
41312,Rigid,2884702,2884703,2884707,1,4,5,completed,1
41313,Rigid,2884702,2884703,2884713,1,10,11,completed,2
41314,Rigid,2884703,2884703,2884785,0,82,82,completed,2
41315,Rigid,2884703,2884703,2884713,0,10,10,completed,2
41316,Rigid,2884703,2884703,2884707,0,4,4,completed,1
41317,Rigid,2884703,2884703,2884708,0,5,5,completed,1
41318,Rigid,2884703,2884703,2884717,0,14,14,completed,2
41319,Rigid,2884703,2884703,2884789,0,86,86,completed,2
41320,Rigid,2884703,2884704,2884789,1,85,86,completed,2
41321,Rigid,2884703,2884704,2884717,1,13,14,completed,2
41322,Rigid,2884704,2884704,2884708,0,4,4,completed,1
41323,Rigid,2884704,2884704,2884717,0,13,13,completed,2
41324,Rigid,2884704,2884705,2884709,1,4,5,completed,1
41325,Rigid,2884704,2884705,2884796,1,91,92,completed,2
41326,Rigid,2884704,2884705,2884718,1,13,14,completed,2
41327,Rigid,2884704,2884705,2884709,1,4,5,completed,1
41328,Rigid,2884705,2884705,2884718,0,13,13,completed,2
41329,Rigid,2884705,2884705,2884718,0,13,13,completed,2
41330,Rigid,2884705,2884705,2884796,0,91,91,completed,2
41331,Rigid,2884715,2884715,2884732,0,17,17,completed,2
41332,Rigid,2884715,2884715,2884732,0,17,17,completed,2
41333,Rigid,2884715,2884715,2884732,0,17,17,completed,2
41334,Rigid,2884715,2884715,2884721,0,6,6,completed,1
41335,Rigid,2884715,2884715,2884732,0,17,17,completed,2
41336,Rigid,2884715,2884715,2884720,0,5,5,completed,1
41337,Rigid,2884715,2884715,2884796,0,81,81,completed,2
41338,Rigid,2884716,2884718,2884796,2,78,80,completed,2
41339,Rigid,2884716,2884718,2884723,2,5,7,completed,1
41340,Rigid,2884716,2884718,2884732,2,14,16,completed,2
41341,Rigid,2884716,2884718,2884794,2,76,78,completed,2
41342,Rigid,2884716,2884718,2884794,2,76,78,completed,2
41343,Rigid,2884716,2884718,2884732,2,14,16,completed,2
41344,Rigid,2884716,2884718,2884723,2,5,7,completed,1
41345,Rigid,2884717,2884718,2884732,1,14,15,completed,2
41346,Rigid,2884717,2884718,2884723,1,5,6,completed,1
41347,Rigid,2884717,2884718,2884794,1,76,77,completed,2
41348,Rigid,2884717,2884718,2884794,1,76,77,completed,2
41349,Rigid,2884717,2884718,2884723,1,5,6,completed,1
41350,Rigid,2884717,2884718,2884723,1,5,6,completed,1
41351,Rigid,2884717,2884718,2884732,1,14,15,completed,2
41352,Rigid,2884718,2884718,2884732,0,14,14,completed,2
41353,Rigid,2884718,2884718,2884793,0,75,75,completed,2
41354,Rigid,2884718,2884718,2884732,0,14,14,completed,2
41355,Rigid,2884718,2884718,2884723,0,5,5,completed,1
41356,Rigid,2884718,2884718,2884723,0,5,5,completed,1
41357,Rigid,2884718,2884718,2884732,0,14,14,completed,2
41358,Rigid,2884718,2884719,2884799,1,80,81,completed,2
41359,Rigid,2884719,2884719,2884799,0,80,80,completed,2
41360,Rigid,2884719,2884719,2884734,0,15,15,completed,2
41361,Rigid,2884719,2884719,2884734,0,15,15,completed,2
41362,Rigid,2884719,2884719,2884723,0,4,4,completed,1
41363,Rigid,2884719,2884720,2884734,1,14,15,completed,2
41364,Rigid,2884720,2884722,2884736,2,14,16,completed,2
41365,Rigid,2884720,2884722,2884800,2,78,80,completed,2
41366,Rigid,2884723,2884724,2884799,1,75,76,completed,2
41367,Rigid,2884723,2884724,2884738,1,14,15,completed,2
41368,Rigid,2884723,2884724,2884729,1,5,6,completed,1
41369,Rigid,2884724,2884724,2884738,0,14,14,completed,2
41370,Rigid,2884724,2884724,2884729,0,5,5,completed,1
41371,Rigid,2884724,2884724,2884788,0,64,64,completed,2
41372,Rigid,2884724,2884724,2884739,0,15,15,completed,2
41373,Rigid,2884724,2884724,2884787,0,63,63,completed,2
41374,Rigid,2884724,2884724,2884728,0,4,4,completed,1
41375,Rigid,2884724,2884724,2884738,0,14,14,completed,2
41376,Rigid,2884725,2884725,2884736,0,11,11,completed,2
41377,Rigid,2884725,2884725,2884772,0,47,47,completed,2
41378,Rigid,2884725,2884728,2884729,3,1,4,completed,1
41379,Rigid,2884735,2884735,2884750,0,15,15,completed,2
41380,Rigid,2884735,2884735,2884750,0,15,15,completed,2
41381,Rigid,2884735,2884737,2884740,2,3,5,completed,1
41382,Rigid,2884736,2884737,2884752,1,15,16,completed,2
41383,Rigid,2884736,2884737,2884752,1,15,16,completed,2
41384,Rigid,2884736,2884737,2884781,1,44,45,completed,2
41385,Rigid,2884736,2884737,2884781,1,44,45,completed,2
41386,Rigid,2884736,2884737,2884751,1,14,15,completed,2
41387,Rigid,2884736,2884737,2884740,1,3,4,completed,1
41388,Rigid,2894195,2894196,2895155,1,959,960,completed,144
41389,Rigid,2894195,2894196,2895147,1,951,952,completed,144
41390,Rigid,2894195,2894196,2895140,1,944,945,completed,144
41391,Rigid,2894195,2894196,2895147,1,951,952,completed,144
41392,Rigid,2894195,2894196,2895137,1,941,942,completed,144
41393,Rigid,2894195,2894196,2895141,1,945,946,completed,144
41394,Rigid,2894195,2894196,2895137,1,941,942,completed,144
41395,Rigid,2894195,2894196,2895155,1,959,960,completed,144
41396,Rigid,2894195,2894196,2895158,1,962,963,completed,144
41397,Rigid,2894195,2894196,2895138,1,942,943,completed,144
41398,Rigid,2894195,2894196,2895154,1,958,959,completed,144
41399,Rigid,2894195,2894196,2895143,1,947,948,completed,144
41400,Rigid,2894195,2894196,2895158,1,962,963,completed,144
41401,Rigid,2894195,2894196,2895159,1,963,964,completed,144
41402,Rigid,2894196,2894196,2895157,0,961,961,completed,144
41403,Rigid,2894196,2894196,2895143,0,947,947,completed,144
41404,Rigid,2897807,2897808,2898017,1,209,210,completed,18
41405,Rigid,2898104,2898104,2898107,0,3,3,completed,1
41406,Rigid,2898104,2898106,2898107,2,1,3,completed,1
41407,Rigid,2898104,2898106,2898112,2,6,8,completed,1
41408,Rigid,2898104,2898106,2898126,2,20,22,completed,1
41409,Rigid,2898104,2898106,2898112,2,6,8,completed,1
41410,Rigid,2898264,2898265,2898266,1,1,2,completed,1
41411,Rigid,2898264,2898265,2898266,1,1,2,completed,1
41412,Rigid,2898264,2898265,2898266,1,1,2,completed,1
41413,Rigid,2898264,2898265,2898266,1,1,2,completed,1
41414,Rigid,2898264,2898265,2898266,1,1,2,completed,1
41415,Rigid,2898264,2898265,2898266,1,1,2,completed,1
41416,Rigid,2898264,2898265,2898266,1,1,2,completed,1
41417,Rigid,2898264,2898265,2898266,1,1,2,completed,1
41418,Rigid,2898264,2898265,2898266,1,1,2,completed,1
41419,Rigid,2898265,2898267,2898268,2,1,3,completed,1
41420,Rigid,2898265,2898267,2898268,2,1,3,completed,1
41421,Rigid,2898265,2898267,2898268,2,1,3,completed,1
41422,Rigid,2898265,2898267,2898268,2,1,3,completed,1
41423,Rigid,2898265,2898267,2898268,2,1,3,completed,1
41424,Rigid,2898265,2898267,2898268,2,1,3,completed,1
41425,Rigid,2898265,2898267,2898268,2,1,3,completed,1
41426,Rigid,2898265,2898267,2898268,2,1,3,completed,1
41427,Rigid,2898265,2898267,2898269,2,2,4,completed,1
41428,Rigid,2898265,2898267,2898268,2,1,3,completed,1
41429,Rigid,2898266,2898267,2898268,1,1,2,completed,1
41430,Rigid,2898266,2898267,2898268,1,1,2,completed,1
41431,Rigid,2898266,2898267,2898268,1,1,2,completed,1
41432,Rigid,2898266,2898267,2898268,1,1,2,completed,1
41433,Rigid,2898266,2898267,2898268,1,1,2,completed,1
41434,Rigid,2898266,2898267,2898269,1,2,3,completed,1
41435,Rigid,2898266,2898267,2898268,1,1,2,completed,1
41436,Rigid,2898266,2898267,2898268,1,1,2,completed,1
41437,Rigid,2898266,2898267,2898268,1,1,2,completed,1
41438,Rigid,2898266,2898267,2898268,1,1,2,completed,1
41439,Rigid,2898267,2898267,2898268,0,1,1,completed,1
41440,Rigid,2898267,2898267,2898268,0,1,1,completed,1
41441,Rigid,2898267,2898267,2898268,0,1,1,completed,1
41442,Rigid,2898267,2898267,2898268,0,1,1,completed,1
41443,Rigid,2898267,2898267,2898268,0,1,1,completed,1
41444,Rigid,2898267,2898267,2898268,0,1,1,completed,1
41445,Rigid,2898267,2898267,2898268,0,1,1,completed,1
41446,Rigid,2898267,2898267,2898268,0,1,1,completed,1
41447,Rigid,2898267,2898267,2898268,0,1,1,completed,1
41448,Rigid,2898267,2898267,2898268,0,1,1,completed,1
41449,Rigid,2898268,2898269,2898270,1,1,2,completed,1
41450,Rigid,2898268,2898269,2898270,1,1,2,completed,1
41451,Rigid,2898268,2898269,2898270,1,1,2,completed,1
41452,Rigid,2898268,2898269,2898270,1,1,2,completed,1
41453,Rigid,2898268,2898269,2898270,1,1,2,completed,1
41454,Rigid,2898268,2898269,2898270,1,1,2,completed,1
41455,Rigid,2898268,2898269,2898270,1,1,2,completed,1
41456,Rigid,2898268,2898269,2898270,1,1,2,completed,1
41457,Rigid,2898268,2898269,2898270,1,1,2,completed,1
41458,Rigid,2898268,2898269,2898270,1,1,2,completed,1
41459,Rigid,2898269,2898269,2898270,0,1,1,completed,1
41460,Rigid,2898269,2898270,2898271,1,1,2,completed,1
41461,Rigid,2898269,2898270,2898271,1,1,2,completed,1
41462,Rigid,2898269,2898270,2898271,1,1,2,completed,1
41463,Rigid,2898269,2898270,2898271,1,1,2,completed,1
41464,Rigid,2898269,2898270,2898271,1,1,2,completed,1
41465,Rigid,2898269,2898270,2898271,1,1,2,completed,1
41466,Rigid,2898270,2898270,2898271,0,1,1,completed,1
41467,Rigid,2898270,2898271,2898272,1,1,2,completed,1
41468,Rigid,2898270,2898271,2898272,1,1,2,completed,1
41469,Rigid,2898270,2898271,2898272,1,1,2,completed,1
41470,Rigid,2898270,2898271,2898272,1,1,2,completed,1
41471,Rigid,2898270,2898271,2898272,1,1,2,completed,1
41472,Rigid,2898270,2898271,2898272,1,1,2,completed,1
41473,Rigid,2898270,2898271,2898272,1,1,2,completed,1
41474,Rigid,2898271,2898271,2898272,0,1,1,completed,1
41475,Rigid,2898271,2898271,2898272,0,1,1,completed,1
41476,Rigid,2898271,2898272,2898273,1,1,2,completed,1
41477,Rigid,2898271,2898272,2898273,1,1,2,completed,1
41478,Rigid,2898271,2898272,2898273,1,1,2,completed,1
41479,Rigid,2898271,2898272,2898273,1,1,2,completed,1
41480,Rigid,2898271,2898272,2898273,1,1,2,completed,1
41481,Rigid,2898271,2898272,2898273,1,1,2,completed,1
41482,Rigid,2898271,2898272,2898273,1,1,2,completed,1
41483,Rigid,2898272,2898272,2898273,0,1,1,completed,1
41484,Rigid,2898272,2898272,2898273,0,1,1,completed,1
41485,Rigid,2898272,2898272,2898273,0,1,1,completed,1
41486,Rigid,2898272,2898272,2898273,0,1,1,completed,1
41487,Rigid,2898272,2898272,2898273,0,1,1,completed,1
41488,Rigid,2898272,2898272,2898273,0,1,1,completed,1
41489,Rigid,2898272,2898272,2898274,0,2,2,completed,1
41490,Rigid,2898272,2898272,2898273,0,1,1,completed,1
41491,Rigid,2898272,2898272,2898273,0,1,1,completed,1
41492,Rigid,2898273,2898273,2898274,0,1,1,completed,1
41493,Rigid,2898273,2898274,2898275,1,1,2,completed,1
41494,Rigid,2898273,2898274,2898275,1,1,2,completed,1
41495,Rigid,2898273,2898274,2898275,1,1,2,completed,1
41496,Rigid,2898273,2898274,2898275,1,1,2,completed,1
41497,Rigid,2898273,2898274,2898275,1,1,2,completed,1
41498,Rigid,2898273,2898274,2898275,1,1,2,completed,1
41499,Rigid,2898273,2898274,2898275,1,1,2,completed,1
41500,Rigid,2898273,2898274,2898275,1,1,2,completed,1
41501,Rigid,2898274,2898274,2898275,0,1,1,completed,1
41502,Rigid,2898274,2898274,2898275,0,1,1,completed,1
41503,Rigid,2898274,2898275,2898276,1,1,2,completed,1
41504,Rigid,2898274,2898275,2898276,1,1,2,completed,1
41505,Rigid,2898274,2898275,2898276,1,1,2,completed,1
41506,Rigid,2898274,2898275,2898276,1,1,2,completed,1
41507,Rigid,2898275,2898275,2898276,0,1,1,completed,1
41508,Rigid,2898275,2898275,2898276,0,1,1,completed,1
41509,Rigid,2898275,2898275,2898276,0,1,1,completed,1
41510,Rigid,2898275,2898275,2898276,0,1,1,completed,1
41511,Rigid,2898275,2898275,2898276,0,1,1,completed,1
41512,Rigid,2898275,2898275,2898276,0,1,1,completed,1
41513,Rigid,2898275,2898275,2898276,0,1,1,completed,1
41514,Rigid,2898275,2898276,2898277,1,1,2,completed,1
41515,Rigid,2898275,2898276,2898277,1,1,2,completed,1
41516,Rigid,2898276,2898276,2898277,0,1,1,completed,1
41517,Rigid,2898276,2898276,2898277,0,1,1,completed,1
41518,Rigid,2898276,2898276,2898277,0,1,1,completed,1
41519,Rigid,2898276,2898276,2898277,0,1,1,completed,1
41520,Rigid,2898276,2898276,2898277,0,1,1,completed,1
41521,Rigid,2898276,2898276,2898277,0,1,1,completed,1
41522,Rigid,2898276,2898276,2898277,0,1,1,completed,1
41523,Rigid,2898276,2898277,2898278,1,1,2,completed,1
41524,Rigid,2898277,2898277,2898278,0,1,1,completed,1
41525,Rigid,2898277,2898277,2898278,0,1,1,completed,1
41526,Rigid,2898277,2898277,2898278,0,1,1,completed,1
41527,Rigid,2898277,2898277,2898278,0,1,1,completed,1
41528,Rigid,2898277,2898277,2898278,0,1,1,completed,1
41529,Rigid,2898277,2898277,2898278,0,1,1,completed,1
41530,Rigid,2898277,2898277,2898278,0,1,1,completed,1
41531,Rigid,2898277,2898277,2898278,0,1,1,completed,1
41532,Rigid,2898277,2898277,2898278,0,1,1,completed,1
41533,Rigid,2898278,2898278,2898279,0,1,1,completed,1
41534,Rigid,2898278,2898278,2898279,0,1,1,completed,1
41535,Rigid,2898278,2898278,2898279,0,1,1,completed,1
41536,Rigid,2898278,2898278,2898279,0,1,1,completed,1
41537,Rigid,2898278,2898278,2898279,0,1,1,completed,1
41538,Rigid,2898278,2898278,2898279,0,1,1,completed,1
41539,Rigid,2898278,2898278,2898279,0,1,1,completed,1
41540,Rigid,2898278,2898278,2898279,0,1,1,completed,1
41541,Rigid,2898278,2898278,2898279,0,1,1,completed,1
41542,Rigid,2898278,2898278,2898279,0,1,1,completed,1
41543,Rigid,2898279,2898280,2898281,1,1,2,completed,1
41544,Rigid,2898279,2898280,2898281,1,1,2,completed,1
41545,Rigid,2898279,2898280,2898281,1,1,2,completed,1
41546,Rigid,2898279,2898280,2898281,1,1,2,completed,1
41547,Rigid,2898279,2898280,2898281,1,1,2,completed,1
41548,Rigid,2898279,2898280,2898281,1,1,2,completed,1
41549,Rigid,2898279,2898280,2898281,1,1,2,completed,1
41550,Rigid,2898279,2898280,2898281,1,1,2,completed,1
41551,Rigid,2898279,2898280,2898281,1,1,2,completed,1
41552,Rigid,2898280,2898280,2898281,0,1,1,completed,1
41553,Rigid,2898280,2898280,2898281,0,1,1,completed,1
41554,Rigid,2898280,2898280,2898281,0,1,1,completed,1
41555,Rigid,2898280,2898280,2898281,0,1,1,completed,1
41556,Rigid,2898280,2898280,2898281,0,1,1,completed,1
41557,Rigid,2898280,2898280,2898281,0,1,1,completed,1
41558,Rigid,2898280,2898280,2898282,0,2,2,completed,1
41559,Rigid,2898280,2898280,2898282,0,2,2,completed,1
41560,Rigid,2898280,2898280,2898281,0,1,1,completed,1
41561,Rigid,2898280,2898281,2898282,1,1,2,completed,1
41562,Rigid,2898281,2898282,2898283,1,1,2,completed,1
41563,Rigid,2898281,2898282,2898283,1,1,2,completed,1
41564,Rigid,2898281,2898282,2898283,1,1,2,completed,1
41565,Rigid,2898281,2898282,2898283,1,1,2,completed,1
41566,Rigid,2898281,2898282,2898283,1,1,2,completed,1
41567,Rigid,2898281,2898282,2898283,1,1,2,completed,1
41568,Rigid,2898281,2898282,2898283,1,1,2,completed,1
41569,Rigid,2898282,2898282,2898283,0,1,1,completed,1
41570,Rigid,2898282,2898282,2898283,0,1,1,completed,1
41571,Rigid,2898282,2898282,2898284,0,2,2,completed,1
41572,Rigid,2898282,2898282,2898284,0,2,2,completed,1
41573,Rigid,2898282,2898282,2898284,0,2,2,completed,1
41574,Rigid,2898282,2898282,2898284,0,2,2,completed,1
41575,Rigid,2898282,2898282,2898284,0,2,2,completed,1
41576,Rigid,2898282,2898282,2898284,0,2,2,completed,1
41577,Rigid,2898282,2898283,2898284,1,1,2,completed,1
41578,Rigid,2898283,2898283,2898284,0,1,1,completed,1
41579,Rigid,2898283,2898283,2898284,0,1,1,completed,1
41580,Rigid,2898283,2898283,2898284,0,1,1,completed,1
41581,Rigid,2898283,2898283,2898284,0,1,1,completed,1
41582,Rigid,2898283,2898284,2898285,1,1,2,completed,1
41583,Rigid,2898283,2898284,2898285,1,1,2,completed,1
41584,Rigid,2898283,2898284,2898285,1,1,2,completed,1
41585,Rigid,2898283,2898284,2898285,1,1,2,completed,1
41586,Rigid,2898283,2898284,2898285,1,1,2,completed,1
41587,Rigid,2898284,2898284,2898285,0,1,1,completed,1
41588,Rigid,2898284,2898284,2898285,0,1,1,completed,1
41589,Rigid,2898284,2898284,2898285,0,1,1,completed,1
41590,Rigid,2898284,2898284,2898285,0,1,1,completed,1
41591,Rigid,2898284,2898284,2898285,0,1,1,completed,1
41592,Rigid,2898284,2898284,2898285,0,1,1,completed,1
41593,Rigid,2898292,2898292,2898293,0,1,1,completed,1
41594,Rigid,2898292,2898294,2898296,2,2,4,completed,1
41595,Rigid,2898292,2898294,2898296,2,2,4,completed,1
41596,Rigid,2898292,2898294,2898296,2,2,4,completed,1
41597,Rigid,2898292,2898294,2898296,2,2,4,completed,1
41598,Rigid,2898292,2898294,2898296,2,2,4,completed,1
41599,Rigid,2898292,2898294,2898296,2,2,4,completed,1
41600,Rigid,2898293,2898294,2898296,1,2,3,completed,1
41601,Rigid,2898293,2898294,2898296,1,2,3,completed,1
41602,Rigid,2898293,2898294,2898296,1,2,3,completed,1
41603,Rigid,2898294,2898294,2898296,0,2,2,completed,1
41604,Rigid,2898294,2898294,2898296,0,2,2,completed,1
41605,Rigid,2898294,2898294,2898296,0,2,2,completed,1
41606,Rigid,2898294,2898294,2898296,0,2,2,completed,1
41607,Rigid,2898294,2898294,2898296,0,2,2,completed,1
41608,Rigid,2898294,2898294,2898296,0,2,2,completed,1
41609,Rigid,2898294,2898294,2898296,0,2,2,completed,1
41610,Rigid,2898294,2898294,2898296,0,2,2,completed,1
41611,Rigid,2898294,2898294,2898296,0,2,2,completed,1
41612,Rigid,2898294,2898294,2898296,0,2,2,completed,1
41613,Rigid,2898295,2898296,2898297,1,1,2,completed,1
41614,Rigid,2898295,2898296,2898297,1,1,2,completed,1
41615,Rigid,2898295,2898296,2898297,1,1,2,completed,1
41616,Rigid,2898295,2898296,2898297,1,1,2,completed,1
41617,Rigid,2898295,2898296,2898297,1,1,2,completed,1
41618,Rigid,2898295,2898296,2898297,1,1,2,completed,1
41619,Rigid,2898295,2898296,2898297,1,1,2,completed,1
41620,Rigid,2898295,2898296,2898297,1,1,2,completed,1
41621,Rigid,2898295,2898296,2898297,1,1,2,completed,1
41622,Rigid,2898295,2898296,2898297,1,1,2,completed,1
41623,Rigid,2898296,2898296,2898297,0,1,1,completed,1
41624,Rigid,2898296,2898296,2898297,0,1,1,completed,1
41625,Rigid,2898296,2898296,2898297,0,1,1,completed,1
41626,Rigid,2898296,2898296,2898297,0,1,1,completed,1
41627,Rigid,2898296,2898296,2898297,0,1,1,completed,1
41628,Rigid,2898296,2898296,2898297,0,1,1,completed,1
41629,Rigid,2898296,2898296,2898297,0,1,1,completed,1
41630,Rigid,2898296,2898296,2898297,0,1,1,completed,1
41631,Rigid,2898296,2898296,2898297,0,1,1,completed,1
41632,Rigid,2898296,2898297,2898298,1,1,2,completed,1
41633,Rigid,2898297,2898297,2898298,0,1,1,completed,1
41634,Rigid,2898297,2898299,2898300,2,1,3,completed,1
41635,Rigid,2898297,2898299,2898300,2,1,3,completed,1
41636,Rigid,2898297,2898299,2898300,2,1,3,completed,1
41637,Rigid,2898297,2898299,2898300,2,1,3,completed,1
41638,Rigid,2898297,2898299,2898300,2,1,3,completed,1
41639,Rigid,2898297,2898299,2898300,2,1,3,completed,1
41640,Rigid,2898297,2898299,2898300,2,1,3,completed,1
41641,Rigid,2898297,2898299,2898300,2,1,3,completed,1
41642,Rigid,2898297,2898299,2898300,2,1,3,completed,1
41643,Rigid,2898298,2898299,2898300,1,1,2,completed,1
41644,Rigid,2898298,2898299,2898300,1,1,2,completed,1
41645,Rigid,2898298,2898299,2898300,1,1,2,completed,1
41646,Rigid,2898298,2898299,2898300,1,1,2,completed,1
41647,Rigid,2898298,2898299,2898300,1,1,2,completed,1
41648,Rigid,2898298,2898299,2898300,1,1,2,completed,1
41649,Rigid,2898298,2898299,2898300,1,1,2,completed,1
41650,Rigid,2898298,2898299,2898300,1,1,2,completed,1
41651,Rigid,2898298,2898299,2898300,1,1,2,completed,1
41652,Rigid,2898298,2898299,2898300,1,1,2,completed,1
41653,Rigid,2898299,2898299,2898300,0,1,1,completed,1
41654,Rigid,2898299,2898299,2898300,0,1,1,completed,1
41655,Rigid,2898299,2898299,2898300,0,1,1,completed,1
41656,Rigid,2898299,2898299,2898300,0,1,1,completed,1
41657,Rigid,2898299,2898299,2898300,0,1,1,completed,1
41658,Rigid,2898299,2898300,2898301,1,1,2,completed,1
41659,Rigid,2898299,2898300,2898301,1,1,2,completed,1
41660,Rigid,2898299,2898300,2898301,1,1,2,completed,1
41661,Rigid,2898300,2898300,2898301,0,1,1,completed,1
41662,Rigid,2898300,2898300,2898301,0,1,1,completed,1
41663,Rigid,2898300,2898300,2898301,0,1,1,completed,1
41664,Rigid,2898300,2898300,2898301,0,1,1,completed,1
41665,Rigid,2898300,2898301,2898302,1,1,2,completed,1
41666,Rigid,2898300,2898301,2898302,1,1,2,completed,1
41667,Rigid,2898300,2898301,2898302,1,1,2,completed,1
41668,Rigid,2898300,2898301,2898302,1,1,2,completed,1
41669,Rigid,2898300,2898301,2898302,1,1,2,completed,1
41670,Rigid,2898301,2898301,2898302,0,1,1,completed,1
41671,Rigid,2898301,2898301,2898302,0,1,1,completed,1
41672,Rigid,2898301,2898301,2898302,0,1,1,completed,1
41673,Rigid,2898301,2898302,2898303,1,1,2,completed,1
41674,Rigid,2898301,2898302,2898303,1,1,2,completed,1
41675,Rigid,2898301,2898302,2898303,1,1,2,completed,1
41676,Rigid,2898301,2898302,2898303,1,1,2,completed,1
41677,Rigid,2898301,2898302,2898303,1,1,2,completed,1
41678,Rigid,2898301,2898302,2898303,1,1,2,completed,1
41679,Rigid,2898302,2898302,2898303,0,1,1,completed,1
41680,Rigid,2898302,2898302,2898303,0,1,1,completed,1
41681,Rigid,2898302,2898302,2898303,0,1,1,completed,1
41682,Rigid,2898302,2898302,2898303,0,1,1,completed,1
41683,Rigid,2898302,2898303,2898304,1,1,2,completed,1
41684,Rigid,2898302,2898303,2898304,1,1,2,completed,1
41685,Rigid,2898302,2898303,2898304,1,1,2,completed,1
41686,Rigid,2898302,2898303,2898304,1,1,2,completed,1
41687,Rigid,2898302,2898303,2898304,1,1,2,completed,1
41688,Rigid,2898303,2898303,2898304,0,1,1,completed,1
41689,Rigid,2898303,2898303,2898304,0,1,1,completed,1
41690,Rigid,2898303,2898303,2898304,0,1,1,completed,1
41691,Rigid,2898303,2898303,2898304,0,1,1,completed,1
41692,Rigid,2898303,2898303,2898304,0,1,1,completed,1
41693,Rigid,2898313,2898313,2898314,0,1,1,completed,1
41694,Rigid,2898313,2898313,2898314,0,1,1,completed,1
41695,Rigid,2898313,2898313,2898314,0,1,1,completed,1
41696,Rigid,2898313,2898313,2898314,0,1,1,completed,1
41697,Rigid,2898313,2898313,2898402,0,89,89,completed,1
41698,Rigid,2898313,2898313,2898314,0,1,1,completed,1
41699,Rigid,2898313,2898313,2898314,0,1,1,completed,1
41700,Rigid,2898313,2898313,2898314,0,1,1,completed,1
41701,Rigid,2898313,2898313,2898359,0,46,46,completed,2
41702,Rigid,2898313,2898313,2898314,0,1,1,completed,1
41703,Rigid,2898314,2898316,2898359,2,43,45,completed,2
41704,Rigid,2898314,2898316,2898327,2,11,13,completed,2
41705,Rigid,2898314,2898316,2899710,2,1394,1396,completed,2
41706,Rigid,2898314,2898316,2898324,2,8,10,completed,1
41707,Rigid,2898314,2898316,2898327,2,11,13,completed,2
41708,Rigid,2898314,2898316,2898327,2,11,13,completed,2
41709,Rigid,2898315,2898316,2898327,1,11,12,completed,2
41710,Rigid,2898315,2898316,2898454,1,138,139,completed,2
41711,Rigid,2898315,2898316,2898327,1,11,12,completed,2
41712,Rigid,2898315,2898316,2898327,1,11,12,completed,2
41713,Rigid,2898315,2898316,2898327,1,11,12,completed,2
41714,Rigid,2898315,2898316,2898439,1,123,124,completed,2
41715,Rigid,2898315,2898316,2898323,1,7,8,completed,1
41716,Rigid,2898315,2898316,2898323,1,7,8,completed,1
41717,Rigid,2898315,2898316,2898323,1,7,8,completed,1
41718,Rigid,2898316,2898316,2898327,0,11,11,completed,2
41719,Rigid,2898316,2898316,2898327,0,11,11,completed,2
41720,Rigid,2898316,2898316,2898439,0,123,123,completed,2
41721,Rigid,2898316,2898316,2898439,0,123,123,completed,2
41722,Rigid,2898316,2898316,2898327,0,11,11,completed,2
41723,Rigid,2898316,2898316,2898327,0,11,11,completed,2
41724,Rigid,2898316,2898317,2898327,1,10,11,completed,2
41725,Rigid,2898316,2898317,2898327,1,10,11,completed,2
41726,Rigid,2898316,2898317,2898327,1,10,11,completed,2
41727,Rigid,2898317,2898317,2898327,0,10,10,completed,2
41728,Rigid,2898317,2898317,2898327,0,10,10,completed,2
41729,Rigid,2898317,2898317,2898437,0,120,120,completed,2
41730,Rigid,2898317,2898317,2898327,0,10,10,completed,2
41731,Rigid,2898317,2898317,2898327,0,10,10,completed,2
41732,Rigid,2898317,2898317,2898324,0,7,7,completed,1
41733,Rigid,2898317,2898317,2898327,0,10,10,completed,2
41734,Rigid,2898317,2898320,2898329,3,9,12,completed,2
41735,Rigid,2898318,2898320,2898329,2,9,11,completed,2
41736,Rigid,2898318,2898320,2898329,2,9,11,completed,2
41737,Rigid,2898318,2898320,2898329,2,9,11,completed,2
41738,Rigid,2898318,2898320,2898329,2,9,11,completed,2
41739,Rigid,2898318,2898320,2898329,2,9,11,completed,2
41740,Rigid,2898318,2898320,2898329,2,9,11,completed,2
41741,Rigid,2898318,2898320,2898329,2,9,11,completed,2
41742,Rigid,2898318,2898320,2898329,2,9,11,completed,2
41743,Rigid,2898318,2898320,2898329,2,9,11,completed,2
41744,Rigid,2898318,2898320,2898437,2,117,119,completed,2
41745,Rigid,2898319,2898320,2898329,1,9,10,completed,2
41746,Rigid,2898319,2898320,2898329,1,9,10,completed,2
41747,Rigid,2898319,2898320,2898329,1,9,10,completed,2
41748,Rigid,2898319,2898320,2898329,1,9,10,completed,2
41749,Rigid,2898319,2898320,2898329,1,9,10,completed,2
41750,Rigid,2898319,2898320,2898329,1,9,10,completed,2
41751,Rigid,2898319,2898320,2898329,1,9,10,completed,2
41752,Rigid,2898319,2898320,2898329,1,9,10,completed,2
41753,Rigid,2898320,2898320,2898437,0,117,117,completed,2
41754,Rigid,2898320,2898320,2898329,0,9,9,completed,2
41755,Rigid,2898320,2898320,2898329,0,9,9,completed,2
41756,Rigid,2898320,2898320,2898329,0,9,9,completed,2
41757,Rigid,2898320,2898320,2898326,0,6,6,completed,1
41758,Rigid,2898320,2898320,2898327,0,7,7,completed,1
41759,Rigid,2898320,2898320,2898329,0,9,9,completed,2
41760,Rigid,2898320,2898320,2898329,0,9,9,completed,2
41761,Rigid,2898320,2898320,2898329,0,9,9,completed,2
41762,Rigid,2898320,2898320,2898329,0,9,9,completed,2
41763,Rigid,2898321,2898321,2898328,0,7,7,completed,2
41764,Rigid,2898321,2898322,2898329,1,7,8,completed,2
41765,Rigid,2898321,2898322,2898329,1,7,8,completed,2
41766,Rigid,2898321,2898322,2898329,1,7,8,completed,2
41767,Rigid,2898321,2898322,2898329,1,7,8,completed,2
41768,Rigid,2898321,2898322,2898329,1,7,8,completed,2
41769,Rigid,2898321,2898322,2898329,1,7,8,completed,2
41770,Rigid,2898321,2898322,2898329,1,7,8,completed,2
41771,Rigid,2898322,2898325,2898333,3,8,11,completed,2
41772,Rigid,2898322,2898325,2898333,3,8,11,completed,2
41773,Rigid,2898322,2898325,2898333,3,8,11,completed,2
41774,Rigid,2898322,2898325,2898333,3,8,11,completed,2
41775,Rigid,2898322,2898325,2898333,3,8,11,completed,2
41776,Rigid,2898322,2898325,2898333,3,8,11,completed,2
41777,Rigid,2898322,2898325,2898435,3,110,113,completed,2
41778,Rigid,2898322,2898325,2898334,3,9,12,completed,2
41779,Rigid,2898322,2898325,2898334,3,9,12,completed,2
41780,Rigid,2898323,2898325,2898334,2,9,11,completed,2
41781,Rigid,2898323,2898325,2898331,2,6,8,completed,1
41782,Rigid,2898323,2898325,2898334,2,9,11,completed,2
41783,Rigid,2898323,2898325,2898331,2,6,8,completed,1
41784,Rigid,2898323,2898325,2898334,2,9,11,completed,2
41785,Rigid,2898323,2898325,2898334,2,9,11,completed,2
41786,Rigid,2898324,2898325,2898435,1,110,111,completed,2
41787,Rigid,2898324,2898325,2898334,1,9,10,completed,2
41788,Rigid,2898324,2898325,2898334,1,9,10,completed,2
41789,Rigid,2898324,2898325,2898334,1,9,10,completed,2
41790,Rigid,2898324,2898325,2898334,1,9,10,completed,2
41791,Rigid,2898324,2898325,2898334,1,9,10,completed,2
41792,Rigid,2898324,2898325,2898334,1,9,10,completed,2
41793,Rigid,2898334,2898335,2898344,1,9,10,completed,2
41794,Rigid,2898334,2898335,2898344,1,9,10,completed,2
41795,Rigid,2898334,2898335,2898344,1,9,10,completed,2
41796,Rigid,2898334,2898335,2898344,1,9,10,completed,2
41797,Rigid,2898334,2898335,2898344,1,9,10,completed,2
41798,Rigid,2898334,2898335,2898344,1,9,10,completed,2
41799,Rigid,2898334,2898335,2898344,1,9,10,completed,2
41800,Rigid,2898334,2898335,2898344,1,9,10,completed,2
41801,Rigid,2898334,2898335,2898344,1,9,10,completed,2
41802,Rigid,2898334,2898335,2898435,1,100,101,completed,2
41803,Rigid,2898335,2898335,2898344,0,9,9,completed,2
41804,Rigid,2898335,2898335,2898344,0,9,9,completed,2
41805,Rigid,2898335,2898335,2898341,0,6,6,completed,1
41806,Rigid,2898335,2898335,2898344,0,9,9,completed,2
41807,Rigid,2898335,2898335,2898344,0,9,9,completed,2
41808,Rigid,2898335,2898335,2898344,0,9,9,completed,2
41809,Rigid,2898335,2898335,2898344,0,9,9,completed,2
41810,Rigid,2898335,2898335,2898343,0,8,8,completed,2
41811,Rigid,2898335,2898335,2898343,0,8,8,completed,2
41812,Rigid,2898335,2898335,2898343,0,8,8,completed,2
41813,Rigid,2898336,2898340,2898348,4,8,12,completed,2
41814,Rigid,2898336,2898340,2898348,4,8,12,completed,2
41815,Rigid,2898336,2898340,2898439,4,99,103,completed,2
41816,Rigid,2898336,2898340,2898348,4,8,12,completed,2
41817,Rigid,2898336,2898340,2898348,4,8,12,completed,2
41818,Rigid,2898336,2898340,2898348,4,8,12,completed,2
41819,Rigid,2898336,2898340,2898345,4,5,9,completed,1
41820,Rigid,2898336,2898340,2898348,4,8,12,completed,2
41821,Rigid,2898336,2898340,2898440,4,100,104,completed,2
41822,Rigid,2898336,2898340,2898345,4,5,9,completed,1
41823,Rigid,2898337,2898340,2898348,3,8,11,completed,2
41824,Rigid,2898337,2898340,2898345,3,5,8,completed,1
41825,Rigid,2898337,2898340,2898348,3,8,11,completed,2
41826,Rigid,2898337,2898340,2898348,3,8,11,completed,2
41827,Rigid,2898337,2898340,2898435,3,95,98,completed,2
41828,Rigid,2898337,2898340,2898348,3,8,11,completed,2
41829,Rigid,2898337,2898340,2898348,3,8,11,completed,2
41830,Rigid,2898337,2898340,2898348,3,8,11,completed,2
41831,Rigid,2898337,2898340,2898348,3,8,11,completed,2
41832,Rigid,2898338,2898340,2898435,2,95,97,completed,2
41833,Rigid,2898338,2898340,2898345,2,5,7,completed,1
41834,Rigid,2898339,2898340,2898348,1,8,9,completed,2
41835,Rigid,2898339,2898340,2898345,1,5,6,completed,1
41836,Rigid,2898339,2898340,2898345,1,5,6,completed,1
41837,Rigid,2898339,2898340,2898435,1,95,96,completed,2
41838,Rigid,2898339,2898340,2898435,1,95,96,completed,2
41839,Rigid,2898339,2898340,2898348,1,8,9,completed,2
41840,Rigid,2898339,2898340,2898348,1,8,9,completed,2
41841,Rigid,2898339,2898340,2898348,1,8,9,completed,2
41842,Rigid,2898339,2898340,2898348,1,8,9,completed,2
41843,Rigid,2898339,2898340,2898345,1,5,6,completed,1
41844,Rigid,2898340,2898342,2898435,2,93,95,completed,2
41845,Rigid,2898340,2898342,2898435,2,93,95,completed,2
41846,Rigid,2898340,2898342,2898352,2,10,12,completed,2
41847,Rigid,2898340,2898342,2898352,2,10,12,completed,2
41848,Rigid,2898340,2898342,2898348,2,6,8,completed,1
41849,Rigid,2898340,2898342,2898348,2,6,8,completed,1
41850,Rigid,2898340,2898342,2898352,2,10,12,completed,2
41851,Rigid,2898340,2898342,2898352,2,10,12,completed,2
41852,Rigid,2898340,2898342,2898435,2,93,95,completed,2
41853,Rigid,2898340,2898342,2898352,2,10,12,completed,2
41854,Rigid,2898341,2898342,2898352,1,10,11,completed,2
41855,Rigid,2898341,2898342,2898435,1,93,94,completed,2
41856,Rigid,2898341,2898342,2898348,1,6,7,completed,1
41857,Rigid,2898341,2898342,2898435,1,93,94,completed,2
41858,Rigid,2898341,2898342,2898351,1,9,10,completed,2
41859,Rigid,2898341,2898342,2898351,1,9,10,completed,2
41860,Rigid,2898341,2898342,2898348,1,6,7,completed,1
41861,Rigid,2898341,2898342,2898351,1,9,10,completed,2
41862,Rigid,2898341,2898342,2898351,1,9,10,completed,2
41863,Rigid,2898341,2898342,2898351,1,9,10,completed,2
41864,Rigid,2898342,2898342,2898435,0,93,93,completed,2
41865,Rigid,2898342,2898342,2898351,0,9,9,completed,2
41866,Rigid,2898342,2898342,2898435,0,93,93,completed,2
41867,Rigid,2898342,2898342,2898351,0,9,9,completed,2
41868,Rigid,2898342,2898344,2898351,2,7,9,completed,2
41869,Rigid,2898342,2898344,2898349,2,5,7,completed,1
41870,Rigid,2898342,2898344,2898349,2,5,7,completed,1
41871,Rigid,2898343,2898344,2898349,1,5,6,completed,1
41872,Rigid,2898343,2898344,2898351,1,7,8,completed,2
41873,Rigid,2898343,2898344,2898435,1,91,92,completed,2
41874,Rigid,2898343,2898344,2898352,1,8,9,completed,2
41875,Rigid,2898343,2898344,2898353,1,9,10,completed,2
41876,Rigid,2898343,2898344,2898349,1,5,6,completed,1
41877,Rigid,2898343,2898344,2898351,1,7,8,completed,2
41878,Rigid,2898344,2898344,2898435,0,91,91,completed,2
41879,Rigid,2898344,2898345,2898354,1,9,10,completed,2
41880,Rigid,2898353,2898354,2898457,1,103,104,completed,2
41881,Rigid,2898354,2898354,2898358,0,4,4,completed,1
41882,Rigid,2898354,2898354,2898457,0,103,103,completed,2
41883,Rigid,2898354,2898354,2898362,0,8,8,completed,2
41884,Rigid,2898354,2898354,2898359,0,5,5,completed,1
41885,Rigid,2898354,2898354,2898457,0,103,103,completed,2
41886,Rigid,2898354,2898354,2898359,0,5,5,completed,1
41887,Rigid,2898354,2898354,2898362,0,8,8,completed,2
41888,Rigid,2898354,2898354,2898362,0,8,8,completed,2
41889,Rigid,2898354,2898355,2898366,1,11,12,completed,2
41890,Rigid,2898354,2898355,2898366,1,11,12,completed,2
41891,Rigid,2898355,2898355,2898366,0,11,11,completed,2
41892,Rigid,2898355,2898355,2898366,0,11,11,completed,2
41893,Rigid,2898355,2898355,2898458,0,103,103,completed,2
41894,Rigid,2898355,2898355,2898360,0,5,5,completed,1
41895,Rigid,2898355,2898355,2898366,0,11,11,completed,2
41896,Rigid,2898355,2898355,2898457,0,102,102,completed,2
41897,Rigid,2898355,2898355,2898366,0,11,11,completed,2
41898,Rigid,2898355,2898355,2898366,0,11,11,completed,2
41899,Rigid,2898356,2898358,2898363,2,5,7,completed,1
41900,Rigid,2898356,2898358,2898366,2,8,10,completed,2
41901,Rigid,2898356,2898358,2898456,2,98,100,completed,2
41902,Rigid,2898356,2898358,2898363,2,5,7,completed,1
41903,Rigid,2898356,2898358,2898366,2,8,10,completed,2
41904,Rigid,2898356,2898358,2898363,2,5,7,completed,1
41905,Rigid,2898356,2898358,2898460,2,102,104,completed,2
41906,Rigid,2898356,2898358,2898366,2,8,10,completed,2
41907,Rigid,2898356,2898358,2898367,2,9,11,completed,2
41908,Rigid,2898356,2898358,2898457,2,99,101,completed,2
41909,Rigid,2898357,2898358,2898363,1,5,6,completed,1
41910,Rigid,2898357,2898358,2898366,1,8,9,completed,2
41911,Rigid,2898357,2898358,2898455,1,97,98,completed,2
41912,Rigid,2898357,2898358,2898366,1,8,9,completed,2
41913,Rigid,2898357,2898358,2898363,1,5,6,completed,1
41914,Rigid,2898357,2898358,2898366,1,8,9,completed,2
41915,Rigid,2898357,2898358,2898456,1,98,99,completed,2
41916,Rigid,2898357,2898358,2898366,1,8,9,completed,2
41917,Rigid,2898357,2898358,2898363,1,5,6,completed,1
41918,Rigid,2898357,2898358,2898366,1,8,9,completed,2
41919,Rigid,2898358,2898360,2898371,2,11,13,completed,2
41920,Rigid,2898358,2898360,2898456,2,96,98,completed,2
41921,Rigid,2898358,2898360,2898364,2,4,6,completed,1
41922,Rigid,2898358,2898360,2898365,2,5,7,completed,1
41923,Rigid,2898358,2898360,2898455,2,95,97,completed,2
41924,Rigid,2898358,2898360,2898368,2,8,10,completed,2
41925,Rigid,2898358,2898360,2898364,2,4,6,completed,1
41926,Rigid,2898359,2898360,2898456,1,96,97,completed,2
41927,Rigid,2898359,2898360,2898369,1,9,10,completed,2
41928,Rigid,2898359,2898360,2898456,1,96,97,completed,2
41929,Rigid,2898359,2898360,2898369,1,9,10,completed,2
41930,Rigid,2898359,2898360,2898364,1,4,5,completed,1
41931,Rigid,2898359,2898360,2898456,1,96,97,completed,2
41932,Rigid,2898359,2898360,2898369,1,9,10,completed,2
41933,Rigid,2898360,2898360,2898364,0,4,4,completed,1
41934,Rigid,2898360,2898360,2898364,0,4,4,completed,1
41935,Rigid,2898360,2898360,2898369,0,9,9,completed,2
41936,Rigid,2898360,2898360,2898369,0,9,9,completed,2
41937,Rigid,2898360,2898360,2898456,0,96,96,completed,2
41938,Rigid,2898360,2898360,2898370,0,10,10,completed,2
41939,Rigid,2898360,2898360,2898456,0,96,96,completed,2
41940,Rigid,2898360,2898360,2898365,0,5,5,completed,1
41941,Rigid,2898361,2898361,2898365,0,4,4,completed,1
41942,Rigid,2898361,2898361,2898454,0,93,93,completed,2
41943,Rigid,2898361,2898361,2898371,0,10,10,completed,2
41944,Rigid,2898361,2898361,2898370,0,9,9,completed,2
41945,Rigid,2898362,2898362,2898366,0,4,4,completed,1
41946,Rigid,2898362,2898362,2898455,0,93,93,completed,2
41947,Rigid,2898362,2898364,2898374,2,10,12,completed,2
41948,Rigid,2898362,2898364,2898374,2,10,12,completed,2
41949,Rigid,2898363,2898364,2898374,1,10,11,completed,2
41950,Rigid,2898363,2898364,2898368,1,4,5,completed,1
41951,Rigid,2898363,2898364,2898456,1,92,93,completed,2
41952,Rigid,2898363,2898364,2898375,1,11,12,completed,2
41953,Rigid,2898373,2898374,2898387,1,13,14,completed,2
41954,Rigid,2898373,2898374,2898469,1,95,96,completed,2
41955,Rigid,2898374,2898374,2898379,0,5,5,completed,1
41956,Rigid,2898374,2898374,2898470,0,96,96,completed,2
41957,Rigid,2898374,2898374,2898387,0,13,13,completed,2
41958,Rigid,2898374,2898374,2898387,0,13,13,completed,2
41959,Rigid,2898374,2898374,2898387,0,13,13,completed,2
41960,Rigid,2898375,2898375,2898385,0,10,10,completed,2
41961,Rigid,2898375,2898375,2898380,0,5,5,completed,1
41962,Rigid,2898375,2898375,2898385,0,10,10,completed,2
41963,Rigid,2898375,2898375,2898380,0,5,5,completed,1
41964,Rigid,2898375,2898375,2898470,0,95,95,completed,2
41965,Rigid,2898375,2898375,2898385,0,10,10,completed,2
41966,Rigid,2898375,2898375,2898380,0,5,5,completed,1
41967,Rigid,2898375,2898375,2898385,0,10,10,completed,2
41968,Rigid,2898376,2898376,2898469,0,93,93,completed,2
41969,Rigid,2898376,2898376,2898387,0,11,11,completed,2
41970,Rigid,2898376,2898376,2898381,0,5,5,completed,1
41971,Rigid,2898376,2898376,2898381,0,5,5,completed,1
41972,Rigid,2898376,2898376,2898469,0,93,93,completed,2
41973,Rigid,2898376,2898376,2898387,0,11,11,completed,2
41974,Rigid,2898376,2898376,2898387,0,11,11,completed,2
41975,Rigid,2898377,2898378,2898472,1,94,95,completed,2
41976,Rigid,2898377,2898378,2898383,1,5,6,completed,1
41977,Rigid,2898377,2898378,2898472,1,94,95,completed,2
41978,Rigid,2898377,2898378,2898387,1,9,10,completed,2
41979,Rigid,2898377,2898378,2898387,1,9,10,completed,2
41980,Rigid,2898377,2898378,2898472,1,94,95,completed,2
41981,Rigid,2898377,2898378,2898383,1,5,6,completed,1
41982,Rigid,2898377,2898378,2898387,1,9,10,completed,2
41983,Rigid,2898378,2898378,2898388,0,10,10,completed,2
41984,Rigid,2898378,2898380,2898469,2,89,91,completed,2
41985,Rigid,2898378,2898380,2898391,2,11,13,completed,2
41986,Rigid,2898378,2898381,2898386,3,5,8,completed,1
41987,Rigid,2898378,2898380,2898391,2,11,13,completed,2
41988,Rigid,2898378,2898380,2898390,2,10,12,completed,2
41989,Rigid,2898378,2898380,2898385,2,5,7,completed,1
41990,Rigid,2898379,2898380,2898469,1,89,90,completed,2
41991,Rigid,2898379,2898380,2898469,1,89,90,completed,2
41992,Rigid,2898379,2898380,2898390,1,10,11,completed,2
41993,Rigid,2898379,2898380,2898385,1,5,6,completed,1
41994,Rigid,2898379,2898380,2898391,1,11,12,completed,2
41995,Rigid,2898379,2898380,2898469,1,89,90,completed,2
41996,Rigid,2898380,2898380,2898391,0,11,11,completed,2
41997,Rigid,2898380,2898381,2898385,1,4,5,completed,1
41998,Rigid,2898380,2898380,2898471,0,91,91,completed,2
41999,Rigid,2898380,2898380,2898390,0,10,10,completed,2
42000,Rigid,2898380,2898381,2898385,1,4,5,completed,1
42001,Rigid,2898380,2898381,2898385,1,4,5,completed,1
42002,Rigid,2898381,2898381,2898472,0,91,91,completed,2
42003,Rigid,2898381,2898381,2898390,0,9,9,completed,2
42004,Rigid,2898381,2898381,2898390,0,9,9,completed,2
42005,Rigid,2898383,2898384,2898396,1,12,13,completed,2
42006,Rigid,2898394,2898396,2898409,2,13,15,completed,2
42007,Rigid,2898394,2898396,2898401,2,5,7,completed,1
42008,Rigid,2898394,2898396,2898495,2,99,101,completed,2
42009,Rigid,2898394,2898396,2898408,2,12,14,completed,2
42010,Rigid,2898394,2898396,2898408,2,12,14,completed,2
42011,Rigid,2898394,2898396,2898408,2,12,14,completed,2
42012,Rigid,2898394,2898396,2898494,2,98,100,completed,2
42013,Rigid,2898394,2898396,2898402,2,6,8,completed,1
42014,Rigid,2898395,2898396,2898494,1,98,99,completed,2
42015,Rigid,2898395,2898396,2898494,1,98,99,completed,2
42016,Rigid,2898395,2898396,2898412,1,16,17,completed,2
42017,Rigid,2898395,2898396,2898402,1,6,7,completed,1
42018,Rigid,2898395,2898396,2898402,1,6,7,completed,1
42019,Rigid,2898395,2898396,2898412,1,16,17,completed,2
42020,Rigid,2898395,2898396,2898402,1,6,7,completed,1
42021,Rigid,2898396,2898396,2898492,0,96,96,completed,2
42022,Rigid,2898396,2898396,2898402,0,6,6,completed,1
42023,Rigid,2898396,2898396,2898412,0,16,16,completed,2
42024,Rigid,2898396,2898396,2898493,0,97,97,completed,2
42025,Rigid,2898396,2898396,2898412,0,16,16,completed,2
42026,Rigid,2898396,2898396,2898492,0,96,96,completed,2
42027,Rigid,2898396,2898396,2898412,0,16,16,completed,2
42028,Rigid,2898397,2898398,2898403,1,5,6,completed,1
42029,Rigid,2898397,2898398,2898402,1,4,5,completed,1
42030,Rigid,2898397,2898398,2898490,1,92,93,completed,2
42031,Rigid,2898397,2898398,2898412,1,14,15,completed,2
42032,Rigid,2898397,2898398,2898412,1,14,15,completed,2
42033,Rigid,2898397,2898398,2898490,1,92,93,completed,2
42034,Rigid,2898397,2898398,2898402,1,4,5,completed,1
42035,Rigid,2898398,2898400,2898405,2,5,7,completed,1
42036,Rigid,2898398,2898400,2898489,2,89,91,completed,2
42037,Rigid,2898398,2898400,2898416,2,16,18,completed,2
42038,Rigid,2898398,2898400,2898489,2,89,91,completed,2
42039,Rigid,2898398,2898400,2898405,2,5,7,completed,1
42040,Rigid,2898398,2898400,2898416,2,16,18,completed,2
42041,Rigid,2898398,2898400,2898405,2,5,7,completed,1
42042,Rigid,2898399,2898400,2898416,1,16,17,completed,2
42043,Rigid,2898399,2898400,2898495,1,95,96,completed,2
42044,Rigid,2898403,2898403,2898419,0,16,16,completed,2
42045,Rigid,2898414,2898414,2898430,0,16,16,completed,2
42046,Rigid,2898414,2898414,2898514,0,100,100,completed,2
42047,Rigid,2898414,2898414,2898419,0,5,5,completed,1
42048,Rigid,2898414,2898414,2898419,0,5,5,completed,1
42049,Rigid,2898414,2898417,2898510,3,93,96,completed,2
42050,Rigid,2898414,2898417,2898428,3,11,14,completed,2
42051,Rigid,2898415,2898417,2898428,2,11,13,completed,2
42052,Rigid,2898415,2898417,2898510,2,93,95,completed,2
42053,Rigid,2898415,2898417,2898428,2,11,13,completed,2
42054,Rigid,2898415,2898417,2898510,2,93,95,completed,2
42055,Rigid,2898415,2898417,2898422,2,5,7,completed,1
42056,Rigid,2898415,2898417,2898422,2,5,7,completed,1
42057,Rigid,2898415,2898417,2898422,2,5,7,completed,1
42058,Rigid,2898415,2898417,2898510,2,93,95,completed,2
42059,Rigid,2898416,2898417,2898428,1,11,12,completed,2
42060,Rigid,2898416,2898417,2898428,1,11,12,completed,2
42061,Rigid,2898416,2898417,2898428,1,11,12,completed,2
42062,Rigid,2898416,2898417,2898422,1,5,6,completed,1
42063,Rigid,2898416,2898417,2898428,1,11,12,completed,2
42064,Rigid,2898416,2898417,2898510,1,93,94,completed,2
42065,Rigid,2898416,2898417,2898422,1,5,6,completed,1
42066,Rigid,2898417,2898417,2898514,0,97,97,completed,2
42067,Rigid,2898417,2898417,2898432,0,15,15,completed,2
42068,Rigid,2898417,2898417,2898422,0,5,5,completed,1
42069,Rigid,2898417,2898417,2898515,0,98,98,completed,2
42070,Rigid,2898417,2898417,2898432,0,15,15,completed,2
42071,Rigid,2898422,2898423,2898442,1,19,20,completed,2
42072,Rigid,2898423,2898423,2898509,0,86,86,completed,2
42073,Rigid,2898434,2898434,2898441,0,7,7,completed,1
42074,Rigid,2898434,2898434,2898535,0,101,101,completed,2
42075,Rigid,2898434,2898434,2898450,0,16,16,completed,2
42076,Rigid,2898434,2898434,2898535,0,101,101,completed,2
42077,Rigid,2898434,2898436,2898450,2,14,16,completed,2
42078,Rigid,2898434,2898436,2898441,2,5,7,completed,1
42079,Rigid,2898435,2898436,2898441,1,5,6,completed,1
42080,Rigid,2898435,2898436,2898509,1,73,74,completed,2
42081,Rigid,2898435,2898436,2898447,1,11,12,completed,2
42082,Rigid,2898435,2898436,2898441,1,5,6,completed,1
42083,Rigid,2898435,2898436,2898441,1,5,6,completed,1
42084,Rigid,2898435,2898436,2898509,1,73,74,completed,2
42085,Rigid,2898435,2898436,2898447,1,11,12,completed,2
42086,Rigid,2898435,2898436,2898447,1,11,12,completed,2
42087,Rigid,2898436,2898436,2898441,0,5,5,completed,1
42088,Rigid,2898436,2898436,2898447,0,11,11,completed,2
42089,Rigid,2898436,2898436,2898509,0,73,73,completed,2
42090,Rigid,2898436,2898436,2898447,0,11,11,completed,2
42091,Rigid,2898441,2898441,2898454,0,13,13,completed,2
42092,Rigid,2898441,2898441,2898535,0,94,94,completed,2
42093,Rigid,2898441,2898442,2898453,1,11,12,completed,2
42094,Rigid,2898441,2898442,2898447,1,5,6,completed,1
42095,Rigid,2898441,2898442,2898533,1,91,92,completed,2
42096,Rigid,2898441,2898442,2898453,1,11,12,completed,2
42097,Rigid,2898441,2898442,2898447,1,5,6,completed,1
42098,Rigid,2898441,2898442,2898533,1,91,92,completed,2
42099,Rigid,2898442,2898442,2898453,0,11,11,completed,2
42100,Rigid,2898442,2898442,2898447,0,5,5,completed,1
42101,Rigid,2898442,2898442,2898447,0,5,5,completed,1
42102,Rigid,2898442,2898442,2898453,0,11,11,completed,2
42103,Rigid,2898442,2898442,2898533,0,91,91,completed,2
42104,Rigid,2898442,2898442,2898453,0,11,11,completed,2
42105,Rigid,2898442,2898442,2898447,0,5,5,completed,1
42106,Rigid,2898442,2898442,2898535,0,93,93,completed,2
42107,Rigid,2898443,2898443,2898456,0,13,13,completed,2
42108,Rigid,2898443,2898443,2898447,0,4,4,completed,1
42109,Rigid,2898443,2898443,2898456,0,13,13,completed,2
42110,Rigid,2898443,2898443,2898535,0,92,92,completed,2
42111,Rigid,2898443,2898446,2898452,3,6,9,completed,1
42112,Rigid,2898443,2898446,2898452,3,6,9,completed,1
42113,Rigid,2898443,2898447,2898458,4,11,15,completed,2
42114,Rigid,2898443,2898447,2898542,4,95,99,completed,2
42115,Rigid,2898454,2898455,2898548,1,93,94,completed,2
42116,Rigid,2898454,2898455,2898548,1,93,94,completed,2
42117,Rigid,2898454,2898455,2898459,1,4,5,completed,1
42118,Rigid,2898454,2898455,2898459,1,4,5,completed,1
42119,Rigid,2898455,2898455,2898467,0,12,12,completed,2
42120,Rigid,2898455,2898455,2898467,0,12,12,completed,2
42121,Rigid,2898455,2898455,2898467,0,12,12,completed,2
42122,Rigid,2898455,2898455,2898541,0,86,86,completed,2
42123,Rigid,2898455,2898455,2898467,0,12,12,completed,2
42124,Rigid,2898455,2898455,2898541,0,86,86,completed,2
42125,Rigid,2898455,2898456,2898553,1,97,98,completed,2
42126,Rigid,2898455,2898456,2898461,1,5,6,completed,1
42127,Rigid,2898456,2898456,2898470,0,14,14,completed,2
42128,Rigid,2898456,2898456,2898461,0,5,5,completed,1
42129,Rigid,2898456,2898456,2898467,0,11,11,completed,2
42130,Rigid,2898456,2898456,2898537,0,81,81,completed,2
42131,Rigid,2898456,2898456,2898461,0,5,5,completed,1
42132,Rigid,2898456,2898456,2898468,0,12,12,completed,2
42133,Rigid,2898456,2898456,2898536,0,80,80,completed,2
42134,Rigid,2898456,2898456,2898467,0,11,11,completed,2
42135,Rigid,2898456,2898456,2898461,0,5,5,completed,1
42136,Rigid,2898457,2898457,2898461,0,4,4,completed,1
42137,Rigid,2898457,2898457,2898467,0,10,10,completed,2
42138,Rigid,2898457,2898457,2898536,0,79,79,completed,2
42139,Rigid,2898457,2898457,2898461,0,4,4,completed,1
42140,Rigid,2898457,2898457,2898467,0,10,10,completed,2
42141,Rigid,2898457,2898457,2898542,0,85,85,completed,2
42142,Rigid,2898458,2898459,2898541,1,82,83,completed,2
42143,Rigid,2898461,2898462,2898476,1,14,15,completed,2
42144,Rigid,2898461,2898462,2898467,1,5,6,completed,1
42145,Rigid,2898461,2898462,2898467,1,5,6,completed,1
42146,Rigid,2898461,2898462,2898555,1,93,94,completed,2
42147,Rigid,2898461,2898462,2898477,1,15,16,completed,2
42148,Rigid,2898462,2898462,2898467,0,5,5,completed,1
42149,Rigid,2898462,2898462,2898476,0,14,14,completed,2
42150,Rigid,2898462,2898462,2898553,0,91,91,completed,2
42151,Rigid,2898462,2898462,2898553,0,91,91,completed,2
42152,Rigid,2898462,2898462,2898475,0,13,13,completed,2
42153,Rigid,2898462,2898462,2898467,0,5,5,completed,1
42154,Rigid,2898462,2898464,2898469,2,5,7,completed,1
42155,Rigid,2898463,2898464,2898475,1,11,12,completed,2
42156,Rigid,2898463,2898464,2898554,1,90,91,completed,2
42157,Rigid,2898463,2898464,2898475,1,11,12,completed,2
42158,Rigid,2898463,2898464,2898555,1,91,92,completed,2
42159,Rigid,2898463,2898464,2898475,1,11,12,completed,2
42160,Rigid,2898463,2898464,2898469,1,5,6,completed,1
42161,Rigid,2898463,2898464,2898552,1,88,89,completed,2
42162,Rigid,2898463,2898464,2898477,1,13,14,completed,2
42163,Rigid,2898463,2898464,2898469,1,5,6,completed,1
42164,Rigid,2898464,2898464,2898469,0,5,5,completed,1
42165,Rigid,2898464,2898464,2898477,0,13,13,completed,2
42166,Rigid,2898464,2898464,2898549,0,85,85,completed,2
42167,Rigid,2898474,2898474,2898487,0,13,13,completed,2
42168,Rigid,2898474,2898474,2898487,0,13,13,completed,2
42169,Rigid,2898474,2898474,2898487,0,13,13,completed,2
42170,Rigid,2898474,2898474,2898480,0,6,6,completed,1
42171,Rigid,2898474,2898474,2898561,0,87,87,completed,2
42172,Rigid,2898474,2898474,2898487,0,13,13,completed,2
42173,Rigid,2898475,2898476,2898562,1,86,87,completed,2
42174,Rigid,2898475,2898476,2898490,1,14,15,completed,2
42175,Rigid,2898475,2898476,2898480,1,4,5,completed,1
42176,Rigid,2898475,2898476,2898480,1,4,5,completed,1
42177,Rigid,2898475,2898476,2898489,1,13,14,completed,2
42178,Rigid,2898475,2898476,2898490,1,14,15,completed,2
42179,Rigid,2898475,2898476,2898563,1,87,88,completed,2
42180,Rigid,2898476,2898476,2898563,0,87,87,completed,2
42181,Rigid,2898476,2898476,2898480,0,4,4,completed,1
42182,Rigid,2898476,2898477,2898481,1,4,5,completed,1
42183,Rigid,2898476,2898477,2898490,1,13,14,completed,2
42184,Rigid,2898476,2898477,2898561,1,84,85,completed,2
42185,Rigid,2898476,2898477,2898481,1,4,5,completed,1
42186,Rigid,2898476,2898477,2898490,1,13,14,completed,2
42187,Rigid,2898477,2898478,2898561,1,83,84,completed,2
42188,Rigid,2898477,2898478,2898482,1,4,5,completed,1
42189,Rigid,2898477,2898478,2898490,1,12,13,completed,2
42190,Rigid,2898477,2898478,2898561,1,83,84,completed,2
42191,Rigid,2898477,2898478,2898490,1,12,13,completed,2
42192,Rigid,2898477,2898478,2898552,1,74,75,completed,2
42193,Rigid,2898477,2898478,2898482,1,4,5,completed,1
42194,Rigid,2898478,2898478,2898483,0,5,5,completed,1
42195,Rigid,2898478,2898479,2898492,1,13,14,completed,2
42196,Rigid,2898478,2898479,2898562,1,83,84,completed,2
42197,Rigid,2898478,2898479,2898493,1,14,15,completed,2
42198,Rigid,2898478,2898479,2898552,1,73,74,completed,2
42199,Rigid,2898478,2898479,2898483,1,4,5,completed,1
42200,Rigid,2898482,2898482,2898572,0,90,90,completed,2
42201,Rigid,2898482,2898483,2898498,1,15,16,completed,2
42202,Rigid,2898482,2898483,2898487,1,4,5,completed,1
42203,Rigid,2898482,2898483,2898487,1,4,5,completed,1
42204,Rigid,2898482,2898483,2898498,1,15,16,completed,2
42205,Rigid,2898482,2898483,2898498,1,15,16,completed,2
42206,Rigid,2898482,2898483,2898560,1,77,78,completed,2
42207,Rigid,2898483,2898483,2898560,0,77,77,completed,2
42208,Rigid,2898483,2898483,2898560,0,77,77,completed,2
42209,Rigid,2898483,2898483,2898487,0,4,4,completed,1
42210,Rigid,2898484,2898484,2898501,0,17,17,completed,2
42211,Rigid,2898484,2898484,2898488,0,4,4,completed,1
42212,Rigid,2898484,2898484,2898489,0,5,5,completed,1
42213,Rigid,2898484,2898484,2898570,0,86,86,completed,2
42214,Rigid,2898484,2898484,2898497,0,13,13,completed,2
42215,Rigid,2898484,2898484,2898498,0,14,14,completed,2
42216,Rigid,2898494,2898495,2898576,1,81,82,completed,2
42217,Rigid,2898494,2898495,2898509,1,14,15,completed,2
42218,Rigid,2898494,2898495,2898576,1,81,82,completed,2
42219,Rigid,2898494,2898495,2898499,1,4,5,completed,1
42220,Rigid,2898494,2898495,2898499,1,4,5,completed,1
42221,Rigid,2898494,2898495,2898576,1,81,82,completed,2
42222,Rigid,2898494,2898495,2898499,1,4,5,completed,1
42223,Rigid,2898495,2898495,2898505,0,10,10,completed,2
42224,Rigid,2898495,2898495,2898499,0,4,4,completed,1
42225,Rigid,2898495,2898495,2898568,0,73,73,completed,2
42226,Rigid,2898495,2898495,2898505,0,10,10,completed,2
42227,Rigid,2898495,2898496,2898508,1,12,13,completed,2
42228,Rigid,2898495,2898496,2898508,1,12,13,completed,2
42229,Rigid,2898495,2898496,2898574,1,78,79,completed,2
42230,Rigid,2898495,2898496,2898500,1,4,5,completed,1
42231,Rigid,2898496,2898496,2898570,0,74,74,completed,2
42232,Rigid,2898496,2898496,2898508,0,12,12,completed,2
42233,Rigid,2898496,2898499,2898570,3,71,74,completed,2
42234,Rigid,2898496,2898499,2898503,3,4,7,completed,1
42235,Rigid,2898497,2898499,2898511,2,12,14,completed,2
42236,Rigid,2898497,2898499,2898503,2,4,6,completed,1
42237,Rigid,2898497,2898499,2898570,2,71,73,completed,2
42238,Rigid,2898497,2898499,2898503,2,4,6,completed,1
42239,Rigid,2898498,2898499,2898511,1,12,13,completed,2
42240,Rigid,2898498,2898499,2898503,1,4,5,completed,1
42241,Rigid,2898498,2898499,2898573,1,74,75,completed,2
42242,Rigid,2898498,2898499,2898510,1,11,12,completed,2
42243,Rigid,2898498,2898499,2898510,1,11,12,completed,2
42244,Rigid,2898502,2898503,2898517,1,14,15,completed,2
42245,Rigid,2898502,2898503,2898579,1,76,77,completed,2
42246,Rigid,2898502,2898503,2898517,1,14,15,completed,2
42247,Rigid,2898502,2898503,2898507,1,4,5,completed,1
42248,Rigid,2898502,2898503,2898568,1,65,66,completed,2
42249,Rigid,2898502,2898503,2898513,1,10,11,completed,2
42250,Rigid,2898502,2898503,2898506,1,3,4,completed,1
42251,Rigid,2898502,2898503,2898513,1,10,11,completed,2
42252,Rigid,2898503,2898503,2898506,0,3,3,completed,1
42253,Rigid,2898503,2898503,2898513,0,10,10,completed,2
42254,Rigid,2898503,2898504,2898568,1,64,65,completed,2
42255,Rigid,2898503,2898504,2898516,1,12,13,completed,2
42256,Rigid,2898504,2898504,2898570,0,66,66,completed,2
42257,Rigid,2898504,2898504,2898508,0,4,4,completed,1
42258,Rigid,2898504,2898504,2898508,0,4,4,completed,1
42259,Rigid,2898504,2898504,2898570,0,66,66,completed,2
42260,Rigid,2898504,2898504,2898516,0,12,12,completed,2
42261,Rigid,2898514,2898515,2898519,1,4,5,completed,1
42262,Rigid,2898514,2898515,2898519,1,4,5,completed,1
42263,Rigid,2898514,2898515,2898582,1,67,68,completed,2
42264,Rigid,2898514,2898515,2898530,1,15,16,completed,2
42265,Rigid,2898514,2898515,2898530,1,15,16,completed,2
42266,Rigid,2898515,2898515,2898583,0,68,68,completed,2
42267,Rigid,2898515,2898516,2898519,1,3,4,completed,1
42268,Rigid,2898515,2898516,2898519,1,3,4,completed,1
42269,Rigid,2898515,2898516,2898565,1,49,50,completed,2
42270,Rigid,2898516,2898516,2898524,0,8,8,completed,2
42271,Rigid,2898516,2898516,2898565,0,49,49,completed,2
42272,Rigid,2898516,2898516,2898524,0,8,8,completed,2
42273,Rigid,2898516,2898516,2898524,0,8,8,completed,2
42274,Rigid,2898516,2898517,2898523,1,6,7,completed,2
42275,Rigid,2898516,2898517,2898562,1,45,46,completed,2
42276,Rigid,2898516,2898517,2898519,1,2,3,completed,1
42277,Rigid,2898516,2898517,2898518,1,1,2,completed,1
42278,Rigid,2898517,2898517,2898523,0,6,6,completed,2
42279,Rigid,2898517,2898517,2898523,0,6,6,completed,2
42280,Rigid,2898517,2898518,2898556,1,38,39,completed,2
42281,Rigid,2898518,2898518,2898530,0,12,12,completed,2
42282,Rigid,2898518,2898518,2898556,0,38,38,completed,2
42283,Rigid,2898518,2898518,2898530,0,12,12,completed,2
42284,Rigid,2898518,2898518,2898519,0,1,1,completed,1
42285,Rigid,2898518,2898518,2898530,0,12,12,completed,2
42286,Rigid,2898518,2898518,2898519,0,1,1,completed,1
42287,Rigid,2898518,2898518,2898556,0,38,38,completed,2
42288,Rigid,2898518,2898519,2898530,1,11,12,completed,2
42289,Rigid,2933315,2933318,2969341,3,36023,36026,completed,144
42290,Rigid,2935073,2935074,2935140,1,66,67,completed,8
42291,Rigid,2935073,2935074,2935140,1,66,67,completed,8
42292,Rigid,2935073,2935074,2935142,1,68,69,completed,8
42293,Rigid,2935073,2935074,2935144,1,70,71,completed,8
42294,Rigid,2935073,2935074,2935139,1,65,66,completed,8
42295,Rigid,2935074,2935074,2935140,0,66,66,completed,8
42296,Rigid,2935074,2935078,2935140,4,62,66,completed,8
42297,Rigid,2935074,2935078,2935141,4,63,67,completed,8
42298,Rigid,2935074,2935078,2935140,4,62,66,completed,8
42299,Rigid,2935074,2935078,2935140,4,62,66,completed,8
42300,Rigid,2935074,2935078,2935140,4,62,66,completed,8
42301,Rigid,2935074,2935078,2935142,4,64,68,completed,8
42302,Rigid,2935074,2935078,2935139,4,61,65,completed,8
42303,Rigid,2935074,2935078,2935139,4,61,65,completed,8
42304,Rigid,2935074,2935078,2935139,4,61,65,completed,8
42305,Rigid,2935074,2935078,2935139,4,61,65,completed,8
42306,Rigid,2935074,2935078,2935139,4,61,65,completed,8
42307,Rigid,2935074,2935078,2935139,4,61,65,completed,8
42308,Rigid,2935074,2935078,2935139,4,61,65,completed,8
42309,Rigid,2935074,2935078,2935140,4,62,66,completed,8
42310,Rigid,2935074,2935078,2935140,4,62,66,completed,8
42311,Rigid,2935074,2935078,2935140,4,62,66,completed,8
42312,Rigid,2935074,2935078,2935140,4,62,66,completed,8
42313,Rigid,2935074,2935078,2935143,4,65,69,completed,8
42314,Rigid,2935074,2935078,2935139,4,61,65,completed,8
42315,Rigid,2935074,2935078,2935139,4,61,65,completed,8
42316,Rigid,2935074,2935078,2935140,4,62,66,completed,8
42317,Rigid,2935074,2935078,2935140,4,62,66,completed,8
42318,Rigid,2935074,2935078,2935139,4,61,65,completed,8
42319,Rigid,2935074,2935078,2935139,4,61,65,completed,8
42320,Rigid,2935074,2935078,2935140,4,62,66,completed,8
42321,Rigid,2935075,2935078,2935140,3,62,65,completed,8
42322,Rigid,2935075,2935078,2935139,3,61,64,completed,8
42323,Rigid,2935075,2935078,2935139,3,61,64,completed,8
42324,Rigid,2935075,2935078,2935139,3,61,64,completed,8
42325,Rigid,2935075,2935078,2935139,3,61,64,completed,8
42326,Rigid,2935075,2935078,2935139,3,61,64,completed,8
42327,Rigid,2935075,2935078,2935139,3,61,64,completed,8
42328,Rigid,2935075,2935078,2935139,3,61,64,completed,8
42329,Rigid,2935075,2935078,2935139,3,61,64,completed,8
42330,Rigid,2935075,2935078,2935140,3,62,65,completed,8
42331,Rigid,2935075,2935078,2935142,3,64,67,completed,8
42332,Rigid,2935075,2935078,2935142,3,64,67,completed,8
42333,Rigid,2935075,2935078,2935146,3,68,71,completed,8
42334,Rigid,2935075,2935078,2935140,3,62,65,completed,8
42335,Rigid,2935075,2935078,2935140,3,62,65,completed,8
42336,Rigid,2935075,2935078,2935140,3,62,65,completed,8
42337,Rigid,2935075,2935078,2935142,3,64,67,completed,8
42338,Rigid,2935075,2935078,2935140,3,62,65,completed,8
42339,Rigid,2935075,2935078,2935140,3,62,65,completed,8
42340,Rigid,2935075,2935078,2935140,3,62,65,completed,8
42341,Rigid,2935076,2935078,2935142,2,64,66,completed,8
42342,Rigid,2935076,2935078,2935139,2,61,63,completed,8
42343,Rigid,2935076,2935078,2935139,2,61,63,completed,8
42344,Rigid,2935076,2935078,2935139,2,61,63,completed,8
42345,Rigid,2935076,2935078,2935140,2,62,64,completed,8
42346,Rigid,2935076,2935078,2935139,2,61,63,completed,8
42347,Rigid,2935076,2935078,2935139,2,61,63,completed,8
42348,Rigid,2935076,2935078,2935139,2,61,63,completed,8
42349,Rigid,2935076,2935078,2935140,2,62,64,completed,8
42350,Rigid,2935076,2935078,2935139,2,61,63,completed,8
42351,Rigid,2935076,2935078,2935139,2,61,63,completed,8
42352,Rigid,2935076,2935078,2935140,2,62,64,completed,8
42353,Rigid,2935076,2935078,2935140,2,62,64,completed,8
42354,Rigid,2935076,2935078,2935139,2,61,63,completed,8
42355,Rigid,2935076,2935078,2935139,2,61,63,completed,8
42356,Rigid,2935076,2935078,2935139,2,61,63,completed,8
42357,Rigid,2935076,2935078,2935140,2,62,64,completed,8
42358,Rigid,2935076,2935078,2935139,2,61,63,completed,8
42359,Rigid,2935076,2935078,2935139,2,61,63,completed,8
42360,Rigid,2935076,2935078,2935139,2,61,63,completed,8
42361,Rigid,2935077,2935078,2935140,1,62,63,completed,8
42362,Rigid,2935077,2935078,2935139,1,61,62,completed,8
42363,Rigid,2935077,2935078,2935139,1,61,62,completed,8
42364,Rigid,2935077,2935078,2935139,1,61,62,completed,8
42365,Rigid,2935077,2935078,2935139,1,61,62,completed,8
42366,Rigid,2935077,2935078,2935139,1,61,62,completed,8
42367,Rigid,2935077,2935078,2935139,1,61,62,completed,8
42368,Rigid,2935077,2935078,2935139,1,61,62,completed,8
42369,Rigid,2935077,2935078,2935139,1,61,62,completed,8
42370,Rigid,2935077,2935078,2935140,1,62,63,completed,8
42371,Rigid,2935077,2935078,2935142,1,64,65,completed,8
42372,Rigid,2935077,2935078,2935142,1,64,65,completed,8
42373,Rigid,2935077,2935078,2935146,1,68,69,completed,8
42374,Rigid,2935077,2935078,2935140,1,62,63,completed,8
42375,Rigid,2935077,2935078,2935140,1,62,63,completed,8
42376,Rigid,2935077,2935078,2935140,1,62,63,completed,8
42377,Rigid,2935077,2935078,2935142,1,64,65,completed,8
42378,Rigid,2935077,2935078,2935140,1,62,63,completed,8
42379,Rigid,2935077,2935078,2935140,1,62,63,completed,8
42380,Rigid,2935077,2935078,2935140,1,62,63,completed,8
42381,Rigid,2935077,2935078,2935142,1,64,65,completed,8
42382,Rigid,2935078,2935078,2935139,0,61,61,completed,8
42383,Rigid,2935078,2935078,2935139,0,61,61,completed,8
42384,Rigid,2935078,2935078,2935139,0,61,61,completed,8
42385,Rigid,2935078,2935078,2935140,0,62,62,completed,8
42386,Rigid,2935078,2935078,2935139,0,61,61,completed,8
42387,Rigid,2935078,2935078,2935139,0,61,61,completed,8
42388,Rigid,2935078,2935078,2935139,0,61,61,completed,8
42389,Rigid,2935078,2935078,2935140,0,62,62,completed,8
42390,Rigid,2935078,2935078,2935140,0,62,62,completed,8
42391,Rigid,2935078,2935082,2935140,4,58,62,completed,8
42392,Rigid,2935078,2935082,2935142,4,60,64,completed,8
42393,Rigid,2935078,2935082,2935144,4,62,66,completed,8
42394,Rigid,2935078,2935082,2935139,4,57,61,completed,8
42395,Rigid,2935078,2935082,2935140,4,58,62,completed,8
42396,Rigid,2935078,2935082,2935140,4,58,62,completed,8
42397,Rigid,2935079,2935082,2935142,3,60,63,completed,8
42398,Rigid,2935079,2935082,2935139,3,57,60,completed,8
42399,Rigid,2935079,2935082,2935140,3,58,61,completed,8
42400,Rigid,2935079,2935082,2935140,3,58,61,completed,8
42401,Rigid,2935079,2935082,2935140,3,58,61,completed,8
42402,Rigid,2935079,2935082,2935139,3,57,60,completed,8
42403,Rigid,2935079,2935082,2935139,3,57,60,completed,8
42404,Rigid,2935079,2935082,2935139,3,57,60,completed,8
42405,Rigid,2935079,2935082,2935140,3,58,61,completed,8
42406,Rigid,2935079,2935082,2935139,3,57,60,completed,8
42407,Rigid,2935079,2935082,2935139,3,57,60,completed,8
42408,Rigid,2935079,2935082,2935139,3,57,60,completed,8
42409,Rigid,2935079,2935082,2935139,3,57,60,completed,8
42410,Rigid,2935079,2935082,2935140,3,58,61,completed,8
42411,Rigid,2935079,2935082,2935142,3,60,63,completed,8
42412,Rigid,2935079,2935082,2935143,3,61,64,completed,8
42413,Rigid,2935079,2935082,2935148,3,66,69,completed,8
42414,Rigid,2935079,2935082,2935140,3,58,61,completed,8
42415,Rigid,2935079,2935082,2935140,3,58,61,completed,8
42416,Rigid,2935079,2935082,2935141,3,59,62,completed,8
42417,Rigid,2935079,2935082,2935143,3,61,64,completed,8
42418,Rigid,2935079,2935082,2935140,3,58,61,completed,8
42419,Rigid,2935079,2935082,2935140,3,58,61,completed,8
42420,Rigid,2935079,2935082,2935141,3,59,62,completed,8
42421,Rigid,2935080,2935082,2935143,2,61,63,completed,8
42422,Rigid,2935080,2935082,2935139,2,57,59,completed,8
42423,Rigid,2935080,2935082,2935139,2,57,59,completed,8
42424,Rigid,2935080,2935082,2935139,2,57,59,completed,8
42425,Rigid,2935080,2935082,2935140,2,58,60,completed,8
42426,Rigid,2935080,2935082,2935139,2,57,59,completed,8
42427,Rigid,2935080,2935082,2935139,2,57,59,completed,8
42428,Rigid,2935080,2935082,2935139,2,57,59,completed,8
42429,Rigid,2935080,2935082,2935140,2,58,60,completed,8
42430,Rigid,2935080,2935082,2935140,2,58,60,completed,8
42431,Rigid,2935080,2935082,2935142,2,60,62,completed,8
42432,Rigid,2935080,2935082,2935142,2,60,62,completed,8
42433,Rigid,2935080,2935082,2935145,2,63,65,completed,8
42434,Rigid,2935080,2935082,2935139,2,57,59,completed,8
42435,Rigid,2935080,2935082,2935140,2,58,60,completed,8
42436,Rigid,2935080,2935082,2935140,2,58,60,completed,8
42437,Rigid,2935080,2935082,2935142,2,60,62,completed,8
42438,Rigid,2935080,2935082,2935139,2,57,59,completed,8
42439,Rigid,2935080,2935082,2935140,2,58,60,completed,8
42440,Rigid,2935080,2935082,2935140,2,58,60,completed,8
42441,Rigid,2935080,2935082,2935142,2,60,62,completed,8
42442,Rigid,2935080,2935082,2935139,2,57,59,completed,8
42443,Rigid,2935080,2935082,2935139,2,57,59,completed,8
42444,Rigid,2935080,2935082,2935139,2,57,59,completed,8
42445,Rigid,2935080,2935082,2935140,2,58,60,completed,8
42446,Rigid,2935080,2935082,2935139,2,57,59,completed,8
42447,Rigid,2935080,2935082,2935139,2,57,59,completed,8
42448,Rigid,2935080,2935082,2935139,2,57,59,completed,8
42449,Rigid,2935081,2935082,2935139,1,57,58,completed,8
42450,Rigid,2935081,2935082,2935141,1,59,60,completed,8
42451,Rigid,2935081,2935082,2935144,1,62,63,completed,8
42452,Rigid,2935081,2935082,2935146,1,64,65,completed,8
42453,Rigid,2935081,2935082,2935153,1,71,72,completed,8
42454,Rigid,2935081,2935082,2935140,1,58,59,completed,8
42455,Rigid,2935081,2935082,2935143,1,61,62,completed,8
42456,Rigid,2935081,2935082,2935142,1,60,61,completed,8
42457,Rigid,2935081,2935082,2935145,1,63,64,completed,8
42458,Rigid,2935081,2935082,2935140,1,58,59,completed,8
42459,Rigid,2935081,2935082,2935142,1,60,61,completed,8
42460,Rigid,2935081,2935082,2935142,1,60,61,completed,8
42461,Rigid,2935081,2935082,2935145,1,63,64,completed,8
42462,Rigid,2935081,2935082,2935139,1,57,58,completed,8
42463,Rigid,2935081,2935082,2935139,1,57,58,completed,8
42464,Rigid,2935081,2935082,2935140,1,58,59,completed,8
42465,Rigid,2935081,2935082,2935140,1,58,59,completed,8
42466,Rigid,2935081,2935082,2935139,1,57,58,completed,8
42467,Rigid,2935081,2935082,2935139,1,57,58,completed,8
42468,Rigid,2935081,2935082,2935140,1,58,59,completed,8
42469,Rigid,2935081,2935082,2935140,1,58,59,completed,8
42470,Rigid,2935081,2935082,2935141,1,59,60,completed,8
42471,Rigid,2935082,2935082,2935144,0,62,62,completed,8
42472,Rigid,2935082,2935082,2935145,0,63,63,completed,8
42473,Rigid,2935082,2935082,2935151,0,69,69,completed,8
42474,Rigid,2935082,2935086,2935140,4,54,58,completed,8
42475,Rigid,2935082,2935086,2935142,4,56,60,completed,8
42476,Rigid,2935082,2935086,2935143,4,57,61,completed,8
42477,Rigid,2935082,2935086,2935146,4,60,64,completed,8
42478,Rigid,2935082,2935086,2935140,4,54,58,completed,8
42479,Rigid,2935082,2935086,2935140,4,54,58,completed,8
42480,Rigid,2935083,2935086,2935140,3,54,57,completed,8
42481,Rigid,2935083,2935086,2935143,3,57,60,completed,8
42482,Rigid,2935083,2935086,2935140,3,54,57,completed,8
42483,Rigid,2935083,2935086,2935140,3,54,57,completed,8
42484,Rigid,2935083,2935086,2935140,3,54,57,completed,8
42485,Rigid,2935083,2935086,2935142,3,56,59,completed,8
42486,Rigid,2935083,2935086,2935139,3,53,56,completed,8
42487,Rigid,2935083,2935086,2935139,3,53,56,completed,8
42488,Rigid,2935083,2935086,2935139,3,53,56,completed,8
42489,Rigid,2935083,2935086,2935139,3,53,56,completed,8
42490,Rigid,2935083,2935086,2935142,3,56,59,completed,8
42491,Rigid,2935083,2935086,2935148,3,62,65,completed,8
42492,Rigid,2935083,2935086,2935150,3,64,67,completed,8
42493,Rigid,2935083,2935086,2935161,3,75,78,completed,8
42494,Rigid,2935083,2935086,2935140,3,54,57,completed,8
42495,Rigid,2935084,2935086,2935143,2,57,59,completed,8
42496,Rigid,2935084,2935086,2935143,2,57,59,completed,8
42497,Rigid,2935084,2935086,2935149,2,63,65,completed,8
42498,Rigid,2935084,2935086,2935140,2,54,56,completed,8
42499,Rigid,2935084,2935086,2935142,2,56,58,completed,8
42500,Rigid,2935084,2935086,2935143,2,57,59,completed,8
42501,Rigid,2935084,2935086,2935148,2,62,64,completed,8
42502,Rigid,2935084,2935086,2935140,2,54,56,completed,8
42503,Rigid,2935084,2935086,2935140,2,54,56,completed,8
42504,Rigid,2935084,2935086,2935140,2,54,56,completed,8
42505,Rigid,2935084,2935086,2935142,2,56,58,completed,8
42506,Rigid,2935084,2935086,2935139,2,53,55,completed,8
42507,Rigid,2935084,2935086,2935139,2,53,55,completed,8
42508,Rigid,2935084,2935086,2935140,2,54,56,completed,8
42509,Rigid,2935084,2935086,2935140,2,54,56,completed,8
42510,Rigid,2935085,2935086,2935141,1,55,56,completed,8
42511,Rigid,2935085,2935086,2935143,1,57,58,completed,8
42512,Rigid,2935085,2935086,2935144,1,58,59,completed,8
42513,Rigid,2935085,2935086,2935151,1,65,66,completed,8
42514,Rigid,2935085,2935086,2935140,1,54,55,completed,8
42515,Rigid,2935085,2935086,2935141,1,55,56,completed,8
42516,Rigid,2935085,2935086,2935142,1,56,57,completed,8
42517,Rigid,2935085,2935086,2935144,1,58,59,completed,8
42518,Rigid,2935085,2935086,2935140,1,54,55,completed,8
42519,Rigid,2935085,2935086,2935141,1,55,56,completed,8
42520,Rigid,2935085,2935086,2935142,1,56,57,completed,8
42521,Rigid,2935085,2935086,2935144,1,58,59,completed,8
42522,Rigid,2935085,2935086,2935139,1,53,54,completed,8
42523,Rigid,2935085,2935086,2935139,1,53,54,completed,8
42524,Rigid,2935086,2935086,2935140,0,54,54,completed,8
42525,Rigid,2935086,2935086,2935140,0,54,54,completed,8
42526,Rigid,2935086,2935086,2935139,0,53,53,completed,8
42527,Rigid,2935086,2935086,2935139,0,53,53,completed,8
42528,Rigid,2935086,2935086,2935139,0,53,53,completed,8
42529,Rigid,2935086,2935090,2935140,4,50,54,completed,8
42530,Rigid,2935086,2935090,2935142,4,52,56,completed,8
42531,Rigid,2935086,2935090,2935145,4,55,59,completed,8
42532,Rigid,2935086,2935090,2935147,4,57,61,completed,8
42533,Rigid,2935086,2935090,2935155,4,65,69,completed,8
42534,Rigid,2935086,2935090,2935140,4,50,54,completed,8
42535,Rigid,2935087,2935090,2935143,3,53,56,completed,8
42536,Rigid,2935087,2935090,2935143,3,53,56,completed,8
42537,Rigid,2935087,2935090,2935148,3,58,61,completed,8
42538,Rigid,2935087,2935090,2935140,3,50,53,completed,8
42539,Rigid,2935087,2935090,2935141,3,51,54,completed,8
42540,Rigid,2935087,2935090,2935142,3,52,55,completed,8
42541,Rigid,2935087,2935090,2935145,3,55,58,completed,8
42542,Rigid,2935087,2935090,2935139,3,49,52,completed,8
42543,Rigid,2935087,2935090,2935140,3,50,53,completed,8
42544,Rigid,2935087,2935090,2935140,3,50,53,completed,8
42545,Rigid,2935087,2935090,2935142,3,52,55,completed,8
42546,Rigid,2935088,2935090,2935139,2,49,51,completed,8
42547,Rigid,2935088,2935090,2935139,2,49,51,completed,8
42548,Rigid,2935088,2935090,2935139,2,49,51,completed,8
42549,Rigid,2935088,2935090,2935140,2,50,52,completed,8
42550,Rigid,2935088,2935090,2935143,2,53,55,completed,8
42551,Rigid,2935088,2935090,2935151,2,61,63,completed,8
42552,Rigid,2935088,2935090,2935154,2,64,66,completed,8
42553,Rigid,2935088,2935090,2935170,2,80,82,completed,8
42554,Rigid,2935088,2935090,2935141,2,51,53,completed,8
42555,Rigid,2935088,2935090,2935144,2,54,56,completed,8
42556,Rigid,2935088,2935090,2935145,2,55,57,completed,8
42557,Rigid,2935089,2935090,2935153,1,63,64,completed,8
42558,Rigid,2935089,2935090,2935142,1,52,53,completed,8
42559,Rigid,2935089,2935090,2935144,1,54,55,completed,8
42560,Rigid,2935089,2935090,2935145,1,55,56,completed,8
42561,Rigid,2935089,2935090,2935153,1,63,64,completed,8
42562,Rigid,2935089,2935090,2935139,1,49,50,completed,8
42563,Rigid,2935089,2935090,2935140,1,50,51,completed,8
42564,Rigid,2935089,2935090,2935140,1,50,51,completed,8
42565,Rigid,2935089,2935090,2935142,1,52,53,completed,8
42566,Rigid,2935089,2935090,2935140,1,50,51,completed,8
42567,Rigid,2935089,2935090,2935140,1,50,51,completed,8
42568,Rigid,2935090,2935090,2935140,0,50,50,completed,8
42569,Rigid,2935090,2935090,2935142,0,52,52,completed,8
42570,Rigid,2935090,2935090,2935142,0,52,52,completed,8
42571,Rigid,2935090,2935090,2935146,0,56,56,completed,8
42572,Rigid,2935090,2935090,2935148,0,58,58,completed,8
42573,Rigid,2935090,2935090,2935158,0,68,68,completed,8
42574,Rigid,2935090,2935094,2935140,4,46,50,completed,8
42575,Rigid,2935090,2935094,2935143,4,49,53,completed,8
42576,Rigid,2935091,2935094,2935144,3,50,53,completed,8
42577,Rigid,2935091,2935094,2935150,3,56,59,completed,8
42578,Rigid,2935091,2935094,2935140,3,46,49,completed,8
42579,Rigid,2935091,2935094,2935142,3,48,51,completed,8
42580,Rigid,2935091,2935094,2935142,3,48,51,completed,8
42581,Rigid,2935091,2935094,2935146,3,52,55,completed,8
42582,Rigid,2935091,2935094,2935139,3,45,48,completed,8
42583,Rigid,2935091,2935094,2935140,3,46,49,completed,8
42584,Rigid,2935091,2935094,2935140,3,46,49,completed,8
42585,Rigid,2935092,2935094,2935142,2,48,50,completed,8
42586,Rigid,2935092,2935094,2935139,2,45,47,completed,8
42587,Rigid,2935092,2935094,2935139,2,45,47,completed,8
42588,Rigid,2935092,2935094,2935139,2,45,47,completed,8
42589,Rigid,2935092,2935094,2935140,2,46,48,completed,8
42590,Rigid,2935092,2935094,2935140,2,46,48,completed,8
42591,Rigid,2935092,2935094,2935142,2,48,50,completed,8
42592,Rigid,2935092,2935094,2935143,2,49,51,completed,8
42593,Rigid,2935093,2935094,2935147,1,53,54,completed,8
42594,Rigid,2935093,2935094,2935140,1,46,47,completed,8
42595,Rigid,2935093,2935094,2935140,1,46,47,completed,8
42596,Rigid,2935093,2935094,2935141,1,47,48,completed,8
42597,Rigid,2935093,2935094,2935143,1,49,50,completed,8
42598,Rigid,2935093,2935094,2935140,1,46,47,completed,8
42599,Rigid,2935093,2935094,2935140,1,46,47,completed,8
42600,Rigid,2935093,2935094,2935140,1,46,47,completed,8
42601,Rigid,2935093,2935094,2935142,1,48,49,completed,8
42602,Rigid,2935093,2935094,2935139,1,45,46,completed,8
42603,Rigid,2935093,2935094,2935139,1,45,46,completed,8
42604,Rigid,2935094,2935094,2935139,0,45,45,completed,8
42605,Rigid,2935094,2935094,2935140,0,46,46,completed,8
42606,Rigid,2935094,2935098,2935139,4,41,45,completed,8
42607,Rigid,2935094,2935098,2935139,4,41,45,completed,8
42608,Rigid,2935094,2935098,2935139,4,41,45,completed,8
42609,Rigid,2935094,2935098,2935140,4,42,46,completed,8
42610,Rigid,2935094,2935098,2935143,4,45,49,completed,8
42611,Rigid,2935095,2935098,2935151,3,53,56,completed,8
42612,Rigid,2935095,2935098,2935153,3,55,58,completed,8
42613,Rigid,2935095,2935098,2935170,3,72,75,completed,8
42614,Rigid,2935095,2935098,2935140,3,42,45,completed,8
42615,Rigid,2935095,2935098,2935143,3,45,48,completed,8
42616,Rigid,2935095,2935098,2935143,3,45,48,completed,8
42617,Rigid,2935095,2935098,2935150,3,52,55,completed,8
42618,Rigid,2935095,2935098,2935142,3,44,47,completed,8
42619,Rigid,2935095,2935098,2935146,3,48,51,completed,8
42620,Rigid,2935095,2935098,2935147,3,49,52,completed,8
42621,Rigid,2935096,2935098,2935158,2,60,62,completed,8
42622,Rigid,2935096,2935098,2935139,2,41,43,completed,8
42623,Rigid,2935096,2935098,2935139,2,41,43,completed,8
42624,Rigid,2935096,2935098,2935139,2,41,43,completed,8
42625,Rigid,2935096,2935098,2935140,2,42,44,completed,8
42626,Rigid,2935096,2935098,2935140,2,42,44,completed,8
42627,Rigid,2935096,2935098,2935141,2,43,45,completed,8
42628,Rigid,2935096,2935098,2935142,2,44,46,completed,8
42629,Rigid,2935096,2935098,2935145,2,47,49,completed,8
42630,Rigid,2935097,2935098,2935144,1,46,47,completed,8
42631,Rigid,2935097,2935098,2935151,1,53,54,completed,8
42632,Rigid,2935097,2935098,2935153,1,55,56,completed,8
42633,Rigid,2935097,2935098,2935170,1,72,73,completed,8
42634,Rigid,2935097,2935098,2935140,1,42,43,completed,8
42635,Rigid,2935097,2935098,2935143,1,45,46,completed,8
42636,Rigid,2935097,2935098,2935143,1,45,46,completed,8
42637,Rigid,2935097,2935098,2935150,1,52,53,completed,8
42638,Rigid,2935097,2935098,2935142,1,44,45,completed,8
42639,Rigid,2935097,2935098,2935146,1,48,49,completed,8
42640,Rigid,2935098,2935098,2935147,0,49,49,completed,8
42641,Rigid,2935098,2935141,2935186,43,45,88,completed,8
42642,Rigid,2935098,2935141,2935167,43,26,69,completed,8
42643,Rigid,2935098,2935141,2935167,43,26,69,completed,8
42644,Rigid,2935098,2935141,2935167,43,26,69,completed,8
42645,Rigid,2935098,2935141,2935168,43,27,70,completed,8
42646,Rigid,2935098,2935141,2935168,43,27,70,completed,8
42647,Rigid,2935098,2935141,2935169,43,28,71,completed,8
42648,Rigid,2935098,2935141,2935170,43,29,72,completed,8
42649,Rigid,2935099,2935141,2935172,42,31,73,completed,8
42650,Rigid,2935099,2935141,2935168,42,27,69,completed,8
42651,Rigid,2935099,2935141,2935170,42,29,71,completed,8
42652,Rigid,2935099,2935141,2935171,42,30,72,completed,8
42653,Rigid,2935100,2935141,2935175,41,34,75,completed,8
42654,Rigid,2935100,2935141,2935165,41,24,65,completed,8
42655,Rigid,2935100,2935141,2935166,41,25,66,completed,8
42656,Rigid,2935100,2935141,2935166,41,25,66,completed,8
42657,Rigid,2935100,2935141,2935171,41,30,71,completed,8
42658,Rigid,2935101,2935141,2935167,40,26,66,completed,8
42659,Rigid,2935101,2935141,2935168,40,27,67,completed,8
42660,Rigid,2935101,2935141,2935168,40,27,67,completed,8
42661,Rigid,2935101,2935141,2935172,40,31,71,completed,8
42662,Rigid,2935101,2935141,2935167,40,26,66,completed,8
42663,Rigid,2935101,2935141,2935167,40,26,66,completed,8
42664,Rigid,2935101,2935141,2935167,40,26,66,completed,8
42665,Rigid,2935101,2935141,2935166,40,25,65,completed,8
42666,Rigid,2935102,2935141,2935166,39,25,64,completed,8
42667,Rigid,2935102,2935141,2935166,39,25,64,completed,8
42668,Rigid,2935102,2935141,2935166,39,25,64,completed,8
42669,Rigid,2935102,2935141,2935168,39,27,66,completed,8
42670,Rigid,2935102,2935141,2935168,39,27,66,completed,8
42671,Rigid,2935102,2935141,2935168,39,27,66,completed,8
42672,Rigid,2935102,2935141,2935168,39,27,66,completed,8
42673,Rigid,2935102,2935141,2935170,39,29,68,completed,8
42674,Rigid,2935102,2935141,2935167,39,26,65,completed,8
42675,Rigid,2935102,2935141,2935167,39,26,65,completed,8
42676,Rigid,2935103,2935141,2935168,38,27,65,completed,8
42677,Rigid,2935103,2935141,2935169,38,28,66,completed,8
42678,Rigid,2935103,2935141,2935167,38,26,64,completed,8
42679,Rigid,2935103,2935141,2935167,38,26,64,completed,8
42680,Rigid,2935103,2935141,2935167,38,26,64,completed,8
42681,Rigid,2935103,2935141,2935167,38,26,64,completed,8
42682,Rigid,2935103,2935141,2935167,38,26,64,completed,8
42683,Rigid,2935103,2935141,2935167,38,26,64,completed,8
42684,Rigid,2935103,2935141,2935167,38,26,64,completed,8
42685,Rigid,2935103,2935141,2935167,38,26,64,completed,8
42686,Rigid,2935103,2935141,2935166,38,25,63,completed,8
42687,Rigid,2935103,2935141,2935166,38,25,63,completed,8
42688,Rigid,2935104,2935141,2935166,37,25,62,completed,8
42689,Rigid,2935104,2935141,2935167,37,26,63,completed,8
42690,Rigid,2935104,2935141,2935168,37,27,64,completed,8
42691,Rigid,2935104,2935141,2935169,37,28,65,completed,8
42692,Rigid,2935104,2935141,2935170,37,29,66,completed,8
42693,Rigid,2935105,2935141,2935172,36,31,67,completed,8
42694,Rigid,2935105,2935141,2935167,36,26,62,completed,8
42695,Rigid,2935105,2935141,2935167,36,26,62,completed,8
42696,Rigid,2935105,2935141,2935168,36,27,63,completed,8
42697,Rigid,2935105,2935141,2935171,36,30,66,completed,8
42698,Rigid,2935105,2935141,2935167,36,26,62,completed,8
42699,Rigid,2935105,2935141,2935167,36,26,62,completed,8
42700,Rigid,2935105,2935141,2935167,36,26,62,completed,8
42701,Rigid,2935105,2935141,2935168,36,27,63,completed,8
42702,Rigid,2935105,2935141,2935167,36,26,62,completed,8
42703,Rigid,2935106,2935141,2935168,35,27,62,completed,8
42704,Rigid,2935106,2935141,2935168,35,27,62,completed,8
42705,Rigid,2935106,2935141,2935170,35,29,64,completed,8
42706,Rigid,2935106,2935141,2935167,35,26,61,completed,8
42707,Rigid,2935106,2935141,2935167,35,26,61,completed,8
42708,Rigid,2935106,2935141,2935167,35,26,61,completed,8
42709,Rigid,2935106,2935141,2935167,35,26,61,completed,8
42710,Rigid,2935106,2935141,2935170,35,29,64,completed,8
42711,Rigid,2935106,2935141,2935175,35,34,69,completed,8
42712,Rigid,2935107,2935141,2935177,34,36,70,completed,8
42713,Rigid,2935107,2935141,2935188,34,47,81,completed,8
42714,Rigid,2935107,2935141,2935169,34,28,62,completed,8
42715,Rigid,2935107,2935141,2935171,34,30,64,completed,8
42716,Rigid,2935107,2935141,2935172,34,31,65,completed,8
42717,Rigid,2935107,2935141,2935176,34,35,69,completed,8
42718,Rigid,2935107,2935141,2935167,34,26,60,completed,8
42719,Rigid,2935107,2935141,2935169,34,28,62,completed,8
42720,Rigid,2935107,2935141,2935169,34,28,62,completed,8
42721,Rigid,2935107,2935141,2935175,34,34,68,completed,8
42722,Rigid,2935108,2935141,2935167,33,26,59,completed,8
42723,Rigid,2935108,2935141,2935168,33,27,60,completed,8
42724,Rigid,2935108,2935141,2935168,33,27,60,completed,8
42725,Rigid,2935108,2935141,2935169,33,28,61,completed,8
42726,Rigid,2935108,2935141,2935166,33,25,58,completed,8
42727,Rigid,2935108,2935141,2935166,33,25,58,completed,8
42728,Rigid,2935108,2935141,2935166,33,25,58,completed,8
42729,Rigid,2935108,2935142,2935169,34,27,61,completed,8
42730,Rigid,2935108,2935142,2935172,34,30,64,completed,8
42731,Rigid,2935108,2935142,2935180,34,38,72,completed,8
42732,Rigid,2935109,2935142,2935182,33,40,73,completed,8
42733,Rigid,2935109,2935142,2935199,33,57,90,completed,8
42734,Rigid,2935109,2935142,2935170,33,28,61,completed,8
42735,Rigid,2935109,2935142,2935173,33,31,64,completed,8
42736,Rigid,2935109,2935142,2935174,33,32,65,completed,8
42737,Rigid,2935109,2935142,2935182,33,40,73,completed,8
42738,Rigid,2935109,2935142,2935169,33,27,60,completed,8
42739,Rigid,2935109,2935142,2935173,33,31,64,completed,8
42740,Rigid,2935109,2935142,2935174,33,32,65,completed,8
42741,Rigid,2935110,2935142,2935182,32,40,72,completed,8
42742,Rigid,2935110,2935142,2935168,32,26,58,completed,8
42743,Rigid,2935110,2935142,2935168,32,26,58,completed,8
42744,Rigid,2935110,2935142,2935168,32,26,58,completed,8
42745,Rigid,2935110,2935142,2935170,32,28,60,completed,8
42746,Rigid,2935110,2935142,2935168,32,26,58,completed,8
42747,Rigid,2935110,2935142,2935168,32,26,58,completed,8
42748,Rigid,2935110,2935142,2935168,32,26,58,completed,8
42749,Rigid,2935110,2935142,2935170,32,28,60,completed,8
42750,Rigid,2935110,2935142,2935169,32,27,59,completed,8
42751,Rigid,2935110,2935142,2935172,32,30,62,completed,8
42752,Rigid,2935110,2935142,2935172,32,30,62,completed,8
42753,Rigid,2935111,2935142,2935178,31,36,67,completed,8
42754,Rigid,2935111,2935142,2935168,31,26,57,completed,8
42755,Rigid,2935111,2935142,2935169,31,27,58,completed,8
42756,Rigid,2935111,2935142,2935169,31,27,58,completed,8
42757,Rigid,2935111,2935142,2935172,31,30,61,completed,8
42758,Rigid,2935111,2935142,2935168,31,26,57,completed,8
42759,Rigid,2935111,2935142,2935169,31,27,58,completed,8
42760,Rigid,2935111,2935142,2935169,31,27,58,completed,8
42761,Rigid,2935111,2935142,2935172,31,30,61,completed,8
42762,Rigid,2935111,2935142,2935167,31,25,56,completed,8
42763,Rigid,2935111,2935142,2935167,31,25,56,completed,8
42764,Rigid,2935111,2935142,2935167,31,25,56,completed,8
42765,Rigid,2935111,2935142,2935168,31,26,57,completed,8
42766,Rigid,2935112,2935142,2935167,30,25,55,completed,8
42767,Rigid,2935112,2935142,2935167,30,25,55,completed,8
42768,Rigid,2935112,2935142,2935167,30,25,55,completed,8
42769,Rigid,2935112,2935142,2935170,30,28,58,completed,8
42770,Rigid,2935862,2935863,3108681,1,172818,172819,completed,288
42771,Rigid,2935908,2935909,3108711,1,172802,172803,completed,288
42772,Rigid,2935964,3024753,3118995,88789,94242,183031,completed,288
42773,Rigid,2936022,3024753,3118759,88731,94006,182737,completed,288
42774,Rigid,2936554,2936558,3119095,4,182537,182541,completed,36
42775,Rigid,2936610,2936610,3119095,0,182485,182485,completed,36
42776,Rigid,2936648,2936648,3119095,0,182447,182447,completed,36
42777,Rigid,2936692,2936692,3111521,0,174829,174829,completed,36
42778,Rigid,2936898,2936898,2936908,0,10,10,completed,1
42779,Rigid,2936898,2936927,2936931,29,4,33,completed,1
42780,Rigid,2936898,2991988,2991993,55090,5,55095,completed,1
42781,Rigid,2937010,2937011,2937014,1,3,4,completed,1
42782,Rigid,2937097,2937098,2937101,1,3,4,completed,1
42783,Rigid,2937098,2937113,2937123,15,10,25,completed,1
42784,Rigid,2937098,2990054,2990063,52956,9,52965,completed,1
42785,Rigid,2937106,2937106,3119095,0,181989,181989,completed,36
42786,Rigid,2937326,2937327,2937330,1,3,4,completed,1
42787,Rigid,2937327,2937352,2937355,25,3,28,completed,1
42788,Rigid,2937327,2991128,2991139,53801,11,53812,completed,1
42789,Rigid,2938135,2938135,2938186,0,51,51,completed,1
42790,Rigid,2938240,2938241,2938271,1,30,31,completed,1
42791,Rigid,2938612,2938613,2945451,1,6838,6839,completed,1
42792,Rigid,2939065,2939066,2981960,1,42894,42895,completed,1
42793,Rigid,2939068,2939070,2991866,2,52796,52798,completed,1
42794,Rigid,2939072,2939074,2977908,2,38834,38836,completed,1
42795,Rigid,2939076,2939078,2979188,2,40110,40112,completed,1
42796,Rigid,2939722,2939723,2978810,1,39087,39088,completed,1
42797,Rigid,2939725,2939727,2981735,2,42008,42010,completed,1
42798,Rigid,2939730,2939731,2983271,1,43540,43541,completed,1
42799,Rigid,2939736,2939738,2993459,2,53721,53723,completed,1
42800,Rigid,2939742,2939742,2981431,0,41689,41689,completed,1
42801,Rigid,2939891,2939891,3042770,0,102879,102879,completed,1
42802,Rigid,2940526,2940527,2940890,1,363,364,completed,36
42803,Rigid,2940527,2940531,2940894,4,363,367,completed,36
42804,Rigid,2940528,2940531,2940895,3,364,367,completed,36
42805,Rigid,2940529,2940531,2940894,2,363,365,completed,36
42806,Rigid,2940529,2940531,2940895,2,364,366,completed,36
42807,Rigid,2940530,2940531,2940892,1,361,362,completed,36
42808,Rigid,2940530,2940531,2940893,1,362,363,completed,36
42809,Rigid,2940530,2940531,2940893,1,362,363,completed,36
42810,Rigid,2940531,2940531,2940894,0,363,363,completed,36
42811,Rigid,2940531,2940535,2940895,4,360,364,completed,36
42812,Rigid,2940531,2940535,2940895,4,360,364,completed,36
42813,Rigid,2940532,2940535,2940897,3,362,365,completed,36
42814,Rigid,2940532,2940535,2940898,3,363,366,completed,36
42815,Rigid,2940532,2940535,2940898,3,363,366,completed,36
42816,Rigid,2940533,2940535,2940899,2,364,366,completed,36
42817,Rigid,2940533,2940535,2940896,2,361,363,completed,36
42818,Rigid,2941040,2941041,2941786,1,745,746,completed,36
42819,Rigid,2941041,2941045,2942115,4,1070,1074,completed,36
42820,Rigid,2941943,2941944,2955535,1,13591,13592,completed,72
42821,Rigid,2942023,2942026,2978509,3,36483,36486,completed,1
42822,Rigid,2942024,2942026,2978344,2,36318,36320,completed,1
42823,Rigid,2942024,2942026,2978902,2,36876,36878,completed,1
42824,Rigid,2942025,2942026,2979814,1,37788,37789,completed,1
42825,Rigid,2942025,2942026,2942040,1,14,15,completed,1
42826,Rigid,2942025,2942026,2942040,1,14,15,completed,1
42827,Rigid,2942781,2942781,2978910,0,36129,36129,completed,1
42828,Rigid,2942781,2942785,2978779,4,35994,35998,completed,1
42829,Rigid,2942782,2942785,2978894,3,36109,36112,completed,1
42830,Rigid,2942782,2942785,2980452,3,37667,37670,completed,1
42831,Rigid,2942783,2942785,2973412,2,30627,30629,completed,1
42832,Rigid,2942783,2942785,2972906,2,30121,30123,completed,1
42833,Rigid,2942888,2942888,2973459,0,30571,30571,completed,1
42834,Rigid,2942916,2942918,2973130,2,30212,30214,completed,1
42835,Rigid,2942920,2942931,2942971,11,40,51,completed,1
42836,Rigid,2942941,2942942,2945766,1,2824,2825,completed,144
42837,Rigid,2943073,2943073,3034923,0,91850,91850,completed,288
42838,Rigid,2944692,2944693,2952282,1,7589,7590,completed,288
42839,Rigid,2944711,2944711,3030910,0,86199,86199,completed,288
42840,Rigid,2944749,2944750,2945070,1,320,321,completed,36
42841,Rigid,2945265,2945265,3041775,0,96510,96510,completed,288
42842,Rigid,2946377,2946377,2960736,0,14359,14359,completed,144
42843,Rigid,2946382,2946382,2958274,0,11892,11892,completed,144
42844,Rigid,2946387,2946387,2960405,0,14018,14018,completed,144
42845,Rigid,2946392,2946392,2960683,0,14291,14291,completed,144
42846,Rigid,2947032,2947033,2947217,1,184,185,completed,36
42847,Rigid,2947282,2947283,2947440,1,157,158,completed,1
42848,Rigid,2947425,2947426,2947666,1,240,241,completed,1
42849,Rigid,2947425,2947426,2947666,1,240,241,completed,1
42850,Rigid,2947564,2947565,2947567,1,2,3,completed,32
42851,Rigid,2947804,2947805,2947945,1,140,141,completed,1
42852,Rigid,2947805,2947805,2947945,0,140,140,completed,1
42853,Rigid,2947805,2947805,2947945,0,140,140,completed,1
42854,Rigid,2947805,2947809,2947945,4,136,140,completed,1
42855,Rigid,2947805,2947809,2947945,4,136,140,completed,1
42856,Rigid,2947805,2947809,2947945,4,136,140,completed,1
42857,Rigid,2947805,2947809,2947945,4,136,140,completed,1
42858,Rigid,2947805,2947809,2947945,4,136,140,completed,1
42859,Rigid,2947805,2947809,2947945,4,136,140,completed,1
42860,Rigid,2947805,2947809,2947945,4,136,140,completed,1
42861,Rigid,2947922,2947922,2947924,0,2,2,completed,32
42862,Rigid,2947974,2947975,3119095,1,171120,171121,completed,1
42863,Rigid,2947974,2947975,3119095,1,171120,171121,completed,1
42864,Rigid,2947974,2947975,3119095,1,171120,171121,completed,1
42865,Rigid,2947974,2947975,3119095,1,171120,171121,completed,1
42866,Rigid,2947974,2947975,3119095,1,171120,171121,completed,1
42867,Rigid,2947974,2947975,3119095,1,171120,171121,completed,1
42868,Rigid,2947974,2947975,3119095,1,171120,171121,completed,1
42869,Rigid,2947974,2947975,3119095,1,171120,171121,completed,1
42870,Rigid,2947974,2947975,3119095,1,171120,171121,completed,1
42871,Rigid,2947974,2947975,3119095,1,171120,171121,completed,1
42872,Rigid,2947974,2947975,3119095,1,171120,171121,completed,1
42873,Rigid,2947974,2947975,3119095,1,171120,171121,completed,1
42874,Rigid,2947974,2947975,3119095,1,171120,171121,completed,1
42875,Rigid,2947974,2947975,3119095,1,171120,171121,completed,1
42876,Rigid,2947974,2947975,3119095,1,171120,171121,completed,1
42877,Rigid,2947974,2947975,3119095,1,171120,171121,completed,1
42878,Rigid,2947974,2947976,3119095,2,171119,171121,completed,1
42879,Rigid,2947974,2947976,3119095,2,171119,171121,completed,1
42880,Rigid,2947974,2947976,3119095,2,171119,171121,completed,1
42881,Rigid,2947974,2947976,3119095,2,171119,171121,completed,1
42882,Rigid,2947974,2947976,3119095,2,171119,171121,completed,1
42883,Rigid,2947974,2947976,3119095,2,171119,171121,completed,1
42884,Rigid,2947974,2947976,3119095,2,171119,171121,completed,1
42885,Rigid,2947974,2947976,3119095,2,171119,171121,completed,1
42886,Rigid,2947974,2947976,3119095,2,171119,171121,completed,1
42887,Rigid,2947974,2947976,3119095,2,171119,171121,completed,1
42888,Rigid,2947974,2947976,3119095,2,171119,171121,completed,1
42889,Rigid,2947974,2947976,3119095,2,171119,171121,completed,1
42890,Rigid,2947974,2947976,3119095,2,171119,171121,completed,1
42891,Rigid,2947974,2947976,3119095,2,171119,171121,completed,1
42892,Rigid,2947974,2947976,3119095,2,171119,171121,completed,1
42893,Rigid,2947974,2947976,3119095,2,171119,171121,completed,1
42894,Rigid,2947974,2947976,3119095,2,171119,171121,completed,1
42895,Rigid,2947974,2947976,3119095,2,171119,171121,completed,1
42896,Rigid,2947974,2947976,3119095,2,171119,171121,completed,1
42897,Rigid,2947974,2947976,3119095,2,171119,171121,completed,1
42898,Rigid,2947974,2947976,3119095,2,171119,171121,completed,1
42899,Rigid,2947974,2947976,3119095,2,171119,171121,completed,1
42900,Rigid,2947974,2947976,3119095,2,171119,171121,completed,1
42901,Rigid,2947974,2947976,3119095,2,171119,171121,completed,1
42902,Rigid,2947974,2947976,3119095,2,171119,171121,completed,1
42903,Rigid,2947974,2947976,3119095,2,171119,171121,completed,1
42904,Rigid,2947974,2947976,3119095,2,171119,171121,completed,1
42905,Rigid,2947974,2947976,3119095,2,171119,171121,completed,1
42906,Rigid,2947974,2947976,3119095,2,171119,171121,completed,1
42907,Rigid,2947974,2947976,3119095,2,171119,171121,completed,1
42908,Rigid,2947974,2947976,3119095,2,171119,171121,completed,1
42909,Rigid,2947974,2947976,3119095,2,171119,171121,completed,1
42910,Rigid,2947974,2947976,3119095,2,171119,171121,completed,1
42911,Rigid,2947974,2947976,3119095,2,171119,171121,completed,1
42912,Rigid,2947979,2947979,3119095,0,171116,171116,completed,1
42913,Rigid,2947979,2947979,3119095,0,171116,171116,completed,1
42914,Rigid,2947979,2947979,3119095,0,171116,171116,completed,1
42915,Rigid,2947979,2947979,3119095,0,171116,171116,completed,1
42916,Rigid,2947979,2947979,3119095,0,171116,171116,completed,1
42917,Rigid,2947979,2947979,3119095,0,171116,171116,completed,1
42918,Rigid,2947979,2947979,3119095,0,171116,171116,completed,1
42919,Rigid,2947979,2947979,3119095,0,171116,171116,completed,1
42920,Rigid,2947979,2947979,3119095,0,171116,171116,completed,1
42921,Rigid,2947979,2947979,3119095,0,171116,171116,completed,1
42922,Rigid,2947979,2947979,3119095,0,171116,171116,completed,1
42923,Rigid,2947979,2947979,3119095,0,171116,171116,completed,1
42924,Rigid,2947979,2947979,3119095,0,171116,171116,completed,1
42925,Rigid,2947979,2947979,3119095,0,171116,171116,completed,1
42926,Rigid,2947979,2947979,3119095,0,171116,171116,completed,1
42927,Rigid,2947979,2947979,3119095,0,171116,171116,completed,1
42928,Rigid,2947979,2947979,3119095,0,171116,171116,completed,1
42929,Rigid,2947979,2947980,3119095,1,171115,171116,completed,1
42930,Rigid,2947979,2947980,3119095,1,171115,171116,completed,1
42931,Rigid,2947979,2947980,3119095,1,171115,171116,completed,1
42932,Rigid,2947979,2947980,3119095,1,171115,171116,completed,1
42933,Rigid,2947979,2947980,3119095,1,171115,171116,completed,1
42934,Rigid,2947979,2947980,3119295,1,171315,171316,completed,1
42935,Rigid,2947979,2947980,3119295,1,171315,171316,completed,1
42936,Rigid,2947979,2947980,3119295,1,171315,171316,completed,1
42937,Rigid,2947979,2947980,3119295,1,171315,171316,completed,1
42938,Rigid,2947979,2947980,3119295,1,171315,171316,completed,1
42939,Rigid,2947979,2947980,3119295,1,171315,171316,completed,1
42940,Rigid,2947979,2947980,3119295,1,171315,171316,completed,1
42941,Rigid,2947979,2947980,3119295,1,171315,171316,completed,1
42942,Rigid,2947979,2947980,3119295,1,171315,171316,completed,1
42943,Rigid,2947979,2947980,3119295,1,171315,171316,completed,1
42944,Rigid,2947979,2947980,3119295,1,171315,171316,completed,1
42945,Rigid,2947979,2947980,3119295,1,171315,171316,completed,1
42946,Rigid,2947979,2947980,3119295,1,171315,171316,completed,1
42947,Rigid,2947979,2947980,3119295,1,171315,171316,completed,1
42948,Rigid,2947979,2947980,3119095,1,171115,171116,completed,1
42949,Rigid,2947979,2947980,3119095,1,171115,171116,completed,1
42950,Rigid,2947979,2947980,3119095,1,171115,171116,completed,1
42951,Rigid,2947979,2947980,3119095,1,171115,171116,completed,1
42952,Rigid,2947979,2947980,3119095,1,171115,171116,completed,1
42953,Rigid,2947979,2947980,3119095,1,171115,171116,completed,1
42954,Rigid,2947979,2947980,3119095,1,171115,171116,completed,1
42955,Rigid,2947979,2947980,3119095,1,171115,171116,completed,1
42956,Rigid,2947979,2947980,3119095,1,171115,171116,completed,1
42957,Rigid,2947979,2947980,3119095,1,171115,171116,completed,1
42958,Rigid,2947979,2947980,3119095,1,171115,171116,completed,1
42959,Rigid,2947979,2947980,3119095,1,171115,171116,completed,1
42960,Rigid,2947979,2947980,3119095,1,171115,171116,completed,1
42961,Rigid,2947979,2947980,3119095,1,171115,171116,completed,1
42962,Rigid,2947984,2947984,3119095,0,171111,171111,completed,1
42963,Rigid,2947984,2947984,3119095,0,171111,171111,completed,1
42964,Rigid,2947984,2947984,3119095,0,171111,171111,completed,1
42965,Rigid,2947984,2947984,3119095,0,171111,171111,completed,1
42966,Rigid,2947984,2947984,3119095,0,171111,171111,completed,1
42967,Rigid,2947984,2947984,3119095,0,171111,171111,completed,1
42968,Rigid,2947984,2947984,3119095,0,171111,171111,completed,1
42969,Rigid,2947984,2947984,3119095,0,171111,171111,completed,1
42970,Rigid,2947984,2947984,3119095,0,171111,171111,completed,1
42971,Rigid,2947984,2947984,3119095,0,171111,171111,completed,1
42972,Rigid,2947984,2947984,3119095,0,171111,171111,completed,1
42973,Rigid,2947984,2947984,3119095,0,171111,171111,completed,1
42974,Rigid,2947984,2947984,3119095,0,171111,171111,completed,1
42975,Rigid,2947984,2947984,3119095,0,171111,171111,completed,1
42976,Rigid,2947984,2947984,3119095,0,171111,171111,completed,1
42977,Rigid,2947984,2947984,3119095,0,171111,171111,completed,1
42978,Rigid,2947984,2947984,3119095,0,171111,171111,completed,1
42979,Rigid,2947984,2947984,3119095,0,171111,171111,completed,1
42980,Rigid,2947984,2947984,3119095,0,171111,171111,completed,1
42981,Rigid,2947984,2947984,3119095,0,171111,171111,completed,1
42982,Rigid,2947984,2947984,3119095,0,171111,171111,completed,1
42983,Rigid,2947984,2947984,3119095,0,171111,171111,completed,1
42984,Rigid,2947984,2947984,3119295,0,171311,171311,completed,1
42985,Rigid,2947984,2947984,3119295,0,171311,171311,completed,1
42986,Rigid,2947984,2947984,3119295,0,171311,171311,completed,1
42987,Rigid,2947984,2947984,3119295,0,171311,171311,completed,1
42988,Rigid,2947984,2947984,3119295,0,171311,171311,completed,1
42989,Rigid,2947984,2947984,3119295,0,171311,171311,completed,1
42990,Rigid,2947984,2947984,3119295,0,171311,171311,completed,1
42991,Rigid,2947984,2947984,3119295,0,171311,171311,completed,1
42992,Rigid,2947984,2947985,3119295,1,171310,171311,completed,1
42993,Rigid,2947984,2947985,3119295,1,171310,171311,completed,1
42994,Rigid,2947984,2947985,3119295,1,171310,171311,completed,1
42995,Rigid,2947984,2947985,3119295,1,171310,171311,completed,1
42996,Rigid,2947984,2947985,3119295,1,171310,171311,completed,1
42997,Rigid,2947984,2947985,3119295,1,171310,171311,completed,1
42998,Rigid,2947984,2947985,3119295,1,171310,171311,completed,1
42999,Rigid,2947984,2947985,3119295,1,171310,171311,completed,1
43000,Rigid,2947984,2947985,3119295,1,171310,171311,completed,1
43001,Rigid,2947984,2947985,3119295,1,171310,171311,completed,1
43002,Rigid,2947984,2947985,3119295,1,171310,171311,completed,1
43003,Rigid,2947984,2947985,3119295,1,171310,171311,completed,1
43004,Rigid,2947984,2947985,3119295,1,171310,171311,completed,1
43005,Rigid,2947984,2947985,3119295,1,171310,171311,completed,1
43006,Rigid,2947984,2947985,3119295,1,171310,171311,completed,1
43007,Rigid,2947984,2947985,3119295,1,171310,171311,completed,1
43008,Rigid,2947984,2947985,3119295,1,171310,171311,completed,1
43009,Rigid,2947984,2947985,3119295,1,171310,171311,completed,1
43010,Rigid,2947984,2947985,3119295,1,171310,171311,completed,1
43011,Rigid,2947984,2947985,3119295,1,171310,171311,completed,1
43012,Rigid,2947990,2947991,3119295,1,171304,171305,completed,1
43013,Rigid,2947990,2947991,3119295,1,171304,171305,completed,1
43014,Rigid,2947990,2947991,3119295,1,171304,171305,completed,1
43015,Rigid,2947990,2947991,3119295,1,171304,171305,completed,1
43016,Rigid,2947990,2947991,3119295,1,171304,171305,completed,1
43017,Rigid,2947990,2947991,3119295,1,171304,171305,completed,1
43018,Rigid,2947990,2947992,3119295,2,171303,171305,completed,1
43019,Rigid,2947990,2947992,3119295,2,171303,171305,completed,1
43020,Rigid,2947990,2947992,3119095,2,171103,171105,completed,1
43021,Rigid,2947990,2947992,3119095,2,171103,171105,completed,1
43022,Rigid,2947990,2947992,3119095,2,171103,171105,completed,1
43023,Rigid,2947990,2947992,3119095,2,171103,171105,completed,1
43024,Rigid,2947990,2947992,3119095,2,171103,171105,completed,1
43025,Rigid,2947990,2947992,3119095,2,171103,171105,completed,1
43026,Rigid,2947990,2947992,3119095,2,171103,171105,completed,1
43027,Rigid,2947990,2947992,3119095,2,171103,171105,completed,1
43028,Rigid,2947990,2947992,3119095,2,171103,171105,completed,1
43029,Rigid,2947990,2947992,3119095,2,171103,171105,completed,1
43030,Rigid,2947990,2947992,3119095,2,171103,171105,completed,1
43031,Rigid,2947990,2947992,3119095,2,171103,171105,completed,1
43032,Rigid,2947990,2947992,3119095,2,171103,171105,completed,1
43033,Rigid,2947990,2947992,3119095,2,171103,171105,completed,1
43034,Rigid,2947990,2947992,3119095,2,171103,171105,completed,1
43035,Rigid,2947990,2947992,3119095,2,171103,171105,completed,1
43036,Rigid,2947990,2947992,3119095,2,171103,171105,completed,1
43037,Rigid,2947990,2947992,3119095,2,171103,171105,completed,1
43038,Rigid,2947990,2947992,3119095,2,171103,171105,completed,1
43039,Rigid,2947990,2947992,3119095,2,171103,171105,completed,1
43040,Rigid,2947990,2947992,3119095,2,171103,171105,completed,1
43041,Rigid,2947990,2947992,3119095,2,171103,171105,completed,1
43042,Rigid,2947990,2947992,3119095,2,171103,171105,completed,1
43043,Rigid,2947990,2947992,3119095,2,171103,171105,completed,1
43044,Rigid,2947990,2947992,3119095,2,171103,171105,completed,1
43045,Rigid,2947990,2947992,3119095,2,171103,171105,completed,1
43046,Rigid,2947990,2947992,3119095,2,171103,171105,completed,1
43047,Rigid,2947990,2947992,3119095,2,171103,171105,completed,1
43048,Rigid,2947990,2947992,3119095,2,171103,171105,completed,1
43049,Rigid,2947990,2947992,3119095,2,171103,171105,completed,1
43050,Rigid,2947990,2947992,3119095,2,171103,171105,completed,1
43051,Rigid,2947990,2947992,3119095,2,171103,171105,completed,1
43052,Rigid,2947990,2947992,3119095,2,171103,171105,completed,1
43053,Rigid,2947990,2947992,3119095,2,171103,171105,completed,1
43054,Rigid,2947990,2947992,3119095,2,171103,171105,completed,1
43055,Rigid,2947990,2947992,3119095,2,171103,171105,completed,1
43056,Rigid,2947990,2947998,3119095,8,171097,171105,completed,1
43057,Rigid,2947990,2947998,3119095,8,171097,171105,completed,1
43058,Rigid,2947990,2947998,3119095,8,171097,171105,completed,1
43059,Rigid,2947990,2947998,3119095,8,171097,171105,completed,1
43060,Rigid,2947990,2947998,3119095,8,171097,171105,completed,1
43061,Rigid,2947990,2947998,3119095,8,171097,171105,completed,1
43062,Rigid,2947997,2947998,2948001,1,3,4,completed,32
43063,Rigid,2948010,2948011,2948013,1,2,3,completed,32
43064,Rigid,2948071,2948071,2953765,0,5694,5694,completed,1
43065,Rigid,2948073,2948074,2953765,1,5691,5692,completed,1
43066,Rigid,2948075,2948078,2953765,3,5687,5690,completed,1
43067,Rigid,2948077,2948078,2953765,1,5687,5688,completed,1
43068,Rigid,2948079,2948082,2953765,3,5683,5686,completed,1
43069,Rigid,2948081,2948082,2953765,1,5683,5684,completed,1
43070,Rigid,2948083,2948086,2953765,3,5679,5682,completed,1
43071,Rigid,2948085,2948086,2953765,1,5679,5680,completed,1
43072,Rigid,2948087,2948090,2953765,3,5675,5678,completed,1
43073,Rigid,2948089,2948090,2953765,1,5675,5676,completed,1
43074,Rigid,2948091,2948093,2953765,2,5672,5674,completed,1
43075,Rigid,2948093,2948094,2953765,1,5671,5672,completed,1
43076,Rigid,2948095,2948098,2953765,3,5667,5670,completed,1
43077,Rigid,2948097,2948098,2953765,1,5667,5668,completed,1
43078,Rigid,2948099,2948102,2953765,3,5663,5666,completed,1
43079,Rigid,2948102,2948102,2953765,0,5663,5663,completed,1
43080,Rigid,2948104,2948106,2953765,2,5659,5661,completed,1
43081,Rigid,2948106,2948106,2953765,0,5659,5659,completed,1
43082,Rigid,2948108,2948110,2953765,2,5655,5657,completed,1
43083,Rigid,2948110,2948110,2953765,0,5655,5655,completed,1
43084,Rigid,2948364,2948364,2948551,0,187,187,completed,8
43085,Rigid,2950077,2950078,2950383,1,305,306,completed,144
43086,Rigid,2950077,2950078,2950529,1,451,452,completed,144
43087,Rigid,2950077,2950078,2950498,1,420,421,completed,144
43088,Rigid,2950077,2950078,2950499,1,421,422,completed,144
43089,Rigid,2950077,2950078,2950530,1,452,453,completed,144
43090,Rigid,2950077,2950078,2950529,1,451,452,completed,144
43091,Rigid,2950077,2950078,2950527,1,449,450,completed,144
43092,Rigid,2950078,2950078,2950531,0,453,453,completed,144
43093,Rigid,2950078,2950078,2950531,0,453,453,completed,144
43094,Rigid,2950078,2950078,2950483,0,405,405,completed,144
43095,Rigid,2950078,2950078,2950529,0,451,451,completed,144
43096,Rigid,2950078,2950078,2950530,0,452,452,completed,144
43097,Rigid,2950078,2950078,2950383,0,305,305,completed,144
43098,Rigid,2950078,2950078,2950529,0,451,451,completed,144
43099,Rigid,2950078,2950078,2950530,0,452,452,completed,144
43100,Rigid,2950078,2950082,2950499,4,417,421,completed,144
43101,Rigid,2950078,2950082,2950531,4,449,453,completed,144
43102,Rigid,2950078,2950082,2950530,4,448,452,completed,144
43103,Rigid,2950078,2950082,2950531,4,449,453,completed,144
43104,Rigid,2950078,2950082,2950384,4,302,306,completed,144
43105,Rigid,2950078,2950082,2950383,4,301,305,completed,144
43106,Rigid,2950079,2950082,2950530,3,448,451,completed,144
43107,Rigid,2950079,2950384,2950738,305,354,659,completed,144
43108,Rigid,2950079,2950384,2950738,305,354,659,completed,144
43109,Rigid,2950079,2950384,2950738,305,354,659,completed,144
43110,Rigid,2950079,2950384,2950739,305,355,660,completed,144
43111,Rigid,2950079,2950485,2950749,406,264,670,completed,144
43112,Rigid,2950079,2950500,2950761,421,261,682,completed,144
43113,Rigid,2950079,2950500,2950759,421,259,680,completed,144
43114,Rigid,2950079,2950500,2950748,421,248,669,completed,144
43115,Rigid,2950079,2950529,2950782,450,253,703,completed,144
43116,Rigid,2950079,2950531,2950782,452,251,703,completed,144
43117,Rigid,2950079,2950531,2950782,452,251,703,completed,144
43118,Rigid,2950079,2950531,2950782,452,251,703,completed,144
43119,Rigid,2950080,2950531,2950782,451,251,702,completed,144
43120,Rigid,2950080,2950531,2950782,451,251,702,completed,144
43121,Rigid,2951924,2951924,2966978,0,15054,15054,completed,36
43122,Rigid,2951924,2951924,2967035,0,15111,15111,completed,36
43123,Rigid,2951925,2951928,2966974,3,15046,15049,completed,36
43124,Rigid,2951925,2951928,2966977,3,15049,15052,completed,36
43125,Rigid,2951925,2951928,2966992,3,15064,15067,completed,36
43126,Rigid,2951925,2951928,2967063,3,15135,15138,completed,36
43127,Rigid,2951925,2951928,2966991,3,15063,15066,completed,36
43128,Rigid,2951925,2951928,2966979,3,15051,15054,completed,36
43129,Rigid,2951925,2951928,2967004,3,15076,15079,completed,36
43130,Rigid,2951926,2951928,2967068,2,15140,15142,completed,36
43131,Rigid,2951926,2951928,2967067,2,15139,15141,completed,36
43132,Rigid,2951926,2951928,2966974,2,15046,15048,completed,36
43133,Rigid,2952627,2952627,2955153,0,2526,2526,completed,144
43134,Rigid,2952627,2952627,2955087,0,2460,2460,completed,144
43135,Rigid,2952627,2952627,2955064,0,2437,2437,completed,144
43136,Rigid,2952627,2952627,2955082,0,2455,2455,completed,144
43137,Rigid,2952627,2952627,2955099,0,2472,2472,completed,144
43138,Rigid,2952627,2952627,2955091,0,2464,2464,completed,144
43139,Rigid,2952627,2952627,2955064,0,2437,2437,completed,144
43140,Rigid,2952627,2952627,2955073,0,2446,2446,completed,144
43141,Rigid,2952627,2952627,2955157,0,2530,2530,completed,144
43142,Rigid,2952627,2952627,2955160,0,2533,2533,completed,144
43143,Rigid,2952627,2952627,2955063,0,2436,2436,completed,144
43144,Rigid,2952627,2952627,2955053,0,2426,2426,completed,144
43145,Rigid,2952627,2952631,2955086,4,2455,2459,completed,144
43146,Rigid,2952627,2952631,2955063,4,2432,2436,completed,144
43147,Rigid,2952627,2952631,2955160,4,2529,2533,completed,144
43148,Rigid,2952628,2952631,2955100,3,2469,2472,completed,144
43149,Rigid,2952628,2952631,2955080,3,2449,2452,completed,144
43150,Rigid,2952628,2952631,2955159,3,2528,2531,completed,144
43151,Rigid,2952628,2952631,2955075,3,2444,2447,completed,144
43152,Rigid,2952628,2952631,2955061,3,2430,2433,completed,144
43153,Rigid,2952628,2952631,2955160,3,2529,2532,completed,144
43154,Rigid,2952628,2952631,2955112,3,2481,2484,completed,144
43155,Rigid,2952628,2955054,2957374,2426,2320,4746,completed,144
43156,Rigid,2952628,2955063,2957388,2435,2325,4760,completed,144
43157,Rigid,2952628,2955064,2957419,2436,2355,4791,completed,144
43158,Rigid,2952629,2955064,2957392,2435,2328,4763,completed,144
43159,Rigid,2952629,2955064,2957431,2435,2367,4802,completed,144
43160,Rigid,2952629,2955064,2957411,2435,2347,4782,completed,144
43161,Rigid,2952629,2955073,2957404,2444,2331,4775,completed,144
43162,Rigid,2952629,2955075,2957412,2446,2337,4783,completed,144
43163,Rigid,2952629,2955081,2957426,2452,2345,4797,completed,144
43164,Rigid,2952629,2955084,2957415,2455,2331,4786,completed,144
43165,Rigid,2952629,2955088,2957365,2459,2277,4736,completed,144
43166,Rigid,2952630,2955088,2957414,2458,2326,4784,completed,144
43167,Rigid,2952630,2955092,2957427,2462,2335,4797,completed,144
43168,Rigid,2952630,2955100,2957414,2470,2314,4784,completed,144
43169,Rigid,2953176,2953179,2953182,3,3,6,completed,32
43170,Rigid,2953295,2953295,2953298,0,3,3,completed,32
43171,Rigid,2953662,2955102,2957443,1440,2341,3781,completed,144
43172,Rigid,2953896,2953899,2953901,3,2,5,completed,32
43173,Rigid,2953996,2953997,2953999,1,2,3,completed,32
43174,Rigid,2954182,2954182,2975240,0,21058,21058,completed,1
43175,Rigid,2954182,2954182,2975436,0,21254,21254,completed,1
43176,Rigid,2954182,2954182,2975739,0,21557,21557,completed,1
43177,Rigid,2954182,2954182,2975714,0,21532,21532,completed,1
43178,Rigid,2954182,2954182,2975319,0,21137,21137,completed,1
43179,Rigid,2954182,2954182,2975466,0,21284,21284,completed,1
43180,Rigid,2954182,2954182,2975888,0,21706,21706,completed,1
43181,Rigid,2954182,2954182,2975571,0,21389,21389,completed,1
43182,Rigid,2954182,2954182,2975367,0,21185,21185,completed,1
43183,Rigid,2954182,2954182,2975383,0,21201,21201,completed,1
43184,Rigid,2954182,2954182,2975126,0,20944,20944,completed,1
43185,Rigid,2954182,2954182,2975279,0,21097,21097,completed,1
43186,Rigid,2954182,2954182,2974876,0,20694,20694,completed,1
43187,Rigid,2954182,2954182,2974993,0,20811,20811,completed,1
43188,Rigid,2954182,2954182,2975328,0,21146,21146,completed,1
43189,Rigid,2954182,2954182,2975188,0,21006,21006,completed,1
43190,Rigid,2954182,2954182,2974947,0,20765,20765,completed,1
43191,Rigid,2954182,2954182,2975013,0,20831,20831,completed,1
43192,Rigid,2954182,2954182,2974983,0,20801,20801,completed,1
43193,Rigid,2954182,2954182,2975186,0,21004,21004,completed,1
43194,Rigid,2954182,2954182,2975488,0,21306,21306,completed,1
43195,Rigid,2954182,2954182,2975615,0,21433,21433,completed,1
43196,Rigid,2954182,2954182,2975191,0,21009,21009,completed,1
43197,Rigid,2954182,2954182,2975198,0,21016,21016,completed,1
43198,Rigid,2954182,2954182,2974878,0,20696,20696,completed,1
43199,Rigid,2954182,2954182,2975770,0,21588,21588,completed,1
43200,Rigid,2954182,2954182,2975571,0,21389,21389,completed,1
43201,Rigid,2954182,2954182,2975335,0,21153,21153,completed,1
43202,Rigid,2954182,2954182,2974677,0,20495,20495,completed,1
43203,Rigid,2954182,2954183,2974957,1,20774,20775,completed,1
43204,Rigid,2954182,2954183,2975101,1,20918,20919,completed,1
43205,Rigid,2954182,2954183,2975582,1,21399,21400,completed,1
43206,Rigid,2954182,2954183,2974970,1,20787,20788,completed,1
43207,Rigid,2954182,2954183,2975627,1,21444,21445,completed,1
43208,Rigid,2954182,2954183,2974884,1,20701,20702,completed,1
43209,Rigid,2954182,2954183,2975224,1,21041,21042,completed,1
43210,Rigid,2954182,2954183,2975335,1,21152,21153,completed,1
43211,Rigid,2954182,2954183,2974986,1,20803,20804,completed,1
43212,Rigid,2954182,2954183,2975367,1,21184,21185,completed,1
43213,Rigid,2954182,2954183,2975627,1,21444,21445,completed,1
43214,Rigid,2954182,2954183,2974712,1,20529,20530,completed,1
43215,Rigid,2954182,2954183,2975252,1,21069,21070,completed,1
43216,Rigid,2954182,2954183,2975104,1,20921,20922,completed,1
43217,Rigid,2954182,2954183,2975853,1,21670,21671,completed,1
43218,Rigid,2954182,2954183,2976410,1,22227,22228,completed,1
43219,Rigid,2954182,2954183,2976438,1,22255,22256,completed,1
43220,Rigid,2954182,2954183,2976175,1,21992,21993,completed,1
43221,Rigid,2954182,2954183,2976150,1,21967,21968,completed,1
43222,Rigid,2954182,2954183,2976441,1,22258,22259,completed,1
43223,Rigid,2954182,2954183,2976354,1,22171,22172,completed,1
43224,Rigid,2954627,2954627,2954630,0,3,3,completed,32
43225,Rigid,2954677,2954679,2954682,2,3,5,completed,32
43226,Rigid,2955073,2955073,2955089,0,16,16,completed,32
43227,Rigid,2955172,2955172,2962555,0,7383,7383,completed,18
43228,Rigid,2955172,2955172,2962429,0,7257,7257,completed,18
43229,Rigid,2955172,2955172,2962632,0,7460,7460,completed,18
43230,Rigid,2955172,2955172,2962595,0,7423,7423,completed,18
43231,Rigid,2955460,2955461,2962894,1,7433,7434,completed,18
43232,Rigid,2955461,2955461,2962832,0,7371,7371,completed,18
43233,Rigid,2955461,2955461,2962825,0,7364,7364,completed,18
43234,Rigid,2955461,2955461,2962893,0,7432,7432,completed,18
43235,Rigid,2955685,2955685,2960519,0,4834,4834,completed,72
43236,Rigid,2956378,2956379,2964085,1,7706,7707,completed,288
43237,Rigid,2956605,2956606,2956829,1,223,224,completed,36
43238,Rigid,2956867,2956867,2956870,0,3,3,completed,32
43239,Rigid,2957079,2957080,2957083,1,3,4,completed,32
43240,Rigid,2957885,2957886,2957889,1,3,4,completed,1
43241,Rigid,2957885,2957886,2957889,1,3,4,completed,1
43242,Rigid,2957894,2957894,2957896,0,2,2,completed,1
43243,Rigid,2957895,2957897,2957900,2,3,5,completed,1
43244,Rigid,2957900,2957901,2957903,1,2,3,completed,1
43245,Rigid,2957903,2957904,2957907,1,3,4,completed,1
43246,Rigid,2957980,2957981,2959153,1,1172,1173,completed,36
43247,Rigid,2958273,2958274,2958276,1,2,3,completed,1
43248,Rigid,2958276,2958278,2958280,2,2,4,completed,1
43249,Rigid,2958293,2958294,2958296,1,2,3,completed,1
43250,Rigid,2958297,2958297,2958300,0,3,3,completed,1
43251,Rigid,2958305,2958306,2958308,1,2,3,completed,1
43252,Rigid,2958307,2958309,2958311,2,2,4,completed,1
43253,Rigid,2958558,2958558,2958561,0,3,3,completed,1
43254,Rigid,2958561,2958562,2958565,1,3,4,completed,1
43255,Rigid,2958585,2958585,2958588,0,3,3,completed,1
43256,Rigid,2958586,2958589,2958592,3,3,6,completed,1
43257,Rigid,2958593,2958593,2958595,0,2,2,completed,1
43258,Rigid,2958593,2958594,2958596,1,2,3,completed,1
43259,Rigid,2958726,2958727,2959147,1,420,421,completed,36
43260,Rigid,2959020,2959021,2959023,1,2,3,completed,1
43261,Rigid,2959020,2959021,2959024,1,3,4,completed,1
43262,Rigid,2959041,2959041,2959043,0,2,2,completed,1
43263,Rigid,2959044,2959045,2959047,1,2,3,completed,1
43264,Rigid,2959051,2959052,2959055,1,3,4,completed,1
43265,Rigid,2959051,2959052,2959055,1,3,4,completed,1
43266,Rigid,2959095,2959096,2959098,1,2,3,completed,1
43267,Rigid,2959099,2959100,2959102,1,2,3,completed,1
43268,Rigid,2959122,2959122,2959125,0,3,3,completed,1
43269,Rigid,2959126,2959127,2959130,1,3,4,completed,1
43270,Rigid,2959131,2959135,2959137,4,2,6,completed,1
43271,Rigid,2959132,2959135,2959137,3,2,5,completed,1
43272,Rigid,2959349,2959349,2961224,0,1875,1875,completed,1
43273,Rigid,2959349,2959349,2961208,0,1859,1859,completed,1
43274,Rigid,2959349,2959349,2961228,0,1879,1879,completed,1
43275,Rigid,2959349,2959350,2961212,1,1862,1863,completed,1
43276,Rigid,2959349,2959350,2961221,1,1871,1872,completed,1
43277,Rigid,2959349,2959350,2959455,1,105,106,completed,1
43278,Rigid,2959349,2959350,2961237,1,1887,1888,completed,1
43279,Rigid,2959349,2959350,2961229,1,1879,1880,completed,1
43280,Rigid,2959349,2959350,2961210,1,1860,1861,completed,1
43281,Rigid,2959349,2959350,2961226,1,1876,1877,completed,1
43282,Rigid,2959371,2959372,2959981,1,609,610,completed,36
43283,Rigid,2959581,2959581,3020278,0,60697,60697,completed,36
43284,Rigid,2960046,2960047,2960062,1,15,16,completed,32
43285,Rigid,2960057,2960058,2960841,1,783,784,completed,36
43286,Rigid,2960277,2960278,2960280,1,2,3,completed,1
43287,Rigid,2960281,2960281,2960283,0,2,2,completed,1
43288,Rigid,2960646,2960647,2962155,1,1508,1509,completed,36
43289,Rigid,2960647,2960651,2962158,4,1507,1511,completed,36
43290,Rigid,2960649,2960651,2962163,2,1512,1514,completed,36
43291,Rigid,2960650,2960651,2962155,1,1504,1505,completed,36
43292,Rigid,2960650,2960651,2962158,1,1507,1508,completed,36
43293,Rigid,2960651,2960655,2962171,4,1516,1520,completed,36
43294,Rigid,2960651,2960655,2962158,4,1503,1507,completed,36
43295,Rigid,2960652,2960655,2962163,3,1508,1511,completed,36
43296,Rigid,2960653,2960655,2962158,2,1503,1505,completed,36
43297,Rigid,2960653,2960655,2962164,2,1509,1511,completed,36
43298,Rigid,2960654,2960655,2962161,1,1506,1507,completed,36
43299,Rigid,2960654,2960655,2962158,1,1503,1504,completed,36
43300,Rigid,2960655,2960659,2962163,4,1504,1508,completed,36
43301,Rigid,2960655,2960659,2962164,4,1505,1509,completed,36
43302,Rigid,2960656,2960659,2962160,3,1501,1504,completed,36
43303,Rigid,2960657,2960659,2962168,2,1509,1511,completed,36
43304,Rigid,2960657,2960659,2962168,2,1509,1511,completed,36
43305,Rigid,2960658,2960659,2962161,1,1502,1503,completed,36
43306,Rigid,2960658,2960659,2962161,1,1502,1503,completed,36
43307,Rigid,2960659,2960663,2962165,4,1502,1506,completed,36
43308,Rigid,2960660,2960663,2962166,3,1503,1506,completed,36
43309,Rigid,2960660,2960663,2962172,3,1509,1512,completed,36
43310,Rigid,2960661,2960663,2962170,2,1507,1509,completed,36
43311,Rigid,2960662,2960663,2962165,1,1502,1503,completed,36
43312,Rigid,2960662,2960663,2962169,1,1506,1507,completed,36
43313,Rigid,2960663,2960667,2962172,4,1505,1509,completed,36
43314,Rigid,2960664,2960667,2962176,3,1509,1512,completed,36
43315,Rigid,2960664,2960667,2962178,3,1511,1514,completed,36
43316,Rigid,2960665,2960667,2962173,2,1506,1508,completed,36
43317,Rigid,2960666,2960667,2962171,1,1504,1505,completed,36
43318,Rigid,2960666,2960667,2962169,1,1502,1503,completed,36
43319,Rigid,2960667,2960671,2962173,4,1502,1506,completed,36
43320,Rigid,2960668,2960671,2962176,3,1505,1508,completed,36
43321,Rigid,2960669,2960671,2962176,2,1505,1507,completed,36
43322,Rigid,2960669,2960671,2962180,2,1509,1511,completed,36
43323,Rigid,2960670,2960671,2962171,1,1500,1501,completed,36
43324,Rigid,2960709,2960709,2960711,0,2,2,completed,1
43325,Rigid,2960752,2960755,2960758,3,3,6,completed,1
43326,Rigid,2960752,2960755,2960758,3,3,6,completed,1
43327,Rigid,2960759,2960759,2960761,0,2,2,completed,1
43328,Rigid,2960759,2960760,2960762,1,2,3,completed,1
43329,Rigid,2960763,2960763,2960765,0,2,2,completed,1
43330,Rigid,2960765,2960766,2960768,1,2,3,completed,1
43331,Rigid,2960855,2960855,2960857,0,2,2,completed,1
43332,Rigid,2960855,2960856,2960858,1,2,3,completed,1
43333,Rigid,2960861,2960862,2960865,1,3,4,completed,1
43334,Rigid,2960862,2960862,2960866,0,4,4,completed,1
43335,Rigid,2960866,2960866,2960868,0,2,2,completed,1
43336,Rigid,2960867,2960868,2960870,1,2,3,completed,1
43337,Rigid,2960949,2960950,2962087,1,1137,1138,completed,36
43338,Rigid,2961131,2961131,2962192,0,1061,1061,completed,36
43339,Rigid,2961456,2961460,2961470,4,10,14,completed,32
43340,Rigid,2961710,2961710,2961718,0,8,8,completed,32
43341,Rigid,2961885,2961885,2961894,0,9,9,completed,32
43342,Rigid,2962012,2962012,2968359,0,6347,6347,completed,1
43343,Rigid,2962012,2962012,2967804,0,5792,5792,completed,1
43344,Rigid,2962012,2962012,2969143,0,7131,7131,completed,1
43345,Rigid,2962012,2962012,2969420,0,7408,7408,completed,1
43346,Rigid,2962012,2962012,2967973,0,5961,5961,completed,1
43347,Rigid,2962012,2962012,2968728,0,6716,6716,completed,1
43348,Rigid,2962012,2962012,2968671,0,6659,6659,completed,1
43349,Rigid,2962012,2962012,2969818,0,7806,7806,completed,1
43350,Rigid,2962012,2962012,2969724,0,7712,7712,completed,1
43351,Rigid,2962012,2962016,2968200,4,6184,6188,completed,1
43352,Rigid,2962012,2962016,2969794,4,7778,7782,completed,1
43353,Rigid,2962012,2962016,2969465,4,7449,7453,completed,1
43354,Rigid,2962012,2962016,2970125,4,8109,8113,completed,1
43355,Rigid,2962012,2962016,2971892,4,9876,9880,completed,1
43356,Rigid,2962012,2962016,2971810,4,9794,9798,completed,1
43357,Rigid,2962012,2962016,2971151,4,9135,9139,completed,1
43358,Rigid,2962012,2962016,2969515,4,7499,7503,completed,1
43359,Rigid,2962012,2962016,2971071,4,9055,9059,completed,1
43360,Rigid,2962012,2962016,2970335,4,8319,8323,completed,1
43361,Rigid,2962013,2962016,2971846,3,9830,9833,completed,1
43362,Rigid,2962013,2962016,2970628,3,8612,8615,completed,1
43363,Rigid,2962013,2962016,2971315,3,9299,9302,completed,1
43364,Rigid,2962013,2962016,2971260,3,9244,9247,completed,1
43365,Rigid,2962013,2962016,2971280,3,9264,9267,completed,1
43366,Rigid,2962013,2962016,2972150,3,10134,10137,completed,1
43367,Rigid,2962013,2962016,2972340,3,10324,10327,completed,1
43368,Rigid,2962013,2962016,2970621,3,8605,8608,completed,1
43369,Rigid,2962013,2962016,2970838,3,8822,8825,completed,1
43370,Rigid,2962013,2962016,2971808,3,9792,9795,completed,1
43371,Rigid,2962013,2962016,2970416,3,8400,8403,completed,1
43372,Rigid,2962013,2962016,2971944,3,9928,9931,completed,1
43373,Rigid,2962013,2962016,2971478,3,9462,9465,completed,1
43374,Rigid,2962013,2962016,2971692,3,9676,9679,completed,1
43375,Rigid,2962013,2962016,2970338,3,8322,8325,completed,1
43376,Rigid,2962013,2962016,2971749,3,9733,9736,completed,1
43377,Rigid,2962013,2962016,2971692,3,9676,9679,completed,1
43378,Rigid,2962013,2962016,2971675,3,9659,9662,completed,1
43379,Rigid,2962013,2962016,2970109,3,8093,8096,completed,1
43380,Rigid,2962013,2962016,2971174,3,9158,9161,completed,1
43381,Rigid,2962013,2962016,2969595,3,7579,7582,completed,1
43382,Rigid,2962013,2962016,2969815,3,7799,7802,completed,1
43383,Rigid,2962013,2962016,2971175,3,9159,9162,completed,1
43384,Rigid,2962013,2962016,2969766,3,7750,7753,completed,1
43385,Rigid,2962013,2962016,2970005,3,7989,7992,completed,1
43386,Rigid,2962013,2962016,2971589,3,9573,9576,completed,1
43387,Rigid,2962013,2962016,2970446,3,8430,8433,completed,1
43388,Rigid,2962013,2962016,2970976,3,8960,8963,completed,1
43389,Rigid,2962013,2962016,2969917,3,7901,7904,completed,1
43390,Rigid,2962013,2962016,2968457,3,6441,6444,completed,1
43391,Rigid,2962013,2962016,2968629,3,6613,6616,completed,1
43392,Rigid,2962282,2962282,2968473,0,6191,6191,completed,1
43393,Rigid,2962282,2962282,2967216,0,4934,4934,completed,1
43394,Rigid,2962282,2962282,2968098,0,5816,5816,completed,1
43395,Rigid,2962282,2962282,2967861,0,5579,5579,completed,1
43396,Rigid,2962282,2962282,2967872,0,5590,5590,completed,1
43397,Rigid,2962282,2962282,2967551,0,5269,5269,completed,1
43398,Rigid,2962282,2962282,2968090,0,5808,5808,completed,1
43399,Rigid,2962282,2962282,2967277,0,4995,4995,completed,1
43400,Rigid,2962282,2962282,2970463,0,8181,8181,completed,1
43401,Rigid,2962282,2962282,2969453,0,7171,7171,completed,1
43402,Rigid,2962399,2962400,2976813,1,14413,14414,completed,396
43403,Rigid,2962411,2962411,2976813,0,14402,14402,completed,396
43404,Rigid,2962416,2962420,2976843,4,14423,14427,completed,396
43405,Rigid,2962422,2962426,2976843,4,14417,14421,completed,396
43406,Rigid,2962427,2962430,2976843,3,14413,14416,completed,396
43407,Rigid,2962447,2962448,2962733,1,285,286,completed,396
43408,Rigid,2962454,2962455,2962733,1,278,279,completed,396
43409,Rigid,2962459,2962463,2962733,4,270,274,completed,396
43410,Rigid,2962466,2962735,2963033,269,298,567,completed,396
43411,Rigid,2962471,2962735,2963033,264,298,562,completed,396
43412,Rigid,2962905,2962906,2962919,1,13,14,completed,1
43413,Rigid,2962992,2962993,2963249,1,256,257,completed,1
43414,Rigid,2962992,2962993,2963146,1,153,154,completed,1
43415,Rigid,2962993,2962993,2963233,0,240,240,completed,1
43416,Rigid,2962993,2962993,2963029,0,36,36,completed,1
43417,Rigid,2962993,2962993,2963095,0,102,102,completed,1
43418,Rigid,2962993,2962993,2963087,0,94,94,completed,1
43419,Rigid,2962993,2962993,2963192,0,199,199,completed,1
43420,Rigid,2962993,2962997,2963151,4,154,158,completed,1
43421,Rigid,2962994,2962997,2963184,3,187,190,completed,1
43422,Rigid,2962994,2962997,2963255,3,258,261,completed,1
43423,Rigid,2962994,2962997,2963183,3,186,189,completed,1
43424,Rigid,2962994,2962997,2963063,3,66,69,completed,1
43425,Rigid,2962994,2962997,2963212,3,215,218,completed,1
43426,Rigid,2962995,2962997,2963209,2,212,214,completed,1
43427,Rigid,2962995,2962997,2963204,2,207,209,completed,1
43428,Rigid,2962995,2962997,2963187,2,190,192,completed,1
43429,Rigid,2962995,2962997,2963175,2,178,180,completed,1
43430,Rigid,2962995,2962997,2963240,2,243,245,completed,1
43431,Rigid,2962995,2962997,2963105,2,108,110,completed,1
43432,Rigid,2962996,2962997,2963218,1,221,222,completed,1
43433,Rigid,2962996,2962997,2963142,1,145,146,completed,1
43434,Rigid,2962996,2962997,2963235,1,238,239,completed,1
43435,Rigid,2962996,2962997,2963176,1,179,180,completed,1
43436,Rigid,2962996,2962997,2963041,1,44,45,completed,1
43437,Rigid,2962996,2962997,2963160,1,163,164,completed,1
43438,Rigid,2962997,2962997,2963249,0,252,252,completed,1
43439,Rigid,2962997,2962997,2963153,0,156,156,completed,1
43440,Rigid,2962997,2963001,2963132,4,131,135,completed,1
43441,Rigid,2962997,2963001,2963081,4,80,84,completed,1
43442,Rigid,2962997,2963001,2963199,4,198,202,completed,1
43443,Rigid,2962997,2963001,2963164,4,163,167,completed,1
43444,Rigid,2962997,2963001,2963156,4,155,159,completed,1
43445,Rigid,2962998,2963001,2963132,3,131,134,completed,1
43446,Rigid,2962998,2963001,2963195,3,194,197,completed,1
43447,Rigid,2962998,2963001,2963054,3,53,56,completed,1
43448,Rigid,2962998,2963001,2963194,3,193,196,completed,1
43449,Rigid,2962998,2963001,2963164,3,163,166,completed,1
43450,Rigid,2962998,2963001,2963065,3,64,67,completed,1
43451,Rigid,2962998,2963001,2963230,3,229,232,completed,1
43452,Rigid,2962998,2963001,2963225,3,224,227,completed,1
43453,Rigid,2962999,2963001,2963199,2,198,200,completed,1
43454,Rigid,2962999,2963001,2963194,2,193,195,completed,1
43455,Rigid,2962999,2963001,2963174,2,173,175,completed,1
43456,Rigid,2962999,2963001,2963241,2,240,242,completed,1
43457,Rigid,2963000,2963001,2963101,1,100,101,completed,1
43458,Rigid,2963000,2963001,2963164,1,163,164,completed,1
43459,Rigid,2963000,2963001,2963240,1,239,240,completed,1
43460,Rigid,2963000,2963001,2963131,1,130,131,completed,1
43461,Rigid,2963000,2963001,2963094,1,93,94,completed,1
43462,Rigid,2963001,2963001,2963074,0,73,73,completed,1
43463,Rigid,2963001,2963001,2963025,0,24,24,completed,1
43464,Rigid,2963001,2963001,2963173,0,172,172,completed,1
43465,Rigid,2963001,2963005,2963156,4,151,155,completed,1
43466,Rigid,2963002,2963005,2963110,3,105,108,completed,1
43467,Rigid,2963002,2963005,2963204,3,199,202,completed,1
43468,Rigid,2963002,2963005,2963223,3,218,221,completed,1
43469,Rigid,2963002,2963005,2963210,3,205,208,completed,1
43470,Rigid,2963002,2963005,2963161,3,156,159,completed,1
43471,Rigid,2963003,2963005,2963206,2,201,203,completed,1
43472,Rigid,2963003,2963005,2963220,2,215,217,completed,1
43473,Rigid,2963003,2963005,2963183,2,178,180,completed,1
43474,Rigid,2963003,2963005,2963054,2,49,51,completed,1
43475,Rigid,2963004,2963005,2963149,1,144,145,completed,1
43476,Rigid,2963004,2963005,2963111,1,106,107,completed,1
43477,Rigid,2963004,2963005,2963135,1,130,131,completed,1
43478,Rigid,2963004,2963005,2963118,1,113,114,completed,1
43479,Rigid,2963004,2963005,2963168,1,163,164,completed,1
43480,Rigid,2963004,2963005,2963214,1,209,210,completed,1
43481,Rigid,2963004,2963005,2963091,1,86,87,completed,1
43482,Rigid,2963004,2963005,2963223,1,218,219,completed,1
43483,Rigid,2963004,2963005,2963043,1,38,39,completed,1
43484,Rigid,2963004,2963005,2963124,1,119,120,completed,1
43485,Rigid,2963005,2963005,2963217,0,212,212,completed,1
43486,Rigid,2963005,2963005,2963023,0,18,18,completed,1
43487,Rigid,2963005,2963005,2963083,0,78,78,completed,1
43488,Rigid,2963005,2963005,2963156,0,151,151,completed,1
43489,Rigid,2963005,2963005,2963089,0,84,84,completed,1
43490,Rigid,2963005,2963005,2963149,0,144,144,completed,1
43491,Rigid,2963005,2963005,2963191,0,186,186,completed,1
43492,Rigid,2963005,2963005,2963103,0,98,98,completed,1
43493,Rigid,2963005,2963005,2963140,0,135,135,completed,1
43494,Rigid,2963005,2963005,2963159,0,154,154,completed,1
43495,Rigid,2963006,2963009,2963215,3,206,209,completed,1
43496,Rigid,2963006,2963009,2963052,3,43,46,completed,1
43497,Rigid,2963006,2963009,2963041,3,32,35,completed,1
43498,Rigid,2963006,2963009,2963170,3,161,164,completed,1
43499,Rigid,2963006,2963009,2963205,3,196,199,completed,1
43500,Rigid,2963006,2963009,2963159,3,150,153,completed,1
43501,Rigid,2963006,2963009,2963188,3,179,182,completed,1
43502,Rigid,2963006,2963009,2963208,3,199,202,completed,1
43503,Rigid,2963006,2963009,2963191,3,182,185,completed,1
43504,Rigid,2963006,2963009,2963173,3,164,167,completed,1
43505,Rigid,2963007,2963009,2963197,2,188,190,completed,1
43506,Rigid,2963007,2963009,2963197,2,188,190,completed,1
43507,Rigid,2963007,2963009,2963129,2,120,122,completed,1
43508,Rigid,2963007,2963009,2963130,2,121,123,completed,1
43509,Rigid,2963007,2963009,2963157,2,148,150,completed,1
43510,Rigid,2963007,2963009,2963195,2,186,188,completed,1
43511,Rigid,2963007,2963009,2963229,2,220,222,completed,1
43512,Rigid,2963007,2963009,2963059,2,50,52,completed,1
43513,Rigid,2963027,2963027,2963179,0,152,152,completed,1
43514,Rigid,2963039,2963039,2963077,0,38,38,completed,1
43515,Rigid,2963042,2963042,2963211,0,169,169,completed,1
43516,Rigid,2963044,2963044,2963184,0,140,140,completed,1
43517,Rigid,2963059,2963059,2963178,0,119,119,completed,1
43518,Rigid,2963059,2963059,2963233,0,174,174,completed,1
43519,Rigid,2963061,2963063,2963203,2,140,142,completed,1
43520,Rigid,2963061,2963063,2963183,2,120,122,completed,1
43521,Rigid,2963065,2963067,2963201,2,134,136,completed,1
43522,Rigid,2963067,2963067,2963231,0,164,164,completed,1
43523,Rigid,2963078,2963079,2963112,1,33,34,completed,1
43524,Rigid,2963083,2963084,2963242,1,158,159,completed,1
43525,Rigid,2963085,2963088,2963101,3,13,16,completed,1
43526,Rigid,2963085,2963088,2963215,3,127,130,completed,1
43527,Rigid,2963087,2963088,2963216,1,128,129,completed,1
43528,Rigid,2963100,2963100,2963229,0,129,129,completed,1
43529,Rigid,2963100,2963100,2963133,0,33,33,completed,1
43530,Rigid,2963101,2963102,2963184,1,82,83,completed,1
43531,Rigid,2963103,2963104,2963244,1,140,141,completed,1
43532,Rigid,2963103,2963104,2963179,1,75,76,completed,1
43533,Rigid,2963106,2963107,2963225,1,118,119,completed,1
43534,Rigid,2963107,2963108,2963144,1,36,37,completed,1
43535,Rigid,2963118,2963118,2963212,0,94,94,completed,1
43536,Rigid,2963118,2963118,2963253,0,135,135,completed,1
43537,Rigid,2963120,2963122,2963211,2,89,91,completed,1
43538,Rigid,2963120,2963122,2963224,2,102,104,completed,1
43539,Rigid,2963121,2963122,2963144,1,22,23,completed,1
43540,Rigid,2963124,2963126,2963214,2,88,90,completed,1
43541,Rigid,2963126,2963130,2963510,4,380,384,completed,36
43542,Rigid,2963127,2963130,2963228,3,98,101,completed,1
43543,Rigid,2963138,2963138,2963235,0,97,97,completed,1
43544,Rigid,2963140,2963140,2963203,0,63,63,completed,1
43545,Rigid,2963141,2963141,2963209,0,68,68,completed,1
43546,Rigid,2963141,2963144,2963219,3,75,78,completed,1
43547,Rigid,2963143,2963144,2963207,1,63,64,completed,1
43548,Rigid,2963143,2963144,2963247,1,103,104,completed,1
43549,Rigid,2963144,2963144,2963158,0,14,14,completed,1
43550,Rigid,2963145,2963145,2964884,0,1739,1739,completed,2
43551,Rigid,2963145,2963145,2964770,0,1625,1625,completed,2
43552,Rigid,2963146,2963147,2969027,1,5880,5881,completed,1
43553,Rigid,2963147,2963148,2964643,1,1495,1496,completed,2
43554,Rigid,2963159,2963159,2964690,0,1531,1531,completed,2
43555,Rigid,2963161,2963161,2969333,0,6172,6172,completed,1
43556,Rigid,2963162,2963162,2964887,0,1725,1725,completed,2
43557,Rigid,2963162,2963163,2964806,1,1643,1644,completed,2
43558,Rigid,2963162,2963163,2964637,1,1474,1475,completed,2
43559,Rigid,2963162,2963163,2964923,1,1760,1761,completed,2
43560,Rigid,2963163,2963163,2968990,0,5827,5827,completed,1
43561,Rigid,2963164,2963165,2964875,1,1710,1711,completed,2
43562,Rigid,2963165,2963165,2964643,0,1478,1478,completed,2
43563,Rigid,2963165,2963165,2968996,0,5831,5831,completed,1
43564,Rigid,2963165,2963165,2964772,0,1607,1607,completed,2
43565,Rigid,2963165,2963165,2964848,0,1683,1683,completed,2
43566,Rigid,2963166,2963167,2964545,1,1378,1379,completed,2
43567,Rigid,2963166,2963167,2967151,1,3984,3985,completed,1
43568,Rigid,2963167,2963167,2964143,0,976,976,completed,2
43569,Rigid,2963167,2963167,2967120,0,3953,3953,completed,1
43570,Rigid,2963180,2963180,2964180,0,1000,1000,completed,2
43571,Rigid,2963181,2963184,2964556,3,1372,1375,completed,2
43572,Rigid,2963181,2963184,2964547,3,1363,1366,completed,2
43573,Rigid,2963182,2963184,2964146,2,962,964,completed,2
43574,Rigid,2963183,2963184,2967074,1,3890,3891,completed,1
43575,Rigid,2963183,2963184,2967040,1,3856,3857,completed,1
43576,Rigid,2963184,2963184,2964155,0,971,971,completed,2
43577,Rigid,2963184,2963184,2964547,0,1363,1363,completed,2
43578,Rigid,2963185,2963185,2964563,0,1378,1378,completed,2
43579,Rigid,2963185,2963185,2964156,0,971,971,completed,2
43580,Rigid,2963185,2963185,2966852,0,3667,3667,completed,1
43581,Rigid,2963186,2963188,2964605,2,1417,1419,completed,2
43582,Rigid,2963187,2963188,2964136,1,948,949,completed,2
43583,Rigid,2963187,2963188,2966926,1,3738,3739,completed,1
43584,Rigid,2963202,2963203,2964142,1,939,940,completed,2
43585,Rigid,2963203,2963203,2966879,0,3676,3676,completed,1
43586,Rigid,2963203,2963204,2964632,1,1428,1429,completed,2
43587,Rigid,2963204,2963204,2967138,0,3934,3934,completed,1
43588,Rigid,2963204,2963204,2964170,0,966,966,completed,2
43589,Rigid,2963205,2963205,2964561,0,1356,1356,completed,2
43590,Rigid,2963205,2963205,2964039,0,834,834,completed,2
43591,Rigid,2963205,2963205,2964546,0,1341,1341,completed,2
43592,Rigid,2963205,2963205,2964076,0,871,871,completed,2
43593,Rigid,2963205,2963205,2966777,0,3572,3572,completed,1
43594,Rigid,2963205,2963206,2964142,1,936,937,completed,2
43595,Rigid,2963206,2963206,2966868,0,3662,3662,completed,1
43596,Rigid,2963206,2963206,2964159,0,953,953,completed,2
43597,Rigid,2963206,2963206,2963225,0,19,19,completed,1
43598,Rigid,2963207,2963207,2964525,0,1318,1318,completed,2
43599,Rigid,2963207,2963207,2964539,0,1332,1332,completed,2
43600,Rigid,2963207,2963207,2964099,0,892,892,completed,2
43601,Rigid,2963207,2963207,2966772,0,3565,3565,completed,1
43602,Rigid,2963207,2963207,2964056,0,849,849,completed,2
43603,Rigid,2963207,2963207,2964536,0,1329,1329,completed,2
43604,Rigid,2963222,2963222,2964186,0,964,964,completed,2
43605,Rigid,2963222,2963222,2966872,0,3650,3650,completed,1
43606,Rigid,2963223,2963225,2964021,2,796,798,completed,2
43607,Rigid,2963223,2963225,2964539,2,1314,1316,completed,2
43608,Rigid,2963224,2963225,2964111,1,886,887,completed,2
43609,Rigid,2963224,2963225,2966803,1,3578,3579,completed,1
43610,Rigid,2963224,2963225,2964053,1,828,829,completed,2
43611,Rigid,2963224,2963225,2964526,1,1301,1302,completed,2
43612,Rigid,2963224,2963225,2964040,1,815,816,completed,2
43613,Rigid,2963225,2963225,2966868,0,3643,3643,completed,1
43614,Rigid,2963225,2963225,2964118,0,893,893,completed,2
43615,Rigid,2963225,2963226,2964525,1,1299,1300,completed,2
43616,Rigid,2963226,2963226,2966741,0,3515,3515,completed,1
43617,Rigid,2963226,2963226,2964106,0,880,880,completed,2
43618,Rigid,2963226,2963226,2964021,0,795,795,completed,2
43619,Rigid,2963226,2963226,2964526,0,1300,1300,completed,2
43620,Rigid,2963226,2963226,2964683,0,1457,1457,completed,2
43621,Rigid,2963226,2963226,2964195,0,969,969,completed,2
43622,Rigid,2963226,2963226,2964203,0,977,977,completed,2
43623,Rigid,2963226,2963226,2966757,0,3531,3531,completed,1
43624,Rigid,2963226,2963226,2966677,0,3451,3451,completed,1
43625,Rigid,2963227,2963227,2966677,0,3450,3450,completed,1
43626,Rigid,2963227,2963229,2964191,2,962,964,completed,2
43627,Rigid,2963227,2963229,2964631,2,1402,1404,completed,2
43628,Rigid,2963227,2963229,2964563,2,1334,1336,completed,2
43629,Rigid,2963228,2963229,2966590,1,3361,3362,completed,1
43630,Rigid,2963245,2963245,2964106,0,861,861,completed,2
43631,Rigid,2963246,2963248,2964537,2,1289,1291,completed,2
43632,Rigid,2963246,2963248,2964053,2,805,807,completed,2
43633,Rigid,2963246,2963248,2966736,2,3488,3490,completed,1
43634,Rigid,2963246,2963248,2964104,2,856,858,completed,2
43635,Rigid,2963246,2963248,2966700,2,3452,3454,completed,1
43636,Rigid,2963247,2963248,2964052,1,804,805,completed,2
43637,Rigid,2963247,2963248,2964551,1,1303,1304,completed,2
43638,Rigid,2963247,2963248,2964186,1,938,939,completed,2
43639,Rigid,2963247,2963248,2964114,1,866,867,completed,2
43640,Rigid,2963247,2963248,2964664,1,1416,1417,completed,2
43641,Rigid,2963247,2963248,2964631,1,1383,1384,completed,2
43642,Rigid,2963247,2963248,2964192,1,944,945,completed,2
43643,Rigid,2963248,2963248,2966573,0,3325,3325,completed,1
43644,Rigid,2963248,2963248,2966662,0,3414,3414,completed,1
43645,Rigid,2963248,2963248,2964164,0,916,916,completed,2
43646,Rigid,2963266,2963267,2964104,1,837,838,completed,2
43647,Rigid,2963267,2963267,2966641,0,3374,3374,completed,1
43648,Rigid,2963267,2963271,2966578,4,3307,3311,completed,1
43649,Rigid,2963267,2963271,2964664,4,1393,1397,completed,2
43650,Rigid,2963268,2963271,2964193,3,922,925,completed,2
43651,Rigid,2963303,2963304,2963481,1,177,178,completed,1
43652,Rigid,2963303,2963304,2963498,1,194,195,completed,1
43653,Rigid,2963303,2963304,2963484,1,180,181,completed,1
43654,Rigid,2963303,2963304,2963433,1,129,130,completed,1
43655,Rigid,2963303,2963304,2963388,1,84,85,completed,1
43656,Rigid,2963303,2963304,2963370,1,66,67,completed,1
43657,Rigid,2963304,2963308,2963395,4,87,91,completed,1
43658,Rigid,2963304,2963308,2963515,4,207,211,completed,1
43659,Rigid,2963304,2963308,2963468,4,160,164,completed,1
43660,Rigid,2963304,2963308,2963457,4,149,153,completed,1
43661,Rigid,2963304,2963308,2963502,4,194,198,completed,1
43662,Rigid,2963304,2963308,2963486,4,178,182,completed,1
43663,Rigid,2963305,2963308,2963489,3,181,184,completed,1
43664,Rigid,2963305,2963308,2963433,3,125,128,completed,1
43665,Rigid,2963305,2963308,2963438,3,130,133,completed,1
43666,Rigid,2963305,2963308,2963484,3,176,179,completed,1
43667,Rigid,2963305,2963308,2963398,3,90,93,completed,1
43668,Rigid,2963305,2963308,2963353,3,45,48,completed,1
43669,Rigid,2963306,2963308,2963447,2,139,141,completed,1
43670,Rigid,2963306,2963308,2963367,2,59,61,completed,1
43671,Rigid,2963306,2963308,2963395,2,87,89,completed,1
43672,Rigid,2963307,2963308,2963383,1,75,76,completed,1
43673,Rigid,2963307,2963308,2963375,1,67,68,completed,1
43674,Rigid,2963307,2963308,2963400,1,92,93,completed,1
43675,Rigid,2963307,2963308,2963378,1,70,71,completed,1
43676,Rigid,2963307,2963308,2963433,1,125,126,completed,1
43677,Rigid,2963307,2963308,2963538,1,230,231,completed,1
43678,Rigid,2963308,2963308,2963485,0,177,177,completed,1
43679,Rigid,2963308,2963308,2963474,0,166,166,completed,1
43680,Rigid,2963308,2963312,2963471,4,159,163,completed,1
43681,Rigid,2963308,2963312,2963530,4,218,222,completed,1
43682,Rigid,2963308,2963312,2963459,4,147,151,completed,1
43683,Rigid,2963308,2963312,2963412,4,100,104,completed,1
43684,Rigid,2963309,2963312,2963451,3,139,142,completed,1
43685,Rigid,2963309,2963312,2963484,3,172,175,completed,1
43686,Rigid,2963309,2963312,2963468,3,156,159,completed,1
43687,Rigid,2963309,2963312,2963469,3,157,160,completed,1
43688,Rigid,2963309,2963312,2963520,3,208,211,completed,1
43689,Rigid,2963309,2963312,2963487,3,175,178,completed,1
43690,Rigid,2963310,2963312,2963466,2,154,156,completed,1
43691,Rigid,2963310,2963312,2963365,2,53,55,completed,1
43692,Rigid,2963310,2963312,2963466,2,154,156,completed,1
43693,Rigid,2963310,2963312,2963465,2,153,155,completed,1
43694,Rigid,2963310,2963312,2963503,2,191,193,completed,1
43695,Rigid,2963311,2963312,2963354,1,42,43,completed,1
43696,Rigid,2963311,2963312,2963520,1,208,209,completed,1
43697,Rigid,2963311,2963312,2963550,1,238,239,completed,1
43698,Rigid,2963311,2963312,2963477,1,165,166,completed,1
43699,Rigid,2963311,2963312,2963520,1,208,209,completed,1
43700,Rigid,2963311,2963312,2963514,1,202,203,completed,1
43701,Rigid,2963311,2963312,2963555,1,243,244,completed,1
43702,Rigid,2963311,2963312,2963440,1,128,129,completed,1
43703,Rigid,2963312,2963312,2963390,0,78,78,completed,1
43704,Rigid,2963312,2963312,2963485,0,173,173,completed,1
43705,Rigid,2963312,2963312,2963519,0,207,207,completed,1
43706,Rigid,2963312,2963316,2963331,4,15,19,completed,1
43707,Rigid,2963312,2963316,2963529,4,213,217,completed,1
43708,Rigid,2963312,2963316,2963546,4,230,234,completed,1
43709,Rigid,2963313,2963316,2963526,3,210,213,completed,1
43710,Rigid,2963313,2963316,2963543,3,227,230,completed,1
43711,Rigid,2963313,2963316,2963356,3,40,43,completed,1
43712,Rigid,2963313,2963316,2963447,3,131,134,completed,1
43713,Rigid,2963314,2963316,2963507,2,191,193,completed,1
43714,Rigid,2963314,2963316,2963510,2,194,196,completed,1
43715,Rigid,2963314,2963316,2963497,2,181,183,completed,1
43716,Rigid,2963314,2963316,2963507,2,191,193,completed,1
43717,Rigid,2963314,2963316,2963461,2,145,147,completed,1
43718,Rigid,2963314,2963316,2963456,2,140,142,completed,1
43719,Rigid,2963314,2963316,2963544,2,228,230,completed,1
43720,Rigid,2963314,2963316,2963423,2,107,109,completed,1
43721,Rigid,2963314,2963316,2963403,2,87,89,completed,1
43722,Rigid,2963314,2963316,2963368,2,52,54,completed,1
43723,Rigid,2963315,2963316,2963469,1,153,154,completed,1
43724,Rigid,2963315,2963316,2963512,1,196,197,completed,1
43725,Rigid,2963315,2963316,2963452,1,136,137,completed,1
43726,Rigid,2963315,2963316,2963495,1,179,180,completed,1
43727,Rigid,2963315,2963316,2963463,1,147,148,completed,1
43728,Rigid,2963315,2963316,2963519,1,203,204,completed,1
43729,Rigid,2963315,2963316,2963388,1,72,73,completed,1
43730,Rigid,2963315,2963316,2963413,1,97,98,completed,1
43731,Rigid,2963316,2963316,2963492,0,176,176,completed,1
43732,Rigid,2963316,2963316,2963391,0,75,75,completed,1
43733,Rigid,2963316,2963320,2963498,4,178,182,completed,1
43734,Rigid,2963316,2963320,2963553,4,233,237,completed,1
43735,Rigid,2963316,2963320,2963560,4,240,244,completed,1
43736,Rigid,2963316,2963320,2963406,4,86,90,completed,1
43737,Rigid,2963316,2963320,2963349,4,29,33,completed,1
43738,Rigid,2963316,2963320,2963490,4,170,174,completed,1
43739,Rigid,2963316,2963320,2963540,4,220,224,completed,1
43740,Rigid,2963317,2963320,2963563,3,243,246,completed,1
43741,Rigid,2963317,2963320,2963509,3,189,192,completed,1
43742,Rigid,2963317,2963320,2963553,3,233,236,completed,1
43743,Rigid,2963317,2963320,2963368,3,48,51,completed,1
43744,Rigid,2963317,2963320,2963380,3,60,63,completed,1
43745,Rigid,2963317,2963320,2963548,3,228,231,completed,1
43746,Rigid,2963317,2963320,2963469,3,149,152,completed,1
43747,Rigid,2963317,2963320,2963531,3,211,214,completed,1
43748,Rigid,2963317,2963320,2963334,3,14,17,completed,1
43749,Rigid,2963317,2963320,2963532,3,212,215,completed,1
43750,Rigid,2963318,2963320,2963383,2,63,65,completed,1
43751,Rigid,2963337,2963337,2963431,0,94,94,completed,1
43752,Rigid,2963350,2963350,2963362,0,12,12,completed,1
43753,Rigid,2963351,2963354,2963549,3,195,198,completed,1
43754,Rigid,2963356,2963357,2963430,1,73,74,completed,1
43755,Rigid,2963368,2963368,2963538,0,170,170,completed,1
43756,Rigid,2963368,2963368,2963522,0,154,154,completed,1
43757,Rigid,2963369,2963369,2963397,0,28,28,completed,1
43758,Rigid,2963371,2963371,2963546,0,175,175,completed,1
43759,Rigid,2963372,2963372,2963461,0,89,89,completed,1
43760,Rigid,2963373,2963376,2963508,3,132,135,completed,1
43761,Rigid,2963374,2963376,2963541,2,165,167,completed,1
43762,Rigid,2963376,2963376,2963559,0,183,183,completed,1
43763,Rigid,2963390,2963390,2963496,0,106,106,completed,1
43764,Rigid,2963392,2963393,2963571,1,178,179,completed,1
43765,Rigid,2963393,2963394,2963486,1,92,93,completed,1
43766,Rigid,2963394,2963394,2963432,0,38,38,completed,1
43767,Rigid,2963394,2963396,2963506,2,110,112,completed,1
43768,Rigid,2963394,2963396,2963531,2,135,137,completed,1
43769,Rigid,2963397,2963398,2963485,1,87,88,completed,1
43770,Rigid,2963397,2963398,2963558,1,160,161,completed,1
43771,Rigid,2963408,2963408,2963552,0,144,144,completed,1
43772,Rigid,2963410,2963412,2963446,2,34,36,completed,1
43773,Rigid,2963411,2963412,2963477,1,65,66,completed,1
43774,Rigid,2963412,2963412,2963570,0,158,158,completed,1
43775,Rigid,2963413,2963413,2963570,0,157,157,completed,1
43776,Rigid,2963414,2963414,2963528,0,114,114,completed,1
43777,Rigid,2963414,2963414,2963538,0,124,124,completed,1
43778,Rigid,2963414,2963414,2963518,0,104,104,completed,1
43779,Rigid,2963415,2963416,2963462,1,46,47,completed,1
43780,Rigid,2963431,2963431,2963452,0,21,21,completed,1
43781,Rigid,2963432,2963433,2963467,1,34,35,completed,1
43782,Rigid,2963433,2963433,2963464,0,31,31,completed,1
43783,Rigid,2963434,2963434,2963550,0,116,116,completed,1
43784,Rigid,2963434,2963434,2963485,0,51,51,completed,1
43785,Rigid,2963437,2963439,2963498,2,59,61,completed,1
43786,Rigid,2963448,2963448,2963570,0,122,122,completed,1
43787,Rigid,2963449,2963452,2965045,3,1593,1596,completed,2
43788,Rigid,2963450,2963452,2965239,2,1787,1789,completed,2
43789,Rigid,2963451,2963452,2965127,1,1675,1676,completed,2
43790,Rigid,2963454,2963456,2969384,2,5928,5930,completed,1
43791,Rigid,2963454,2963456,2964958,2,1502,1504,completed,2
43792,Rigid,2963455,2963456,2965057,1,1601,1602,completed,2
43793,Rigid,2963457,2963458,2969465,1,6007,6008,completed,1
43794,Rigid,2963468,2963468,2965149,0,1681,1681,completed,2
43795,Rigid,2963468,2963468,2965371,0,1903,1903,completed,2
43796,Rigid,2963469,2963470,2964962,1,1492,1493,completed,2
43797,Rigid,2963470,2963471,2965665,1,2194,2195,completed,2
43798,Rigid,2963470,2963471,2969333,1,5862,5863,completed,1
43799,Rigid,2963472,2963472,2965072,0,1600,1600,completed,2
43800,Rigid,2963472,2963472,2965149,0,1677,1677,completed,2
43801,Rigid,2963472,2963473,2967356,1,3883,3884,completed,1
43802,Rigid,2963472,2963473,2969514,1,6041,6042,completed,1
43803,Rigid,2963473,2963475,2965278,2,1803,1805,completed,2
43804,Rigid,2963473,2963475,2964470,2,995,997,completed,2
43805,Rigid,2963474,2963475,2964958,1,1483,1484,completed,2
43806,Rigid,2963474,2963475,2964541,1,1066,1067,completed,2
43807,Rigid,2963475,2963477,2967424,2,3947,3949,completed,1
43808,Rigid,2963475,2963477,2964914,2,1437,1439,completed,2
43809,Rigid,2963476,2963477,2964455,1,978,979,completed,2
43810,Rigid,2963476,2963477,2967410,1,3933,3934,completed,1
43811,Rigid,2963476,2963477,2964896,1,1419,1420,completed,2
43812,Rigid,2963476,2963477,2967354,1,3877,3878,completed,1
43813,Rigid,2963477,2963477,2964459,0,982,982,completed,2
43814,Rigid,2963477,2963478,2964817,1,1339,1340,completed,2
43815,Rigid,2963491,2963492,2964841,1,1349,1350,completed,2
43816,Rigid,2963491,2963492,2967202,1,3710,3711,completed,1
43817,Rigid,2963492,2963492,2964444,0,952,952,completed,2
43818,Rigid,2963494,2963495,2964821,1,1326,1327,completed,2
43819,Rigid,2963494,2963495,2967142,1,3647,3648,completed,1
43820,Rigid,2963495,2963495,2964444,0,949,949,completed,2
43821,Rigid,2963495,2963495,2965149,0,1654,1654,completed,2
43822,Rigid,2963496,2963496,2964406,0,910,910,completed,2
43823,Rigid,2963496,2963496,2964911,0,1415,1415,completed,2
43824,Rigid,2963496,2963496,2967132,0,3636,3636,completed,1
43825,Rigid,2963496,2963496,2967139,0,3643,3643,completed,1
43826,Rigid,2963496,2963496,2964422,0,926,926,completed,2
43827,Rigid,2963496,2963496,2964446,0,950,950,completed,2
43828,Rigid,2963497,2963497,2967166,0,3669,3669,completed,1
43829,Rigid,2963497,2963497,2964804,0,1307,1307,completed,2
43830,Rigid,2963498,2963499,2964871,1,1372,1373,completed,2
43831,Rigid,2963513,2963514,2964479,1,965,966,completed,2
43832,Rigid,2963514,2963514,2965126,0,1612,1612,completed,2
43833,Rigid,2963514,2963516,2967249,2,3733,3735,completed,1
43834,Rigid,2963514,2963516,2964422,2,906,908,completed,2
43835,Rigid,2963514,2963516,2967198,2,3682,3684,completed,1
43836,Rigid,2963515,2963516,2964371,1,855,856,completed,2
43837,Rigid,2963515,2963516,2967111,1,3595,3596,completed,1
43838,Rigid,2963515,2963516,2964459,1,943,944,completed,2
43839,Rigid,2963515,2963516,2964831,1,1315,1316,completed,2
43840,Rigid,2963515,2963516,2964378,1,862,863,completed,2
43841,Rigid,2963516,2963516,2964349,0,833,833,completed,2
43842,Rigid,2963516,2963518,2964349,2,831,833,completed,2
43843,Rigid,2963517,2963518,2964406,1,888,889,completed,2
43844,Rigid,2963517,2963518,2966807,1,3289,3290,completed,1
43845,Rigid,2963517,2963518,2964812,1,1294,1295,completed,2
43846,Rigid,2963518,2963519,2964811,1,1292,1293,completed,2
43847,Rigid,2963518,2963519,2964439,1,920,921,completed,2
43848,Rigid,2963534,2963535,2967312,1,3777,3778,completed,1
43849,Rigid,2963535,2963535,2964857,0,1322,1322,completed,2
43850,Rigid,2963535,2963535,2967107,0,3572,3572,completed,1
43851,Rigid,2963535,2963535,2964473,0,938,938,completed,2
43852,Rigid,2963535,2963539,2964910,4,1371,1375,completed,2
43853,Rigid,2963535,2963539,2967029,4,3490,3494,completed,1
43854,Rigid,2963536,2963539,2964426,3,887,890,completed,2
43855,Rigid,2963537,2963539,2964340,2,801,803,completed,2
43856,Rigid,2963537,2963539,2964331,2,792,794,completed,2
43857,Rigid,2963537,2963539,2964339,2,800,802,completed,2
43858,Rigid,2963537,2963539,2964339,2,800,802,completed,2
43859,Rigid,2963538,2963539,2964788,1,1249,1250,completed,2
43860,Rigid,2963538,2963539,2964386,1,847,848,completed,2
43861,Rigid,2963538,2963539,2966972,1,3433,3434,completed,1
43862,Rigid,2963554,2963555,2966988,1,3433,3434,completed,1
43863,Rigid,2963555,2963556,2964406,1,850,851,completed,2
43864,Rigid,2963556,2963556,2964982,0,1426,1426,completed,2
43865,Rigid,2963556,2963556,2967024,0,3468,3468,completed,1
43866,Rigid,2963556,2963556,2964880,0,1324,1324,completed,2
43867,Rigid,2963557,2963559,2964857,2,1298,1300,completed,2
43868,Rigid,2963557,2963559,2964406,2,847,849,completed,2
43869,Rigid,2963557,2963559,2964428,2,869,871,completed,2
43870,Rigid,2963557,2963559,2966980,2,3421,3423,completed,1
43871,Rigid,2963557,2963559,2964340,2,781,783,completed,2
43872,Rigid,2963558,2963559,2964850,1,1291,1292,completed,2
43873,Rigid,2963558,2963559,2964863,1,1304,1305,completed,2
43874,Rigid,2963558,2963559,2966954,1,3395,3396,completed,1
43875,Rigid,2963558,2963559,2964428,1,869,870,completed,2
43876,Rigid,2963558,2963559,2964386,1,827,828,completed,2
43877,Rigid,2963559,2963559,2966814,0,3255,3255,completed,1
43878,Rigid,2963559,2963559,2964331,0,772,772,completed,2
43879,Rigid,2963578,2963578,2964862,0,1284,1284,completed,2
43880,Rigid,2963578,2963582,2966956,4,3374,3378,completed,1
43881,Rigid,2963579,2963582,2964873,3,1291,1294,completed,2
43882,Rigid,2963579,2963582,2964439,3,857,860,completed,2
43883,Rigid,2963579,2963582,2964435,3,853,856,completed,2
43884,Rigid,2963580,2963582,2964371,2,789,791,completed,2
43885,Rigid,2963580,2963582,2964354,2,772,774,completed,2
43886,Rigid,2963580,2963582,2966922,2,3340,3342,completed,1
43887,Rigid,2963874,2963875,2971457,1,7582,7583,completed,36
43888,Rigid,2963896,2963897,2964180,1,283,284,completed,36
43889,Rigid,2963984,2963984,2963987,0,3,3,completed,32
43890,Rigid,2964025,2964026,2965360,1,1334,1335,completed,2
43891,Rigid,2964026,2964030,2967323,4,3293,3297,completed,1
43892,Rigid,2964046,2964047,2964915,1,868,869,completed,2
43893,Rigid,2964049,2964051,2965334,2,1283,1285,completed,2
43894,Rigid,2964065,2964066,2964866,1,800,801,completed,2
43895,Rigid,2964065,2964066,2967337,1,3271,3272,completed,1
43896,Rigid,2964066,2964068,2964915,2,847,849,completed,2
43897,Rigid,2964069,2964070,2965359,1,1289,1290,completed,2
43898,Rigid,2964088,2964089,2965359,1,1270,1271,completed,2
43899,Rigid,2964104,2964105,2964953,1,848,849,completed,2
43900,Rigid,2964105,2964107,2967307,2,3200,3202,completed,1
43901,Rigid,2964107,2964108,2964908,1,800,801,completed,2
43902,Rigid,2964110,2964113,2964877,3,764,767,completed,2
43903,Rigid,2964126,2964126,2965447,0,1321,1321,completed,2
43904,Rigid,2964126,2964130,2964974,4,844,848,completed,2
43905,Rigid,2964127,2964130,2967654,3,3524,3527,completed,1
43906,Rigid,2964128,2964130,2964909,2,779,781,completed,2
43907,Rigid,2964149,2964149,2965700,0,1551,1551,completed,2
43908,Rigid,2964149,2964149,2964157,0,8,8,completed,32
43909,Rigid,2964149,2964153,2964990,4,837,841,completed,2
43910,Rigid,2964150,2964153,2967426,3,3273,3276,completed,1
43911,Rigid,2964151,2964153,2964993,2,840,842,completed,2
43912,Rigid,2964153,2964153,2967398,0,3245,3245,completed,1
43913,Rigid,2964173,2964175,2965500,2,1325,1327,completed,2
43914,Rigid,2964174,2964175,2965500,1,1325,1326,completed,2
43915,Rigid,2964176,2964178,2965010,2,832,834,completed,2
43916,Rigid,2964177,2964178,2967519,1,3341,3342,completed,1
43917,Rigid,2964179,2964181,2967392,2,3211,3213,completed,1
43918,Rigid,2964193,2964193,2965026,0,833,833,completed,2
43919,Rigid,2964193,2964193,2965503,0,1310,1310,completed,2
43920,Rigid,2964195,2964197,2964959,2,762,764,completed,2
43921,Rigid,2964196,2964197,2965541,1,1344,1345,completed,2
43922,Rigid,2964199,2964201,2965040,2,839,841,completed,2
43923,Rigid,2964199,2964201,2967425,2,3224,3226,completed,1
43924,Rigid,2964214,2964214,2965541,0,1327,1327,completed,2
43925,Rigid,2964214,2964214,2967596,0,3382,3382,completed,1
43926,Rigid,2964335,2964336,2965682,1,1346,1347,completed,2
43927,Rigid,2964342,2964343,2967671,1,3328,3329,completed,1
43928,Rigid,2964354,2964355,2965214,1,859,860,completed,2
43929,Rigid,2964355,2964355,2965682,0,1327,1327,completed,2
43930,Rigid,2964355,2964355,2965200,0,845,845,completed,2
43931,Rigid,2964355,2964355,2967670,0,3315,3315,completed,1
43932,Rigid,2964356,2964359,2965706,3,1347,1350,completed,2
43933,Rigid,2964356,2964359,2967619,3,3260,3263,completed,1
43934,Rigid,2964362,2964363,2965195,1,832,833,completed,2
43935,Rigid,2964376,2964377,2965196,1,819,820,completed,2
43936,Rigid,2964382,2964383,2965214,1,831,832,completed,2
43937,Rigid,2964396,2964400,2967726,4,3326,3330,completed,1
43938,Rigid,2964402,2964404,2965744,2,1340,1342,completed,2
43939,Rigid,2964402,2964404,2967772,2,3368,3370,completed,1
43940,Rigid,2964414,2964415,2965283,1,868,869,completed,2
43941,Rigid,2964415,2964419,2965756,4,1337,1341,completed,2
43942,Rigid,2964417,2964419,2967679,2,3260,3262,completed,1
43943,Rigid,2964418,2964419,2965275,1,856,857,completed,2
43944,Rigid,2964435,2964436,2965755,1,1319,1320,completed,2
43945,Rigid,2964436,2964436,2965738,0,1302,1302,completed,2
43946,Rigid,2964436,2964440,2967339,4,2899,2903,completed,1
43947,Rigid,2964438,2964440,2965251,2,811,813,completed,2
43948,Rigid,2964441,2964444,2965223,3,779,782,completed,2
43949,Rigid,2964442,2964444,2965169,2,725,727,completed,2
43950,Rigid,2964455,2964456,2965235,1,779,780,completed,2
43951,Rigid,2964456,2964456,2965303,0,847,847,completed,2
43952,Rigid,2964457,2964460,2967723,3,3263,3266,completed,1
43953,Rigid,2964458,2964460,2965734,2,1274,1276,completed,2
43954,Rigid,2964458,2964460,2965275,2,815,817,completed,2
43955,Rigid,2964460,2964461,2967657,1,3196,3197,completed,1
43956,Rigid,2964461,2964464,2965734,3,1270,1273,completed,2
43957,Rigid,2964476,2964477,2965754,1,1277,1278,completed,2
43958,Rigid,2964477,2964480,2965315,3,835,838,completed,2
43959,Rigid,2964480,2964481,2967862,1,3381,3382,completed,1
43960,Rigid,2964497,2964498,2967744,1,3246,3247,completed,1
43961,Rigid,2964534,2964535,2965399,1,864,865,completed,2
43962,Rigid,2964535,2964535,2965359,0,824,824,completed,2
43963,Rigid,2964535,2964535,2967745,0,3210,3210,completed,1
43964,Rigid,2964536,2964537,2965866,1,1329,1330,completed,2
43965,Rigid,2964537,2964537,2965306,0,769,769,completed,2
43966,Rigid,2964554,2964555,2965331,1,776,777,completed,2
43967,Rigid,2964555,2964555,2965312,0,757,757,completed,2
43968,Rigid,2964555,2964555,2965331,0,776,776,completed,2
43969,Rigid,2964556,2964558,2965306,2,748,750,completed,2
43970,Rigid,2964557,2964558,2965339,1,781,782,completed,2
43971,Rigid,2964557,2964558,2967648,1,3090,3091,completed,1
43972,Rigid,2964557,2964558,2965264,1,706,707,completed,2
43973,Rigid,2964557,2964558,2965336,1,778,779,completed,2
43974,Rigid,2964559,2964559,2965353,0,794,794,completed,2
43975,Rigid,2964560,2964562,2965405,2,843,845,completed,2
43976,Rigid,2964574,2964575,2964863,1,288,289,completed,36
43977,Rigid,2964577,2964580,2965867,3,1287,1290,completed,2
43978,Rigid,2964577,2964580,2965353,3,773,776,completed,2
43979,Rigid,2964578,2964580,2967687,2,3107,3109,completed,1
43980,Rigid,2964618,2964618,2965434,0,816,816,completed,2
43981,Rigid,2964637,2964638,2965923,1,1285,1286,completed,2
43982,Rigid,2964637,2964638,2965922,1,1284,1285,completed,2
43983,Rigid,2964638,2964638,2967738,0,3100,3100,completed,1
43984,Rigid,2964640,2964640,2965462,0,822,822,completed,2
43985,Rigid,2964659,2964659,2965988,0,1329,1329,completed,2
43986,Rigid,2964660,2964663,2965462,3,799,802,completed,2
43987,Rigid,2964676,2964676,2967799,0,3123,3123,completed,1
43988,Rigid,2964676,2964676,2965999,0,1323,1323,completed,2
43989,Rigid,2964697,2964700,2967843,3,3143,3146,completed,1
43990,Rigid,2964698,2964700,2965526,2,826,828,completed,2
43991,Rigid,2964779,2964780,2965565,1,785,786,completed,2
43992,Rigid,2964779,2964780,2965531,1,751,752,completed,2
43993,Rigid,2964802,2964803,2966112,1,1309,1310,completed,2
43994,Rigid,2964819,2964821,2967972,2,3151,3153,completed,1
43995,Rigid,2964819,2964821,2965617,2,796,798,completed,2
43996,Rigid,2964821,2964821,2965624,0,803,803,completed,2
43997,Rigid,2964822,2964822,2966112,0,1290,1290,completed,2
43998,Rigid,2964822,2964825,2965579,3,754,757,completed,2
43999,Rigid,2964839,2964839,2965565,0,726,726,completed,2
44000,Rigid,2964839,2964842,2965629,3,787,790,completed,2
44001,Rigid,2964858,2964858,2965586,0,728,728,completed,2
44002,Rigid,2964858,2964858,2965540,0,682,682,completed,2
44003,Rigid,2964858,2964859,2965633,1,774,775,completed,2
44004,Rigid,2964859,2964862,2967970,3,3108,3111,completed,1
44005,Rigid,2964859,2964862,2965544,3,682,685,completed,2
44006,Rigid,2964876,2964876,2966173,0,1297,1297,completed,2
44007,Rigid,2964878,2964879,2965641,1,762,763,completed,2
44008,Rigid,2964878,2964879,2965602,1,723,724,completed,2
44009,Rigid,2964878,2964879,2965651,1,772,773,completed,2
44010,Rigid,2964879,2964881,2965612,2,731,733,completed,2
44011,Rigid,2964882,2964885,2965604,3,719,722,completed,2
44012,Rigid,2964896,2964896,2965650,0,754,754,completed,2
44013,Rigid,2964898,2964900,2967914,2,3014,3016,completed,1
44014,Rigid,2964899,2964900,2965611,1,711,712,completed,2
44015,Rigid,2964899,2964900,2967911,1,3011,3012,completed,1
44016,Rigid,2964902,2964903,2965705,1,802,803,completed,2
44017,Rigid,2964916,2964916,2965722,0,806,806,completed,2
44018,Rigid,2964916,2964920,2965708,4,788,792,completed,2
44019,Rigid,2964917,2964920,2966196,3,1276,1279,completed,2
44020,Rigid,2964917,2964920,2968004,3,3084,3087,completed,1
44021,Rigid,2964919,2964920,2966219,1,1299,1300,completed,2
44022,Rigid,2964920,2964920,2965686,0,766,766,completed,2
44023,Rigid,2964922,2964922,2966196,0,1274,1274,completed,2
44024,Rigid,2964939,2964941,2966218,2,1277,1279,completed,2
44025,Rigid,2964956,2964956,2966169,0,1213,1213,completed,2
44026,Rigid,2964961,2964961,2968034,0,3073,3073,completed,1
44027,Rigid,2964962,2964963,2965803,1,840,841,completed,2
44028,Rigid,2964975,2964975,2965747,0,772,772,completed,2
44029,Rigid,2964976,2964979,2968272,3,3293,3296,completed,1
44030,Rigid,2964981,2964983,2966160,2,1177,1179,completed,2
44031,Rigid,2964996,2964996,2965730,0,734,734,completed,2
44032,Rigid,2964996,2964996,2966243,0,1247,1247,completed,2
44033,Rigid,2964999,2965001,2968145,2,3144,3146,completed,1
44034,Rigid,2965016,2965017,2965846,1,829,830,completed,2
44035,Rigid,2965035,2965036,2968308,1,3272,3273,completed,1
44036,Rigid,2965060,2965061,2966680,1,1619,1620,completed,36
44037,Rigid,2965061,2965061,2966370,0,1309,1309,completed,2
44038,Rigid,2965062,2965065,2965902,3,837,840,completed,2
44039,Rigid,2965063,2965065,2966370,2,1305,1307,completed,2
44040,Rigid,2965081,2965082,2968151,1,3069,3070,completed,1
44041,Rigid,2965141,2965141,2965952,0,811,811,completed,2
44042,Rigid,2965143,2965143,2966452,0,1309,1309,completed,2
44043,Rigid,2965161,2965162,2968200,1,3038,3039,completed,1
44044,Rigid,2965162,2965166,2966000,4,834,838,completed,2
44045,Rigid,2965163,2965166,2966464,3,1298,1301,completed,2
44046,Rigid,2965184,2965184,2968274,0,3090,3090,completed,1
44047,Rigid,2965200,2965200,2965996,0,796,796,completed,2
44048,Rigid,2965204,2965204,2968290,0,3086,3086,completed,1
44049,Rigid,2965220,2965221,2966047,1,826,827,completed,2
44050,Rigid,2965220,2965221,2966555,1,1334,1335,completed,2
44051,Rigid,2965224,2965224,2966532,0,1308,1308,completed,2
44052,Rigid,2965239,2965241,2968270,2,3029,3031,completed,1
44053,Rigid,2965240,2965241,2966089,1,848,849,completed,2
44054,Rigid,2965243,2965245,2966008,2,763,765,completed,2
44055,Rigid,2965260,2965261,2968259,1,2998,2999,completed,1
44056,Rigid,2965275,2965275,2968319,0,3044,3044,completed,1
44057,Rigid,2965279,2965279,2966576,0,1297,1297,completed,2
44058,Rigid,2965280,2965283,2966046,3,763,766,completed,2
44059,Rigid,2965283,2965283,2968301,0,3018,3018,completed,1
44060,Rigid,2965300,2965301,2966619,1,1318,1319,completed,2
44061,Rigid,2965315,2965315,2966121,0,806,806,completed,2
44062,Rigid,2965315,2965316,2966627,1,1311,1312,completed,2
44063,Rigid,2965316,2965316,2966121,0,805,805,completed,2
44064,Rigid,2965319,2965319,2966056,0,737,737,completed,2
44065,Rigid,2965319,2965323,2966635,4,1312,1316,completed,2
44066,Rigid,2965335,2965335,2968456,0,3121,3121,completed,1
44067,Rigid,2965335,2965335,2966050,0,715,715,completed,2
44068,Rigid,2965338,2965339,2968376,1,3037,3038,completed,1
44069,Rigid,2965355,2965355,2966165,0,810,810,completed,2
44070,Rigid,2965356,2965357,2966635,1,1278,1279,completed,2
44071,Rigid,2965356,2965357,2968423,1,3066,3067,completed,1
44072,Rigid,2965356,2965357,2966154,1,797,798,completed,2
44073,Rigid,2965376,2965376,2966688,0,1312,1312,completed,2
44074,Rigid,2965378,2965380,2968403,2,3023,3025,completed,1
44075,Rigid,2965378,2965380,2966143,2,763,765,completed,2
44076,Rigid,2965378,2965380,2966657,2,1277,1279,completed,2
44077,Rigid,2965383,2965383,2966164,0,781,781,completed,2
44078,Rigid,2965416,2965417,2966136,1,719,720,completed,2
44079,Rigid,2965419,2965421,2968422,2,3001,3003,completed,1
44080,Rigid,2965436,2965437,2968467,1,3030,3031,completed,1
44081,Rigid,2965458,2965459,2966232,1,773,774,completed,2
44082,Rigid,2965481,2965482,2966784,1,1302,1303,completed,2
44083,Rigid,2965481,2965482,2968476,1,2994,2995,completed,1
44084,Rigid,2965517,2965518,2966297,1,779,780,completed,2
44085,Rigid,2965517,2965518,2966225,1,707,708,completed,2
44086,Rigid,2965518,2965518,2966812,0,1294,1294,completed,2
44087,Rigid,2965536,2965537,2966262,1,725,726,completed,2
44088,Rigid,2965536,2965537,2966827,1,1290,1291,completed,2
44089,Rigid,2965557,2965558,2966345,1,787,788,completed,2
44090,Rigid,2965558,2965558,2968579,0,3021,3021,completed,1
44091,Rigid,2965558,2965562,2966294,4,732,736,completed,2
44092,Rigid,2965559,2965562,2966297,3,735,738,completed,2
44093,Rigid,2965577,2965577,2966805,0,1228,1228,completed,2
44094,Rigid,2965579,2965580,2966310,1,730,731,completed,2
44095,Rigid,2965580,2965580,2966363,0,783,783,completed,2
44096,Rigid,2965599,2965601,2968538,2,2937,2939,completed,1
44097,Rigid,2965610,2965611,2973242,1,7631,7632,completed,288
44098,Rigid,2965615,2965616,2966430,1,814,815,completed,2
44099,Rigid,2965616,2965619,2968770,3,3151,3154,completed,1
44100,Rigid,2965619,2965620,2966921,1,1301,1302,completed,2
44101,Rigid,2965620,2965620,2966345,0,725,725,completed,2
44102,Rigid,2965636,2965637,2966363,1,726,727,completed,2
44103,Rigid,2965640,2965641,2966393,1,752,753,completed,2
44104,Rigid,2965640,2965641,2968696,1,3055,3056,completed,1
44105,Rigid,2965640,2965641,2966439,1,798,799,completed,2
44106,Rigid,2965656,2965657,2966355,1,698,699,completed,2
44107,Rigid,2965660,2965661,2967162,1,1501,1502,completed,2
44108,Rigid,2965660,2965661,2966460,1,799,800,completed,2
44109,Rigid,2965684,2965684,2968746,0,3062,3062,completed,1
44110,Rigid,2965700,2965701,2967224,1,1523,1524,completed,2
44111,Rigid,2965702,2965705,2966497,3,792,795,completed,2
44112,Rigid,2965703,2965705,2968742,2,3037,3039,completed,1
44113,Rigid,2965716,2965716,2966446,0,730,730,completed,2
44114,Rigid,2965718,2965721,2966430,3,709,712,completed,2
44115,Rigid,2965720,2965721,2966989,1,1268,1269,completed,2
44116,Rigid,2965722,2965724,2966426,2,702,704,completed,2
44117,Rigid,2965736,2965736,2966528,0,792,792,completed,2
44118,Rigid,2965737,2965740,2968614,3,2874,2877,completed,1
44119,Rigid,2965741,2965743,2966950,2,1207,1209,completed,2
44120,Rigid,2965741,2965743,2966487,2,744,746,completed,2
44121,Rigid,2965742,2965743,2968668,1,2925,2926,completed,1
44122,Rigid,2965745,2965748,2966475,3,727,730,completed,2
44123,Rigid,2965756,2965756,2966967,0,1211,1211,completed,2
44124,Rigid,2965761,2965762,2967052,1,1290,1291,completed,2
44125,Rigid,2965762,2965766,2968742,4,2976,2980,completed,1
44126,Rigid,2965762,2965766,2966477,4,711,715,completed,2
44127,Rigid,2965822,2965823,2967081,1,1258,1259,completed,2
44128,Rigid,2965856,2965857,2966558,1,701,702,completed,2
44129,Rigid,2965878,2965879,2966579,1,700,701,completed,2
44130,Rigid,2965878,2965879,2966594,1,715,716,completed,2
44131,Rigid,2965897,2965901,3119295,4,153394,153398,completed,36
44132,Rigid,2965921,2965921,2966740,0,819,819,completed,2
44133,Rigid,2965933,2965934,3119095,1,153161,153162,completed,36
44134,Rigid,2965939,2965939,2966634,0,695,695,completed,2
44135,Rigid,2965939,2965943,2966634,4,691,695,completed,2
44136,Rigid,2965961,2965962,2969042,1,3080,3081,completed,1
44137,Rigid,2965978,2965978,3082053,0,116075,116075,completed,36
44138,Rigid,2966003,2966003,2966699,0,696,696,completed,2
44139,Rigid,2966005,2966007,2967216,2,1209,1211,completed,2
44140,Rigid,2966006,2966007,2966802,1,795,796,completed,2
44141,Rigid,2966021,2966021,2966721,0,700,700,completed,2
44142,Rigid,2966024,2966025,2969042,1,3017,3018,completed,1
44143,Rigid,2966056,2966057,3063654,1,97597,97598,completed,36
44144,Rigid,2966059,2966061,2966722,2,661,663,completed,2
44145,Rigid,2966063,2966065,2967309,2,1244,1246,completed,2
44146,Rigid,2966063,2966065,2968965,2,2900,2902,completed,1
44147,Rigid,2966064,2966065,2966828,1,763,764,completed,2
44148,Rigid,2966093,2966093,3093437,0,127344,127344,completed,36
44149,Rigid,2966104,2966105,2966821,1,716,717,completed,2
44150,Rigid,2966107,2966109,2967545,2,1436,1438,completed,144
44151,Rigid,2966125,2966126,2966853,1,727,728,completed,2
44152,Rigid,2966125,2966126,2966821,1,695,696,completed,2
44153,Rigid,2966138,2966141,2966832,3,691,694,completed,2
44154,Rigid,2966139,2966141,2966821,2,680,682,completed,2
44155,Rigid,2966140,2966141,2966855,1,714,715,completed,2
44156,Rigid,2966159,2966159,2966847,0,688,688,completed,2
44157,Rigid,2966159,2966161,2966833,2,672,674,completed,2
44158,Rigid,2966165,2966165,2966877,0,712,712,completed,2
44159,Rigid,2966179,2966179,2966850,0,671,671,completed,2
44160,Rigid,2966180,2966183,2966821,3,638,641,completed,2
44161,Rigid,2966181,2966183,2967419,2,1236,1238,completed,2
44162,Rigid,2966183,2966187,2966852,4,665,669,completed,2
44163,Rigid,2966200,2966201,2968971,1,2770,2771,completed,1
44164,Rigid,2966205,2966205,2966874,0,669,669,completed,2
44165,Rigid,2966220,2966220,2966942,0,722,722,completed,2
44166,Rigid,2966225,2966225,2966906,0,681,681,completed,2
44167,Rigid,2966239,2966240,2967474,1,1234,1235,completed,2
44168,Rigid,2966239,2966240,2966965,1,725,726,completed,2
44169,Rigid,2966260,2966261,2968857,1,2596,2597,completed,1
44170,Rigid,2966279,2966280,2966961,1,681,682,completed,2
44171,Rigid,2966299,2966299,2966961,0,662,662,completed,2
44172,Rigid,2966303,2966304,2966969,1,665,666,completed,2
44173,Rigid,2966304,2966306,2966995,2,689,691,completed,2
44174,Rigid,2966323,2966324,2966994,1,670,671,completed,2
44175,Rigid,2966358,2966358,2967595,0,1237,1237,completed,2
44176,Rigid,2966359,2966362,2969075,3,2713,2716,completed,1
44177,Rigid,2966363,2966364,2967036,1,672,673,completed,2
44178,Rigid,2966364,2966364,2967020,0,656,656,completed,2
44179,Rigid,2966379,2966381,2967076,2,695,697,completed,2
44180,Rigid,2966385,2966386,2967027,1,641,642,completed,2
44181,Rigid,2966385,2966386,2967036,1,650,651,completed,2
44182,Rigid,2966399,2966400,2966456,1,56,57,completed,36
44183,Rigid,2966404,2966404,2967078,0,674,674,completed,2
44184,Rigid,2966413,2966414,2966776,1,362,363,completed,36
44185,Rigid,2966415,2966418,2966447,3,29,32,completed,36
44186,Rigid,2966417,2966418,2966449,1,31,32,completed,36
44187,Rigid,2966428,2966429,2966741,1,312,313,completed,36
44188,Rigid,2966439,2966441,2969087,2,2646,2648,completed,1
44189,Rigid,2966439,2966441,2967130,2,689,691,completed,2
44190,Rigid,2966444,2966445,2967088,1,643,644,completed,2
44191,Rigid,2966444,2966445,2967100,1,655,656,completed,2
44192,Rigid,2966445,2966447,2966765,2,318,320,completed,36
44193,Rigid,2966459,2966460,2967661,1,1201,1202,completed,2
44194,Rigid,2966463,2966464,2967135,1,671,672,completed,2
44195,Rigid,2966465,2966468,2967113,3,645,648,completed,2
44196,Rigid,2966466,2966468,2967096,2,628,630,completed,2
44197,Rigid,2966483,2966484,2967126,1,642,643,completed,2
44198,Rigid,2966484,2966484,2967639,0,1155,1155,completed,2
44199,Rigid,2966504,2966504,2969232,0,2728,2728,completed,1
44200,Rigid,2966504,2966504,2967192,0,688,688,completed,2
44201,Rigid,2966540,2966540,2967158,0,618,618,completed,2
44202,Rigid,2966550,2966550,2967752,0,1202,1202,completed,2
44203,Rigid,2966559,2966560,2967180,1,620,621,completed,2
44204,Rigid,2966566,2966570,2969302,4,2732,2736,completed,1
44205,Rigid,2966579,2966579,2967180,0,601,601,completed,2
44206,Rigid,2966583,2966583,2969145,0,2562,2562,completed,1
44207,Rigid,2966586,2966587,2967243,1,656,657,completed,2
44208,Rigid,2966588,2966591,2967265,3,674,677,completed,2
44209,Rigid,2966600,2966600,2967764,0,1164,1164,completed,2
44210,Rigid,2966606,2966606,2967159,0,553,553,completed,2
44211,Rigid,2966629,2966630,2967801,1,1171,1172,completed,2
44212,Rigid,2966639,2966640,3119095,1,152455,152456,completed,36
44213,Rigid,2966639,2966640,3119095,1,152455,152456,completed,36
44214,Rigid,2966639,2966640,3118995,1,152355,152356,completed,36
44215,Rigid,2966640,2966643,2967831,3,1188,1191,completed,2
44216,Rigid,2966640,2966643,2967275,3,632,635,completed,2
44217,Rigid,2966641,2966643,2969134,2,2491,2493,completed,1
44218,Rigid,2966641,2966643,2967269,2,626,628,completed,2
44219,Rigid,2966643,2966644,2969128,1,2484,2485,completed,1
44220,Rigid,2966649,2966649,2967347,0,698,698,completed,2
44221,Rigid,2966661,2966662,2967811,1,1149,1150,completed,2
44222,Rigid,2966666,2966667,2968970,1,2303,2304,completed,1
44223,Rigid,2966684,2966685,2967347,1,662,663,completed,2
44224,Rigid,2966684,2966685,2967841,1,1156,1157,completed,2
44225,Rigid,2966689,2966689,3118995,0,152306,152306,completed,36
44226,Rigid,2966689,2966689,3119295,0,152606,152606,completed,36
44227,Rigid,2966689,2966689,3119095,0,152406,152406,completed,36
44228,Rigid,2966700,2966700,2967255,0,555,555,completed,2
44229,Rigid,2966701,2966701,2967244,0,543,543,completed,2
44230,Rigid,2966704,2966705,2967192,1,487,488,completed,2
44231,Rigid,2966740,2966741,2967295,1,554,555,completed,2
44232,Rigid,2966747,2966748,3119295,1,152547,152548,completed,36
44233,Rigid,2966747,2966748,3119095,1,152347,152348,completed,36
44234,Rigid,2966747,2966748,3119295,1,152547,152548,completed,36
44235,Rigid,2966748,2966748,2969521,0,2773,2773,completed,1
44236,Rigid,2966791,2966792,3119295,1,152503,152504,completed,36
44237,Rigid,2966791,2966792,3119095,1,152303,152304,completed,36
44238,Rigid,2966791,2966792,3119095,1,152303,152304,completed,36
44239,Rigid,2966809,2966809,2968014,0,1205,1205,completed,2
44240,Rigid,2966813,2966813,2967519,0,706,706,completed,2
44241,Rigid,2966827,2966828,2969499,1,2671,2672,completed,1
44242,Rigid,2966827,2966828,2967452,1,624,625,completed,2
44243,Rigid,2966834,2966835,2967447,1,612,613,completed,2
44244,Rigid,2966848,2966848,2967440,0,592,592,completed,2
44245,Rigid,2966859,2966861,3118995,2,152134,152136,completed,36
44246,Rigid,2966859,2966861,3119295,2,152434,152436,completed,36
44247,Rigid,2966859,2966861,3119295,2,152434,152436,completed,36
44248,Rigid,2966867,2966867,2967454,0,587,587,completed,2
44249,Rigid,2966867,2966869,2966914,2,45,47,completed,1
44250,Rigid,2966867,2966869,2966914,2,45,47,completed,1
44251,Rigid,2966867,2966869,2966914,2,45,47,completed,1
44252,Rigid,2966867,2966869,2966914,2,45,47,completed,1
44253,Rigid,2966867,2966869,2966914,2,45,47,completed,1
44254,Rigid,2966868,2966869,2966914,1,45,46,completed,1
44255,Rigid,2966868,2966869,2966914,1,45,46,completed,1
44256,Rigid,2966868,2966869,2966914,1,45,46,completed,1
44257,Rigid,2966868,2966869,2966914,1,45,46,completed,1
44258,Rigid,2966868,2966869,2966914,1,45,46,completed,1
44259,Rigid,2966868,2966869,2966914,1,45,46,completed,1
44260,Rigid,2966868,2966869,2966914,1,45,46,completed,1
44261,Rigid,2966868,2966869,2966914,1,45,46,completed,1
44262,Rigid,2966868,2966869,2966914,1,45,46,completed,1
44263,Rigid,2966868,2966869,2966914,1,45,46,completed,1
44264,Rigid,2966868,2966869,2966914,1,45,46,completed,1
44265,Rigid,2966868,2966869,2966914,1,45,46,completed,1
44266,Rigid,2966868,2966869,2966914,1,45,46,completed,1
44267,Rigid,2966868,2966869,2966914,1,45,46,completed,1
44268,Rigid,2966868,2966869,2966914,1,45,46,completed,1
44269,Rigid,2966868,2966869,2966914,1,45,46,completed,1
44270,Rigid,2966868,2966869,2966914,1,45,46,completed,1
44271,Rigid,2966868,2966869,2966914,1,45,46,completed,1
44272,Rigid,2966868,2966869,2966914,1,45,46,completed,1
44273,Rigid,2966868,2966869,2966950,1,81,82,completed,1
44274,Rigid,2966868,2966869,2966951,1,82,83,completed,1
44275,Rigid,2966868,2966869,2966951,1,82,83,completed,1
44276,Rigid,2966868,2966869,2966951,1,82,83,completed,1
44277,Rigid,2966868,2966869,2966951,1,82,83,completed,1
44278,Rigid,2966868,2966869,2966951,1,82,83,completed,1
44279,Rigid,2966868,2966869,2966951,1,82,83,completed,1
44280,Rigid,2966868,2966869,2966951,1,82,83,completed,1
44281,Rigid,2966868,2966869,2966951,1,82,83,completed,1
44282,Rigid,2966868,2966869,2966951,1,82,83,completed,1
44283,Rigid,2966868,2966869,2966951,1,82,83,completed,1
44284,Rigid,2966868,2966869,2966951,1,82,83,completed,1
44285,Rigid,2966868,2966869,2967995,1,1126,1127,completed,2
44286,Rigid,2966868,2966869,2966951,1,82,83,completed,1
44287,Rigid,2966868,2966869,2966951,1,82,83,completed,1
44288,Rigid,2966868,2966869,2966951,1,82,83,completed,1
44289,Rigid,2966868,2966869,2966951,1,82,83,completed,1
44290,Rigid,2966868,2966869,2966951,1,82,83,completed,1
44291,Rigid,2966868,2966869,2966951,1,82,83,completed,1
44292,Rigid,2966868,2966869,2966951,1,82,83,completed,1
44293,Rigid,2966868,2966869,2966951,1,82,83,completed,1
44294,Rigid,2966868,2966869,2966951,1,82,83,completed,1
44295,Rigid,2966868,2966869,2966951,1,82,83,completed,1
44296,Rigid,2966868,2966869,2966951,1,82,83,completed,1
44297,Rigid,2966868,2966869,2966951,1,82,83,completed,1
44298,Rigid,2966868,2966869,2966951,1,82,83,completed,1
44299,Rigid,2966868,2966869,2966951,1,82,83,completed,1
44300,Rigid,2966868,2966869,2966951,1,82,83,completed,1
44301,Rigid,2966868,2966869,2966951,1,82,83,completed,1
44302,Rigid,2966868,2966869,2966951,1,82,83,completed,1
44303,Rigid,2966868,2966869,2966951,1,82,83,completed,1
44304,Rigid,2966868,2966869,2966950,1,81,82,completed,1
44305,Rigid,2966868,2966869,2966950,1,81,82,completed,1
44306,Rigid,2966868,2966869,2966951,1,82,83,completed,1
44307,Rigid,2966868,2966869,2966951,1,82,83,completed,1
44308,Rigid,2966868,2966869,2966951,1,82,83,completed,1
44309,Rigid,2966869,2966869,2966951,0,82,82,completed,1
44310,Rigid,2966869,2966869,2966951,0,82,82,completed,1
44311,Rigid,2966869,2966869,2966951,0,82,82,completed,1
44312,Rigid,2966869,2966869,2966951,0,82,82,completed,1
44313,Rigid,2966869,2966869,2966951,0,82,82,completed,1
44314,Rigid,2966869,2966869,2966951,0,82,82,completed,1
44315,Rigid,2966869,2966869,2966951,0,82,82,completed,1
44316,Rigid,2966869,2966869,2966951,0,82,82,completed,1
44317,Rigid,2966869,2966869,2966951,0,82,82,completed,1
44318,Rigid,2966869,2966869,2966951,0,82,82,completed,1
44319,Rigid,2966869,2966869,2966951,0,82,82,completed,1
44320,Rigid,2966869,2966869,2966951,0,82,82,completed,1
44321,Rigid,2966869,2966869,2966951,0,82,82,completed,1
44322,Rigid,2966869,2966869,2966951,0,82,82,completed,1
44323,Rigid,2966869,2966869,2966951,0,82,82,completed,1
44324,Rigid,2966869,2966869,2966951,0,82,82,completed,1
44325,Rigid,2966869,2966869,2966951,0,82,82,completed,1
44326,Rigid,2966869,2966869,2966951,0,82,82,completed,1
44327,Rigid,2966869,2966869,2966951,0,82,82,completed,1
44328,Rigid,2966869,2966869,2966951,0,82,82,completed,1
44329,Rigid,2966869,2966870,2966951,1,81,82,completed,1
44330,Rigid,2966869,2966870,2966951,1,81,82,completed,1
44331,Rigid,2966869,2966870,2966951,1,81,82,completed,1
44332,Rigid,2966869,2966870,2966951,1,81,82,completed,1
44333,Rigid,2966869,2966870,2966951,1,81,82,completed,1
44334,Rigid,2966870,2966870,2966951,0,81,81,completed,1
44335,Rigid,2966890,2966890,2969365,0,2475,2475,completed,1
44336,Rigid,2966894,2966894,2967527,0,633,633,completed,2
44337,Rigid,2966914,2966915,2968095,1,1180,1181,completed,2
44338,Rigid,2966937,2966938,2969399,1,2461,2462,completed,1
44339,Rigid,2966940,2966942,2967578,2,636,638,completed,2
44340,Rigid,2966955,2966956,2968118,1,1162,1163,completed,2
44341,Rigid,2966957,2966960,2967592,3,632,635,completed,2
44342,Rigid,2966960,2966962,2969222,2,2260,2262,completed,1
44343,Rigid,2966974,2966975,2967592,1,617,618,completed,2
44344,Rigid,2966980,2966981,2969439,1,2458,2459,completed,1
44345,Rigid,2966994,2966995,2968171,1,1176,1177,completed,2
44346,Rigid,2966995,2966996,2967555,1,559,560,completed,2
44347,Rigid,2966998,2966999,2967564,1,565,566,completed,2
44348,Rigid,2966998,2966999,2967558,1,559,560,completed,2
44349,Rigid,2967014,2967015,2967566,1,551,552,completed,2
44350,Rigid,2967241,2967242,2967271,1,29,30,completed,1
44351,Rigid,2967241,2967242,2967271,1,29,30,completed,1
44352,Rigid,2967241,2967242,2967271,1,29,30,completed,1
44353,Rigid,2967241,2967242,2967271,1,29,30,completed,1
44354,Rigid,2967241,2967242,2967271,1,29,30,completed,1
44355,Rigid,2967241,2967242,2967271,1,29,30,completed,1
44356,Rigid,2967241,2967242,2967271,1,29,30,completed,1
44357,Rigid,2967241,2967242,2967271,1,29,30,completed,1
44358,Rigid,2967241,2967242,2967271,1,29,30,completed,1
44359,Rigid,2967241,2967242,2967271,1,29,30,completed,1
44360,Rigid,2967241,2967242,2967271,1,29,30,completed,1
44361,Rigid,2967241,2967242,2967271,1,29,30,completed,1
44362,Rigid,2967241,2967242,2967271,1,29,30,completed,1
44363,Rigid,2967241,2967242,2967270,1,28,29,completed,1
44364,Rigid,2967241,2967242,2967271,1,29,30,completed,1
44365,Rigid,2967241,2967242,2967270,1,28,29,completed,1
44366,Rigid,2967241,2967242,2967271,1,29,30,completed,1
44367,Rigid,2967241,2967242,2967271,1,29,30,completed,1
44368,Rigid,2967241,2967242,2967271,1,29,30,completed,1
44369,Rigid,2967241,2967242,2967271,1,29,30,completed,1
44370,Rigid,2967241,2967242,2967271,1,29,30,completed,1
44371,Rigid,2967241,2967242,2967271,1,29,30,completed,1
44372,Rigid,2967241,2967242,2967271,1,29,30,completed,1
44373,Rigid,2967241,2967242,2967271,1,29,30,completed,1
44374,Rigid,2967241,2967242,2967271,1,29,30,completed,1
44375,Rigid,2967241,2967242,2967340,1,98,99,completed,1
44376,Rigid,2967242,2967244,2967340,2,96,98,completed,1
44377,Rigid,2967242,2967244,2967340,2,96,98,completed,1
44378,Rigid,2967242,2967244,2967340,2,96,98,completed,1
44379,Rigid,2967242,2967244,2967340,2,96,98,completed,1
44380,Rigid,2967242,2967244,2967340,2,96,98,completed,1
44381,Rigid,2967242,2967244,2967340,2,96,98,completed,1
44382,Rigid,2967242,2967244,2967340,2,96,98,completed,1
44383,Rigid,2967242,2967244,2967340,2,96,98,completed,1
44384,Rigid,2967242,2967244,2967340,2,96,98,completed,1
44385,Rigid,2967242,2967244,2967340,2,96,98,completed,1
44386,Rigid,2967242,2967244,2967340,2,96,98,completed,1
44387,Rigid,2967242,2967244,2967340,2,96,98,completed,1
44388,Rigid,2967242,2967244,2967340,2,96,98,completed,1
44389,Rigid,2967242,2967244,2967340,2,96,98,completed,1
44390,Rigid,2967242,2967244,2967340,2,96,98,completed,1
44391,Rigid,2967242,2967244,2967340,2,96,98,completed,1
44392,Rigid,2967242,2967244,2967340,2,96,98,completed,1
44393,Rigid,2967242,2967244,2967340,2,96,98,completed,1
44394,Rigid,2967242,2967244,2967340,2,96,98,completed,1
44395,Rigid,2967242,2967244,2967340,2,96,98,completed,1
44396,Rigid,2967242,2967244,2967340,2,96,98,completed,1
44397,Rigid,2967242,2967244,2967340,2,96,98,completed,1
44398,Rigid,2967242,2967244,2967340,2,96,98,completed,1
44399,Rigid,2967242,2967244,2967340,2,96,98,completed,1
44400,Rigid,2967242,2967244,2967340,2,96,98,completed,1
44401,Rigid,2967242,2967244,2967340,2,96,98,completed,1
44402,Rigid,2967242,2967244,2967340,2,96,98,completed,1
44403,Rigid,2967242,2967244,2967340,2,96,98,completed,1
44404,Rigid,2967242,2967244,2967340,2,96,98,completed,1
44405,Rigid,2967242,2967244,2967340,2,96,98,completed,1
44406,Rigid,2967242,2967244,2967340,2,96,98,completed,1
44407,Rigid,2967242,2967244,2967340,2,96,98,completed,1
44408,Rigid,2967242,2967244,2967340,2,96,98,completed,1
44409,Rigid,2967242,2967244,2967340,2,96,98,completed,1
44410,Rigid,2967242,2967244,2967340,2,96,98,completed,1
44411,Rigid,2967242,2967244,2967272,2,28,30,completed,1
44412,Rigid,2967242,2967244,2967272,2,28,30,completed,1
44413,Rigid,2967243,2967244,2967272,1,28,29,completed,1
44414,Rigid,2967243,2967244,2967272,1,28,29,completed,1
44415,Rigid,2967243,2967244,2967272,1,28,29,completed,1
44416,Rigid,2967243,2967244,2967272,1,28,29,completed,1
44417,Rigid,2967243,2967244,2967272,1,28,29,completed,1
44418,Rigid,2967243,2967244,2967272,1,28,29,completed,1
44419,Rigid,2967243,2967244,2967272,1,28,29,completed,1
44420,Rigid,2967243,2967244,2967272,1,28,29,completed,1
44421,Rigid,2967243,2967244,2967272,1,28,29,completed,1
44422,Rigid,2967243,2967244,2967272,1,28,29,completed,1
44423,Rigid,2967243,2967244,2967272,1,28,29,completed,1
44424,Rigid,2967243,2967244,2967272,1,28,29,completed,1
44425,Rigid,2967243,2967244,2967272,1,28,29,completed,1
44426,Rigid,2967243,2967244,2967272,1,28,29,completed,1
44427,Rigid,2967243,2967244,2967272,1,28,29,completed,1
44428,Rigid,2967243,2967244,2967272,1,28,29,completed,1
44429,Rigid,2967243,2967244,2967272,1,28,29,completed,1
44430,Rigid,2967243,2967244,2967272,1,28,29,completed,1
44431,Rigid,2967243,2967244,2967272,1,28,29,completed,1
44432,Rigid,2967243,2967244,2967272,1,28,29,completed,1
44433,Rigid,2967243,2967244,2967272,1,28,29,completed,1
44434,Rigid,2967243,2967244,2967272,1,28,29,completed,1
44435,Rigid,2967412,2967413,2967678,1,265,266,completed,144
44436,Rigid,2967423,2967423,2967680,0,257,257,completed,144
44437,Rigid,2967448,2967449,2970093,1,2644,2645,completed,1
44438,Rigid,2967448,2967449,2970172,1,2723,2724,completed,1
44439,Rigid,2967449,2967449,2970349,0,2900,2900,completed,1
44440,Rigid,2967449,2967449,2970477,0,3028,3028,completed,1
44441,Rigid,2967449,2967449,2971104,0,3655,3655,completed,1
44442,Rigid,2967449,2967449,2971197,0,3748,3748,completed,1
44443,Rigid,2967449,2967449,2971386,0,3937,3937,completed,1
44444,Rigid,2967449,2967449,2971462,0,4013,4013,completed,1
44445,Rigid,2967449,2967449,2972317,0,4868,4868,completed,1
44446,Rigid,2967449,2967449,2972035,0,4586,4586,completed,1
44447,Rigid,2967449,2967449,2972104,0,4655,4655,completed,1
44448,Rigid,2967449,2967449,2972244,0,4795,4795,completed,1
44449,Rigid,2967449,2967449,2972365,0,4916,4916,completed,1
44450,Rigid,2967449,2967449,2972608,0,5159,5159,completed,1
44451,Rigid,2967449,2967449,2972670,0,5221,5221,completed,1
44452,Rigid,2967449,2967449,2972786,0,5337,5337,completed,1
44453,Rigid,2967449,2967449,2972979,0,5530,5530,completed,1
44454,Rigid,2967449,2967449,2973006,0,5557,5557,completed,1
44455,Rigid,2967449,2967453,2973231,4,5778,5782,completed,1
44456,Rigid,2967449,2967453,2973344,4,5891,5895,completed,1
44457,Rigid,2967449,2967453,2973706,4,6253,6257,completed,1
44458,Rigid,2967449,2967453,2973726,4,6273,6277,completed,1
44459,Rigid,2967449,2967453,2973755,4,6302,6306,completed,1
44460,Rigid,2967449,2967453,2973868,4,6415,6419,completed,1
44461,Rigid,2967449,2967453,2973935,4,6482,6486,completed,1
44462,Rigid,2967449,2967453,2974197,4,6744,6748,completed,1
44463,Rigid,2967449,2967453,2975254,4,7801,7805,completed,1
44464,Rigid,2967449,2967453,2975362,4,7909,7913,completed,1
44465,Rigid,2967449,2967453,2975579,4,8126,8130,completed,1
44466,Rigid,2967449,2967453,2975600,4,8147,8151,completed,1
44467,Rigid,2967449,2967453,2975755,4,8302,8306,completed,1
44468,Rigid,2967449,2967453,2975705,4,8252,8256,completed,1
44469,Rigid,2967449,2967453,2975827,4,8374,8378,completed,1
44470,Rigid,2967449,2967453,2975956,4,8503,8507,completed,1
44471,Rigid,2967449,2967453,2976078,4,8625,8629,completed,1
44472,Rigid,2967449,2967453,2976157,4,8704,8708,completed,1
44473,Rigid,2967449,2967453,2976266,4,8813,8817,completed,1
44474,Rigid,2967449,2967453,2976356,4,8903,8907,completed,1
44475,Rigid,2967449,2967453,2976562,4,9109,9113,completed,1
44476,Rigid,2967449,2967453,2976664,4,9211,9215,completed,1
44477,Rigid,2967449,2967453,2976623,4,9170,9174,completed,1
44478,Rigid,2967449,2967453,2976808,4,9355,9359,completed,1
44479,Rigid,2967449,2967453,2976991,4,9538,9542,completed,1
44480,Rigid,2967449,2967453,2977150,4,9697,9701,completed,1
44481,Rigid,2967450,2967453,2979282,3,11829,11832,completed,1
44482,Rigid,2967450,2967453,2978732,3,11279,11282,completed,1
44483,Rigid,2967450,2967453,2978786,3,11333,11336,completed,1
44484,Rigid,2967450,2967453,2979048,3,11595,11598,completed,1
44485,Rigid,2967450,2967453,2979145,3,11692,11695,completed,1
44486,Rigid,2967450,2967453,2979282,3,11829,11832,completed,1
44487,Rigid,2967450,2967453,2979589,3,12136,12139,completed,1
44488,Rigid,2967450,2967453,2979475,3,12022,12025,completed,1
44489,Rigid,2967450,2967453,2979614,3,12161,12164,completed,1
44490,Rigid,2967450,2967453,2979830,3,12377,12380,completed,1
44491,Rigid,2967450,2967453,2979873,3,12420,12423,completed,1
44492,Rigid,2967450,2967453,2979910,3,12457,12460,completed,1
44493,Rigid,2967450,2967453,2980371,3,12918,12921,completed,1
44494,Rigid,2967450,2967453,2980340,3,12887,12890,completed,1
44495,Rigid,2967450,2967453,2980274,3,12821,12824,completed,1
44496,Rigid,2967450,2967453,2980441,3,12988,12991,completed,1
44497,Rigid,2967450,2967453,2980639,3,13186,13189,completed,1
44498,Rigid,2967450,2967453,2980711,3,13258,13261,completed,1
44499,Rigid,2967450,2967453,2980026,3,12573,12576,completed,1
44500,Rigid,2967450,2967453,2980143,3,12690,12693,completed,1
44501,Rigid,2967450,2967453,2980145,3,12692,12695,completed,1
44502,Rigid,2967450,2967453,2980440,3,12987,12990,completed,1
44503,Rigid,2967450,2967453,2980460,3,13007,13010,completed,1
44504,Rigid,2967450,2967453,2980592,3,13139,13142,completed,1
44505,Rigid,2967450,2967453,2980990,3,13537,13540,completed,1
44506,Rigid,2967450,2967453,2980960,3,13507,13510,completed,1
44507,Rigid,2967450,2967453,2981010,3,13557,13560,completed,1
44508,Rigid,2967450,2967453,2981133,3,13680,13683,completed,1
44509,Rigid,2967450,2967453,2981444,3,13991,13994,completed,1
44510,Rigid,2967450,2967453,2981637,3,14184,14187,completed,1
44511,Rigid,2967450,2967453,2980790,3,13337,13340,completed,1
44512,Rigid,2967450,2967453,2980288,3,12835,12838,completed,1
44513,Rigid,2967450,2967453,2980445,3,12992,12995,completed,1
44514,Rigid,2967450,2967453,2980359,3,12906,12909,completed,1
44515,Rigid,2967450,2967453,2980371,3,12918,12921,completed,1
44516,Rigid,2967450,2967453,2980665,3,13212,13215,completed,1
44517,Rigid,2967450,2967453,2980793,3,13340,13343,completed,1
44518,Rigid,2967450,2967453,2980789,3,13336,13339,completed,1
44519,Rigid,2967450,2967453,2980846,3,13393,13396,completed,1
44520,Rigid,2967450,2967453,2980872,3,13419,13422,completed,1
44521,Rigid,2967450,2967453,2981074,3,13621,13624,completed,1
44522,Rigid,2967659,2967659,2967669,0,10,10,completed,32
44523,Rigid,2967690,2967690,2981745,0,14055,14055,completed,144
44524,Rigid,2967700,2967701,2981714,1,14013,14014,completed,144
44525,Rigid,2967863,2967864,2967872,1,8,9,completed,32
44526,Rigid,2969022,2969022,2969625,0,603,603,completed,36
44527,Rigid,2969032,2969032,2969625,0,593,593,completed,36
44528,Rigid,2969042,2969042,2969625,0,583,583,completed,36
44529,Rigid,2969052,2969053,2969625,1,572,573,completed,36
44530,Rigid,2969063,2969063,2969625,0,562,562,completed,36
44531,Rigid,2969073,2969073,2969625,0,552,552,completed,36
44532,Rigid,2969083,2969083,2969198,0,115,115,completed,36
44533,Rigid,2969093,2969093,2969625,0,532,532,completed,36
44534,Rigid,2969103,2969103,2969625,0,522,522,completed,36
44535,Rigid,2969113,2969114,2969625,1,511,512,completed,36
44536,Rigid,2969123,2969124,2969625,1,501,502,completed,36
44537,Rigid,2969134,2969134,2969625,0,491,491,completed,36
44538,Rigid,2969144,2969144,2969625,0,481,481,completed,36
44539,Rigid,2969154,2969155,2969625,1,470,471,completed,36
44540,Rigid,2969717,2969718,2969823,1,105,106,completed,36
44541,Rigid,2969727,2969728,2998648,1,28920,28921,completed,36
44542,Rigid,2969738,2969741,2969833,3,92,95,completed,36
44543,Rigid,2969748,2969749,2998844,1,29095,29096,completed,36
44544,Rigid,2969758,2969759,2999007,1,29248,29249,completed,36
44545,Rigid,2969768,2969769,2998985,1,29216,29217,completed,36
44546,Rigid,2969778,2969779,2998960,1,29181,29182,completed,36
44547,Rigid,2969788,2969789,2999064,1,29275,29276,completed,36
44548,Rigid,2969799,2969801,2998955,2,29154,29156,completed,36
44549,Rigid,2969809,2969809,2999173,0,29364,29364,completed,36
44550,Rigid,2969819,2969820,2999323,1,29503,29504,completed,36
44551,Rigid,2969829,2969830,2999658,1,29828,29829,completed,36
44552,Rigid,2969839,2969840,2998952,1,29112,29113,completed,36
44553,Rigid,2969849,2969850,2999077,1,29227,29228,completed,36
44554,Rigid,2970174,2970175,2999843,1,29668,29669,completed,36
44555,Rigid,2970185,2970185,2999571,0,29386,29386,completed,36
44556,Rigid,2972570,2972571,2975784,1,3213,3214,completed,72
44557,Rigid,2972671,2972672,3002755,1,30083,30084,completed,144
44558,Rigid,2972789,2972789,3118995,0,146206,146206,completed,72
44559,Rigid,2972907,2972907,3043892,0,70985,70985,completed,72
44560,Rigid,2979326,2979327,3108726,1,129399,129400,completed,144
44561,Rigid,2981331,2981332,2981341,1,9,10,completed,32
44562,Rigid,2981393,2981394,2981401,1,7,8,completed,32
44563,Rigid,2981668,2981668,2981695,0,27,27,completed,32
44564,Rigid,2982653,2982653,2982982,0,329,329,completed,36
44565,Rigid,2982665,2982665,2997065,0,14400,14400,completed,36
44566,Rigid,2982666,2982669,2982766,3,97,100,completed,36
44567,Rigid,2982667,2982669,2982817,2,148,150,completed,36
44568,Rigid,2982678,2982678,2995474,0,12796,12796,completed,36
44569,Rigid,2982690,2982690,2996639,0,13949,13949,completed,36
44570,Rigid,2983161,2983161,2983189,0,28,28,completed,72
44571,Rigid,2983745,2983746,2984974,1,1228,1229,completed,72
44572,Rigid,2985404,2985404,2987343,0,1939,1939,completed,1
44573,Rigid,2985427,2985428,2991643,1,6215,6216,completed,1
44574,Rigid,2985427,2985428,2991694,1,6266,6267,completed,1
44575,Rigid,2985427,2985428,2991625,1,6197,6198,completed,1
44576,Rigid,2985427,2985428,2991738,1,6310,6311,completed,1
44577,Rigid,2985427,2985428,2991621,1,6193,6194,completed,1
44578,Rigid,2985427,2985428,2991580,1,6152,6153,completed,1
44579,Rigid,2985427,2985428,2991583,1,6155,6156,completed,1
44580,Rigid,2985427,2985428,2991613,1,6185,6186,completed,1
44581,Rigid,2985427,2985428,2985520,1,92,93,completed,1
44582,Rigid,2985427,2985428,2991578,1,6150,6151,completed,1
44583,Rigid,2985427,2985428,2991603,1,6175,6176,completed,1
44584,Rigid,2985427,2985428,2991645,1,6217,6218,completed,1
44585,Rigid,2985427,2985429,2991693,2,6264,6266,completed,1
44586,Rigid,2985427,2985429,2991546,2,6117,6119,completed,1
44587,Rigid,2985427,2985429,2991546,2,6117,6119,completed,1
44588,Rigid,2985427,2985429,2991715,2,6286,6288,completed,1
44589,Rigid,2985427,2985429,2991660,2,6231,6233,completed,1
44590,Rigid,2985427,2985429,2991772,2,6343,6345,completed,1
44591,Rigid,2985427,2985429,2991624,2,6195,6197,completed,1
44592,Rigid,2985427,2985429,2991546,2,6117,6119,completed,1
44593,Rigid,2985454,2985454,3003455,0,18001,18001,completed,1
44594,Rigid,2985454,2985454,3003455,0,18001,18001,completed,1
44595,Rigid,2985454,2985454,3003455,0,18001,18001,completed,1
44596,Rigid,2985454,2985454,3003455,0,18001,18001,completed,1
44597,Rigid,2985454,2985454,3003455,0,18001,18001,completed,1
44598,Rigid,2985454,2985454,3003455,0,18001,18001,completed,1
44599,Rigid,2985454,2985454,3003455,0,18001,18001,completed,1
44600,Rigid,2985454,2985454,3003455,0,18001,18001,completed,1
44601,Rigid,2985454,2985454,3003455,0,18001,18001,completed,1
44602,Rigid,2985454,2985454,3003455,0,18001,18001,completed,1
44603,Rigid,2985454,2985454,3003455,0,18001,18001,completed,1
44604,Rigid,2985454,2985454,3003455,0,18001,18001,completed,1
44605,Rigid,2985454,2985455,2985520,1,65,66,completed,1
44606,Rigid,2985454,2985455,3003455,1,18000,18001,completed,1
44607,Rigid,2985454,2985455,3003455,1,18000,18001,completed,1
44608,Rigid,2985454,2985455,3003455,1,18000,18001,completed,1
44609,Rigid,2985454,2985455,3003455,1,18000,18001,completed,1
44610,Rigid,2985454,2985455,3003455,1,18000,18001,completed,1
44611,Rigid,2985454,2985455,3003455,1,18000,18001,completed,1
44612,Rigid,2985454,2985455,3003455,1,18000,18001,completed,1
44613,Rigid,2985454,2985455,3003455,1,18000,18001,completed,1
44614,Rigid,2985454,2985455,3003455,1,18000,18001,completed,1
44615,Rigid,2985454,2985455,3003455,1,18000,18001,completed,1
44616,Rigid,2985454,2985455,3003455,1,18000,18001,completed,1
44617,Rigid,2985454,2985455,3003455,1,18000,18001,completed,1
44618,Rigid,2985454,2985455,3003455,1,18000,18001,completed,1
44619,Rigid,2985454,2985455,3003455,1,18000,18001,completed,1
44620,Rigid,2985454,2985455,3003455,1,18000,18001,completed,1
44621,Rigid,2985454,2985455,3003455,1,18000,18001,completed,1
44622,Rigid,2985454,2985455,3003455,1,18000,18001,completed,1
44623,Rigid,2985454,2985455,2985520,1,65,66,completed,1
44624,Rigid,2985454,2985455,3003455,1,18000,18001,completed,1
44625,Rigid,2985454,2985455,3003455,1,18000,18001,completed,1
44626,Rigid,2985454,2985455,3003455,1,18000,18001,completed,1
44627,Rigid,2985454,2985455,3003455,1,18000,18001,completed,1
44628,Rigid,2985454,2985455,3003455,1,18000,18001,completed,1
44629,Rigid,2985454,2985455,3003455,1,18000,18001,completed,1
44630,Rigid,2985454,2985455,3003455,1,18000,18001,completed,1
44631,Rigid,2985454,2985455,3003455,1,18000,18001,completed,1
44632,Rigid,2985454,2985455,3003455,1,18000,18001,completed,1
44633,Rigid,2985467,2985467,2985825,0,358,358,completed,1
44634,Rigid,2985482,2985482,2985547,0,65,65,completed,1
44635,Rigid,2985487,2985487,2985654,0,167,167,completed,1
44636,Rigid,2986480,2986482,2994221,2,7739,7741,completed,72
44637,Rigid,3012896,3012896,3014469,0,1573,1573,completed,144
44638,Rigid,3012896,3012898,3014504,2,1606,1608,completed,144
44639,Rigid,3012896,3012898,3014475,2,1577,1579,completed,144
44640,Rigid,3012896,3012898,3014494,2,1596,1598,completed,144
44641,Rigid,3012896,3012898,3014476,2,1578,1580,completed,144
44642,Rigid,3012896,3012898,3014466,2,1568,1570,completed,144
44643,Rigid,3012896,3012898,3014509,2,1611,1613,completed,144
44644,Rigid,3012896,3012898,3014455,2,1557,1559,completed,144
44645,Rigid,3012896,3012898,3014469,2,1571,1573,completed,144
44646,Rigid,3012896,3012898,3014497,2,1599,1601,completed,144
44647,Rigid,3012896,3012898,3014464,2,1566,1568,completed,144
44648,Rigid,3012896,3012898,3014483,2,1585,1587,completed,144
44649,Rigid,3012896,3012898,3014473,2,1575,1577,completed,144
44650,Rigid,3012896,3012898,3014484,2,1586,1588,completed,144
44651,Rigid,3012897,3012898,3014469,1,1571,1572,completed,144
44652,Rigid,3020757,3020758,3119295,1,98537,98538,completed,36
44653,Rigid,3020798,3020802,3118995,4,98193,98197,completed,36
44654,Rigid,3020834,3020835,3119095,1,98260,98261,completed,36
44655,Rigid,3021148,3021149,3028801,1,7652,7653,completed,288
44656,Rigid,3023156,3023157,3050134,1,26977,26978,completed,144
44657,Rigid,3023216,3023217,3023227,1,10,11,completed,144
44658,Rigid,3023994,3023994,3024170,0,176,176,completed,36
44659,Rigid,3024348,3024349,3027982,1,3633,3634,completed,144
44660,Rigid,3024574,3024575,3024732,1,157,158,completed,36
44661,Rigid,3024784,3108711,3119095,83927,10384,94311,completed,576
44662,Rigid,3024992,3024992,3033456,0,8464,8464,completed,396
44663,Rigid,3025003,3025004,3033458,1,8454,8455,completed,396
44664,Rigid,3025010,3025010,3033455,0,8445,8445,completed,396
44665,Rigid,3025015,3025016,3033453,1,8437,8438,completed,396
44666,Rigid,3025021,3025021,3033450,0,8429,8429,completed,396
44667,Rigid,3025283,3025283,3025597,0,314,314,completed,36
44668,Rigid,3025392,3025392,3025612,0,220,220,completed,36
44669,Rigid,3025410,3025410,3119095,0,93685,93685,completed,36
44670,Rigid,3025410,3025410,3119095,0,93685,93685,completed,36
44671,Rigid,3025410,3025410,3118995,0,93585,93585,completed,36
44672,Rigid,3025825,3025826,3026654,1,828,829,completed,36
44673,Rigid,3025896,3025896,3026196,0,300,300,completed,396
44674,Rigid,3025910,3025911,3026196,1,285,286,completed,396
44675,Rigid,3025918,3025919,3026196,1,277,278,completed,396
44676,Rigid,3025926,3026197,3026508,271,311,582,completed,396
44677,Rigid,3025933,3026197,3026508,264,311,575,completed,396
44678,Rigid,3025950,3026197,3026508,247,311,558,completed,396
44679,Rigid,3025963,3026509,3026816,546,307,853,completed,396
44680,Rigid,3025970,3026509,3026816,539,307,846,completed,396
44681,Rigid,3026006,3026509,3026816,503,307,810,completed,396
44682,Rigid,3026020,3026817,3027125,797,308,1105,completed,396
44683,Rigid,3026027,3026817,3027126,790,309,1099,completed,396
44684,Rigid,3026036,3026817,3027126,781,309,1090,completed,396
44685,Rigid,3026043,3027125,3027433,1082,308,1390,completed,396
44686,Rigid,3026054,3027126,3027433,1072,307,1379,completed,396
44687,Rigid,3026058,3027126,3027435,1068,309,1377,completed,396
44688,Rigid,3026061,3027435,3027702,1374,267,1641,completed,396
44689,Rigid,3026997,3026997,3117864,0,90867,90867,completed,1
44690,Rigid,3027084,3027085,3027578,1,493,494,completed,36
44691,Rigid,3027625,3027626,3119095,1,91469,91470,completed,36
44692,Rigid,3027625,3027626,3119295,1,91669,91670,completed,36
44693,Rigid,3027625,3027626,3119095,1,91469,91470,completed,36
44694,Rigid,3027688,3027689,3028503,1,814,815,completed,36
44695,Rigid,3028120,3028124,3119095,4,90971,90975,completed,36
44696,Rigid,3028120,3028124,3119095,4,90971,90975,completed,36
44697,Rigid,3028120,3028124,3119295,4,91171,91175,completed,36
44698,Rigid,3029343,3029343,3034114,0,4771,4771,completed,1
44699,Rigid,3029343,3029346,3034440,3,5094,5097,completed,1
44700,Rigid,3029343,3029346,3034709,3,5363,5366,completed,1
44701,Rigid,3029343,3029346,3033820,3,4474,4477,completed,1
44702,Rigid,3029343,3029346,3038659,3,9313,9316,completed,1
44703,Rigid,3029343,3029346,3037633,3,8287,8290,completed,1
44704,Rigid,3029343,3029346,3036831,3,7485,7488,completed,1
44705,Rigid,3029343,3029346,3037322,3,7976,7979,completed,1
44706,Rigid,3029343,3029346,3037688,3,8342,8345,completed,1
44707,Rigid,3029343,3029346,3036965,3,7619,7622,completed,1
44708,Rigid,3029343,3029346,3037024,3,7678,7681,completed,1
44709,Rigid,3029343,3029346,3038739,3,9393,9396,completed,1
44710,Rigid,3029343,3029346,3038030,3,8684,8687,completed,1
44711,Rigid,3029343,3029346,3038659,3,9313,9316,completed,1
44712,Rigid,3029343,3029346,3036791,3,7445,7448,completed,1
44713,Rigid,3029343,3029346,3037511,3,8165,8168,completed,1
44714,Rigid,3029343,3029346,3038123,3,8777,8780,completed,1
44715,Rigid,3029343,3029346,3038688,3,9342,9345,completed,1
44716,Rigid,3029343,3029346,3038008,3,8662,8665,completed,1
44717,Rigid,3029343,3029346,3036303,3,6957,6960,completed,1
44718,Rigid,3029343,3029346,3038009,3,8663,8666,completed,1
44719,Rigid,3029343,3029346,3038474,3,9128,9131,completed,1
44720,Rigid,3029343,3029346,3036794,3,7448,7451,completed,1
44721,Rigid,3029343,3029346,3037772,3,8426,8429,completed,1
44722,Rigid,3029343,3029346,3036531,3,7185,7188,completed,1
44723,Rigid,3029343,3029346,3037229,3,7883,7886,completed,1
44724,Rigid,3029343,3029346,3037216,3,7870,7873,completed,1
44725,Rigid,3029343,3029346,3038008,3,8662,8665,completed,1
44726,Rigid,3029343,3029346,3038545,3,9199,9202,completed,1
44727,Rigid,3029343,3029346,3036858,3,7512,7515,completed,1
44728,Rigid,3029343,3029346,3037766,3,8420,8423,completed,1
44729,Rigid,3029343,3029346,3038801,3,9455,9458,completed,1
44730,Rigid,3029343,3029346,3038280,3,8934,8937,completed,1
44731,Rigid,3029343,3029346,3039258,3,9912,9915,completed,1
44732,Rigid,3029343,3029346,3038458,3,9112,9115,completed,1
44733,Rigid,3029343,3029346,3037580,3,8234,8237,completed,1
44734,Rigid,3029343,3029346,3037913,3,8567,8570,completed,1
44735,Rigid,3029343,3029346,3038401,3,9055,9058,completed,1
44736,Rigid,3029343,3029346,3038353,3,9007,9010,completed,1
44737,Rigid,3029343,3029346,3037834,3,8488,8491,completed,1
44738,Rigid,3029343,3029346,3037425,3,8079,8082,completed,1
44739,Rigid,3029343,3029346,3035941,3,6595,6598,completed,1
44740,Rigid,3029343,3029346,3036395,3,7049,7052,completed,1
44741,Rigid,3029343,3029346,3037227,3,7881,7884,completed,1
44742,Rigid,3029343,3029346,3037881,3,8535,8538,completed,1
44743,Rigid,3029343,3029346,3037451,3,8105,8108,completed,1
44744,Rigid,3029344,3029346,3037454,2,8108,8110,completed,1
44745,Rigid,3029344,3029346,3037659,2,8313,8315,completed,1
44746,Rigid,3029344,3029346,3038573,2,9227,9229,completed,1
44747,Rigid,3029344,3029346,3037001,2,7655,7657,completed,1
44748,Rigid,3029677,3029677,3030367,0,690,690,completed,1080
44749,Rigid,3029774,3029777,3029790,3,13,16,completed,1
44750,Rigid,3029898,3029898,3029903,0,5,5,completed,1
44751,Rigid,3029898,3029898,3029903,0,5,5,completed,1
44752,Rigid,3029898,3029898,3029903,0,5,5,completed,1
44753,Rigid,3029898,3029898,3029903,0,5,5,completed,1
44754,Rigid,3029898,3029898,3029903,0,5,5,completed,1
44755,Rigid,3029898,3029898,3029903,0,5,5,completed,1
44756,Rigid,3029898,3029898,3029903,0,5,5,completed,1
44757,Rigid,3029898,3029898,3029903,0,5,5,completed,1
44758,Rigid,3029898,3029898,3029903,0,5,5,completed,1
44759,Rigid,3029898,3029898,3029903,0,5,5,completed,1
44760,Rigid,3029898,3029898,3029903,0,5,5,completed,1
44761,Rigid,3029898,3029898,3029903,0,5,5,completed,1
44762,Rigid,3029898,3029898,3029903,0,5,5,completed,1
44763,Rigid,3029898,3029898,3029903,0,5,5,completed,1
44764,Rigid,3029898,3029898,3029903,0,5,5,completed,1
44765,Rigid,3029898,3029898,3029903,0,5,5,completed,1
44766,Rigid,3029898,3029898,3029903,0,5,5,completed,1
44767,Rigid,3029898,3029898,3029903,0,5,5,completed,1
44768,Rigid,3029898,3029898,3029903,0,5,5,completed,1
44769,Rigid,3029898,3029898,3029903,0,5,5,completed,1
44770,Rigid,3029898,3029898,3029903,0,5,5,completed,1
44771,Rigid,3029898,3029898,3029903,0,5,5,completed,1
44772,Rigid,3029898,3029898,3029903,0,5,5,completed,1
44773,Rigid,3029898,3029898,3029903,0,5,5,completed,1
44774,Rigid,3029898,3029898,3029903,0,5,5,completed,1
44775,Rigid,3029898,3029898,3029903,0,5,5,completed,1
44776,Rigid,3029898,3029898,3029903,0,5,5,completed,1
44777,Rigid,3029898,3029898,3029903,0,5,5,completed,1
44778,Rigid,3029898,3029898,3029903,0,5,5,completed,1
44779,Rigid,3029898,3029898,3029903,0,5,5,completed,1
44780,Rigid,3029898,3029898,3029903,0,5,5,completed,1
44781,Rigid,3029898,3029898,3029903,0,5,5,completed,1
44782,Rigid,3029898,3029898,3029903,0,5,5,completed,1
44783,Rigid,3029898,3029898,3029903,0,5,5,completed,1
44784,Rigid,3029898,3029898,3029903,0,5,5,completed,1
44785,Rigid,3029898,3029898,3029903,0,5,5,completed,1
44786,Rigid,3029898,3029898,3029903,0,5,5,completed,1
44787,Rigid,3029898,3029898,3029903,0,5,5,completed,1
44788,Rigid,3029898,3029898,3029903,0,5,5,completed,1
44789,Rigid,3029898,3029898,3029903,0,5,5,completed,1
44790,Rigid,3029898,3029898,3029903,0,5,5,completed,1
44791,Rigid,3029898,3029898,3029903,0,5,5,completed,1
44792,Rigid,3029898,3029898,3029903,0,5,5,completed,1
44793,Rigid,3029898,3029898,3029903,0,5,5,completed,1
44794,Rigid,3029898,3029898,3029903,0,5,5,completed,1
44795,Rigid,3029898,3029898,3029903,0,5,5,completed,1
44796,Rigid,3029898,3029898,3029903,0,5,5,completed,1
44797,Rigid,3029898,3029898,3029903,0,5,5,completed,1
44798,Rigid,3029898,3029898,3029903,0,5,5,completed,1
44799,Rigid,3029898,3029898,3029903,0,5,5,completed,1
44800,Rigid,3029944,3029945,3029948,1,3,4,completed,1
44801,Rigid,3029944,3029969,3029978,25,9,34,completed,1
44802,Rigid,3029944,3078777,3078786,48833,9,48842,completed,1
44803,Rigid,3030064,3030065,3030068,1,3,4,completed,1
44804,Rigid,3030071,3030072,3038001,1,7929,7930,completed,1
44805,Rigid,3030071,3030072,3039041,1,8969,8970,completed,1
44806,Rigid,3030071,3030072,3039786,1,9714,9715,completed,1
44807,Rigid,3030071,3030072,3038767,1,8695,8696,completed,1
44808,Rigid,3030071,3030072,3037816,1,7744,7745,completed,1
44809,Rigid,3030071,3030072,3038963,1,8891,8892,completed,1
44810,Rigid,3030071,3030072,3038370,1,8298,8299,completed,1
44811,Rigid,3030071,3030072,3038452,1,8380,8381,completed,1
44812,Rigid,3030072,3030072,3037250,0,7178,7178,completed,1
44813,Rigid,3030072,3030072,3039105,0,9033,9033,completed,1
44814,Rigid,3030072,3030072,3039411,0,9339,9339,completed,1
44815,Rigid,3030072,3030072,3039628,0,9556,9556,completed,1
44816,Rigid,3030072,3030072,3039570,0,9498,9498,completed,1
44817,Rigid,3030072,3030072,3037320,0,7248,7248,completed,1
44818,Rigid,3030072,3030076,3039500,4,9424,9428,completed,1
44819,Rigid,3030072,3030076,3039126,4,9050,9054,completed,1
44820,Rigid,3030072,3030076,3038536,4,8460,8464,completed,1
44821,Rigid,3030072,3030076,3038197,4,8121,8125,completed,1
44822,Rigid,3030072,3030076,3039110,4,9034,9038,completed,1
44823,Rigid,3030072,3030076,3039156,4,9080,9084,completed,1
44824,Rigid,3030073,3030076,3039263,3,9187,9190,completed,1
44825,Rigid,3030073,3030076,3037312,3,7236,7239,completed,1
44826,Rigid,3030073,3030076,3039577,3,9501,9504,completed,1
44827,Rigid,3030073,3030076,3038900,3,8824,8827,completed,1
44828,Rigid,3030073,3030076,3037624,3,7548,7551,completed,1
44829,Rigid,3030073,3030076,3039233,3,9157,9160,completed,1
44830,Rigid,3030073,3030076,3037766,3,7690,7693,completed,1
44831,Rigid,3030073,3030076,3039247,3,9171,9174,completed,1
44832,Rigid,3030073,3030076,3038758,3,8682,8685,completed,1
44833,Rigid,3030073,3030076,3039193,3,9117,9120,completed,1
44834,Rigid,3030073,3030076,3037403,3,7327,7330,completed,1
44835,Rigid,3030073,3030076,3038455,3,8379,8382,completed,1
44836,Rigid,3030073,3030076,3038333,3,8257,8260,completed,1
44837,Rigid,3030073,3030076,3039136,3,9060,9063,completed,1
44838,Rigid,3030073,3030076,3039410,3,9334,9337,completed,1
44839,Rigid,3030073,3030076,3038301,3,8225,8228,completed,1
44840,Rigid,3030073,3030076,3038085,3,8009,8012,completed,1
44841,Rigid,3030073,3030076,3038987,3,8911,8914,completed,1
44842,Rigid,3030073,3030076,3039091,3,9015,9018,completed,1
44843,Rigid,3030073,3030076,3038435,3,8359,8362,completed,1
44844,Rigid,3030073,3030076,3037459,3,7383,7386,completed,1
44845,Rigid,3030073,3030076,3038652,3,8576,8579,completed,1
44846,Rigid,3030073,3030076,3038818,3,8742,8745,completed,1
44847,Rigid,3030074,3030076,3038957,2,8881,8883,completed,1
44848,Rigid,3030074,3030076,3039403,2,9327,9329,completed,1
44849,Rigid,3030074,3030076,3039780,2,9704,9706,completed,1
44850,Rigid,3030074,3030076,3038185,2,8109,8111,completed,1
44851,Rigid,3030074,3030076,3038455,2,8379,8381,completed,1
44852,Rigid,3030074,3030076,3039512,2,9436,9438,completed,1
44853,Rigid,3030074,3030076,3039141,2,9065,9067,completed,1
44854,Rigid,3030074,3030076,3039734,2,9658,9660,completed,1
44855,Rigid,3030074,3030076,3039720,2,9644,9646,completed,1
44856,Rigid,3030074,3030076,3039239,2,9163,9165,completed,1
44857,Rigid,3030074,3030076,3039665,2,9589,9591,completed,1
44858,Rigid,3030074,3030076,3037785,2,7709,7711,completed,1
44859,Rigid,3030074,3030076,3038329,2,8253,8255,completed,1
44860,Rigid,3030074,3030076,3037905,2,7829,7831,completed,1
44861,Rigid,3030074,3030076,3039370,2,9294,9296,completed,1
44862,Rigid,3030074,3030076,3038685,2,8609,8611,completed,1
44863,Rigid,3030074,3030076,3039707,2,9631,9633,completed,1
44864,Rigid,3030074,3030076,3039147,2,9071,9073,completed,1
44865,Rigid,3030074,3030076,3038503,2,8427,8429,completed,1
44866,Rigid,3030074,3030076,3038725,2,8649,8651,completed,1
44867,Rigid,3030074,3030076,3039664,2,9588,9590,completed,1
44868,Rigid,3030074,3030076,3039184,2,9108,9110,completed,1
44869,Rigid,3030074,3030076,3039999,2,9923,9925,completed,1
44870,Rigid,3030074,3030076,3039188,2,9112,9114,completed,1
44871,Rigid,3030074,3030076,3039599,2,9523,9525,completed,1
44872,Rigid,3030074,3030076,3039334,2,9258,9260,completed,1
44873,Rigid,3030074,3030076,3039685,2,9609,9611,completed,1
44874,Rigid,3030074,3030076,3040137,2,10061,10063,completed,1
44875,Rigid,3030074,3030076,3039354,2,9278,9280,completed,1
44876,Rigid,3030074,3030076,3040014,2,9938,9940,completed,1
44877,Rigid,3030075,3030076,3038786,1,8710,8711,completed,1
44878,Rigid,3030075,3030076,3040111,1,10035,10036,completed,1
44879,Rigid,3030075,3030076,3039430,1,9354,9355,completed,1
44880,Rigid,3030075,3030076,3037419,1,7343,7344,completed,1
44881,Rigid,3030075,3030076,3039401,1,9325,9326,completed,1
44882,Rigid,3030075,3030076,3039813,1,9737,9738,completed,1
44883,Rigid,3030075,3030076,3039865,1,9789,9790,completed,1
44884,Rigid,3030075,3030076,3039451,1,9375,9376,completed,1
44885,Rigid,3030075,3030076,3039445,1,9369,9370,completed,1
44886,Rigid,3030075,3030076,3038387,1,8311,8312,completed,1
44887,Rigid,3030075,3030076,3037852,1,7776,7777,completed,1
44888,Rigid,3030075,3030076,3039105,1,9029,9030,completed,1
44889,Rigid,3030075,3030076,3039173,1,9097,9098,completed,1
44890,Rigid,3030075,3030076,3038904,1,8828,8829,completed,1
44891,Rigid,3030075,3030076,3037637,1,7561,7562,completed,1
44892,Rigid,3030075,3030076,3038615,1,8539,8540,completed,1
44893,Rigid,3030075,3030076,3039366,1,9290,9291,completed,1
44894,Rigid,3030075,3030076,3037431,1,7355,7356,completed,1
44895,Rigid,3030075,3030076,3039328,1,9252,9253,completed,1
44896,Rigid,3030075,3030076,3039560,1,9484,9485,completed,1
44897,Rigid,3030075,3030076,3037834,1,7758,7759,completed,1
44898,Rigid,3030075,3030076,3039076,1,9000,9001,completed,1
44899,Rigid,3030075,3030076,3039090,1,9014,9015,completed,1
44900,Rigid,3030075,3030076,3039945,1,9869,9870,completed,1
44901,Rigid,3030075,3030076,3038295,1,8219,8220,completed,1
44902,Rigid,3030075,3030076,3038501,1,8425,8426,completed,1
44903,Rigid,3030075,3030076,3039392,1,9316,9317,completed,1
44904,Rigid,3030075,3030076,3039471,1,9395,9396,completed,1
44905,Rigid,3030075,3030076,3039034,1,8958,8959,completed,1
44906,Rigid,3030075,3030076,3039347,1,9271,9272,completed,1
44907,Rigid,3030075,3030076,3039819,1,9743,9744,completed,1
44908,Rigid,3030075,3030076,3038392,1,8316,8317,completed,1
44909,Rigid,3030075,3030076,3038592,1,8516,8517,completed,1
44910,Rigid,3030075,3030076,3037546,1,7470,7471,completed,1
44911,Rigid,3030075,3030076,3038095,1,8019,8020,completed,1
44912,Rigid,3030075,3030076,3039231,1,9155,9156,completed,1
44913,Rigid,3030076,3030076,3037670,0,7594,7594,completed,1
44914,Rigid,3030076,3030076,3037804,0,7728,7728,completed,1
44915,Rigid,3030076,3030076,3038380,0,8304,8304,completed,1
44916,Rigid,3030076,3030076,3038290,0,8214,8214,completed,1
44917,Rigid,3030076,3030076,3039470,0,9394,9394,completed,1
44918,Rigid,3030076,3030076,3039695,0,9619,9619,completed,1
44919,Rigid,3030076,3030076,3039270,0,9194,9194,completed,1
44920,Rigid,3030076,3030076,3037970,0,7894,7894,completed,1
44921,Rigid,3030076,3030076,3037541,0,7465,7465,completed,1
44922,Rigid,3030076,3030076,3037337,0,7261,7261,completed,1
44923,Rigid,3030076,3030076,3039321,0,9245,9245,completed,1
44924,Rigid,3030076,3030076,3039575,0,9499,9499,completed,1
44925,Rigid,3030076,3030076,3039922,0,9846,9846,completed,1
44926,Rigid,3030076,3030076,3039251,0,9175,9175,completed,1
44927,Rigid,3030076,3030076,3039360,0,9284,9284,completed,1
44928,Rigid,3030076,3030076,3038312,0,8236,8236,completed,1
44929,Rigid,3030076,3030076,3038208,0,8132,8132,completed,1
44930,Rigid,3030076,3030080,3039413,4,9333,9337,completed,1
44931,Rigid,3030076,3030080,3038742,4,8662,8666,completed,1
44932,Rigid,3030076,3030080,3039365,4,9285,9289,completed,1
44933,Rigid,3030076,3030080,3038713,4,8633,8637,completed,1
44934,Rigid,3030076,3030080,3038549,4,8469,8473,completed,1
44935,Rigid,3030076,3030080,3038457,4,8377,8381,completed,1
44936,Rigid,3030076,3030080,3038344,4,8264,8268,completed,1
44937,Rigid,3030076,3030080,3039856,4,9776,9780,completed,1
44938,Rigid,3030076,3030080,3039845,4,9765,9769,completed,1
44939,Rigid,3030077,3030080,3037646,3,7566,7569,completed,1
44940,Rigid,3030077,3030080,3039680,3,9600,9603,completed,1
44941,Rigid,3030077,3030080,3039497,3,9417,9420,completed,1
44942,Rigid,3030077,3030080,3038370,3,8290,8293,completed,1
44943,Rigid,3030077,3030080,3039034,3,8954,8957,completed,1
44944,Rigid,3030077,3030080,3039795,3,9715,9718,completed,1
44945,Rigid,3030077,3030080,3040078,3,9998,10001,completed,1
44946,Rigid,3030077,3030080,3039735,3,9655,9658,completed,1
44947,Rigid,3030077,3030080,3040509,3,10429,10432,completed,1
44948,Rigid,3030077,3030080,3039098,3,9018,9021,completed,1
44949,Rigid,3030077,3030080,3039308,3,9228,9231,completed,1
44950,Rigid,3030077,3030080,3039552,3,9472,9475,completed,1
44951,Rigid,3030077,3030080,3037425,3,7345,7348,completed,1
44952,Rigid,3030077,3030080,3037879,3,7799,7802,completed,1
44953,Rigid,3030077,3030080,3039738,3,9658,9661,completed,1
44954,Rigid,3030077,3030080,3039351,3,9271,9274,completed,1
44955,Rigid,3030077,3030080,3040079,3,9999,10002,completed,1
44956,Rigid,3030077,3030080,3037645,3,7565,7568,completed,1
44957,Rigid,3030077,3030080,3037588,3,7508,7511,completed,1
44958,Rigid,3030077,3030080,3039354,3,9274,9277,completed,1
44959,Rigid,3030077,3030080,3038481,3,8401,8404,completed,1
44960,Rigid,3030077,3030080,3039758,3,9678,9681,completed,1
44961,Rigid,3030077,3030080,3040161,3,10081,10084,completed,1
44962,Rigid,3030077,3030080,3039608,3,9528,9531,completed,1
44963,Rigid,3030077,3030080,3038365,3,8285,8288,completed,1
44964,Rigid,3030077,3030080,3038651,3,8571,8574,completed,1
44965,Rigid,3030077,3030080,3039174,3,9094,9097,completed,1
44966,Rigid,3030077,3030080,3039171,3,9091,9094,completed,1
44967,Rigid,3030077,3030080,3039711,3,9631,9634,completed,1
44968,Rigid,3030077,3030080,3039073,3,8993,8996,completed,1
44969,Rigid,3030077,3030080,3039066,3,8986,8989,completed,1
44970,Rigid,3030078,3030080,3038460,2,8380,8382,completed,1
44971,Rigid,3030078,3030080,3038942,2,8862,8864,completed,1
44972,Rigid,3030078,3030080,3037552,2,7472,7474,completed,1
44973,Rigid,3030078,3030080,3039959,2,9879,9881,completed,1
44974,Rigid,3030078,3030080,3039439,2,9359,9361,completed,1
44975,Rigid,3030078,3030080,3038503,2,8423,8425,completed,1
44976,Rigid,3030078,3030080,3038837,2,8757,8759,completed,1
44977,Rigid,3030078,3030080,3039879,2,9799,9801,completed,1
44978,Rigid,3030078,3030080,3038348,2,8268,8270,completed,1
44979,Rigid,3030078,3030080,3039670,2,9590,9592,completed,1
44980,Rigid,3030078,3030080,3038298,2,8218,8220,completed,1
44981,Rigid,3030078,3030080,3037370,2,7290,7292,completed,1
44982,Rigid,3030078,3030080,3039340,2,9260,9262,completed,1
44983,Rigid,3030078,3030080,3039421,2,9341,9343,completed,1
44984,Rigid,3030078,3030080,3037127,2,7047,7049,completed,1
44985,Rigid,3030079,3030080,3039674,1,9594,9595,completed,1
44986,Rigid,3030079,3030080,3039213,1,9133,9134,completed,1
44987,Rigid,3030079,3030080,3039056,1,8976,8977,completed,1
44988,Rigid,3030079,3030080,3038488,1,8408,8409,completed,1
44989,Rigid,3030079,3030080,3038759,1,8679,8680,completed,1
44990,Rigid,3030079,3030080,3038507,1,8427,8428,completed,1
44991,Rigid,3030079,3030080,3039184,1,9104,9105,completed,1
44992,Rigid,3030079,3030080,3038061,1,7981,7982,completed,1
44993,Rigid,3030079,3030080,3039157,1,9077,9078,completed,1
44994,Rigid,3030079,3030080,3039217,1,9137,9138,completed,1
44995,Rigid,3030079,3030080,3037082,1,7002,7003,completed,1
44996,Rigid,3030079,3030080,3039629,1,9549,9550,completed,1
44997,Rigid,3030079,3030080,3039409,1,9329,9330,completed,1
44998,Rigid,3030079,3030080,3039595,1,9515,9516,completed,1
44999,Rigid,3030079,3030080,3037721,1,7641,7642,completed,1
45000,Rigid,3030080,3030080,3038748,0,8668,8668,completed,1
45001,Rigid,3030080,3030080,3038493,0,8413,8413,completed,1
45002,Rigid,3030080,3030080,3038425,0,8345,8345,completed,1
45003,Rigid,3030080,3030080,3039151,0,9071,9071,completed,1
45004,Rigid,3030080,3030080,3039060,0,8980,8980,completed,1
45005,Rigid,3030080,3030080,3039621,0,9541,9541,completed,1
45006,Rigid,3030080,3030080,3039549,0,9469,9469,completed,1
45007,Rigid,3030080,3030080,3038393,0,8313,8313,completed,1
45008,Rigid,3030080,3030080,3038640,0,8560,8560,completed,1
45009,Rigid,3030080,3030080,3039523,0,9443,9443,completed,1
45010,Rigid,3030080,3030080,3039097,0,9017,9017,completed,1
45011,Rigid,3030080,3030080,3038792,0,8712,8712,completed,1
45012,Rigid,3030080,3030080,3038313,0,8233,8233,completed,1
45013,Rigid,3030080,3030084,3039414,4,9330,9334,completed,1
45014,Rigid,3030080,3030084,3038371,4,8287,8291,completed,1
45015,Rigid,3030081,3030084,3037622,3,7538,7541,completed,1
45016,Rigid,3030081,3030084,3038477,3,8393,8396,completed,1
45017,Rigid,3030081,3030084,3038189,3,8105,8108,completed,1
45018,Rigid,3030081,3030084,3038745,3,8661,8664,completed,1
45019,Rigid,3030081,3030084,3039040,3,8956,8959,completed,1
45020,Rigid,3030081,3030084,3040053,3,9969,9972,completed,1
45021,Rigid,3030081,3030084,3038521,3,8437,8440,completed,1
45022,Rigid,3030082,3030084,3039378,2,9294,9296,completed,1
45023,Rigid,3030082,3030084,3038349,2,8265,8267,completed,1
45024,Rigid,3030082,3030084,3039257,2,9173,9175,completed,1
45025,Rigid,3030082,3030084,3039477,2,9393,9395,completed,1
45026,Rigid,3030082,3030084,3039713,2,9629,9631,completed,1
45027,Rigid,3030082,3030084,3038124,2,8040,8042,completed,1
45028,Rigid,3030082,3030084,3037127,2,7043,7045,completed,1
45029,Rigid,3030082,3030084,3038651,2,8567,8569,completed,1
45030,Rigid,3030082,3030084,3036504,2,6420,6422,completed,1
45031,Rigid,3030082,3030084,3038154,2,8070,8072,completed,1
45032,Rigid,3030082,3030084,3038379,2,8295,8297,completed,1
45033,Rigid,3030082,3030084,3037165,2,7081,7083,completed,1
45034,Rigid,3030082,3030084,3036149,2,6065,6067,completed,1
45035,Rigid,3030082,3030084,3038363,2,8279,8281,completed,1
45036,Rigid,3030082,3030084,3037129,2,7045,7047,completed,1
45037,Rigid,3030083,3030085,3036857,2,6772,6774,completed,1
45038,Rigid,3030083,3030085,3037531,2,7446,7448,completed,1
45039,Rigid,3030083,3030085,3037053,2,6968,6970,completed,1
45040,Rigid,3030083,3030085,3038820,2,8735,8737,completed,1
45041,Rigid,3030083,3030085,3037922,2,7837,7839,completed,1
45042,Rigid,3030083,3030085,3036611,2,6526,6528,completed,1
45043,Rigid,3030083,3030085,3038739,2,8654,8656,completed,1
45044,Rigid,3030083,3030085,3038203,2,8118,8120,completed,1
45045,Rigid,3030083,3030085,3038527,2,8442,8444,completed,1
45046,Rigid,3030083,3030085,3038435,2,8350,8352,completed,1
45047,Rigid,3030083,3030085,3038844,2,8759,8761,completed,1
45048,Rigid,3030083,3030085,3038792,2,8707,8709,completed,1
45049,Rigid,3030083,3030085,3037700,2,7615,7617,completed,1
45050,Rigid,3030083,3030085,3036881,2,6796,6798,completed,1
45051,Rigid,3030083,3030085,3038158,2,8073,8075,completed,1
45052,Rigid,3030083,3030085,3038600,2,8515,8517,completed,1
45053,Rigid,3030083,3030085,3038074,2,7989,7991,completed,1
45054,Rigid,3030178,3030178,3067776,0,37598,37598,completed,1
45055,Rigid,3030183,3030186,3071660,3,41474,41477,completed,1
45056,Rigid,3030188,3030191,3070868,3,40677,40680,completed,1
45057,Rigid,3030192,3030195,3073464,3,43269,43272,completed,1
45058,Rigid,3030197,3030199,3030211,2,12,14,completed,1
45059,Rigid,3030197,3030230,3030234,33,4,37,completed,1
45060,Rigid,3030197,3079893,3079898,49696,5,49701,completed,1
45061,Rigid,3030268,3030269,3030272,1,3,4,completed,1
45062,Rigid,3030269,3030291,3030294,22,3,25,completed,1
45063,Rigid,3030269,3074562,3074572,44293,10,44303,completed,1
45064,Rigid,3030511,3030512,3119295,1,88783,88784,completed,36
45065,Rigid,3030511,3030512,3119095,1,88583,88584,completed,36
45066,Rigid,3030511,3030512,3119095,1,88583,88584,completed,36
45067,Rigid,3030580,3030583,3118995,3,88412,88415,completed,36
45068,Rigid,3030580,3030583,3119295,3,88712,88715,completed,36
45069,Rigid,3030580,3030583,3119295,3,88712,88715,completed,36
45070,Rigid,3030659,3030660,3118995,1,88335,88336,completed,36
45071,Rigid,3030659,3030660,3119095,1,88435,88436,completed,36
45072,Rigid,3030659,3030661,3119095,2,88434,88436,completed,36
45073,Rigid,3030699,3030703,3065225,4,34522,34526,completed,1
45074,Rigid,3030703,3030703,3066805,0,36102,36102,completed,1
45075,Rigid,3030707,3030707,3064964,0,34257,34257,completed,1
45076,Rigid,3030710,3030711,3066314,1,35603,35604,completed,1
45077,Rigid,3030717,3030717,3062173,0,31456,31456,completed,1
45078,Rigid,3030726,3030726,3118995,0,88269,88269,completed,36
45079,Rigid,3030726,3030726,3119295,0,88569,88569,completed,36
45080,Rigid,3030726,3030726,3119295,0,88569,88569,completed,36
45081,Rigid,3030923,3030923,3119095,0,88172,88172,completed,288
45082,Rigid,3031118,3031118,3038759,0,7641,7641,completed,288
45083,Rigid,3031138,3031138,3031160,0,22,22,completed,1
45084,Rigid,3031213,3031213,3031221,0,8,8,completed,1
45085,Rigid,3031373,3031374,3031383,1,9,10,completed,1
45086,Rigid,3031443,3031443,3119095,0,87652,87652,completed,288
45087,Rigid,3031918,3031918,3031928,0,10,10,completed,1
45088,Rigid,3032031,3032032,3036564,1,4532,4533,completed,1
45089,Rigid,3032162,3032162,3033871,0,1709,1709,completed,1
45090,Rigid,3032267,3032268,3033948,1,1680,1681,completed,1
45091,Rigid,3032365,3032365,3034003,0,1638,1638,completed,1
45092,Rigid,3032692,3032692,3032719,0,27,27,completed,1
45093,Rigid,3033515,3033515,3036951,0,3436,3436,completed,1
45094,Rigid,3033601,3033602,3036867,1,3265,3266,completed,1
45095,Rigid,3033697,3033697,3033703,0,6,6,completed,1
45096,Rigid,3033700,3033703,3034017,3,314,317,completed,1
45097,Rigid,3033781,3033782,3036830,1,3048,3049,completed,1
45098,Rigid,3033831,3033832,3036770,1,2938,2939,completed,1
45099,Rigid,3033956,3033956,3051948,0,17992,17992,completed,396
45100,Rigid,3033964,3033965,3051807,1,17842,17843,completed,396
45101,Rigid,3033970,3033971,3051884,1,17913,17914,completed,396
45102,Rigid,3033977,3033978,3052116,1,18138,18139,completed,396
45103,Rigid,3033983,3033983,3051922,0,17939,17939,completed,396
45104,Rigid,3033995,3033996,3052518,1,18522,18523,completed,396
45105,Rigid,3034002,3034003,3052350,1,18347,18348,completed,396
45106,Rigid,3034008,3034009,3052291,1,18282,18283,completed,396
45107,Rigid,3034015,3051809,3070221,17794,18412,36206,completed,396
45108,Rigid,3034022,3051885,3070357,17863,18472,36335,completed,396
45109,Rigid,3034223,3119014,3126968,84791,7954,92745,completed,36
45110,Rigid,3034223,3119014,3126968,84791,7954,92745,completed,36
45111,Rigid,3034223,3119014,3126968,84791,7954,92745,completed,36
45112,Rigid,3034674,3034674,3034686,0,12,12,completed,1
45113,Rigid,3034775,3034775,3034788,0,13,13,completed,1
45114,Rigid,3034935,3034936,3118995,1,84059,84060,completed,288
45115,Rigid,3035057,3035058,3035342,1,284,285,completed,1
45116,Rigid,3035315,3035315,3119095,0,83780,83780,completed,1080
45117,Rigid,3035577,3035578,3043108,1,7530,7531,completed,36
45118,Rigid,3035671,3051925,3069625,16254,17700,33954,completed,396
45119,Rigid,3035700,3051950,3069971,16250,18021,34271,completed,396
45120,Rigid,3035724,3052117,3069764,16393,17647,34040,completed,396
45121,Rigid,3035740,3052292,3070153,16552,17861,34413,completed,396
45122,Rigid,3035763,3052351,3070343,16588,17992,34580,completed,396
45123,Rigid,3035790,3052520,3071089,16730,18569,35299,completed,396
45124,Rigid,3035857,3035858,3119295,1,83437,83438,completed,1
45125,Rigid,3036138,3036139,3108882,1,72743,72744,completed,144
45126,Rigid,3036332,3036333,3037365,1,1032,1033,completed,1
45127,Rigid,3036739,3036740,3036747,1,7,8,completed,36
45128,Rigid,3037074,3037075,3037421,1,346,347,completed,36
45129,Rigid,3037393,3037393,3037407,0,14,14,completed,36
45130,Rigid,3037550,3037551,3113578,1,76027,76028,completed,1
45131,Rigid,3037554,3037555,3106927,1,69372,69373,completed,1
45132,Rigid,3037556,3037559,3110598,3,73039,73042,completed,1
45133,Rigid,3037559,3037559,3119095,0,81536,81536,completed,1
45134,Rigid,3037561,3037563,3119095,2,81532,81534,completed,1
45135,Rigid,3037563,3037567,3119095,4,81528,81532,completed,1
45136,Rigid,3037566,3037567,3116235,1,78668,78669,completed,1
45137,Rigid,3037568,3037571,3119095,3,81524,81527,completed,1
45138,Rigid,3037570,3037571,3119095,1,81524,81525,completed,1
45139,Rigid,3037571,3037575,3109515,4,71940,71944,completed,1
45140,Rigid,3037573,3037575,3118995,2,81420,81422,completed,1
45141,Rigid,3037574,3037575,3113310,1,75735,75736,completed,1
45142,Rigid,3037576,3037579,3117279,3,79700,79703,completed,1
45143,Rigid,3037577,3037579,3106679,2,69100,69102,completed,1
45144,Rigid,3037578,3037579,3119095,1,81516,81517,completed,1
45145,Rigid,3037579,3037581,3119095,2,81514,81516,completed,1
45146,Rigid,3037580,3037581,3116451,1,78870,78871,completed,1
45147,Rigid,3037581,3037581,3119295,0,81714,81714,completed,1
45148,Rigid,3037582,3037583,3119295,1,81712,81713,completed,1
45149,Rigid,3037585,3037587,3111619,2,74032,74034,completed,1
45150,Rigid,3038368,3038369,3038697,1,328,329,completed,36
45151,Rigid,3038600,3038601,3119095,1,80494,80495,completed,36
45152,Rigid,3038613,3038614,3043733,1,5119,5120,completed,36
45153,Rigid,3038865,3038865,3039452,0,587,587,completed,36
45154,Rigid,3038960,3038961,3040385,1,1424,1425,completed,36
45155,Rigid,3039665,3039666,3039676,1,10,11,completed,1
45156,Rigid,3039666,3039693,3039701,27,8,35,completed,1
45157,Rigid,3039666,3083624,3083636,43958,12,43970,completed,1
45158,Rigid,3039687,3039687,3039690,0,3,3,completed,144
45159,Rigid,3039932,3040562,3040644,630,82,712,completed,1
45160,Rigid,3039943,3042032,3042119,2089,87,2176,completed,1
45161,Rigid,3040453,3040453,3041816,0,1363,1363,completed,36
45162,Rigid,3040644,3040644,3048288,0,7644,7644,completed,288
45163,Rigid,3041099,3041099,3041147,0,48,48,completed,1
45164,Rigid,3041781,3041781,3118995,0,77214,77214,completed,288
45165,Rigid,3041786,3041789,3041846,3,57,60,completed,1
45166,Rigid,3042254,3042255,3042262,1,7,8,completed,1
45167,Rigid,3042273,3042966,3043022,693,56,749,completed,1
45168,Rigid,3042393,3042394,3042426,1,32,33,completed,1
45169,Rigid,3042583,3042584,3044022,1,1438,1439,completed,36
45170,Rigid,3042655,3042655,3044112,0,1457,1457,completed,1
45171,Rigid,3044030,3044031,3044039,1,8,9,completed,1
45172,Rigid,3044030,3044031,3044165,1,134,135,completed,1
45173,Rigid,3044030,3044031,3044119,1,88,89,completed,1
45174,Rigid,3044030,3044032,3044060,2,28,30,completed,1
45175,Rigid,3044030,3044032,3044098,2,66,68,completed,1
45176,Rigid,3044030,3044032,3044064,2,32,34,completed,1
45177,Rigid,3044030,3044032,3044056,2,24,26,completed,1
45178,Rigid,3044030,3044032,3044123,2,91,93,completed,1
45179,Rigid,3044030,3044032,3044135,2,103,105,completed,1
45180,Rigid,3044030,3044032,3044073,2,41,43,completed,1
45181,Rigid,3044030,3044032,3044115,2,83,85,completed,1
45182,Rigid,3044030,3044032,3044139,2,107,109,completed,1
45183,Rigid,3044030,3044032,3044081,2,49,51,completed,1
45184,Rigid,3044030,3044032,3044161,2,129,131,completed,1
45185,Rigid,3044030,3044032,3044127,2,95,97,completed,1
45186,Rigid,3044030,3044032,3044085,2,53,55,completed,1
45187,Rigid,3044030,3044032,3044111,2,79,81,completed,1
45188,Rigid,3044030,3044032,3044131,2,99,101,completed,1
45189,Rigid,3044030,3044032,3044106,2,74,76,completed,1
45190,Rigid,3044030,3044032,3044077,2,45,47,completed,1
45191,Rigid,3044030,3044032,3044157,2,125,127,completed,1
45192,Rigid,3044030,3044032,3044043,2,11,13,completed,1
45193,Rigid,3044030,3044032,3044102,2,70,72,completed,1
45194,Rigid,3044030,3044032,3044173,2,141,143,completed,1
45195,Rigid,3044030,3044032,3044052,2,20,22,completed,1
45196,Rigid,3044030,3044032,3044143,2,111,113,completed,1
45197,Rigid,3044030,3044032,3044182,2,150,152,completed,1
45198,Rigid,3044030,3044032,3044148,2,116,118,completed,1
45199,Rigid,3044030,3044032,3044069,2,37,39,completed,1
45200,Rigid,3044030,3044032,3044048,2,16,18,completed,1
45201,Rigid,3044030,3044032,3044178,2,146,148,completed,1
45202,Rigid,3044030,3044032,3044187,2,155,157,completed,1
45203,Rigid,3044030,3044032,3044094,2,62,64,completed,1
45204,Rigid,3044030,3044032,3044169,2,137,139,completed,1
45205,Rigid,3044030,3044032,3044089,2,57,59,completed,1
45206,Rigid,3044030,3044032,3044152,2,120,122,completed,1
45207,Rigid,3044030,3044032,3044102,2,70,72,completed,1
45208,Rigid,3044030,3044032,3044135,2,103,105,completed,1
45209,Rigid,3044030,3044032,3044094,2,62,64,completed,1
45210,Rigid,3044030,3044032,3044086,2,54,56,completed,1
45211,Rigid,3044030,3044032,3044106,2,74,76,completed,1
45212,Rigid,3044030,3044032,3044161,2,129,131,completed,1
45213,Rigid,3044030,3044032,3044090,2,58,60,completed,1
45214,Rigid,3044030,3044032,3044082,2,50,52,completed,1
45215,Rigid,3044030,3044032,3044111,2,79,81,completed,1
45216,Rigid,3044030,3044032,3044119,2,87,89,completed,1
45217,Rigid,3044030,3044032,3044039,2,7,9,completed,1
45218,Rigid,3044030,3044032,3044098,2,66,68,completed,1
45219,Rigid,3044030,3044032,3044115,2,83,85,completed,1
45220,Rigid,3044030,3044032,3044139,2,107,109,completed,1
45221,Rigid,3044030,3044032,3044127,2,95,97,completed,1
45222,Rigid,3044030,3044032,3044047,2,15,17,completed,1
45223,Rigid,3044030,3044032,3044131,2,99,101,completed,1
45224,Rigid,3044030,3044032,3044165,2,133,135,completed,1
45225,Rigid,3044030,3044032,3044157,2,125,127,completed,1
45226,Rigid,3044030,3044032,3044078,2,46,48,completed,1
45227,Rigid,3044030,3044032,3044123,2,91,93,completed,1
45228,Rigid,3044030,3044032,3044074,2,42,44,completed,1
45229,Rigid,3044030,3044032,3044056,2,24,26,completed,1
45230,Rigid,3044030,3044032,3044061,2,29,31,completed,1
45231,Rigid,3044030,3044032,3044144,2,112,114,completed,1
45232,Rigid,3044030,3044032,3044169,2,137,139,completed,1
45233,Rigid,3044030,3044032,3044148,2,116,118,completed,1
45234,Rigid,3044030,3044032,3044153,2,121,123,completed,1
45235,Rigid,3044030,3044032,3044065,2,33,35,completed,1
45236,Rigid,3044030,3044032,3044069,2,37,39,completed,1
45237,Rigid,3044030,3044032,3044183,2,151,153,completed,1
45238,Rigid,3044030,3044032,3044187,2,155,157,completed,1
45239,Rigid,3044030,3044032,3044174,2,142,144,completed,1
45240,Rigid,3044030,3044032,3044043,2,11,13,completed,1
45241,Rigid,3044030,3044032,3044052,2,20,22,completed,1
45242,Rigid,3044030,3044032,3044178,2,146,148,completed,1
45243,Rigid,3044030,3044032,3044111,2,79,81,completed,1
45244,Rigid,3044030,3044032,3044128,2,96,98,completed,1
45245,Rigid,3044030,3044032,3044107,2,75,77,completed,1
45246,Rigid,3044030,3044032,3044103,2,71,73,completed,1
45247,Rigid,3044030,3044032,3044056,2,24,26,completed,1
45248,Rigid,3044030,3044032,3044073,2,41,43,completed,1
45249,Rigid,3044030,3044032,3044090,2,58,60,completed,1
45250,Rigid,3044030,3044032,3044099,2,67,69,completed,1
45251,Rigid,3044030,3044032,3044039,2,7,9,completed,1
45252,Rigid,3044030,3044032,3044123,2,91,93,completed,1
45253,Rigid,3044030,3044032,3044119,2,87,89,completed,1
45254,Rigid,3044030,3044032,3044136,2,104,106,completed,1
45255,Rigid,3044030,3044032,3044043,2,11,13,completed,1
45256,Rigid,3044030,3044034,3044065,4,31,35,completed,1
45257,Rigid,3044030,3044034,3044140,4,106,110,completed,1
45258,Rigid,3044030,3044034,3044131,4,97,101,completed,1
45259,Rigid,3044030,3044034,3044144,4,110,114,completed,1
45260,Rigid,3044030,3044034,3044148,4,114,118,completed,1
45261,Rigid,3044030,3044034,3044152,4,118,122,completed,1
45262,Rigid,3044030,3044034,3044043,4,9,13,completed,1
45263,Rigid,3044030,3044034,3044048,4,14,18,completed,1
45264,Rigid,3044030,3044034,3044061,4,27,31,completed,1
45265,Rigid,3044030,3044034,3044095,4,61,65,completed,1
45266,Rigid,3044030,3044034,3044048,4,14,18,completed,1
45267,Rigid,3044030,3044034,3044115,4,81,85,completed,1
45268,Rigid,3044030,3044034,3044069,4,35,39,completed,1
45269,Rigid,3044030,3044034,3044157,4,123,127,completed,1
45270,Rigid,3044030,3044034,3044082,4,48,52,completed,1
45271,Rigid,3044030,3044034,3044043,4,9,13,completed,1
45272,Rigid,3044030,3044034,3044161,4,127,131,completed,1
45273,Rigid,3044030,3044034,3044052,4,18,22,completed,1
45274,Rigid,3044030,3044034,3044086,4,52,56,completed,1
45275,Rigid,3044030,3044034,3044077,4,43,47,completed,1
45276,Rigid,3044030,3044034,3044043,4,9,13,completed,1
45277,Rigid,3044030,3044034,3044048,4,14,18,completed,1
45278,Rigid,3044030,3044034,3044043,4,9,13,completed,1
45279,Rigid,3044030,3044034,3044125,4,91,95,completed,1
45280,Rigid,3044030,3044034,3044150,4,116,120,completed,1
45281,Rigid,3044030,3044034,3044137,4,103,107,completed,1
45282,Rigid,3044030,3044034,3044133,4,99,103,completed,1
45283,Rigid,3044030,3044034,3044040,4,6,10,completed,1
45284,Rigid,3044030,3044034,3044091,4,57,61,completed,1
45285,Rigid,3044030,3044034,3044082,4,48,52,completed,1
45286,Rigid,3044030,3044034,3044117,4,83,87,completed,1
45287,Rigid,3044030,3044034,3044121,4,87,91,completed,1
45288,Rigid,3044030,3044034,3044184,4,150,154,completed,1
45289,Rigid,3044030,3044034,3044074,4,40,44,completed,1
45290,Rigid,3044030,3044034,3044044,4,10,14,completed,1
45291,Rigid,3044030,3044034,3044061,4,27,31,completed,1
45292,Rigid,3044030,3044034,3044113,4,79,83,completed,1
45293,Rigid,3044030,3044034,3044171,4,137,141,completed,1
45294,Rigid,3044030,3044034,3044141,4,107,111,completed,1
45295,Rigid,3044030,3044034,3044070,4,36,40,completed,1
45296,Rigid,3044030,3044034,3044095,4,61,65,completed,1
45297,Rigid,3044030,3044034,3044049,4,15,19,completed,1
45298,Rigid,3044030,3044034,3044078,4,44,48,completed,1
45299,Rigid,3044030,3044034,3044066,4,32,36,completed,1
45300,Rigid,3044030,3044034,3044129,4,95,99,completed,1
45301,Rigid,3044030,3044034,3044087,4,53,57,completed,1
45302,Rigid,3044030,3044034,3044176,4,142,146,completed,1
45303,Rigid,3044030,3044034,3044163,4,129,133,completed,1
45304,Rigid,3044030,3044034,3044109,4,75,79,completed,1
45305,Rigid,3044030,3044034,3044159,4,125,129,completed,1
45306,Rigid,3044030,3044034,3044180,4,146,150,completed,1
45307,Rigid,3044030,3044034,3044053,4,19,23,completed,1
45308,Rigid,3044030,3044034,3044057,4,23,27,completed,1
45309,Rigid,3044030,3044034,3044167,4,133,137,completed,1
45310,Rigid,3044030,3044034,3044104,4,70,74,completed,1
45311,Rigid,3044030,3044034,3044154,4,120,124,completed,1
45312,Rigid,3044030,3044034,3044189,4,155,159,completed,1
45313,Rigid,3044030,3044034,3044100,4,66,70,completed,1
45314,Rigid,3044030,3044035,3044146,5,111,116,completed,1
45315,Rigid,3044030,3044035,3044040,5,5,10,completed,1
45316,Rigid,3044077,3044078,3044102,1,24,25,completed,1
45317,Rigid,3044128,3044128,3118995,0,74867,74867,completed,1
45318,Rigid,3044128,3044128,3118995,0,74867,74867,completed,1
45319,Rigid,3044128,3044128,3118995,0,74867,74867,completed,1
45320,Rigid,3044128,3044128,3118995,0,74867,74867,completed,1
45321,Rigid,3044128,3044128,3118995,0,74867,74867,completed,1
45322,Rigid,3044128,3044128,3118995,0,74867,74867,completed,1
45323,Rigid,3044128,3044128,3118995,0,74867,74867,completed,1
45324,Rigid,3044128,3044128,3118995,0,74867,74867,completed,1
45325,Rigid,3044128,3044128,3118995,0,74867,74867,completed,1
45326,Rigid,3044128,3044128,3118995,0,74867,74867,completed,1
45327,Rigid,3044128,3044128,3118995,0,74867,74867,completed,1
45328,Rigid,3044128,3044128,3118995,0,74867,74867,completed,1
45329,Rigid,3044128,3044128,3118995,0,74867,74867,completed,1
45330,Rigid,3044128,3044128,3118995,0,74867,74867,completed,1
45331,Rigid,3044128,3044128,3118995,0,74867,74867,completed,1
45332,Rigid,3044128,3044128,3118995,0,74867,74867,completed,1
45333,Rigid,3044128,3044128,3118995,0,74867,74867,completed,1
45334,Rigid,3044128,3044129,3118995,1,74866,74867,completed,1
45335,Rigid,3044128,3044129,3118995,1,74866,74867,completed,1
45336,Rigid,3044128,3044129,3118995,1,74866,74867,completed,1
45337,Rigid,3044128,3044129,3118995,1,74866,74867,completed,1
45338,Rigid,3044128,3044129,3118995,1,74866,74867,completed,1
45339,Rigid,3044128,3044129,3118995,1,74866,74867,completed,1
45340,Rigid,3044128,3044129,3118995,1,74866,74867,completed,1
45341,Rigid,3044128,3044129,3118995,1,74866,74867,completed,1
45342,Rigid,3044128,3044129,3118995,1,74866,74867,completed,1
45343,Rigid,3044128,3044129,3118995,1,74866,74867,completed,1
45344,Rigid,3044128,3044129,3118995,1,74866,74867,completed,1
45345,Rigid,3044128,3044129,3118995,1,74866,74867,completed,1
45346,Rigid,3044128,3044129,3118995,1,74866,74867,completed,1
45347,Rigid,3044128,3044129,3118995,1,74866,74867,completed,1
45348,Rigid,3044128,3044129,3118995,1,74866,74867,completed,1
45349,Rigid,3044128,3044129,3118995,1,74866,74867,completed,1
45350,Rigid,3044128,3044129,3119095,1,74966,74967,completed,1
45351,Rigid,3044128,3044129,3119095,1,74966,74967,completed,1
45352,Rigid,3044128,3044129,3119095,1,74966,74967,completed,1
45353,Rigid,3044128,3044129,3119095,1,74966,74967,completed,1
45354,Rigid,3044128,3044129,3119095,1,74966,74967,completed,1
45355,Rigid,3044128,3044129,3119095,1,74966,74967,completed,1
45356,Rigid,3044128,3044129,3119095,1,74966,74967,completed,1
45357,Rigid,3044128,3044129,3119095,1,74966,74967,completed,1
45358,Rigid,3044128,3044129,3119095,1,74966,74967,completed,1
45359,Rigid,3044128,3044129,3119095,1,74966,74967,completed,1
45360,Rigid,3044128,3044129,3119095,1,74966,74967,completed,1
45361,Rigid,3044128,3044129,3119095,1,74966,74967,completed,1
45362,Rigid,3044128,3044129,3119095,1,74966,74967,completed,1
45363,Rigid,3044128,3044129,3119095,1,74966,74967,completed,1
45364,Rigid,3044128,3044129,3119095,1,74966,74967,completed,1
45365,Rigid,3044128,3044129,3119095,1,74966,74967,completed,1
45366,Rigid,3044128,3044129,3119095,1,74966,74967,completed,1
45367,Rigid,3044207,3044208,3047571,1,3363,3364,completed,1
45368,Rigid,3044207,3044208,3047238,1,3030,3031,completed,1
45369,Rigid,3044207,3044208,3047521,1,3313,3314,completed,1
45370,Rigid,3044207,3044208,3046943,1,2735,2736,completed,1
45371,Rigid,3044207,3044208,3047439,1,3231,3232,completed,1
45372,Rigid,3044207,3044208,3046824,1,2616,2617,completed,1
45373,Rigid,3044207,3044208,3047096,1,2888,2889,completed,1
45374,Rigid,3044207,3044208,3046847,1,2639,2640,completed,1
45375,Rigid,3044207,3044208,3047270,1,3062,3063,completed,1
45376,Rigid,3044207,3044208,3047013,1,2805,2806,completed,1
45377,Rigid,3044207,3044208,3047314,1,3106,3107,completed,1
45378,Rigid,3044207,3044208,3047387,1,3179,3180,completed,1
45379,Rigid,3044207,3044208,3047153,1,2945,2946,completed,1
45380,Rigid,3044207,3044208,3047099,1,2891,2892,completed,1
45381,Rigid,3044207,3044208,3047614,1,3406,3407,completed,1
45382,Rigid,3044208,3044208,3047169,0,2961,2961,completed,1
45383,Rigid,3044208,3044208,3047184,0,2976,2976,completed,1
45384,Rigid,3044208,3044208,3047467,0,3259,3259,completed,1
45385,Rigid,3044208,3044208,3047411,0,3203,3203,completed,1
45386,Rigid,3044208,3044212,3046804,4,2592,2596,completed,1
45387,Rigid,3044208,3044212,3047804,4,3592,3596,completed,1
45388,Rigid,3044208,3044212,3047560,4,3348,3352,completed,1
45389,Rigid,3044208,3044212,3047114,4,2902,2906,completed,1
45390,Rigid,3044208,3044212,3047327,4,3115,3119,completed,1
45391,Rigid,3044208,3044212,3047422,4,3210,3214,completed,1
45392,Rigid,3044208,3044212,3047021,4,2809,2813,completed,1
45393,Rigid,3044208,3044212,3047246,4,3034,3038,completed,1
45394,Rigid,3044208,3044212,3047461,4,3249,3253,completed,1
45395,Rigid,3044208,3044212,3047204,4,2992,2996,completed,1
45396,Rigid,3044208,3044212,3047158,4,2946,2950,completed,1
45397,Rigid,3044208,3044212,3046764,4,2552,2556,completed,1
45398,Rigid,3044208,3044212,3047597,4,3385,3389,completed,1
45399,Rigid,3044208,3044212,3047558,4,3346,3350,completed,1
45400,Rigid,3044208,3044212,3047319,4,3107,3111,completed,1
45401,Rigid,3044208,3044212,3047171,4,2959,2963,completed,1
45402,Rigid,3044208,3044212,3047388,4,3176,3180,completed,1
45403,Rigid,3044208,3044212,3047230,4,3018,3022,completed,1
45404,Rigid,3044208,3044212,3047462,4,3250,3254,completed,1
45405,Rigid,3044208,3044212,3047817,4,3605,3609,completed,1
45406,Rigid,3044208,3044212,3047543,4,3331,3335,completed,1
45407,Rigid,3044209,3044212,3047587,3,3375,3378,completed,1
45408,Rigid,3044209,3044212,3047306,3,3094,3097,completed,1
45409,Rigid,3044209,3044212,3047077,3,2865,2868,completed,1
45410,Rigid,3044209,3044212,3047640,3,3428,3431,completed,1
45411,Rigid,3044209,3044212,3047538,3,3326,3329,completed,1
45412,Rigid,3044209,3044212,3047442,3,3230,3233,completed,1
45413,Rigid,3044209,3044212,3047272,3,3060,3063,completed,1
45414,Rigid,3044209,3044212,3047444,3,3232,3235,completed,1
45415,Rigid,3044209,3044212,3047475,3,3263,3266,completed,1
45416,Rigid,3044209,3044212,3047163,3,2951,2954,completed,1
45417,Rigid,3044209,3044212,3047496,3,3284,3287,completed,1
45418,Rigid,3044209,3044212,3047527,3,3315,3318,completed,1
45419,Rigid,3044209,3044212,3047499,3,3287,3290,completed,1
45420,Rigid,3044209,3044212,3047548,3,3336,3339,completed,1
45421,Rigid,3044209,3044212,3047134,3,2922,2925,completed,1
45422,Rigid,3044209,3044212,3047429,3,3217,3220,completed,1
45423,Rigid,3044209,3044212,3047271,3,3059,3062,completed,1
45424,Rigid,3044209,3044212,3047402,3,3190,3193,completed,1
45425,Rigid,3044209,3044212,3047386,3,3174,3177,completed,1
45426,Rigid,3044209,3044212,3047104,3,2892,2895,completed,1
45427,Rigid,3044209,3044212,3047453,3,3241,3244,completed,1
45428,Rigid,3044209,3044212,3047246,3,3034,3037,completed,1
45429,Rigid,3044209,3044212,3047421,3,3209,3212,completed,1
45430,Rigid,3044209,3044212,3047396,3,3184,3187,completed,1
45431,Rigid,3044209,3044212,3047585,3,3373,3376,completed,1
45432,Rigid,3044209,3044212,3047585,3,3373,3376,completed,1
45433,Rigid,3044209,3044212,3047567,3,3355,3358,completed,1
45434,Rigid,3044209,3044212,3047220,3,3008,3011,completed,1
45435,Rigid,3044210,3044212,3047005,2,2793,2795,completed,1
45436,Rigid,3044210,3044212,3046845,2,2633,2635,completed,1
45437,Rigid,3044210,3044212,3046737,2,2525,2527,completed,1
45438,Rigid,3044210,3044212,3046623,2,2411,2413,completed,1
45439,Rigid,3044210,3044212,3047190,2,2978,2980,completed,1
45440,Rigid,3044210,3044212,3046673,2,2461,2463,completed,1
45441,Rigid,3044210,3044212,3047118,2,2906,2908,completed,1
45442,Rigid,3044210,3044212,3046843,2,2631,2633,completed,1
45443,Rigid,3044210,3044212,3046923,2,2711,2713,completed,1
45444,Rigid,3044210,3044212,3047190,2,2978,2980,completed,1
45445,Rigid,3044210,3044212,3046865,2,2653,2655,completed,1
45446,Rigid,3044210,3044212,3047106,2,2894,2896,completed,1
45447,Rigid,3044210,3044212,3046768,2,2556,2558,completed,1
45448,Rigid,3044210,3044212,3047008,2,2796,2798,completed,1
45449,Rigid,3044210,3044212,3047843,2,3631,3633,completed,1
45450,Rigid,3044210,3044212,3047462,2,3250,3252,completed,1
45451,Rigid,3044210,3044212,3047718,2,3506,3508,completed,1
45452,Rigid,3044210,3044212,3047220,2,3008,3010,completed,1
45453,Rigid,3044210,3044212,3047588,2,3376,3378,completed,1
45454,Rigid,3044210,3044212,3047297,2,3085,3087,completed,1
45455,Rigid,3044210,3044212,3047375,2,3163,3165,completed,1
45456,Rigid,3044210,3044212,3047232,2,3020,3022,completed,1
45457,Rigid,3044210,3044212,3047468,2,3256,3258,completed,1
45458,Rigid,3044210,3044212,3047188,2,2976,2978,completed,1
45459,Rigid,3044210,3044212,3047595,2,3383,3385,completed,1
45460,Rigid,3044210,3044212,3047404,2,3192,3194,completed,1
45461,Rigid,3044210,3044212,3047600,2,3388,3390,completed,1
45462,Rigid,3044210,3044212,3047488,2,3276,3278,completed,1
45463,Rigid,3044210,3044212,3047475,2,3263,3265,completed,1
45464,Rigid,3044210,3044212,3047619,2,3407,3409,completed,1
45465,Rigid,3044210,3044212,3047103,2,2891,2893,completed,1
45466,Rigid,3044210,3044212,3047128,2,2916,2918,completed,1
45467,Rigid,3044210,3044212,3046707,2,2495,2497,completed,1
45468,Rigid,3044210,3044212,3046541,2,2329,2331,completed,1
45469,Rigid,3044210,3044212,3046877,2,2665,2667,completed,1
45470,Rigid,3044210,3044212,3046581,2,2369,2371,completed,1
45471,Rigid,3044210,3044212,3046845,2,2633,2635,completed,1
45472,Rigid,3044210,3044212,3046538,2,2326,2328,completed,1
45473,Rigid,3044210,3044212,3046864,2,2652,2654,completed,1
45474,Rigid,3044210,3044212,3046296,2,2084,2086,completed,1
45475,Rigid,3044210,3044212,3046848,2,2636,2638,completed,1
45476,Rigid,3044211,3044212,3046713,1,2501,2502,completed,1
45477,Rigid,3044211,3044212,3046614,1,2402,2403,completed,1
45478,Rigid,3044211,3044212,3046956,1,2744,2745,completed,1
45479,Rigid,3044211,3044212,3047557,1,3345,3346,completed,1
45480,Rigid,3044211,3044212,3047382,1,3170,3171,completed,1
45481,Rigid,3044211,3044212,3047493,1,3281,3282,completed,1
45482,Rigid,3044211,3044212,3047700,1,3488,3489,completed,1
45483,Rigid,3044211,3044212,3047272,1,3060,3061,completed,1
45484,Rigid,3044211,3044212,3046826,1,2614,2615,completed,1
45485,Rigid,3044211,3044212,3047225,1,3013,3014,completed,1
45486,Rigid,3044211,3044212,3047079,1,2867,2868,completed,1
45487,Rigid,3044211,3044212,3047614,1,3402,3403,completed,1
45488,Rigid,3044211,3044212,3046900,1,2688,2689,completed,1
45489,Rigid,3044211,3044212,3047687,1,3475,3476,completed,1
45490,Rigid,3044211,3044212,3047388,1,3176,3177,completed,1
45491,Rigid,3044211,3044212,3047299,1,3087,3088,completed,1
45492,Rigid,3044211,3044212,3047288,1,3076,3077,completed,1
45493,Rigid,3044211,3044212,3047345,1,3133,3134,completed,1
45494,Rigid,3044211,3044212,3047819,1,3607,3608,completed,1
45495,Rigid,3044211,3044212,3047430,1,3218,3219,completed,1
45496,Rigid,3044211,3044212,3047496,1,3284,3285,completed,1
45497,Rigid,3044211,3044212,3047388,1,3176,3177,completed,1
45498,Rigid,3044211,3044212,3047529,1,3317,3318,completed,1
45499,Rigid,3044211,3044212,3047410,1,3198,3199,completed,1
45500,Rigid,3044211,3044212,3047341,1,3129,3130,completed,1
45501,Rigid,3044211,3044212,3047053,1,2841,2842,completed,1
45502,Rigid,3044211,3044212,3047620,1,3408,3409,completed,1
45503,Rigid,3044211,3044212,3047231,1,3019,3020,completed,1
45504,Rigid,3044211,3044212,3047502,1,3290,3291,completed,1
45505,Rigid,3044211,3044212,3047625,1,3413,3414,completed,1
45506,Rigid,3044211,3044212,3046962,1,2750,2751,completed,1
45507,Rigid,3044211,3044212,3047623,1,3411,3412,completed,1
45508,Rigid,3044211,3044212,3047413,1,3201,3202,completed,1
45509,Rigid,3044211,3044212,3047345,1,3133,3134,completed,1
45510,Rigid,3044211,3044212,3047666,1,3454,3455,completed,1
45511,Rigid,3044211,3044212,3047433,1,3221,3222,completed,1
45512,Rigid,3044211,3044212,3047148,1,2936,2937,completed,1
45513,Rigid,3044211,3044212,3047689,1,3477,3478,completed,1
45514,Rigid,3044211,3044212,3046606,1,2394,2395,completed,1
45515,Rigid,3044211,3044212,3047545,1,3333,3334,completed,1
45516,Rigid,3044211,3044212,3047486,1,3274,3275,completed,1
45517,Rigid,3044211,3044212,3047407,1,3195,3196,completed,1
45518,Rigid,3044211,3044212,3047533,1,3321,3322,completed,1
45519,Rigid,3044212,3044212,3047662,0,3450,3450,completed,1
45520,Rigid,3044212,3044212,3047493,0,3281,3281,completed,1
45521,Rigid,3044212,3044212,3047317,0,3105,3105,completed,1
45522,Rigid,3044212,3044212,3047409,0,3197,3197,completed,1
45523,Rigid,3044212,3044212,3047262,0,3050,3050,completed,1
45524,Rigid,3044212,3044214,3047152,2,2938,2940,completed,1
45525,Rigid,3044212,3044214,3047173,2,2959,2961,completed,1
45526,Rigid,3044212,3044214,3046726,2,2512,2514,completed,1
45527,Rigid,3044212,3044214,3047293,2,3079,3081,completed,1
45528,Rigid,3044213,3044214,3047069,1,2855,2856,completed,1
45529,Rigid,3044213,3044214,3047325,1,3111,3112,completed,1
45530,Rigid,3044213,3044214,3047298,1,3084,3085,completed,1
45531,Rigid,3044213,3044214,3047352,1,3138,3139,completed,1
45532,Rigid,3044213,3044214,3047261,1,3047,3048,completed,1
45533,Rigid,3044213,3044214,3047343,1,3129,3130,completed,1
45534,Rigid,3044213,3044214,3047261,1,3047,3048,completed,1
45535,Rigid,3044213,3044214,3047427,1,3213,3214,completed,1
45536,Rigid,3044213,3044214,3047579,1,3365,3366,completed,1
45537,Rigid,3044213,3044214,3047555,1,3341,3342,completed,1
45538,Rigid,3044213,3044214,3047470,1,3256,3257,completed,1
45539,Rigid,3044213,3044214,3047204,1,2990,2991,completed,1
45540,Rigid,3044213,3044214,3047255,1,3041,3042,completed,1
45541,Rigid,3044213,3044214,3047261,1,3047,3048,completed,1
45542,Rigid,3044214,3044214,3047400,0,3186,3186,completed,1
45543,Rigid,3044214,3044214,3047105,0,2891,2891,completed,1
45544,Rigid,3044214,3044214,3047391,0,3177,3177,completed,1
45545,Rigid,3044214,3044216,3047198,2,2982,2984,completed,1
45546,Rigid,3044214,3044216,3047216,2,3000,3002,completed,1
45547,Rigid,3044214,3044216,3047494,2,3278,3280,completed,1
45548,Rigid,3044214,3044216,3047371,2,3155,3157,completed,1
45549,Rigid,3044214,3044216,3046582,2,2366,2368,completed,1
45550,Rigid,3044214,3044216,3046878,2,2662,2664,completed,1
45551,Rigid,3044215,3044216,3046845,1,2629,2630,completed,1
45552,Rigid,3044215,3044216,3047434,1,3218,3219,completed,1
45553,Rigid,3044215,3044216,3047029,1,2813,2814,completed,1
45554,Rigid,3044215,3044216,3047360,1,3144,3145,completed,1
45555,Rigid,3044215,3044216,3047728,1,3512,3513,completed,1
45556,Rigid,3044215,3044216,3047557,1,3341,3342,completed,1
45557,Rigid,3044215,3044216,3047368,1,3152,3153,completed,1
45558,Rigid,3044215,3044216,3047436,1,3220,3221,completed,1
45559,Rigid,3044215,3044216,3047435,1,3219,3220,completed,1
45560,Rigid,3044215,3044216,3046883,1,2667,2668,completed,1
45561,Rigid,3044215,3044216,3047750,1,3534,3535,completed,1
45562,Rigid,3044215,3044216,3047280,1,3064,3065,completed,1
45563,Rigid,3044215,3044216,3047354,1,3138,3139,completed,1
45564,Rigid,3044215,3044216,3047232,1,3016,3017,completed,1
45565,Rigid,3044215,3044216,3047575,1,3359,3360,completed,1
45566,Rigid,3044215,3044216,3047722,1,3506,3507,completed,1
45567,Rigid,3044215,3044216,3047190,1,2974,2975,completed,1
45568,Rigid,3044215,3044216,3047305,1,3089,3090,completed,1
45569,Rigid,3044215,3044216,3047433,1,3217,3218,completed,1
45570,Rigid,3044215,3044216,3047583,1,3367,3368,completed,1
45571,Rigid,3044215,3044216,3047328,1,3112,3113,completed,1
45572,Rigid,3044215,3044216,3047621,1,3405,3406,completed,1
45573,Rigid,3044215,3044216,3047074,1,2858,2859,completed,1
45574,Rigid,3044215,3044216,3047440,1,3224,3225,completed,1
45575,Rigid,3044215,3044216,3047349,1,3133,3134,completed,1
45576,Rigid,3044215,3044216,3047426,1,3210,3211,completed,1
45577,Rigid,3044215,3044216,3047351,1,3135,3136,completed,1
45578,Rigid,3044215,3044216,3047546,1,3330,3331,completed,1
45579,Rigid,3044215,3044216,3046815,1,2599,2600,completed,1
45580,Rigid,3044215,3044216,3047291,1,3075,3076,completed,1
45581,Rigid,3044215,3044216,3047305,1,3089,3090,completed,1
45582,Rigid,3044215,3044216,3047370,1,3154,3155,completed,1
45583,Rigid,3044215,3044216,3047308,1,3092,3093,completed,1
45584,Rigid,3044215,3044216,3047810,1,3594,3595,completed,1
45585,Rigid,3044215,3044216,3047951,1,3735,3736,completed,1
45586,Rigid,3044216,3044216,3047784,0,3568,3568,completed,1
45587,Rigid,3044216,3044216,3047369,0,3153,3153,completed,1
45588,Rigid,3044216,3044216,3047585,0,3369,3369,completed,1
45589,Rigid,3044216,3044216,3047676,0,3460,3460,completed,1
45590,Rigid,3044216,3044216,3047490,0,3274,3274,completed,1
45591,Rigid,3044216,3044216,3046883,0,2667,2667,completed,1
45592,Rigid,3044216,3044216,3047238,0,3022,3022,completed,1
45593,Rigid,3044216,3044216,3047677,0,3461,3461,completed,1
45594,Rigid,3044216,3044216,3047379,0,3163,3163,completed,1
45595,Rigid,3044216,3044216,3047529,0,3313,3313,completed,1
45596,Rigid,3044216,3044216,3047577,0,3361,3361,completed,1
45597,Rigid,3044216,3044216,3047337,0,3121,3121,completed,1
45598,Rigid,3044216,3044216,3047327,0,3111,3111,completed,1
45599,Rigid,3044216,3044216,3047458,0,3242,3242,completed,1
45600,Rigid,3044216,3044216,3047789,0,3573,3573,completed,1
45601,Rigid,3044216,3044216,3047248,0,3032,3032,completed,1
45602,Rigid,3044216,3044216,3047071,0,2855,2855,completed,1
45603,Rigid,3044216,3044216,3047484,0,3268,3268,completed,1
45604,Rigid,3044216,3044216,3047589,0,3373,3373,completed,1
45605,Rigid,3044216,3044219,3046356,3,2137,2140,completed,1
45606,Rigid,3044216,3044219,3046352,3,2133,2136,completed,1
45607,Rigid,3044216,3044219,3046432,3,2213,2216,completed,1
45608,Rigid,3044216,3044219,3046391,3,2172,2175,completed,1
45609,Rigid,3044216,3044219,3046426,3,2207,2210,completed,1
45610,Rigid,3044216,3044219,3046404,3,2185,2188,completed,1
45611,Rigid,3044217,3044219,3046238,2,2019,2021,completed,1
45612,Rigid,3044217,3044219,3046422,2,2203,2205,completed,1
45613,Rigid,3044217,3044219,3046244,2,2025,2027,completed,1
45614,Rigid,3044217,3044219,3046505,2,2286,2288,completed,1
45615,Rigid,3044217,3044219,3046271,2,2052,2054,completed,1
45616,Rigid,3044217,3044219,3046100,2,1881,1883,completed,1
45617,Rigid,3044246,3044246,3044257,0,11,11,completed,1
45618,Rigid,3044495,3044496,3045615,1,1119,1120,completed,36
45619,Rigid,3044724,3044724,3046192,0,1468,1468,completed,36
45620,Rigid,3044925,3044925,3044927,0,2,2,completed,2
45621,Rigid,3044927,3044928,3044950,1,22,23,completed,2
45622,Rigid,3044939,3044939,3059757,0,14818,14818,completed,36
45623,Rigid,3045383,3045383,3045387,0,4,4,completed,2
45624,Rigid,3045387,3045387,3045397,0,10,10,completed,2
45625,Rigid,3045649,3045649,3045651,0,2,2,completed,36
45626,Rigid,3045649,3045649,3045650,0,1,1,completed,36
45627,Rigid,3045649,3045649,3045650,0,1,1,completed,36
45628,Rigid,3045649,3045649,3045650,0,1,1,completed,36
45629,Rigid,3045649,3045649,3045650,0,1,1,completed,36
45630,Rigid,3045676,3045677,3046237,1,560,561,completed,36
45631,Rigid,3045677,3045677,3046237,0,560,560,completed,36
45632,Rigid,3045677,3045680,3046237,3,557,560,completed,36
45633,Rigid,3045677,3045680,3046237,3,557,560,completed,36
45634,Rigid,3045677,3045680,3046237,3,557,560,completed,36
45635,Rigid,3045842,3045843,3046117,1,274,275,completed,36
45636,Rigid,3045842,3045843,3046117,1,274,275,completed,36
45637,Rigid,3045842,3045843,3046117,1,274,275,completed,36
45638,Rigid,3045842,3045843,3046117,1,274,275,completed,36
45639,Rigid,3045842,3045843,3046117,1,274,275,completed,36
45640,Rigid,3045923,3045923,3046200,0,277,277,completed,36
45641,Rigid,3045923,3045923,3046200,0,277,277,completed,36
45642,Rigid,3045923,3045923,3046200,0,277,277,completed,36
45643,Rigid,3045923,3045927,3046200,4,273,277,completed,36
45644,Rigid,3045923,3045927,3046200,4,273,277,completed,36
45645,Rigid,3045930,3045931,3046200,1,269,270,completed,36
45646,Rigid,3045930,3045931,3046200,1,269,270,completed,36
45647,Rigid,3045930,3045931,3046200,1,269,270,completed,36
45648,Rigid,3045930,3045931,3046200,1,269,270,completed,36
45649,Rigid,3045930,3045931,3046200,1,269,270,completed,36
45650,Rigid,3045936,3045936,3046207,0,271,271,completed,36
45651,Rigid,3045936,3045936,3046200,0,264,264,completed,36
45652,Rigid,3045936,3045937,3046200,1,263,264,completed,36
45653,Rigid,3045936,3045937,3046200,1,263,264,completed,36
45654,Rigid,3045936,3045937,3046200,1,263,264,completed,36
45655,Rigid,3045941,3045943,3046200,2,257,259,completed,36
45656,Rigid,3045941,3045943,3046200,2,257,259,completed,36
45657,Rigid,3045941,3045943,3046200,2,257,259,completed,36
45658,Rigid,3045941,3045943,3046200,2,257,259,completed,36
45659,Rigid,3045941,3045943,3046200,2,257,259,completed,36
45660,Rigid,3045950,3045950,3046200,0,250,250,completed,36
45661,Rigid,3045950,3045950,3046200,0,250,250,completed,36
45662,Rigid,3045950,3045950,3046200,0,250,250,completed,36
45663,Rigid,3045950,3045950,3046200,0,250,250,completed,36
45664,Rigid,3045950,3045950,3046200,0,250,250,completed,36
45665,Rigid,3045956,3045956,3046200,0,244,244,completed,36
45666,Rigid,3045956,3045960,3046200,4,240,244,completed,36
45667,Rigid,3045956,3045960,3046200,4,240,244,completed,36
45668,Rigid,3045956,3045960,3046200,4,240,244,completed,36
45669,Rigid,3045956,3045960,3046200,4,240,244,completed,36
45670,Rigid,3045961,3045964,3046200,3,236,239,completed,36
45671,Rigid,3045961,3045964,3046200,3,236,239,completed,36
45672,Rigid,3045961,3045964,3046211,3,247,250,completed,36
45673,Rigid,3045962,3045964,3046200,2,236,238,completed,36
45674,Rigid,3045962,3045964,3046200,2,236,238,completed,36
45675,Rigid,3046252,3046252,3058395,0,12143,12143,completed,36
45676,Rigid,3046252,3046252,3059732,0,13480,13480,completed,36
45677,Rigid,3046252,3046252,3055912,0,9660,9660,completed,36
45678,Rigid,3046252,3046252,3050827,0,4575,4575,completed,36
45679,Rigid,3046252,3046252,3050750,0,4498,4498,completed,36
45680,Rigid,3046493,3046494,3046498,1,4,5,completed,1
45681,Rigid,3046493,3046520,3046525,27,5,32,completed,1
45682,Rigid,3046493,3102188,3102200,55695,12,55707,completed,1
45683,Rigid,3046749,3046749,3048232,0,1483,1483,completed,36
45684,Rigid,3046783,3046784,3058395,1,11611,11612,completed,36
45685,Rigid,3046783,3046784,3058306,1,11522,11523,completed,36
45686,Rigid,3046783,3046784,3056351,1,9567,9568,completed,36
45687,Rigid,3046783,3046784,3050384,1,3600,3601,completed,36
45688,Rigid,3046783,3046784,3050911,1,4127,4128,completed,36
45689,Rigid,3046803,3046803,3058835,0,12032,12032,completed,36
45690,Rigid,3046803,3046803,3056602,0,9799,9799,completed,36
45691,Rigid,3046803,3046803,3054706,0,7903,7903,completed,36
45692,Rigid,3046803,3046803,3050333,0,3530,3530,completed,36
45693,Rigid,3046803,3046803,3050717,0,3914,3914,completed,36
45694,Rigid,3046811,3046812,3057971,1,11159,11160,completed,36
45695,Rigid,3046811,3046812,3056705,1,9893,9894,completed,36
45696,Rigid,3046811,3046812,3054686,1,7874,7875,completed,36
45697,Rigid,3046811,3046812,3049803,1,2991,2992,completed,36
45698,Rigid,3046812,3046812,3050557,0,3745,3745,completed,36
45699,Rigid,3046818,3046818,3058098,0,11280,11280,completed,36
45700,Rigid,3046818,3046818,3058744,0,11926,11926,completed,36
45701,Rigid,3046818,3046818,3055459,0,8641,8641,completed,36
45702,Rigid,3046818,3046818,3050034,0,3216,3216,completed,36
45703,Rigid,3046818,3046818,3050432,0,3614,3614,completed,36
45704,Rigid,3046825,3046825,3056351,0,9526,9526,completed,36
45705,Rigid,3046825,3046825,3058306,0,11481,11481,completed,36
45706,Rigid,3046825,3046825,3055912,0,9087,9087,completed,36
45707,Rigid,3046825,3046825,3049783,0,2958,2958,completed,36
45708,Rigid,3046825,3046825,3050138,0,3313,3313,completed,36
45709,Rigid,3046831,3046831,3055912,0,9081,9081,completed,36
45710,Rigid,3046831,3046831,3058835,0,12004,12004,completed,36
45711,Rigid,3046831,3046831,3055506,0,8675,8675,completed,36
45712,Rigid,3046831,3046831,3049861,0,3030,3030,completed,36
45713,Rigid,3046831,3046831,3050088,0,3257,3257,completed,36
45714,Rigid,3046888,3046889,3057971,1,11082,11083,completed,36
45715,Rigid,3046888,3046889,3063231,1,16342,16343,completed,36
45716,Rigid,3046889,3046889,3058145,0,11256,11256,completed,36
45717,Rigid,3046889,3046889,3050818,0,3929,3929,completed,36
45718,Rigid,3046889,3046889,3050625,0,3736,3736,completed,36
45719,Rigid,3046958,3046959,3049805,1,2846,2847,completed,36
45720,Rigid,3046958,3046959,3051181,1,4222,4223,completed,36
45721,Rigid,3046958,3046959,3049700,1,2741,2742,completed,36
45722,Rigid,3046958,3046959,3048598,1,1639,1640,completed,36
45723,Rigid,3046958,3046959,3048747,1,1788,1789,completed,36
45724,Rigid,3047637,3047638,3048225,1,587,588,completed,36
45725,Rigid,3048031,3048031,3048033,0,2,2,completed,2
45726,Rigid,3048033,3048034,3048057,1,23,24,completed,2
45727,Rigid,3048155,3048156,3048163,1,7,8,completed,36
45728,Rigid,3048255,3048255,3048261,0,6,6,completed,36
45729,Rigid,3048665,3048665,3048667,0,2,2,completed,2
45730,Rigid,3048667,3048667,3048676,0,9,9,completed,2
45731,Rigid,3048877,3048878,3048879,1,1,2,completed,2
45732,Rigid,3048879,3048881,3048900,2,19,21,completed,2
45733,Rigid,3049416,3049416,3049419,0,3,3,completed,2
45734,Rigid,3049419,3049419,3049428,0,9,9,completed,2
45735,Rigid,3049544,3051510,3051597,1966,87,2053,completed,1
45736,Rigid,3049743,3049744,3049831,1,87,88,completed,36
45737,Rigid,3049929,3049929,3050521,0,592,592,completed,36
45738,Rigid,3050272,3050272,3053952,0,3680,3680,completed,144
45739,Rigid,3050619,3050626,3050792,7,166,173,completed,36
45740,Rigid,3050694,3050695,3050697,1,2,3,completed,2
45741,Rigid,3050697,3050699,3050720,2,21,23,completed,2
45742,Rigid,3051003,3051004,3051006,1,2,3,completed,2
45743,Rigid,3051006,3051008,3051017,2,9,11,completed,2
45744,Rigid,3051289,3051290,3051298,1,8,9,completed,2
45745,Rigid,3051289,3051290,3051292,1,2,3,completed,2
45746,Rigid,3051431,3051431,3051435,0,4,4,completed,36
45747,Rigid,3051457,3051457,3051459,0,2,2,completed,2
45748,Rigid,3051459,3051460,3051469,1,9,10,completed,2
45749,Rigid,3051459,3051460,3051463,1,3,4,completed,2
45750,Rigid,3051565,3051565,3051567,0,2,2,completed,2
45751,Rigid,3051567,3051568,3051577,1,9,10,completed,2
45752,Rigid,3051567,3051568,3051571,1,3,4,completed,2
45753,Rigid,3051568,3051569,3051578,1,9,10,completed,36
45754,Rigid,3051736,3051736,3051745,0,9,9,completed,36
45755,Rigid,3051829,3051829,3051831,0,2,2,completed,2
45756,Rigid,3051831,3051833,3051842,2,9,11,completed,2
45757,Rigid,3051831,3051833,3051836,2,3,5,completed,2
45758,Rigid,3052238,3052238,3052246,0,8,8,completed,36
45759,Rigid,3052571,3052572,3054705,1,2133,2134,completed,36
45760,Rigid,3052602,3052605,3054736,3,2131,2134,completed,36
45761,Rigid,3052869,3052869,3052871,0,2,2,completed,2
45762,Rigid,3052871,3052872,3052881,1,9,10,completed,2
45763,Rigid,3052871,3052872,3052875,1,3,4,completed,2
45764,Rigid,3053019,3053019,3053021,0,2,2,completed,2
45765,Rigid,3053020,3053022,3053042,2,20,22,completed,2
45766,Rigid,3053020,3053022,3053029,2,7,9,completed,2
45767,Rigid,3053068,3053069,3059742,1,6673,6674,completed,36
45768,Rigid,3053108,3053108,3053110,0,2,2,completed,2
45769,Rigid,3053110,3053111,3053123,1,12,13,completed,2
45770,Rigid,3053110,3053111,3053116,1,5,6,completed,2
45771,Rigid,3053170,3053170,3053172,0,2,2,completed,2
45772,Rigid,3053172,3053174,3053183,2,9,11,completed,2
45773,Rigid,3053172,3053174,3053177,2,3,5,completed,2
45774,Rigid,3053239,3053239,3053249,0,10,10,completed,2
45775,Rigid,3053239,3053250,3053253,11,3,14,completed,2
45776,Rigid,3053269,3053269,3053272,0,3,3,completed,2
45777,Rigid,3053271,3053273,3053282,2,9,11,completed,2
45778,Rigid,3053271,3053283,3053286,12,3,15,completed,2
45779,Rigid,3054710,3054710,3054717,0,7,7,completed,1
45780,Rigid,3054730,3054733,3054739,3,6,9,completed,1
45781,Rigid,3054730,3054733,3054742,3,9,12,completed,1
45782,Rigid,3054730,3054733,3054734,3,1,4,completed,1
45783,Rigid,3054730,3054733,3054739,3,6,9,completed,1
45784,Rigid,3054730,3054733,3054734,3,1,4,completed,1
45785,Rigid,3054762,3054771,3054772,9,1,10,completed,1
45786,Rigid,3055671,3057349,3057431,1678,82,1760,completed,1
45787,Rigid,3057633,3057633,3057642,0,9,9,completed,8
45788,Rigid,3058672,3058673,3059860,1,1187,1188,completed,144
45789,Rigid,3058683,3058683,3059858,0,1175,1175,completed,144
45790,Rigid,3058693,3058693,3059856,0,1163,1163,completed,144
45791,Rigid,3058800,3060446,3060524,1646,78,1724,completed,1
45792,Rigid,3058807,3059001,3060220,194,1219,1413,completed,1
45793,Rigid,3058815,3058993,3060220,178,1227,1405,completed,1
45794,Rigid,3058824,3060950,3061000,2126,50,2176,completed,1
45795,Rigid,3058829,3059106,3060310,277,1204,1481,completed,1
45796,Rigid,3059992,3059992,3061226,0,1234,1234,completed,144
45797,Rigid,3060002,3060002,3061223,0,1221,1221,completed,144
45798,Rigid,3060012,3060013,3061221,1,1208,1209,completed,144
45799,Rigid,3061800,3061800,3063026,0,1226,1226,completed,144
45800,Rigid,3061810,3061810,3063025,0,1215,1215,completed,144
45801,Rigid,3063189,3063190,3077352,1,14162,14163,completed,144
45802,Rigid,3063199,3063200,3077570,1,14370,14371,completed,144
45803,Rigid,3066181,3066322,3066363,141,41,182,completed,1
45804,Rigid,3066556,3066646,3066656,90,10,100,completed,1
45805,Rigid,3066745,3066745,3066747,0,2,2,completed,2
45806,Rigid,3066747,3066748,3066767,1,19,20,completed,2
45807,Rigid,3066747,3066772,3066774,25,2,27,completed,2
45808,Rigid,3067064,3068341,3068399,1277,58,1335,completed,1
45809,Rigid,3067072,3068620,3068666,1548,46,1594,completed,1
45810,Rigid,3071522,3071522,3071736,0,214,214,completed,1
45811,Rigid,3075001,3076679,3076759,1678,80,1758,completed,1
45812,Rigid,3075009,3077113,3077160,2104,47,2151,completed,1
45813,Rigid,3075016,3076815,3076861,1799,46,1845,completed,1
45814,Rigid,3075025,3077066,3077124,2041,58,2099,completed,1
45815,Rigid,3075030,3077283,3077338,2253,55,2308,completed,1
45816,Rigid,3075036,3080152,3080239,5116,87,5203,completed,1
45817,Rigid,3077924,3077927,3083722,3,5795,5798,completed,72
45818,Rigid,3078418,3078419,3118995,1,40576,40577,completed,144
45819,Rigid,3085262,3085262,3085271,0,9,9,completed,108
45820,Rigid,3085735,3085735,3094510,0,8775,8775,completed,108
45821,Rigid,3108119,3108119,3108953,0,834,834,completed,36
45822,Rigid,3108119,3108119,3108953,0,834,834,completed,36
45823,Rigid,3108119,3108119,3108953,0,834,834,completed,36
45824,Rigid,3108119,3108119,3108953,0,834,834,completed,36
45825,Rigid,3108119,3108119,3108953,0,834,834,completed,36
45826,Rigid,3108592,3108592,3119095,0,10503,10503,completed,36
45827,Rigid,3108628,3108629,3119095,1,10466,10467,completed,36
45828,Rigid,3108655,3108658,3119095,3,10437,10440,completed,36
45829,Rigid,3108710,3108711,3108756,1,45,46,completed,36
45830,Rigid,3108718,3108719,3108756,1,37,38,completed,36
45831,Rigid,3108728,3108729,3108756,1,27,28,completed,36
45832,Rigid,3108736,3108736,3108756,0,20,20,completed,36
45833,Rigid,3108775,3108778,3111311,3,2533,2536,completed,36
45834,Rigid,3108782,3108782,3108962,0,180,180,completed,36
45835,Rigid,3108788,3108788,3119095,0,10307,10307,completed,36
45836,Rigid,3108794,3108794,3119295,0,10501,10501,completed,36
45837,Rigid,3108801,3108801,3119295,0,10494,10494,completed,36
45838,Rigid,3108808,3108808,3118995,0,10187,10187,completed,36
45839,Rigid,3108993,3108994,3118556,1,9562,9563,completed,36
45840,Rigid,3108993,3108994,3118995,1,10001,10002,completed,36
45841,Rigid,3108993,3108994,3118317,1,9323,9324,completed,36
45842,Rigid,3108993,3108994,3112133,1,3139,3140,completed,36
45843,Rigid,3108993,3108994,3113119,1,4125,4126,completed,36
45844,Rigid,3109014,3109014,3119295,0,10281,10281,completed,36
45845,Rigid,3109045,3109046,3117676,1,8630,8631,completed,36
45846,Rigid,3109067,3109067,3118313,0,9246,9246,completed,36
45847,Rigid,3109080,3109080,3119295,0,10215,10215,completed,36
45848,Rigid,3109096,3109096,3119295,0,10199,10199,completed,36
45849,Rigid,3109106,3109106,3119295,0,10189,10189,completed,36
45850,Rigid,3109131,3109131,3111873,0,2742,2742,completed,36
45851,Rigid,3110396,3118759,3118810,8363,51,8414,completed,288
45852,Rigid,3110503,3110503,3119095,0,8592,8592,completed,1
45853,Rigid,3110582,3118811,3119295,8229,484,8713,completed,288
45854,Rigid,3110736,3110736,3119095,0,8359,8359,completed,1
45855,Rigid,3110737,3110740,3119095,3,8355,8358,completed,1
45856,Rigid,3110737,3110740,3119095,3,8355,8358,completed,1
45857,Rigid,3111559,3111559,3118628,0,7069,7069,completed,1
45858,Rigid,3111572,3111573,3119095,1,7522,7523,completed,1
45859,Rigid,3111577,3111578,3119095,1,7517,7518,completed,1
45860,Rigid,3111583,3111583,3117477,0,5894,5894,completed,1
45861,Rigid,3111835,3111838,3111840,3,2,5,completed,2
45862,Rigid,3111840,3111841,3111860,1,19,20,completed,2
45863,Rigid,3111840,3111861,3111864,21,3,24,completed,2
45864,Rigid,3112070,3112071,3112073,1,2,3,completed,2
45865,Rigid,3112073,3112074,3112091,1,17,18,completed,2
45866,Rigid,3112073,3112092,3112097,19,5,24,completed,2
45867,Rigid,3112465,3112465,3112467,0,2,2,completed,1
45868,Rigid,3112521,3112522,3118593,1,6071,6072,completed,1
45869,Rigid,3112525,3112525,3118078,0,5553,5553,completed,1
45870,Rigid,3112533,3112534,3118457,1,5923,5924,completed,1
45871,Rigid,3112537,3112538,3118534,1,5996,5997,completed,1
45872,Rigid,3112539,3112542,3112659,3,117,120,completed,36
45873,Rigid,3112544,3112546,3118474,2,5928,5930,completed,1
45874,Rigid,3112549,3112550,3112650,1,100,101,completed,36
45875,Rigid,3112649,3112650,3118995,1,6345,6346,completed,288
45876,Rigid,3112725,3112726,3118995,1,6269,6270,completed,36
45877,Rigid,3112894,3112894,3112912,0,18,18,completed,36
45878,Rigid,3113023,3113024,3113124,1,100,101,completed,36
45879,Rigid,3113046,3113046,3113048,0,2,2,completed,2
45880,Rigid,3113048,3113050,3113052,2,2,4,completed,2
45881,Rigid,3113603,3113603,3119295,0,5692,5692,completed,36
45882,Rigid,3113761,3113762,3119295,1,5533,5534,completed,36
45883,Rigid,3113786,3113786,3119295,0,5509,5509,completed,36
45884,Rigid,3114567,3114567,3119295,0,4728,4728,completed,36
45885,Rigid,3114567,3114567,3119095,0,4528,4528,completed,36
45886,Rigid,3114567,3114567,3119295,0,4728,4728,completed,36
45887,Rigid,3114567,3114567,3119295,0,4728,4728,completed,36
45888,Rigid,3114585,3114585,3119295,0,4710,4710,completed,36
45889,Rigid,3114585,3114585,3119295,0,4710,4710,completed,36
45890,Rigid,3114585,3114585,3118014,0,3429,3429,completed,36
45891,Rigid,3114585,3114585,3119095,0,4510,4510,completed,36
45892,Rigid,3114593,3114594,3119095,1,4501,4502,completed,36
45893,Rigid,3114594,3114594,3119095,0,4501,4501,completed,36
45894,Rigid,3114594,3114594,3117666,0,3072,3072,completed,36
45895,Rigid,3114594,3114594,3119095,0,4501,4501,completed,36
45896,Rigid,3114939,3114940,3118862,1,3922,3923,completed,36
45897,Rigid,3114939,3114940,3117456,1,2516,2517,completed,36
45898,Rigid,3114939,3114940,3116313,1,1373,1374,completed,36
45899,Rigid,3114940,3114940,3116495,0,1555,1555,completed,36
45900,Rigid,3117149,3117496,3117544,347,48,395,completed,14
45901,Rigid,3117150,3117496,3117586,346,90,436,completed,14
45902,Rigid,3117150,3117667,3117680,517,13,530,completed,1
45903,Rigid,3117232,3117710,3117757,478,47,525,completed,1
45904,Rigid,3117435,3117496,3117515,61,19,80,completed,36
45905,Rigid,3117983,3117983,3118037,0,54,54,completed,14
45906,Rigid,3117983,3117983,3119095,0,1112,1112,completed,14
45907,Rigid,3117990,3117990,3118033,0,43,43,completed,14
45908,Rigid,3117990,3117990,3119295,0,1305,1305,completed,14
45909,Rigid,3117997,3117997,3118078,0,81,81,completed,14
45910,Rigid,3117997,3117997,3119095,0,1098,1098,completed,14
45911,Rigid,3118002,3118002,3118045,0,43,43,completed,14
45912,Rigid,3118002,3118002,3118210,0,208,208,completed,14
45913,Rigid,3118002,3118231,3118241,229,10,239,completed,1
45914,Rigid,3118008,3118009,3118046,1,37,38,completed,14
45915,Rigid,3118008,3118009,3118161,1,152,153,completed,14
45916,Rigid,3118008,3118176,3118184,168,8,176,completed,1
45917,Rigid,3118292,3118292,3118295,0,3,3,completed,1
45918,Rigid,3118296,3118296,3118298,0,2,2,completed,1
45919,Rigid,3118301,3118304,3118306,3,2,5,completed,1
45920,Rigid,3118311,3118311,3118314,0,3,3,completed,1
45921,Rigid,3118312,3118314,3118316,2,2,4,completed,1
45922,Rigid,3118313,3118314,3118317,1,3,4,completed,1
45923,Rigid,3118323,3118323,3118344,0,21,21,completed,36
45924,Rigid,3118333,3118336,3118357,3,21,24,completed,36
45925,Rigid,3118335,3118336,3118341,1,5,6,completed,1
45926,Rigid,3118337,3118338,3118341,1,3,4,completed,2
45927,Rigid,3118341,3118342,3118344,1,2,3,completed,2
45928,Rigid,3118349,3118350,3118353,1,3,4,completed,1
45929,Rigid,3118350,3118350,3118352,0,2,2,completed,1
45930,Rigid,3118352,3118353,3118360,1,7,8,completed,1
45931,Rigid,3118353,3118353,3118355,0,2,2,completed,1
45932,Rigid,3118353,3118354,3118356,1,2,3,completed,1
45933,Rigid,3118358,3118359,3118361,1,2,3,completed,1
45934,Rigid,3118359,3118361,3118364,2,3,5,completed,1
45935,Rigid,3118364,3118365,3118367,1,2,3,completed,1
45936,Rigid,3118365,3118365,3118728,0,363,363,completed,216
45937,Rigid,3118369,3118371,3118373,2,2,4,completed,1
45938,Rigid,3118369,3118371,3118374,2,3,5,completed,1
45939,Rigid,3118370,3118371,3118373,1,2,3,completed,1
45940,Rigid,3118373,3118374,3118712,1,338,339,completed,144
45941,Rigid,3118378,3118379,3118658,1,279,280,completed,144
45942,Rigid,3118390,3118391,3118394,1,3,4,completed,36
45943,Rigid,3118390,3118391,3118394,1,3,4,completed,36
45944,Rigid,3118391,3118395,3118397,4,2,6,completed,18
45945,Rigid,3118392,3118395,3118397,3,2,5,completed,18
45946,Rigid,3118396,3118398,3118403,2,5,7,completed,16
45947,Rigid,3118396,3118398,3118402,2,4,6,completed,8
45948,Rigid,3118397,3118398,3118401,1,3,4,completed,4
45949,Rigid,3118397,3118398,3118401,1,3,4,completed,2
45950,Rigid,3118398,3118398,3118495,0,97,97,completed,2
45951,Rigid,3118399,3118399,3118406,0,7,7,completed,2
45952,Rigid,3118412,3118413,3118417,1,4,5,completed,16
45953,Rigid,3118412,3118413,3118416,1,3,4,completed,8
45954,Rigid,3118413,3118413,3118416,0,3,3,completed,4
45955,Rigid,3118413,3118417,3118420,4,3,7,completed,2
45956,Rigid,3118414,3118417,3118512,3,95,98,completed,2
45957,Rigid,3118414,3118417,3118425,3,8,11,completed,2
45958,Rigid,3118426,3118427,3118754,1,327,328,completed,36
45959,Rigid,3119827,3127581,3156974,7754,29393,37147,completed,36
45960,Rigid,3119847,3127581,3157007,7734,29426,37160,completed,36
45961,Rigid,3120209,3127581,3156609,7372,29028,36400,completed,36
45962,Rigid,3120230,3127581,3156702,7351,29121,36472,completed,36
45963,Rigid,3120245,3127581,3128089,7336,508,7844,completed,36
45964,Rigid,3120250,3127581,3156923,7331,29342,36673,completed,36
45965,Rigid,3120270,3127581,3156914,7311,29333,36644,completed,36
45966,Rigid,3120290,3127581,3156994,7291,29413,36704,completed,36
45967,Rigid,3120310,3127581,3156757,7271,29176,36447,completed,36
45968,Rigid,3120330,3127581,3156846,7251,29265,36516,completed,36
45969,Rigid,3120351,3127581,3157483,7230,29902,37132,completed,36
45970,Rigid,3120371,3127581,3157244,7210,29663,36873,completed,36
45971,Rigid,3120391,3127581,3156768,7190,29187,36377,completed,36
45972,Rigid,3120411,3127581,3156826,7170,29245,36415,completed,36
45973,Rigid,3120431,3127581,3156654,7150,29073,36223,completed,36
45974,Rigid,3124605,3127581,3127591,2976,10,2986,completed,1
45975,Rigid,3124763,3127581,3135422,2818,7841,10659,completed,1
45976,Rigid,3124878,3127581,3135002,2703,7421,10124,completed,1
45977,Rigid,3124937,3127581,3135014,2644,7433,10077,completed,1
45978,Rigid,3124941,3127581,3135046,2640,7465,10105,completed,1
45979,Rigid,3125205,3127581,3134875,2376,7294,9670,completed,1
45980,Rigid,3125208,3127581,3134935,2373,7354,9727,completed,1
45981,Rigid,3125212,3127581,3134953,2369,7372,9741,completed,1
45982,Rigid,3125215,3127581,3135745,2366,8164,10530,completed,1
45983,Rigid,3125221,3127581,3134481,2360,6900,9260,completed,1
45984,Rigid,3126244,3127581,3212588,1337,85007,86344,completed,1
45985,Rigid,3126245,3127581,3221064,1336,93483,94819,completed,1
45986,Rigid,3126246,3127581,3218821,1335,91240,92575,completed,1
45987,Rigid,3126247,3127581,3211327,1334,83746,85080,completed,1
45988,Rigid,3126248,3127581,3214671,1333,87090,88423,completed,1
45989,Rigid,3126249,3127581,3212535,1332,84954,86286,completed,1
45990,Rigid,3126249,3127581,3205519,1332,77938,79270,completed,1
45991,Rigid,3126516,3127581,3127586,1065,5,1070,completed,1
45992,Rigid,3126517,3127581,3132939,1064,5358,6422,completed,1
45993,Rigid,3126518,3127581,3130659,1063,3078,4141,completed,1
45994,Rigid,3126518,3127581,3132937,1063,5356,6419,completed,1
45995,Rigid,3126519,3127581,3129879,1062,2298,3360,completed,1
45996,Rigid,3126520,3127581,3135733,1061,8152,9213,completed,1
45997,Rigid,3126521,3127581,3127587,1060,6,1066,completed,1
45998,Rigid,3126522,3127581,3139047,1059,11466,12525,completed,1
45999,Rigid,3126523,3127581,3127585,1058,4,1062,completed,1
46000,Rigid,3126524,3127581,3132917,1057,5336,6393,completed,1
46001,Rigid,3126525,3127581,3141369,1056,13788,14844,completed,1
46002,Rigid,3126525,3127581,3128363,1056,782,1838,completed,1
46003,Rigid,3126526,3127581,3141432,1055,13851,14906,completed,1
46004,Rigid,3126618,3127581,3127586,963,5,968,completed,1
46005,Rigid,3126641,3127581,3127585,940,4,944,completed,1
46006,Rigid,3126693,3127581,3184323,888,56742,57630,completed,1
46007,Rigid,3126908,3127581,3128208,673,627,1300,completed,36
46008,Rigid,3127610,3127610,3127617,0,7,7,completed,1
46009,Rigid,3127610,3127610,3127617,0,7,7,completed,1
46010,Rigid,3127610,3127610,3127627,0,17,17,completed,1
46011,Rigid,3127610,3127610,3127611,0,1,1,completed,1
46012,Rigid,3127610,3127610,3127611,0,1,1,completed,1
46013,Rigid,3128110,3128111,3191137,1,63026,63027,completed,36
46014,Rigid,3128119,3128119,3137618,0,9499,9499,completed,288
46015,Rigid,3128164,3128164,3220593,0,92429,92429,completed,288
46016,Rigid,3128206,3128207,3128458,1,251,252,completed,18
46017,Rigid,3128238,3128239,3473855,1,345616,345617,completed,36
46018,Rigid,3128271,3128272,3473885,1,345613,345614,completed,36
46019,Rigid,3128308,3128309,3422535,1,294226,294227,completed,36
46020,Rigid,3128319,3128320,3246816,1,118496,118497,completed,288
46021,Rigid,3128341,3128342,3414567,1,286225,286226,completed,36
46022,Rigid,3128376,3128376,3306259,0,177883,177883,completed,36
46023,Rigid,3128412,3128414,3220754,2,92340,92342,completed,288
46024,Rigid,3128423,3128423,3407130,0,278707,278707,completed,36
46025,Rigid,3128456,3128457,3380945,1,252488,252489,completed,36
46026,Rigid,3128463,3128463,3128651,0,188,188,completed,36
46027,Rigid,3128487,3128488,3225623,1,97135,97136,completed,288
46028,Rigid,3128504,3128504,3128506,0,2,2,completed,1
46029,Rigid,3128504,3128506,3128525,2,19,21,completed,1
46030,Rigid,3128504,3128506,3128512,2,6,8,completed,1
46031,Rigid,3128504,3128506,3128512,2,6,8,completed,1
46032,Rigid,3128504,3128506,3128507,2,1,3,completed,1
46033,Rigid,3128516,3128516,3172725,0,44209,44209,completed,36
46034,Rigid,3128531,3128535,3218105,4,89570,89574,completed,36
46035,Rigid,3128548,3128549,3174158,1,45609,45610,completed,36
46036,Rigid,3128645,3128645,3128647,0,2,2,completed,1
46037,Rigid,3128649,3128649,3281767,0,153118,153118,completed,36
46038,Rigid,3128652,3128655,3128656,3,1,4,completed,1
46039,Rigid,3128652,3128655,3128656,3,1,4,completed,1
46040,Rigid,3128652,3128655,3128657,3,2,5,completed,1
46041,Rigid,3128652,3128655,3128656,3,1,4,completed,1
46042,Rigid,3128652,3128655,3128657,3,2,5,completed,1
46043,Rigid,3128652,3128655,3128656,3,1,4,completed,1
46044,Rigid,3128652,3128655,3128656,3,1,4,completed,1
46045,Rigid,3128653,3128655,3128657,2,2,4,completed,1
46046,Rigid,3128653,3128655,3128657,2,2,4,completed,1
46047,Rigid,3128653,3128655,3128656,2,1,3,completed,1
46048,Rigid,3128653,3128655,3128657,2,2,4,completed,1
46049,Rigid,3128653,3128655,3128657,2,2,4,completed,1
46050,Rigid,3128653,3128655,3128657,2,2,4,completed,1
46051,Rigid,3128653,3128655,3128657,2,2,4,completed,1
46052,Rigid,3128653,3128655,3128657,2,2,4,completed,1
46053,Rigid,3128654,3128655,3128657,1,2,3,completed,1
46054,Rigid,3128654,3128655,3128657,1,2,3,completed,1
46055,Rigid,3128654,3128655,3128657,1,2,3,completed,1
46056,Rigid,3128654,3128655,3128657,1,2,3,completed,1
46057,Rigid,3128654,3128655,3128657,1,2,3,completed,1
46058,Rigid,3128654,3128655,3128657,1,2,3,completed,1
46059,Rigid,3128654,3128655,3128657,1,2,3,completed,1
46060,Rigid,3128654,3128655,3128657,1,2,3,completed,1
46061,Rigid,3128655,3128655,3128657,0,2,2,completed,1
46062,Rigid,3128655,3128655,3128657,0,2,2,completed,1
46063,Rigid,3128655,3128655,3128657,0,2,2,completed,1
46064,Rigid,3128655,3128655,3128657,0,2,2,completed,1
46065,Rigid,3128655,3128655,3128657,0,2,2,completed,1
46066,Rigid,3128655,3128655,3128657,0,2,2,completed,1
46067,Rigid,3128655,3128656,3128657,1,1,2,completed,1
46068,Rigid,3128655,3128656,3128657,1,1,2,completed,1
46069,Rigid,3128655,3128656,3128657,1,1,2,completed,1
46070,Rigid,3128656,3128658,3128659,2,1,3,completed,1
46071,Rigid,3128656,3128658,3128659,2,1,3,completed,1
46072,Rigid,3128656,3128658,3128659,2,1,3,completed,1
46073,Rigid,3128656,3128658,3128659,2,1,3,completed,1
46074,Rigid,3128656,3128658,3128659,2,1,3,completed,1
46075,Rigid,3128656,3128658,3128659,2,1,3,completed,1
46076,Rigid,3128656,3128658,3128659,2,1,3,completed,1
46077,Rigid,3128656,3128658,3128659,2,1,3,completed,1
46078,Rigid,3128656,3128658,3128659,2,1,3,completed,1
46079,Rigid,3128656,3128658,3128659,2,1,3,completed,1
46080,Rigid,3128657,3128658,3128659,1,1,2,completed,1
46081,Rigid,3128657,3128658,3128659,1,1,2,completed,1
46082,Rigid,3128657,3128658,3128659,1,1,2,completed,1
46083,Rigid,3128657,3128658,3128659,1,1,2,completed,1
46084,Rigid,3128657,3128658,3128659,1,1,2,completed,1
46085,Rigid,3128657,3128658,3128659,1,1,2,completed,1
46086,Rigid,3128657,3128658,3128659,1,1,2,completed,1
46087,Rigid,3128657,3128658,3128659,1,1,2,completed,1
46088,Rigid,3128657,3128658,3128659,1,1,2,completed,1
46089,Rigid,3128658,3128658,3128659,0,1,1,completed,1
46090,Rigid,3128658,3128658,3128659,0,1,1,completed,1
46091,Rigid,3128658,3128658,3128659,0,1,1,completed,1
46092,Rigid,3128658,3128658,3128659,0,1,1,completed,1
46093,Rigid,3128658,3128658,3128659,0,1,1,completed,1
46094,Rigid,3128658,3128658,3128659,0,1,1,completed,1
46095,Rigid,3128658,3128658,3128659,0,1,1,completed,1
46096,Rigid,3128658,3128658,3128659,0,1,1,completed,1
46097,Rigid,3128658,3128658,3128659,0,1,1,completed,1
46098,Rigid,3128659,3128659,3128661,0,2,2,completed,1
46099,Rigid,3128659,3128659,3128661,0,2,2,completed,1
46100,Rigid,3128659,3128659,3128661,0,2,2,completed,1
46101,Rigid,3128659,3128659,3128661,0,2,2,completed,1
46102,Rigid,3128659,3128659,3128661,0,2,2,completed,1
46103,Rigid,3128659,3128659,3128661,0,2,2,completed,1
46104,Rigid,3128659,3128659,3128661,0,2,2,completed,1
46105,Rigid,3128659,3128659,3128661,0,2,2,completed,1
46106,Rigid,3128659,3128661,3128663,2,2,4,completed,1
46107,Rigid,3128659,3128661,3128662,2,1,3,completed,1
46108,Rigid,3128660,3128661,3128662,1,1,2,completed,1
46109,Rigid,3128660,3128661,3128662,1,1,2,completed,1
46110,Rigid,3128660,3128661,3128662,1,1,2,completed,1
46111,Rigid,3128660,3128661,3128662,1,1,2,completed,1
46112,Rigid,3128660,3128661,3128662,1,1,2,completed,1
46113,Rigid,3128660,3128661,3128662,1,1,2,completed,1
46114,Rigid,3128660,3128661,3128662,1,1,2,completed,1
46115,Rigid,3128660,3128661,3128663,1,2,3,completed,1
46116,Rigid,3128660,3128661,3128662,1,1,2,completed,1
46117,Rigid,3128661,3128661,3128663,0,2,2,completed,1
46118,Rigid,3128661,3128661,3128663,0,2,2,completed,1
46119,Rigid,3128661,3128661,3128662,0,1,1,completed,1
46120,Rigid,3128661,3128661,3128662,0,1,1,completed,1
46121,Rigid,3128661,3128661,3128662,0,1,1,completed,1
46122,Rigid,3128661,3128661,3128663,0,2,2,completed,1
46123,Rigid,3128661,3128661,3128663,0,2,2,completed,1
46124,Rigid,3128661,3128662,3128663,1,1,2,completed,1
46125,Rigid,3128662,3128662,3128663,0,1,1,completed,1
46126,Rigid,3128662,3128662,3128663,0,1,1,completed,1
46127,Rigid,3128662,3128662,3128663,0,1,1,completed,1
46128,Rigid,3128662,3128662,3128663,0,1,1,completed,1
46129,Rigid,3128662,3128662,3128663,0,1,1,completed,1
46130,Rigid,3128662,3128663,3128664,1,1,2,completed,1
46131,Rigid,3128662,3128663,3128664,1,1,2,completed,1
46132,Rigid,3128662,3128663,3128664,1,1,2,completed,1
46133,Rigid,3128662,3128663,3128664,1,1,2,completed,1
46134,Rigid,3128663,3128663,3128664,0,1,1,completed,1
46135,Rigid,3128663,3128664,3128665,1,1,2,completed,1
46136,Rigid,3128663,3128664,3128665,1,1,2,completed,1
46137,Rigid,3128663,3128664,3128665,1,1,2,completed,1
46138,Rigid,3128663,3128664,3128665,1,1,2,completed,1
46139,Rigid,3128663,3128664,3128665,1,1,2,completed,1
46140,Rigid,3128663,3128664,3128665,1,1,2,completed,1
46141,Rigid,3128663,3128664,3128665,1,1,2,completed,1
46142,Rigid,3128664,3128664,3128665,0,1,1,completed,1
46143,Rigid,3128664,3128664,3128665,0,1,1,completed,1
46144,Rigid,3128664,3128664,3128665,0,1,1,completed,1
46145,Rigid,3128664,3128664,3128665,0,1,1,completed,1
46146,Rigid,3128664,3128664,3128665,0,1,1,completed,1
46147,Rigid,3128664,3128664,3128665,0,1,1,completed,1
46148,Rigid,3128664,3128664,3128665,0,1,1,completed,1
46149,Rigid,3128664,3128664,3128665,0,1,1,completed,1
46150,Rigid,3128664,3128664,3128665,0,1,1,completed,1
46151,Rigid,3128664,3128664,3128665,0,1,1,completed,1
46152,Rigid,3128665,3128665,3128667,0,2,2,completed,1
46153,Rigid,3128665,3128665,3128667,0,2,2,completed,1
46154,Rigid,3128665,3128665,3128667,0,2,2,completed,1
46155,Rigid,3128665,3128665,3128667,0,2,2,completed,1
46156,Rigid,3128665,3128665,3128667,0,2,2,completed,1
46157,Rigid,3128665,3128665,3128667,0,2,2,completed,1
46158,Rigid,3128665,3128665,3128667,0,2,2,completed,1
46159,Rigid,3128665,3128665,3128667,0,2,2,completed,1
46160,Rigid,3128665,3128666,3128667,1,1,2,completed,1
46161,Rigid,3128665,3128666,3128667,1,1,2,completed,1
46162,Rigid,3128666,3128666,3128667,0,1,1,completed,1
46163,Rigid,3128666,3128666,3128667,0,1,1,completed,1
46164,Rigid,3128666,3128666,3128667,0,1,1,completed,1
46165,Rigid,3128666,3128666,3128667,0,1,1,completed,1
46166,Rigid,3128666,3128666,3128667,0,1,1,completed,1
46167,Rigid,3128666,3128666,3128667,0,1,1,completed,1
46168,Rigid,3128666,3128666,3128667,0,1,1,completed,1
46169,Rigid,3128666,3128667,3128668,1,1,2,completed,1
46170,Rigid,3128667,3128667,3128668,0,1,1,completed,1
46171,Rigid,3128667,3128667,3128668,0,1,1,completed,1
46172,Rigid,3128667,3128667,3128668,0,1,1,completed,1
46173,Rigid,3128667,3128668,3128669,1,1,2,completed,1
46174,Rigid,3128667,3128668,3128669,1,1,2,completed,1
46175,Rigid,3128667,3128668,3128669,1,1,2,completed,1
46176,Rigid,3128667,3128668,3128669,1,1,2,completed,1
46177,Rigid,3128667,3128668,3128669,1,1,2,completed,1
46178,Rigid,3128667,3128668,3128669,1,1,2,completed,1
46179,Rigid,3128667,3128668,3128669,1,1,2,completed,1
46180,Rigid,3128668,3128668,3128669,0,1,1,completed,1
46181,Rigid,3128668,3128668,3128669,0,1,1,completed,1
46182,Rigid,3128668,3128668,3128669,0,1,1,completed,1
46183,Rigid,3128668,3128669,3128670,1,1,2,completed,1
46184,Rigid,3128668,3128669,3128670,1,1,2,completed,1
46185,Rigid,3128669,3128669,3128670,0,1,1,completed,1
46186,Rigid,3128669,3128669,3128670,0,1,1,completed,1
46187,Rigid,3128669,3128669,3128670,0,1,1,completed,1
46188,Rigid,3128669,3128669,3128670,0,1,1,completed,1
46189,Rigid,3128669,3128669,3128670,0,1,1,completed,1
46190,Rigid,3128669,3128669,3128670,0,1,1,completed,1
46191,Rigid,3128669,3128669,3128670,0,1,1,completed,1
46192,Rigid,3128669,3128671,3128672,2,1,3,completed,1
46193,Rigid,3128669,3128671,3128672,2,1,3,completed,1
46194,Rigid,3128670,3128671,3128672,1,1,2,completed,1
46195,Rigid,3128670,3128671,3128672,1,1,2,completed,1
46196,Rigid,3128670,3128671,3128672,1,1,2,completed,1
46197,Rigid,3128670,3128671,3128672,1,1,2,completed,1
46198,Rigid,3128670,3128671,3128672,1,1,2,completed,1
46199,Rigid,3128670,3128671,3128672,1,1,2,completed,1
46200,Rigid,3128670,3128671,3128672,1,1,2,completed,1
46201,Rigid,3128670,3128671,3128672,1,1,2,completed,1
46202,Rigid,3128670,3128671,3128672,1,1,2,completed,1
46203,Rigid,3128670,3128671,3128672,1,1,2,completed,1
46204,Rigid,3128671,3128671,3128672,0,1,1,completed,1
46205,Rigid,3128671,3128671,3128672,0,1,1,completed,1
46206,Rigid,3128671,3128671,3128672,0,1,1,completed,1
46207,Rigid,3128671,3128671,3128672,0,1,1,completed,1
46208,Rigid,3128671,3128671,3128672,0,1,1,completed,1
46209,Rigid,3128671,3128671,3128672,0,1,1,completed,1
46210,Rigid,3128671,3128671,3128672,0,1,1,completed,1
46211,Rigid,3128671,3128671,3128672,0,1,1,completed,1
46212,Rigid,3128671,3128671,3128672,0,1,1,completed,1
46213,Rigid,3128671,3128671,3128672,0,1,1,completed,1
46214,Rigid,3128672,3128673,3128674,1,1,2,completed,1
46215,Rigid,3128672,3128673,3128674,1,1,2,completed,1
46216,Rigid,3128672,3128673,3128674,1,1,2,completed,1
46217,Rigid,3128672,3128673,3128675,1,2,3,completed,1
46218,Rigid,3128672,3128673,3128674,1,1,2,completed,1
46219,Rigid,3128672,3128673,3128675,1,2,3,completed,1
46220,Rigid,3128672,3128673,3128675,1,2,3,completed,1
46221,Rigid,3128673,3128673,3128674,0,1,1,completed,1
46222,Rigid,3128673,3128673,3128675,0,2,2,completed,1
46223,Rigid,3128673,3128673,3128675,0,2,2,completed,1
46224,Rigid,3128673,3128673,3128675,0,2,2,completed,1
46225,Rigid,3128673,3128673,3128675,0,2,2,completed,1
46226,Rigid,3128673,3128673,3128675,0,2,2,completed,1
46227,Rigid,3128673,3128673,3128675,0,2,2,completed,1
46228,Rigid,3128682,3128682,3128683,0,1,1,completed,1
46229,Rigid,3128682,3128682,3128683,0,1,1,completed,1
46230,Rigid,3128682,3128682,3128683,0,1,1,completed,1
46231,Rigid,3128682,3128682,3128683,0,1,1,completed,1
46232,Rigid,3128682,3128682,3128683,0,1,1,completed,1
46233,Rigid,3128682,3128682,3128683,0,1,1,completed,1
46234,Rigid,3128682,3128682,3128683,0,1,1,completed,1
46235,Rigid,3128682,3128682,3128683,0,1,1,completed,1
46236,Rigid,3128682,3128682,3128683,0,1,1,completed,1
46237,Rigid,3128682,3128682,3128683,0,1,1,completed,1
46238,Rigid,3128683,3128684,3128685,1,1,2,completed,1
46239,Rigid,3128683,3128684,3128685,1,1,2,completed,1
46240,Rigid,3128683,3128684,3128685,1,1,2,completed,1
46241,Rigid,3128683,3128684,3128685,1,1,2,completed,1
46242,Rigid,3128683,3128684,3128685,1,1,2,completed,1
46243,Rigid,3128683,3128684,3128685,1,1,2,completed,1
46244,Rigid,3128683,3128684,3128685,1,1,2,completed,1
46245,Rigid,3128683,3128684,3128685,1,1,2,completed,1
46246,Rigid,3128683,3128684,3128685,1,1,2,completed,1
46247,Rigid,3128683,3128684,3128685,1,1,2,completed,1
46248,Rigid,3128685,3128685,3128686,0,1,1,completed,1
46249,Rigid,3128685,3128686,3128687,1,1,2,completed,1
46250,Rigid,3128685,3128686,3128687,1,1,2,completed,1
46251,Rigid,3128685,3128686,3128687,1,1,2,completed,1
46252,Rigid,3128685,3128686,3128687,1,1,2,completed,1
46253,Rigid,3128685,3128686,3128687,1,1,2,completed,1
46254,Rigid,3128685,3128686,3128687,1,1,2,completed,1
46255,Rigid,3128685,3128686,3128687,1,1,2,completed,1
46256,Rigid,3128685,3128686,3128687,1,1,2,completed,1
46257,Rigid,3128686,3128686,3128687,0,1,1,completed,1
46258,Rigid,3128686,3128686,3128687,0,1,1,completed,1
46259,Rigid,3128686,3128686,3128687,0,1,1,completed,1
46260,Rigid,3128686,3128686,3128687,0,1,1,completed,1
46261,Rigid,3128686,3128686,3128687,0,1,1,completed,1
46262,Rigid,3128686,3128686,3128687,0,1,1,completed,1
46263,Rigid,3128686,3128686,3128687,0,1,1,completed,1
46264,Rigid,3128686,3128686,3128687,0,1,1,completed,1
46265,Rigid,3128686,3128686,3128687,0,1,1,completed,1
46266,Rigid,3128686,3128687,3128688,1,1,2,completed,1
46267,Rigid,3128687,3128687,3128688,0,1,1,completed,1
46268,Rigid,3128687,3128687,3128688,0,1,1,completed,1
46269,Rigid,3128687,3128687,3128688,0,1,1,completed,1
46270,Rigid,3128687,3128687,3128688,0,1,1,completed,1
46271,Rigid,3128687,3128687,3128688,0,1,1,completed,1
46272,Rigid,3128687,3128687,3128688,0,1,1,completed,1
46273,Rigid,3128687,3128687,3128688,0,1,1,completed,1
46274,Rigid,3128687,3128687,3128688,0,1,1,completed,1
46275,Rigid,3128687,3128688,3128689,1,1,2,completed,1
46276,Rigid,3128687,3128688,3128689,1,1,2,completed,1
46277,Rigid,3128688,3128688,3128689,0,1,1,completed,1
46278,Rigid,3128688,3128688,3128689,0,1,1,completed,1
46279,Rigid,3128688,3128688,3128689,0,1,1,completed,1
46280,Rigid,3128688,3128688,3128689,0,1,1,completed,1
46281,Rigid,3128688,3128688,3128689,0,1,1,completed,1
46282,Rigid,3128688,3128688,3128689,0,1,1,completed,1
46283,Rigid,3128688,3128688,3128689,0,1,1,completed,1
46284,Rigid,3128688,3128688,3128689,0,1,1,completed,1
46285,Rigid,3128688,3128688,3128689,0,1,1,completed,1
46286,Rigid,3128688,3128688,3128689,0,1,1,completed,1
46287,Rigid,3128689,3128689,3128690,0,1,1,completed,1
46288,Rigid,3128689,3128689,3128690,0,1,1,completed,1
46289,Rigid,3128689,3128689,3128690,0,1,1,completed,1
46290,Rigid,3128689,3128689,3128690,0,1,1,completed,1
46291,Rigid,3128689,3128689,3128690,0,1,1,completed,1
46292,Rigid,3128689,3128689,3128690,0,1,1,completed,1
46293,Rigid,3128689,3128689,3128690,0,1,1,completed,1
46294,Rigid,3128689,3128689,3128690,0,1,1,completed,1
46295,Rigid,3128689,3128689,3128690,0,1,1,completed,1
46296,Rigid,3128689,3128689,3128690,0,1,1,completed,1
46297,Rigid,3128690,3128690,3128691,0,1,1,completed,1
46298,Rigid,3128690,3128690,3128691,0,1,1,completed,1
46299,Rigid,3128690,3128690,3128691,0,1,1,completed,1
46300,Rigid,3128690,3128690,3128691,0,1,1,completed,1
46301,Rigid,3128690,3128690,3128691,0,1,1,completed,1
46302,Rigid,3128690,3128690,3128691,0,1,1,completed,1
46303,Rigid,3128690,3128690,3128691,0,1,1,completed,1
46304,Rigid,3128690,3128690,3128691,0,1,1,completed,1
46305,Rigid,3128690,3128691,3128692,1,1,2,completed,1
46306,Rigid,3128691,3128691,3128692,0,1,1,completed,1
46307,Rigid,3128691,3128691,3128692,0,1,1,completed,1
46308,Rigid,3128691,3128691,3128692,0,1,1,completed,1
46309,Rigid,3128691,3128692,3128693,1,1,2,completed,1
46310,Rigid,3128691,3128692,3128693,1,1,2,completed,1
46311,Rigid,3128691,3128692,3128693,1,1,2,completed,1
46312,Rigid,3128691,3128692,3128693,1,1,2,completed,1
46313,Rigid,3128692,3128692,3128693,0,1,1,completed,1
46314,Rigid,3128692,3128692,3128693,0,1,1,completed,1
46315,Rigid,3128692,3128692,3128693,0,1,1,completed,1
46316,Rigid,3128692,3128693,3128694,1,1,2,completed,1
46317,Rigid,3128692,3128693,3128694,1,1,2,completed,1
46318,Rigid,3128692,3128693,3128694,1,1,2,completed,1
46319,Rigid,3128692,3128693,3128754,1,61,62,completed,2
46320,Rigid,3128692,3128693,3128694,1,1,2,completed,1
46321,Rigid,3128692,3128693,3128694,1,1,2,completed,1
46322,Rigid,3128693,3128693,3128694,0,1,1,completed,1
46323,Rigid,3128693,3128693,3128694,0,1,1,completed,1
46324,Rigid,3128693,3128693,3128694,0,1,1,completed,1
46325,Rigid,3128693,3128693,3128694,0,1,1,completed,1
46326,Rigid,3128702,3128702,3128834,0,132,132,completed,1
46327,Rigid,3128702,3128702,3128757,0,55,55,completed,2
46328,Rigid,3128702,3128702,3129435,0,733,733,completed,2
46329,Rigid,3128702,3128702,3128713,0,11,11,completed,1
46330,Rigid,3128702,3128702,3128712,0,10,10,completed,2
46331,Rigid,3128702,3128702,3128712,0,10,10,completed,2
46332,Rigid,3128702,3128702,3128867,0,165,165,completed,2
46333,Rigid,3128702,3128702,3128712,0,10,10,completed,2
46334,Rigid,3128702,3128702,3128712,0,10,10,completed,2
46335,Rigid,3128702,3128702,3128712,0,10,10,completed,2
46336,Rigid,3128703,3128706,3128715,3,9,12,completed,2
46337,Rigid,3128703,3128706,3128715,3,9,12,completed,2
46338,Rigid,3128703,3128706,3128715,3,9,12,completed,2
46339,Rigid,3128703,3128706,3128715,3,9,12,completed,2
46340,Rigid,3128703,3128706,3128715,3,9,12,completed,2
46341,Rigid,3128703,3128706,3128715,3,9,12,completed,2
46342,Rigid,3128703,3128706,3128715,3,9,12,completed,2
46343,Rigid,3128703,3128706,3128715,3,9,12,completed,2
46344,Rigid,3128704,3128706,3128715,2,9,11,completed,2
46345,Rigid,3128704,3128706,3128716,2,10,12,completed,2
46346,Rigid,3128704,3128706,3128794,2,88,90,completed,36
46347,Rigid,3128704,3128706,3128715,2,9,11,completed,2
46348,Rigid,3128704,3128706,3128715,2,9,11,completed,2
46349,Rigid,3128705,3128706,3128715,1,9,10,completed,2
46350,Rigid,3128705,3128706,3128715,1,9,10,completed,2
46351,Rigid,3128705,3128706,3128715,1,9,10,completed,2
46352,Rigid,3128705,3128706,3128715,1,9,10,completed,2
46353,Rigid,3128705,3128706,3128715,1,9,10,completed,2
46354,Rigid,3128705,3128706,3128715,1,9,10,completed,2
46355,Rigid,3128705,3128706,3128715,1,9,10,completed,2
46356,Rigid,3128705,3128706,3128715,1,9,10,completed,2
46357,Rigid,3128705,3128706,3128715,1,9,10,completed,2
46358,Rigid,3128706,3128706,3128715,0,9,9,completed,2
46359,Rigid,3128706,3128706,3128715,0,9,9,completed,2
46360,Rigid,3128706,3128706,3128715,0,9,9,completed,2
46361,Rigid,3128706,3128706,3128715,0,9,9,completed,2
46362,Rigid,3128706,3128706,3128715,0,9,9,completed,2
46363,Rigid,3128706,3128706,3128716,0,10,10,completed,2
46364,Rigid,3128706,3128706,3128716,0,10,10,completed,2
46365,Rigid,3128706,3128706,3128716,0,10,10,completed,2
46366,Rigid,3128706,3128706,3128716,0,10,10,completed,2
46367,Rigid,3128706,3128709,3128717,3,8,11,completed,2
46368,Rigid,3128707,3128709,3128717,2,8,10,completed,2
46369,Rigid,3128707,3128709,3128717,2,8,10,completed,2
46370,Rigid,3128707,3128709,3128717,2,8,10,completed,2
46371,Rigid,3128707,3128709,3128717,2,8,10,completed,2
46372,Rigid,3128707,3128709,3128717,2,8,10,completed,2
46373,Rigid,3128707,3128709,3128717,2,8,10,completed,2
46374,Rigid,3128707,3128709,3128717,2,8,10,completed,2
46375,Rigid,3128707,3128709,3128717,2,8,10,completed,2
46376,Rigid,3128707,3128709,3128717,2,8,10,completed,2
46377,Rigid,3128708,3128709,3128833,1,124,125,completed,2
46378,Rigid,3128708,3128709,3128717,1,8,9,completed,2
46379,Rigid,3128708,3128709,3128717,1,8,9,completed,2
46380,Rigid,3128708,3128709,3128717,1,8,9,completed,2
46381,Rigid,3128708,3128709,3128718,1,9,10,completed,2
46382,Rigid,3128708,3128709,3128718,1,9,10,completed,2
46383,Rigid,3128708,3128709,3128718,1,9,10,completed,2
46384,Rigid,3128708,3128709,3128718,1,9,10,completed,2
46385,Rigid,3128708,3128709,3128716,1,7,8,completed,1
46386,Rigid,3128708,3128709,3128718,1,9,10,completed,2
46387,Rigid,3128709,3128709,3128718,0,9,9,completed,2
46388,Rigid,3128709,3128709,3128718,0,9,9,completed,2
46389,Rigid,3128709,3128709,3128718,0,9,9,completed,2
46390,Rigid,3128709,3128709,3128718,0,9,9,completed,2
46391,Rigid,3128709,3128710,3128718,1,8,9,completed,2
46392,Rigid,3128709,3128711,3128834,2,123,125,completed,2
46393,Rigid,3128709,3128711,3128718,2,7,9,completed,2
46394,Rigid,3128709,3128711,3128718,2,7,9,completed,2
46395,Rigid,3128710,3128711,3128718,1,7,8,completed,2
46396,Rigid,3128710,3128711,3128717,1,6,7,completed,1
46397,Rigid,3128710,3128711,3128718,1,7,8,completed,2
46398,Rigid,3128710,3128711,3128718,1,7,8,completed,2
46399,Rigid,3128710,3128711,3128718,1,7,8,completed,2
46400,Rigid,3128710,3128711,3128717,1,6,7,completed,1
46401,Rigid,3128710,3128711,3128719,1,8,9,completed,2
46402,Rigid,3128710,3128711,3128719,1,8,9,completed,2
46403,Rigid,3128711,3128712,3128719,1,7,8,completed,2
46404,Rigid,3128711,3128712,3128719,1,7,8,completed,2
46405,Rigid,3128711,3128712,3128720,1,8,9,completed,2
46406,Rigid,3128711,3128712,3128833,1,121,122,completed,2
46407,Rigid,3128711,3128712,3128834,1,122,123,completed,2
46408,Rigid,3128711,3128712,3128720,1,8,9,completed,2
46409,Rigid,3128711,3128712,3128720,1,8,9,completed,2
46410,Rigid,3128711,3128712,3128719,1,7,8,completed,2
46411,Rigid,3128711,3128712,3128720,1,8,9,completed,2
46412,Rigid,3128711,3128712,3128718,1,6,7,completed,1
46413,Rigid,3128712,3128714,3128722,2,8,10,completed,2
46414,Rigid,3128712,3128714,3128722,2,8,10,completed,2
46415,Rigid,3128712,3128714,3128722,2,8,10,completed,2
46416,Rigid,3128712,3128714,3128722,2,8,10,completed,2
46417,Rigid,3128712,3128714,3128722,2,8,10,completed,2
46418,Rigid,3128712,3128714,3128722,2,8,10,completed,2
46419,Rigid,3128712,3128714,3128723,2,9,11,completed,2
46420,Rigid,3128712,3128714,3128834,2,120,122,completed,2
46421,Rigid,3128712,3128714,3128833,2,119,121,completed,2
46422,Rigid,3128712,3128714,3128723,2,9,11,completed,2
46423,Rigid,3128713,3128714,3128721,1,7,8,completed,1
46424,Rigid,3128713,3128714,3128723,1,9,10,completed,2
46425,Rigid,3128713,3128714,3128720,1,6,7,completed,1
46426,Rigid,3128719,3128719,3128794,0,75,75,completed,36
46427,Rigid,3128722,3128723,3128732,1,9,10,completed,2
46428,Rigid,3128722,3128723,3128732,1,9,10,completed,2
46429,Rigid,3128722,3128723,3128732,1,9,10,completed,2
46430,Rigid,3128722,3128723,3128732,1,9,10,completed,2
46431,Rigid,3128722,3128723,3128732,1,9,10,completed,2
46432,Rigid,3128722,3128723,3128732,1,9,10,completed,2
46433,Rigid,3128723,3128723,3128732,0,9,9,completed,2
46434,Rigid,3128723,3128723,3128732,0,9,9,completed,2
46435,Rigid,3128723,3128723,3128732,0,9,9,completed,2
46436,Rigid,3128723,3128723,3128732,0,9,9,completed,2
46437,Rigid,3128723,3128723,3128732,0,9,9,completed,2
46438,Rigid,3128723,3128723,3128732,0,9,9,completed,2
46439,Rigid,3128723,3128723,3128732,0,9,9,completed,2
46440,Rigid,3128723,3128723,3128732,0,9,9,completed,2
46441,Rigid,3128723,3128723,3128732,0,9,9,completed,2
46442,Rigid,3128724,3128724,3128833,0,109,109,completed,2
46443,Rigid,3128725,3128728,3128738,3,10,13,completed,2
46444,Rigid,3128725,3128728,3128834,3,106,109,completed,2
46445,Rigid,3128725,3128728,3128734,3,6,9,completed,1
46446,Rigid,3128725,3128728,3128738,3,10,13,completed,2
46447,Rigid,3128725,3128728,3128738,3,10,13,completed,2
46448,Rigid,3128725,3128728,3128738,3,10,13,completed,2
46449,Rigid,3128725,3128728,3128738,3,10,13,completed,2
46450,Rigid,3128725,3128728,3128734,3,6,9,completed,1
46451,Rigid,3128725,3128728,3128734,3,6,9,completed,1
46452,Rigid,3128725,3128728,3128738,3,10,13,completed,2
46453,Rigid,3128726,3128728,3128738,2,10,12,completed,2
46454,Rigid,3128726,3128728,3128734,2,6,8,completed,1
46455,Rigid,3128726,3128728,3128833,2,105,107,completed,2
46456,Rigid,3128726,3128728,3128738,2,10,12,completed,2
46457,Rigid,3128726,3128728,3128833,2,105,107,completed,2
46458,Rigid,3128726,3128728,3128734,2,6,8,completed,1
46459,Rigid,3128726,3128728,3128734,2,6,8,completed,1
46460,Rigid,3128726,3128728,3128738,2,10,12,completed,2
46461,Rigid,3128726,3128728,3128833,2,105,107,completed,2
46462,Rigid,3128726,3128728,3128833,2,105,107,completed,2
46463,Rigid,3128727,3128728,3128833,1,105,106,completed,2
46464,Rigid,3128727,3128728,3128737,1,9,10,completed,2
46465,Rigid,3128727,3128728,3128737,1,9,10,completed,2
46466,Rigid,3128727,3128728,3128734,1,6,7,completed,1
46467,Rigid,3128727,3128728,3128737,1,9,10,completed,2
46468,Rigid,3128727,3128728,3128737,1,9,10,completed,2
46469,Rigid,3128727,3128728,3128737,1,9,10,completed,2
46470,Rigid,3128727,3128728,3128737,1,9,10,completed,2
46471,Rigid,3128727,3128728,3128737,1,9,10,completed,2
46472,Rigid,3128727,3128728,3128737,1,9,10,completed,2
46473,Rigid,3128728,3128730,3128833,2,103,105,completed,2
46474,Rigid,3128728,3128730,3128741,2,11,13,completed,2
46475,Rigid,3128728,3128730,3128833,2,103,105,completed,2
46476,Rigid,3128728,3128730,3128737,2,7,9,completed,1
46477,Rigid,3128728,3128730,3128833,2,103,105,completed,2
46478,Rigid,3128728,3128730,3128740,2,10,12,completed,2
46479,Rigid,3128728,3128730,3128740,2,10,12,completed,2
46480,Rigid,3128728,3128730,3128740,2,10,12,completed,2
46481,Rigid,3128728,3128730,3128737,2,7,9,completed,1
46482,Rigid,3128728,3128730,3128736,2,6,8,completed,1
46483,Rigid,3128729,3128730,3128740,1,10,11,completed,2
46484,Rigid,3128729,3128730,3128740,1,10,11,completed,2
46485,Rigid,3128729,3128730,3128736,1,6,7,completed,1
46486,Rigid,3128729,3128730,3128740,1,10,11,completed,2
46487,Rigid,3128729,3128730,3128833,1,103,104,completed,2
46488,Rigid,3128729,3128730,3128736,1,6,7,completed,1
46489,Rigid,3128729,3128730,3128740,1,10,11,completed,2
46490,Rigid,3128729,3128730,3128740,1,10,11,completed,2
46491,Rigid,3128729,3128730,3128833,1,103,104,completed,2
46492,Rigid,3128729,3128730,3128736,1,6,7,completed,1
46493,Rigid,3128730,3128730,3128740,0,10,10,completed,2
46494,Rigid,3128730,3128730,3128740,0,10,10,completed,2
46495,Rigid,3128730,3128732,3128740,2,8,10,completed,2
46496,Rigid,3128730,3128732,3128739,2,7,9,completed,2
46497,Rigid,3128731,3128732,3128834,1,102,103,completed,2
46498,Rigid,3128731,3128732,3128833,1,101,102,completed,2
46499,Rigid,3128731,3128732,3128740,1,8,9,completed,2
46500,Rigid,3128731,3128732,3128737,1,5,6,completed,1
46501,Rigid,3128731,3128732,3287693,1,158961,158962,completed,36
46502,Rigid,3128731,3128732,3128833,1,101,102,completed,2
46503,Rigid,3128731,3128732,3128740,1,8,9,completed,2
46504,Rigid,3128731,3128732,3128738,1,6,7,completed,1
46505,Rigid,3128731,3128732,3128737,1,5,6,completed,1
46506,Rigid,3128731,3128732,3128740,1,8,9,completed,2
46507,Rigid,3128732,3128732,3128833,0,101,101,completed,2
46508,Rigid,3128732,3128732,3128740,0,8,8,completed,2
46509,Rigid,3128732,3128734,3128739,2,5,7,completed,1
46510,Rigid,3128732,3128734,3128741,2,7,9,completed,2
46511,Rigid,3128732,3128734,3128741,2,7,9,completed,2
46512,Rigid,3128732,3128734,3128741,2,7,9,completed,2
46513,Rigid,3128732,3128734,3128739,2,5,7,completed,1
46514,Rigid,3128732,3128734,3128741,2,7,9,completed,2
46515,Rigid,3128732,3128734,3128841,2,107,109,completed,2
46516,Rigid,3128732,3128734,3128743,2,9,11,completed,2
46517,Rigid,3128742,3128743,3128839,1,96,97,completed,2
46518,Rigid,3128742,3128743,3128748,1,5,6,completed,1
46519,Rigid,3128742,3128743,3128751,1,8,9,completed,2
46520,Rigid,3128743,3128743,3128839,0,96,96,completed,2
46521,Rigid,3128743,3128743,3128751,0,8,8,completed,2
46522,Rigid,3128743,3128743,3128748,0,5,5,completed,1
46523,Rigid,3128743,3128743,3128751,0,8,8,completed,2
46524,Rigid,3128743,3128743,3128751,0,8,8,completed,2
46525,Rigid,3128743,3128743,3128840,0,97,97,completed,2
46526,Rigid,3128743,3128743,3128752,0,9,9,completed,2
46527,Rigid,3128744,3128744,3128752,0,8,8,completed,2
46528,Rigid,3128744,3128744,3128749,0,5,5,completed,1
46529,Rigid,3128744,3128744,3128749,0,5,5,completed,1
46530,Rigid,3128744,3128744,3128749,0,5,5,completed,1
46531,Rigid,3128744,3128744,3128753,0,9,9,completed,2
46532,Rigid,3128744,3128744,3128839,0,95,95,completed,2
46533,Rigid,3128744,3128744,3128839,0,95,95,completed,2
46534,Rigid,3128744,3128744,3128753,0,9,9,completed,2
46535,Rigid,3128744,3128746,3128840,2,94,96,completed,2
46536,Rigid,3128745,3128746,3128755,1,9,10,completed,2
46537,Rigid,3128745,3128746,3128755,1,9,10,completed,2
46538,Rigid,3128745,3128746,3128751,1,5,6,completed,1
46539,Rigid,3128745,3128746,3128755,1,9,10,completed,2
46540,Rigid,3128745,3128746,3128840,1,94,95,completed,2
46541,Rigid,3128745,3128746,3128755,1,9,10,completed,2
46542,Rigid,3128745,3128746,3128840,1,94,95,completed,2
46543,Rigid,3128745,3128746,3128751,1,5,6,completed,1
46544,Rigid,3128746,3128746,3128755,0,9,9,completed,2
46545,Rigid,3128746,3128746,3128755,0,9,9,completed,2
46546,Rigid,3128746,3128746,3128840,0,94,94,completed,2
46547,Rigid,3128746,3128747,3128841,1,94,95,completed,2
46548,Rigid,3128746,3128747,3128757,1,10,11,completed,2
46549,Rigid,3128746,3128747,3128752,1,5,6,completed,1
46550,Rigid,3128746,3128747,3128755,1,8,9,completed,2
46551,Rigid,3128747,3128747,3128752,0,5,5,completed,1
46552,Rigid,3128747,3128747,3128755,0,8,8,completed,2
46553,Rigid,3128747,3128747,3128841,0,94,94,completed,2
46554,Rigid,3128747,3128747,3128752,0,5,5,completed,1
46555,Rigid,3128747,3128747,3128755,0,8,8,completed,2
46556,Rigid,3128747,3128747,3128752,0,5,5,completed,1
46557,Rigid,3128747,3128750,3128841,3,91,94,completed,2
46558,Rigid,3128748,3128750,3128755,2,5,7,completed,1
46559,Rigid,3128748,3128750,3128842,2,92,94,completed,2
46560,Rigid,3128748,3128750,3128758,2,8,10,completed,2
46561,Rigid,3128748,3128750,3128755,2,5,7,completed,1
46562,Rigid,3128748,3128750,3128758,2,8,10,completed,2
46563,Rigid,3128748,3128750,3128758,2,8,10,completed,2
46564,Rigid,3128748,3128750,3128839,2,89,91,completed,2
46565,Rigid,3128748,3128750,3128758,2,8,10,completed,2
46566,Rigid,3128748,3128750,3128758,2,8,10,completed,2
46567,Rigid,3128749,3128750,3128838,1,88,89,completed,2
46568,Rigid,3128749,3128750,3128758,1,8,9,completed,2
46569,Rigid,3128749,3128750,3128755,1,5,6,completed,1
46570,Rigid,3128749,3128750,3128758,1,8,9,completed,2
46571,Rigid,3128749,3128750,3128839,1,89,90,completed,2
46572,Rigid,3128749,3128750,3128755,1,5,6,completed,1
46573,Rigid,3128749,3128750,3128755,1,5,6,completed,1
46574,Rigid,3128749,3128750,3128758,1,8,9,completed,2
46575,Rigid,3128750,3128751,3128839,1,88,89,completed,2
46576,Rigid,3128750,3128751,3128759,1,8,9,completed,2
46577,Rigid,3128750,3128751,3128760,1,9,10,completed,2
46578,Rigid,3128750,3128751,3128851,1,100,101,completed,2
46579,Rigid,3128750,3128751,3128756,1,5,6,completed,1
46580,Rigid,3128750,3128751,3128756,1,5,6,completed,1
46581,Rigid,3128750,3128751,3128851,1,100,101,completed,2
46582,Rigid,3128751,3128751,3128759,0,8,8,completed,2
46583,Rigid,3128751,3128751,3128851,0,100,100,completed,2
46584,Rigid,3128751,3128751,3128759,0,8,8,completed,2
46585,Rigid,3128752,3128753,3128758,1,5,6,completed,1
46586,Rigid,3128752,3128753,3128851,1,98,99,completed,2
46587,Rigid,3128752,3128753,3128764,1,11,12,completed,2
46588,Rigid,3128752,3128753,3128757,1,4,5,completed,1
46589,Rigid,3128762,3128763,3128768,1,5,6,completed,1
46590,Rigid,3128763,3128763,3128776,0,13,13,completed,2
46591,Rigid,3128763,3128763,3128775,0,12,12,completed,2
46592,Rigid,3128763,3128763,3128853,0,90,90,completed,2
46593,Rigid,3128763,3128763,3128853,0,90,90,completed,2
46594,Rigid,3128763,3128763,3128769,0,6,6,completed,1
46595,Rigid,3128763,3128763,3128775,0,12,12,completed,2
46596,Rigid,3128763,3128765,3128770,2,5,7,completed,1
46597,Rigid,3128764,3128765,3128852,1,87,88,completed,2
46598,Rigid,3128764,3128765,3128775,1,10,11,completed,2
46599,Rigid,3128764,3128765,3128770,1,5,6,completed,1
46600,Rigid,3128764,3128765,3128852,1,87,88,completed,2
46601,Rigid,3128764,3128765,3128776,1,11,12,completed,2
46602,Rigid,3128764,3128765,3128776,1,11,12,completed,2
46603,Rigid,3128764,3128765,3128852,1,87,88,completed,2
46604,Rigid,3128764,3128765,3128770,1,5,6,completed,1
46605,Rigid,3128765,3128765,3128852,0,87,87,completed,2
46606,Rigid,3128765,3128765,3128776,0,11,11,completed,2
46607,Rigid,3128765,3128765,3128770,0,5,5,completed,1
46608,Rigid,3128765,3128765,3128770,0,5,5,completed,1
46609,Rigid,3128765,3128765,3128853,0,88,88,completed,2
46610,Rigid,3128765,3128767,3128777,2,10,12,completed,2
46611,Rigid,3128766,3128767,3128854,1,87,88,completed,2
46612,Rigid,3128766,3128767,3128777,1,10,11,completed,2
46613,Rigid,3128766,3128767,3128773,1,6,7,completed,1
46614,Rigid,3128766,3128767,3128773,1,6,7,completed,1
46615,Rigid,3128766,3128767,3128854,1,87,88,completed,2
46616,Rigid,3128766,3128767,3128777,1,10,11,completed,2
46617,Rigid,3128766,3128767,3128777,1,10,11,completed,2
46618,Rigid,3128766,3128767,3128854,1,87,88,completed,2
46619,Rigid,3128767,3128767,3128773,0,6,6,completed,1
46620,Rigid,3128767,3128767,3128773,0,6,6,completed,1
46621,Rigid,3128767,3128767,3128854,0,87,87,completed,2
46622,Rigid,3128767,3128767,3128772,0,5,5,completed,1
46623,Rigid,3128767,3128767,3128854,0,87,87,completed,2
46624,Rigid,3128767,3128767,3128777,0,10,10,completed,2
46625,Rigid,3128767,3128770,3128780,3,10,13,completed,2
46626,Rigid,3128768,3128770,3128855,2,85,87,completed,2
46627,Rigid,3128768,3128770,3128780,2,10,12,completed,2
46628,Rigid,3128768,3128770,3128775,2,5,7,completed,1
46629,Rigid,3128768,3128770,3128776,2,6,8,completed,1
46630,Rigid,3128768,3128770,3128854,2,84,86,completed,2
46631,Rigid,3128768,3128770,3128780,2,10,12,completed,2
46632,Rigid,3128768,3128770,3128775,2,5,7,completed,1
46633,Rigid,3128769,3128770,3128859,1,89,90,completed,2
46634,Rigid,3128769,3128770,3128780,1,10,11,completed,2
46635,Rigid,3128769,3128770,3128780,1,10,11,completed,2
46636,Rigid,3128769,3128770,3128860,1,90,91,completed,2
46637,Rigid,3128769,3128770,3128776,1,6,7,completed,1
46638,Rigid,3128769,3128770,3128776,1,6,7,completed,1
46639,Rigid,3128771,3128771,3128781,0,10,10,completed,2
46640,Rigid,3128772,3128772,3128859,0,87,87,completed,2
46641,Rigid,3128772,3128772,3128778,0,6,6,completed,1
46642,Rigid,3128783,3128783,3128870,0,87,87,completed,2
46643,Rigid,3128783,3128783,3128789,0,6,6,completed,1
46644,Rigid,3128783,3128783,3128795,0,12,12,completed,2
46645,Rigid,3128783,3128783,3128795,0,12,12,completed,2
46646,Rigid,3128783,3128783,3128870,0,87,87,completed,2
46647,Rigid,3128783,3128783,3128795,0,12,12,completed,2
46648,Rigid,3128783,3128783,3128868,0,85,85,completed,2
46649,Rigid,3128784,3128787,3128793,3,6,9,completed,1
46650,Rigid,3128784,3128787,3128801,3,14,17,completed,2
46651,Rigid,3128784,3128787,3128793,3,6,9,completed,1
46652,Rigid,3128784,3128787,3128868,3,81,84,completed,2
46653,Rigid,3128784,3128787,3128793,3,6,9,completed,1
46654,Rigid,3128784,3128787,3128800,3,13,16,completed,2
46655,Rigid,3128784,3128787,3128800,3,13,16,completed,2
46656,Rigid,3128785,3128787,3128872,2,85,87,completed,2
46657,Rigid,3128785,3128787,3128872,2,85,87,completed,2
46658,Rigid,3128785,3128787,3128800,2,13,15,completed,2
46659,Rigid,3128785,3128787,3128798,2,11,13,completed,2
46660,Rigid,3128785,3128787,3128793,2,6,8,completed,1
46661,Rigid,3128785,3128787,3128793,2,6,8,completed,1
46662,Rigid,3128786,3128787,3128798,1,11,12,completed,2
46663,Rigid,3128786,3128787,3128870,1,83,84,completed,2
46664,Rigid,3128786,3128787,3128797,1,10,11,completed,1
46665,Rigid,3128786,3128787,3128870,1,83,84,completed,2
46666,Rigid,3128786,3128787,3128800,1,13,14,completed,2
46667,Rigid,3128786,3128787,3128875,1,88,89,completed,2
46668,Rigid,3128786,3128787,3128800,1,13,14,completed,2
46669,Rigid,3128787,3128787,3128793,0,6,6,completed,1
46670,Rigid,3128787,3128787,3128875,0,88,88,completed,2
46671,Rigid,3128787,3128787,3128800,0,13,13,completed,2
46672,Rigid,3128787,3128787,3128793,0,6,6,completed,1
46673,Rigid,3128787,3128787,3128793,0,6,6,completed,1
46674,Rigid,3128787,3128787,3128798,0,11,11,completed,2
46675,Rigid,3128787,3128787,3128875,0,88,88,completed,2
46676,Rigid,3128788,3128790,3128799,2,9,11,completed,2
46677,Rigid,3128792,3128793,3128883,1,90,91,completed,2
46678,Rigid,3128803,3128806,3128812,3,6,9,completed,1
46679,Rigid,3128803,3128806,3128812,3,6,9,completed,1
46680,Rigid,3128803,3128806,3128899,3,93,96,completed,2
46681,Rigid,3128803,3128806,3128820,3,14,17,completed,2
46682,Rigid,3128803,3128806,3128812,3,6,9,completed,1
46683,Rigid,3128803,3128806,3128900,3,94,97,completed,2
46684,Rigid,3128803,3128806,3128820,3,14,17,completed,2
46685,Rigid,3128804,3128806,3128812,2,6,8,completed,1
46686,Rigid,3128804,3128806,3128820,2,14,16,completed,2
46687,Rigid,3128804,3128806,3128899,2,93,95,completed,2
46688,Rigid,3128804,3128806,3128899,2,93,95,completed,2
46689,Rigid,3128804,3128806,3128820,2,14,16,completed,2
46690,Rigid,3128804,3128806,3128820,2,14,16,completed,2
46691,Rigid,3128804,3128806,3128812,2,6,8,completed,1
46692,Rigid,3128805,3128806,3128899,1,93,94,completed,2
46693,Rigid,3128805,3128806,3128812,1,6,7,completed,1
46694,Rigid,3128805,3128806,3128812,1,6,7,completed,1
46695,Rigid,3128805,3128806,3128820,1,14,15,completed,2
46696,Rigid,3128805,3128806,3128820,1,14,15,completed,2
46697,Rigid,3128805,3128806,3128899,1,93,94,completed,2
46698,Rigid,3128806,3128806,3128899,0,93,93,completed,2
46699,Rigid,3128806,3128806,3128812,0,6,6,completed,1
46700,Rigid,3128806,3128806,3128812,0,6,6,completed,1
46701,Rigid,3128806,3128806,3128821,0,15,15,completed,2
46702,Rigid,3128823,3128824,3128919,1,95,96,completed,2
46703,Rigid,3128823,3128824,3128829,1,5,6,completed,1
46704,Rigid,3128823,3128824,3128829,1,5,6,completed,1
46705,Rigid,3128823,3128824,3128918,1,94,95,completed,2
46706,Rigid,3128823,3128824,3128919,1,95,96,completed,2
46707,Rigid,3128823,3128824,3128838,1,14,15,completed,2
46708,Rigid,3128823,3128824,3128838,1,14,15,completed,2
46709,Rigid,3128824,3128828,3128839,4,11,15,completed,2
46710,Rigid,3128824,3128828,3128833,4,5,9,completed,1
46711,Rigid,3128824,3128828,3128839,4,11,15,completed,2
46712,Rigid,3128824,3128828,3128839,4,11,15,completed,2
46713,Rigid,3128824,3128828,3128918,4,90,94,completed,2
46714,Rigid,3128824,3128828,3128918,4,90,94,completed,2
46715,Rigid,3128824,3128828,3128833,4,5,9,completed,1
46716,Rigid,3128825,3128828,3128841,3,13,16,completed,2
46717,Rigid,3128825,3128828,3128841,3,13,16,completed,2
46718,Rigid,3128825,3128828,3128841,3,13,16,completed,2
46719,Rigid,3128843,3128843,3128935,0,92,92,completed,2
46720,Rigid,3128843,3128844,3128857,1,13,14,completed,2
46721,Rigid,3128843,3128844,3128935,1,91,92,completed,2
46722,Rigid,3128843,3128844,3128849,1,5,6,completed,1
46723,Rigid,3128843,3128844,3128935,1,91,92,completed,2
46724,Rigid,3128843,3128844,3128857,1,13,14,completed,2
46725,Rigid,3128843,3128844,3128849,1,5,6,completed,1
46726,Rigid,3128844,3128848,3128853,4,5,9,completed,1
46727,Rigid,3128844,3128848,3128858,4,10,14,completed,2
46728,Rigid,3128844,3128848,3128853,4,5,9,completed,1
46729,Rigid,3128844,3128848,3128930,4,82,86,completed,2
46730,Rigid,3128844,3128848,3128858,4,10,14,completed,2
46731,Rigid,3128848,3128850,3128855,2,5,7,completed,1
46732,Rigid,3128849,3128850,3128930,1,80,81,completed,2
46733,Rigid,3128849,3128850,3128930,1,80,81,completed,2
46734,Rigid,3128849,3128850,3128859,1,9,10,completed,2
46735,Rigid,3128849,3128850,3128855,1,5,6,completed,1
46736,Rigid,3128849,3128850,3128859,1,9,10,completed,2
46737,Rigid,3128849,3128850,3128855,1,5,6,completed,1
46738,Rigid,3128849,3128850,3128930,1,80,81,completed,2
46739,Rigid,3128849,3128850,3128931,1,81,82,completed,2
46740,Rigid,3128849,3128850,3128858,1,8,9,completed,2
46741,Rigid,3128849,3128850,3128858,1,8,9,completed,2
46742,Rigid,3128850,3128852,3128857,2,5,7,completed,1
46743,Rigid,3128850,3128852,3128861,2,9,11,completed,2
46744,Rigid,3128850,3128852,3128935,2,83,85,completed,2
46745,Rigid,3128850,3128852,3128861,2,9,11,completed,2
46746,Rigid,3128850,3128852,3128861,2,9,11,completed,2
46747,Rigid,3128851,3128852,3128857,1,5,6,completed,1
46748,Rigid,3128851,3128852,3128857,1,5,6,completed,1
46749,Rigid,3128851,3128852,3128861,1,9,10,completed,2
46750,Rigid,3128851,3128852,3128934,1,82,83,completed,2
46751,Rigid,3128851,3128852,3128861,1,9,10,completed,2
46752,Rigid,3128851,3128852,3128934,1,82,83,completed,2
46753,Rigid,3128851,3128852,3128857,1,5,6,completed,1
46754,Rigid,3128852,3128852,3128861,0,9,9,completed,2
46755,Rigid,3128852,3128852,3128861,0,9,9,completed,2
46756,Rigid,3128852,3128852,3128857,0,5,5,completed,1
46757,Rigid,3128852,3128852,3128928,0,76,76,completed,2
46758,Rigid,3128852,3128852,3128857,0,5,5,completed,1
46759,Rigid,3128852,3128852,3128928,0,76,76,completed,2
46760,Rigid,3128852,3128852,3128862,0,10,10,completed,2
46761,Rigid,3128852,3128852,3128928,0,76,76,completed,2
46762,Rigid,3128852,3128854,3128862,2,8,10,completed,2
46763,Rigid,3128852,3128854,3128858,2,4,6,completed,1
46764,Rigid,3128853,3128854,3128928,1,74,75,completed,2
46765,Rigid,3128853,3128854,3128858,1,4,5,completed,1
46766,Rigid,3128853,3128854,3128862,1,8,9,completed,2
46767,Rigid,3128853,3128854,3128861,1,7,8,completed,2
46768,Rigid,3128853,3128854,3128928,1,74,75,completed,2
46769,Rigid,3128853,3128854,3128928,1,74,75,completed,2
46770,Rigid,3128853,3128854,3128858,1,4,5,completed,1
46771,Rigid,3128853,3128854,3128865,1,11,12,completed,2
46772,Rigid,3128863,3128864,3128869,1,5,6,completed,1
46773,Rigid,3128863,3128864,3128869,1,5,6,completed,1
46774,Rigid,3128863,3128864,3128869,1,5,6,completed,1
46775,Rigid,3128863,3128864,3128948,1,84,85,completed,2
46776,Rigid,3128864,3128864,3128949,0,85,85,completed,2
46777,Rigid,3128864,3128864,3128873,0,9,9,completed,2
46778,Rigid,3128864,3128864,3128873,0,9,9,completed,2
46779,Rigid,3128864,3128865,3128870,1,5,6,completed,1
46780,Rigid,3128864,3128865,3128947,1,82,83,completed,2
46781,Rigid,3128864,3128865,3128947,1,82,83,completed,2
46782,Rigid,3128864,3128865,3128873,1,8,9,completed,2
46783,Rigid,3128865,3128865,3128873,0,8,8,completed,2
46784,Rigid,3128865,3128865,3128870,0,5,5,completed,1
46785,Rigid,3128865,3128866,3128873,1,7,8,completed,2
46786,Rigid,3128866,3128866,3128870,0,4,4,completed,1
46787,Rigid,3128866,3128866,3128873,0,7,7,completed,2
46788,Rigid,3128866,3128866,3128943,0,77,77,completed,2
46789,Rigid,3128866,3128866,3128874,0,8,8,completed,2
46790,Rigid,3128866,3128866,3128870,0,4,4,completed,1
46791,Rigid,3128866,3128866,3128874,0,8,8,completed,2
46792,Rigid,3128866,3128866,3128943,0,77,77,completed,2
46793,Rigid,3128866,3128868,3128943,2,75,77,completed,2
46794,Rigid,3128866,3128868,3128878,2,10,12,completed,2
46795,Rigid,3128867,3128868,3128873,1,5,6,completed,1
46796,Rigid,3128867,3128868,3128943,1,75,76,completed,2
46797,Rigid,3128867,3128868,3128878,1,10,11,completed,2
46798,Rigid,3128867,3128868,3128873,1,5,6,completed,1
46799,Rigid,3128867,3128868,3128873,1,5,6,completed,1
46800,Rigid,3128867,3128868,3128943,1,75,76,completed,2
46801,Rigid,3128868,3128868,3128878,0,10,10,completed,2
46802,Rigid,3128868,3128868,3128943,0,75,75,completed,2
46803,Rigid,3128868,3128868,3128878,0,10,10,completed,2
46804,Rigid,3128868,3128868,3128872,0,4,4,completed,1
46805,Rigid,3128868,3128868,3128872,0,4,4,completed,1
46806,Rigid,3128870,3128870,3128943,0,73,73,completed,2
46807,Rigid,3128870,3128870,3128878,0,8,8,completed,2
46808,Rigid,3128870,3128870,3128878,0,8,8,completed,2
46809,Rigid,3128870,3128870,3128943,0,73,73,completed,2
46810,Rigid,3128870,3128871,3128875,1,4,5,completed,1
46811,Rigid,3128871,3128871,3128943,0,72,72,completed,2
46812,Rigid,3128871,3128871,3128875,0,4,4,completed,1
46813,Rigid,3128871,3128871,3128878,0,7,7,completed,2
46814,Rigid,3128871,3128871,3128875,0,4,4,completed,1
46815,Rigid,3128871,3128871,3128878,0,7,7,completed,2
46816,Rigid,3128871,3128871,3128943,0,72,72,completed,2
46817,Rigid,3128871,3128871,3128951,0,80,80,completed,2
46818,Rigid,3128871,3128872,3128884,1,12,13,completed,2
46819,Rigid,3128872,3128872,3128877,0,5,5,completed,1
46820,Rigid,3128872,3128872,3128877,0,5,5,completed,1
46821,Rigid,3128872,3128872,3128883,0,11,11,completed,2
46822,Rigid,3128872,3128872,3128950,0,78,78,completed,2
46823,Rigid,3128872,3128872,3128882,0,10,10,completed,2
46824,Rigid,3128872,3128873,3128941,1,68,69,completed,2
46825,Rigid,3128872,3128873,3128883,1,10,11,completed,2
46826,Rigid,3128872,3128873,3128878,1,5,6,completed,1
46827,Rigid,3128873,3128873,3128883,0,10,10,completed,2
46828,Rigid,3128873,3128873,3128883,0,10,10,completed,2
46829,Rigid,3128873,3128873,3128940,0,67,67,completed,2
46830,Rigid,3128873,3128873,3128941,0,68,68,completed,2
46831,Rigid,3128873,3128873,3128878,0,5,5,completed,1
46832,Rigid,3128873,3128873,3128883,0,10,10,completed,2
46833,Rigid,3128873,3128873,3128877,0,4,4,completed,1
46834,Rigid,3128884,3128884,3128895,0,11,11,completed,2
46835,Rigid,3128884,3128884,3128889,0,5,5,completed,1
46836,Rigid,3128884,3128884,3128896,0,12,12,completed,2
46837,Rigid,3128884,3128884,3128895,0,11,11,completed,2
46838,Rigid,3128884,3128884,3128961,0,77,77,completed,2
46839,Rigid,3128884,3128884,3128895,0,11,11,completed,2
46840,Rigid,3128885,3128885,3128889,0,4,4,completed,1
46841,Rigid,3128885,3128885,3128962,0,77,77,completed,2
46842,Rigid,3128885,3128885,3128961,0,76,76,completed,2
46843,Rigid,3128885,3128885,3128896,0,11,11,completed,2
46844,Rigid,3128885,3128885,3128961,0,76,76,completed,2
46845,Rigid,3128885,3128885,3128896,0,11,11,completed,2
46846,Rigid,3128885,3128885,3128889,0,4,4,completed,1
46847,Rigid,3128885,3128885,3128896,0,11,11,completed,2
46848,Rigid,3128885,3128885,3128889,0,4,4,completed,1
46849,Rigid,3128886,3128888,3128893,2,5,7,completed,1
46850,Rigid,3128886,3128888,3128957,2,69,71,completed,2
46851,Rigid,3128886,3128888,3128897,2,9,11,completed,2
46852,Rigid,3128886,3128888,3128957,2,69,71,completed,2
46853,Rigid,3128886,3128888,3128893,2,5,7,completed,1
46854,Rigid,3128886,3128888,3128897,2,9,11,completed,2
46855,Rigid,3128887,3128888,3128897,1,9,10,completed,2
46856,Rigid,3128887,3128888,3128956,1,68,69,completed,2
46857,Rigid,3128887,3128888,3128892,1,4,5,completed,1
46858,Rigid,3128887,3128888,3128893,1,5,6,completed,1
46859,Rigid,3128887,3128888,3128956,1,68,69,completed,2
46860,Rigid,3128887,3128888,3128898,1,10,11,completed,2
46861,Rigid,3128888,3128888,3128898,0,10,10,completed,2
46862,Rigid,3128888,3128888,3128955,0,67,67,completed,2
46863,Rigid,3128888,3128888,3128898,0,10,10,completed,2
46864,Rigid,3128888,3128888,3128892,0,4,4,completed,1
46865,Rigid,3128888,3128888,3128898,0,10,10,completed,2
46866,Rigid,3128888,3128888,3128892,0,4,4,completed,1
46867,Rigid,3128888,3128888,3128956,0,68,68,completed,2
46868,Rigid,3128888,3128888,3128892,0,4,4,completed,1
46869,Rigid,3128889,3128890,3128956,1,66,67,completed,2
46870,Rigid,3128889,3128890,3128898,1,8,9,completed,2
46871,Rigid,3128889,3128890,3128956,1,66,67,completed,2
46872,Rigid,3128889,3128890,3128901,1,11,12,completed,2
46873,Rigid,3128889,3128890,3128894,1,4,5,completed,1
46874,Rigid,3128892,3128894,3128907,2,13,15,completed,2
46875,Rigid,3128892,3128894,3128903,2,9,11,completed,2
46876,Rigid,3128892,3128894,3128955,2,61,63,completed,2
46877,Rigid,3128892,3128894,3128897,2,3,5,completed,1
46878,Rigid,3128892,3128894,3128903,2,9,11,completed,2
46879,Rigid,3128893,3128894,3128956,1,62,63,completed,2
46880,Rigid,3128893,3128894,3128897,1,3,4,completed,1
46881,Rigid,3128893,3128894,3128903,1,9,10,completed,2
46882,Rigid,3128893,3128894,3128955,1,61,62,completed,2
46883,Rigid,3128893,3128894,3128897,1,3,4,completed,1
46884,Rigid,3128893,3128894,3128897,1,3,4,completed,1
46885,Rigid,3128904,3128904,3128968,0,64,64,completed,2
46886,Rigid,3128904,3128908,3128912,4,4,8,completed,1
46887,Rigid,3128904,3128908,3128922,4,14,18,completed,2
46888,Rigid,3128905,3128908,3128968,3,60,63,completed,2
46889,Rigid,3128905,3128908,3128922,3,14,17,completed,2
46890,Rigid,3128905,3128908,3128922,3,14,17,completed,2
46891,Rigid,3128905,3128908,3128922,3,14,17,completed,2
46892,Rigid,3128905,3128908,3128912,3,4,7,completed,1
46893,Rigid,3128905,3128908,3128963,3,55,58,completed,2
46894,Rigid,3128906,3128908,3128921,2,13,15,completed,2
46895,Rigid,3128906,3128908,3128912,2,4,6,completed,1
46896,Rigid,3128906,3128908,3128921,2,13,15,completed,2
46897,Rigid,3128906,3128908,3128911,2,3,5,completed,1
46898,Rigid,3128906,3128908,3128962,2,54,56,completed,2
46899,Rigid,3128907,3128908,3128962,1,54,55,completed,2
46900,Rigid,3128907,3128908,3128922,1,14,15,completed,2
46901,Rigid,3128907,3128908,3128911,1,3,4,completed,1
46902,Rigid,3128909,3128912,3128965,3,53,56,completed,2
46903,Rigid,3128909,3128912,3128921,3,9,12,completed,2
46904,Rigid,3128909,3128912,3128921,3,9,12,completed,2
46905,Rigid,3128909,3128912,3128949,3,37,40,completed,2
46906,Rigid,3128909,3128912,3128922,3,10,13,completed,2
46907,Rigid,3128909,3128912,3128914,3,2,5,completed,1
46908,Rigid,3128910,3128912,3128921,2,9,11,completed,2
46909,Rigid,3128910,3128912,3128914,2,2,4,completed,1
46910,Rigid,3128910,3128912,3128921,2,9,11,completed,2
46911,Rigid,3128910,3128912,3128947,2,35,37,completed,2
46912,Rigid,3128967,3128967,3129300,0,333,333,completed,36
46913,Rigid,3129004,3129004,3129303,0,299,299,completed,36
46914,Rigid,3129218,3129218,3176426,0,47208,47208,completed,36
46915,Rigid,3129375,3129376,3148655,1,19279,19280,completed,36
46916,Rigid,3129390,3129390,3132302,0,2912,2912,completed,36
46917,Rigid,3129459,3129460,3164173,1,34713,34714,completed,36
46918,Rigid,3129656,3129656,3143289,0,13633,13633,completed,36
46919,Rigid,3129658,3129659,3266269,1,136610,136611,completed,36
46920,Rigid,3129681,3129684,3129688,3,4,7,completed,36
46921,Rigid,3129731,3129731,3242446,0,112715,112715,completed,36
46922,Rigid,3129795,3129795,3130373,0,578,578,completed,36
46923,Rigid,3129871,3129871,3302693,0,172822,172822,completed,36
46924,Rigid,3129871,3129871,3302693,0,172822,172822,completed,36
46925,Rigid,3129871,3129871,3302693,0,172822,172822,completed,36
46926,Rigid,3129892,3129893,3302693,1,172800,172801,completed,288
46927,Rigid,3129923,3129924,3302753,1,172829,172830,completed,36
46928,Rigid,3129923,3129924,3302753,1,172829,172830,completed,36
46929,Rigid,3129923,3129924,3302753,1,172829,172830,completed,36
46930,Rigid,3129932,3129932,3302753,0,172821,172821,completed,288
46931,Rigid,3129952,3129953,3302753,1,172800,172801,completed,36
46932,Rigid,3129952,3129953,3132797,1,2844,2845,completed,36
46933,Rigid,3129952,3129953,3302753,1,172800,172801,completed,36
46934,Rigid,3129984,3129984,3302813,0,172829,172829,completed,36
46935,Rigid,3129984,3129984,3302813,0,172829,172829,completed,36
46936,Rigid,3129984,3129984,3302813,0,172829,172829,completed,36
46937,Rigid,3129986,3129987,3302813,1,172826,172827,completed,288
46938,Rigid,3130013,3130013,3302813,0,172800,172800,completed,36
46939,Rigid,3130013,3130013,3302813,0,172800,172800,completed,36
46940,Rigid,3130013,3130013,3302813,0,172800,172800,completed,36
46941,Rigid,3130024,3130024,3302843,0,172819,172819,completed,288
46942,Rigid,3130056,3302757,3475565,172701,172808,345509,completed,576
46943,Rigid,3130122,3130123,3130175,1,52,53,completed,36
46944,Rigid,3130134,3130134,3130175,0,41,41,completed,36
46945,Rigid,3130142,3130142,3130175,0,33,33,completed,36
46946,Rigid,3130157,3130157,3130175,0,18,18,completed,36
46947,Rigid,3130188,3130189,3133355,1,3166,3167,completed,36
46948,Rigid,3130198,3130199,3135936,1,5737,5738,completed,36
46949,Rigid,3130205,3130206,3135928,1,5722,5723,completed,36
46950,Rigid,3130214,3130214,3134312,0,4098,4098,completed,36
46951,Rigid,3130222,3130222,3133728,0,3506,3506,completed,36
46952,Rigid,3130230,3130231,3135755,1,5524,5525,completed,36
46953,Rigid,3130237,3130238,3135344,1,5106,5107,completed,36
46954,Rigid,3130246,3130246,3134843,0,4597,4597,completed,36
46955,Rigid,3130597,3130597,3131236,0,639,639,completed,36
46956,Rigid,3131083,3131084,3303893,1,172809,172810,completed,36
46957,Rigid,3131083,3131084,3303893,1,172809,172810,completed,36
46958,Rigid,3131083,3131084,3303893,1,172809,172810,completed,36
46959,Rigid,3131086,3131088,3131096,2,8,10,completed,144
46960,Rigid,3131153,3131154,3303983,1,172829,172830,completed,36
46961,Rigid,3131153,3131154,3303983,1,172829,172830,completed,36
46962,Rigid,3131153,3131154,3303983,1,172829,172830,completed,36
46963,Rigid,3131219,3131219,3304043,0,172824,172824,completed,36
46964,Rigid,3131219,3131219,3304043,0,172824,172824,completed,36
46965,Rigid,3131219,3131219,3304043,0,172824,172824,completed,36
46966,Rigid,3131258,3131258,3304073,0,172815,172815,completed,36
46967,Rigid,3131258,3131258,3304073,0,172815,172815,completed,36
46968,Rigid,3131258,3131259,3304073,1,172814,172815,completed,36
46969,Rigid,3131296,3131297,3304103,1,172806,172807,completed,36
46970,Rigid,3131296,3131297,3304103,1,172806,172807,completed,36
46971,Rigid,3131296,3131297,3304103,1,172806,172807,completed,36
46972,Rigid,3131332,3131333,3304133,1,172800,172801,completed,36
46973,Rigid,3131332,3131333,3304133,1,172800,172801,completed,36
46974,Rigid,3131332,3131333,3304133,1,172800,172801,completed,36
46975,Rigid,3131345,3131346,3131419,1,73,74,completed,36
46976,Rigid,3131395,3131396,3304223,1,172827,172828,completed,36
46977,Rigid,3131395,3131396,3304223,1,172827,172828,completed,36
46978,Rigid,3131395,3131396,3304223,1,172827,172828,completed,36
46979,Rigid,3131429,3132798,3305603,1369,172805,174174,completed,36
46980,Rigid,3131429,3302697,3475505,171268,172808,344076,completed,36
46981,Rigid,3131429,3302697,3475505,171268,172808,344076,completed,36
46982,Rigid,3131484,3131484,3131564,0,80,80,completed,36
46983,Rigid,3131790,3131790,3132468,0,678,678,completed,36
46984,Rigid,3132977,3132977,3133558,0,581,581,completed,36
46985,Rigid,3133993,3133995,3134572,2,577,579,completed,36
46986,Rigid,3134617,3134617,3135725,0,1108,1108,completed,36
46987,Rigid,3134695,3134696,3134833,1,137,138,completed,10
46988,Rigid,3135157,3135158,3135797,1,639,640,completed,36
46989,Rigid,3135960,3135960,3430148,0,294188,294188,completed,1
46990,Rigid,3135960,3135960,3427853,0,291893,291893,completed,1
46991,Rigid,3135960,3135960,3428622,0,292662,292662,completed,1
46992,Rigid,3135960,3135960,3426259,0,290299,290299,completed,1
46993,Rigid,3135960,3135960,3425580,0,289620,289620,completed,1
46994,Rigid,3135960,3135960,3426836,0,290876,290876,completed,1
46995,Rigid,3135960,3135960,3428093,0,292133,292133,completed,1
46996,Rigid,3135960,3135960,3426716,0,290756,290756,completed,1
46997,Rigid,3135960,3135960,3425831,0,289871,289871,completed,1
46998,Rigid,3135960,3135960,3428554,0,292594,292594,completed,1
46999,Rigid,3135960,3135960,3428088,0,292128,292128,completed,1
47000,Rigid,3135960,3135960,3426526,0,290566,290566,completed,1
47001,Rigid,3135960,3135960,3424524,0,288564,288564,completed,1
47002,Rigid,3135960,3135960,3421550,0,285590,285590,completed,1
47003,Rigid,3135960,3135960,3421899,0,285939,285939,completed,1
47004,Rigid,3135960,3135960,3421595,0,285635,285635,completed,1
47005,Rigid,3135960,3135960,3424225,0,288265,288265,completed,1
47006,Rigid,3135960,3135960,3422489,0,286529,286529,completed,1
47007,Rigid,3135960,3135960,3420435,0,284475,284475,completed,1
47008,Rigid,3135960,3135960,3421935,0,285975,285975,completed,1
47009,Rigid,3135960,3135960,3425396,0,289436,289436,completed,1
47010,Rigid,3135960,3135960,3423040,0,287080,287080,completed,1
47011,Rigid,3135960,3135961,3421343,1,285382,285383,completed,1
47012,Rigid,3135960,3135961,3425861,1,289900,289901,completed,1
47013,Rigid,3135960,3135961,3425102,1,289141,289142,completed,1
47014,Rigid,3135960,3135961,3426068,1,290107,290108,completed,1
47015,Rigid,3135960,3135961,3424909,1,288948,288949,completed,1
47016,Rigid,3135960,3135961,3424965,1,289004,289005,completed,1
47017,Rigid,3135960,3135961,3421546,1,285585,285586,completed,1
47018,Rigid,3135960,3135961,3421301,1,285340,285341,completed,1
47019,Rigid,3135960,3135961,3424531,1,288570,288571,completed,1
47020,Rigid,3135960,3135961,3423754,1,287793,287794,completed,1
47021,Rigid,3135960,3135961,3421278,1,285317,285318,completed,1
47022,Rigid,3135960,3135961,3422575,1,286614,286615,completed,1
47023,Rigid,3135960,3135961,3422058,1,286097,286098,completed,1
47024,Rigid,3135960,3135961,3423165,1,287204,287205,completed,1
47025,Rigid,3135960,3135961,3425041,1,289080,289081,completed,1
47026,Rigid,3135960,3135961,3425170,1,289209,289210,completed,1
47027,Rigid,3135960,3135961,3424987,1,289026,289027,completed,1
47028,Rigid,3135960,3135961,3422970,1,287009,287010,completed,1
47029,Rigid,3135960,3135961,3421771,1,285810,285811,completed,1
47030,Rigid,3135960,3135961,3426212,1,290251,290252,completed,1
47031,Rigid,3135960,3135961,3425467,1,289506,289507,completed,1
47032,Rigid,3135960,3135961,3429467,1,293506,293507,completed,1
47033,Rigid,3135960,3135961,3426619,1,290658,290659,completed,1
47034,Rigid,3135960,3135961,3422728,1,286767,286768,completed,1
47035,Rigid,3135960,3135961,3423366,1,287405,287406,completed,1
47036,Rigid,3135960,3135961,3422749,1,286788,286789,completed,1
47037,Rigid,3135960,3135961,3425510,1,289549,289550,completed,1
47038,Rigid,3135960,3135961,3422337,1,286376,286377,completed,1
47039,Rigid,3136225,3136225,3136226,0,1,1,completed,2
47040,Rigid,3136226,3136228,3136237,2,9,11,completed,2
47041,Rigid,3136226,3136238,3136247,12,9,21,completed,2
47042,Rigid,3136415,3136415,3136417,0,2,2,completed,2
47043,Rigid,3136417,3136418,3136426,1,8,9,completed,2
47044,Rigid,3136417,3136428,3136437,11,9,20,completed,2
47045,Rigid,3136417,3136438,3136440,21,2,23,completed,2
47046,Rigid,3136432,3136433,3137023,1,590,591,completed,36
47047,Rigid,3136770,3136770,3136772,0,2,2,completed,2
47048,Rigid,3136772,3136773,3136782,1,9,10,completed,2
47049,Rigid,3136772,3136783,3136792,11,9,20,completed,2
47050,Rigid,3136772,3136793,3136795,21,2,23,completed,2
47051,Rigid,3136938,3136939,3136940,1,1,2,completed,2
47052,Rigid,3136940,3136942,3136950,2,8,10,completed,2
47053,Rigid,3136940,3136951,3136960,11,9,20,completed,2
47054,Rigid,3136940,3136961,3136963,21,2,23,completed,2
47055,Rigid,3137005,3137005,3137007,0,2,2,completed,2
47056,Rigid,3137007,3137008,3137016,1,8,9,completed,2
47057,Rigid,3137007,3137018,3137027,11,9,20,completed,2
47058,Rigid,3137007,3137028,3137037,21,9,30,completed,2
47059,Rigid,3137123,3137123,3137763,0,640,640,completed,36
47060,Rigid,3138000,3138000,3138002,0,2,2,completed,2
47061,Rigid,3138002,3138003,3138012,1,9,10,completed,2
47062,Rigid,3138002,3138013,3138032,11,19,30,completed,2
47063,Rigid,3138002,3138034,3138042,32,8,40,completed,2
47064,Rigid,3138091,3138092,3139301,1,1209,1210,completed,144
47065,Rigid,3138319,3138321,3138323,2,2,4,completed,2
47066,Rigid,3138323,3138325,3138333,2,8,10,completed,2
47067,Rigid,3138323,3138334,3138354,11,20,31,completed,2
47068,Rigid,3138323,3138355,3138364,32,9,41,completed,2
47069,Rigid,3138396,3138397,3156170,1,17773,17774,completed,396
47070,Rigid,3138421,3138422,3158899,1,20477,20478,completed,396
47071,Rigid,3138426,3138427,3138429,1,2,3,completed,2
47072,Rigid,3138428,3138430,3138440,2,10,12,completed,2
47073,Rigid,3138429,3138441,3138461,12,20,32,completed,2
47074,Rigid,3138429,3138463,3138472,34,9,43,completed,2
47075,Rigid,3138431,3138435,3156565,4,18130,18134,completed,396
47076,Rigid,3138462,3138463,3156845,1,18382,18383,completed,396
47077,Rigid,3138475,3138476,3156850,1,18374,18375,completed,396
47078,Rigid,3138486,3138487,3157397,1,18910,18911,completed,396
47079,Rigid,3138645,3138645,3139693,0,1048,1048,completed,144
47080,Rigid,3138648,3138649,3140807,1,2158,2159,completed,1
47081,Rigid,3139233,3139233,3139235,0,2,2,completed,2
47082,Rigid,3139235,3139236,3139245,1,9,10,completed,2
47083,Rigid,3139235,3139246,3139266,11,20,31,completed,2
47084,Rigid,3139235,3139267,3139658,32,391,423,completed,2
47085,Rigid,3139528,3139529,3148940,1,9411,9412,completed,288
47086,Rigid,3140317,3140317,3140319,0,2,2,completed,2
47087,Rigid,3140319,3140320,3140329,1,9,10,completed,2
47088,Rigid,3140319,3140330,3140349,11,19,30,completed,2
47089,Rigid,3140319,3140351,3140715,32,364,396,completed,2
47090,Rigid,3140558,3140559,3153172,1,12613,12614,completed,36
47091,Rigid,3153118,3153119,3153166,1,47,48,completed,14
47092,Rigid,3153118,3153119,3153300,1,181,182,completed,14
47093,Rigid,3153118,3153316,3153324,198,8,206,completed,1
47094,Rigid,3153125,3153126,3153168,1,42,43,completed,14
47095,Rigid,3153125,3153126,3153368,1,242,243,completed,14
47096,Rigid,3153125,3153390,3153401,265,11,276,completed,1
47097,Rigid,3153142,3153144,3153164,2,20,22,completed,14
47098,Rigid,3153142,3153144,3153220,2,76,78,completed,14
47099,Rigid,3153142,3153269,3153318,127,49,176,completed,1
47100,Rigid,3153149,3153150,3153219,1,69,70,completed,14
47101,Rigid,3153149,3153150,3154309,1,1159,1160,completed,14
47102,Rigid,3153149,3154625,3154685,1476,60,1536,completed,1
47103,Rigid,3153156,3153156,3153237,0,81,81,completed,14
47104,Rigid,3153156,3153156,3154300,0,1144,1144,completed,14
47105,Rigid,3153156,3154614,3154664,1458,50,1508,completed,1
47106,Rigid,3153177,3153177,3153249,0,72,72,completed,14
47107,Rigid,3153177,3153177,3154669,0,1492,1492,completed,14
47108,Rigid,3153177,3154946,3155015,1769,69,1838,completed,1
47109,Rigid,3155001,3155004,3155660,3,656,659,completed,36
47110,Rigid,3155256,3155686,3155697,430,11,441,completed,1
47111,Rigid,3155400,3155732,3155740,332,8,340,completed,1
47112,Rigid,3156069,3156069,3156078,0,9,9,completed,144
47113,Rigid,3157522,3157524,3157786,2,262,264,completed,144
47114,Rigid,3157832,3157832,3157953,0,121,121,completed,144
47115,Rigid,3158064,3158064,3174080,0,16016,16016,completed,144
47116,Rigid,3158074,3158075,3174447,1,16372,16373,completed,144
47117,Rigid,3158084,3158085,3174351,1,16266,16267,completed,144
47118,Rigid,3158094,3158095,3174170,1,16075,16076,completed,144
47119,Rigid,3158490,3158491,3158527,1,36,37,completed,144
47120,Rigid,3159177,3159177,3252404,0,93227,93227,completed,108
47121,Rigid,3159236,3159236,3252655,0,93419,93419,completed,108
47122,Rigid,3159343,3159344,3267639,1,108295,108296,completed,108
47123,Rigid,3159361,3159362,3253650,1,94288,94289,completed,108
47124,Rigid,3160032,3160033,3439886,1,279853,279854,completed,144
47125,Rigid,3165047,3165048,3165366,1,318,319,completed,36
47126,Rigid,3165070,3165070,3180883,0,15813,15813,completed,36
47127,Rigid,3165075,3165076,3165162,1,86,87,completed,36
47128,Rigid,3165078,3165080,3165227,2,147,149,completed,36
47129,Rigid,3165098,3165099,3179225,1,14126,14127,completed,36
47130,Rigid,3165119,3165119,3177309,0,12190,12190,completed,36
47131,Rigid,3167075,3167075,3167113,0,38,38,completed,144
47132,Rigid,3167373,3167373,3167410,0,37,37,completed,144
47133,Rigid,3167750,3167750,3167884,0,134,134,completed,144
47134,Rigid,3167882,3167882,3172343,0,4461,4461,completed,72
47135,Rigid,3170130,3170130,3170446,0,316,316,completed,144
47136,Rigid,3189369,3189369,3190559,0,1190,1190,completed,144
47137,Rigid,3189369,3189369,3190726,0,1357,1357,completed,144
47138,Rigid,3189369,3189369,3190580,0,1211,1211,completed,144
47139,Rigid,3189369,3189373,3190594,4,1221,1225,completed,144
47140,Rigid,3189369,3189373,3190628,4,1255,1259,completed,144
47141,Rigid,3189369,3189373,3190630,4,1257,1261,completed,144
47142,Rigid,3189369,3189373,3190656,4,1283,1287,completed,144
47143,Rigid,3189370,3189373,3190587,3,1214,1217,completed,144
47144,Rigid,3189370,3189373,3190628,3,1255,1258,completed,144
47145,Rigid,3189370,3189373,3190666,3,1293,1296,completed,144
47146,Rigid,3189370,3189373,3190649,3,1276,1279,completed,144
47147,Rigid,3189370,3189373,3190596,3,1223,1226,completed,144
47148,Rigid,3189370,3189373,3190591,3,1218,1221,completed,144
47149,Rigid,3189370,3189373,3190629,3,1256,1259,completed,144
47150,Rigid,3189370,3189373,3190557,3,1184,1187,completed,144
47151,Rigid,3189370,3189373,3190638,3,1265,1268,completed,144
47152,Rigid,3189379,3189379,3190389,0,1010,1010,completed,144
47153,Rigid,3189379,3189379,3190450,0,1071,1071,completed,144
47154,Rigid,3189379,3189379,3190378,0,999,999,completed,144
47155,Rigid,3189379,3189379,3190396,0,1017,1017,completed,144
47156,Rigid,3189379,3189379,3190565,0,1186,1186,completed,144
47157,Rigid,3189379,3189379,3190346,0,967,967,completed,144
47158,Rigid,3189379,3190348,3191233,969,885,1854,completed,144
47159,Rigid,3189379,3190378,3191271,999,893,1892,completed,144
47160,Rigid,3189379,3190390,3191266,1011,876,1887,completed,144
47161,Rigid,3189379,3190397,3191269,1018,872,1890,completed,144
47162,Rigid,3189379,3190452,3191287,1073,835,1908,completed,144
47163,Rigid,3189380,3190558,3191404,1178,846,2024,completed,144
47164,Rigid,3189380,3190560,3191416,1180,856,2036,completed,144
47165,Rigid,3189380,3190567,3191426,1187,859,2046,completed,144
47166,Rigid,3189380,3190581,3191436,1201,855,2056,completed,144
47167,Rigid,3189380,3190588,3191434,1208,846,2054,completed,144
47168,Rigid,3193350,3193350,3193438,0,88,88,completed,144
47169,Rigid,3193675,3193675,3257896,0,64221,64221,completed,36
47170,Rigid,3193715,3193715,3234888,0,41173,41173,completed,36
47171,Rigid,3194356,3194359,3194362,3,3,6,completed,1
47172,Rigid,3194356,3194359,3194361,3,2,5,completed,1
47173,Rigid,3194363,3194363,3194365,0,2,2,completed,1
47174,Rigid,3194366,3194366,3194368,0,2,2,completed,1
47175,Rigid,3194371,3194371,3194373,0,2,2,completed,1
47176,Rigid,3194371,3194374,3194376,3,2,5,completed,1
47177,Rigid,3194378,3194379,3194398,1,19,20,completed,36
47178,Rigid,3194378,3194379,3194399,1,20,21,completed,36
47179,Rigid,3194383,3194383,3194388,0,5,5,completed,1
47180,Rigid,3194392,3194393,3194395,1,2,3,completed,2
47181,Rigid,3194396,3194397,3194399,1,2,3,completed,2
47182,Rigid,3194398,3194400,3194745,2,345,347,completed,216
47183,Rigid,3194400,3194400,3194405,0,5,5,completed,1
47184,Rigid,3194401,3194405,3194407,4,2,6,completed,1
47185,Rigid,3194403,3194405,3194407,2,2,4,completed,1
47186,Rigid,3194404,3194405,3194407,1,2,3,completed,1
47187,Rigid,3194407,3194408,3194412,1,4,5,completed,1
47188,Rigid,3194407,3194408,3194411,1,3,4,completed,1
47189,Rigid,3194407,3194408,3194411,1,3,4,completed,1
47190,Rigid,3194408,3194408,3194411,0,3,3,completed,1
47191,Rigid,3194411,3194412,3194414,1,2,3,completed,1
47192,Rigid,3194411,3194412,3194414,1,2,3,completed,1
47193,Rigid,3194412,3194413,3194738,1,325,326,completed,144
47194,Rigid,3194415,3194415,3194418,0,3,3,completed,1
47195,Rigid,3194420,3194421,3194677,1,256,257,completed,144
47196,Rigid,3194422,3194423,3195795,1,1372,1373,completed,720
47197,Rigid,3194435,3194435,3194438,0,3,3,completed,36
47198,Rigid,3194438,3194439,3194442,1,3,4,completed,36
47199,Rigid,3194439,3194439,3194441,0,2,2,completed,18
47200,Rigid,3194441,3194443,3194445,2,2,4,completed,18
47201,Rigid,3194444,3194446,3194450,2,4,6,completed,16
47202,Rigid,3194444,3194446,3194449,2,3,5,completed,8
47203,Rigid,3194445,3194446,3194449,1,3,4,completed,4
47204,Rigid,3194445,3194446,3194449,1,3,4,completed,2
47205,Rigid,3194446,3194446,3194541,0,95,95,completed,2
47206,Rigid,3194446,3194446,3194453,0,7,7,completed,2
47207,Rigid,3194454,3194454,3194457,0,3,3,completed,16
47208,Rigid,3194454,3194454,3194457,0,3,3,completed,8
47209,Rigid,3194455,3194458,3194461,3,3,6,completed,4
47210,Rigid,3194455,3194458,3194461,3,3,6,completed,2
47211,Rigid,3194456,3194458,3194554,2,96,98,completed,2
47212,Rigid,3194456,3194458,3194466,2,8,10,completed,2
47213,Rigid,3195110,3195110,3195786,0,676,676,completed,36
47214,Rigid,3196440,3196440,3196797,0,357,357,completed,36
47215,Rigid,3196441,3196442,3196798,1,356,357,completed,36
47216,Rigid,3196442,3196442,3196798,0,356,356,completed,36
47217,Rigid,3196442,3196444,3196802,2,358,360,completed,36
47218,Rigid,3196443,3196444,3196803,1,359,360,completed,36
47219,Rigid,3196443,3196444,3196801,1,357,358,completed,36
47220,Rigid,3196444,3196444,3196800,0,356,356,completed,36
47221,Rigid,3196444,3196444,3196800,0,356,356,completed,36
47222,Rigid,3196444,3196448,3196805,4,357,361,completed,36
47223,Rigid,3196444,3196448,3196804,4,356,360,completed,36
47224,Rigid,3196445,3196448,3196808,3,360,363,completed,36
47225,Rigid,3196445,3196448,3196806,3,358,361,completed,36
47226,Rigid,3196445,3196448,3196804,3,356,359,completed,36
47227,Rigid,3196446,3196448,3196805,2,357,359,completed,36
47228,Rigid,3196446,3196448,3196804,2,356,358,completed,36
47229,Rigid,3196446,3196448,3196807,2,359,361,completed,36
47230,Rigid,3196847,3196847,3204054,0,7207,7207,completed,1
47231,Rigid,3196851,3196852,3204886,1,8034,8035,completed,1
47232,Rigid,3196921,3196922,3197685,1,763,764,completed,36
47233,Rigid,3196923,3196926,3198028,3,1102,1105,completed,36
47234,Rigid,3197009,3197010,3197464,1,454,455,completed,36
47235,Rigid,3197010,3197010,3197462,0,452,452,completed,36
47236,Rigid,3197011,3197011,3197468,0,457,457,completed,36
47237,Rigid,3197011,3197011,3197469,0,458,458,completed,36
47238,Rigid,3197012,3197012,3197467,0,455,455,completed,36
47239,Rigid,3197012,3197014,3197469,2,455,457,completed,36
47240,Rigid,3197012,3197014,3197467,2,453,455,completed,36
47241,Rigid,3197013,3197014,3197467,1,453,454,completed,36
47242,Rigid,3197013,3197014,3197476,1,462,463,completed,36
47243,Rigid,3197013,3197014,3197471,1,457,458,completed,36
47244,Rigid,3197014,3197014,3197468,0,454,454,completed,36
47245,Rigid,3197014,3197014,3197471,0,457,457,completed,36
47246,Rigid,3197014,3197018,3197476,4,458,462,completed,36
47247,Rigid,3197015,3197018,3197471,3,453,456,completed,36
47248,Rigid,3197015,3197018,3197476,3,458,461,completed,36
47249,Rigid,3197015,3197018,3197476,3,458,461,completed,36
47250,Rigid,3197089,3197089,3230936,0,33847,33847,completed,1
47251,Rigid,3197095,3197095,3231860,0,34765,34765,completed,1
47252,Rigid,3197381,3197381,3197693,0,312,312,completed,1
47253,Rigid,3197455,3197455,3197553,0,98,98,completed,36
47254,Rigid,3197457,3197459,3197557,2,98,100,completed,36
47255,Rigid,3197458,3197459,3197561,1,102,103,completed,36
47256,Rigid,3197458,3197459,3197560,1,101,102,completed,36
47257,Rigid,3197459,3197459,3197557,0,98,98,completed,36
47258,Rigid,3197459,3197463,3197561,4,98,102,completed,36
47259,Rigid,3197460,3197462,3197562,2,100,102,completed,36
47260,Rigid,3197460,3197462,3197562,2,100,102,completed,36
47261,Rigid,3197461,3197462,3197561,1,99,100,completed,36
47262,Rigid,3197461,3197462,3197565,1,103,104,completed,36
47263,Rigid,3197462,3197462,3197561,0,99,99,completed,36
47264,Rigid,3197462,3197462,3197564,0,102,102,completed,36
47265,Rigid,3197462,3197463,3197565,1,102,103,completed,36
47266,Rigid,3197463,3197463,3197561,0,98,98,completed,36
47267,Rigid,3197463,3197463,3197562,0,99,99,completed,36
47268,Rigid,3197464,3197465,3197568,1,103,104,completed,36
47269,Rigid,3197635,3197635,3198472,0,837,837,completed,36
47270,Rigid,3197635,3197635,3197813,0,178,178,completed,36
47271,Rigid,3197636,3197639,3198331,3,692,695,completed,36
47272,Rigid,3197637,3197639,3198735,2,1096,1098,completed,36
47273,Rigid,3197719,3197719,3198786,0,1067,1067,completed,36
47274,Rigid,3197737,3197738,3198786,1,1048,1049,completed,36
47275,Rigid,3197746,3197747,3198786,1,1039,1040,completed,36
47276,Rigid,3197756,3197756,3198786,0,1030,1030,completed,36
47277,Rigid,3197764,3197765,3198786,1,1021,1022,completed,36
47278,Rigid,3197773,3197774,3198786,1,1012,1013,completed,36
47279,Rigid,3197781,3197781,3198786,0,1005,1005,completed,36
47280,Rigid,3197783,3197787,3199309,4,1522,1526,completed,144
47281,Rigid,3197788,3197791,3198786,3,995,998,completed,36
47282,Rigid,3197962,3197962,3370774,0,172812,172812,completed,1080
47283,Rigid,3198051,3198052,3199160,1,1108,1109,completed,36
47284,Rigid,3198302,3198302,3228692,0,30390,30390,completed,1
47285,Rigid,3198305,3198306,3227641,1,29335,29336,completed,1
47286,Rigid,3198308,3198310,3227719,2,29409,29411,completed,1
47287,Rigid,3198312,3198314,3231398,2,33084,33086,completed,1
47288,Rigid,3198399,3198399,3204959,0,6560,6560,completed,1
47289,Rigid,3198843,3198843,3199091,0,248,248,completed,36
47290,Rigid,3198865,3198867,3201137,2,2270,2272,completed,36
47291,Rigid,3198963,3198963,3199038,0,75,75,completed,144
47292,Rigid,3199162,3199163,3205516,1,6353,6354,completed,36
47293,Rigid,3199218,3199218,3200108,0,890,890,completed,36
47294,Rigid,3199309,3199309,3199519,0,210,210,completed,18
47295,Rigid,3199378,3199378,3274550,0,75172,75172,completed,1
47296,Rigid,3199410,3199410,3287305,0,87895,87895,completed,1
47297,Rigid,3199447,3199448,3199455,1,7,8,completed,1
47298,Rigid,3199448,3199470,3199475,22,5,27,completed,1
47299,Rigid,3199448,3246966,3246975,47518,9,47527,completed,1
47300,Rigid,3199499,3199499,3200003,0,504,504,completed,36
47301,Rigid,3199499,3199499,3200008,0,509,509,completed,36
47302,Rigid,3199499,3199499,3200003,0,504,504,completed,36
47303,Rigid,3199499,3199503,3200009,4,506,510,completed,36
47304,Rigid,3199500,3199503,3200009,3,506,509,completed,36
47305,Rigid,3199500,3199503,3200008,3,505,508,completed,36
47306,Rigid,3199501,3199503,3200006,2,503,505,completed,36
47307,Rigid,3199501,3199503,3200008,2,505,507,completed,36
47308,Rigid,3199501,3199503,3200009,2,506,508,completed,36
47309,Rigid,3199502,3199503,3200008,1,505,506,completed,36
47310,Rigid,3199504,3199507,3200013,3,506,509,completed,36
47311,Rigid,3199504,3199507,3200012,3,505,508,completed,36
47312,Rigid,3199504,3199507,3200013,3,506,509,completed,36
47313,Rigid,3199505,3199507,3200013,2,506,508,completed,36
47314,Rigid,3199505,3199507,3200017,2,510,512,completed,36
47315,Rigid,3199505,3199507,3200018,2,511,513,completed,36
47316,Rigid,3199603,3199604,3199606,1,2,3,completed,1
47317,Rigid,3199603,3199604,3199610,1,6,7,completed,1
47318,Rigid,3199604,3199604,3199611,0,7,7,completed,1
47319,Rigid,3199604,3199604,3199625,0,21,21,completed,1
47320,Rigid,3199604,3199604,3199606,0,2,2,completed,1
47321,Rigid,3199605,3199607,3199610,2,3,5,completed,1
47322,Rigid,3199623,3199624,3200671,1,1047,1048,completed,36
47323,Rigid,3199640,3199640,3200698,0,1058,1058,completed,36
47324,Rigid,3199648,3199649,3200698,1,1049,1050,completed,36
47325,Rigid,3199656,3199657,3200698,1,1041,1042,completed,36
47326,Rigid,3199665,3199666,3200698,1,1032,1033,completed,36
47327,Rigid,3199676,3199677,3200698,1,1021,1022,completed,36
47328,Rigid,3199677,3199681,3199685,4,4,8,completed,1
47329,Rigid,3199677,3199696,3199700,19,4,23,completed,1
47330,Rigid,3199677,3245704,3245713,46027,9,46036,completed,1
47331,Rigid,3199685,3199686,3200698,1,1012,1013,completed,36
47332,Rigid,3199762,3199762,3199763,0,1,1,completed,1
47333,Rigid,3199762,3199763,3199764,1,1,2,completed,1
47334,Rigid,3199762,3199763,3199764,1,1,2,completed,1
47335,Rigid,3199762,3199763,3199764,1,1,2,completed,1
47336,Rigid,3199762,3199763,3199764,1,1,2,completed,1
47337,Rigid,3199762,3199763,3199764,1,1,2,completed,1
47338,Rigid,3199762,3199763,3199764,1,1,2,completed,1
47339,Rigid,3199762,3199763,3199764,1,1,2,completed,1
47340,Rigid,3199763,3199763,3199764,0,1,1,completed,1
47341,Rigid,3199763,3199763,3199764,0,1,1,completed,1
47342,Rigid,3199763,3199764,3199766,1,2,3,completed,1
47343,Rigid,3199763,3199764,3199766,1,2,3,completed,1
47344,Rigid,3199763,3199764,3199766,1,2,3,completed,1
47345,Rigid,3199763,3199764,3199766,1,2,3,completed,1
47346,Rigid,3199763,3199764,3199766,1,2,3,completed,1
47347,Rigid,3199763,3199764,3199766,1,2,3,completed,1
47348,Rigid,3199763,3199764,3199766,1,2,3,completed,1
47349,Rigid,3199764,3199764,3199766,0,2,2,completed,1
47350,Rigid,3199764,3199764,3199766,0,2,2,completed,1
47351,Rigid,3199764,3199764,3199766,0,2,2,completed,1
47352,Rigid,3199764,3199764,3199766,0,2,2,completed,1
47353,Rigid,3199764,3199764,3199766,0,2,2,completed,1
47354,Rigid,3199764,3199764,3199766,0,2,2,completed,1
47355,Rigid,3199764,3199764,3199766,0,2,2,completed,1
47356,Rigid,3199764,3199764,3199766,0,2,2,completed,1
47357,Rigid,3199764,3199764,3199766,0,2,2,completed,1
47358,Rigid,3199765,3199766,3199767,1,1,2,completed,1
47359,Rigid,3199765,3199766,3199767,1,1,2,completed,1
47360,Rigid,3199765,3199766,3199767,1,1,2,completed,1
47361,Rigid,3199765,3199766,3199767,1,1,2,completed,1
47362,Rigid,3199765,3199766,3199767,1,1,2,completed,1
47363,Rigid,3199765,3199766,3199767,1,1,2,completed,1
47364,Rigid,3199765,3199766,3199767,1,1,2,completed,1
47365,Rigid,3199765,3199766,3199767,1,1,2,completed,1
47366,Rigid,3199765,3199766,3199767,1,1,2,completed,1
47367,Rigid,3199765,3199766,3199767,1,1,2,completed,1
47368,Rigid,3199766,3199766,3199767,0,1,1,completed,1
47369,Rigid,3199766,3199766,3199767,0,1,1,completed,1
47370,Rigid,3199766,3199766,3199767,0,1,1,completed,1
47371,Rigid,3199766,3199766,3199767,0,1,1,completed,1
47372,Rigid,3199766,3199767,3199768,1,1,2,completed,1
47373,Rigid,3199766,3199767,3199768,1,1,2,completed,1
47374,Rigid,3199766,3199767,3199768,1,1,2,completed,1
47375,Rigid,3199766,3199767,3199768,1,1,2,completed,1
47376,Rigid,3199766,3199767,3199768,1,1,2,completed,1
47377,Rigid,3199767,3199767,3199768,0,1,1,completed,1
47378,Rigid,3199767,3199767,3199768,0,1,1,completed,1
47379,Rigid,3199767,3199767,3199768,0,1,1,completed,1
47380,Rigid,3199767,3199767,3199768,0,1,1,completed,1
47381,Rigid,3199767,3199767,3199768,0,1,1,completed,1
47382,Rigid,3199767,3199767,3199768,0,1,1,completed,1
47383,Rigid,3199767,3199767,3199768,0,1,1,completed,1
47384,Rigid,3199767,3199767,3199768,0,1,1,completed,1
47385,Rigid,3199768,3199768,3199769,0,1,1,completed,1
47386,Rigid,3199768,3199768,3199769,0,1,1,completed,1
47387,Rigid,3199768,3199768,3199769,0,1,1,completed,1
47388,Rigid,3199768,3199768,3199769,0,1,1,completed,1
47389,Rigid,3199768,3199768,3199769,0,1,1,completed,1
47390,Rigid,3199768,3199768,3199769,0,1,1,completed,1
47391,Rigid,3199768,3199768,3199769,0,1,1,completed,1
47392,Rigid,3199768,3199769,3199770,1,1,2,completed,1
47393,Rigid,3199769,3199769,3199770,0,1,1,completed,1
47394,Rigid,3199769,3199769,3199770,0,1,1,completed,1
47395,Rigid,3199769,3199770,3199771,1,1,2,completed,1
47396,Rigid,3199769,3199770,3199771,1,1,2,completed,1
47397,Rigid,3199769,3199770,3199771,1,1,2,completed,1
47398,Rigid,3199769,3199770,3199771,1,1,2,completed,1
47399,Rigid,3199769,3199770,3199771,1,1,2,completed,1
47400,Rigid,3199769,3199770,3199771,1,1,2,completed,1
47401,Rigid,3199769,3199770,3199771,1,1,2,completed,1
47402,Rigid,3199769,3199770,3199771,1,1,2,completed,1
47403,Rigid,3199770,3199770,3199771,0,1,1,completed,1
47404,Rigid,3199770,3199770,3199771,0,1,1,completed,1
47405,Rigid,3199770,3199770,3199771,0,1,1,completed,1
47406,Rigid,3199770,3199770,3199772,0,2,2,completed,1
47407,Rigid,3199770,3199770,3199771,0,1,1,completed,1
47408,Rigid,3199770,3199771,3199772,1,1,2,completed,1
47409,Rigid,3199770,3199771,3199772,1,1,2,completed,1
47410,Rigid,3199770,3199771,3199772,1,1,2,completed,1
47411,Rigid,3199771,3199771,3199772,0,1,1,completed,1
47412,Rigid,3199771,3199771,3199772,0,1,1,completed,1
47413,Rigid,3199771,3199771,3199772,0,1,1,completed,1
47414,Rigid,3199771,3199771,3199772,0,1,1,completed,1
47415,Rigid,3199771,3199771,3199772,0,1,1,completed,1
47416,Rigid,3199771,3199771,3199772,0,1,1,completed,1
47417,Rigid,3199771,3199771,3199772,0,1,1,completed,1
47418,Rigid,3199771,3199771,3199772,0,1,1,completed,1
47419,Rigid,3199771,3199772,3199773,1,1,2,completed,1
47420,Rigid,3199771,3199772,3199773,1,1,2,completed,1
47421,Rigid,3199772,3199772,3199773,0,1,1,completed,1
47422,Rigid,3199772,3199772,3199773,0,1,1,completed,1
47423,Rigid,3199772,3199772,3199773,0,1,1,completed,1
47424,Rigid,3199772,3199772,3199773,0,1,1,completed,1
47425,Rigid,3199772,3199772,3199773,0,1,1,completed,1
47426,Rigid,3199772,3199772,3199773,0,1,1,completed,1
47427,Rigid,3199772,3199772,3199773,0,1,1,completed,1
47428,Rigid,3199772,3199772,3199773,0,1,1,completed,1
47429,Rigid,3199773,3199773,3199774,0,1,1,completed,1
47430,Rigid,3199773,3199773,3199774,0,1,1,completed,1
47431,Rigid,3199773,3199773,3199774,0,1,1,completed,1
47432,Rigid,3199773,3199773,3199774,0,1,1,completed,1
47433,Rigid,3199773,3199773,3199774,0,1,1,completed,1
47434,Rigid,3199773,3199773,3199774,0,1,1,completed,1
47435,Rigid,3199773,3199773,3199774,0,1,1,completed,1
47436,Rigid,3199774,3199774,3199775,0,1,1,completed,1
47437,Rigid,3199774,3199774,3199775,0,1,1,completed,1
47438,Rigid,3199774,3199774,3199775,0,1,1,completed,1
47439,Rigid,3199774,3199774,3199775,0,1,1,completed,1
47440,Rigid,3199774,3199774,3199775,0,1,1,completed,1
47441,Rigid,3199774,3199774,3199776,0,2,2,completed,1
47442,Rigid,3199774,3199774,3199775,0,1,1,completed,1
47443,Rigid,3199774,3199774,3199775,0,1,1,completed,1
47444,Rigid,3199775,3199775,3199776,0,1,1,completed,1
47445,Rigid,3199775,3199775,3199776,0,1,1,completed,1
47446,Rigid,3199775,3199775,3199776,0,1,1,completed,1
47447,Rigid,3199775,3199775,3199777,0,2,2,completed,1
47448,Rigid,3199775,3199775,3199777,0,2,2,completed,1
47449,Rigid,3199775,3199775,3199777,0,2,2,completed,1
47450,Rigid,3199775,3199775,3199777,0,2,2,completed,1
47451,Rigid,3199775,3199775,3199777,0,2,2,completed,1
47452,Rigid,3199775,3199776,3199777,1,1,2,completed,1
47453,Rigid,3199775,3199776,3199777,1,1,2,completed,1
47454,Rigid,3199776,3199776,3199777,0,1,1,completed,1
47455,Rigid,3199777,3199778,3199779,1,1,2,completed,1
47456,Rigid,3199777,3199778,3199779,1,1,2,completed,1
47457,Rigid,3199777,3199778,3199779,1,1,2,completed,1
47458,Rigid,3199777,3199778,3199779,1,1,2,completed,1
47459,Rigid,3199777,3199778,3199779,1,1,2,completed,1
47460,Rigid,3199777,3199778,3199779,1,1,2,completed,1
47461,Rigid,3199777,3199778,3289228,1,89450,89451,completed,1
47462,Rigid,3199777,3199778,3199779,1,1,2,completed,1
47463,Rigid,3199778,3199778,3199779,0,1,1,completed,1
47464,Rigid,3199778,3199778,3199779,0,1,1,completed,1
47465,Rigid,3199778,3199778,3199779,0,1,1,completed,1
47466,Rigid,3199778,3199778,3199779,0,1,1,completed,1
47467,Rigid,3199778,3199778,3199779,0,1,1,completed,1
47468,Rigid,3199778,3199778,3199779,0,1,1,completed,1
47469,Rigid,3199778,3199778,3199779,0,1,1,completed,1
47470,Rigid,3199778,3199778,3283753,0,83975,83975,completed,1
47471,Rigid,3199778,3199778,3199779,0,1,1,completed,1
47472,Rigid,3199778,3199778,3199779,0,1,1,completed,1
47473,Rigid,3199778,3199778,3199779,0,1,1,completed,1
47474,Rigid,3199778,3199779,3281956,1,82177,82178,completed,1
47475,Rigid,3199779,3199779,3199780,0,1,1,completed,1
47476,Rigid,3199779,3199779,3199780,0,1,1,completed,1
47477,Rigid,3199779,3199779,3199780,0,1,1,completed,1
47478,Rigid,3199779,3199779,3199780,0,1,1,completed,1
47479,Rigid,3199779,3199779,3199781,0,2,2,completed,1
47480,Rigid,3199779,3199779,3199781,0,2,2,completed,1
47481,Rigid,3199779,3199779,3199781,0,2,2,completed,1
47482,Rigid,3199779,3199779,3199781,0,2,2,completed,1
47483,Rigid,3199779,3199779,3284122,0,84343,84343,completed,1
47484,Rigid,3199779,3199779,3199781,0,2,2,completed,1
47485,Rigid,3199779,3199780,3199781,1,1,2,completed,1
47486,Rigid,3199780,3199780,3199781,0,1,1,completed,1
47487,Rigid,3199780,3199780,3199781,0,1,1,completed,1
47488,Rigid,3199780,3199780,3199781,0,1,1,completed,1
47489,Rigid,3199780,3199780,3199781,0,1,1,completed,1
47490,Rigid,3199780,3199780,3199781,0,1,1,completed,1
47491,Rigid,3199780,3199780,3199781,0,1,1,completed,1
47492,Rigid,3199780,3199780,3270684,0,70904,70904,completed,1
47493,Rigid,3199780,3199780,3199781,0,1,1,completed,1
47494,Rigid,3199780,3199780,3199781,0,1,1,completed,1
47495,Rigid,3199781,3199781,3199782,0,1,1,completed,1
47496,Rigid,3199781,3199781,3281094,0,81313,81313,completed,1
47497,Rigid,3199781,3199781,3199782,0,1,1,completed,1
47498,Rigid,3199781,3199781,3199782,0,1,1,completed,1
47499,Rigid,3199781,3199781,3199782,0,1,1,completed,1
47500,Rigid,3199781,3199781,3199782,0,1,1,completed,1
47501,Rigid,3199781,3199782,3199783,1,1,2,completed,1
47502,Rigid,3199781,3199782,3199783,1,1,2,completed,1
47503,Rigid,3199781,3199782,3199783,1,1,2,completed,1
47504,Rigid,3199781,3199782,3271258,1,71476,71477,completed,1
47505,Rigid,3199781,3199782,3199783,1,1,2,completed,1
47506,Rigid,3199782,3199782,3199783,0,1,1,completed,1
47507,Rigid,3199782,3199782,3199783,0,1,1,completed,1
47508,Rigid,3199782,3199782,3274290,0,74508,74508,completed,1
47509,Rigid,3199782,3199782,3199783,0,1,1,completed,1
47510,Rigid,3199782,3199783,3199784,1,1,2,completed,1
47511,Rigid,3199782,3199783,3199784,1,1,2,completed,1
47512,Rigid,3199782,3199783,3199784,1,1,2,completed,1
47513,Rigid,3199782,3199783,3199784,1,1,2,completed,1
47514,Rigid,3199782,3199783,3199784,1,1,2,completed,1
47515,Rigid,3199782,3199783,3199784,1,1,2,completed,1
47516,Rigid,3199782,3199783,3274274,1,74491,74492,completed,1
47517,Rigid,3199782,3199783,3199784,1,1,2,completed,1
47518,Rigid,3199783,3199783,3199784,0,1,1,completed,1
47519,Rigid,3199783,3199783,3199784,0,1,1,completed,1
47520,Rigid,3199783,3199783,3272300,0,72517,72517,completed,1
47521,Rigid,3199783,3199783,3199784,0,1,1,completed,1
47522,Rigid,3199783,3199783,3199784,0,1,1,completed,1
47523,Rigid,3199792,3199794,3199795,2,1,3,completed,1
47524,Rigid,3199792,3199794,3199795,2,1,3,completed,1
47525,Rigid,3199792,3199794,3199795,2,1,3,completed,1
47526,Rigid,3199792,3199794,3199795,2,1,3,completed,1
47527,Rigid,3199792,3199794,3199795,2,1,3,completed,1
47528,Rigid,3199792,3199794,3199795,2,1,3,completed,1
47529,Rigid,3199792,3199794,3199795,2,1,3,completed,1
47530,Rigid,3199792,3199794,3199795,2,1,3,completed,1
47531,Rigid,3199792,3199794,3199795,2,1,3,completed,1
47532,Rigid,3199793,3199794,3199795,1,1,2,completed,1
47533,Rigid,3199793,3199794,3199795,1,1,2,completed,1
47534,Rigid,3199793,3199794,3199795,1,1,2,completed,1
47535,Rigid,3199793,3199794,3199795,1,1,2,completed,1
47536,Rigid,3199793,3199794,3199795,1,1,2,completed,1
47537,Rigid,3199793,3199794,3199795,1,1,2,completed,1
47538,Rigid,3199793,3199794,3199795,1,1,2,completed,1
47539,Rigid,3199793,3199794,3199795,1,1,2,completed,1
47540,Rigid,3199793,3199794,3199795,1,1,2,completed,1
47541,Rigid,3199793,3199794,3199795,1,1,2,completed,1
47542,Rigid,3199794,3199796,3199797,2,1,3,completed,1
47543,Rigid,3199794,3199796,3199797,2,1,3,completed,1
47544,Rigid,3199794,3199796,3199797,2,1,3,completed,1
47545,Rigid,3199794,3199796,3199797,2,1,3,completed,1
47546,Rigid,3199794,3199796,3199797,2,1,3,completed,1
47547,Rigid,3199794,3199796,3199797,2,1,3,completed,1
47548,Rigid,3199794,3199796,3199797,2,1,3,completed,1
47549,Rigid,3199794,3199796,3199797,2,1,3,completed,1
47550,Rigid,3199794,3199796,3199797,2,1,3,completed,1
47551,Rigid,3199794,3199796,3199797,2,1,3,completed,1
47552,Rigid,3199795,3199796,3199797,1,1,2,completed,1
47553,Rigid,3199795,3199796,3199797,1,1,2,completed,1
47554,Rigid,3199795,3199796,3199797,1,1,2,completed,1
47555,Rigid,3199795,3199796,3199797,1,1,2,completed,1
47556,Rigid,3199795,3199796,3199797,1,1,2,completed,1
47557,Rigid,3199795,3199796,3199797,1,1,2,completed,1
47558,Rigid,3199796,3199796,3199797,0,1,1,completed,1
47559,Rigid,3199796,3199796,3199797,0,1,1,completed,1
47560,Rigid,3199796,3199796,3199797,0,1,1,completed,1
47561,Rigid,3199796,3199796,3199797,0,1,1,completed,1
47562,Rigid,3199796,3199796,3199797,0,1,1,completed,1
47563,Rigid,3199796,3199796,3199797,0,1,1,completed,1
47564,Rigid,3199796,3199796,3199797,0,1,1,completed,1
47565,Rigid,3199796,3199796,3199798,0,2,2,completed,1
47566,Rigid,3199797,3199797,3199798,0,1,1,completed,1
47567,Rigid,3199797,3199797,3199798,0,1,1,completed,1
47568,Rigid,3199797,3199797,3199798,0,1,1,completed,1
47569,Rigid,3199797,3199798,3199799,1,1,2,completed,1
47570,Rigid,3199797,3199798,3199799,1,1,2,completed,1
47571,Rigid,3199797,3199798,3199799,1,1,2,completed,1
47572,Rigid,3199797,3199798,3199799,1,1,2,completed,1
47573,Rigid,3199797,3199798,3199799,1,1,2,completed,1
47574,Rigid,3199797,3199798,3199799,1,1,2,completed,1
47575,Rigid,3199797,3199798,3199799,1,1,2,completed,1
47576,Rigid,3199798,3199798,3199799,0,1,1,completed,1
47577,Rigid,3199798,3199798,3199799,0,1,1,completed,1
47578,Rigid,3199798,3199798,3199799,0,1,1,completed,1
47579,Rigid,3199798,3199798,3199799,0,1,1,completed,1
47580,Rigid,3199798,3199798,3199799,0,1,1,completed,1
47581,Rigid,3199798,3199798,3199799,0,1,1,completed,1
47582,Rigid,3199798,3199798,3199799,0,1,1,completed,1
47583,Rigid,3199798,3199798,3199800,0,2,2,completed,1
47584,Rigid,3199798,3199798,3199800,0,2,2,completed,1
47585,Rigid,3199799,3199799,3199800,0,1,1,completed,1
47586,Rigid,3199799,3199799,3199800,0,1,1,completed,1
47587,Rigid,3199799,3199799,3199800,0,1,1,completed,1
47588,Rigid,3199799,3199799,3199800,0,1,1,completed,1
47589,Rigid,3199799,3199799,3199800,0,1,1,completed,1
47590,Rigid,3199799,3199799,3199800,0,1,1,completed,1
47591,Rigid,3199799,3199799,3199800,0,1,1,completed,1
47592,Rigid,3199799,3199800,3199801,1,1,2,completed,1
47593,Rigid,3199799,3199800,3199801,1,1,2,completed,1
47594,Rigid,3199800,3199800,3199801,0,1,1,completed,1
47595,Rigid,3199800,3199800,3199801,0,1,1,completed,1
47596,Rigid,3199800,3199800,3199801,0,1,1,completed,1
47597,Rigid,3199800,3199801,3199802,1,1,2,completed,1
47598,Rigid,3199800,3199801,3199802,1,1,2,completed,1
47599,Rigid,3199800,3199801,3199802,1,1,2,completed,1
47600,Rigid,3199800,3199801,3199802,1,1,2,completed,1
47601,Rigid,3199800,3199801,3199802,1,1,2,completed,1
47602,Rigid,3199800,3199801,3199802,1,1,2,completed,1
47603,Rigid,3199801,3199801,3199802,0,1,1,completed,1
47604,Rigid,3199801,3199801,3199802,0,1,1,completed,1
47605,Rigid,3199801,3199801,3199802,0,1,1,completed,1
47606,Rigid,3199801,3199801,3199802,0,1,1,completed,1
47607,Rigid,3199801,3199801,3199802,0,1,1,completed,1
47608,Rigid,3199801,3199802,3199803,1,1,2,completed,1
47609,Rigid,3199802,3199802,3199803,0,1,1,completed,1
47610,Rigid,3199802,3199802,3199803,0,1,1,completed,1
47611,Rigid,3199802,3199802,3199803,0,1,1,completed,1
47612,Rigid,3199802,3199802,3199803,0,1,1,completed,1
47613,Rigid,3199802,3199802,3199803,0,1,1,completed,1
47614,Rigid,3199802,3199802,3199803,0,1,1,completed,1
47615,Rigid,3199802,3199802,3199803,0,1,1,completed,1
47616,Rigid,3199802,3199802,3199803,0,1,1,completed,1
47617,Rigid,3199802,3199803,3199804,1,1,2,completed,1
47618,Rigid,3199803,3199803,3199804,0,1,1,completed,1
47619,Rigid,3199803,3199803,3199804,0,1,1,completed,1
47620,Rigid,3199803,3199803,3199804,0,1,1,completed,1
47621,Rigid,3199803,3199803,3199804,0,1,1,completed,1
47622,Rigid,3199812,3199812,3199813,0,1,1,completed,1
47623,Rigid,3199812,3199812,3200913,0,1101,1101,completed,2
47624,Rigid,3199812,3199812,3199813,0,1,1,completed,1
47625,Rigid,3199812,3199812,3199813,0,1,1,completed,1
47626,Rigid,3199812,3199812,3199851,0,39,39,completed,2
47627,Rigid,3199812,3199815,3199827,3,12,15,completed,2
47628,Rigid,3199812,3199815,3199827,3,12,15,completed,2
47629,Rigid,3199812,3199815,3199880,3,65,68,completed,1
47630,Rigid,3199812,3199815,3199827,3,12,15,completed,2
47631,Rigid,3199812,3199815,3199850,3,35,38,completed,2
47632,Rigid,3199813,3199815,3199820,2,5,7,completed,1
47633,Rigid,3199813,3199815,3199897,2,82,84,completed,2
47634,Rigid,3199814,3199815,3199820,1,5,6,completed,1
47635,Rigid,3199814,3199815,3199827,1,12,13,completed,2
47636,Rigid,3199814,3199815,3199827,1,12,13,completed,2
47637,Rigid,3199814,3199815,3199827,1,12,13,completed,2
47638,Rigid,3199814,3199815,3199820,1,5,6,completed,1
47639,Rigid,3199814,3199815,3199897,1,82,83,completed,2
47640,Rigid,3199814,3199815,3199897,1,82,83,completed,2
47641,Rigid,3199814,3199815,3199828,1,13,14,completed,2
47642,Rigid,3199815,3199815,3199828,0,13,13,completed,2
47643,Rigid,3199815,3199816,3199827,1,11,12,completed,2
47644,Rigid,3199815,3199816,3199827,1,11,12,completed,2
47645,Rigid,3199815,3199816,3199828,1,12,13,completed,2
47646,Rigid,3199815,3199816,3199897,1,81,82,completed,2
47647,Rigid,3199815,3199816,3199827,1,11,12,completed,2
47648,Rigid,3199815,3199816,3199827,1,11,12,completed,2
47649,Rigid,3199815,3199816,3199827,1,11,12,completed,2
47650,Rigid,3199815,3199816,3199827,1,11,12,completed,2
47651,Rigid,3199815,3199816,3199820,1,4,5,completed,1
47652,Rigid,3199816,3199816,3199820,0,4,4,completed,1
47653,Rigid,3199816,3199816,3199897,0,81,81,completed,2
47654,Rigid,3199816,3199816,3199827,0,11,11,completed,2
47655,Rigid,3199816,3199816,3199827,0,11,11,completed,2
47656,Rigid,3199816,3199820,3199828,4,8,12,completed,2
47657,Rigid,3199816,3199820,3199897,4,77,81,completed,2
47658,Rigid,3199816,3199820,3199824,4,4,8,completed,1
47659,Rigid,3199816,3199820,3199829,4,9,13,completed,2
47660,Rigid,3199816,3199820,3199828,4,8,12,completed,2
47661,Rigid,3199816,3199820,3199828,4,8,12,completed,2
47662,Rigid,3199817,3199820,3199829,3,9,12,completed,2
47663,Rigid,3199817,3199820,3199828,3,8,11,completed,2
47664,Rigid,3199817,3199820,3199829,3,9,12,completed,2
47665,Rigid,3199817,3199820,3199824,3,4,7,completed,1
47666,Rigid,3199817,3199820,3199828,3,8,11,completed,2
47667,Rigid,3199817,3199820,3199828,3,8,11,completed,2
47668,Rigid,3199817,3199820,3199829,3,9,12,completed,2
47669,Rigid,3199817,3199820,3199828,3,8,11,completed,2
47670,Rigid,3199817,3199820,3199828,3,8,11,completed,2
47671,Rigid,3199817,3199820,3199897,3,77,80,completed,2
47672,Rigid,3199818,3199820,3199828,2,8,10,completed,2
47673,Rigid,3199818,3199820,3199897,2,77,79,completed,2
47674,Rigid,3199818,3199820,3199824,2,4,6,completed,1
47675,Rigid,3199818,3199820,3199828,2,8,10,completed,2
47676,Rigid,3199818,3199820,3199828,2,8,10,completed,2
47677,Rigid,3199818,3199820,3199824,2,4,6,completed,1
47678,Rigid,3199818,3199820,3199828,2,8,10,completed,2
47679,Rigid,3199818,3199820,3199828,2,8,10,completed,2
47680,Rigid,3199818,3199820,3199897,2,77,79,completed,2
47681,Rigid,3199818,3199820,3199828,2,8,10,completed,2
47682,Rigid,3199819,3199820,3199829,1,9,10,completed,2
47683,Rigid,3199819,3199820,3199829,1,9,10,completed,2
47684,Rigid,3199819,3199820,3199829,1,9,10,completed,2
47685,Rigid,3199819,3199820,3199897,1,77,78,completed,2
47686,Rigid,3199819,3199820,3199897,1,77,78,completed,2
47687,Rigid,3199819,3199820,3199824,1,4,5,completed,1
47688,Rigid,3199819,3199820,3199824,1,4,5,completed,1
47689,Rigid,3199819,3199820,3199829,1,9,10,completed,2
47690,Rigid,3199819,3199820,3199824,1,4,5,completed,1
47691,Rigid,3199820,3199820,3199897,0,77,77,completed,2
47692,Rigid,3199820,3199820,3199828,0,8,8,completed,2
47693,Rigid,3199820,3199820,3199828,0,8,8,completed,2
47694,Rigid,3199820,3199820,3199828,0,8,8,completed,2
47695,Rigid,3199820,3199821,3199829,1,8,9,completed,2
47696,Rigid,3199821,3199821,3199824,0,3,3,completed,1
47697,Rigid,3199821,3199821,3199829,0,8,8,completed,2
47698,Rigid,3199821,3199821,3199824,0,3,3,completed,1
47699,Rigid,3199821,3199821,3199897,0,76,76,completed,2
47700,Rigid,3199821,3199821,3199829,0,8,8,completed,2
47701,Rigid,3199821,3199821,3199897,0,76,76,completed,2
47702,Rigid,3199821,3199821,3199829,0,8,8,completed,2
47703,Rigid,3199821,3199821,3199829,0,8,8,completed,2
47704,Rigid,3199821,3199823,3199897,2,74,76,completed,2
47705,Rigid,3199821,3199823,3199831,2,8,10,completed,2
47706,Rigid,3199822,3199823,3199827,1,4,5,completed,1
47707,Rigid,3199822,3199823,3199897,1,74,75,completed,2
47708,Rigid,3199822,3199823,3199831,1,8,9,completed,2
47709,Rigid,3199822,3199823,3199831,1,8,9,completed,2
47710,Rigid,3199822,3199823,3199827,1,4,5,completed,1
47711,Rigid,3199822,3199823,3199897,1,74,75,completed,2
47712,Rigid,3199822,3199823,3199830,1,7,8,completed,2
47713,Rigid,3199822,3199823,3199897,1,74,75,completed,2
47714,Rigid,3199823,3199823,3199830,0,7,7,completed,2
47715,Rigid,3199823,3199823,3199897,0,74,74,completed,2
47716,Rigid,3199823,3199823,3199831,0,8,8,completed,2
47717,Rigid,3199823,3199823,3199831,0,8,8,completed,2
47718,Rigid,3199823,3199823,3199827,0,4,4,completed,1
47719,Rigid,3199823,3199823,3199827,0,4,4,completed,1
47720,Rigid,3199823,3199825,3199828,2,3,5,completed,1
47721,Rigid,3199823,3199825,3199833,2,8,10,completed,2
47722,Rigid,3199832,3199832,3199835,0,3,3,completed,1
47723,Rigid,3199832,3199832,3199840,0,8,8,completed,2
47724,Rigid,3199832,3199833,3199897,1,64,65,completed,2
47725,Rigid,3199832,3199833,3199840,1,7,8,completed,2
47726,Rigid,3199832,3199833,3199835,1,2,3,completed,1
47727,Rigid,3199832,3199833,3199897,1,64,65,completed,2
47728,Rigid,3199833,3199834,3199843,1,9,10,completed,2
47729,Rigid,3199833,3199834,3199841,1,7,8,completed,2
47730,Rigid,3199833,3199834,3199837,1,3,4,completed,1
47731,Rigid,3199833,3199834,3199897,1,63,64,completed,2
47732,Rigid,3199833,3199834,3199897,1,63,64,completed,2
47733,Rigid,3199833,3199834,3199841,1,7,8,completed,2
47734,Rigid,3199833,3199834,3199837,1,3,4,completed,1
47735,Rigid,3199834,3199836,3199845,2,9,11,completed,2
47736,Rigid,3199834,3199836,3199845,2,9,11,completed,2
47737,Rigid,3199834,3199836,3199845,2,9,11,completed,2
47738,Rigid,3199834,3199836,3199845,2,9,11,completed,2
47739,Rigid,3199834,3199836,3199845,2,9,11,completed,2
47740,Rigid,3199834,3199836,3199840,2,4,6,completed,1
47741,Rigid,3199834,3199836,3199845,2,9,11,completed,2
47742,Rigid,3199834,3199836,3199845,2,9,11,completed,2
47743,Rigid,3199834,3199836,3199901,2,65,67,completed,2
47744,Rigid,3199835,3199836,3199845,1,9,10,completed,2
47745,Rigid,3199835,3199836,3199845,1,9,10,completed,2
47746,Rigid,3199835,3199836,3199845,1,9,10,completed,2
47747,Rigid,3199835,3199836,3199840,1,4,5,completed,1
47748,Rigid,3199835,3199836,3199845,1,9,10,completed,2
47749,Rigid,3199835,3199836,3199897,1,61,62,completed,2
47750,Rigid,3199836,3199836,3199845,0,9,9,completed,2
47751,Rigid,3199836,3199836,3199845,0,9,9,completed,2
47752,Rigid,3199836,3199836,3199845,0,9,9,completed,2
47753,Rigid,3199836,3199836,3199840,0,4,4,completed,1
47754,Rigid,3199836,3199836,3199845,0,9,9,completed,2
47755,Rigid,3199836,3199836,3199845,0,9,9,completed,2
47756,Rigid,3199836,3199836,3199897,0,61,61,completed,2
47757,Rigid,3199836,3199836,3199845,0,9,9,completed,2
47758,Rigid,3199836,3199836,3199897,0,61,61,completed,2
47759,Rigid,3199836,3199837,3199845,1,8,9,completed,2
47760,Rigid,3199837,3199837,3199840,0,3,3,completed,1
47761,Rigid,3199837,3199838,3199901,1,63,64,completed,2
47762,Rigid,3199837,3199838,3199847,1,9,10,completed,2
47763,Rigid,3199837,3199838,3199842,1,4,5,completed,1
47764,Rigid,3199837,3199838,3199847,1,9,10,completed,2
47765,Rigid,3199837,3199838,3199847,1,9,10,completed,2
47766,Rigid,3199837,3199838,3199847,1,9,10,completed,2
47767,Rigid,3199837,3199838,3199847,1,9,10,completed,2
47768,Rigid,3199837,3199838,3199847,1,9,10,completed,2
47769,Rigid,3199838,3199838,3199841,0,3,3,completed,1
47770,Rigid,3199838,3199838,3199847,0,9,9,completed,2
47771,Rigid,3199838,3199838,3199901,0,63,63,completed,2
47772,Rigid,3199838,3199838,3199847,0,9,9,completed,2
47773,Rigid,3199838,3199838,3199847,0,9,9,completed,2
47774,Rigid,3199839,3199840,3199901,1,61,62,completed,2
47775,Rigid,3199839,3199840,3199850,1,10,11,completed,2
47776,Rigid,3199839,3199840,3199844,1,4,5,completed,1
47777,Rigid,3199839,3199840,3199850,1,10,11,completed,2
47778,Rigid,3199839,3199840,3199844,1,4,5,completed,1
47779,Rigid,3199839,3199840,3199850,1,10,11,completed,2
47780,Rigid,3199839,3199840,3199850,1,10,11,completed,2
47781,Rigid,3199839,3199840,3199900,1,60,61,completed,2
47782,Rigid,3199839,3199840,3199900,1,60,61,completed,2
47783,Rigid,3199839,3199840,3199844,1,4,5,completed,1
47784,Rigid,3199840,3199840,3199850,0,10,10,completed,2
47785,Rigid,3199840,3199840,3199844,0,4,4,completed,1
47786,Rigid,3199840,3199840,3199850,0,10,10,completed,2
47787,Rigid,3199840,3199840,3199900,0,60,60,completed,2
47788,Rigid,3199840,3199840,3199850,0,10,10,completed,2
47789,Rigid,3199840,3199841,3199850,1,9,10,completed,2
47790,Rigid,3199840,3199841,3199850,1,9,10,completed,2
47791,Rigid,3199841,3199841,3199852,0,11,11,completed,2
47792,Rigid,3199841,3199841,3199897,0,56,56,completed,2
47793,Rigid,3199841,3199841,3199852,0,11,11,completed,2
47794,Rigid,3199841,3199841,3199844,0,3,3,completed,1
47795,Rigid,3199841,3199841,3199845,0,4,4,completed,1
47796,Rigid,3199841,3199842,3199852,1,10,11,completed,2
47797,Rigid,3199842,3199842,3199897,0,55,55,completed,2
47798,Rigid,3199842,3199842,3199852,0,10,10,completed,2
47799,Rigid,3199852,3199852,3199861,0,9,9,completed,2
47800,Rigid,3199852,3199852,3199926,0,74,74,completed,2
47801,Rigid,3199852,3199852,3199861,0,9,9,completed,2
47802,Rigid,3199852,3199852,3199856,0,4,4,completed,1
47803,Rigid,3199852,3199852,3199926,0,74,74,completed,2
47804,Rigid,3199852,3199852,3199856,0,4,4,completed,1
47805,Rigid,3199852,3199852,3199861,0,9,9,completed,2
47806,Rigid,3199853,3199854,3199861,1,7,8,completed,2
47807,Rigid,3199853,3199854,3199926,1,72,73,completed,2
47808,Rigid,3199853,3199854,3199861,1,7,8,completed,2
47809,Rigid,3199853,3199854,3199861,1,7,8,completed,2
47810,Rigid,3199853,3199854,3199926,1,72,73,completed,2
47811,Rigid,3199853,3199854,3199856,1,2,3,completed,1
47812,Rigid,3199853,3199854,3199861,1,7,8,completed,2
47813,Rigid,3199854,3199857,3199860,3,3,6,completed,1
47814,Rigid,3199854,3199857,3199860,3,3,6,completed,1
47815,Rigid,3199854,3199857,3199925,3,68,71,completed,2
47816,Rigid,3199854,3199857,3199860,3,3,6,completed,1
47817,Rigid,3199854,3199857,3199866,3,9,12,completed,2
47818,Rigid,3199854,3199857,3199866,3,9,12,completed,2
47819,Rigid,3199854,3199857,3199860,3,3,6,completed,1
47820,Rigid,3199854,3199857,3199925,3,68,71,completed,2
47821,Rigid,3199854,3199857,3199926,3,69,72,completed,2
47822,Rigid,3199855,3199857,3199926,2,69,71,completed,2
47823,Rigid,3199855,3199857,3199866,2,9,11,completed,2
47824,Rigid,3199855,3199857,3199866,2,9,11,completed,2
47825,Rigid,3199855,3199857,3199861,2,4,6,completed,1
47826,Rigid,3199855,3199857,3199865,2,8,10,completed,2
47827,Rigid,3199855,3199857,3199865,2,8,10,completed,2
47828,Rigid,3199855,3199857,3199860,2,3,5,completed,1
47829,Rigid,3199855,3199857,3199925,2,68,70,completed,2
47830,Rigid,3199856,3199857,3199860,1,3,4,completed,1
47831,Rigid,3199856,3199857,3199925,1,68,69,completed,2
47832,Rigid,3199856,3199857,3199865,1,8,9,completed,2
47833,Rigid,3199856,3199857,3199860,1,3,4,completed,1
47834,Rigid,3199856,3199857,3199865,1,8,9,completed,2
47835,Rigid,3199856,3199857,3199925,1,68,69,completed,2
47836,Rigid,3199857,3199857,3199865,0,8,8,completed,2
47837,Rigid,3199857,3199857,3199860,0,3,3,completed,1
47838,Rigid,3199857,3199857,3199925,0,68,68,completed,2
47839,Rigid,3199857,3199857,3199866,0,9,9,completed,2
47840,Rigid,3199857,3199858,3199870,1,12,13,completed,2
47841,Rigid,3199858,3199858,3199870,0,12,12,completed,2
47842,Rigid,3199858,3199858,3199866,0,8,8,completed,2
47843,Rigid,3199858,3199858,3199925,0,67,67,completed,2
47844,Rigid,3199858,3199858,3199866,0,8,8,completed,2
47845,Rigid,3199858,3199858,3199866,0,8,8,completed,2
47846,Rigid,3199858,3199858,3199861,0,3,3,completed,1
47847,Rigid,3199858,3199858,3199866,0,8,8,completed,2
47848,Rigid,3199859,3199861,3199864,2,3,5,completed,1
47849,Rigid,3199859,3199861,3199864,2,3,5,completed,1
47850,Rigid,3199859,3199861,3199925,2,64,66,completed,2
47851,Rigid,3199859,3199861,3199875,2,14,16,completed,2
47852,Rigid,3199859,3199861,3199925,2,64,66,completed,2
47853,Rigid,3199859,3199861,3199925,2,64,66,completed,2
47854,Rigid,3199859,3199861,3199875,2,14,16,completed,2
47855,Rigid,3199859,3199861,3199864,2,3,5,completed,1
47856,Rigid,3199860,3199861,3199875,1,14,15,completed,2
47857,Rigid,3199860,3199861,3199875,1,14,15,completed,2
47858,Rigid,3199860,3199861,3199875,1,14,15,completed,2
47859,Rigid,3199860,3199861,3199875,1,14,15,completed,2
47860,Rigid,3199862,3199862,3199875,0,13,13,completed,2
47861,Rigid,3199862,3199862,3199875,0,13,13,completed,2
47862,Rigid,3199875,3199875,3199884,0,9,9,completed,1
47863,Rigid,3199875,3199875,3199880,0,5,5,completed,1
47864,Rigid,3199875,3199876,3199943,1,67,68,completed,2
47865,Rigid,3199876,3199876,3199942,0,66,66,completed,2
47866,Rigid,3199876,3199876,3199888,0,12,12,completed,2
47867,Rigid,3199876,3199876,3199888,0,12,12,completed,2
47868,Rigid,3199876,3199876,3199888,0,12,12,completed,2
47869,Rigid,3199876,3199876,3199880,0,4,4,completed,1
47870,Rigid,3199876,3199900,3199904,24,4,28,completed,1
47871,Rigid,3199876,3240584,3240593,40708,9,40717,completed,1
47872,Rigid,3199876,3199877,3199888,1,11,12,completed,2
47873,Rigid,3199877,3199877,3199888,0,11,11,completed,2
47874,Rigid,3199877,3199877,3199880,0,3,3,completed,1
47875,Rigid,3199877,3199877,3199887,0,10,10,completed,2
47876,Rigid,3199877,3199877,3199941,0,64,64,completed,2
47877,Rigid,3199877,3199877,3199880,0,3,3,completed,1
47878,Rigid,3199877,3199877,3199887,0,10,10,completed,2
47879,Rigid,3199877,3199877,3199942,0,65,65,completed,2
47880,Rigid,3199877,3199880,3199892,3,12,15,completed,2
47881,Rigid,3199877,3199880,3199892,3,12,15,completed,2
47882,Rigid,3199878,3199880,3199884,2,4,6,completed,1
47883,Rigid,3199878,3199880,3199943,2,63,65,completed,2
47884,Rigid,3199878,3199880,3199892,2,12,14,completed,2
47885,Rigid,3199878,3199880,3199892,2,12,14,completed,2
47886,Rigid,3199878,3199880,3199943,2,63,65,completed,2
47887,Rigid,3199878,3199880,3199892,2,12,14,completed,2
47888,Rigid,3199879,3199880,3199884,1,4,5,completed,1
47889,Rigid,3199879,3199880,3199939,1,59,60,completed,2
47890,Rigid,3199879,3199880,3199884,1,4,5,completed,1
47891,Rigid,3199879,3199880,3199892,1,12,13,completed,2
47892,Rigid,3199879,3199880,3199939,1,59,60,completed,2
47893,Rigid,3199879,3199880,3199884,1,4,5,completed,1
47894,Rigid,3199880,3199880,3199939,0,59,59,completed,2
47895,Rigid,3199880,3199880,3199893,0,13,13,completed,2
47896,Rigid,3199880,3199880,3199884,0,4,4,completed,1
47897,Rigid,3199880,3199880,3199891,0,11,11,completed,2
47898,Rigid,3199880,3199880,3199891,0,11,11,completed,2
47899,Rigid,3199880,3199880,3199935,0,55,55,completed,2
47900,Rigid,3199880,3199880,3199892,0,12,12,completed,2
47901,Rigid,3199880,3199880,3199884,0,4,4,completed,1
47902,Rigid,3199881,3199881,3199891,0,10,10,completed,2
47903,Rigid,3199881,3199881,3199936,0,55,55,completed,2
47904,Rigid,3199881,3199881,3199884,0,3,3,completed,1
47905,Rigid,3199881,3199882,3199885,1,3,4,completed,1
47906,Rigid,3199881,3199882,3199892,1,10,11,completed,2
47907,Rigid,3199881,3199882,3199948,1,66,67,completed,2
47908,Rigid,3199881,3199882,3199891,1,9,10,completed,2
47909,Rigid,3199881,3199882,3199935,1,53,54,completed,2
47910,Rigid,3199883,3199883,3199894,0,11,11,completed,2
47911,Rigid,3199885,3199885,3199888,0,3,3,completed,1
47912,Rigid,3199885,3199885,3199936,0,51,51,completed,2
47913,Rigid,3199896,3199896,3199906,0,10,10,completed,2
47914,Rigid,3199896,3199897,3199906,1,9,10,completed,2
47915,Rigid,3199896,3199897,3199900,1,3,4,completed,1
47916,Rigid,3199896,3199897,3199906,1,9,10,completed,2
47917,Rigid,3199896,3199897,3199906,1,9,10,completed,2
47918,Rigid,3199896,3199897,3199964,1,67,68,completed,2
47919,Rigid,3199896,3199897,3199906,1,9,10,completed,2
47920,Rigid,3199896,3199897,3199900,1,3,4,completed,1
47921,Rigid,3199897,3199897,3199900,0,3,3,completed,1
47922,Rigid,3199897,3199897,3199907,0,10,10,completed,2
47923,Rigid,3199897,3199897,3199961,0,64,64,completed,2
47924,Rigid,3199897,3199898,3199908,1,10,11,completed,2
47925,Rigid,3199897,3199898,3199908,1,10,11,completed,2
47926,Rigid,3199897,3199898,3199908,1,10,11,completed,2
47927,Rigid,3199897,3199898,3199908,1,10,11,completed,2
47928,Rigid,3199898,3199898,3199960,0,62,62,completed,2
47929,Rigid,3199898,3199898,3199908,0,10,10,completed,2
47930,Rigid,3199898,3199898,3199902,0,4,4,completed,1
47931,Rigid,3199898,3199898,3199908,0,10,10,completed,2
47932,Rigid,3199898,3199898,3199902,0,4,4,completed,1
47933,Rigid,3199898,3199898,3199908,0,10,10,completed,2
47934,Rigid,3199899,3199899,3199960,0,61,61,completed,2
47935,Rigid,3199899,3199899,3199902,0,3,3,completed,1
47936,Rigid,3199899,3199899,3199908,0,9,9,completed,2
47937,Rigid,3199899,3199899,3199960,0,61,61,completed,2
47938,Rigid,3199899,3199899,3199908,0,9,9,completed,2
47939,Rigid,3199899,3199899,3199902,0,3,3,completed,1
47940,Rigid,3199899,3199899,3199908,0,9,9,completed,2
47941,Rigid,3199899,3199900,3199960,1,60,61,completed,2
47942,Rigid,3199900,3199900,3199960,0,60,60,completed,2
47943,Rigid,3199900,3199900,3199903,0,3,3,completed,1
47944,Rigid,3199900,3199900,3199910,0,10,10,completed,2
47945,Rigid,3199900,3199900,3199910,0,10,10,completed,2
47946,Rigid,3199900,3199900,3199903,0,3,3,completed,1
47947,Rigid,3199902,3199902,3199911,0,9,9,completed,2
47948,Rigid,3199902,3199902,3199911,0,9,9,completed,2
47949,Rigid,3199902,3199902,3199962,0,60,60,completed,2
47950,Rigid,3199902,3199902,3199911,0,9,9,completed,2
47951,Rigid,3199902,3199902,3199905,0,3,3,completed,1
47952,Rigid,3199902,3199902,3199969,0,67,67,completed,2
47953,Rigid,3199902,3199902,3199905,0,3,3,completed,1
47954,Rigid,3199903,3199903,3199914,0,11,11,completed,2
47955,Rigid,3199903,3199903,3199973,0,70,70,completed,2
47956,Rigid,3199903,3199903,3199914,0,11,11,completed,2
47957,Rigid,3199903,3199903,3199911,0,8,8,completed,2
47958,Rigid,3199903,3199903,3199906,0,3,3,completed,1
47959,Rigid,3199903,3199903,3199911,0,8,8,completed,2
47960,Rigid,3199903,3199903,3199961,0,58,58,completed,2
47961,Rigid,3199903,3199905,3199967,2,62,64,completed,2
47962,Rigid,3199903,3199905,3199916,2,11,13,completed,2
47963,Rigid,3199904,3199905,3199908,1,3,4,completed,1
47964,Rigid,3199904,3199905,3199962,1,57,58,completed,2
47965,Rigid,3199904,3199905,3199908,1,3,4,completed,1
47966,Rigid,3199904,3199905,3199962,1,57,58,completed,2
47967,Rigid,3199904,3199905,3199908,1,3,4,completed,1
47968,Rigid,3199904,3199905,3199915,1,10,11,completed,2
47969,Rigid,3199904,3199905,3199915,1,10,11,completed,2
47970,Rigid,3199904,3199905,3199915,1,10,11,completed,2
47971,Rigid,3199904,3199905,3199908,1,3,4,completed,1
47972,Rigid,3199904,3199905,3199962,1,57,58,completed,2
47973,Rigid,3199905,3199905,3199908,0,3,3,completed,1
47974,Rigid,3199905,3199905,3199914,0,9,9,completed,2
47975,Rigid,3199905,3199905,3199913,0,8,8,completed,2
47976,Rigid,3199905,3199906,3199909,1,3,4,completed,1
47977,Rigid,3199905,3199906,3199962,1,56,57,completed,2
47978,Rigid,3199905,3199906,3199962,1,56,57,completed,2
47979,Rigid,3199905,3199906,3199921,1,15,16,completed,2
47980,Rigid,3199905,3199906,3199962,1,56,57,completed,2
47981,Rigid,3199905,3199906,3199909,1,3,4,completed,1
47982,Rigid,3199916,3199916,3199927,0,11,11,completed,2
47983,Rigid,3199916,3199916,3199979,0,63,63,completed,2
47984,Rigid,3199916,3199916,3199919,0,3,3,completed,1
47985,Rigid,3199916,3199917,3199927,1,10,11,completed,2
47986,Rigid,3199916,3199917,3199927,1,10,11,completed,2
47987,Rigid,3199916,3199917,3199927,1,10,11,completed,2
47988,Rigid,3199916,3199917,3199921,1,4,5,completed,1
47989,Rigid,3199916,3199917,3199927,1,10,11,completed,2
47990,Rigid,3199916,3199917,3199979,1,62,63,completed,2
47991,Rigid,3199917,3199917,3199921,0,4,4,completed,1
47992,Rigid,3199917,3199917,3199979,0,62,62,completed,2
47993,Rigid,3199917,3199917,3199927,0,10,10,completed,2
47994,Rigid,3199917,3199917,3199979,0,62,62,completed,2
47995,Rigid,3199917,3199917,3199927,0,10,10,completed,2
47996,Rigid,3199917,3199917,3199929,0,12,12,completed,2
47997,Rigid,3199917,3199917,3199929,0,12,12,completed,2
47998,Rigid,3199917,3199917,3199921,0,4,4,completed,1
47999,Rigid,3199918,3199920,3199991,2,71,73,completed,2
48000,Rigid,3199918,3199920,3199930,2,10,12,completed,2
48001,Rigid,3199918,3199920,3199930,2,10,12,completed,2
48002,Rigid,3199918,3199920,3199924,2,4,6,completed,1
48003,Rigid,3199918,3199920,3199924,2,4,6,completed,1
48004,Rigid,3199918,3199920,3199930,2,10,12,completed,2
48005,Rigid,3199919,3199920,3199930,1,10,11,completed,2
48006,Rigid,3199919,3199920,3199981,1,61,62,completed,2
48007,Rigid,3199919,3199920,3199933,1,13,14,completed,2
48008,Rigid,3199919,3199920,3199924,1,4,5,completed,1
48009,Rigid,3199919,3199920,3199981,1,61,62,completed,2
48010,Rigid,3199919,3199920,3199933,1,13,14,completed,2
48011,Rigid,3199919,3199920,3199933,1,13,14,completed,2
48012,Rigid,3199919,3199920,3199924,1,4,5,completed,1
48013,Rigid,3199920,3199920,3199981,0,61,61,completed,2
48014,Rigid,3199920,3199920,3199933,0,13,13,completed,2
48015,Rigid,3199920,3199920,3199931,0,11,11,completed,2
48016,Rigid,3199920,3199920,3199924,0,4,4,completed,1
48017,Rigid,3199920,3199920,3199931,0,11,11,completed,2
48018,Rigid,3199920,3199922,3199934,2,12,14,completed,2
48019,Rigid,3199920,3199922,3199934,2,12,14,completed,2
48020,Rigid,3199921,3199922,3199982,1,60,61,completed,2
48021,Rigid,3199921,3199923,3199934,2,11,13,completed,2
48022,Rigid,3199921,3199923,3199926,2,3,5,completed,1
48023,Rigid,3199921,3199923,3199976,2,53,55,completed,2
48024,Rigid,3199921,3199923,3199976,2,53,55,completed,2
48025,Rigid,3199921,3199923,3199926,2,3,5,completed,1
48026,Rigid,3199921,3199923,3199934,2,11,13,completed,2
48027,Rigid,3199922,3199923,3199976,1,53,54,completed,2
48028,Rigid,3199922,3199923,3199926,1,3,4,completed,1
48029,Rigid,3199922,3199923,3199934,1,11,12,completed,2
48030,Rigid,3199922,3199923,3199934,1,11,12,completed,2
48031,Rigid,3199922,3199923,3199934,1,11,12,completed,2
48032,Rigid,3199925,3199926,3199929,1,3,4,completed,1
48033,Rigid,3199925,3199926,3199938,1,12,13,completed,2
48034,Rigid,3199925,3199926,3199976,1,50,51,completed,2
48035,Rigid,3199936,3199937,3200002,1,65,66,completed,2
48036,Rigid,3199936,3199937,3199946,1,9,10,completed,2
48037,Rigid,3199936,3199937,3199940,1,3,4,completed,1
48038,Rigid,3199936,3199937,3199946,1,9,10,completed,2
48039,Rigid,3199936,3199937,3200002,1,65,66,completed,2
48040,Rigid,3199936,3199937,3199940,1,3,4,completed,1
48041,Rigid,3199936,3199937,3199946,1,9,10,completed,2
48042,Rigid,3199936,3199937,3199946,1,9,10,completed,2
48043,Rigid,3199937,3199937,3199940,0,3,3,completed,1
48044,Rigid,3199937,3199937,3199999,0,62,62,completed,2
48045,Rigid,3199937,3199937,3200000,0,63,63,completed,2
48046,Rigid,3199937,3199937,3199949,0,12,12,completed,2
48047,Rigid,3199937,3199937,3199940,0,3,3,completed,1
48048,Rigid,3199937,3199937,3199999,0,62,62,completed,2
48049,Rigid,3199937,3199940,3199943,3,3,6,completed,1
48050,Rigid,3199938,3199940,3199951,2,11,13,completed,2
48051,Rigid,3199938,3199940,3199951,2,11,13,completed,2
48052,Rigid,3199938,3199940,3199951,2,11,13,completed,2
48053,Rigid,3199938,3199940,3199951,2,11,13,completed,2
48054,Rigid,3199938,3199940,3199951,2,11,13,completed,2
48055,Rigid,3199938,3199940,3199943,2,3,5,completed,1
48056,Rigid,3199938,3199940,3199995,2,55,57,completed,2
48057,Rigid,3199938,3199940,3199951,2,11,13,completed,2
48058,Rigid,3199939,3199940,3199996,1,56,57,completed,2
48059,Rigid,3199939,3199940,3199943,1,3,4,completed,1
48060,Rigid,3199939,3199940,3199948,1,8,9,completed,2
48061,Rigid,3199939,3199940,3199989,1,49,50,completed,2
48062,Rigid,3199939,3199940,3199943,1,3,4,completed,1
48063,Rigid,3199939,3199940,3199948,1,8,9,completed,2
48064,Rigid,3199939,3199940,3199949,1,9,10,completed,2
48065,Rigid,3199939,3199940,3199943,1,3,4,completed,1
48066,Rigid,3199940,3199940,3199989,0,49,49,completed,2
48067,Rigid,3199940,3199940,3199948,0,8,8,completed,2
48068,Rigid,3199940,3199940,3199948,0,8,8,completed,2
48069,Rigid,3199940,3199940,3199989,0,49,49,completed,2
48070,Rigid,3199940,3199940,3199949,0,9,9,completed,2
48071,Rigid,3199940,3199941,3199953,1,12,13,completed,2
48072,Rigid,3199940,3199941,3199943,1,2,3,completed,1
48073,Rigid,3199942,3199943,3199945,1,2,3,completed,1
48074,Rigid,3199943,3199943,3200005,0,62,62,completed,2
48075,Rigid,3199943,3199943,3199953,0,10,10,completed,2
48076,Rigid,3199943,3199944,3199947,1,3,4,completed,1
48077,Rigid,3199943,3199944,3199953,1,9,10,completed,2
48078,Rigid,3199943,3199944,3199988,1,44,45,completed,2
48079,Rigid,3199943,3199944,3199946,1,2,3,completed,1
48080,Rigid,3199943,3199944,3199989,1,45,46,completed,2
48081,Rigid,3199944,3199944,3199953,0,9,9,completed,2
48082,Rigid,3199944,3199944,3199947,0,3,3,completed,1
48083,Rigid,3199944,3199944,3199953,0,9,9,completed,2
48084,Rigid,3199944,3199944,3200008,0,64,64,completed,2
48085,Rigid,3199944,3199944,3199947,0,3,3,completed,1
48086,Rigid,3199944,3199944,3199953,0,9,9,completed,2
48087,Rigid,3199944,3199944,3199947,0,3,3,completed,1
48088,Rigid,3199944,3199944,3199953,0,9,9,completed,2
48089,Rigid,3199944,3199944,3199953,0,9,9,completed,2
48090,Rigid,3199944,3199945,3200008,1,63,64,completed,2
48091,Rigid,3199945,3199947,3199960,2,13,15,completed,2
48092,Rigid,3199945,3199947,3199950,2,3,5,completed,1
48093,Rigid,3199946,3199947,3199960,1,13,14,completed,2
48094,Rigid,3199946,3199947,3200001,1,54,55,completed,2
48095,Rigid,3199946,3199947,3199960,1,13,14,completed,2
48096,Rigid,3199946,3199947,3200001,1,54,55,completed,2
48097,Rigid,3199946,3199947,3200001,1,54,55,completed,2
48098,Rigid,3199956,3199957,3199960,1,3,4,completed,1
48099,Rigid,3199956,3199957,3199968,1,11,12,completed,2
48100,Rigid,3199956,3199957,3199968,1,11,12,completed,2
48101,Rigid,3199956,3199957,3199968,1,11,12,completed,2
48102,Rigid,3199956,3199957,3199960,1,3,4,completed,1
48103,Rigid,3199956,3199957,3199968,1,11,12,completed,2
48104,Rigid,3199956,3199957,3200019,1,62,63,completed,2
48105,Rigid,3199957,3199961,3199964,4,3,7,completed,1
48106,Rigid,3199957,3199961,3200015,4,54,58,completed,2
48107,Rigid,3199957,3199961,3199971,4,10,14,completed,2
48108,Rigid,3199957,3199961,3199964,4,3,7,completed,1
48109,Rigid,3199957,3199961,3199971,4,10,14,completed,2
48110,Rigid,3199957,3199961,3200015,4,54,58,completed,2
48111,Rigid,3199957,3199961,3199971,4,10,14,completed,2
48112,Rigid,3199957,3199961,3199964,4,3,7,completed,1
48113,Rigid,3199958,3199961,3200015,3,54,57,completed,2
48114,Rigid,3199958,3199961,3200015,3,54,57,completed,2
48115,Rigid,3199958,3199961,3199964,3,3,6,completed,1
48116,Rigid,3199958,3199961,3200015,3,54,57,completed,2
48117,Rigid,3199958,3199961,3199971,3,10,13,completed,2
48118,Rigid,3199958,3199961,3199970,3,9,12,completed,2
48119,Rigid,3199958,3199961,3199970,3,9,12,completed,2
48120,Rigid,3199959,3199961,3199964,2,3,5,completed,1
48121,Rigid,3199959,3199961,3199970,2,9,11,completed,2
48122,Rigid,3199959,3199961,3199971,2,10,12,completed,2
48123,Rigid,3199959,3199961,3199964,2,3,5,completed,1
48124,Rigid,3199959,3199961,3200009,2,48,50,completed,2
48125,Rigid,3199959,3199961,3199970,2,9,11,completed,2
48126,Rigid,3199959,3199961,3199964,2,3,5,completed,1
48127,Rigid,3199960,3199961,3200009,1,48,49,completed,2
48128,Rigid,3199960,3199961,3199971,1,10,11,completed,2
48129,Rigid,3199960,3199961,3199970,1,9,10,completed,2
48130,Rigid,3199960,3199961,3199970,1,9,10,completed,2
48131,Rigid,3199960,3199961,3200009,1,48,49,completed,2
48132,Rigid,3199960,3199961,3199973,1,12,13,completed,2
48133,Rigid,3199960,3199961,3199964,1,3,4,completed,1
48134,Rigid,3199961,3199961,3199974,0,13,13,completed,2
48135,Rigid,3199961,3199962,3199965,1,3,4,completed,1
48136,Rigid,3199961,3199962,3199974,1,12,13,completed,2
48137,Rigid,3199962,3199962,3199965,0,3,3,completed,1
48138,Rigid,3199962,3199962,3200023,0,61,61,completed,2
48139,Rigid,3199962,3199963,3200021,1,58,59,completed,2
48140,Rigid,3199963,3199963,3200021,0,58,58,completed,2
48141,Rigid,3199963,3199963,3199975,0,12,12,completed,2
48142,Rigid,3199963,3199963,3199966,0,3,3,completed,1
48143,Rigid,3199963,3199963,3199975,0,12,12,completed,2
48144,Rigid,3199963,3199963,3199966,0,3,3,completed,1
48145,Rigid,3199963,3199963,3200020,0,57,57,completed,2
48146,Rigid,3199963,3199965,3199968,2,3,5,completed,1
48147,Rigid,3199964,3199965,3199975,1,10,11,completed,2
48148,Rigid,3199964,3199965,3200016,1,51,52,completed,2
48149,Rigid,3199964,3199965,3199975,1,10,11,completed,2
48150,Rigid,3199964,3199965,3199975,1,10,11,completed,2
48151,Rigid,3199964,3199965,3199968,1,3,4,completed,1
48152,Rigid,3199965,3199965,3200016,0,51,51,completed,2
48153,Rigid,3199965,3199965,3200016,0,51,51,completed,2
48154,Rigid,3199965,3199965,3199968,0,3,3,completed,1
48155,Rigid,3199965,3199965,3199975,0,10,10,completed,2
48156,Rigid,3199965,3199965,3199968,0,3,3,completed,1
48157,Rigid,3199965,3199966,3199975,1,9,10,completed,2
48158,Rigid,3199966,3199966,3199975,0,9,9,completed,2
48159,Rigid,3199966,3199966,3200022,0,56,56,completed,2
48160,Rigid,3199966,3199966,3199977,0,11,11,completed,2
48161,Rigid,3199966,3199966,3199968,0,2,2,completed,1
48162,Rigid,3199976,3199976,3200026,0,50,50,completed,2
48163,Rigid,3199976,3199976,3199980,0,4,4,completed,1
48164,Rigid,3199976,3199976,3199988,0,12,12,completed,2
48165,Rigid,3199976,3199977,3199980,1,3,4,completed,1
48166,Rigid,3199976,3199977,3199988,1,11,12,completed,2
48167,Rigid,3199977,3199977,3199988,0,11,11,completed,2
48168,Rigid,3199977,3199977,3200027,0,50,50,completed,2
48169,Rigid,3199977,3199977,3200027,0,50,50,completed,2
48170,Rigid,3199977,3199978,3199988,1,10,11,completed,2
48171,Rigid,3199977,3199978,3199980,1,2,3,completed,1
48172,Rigid,3199977,3199978,3200026,1,48,49,completed,2
48173,Rigid,3199977,3199978,3199980,1,2,3,completed,1
48174,Rigid,3199977,3199978,3199988,1,10,11,completed,2
48175,Rigid,3199977,3199978,3200026,1,48,49,completed,2
48176,Rigid,3199978,3199978,3199988,0,10,10,completed,2
48177,Rigid,3199978,3199978,3199988,0,10,10,completed,2
48178,Rigid,3199978,3199978,3199981,0,3,3,completed,1
48179,Rigid,3199978,3199978,3199989,0,11,11,completed,2
48180,Rigid,3199978,3199978,3200027,0,49,49,completed,2
48181,Rigid,3199978,3199978,3199988,0,10,10,completed,2
48182,Rigid,3199978,3199980,3199988,2,8,10,completed,2
48183,Rigid,3199979,3199980,3199988,1,8,9,completed,2
48184,Rigid,3199979,3199980,3199988,1,8,9,completed,2
48185,Rigid,3199979,3199980,3199982,1,2,3,completed,1
48186,Rigid,3199979,3199980,3200021,1,41,42,completed,2
48187,Rigid,3199979,3199980,3199988,1,8,9,completed,2
48188,Rigid,3199980,3199980,3199988,0,8,8,completed,2
48189,Rigid,3199980,3199980,3199983,0,3,3,completed,1
48190,Rigid,3199980,3199980,3199982,0,2,2,completed,1
48191,Rigid,3199980,3199980,3200024,0,44,44,completed,2
48192,Rigid,3199980,3199980,3200023,0,43,43,completed,2
48193,Rigid,3199980,3199980,3200023,0,43,43,completed,2
48194,Rigid,3199981,3199981,3199983,0,2,2,completed,1
48195,Rigid,3199981,3199981,3199991,0,10,10,completed,2
48196,Rigid,3199981,3199981,3200023,0,42,42,completed,2
48197,Rigid,3199981,3199981,3199983,0,2,2,completed,1
48198,Rigid,3199981,3199981,3199991,0,10,10,completed,2
48199,Rigid,3199981,3199982,3199991,1,9,10,completed,2
48200,Rigid,3199981,3199982,3199991,1,9,10,completed,2
48201,Rigid,3199981,3199982,3200019,1,37,38,completed,2
48202,Rigid,3199982,3199982,3199984,0,2,2,completed,1
48203,Rigid,3199982,3199982,3199994,0,12,12,completed,2
48204,Rigid,3199982,3199982,3199992,0,10,10,completed,2
48205,Rigid,3199982,3199982,3200021,0,39,39,completed,2
48206,Rigid,3199982,3199982,3199992,0,10,10,completed,2
48207,Rigid,3199984,3199984,3199986,0,2,2,completed,1
48208,Rigid,3199984,3199984,3200020,0,36,36,completed,2
48209,Rigid,3199984,3199984,3199994,0,10,10,completed,2
48210,Rigid,3199984,3199984,3199986,0,2,2,completed,1
48211,Rigid,3199984,3199985,3199994,1,9,10,completed,2
48212,Rigid,3199984,3199985,3199994,1,9,10,completed,2
48213,Rigid,3199984,3199985,3199994,1,9,10,completed,2
48214,Rigid,3199985,3199985,3199986,0,1,1,completed,1
48215,Rigid,3199985,3199985,3200018,0,33,33,completed,2
48216,Rigid,3200017,3200017,3200237,0,220,220,completed,36
48217,Rigid,3200243,3200247,3207839,4,7592,7596,completed,36
48218,Rigid,3200300,3200301,3200626,1,325,326,completed,144
48219,Rigid,3200709,3200709,3203500,0,2791,2791,completed,36
48220,Rigid,3200719,3200720,3202970,1,2250,2251,completed,36
48221,Rigid,3200731,3200732,3203039,1,2307,2308,completed,36
48222,Rigid,3200741,3200742,3204662,1,3920,3921,completed,36
48223,Rigid,3200751,3200752,3202660,1,1908,1909,completed,36
48224,Rigid,3200760,3200761,3203597,1,2836,2837,completed,36
48225,Rigid,3200767,3200768,3202113,1,1345,1346,completed,36
48226,Rigid,3202197,3202198,3203811,1,1613,1614,completed,144
48227,Rigid,3202197,3202198,3203774,1,1576,1577,completed,144
48228,Rigid,3202197,3202198,3203813,1,1615,1616,completed,144
48229,Rigid,3202197,3202198,3203784,1,1586,1587,completed,144
48230,Rigid,3202197,3202198,3203781,1,1583,1584,completed,144
48231,Rigid,3202197,3202198,3203770,1,1572,1573,completed,144
48232,Rigid,3202197,3202198,3203771,1,1573,1574,completed,144
48233,Rigid,3202197,3202198,3203803,1,1605,1606,completed,144
48234,Rigid,3202197,3202198,3203783,1,1585,1586,completed,144
48235,Rigid,3202197,3202198,3203768,1,1570,1571,completed,144
48236,Rigid,3202197,3202198,3203818,1,1620,1621,completed,144
48237,Rigid,3202197,3202198,3203787,1,1589,1590,completed,144
48238,Rigid,3202197,3202198,3203815,1,1617,1618,completed,144
48239,Rigid,3202198,3202198,3203775,0,1577,1577,completed,144
48240,Rigid,3202198,3202198,3203821,0,1623,1623,completed,144
48241,Rigid,3202229,3202230,3202603,1,373,374,completed,36
48242,Rigid,3202230,3202234,3202455,4,221,225,completed,36
48243,Rigid,3202248,3202248,3204470,0,2222,2222,completed,36
48244,Rigid,3203050,3203051,3203053,1,2,3,completed,2
48245,Rigid,3203052,3203054,3203076,2,22,24,completed,2
48246,Rigid,3203053,3203077,3203095,24,18,42,completed,2
48247,Rigid,3203053,3203097,3203392,44,295,339,completed,2
48248,Rigid,3203228,3203228,3203260,0,32,32,completed,14
48249,Rigid,3203228,3203228,3203260,0,32,32,completed,14
48250,Rigid,3203234,3203234,3203260,0,26,26,completed,14
48251,Rigid,3203234,3203234,3203260,0,26,26,completed,14
48252,Rigid,3203239,3203240,3203260,1,20,21,completed,14
48253,Rigid,3203239,3203240,3203260,1,20,21,completed,14
48254,Rigid,3203243,3203243,3203262,0,19,19,completed,14
48255,Rigid,3203243,3203243,3203262,0,19,19,completed,14
48256,Rigid,3203681,3203682,3203684,1,2,3,completed,2
48257,Rigid,3203683,3203685,3203703,2,18,20,completed,2
48258,Rigid,3203684,3203704,3203721,20,17,37,completed,2
48259,Rigid,3203684,3203722,3204011,38,289,327,completed,2
48260,Rigid,3203693,3203694,3212845,1,9151,9152,completed,288
48261,Rigid,3203820,3203820,3217793,0,13973,13973,completed,36
48262,Rigid,3204481,3204482,3204485,1,3,4,completed,2
48263,Rigid,3204485,3204486,3204503,1,17,18,completed,2
48264,Rigid,3204485,3204504,3204521,19,17,36,completed,2
48265,Rigid,3204485,3204522,3204816,37,294,331,completed,2
48266,Rigid,3204651,3204652,3216945,1,12293,12294,completed,36
48267,Rigid,3204678,3204678,3219574,0,14896,14896,completed,36
48268,Rigid,3204698,3204699,3217013,1,12314,12315,completed,36
48269,Rigid,3204708,3204709,3219032,1,14323,14324,completed,36
48270,Rigid,3204718,3204719,3218693,1,13974,13975,completed,36
48271,Rigid,3204737,3204737,3218789,0,14052,14052,completed,36
48272,Rigid,3204965,3204965,3220714,0,15749,15749,completed,36
48273,Rigid,3204977,3204979,3220659,2,15680,15682,completed,36
48274,Rigid,3204988,3204989,3217532,1,12543,12544,completed,36
48275,Rigid,3205828,3205829,3205940,1,111,112,completed,14
48276,Rigid,3205828,3205829,3206724,1,895,896,completed,14
48277,Rigid,3205828,3207009,3207093,1181,84,1265,completed,1
48278,Rigid,3205834,3205835,3205931,1,96,97,completed,14
48279,Rigid,3205835,3205835,3206727,0,892,892,completed,14
48280,Rigid,3205835,3207008,3207093,1173,85,1258,completed,1
48281,Rigid,3205839,3205840,3205980,1,140,141,completed,14
48282,Rigid,3205839,3205840,3206722,1,882,883,completed,14
48283,Rigid,3205840,3207022,3207093,1182,71,1253,completed,1
48284,Rigid,3205844,3205845,3205991,1,146,147,completed,14
48285,Rigid,3205845,3205845,3206723,0,878,878,completed,14
48286,Rigid,3205845,3207009,3207093,1164,84,1248,completed,1
48287,Rigid,3206118,3206119,3206625,1,506,507,completed,36
48288,Rigid,3206120,3206123,3206628,3,505,508,completed,36
48289,Rigid,3206121,3206123,3206628,2,505,507,completed,36
48290,Rigid,3206123,3206127,3206635,4,508,512,completed,36
48291,Rigid,3206124,3206127,3206634,3,507,510,completed,36
48292,Rigid,3206124,3206127,3206634,3,507,510,completed,36
48293,Rigid,3206125,3206127,3206632,2,505,507,completed,36
48294,Rigid,3206125,3206127,3206633,2,506,508,completed,36
48295,Rigid,3206126,3206127,3206633,1,506,507,completed,36
48296,Rigid,3206126,3206127,3206632,1,505,506,completed,36
48297,Rigid,3206126,3206127,3206635,1,508,509,completed,36
48298,Rigid,3206127,3206131,3206635,4,504,508,completed,36
48299,Rigid,3206127,3206131,3206634,4,503,507,completed,36
48300,Rigid,3206128,3206131,3206636,3,505,508,completed,36
48301,Rigid,3206128,3206131,3206637,3,506,509,completed,36
48302,Rigid,3206129,3206131,3206638,2,507,509,completed,36
48303,Rigid,3206690,3206690,3206728,0,38,38,completed,10
48304,Rigid,3206690,3206729,3206740,39,11,50,completed,14
48305,Rigid,3206690,3206897,3207312,207,415,622,completed,14
48306,Rigid,3206690,3207541,3207591,851,50,901,completed,1
48307,Rigid,3206690,3206690,3206896,0,206,206,completed,10
48308,Rigid,3206690,3206690,3206892,0,202,202,completed,10
48309,Rigid,3206690,3206690,3206893,0,203,203,completed,10
48310,Rigid,3206690,3206690,3206890,0,200,200,completed,10
48311,Rigid,3206690,3206690,3206864,0,174,174,completed,10
48312,Rigid,3206711,3206712,3206734,1,22,23,completed,10
48313,Rigid,3206711,3206736,3206755,25,19,44,completed,14
48314,Rigid,3206711,3206712,3206896,1,184,185,completed,10
48315,Rigid,3206711,3206712,3206892,1,180,181,completed,10
48316,Rigid,3206711,3206712,3206893,1,181,182,completed,10
48317,Rigid,3206711,3206712,3206890,1,178,179,completed,10
48318,Rigid,3206711,3206712,3206874,1,162,163,completed,10
48319,Rigid,3206712,3206897,3207318,185,421,606,completed,14
48320,Rigid,3206712,3207500,3207552,788,52,840,completed,1
48321,Rigid,3206722,3206722,3206759,0,37,37,completed,10
48322,Rigid,3206722,3206760,3206777,38,17,55,completed,14
48323,Rigid,3206722,3206897,3207252,175,355,530,completed,14
48324,Rigid,3206722,3206722,3206896,0,174,174,completed,10
48325,Rigid,3206722,3206722,3206892,0,170,170,completed,10
48326,Rigid,3206722,3206722,3206893,0,171,171,completed,10
48327,Rigid,3206722,3206722,3206890,0,168,168,completed,10
48328,Rigid,3206722,3206722,3206875,0,153,153,completed,10
48329,Rigid,3206723,3207435,3207503,712,68,780,completed,1
48330,Rigid,3207826,3207826,3215944,0,8118,8118,completed,36
48331,Rigid,3208810,3208811,3208813,1,2,3,completed,2
48332,Rigid,3208813,3208814,3208835,1,21,22,completed,2
48333,Rigid,3208813,3208837,3208860,24,23,47,completed,2
48334,Rigid,3208813,3208861,3208874,48,13,61,completed,2
48335,Rigid,3208829,3208829,3209397,0,568,568,completed,36
48336,Rigid,3209015,3209015,3214505,0,5490,5490,completed,36
48337,Rigid,3209722,3209722,3210072,0,350,350,completed,36
48338,Rigid,3209723,3209723,3209936,0,213,213,completed,36
48339,Rigid,3209726,3209727,3211800,1,2073,2074,completed,36
48340,Rigid,3210213,3210213,3211570,0,1357,1357,completed,36
48341,Rigid,3211218,3211218,3211221,0,3,3,completed,2
48342,Rigid,3211220,3211222,3211234,2,12,14,completed,2
48343,Rigid,3211346,3211347,3211714,1,367,368,completed,144
48344,Rigid,3211627,3211627,3211629,0,2,2,completed,2
48345,Rigid,3211629,3211631,3211643,2,12,14,completed,2
48346,Rigid,3211739,3211740,3211752,1,12,13,completed,2
48347,Rigid,3211808,3211809,3211832,1,23,24,completed,2
48348,Rigid,3211843,3211843,3211845,0,2,2,completed,2
48349,Rigid,3211845,3211846,3211858,1,12,13,completed,2
48350,Rigid,3211845,3211860,3211883,15,23,38,completed,2
48351,Rigid,3211845,3211884,3212319,39,435,474,completed,2
48352,Rigid,3211989,3211990,3212334,1,344,345,completed,144
48353,Rigid,3212623,3212624,3213055,1,431,432,completed,144
48354,Rigid,3212774,3212774,3212777,0,3,3,completed,36
48355,Rigid,3212889,3212890,3212901,1,11,12,completed,36
48356,Rigid,3212992,3212992,3212994,0,2,2,completed,2
48357,Rigid,3212994,3212994,3213016,0,22,22,completed,2
48358,Rigid,3212994,3213017,3213041,23,24,47,completed,2
48359,Rigid,3212994,3213043,3213457,49,414,463,completed,2
48360,Rigid,3213133,3213133,3213145,0,12,12,completed,36
48361,Rigid,3213408,3213409,3220981,1,7572,7573,completed,288
48362,Rigid,3213441,3213442,3231895,1,18453,18454,completed,396
48363,Rigid,3214209,3214209,3214221,0,12,12,completed,1
48364,Rigid,3214340,3214341,3214348,1,7,8,completed,1
48365,Rigid,3214341,3214415,3214422,74,7,81,completed,1
48366,Rigid,3214341,3259863,3259873,45522,10,45532,completed,1
48367,Rigid,3215458,3215459,3215460,1,1,2,completed,2
48368,Rigid,3215460,3215462,3215475,2,13,15,completed,2
48369,Rigid,3215460,3215476,3215500,16,24,40,completed,2
48370,Rigid,3215460,3215501,3215867,41,366,407,completed,2
48371,Rigid,3215651,3215651,3215741,0,90,90,completed,1
48372,Rigid,3215758,3215758,3247871,0,32113,32113,completed,1
48373,Rigid,3215758,3215758,3246302,0,30544,30544,completed,1
48374,Rigid,3215758,3215758,3245935,0,30177,30177,completed,1
48375,Rigid,3215758,3215758,3245603,0,29845,29845,completed,1
48376,Rigid,3215758,3215758,3245778,0,30020,30020,completed,1
48377,Rigid,3215758,3215758,3245414,0,29656,29656,completed,1
48378,Rigid,3215758,3215758,3246035,0,30277,30277,completed,1
48379,Rigid,3215758,3215758,3245792,0,30034,30034,completed,1
48380,Rigid,3215758,3215758,3245831,0,30073,30073,completed,1
48381,Rigid,3215758,3215758,3245655,0,29897,29897,completed,1
48382,Rigid,3215758,3215758,3245475,0,29717,29717,completed,1
48383,Rigid,3215758,3215758,3245295,0,29537,29537,completed,1
48384,Rigid,3215758,3215758,3245319,0,29561,29561,completed,1
48385,Rigid,3215758,3215758,3245847,0,30089,30089,completed,1
48386,Rigid,3215758,3215758,3245922,0,30164,30164,completed,1
48387,Rigid,3215758,3215758,3245453,0,29695,29695,completed,1
48388,Rigid,3215758,3215758,3245559,0,29801,29801,completed,1
48389,Rigid,3215758,3215758,3245456,0,29698,29698,completed,1
48390,Rigid,3215758,3215758,3245989,0,30231,30231,completed,1
48391,Rigid,3215758,3215758,3246618,0,30860,30860,completed,1
48392,Rigid,3215758,3215758,3245802,0,30044,30044,completed,1
48393,Rigid,3215758,3215758,3245414,0,29656,29656,completed,1
48394,Rigid,3215758,3215758,3245322,0,29564,29564,completed,1
48395,Rigid,3215758,3215758,3245440,0,29682,29682,completed,1
48396,Rigid,3215758,3215758,3245652,0,29894,29894,completed,1
48397,Rigid,3215758,3215758,3245755,0,29997,29997,completed,1
48398,Rigid,3215758,3215758,3245642,0,29884,29884,completed,1
48399,Rigid,3215758,3215758,3245258,0,29500,29500,completed,1
48400,Rigid,3215758,3215758,3245351,0,29593,29593,completed,1
48401,Rigid,3215758,3215758,3245258,0,29500,29500,completed,1
48402,Rigid,3215758,3215758,3245916,0,30158,30158,completed,1
48403,Rigid,3215758,3215758,3246058,0,30300,30300,completed,1
48404,Rigid,3215758,3215758,3245790,0,30032,30032,completed,1
48405,Rigid,3215758,3215758,3245505,0,29747,29747,completed,1
48406,Rigid,3215758,3215758,3245342,0,29584,29584,completed,1
48407,Rigid,3215758,3215758,3245530,0,29772,29772,completed,1
48408,Rigid,3215758,3215758,3246057,0,30299,30299,completed,1
48409,Rigid,3215758,3215758,3228934,0,13176,13176,completed,1
48410,Rigid,3215758,3215758,3228934,0,13176,13176,completed,1
48411,Rigid,3215758,3215758,3228934,0,13176,13176,completed,1
48412,Rigid,3215766,3215766,3244998,0,29232,29232,completed,36
48413,Rigid,3215786,3215787,3215856,1,69,70,completed,36
48414,Rigid,3215806,3215807,3245590,1,29783,29784,completed,36
48415,Rigid,3215827,3215827,3215932,0,105,105,completed,36
48416,Rigid,3215847,3215847,3244960,0,29113,29113,completed,36
48417,Rigid,3215867,3215867,3215981,0,114,114,completed,36
48418,Rigid,3215887,3215888,3228934,1,13046,13047,completed,36
48419,Rigid,3215908,3215909,3228934,1,13025,13026,completed,36
48420,Rigid,3215928,3215929,3228934,1,13005,13006,completed,36
48421,Rigid,3215948,3215949,3245494,1,29545,29546,completed,36
48422,Rigid,3215968,3215969,3228934,1,12965,12966,completed,36
48423,Rigid,3215989,3215989,3229034,0,13045,13045,completed,36
48424,Rigid,3216009,3216010,3229034,1,13024,13025,completed,36
48425,Rigid,3216029,3216030,3229034,1,13004,13005,completed,36
48426,Rigid,3216057,3216058,3216155,1,97,98,completed,1
48427,Rigid,3216057,3216058,3217876,1,1818,1819,completed,1
48428,Rigid,3216057,3216058,3217876,1,1818,1819,completed,1
48429,Rigid,3216057,3216058,3217871,1,1813,1814,completed,1
48430,Rigid,3216057,3216058,3217876,1,1818,1819,completed,1
48431,Rigid,3216057,3216058,3217868,1,1810,1811,completed,1
48432,Rigid,3216057,3216058,3217861,1,1803,1804,completed,1
48433,Rigid,3216057,3216058,3217866,1,1808,1809,completed,1
48434,Rigid,3216057,3216058,3217871,1,1813,1814,completed,1
48435,Rigid,3216057,3216058,3217899,1,1841,1842,completed,1
48436,Rigid,3216057,3216058,3217880,1,1822,1823,completed,1
48437,Rigid,3216057,3216058,3216252,1,194,195,completed,1
48438,Rigid,3216058,3216058,3221873,0,5815,5815,completed,1
48439,Rigid,3216058,3216058,3221951,0,5893,5893,completed,1
48440,Rigid,3216058,3216058,3221960,0,5902,5902,completed,1
48441,Rigid,3216058,3216058,3222310,0,6252,6252,completed,1
48442,Rigid,3216058,3216058,3222133,0,6075,6075,completed,1
48443,Rigid,3216058,3216058,3222148,0,6090,6090,completed,1
48444,Rigid,3216058,3216058,3222118,0,6060,6060,completed,1
48445,Rigid,3216058,3216058,3222094,0,6036,6036,completed,1
48446,Rigid,3216058,3216058,3222168,0,6110,6110,completed,1
48447,Rigid,3216058,3216058,3222080,0,6022,6022,completed,1
48448,Rigid,3216058,3216058,3222109,0,6051,6051,completed,1
48449,Rigid,3216058,3216058,3222152,0,6094,6094,completed,1
48450,Rigid,3216058,3216058,3222090,0,6032,6032,completed,1
48451,Rigid,3216058,3216058,3222115,0,6057,6057,completed,1
48452,Rigid,3216058,3216058,3222140,0,6082,6082,completed,1
48453,Rigid,3216058,3216058,3222179,0,6121,6121,completed,1
48454,Rigid,3216058,3216058,3222204,0,6146,6146,completed,1
48455,Rigid,3216058,3216058,3222097,0,6039,6039,completed,1
48456,Rigid,3216058,3216058,3222137,0,6079,6079,completed,1
48457,Rigid,3216058,3216058,3222103,0,6045,6045,completed,1
48458,Rigid,3216361,3216362,3216364,1,2,3,completed,2
48459,Rigid,3216364,3216365,3216385,1,20,21,completed,2
48460,Rigid,3216445,3216445,3216447,0,2,2,completed,2
48461,Rigid,3216447,3216448,3216460,1,12,13,completed,2
48462,Rigid,3216447,3216461,3216484,14,23,37,completed,2
48463,Rigid,3216447,3216486,3216900,39,414,453,completed,2
48464,Rigid,3216523,3216523,3245906,0,29383,29383,completed,36
48465,Rigid,3216543,3216544,3245863,1,29319,29320,completed,36
48466,Rigid,3216563,3216565,3228934,2,12369,12371,completed,36
48467,Rigid,3216584,3216584,3228934,0,12350,12350,completed,36
48468,Rigid,3216789,3216789,3228934,0,12145,12145,completed,36
48469,Rigid,3216809,3216809,3216894,0,85,85,completed,36
48470,Rigid,3216829,3216830,3216936,1,106,107,completed,36
48471,Rigid,3216850,3216850,3216938,0,88,88,completed,36
48472,Rigid,3216870,3216870,3216977,0,107,107,completed,36
48473,Rigid,3216890,3216891,3246232,1,29341,29342,completed,36
48474,Rigid,3216911,3216911,3228934,0,12023,12023,completed,36
48475,Rigid,3216931,3216931,3245906,0,28975,28975,completed,36
48476,Rigid,3216951,3216952,3217069,1,117,118,completed,36
48477,Rigid,3216972,3216972,3217062,0,90,90,completed,36
48478,Rigid,3216992,3216993,3228934,1,11941,11942,completed,36
48479,Rigid,3217012,3217013,3228934,1,11921,11922,completed,36
48480,Rigid,3217032,3217033,3246405,1,29372,29373,completed,36
48481,Rigid,3217052,3217053,3246308,1,29255,29256,completed,36
48482,Rigid,3217109,3217110,3217112,1,2,3,completed,2
48483,Rigid,3217112,3217113,3217124,1,11,12,completed,2
48484,Rigid,3217112,3217125,3217148,13,23,36,completed,2
48485,Rigid,3217112,3217149,3217533,37,384,421,completed,2
48486,Rigid,3217118,3217118,3217639,0,521,521,completed,36
48487,Rigid,3217363,3217363,3228934,0,11571,11571,completed,36
48488,Rigid,3217383,3217383,3217470,0,87,87,completed,36
48489,Rigid,3217403,3217403,3217494,0,91,91,completed,36
48490,Rigid,3217423,3217423,3228934,0,11511,11511,completed,36
48491,Rigid,3217443,3217444,3247193,1,29749,29750,completed,36
48492,Rigid,3217464,3217466,3246714,2,29248,29250,completed,36
48493,Rigid,3217484,3217484,3248314,0,30830,30830,completed,36
48494,Rigid,3217584,3217586,3390339,2,172753,172755,completed,36
48495,Rigid,3217595,3217597,3390339,2,172742,172744,completed,36
48496,Rigid,3217606,3217607,3390369,1,172762,172763,completed,36
48497,Rigid,3217616,3217617,3217699,1,82,83,completed,36
48498,Rigid,3217627,3217627,3390369,0,172742,172742,completed,36
48499,Rigid,3217637,3217637,3390399,0,172762,172762,completed,36
48500,Rigid,3217647,3217647,3390399,0,172752,172752,completed,36
48501,Rigid,3217673,3217674,3217676,1,2,3,completed,2
48502,Rigid,3217676,3217676,3217686,0,10,10,completed,2
48503,Rigid,3217676,3217688,3217709,12,21,33,completed,2
48504,Rigid,3217676,3217711,3218120,35,409,444,completed,2
48505,Rigid,3217687,3217687,3223314,0,5627,5627,completed,36
48506,Rigid,3217909,3217909,3390669,0,172760,172760,completed,36
48507,Rigid,3218377,3218378,3218995,1,617,618,completed,36
48508,Rigid,3218717,3218718,3218731,1,13,14,completed,1
48509,Rigid,3218723,3218723,3218811,0,88,88,completed,2
48510,Rigid,3218767,3218768,3291969,1,73201,73202,completed,36
48511,Rigid,3218793,3218794,3227035,1,8241,8242,completed,1
48512,Rigid,3218821,3218821,3218890,0,69,69,completed,2
48513,Rigid,3218870,3218870,3227048,0,8178,8178,completed,1
48514,Rigid,3218893,3218893,3226907,0,8014,8014,completed,1
48515,Rigid,3218902,3218902,3218909,0,7,7,completed,2
48516,Rigid,3218906,3218907,3221372,1,2465,2466,completed,36
48517,Rigid,3218915,3218915,3226125,0,7210,7210,completed,1
48518,Rigid,3218916,3218919,3219329,3,410,413,completed,2
48519,Rigid,3218940,3218940,3291957,0,73017,73017,completed,36
48520,Rigid,3218965,3218967,3291946,2,72979,72981,completed,36
48521,Rigid,3219021,3219022,3264990,1,45968,45969,completed,36
48522,Rigid,3219052,3219053,3266364,1,47311,47312,completed,36
48523,Rigid,3219087,3219087,3264853,0,45766,45766,completed,36
48524,Rigid,3219126,3219127,3291952,1,72825,72826,completed,36
48525,Rigid,3219160,3219160,3268264,0,49104,49104,completed,36
48526,Rigid,3219190,3219191,3268014,1,48823,48824,completed,36
48527,Rigid,3219225,3219226,3229034,1,9808,9809,completed,36
48528,Rigid,3219228,3219230,3267493,2,48263,48265,completed,36
48529,Rigid,3219252,3219253,3228934,1,9681,9682,completed,36
48530,Rigid,3219275,3219276,3228934,1,9658,9659,completed,36
48531,Rigid,3219291,3219292,3228934,1,9642,9643,completed,36
48532,Rigid,3219321,3219321,3290571,0,71250,71250,completed,36
48533,Rigid,3219365,3219365,3265431,0,46066,46066,completed,36
48534,Rigid,3219397,3219397,3264660,0,45263,45263,completed,36
48535,Rigid,3219437,3219437,3267723,0,48286,48286,completed,36
48536,Rigid,3219470,3219470,3267177,0,47707,47707,completed,36
48537,Rigid,3219490,3219490,3219633,0,143,143,completed,2
48538,Rigid,3219500,3219500,3267347,0,47847,47847,completed,36
48539,Rigid,3219536,3219537,3220147,1,610,611,completed,36
48540,Rigid,3219653,3219654,3219656,1,2,3,completed,2
48541,Rigid,3219880,3219881,3219883,1,2,3,completed,2
48542,Rigid,3219883,3219885,3219896,2,11,13,completed,2
48543,Rigid,3219883,3219897,3219920,14,23,37,completed,2
48544,Rigid,3219883,3219921,3219924,38,3,41,completed,2
48545,Rigid,3220082,3220082,3220084,0,2,2,completed,2
48546,Rigid,3220084,3220085,3220096,1,11,12,completed,2
48547,Rigid,3220084,3220097,3220118,13,21,34,completed,2
48548,Rigid,3220084,3220120,3220122,36,2,38,completed,2
48549,Rigid,3220602,3220602,3385314,0,164712,164712,completed,288
48550,Rigid,3220669,3220670,3221282,1,612,613,completed,36
48551,Rigid,3220764,3220767,3245929,3,25162,25165,completed,288
48552,Rigid,3221016,3221017,3229034,1,8017,8018,completed,288
48553,Rigid,3221052,3221053,3228664,1,7611,7612,completed,288
48554,Rigid,3221120,3221121,3221123,1,2,3,completed,2
48555,Rigid,3221123,3221125,3221135,2,10,12,completed,2
48556,Rigid,3221123,3221136,3221147,13,11,24,completed,2
48557,Rigid,3221314,3221315,3221317,1,2,3,completed,2
48558,Rigid,3221317,3221318,3221328,1,10,11,completed,2
48559,Rigid,3221899,3221899,3221901,0,2,2,completed,2
48560,Rigid,3221901,3221903,3221912,2,9,11,completed,2
48561,Rigid,3221947,3221947,3222512,0,565,565,completed,36
48562,Rigid,3221999,3221999,3222001,0,2,2,completed,2
48563,Rigid,3222001,3222003,3222012,2,9,11,completed,2
48564,Rigid,3222094,3222094,3222096,0,2,2,completed,2
48565,Rigid,3222096,3222097,3222107,1,10,11,completed,2
48566,Rigid,3222277,3222278,3222280,1,2,3,completed,2
48567,Rigid,3222280,3222281,3222291,1,10,11,completed,2
48568,Rigid,3222314,3222314,3222316,0,2,2,completed,2
48569,Rigid,3222316,3222317,3222327,1,10,11,completed,2
48570,Rigid,3222391,3222392,3222394,1,2,3,completed,2
48571,Rigid,3222394,3222396,3222406,2,10,12,completed,2
48572,Rigid,3222432,3222433,3222434,1,1,2,completed,2
48573,Rigid,3222434,3222436,3222446,2,10,12,completed,2
48574,Rigid,3222470,3222471,3222473,1,2,3,completed,2
48575,Rigid,3222473,3222474,3222483,1,9,10,completed,2
48576,Rigid,3222614,3222615,3223185,1,570,571,completed,36
48577,Rigid,3222616,3222619,3222621,3,2,5,completed,2
48578,Rigid,3222621,3222623,3222632,2,9,11,completed,2
48579,Rigid,3222797,3222797,3222799,0,2,2,completed,2
48580,Rigid,3222799,3222800,3222810,1,10,11,completed,2
48581,Rigid,3222835,3222835,3222837,0,2,2,completed,2
48582,Rigid,3222837,3222838,3222848,1,10,11,completed,2
48583,Rigid,3222867,3222868,3222870,1,2,3,completed,2
48584,Rigid,3222870,3222871,3222881,1,10,11,completed,2
48585,Rigid,3223187,3223187,3223224,0,37,37,completed,1
48586,Rigid,3223281,3223282,3223290,1,8,9,completed,1
48587,Rigid,3223356,3223357,3223446,1,89,90,completed,1
48588,Rigid,3223624,3223624,3223703,0,79,79,completed,1
48589,Rigid,3223739,3223740,3231518,1,7778,7779,completed,1
48590,Rigid,3224218,3224218,3286113,0,61895,61895,completed,1
48591,Rigid,3224624,3224625,3248096,1,23471,23472,completed,36
48592,Rigid,3224635,3224635,3229782,0,5147,5147,completed,36
48593,Rigid,3224641,3224641,3224643,0,2,2,completed,2
48594,Rigid,3224643,3224645,3224655,2,10,12,completed,2
48595,Rigid,3224649,3224649,3231803,0,7154,7154,completed,36
48596,Rigid,3224704,3224704,3224706,0,2,2,completed,2
48597,Rigid,3224706,3224708,3224719,2,11,13,completed,2
48598,Rigid,3224775,3224775,3224778,0,3,3,completed,2
48599,Rigid,3224778,3224779,3224789,1,10,11,completed,2
48600,Rigid,3224868,3224869,3224871,1,2,3,completed,2
48601,Rigid,3224871,3224873,3224882,2,9,11,completed,2
48602,Rigid,3224871,3224884,3224905,13,21,34,completed,2
48603,Rigid,3224871,3224907,3224909,36,2,38,completed,2
48604,Rigid,3224971,3224971,3224973,0,2,2,completed,2
48605,Rigid,3224973,3224975,3224985,2,10,12,completed,2
48606,Rigid,3224973,3224987,3225009,14,22,36,completed,2
48607,Rigid,3224973,3225010,3225408,37,398,435,completed,2
48608,Rigid,3225632,3225632,3244930,0,19298,19298,completed,288
48609,Rigid,3225864,3225868,3225870,4,2,6,completed,2
48610,Rigid,3225870,3225872,3225883,2,11,13,completed,2
48611,Rigid,3225870,3225884,3225908,14,24,38,completed,2
48612,Rigid,3225870,3225909,3225921,39,12,51,completed,2
48613,Rigid,3229592,3229592,3310835,0,81243,81243,completed,1
48614,Rigid,3230539,3230539,3277814,0,47275,47275,completed,1
48615,Rigid,3231546,3231546,3300007,0,68461,68461,completed,1
48616,Rigid,3231680,3231680,3231767,0,87,87,completed,1
48617,Rigid,3231680,3231680,3231767,0,87,87,completed,1
48618,Rigid,3231680,3231680,3231767,0,87,87,completed,1
48619,Rigid,3231680,3231680,3231767,0,87,87,completed,1
48620,Rigid,3231680,3231680,3231767,0,87,87,completed,1
48621,Rigid,3231680,3231680,3231767,0,87,87,completed,1
48622,Rigid,3231680,3231680,3231767,0,87,87,completed,1
48623,Rigid,3231680,3231680,3231767,0,87,87,completed,1
48624,Rigid,3231680,3231680,3231767,0,87,87,completed,1
48625,Rigid,3231680,3231680,3231767,0,87,87,completed,1
48626,Rigid,3231680,3231680,3231767,0,87,87,completed,1
48627,Rigid,3231680,3231680,3231767,0,87,87,completed,1
48628,Rigid,3231680,3231680,3231767,0,87,87,completed,1
48629,Rigid,3231680,3231680,3231767,0,87,87,completed,1
48630,Rigid,3231680,3231680,3231767,0,87,87,completed,1
48631,Rigid,3231680,3231680,3231767,0,87,87,completed,1
48632,Rigid,3231680,3231680,3231767,0,87,87,completed,1
48633,Rigid,3231680,3231680,3231767,0,87,87,completed,1
48634,Rigid,3231680,3231680,3231767,0,87,87,completed,1
48635,Rigid,3231680,3231680,3231767,0,87,87,completed,1
48636,Rigid,3231680,3231681,3231767,1,86,87,completed,1
48637,Rigid,3231680,3231681,3231767,1,86,87,completed,1
48638,Rigid,3231680,3231681,3231767,1,86,87,completed,1
48639,Rigid,3231680,3231681,3231767,1,86,87,completed,1
48640,Rigid,3231680,3231681,3231767,1,86,87,completed,1
48641,Rigid,3231680,3231681,3231767,1,86,87,completed,1
48642,Rigid,3231680,3231681,3231767,1,86,87,completed,1
48643,Rigid,3231680,3231681,3231767,1,86,87,completed,1
48644,Rigid,3231680,3231681,3231767,1,86,87,completed,1
48645,Rigid,3231680,3231681,3231767,1,86,87,completed,1
48646,Rigid,3231680,3231681,3231767,1,86,87,completed,1
48647,Rigid,3231680,3231681,3231767,1,86,87,completed,1
48648,Rigid,3231680,3231681,3231767,1,86,87,completed,1
48649,Rigid,3231680,3231681,3231767,1,86,87,completed,1
48650,Rigid,3231680,3231681,3231767,1,86,87,completed,1
48651,Rigid,3231680,3231681,3231767,1,86,87,completed,1
48652,Rigid,3231680,3231681,3231767,1,86,87,completed,1
48653,Rigid,3231680,3231681,3231767,1,86,87,completed,1
48654,Rigid,3231680,3231681,3231767,1,86,87,completed,1
48655,Rigid,3231680,3231681,3231767,1,86,87,completed,1
48656,Rigid,3231680,3231681,3231767,1,86,87,completed,1
48657,Rigid,3231680,3231681,3231767,1,86,87,completed,1
48658,Rigid,3231680,3231681,3231767,1,86,87,completed,1
48659,Rigid,3231680,3231681,3231767,1,86,87,completed,1
48660,Rigid,3231680,3231681,3231767,1,86,87,completed,1
48661,Rigid,3231680,3231681,3231767,1,86,87,completed,1
48662,Rigid,3231680,3231681,3231767,1,86,87,completed,1
48663,Rigid,3231680,3231681,3231767,1,86,87,completed,1
48664,Rigid,3231680,3231681,3231767,1,86,87,completed,1
48665,Rigid,3231680,3231681,3231767,1,86,87,completed,1
48666,Rigid,3231680,3231681,3231767,1,86,87,completed,1
48667,Rigid,3231680,3231681,3231767,1,86,87,completed,1
48668,Rigid,3231680,3231681,3231767,1,86,87,completed,1
48669,Rigid,3231680,3231681,3231767,1,86,87,completed,1
48670,Rigid,3231680,3231681,3231767,1,86,87,completed,1
48671,Rigid,3231680,3231681,3231767,1,86,87,completed,1
48672,Rigid,3231680,3231681,3231767,1,86,87,completed,1
48673,Rigid,3231680,3231681,3231767,1,86,87,completed,1
48674,Rigid,3231680,3231681,3231767,1,86,87,completed,1
48675,Rigid,3231680,3231681,3231767,1,86,87,completed,1
48676,Rigid,3231680,3231681,3231767,1,86,87,completed,1
48677,Rigid,3231680,3231681,3231767,1,86,87,completed,1
48678,Rigid,3231680,3231681,3231767,1,86,87,completed,1
48679,Rigid,3231680,3231681,3231767,1,86,87,completed,1
48680,Rigid,3233805,3233806,3233813,1,7,8,completed,1
48681,Rigid,3233826,3233826,3233827,0,1,1,completed,1
48682,Rigid,3233826,3233826,3233843,0,17,17,completed,1
48683,Rigid,3233826,3233826,3233827,0,1,1,completed,1
48684,Rigid,3233826,3233826,3233833,0,7,7,completed,1
48685,Rigid,3233826,3233826,3233833,0,7,7,completed,1
48686,Rigid,3233983,3233983,3234012,0,29,29,completed,1
48687,Rigid,3233983,3233983,3234012,0,29,29,completed,1
48688,Rigid,3233983,3233983,3234012,0,29,29,completed,1
48689,Rigid,3233983,3233983,3234012,0,29,29,completed,1
48690,Rigid,3233983,3233983,3234012,0,29,29,completed,1
48691,Rigid,3233983,3233983,3234012,0,29,29,completed,1
48692,Rigid,3233983,3233983,3234012,0,29,29,completed,1
48693,Rigid,3233983,3233983,3234012,0,29,29,completed,1
48694,Rigid,3233983,3233983,3234012,0,29,29,completed,1
48695,Rigid,3233983,3233983,3234012,0,29,29,completed,1
48696,Rigid,3233983,3233983,3234012,0,29,29,completed,1
48697,Rigid,3233983,3233983,3234043,0,60,60,completed,1
48698,Rigid,3233983,3233983,3234042,0,59,59,completed,1
48699,Rigid,3233983,3233983,3234042,0,59,59,completed,1
48700,Rigid,3233983,3233983,3234042,0,59,59,completed,1
48701,Rigid,3233983,3233983,3234040,0,57,57,completed,1
48702,Rigid,3233983,3233983,3234043,0,60,60,completed,1
48703,Rigid,3233983,3233984,3234043,1,59,60,completed,1
48704,Rigid,3233983,3233984,3234042,1,58,59,completed,1
48705,Rigid,3233983,3233984,3234043,1,59,60,completed,1
48706,Rigid,3233983,3233984,3234043,1,59,60,completed,1
48707,Rigid,3233983,3233984,3234042,1,58,59,completed,1
48708,Rigid,3233983,3233984,3234043,1,59,60,completed,1
48709,Rigid,3233983,3233984,3234043,1,59,60,completed,1
48710,Rigid,3233983,3233984,3234043,1,59,60,completed,1
48711,Rigid,3233983,3233984,3234042,1,58,59,completed,1
48712,Rigid,3233983,3233984,3234040,1,56,57,completed,1
48713,Rigid,3233983,3233984,3234043,1,59,60,completed,1
48714,Rigid,3233983,3233984,3234042,1,58,59,completed,1
48715,Rigid,3233983,3233984,3234044,1,60,61,completed,1
48716,Rigid,3233983,3233984,3234043,1,59,60,completed,1
48717,Rigid,3233983,3233984,3234040,1,56,57,completed,1
48718,Rigid,3233983,3233984,3234043,1,59,60,completed,1
48719,Rigid,3233983,3233984,3234040,1,56,57,completed,1
48720,Rigid,3233983,3233984,3234043,1,59,60,completed,1
48721,Rigid,3233983,3233984,3234043,1,59,60,completed,1
48722,Rigid,3233983,3233984,3234042,1,58,59,completed,1
48723,Rigid,3233983,3233984,3234043,1,59,60,completed,1
48724,Rigid,3233983,3233984,3234043,1,59,60,completed,1
48725,Rigid,3233983,3233984,3234043,1,59,60,completed,1
48726,Rigid,3233983,3233984,3234043,1,59,60,completed,1
48727,Rigid,3233983,3233984,3234043,1,59,60,completed,1
48728,Rigid,3233983,3233984,3234043,1,59,60,completed,1
48729,Rigid,3233983,3233984,3234043,1,59,60,completed,1
48730,Rigid,3233983,3233984,3234043,1,59,60,completed,1
48731,Rigid,3233983,3233984,3234043,1,59,60,completed,1
48732,Rigid,3233983,3233984,3234043,1,59,60,completed,1
48733,Rigid,3233983,3233984,3234021,1,37,38,completed,1
48734,Rigid,3233983,3233984,3234021,1,37,38,completed,1
48735,Rigid,3233983,3233984,3234021,1,37,38,completed,1
48736,Rigid,3233983,3233984,3234021,1,37,38,completed,1
48737,Rigid,3233983,3233984,3234021,1,37,38,completed,1
48738,Rigid,3233983,3233984,3234021,1,37,38,completed,1
48739,Rigid,3233983,3233984,3234021,1,37,38,completed,1
48740,Rigid,3233983,3233984,3234021,1,37,38,completed,1
48741,Rigid,3233983,3233984,3234021,1,37,38,completed,1
48742,Rigid,3233983,3233984,3234021,1,37,38,completed,1
48743,Rigid,3233983,3233984,3234021,1,37,38,completed,1
48744,Rigid,3233983,3233984,3234021,1,37,38,completed,1
48745,Rigid,3233983,3233984,3234021,1,37,38,completed,1
48746,Rigid,3233983,3233984,3234021,1,37,38,completed,1
48747,Rigid,3233983,3233984,3234021,1,37,38,completed,1
48748,Rigid,3233983,3233984,3234021,1,37,38,completed,1
48749,Rigid,3233983,3233984,3234021,1,37,38,completed,1
48750,Rigid,3234076,3234077,3236682,1,2605,2606,completed,1
48751,Rigid,3234076,3234077,3237009,1,2932,2933,completed,1
48752,Rigid,3234076,3234077,3236348,1,2271,2272,completed,1
48753,Rigid,3234076,3234077,3236444,1,2367,2368,completed,1
48754,Rigid,3234076,3234077,3236904,1,2827,2828,completed,1
48755,Rigid,3234076,3234077,3236881,1,2804,2805,completed,1
48756,Rigid,3234076,3234077,3236754,1,2677,2678,completed,1
48757,Rigid,3234076,3234077,3236788,1,2711,2712,completed,1
48758,Rigid,3234076,3234078,3236595,2,2517,2519,completed,1
48759,Rigid,3234076,3234078,3236627,2,2549,2551,completed,1
48760,Rigid,3234076,3234078,3236327,2,2249,2251,completed,1
48761,Rigid,3234076,3234078,3236582,2,2504,2506,completed,1
48762,Rigid,3234076,3234078,3236552,2,2474,2476,completed,1
48763,Rigid,3234076,3234078,3236750,2,2672,2674,completed,1
48764,Rigid,3234076,3234078,3236854,2,2776,2778,completed,1
48765,Rigid,3234076,3234078,3236793,2,2715,2717,completed,1
48766,Rigid,3234076,3234078,3236688,2,2610,2612,completed,1
48767,Rigid,3234076,3234078,3236602,2,2524,2526,completed,1
48768,Rigid,3234076,3234078,3236726,2,2648,2650,completed,1
48769,Rigid,3234076,3234078,3236760,2,2682,2684,completed,1
48770,Rigid,3234076,3234078,3236441,2,2363,2365,completed,1
48771,Rigid,3234076,3234078,3236763,2,2685,2687,completed,1
48772,Rigid,3234076,3234078,3236821,2,2743,2745,completed,1
48773,Rigid,3234076,3234078,3236744,2,2666,2668,completed,1
48774,Rigid,3234076,3234078,3236809,2,2731,2733,completed,1
48775,Rigid,3234076,3234078,3236747,2,2669,2671,completed,1
48776,Rigid,3234076,3234078,3236643,2,2565,2567,completed,1
48777,Rigid,3234076,3234078,3236534,2,2456,2458,completed,1
48778,Rigid,3234076,3234078,3236665,2,2587,2589,completed,1
48779,Rigid,3234076,3234078,3236477,2,2399,2401,completed,1
48780,Rigid,3234076,3234078,3236623,2,2545,2547,completed,1
48781,Rigid,3234076,3234078,3236367,2,2289,2291,completed,1
48782,Rigid,3234076,3234078,3236209,2,2131,2133,completed,1
48783,Rigid,3234076,3234078,3236938,2,2860,2862,completed,1
48784,Rigid,3234076,3234078,3237154,2,3076,3078,completed,1
48785,Rigid,3234076,3234078,3236612,2,2534,2536,completed,1
48786,Rigid,3234076,3234078,3236702,2,2624,2626,completed,1
48787,Rigid,3234076,3234078,3236620,2,2542,2544,completed,1
48788,Rigid,3234076,3234078,3237440,2,3362,3364,completed,1
48789,Rigid,3234076,3234078,3237088,2,3010,3012,completed,1
48790,Rigid,3234076,3234078,3237639,2,3561,3563,completed,1
48791,Rigid,3234076,3234078,3237051,2,2973,2975,completed,1
48792,Rigid,3234076,3234078,3237128,2,3050,3052,completed,1
48793,Rigid,3234076,3234078,3237367,2,3289,3291,completed,1
48794,Rigid,3234076,3234078,3237377,2,3299,3301,completed,1
48795,Rigid,3234076,3234078,3237202,2,3124,3126,completed,1
48796,Rigid,3234076,3234078,3237037,2,2959,2961,completed,1
48797,Rigid,3234076,3234078,3236925,2,2847,2849,completed,1
48798,Rigid,3234076,3234078,3237107,2,3029,3031,completed,1
48799,Rigid,3234076,3234078,3236862,2,2784,2786,completed,1
48800,Rigid,3234076,3234078,3237014,2,2936,2938,completed,1
48801,Rigid,3234076,3234078,3236953,2,2875,2877,completed,1
48802,Rigid,3234076,3234078,3236875,2,2797,2799,completed,1
48803,Rigid,3234076,3234078,3236727,2,2649,2651,completed,1
48804,Rigid,3234076,3234078,3236740,2,2662,2664,completed,1
48805,Rigid,3234076,3234078,3236681,2,2603,2605,completed,1
48806,Rigid,3234076,3234078,3236310,2,2232,2234,completed,1
48807,Rigid,3234076,3234078,3236772,2,2694,2696,completed,1
48808,Rigid,3234076,3234078,3236532,2,2454,2456,completed,1
48809,Rigid,3234076,3234078,3236196,2,2118,2120,completed,1
48810,Rigid,3234076,3234078,3236762,2,2684,2686,completed,1
48811,Rigid,3234076,3234078,3236473,2,2395,2397,completed,1
48812,Rigid,3234076,3234078,3236526,2,2448,2450,completed,1
48813,Rigid,3234076,3234078,3236930,2,2852,2854,completed,1
48814,Rigid,3234198,3234199,3238237,1,4038,4039,completed,1
48815,Rigid,3234198,3234199,3239212,1,5013,5014,completed,1
48816,Rigid,3234198,3234199,3238992,1,4793,4794,completed,1
48817,Rigid,3234198,3234199,3239026,1,4827,4828,completed,1
48818,Rigid,3234198,3234199,3238893,1,4694,4695,completed,1
48819,Rigid,3234198,3234199,3239082,1,4883,4884,completed,1
48820,Rigid,3234198,3234199,3238602,1,4403,4404,completed,1
48821,Rigid,3234198,3234199,3238520,1,4321,4322,completed,1
48822,Rigid,3234198,3234199,3238774,1,4575,4576,completed,1
48823,Rigid,3234198,3234199,3238355,1,4156,4157,completed,1
48824,Rigid,3234198,3234199,3238657,1,4458,4459,completed,1
48825,Rigid,3234198,3234199,3238295,1,4096,4097,completed,1
48826,Rigid,3234198,3234199,3238662,1,4463,4464,completed,1
48827,Rigid,3234198,3234199,3238960,1,4761,4762,completed,1
48828,Rigid,3234198,3234199,3237845,1,3646,3647,completed,1
48829,Rigid,3234198,3234199,3239100,1,4901,4902,completed,1
48830,Rigid,3234198,3234199,3239251,1,5052,5053,completed,1
48831,Rigid,3234198,3234199,3239347,1,5148,5149,completed,1
48832,Rigid,3234198,3234199,3239555,1,5356,5357,completed,1
48833,Rigid,3234198,3234199,3239370,1,5171,5172,completed,1
48834,Rigid,3234198,3234199,3239089,1,4890,4891,completed,1
48835,Rigid,3234198,3234199,3239016,1,4817,4818,completed,1
48836,Rigid,3234198,3234199,3239245,1,5046,5047,completed,1
48837,Rigid,3234198,3234199,3238666,1,4467,4468,completed,1
48838,Rigid,3234198,3234199,3237787,1,3588,3589,completed,1
48839,Rigid,3234198,3234199,3236250,1,2051,2052,completed,1
48840,Rigid,3234198,3234199,3235841,1,1642,1643,completed,1
48841,Rigid,3234198,3234199,3235690,1,1491,1492,completed,1
48842,Rigid,3234198,3234199,3235806,1,1607,1608,completed,1
48843,Rigid,3234198,3234199,3235897,1,1698,1699,completed,1
48844,Rigid,3234198,3234199,3236139,1,1940,1941,completed,1
48845,Rigid,3234198,3234199,3235857,1,1658,1659,completed,1
48846,Rigid,3234198,3234199,3235792,1,1593,1594,completed,1
48847,Rigid,3234198,3234199,3236037,1,1838,1839,completed,1
48848,Rigid,3234198,3234199,3235892,1,1693,1694,completed,1
48849,Rigid,3234198,3234199,3236214,1,2015,2016,completed,1
48850,Rigid,3234198,3234199,3235977,1,1778,1779,completed,1
48851,Rigid,3234198,3234199,3235797,1,1598,1599,completed,1
48852,Rigid,3234198,3234199,3236083,1,1884,1885,completed,1
48853,Rigid,3234198,3234199,3235767,1,1568,1569,completed,1
48854,Rigid,3234198,3234199,3235966,1,1767,1768,completed,1
48855,Rigid,3234198,3234199,3235940,1,1741,1742,completed,1
48856,Rigid,3234198,3234199,3235949,1,1750,1751,completed,1
48857,Rigid,3234198,3234199,3235932,1,1733,1734,completed,1
48858,Rigid,3234198,3234199,3235798,1,1599,1600,completed,1
48859,Rigid,3234198,3234199,3235900,1,1701,1702,completed,1
48860,Rigid,3234198,3234199,3236019,1,1820,1821,completed,1
48861,Rigid,3234198,3234199,3236084,1,1885,1886,completed,1
48862,Rigid,3234198,3234199,3236089,1,1890,1891,completed,1
48863,Rigid,3234198,3234199,3235909,1,1710,1711,completed,1
48864,Rigid,3234198,3234199,3236047,1,1848,1849,completed,1
48865,Rigid,3234198,3234199,3236122,1,1923,1924,completed,1
48866,Rigid,3234198,3234199,3235889,1,1690,1691,completed,1
48867,Rigid,3234198,3234199,3235926,1,1727,1728,completed,1
48868,Rigid,3234198,3234199,3235993,1,1794,1795,completed,1
48869,Rigid,3234198,3234199,3235765,1,1566,1567,completed,1
48870,Rigid,3234198,3234199,3236022,1,1823,1824,completed,1
48871,Rigid,3234198,3234199,3236150,1,1951,1952,completed,1
48872,Rigid,3234198,3234199,3235988,1,1789,1790,completed,1
48873,Rigid,3234198,3234199,3235927,1,1728,1729,completed,1
48874,Rigid,3234198,3234199,3235983,1,1784,1785,completed,1
48875,Rigid,3234198,3234199,3236049,1,1850,1851,completed,1
48876,Rigid,3234198,3234199,3236365,1,2166,2167,completed,1
48877,Rigid,3234198,3234199,3236284,1,2085,2086,completed,1
48878,Rigid,3234252,3234253,3239791,1,5538,5539,completed,1
48879,Rigid,3234252,3234253,3240465,1,6212,6213,completed,1
48880,Rigid,3234252,3234253,3241290,1,7037,7038,completed,1
48881,Rigid,3234252,3234253,3241321,1,7068,7069,completed,1
48882,Rigid,3234252,3234253,3240547,1,6294,6295,completed,1
48883,Rigid,3234252,3234253,3240252,1,5999,6000,completed,1
48884,Rigid,3234252,3234253,3241479,1,7226,7227,completed,1
48885,Rigid,3234252,3234253,3240991,1,6738,6739,completed,1
48886,Rigid,3234252,3234253,3241397,1,7144,7145,completed,1
48887,Rigid,3234252,3234253,3241628,1,7375,7376,completed,1
48888,Rigid,3234252,3234253,3241634,1,7381,7382,completed,1
48889,Rigid,3234252,3234253,3241524,1,7271,7272,completed,1
48890,Rigid,3234252,3234253,3240911,1,6658,6659,completed,1
48891,Rigid,3234252,3234253,3240548,1,6295,6296,completed,1
48892,Rigid,3234252,3234253,3241200,1,6947,6948,completed,1
48893,Rigid,3234252,3234253,3241327,1,7074,7075,completed,1
48894,Rigid,3234252,3234253,3240846,1,6593,6594,completed,1
48895,Rigid,3234252,3234253,3240789,1,6536,6537,completed,1
48896,Rigid,3234252,3234253,3240750,1,6497,6498,completed,1
48897,Rigid,3234252,3234253,3240277,1,6024,6025,completed,1
48898,Rigid,3234252,3234253,3241845,1,7592,7593,completed,1
48899,Rigid,3234252,3234253,3242044,1,7791,7792,completed,1
48900,Rigid,3234252,3234253,3241817,1,7564,7565,completed,1
48901,Rigid,3234252,3234253,3240587,1,6334,6335,completed,1
48902,Rigid,3234252,3234253,3240104,1,5851,5852,completed,1
48903,Rigid,3234252,3234253,3239633,1,5380,5381,completed,1
48904,Rigid,3234252,3234253,3240201,1,5948,5949,completed,1
48905,Rigid,3234252,3234253,3240871,1,6618,6619,completed,1
48906,Rigid,3234252,3234253,3240578,1,6325,6326,completed,1
48907,Rigid,3234252,3234253,3240404,1,6151,6152,completed,1
48908,Rigid,3234252,3234253,3240190,1,5937,5938,completed,1
48909,Rigid,3234252,3234253,3240362,1,6109,6110,completed,1
48910,Rigid,3234252,3234253,3240366,1,6113,6114,completed,1
48911,Rigid,3234252,3234253,3240146,1,5893,5894,completed,1
48912,Rigid,3234252,3234253,3240169,1,5916,5917,completed,1
48913,Rigid,3234252,3234253,3240296,1,6043,6044,completed,1
48914,Rigid,3234252,3234253,3240371,1,6118,6119,completed,1
48915,Rigid,3234252,3234253,3240264,1,6011,6012,completed,1
48916,Rigid,3234252,3234253,3240139,1,5886,5887,completed,1
48917,Rigid,3234252,3234253,3240180,1,5927,5928,completed,1
48918,Rigid,3234252,3234253,3239935,1,5682,5683,completed,1
48919,Rigid,3234252,3234253,3239994,1,5741,5742,completed,1
48920,Rigid,3234252,3234253,3239992,1,5739,5740,completed,1
48921,Rigid,3234252,3234253,3240013,1,5760,5761,completed,1
48922,Rigid,3234252,3234253,3240665,1,6412,6413,completed,1
48923,Rigid,3234252,3234253,3240646,1,6393,6394,completed,1
48924,Rigid,3234252,3234253,3240899,1,6646,6647,completed,1
48925,Rigid,3234252,3234253,3240584,1,6331,6332,completed,1
48926,Rigid,3234252,3234253,3240908,1,6655,6656,completed,1
48927,Rigid,3234252,3234253,3240831,1,6578,6579,completed,1
48928,Rigid,3234252,3234253,3240680,1,6427,6428,completed,1
48929,Rigid,3234252,3234253,3240691,1,6438,6439,completed,1
48930,Rigid,3234252,3234253,3240820,1,6567,6568,completed,1
48931,Rigid,3234252,3234253,3240961,1,6708,6709,completed,1
48932,Rigid,3234252,3234253,3240906,1,6653,6654,completed,1
48933,Rigid,3234252,3234253,3240703,1,6450,6451,completed,1
48934,Rigid,3234252,3234253,3239031,1,4778,4779,completed,1
48935,Rigid,3234252,3234253,3239030,1,4777,4778,completed,1
48936,Rigid,3234252,3234253,3238929,1,4676,4677,completed,1
48937,Rigid,3234252,3234253,3240521,1,6268,6269,completed,1
48938,Rigid,3234252,3234253,3240704,1,6451,6452,completed,1
48939,Rigid,3234252,3234253,3241151,1,6898,6899,completed,1
48940,Rigid,3234252,3234253,3240455,1,6202,6203,completed,1
48941,Rigid,3234252,3234253,3240856,1,6603,6604,completed,1
48942,Rigid,3234279,3234279,3238506,0,4227,4227,completed,1
48943,Rigid,3234279,3234279,3238061,0,3782,3782,completed,1
48944,Rigid,3234279,3234279,3239180,0,4901,4901,completed,1
48945,Rigid,3234279,3234279,3240010,0,5731,5731,completed,1
48946,Rigid,3234279,3234279,3240134,0,5855,5855,completed,1
48947,Rigid,3234279,3234279,3240423,0,6144,6144,completed,1
48948,Rigid,3234279,3234279,3240109,0,5830,5830,completed,1
48949,Rigid,3234279,3234279,3240050,0,5771,5771,completed,1
48950,Rigid,3234279,3234279,3240273,0,5994,5994,completed,1
48951,Rigid,3234279,3234279,3240100,0,5821,5821,completed,1
48952,Rigid,3234279,3234279,3240202,0,5923,5923,completed,1
48953,Rigid,3234279,3234279,3239874,0,5595,5595,completed,1
48954,Rigid,3234279,3234279,3239652,0,5373,5373,completed,1
48955,Rigid,3234279,3234279,3239832,0,5553,5553,completed,1
48956,Rigid,3234279,3234279,3240231,0,5952,5952,completed,1
48957,Rigid,3234279,3234279,3239983,0,5704,5704,completed,1
48958,Rigid,3234279,3234279,3240008,0,5729,5729,completed,1
48959,Rigid,3234279,3234279,3240002,0,5723,5723,completed,1
48960,Rigid,3234279,3234279,3240135,0,5856,5856,completed,1
48961,Rigid,3234279,3234279,3239914,0,5635,5635,completed,1
48962,Rigid,3234279,3234279,3239969,0,5690,5690,completed,1
48963,Rigid,3234279,3234279,3239220,0,4941,4941,completed,1
48964,Rigid,3234279,3234279,3239043,0,4764,4764,completed,1
48965,Rigid,3234279,3234279,3240868,0,6589,6589,completed,1
48966,Rigid,3234279,3234279,3241554,0,7275,7275,completed,1
48967,Rigid,3234279,3234279,3241744,0,7465,7465,completed,1
48968,Rigid,3234279,3234279,3241658,0,7379,7379,completed,1
48969,Rigid,3234279,3234279,3241770,0,7491,7491,completed,1
48970,Rigid,3234279,3234279,3241771,0,7492,7492,completed,1
48971,Rigid,3234279,3234279,3241628,0,7349,7349,completed,1
48972,Rigid,3234279,3234279,3241666,0,7387,7387,completed,1
48973,Rigid,3234279,3234279,3240918,0,6639,6639,completed,1
48974,Rigid,3234279,3234279,3241061,0,6782,6782,completed,1
48975,Rigid,3234279,3234279,3241278,0,6999,6999,completed,1
48976,Rigid,3234279,3234279,3241496,0,7217,7217,completed,1
48977,Rigid,3234279,3234279,3241024,0,6745,6745,completed,1
48978,Rigid,3234279,3234279,3240791,0,6512,6512,completed,1
48979,Rigid,3234279,3234279,3240997,0,6718,6718,completed,1
48980,Rigid,3234279,3234279,3240993,0,6714,6714,completed,1
48981,Rigid,3234279,3234279,3240443,0,6164,6164,completed,1
48982,Rigid,3234279,3234279,3238653,0,4374,4374,completed,1
48983,Rigid,3234279,3234279,3239029,0,4750,4750,completed,1
48984,Rigid,3234279,3234279,3238506,0,4227,4227,completed,1
48985,Rigid,3234279,3234280,3238976,1,4696,4697,completed,1
48986,Rigid,3234279,3234280,3240066,1,5786,5787,completed,1
48987,Rigid,3234279,3234280,3240765,1,6485,6486,completed,1
48988,Rigid,3234279,3234280,3240995,1,6715,6716,completed,1
48989,Rigid,3234279,3234280,3241322,1,7042,7043,completed,1
48990,Rigid,3234279,3234280,3241565,1,7285,7286,completed,1
48991,Rigid,3234279,3234280,3241134,1,6854,6855,completed,1
48992,Rigid,3234279,3234280,3241217,1,6937,6938,completed,1
48993,Rigid,3234279,3234280,3241405,1,7125,7126,completed,1
48994,Rigid,3234279,3234280,3241194,1,6914,6915,completed,1
48995,Rigid,3234279,3234280,3241216,1,6936,6937,completed,1
48996,Rigid,3234279,3234280,3240735,1,6455,6456,completed,1
48997,Rigid,3234279,3234280,3240534,1,6254,6255,completed,1
48998,Rigid,3234279,3234280,3240607,1,6327,6328,completed,1
48999,Rigid,3234279,3234280,3241061,1,6781,6782,completed,1
49000,Rigid,3234279,3234280,3241459,1,7179,7180,completed,1
49001,Rigid,3234279,3234280,3241296,1,7016,7017,completed,1
49002,Rigid,3234279,3234280,3240748,1,6468,6469,completed,1
49003,Rigid,3234279,3234280,3241079,1,6799,6800,completed,1
49004,Rigid,3234279,3234280,3240672,1,6392,6393,completed,1
49005,Rigid,3234279,3234280,3241013,1,6733,6734,completed,1
49006,Rigid,3234285,3234286,3240401,1,6115,6116,completed,1
49007,Rigid,3234285,3234286,3240735,1,6449,6450,completed,1
49008,Rigid,3234285,3234286,3240295,1,6009,6010,completed,1
49009,Rigid,3234285,3234286,3240787,1,6501,6502,completed,1
49010,Rigid,3234285,3234286,3239582,1,5296,5297,completed,1
49011,Rigid,3234285,3234286,3239366,1,5080,5081,completed,1
49012,Rigid,3234285,3234286,3240861,1,6575,6576,completed,1
49013,Rigid,3234285,3234286,3240592,1,6306,6307,completed,1
49014,Rigid,3234285,3234286,3240312,1,6026,6027,completed,1
49015,Rigid,3234285,3234286,3239779,1,5493,5494,completed,1
49016,Rigid,3234285,3234286,3239544,1,5258,5259,completed,1
49017,Rigid,3234285,3234286,3241014,1,6728,6729,completed,1
49018,Rigid,3234285,3234286,3240085,1,5799,5800,completed,1
49019,Rigid,3234285,3234286,3239062,1,4776,4777,completed,1
49020,Rigid,3234285,3234286,3240382,1,6096,6097,completed,1
49021,Rigid,3234285,3234286,3239362,1,5076,5077,completed,1
49022,Rigid,3234285,3234286,3240615,1,6329,6330,completed,1
49023,Rigid,3234285,3234286,3239240,1,4954,4955,completed,1
49024,Rigid,3234285,3234286,3238473,1,4187,4188,completed,1
49025,Rigid,3234285,3234286,3239943,1,5657,5658,completed,1
49026,Rigid,3234285,3234286,3239929,1,5643,5644,completed,1
49027,Rigid,3234285,3234286,3239878,1,5592,5593,completed,1
49028,Rigid,3234285,3234286,3239203,1,4917,4918,completed,1
49029,Rigid,3234285,3234286,3240609,1,6323,6324,completed,1
49030,Rigid,3234285,3234286,3240587,1,6301,6302,completed,1
49031,Rigid,3234285,3234286,3240289,1,6003,6004,completed,1
49032,Rigid,3234285,3234286,3240123,1,5837,5838,completed,1
49033,Rigid,3234285,3234286,3241111,1,6825,6826,completed,1
49034,Rigid,3234285,3234286,3240819,1,6533,6534,completed,1
49035,Rigid,3234285,3234286,3239831,1,5545,5546,completed,1
49036,Rigid,3234285,3234286,3239438,1,5152,5153,completed,1
49037,Rigid,3234285,3234286,3239691,1,5405,5406,completed,1
49038,Rigid,3234285,3234286,3241465,1,7179,7180,completed,1
49039,Rigid,3234285,3234286,3241258,1,6972,6973,completed,1
49040,Rigid,3234285,3234286,3241391,1,7105,7106,completed,1
49041,Rigid,3234285,3234286,3240971,1,6685,6686,completed,1
49042,Rigid,3234285,3234286,3240808,1,6522,6523,completed,1
49043,Rigid,3234285,3234286,3241236,1,6950,6951,completed,1
49044,Rigid,3234285,3234286,3240227,1,5941,5942,completed,1
49045,Rigid,3234285,3234286,3240816,1,6530,6531,completed,1
49046,Rigid,3234285,3234286,3241051,1,6765,6766,completed,1
49047,Rigid,3234285,3234287,3240195,2,5908,5910,completed,1
49048,Rigid,3234285,3234287,3239501,2,5214,5216,completed,1
49049,Rigid,3234285,3234287,3239551,2,5264,5266,completed,1
49050,Rigid,3234285,3234287,3240432,2,6145,6147,completed,1
49051,Rigid,3234285,3234287,3240526,2,6239,6241,completed,1
49052,Rigid,3234285,3234287,3240191,2,5904,5906,completed,1
49053,Rigid,3234285,3234287,3239908,2,5621,5623,completed,1
49054,Rigid,3234285,3234287,3240589,2,6302,6304,completed,1
49055,Rigid,3234285,3234287,3240351,2,6064,6066,completed,1
49056,Rigid,3234285,3234287,3242162,2,7875,7877,completed,1
49057,Rigid,3234285,3234287,3238929,2,4642,4644,completed,1
49058,Rigid,3234285,3234287,3240043,2,5756,5758,completed,1
49059,Rigid,3234285,3234287,3238894,2,4607,4609,completed,1
49060,Rigid,3234285,3234287,3241117,2,6830,6832,completed,1
49061,Rigid,3234285,3234287,3239972,2,5685,5687,completed,1
49062,Rigid,3234285,3234287,3238988,2,4701,4703,completed,1
49063,Rigid,3234285,3234287,3240373,2,6086,6088,completed,1
49064,Rigid,3234285,3234287,3239812,2,5525,5527,completed,1
49065,Rigid,3234285,3234287,3239216,2,4929,4931,completed,1
49066,Rigid,3234285,3234287,3239192,2,4905,4907,completed,1
49067,Rigid,3234285,3234287,3239830,2,5543,5545,completed,1
49068,Rigid,3234285,3234287,3239464,2,5177,5179,completed,1
49069,Rigid,3234285,3234287,3240560,2,6273,6275,completed,1
49070,Rigid,3236684,3236685,3236723,1,38,39,completed,1
49071,Rigid,3236690,3236690,3236725,0,35,35,completed,1
49072,Rigid,3236696,3236697,3236773,1,76,77,completed,1
49073,Rigid,3236704,3236705,3236783,1,78,79,completed,1
49074,Rigid,3236710,3236711,3236741,1,30,31,completed,1
49075,Rigid,3238313,3238314,3239945,1,1631,1632,completed,36
49076,Rigid,3239013,3239013,3239072,0,59,59,completed,1
49077,Rigid,3239041,3239041,3239052,0,11,11,completed,1
49078,Rigid,3239047,3239048,3239055,1,7,8,completed,1
49079,Rigid,3239053,3239054,3239102,1,48,49,completed,1
49080,Rigid,3239057,3239057,3239116,0,59,59,completed,1
49081,Rigid,3239063,3239064,3239072,1,8,9,completed,1
49082,Rigid,3244005,3244005,3244006,0,1,1,completed,1
49083,Rigid,3244005,3244005,3244013,0,8,8,completed,1
49084,Rigid,3244005,3244005,3244012,0,7,7,completed,1
49085,Rigid,3244015,3244015,3245705,0,1690,1690,completed,1
49086,Rigid,3244015,3244015,3245840,0,1825,1825,completed,1
49087,Rigid,3245687,3245688,3387130,1,141442,141443,completed,288
49088,Rigid,3245860,3245860,3245867,0,7,7,completed,1
49089,Rigid,3245860,3245860,3245862,0,2,2,completed,1
49090,Rigid,3245860,3245860,3245863,0,3,3,completed,1
49091,Rigid,3245860,3245860,3245868,0,8,8,completed,1
49092,Rigid,3245860,3245860,3245867,0,7,7,completed,1
49093,Rigid,3245904,3245936,3387204,32,141268,141300,completed,288
49094,Rigid,3246824,3246825,3389558,1,142733,142734,completed,288
49095,Rigid,3247507,3247507,3247595,0,88,88,completed,36
49096,Rigid,3247697,3247698,3250625,1,2927,2928,completed,36
49097,Rigid,3253607,3253608,3254807,1,1199,1200,completed,18
49098,Rigid,3253607,3253608,3254843,1,1235,1236,completed,18
49099,Rigid,3255105,3255106,3255111,1,5,6,completed,1
49100,Rigid,3255105,3255106,3255108,1,2,3,completed,1
49101,Rigid,3255105,3255106,3255108,1,2,3,completed,1
49102,Rigid,3255106,3255107,3255114,1,7,8,completed,1
49103,Rigid,3255106,3255107,3255114,1,7,8,completed,1
49104,Rigid,3255170,3255171,3255175,1,4,5,completed,1
49105,Rigid,3255170,3255171,3255176,1,5,6,completed,1
49106,Rigid,3255170,3255171,3255177,1,6,7,completed,1
49107,Rigid,3255171,3255175,3255186,4,11,15,completed,1
49108,Rigid,3255171,3255175,3255203,4,28,32,completed,1
49109,Rigid,3255171,3255175,3255183,4,8,12,completed,1
49110,Rigid,3255171,3255175,3255191,4,16,20,completed,1
49111,Rigid,3255171,3255175,3255207,4,32,36,completed,1
49112,Rigid,3255172,3255175,3255204,3,29,32,completed,1
49113,Rigid,3255172,3255175,3255191,3,16,19,completed,1
49114,Rigid,3255172,3255175,3255195,3,20,23,completed,1
49115,Rigid,3255172,3255175,3255202,3,27,30,completed,1
49116,Rigid,3255172,3255175,3255194,3,19,22,completed,1
49117,Rigid,3255172,3255175,3255205,3,30,33,completed,1
49118,Rigid,3255172,3255175,3256321,3,1146,1149,completed,1
49119,Rigid,3255172,3255175,3255199,3,24,27,completed,1
49120,Rigid,3255173,3255175,3255198,2,23,25,completed,1
49121,Rigid,3255173,3255175,3255198,2,23,25,completed,1
49122,Rigid,3255173,3255175,3255206,2,31,33,completed,1
49123,Rigid,3255173,3255175,3255465,2,290,292,completed,2
49124,Rigid,3255173,3255175,3255199,2,24,26,completed,1
49125,Rigid,3255173,3255175,3255200,2,25,27,completed,1
49126,Rigid,3255174,3255175,3256287,1,1112,1113,completed,2
49127,Rigid,3255174,3255175,3255205,1,30,31,completed,1
49128,Rigid,3255174,3255175,3255190,1,15,16,completed,1
49129,Rigid,3255174,3255175,3255207,1,32,33,completed,1
49130,Rigid,3255174,3255175,3255204,1,29,30,completed,1
49131,Rigid,3255174,3255175,3255185,1,10,11,completed,1
49132,Rigid,3255174,3255175,3255188,1,13,14,completed,1
49133,Rigid,3255174,3255175,3255199,1,24,25,completed,1
49134,Rigid,3255174,3255175,3255201,1,26,27,completed,1
49135,Rigid,3255175,3255176,3255200,1,24,25,completed,1
49136,Rigid,3255175,3255176,3256232,1,1056,1057,completed,2
49137,Rigid,3255175,3255176,3255211,1,35,36,completed,1
49138,Rigid,3255175,3255176,3255196,1,20,21,completed,1
49139,Rigid,3255175,3255176,3255209,1,33,34,completed,1
49140,Rigid,3255175,3255176,3255201,1,25,26,completed,1
49141,Rigid,3255175,3255176,3255192,1,16,17,completed,1
49142,Rigid,3255176,3255176,3255207,0,31,31,completed,1
49143,Rigid,3255176,3255176,3255206,0,30,30,completed,1
49144,Rigid,3255176,3255176,3255194,0,18,18,completed,1
49145,Rigid,3255176,3255176,3255189,0,13,13,completed,1
49146,Rigid,3255177,3255178,3255188,1,10,11,completed,1
49147,Rigid,3255177,3255178,3255486,1,308,309,completed,2
49148,Rigid,3255177,3255178,3255446,1,268,269,completed,2
49149,Rigid,3255177,3255178,3255208,1,30,31,completed,1
49150,Rigid,3255178,3255179,3255191,1,12,13,completed,1
49151,Rigid,3255178,3255179,3255204,1,25,26,completed,1
49152,Rigid,3255178,3255179,3256496,1,1317,1318,completed,1
49153,Rigid,3255178,3255179,3255185,1,6,7,completed,1
49154,Rigid,3255179,3255183,3255198,4,15,19,completed,1
49155,Rigid,3255179,3255183,3255210,4,27,31,completed,1
49156,Rigid,3255179,3255183,3255189,4,6,10,completed,1
49157,Rigid,3255179,3255183,3255498,4,315,319,completed,2
49158,Rigid,3255180,3255183,3255350,3,167,170,completed,2
49159,Rigid,3255180,3255183,3256102,3,919,922,completed,1
49160,Rigid,3255180,3255183,3255355,3,172,175,completed,2
49161,Rigid,3255180,3255183,3256318,3,1135,1138,completed,2
49162,Rigid,3255181,3255183,3255409,2,226,228,completed,2
49163,Rigid,3255181,3255183,3256195,2,1012,1014,completed,1
49164,Rigid,3255181,3255183,3255338,2,155,157,completed,2
49165,Rigid,3255181,3255183,3255347,2,164,166,completed,2
49166,Rigid,3255181,3255183,3255344,2,161,163,completed,2
49167,Rigid,3255181,3255183,3256297,2,1114,1116,completed,2
49168,Rigid,3255181,3255183,3256211,2,1028,1030,completed,2
49169,Rigid,3255182,3255183,3256214,1,1031,1032,completed,2
49170,Rigid,3255182,3255183,3256070,1,887,888,completed,1
49171,Rigid,3255182,3255183,3256169,1,986,987,completed,1
49172,Rigid,3255182,3255183,3255424,1,241,242,completed,2
49173,Rigid,3255182,3255183,3255836,1,653,654,completed,1
49174,Rigid,3255182,3255183,3255875,1,692,693,completed,1
49175,Rigid,3255182,3255183,3255399,1,216,217,completed,2
49176,Rigid,3255182,3255183,3255410,1,227,228,completed,2
49177,Rigid,3255182,3255183,3255342,1,159,160,completed,2
49178,Rigid,3255182,3255183,3255413,1,230,231,completed,2
49179,Rigid,3255183,3255183,3255895,0,712,712,completed,1
49180,Rigid,3255183,3255183,3255843,0,660,660,completed,1
49181,Rigid,3255183,3255183,3255852,0,669,669,completed,1
49182,Rigid,3255183,3255185,3256303,2,1118,1120,completed,2
49183,Rigid,3255183,3255185,3255339,2,154,156,completed,2
49184,Rigid,3255183,3255185,3256307,2,1122,1124,completed,2
49185,Rigid,3255183,3255185,3255849,2,664,666,completed,1
49186,Rigid,3255183,3255185,3256059,2,874,876,completed,1
49187,Rigid,3255183,3255185,3255426,2,241,243,completed,2
49188,Rigid,3255183,3255185,3256257,2,1072,1074,completed,2
49189,Rigid,3255184,3255185,3255393,1,208,209,completed,2
49190,Rigid,3255184,3255185,3255354,1,169,170,completed,2
49191,Rigid,3255184,3255185,3256285,1,1100,1101,completed,2
49192,Rigid,3255184,3255185,3255344,1,159,160,completed,2
49193,Rigid,3255184,3255185,3255395,1,210,211,completed,2
49194,Rigid,3255184,3255185,3255344,1,159,160,completed,2
49195,Rigid,3255184,3255185,3256238,1,1053,1054,completed,2
49196,Rigid,3255184,3255185,3255337,1,152,153,completed,2
49197,Rigid,3255184,3255185,3256295,1,1110,1111,completed,2
49198,Rigid,3255184,3255185,3256317,1,1132,1133,completed,2
49199,Rigid,3255185,3255185,3255402,0,217,217,completed,2
49200,Rigid,3255185,3255185,3255392,0,207,207,completed,2
49201,Rigid,3255185,3255186,3255321,1,135,136,completed,2
49202,Rigid,3255185,3255186,3255762,1,576,577,completed,1
49203,Rigid,3255185,3255186,3255322,1,136,137,completed,2
49204,Rigid,3255185,3255186,3255324,1,138,139,completed,2
49205,Rigid,3255185,3255186,3255340,1,154,155,completed,2
49206,Rigid,3255185,3255186,3256205,1,1019,1020,completed,2
49207,Rigid,3255199,3255199,3255789,0,590,590,completed,1
49208,Rigid,3255199,3255199,3255343,0,144,144,completed,2
49209,Rigid,3255199,3255199,3256178,0,979,979,completed,2
49210,Rigid,3255200,3255200,3255338,0,138,138,completed,2
49211,Rigid,3255200,3255201,3255332,1,131,132,completed,2
49212,Rigid,3255200,3255201,3256178,1,977,978,completed,2
49213,Rigid,3255200,3255201,3255339,1,138,139,completed,2
49214,Rigid,3255201,3255201,3255807,0,606,606,completed,1
49215,Rigid,3255201,3255201,3255329,0,128,128,completed,2
49216,Rigid,3255201,3255201,3255733,0,532,532,completed,1
49217,Rigid,3255201,3255201,3255331,0,130,130,completed,2
49218,Rigid,3255201,3255201,3256218,0,1017,1017,completed,2
49219,Rigid,3255201,3255201,3256234,0,1033,1033,completed,2
49220,Rigid,3255201,3255202,3255769,1,567,568,completed,1
49221,Rigid,3255202,3255202,3255328,0,126,126,completed,2
49222,Rigid,3255202,3255202,3256217,0,1015,1015,completed,2
49223,Rigid,3255202,3255202,3255323,0,121,121,completed,2
49224,Rigid,3255202,3255202,3255316,0,114,114,completed,2
49225,Rigid,3255202,3255202,3255310,0,108,108,completed,2
49226,Rigid,3255202,3255202,3255696,0,494,494,completed,1
49227,Rigid,3255203,3255204,3256214,1,1010,1011,completed,2
49228,Rigid,3255203,3255204,3255653,1,449,450,completed,1
49229,Rigid,3255203,3255204,3255310,1,106,107,completed,2
49230,Rigid,3255203,3255204,3255310,1,106,107,completed,2
49231,Rigid,3255204,3255205,3256304,1,1099,1100,completed,2
49232,Rigid,3255204,3255205,3255314,1,109,110,completed,2
49233,Rigid,3255204,3255205,3255652,1,447,448,completed,1
49234,Rigid,3255222,3255223,3255313,1,90,91,completed,2
49235,Rigid,3255222,3255223,3255313,1,90,91,completed,2
49236,Rigid,3255222,3255223,3255557,1,334,335,completed,1
49237,Rigid,3255222,3255223,3255290,1,67,68,completed,2
49238,Rigid,3255222,3255223,3256218,1,995,996,completed,2
49239,Rigid,3255222,3255223,3256147,1,924,925,completed,2
49240,Rigid,3255222,3255223,3255290,1,67,68,completed,2
49241,Rigid,3255223,3255227,3255455,4,228,232,completed,1
49242,Rigid,3255563,3255564,3514775,1,259211,259212,completed,1
49243,Rigid,3255563,3255564,3514775,1,259211,259212,completed,1
49244,Rigid,3255563,3255564,3514775,1,259211,259212,completed,1
49245,Rigid,3255563,3255564,3514775,1,259211,259212,completed,1
49246,Rigid,3255563,3255564,3514775,1,259211,259212,completed,1
49247,Rigid,3255563,3255564,3514775,1,259211,259212,completed,1
49248,Rigid,3255563,3255564,3514775,1,259211,259212,completed,1
49249,Rigid,3255563,3255564,3514775,1,259211,259212,completed,1
49250,Rigid,3255563,3255564,3514775,1,259211,259212,completed,1
49251,Rigid,3255563,3255564,3514775,1,259211,259212,completed,1
49252,Rigid,3255563,3255564,3514775,1,259211,259212,completed,1
49253,Rigid,3255563,3255564,3514775,1,259211,259212,completed,1
49254,Rigid,3255563,3255564,3514775,1,259211,259212,completed,1
49255,Rigid,3255563,3255564,3514775,1,259211,259212,completed,1
49256,Rigid,3255563,3255564,3514775,1,259211,259212,completed,1
49257,Rigid,3255563,3255564,3514775,1,259211,259212,completed,1
49258,Rigid,3255563,3255564,3514775,1,259211,259212,completed,1
49259,Rigid,3255563,3255564,3514775,1,259211,259212,completed,1
49260,Rigid,3255563,3255564,3514775,1,259211,259212,completed,1
49261,Rigid,3255563,3255564,3514775,1,259211,259212,completed,1
49262,Rigid,3255563,3255564,3514775,1,259211,259212,completed,1
49263,Rigid,3255563,3255564,3514775,1,259211,259212,completed,1
49264,Rigid,3255563,3255564,3514775,1,259211,259212,completed,1
49265,Rigid,3255563,3255564,3514775,1,259211,259212,completed,1
49266,Rigid,3255563,3255564,3514775,1,259211,259212,completed,1
49267,Rigid,3255563,3255564,3514775,1,259211,259212,completed,1
49268,Rigid,3255563,3255564,3514775,1,259211,259212,completed,1
49269,Rigid,3255563,3255564,3514775,1,259211,259212,completed,1
49270,Rigid,3255563,3255564,3514775,1,259211,259212,completed,1
49271,Rigid,3255563,3255564,3514775,1,259211,259212,completed,1
49272,Rigid,3255563,3255564,3514775,1,259211,259212,completed,1
49273,Rigid,3255563,3255564,3514775,1,259211,259212,completed,1
49274,Rigid,3255563,3255564,3514775,1,259211,259212,completed,1
49275,Rigid,3255563,3255564,3514775,1,259211,259212,completed,1
49276,Rigid,3255563,3255564,3514775,1,259211,259212,completed,1
49277,Rigid,3255563,3255564,3514775,1,259211,259212,completed,1
49278,Rigid,3255563,3255564,3514775,1,259211,259212,completed,1
49279,Rigid,3255563,3255564,3514775,1,259211,259212,completed,1
49280,Rigid,3255563,3255564,3514775,1,259211,259212,completed,1
49281,Rigid,3255563,3255564,3514775,1,259211,259212,completed,1
49282,Rigid,3255563,3255564,3514775,1,259211,259212,completed,1
49283,Rigid,3255563,3255564,3514775,1,259211,259212,completed,1
49284,Rigid,3255563,3255564,3514775,1,259211,259212,completed,1
49285,Rigid,3255563,3255564,3514775,1,259211,259212,completed,1
49286,Rigid,3255563,3255564,3514775,1,259211,259212,completed,1
49287,Rigid,3255563,3255564,3514775,1,259211,259212,completed,1
49288,Rigid,3255563,3255564,3514775,1,259211,259212,completed,1
49289,Rigid,3255563,3255564,3514775,1,259211,259212,completed,1
49290,Rigid,3255563,3255564,3514775,1,259211,259212,completed,1
49291,Rigid,3255563,3255564,3514775,1,259211,259212,completed,1
49292,Rigid,3255576,3255577,3514805,1,259228,259229,completed,1
49293,Rigid,3255576,3255577,3514805,1,259228,259229,completed,1
49294,Rigid,3255576,3255577,3514805,1,259228,259229,completed,1
49295,Rigid,3255576,3255577,3514805,1,259228,259229,completed,1
49296,Rigid,3255576,3255577,3514805,1,259228,259229,completed,1
49297,Rigid,3255576,3255577,3514805,1,259228,259229,completed,1
49298,Rigid,3255576,3255577,3514805,1,259228,259229,completed,1
49299,Rigid,3255576,3255577,3514805,1,259228,259229,completed,1
49300,Rigid,3255576,3255577,3514805,1,259228,259229,completed,1
49301,Rigid,3255576,3255577,3514805,1,259228,259229,completed,1
49302,Rigid,3255576,3255577,3514805,1,259228,259229,completed,1
49303,Rigid,3255576,3255577,3514805,1,259228,259229,completed,1
49304,Rigid,3255576,3255577,3514805,1,259228,259229,completed,1
49305,Rigid,3255576,3255577,3514805,1,259228,259229,completed,1
49306,Rigid,3255576,3255577,3514805,1,259228,259229,completed,1
49307,Rigid,3255576,3255577,3514805,1,259228,259229,completed,1
49308,Rigid,3255576,3255577,3514805,1,259228,259229,completed,1
49309,Rigid,3255576,3255577,3514805,1,259228,259229,completed,1
49310,Rigid,3255576,3255577,3514805,1,259228,259229,completed,1
49311,Rigid,3255576,3255577,3514805,1,259228,259229,completed,1
49312,Rigid,3255576,3255577,3514805,1,259228,259229,completed,1
49313,Rigid,3255576,3255577,3514805,1,259228,259229,completed,1
49314,Rigid,3255576,3255577,3514805,1,259228,259229,completed,1
49315,Rigid,3255576,3255577,3514805,1,259228,259229,completed,1
49316,Rigid,3255576,3255577,3514805,1,259228,259229,completed,1
49317,Rigid,3255576,3255577,3514805,1,259228,259229,completed,1
49318,Rigid,3255576,3255577,3514805,1,259228,259229,completed,1
49319,Rigid,3255576,3255577,3514805,1,259228,259229,completed,1
49320,Rigid,3255576,3255577,3514805,1,259228,259229,completed,1
49321,Rigid,3255576,3255577,3514805,1,259228,259229,completed,1
49322,Rigid,3255576,3255577,3514805,1,259228,259229,completed,1
49323,Rigid,3255576,3255577,3514805,1,259228,259229,completed,1
49324,Rigid,3255576,3255577,3514805,1,259228,259229,completed,1
49325,Rigid,3255576,3255577,3514805,1,259228,259229,completed,1
49326,Rigid,3255576,3255577,3514805,1,259228,259229,completed,1
49327,Rigid,3255576,3255577,3514805,1,259228,259229,completed,1
49328,Rigid,3255576,3255577,3514805,1,259228,259229,completed,1
49329,Rigid,3255576,3255577,3514805,1,259228,259229,completed,1
49330,Rigid,3255576,3255577,3514805,1,259228,259229,completed,1
49331,Rigid,3255576,3255577,3514805,1,259228,259229,completed,1
49332,Rigid,3255576,3255577,3514805,1,259228,259229,completed,1
49333,Rigid,3255576,3255577,3514805,1,259228,259229,completed,1
49334,Rigid,3255576,3255577,3514805,1,259228,259229,completed,1
49335,Rigid,3255576,3255578,3514805,2,259227,259229,completed,1
49336,Rigid,3255576,3255578,3514805,2,259227,259229,completed,1
49337,Rigid,3255576,3255578,3514805,2,259227,259229,completed,1
49338,Rigid,3255576,3255578,3514805,2,259227,259229,completed,1
49339,Rigid,3255576,3255578,3514805,2,259227,259229,completed,1
49340,Rigid,3255576,3255578,3514805,2,259227,259229,completed,1
49341,Rigid,3255576,3255578,3514805,2,259227,259229,completed,1
49342,Rigid,3255585,3255586,3514805,1,259219,259220,completed,1
49343,Rigid,3255585,3255586,3514805,1,259219,259220,completed,1
49344,Rigid,3255585,3255586,3514805,1,259219,259220,completed,1
49345,Rigid,3255585,3255586,3514805,1,259219,259220,completed,1
49346,Rigid,3255585,3255586,3514805,1,259219,259220,completed,1
49347,Rigid,3255585,3255586,3514805,1,259219,259220,completed,1
49348,Rigid,3255585,3255586,3514805,1,259219,259220,completed,1
49349,Rigid,3255585,3255586,3514805,1,259219,259220,completed,1
49350,Rigid,3255585,3255586,3514805,1,259219,259220,completed,1
49351,Rigid,3255585,3255586,3514805,1,259219,259220,completed,1
49352,Rigid,3255585,3255586,3514805,1,259219,259220,completed,1
49353,Rigid,3255585,3255586,3514805,1,259219,259220,completed,1
49354,Rigid,3255585,3255586,3514805,1,259219,259220,completed,1
49355,Rigid,3255585,3255586,3514805,1,259219,259220,completed,1
49356,Rigid,3255585,3255586,3514805,1,259219,259220,completed,1
49357,Rigid,3255585,3255586,3514805,1,259219,259220,completed,1
49358,Rigid,3255585,3255586,3514805,1,259219,259220,completed,1
49359,Rigid,3255585,3255586,3514805,1,259219,259220,completed,1
49360,Rigid,3255585,3255586,3514805,1,259219,259220,completed,1
49361,Rigid,3255585,3255586,3514805,1,259219,259220,completed,1
49362,Rigid,3255585,3255586,3514805,1,259219,259220,completed,1
49363,Rigid,3255585,3255586,3514805,1,259219,259220,completed,1
49364,Rigid,3255585,3255586,3514805,1,259219,259220,completed,1
49365,Rigid,3255585,3255586,3514805,1,259219,259220,completed,1
49366,Rigid,3255585,3255586,3514805,1,259219,259220,completed,1
49367,Rigid,3255585,3255586,3514805,1,259219,259220,completed,1
49368,Rigid,3255585,3255586,3514805,1,259219,259220,completed,1
49369,Rigid,3255585,3255586,3514805,1,259219,259220,completed,1
49370,Rigid,3255585,3255586,3514805,1,259219,259220,completed,1
49371,Rigid,3255585,3255586,3514805,1,259219,259220,completed,1
49372,Rigid,3255585,3255586,3514805,1,259219,259220,completed,1
49373,Rigid,3255585,3255586,3514805,1,259219,259220,completed,1
49374,Rigid,3255585,3255586,3514805,1,259219,259220,completed,1
49375,Rigid,3255585,3255586,3514805,1,259219,259220,completed,1
49376,Rigid,3255585,3255586,3514805,1,259219,259220,completed,1
49377,Rigid,3255585,3255586,3514805,1,259219,259220,completed,1
49378,Rigid,3255585,3255586,3514805,1,259219,259220,completed,1
49379,Rigid,3255585,3255586,3514805,1,259219,259220,completed,1
49380,Rigid,3255585,3255586,3514805,1,259219,259220,completed,1
49381,Rigid,3255585,3255586,3514805,1,259219,259220,completed,1
49382,Rigid,3255585,3255586,3514805,1,259219,259220,completed,1
49383,Rigid,3255585,3255586,3514805,1,259219,259220,completed,1
49384,Rigid,3255585,3255586,3514805,1,259219,259220,completed,1
49385,Rigid,3255585,3255586,3514805,1,259219,259220,completed,1
49386,Rigid,3255585,3255586,3514805,1,259219,259220,completed,1
49387,Rigid,3255585,3255586,3514805,1,259219,259220,completed,1
49388,Rigid,3255585,3255586,3514805,1,259219,259220,completed,1
49389,Rigid,3255585,3255586,3514805,1,259219,259220,completed,1
49390,Rigid,3255585,3255586,3514805,1,259219,259220,completed,1
49391,Rigid,3255585,3255586,3514805,1,259219,259220,completed,1
49392,Rigid,3255592,3255592,3255611,0,19,19,completed,1
49393,Rigid,3255592,3255592,3255611,0,19,19,completed,1
49394,Rigid,3255592,3255592,3514805,0,259213,259213,completed,1
49395,Rigid,3255592,3255592,3255611,0,19,19,completed,1
49396,Rigid,3255592,3255592,3255611,0,19,19,completed,1
49397,Rigid,3255592,3255592,3514805,0,259213,259213,completed,1
49398,Rigid,3255592,3255592,3514805,0,259213,259213,completed,1
49399,Rigid,3255592,3255592,3514805,0,259213,259213,completed,1
49400,Rigid,3255592,3255592,3255611,0,19,19,completed,1
49401,Rigid,3255592,3255592,3255611,0,19,19,completed,1
49402,Rigid,3255592,3255592,3255611,0,19,19,completed,1
49403,Rigid,3255592,3255592,3514805,0,259213,259213,completed,1
49404,Rigid,3255592,3255592,3514805,0,259213,259213,completed,1
49405,Rigid,3255592,3255592,3514805,0,259213,259213,completed,1
49406,Rigid,3255592,3255592,3255611,0,19,19,completed,1
49407,Rigid,3255592,3255592,3255611,0,19,19,completed,1
49408,Rigid,3255592,3255592,3255611,0,19,19,completed,1
49409,Rigid,3255592,3255592,3514805,0,259213,259213,completed,1
49410,Rigid,3255592,3255592,3514805,0,259213,259213,completed,1
49411,Rigid,3255592,3255592,3255611,0,19,19,completed,1
49412,Rigid,3255592,3255592,3255611,0,19,19,completed,1
49413,Rigid,3255592,3255592,3255611,0,19,19,completed,1
49414,Rigid,3255592,3255592,3514805,0,259213,259213,completed,1
49415,Rigid,3255592,3255592,3514805,0,259213,259213,completed,1
49416,Rigid,3255592,3255592,3514805,0,259213,259213,completed,1
49417,Rigid,3255592,3255592,3514805,0,259213,259213,completed,1
49418,Rigid,3255592,3255592,3514805,0,259213,259213,completed,1
49419,Rigid,3255592,3255592,3255611,0,19,19,completed,1
49420,Rigid,3255592,3255592,3255611,0,19,19,completed,1
49421,Rigid,3255592,3255592,3514805,0,259213,259213,completed,1
49422,Rigid,3255592,3255592,3255611,0,19,19,completed,1
49423,Rigid,3255592,3255592,3255611,0,19,19,completed,1
49424,Rigid,3255592,3255592,3255611,0,19,19,completed,1
49425,Rigid,3255592,3255592,3255611,0,19,19,completed,1
49426,Rigid,3255592,3255592,3255611,0,19,19,completed,1
49427,Rigid,3255592,3255592,3255611,0,19,19,completed,1
49428,Rigid,3255592,3255592,3514805,0,259213,259213,completed,1
49429,Rigid,3255592,3255592,3514805,0,259213,259213,completed,1
49430,Rigid,3255592,3255592,3514805,0,259213,259213,completed,1
49431,Rigid,3255592,3255592,3514805,0,259213,259213,completed,1
49432,Rigid,3255592,3255592,3514805,0,259213,259213,completed,1
49433,Rigid,3255592,3255592,3514805,0,259213,259213,completed,1
49434,Rigid,3255592,3255592,3514805,0,259213,259213,completed,1
49435,Rigid,3255592,3255592,3514805,0,259213,259213,completed,1
49436,Rigid,3255592,3255592,3255611,0,19,19,completed,1
49437,Rigid,3255592,3255592,3255611,0,19,19,completed,1
49438,Rigid,3255592,3255592,3255611,0,19,19,completed,1
49439,Rigid,3255592,3255592,3255611,0,19,19,completed,1
49440,Rigid,3255592,3255592,3514805,0,259213,259213,completed,1
49441,Rigid,3255592,3255592,3514805,0,259213,259213,completed,1
49442,Rigid,3261654,3261654,3289521,0,27867,27867,completed,1
49443,Rigid,3263973,3263974,3263987,1,13,14,completed,1
49444,Rigid,3264002,3264002,3264045,0,43,43,completed,1
49445,Rigid,3264098,3264098,3264108,0,10,10,completed,1
49446,Rigid,3264150,3264152,3264161,2,9,11,completed,1
49447,Rigid,3264290,3264290,3266095,0,1805,1805,completed,1
49448,Rigid,3264334,3264334,3264356,0,22,22,completed,1
49449,Rigid,3264406,3264407,3264740,1,333,334,completed,1
49450,Rigid,3264781,3264781,3264791,0,10,10,completed,1
49451,Rigid,3264972,3264972,3265287,0,315,315,completed,1
49452,Rigid,3267005,3267005,3268702,0,1697,1697,completed,1
49453,Rigid,3274121,3274122,3281704,1,7582,7583,completed,288
49454,Rigid,3274172,3274173,3278549,1,4376,4377,completed,288
49455,Rigid,3278729,3278730,3291236,1,12506,12507,completed,288
49456,Rigid,3280616,3280617,3280621,1,4,5,completed,36
49457,Rigid,3280648,3280648,3483229,0,202581,202581,completed,36
49458,Rigid,3280697,3280697,3542239,0,261542,261542,completed,36
49459,Rigid,3280728,3280728,3494071,0,213343,213343,completed,36
49460,Rigid,3282193,3282194,3542469,1,260275,260276,completed,36
49461,Rigid,3282403,3282404,3282921,1,517,518,completed,36
49462,Rigid,3283687,3283687,3284451,0,764,764,completed,36
49463,Rigid,3286697,3286697,3287182,0,485,485,completed,1
49464,Rigid,3287135,3287135,3303310,0,16175,16175,completed,36
49465,Rigid,3287513,3287514,3288335,1,821,822,completed,1
49466,Rigid,3287525,3287526,3287683,1,157,158,completed,1
49467,Rigid,3287549,3287553,3287949,4,396,400,completed,1
49468,Rigid,3287672,3287673,3313884,1,26211,26212,completed,36
49469,Rigid,3287673,3287673,3288219,0,546,546,completed,36
49470,Rigid,3287673,3287673,3312868,0,25195,25195,completed,36
49471,Rigid,3287673,3287673,3288163,0,490,490,completed,36
49472,Rigid,3287673,3287673,3314491,0,26818,26818,completed,36
49473,Rigid,3287673,3287675,3288188,2,513,515,completed,36
49474,Rigid,3287673,3287675,3313188,2,25513,25515,completed,36
49475,Rigid,3287674,3287675,3288206,1,531,532,completed,36
49476,Rigid,3287796,3287797,3538136,1,250339,250340,completed,36
49477,Rigid,3288006,3288007,3288049,1,42,43,completed,1
49478,Rigid,3288006,3288007,3288049,1,42,43,completed,1
49479,Rigid,3288006,3288007,3288049,1,42,43,completed,1
49480,Rigid,3288006,3288007,3288049,1,42,43,completed,1
49481,Rigid,3288006,3288007,3288049,1,42,43,completed,1
49482,Rigid,3288006,3288007,3288049,1,42,43,completed,1
49483,Rigid,3288006,3288007,3288049,1,42,43,completed,1
49484,Rigid,3288006,3288007,3288049,1,42,43,completed,1
49485,Rigid,3288006,3288007,3288049,1,42,43,completed,1
49486,Rigid,3288006,3288007,3288049,1,42,43,completed,1
49487,Rigid,3288006,3288007,3288049,1,42,43,completed,1
49488,Rigid,3288006,3288007,3288049,1,42,43,completed,1
49489,Rigid,3288006,3288007,3288049,1,42,43,completed,1
49490,Rigid,3288006,3288007,3288049,1,42,43,completed,1
49491,Rigid,3288006,3288007,3288049,1,42,43,completed,1
49492,Rigid,3288006,3288007,3288049,1,42,43,completed,1
49493,Rigid,3288006,3288007,3288049,1,42,43,completed,1
49494,Rigid,3288006,3288007,3288049,1,42,43,completed,1
49495,Rigid,3288006,3288007,3288049,1,42,43,completed,1
49496,Rigid,3288006,3288007,3288049,1,42,43,completed,1
49497,Rigid,3288006,3288007,3288049,1,42,43,completed,1
49498,Rigid,3288006,3288007,3288049,1,42,43,completed,1
49499,Rigid,3288006,3288007,3288049,1,42,43,completed,1
49500,Rigid,3288006,3288007,3288049,1,42,43,completed,1
49501,Rigid,3288006,3288007,3288049,1,42,43,completed,1
49502,Rigid,3288006,3288007,3288049,1,42,43,completed,1
49503,Rigid,3288006,3288007,3288049,1,42,43,completed,1
49504,Rigid,3288006,3288007,3288050,1,43,44,completed,1
49505,Rigid,3288006,3288007,3288049,1,42,43,completed,1
49506,Rigid,3288006,3288007,3288049,1,42,43,completed,1
49507,Rigid,3288006,3288007,3288049,1,42,43,completed,1
49508,Rigid,3288006,3288007,3288049,1,42,43,completed,1
49509,Rigid,3288006,3288007,3288050,1,43,44,completed,1
49510,Rigid,3288006,3288007,3288050,1,43,44,completed,1
49511,Rigid,3288006,3288007,3288050,1,43,44,completed,1
49512,Rigid,3288006,3288007,3288050,1,43,44,completed,1
49513,Rigid,3288006,3288007,3288050,1,43,44,completed,1
49514,Rigid,3288006,3288007,3288050,1,43,44,completed,1
49515,Rigid,3288006,3288007,3288050,1,43,44,completed,1
49516,Rigid,3288006,3288007,3288050,1,43,44,completed,1
49517,Rigid,3288006,3288007,3288050,1,43,44,completed,1
49518,Rigid,3288006,3288007,3288050,1,43,44,completed,1
49519,Rigid,3288006,3288007,3288050,1,43,44,completed,1
49520,Rigid,3288006,3288007,3288050,1,43,44,completed,1
49521,Rigid,3288006,3288007,3288050,1,43,44,completed,1
49522,Rigid,3288006,3288007,3288050,1,43,44,completed,1
49523,Rigid,3288006,3288007,3288050,1,43,44,completed,1
49524,Rigid,3288006,3288007,3288050,1,43,44,completed,1
49525,Rigid,3288006,3288007,3288050,1,43,44,completed,1
49526,Rigid,3288006,3288007,3288050,1,43,44,completed,1
49527,Rigid,3288533,3288534,3288536,1,2,3,completed,2
49528,Rigid,3288536,3288538,3288547,2,9,11,completed,2
49529,Rigid,3288536,3288548,3288558,12,10,22,completed,2
49530,Rigid,3288776,3288776,3288778,0,2,2,completed,2
49531,Rigid,3288778,3288780,3288789,2,9,11,completed,2
49532,Rigid,3288778,3288790,3288811,12,21,33,completed,2
49533,Rigid,3288938,3288939,3289544,1,605,606,completed,36
49534,Rigid,3289079,3289080,3289083,1,3,4,completed,2
49535,Rigid,3289082,3289084,3289093,2,9,11,completed,2
49536,Rigid,3289082,3289094,3289114,12,20,32,completed,2
49537,Rigid,3289154,3289154,3289171,0,17,17,completed,2
49538,Rigid,3289156,3289158,3289167,2,9,11,completed,2
49539,Rigid,3289156,3289168,3289188,12,20,32,completed,2
49540,Rigid,3289156,3289189,3289207,33,18,51,completed,2
49541,Rigid,3289156,3289189,3289206,33,17,50,completed,2
49542,Rigid,3289156,3289189,3289206,33,17,50,completed,2
49543,Rigid,3289156,3289189,3289206,33,17,50,completed,2
49544,Rigid,3289156,3289189,3289208,33,19,52,completed,2
49545,Rigid,3289156,3289189,3289206,33,17,50,completed,2
49546,Rigid,3289156,3289189,3289206,33,17,50,completed,2
49547,Rigid,3289156,3289189,3289205,33,16,49,completed,2
49548,Rigid,3289156,3289189,3289206,33,17,50,completed,2
49549,Rigid,3289156,3289189,3289224,33,35,68,completed,2
49550,Rigid,3289156,3289189,3289224,33,35,68,completed,2
49551,Rigid,3289156,3289189,3289224,33,35,68,completed,2
49552,Rigid,3289156,3289189,3289224,33,35,68,completed,2
49553,Rigid,3289156,3289189,3289224,33,35,68,completed,2
49554,Rigid,3289156,3289189,3289224,33,35,68,completed,2
49555,Rigid,3289156,3289189,3289224,33,35,68,completed,2
49556,Rigid,3289156,3289189,3289224,33,35,68,completed,2
49557,Rigid,3289156,3289189,3289224,33,35,68,completed,2
49558,Rigid,3289156,3289189,3289224,33,35,68,completed,2
49559,Rigid,3289156,3289189,3289224,33,35,68,completed,2
49560,Rigid,3289156,3289189,3289224,33,35,68,completed,2
49561,Rigid,3289156,3289189,3289224,33,35,68,completed,2
49562,Rigid,3289157,3289189,3289224,32,35,67,completed,2
49563,Rigid,3289157,3289189,3289224,32,35,67,completed,2
49564,Rigid,3289157,3289189,3289224,32,35,67,completed,2
49565,Rigid,3289157,3289189,3289224,32,35,67,completed,2
49566,Rigid,3289157,3289189,3289224,32,35,67,completed,2
49567,Rigid,3289157,3289189,3289201,32,12,44,completed,2
49568,Rigid,3289157,3289189,3289202,32,13,45,completed,2
49569,Rigid,3289157,3289189,3289202,32,13,45,completed,2
49570,Rigid,3289157,3289189,3289202,32,13,45,completed,2
49571,Rigid,3289157,3289189,3289202,32,13,45,completed,2
49572,Rigid,3289157,3289189,3289201,32,12,44,completed,2
49573,Rigid,3289157,3289189,3289202,32,13,45,completed,2
49574,Rigid,3289157,3289189,3289225,32,36,68,completed,2
49575,Rigid,3289157,3289189,3289224,32,35,67,completed,2
49576,Rigid,3289157,3289189,3289225,32,36,68,completed,2
49577,Rigid,3289157,3289189,3289225,32,36,68,completed,2
49578,Rigid,3289157,3289189,3289224,32,35,67,completed,2
49579,Rigid,3289157,3289189,3289224,32,35,67,completed,2
49580,Rigid,3289157,3289189,3289224,32,35,67,completed,2
49581,Rigid,3289157,3289189,3289225,32,36,68,completed,2
49582,Rigid,3289157,3289189,3289224,32,35,67,completed,2
49583,Rigid,3289157,3289189,3289224,32,35,67,completed,2
49584,Rigid,3289157,3289189,3289224,32,35,67,completed,2
49585,Rigid,3289157,3289189,3289224,32,35,67,completed,2
49586,Rigid,3289157,3289189,3289225,32,36,68,completed,2
49587,Rigid,3289157,3289189,3289224,32,35,67,completed,2
49588,Rigid,3289157,3289189,3289225,32,36,68,completed,2
49589,Rigid,3289157,3289189,3289224,32,35,67,completed,2
49590,Rigid,3289157,3289189,3289224,32,35,67,completed,2
49591,Rigid,3289157,3289189,3289225,32,36,68,completed,2
49592,Rigid,3289157,3289189,3289224,32,35,67,completed,2
49593,Rigid,3289157,3289189,3289224,32,35,67,completed,2
49594,Rigid,3289157,3289189,3289224,32,35,67,completed,2
49595,Rigid,3289157,3289189,3289224,32,35,67,completed,2
49596,Rigid,3289157,3289189,3289224,32,35,67,completed,2
49597,Rigid,3289157,3289189,3289224,32,35,67,completed,2
49598,Rigid,3289157,3289189,3289224,32,35,67,completed,2
49599,Rigid,3289157,3289189,3289224,32,35,67,completed,2
49600,Rigid,3289157,3289189,3289225,32,36,68,completed,2
49601,Rigid,3289157,3289189,3289224,32,35,67,completed,2
49602,Rigid,3289157,3289189,3289224,32,35,67,completed,2
49603,Rigid,3289157,3289189,3289224,32,35,67,completed,2
49604,Rigid,3289157,3289189,3289224,32,35,67,completed,2
49605,Rigid,3289157,3289189,3289224,32,35,67,completed,2
49606,Rigid,3289158,3289189,3289224,31,35,66,completed,2
49607,Rigid,3289158,3289189,3289224,31,35,66,completed,2
49608,Rigid,3289158,3289189,3289225,31,36,67,completed,2
49609,Rigid,3289158,3289189,3289224,31,35,66,completed,2
49610,Rigid,3289158,3289189,3289224,31,35,66,completed,2
49611,Rigid,3289158,3289189,3289224,31,35,66,completed,2
49612,Rigid,3289158,3289189,3289224,31,35,66,completed,2
49613,Rigid,3289158,3289189,3289224,31,35,66,completed,2
49614,Rigid,3289158,3289189,3289224,31,35,66,completed,2
49615,Rigid,3289158,3289189,3289224,31,35,66,completed,2
49616,Rigid,3289158,3289189,3289224,31,35,66,completed,2
49617,Rigid,3289158,3289189,3289224,31,35,66,completed,2
49618,Rigid,3289158,3289189,3289224,31,35,66,completed,2
49619,Rigid,3289158,3289189,3289224,31,35,66,completed,2
49620,Rigid,3289158,3289189,3289224,31,35,66,completed,2
49621,Rigid,3289158,3289189,3289224,31,35,66,completed,2
49622,Rigid,3289158,3289189,3289224,31,35,66,completed,2
49623,Rigid,3289158,3289189,3289224,31,35,66,completed,2
49624,Rigid,3289158,3289189,3289224,31,35,66,completed,2
49625,Rigid,3289158,3289189,3289224,31,35,66,completed,2
49626,Rigid,3289158,3289189,3289224,31,35,66,completed,2
49627,Rigid,3289158,3289189,3289224,31,35,66,completed,2
49628,Rigid,3289158,3289189,3289225,31,36,67,completed,2
49629,Rigid,3289158,3289189,3289225,31,36,67,completed,2
49630,Rigid,3289158,3289189,3289225,31,36,67,completed,2
49631,Rigid,3289158,3289189,3289225,31,36,67,completed,2
49632,Rigid,3289158,3289189,3289225,31,36,67,completed,2
49633,Rigid,3289158,3289189,3289224,31,35,66,completed,2
49634,Rigid,3289158,3289189,3289224,31,35,66,completed,2
49635,Rigid,3289158,3289189,3289225,31,36,67,completed,2
49636,Rigid,3289158,3289189,3289225,31,36,67,completed,2
49637,Rigid,3289158,3289189,3289224,31,35,66,completed,2
49638,Rigid,3289158,3289189,3289224,31,35,66,completed,2
49639,Rigid,3289158,3289189,3289225,31,36,67,completed,2
49640,Rigid,3289158,3289189,3289225,31,36,67,completed,2
49641,Rigid,3289158,3289189,3289225,31,36,67,completed,2
49642,Rigid,3289158,3289189,3289225,31,36,67,completed,2
49643,Rigid,3289158,3289189,3289225,31,36,67,completed,2
49644,Rigid,3289158,3289189,3289224,31,35,66,completed,2
49645,Rigid,3289158,3289189,3289224,31,35,66,completed,2
49646,Rigid,3289158,3289189,3289223,31,34,65,completed,2
49647,Rigid,3289158,3289189,3289223,31,34,65,completed,2
49648,Rigid,3289158,3289189,3289223,31,34,65,completed,2
49649,Rigid,3289158,3289189,3289223,31,34,65,completed,2
49650,Rigid,3289158,3289189,3289223,31,34,65,completed,2
49651,Rigid,3289158,3289189,3289223,31,34,65,completed,2
49652,Rigid,3289158,3289189,3289223,31,34,65,completed,2
49653,Rigid,3289158,3289189,3289223,31,34,65,completed,2
49654,Rigid,3289159,3289189,3289223,30,34,64,completed,2
49655,Rigid,3289159,3289189,3289223,30,34,64,completed,2
49656,Rigid,3289159,3289189,3289223,30,34,64,completed,2
49657,Rigid,3289159,3289189,3289223,30,34,64,completed,2
49658,Rigid,3289159,3289189,3289223,30,34,64,completed,2
49659,Rigid,3289159,3289189,3289214,30,25,55,completed,2
49660,Rigid,3289159,3289189,3289212,30,23,53,completed,2
49661,Rigid,3289159,3289189,3289213,30,24,54,completed,2
49662,Rigid,3289159,3289189,3289214,30,25,55,completed,2
49663,Rigid,3289159,3289189,3289212,30,23,53,completed,2
49664,Rigid,3289159,3289189,3289214,30,25,55,completed,2
49665,Rigid,3289159,3289189,3289214,30,25,55,completed,2
49666,Rigid,3289159,3289189,3289214,30,25,55,completed,2
49667,Rigid,3289159,3289189,3289214,30,25,55,completed,2
49668,Rigid,3289159,3289189,3289214,30,25,55,completed,2
49669,Rigid,3289159,3289189,3289213,30,24,54,completed,2
49670,Rigid,3289159,3289189,3289214,30,25,55,completed,2
49671,Rigid,3289159,3289189,3289213,30,24,54,completed,2
49672,Rigid,3289159,3289189,3289214,30,25,55,completed,2
49673,Rigid,3289159,3289189,3289214,30,25,55,completed,2
49674,Rigid,3289159,3289189,3289213,30,24,54,completed,2
49675,Rigid,3289159,3289189,3289209,30,20,50,completed,2
49676,Rigid,3289159,3289189,3289213,30,24,54,completed,2
49677,Rigid,3289159,3289189,3289224,30,35,65,completed,2
49678,Rigid,3289159,3289189,3289224,30,35,65,completed,2
49679,Rigid,3289159,3289189,3289224,30,35,65,completed,2
49680,Rigid,3289159,3289189,3289224,30,35,65,completed,2
49681,Rigid,3289159,3289189,3289224,30,35,65,completed,2
49682,Rigid,3289159,3289189,3289224,30,35,65,completed,2
49683,Rigid,3289159,3289189,3289224,30,35,65,completed,2
49684,Rigid,3289159,3289189,3289224,30,35,65,completed,2
49685,Rigid,3289159,3289189,3289224,30,35,65,completed,2
49686,Rigid,3289159,3289189,3289224,30,35,65,completed,2
49687,Rigid,3289159,3289189,3289224,30,35,65,completed,2
49688,Rigid,3289159,3289189,3289224,30,35,65,completed,2
49689,Rigid,3289159,3289189,3289224,30,35,65,completed,2
49690,Rigid,3289159,3289189,3289224,30,35,65,completed,2
49691,Rigid,3289159,3289189,3289224,30,35,65,completed,2
49692,Rigid,3289159,3289189,3289224,30,35,65,completed,2
49693,Rigid,3289159,3289189,3289224,30,35,65,completed,2
49694,Rigid,3289159,3289189,3289224,30,35,65,completed,2
49695,Rigid,3289160,3289189,3289224,29,35,64,completed,2
49696,Rigid,3289160,3289189,3289224,29,35,64,completed,2
49697,Rigid,3289160,3289189,3289224,29,35,64,completed,2
49698,Rigid,3289160,3289189,3289224,29,35,64,completed,2
49699,Rigid,3289160,3289189,3289224,29,35,64,completed,2
49700,Rigid,3289160,3289189,3289224,29,35,64,completed,2
49701,Rigid,3289160,3289189,3289224,29,35,64,completed,2
49702,Rigid,3289160,3289189,3289224,29,35,64,completed,2
49703,Rigid,3289160,3289189,3289224,29,35,64,completed,2
49704,Rigid,3289160,3289189,3289224,29,35,64,completed,2
49705,Rigid,3289160,3289189,3289224,29,35,64,completed,2
49706,Rigid,3289160,3289189,3289224,29,35,64,completed,2
49707,Rigid,3289160,3289189,3289224,29,35,64,completed,2
49708,Rigid,3289160,3289189,3289224,29,35,64,completed,2
49709,Rigid,3289160,3289189,3289224,29,35,64,completed,2
49710,Rigid,3289160,3289189,3289224,29,35,64,completed,2
49711,Rigid,3289160,3289189,3289224,29,35,64,completed,2
49712,Rigid,3289160,3289189,3289224,29,35,64,completed,2
49713,Rigid,3289160,3289189,3289224,29,35,64,completed,2
49714,Rigid,3289160,3289189,3289224,29,35,64,completed,2
49715,Rigid,3289160,3289189,3289224,29,35,64,completed,2
49716,Rigid,3289160,3289189,3289225,29,36,65,completed,2
49717,Rigid,3289160,3289189,3289224,29,35,64,completed,2
49718,Rigid,3289160,3289189,3289225,29,36,65,completed,2
49719,Rigid,3289160,3289189,3289225,29,36,65,completed,2
49720,Rigid,3289160,3289189,3289224,29,35,64,completed,2
49721,Rigid,3289160,3289189,3289224,29,35,64,completed,2
49722,Rigid,3289160,3289189,3289224,29,35,64,completed,2
49723,Rigid,3289160,3289189,3289224,29,35,64,completed,2
49724,Rigid,3289160,3289189,3289224,29,35,64,completed,2
49725,Rigid,3289160,3289189,3289224,29,35,64,completed,2
49726,Rigid,3289160,3289189,3289224,29,35,64,completed,2
49727,Rigid,3289160,3289189,3289224,29,35,64,completed,2
49728,Rigid,3289160,3289189,3289225,29,36,65,completed,2
49729,Rigid,3289160,3289189,3289224,29,35,64,completed,2
49730,Rigid,3289160,3289189,3289224,29,35,64,completed,2
49731,Rigid,3289160,3289189,3289224,29,35,64,completed,2
49732,Rigid,3289160,3289189,3289224,29,35,64,completed,2
49733,Rigid,3289160,3289189,3289224,29,35,64,completed,2
49734,Rigid,3289160,3289189,3289224,29,35,64,completed,2
49735,Rigid,3289161,3289189,3289224,28,35,63,completed,2
49736,Rigid,3289161,3289189,3289224,28,35,63,completed,2
49737,Rigid,3289161,3289189,3289224,28,35,63,completed,2
49738,Rigid,3289161,3289189,3289224,28,35,63,completed,2
49739,Rigid,3289161,3289189,3289224,28,35,63,completed,2
49740,Rigid,3289161,3289189,3289224,28,35,63,completed,2
49741,Rigid,3289161,3289189,3289224,28,35,63,completed,2
49742,Rigid,3289161,3289189,3289224,28,35,63,completed,2
49743,Rigid,3289161,3289189,3289224,28,35,63,completed,2
49744,Rigid,3289161,3289189,3289224,28,35,63,completed,2
49745,Rigid,3289161,3289189,3289224,28,35,63,completed,2
49746,Rigid,3289161,3289189,3289224,28,35,63,completed,2
49747,Rigid,3289161,3289189,3289224,28,35,63,completed,2
49748,Rigid,3289161,3289189,3289224,28,35,63,completed,2
49749,Rigid,3289161,3289189,3289224,28,35,63,completed,2
49750,Rigid,3289161,3289189,3289224,28,35,63,completed,2
49751,Rigid,3289161,3289189,3289224,28,35,63,completed,2
49752,Rigid,3289161,3289189,3289224,28,35,63,completed,2
49753,Rigid,3289161,3289189,3289224,28,35,63,completed,2
49754,Rigid,3289161,3289189,3289224,28,35,63,completed,2
49755,Rigid,3289161,3289189,3289224,28,35,63,completed,2
49756,Rigid,3289161,3289189,3289224,28,35,63,completed,2
49757,Rigid,3289161,3289189,3289224,28,35,63,completed,2
49758,Rigid,3289161,3289189,3289224,28,35,63,completed,2
49759,Rigid,3289161,3289189,3289224,28,35,63,completed,2
49760,Rigid,3289161,3289189,3289224,28,35,63,completed,2
49761,Rigid,3289161,3289189,3289224,28,35,63,completed,2
49762,Rigid,3289161,3289189,3289224,28,35,63,completed,2
49763,Rigid,3289161,3289189,3289224,28,35,63,completed,2
49764,Rigid,3289161,3289189,3289224,28,35,63,completed,2
49765,Rigid,3289161,3289189,3289224,28,35,63,completed,2
49766,Rigid,3289161,3289189,3289224,28,35,63,completed,2
49767,Rigid,3289161,3289189,3289224,28,35,63,completed,2
49768,Rigid,3289161,3289189,3289224,28,35,63,completed,2
49769,Rigid,3289161,3289189,3289224,28,35,63,completed,2
49770,Rigid,3289161,3289189,3289224,28,35,63,completed,2
49771,Rigid,3289161,3289189,3289224,28,35,63,completed,2
49772,Rigid,3289161,3289189,3289224,28,35,63,completed,2
49773,Rigid,3289161,3289189,3289224,28,35,63,completed,2
49774,Rigid,3289161,3289189,3289224,28,35,63,completed,2
49775,Rigid,3289161,3289189,3289224,28,35,63,completed,2
49776,Rigid,3289161,3289189,3289224,28,35,63,completed,2
49777,Rigid,3289161,3289189,3289224,28,35,63,completed,2
49778,Rigid,3289161,3289189,3289224,28,35,63,completed,2
49779,Rigid,3289161,3289189,3289224,28,35,63,completed,2
49780,Rigid,3289161,3289189,3289224,28,35,63,completed,2
49781,Rigid,3289161,3289189,3289224,28,35,63,completed,2
49782,Rigid,3289161,3289202,3289226,41,24,65,completed,2
49783,Rigid,3289161,3289202,3289225,41,23,64,completed,2
49784,Rigid,3289161,3289202,3289225,41,23,64,completed,2
49785,Rigid,3289162,3289202,3289229,40,27,67,completed,2
49786,Rigid,3289162,3289202,3289229,40,27,67,completed,2
49787,Rigid,3289162,3289202,3289229,40,27,67,completed,2
49788,Rigid,3289162,3289202,3289229,40,27,67,completed,2
49789,Rigid,3289162,3289202,3289229,40,27,67,completed,2
49790,Rigid,3289162,3289202,3289229,40,27,67,completed,2
49791,Rigid,3289162,3289202,3289229,40,27,67,completed,2
49792,Rigid,3289162,3289202,3289229,40,27,67,completed,2
49793,Rigid,3289162,3289202,3289229,40,27,67,completed,2
49794,Rigid,3289162,3289202,3289229,40,27,67,completed,2
49795,Rigid,3289162,3289202,3289229,40,27,67,completed,2
49796,Rigid,3289162,3289202,3289229,40,27,67,completed,2
49797,Rigid,3289162,3289202,3289229,40,27,67,completed,2
49798,Rigid,3289162,3289202,3289229,40,27,67,completed,2
49799,Rigid,3289162,3289202,3289229,40,27,67,completed,2
49800,Rigid,3289162,3289202,3289229,40,27,67,completed,2
49801,Rigid,3289162,3289202,3289229,40,27,67,completed,2
49802,Rigid,3289162,3289202,3289229,40,27,67,completed,2
49803,Rigid,3289162,3289202,3289231,40,29,69,completed,2
49804,Rigid,3289162,3289202,3289231,40,29,69,completed,2
49805,Rigid,3289162,3289202,3289231,40,29,69,completed,2
49806,Rigid,3289162,3289202,3289231,40,29,69,completed,2
49807,Rigid,3289162,3289202,3289231,40,29,69,completed,2
49808,Rigid,3289162,3289202,3289231,40,29,69,completed,2
49809,Rigid,3289162,3289202,3289231,40,29,69,completed,2
49810,Rigid,3289162,3289202,3289231,40,29,69,completed,2
49811,Rigid,3289162,3289202,3289231,40,29,69,completed,2
49812,Rigid,3289162,3289202,3289231,40,29,69,completed,2
49813,Rigid,3289162,3289202,3289231,40,29,69,completed,2
49814,Rigid,3289162,3289202,3289231,40,29,69,completed,2
49815,Rigid,3289162,3289202,3289231,40,29,69,completed,2
49816,Rigid,3289162,3289202,3289231,40,29,69,completed,2
49817,Rigid,3289162,3289202,3289231,40,29,69,completed,2
49818,Rigid,3289162,3289202,3289231,40,29,69,completed,2
49819,Rigid,3289162,3289202,3289231,40,29,69,completed,2
49820,Rigid,3289162,3289202,3289231,40,29,69,completed,2
49821,Rigid,3289162,3289202,3289231,40,29,69,completed,2
49822,Rigid,3289162,3289202,3289231,40,29,69,completed,2
49823,Rigid,3289162,3289202,3289231,40,29,69,completed,2
49824,Rigid,3289162,3289202,3289231,40,29,69,completed,2
49825,Rigid,3289162,3289202,3289231,40,29,69,completed,2
49826,Rigid,3289162,3289202,3289231,40,29,69,completed,2
49827,Rigid,3289162,3289202,3289231,40,29,69,completed,2
49828,Rigid,3289162,3289202,3289231,40,29,69,completed,2
49829,Rigid,3289162,3289202,3289231,40,29,69,completed,2
49830,Rigid,3289162,3289202,3289231,40,29,69,completed,2
49831,Rigid,3289162,3289202,3289231,40,29,69,completed,2
49832,Rigid,3289162,3289202,3289231,40,29,69,completed,2
49833,Rigid,3289162,3289202,3289231,40,29,69,completed,2
49834,Rigid,3289163,3289202,3289231,39,29,68,completed,2
49835,Rigid,3289163,3289202,3289231,39,29,68,completed,2
49836,Rigid,3289163,3289202,3289231,39,29,68,completed,2
49837,Rigid,3289163,3289202,3289231,39,29,68,completed,2
49838,Rigid,3289163,3289202,3289231,39,29,68,completed,2
49839,Rigid,3289163,3289202,3289230,39,28,67,completed,2
49840,Rigid,3289163,3289202,3289230,39,28,67,completed,2
49841,Rigid,3289163,3289202,3289230,39,28,67,completed,2
49842,Rigid,3289163,3289202,3289230,39,28,67,completed,2
49843,Rigid,3289163,3289202,3289230,39,28,67,completed,2
49844,Rigid,3289163,3289202,3289230,39,28,67,completed,2
49845,Rigid,3289163,3289202,3289230,39,28,67,completed,2
49846,Rigid,3289163,3289202,3289230,39,28,67,completed,2
49847,Rigid,3289163,3289202,3289230,39,28,67,completed,2
49848,Rigid,3289163,3289202,3289230,39,28,67,completed,2
49849,Rigid,3289163,3289202,3289230,39,28,67,completed,2
49850,Rigid,3289163,3289202,3289230,39,28,67,completed,2
49851,Rigid,3289163,3289202,3289230,39,28,67,completed,2
49852,Rigid,3289163,3289202,3289230,39,28,67,completed,2
49853,Rigid,3289163,3289202,3289230,39,28,67,completed,2
49854,Rigid,3289163,3289202,3289230,39,28,67,completed,2
49855,Rigid,3289163,3289202,3289230,39,28,67,completed,2
49856,Rigid,3289163,3289202,3289230,39,28,67,completed,2
49857,Rigid,3289163,3289202,3289230,39,28,67,completed,2
49858,Rigid,3289163,3289202,3289230,39,28,67,completed,2
49859,Rigid,3289163,3289202,3289230,39,28,67,completed,2
49860,Rigid,3289163,3289202,3289230,39,28,67,completed,2
49861,Rigid,3289163,3289202,3289230,39,28,67,completed,2
49862,Rigid,3289163,3289202,3289230,39,28,67,completed,2
49863,Rigid,3289164,3289202,3289230,38,28,66,completed,2
49864,Rigid,3289164,3289202,3289230,38,28,66,completed,2
49865,Rigid,3289164,3289202,3289230,38,28,66,completed,2
49866,Rigid,3289164,3289202,3289230,38,28,66,completed,2
49867,Rigid,3289164,3289202,3289230,38,28,66,completed,2
49868,Rigid,3289164,3289202,3289230,38,28,66,completed,2
49869,Rigid,3289164,3289202,3289230,38,28,66,completed,2
49870,Rigid,3289164,3289202,3289230,38,28,66,completed,2
49871,Rigid,3289164,3289202,3289230,38,28,66,completed,2
49872,Rigid,3289164,3289202,3289230,38,28,66,completed,2
49873,Rigid,3289164,3289202,3289230,38,28,66,completed,2
49874,Rigid,3289164,3289202,3289230,38,28,66,completed,2
49875,Rigid,3289164,3289202,3289233,38,31,69,completed,2
49876,Rigid,3289164,3289202,3289233,38,31,69,completed,2
49877,Rigid,3289164,3289202,3289233,38,31,69,completed,2
49878,Rigid,3289164,3289202,3289233,38,31,69,completed,2
49879,Rigid,3289164,3289202,3289233,38,31,69,completed,2
49880,Rigid,3289164,3289202,3289233,38,31,69,completed,2
49881,Rigid,3289164,3289202,3289233,38,31,69,completed,2
49882,Rigid,3289164,3289202,3289233,38,31,69,completed,2
49883,Rigid,3289164,3289202,3289233,38,31,69,completed,2
49884,Rigid,3289164,3289202,3289233,38,31,69,completed,2
49885,Rigid,3289164,3289202,3289233,38,31,69,completed,2
49886,Rigid,3289164,3289202,3289233,38,31,69,completed,2
49887,Rigid,3289164,3289202,3289233,38,31,69,completed,2
49888,Rigid,3289164,3289202,3289233,38,31,69,completed,2
49889,Rigid,3289164,3289202,3289233,38,31,69,completed,2
49890,Rigid,3289165,3289202,3289233,37,31,68,completed,2
49891,Rigid,3289165,3289202,3289233,37,31,68,completed,2
49892,Rigid,3289165,3289202,3289233,37,31,68,completed,2
49893,Rigid,3289165,3289202,3289232,37,30,67,completed,2
49894,Rigid,3289165,3289202,3289232,37,30,67,completed,2
49895,Rigid,3289165,3289202,3289232,37,30,67,completed,2
49896,Rigid,3289165,3289202,3289232,37,30,67,completed,2
49897,Rigid,3289165,3289202,3289232,37,30,67,completed,2
49898,Rigid,3289165,3289202,3289232,37,30,67,completed,2
49899,Rigid,3289165,3289202,3289232,37,30,67,completed,2
49900,Rigid,3289165,3289202,3289232,37,30,67,completed,2
49901,Rigid,3289165,3289202,3289232,37,30,67,completed,2
49902,Rigid,3289165,3289202,3289232,37,30,67,completed,2
49903,Rigid,3289165,3289202,3289232,37,30,67,completed,2
49904,Rigid,3289165,3289202,3289232,37,30,67,completed,2
49905,Rigid,3289165,3289202,3289232,37,30,67,completed,2
49906,Rigid,3289166,3289202,3289232,36,30,66,completed,2
49907,Rigid,3289166,3289202,3289232,36,30,66,completed,2
49908,Rigid,3289166,3289202,3289232,36,30,66,completed,2
49909,Rigid,3289166,3289202,3289232,36,30,66,completed,2
49910,Rigid,3289166,3289202,3289232,36,30,66,completed,2
49911,Rigid,3289166,3289202,3289234,36,32,68,completed,2
49912,Rigid,3289166,3289202,3289234,36,32,68,completed,2
49913,Rigid,3289166,3289202,3289234,36,32,68,completed,2
49914,Rigid,3289166,3289202,3289234,36,32,68,completed,2
49915,Rigid,3289166,3289202,3289234,36,32,68,completed,2
49916,Rigid,3289166,3289202,3289234,36,32,68,completed,2
49917,Rigid,3289166,3289202,3289234,36,32,68,completed,2
49918,Rigid,3289166,3289202,3289234,36,32,68,completed,2
49919,Rigid,3289166,3289202,3289234,36,32,68,completed,2
49920,Rigid,3289166,3289202,3289234,36,32,68,completed,2
49921,Rigid,3289166,3289202,3289234,36,32,68,completed,2
49922,Rigid,3289166,3289202,3289234,36,32,68,completed,2
49923,Rigid,3289166,3289202,3289234,36,32,68,completed,2
49924,Rigid,3289166,3289202,3289234,36,32,68,completed,2
49925,Rigid,3289166,3289202,3289234,36,32,68,completed,2
49926,Rigid,3289166,3289202,3289234,36,32,68,completed,2
49927,Rigid,3289166,3289202,3289234,36,32,68,completed,2
49928,Rigid,3289166,3289202,3289234,36,32,68,completed,2
49929,Rigid,3289166,3289202,3289233,36,31,67,completed,2
49930,Rigid,3289166,3289202,3289233,36,31,67,completed,2
49931,Rigid,3289166,3289202,3289233,36,31,67,completed,2
49932,Rigid,3289166,3289202,3289233,36,31,67,completed,2
49933,Rigid,3289166,3289202,3289233,36,31,67,completed,2
49934,Rigid,3289166,3289202,3289233,36,31,67,completed,2
49935,Rigid,3289166,3289202,3289233,36,31,67,completed,2
49936,Rigid,3289166,3289202,3289233,36,31,67,completed,2
49937,Rigid,3289166,3289202,3289233,36,31,67,completed,2
49938,Rigid,3289166,3289202,3289233,36,31,67,completed,2
49939,Rigid,3289166,3289202,3289233,36,31,67,completed,2
49940,Rigid,3289166,3289202,3289233,36,31,67,completed,2
49941,Rigid,3289166,3289202,3289233,36,31,67,completed,2
49942,Rigid,3289166,3289202,3289233,36,31,67,completed,2
49943,Rigid,3289166,3289202,3289233,36,31,67,completed,2
49944,Rigid,3289166,3289202,3289233,36,31,67,completed,2
49945,Rigid,3289167,3289202,3289233,35,31,66,completed,2
49946,Rigid,3289167,3289202,3289233,35,31,66,completed,2
49947,Rigid,3289167,3289202,3289234,35,32,67,completed,2
49948,Rigid,3289167,3289202,3289234,35,32,67,completed,2
49949,Rigid,3289167,3289202,3289234,35,32,67,completed,2
49950,Rigid,3289167,3289202,3289234,35,32,67,completed,2
49951,Rigid,3289167,3289202,3289234,35,32,67,completed,2
49952,Rigid,3289167,3289202,3289234,35,32,67,completed,2
49953,Rigid,3289167,3289202,3289234,35,32,67,completed,2
49954,Rigid,3289167,3289202,3289234,35,32,67,completed,2
49955,Rigid,3289167,3289202,3289234,35,32,67,completed,2
49956,Rigid,3289167,3289202,3289234,35,32,67,completed,2
49957,Rigid,3289167,3289202,3289234,35,32,67,completed,2
49958,Rigid,3289167,3289202,3289234,35,32,67,completed,2
49959,Rigid,3289167,3289202,3289234,35,32,67,completed,2
49960,Rigid,3289167,3289202,3289234,35,32,67,completed,2
49961,Rigid,3289167,3289202,3289234,35,32,67,completed,2
49962,Rigid,3289167,3289202,3289234,35,32,67,completed,2
49963,Rigid,3289167,3289202,3289234,35,32,67,completed,2
49964,Rigid,3289167,3289202,3289234,35,32,67,completed,2
49965,Rigid,3289167,3289202,3289234,35,32,67,completed,2
49966,Rigid,3289167,3289202,3289234,35,32,67,completed,2
49967,Rigid,3289167,3289202,3289234,35,32,67,completed,2
49968,Rigid,3289167,3289202,3289234,35,32,67,completed,2
49969,Rigid,3289167,3289202,3289234,35,32,67,completed,2
49970,Rigid,3289167,3289202,3289234,35,32,67,completed,2
49971,Rigid,3289167,3289202,3289234,35,32,67,completed,2
49972,Rigid,3289167,3289202,3289234,35,32,67,completed,2
49973,Rigid,3289167,3289202,3289234,35,32,67,completed,2
49974,Rigid,3289167,3289202,3289234,35,32,67,completed,2
49975,Rigid,3289167,3289202,3289234,35,32,67,completed,2
49976,Rigid,3289167,3289202,3289234,35,32,67,completed,2
49977,Rigid,3289167,3289202,3289234,35,32,67,completed,2
49978,Rigid,3289167,3289202,3289234,35,32,67,completed,2
49979,Rigid,3289167,3289202,3289234,35,32,67,completed,2
49980,Rigid,3289167,3289202,3289234,35,32,67,completed,2
49981,Rigid,3289167,3289202,3289234,35,32,67,completed,2
49982,Rigid,3289167,3289202,3289234,35,32,67,completed,2
49983,Rigid,3289167,3289202,3289226,35,24,59,completed,2
49984,Rigid,3289167,3289202,3289226,35,24,59,completed,2
49985,Rigid,3289167,3289202,3289226,35,24,59,completed,2
49986,Rigid,3289167,3289202,3289226,35,24,59,completed,2
49987,Rigid,3289167,3289202,3289226,35,24,59,completed,2
49988,Rigid,3289266,3289267,3289722,1,455,456,completed,36
49989,Rigid,3289507,3289507,3289510,0,3,3,completed,2
49990,Rigid,3289510,3289511,3289521,1,10,11,completed,2
49991,Rigid,3289510,3289523,3289544,13,21,34,completed,2
49992,Rigid,3289510,3289545,3289555,35,10,45,completed,2
49993,Rigid,3289670,3289670,3289679,0,9,9,completed,2
49994,Rigid,3289748,3289748,3289750,0,2,2,completed,2
49995,Rigid,3289750,3289752,3289760,2,8,10,completed,2
49996,Rigid,3289750,3289762,3289782,12,20,32,completed,2
49997,Rigid,3289750,3289783,3289792,33,9,42,completed,2
49998,Rigid,3289867,3289868,3290641,1,773,774,completed,36
49999,Rigid,3289971,3289972,3289975,1,3,4,completed,2
50000,Rigid,3289975,3289976,3289985,1,9,10,completed,2
50001,Rigid,3289975,3289987,3290009,12,22,34,completed,2
50002,Rigid,3289975,3290010,3290020,35,10,45,completed,2
50003,Rigid,3289989,3289992,3290564,3,572,575,completed,36
50004,Rigid,3290170,3290170,3290172,0,2,2,completed,2
50005,Rigid,3290172,3290174,3290182,2,8,10,completed,2
50006,Rigid,3290172,3290184,3290204,12,20,32,completed,2
50007,Rigid,3290172,3290205,3290598,33,393,426,completed,2
50008,Rigid,3290565,3290565,3302584,0,12019,12019,completed,36
50009,Rigid,3290586,3290587,3311788,1,21201,21202,completed,36
50010,Rigid,3290597,3290597,3309611,0,19014,19014,completed,36
50011,Rigid,3290608,3290608,3300226,0,9618,9618,completed,36
50012,Rigid,3290866,3290866,3290884,0,18,18,completed,2
50013,Rigid,3290868,3290870,3290880,2,10,12,completed,2
50014,Rigid,3290868,3290882,3290904,14,22,36,completed,2
50015,Rigid,3290868,3290906,3291304,38,398,436,completed,2
50016,Rigid,3290868,3290906,3291337,38,431,469,completed,2
50017,Rigid,3290868,3290906,3291311,38,405,443,completed,2
50018,Rigid,3290868,3290906,3291337,38,431,469,completed,2
50019,Rigid,3290868,3290906,3291294,38,388,426,completed,2
50020,Rigid,3290868,3290906,3291323,38,417,455,completed,2
50021,Rigid,3290868,3290906,3291352,38,446,484,completed,2
50022,Rigid,3290868,3290906,3291350,38,444,482,completed,2
50023,Rigid,3290868,3290906,3291289,38,383,421,completed,2
50024,Rigid,3290868,3290906,3291307,38,401,439,completed,2
50025,Rigid,3290868,3290906,3291508,38,602,640,completed,2
50026,Rigid,3290868,3290906,3291300,38,394,432,completed,2
50027,Rigid,3290868,3290906,3291433,38,527,565,completed,2
50028,Rigid,3290868,3290906,3291289,38,383,421,completed,2
50029,Rigid,3290869,3290906,3291537,37,631,668,completed,2
50030,Rigid,3290869,3290906,3291424,37,518,555,completed,2
50031,Rigid,3290869,3290906,3291396,37,490,527,completed,2
50032,Rigid,3290869,3290906,3291526,37,620,657,completed,2
50033,Rigid,3290869,3290906,3291498,37,592,629,completed,2
50034,Rigid,3290869,3290906,3291542,37,636,673,completed,2
50035,Rigid,3290869,3290906,3291311,37,405,442,completed,2
50036,Rigid,3290869,3290906,3291482,37,576,613,completed,2
50037,Rigid,3290869,3290906,3291501,37,595,632,completed,2
50038,Rigid,3290869,3290906,3291478,37,572,609,completed,2
50039,Rigid,3290869,3290906,3291375,37,469,506,completed,2
50040,Rigid,3290869,3290906,3291540,37,634,671,completed,2
50041,Rigid,3290869,3290906,3291275,37,369,406,completed,2
50042,Rigid,3290869,3290906,3291323,37,417,454,completed,2
50043,Rigid,3290869,3290906,3291350,37,444,481,completed,2
50044,Rigid,3290869,3290906,3291337,37,431,468,completed,2
50045,Rigid,3290869,3290906,3291308,37,402,439,completed,2
50046,Rigid,3290869,3290906,3291286,37,380,417,completed,2
50047,Rigid,3290869,3290906,3291274,37,368,405,completed,2
50048,Rigid,3290869,3290906,3291269,37,363,400,completed,2
50049,Rigid,3290869,3290906,3291509,37,603,640,completed,2
50050,Rigid,3290869,3290906,3291477,37,571,608,completed,2
50051,Rigid,3290869,3290906,3291324,37,418,455,completed,2
50052,Rigid,3290869,3290906,3291327,37,421,458,completed,2
50053,Rigid,3290869,3290906,3291350,37,444,481,completed,2
50054,Rigid,3290869,3290906,3291492,37,586,623,completed,2
50055,Rigid,3290869,3290906,3291527,37,621,658,completed,2
50056,Rigid,3290869,3290906,3291530,37,624,661,completed,2
50057,Rigid,3290869,3290906,3291549,37,643,680,completed,2
50058,Rigid,3290869,3290906,3291439,37,533,570,completed,2
50059,Rigid,3290869,3290906,3291502,37,596,633,completed,2
50060,Rigid,3290869,3290906,3291549,37,643,680,completed,2
50061,Rigid,3290869,3290906,3291549,37,643,680,completed,2
50062,Rigid,3290869,3290906,3291548,37,642,679,completed,2
50063,Rigid,3290869,3290906,3291515,37,609,646,completed,2
50064,Rigid,3290869,3290906,3291548,37,642,679,completed,2
50065,Rigid,3290869,3290906,3291532,37,626,663,completed,2
50066,Rigid,3290869,3290906,3291308,37,402,439,completed,2
50067,Rigid,3290869,3290906,3291488,37,582,619,completed,2
50068,Rigid,3290869,3290906,3291474,37,568,605,completed,2
50069,Rigid,3290869,3290906,3291444,37,538,575,completed,2
50070,Rigid,3290869,3290906,3291308,37,402,439,completed,2
50071,Rigid,3290869,3290906,3291323,37,417,454,completed,2
50072,Rigid,3290869,3290906,3291356,37,450,487,completed,2
50073,Rigid,3290869,3290906,3291524,37,618,655,completed,2
50074,Rigid,3290869,3290906,3291372,37,466,503,completed,2
50075,Rigid,3290869,3290906,3291520,37,614,651,completed,2
50076,Rigid,3290870,3290906,3291473,36,567,603,completed,2
50077,Rigid,3290870,3290906,3291361,36,455,491,completed,2
50078,Rigid,3290870,3290906,3291273,36,367,403,completed,2
50079,Rigid,3290870,3290906,3291467,36,561,597,completed,2
50080,Rigid,3290870,3290906,3291524,36,618,654,completed,2
50081,Rigid,3290870,3290906,3291464,36,558,594,completed,2
50082,Rigid,3290870,3290906,3291382,36,476,512,completed,2
50083,Rigid,3290870,3290906,3291292,36,386,422,completed,2
50084,Rigid,3290870,3290906,3291409,36,503,539,completed,2
50085,Rigid,3290870,3290906,3291373,36,467,503,completed,2
50086,Rigid,3290870,3290906,3291537,36,631,667,completed,2
50087,Rigid,3290870,3290906,3291397,36,491,527,completed,2
50088,Rigid,3290870,3290906,3291437,36,531,567,completed,2
50089,Rigid,3290870,3290906,3291497,36,591,627,completed,2
50090,Rigid,3290870,3290906,3291326,36,420,456,completed,2
50091,Rigid,3290870,3290906,3291513,36,607,643,completed,2
50092,Rigid,3290870,3290906,3291542,36,636,672,completed,2
50093,Rigid,3290870,3290906,3291512,36,606,642,completed,2
50094,Rigid,3290870,3290906,3291465,36,559,595,completed,2
50095,Rigid,3290870,3290906,3291462,36,556,592,completed,2
50096,Rigid,3290870,3290906,3291422,36,516,552,completed,2
50097,Rigid,3290870,3290906,3291541,36,635,671,completed,2
50098,Rigid,3290870,3290906,3291458,36,552,588,completed,2
50099,Rigid,3290870,3290906,3291513,36,607,643,completed,2
50100,Rigid,3290870,3290906,3291275,36,369,405,completed,2
50101,Rigid,3290870,3290906,3291488,36,582,618,completed,2
50102,Rigid,3290870,3290906,3291503,36,597,633,completed,2
50103,Rigid,3290870,3290906,3291538,36,632,668,completed,2
50104,Rigid,3290870,3290906,3291546,36,640,676,completed,2
50105,Rigid,3290870,3290906,3291296,36,390,426,completed,2
50106,Rigid,3290870,3290906,3291546,36,640,676,completed,2
50107,Rigid,3290870,3290906,3291299,36,393,429,completed,2
50108,Rigid,3290870,3290906,3291538,36,632,668,completed,2
50109,Rigid,3290870,3290906,3291472,36,566,602,completed,2
50110,Rigid,3290870,3290906,3291427,36,521,557,completed,2
50111,Rigid,3290870,3290906,3291534,36,628,664,completed,2
50112,Rigid,3290870,3290906,3291517,36,611,647,completed,2
50113,Rigid,3290870,3290906,3291525,36,619,655,completed,2
50114,Rigid,3290870,3290906,3291512,36,606,642,completed,2
50115,Rigid,3290870,3290906,3291479,36,573,609,completed,2
50116,Rigid,3290870,3290906,3291408,36,502,538,completed,2
50117,Rigid,3290870,3290906,3291451,36,545,581,completed,2
50118,Rigid,3290870,3290906,3291524,36,618,654,completed,2
50119,Rigid,3290870,3290906,3291366,36,460,496,completed,2
50120,Rigid,3290870,3290906,3291437,36,531,567,completed,2
50121,Rigid,3290871,3290906,3291478,35,572,607,completed,2
50122,Rigid,3290871,3290906,3291437,35,531,566,completed,2
50123,Rigid,3290871,3290906,3291470,35,564,599,completed,2
50124,Rigid,3290871,3290906,3291294,35,388,423,completed,2
50125,Rigid,3290871,3290906,3291429,35,523,558,completed,2
50126,Rigid,3290871,3290906,3291397,35,491,526,completed,2
50127,Rigid,3290871,3290906,3291480,35,574,609,completed,2
50128,Rigid,3290871,3290906,3291291,35,385,420,completed,2
50129,Rigid,3290871,3290906,3291309,35,403,438,completed,2
50130,Rigid,3290871,3290906,3291385,35,479,514,completed,2
50131,Rigid,3290871,3290906,3291468,35,562,597,completed,2
50132,Rigid,3290871,3290906,3291382,35,476,511,completed,2
50133,Rigid,3290871,3290906,3291500,35,594,629,completed,2
50134,Rigid,3290871,3290906,3291266,35,360,395,completed,2
50135,Rigid,3290871,3290906,3291427,35,521,556,completed,2
50136,Rigid,3290871,3290906,3291423,35,517,552,completed,2
50137,Rigid,3290871,3290906,3291467,35,561,596,completed,2
50138,Rigid,3290871,3290906,3291473,35,567,602,completed,2
50139,Rigid,3290871,3290906,3291313,35,407,442,completed,2
50140,Rigid,3290871,3290906,3291408,35,502,537,completed,2
50141,Rigid,3290871,3290906,3291270,35,364,399,completed,2
50142,Rigid,3290871,3290906,3291447,35,541,576,completed,2
50143,Rigid,3290871,3290906,3291286,35,380,415,completed,2
50144,Rigid,3290871,3290906,3291494,35,588,623,completed,2
50145,Rigid,3290871,3290906,3291464,35,558,593,completed,2
50146,Rigid,3290871,3290906,3291371,35,465,500,completed,2
50147,Rigid,3290871,3290906,3291451,35,545,580,completed,2
50148,Rigid,3290871,3290906,3291311,35,405,440,completed,2
50149,Rigid,3290871,3290906,3291490,35,584,619,completed,2
50150,Rigid,3290871,3290906,3291257,35,351,386,completed,2
50151,Rigid,3290871,3290906,3291503,35,597,632,completed,2
50152,Rigid,3290871,3290906,3291313,35,407,442,completed,2
50153,Rigid,3290871,3290906,3291347,35,441,476,completed,2
50154,Rigid,3290871,3290906,3291431,35,525,560,completed,2
50155,Rigid,3290871,3290906,3291450,35,544,579,completed,2
50156,Rigid,3290871,3290906,3291289,35,383,418,completed,2
50157,Rigid,3290871,3290906,3291535,35,629,664,completed,2
50158,Rigid,3290871,3290906,3291526,35,620,655,completed,2
50159,Rigid,3290871,3290906,3291412,35,506,541,completed,2
50160,Rigid,3290871,3290906,3291539,35,633,668,completed,2
50161,Rigid,3290872,3290906,3291270,34,364,398,completed,2
50162,Rigid,3290872,3290906,3291271,34,365,399,completed,2
50163,Rigid,3290872,3290906,3291362,34,456,490,completed,2
50164,Rigid,3290872,3290906,3291278,34,372,406,completed,2
50165,Rigid,3290872,3290906,3291518,34,612,646,completed,2
50166,Rigid,3290872,3290906,3291344,34,438,472,completed,2
50167,Rigid,3290872,3290906,3291531,34,625,659,completed,2
50168,Rigid,3290872,3290906,3291500,34,594,628,completed,2
50169,Rigid,3290872,3290906,3291501,34,595,629,completed,2
50170,Rigid,3290872,3290906,3291260,34,354,388,completed,2
50171,Rigid,3290872,3290906,3291312,34,406,440,completed,2
50172,Rigid,3290872,3290906,3291313,34,407,441,completed,2
50173,Rigid,3290872,3290906,3291283,34,377,411,completed,2
50174,Rigid,3290872,3290906,3291514,34,608,642,completed,2
50175,Rigid,3290872,3290906,3291427,34,521,555,completed,2
50176,Rigid,3290872,3290906,3291373,34,467,501,completed,2
50177,Rigid,3290872,3290906,3291276,34,370,404,completed,2
50178,Rigid,3290872,3290906,3291429,34,523,557,completed,2
50179,Rigid,3290872,3290906,3291471,34,565,599,completed,2
50180,Rigid,3290872,3290906,3291285,34,379,413,completed,2
50181,Rigid,3290872,3290906,3291460,34,554,588,completed,2
50182,Rigid,3290872,3290906,3291300,34,394,428,completed,2
50183,Rigid,3290872,3290906,3291480,34,574,608,completed,2
50184,Rigid,3290872,3290906,3291484,34,578,612,completed,2
50185,Rigid,3290872,3290906,3291507,34,601,635,completed,2
50186,Rigid,3290872,3290906,3291392,34,486,520,completed,2
50187,Rigid,3290872,3290906,3291450,34,544,578,completed,2
50188,Rigid,3290872,3290906,3291484,34,578,612,completed,2
50189,Rigid,3290872,3290906,3291310,34,404,438,completed,2
50190,Rigid,3290872,3290906,3291394,34,488,522,completed,2
50191,Rigid,3290872,3290906,3291489,34,583,617,completed,2
50192,Rigid,3290872,3290906,3291503,34,597,631,completed,2
50193,Rigid,3290872,3290906,3291506,34,600,634,completed,2
50194,Rigid,3290872,3290906,3291433,34,527,561,completed,2
50195,Rigid,3290872,3290906,3291364,34,458,492,completed,2
50196,Rigid,3290872,3290906,3291519,34,613,647,completed,2
50197,Rigid,3290872,3290906,3291503,34,597,631,completed,2
50198,Rigid,3290873,3290906,3291526,33,620,653,completed,2
50199,Rigid,3290873,3290906,3291535,33,629,662,completed,2
50200,Rigid,3290873,3290906,3291406,33,500,533,completed,2
50201,Rigid,3290873,3290906,3291389,33,483,516,completed,2
50202,Rigid,3290873,3290906,3291340,33,434,467,completed,2
50203,Rigid,3290873,3290906,3291508,33,602,635,completed,2
50204,Rigid,3290873,3290906,3291282,33,376,409,completed,2
50205,Rigid,3290873,3290906,3291540,33,634,667,completed,2
50206,Rigid,3290873,3290906,3291449,33,543,576,completed,2
50207,Rigid,3290873,3290906,3291316,33,410,443,completed,2
50208,Rigid,3290873,3290906,3291434,33,528,561,completed,2
50209,Rigid,3290873,3290906,3291287,33,381,414,completed,2
50210,Rigid,3290873,3290906,3291526,33,620,653,completed,2
50211,Rigid,3290873,3290906,3291419,33,513,546,completed,2
50212,Rigid,3290873,3290906,3291536,33,630,663,completed,2
50213,Rigid,3290873,3290906,3291498,33,592,625,completed,2
50214,Rigid,3290873,3290906,3291358,33,452,485,completed,2
50215,Rigid,3290873,3290906,3291542,33,636,669,completed,2
50216,Rigid,3290873,3290906,3291368,33,462,495,completed,2
50217,Rigid,3290873,3290906,3291400,33,494,527,completed,2
50218,Rigid,3290873,3290906,3291486,33,580,613,completed,2
50219,Rigid,3290873,3290906,3291511,33,605,638,completed,2
50220,Rigid,3290873,3290906,3291540,33,634,667,completed,2
50221,Rigid,3290873,3290906,3291546,33,640,673,completed,2
50222,Rigid,3290873,3290906,3291281,33,375,408,completed,2
50223,Rigid,3290873,3290906,3291372,33,466,499,completed,2
50224,Rigid,3290873,3290906,3291439,33,533,566,completed,2
50225,Rigid,3290873,3290906,3291510,33,604,637,completed,2
50226,Rigid,3290873,3290906,3291420,33,514,547,completed,2
50227,Rigid,3290873,3290906,3291495,33,589,622,completed,2
50228,Rigid,3290873,3290906,3291407,33,501,534,completed,2
50229,Rigid,3290873,3290906,3291393,33,487,520,completed,2
50230,Rigid,3290873,3290906,3291540,33,634,667,completed,2
50231,Rigid,3290873,3290906,3291264,33,358,391,completed,2
50232,Rigid,3290873,3290906,3291380,33,474,507,completed,2
50233,Rigid,3290873,3290906,3291466,33,560,593,completed,2
50234,Rigid,3290873,3290906,3291214,33,308,341,completed,2
50235,Rigid,3290873,3290906,3291372,33,466,499,completed,2
50236,Rigid,3290873,3290906,3291540,33,634,667,completed,2
50237,Rigid,3290873,3290906,3291267,33,361,394,completed,2
50238,Rigid,3290873,3290906,3291493,33,587,620,completed,2
50239,Rigid,3290873,3290906,3291534,33,628,661,completed,2
50240,Rigid,3290874,3290906,3291541,32,635,667,completed,2
50241,Rigid,3290874,3290906,3291486,32,580,612,completed,2
50242,Rigid,3290874,3290906,3291465,32,559,591,completed,2
50243,Rigid,3290874,3290906,3291294,32,388,420,completed,2
50244,Rigid,3290874,3290906,3291407,32,501,533,completed,2
50245,Rigid,3290874,3290906,3291422,32,516,548,completed,2
50246,Rigid,3290874,3290906,3291265,32,359,391,completed,2
50247,Rigid,3290874,3290906,3291501,32,595,627,completed,2
50248,Rigid,3290874,3290906,3291513,32,607,639,completed,2
50249,Rigid,3290874,3290906,3291313,32,407,439,completed,2
50250,Rigid,3290874,3290906,3291466,32,560,592,completed,2
50251,Rigid,3290874,3290906,3291255,32,349,381,completed,2
50252,Rigid,3290874,3290906,3291432,32,526,558,completed,2
50253,Rigid,3290874,3290906,3291456,32,550,582,completed,2
50254,Rigid,3290874,3290906,3291291,32,385,417,completed,2
50255,Rigid,3290874,3290906,3291360,32,454,486,completed,2
50256,Rigid,3290874,3290906,3291262,32,356,388,completed,2
50257,Rigid,3290874,3290909,3291453,35,544,579,completed,2
50258,Rigid,3290874,3290909,3291262,35,353,388,completed,2
50259,Rigid,3290874,3290909,3291507,35,598,633,completed,2
50260,Rigid,3290874,3290909,3291277,35,368,403,completed,2
50261,Rigid,3290874,3290909,3291352,35,443,478,completed,2
50262,Rigid,3290874,3290909,3291504,35,595,630,completed,2
50263,Rigid,3290874,3290909,3291313,35,404,439,completed,2
50264,Rigid,3290874,3290909,3291279,35,370,405,completed,2
50265,Rigid,3290874,3290909,3291371,35,462,497,completed,2
50266,Rigid,3290874,3290909,3291451,35,542,577,completed,2
50267,Rigid,3290874,3290909,3291499,35,590,625,completed,2
50268,Rigid,3290874,3290909,3291291,35,382,417,completed,2
50269,Rigid,3290874,3290909,3291273,35,364,399,completed,2
50270,Rigid,3290874,3290909,3291477,35,568,603,completed,2
50271,Rigid,3290874,3290909,3291461,35,552,587,completed,2
50272,Rigid,3290874,3290909,3291323,35,414,449,completed,2
50273,Rigid,3290874,3290909,3291475,35,566,601,completed,2
50274,Rigid,3290874,3290909,3291268,35,359,394,completed,2
50275,Rigid,3290874,3290909,3291297,35,388,423,completed,2
50276,Rigid,3290874,3290909,3291332,35,423,458,completed,2
50277,Rigid,3290874,3290909,3291390,35,481,516,completed,2
50278,Rigid,3290874,3290909,3291312,35,403,438,completed,2
50279,Rigid,3290874,3290909,3291531,35,622,657,completed,2
50280,Rigid,3290874,3290909,3291421,35,512,547,completed,2
50281,Rigid,3290874,3290909,3291530,35,621,656,completed,2
50282,Rigid,3290874,3290909,3291274,35,365,400,completed,2
50283,Rigid,3290874,3290909,3291457,35,548,583,completed,2
50284,Rigid,3290875,3290909,3291393,34,484,518,completed,2
50285,Rigid,3290875,3290909,3291377,34,468,502,completed,2
50286,Rigid,3290875,3290909,3291354,34,445,479,completed,2
50287,Rigid,3290875,3290909,3291536,34,627,661,completed,2
50288,Rigid,3290875,3290909,3291524,34,615,649,completed,2
50289,Rigid,3290875,3290909,3291496,34,587,621,completed,2
50290,Rigid,3290875,3290909,3291321,34,412,446,completed,2
50291,Rigid,3290875,3290909,3291462,34,553,587,completed,2
50292,Rigid,3290875,3290909,3291271,34,362,396,completed,2
50293,Rigid,3290875,3290909,3291398,34,489,523,completed,2
50294,Rigid,3290875,3290909,3291361,34,452,486,completed,2
50295,Rigid,3290875,3290909,3291497,34,588,622,completed,2
50296,Rigid,3290875,3290909,3291450,34,541,575,completed,2
50297,Rigid,3290875,3290909,3291279,34,370,404,completed,2
50298,Rigid,3290875,3290909,3291489,34,580,614,completed,2
50299,Rigid,3290875,3290909,3291423,34,514,548,completed,2
50300,Rigid,3290875,3290909,3291400,34,491,525,completed,2
50301,Rigid,3290875,3290909,3291312,34,403,437,completed,2
50302,Rigid,3290875,3290909,3291267,34,358,392,completed,2
50303,Rigid,3290875,3290909,3291391,34,482,516,completed,2
50304,Rigid,3290875,3290909,3291486,34,577,611,completed,2
50305,Rigid,3290875,3290909,3291258,34,349,383,completed,2
50306,Rigid,3290875,3290909,3291357,34,448,482,completed,2
50307,Rigid,3290875,3290909,3291507,34,598,632,completed,2
50308,Rigid,3290875,3290909,3291458,34,549,583,completed,2
50309,Rigid,3290875,3290909,3291485,34,576,610,completed,2
50310,Rigid,3290875,3290909,3291269,34,360,394,completed,2
50311,Rigid,3290875,3290909,3291466,34,557,591,completed,2
50312,Rigid,3290875,3290909,3291292,34,383,417,completed,2
50313,Rigid,3290875,3290909,3291381,34,472,506,completed,2
50314,Rigid,3290875,3290909,3291495,34,586,620,completed,2
50315,Rigid,3290875,3290909,3291361,34,452,486,completed,2
50316,Rigid,3290875,3290909,3291419,34,510,544,completed,2
50317,Rigid,3290875,3290909,3291454,34,545,579,completed,2
50318,Rigid,3290875,3290909,3291354,34,445,479,completed,2
50319,Rigid,3290875,3290909,3291310,34,401,435,completed,2
50320,Rigid,3290875,3290909,3291537,34,628,662,completed,2
50321,Rigid,3290875,3290909,3291283,34,374,408,completed,2
50322,Rigid,3290875,3290909,3291304,34,395,429,completed,2
50323,Rigid,3290875,3290909,3291441,34,532,566,completed,2
50324,Rigid,3290875,3290909,3291276,34,367,401,completed,2
50325,Rigid,3290876,3290909,3291344,33,435,468,completed,2
50326,Rigid,3290876,3290909,3291530,33,621,654,completed,2
50327,Rigid,3290876,3290909,3291502,33,593,626,completed,2
50328,Rigid,3290876,3290909,3291528,33,619,652,completed,2
50329,Rigid,3290876,3290909,3291470,33,561,594,completed,2
50330,Rigid,3290876,3290909,3291540,33,631,664,completed,2
50331,Rigid,3290876,3290909,3291357,33,448,481,completed,2
50332,Rigid,3290876,3290909,3291395,33,486,519,completed,2
50333,Rigid,3290876,3290909,3291451,33,542,575,completed,2
50334,Rigid,3290876,3290909,3291468,33,559,592,completed,2
50335,Rigid,3290876,3290909,3291328,33,419,452,completed,2
50336,Rigid,3290876,3290909,3291269,33,360,393,completed,2
50337,Rigid,3290876,3290909,3291275,33,366,399,completed,2
50338,Rigid,3290876,3290909,3291307,33,398,431,completed,2
50339,Rigid,3290876,3290909,3291260,33,351,384,completed,2
50340,Rigid,3290876,3290909,3291461,33,552,585,completed,2
50341,Rigid,3290876,3290909,3291463,33,554,587,completed,2
50342,Rigid,3290876,3290909,3291486,33,577,610,completed,2
50343,Rigid,3290876,3290909,3291368,33,459,492,completed,2
50344,Rigid,3290876,3290909,3291391,33,482,515,completed,2
50345,Rigid,3290876,3290909,3291274,33,365,398,completed,2
50346,Rigid,3290876,3290909,3291250,33,341,374,completed,2
50347,Rigid,3290876,3290909,3291371,33,462,495,completed,2
50348,Rigid,3290876,3290909,3291471,33,562,595,completed,2
50349,Rigid,3290876,3290909,3291336,33,427,460,completed,2
50350,Rigid,3290876,3290909,3291503,33,594,627,completed,2
50351,Rigid,3290876,3290909,3291544,33,635,668,completed,2
50352,Rigid,3290876,3290909,3291478,33,569,602,completed,2
50353,Rigid,3290876,3290909,3291301,33,392,425,completed,2
50354,Rigid,3290876,3290909,3291288,33,379,412,completed,2
50355,Rigid,3290876,3290909,3291543,33,634,667,completed,2
50356,Rigid,3290876,3290909,3291531,33,622,655,completed,2
50357,Rigid,3290876,3290909,3291269,33,360,393,completed,2
50358,Rigid,3290876,3290909,3291379,33,470,503,completed,2
50359,Rigid,3290876,3290909,3291343,33,434,467,completed,2
50360,Rigid,3290876,3290909,3291306,33,397,430,completed,2
50361,Rigid,3290876,3290909,3291535,33,626,659,completed,2
50362,Rigid,3290876,3290909,3291437,33,528,561,completed,2
50363,Rigid,3290876,3290909,3291481,33,572,605,completed,2
50364,Rigid,3290876,3290909,3291301,33,392,425,completed,2
50365,Rigid,3290876,3290909,3291502,33,593,626,completed,2
50366,Rigid,3290876,3290909,3291527,33,618,651,completed,2
50367,Rigid,3290876,3290909,3291430,33,521,554,completed,2
50368,Rigid,3290876,3290909,3291483,33,574,607,completed,2
50369,Rigid,3290877,3290909,3291265,32,356,388,completed,2
50370,Rigid,3290877,3290909,3291452,32,543,575,completed,2
50371,Rigid,3290877,3290909,3291331,32,422,454,completed,2
50372,Rigid,3290877,3290909,3291290,32,381,413,completed,2
50373,Rigid,3290877,3290909,3291364,32,455,487,completed,2
50374,Rigid,3290877,3290909,3291386,32,477,509,completed,2
50375,Rigid,3290877,3290909,3291316,32,407,439,completed,2
50376,Rigid,3290877,3290909,3291401,32,492,524,completed,2
50377,Rigid,3290877,3290909,3291405,32,496,528,completed,2
50378,Rigid,3290877,3290909,3291283,32,374,406,completed,2
50379,Rigid,3290877,3290909,3291262,32,353,385,completed,2
50380,Rigid,3290877,3290909,3291292,32,383,415,completed,2
50381,Rigid,3290877,3290909,3291449,32,540,572,completed,2
50382,Rigid,3290877,3290909,3291426,32,517,549,completed,2
50383,Rigid,3290877,3290909,3291339,32,430,462,completed,2
50384,Rigid,3290877,3290909,3291258,32,349,381,completed,2
50385,Rigid,3290877,3290909,3291485,32,576,608,completed,2
50386,Rigid,3290877,3290909,3291416,32,507,539,completed,2
50387,Rigid,3290877,3290909,3291314,32,405,437,completed,2
50388,Rigid,3290877,3290909,3291384,32,475,507,completed,2
50389,Rigid,3290877,3290909,3291544,32,635,667,completed,2
50390,Rigid,3290877,3290909,3291542,32,633,665,completed,2
50391,Rigid,3290877,3290909,3291542,32,633,665,completed,2
50392,Rigid,3290877,3290909,3291547,32,638,670,completed,2
50393,Rigid,3290877,3290909,3291507,32,598,630,completed,2
50394,Rigid,3290877,3290909,3291491,32,582,614,completed,2
50395,Rigid,3290877,3290909,3291278,32,369,401,completed,2
50396,Rigid,3290877,3290909,3291477,32,568,600,completed,2
50397,Rigid,3290877,3290909,3291296,32,387,419,completed,2
50398,Rigid,3290877,3290909,3291519,32,610,642,completed,2
50399,Rigid,3290877,3290909,3291539,32,630,662,completed,2
50400,Rigid,3290877,3290909,3291300,32,391,423,completed,2
50401,Rigid,3290877,3290909,3291321,32,412,444,completed,2
50402,Rigid,3290877,3290909,3291503,32,594,626,completed,2
50403,Rigid,3290877,3290909,3291463,32,554,586,completed,2
50404,Rigid,3290877,3290909,3291542,32,633,665,completed,2
50405,Rigid,3290877,3290909,3291420,32,511,543,completed,2
50406,Rigid,3290877,3290909,3291429,32,520,552,completed,2
50407,Rigid,3290877,3290909,3291320,32,411,443,completed,2
50408,Rigid,3290877,3290909,3291547,32,638,670,completed,2
50409,Rigid,3290877,3290909,3291276,32,367,399,completed,2
50410,Rigid,3290877,3290909,3291550,32,641,673,completed,2
50411,Rigid,3290877,3290909,3291536,32,627,659,completed,2
50412,Rigid,3290877,3290909,3291452,32,543,575,completed,2
50413,Rigid,3290877,3290909,3291512,32,603,635,completed,2
50414,Rigid,3290878,3290909,3291445,31,536,567,completed,2
50415,Rigid,3290878,3290909,3291544,31,635,666,completed,2
50416,Rigid,3290878,3290909,3291281,31,372,403,completed,2
50417,Rigid,3290878,3290909,3291532,31,623,654,completed,2
50418,Rigid,3290878,3290909,3291548,31,639,670,completed,2
50419,Rigid,3290878,3290909,3291520,31,611,642,completed,2
50420,Rigid,3290878,3290909,3291304,31,395,426,completed,2
50421,Rigid,3290878,3290909,3291546,31,637,668,completed,2
50422,Rigid,3290878,3290909,3291428,31,519,550,completed,2
50423,Rigid,3290878,3290909,3291252,31,343,374,completed,2
50424,Rigid,3290878,3290909,3291431,31,522,553,completed,2
50425,Rigid,3290878,3290909,3291357,31,448,479,completed,2
50426,Rigid,3290878,3290909,3291382,31,473,504,completed,2
50427,Rigid,3290878,3290909,3291272,31,363,394,completed,2
50428,Rigid,3290878,3290909,3291295,31,386,417,completed,2
50429,Rigid,3290878,3290909,3291375,31,466,497,completed,2
50430,Rigid,3290878,3290909,3291363,31,454,485,completed,2
50431,Rigid,3290878,3290909,3291458,31,549,580,completed,2
50432,Rigid,3290878,3290909,3291421,31,512,543,completed,2
50433,Rigid,3290878,3290909,3291479,31,570,601,completed,2
50434,Rigid,3290878,3290909,3291214,31,305,336,completed,2
50435,Rigid,3290878,3290909,3291291,31,382,413,completed,2
50436,Rigid,3290878,3290909,3291307,31,398,429,completed,2
50437,Rigid,3290878,3290909,3291435,31,526,557,completed,2
50438,Rigid,3290878,3290909,3291306,31,397,428,completed,2
50439,Rigid,3290878,3290909,3291405,31,496,527,completed,2
50440,Rigid,3290878,3290909,3291227,31,318,349,completed,2
50441,Rigid,3290878,3290909,3291291,31,382,413,completed,2
50442,Rigid,3290878,3290909,3291294,31,385,416,completed,2
50443,Rigid,3290878,3290909,3291506,31,597,628,completed,2
50444,Rigid,3290878,3290909,3291344,31,435,466,completed,2
50445,Rigid,3290878,3290909,3291372,31,463,494,completed,2
50446,Rigid,3290878,3290909,3291534,31,625,656,completed,2
50447,Rigid,3290878,3290909,3291411,31,502,533,completed,2
50448,Rigid,3290878,3290909,3291388,31,479,510,completed,2
50449,Rigid,3290878,3290909,3291501,31,592,623,completed,2
50450,Rigid,3290878,3290909,3291276,31,367,398,completed,2
50451,Rigid,3290878,3290909,3291315,31,406,437,completed,2
50452,Rigid,3290879,3290909,3291364,30,455,485,completed,2
50453,Rigid,3290879,3290909,3291524,30,615,645,completed,2
50454,Rigid,3290879,3290909,3291525,30,616,646,completed,2
50455,Rigid,3290879,3290909,3291404,30,495,525,completed,2
50456,Rigid,3290879,3290909,3291269,30,360,390,completed,2
50457,Rigid,3290879,3290909,3291482,30,573,603,completed,2
50458,Rigid,3290879,3290909,3291397,30,488,518,completed,2
50459,Rigid,3290879,3290909,3291401,30,492,522,completed,2
50460,Rigid,3290879,3290909,3291209,30,300,330,completed,2
50461,Rigid,3290879,3290909,3291358,30,449,479,completed,2
50462,Rigid,3290880,3290909,3291269,29,360,389,completed,2
50463,Rigid,3291461,3291461,3294515,0,3054,3054,completed,2
50464,Rigid,3291471,3291471,3292051,0,580,580,completed,36
50465,Rigid,3291980,3291981,3291983,1,2,3,completed,2
50466,Rigid,3291983,3291985,3291987,2,2,4,completed,2
50467,Rigid,3292111,3292113,3292115,2,2,4,completed,2
50468,Rigid,3292115,3292116,3292721,1,605,606,completed,36
50469,Rigid,3292164,3292164,3519242,0,227078,227078,completed,36
50470,Rigid,3292216,3292216,3518873,0,226657,226657,completed,36
50471,Rigid,3292218,3292220,3292222,2,2,4,completed,2
50472,Rigid,3292250,3292251,3517848,1,225597,225598,completed,36
50473,Rigid,3292283,3292283,3410947,0,118664,118664,completed,36
50474,Rigid,3292315,3292315,3410547,0,118232,118232,completed,36
50475,Rigid,3292344,3292344,3409985,0,117641,117641,completed,36
50476,Rigid,3292347,3292348,3292351,1,3,4,completed,2
50477,Rigid,3292349,3292352,3292362,3,10,13,completed,1
50478,Rigid,3292350,3292407,3292413,57,6,63,completed,1
50479,Rigid,3292350,3341555,3341566,49205,11,49216,completed,1
50480,Rigid,3292379,3292380,3588119,1,295739,295740,completed,36
50481,Rigid,3292407,3292407,3420150,0,127743,127743,completed,36
50482,Rigid,3292415,3292415,3292417,0,2,2,completed,2
50483,Rigid,3292438,3292439,3421852,1,129413,129414,completed,36
50484,Rigid,3292466,3292467,3418191,1,125724,125725,completed,36
50485,Rigid,3292516,3292516,3476420,0,183904,183904,completed,36
50486,Rigid,3292524,3292525,3292527,1,2,3,completed,2
50487,Rigid,3292563,3292563,3411710,0,119147,119147,completed,36
50488,Rigid,3292596,3292596,3411199,0,118603,118603,completed,36
50489,Rigid,3292625,3292625,3418091,0,125466,125466,completed,36
50490,Rigid,3292687,3292688,3418813,1,126125,126126,completed,36
50491,Rigid,3292716,3292717,3416760,1,124043,124044,completed,36
50492,Rigid,3293523,3293523,3294067,0,544,544,completed,36
50493,Rigid,3293592,3293592,3294740,0,1148,1148,completed,36
50494,Rigid,3294273,3294274,3294286,1,12,13,completed,2
50495,Rigid,3294397,3294398,3294408,1,10,11,completed,2
50496,Rigid,3294456,3294457,3294622,1,165,166,completed,2
50497,Rigid,3294874,3294874,3296032,0,1158,1158,completed,36
50498,Rigid,3295936,3295936,3303436,0,7500,7500,completed,288
50499,Rigid,3297268,3297269,3297282,1,13,14,completed,2
50500,Rigid,3297342,3297343,3298661,1,1318,1319,completed,36
50501,Rigid,3297404,3297404,3297434,0,30,30,completed,2
50502,Rigid,3297479,3297479,3297498,0,19,19,completed,2
50503,Rigid,3297576,3297577,3297580,1,3,4,completed,1
50504,Rigid,3297622,3297622,3297635,0,13,13,completed,1
50505,Rigid,3297805,3297806,3297842,1,36,37,completed,1
50506,Rigid,3297942,3297942,3297971,0,29,29,completed,1
50507,Rigid,3297984,3297985,3297989,1,4,5,completed,36
50508,Rigid,3298437,3298438,3298443,1,5,6,completed,36
50509,Rigid,3298916,3298917,3298935,1,18,19,completed,36
50510,Rigid,3299015,3299016,3299024,1,8,9,completed,36
50511,Rigid,3299413,3299413,3299954,0,541,541,completed,36
50512,Rigid,3300278,3300279,3300908,1,629,630,completed,36
50513,Rigid,3300529,3300529,3306065,0,5536,5536,completed,1
50514,Rigid,3300973,3300973,3333004,0,32031,32031,completed,1
50515,Rigid,3300977,3300978,3332391,1,31413,31414,completed,1
50516,Rigid,3301437,3301438,3340039,1,38601,38602,completed,1
50517,Rigid,3301441,3301442,3339336,1,37894,37895,completed,1
50518,Rigid,3301679,3301679,3301682,0,3,3,completed,1
50519,Rigid,3301787,3301788,3333569,1,31781,31782,completed,1
50520,Rigid,3302145,3302146,3329538,1,27392,27393,completed,1
50521,Rigid,3302150,3302151,3333621,1,31470,31471,completed,1
50522,Rigid,3302154,3302155,3329220,1,27065,27066,completed,1
50523,Rigid,3302158,3302159,3333292,1,31133,31134,completed,1
50524,Rigid,3302373,3302374,3303515,1,1141,1142,completed,36
50525,Rigid,3302637,3302637,3378747,0,76110,76110,completed,1
50526,Rigid,3302685,3302686,3376542,1,73856,73857,completed,1
50527,Rigid,3302730,3302730,3373091,0,70361,70361,completed,1
50528,Rigid,3302984,3302984,3475805,0,172821,172821,completed,36
50529,Rigid,3302984,3302984,3475805,0,172821,172821,completed,36
50530,Rigid,3302984,3302984,3475805,0,172821,172821,completed,36
50531,Rigid,3303015,3303016,3475835,1,172819,172820,completed,36
50532,Rigid,3303015,3303016,3475835,1,172819,172820,completed,36
50533,Rigid,3303015,3303016,3475835,1,172819,172820,completed,36
50534,Rigid,3303077,3303078,3475895,1,172817,172818,completed,36
50535,Rigid,3303077,3303078,3475895,1,172817,172818,completed,36
50536,Rigid,3303077,3303078,3475895,1,172817,172818,completed,36
50537,Rigid,3303106,3303106,3475925,0,172819,172819,completed,36
50538,Rigid,3303106,3303106,3475925,0,172819,172819,completed,36
50539,Rigid,3303106,3303106,3475925,0,172819,172819,completed,36
50540,Rigid,3303109,3303110,3303119,1,9,10,completed,1
50541,Rigid,3303109,3303159,3303165,50,6,56,completed,1
50542,Rigid,3303109,3343270,3343278,40161,8,40169,completed,1
50543,Rigid,3303128,3303128,3318660,0,15532,15532,completed,144
50544,Rigid,3303128,3303897,3476705,769,172808,173577,completed,36
50545,Rigid,3303128,3303897,3476705,769,172808,173577,completed,36
50546,Rigid,3303128,3303897,3476705,769,172808,173577,completed,36
50547,Rigid,3303266,3303267,3303271,1,4,5,completed,1
50548,Rigid,3303266,3303302,3303307,36,5,41,completed,1
50549,Rigid,3303266,3344095,3344100,40829,5,40834,completed,1
50550,Rigid,3303334,3303335,3303345,1,10,11,completed,1
50551,Rigid,3303334,3303370,3303375,36,5,41,completed,1
50552,Rigid,3303335,3353923,3353932,50588,9,50597,completed,1
50553,Rigid,3303467,3303467,3363088,0,59621,59621,completed,1
50554,Rigid,3303474,3303474,3363936,0,60462,60462,completed,1
50555,Rigid,3303646,3303646,3304087,0,441,441,completed,36
50556,Rigid,3303768,3303768,3476585,0,172817,172817,completed,288
50557,Rigid,3303810,3303814,3476615,4,172801,172805,completed,288
50558,Rigid,3303871,3475592,3648411,171721,172819,344540,completed,288
50559,Rigid,3303911,3303912,3304046,1,134,135,completed,144
50560,Rigid,3303916,3475592,3648411,171676,172819,344495,completed,288
50561,Rigid,3304005,3304005,3304046,0,41,41,completed,36
50562,Rigid,3304063,3304063,3305451,0,1388,1388,completed,144
50563,Rigid,3304080,3304081,3476885,1,172804,172805,completed,36
50564,Rigid,3304080,3304081,3476885,1,172804,172805,completed,36
50565,Rigid,3304080,3304081,3476885,1,172804,172805,completed,36
50566,Rigid,3304146,3304147,3305282,1,1135,1136,completed,36
50567,Rigid,3304177,3304178,3304973,1,795,796,completed,36
50568,Rigid,3304297,3304297,3477125,0,172828,172828,completed,36
50569,Rigid,3304297,3304297,3477125,0,172828,172828,completed,36
50570,Rigid,3304297,3304297,3477125,0,172828,172828,completed,36
50571,Rigid,3304326,3304327,3304482,1,155,156,completed,36
50572,Rigid,3304326,3304327,3477155,1,172828,172829,completed,36
50573,Rigid,3304326,3304327,3477155,1,172828,172829,completed,36
50574,Rigid,3304326,3304327,3477155,1,172828,172829,completed,36
50575,Rigid,3304358,3304358,3477185,0,172827,172827,completed,36
50576,Rigid,3304358,3304358,3477185,0,172827,172827,completed,36
50577,Rigid,3304358,3304358,3477185,0,172827,172827,completed,36
50578,Rigid,3304395,3304396,3477215,1,172819,172820,completed,36
50579,Rigid,3304395,3304396,3477215,1,172819,172820,completed,36
50580,Rigid,3304395,3304396,3477215,1,172819,172820,completed,36
50581,Rigid,3304436,3304437,3477245,1,172808,172809,completed,36
50582,Rigid,3304436,3304437,3477245,1,172808,172809,completed,36
50583,Rigid,3304436,3304437,3477245,1,172808,172809,completed,36
50584,Rigid,3304463,3305605,3478415,1142,172810,173952,completed,36
50585,Rigid,3304463,3475509,3648320,171046,172811,343857,completed,36
50586,Rigid,3304463,3475509,3648320,171046,172811,343857,completed,36
50587,Rigid,3304495,3475809,3648627,171314,172818,344132,completed,36
50588,Rigid,3304495,3475809,3648627,171314,172818,344132,completed,36
50589,Rigid,3304495,3475809,3648627,171314,172818,344132,completed,36
50590,Rigid,3304498,3304499,3304504,1,5,6,completed,36
50591,Rigid,3304532,3475839,3648658,171307,172819,344126,completed,36
50592,Rigid,3304532,3475839,3648658,171307,172819,344126,completed,36
50593,Rigid,3304532,3475839,3648658,171307,172819,344126,completed,36
50594,Rigid,3304556,3475899,3648718,171343,172819,344162,completed,36
50595,Rigid,3304556,3475899,3648718,171343,172819,344162,completed,36
50596,Rigid,3304556,3475899,3648718,171343,172819,344162,completed,36
50597,Rigid,3304578,3304579,3304584,1,5,6,completed,36
50598,Rigid,3304581,3475929,3648748,171348,172819,344167,completed,36
50599,Rigid,3304581,3475929,3648748,171348,172819,344167,completed,36
50600,Rigid,3304581,3475929,3648748,171348,172819,344167,completed,36
50601,Rigid,3304606,3476709,3649528,172103,172819,344922,completed,36
50602,Rigid,3304606,3476709,3649528,172103,172819,344922,completed,36
50603,Rigid,3304606,3476709,3649528,172103,172819,344922,completed,36
50604,Rigid,3304638,3477129,3649948,172491,172819,345310,completed,36
50605,Rigid,3304638,3477129,3477219,172491,90,172581,completed,36
50606,Rigid,3304638,3477129,3649948,172491,172819,345310,completed,36
50607,Rigid,3304659,3304660,3304748,1,88,89,completed,36
50608,Rigid,3304681,3476885,3649708,172204,172823,345027,completed,36
50609,Rigid,3304681,3476885,3649708,172204,172823,345027,completed,36
50610,Rigid,3304681,3476885,3649708,172204,172823,345027,completed,36
50611,Rigid,3304710,3477158,3649978,172448,172820,345268,completed,36
50612,Rigid,3304710,3477158,3649978,172448,172820,345268,completed,36
50613,Rigid,3304710,3477158,3649978,172448,172820,345268,completed,36
50614,Rigid,3305043,3305043,3305244,0,201,201,completed,36
50615,Rigid,3305313,3305314,3305341,1,27,28,completed,36
50616,Rigid,3305496,3305496,3305516,0,20,20,completed,36
50617,Rigid,3305632,3305632,3305636,0,4,4,completed,36
50618,Rigid,3305652,3305652,3305656,0,4,4,completed,36
50619,Rigid,3305854,3305855,3306991,1,1136,1137,completed,36
50620,Rigid,3306332,3306334,3604271,2,297937,297939,completed,36
50621,Rigid,3306728,3306728,3306731,0,3,3,completed,36
50622,Rigid,3306752,3306754,3306765,2,11,13,completed,36
50623,Rigid,3306780,3306780,3306908,0,128,128,completed,36
50624,Rigid,3306955,3306956,3307050,1,94,95,completed,36
50625,Rigid,3307084,3307084,3307123,0,39,39,completed,36
50626,Rigid,3307090,3307090,3307591,0,501,501,completed,144
50627,Rigid,3307141,3307141,3307289,0,148,148,completed,36
50628,Rigid,3307298,3307299,3307346,1,47,48,completed,36
50629,Rigid,3307349,3307349,3307480,0,131,131,completed,36
50630,Rigid,3307483,3307483,3307643,0,160,160,completed,36
50631,Rigid,3307656,3307656,3307830,0,174,174,completed,36
50632,Rigid,3307870,3307870,3308019,0,149,149,completed,144
50633,Rigid,3307877,3307878,3308042,1,164,165,completed,36
50634,Rigid,3308154,3308154,3308813,0,659,659,completed,180
50635,Rigid,3308298,3308298,3309432,0,1134,1134,completed,36
50636,Rigid,3308355,3308356,3313457,1,5101,5102,completed,1
50637,Rigid,3308429,3308430,3308686,1,256,257,completed,72
50638,Rigid,3308524,3308524,3312716,0,4192,4192,completed,1
50639,Rigid,3308530,3308531,3308574,1,43,44,completed,1440
50640,Rigid,3308606,3308606,3308654,0,48,48,completed,1440
50641,Rigid,3308632,3308632,3308782,0,150,150,completed,144
50642,Rigid,3308805,3308805,3308971,0,166,166,completed,18
50643,Rigid,3308947,3308947,3309320,0,373,373,completed,72
50644,Rigid,3309044,3309045,3309833,1,788,789,completed,1440
50645,Rigid,3309104,3309105,3309106,1,1,2,completed,1
50646,Rigid,3309104,3309105,3309106,1,1,2,completed,1
50647,Rigid,3309104,3309105,3309124,1,19,20,completed,1
50648,Rigid,3309104,3309105,3309111,1,6,7,completed,1
50649,Rigid,3309104,3309105,3309111,1,6,7,completed,1
50650,Rigid,3309253,3309253,3309255,0,2,2,completed,1
50651,Rigid,3309253,3309253,3309255,0,2,2,completed,1
50652,Rigid,3309253,3309253,3309255,0,2,2,completed,1
50653,Rigid,3309253,3309253,3309255,0,2,2,completed,1
50654,Rigid,3309253,3309253,3309255,0,2,2,completed,1
50655,Rigid,3309254,3309256,3309257,2,1,3,completed,1
50656,Rigid,3309254,3309256,3309257,2,1,3,completed,1
50657,Rigid,3309254,3309256,3309257,2,1,3,completed,1
50658,Rigid,3309255,3309256,3309257,1,1,2,completed,1
50659,Rigid,3309255,3309256,3309257,1,1,2,completed,1
50660,Rigid,3309255,3309256,3309257,1,1,2,completed,1
50661,Rigid,3309255,3309256,3309257,1,1,2,completed,1
50662,Rigid,3309256,3309256,3309257,0,1,1,completed,1
50663,Rigid,3309256,3309256,3309257,0,1,1,completed,1
50664,Rigid,3309256,3309256,3309257,0,1,1,completed,1
50665,Rigid,3309256,3309256,3309257,0,1,1,completed,1
50666,Rigid,3309256,3309256,3309257,0,1,1,completed,1
50667,Rigid,3309257,3309257,3309258,0,1,1,completed,1
50668,Rigid,3309257,3309257,3309258,0,1,1,completed,1
50669,Rigid,3309257,3309257,3309258,0,1,1,completed,1
50670,Rigid,3309257,3309257,3309258,0,1,1,completed,1
50671,Rigid,3309258,3309259,3309260,1,1,2,completed,1
50672,Rigid,3309258,3309259,3309260,1,1,2,completed,1
50673,Rigid,3309258,3309259,3309260,1,1,2,completed,1
50674,Rigid,3309258,3309259,3309260,1,1,2,completed,1
50675,Rigid,3309258,3309259,3309260,1,1,2,completed,1
50676,Rigid,3309259,3309259,3309260,0,1,1,completed,1
50677,Rigid,3309259,3309259,3309260,0,1,1,completed,1
50678,Rigid,3309259,3309259,3309260,0,1,1,completed,1
50679,Rigid,3309259,3309259,3309260,0,1,1,completed,1
50680,Rigid,3309259,3309259,3309260,0,1,1,completed,1
50681,Rigid,3309259,3309259,3309260,0,1,1,completed,1
50682,Rigid,3309260,3309261,3309262,1,1,2,completed,1
50683,Rigid,3309260,3309261,3309262,1,1,2,completed,1
50684,Rigid,3309260,3309261,3309262,1,1,2,completed,1
50685,Rigid,3309260,3309261,3309262,1,1,2,completed,1
50686,Rigid,3309261,3309261,3309262,0,1,1,completed,1
50687,Rigid,3309261,3309261,3309262,0,1,1,completed,1
50688,Rigid,3309261,3309261,3309262,0,1,1,completed,1
50689,Rigid,3309261,3309261,3309262,0,1,1,completed,1
50690,Rigid,3309262,3309264,3309265,2,1,3,completed,1
50691,Rigid,3309262,3309264,3309265,2,1,3,completed,1
50692,Rigid,3309262,3309264,3309265,2,1,3,completed,1
50693,Rigid,3309262,3309264,3309265,2,1,3,completed,1
50694,Rigid,3309262,3309264,3309265,2,1,3,completed,1
50695,Rigid,3309262,3309264,3309265,2,1,3,completed,1
50696,Rigid,3309262,3309264,3309265,2,1,3,completed,1
50697,Rigid,3309262,3309264,3309266,2,2,4,completed,1
50698,Rigid,3309262,3309264,3309265,2,1,3,completed,1
50699,Rigid,3309262,3309264,3309265,2,1,3,completed,1
50700,Rigid,3309263,3309264,3309265,1,1,2,completed,1
50701,Rigid,3309263,3309264,3309265,1,1,2,completed,1
50702,Rigid,3309263,3309264,3309265,1,1,2,completed,1
50703,Rigid,3309263,3309264,3309266,1,2,3,completed,1
50704,Rigid,3309263,3309264,3309265,1,1,2,completed,1
50705,Rigid,3309263,3309264,3309265,1,1,2,completed,1
50706,Rigid,3309263,3309264,3309265,1,1,2,completed,1
50707,Rigid,3309263,3309264,3309266,1,2,3,completed,1
50708,Rigid,3309263,3309264,3309266,1,2,3,completed,1
50709,Rigid,3309263,3309264,3309265,1,1,2,completed,1
50710,Rigid,3309264,3309265,3309266,1,1,2,completed,1
50711,Rigid,3309264,3309265,3309266,1,1,2,completed,1
50712,Rigid,3309264,3309265,3309266,1,1,2,completed,1
50713,Rigid,3309264,3309265,3309266,1,1,2,completed,1
50714,Rigid,3309264,3309265,3309266,1,1,2,completed,1
50715,Rigid,3309264,3309265,3309266,1,1,2,completed,1
50716,Rigid,3309264,3309265,3309266,1,1,2,completed,1
50717,Rigid,3309264,3309265,3309266,1,1,2,completed,1
50718,Rigid,3309264,3309265,3309266,1,1,2,completed,1
50719,Rigid,3309264,3309265,3309266,1,1,2,completed,1
50720,Rigid,3309265,3309267,3309268,2,1,3,completed,1
50721,Rigid,3309265,3309267,3309268,2,1,3,completed,1
50722,Rigid,3309265,3309267,3309268,2,1,3,completed,1
50723,Rigid,3309265,3309267,3309268,2,1,3,completed,1
50724,Rigid,3309265,3309267,3309268,2,1,3,completed,1
50725,Rigid,3309265,3309267,3309268,2,1,3,completed,1
50726,Rigid,3309265,3309267,3309268,2,1,3,completed,1
50727,Rigid,3309265,3309267,3309268,2,1,3,completed,1
50728,Rigid,3309265,3309267,3309268,2,1,3,completed,1
50729,Rigid,3309265,3309267,3309268,2,1,3,completed,1
50730,Rigid,3309266,3309267,3309268,1,1,2,completed,1
50731,Rigid,3309266,3309267,3309268,1,1,2,completed,1
50732,Rigid,3309266,3309267,3309268,1,1,2,completed,1
50733,Rigid,3309266,3309267,3309268,1,1,2,completed,1
50734,Rigid,3309266,3309267,3309268,1,1,2,completed,1
50735,Rigid,3309266,3309267,3309268,1,1,2,completed,1
50736,Rigid,3309266,3309267,3309268,1,1,2,completed,1
50737,Rigid,3309266,3309267,3309268,1,1,2,completed,1
50738,Rigid,3309267,3309267,3309268,0,1,1,completed,1
50739,Rigid,3309267,3309267,3309268,0,1,1,completed,1
50740,Rigid,3309267,3309268,3309269,1,1,2,completed,1
50741,Rigid,3309268,3309268,3309269,0,1,1,completed,1
50742,Rigid,3309268,3309268,3309269,0,1,1,completed,1
50743,Rigid,3309268,3309268,3309269,0,1,1,completed,1
50744,Rigid,3309268,3309268,3309269,0,1,1,completed,1
50745,Rigid,3309268,3309268,3309269,0,1,1,completed,1
50746,Rigid,3309268,3309268,3309269,0,1,1,completed,1
50747,Rigid,3309268,3309268,3309269,0,1,1,completed,1
50748,Rigid,3309268,3309268,3309269,0,1,1,completed,1
50749,Rigid,3309268,3309268,3309269,0,1,1,completed,1
50750,Rigid,3309268,3309268,3309269,0,1,1,completed,1
50751,Rigid,3309269,3309269,3309270,0,1,1,completed,1
50752,Rigid,3309269,3309269,3309270,0,1,1,completed,1
50753,Rigid,3309269,3309269,3309270,0,1,1,completed,1
50754,Rigid,3309269,3309269,3309270,0,1,1,completed,1
50755,Rigid,3309269,3309269,3309270,0,1,1,completed,1
50756,Rigid,3309269,3309269,3309270,0,1,1,completed,1
50757,Rigid,3309269,3309269,3309270,0,1,1,completed,1
50758,Rigid,3309269,3309269,3309270,0,1,1,completed,1
50759,Rigid,3309269,3309269,3309270,0,1,1,completed,1
50760,Rigid,3309269,3309270,3309271,1,1,2,completed,1
50761,Rigid,3309270,3309270,3309271,0,1,1,completed,1
50762,Rigid,3309270,3309270,3309271,0,1,1,completed,1
50763,Rigid,3309270,3309270,3309271,0,1,1,completed,1
50764,Rigid,3309270,3309270,3309271,0,1,1,completed,1
50765,Rigid,3309270,3309270,3309271,0,1,1,completed,1
50766,Rigid,3309270,3309270,3309271,0,1,1,completed,1
50767,Rigid,3309270,3309270,3309271,0,1,1,completed,1
50768,Rigid,3309270,3309270,3309271,0,1,1,completed,1
50769,Rigid,3309270,3309271,3309272,1,1,2,completed,1
50770,Rigid,3309270,3309271,3309272,1,1,2,completed,1
50771,Rigid,3309271,3309271,3309272,0,1,1,completed,1
50772,Rigid,3309271,3309271,3309272,0,1,1,completed,1
50773,Rigid,3309271,3309272,3309273,1,1,2,completed,1
50774,Rigid,3309271,3309272,3309273,1,1,2,completed,1
50775,Rigid,3309271,3309272,3309273,1,1,2,completed,1
50776,Rigid,3309271,3309272,3309273,1,1,2,completed,1
50777,Rigid,3309271,3309272,3309273,1,1,2,completed,1
50778,Rigid,3309271,3309272,3309273,1,1,2,completed,1
50779,Rigid,3309271,3309272,3309273,1,1,2,completed,1
50780,Rigid,3309271,3309272,3309273,1,1,2,completed,1
50781,Rigid,3309272,3309272,3309273,0,1,1,completed,1
50782,Rigid,3309272,3309272,3309273,0,1,1,completed,1
50783,Rigid,3309272,3309272,3309273,0,1,1,completed,1
50784,Rigid,3309272,3309272,3309273,0,1,1,completed,1
50785,Rigid,3309272,3309272,3309273,0,1,1,completed,1
50786,Rigid,3309272,3309272,3309273,0,1,1,completed,1
50787,Rigid,3309272,3309272,3309273,0,1,1,completed,1
50788,Rigid,3309272,3309272,3309273,0,1,1,completed,1
50789,Rigid,3309272,3309273,3309274,1,1,2,completed,1
50790,Rigid,3309272,3309273,3309274,1,1,2,completed,1
50791,Rigid,3309273,3309273,3309274,0,1,1,completed,1
50792,Rigid,3309273,3309273,3309274,0,1,1,completed,1
50793,Rigid,3309273,3309273,3309274,0,1,1,completed,1
50794,Rigid,3309273,3309273,3309274,0,1,1,completed,1
50795,Rigid,3309273,3309273,3309274,0,1,1,completed,1
50796,Rigid,3309273,3309273,3309274,0,1,1,completed,1
50797,Rigid,3309273,3309273,3309274,0,1,1,completed,1
50798,Rigid,3309273,3309273,3309274,0,1,1,completed,1
50799,Rigid,3309273,3309273,3309274,0,1,1,completed,1
50800,Rigid,3309278,3309278,3309279,0,1,1,completed,1
50801,Rigid,3309278,3309278,3309279,0,1,1,completed,1
50802,Rigid,3309278,3309278,3309279,0,1,1,completed,1
50803,Rigid,3309278,3309278,3309279,0,1,1,completed,1
50804,Rigid,3309278,3309278,3309279,0,1,1,completed,1
50805,Rigid,3309278,3309278,3309279,0,1,1,completed,1
50806,Rigid,3309278,3309278,3309279,0,1,1,completed,1
50807,Rigid,3309278,3309278,3309279,0,1,1,completed,1
50808,Rigid,3309278,3309278,3309279,0,1,1,completed,1
50809,Rigid,3309278,3309278,3309279,0,1,1,completed,1
50810,Rigid,3309280,3309281,3309282,1,1,2,completed,1
50811,Rigid,3309280,3309281,3309282,1,1,2,completed,1
50812,Rigid,3309280,3309281,3309282,1,1,2,completed,1
50813,Rigid,3309280,3309281,3309282,1,1,2,completed,1
50814,Rigid,3309280,3309281,3309282,1,1,2,completed,1
50815,Rigid,3309280,3309281,3309282,1,1,2,completed,1
50816,Rigid,3309280,3309281,3309282,1,1,2,completed,1
50817,Rigid,3309280,3309281,3309282,1,1,2,completed,1
50818,Rigid,3309280,3309281,3309282,1,1,2,completed,1
50819,Rigid,3309280,3309281,3309282,1,1,2,completed,1
50820,Rigid,3309281,3309282,3309284,1,2,3,completed,1
50821,Rigid,3309281,3309282,3309284,1,2,3,completed,1
50822,Rigid,3309281,3309282,3309283,1,1,2,completed,1
50823,Rigid,3309281,3309282,3309283,1,1,2,completed,1
50824,Rigid,3309281,3309282,3309284,1,2,3,completed,1
50825,Rigid,3309281,3309282,3309284,1,2,3,completed,1
50826,Rigid,3309281,3309282,3309284,1,2,3,completed,1
50827,Rigid,3309281,3309282,3309284,1,2,3,completed,1
50828,Rigid,3309281,3309282,3309284,1,2,3,completed,1
50829,Rigid,3309281,3309282,3309284,1,2,3,completed,1
50830,Rigid,3309282,3309282,3309284,0,2,2,completed,1
50831,Rigid,3309282,3309282,3309284,0,2,2,completed,1
50832,Rigid,3309282,3309282,3309284,0,2,2,completed,1
50833,Rigid,3309282,3309282,3309284,0,2,2,completed,1
50834,Rigid,3309282,3309282,3309284,0,2,2,completed,1
50835,Rigid,3309282,3309282,3309284,0,2,2,completed,1
50836,Rigid,3309282,3309282,3309284,0,2,2,completed,1
50837,Rigid,3309282,3309282,3309284,0,2,2,completed,1
50838,Rigid,3309282,3309282,3309284,0,2,2,completed,1
50839,Rigid,3309282,3309282,3309284,0,2,2,completed,1
50840,Rigid,3309283,3309283,3309284,0,1,1,completed,1
50841,Rigid,3309283,3309283,3309284,0,1,1,completed,1
50842,Rigid,3309283,3309283,3309284,0,1,1,completed,1
50843,Rigid,3309283,3309283,3309284,0,1,1,completed,1
50844,Rigid,3309283,3309283,3309284,0,1,1,completed,1
50845,Rigid,3309283,3309283,3309284,0,1,1,completed,1
50846,Rigid,3309283,3309283,3309284,0,1,1,completed,1
50847,Rigid,3309283,3309283,3309284,0,1,1,completed,1
50848,Rigid,3309283,3309283,3309284,0,1,1,completed,1
50849,Rigid,3309283,3309285,3309286,2,1,3,completed,1
50850,Rigid,3309284,3309285,3309286,1,1,2,completed,1
50851,Rigid,3309284,3309285,3309286,1,1,2,completed,1
50852,Rigid,3309284,3309285,3309286,1,1,2,completed,1
50853,Rigid,3309284,3309285,3309286,1,1,2,completed,1
50854,Rigid,3309284,3309285,3309286,1,1,2,completed,1
50855,Rigid,3309284,3309285,3309286,1,1,2,completed,1
50856,Rigid,3309284,3309285,3309286,1,1,2,completed,1
50857,Rigid,3309284,3309285,3309286,1,1,2,completed,1
50858,Rigid,3309284,3309285,3309286,1,1,2,completed,1
50859,Rigid,3309284,3309285,3309286,1,1,2,completed,1
50860,Rigid,3309285,3309285,3309286,0,1,1,completed,1
50861,Rigid,3309285,3309285,3309286,0,1,1,completed,1
50862,Rigid,3309285,3309285,3309286,0,1,1,completed,1
50863,Rigid,3309285,3309285,3309286,0,1,1,completed,1
50864,Rigid,3309285,3309285,3309286,0,1,1,completed,1
50865,Rigid,3309285,3309285,3309286,0,1,1,completed,1
50866,Rigid,3309285,3309285,3309286,0,1,1,completed,1
50867,Rigid,3309285,3309285,3309286,0,1,1,completed,1
50868,Rigid,3309285,3309285,3309286,0,1,1,completed,1
50869,Rigid,3309285,3309285,3309286,0,1,1,completed,1
50870,Rigid,3309286,3309286,3309288,0,2,2,completed,1
50871,Rigid,3309286,3309286,3309288,0,2,2,completed,1
50872,Rigid,3309286,3309286,3309288,0,2,2,completed,1
50873,Rigid,3309286,3309286,3309288,0,2,2,completed,1
50874,Rigid,3309286,3309286,3309288,0,2,2,completed,1
50875,Rigid,3309286,3309286,3309288,0,2,2,completed,1
50876,Rigid,3309286,3309286,3309288,0,2,2,completed,1
50877,Rigid,3309286,3309286,3309288,0,2,2,completed,1
50878,Rigid,3309286,3309286,3309288,0,2,2,completed,1
50879,Rigid,3309286,3309287,3309288,1,1,2,completed,1
50880,Rigid,3309287,3309287,3309288,0,1,1,completed,1
50881,Rigid,3309287,3309287,3309288,0,1,1,completed,1
50882,Rigid,3309287,3309287,3309288,0,1,1,completed,1
50883,Rigid,3309287,3309287,3309288,0,1,1,completed,1
50884,Rigid,3309287,3309287,3309288,0,1,1,completed,1
50885,Rigid,3309287,3309287,3309288,0,1,1,completed,1
50886,Rigid,3309287,3309287,3309288,0,1,1,completed,1
50887,Rigid,3309287,3309287,3309288,0,1,1,completed,1
50888,Rigid,3309287,3309287,3309288,0,1,1,completed,1
50889,Rigid,3309287,3309287,3309288,0,1,1,completed,1
50890,Rigid,3309288,3309289,3309311,1,22,23,completed,2
50891,Rigid,3309288,3309289,3309310,1,21,22,completed,1
50892,Rigid,3309288,3309289,3309311,1,22,23,completed,2
50893,Rigid,3309288,3309289,3309292,1,3,4,completed,1
50894,Rigid,3309288,3309289,3309305,1,16,17,completed,2
50895,Rigid,3309288,3309289,3309358,1,69,70,completed,2
50896,Rigid,3309288,3309289,3309305,1,16,17,completed,2
50897,Rigid,3309288,3309289,3309305,1,16,17,completed,2
50898,Rigid,3309288,3309289,3309305,1,16,17,completed,2
50899,Rigid,3309288,3309289,3309800,1,511,512,completed,2
50900,Rigid,3309299,3309299,3309358,0,59,59,completed,2
50901,Rigid,3309299,3309299,3309306,0,7,7,completed,2
50902,Rigid,3309299,3309299,3309306,0,7,7,completed,2
50903,Rigid,3309299,3309299,3309358,0,59,59,completed,2
50904,Rigid,3309299,3309299,3309306,0,7,7,completed,2
50905,Rigid,3309299,3309299,3309301,0,2,2,completed,1
50906,Rigid,3309299,3309299,3309306,0,7,7,completed,2
50907,Rigid,3309299,3309299,3309301,0,2,2,completed,1
50908,Rigid,3309299,3309299,3309306,0,7,7,completed,2
50909,Rigid,3309299,3309299,3309306,0,7,7,completed,2
50910,Rigid,3309300,3309303,3309358,3,55,58,completed,2
50911,Rigid,3309300,3309304,3309312,4,8,12,completed,2
50912,Rigid,3309300,3309304,3309306,4,2,6,completed,1
50913,Rigid,3309300,3309304,3309312,4,8,12,completed,2
50914,Rigid,3309300,3309304,3309311,4,7,11,completed,2
50915,Rigid,3309300,3309304,3309306,4,2,6,completed,1
50916,Rigid,3309300,3309304,3309311,4,7,11,completed,2
50917,Rigid,3309300,3309304,3309312,4,8,12,completed,2
50918,Rigid,3309300,3309304,3309358,4,54,58,completed,2
50919,Rigid,3309300,3309304,3309311,4,7,11,completed,2
50920,Rigid,3309301,3309304,3309306,3,2,5,completed,1
50921,Rigid,3309301,3309304,3309358,3,54,57,completed,2
50922,Rigid,3309301,3309304,3309311,3,7,10,completed,2
50923,Rigid,3309301,3309304,3309358,3,54,57,completed,2
50924,Rigid,3309301,3309304,3309311,3,7,10,completed,2
50925,Rigid,3309301,3309304,3309306,3,2,5,completed,1
50926,Rigid,3309301,3309304,3309311,3,7,10,completed,2
50927,Rigid,3309301,3309304,3309311,3,7,10,completed,2
50928,Rigid,3309301,3309304,3309306,3,2,5,completed,1
50929,Rigid,3309301,3309304,3309358,3,54,57,completed,2
50930,Rigid,3309302,3309304,3309358,2,54,56,completed,2
50931,Rigid,3309302,3309304,3309311,2,7,9,completed,2
50932,Rigid,3309302,3309304,3309306,2,2,4,completed,1
50933,Rigid,3309302,3309304,3309311,2,7,9,completed,2
50934,Rigid,3309303,3309304,3309358,1,54,55,completed,2
50935,Rigid,3309303,3309304,3309306,1,2,3,completed,1
50936,Rigid,3309303,3309304,3309311,1,7,8,completed,2
50937,Rigid,3309303,3309304,3309311,1,7,8,completed,2
50938,Rigid,3309303,3309304,3309306,1,2,3,completed,1
50939,Rigid,3309303,3309304,3309311,1,7,8,completed,2
50940,Rigid,3309303,3309304,3309358,1,54,55,completed,2
50941,Rigid,3309303,3309304,3309311,1,7,8,completed,2
50942,Rigid,3309303,3309304,3309358,1,54,55,completed,2
50943,Rigid,3309303,3309304,3309306,1,2,3,completed,1
50944,Rigid,3309304,3309306,3309314,2,8,10,completed,2
50945,Rigid,3309304,3309306,3309314,2,8,10,completed,2
50946,Rigid,3309304,3309306,3309314,2,8,10,completed,2
50947,Rigid,3309304,3309306,3309314,2,8,10,completed,2
50948,Rigid,3309304,3309306,3309358,2,52,54,completed,2
50949,Rigid,3309304,3309306,3309309,2,3,5,completed,1
50950,Rigid,3309304,3309306,3309309,2,3,5,completed,1
50951,Rigid,3309304,3309306,3309314,2,8,10,completed,2
50952,Rigid,3309304,3309306,3309309,2,3,5,completed,1
50953,Rigid,3309304,3309306,3309314,2,8,10,completed,2
50954,Rigid,3309305,3309306,3309314,1,8,9,completed,2
50955,Rigid,3309305,3309306,3309314,1,8,9,completed,2
50956,Rigid,3309305,3309306,3309314,1,8,9,completed,2
50957,Rigid,3309305,3309306,3309314,1,8,9,completed,2
50958,Rigid,3309305,3309306,3309358,1,52,53,completed,2
50959,Rigid,3309305,3309306,3309358,1,52,53,completed,2
50960,Rigid,3309305,3309306,3309314,1,8,9,completed,2
50961,Rigid,3309305,3309306,3309309,1,3,4,completed,1
50962,Rigid,3309305,3309306,3309358,1,52,53,completed,2
50963,Rigid,3309305,3309306,3309314,1,8,9,completed,2
50964,Rigid,3309306,3309306,3309309,0,3,3,completed,1
50965,Rigid,3309306,3309306,3309358,0,52,52,completed,2
50966,Rigid,3309306,3309306,3309358,0,52,52,completed,2
50967,Rigid,3309306,3309306,3309314,0,8,8,completed,2
50968,Rigid,3309306,3309306,3309309,0,3,3,completed,1
50969,Rigid,3309306,3309306,3309314,0,8,8,completed,2
50970,Rigid,3309306,3309306,3309358,0,52,52,completed,2
50971,Rigid,3309307,3309307,3309314,0,7,7,completed,2
50972,Rigid,3309307,3309307,3309314,0,7,7,completed,2
50973,Rigid,3309307,3309307,3309309,0,2,2,completed,1
50974,Rigid,3309307,3309307,3309314,0,7,7,completed,2
50975,Rigid,3309307,3309307,3309358,0,51,51,completed,2
50976,Rigid,3309307,3309307,3309314,0,7,7,completed,2
50977,Rigid,3309307,3309307,3309309,0,2,2,completed,1
50978,Rigid,3309307,3309307,3309314,0,7,7,completed,2
50979,Rigid,3309307,3309307,3309314,0,7,7,completed,2
50980,Rigid,3309308,3309308,3309310,0,2,2,completed,1
50981,Rigid,3309308,3309308,3309315,0,7,7,completed,2
50982,Rigid,3309308,3309308,3309315,0,7,7,completed,2
50983,Rigid,3309308,3309308,3309358,0,50,50,completed,2
50984,Rigid,3309308,3309310,3309320,2,10,12,completed,2
50985,Rigid,3309308,3309310,3309320,2,10,12,completed,2
50986,Rigid,3309308,3309310,3309312,2,2,4,completed,1
50987,Rigid,3309308,3309310,3309319,2,9,11,completed,2
50988,Rigid,3309308,3309310,3309319,2,9,11,completed,2
50989,Rigid,3309308,3309310,3309368,2,58,60,completed,2
50990,Rigid,3309309,3309310,3309312,1,2,3,completed,1
50991,Rigid,3309309,3309310,3309319,1,9,10,completed,2
50992,Rigid,3309309,3309310,3309319,1,9,10,completed,2
50993,Rigid,3309309,3309310,3309319,1,9,10,completed,2
50994,Rigid,3309309,3309310,3309319,1,9,10,completed,2
50995,Rigid,3309319,3309320,3309367,1,47,48,completed,2
50996,Rigid,3309319,3309320,3309367,1,47,48,completed,2
50997,Rigid,3309319,3309320,3309322,1,2,3,completed,1
50998,Rigid,3309319,3309320,3309333,1,13,14,completed,2
50999,Rigid,3309319,3309320,3309367,1,47,48,completed,2
51000,Rigid,3309319,3309320,3309367,1,47,48,completed,2
51001,Rigid,3309319,3309320,3309333,1,13,14,completed,2
51002,Rigid,3309319,3309320,3309322,1,2,3,completed,1
51003,Rigid,3309320,3309321,3309322,1,1,2,completed,1
51004,Rigid,3309320,3309321,3309333,1,12,13,completed,2
51005,Rigid,3309320,3309321,3309367,1,46,47,completed,2
51006,Rigid,3309320,3309321,3309367,1,46,47,completed,2
51007,Rigid,3309320,3309321,3309322,1,1,2,completed,1
51008,Rigid,3309320,3309321,3309322,1,1,2,completed,1
51009,Rigid,3309320,3309321,3309333,1,12,13,completed,2
51010,Rigid,3309320,3309321,3309333,1,12,13,completed,2
51011,Rigid,3309321,3309322,3309333,1,11,12,completed,2
51012,Rigid,3309321,3309322,3309333,1,11,12,completed,2
51013,Rigid,3309321,3309322,3309324,1,2,3,completed,1
51014,Rigid,3309321,3309322,3309333,1,11,12,completed,2
51015,Rigid,3309321,3309322,3309368,1,46,47,completed,2
51016,Rigid,3309321,3309322,3309333,1,11,12,completed,2
51017,Rigid,3309321,3309322,3309333,1,11,12,completed,2
51018,Rigid,3309322,3309323,3309325,1,2,3,completed,1
51019,Rigid,3309322,3309323,3309368,1,45,46,completed,2
51020,Rigid,3309322,3309323,3309333,1,10,11,completed,2
51021,Rigid,3309322,3309323,3309333,1,10,11,completed,2
51022,Rigid,3309322,3309323,3309333,1,10,11,completed,2
51023,Rigid,3309322,3309323,3309325,1,2,3,completed,1
51024,Rigid,3309322,3309323,3309333,1,10,11,completed,2
51025,Rigid,3309322,3309323,3309368,1,45,46,completed,2
51026,Rigid,3309323,3309323,3309332,0,9,9,completed,2
51027,Rigid,3309323,3309323,3309325,0,2,2,completed,1
51028,Rigid,3309323,3309323,3309368,0,45,45,completed,2
51029,Rigid,3309323,3309323,3309332,0,9,9,completed,2
51030,Rigid,3309323,3309323,3309332,0,9,9,completed,2
51031,Rigid,3309323,3309324,3309332,1,8,9,completed,2
51032,Rigid,3309323,3309324,3309325,1,1,2,completed,1
51033,Rigid,3309324,3309324,3309367,0,43,43,completed,2
51034,Rigid,3309324,3309325,3309333,1,8,9,completed,2
51035,Rigid,3309324,3309325,3309333,1,8,9,completed,2
51036,Rigid,3309324,3309325,3309368,1,43,44,completed,2
51037,Rigid,3309324,3309325,3309368,1,43,44,completed,2
51038,Rigid,3309324,3309325,3309332,1,7,8,completed,2
51039,Rigid,3309324,3309325,3309327,1,2,3,completed,1
51040,Rigid,3309324,3309325,3309327,1,2,3,completed,1
51041,Rigid,3309325,3309325,3309332,0,7,7,completed,2
51042,Rigid,3309325,3309325,3309333,0,8,8,completed,2
51043,Rigid,3309325,3309325,3309333,0,8,8,completed,2
51044,Rigid,3309325,3309325,3309327,0,2,2,completed,1
51045,Rigid,3309325,3309327,3309365,2,38,40,completed,2
51046,Rigid,3309325,3309327,3309365,2,38,40,completed,2
51047,Rigid,3309325,3309327,3309329,2,2,4,completed,1
51048,Rigid,3309326,3309327,3309334,1,7,8,completed,2
51049,Rigid,3309326,3309327,3309334,1,7,8,completed,2
51050,Rigid,3309326,3309327,3309365,1,38,39,completed,2
51051,Rigid,3309326,3309327,3309334,1,7,8,completed,2
51052,Rigid,3309326,3309327,3309329,1,2,3,completed,1
51053,Rigid,3309326,3309327,3309334,1,7,8,completed,2
51054,Rigid,3309326,3309327,3309329,1,2,3,completed,1
51055,Rigid,3309326,3309327,3309334,1,7,8,completed,2
51056,Rigid,3309327,3309327,3309365,0,38,38,completed,2
51057,Rigid,3309327,3309327,3309329,0,2,2,completed,1
51058,Rigid,3309327,3309327,3309334,0,7,7,completed,2
51059,Rigid,3309327,3309328,3309367,1,39,40,completed,2
51060,Rigid,3309327,3309328,3309337,1,9,10,completed,2
51061,Rigid,3309327,3309328,3309367,1,39,40,completed,2
51062,Rigid,3309327,3309328,3309329,1,1,2,completed,1
51063,Rigid,3309327,3309328,3309337,1,9,10,completed,2
51064,Rigid,3309327,3309328,3309337,1,9,10,completed,2
51065,Rigid,3309328,3309329,3309330,1,1,2,completed,1
51066,Rigid,3309328,3309329,3309338,1,9,10,completed,2
51067,Rigid,3309328,3309329,3309367,1,38,39,completed,2
51068,Rigid,3309328,3309329,3309338,1,9,10,completed,2
51069,Rigid,3309328,3309329,3309330,1,1,2,completed,1
51070,Rigid,3309328,3309329,3309367,1,38,39,completed,2
51071,Rigid,3309328,3309329,3309338,1,9,10,completed,2
51072,Rigid,3309339,3309339,3309349,0,10,10,completed,2
51073,Rigid,3309339,3309339,3309349,0,10,10,completed,2
51074,Rigid,3309339,3309339,3309349,0,10,10,completed,2
51075,Rigid,3309339,3309339,3309386,0,47,47,completed,2
51076,Rigid,3309339,3309339,3309349,0,10,10,completed,2
51077,Rigid,3309339,3309339,3309349,0,10,10,completed,2
51078,Rigid,3309340,3309343,3309346,3,3,6,completed,1
51079,Rigid,3309340,3309343,3309386,3,43,46,completed,2
51080,Rigid,3309340,3309343,3309354,3,11,14,completed,2
51081,Rigid,3309340,3309343,3309354,3,11,14,completed,2
51082,Rigid,3309340,3309343,3309346,3,3,6,completed,1
51083,Rigid,3309340,3309343,3309386,3,43,46,completed,2
51084,Rigid,3309340,3309343,3309354,3,11,14,completed,2
51085,Rigid,3309340,3309343,3309346,3,3,6,completed,1
51086,Rigid,3309341,3309343,3309354,2,11,13,completed,2
51087,Rigid,3309341,3309343,3309354,2,11,13,completed,2
51088,Rigid,3309341,3309343,3309354,2,11,13,completed,2
51089,Rigid,3309341,3309343,3309355,2,12,14,completed,2
51090,Rigid,3309341,3309343,3309355,2,12,14,completed,2
51091,Rigid,3309341,3309343,3309385,2,42,44,completed,2
51092,Rigid,3309341,3309343,3309346,2,3,5,completed,1
51093,Rigid,3309341,3309343,3309355,2,12,14,completed,2
51094,Rigid,3309342,3309343,3309385,1,42,43,completed,2
51095,Rigid,3309342,3309343,3309346,1,3,4,completed,1
51096,Rigid,3309342,3309343,3309385,1,42,43,completed,2
51097,Rigid,3309342,3309343,3309352,1,9,10,completed,2
51098,Rigid,3309342,3309343,3309352,1,9,10,completed,2
51099,Rigid,3309342,3309343,3309386,1,43,44,completed,2
51100,Rigid,3309342,3309343,3309346,1,3,4,completed,1
51101,Rigid,3309343,3309343,3309346,0,3,3,completed,1
51102,Rigid,3309343,3309343,3309354,0,11,11,completed,2
51103,Rigid,3309343,3309343,3309346,0,3,3,completed,1
51104,Rigid,3309343,3309343,3309354,0,11,11,completed,2
51105,Rigid,3309343,3309347,3309384,4,37,41,completed,2
51106,Rigid,3309343,3309347,3309357,4,10,14,completed,2
51107,Rigid,3309343,3309347,3309349,4,2,6,completed,1
51108,Rigid,3309343,3309347,3309384,4,37,41,completed,2
51109,Rigid,3309344,3309347,3309357,3,10,13,completed,2
51110,Rigid,3309344,3309347,3309349,3,2,5,completed,1
51111,Rigid,3309344,3309347,3309357,3,10,13,completed,2
51112,Rigid,3309344,3309347,3309384,3,37,40,completed,2
51113,Rigid,3309344,3309347,3309357,3,10,13,completed,2
51114,Rigid,3309344,3309347,3309357,3,10,13,completed,2
51115,Rigid,3309344,3309347,3309384,3,37,40,completed,2
51116,Rigid,3309345,3309347,3309357,2,10,12,completed,2
51117,Rigid,3309345,3309347,3309349,2,2,4,completed,1
51118,Rigid,3309345,3309347,3309386,2,39,41,completed,2
51119,Rigid,3309345,3309347,3309349,2,2,4,completed,1
51120,Rigid,3309345,3309347,3309357,2,10,12,completed,2
51121,Rigid,3309345,3309347,3309385,2,38,40,completed,2
51122,Rigid,3309345,3309347,3309349,2,2,4,completed,1
51123,Rigid,3309346,3309347,3309357,1,10,11,completed,2
51124,Rigid,3309346,3309347,3309349,1,2,3,completed,1
51125,Rigid,3309346,3309347,3309357,1,10,11,completed,2
51126,Rigid,3309346,3309347,3309385,1,38,39,completed,2
51127,Rigid,3309348,3309350,3309360,2,10,12,completed,2
51128,Rigid,3309359,3309359,3309361,0,2,2,completed,1
51129,Rigid,3309359,3309359,3309400,0,41,41,completed,2
51130,Rigid,3309359,3309359,3309400,0,41,41,completed,2
51131,Rigid,3309359,3309359,3309372,0,13,13,completed,2
51132,Rigid,3309359,3309359,3309361,0,2,2,completed,1
51133,Rigid,3309359,3309359,3309372,0,13,13,completed,2
51134,Rigid,3309359,3309359,3309361,0,2,2,completed,1
51135,Rigid,3309359,3309359,3309372,0,13,13,completed,2
51136,Rigid,3309360,3309362,3309401,2,39,41,completed,2
51137,Rigid,3309360,3309362,3309371,2,9,11,completed,2
51138,Rigid,3309360,3309362,3309371,2,9,11,completed,2
51139,Rigid,3309360,3309362,3309364,2,2,4,completed,1
51140,Rigid,3309360,3309362,3309364,2,2,4,completed,1
51141,Rigid,3309360,3309362,3309372,2,10,12,completed,2
51142,Rigid,3309360,3309362,3309401,2,39,41,completed,2
51143,Rigid,3309360,3309362,3309401,2,39,41,completed,2
51144,Rigid,3309361,3309362,3309371,1,9,10,completed,2
51145,Rigid,3309361,3309362,3309401,1,39,40,completed,2
51146,Rigid,3309361,3309362,3309371,1,9,10,completed,2
51147,Rigid,3309361,3309362,3309364,1,2,3,completed,1
51148,Rigid,3309361,3309362,3309371,1,9,10,completed,2
51149,Rigid,3309361,3309362,3309371,1,9,10,completed,2
51150,Rigid,3309361,3309362,3309371,1,9,10,completed,2
51151,Rigid,3309362,3309363,3309371,1,8,9,completed,2
51152,Rigid,3309362,3309363,3309371,1,8,9,completed,2
51153,Rigid,3309362,3309363,3309371,1,8,9,completed,2
51154,Rigid,3309362,3309363,3309365,1,2,3,completed,1
51155,Rigid,3309362,3309363,3309402,1,39,40,completed,2
51156,Rigid,3309362,3309363,3309402,1,39,40,completed,2
51157,Rigid,3309362,3309363,3309372,1,9,10,completed,2
51158,Rigid,3309363,3309363,3309372,0,9,9,completed,2
51159,Rigid,3309363,3309363,3309365,0,2,2,completed,1
51160,Rigid,3309363,3309363,3309372,0,9,9,completed,2
51161,Rigid,3309363,3309363,3309372,0,9,9,completed,2
51162,Rigid,3309363,3309363,3309365,0,2,2,completed,1
51163,Rigid,3309363,3309363,3309408,0,45,45,completed,2
51164,Rigid,3309363,3309365,3309374,2,9,11,completed,2
51165,Rigid,3309364,3309365,3309374,1,9,10,completed,2
51166,Rigid,3309364,3309365,3309374,1,9,10,completed,2
51167,Rigid,3309364,3309365,3309367,1,2,3,completed,1
51168,Rigid,3309364,3309365,3309402,1,37,38,completed,2
51169,Rigid,3309365,3309366,3309368,1,2,3,completed,1
51170,Rigid,3309366,3309366,3309379,0,13,13,completed,2
51171,Rigid,3309366,3309366,3309401,0,35,35,completed,2
51172,Rigid,3309366,3309366,3309401,0,35,35,completed,2
51173,Rigid,3309366,3309366,3309368,0,2,2,completed,1
51174,Rigid,3309366,3309366,3309376,0,10,10,completed,2
51175,Rigid,3309366,3309367,3309368,1,1,2,completed,1
51176,Rigid,3309367,3309367,3309375,0,8,8,completed,2
51177,Rigid,3309367,3309367,3309408,0,41,41,completed,2
51178,Rigid,3309367,3309367,3309375,0,8,8,completed,2
51179,Rigid,3309367,3309367,3309376,0,9,9,completed,2
51180,Rigid,3309367,3309367,3309369,0,2,2,completed,1
51181,Rigid,3309367,3309367,3309408,0,41,41,completed,2
51182,Rigid,3309367,3309367,3309375,0,8,8,completed,2
51183,Rigid,3309367,3309368,3309375,1,7,8,completed,2
51184,Rigid,3309367,3309368,3309376,1,8,9,completed,2
51185,Rigid,3309367,3309368,3309375,1,7,8,completed,2
51186,Rigid,3309368,3309368,3309375,0,7,7,completed,2
51187,Rigid,3309368,3309369,3309370,1,1,2,completed,1
51188,Rigid,3309368,3309369,3309402,1,33,34,completed,2
51189,Rigid,3309368,3309369,3309402,1,33,34,completed,2
51190,Rigid,3309368,3309369,3309376,1,7,8,completed,2
51191,Rigid,3309368,3309369,3309370,1,1,2,completed,1
51192,Rigid,3309368,3309369,3309402,1,33,34,completed,2
51193,Rigid,3309368,3309369,3309370,1,1,2,completed,1
51194,Rigid,3309369,3309369,3309376,0,7,7,completed,2
51195,Rigid,3309369,3309369,3309371,0,2,2,completed,1
51196,Rigid,3309379,3309379,3309390,0,11,11,completed,2
51197,Rigid,3309379,3309379,3309390,0,11,11,completed,2
51198,Rigid,3309379,3309379,3309425,0,46,46,completed,2
51199,Rigid,3309379,3309379,3309425,0,46,46,completed,2
51200,Rigid,3309379,3309379,3309382,0,3,3,completed,1
51201,Rigid,3309379,3309379,3309390,0,11,11,completed,2
51202,Rigid,3309379,3309379,3309390,0,11,11,completed,2
51203,Rigid,3309380,3309383,3309392,3,9,12,completed,2
51204,Rigid,3309380,3309383,3309385,3,2,5,completed,1
51205,Rigid,3309380,3309383,3309426,3,43,46,completed,2
51206,Rigid,3309380,3309383,3309425,3,42,45,completed,2
51207,Rigid,3309380,3309383,3309392,3,9,12,completed,2
51208,Rigid,3309380,3309383,3309385,3,2,5,completed,1
51209,Rigid,3309380,3309383,3309392,3,9,12,completed,2
51210,Rigid,3309381,3309383,3309392,2,9,11,completed,2
51211,Rigid,3309381,3309383,3309385,2,2,4,completed,1
51212,Rigid,3309381,3309383,3309425,2,42,44,completed,2
51213,Rigid,3309381,3309383,3309392,2,9,11,completed,2
51214,Rigid,3309381,3309383,3309392,2,9,11,completed,2
51215,Rigid,3309381,3309383,3309392,2,9,11,completed,2
51216,Rigid,3309381,3309383,3309392,2,9,11,completed,2
51217,Rigid,3309381,3309383,3309392,2,9,11,completed,2
51218,Rigid,3309382,3309383,3309392,1,9,10,completed,2
51219,Rigid,3309382,3309383,3309425,1,42,43,completed,2
51220,Rigid,3309382,3309383,3309392,1,9,10,completed,2
51221,Rigid,3309382,3309383,3309385,1,2,3,completed,1
51222,Rigid,3309382,3309383,3309425,1,42,43,completed,2
51223,Rigid,3309382,3309383,3309393,1,10,11,completed,2
51224,Rigid,3309382,3309383,3309393,1,10,11,completed,2
51225,Rigid,3309382,3309383,3309385,1,2,3,completed,1
51226,Rigid,3309382,3309383,3309385,1,2,3,completed,1
51227,Rigid,3309383,3309383,3309393,0,10,10,completed,2
51228,Rigid,3309383,3309383,3309430,0,47,47,completed,2
51229,Rigid,3309383,3309383,3309393,0,10,10,completed,2
51230,Rigid,3309383,3309383,3309385,0,2,2,completed,1
51231,Rigid,3309383,3309383,3309393,0,10,10,completed,2
51232,Rigid,3309383,3309383,3309430,0,47,47,completed,2
51233,Rigid,3309384,3309386,3309397,2,11,13,completed,2
51234,Rigid,3309384,3309386,3309388,2,2,4,completed,1
51235,Rigid,3309384,3309386,3309421,2,35,37,completed,2
51236,Rigid,3309384,3309386,3309421,2,35,37,completed,2
51237,Rigid,3309384,3309386,3309398,2,12,14,completed,2
51238,Rigid,3309384,3309386,3309388,2,2,4,completed,1
51239,Rigid,3309384,3309386,3309421,2,35,37,completed,2
51240,Rigid,3309384,3309386,3309388,2,2,4,completed,1
51241,Rigid,3309384,3309386,3309398,2,12,14,completed,2
51242,Rigid,3309385,3309386,3309421,1,35,36,completed,2
51243,Rigid,3309386,3309386,3309421,0,35,35,completed,2
51244,Rigid,3309386,3309386,3309388,0,2,2,completed,1
51245,Rigid,3309386,3309386,3309398,0,12,12,completed,2
51246,Rigid,3309386,3309386,3309388,0,2,2,completed,1
51247,Rigid,3309386,3309386,3309397,0,11,11,completed,2
51248,Rigid,3309386,3309386,3309397,0,11,11,completed,2
51249,Rigid,3309386,3309386,3309388,0,2,2,completed,1
51250,Rigid,3309387,3309387,3309419,0,32,32,completed,2
51251,Rigid,3309387,3309387,3309397,0,10,10,completed,2
51252,Rigid,3309387,3309387,3309397,0,10,10,completed,2
51253,Rigid,3309387,3309387,3309389,0,2,2,completed,1
51254,Rigid,3309387,3309387,3309419,0,32,32,completed,2
51255,Rigid,3309387,3309387,3309397,0,10,10,completed,2
51256,Rigid,3309388,3309388,3309397,0,9,9,completed,2
51257,Rigid,3309388,3309388,3309389,0,1,1,completed,1
51258,Rigid,3309388,3309388,3309397,0,9,9,completed,2
51259,Rigid,3309388,3309388,3309432,0,44,44,completed,2
51260,Rigid,3309388,3309389,3309436,1,47,48,completed,2
51261,Rigid,3309388,3309389,3309402,1,13,14,completed,2
51262,Rigid,3309388,3309389,3309402,1,13,14,completed,2
51263,Rigid,3309388,3309390,3309391,2,1,3,completed,1
51264,Rigid,3309388,3309389,3309392,1,3,4,completed,1
51265,Rigid,3309388,3309389,3309435,1,46,47,completed,2
51266,Rigid,3309389,3309389,3309398,0,9,9,completed,2
51267,Rigid,3309389,3309389,3309392,0,3,3,completed,1
51268,Rigid,3309389,3309389,3309435,0,46,46,completed,2
51269,Rigid,3309389,3309390,3309398,1,8,9,completed,2
51270,Rigid,3309389,3309390,3309398,1,8,9,completed,2
51271,Rigid,3309389,3309390,3309435,1,45,46,completed,2
51272,Rigid,3309389,3309390,3309398,1,8,9,completed,2
51273,Rigid,3309389,3309390,3309401,1,11,12,completed,2
51274,Rigid,3309389,3309390,3309391,1,1,2,completed,1
51275,Rigid,3309399,3309399,3309402,0,3,3,completed,1
51276,Rigid,3309399,3309399,3309409,0,10,10,completed,2
51277,Rigid,3309399,3309399,3309442,0,43,43,completed,2
51278,Rigid,3309399,3309399,3309409,0,10,10,completed,2
51279,Rigid,3309399,3309399,3309409,0,10,10,completed,2
51280,Rigid,3309399,3309399,3309402,0,3,3,completed,1
51281,Rigid,3309399,3309399,3309409,0,10,10,completed,2
51282,Rigid,3309400,3309401,3309442,1,41,42,completed,2
51283,Rigid,3309400,3309401,3309442,1,41,42,completed,2
51284,Rigid,3309400,3309401,3309410,1,9,10,completed,2
51285,Rigid,3309400,3309401,3309410,1,9,10,completed,2
51286,Rigid,3309400,3309401,3309410,1,9,10,completed,2
51287,Rigid,3309400,3309401,3309404,1,3,4,completed,1
51288,Rigid,3309400,3309401,3309442,1,41,42,completed,2
51289,Rigid,3309401,3309401,3309410,0,9,9,completed,2
51290,Rigid,3309401,3309401,3309410,0,9,9,completed,2
51291,Rigid,3309401,3309401,3309404,0,3,3,completed,1
51292,Rigid,3309401,3309401,3309442,0,41,41,completed,2
51293,Rigid,3309401,3309402,3309404,1,2,3,completed,1
51294,Rigid,3309402,3309403,3309412,1,9,10,completed,2
51295,Rigid,3309402,3309403,3309410,1,7,8,completed,2
51296,Rigid,3309402,3309403,3309404,1,1,2,completed,1
51297,Rigid,3309402,3309403,3309444,1,41,42,completed,2
51298,Rigid,3309402,3309403,3309410,1,7,8,completed,2
51299,Rigid,3309402,3309403,3309412,1,9,10,completed,2
51300,Rigid,3309402,3309403,3309444,1,41,42,completed,2
51301,Rigid,3309402,3309403,3309404,1,1,2,completed,1
51302,Rigid,3309402,3309403,3309410,1,7,8,completed,2
51303,Rigid,3309402,3309403,3309444,1,41,42,completed,2
51304,Rigid,3309403,3309403,3309410,0,7,7,completed,2
51305,Rigid,3309403,3309404,3309406,1,2,3,completed,1
51306,Rigid,3309403,3309404,3309444,1,40,41,completed,2
51307,Rigid,3309404,3309404,3309411,0,7,7,completed,2
51308,Rigid,3309404,3309404,3309411,0,7,7,completed,2
51309,Rigid,3309404,3309404,3309406,0,2,2,completed,1
51310,Rigid,3309404,3309404,3309411,0,7,7,completed,2
51311,Rigid,3309404,3309405,3309444,1,39,40,completed,2
51312,Rigid,3309404,3309405,3309406,1,1,2,completed,1
51313,Rigid,3309404,3309405,3309412,1,7,8,completed,2
51314,Rigid,3309404,3309405,3309412,1,7,8,completed,2
51315,Rigid,3309404,3309405,3309406,1,1,2,completed,1
51316,Rigid,3309404,3309405,3309412,1,7,8,completed,2
51317,Rigid,3309405,3309405,3309444,0,39,39,completed,2
51318,Rigid,3309405,3309405,3309413,0,8,8,completed,2
51319,Rigid,3309405,3309406,3309407,1,1,2,completed,1
51320,Rigid,3309405,3309406,3309417,1,11,12,completed,2
51321,Rigid,3309405,3309406,3309437,1,31,32,completed,2
51322,Rigid,3309405,3309406,3309417,1,11,12,completed,2
51323,Rigid,3309406,3309406,3309417,0,11,11,completed,2
51324,Rigid,3309406,3309406,3309407,0,1,1,completed,1
51325,Rigid,3309406,3309406,3309442,0,36,36,completed,2
51326,Rigid,3309406,3309407,3309416,1,9,10,completed,2
51327,Rigid,3309406,3309407,3309442,1,35,36,completed,2
51328,Rigid,3309406,3309407,3309416,1,9,10,completed,2
51329,Rigid,3309406,3309407,3309409,1,2,3,completed,1
51330,Rigid,3309406,3309407,3309416,1,9,10,completed,2
51331,Rigid,3309406,3309407,3309409,1,2,3,completed,1
51332,Rigid,3309407,3309407,3309416,0,9,9,completed,2
51333,Rigid,3309407,3309407,3309444,0,37,37,completed,2
51334,Rigid,3309407,3309407,3309417,0,10,10,completed,2
51335,Rigid,3309407,3309408,3309444,1,36,37,completed,2
51336,Rigid,3309407,3309408,3309418,1,10,11,completed,2
51337,Rigid,3309407,3309408,3309409,1,1,2,completed,1
51338,Rigid,3309407,3309408,3309419,1,11,12,completed,2
51339,Rigid,3309408,3309408,3309449,0,41,41,completed,2
51340,Rigid,3309408,3309408,3309409,0,1,1,completed,1
51341,Rigid,3309408,3309408,3309418,0,10,10,completed,2
51342,Rigid,3309408,3309409,3309416,1,7,8,completed,2
51343,Rigid,3309408,3309409,3309444,1,35,36,completed,2
51344,Rigid,3309408,3309409,3309416,1,7,8,completed,2
51345,Rigid,3309408,3309409,3309410,1,1,2,completed,1
51346,Rigid,3309409,3309409,3309416,0,7,7,completed,2
51347,Rigid,3309409,3309409,3309416,0,7,7,completed,2
51348,Rigid,3309409,3309409,3309410,0,1,1,completed,1
51349,Rigid,3309409,3309409,3309444,0,35,35,completed,2
51350,Rigid,3309419,3309420,3309427,1,7,8,completed,2
51351,Rigid,3309419,3309420,3309454,1,34,35,completed,2
51352,Rigid,3309419,3309420,3309421,1,1,2,completed,1
51353,Rigid,3309419,3309420,3309428,1,8,9,completed,2
51354,Rigid,3309419,3309420,3309427,1,7,8,completed,2
51355,Rigid,3309420,3309420,3309427,0,7,7,completed,2
51356,Rigid,3309420,3309420,3309421,0,1,1,completed,1
51357,Rigid,3309420,3309421,3309454,1,33,34,completed,2
51358,Rigid,3309420,3309421,3309454,1,33,34,completed,2
51359,Rigid,3309420,3309421,3309427,1,6,7,completed,2
51360,Rigid,3309420,3309421,3309422,1,1,2,completed,1
51361,Rigid,3309420,3309421,3309427,1,6,7,completed,2
51362,Rigid,3309420,3309421,3309427,1,6,7,completed,2
51363,Rigid,3309421,3309421,3309422,0,1,1,completed,1
51364,Rigid,3309421,3309421,3309427,0,6,6,completed,2
51365,Rigid,3309422,3309422,3309456,0,34,34,completed,2
51366,Rigid,3309422,3309423,3309456,1,33,34,completed,2
51367,Rigid,3309422,3309423,3309433,1,10,11,completed,2
51368,Rigid,3309422,3309423,3309433,1,10,11,completed,2
51369,Rigid,3309422,3309423,3309425,1,2,3,completed,1
51370,Rigid,3309600,3309600,3309807,0,207,207,completed,72
51371,Rigid,3309868,3309869,3310397,1,528,529,completed,108
51372,Rigid,3309884,3309885,3311390,1,1505,1506,completed,36
51373,Rigid,3310102,3310102,3310514,0,412,412,completed,288
51374,Rigid,3310533,3310534,3310943,1,409,410,completed,36
51375,Rigid,3310844,3310844,3311658,0,814,814,completed,1440
51376,Rigid,3311290,3311291,3311451,1,160,161,completed,8
51377,Rigid,3311670,3311672,3313155,2,1483,1485,completed,36
51378,Rigid,3311736,3311736,3311772,0,36,36,completed,8
51379,Rigid,3311824,3311824,3311943,0,119,119,completed,8
51380,Rigid,3313525,3313525,3314993,0,1468,1468,completed,36
51381,Rigid,3314320,3314321,3314340,1,19,20,completed,1
51382,Rigid,3314478,3314479,3314542,1,63,64,completed,1
51383,Rigid,3315033,3315034,3317890,1,2856,2857,completed,1
51384,Rigid,3315120,3315121,3322236,1,7115,7116,completed,1
51385,Rigid,3315325,3315326,3321273,1,5947,5948,completed,1
51386,Rigid,3315499,3315500,3321385,1,5885,5886,completed,1
51387,Rigid,3315798,3315798,3317240,0,1442,1442,completed,36
51388,Rigid,3316111,3316114,3316206,3,92,95,completed,144
51389,Rigid,3316438,3316438,3400144,0,83706,83706,completed,144
51390,Rigid,3317663,3317663,3319192,0,1529,1529,completed,36
51391,Rigid,3318784,3318785,3319609,1,824,825,completed,1440
51392,Rigid,3320830,3320830,3321650,0,820,820,completed,1440
51393,Rigid,3322130,3322131,3322157,1,26,27,completed,1
51394,Rigid,3322216,3322217,3322228,1,11,12,completed,1
51395,Rigid,3322634,3322634,3322647,0,13,13,completed,1
51396,Rigid,3322746,3322747,3322758,1,11,12,completed,1
51397,Rigid,3322805,3322806,3322831,1,25,26,completed,1
51398,Rigid,3322986,3322986,3323186,0,200,200,completed,1
51399,Rigid,3323107,3323107,3323183,0,76,76,completed,1
51400,Rigid,3323201,3323202,3326282,1,3080,3081,completed,1
51401,Rigid,3323204,3323206,3325984,2,2778,2780,completed,1
51402,Rigid,3325296,3325296,3326811,0,1515,1515,completed,1
51403,Rigid,3326531,3326531,3326539,0,8,8,completed,1
51404,Rigid,3326555,3326556,3326563,1,7,8,completed,1
51405,Rigid,3326888,3326889,3326898,1,9,10,completed,1
51406,Rigid,3326968,3326969,3329805,1,2836,2837,completed,1
51407,Rigid,3327012,3327012,3330404,0,3392,3392,completed,1
51408,Rigid,3327099,3327099,3330082,0,2983,2983,completed,1
51409,Rigid,3327605,3327605,3329133,0,1528,1528,completed,36
51410,Rigid,3328226,3328227,3328328,1,101,102,completed,10
51411,Rigid,3328348,3328349,3328404,1,55,56,completed,10
51412,Rigid,3328354,3328355,3328407,1,52,53,completed,10
51413,Rigid,3328362,3328363,3328412,1,49,50,completed,10
51414,Rigid,3328454,3328455,3328497,1,42,43,completed,10
51415,Rigid,3328462,3328463,3328666,1,203,204,completed,10
51416,Rigid,3328473,3328475,3328523,2,48,50,completed,10
51417,Rigid,3328481,3328481,3328759,0,278,278,completed,10
51418,Rigid,3328488,3328489,3328731,1,242,243,completed,10
51419,Rigid,3328503,3328504,3328710,1,206,207,completed,10
51420,Rigid,3328510,3328511,3328692,1,181,182,completed,10
51421,Rigid,3328517,3328518,3328767,1,249,250,completed,10
51422,Rigid,3328830,3328831,3328849,1,18,19,completed,1
51423,Rigid,3328977,3328978,3329009,1,31,32,completed,1
51424,Rigid,3329027,3329028,3329041,1,13,14,completed,1
51425,Rigid,3329228,3329228,3329239,0,11,11,completed,1
51426,Rigid,3329275,3329275,3329360,0,85,85,completed,1
51427,Rigid,3330124,3330124,3330136,0,12,12,completed,1
51428,Rigid,3330289,3330289,3331496,0,1207,1207,completed,1
51429,Rigid,3330626,3330627,3330816,1,189,190,completed,10
51430,Rigid,3330818,3330819,3331013,1,194,195,completed,10
51431,Rigid,3330935,3330935,3331129,0,194,194,completed,10
51432,Rigid,3331643,3331643,3367654,0,36011,36011,completed,36
51433,Rigid,3331884,3331884,3333369,0,1485,1485,completed,1
51434,Rigid,3332252,3332255,3332317,3,62,65,completed,1
51435,Rigid,3332316,3332316,3332532,0,216,216,completed,10
51436,Rigid,3332438,3332438,3332692,0,254,254,completed,10
51437,Rigid,3332455,3332455,3332528,0,73,73,completed,10
51438,Rigid,3332901,3332902,3334511,1,1609,1610,completed,36
51439,Rigid,3333069,3333069,3334659,0,1590,1590,completed,36
51440,Rigid,3333149,3333149,3334744,0,1595,1595,completed,36
51441,Rigid,3333854,3333854,3333890,0,36,36,completed,1
51442,Rigid,3334154,3334155,3564155,1,230000,230001,completed,1
51443,Rigid,3334551,3334551,3334659,0,108,108,completed,1
51444,Rigid,3334649,3334649,3334709,0,60,60,completed,1
51445,Rigid,3334657,3334657,3334824,0,167,167,completed,1
51446,Rigid,3334664,3334665,3334917,1,252,253,completed,1
51447,Rigid,3335035,3335035,3335252,0,217,217,completed,1
51448,Rigid,3335187,3335188,3335410,1,222,223,completed,10
51449,Rigid,3335198,3335198,3335451,0,253,253,completed,10
51450,Rigid,3335204,3335205,3335439,1,234,235,completed,10
51451,Rigid,3335213,3335213,3335390,0,177,177,completed,10
51452,Rigid,3335905,3335905,3564155,0,228250,228250,completed,1
51453,Rigid,3335905,3335905,3564155,0,228250,228250,completed,1
51454,Rigid,3335905,3335905,3564155,0,228250,228250,completed,1
51455,Rigid,3335905,3335906,3564155,1,228249,228250,completed,1
51456,Rigid,3335905,3335906,3564155,1,228249,228250,completed,1
51457,Rigid,3335905,3335906,3564155,1,228249,228250,completed,1
51458,Rigid,3335905,3335906,3564155,1,228249,228250,completed,1
51459,Rigid,3335905,3335906,3564155,1,228249,228250,completed,1
51460,Rigid,3335905,3335906,3564155,1,228249,228250,completed,1
51461,Rigid,3335905,3335906,3564155,1,228249,228250,completed,1
51462,Rigid,3335905,3335906,3564155,1,228249,228250,completed,1
51463,Rigid,3335905,3335906,3564155,1,228249,228250,completed,1
51464,Rigid,3335905,3335906,3564155,1,228249,228250,completed,1
51465,Rigid,3335905,3335906,3564155,1,228249,228250,completed,1
51466,Rigid,3335905,3335906,3564155,1,228249,228250,completed,1
51467,Rigid,3335905,3335906,3564155,1,228249,228250,completed,1
51468,Rigid,3335905,3335906,3564155,1,228249,228250,completed,1
51469,Rigid,3335905,3335906,3564155,1,228249,228250,completed,1
51470,Rigid,3335905,3335906,3564155,1,228249,228250,completed,1
51471,Rigid,3335905,3335906,3564155,1,228249,228250,completed,1
51472,Rigid,3335905,3335906,3564155,1,228249,228250,completed,1
51473,Rigid,3335905,3335906,3564155,1,228249,228250,completed,1
51474,Rigid,3335905,3335906,3564155,1,228249,228250,completed,1
51475,Rigid,3335905,3335906,3564155,1,228249,228250,completed,1
51476,Rigid,3335905,3335906,3564155,1,228249,228250,completed,1
51477,Rigid,3335905,3335906,3564155,1,228249,228250,completed,1
51478,Rigid,3335905,3335906,3564155,1,228249,228250,completed,1
51479,Rigid,3335905,3335906,3564155,1,228249,228250,completed,1
51480,Rigid,3335905,3335906,3564155,1,228249,228250,completed,1
51481,Rigid,3335905,3335906,3564155,1,228249,228250,completed,1
51482,Rigid,3335905,3335906,3564155,1,228249,228250,completed,1
51483,Rigid,3335905,3335906,3564155,1,228249,228250,completed,1
51484,Rigid,3335905,3335906,3564155,1,228249,228250,completed,1
51485,Rigid,3335905,3335906,3564155,1,228249,228250,completed,1
51486,Rigid,3335905,3335906,3564155,1,228249,228250,completed,1
51487,Rigid,3335905,3335906,3564155,1,228249,228250,completed,1
51488,Rigid,3335905,3335906,3564155,1,228249,228250,completed,1
51489,Rigid,3335905,3335906,3564155,1,228249,228250,completed,1
51490,Rigid,3335905,3335906,3564155,1,228249,228250,completed,1
51491,Rigid,3335905,3335906,3564155,1,228249,228250,completed,1
51492,Rigid,3335905,3335906,3564155,1,228249,228250,completed,1
51493,Rigid,3335905,3335906,3564155,1,228249,228250,completed,1
51494,Rigid,3335905,3335906,3564155,1,228249,228250,completed,1
51495,Rigid,3335905,3335906,3564155,1,228249,228250,completed,1
51496,Rigid,3335905,3335906,3564155,1,228249,228250,completed,1
51497,Rigid,3335905,3335906,3564155,1,228249,228250,completed,1
51498,Rigid,3335905,3335906,3564155,1,228249,228250,completed,1
51499,Rigid,3335905,3335906,3564155,1,228249,228250,completed,1
51500,Rigid,3335905,3335906,3564155,1,228249,228250,completed,1
51501,Rigid,3335905,3335906,3564155,1,228249,228250,completed,1
51502,Rigid,3337067,3337068,3337103,1,35,36,completed,1
51503,Rigid,3337748,3337748,3337892,0,144,144,completed,1
51504,Rigid,3338003,3338003,3338140,0,137,137,completed,1
51505,Rigid,3338154,3338154,3338275,0,121,121,completed,1
51506,Rigid,3338327,3338327,3338373,0,46,46,completed,1
51507,Rigid,3354106,3354107,3354109,1,2,3,completed,1
51508,Rigid,3354106,3354107,3354117,1,10,11,completed,1
51509,Rigid,3354107,3354107,3354117,0,10,10,completed,1
51510,Rigid,3354107,3354107,3354117,0,10,10,completed,1
51511,Rigid,3354107,3354107,3354116,0,9,9,completed,1
51512,Rigid,3354116,3354117,3357353,1,3236,3237,completed,1
51513,Rigid,3354116,3354117,3357435,1,3318,3319,completed,1
51514,Rigid,3354116,3354117,3357445,1,3328,3329,completed,1
51515,Rigid,3354116,3354117,3357406,1,3289,3290,completed,1
51516,Rigid,3354116,3354117,3357404,1,3287,3288,completed,1
51517,Rigid,3354116,3354117,3357401,1,3284,3285,completed,1
51518,Rigid,3354116,3354117,3357430,1,3313,3314,completed,1
51519,Rigid,3354116,3354117,3357342,1,3225,3226,completed,1
51520,Rigid,3357088,3357088,3364577,0,7489,7489,completed,288
51521,Rigid,3357500,3357501,3357507,1,6,7,completed,1
51522,Rigid,3357503,3357505,3357544,2,39,41,completed,1
51523,Rigid,3357511,3357512,3357528,1,16,17,completed,1
51524,Rigid,3357511,3357512,3357521,1,9,10,completed,1
51525,Rigid,3357521,3357522,3357528,1,6,7,completed,1
51526,Rigid,3357716,3357717,3370300,1,12583,12584,completed,288
51527,Rigid,3376908,3376909,3384054,1,7145,7146,completed,18
51528,Rigid,3376908,3376909,3384188,1,7279,7280,completed,18
51529,Rigid,3376908,3376909,3384048,1,7139,7140,completed,18
51530,Rigid,3376908,3376909,3384102,1,7193,7194,completed,18
51531,Rigid,3380270,3381722,3381803,1452,81,1533,completed,1
51532,Rigid,3380294,3381793,3381841,1499,48,1547,completed,1
51533,Rigid,3380315,3382278,3382325,1963,47,2010,completed,1
51534,Rigid,3380321,3382658,3382707,2337,49,2386,completed,1
51535,Rigid,3380326,3382959,3383008,2633,49,2682,completed,1
51536,Rigid,3380366,3383895,3383946,3529,51,3580,completed,1
51537,Rigid,3380372,3383923,3383975,3551,52,3603,completed,1
51538,Rigid,3380377,3383988,3384038,3611,50,3661,completed,1
51539,Rigid,3380382,3383939,3383989,3557,50,3607,completed,1
51540,Rigid,3380387,3384032,3384081,3645,49,3694,completed,1
51541,Rigid,3384406,3384406,3384461,0,55,55,completed,1
51542,Rigid,3384406,3384406,3384408,0,2,2,completed,1
51543,Rigid,3384406,3384406,3384417,0,11,11,completed,1
51544,Rigid,3384407,3384410,3384412,3,2,5,completed,1
51545,Rigid,3384407,3384410,3384414,3,4,7,completed,1
51546,Rigid,3384542,3384543,3384767,1,224,225,completed,1
51547,Rigid,3384542,3384543,3384771,1,228,229,completed,1
51548,Rigid,3384542,3384543,3384677,1,134,135,completed,1
51549,Rigid,3384542,3384543,3384659,1,116,117,completed,1
51550,Rigid,3384542,3384543,3384596,1,53,54,completed,1
51551,Rigid,3384542,3384543,3384703,1,160,161,completed,1
51552,Rigid,3384543,3384543,3384569,0,26,26,completed,1
51553,Rigid,3384543,3384547,3384723,4,176,180,completed,1
51554,Rigid,3384543,3384547,3384740,4,193,197,completed,1
51555,Rigid,3384543,3384547,3384655,4,108,112,completed,1
51556,Rigid,3384543,3384547,3384781,4,234,238,completed,1
51557,Rigid,3384543,3384547,3384792,4,245,249,completed,1
51558,Rigid,3384543,3384547,3384687,4,140,144,completed,1
51559,Rigid,3384544,3384547,3384585,3,38,41,completed,1
51560,Rigid,3384544,3384547,3384743,3,196,199,completed,1
51561,Rigid,3384544,3384547,3384763,3,216,219,completed,1
51562,Rigid,3384544,3384547,3384737,3,190,193,completed,1
51563,Rigid,3384545,3384547,3384737,2,190,192,completed,1
51564,Rigid,3384545,3384547,3384609,2,62,64,completed,1
51565,Rigid,3384545,3384547,3384685,2,138,140,completed,1
51566,Rigid,3384545,3384547,3384630,2,83,85,completed,1
51567,Rigid,3384545,3384547,3384696,2,149,151,completed,1
51568,Rigid,3384545,3384547,3384721,2,174,176,completed,1
51569,Rigid,3384545,3384547,3384700,2,153,155,completed,1
51570,Rigid,3384546,3384547,3384763,1,216,217,completed,1
51571,Rigid,3384546,3384547,3384670,1,123,124,completed,1
51572,Rigid,3384546,3384547,3384753,1,206,207,completed,1
51573,Rigid,3384546,3384547,3384722,1,175,176,completed,1
51574,Rigid,3384546,3384547,3384760,1,213,214,completed,1
51575,Rigid,3384546,3384547,3384623,1,76,77,completed,1
51576,Rigid,3384547,3384547,3384766,0,219,219,completed,1
51577,Rigid,3384547,3384547,3384693,0,146,146,completed,1
51578,Rigid,3384547,3384551,3384710,4,159,163,completed,1
51579,Rigid,3384547,3384551,3384750,4,199,203,completed,1
51580,Rigid,3384548,3384551,3384641,3,90,93,completed,1
51581,Rigid,3384548,3384551,3384772,3,221,224,completed,1
51582,Rigid,3384548,3384551,3384643,3,92,95,completed,1
51583,Rigid,3384548,3384551,3384619,3,68,71,completed,1
51584,Rigid,3384548,3384551,3384781,3,230,233,completed,1
51585,Rigid,3384548,3384551,3384796,3,245,248,completed,1
51586,Rigid,3384548,3384551,3384786,3,235,238,completed,1
51587,Rigid,3384548,3384551,3384743,3,192,195,completed,1
51588,Rigid,3384549,3384551,3384709,2,158,160,completed,1
51589,Rigid,3384549,3384551,3384802,2,251,253,completed,1
51590,Rigid,3384549,3384551,3384677,2,126,128,completed,1
51591,Rigid,3384549,3384551,3384794,2,243,245,completed,1
51592,Rigid,3384550,3384551,3384603,1,52,53,completed,1
51593,Rigid,3384550,3384551,3384751,1,200,201,completed,1
51594,Rigid,3384550,3384551,3384795,1,244,245,completed,1
51595,Rigid,3384550,3384551,3384687,1,136,137,completed,1
51596,Rigid,3384551,3384551,3384646,0,95,95,completed,1
51597,Rigid,3384551,3384551,3384718,0,167,167,completed,1
51598,Rigid,3384551,3384551,3384763,0,212,212,completed,1
51599,Rigid,3384551,3384551,3384750,0,199,199,completed,1
51600,Rigid,3384551,3384551,3384731,0,180,180,completed,1
51601,Rigid,3384551,3384555,3384666,4,111,115,completed,1
51602,Rigid,3384551,3384555,3384589,4,34,38,completed,1
51603,Rigid,3384552,3384555,3384732,3,177,180,completed,1
51604,Rigid,3384552,3384555,3384732,3,177,180,completed,1
51605,Rigid,3384552,3384555,3384704,3,149,152,completed,1
51606,Rigid,3384552,3384555,3384723,3,168,171,completed,1
51607,Rigid,3384552,3384555,3384716,3,161,164,completed,1
51608,Rigid,3384552,3384555,3384740,3,185,188,completed,1
51609,Rigid,3384552,3384555,3384728,3,173,176,completed,1
51610,Rigid,3384552,3384555,3384689,3,134,137,completed,1
51611,Rigid,3384552,3384555,3384723,3,168,171,completed,1
51612,Rigid,3384553,3384555,3384576,2,21,23,completed,1
51613,Rigid,3384553,3384555,3384737,2,182,184,completed,1
51614,Rigid,3384553,3384555,3384755,2,200,202,completed,1
51615,Rigid,3384553,3384555,3384729,2,174,176,completed,1
51616,Rigid,3384553,3384555,3384717,2,162,164,completed,1
51617,Rigid,3384553,3384555,3384626,2,71,73,completed,1
51618,Rigid,3384553,3384555,3384647,2,92,94,completed,1
51619,Rigid,3384553,3384555,3384729,2,174,176,completed,1
51620,Rigid,3384553,3384555,3384684,2,129,131,completed,1
51621,Rigid,3384553,3384555,3384667,2,112,114,completed,1
51622,Rigid,3384554,3384555,3384699,1,144,145,completed,1
51623,Rigid,3384554,3384555,3384593,1,38,39,completed,1
51624,Rigid,3384554,3384555,3384611,1,56,57,completed,1
51625,Rigid,3384554,3384555,3384694,1,139,140,completed,1
51626,Rigid,3384554,3384555,3384686,1,131,132,completed,1
51627,Rigid,3384554,3384555,3384677,1,122,123,completed,1
51628,Rigid,3384554,3384555,3384685,1,130,131,completed,1
51629,Rigid,3384554,3384555,3384583,1,28,29,completed,1
51630,Rigid,3384554,3384555,3384572,1,17,18,completed,1
51631,Rigid,3384554,3384555,3384726,1,171,172,completed,1
51632,Rigid,3384555,3384555,3384670,0,115,115,completed,1
51633,Rigid,3384555,3384555,3384731,0,176,176,completed,1
51634,Rigid,3384555,3384555,3384728,0,173,173,completed,1
51635,Rigid,3384555,3384555,3384725,0,170,170,completed,1
51636,Rigid,3384555,3384555,3384711,0,156,156,completed,1
51637,Rigid,3384555,3384559,3384663,4,104,108,completed,1
51638,Rigid,3384555,3384559,3384708,4,149,153,completed,1
51639,Rigid,3384555,3384559,3384719,4,160,164,completed,1
51640,Rigid,3384555,3384559,3384726,4,167,171,completed,1
51641,Rigid,3384555,3384559,3384653,4,94,98,completed,1
51642,Rigid,3384556,3384559,3384658,3,99,102,completed,1
51643,Rigid,3384556,3384559,3384610,3,51,54,completed,1
51644,Rigid,3384556,3384559,3384720,3,161,164,completed,1
51645,Rigid,3384556,3384559,3384677,3,118,121,completed,1
51646,Rigid,3384571,3384572,3384743,1,171,172,completed,1
51647,Rigid,3384587,3384588,3384662,1,74,75,completed,1
51648,Rigid,3384588,3384590,3384697,2,107,109,completed,1
51649,Rigid,3384589,3384590,3384767,1,177,178,completed,1
51650,Rigid,3384591,3384592,3384714,1,122,123,completed,1
51651,Rigid,3384607,3384607,3384657,0,50,50,completed,1
51652,Rigid,3384609,3384610,3384760,1,150,151,completed,1
51653,Rigid,3384611,3384611,3384766,0,155,155,completed,1
51654,Rigid,3384612,3384613,3384721,1,108,109,completed,1
51655,Rigid,3384613,3384613,3384638,0,25,25,completed,1
51656,Rigid,3384616,3384619,3384718,3,99,102,completed,1
51657,Rigid,3384629,3384629,3384767,0,138,138,completed,1
51658,Rigid,3384630,3384631,3384771,1,140,141,completed,1
51659,Rigid,3384633,3384633,3384717,0,84,84,completed,1
51660,Rigid,3384634,3384637,3384685,3,48,51,completed,1
51661,Rigid,3384635,3384637,3384705,2,68,70,completed,1
51662,Rigid,3384647,3384647,3384769,0,122,122,completed,1
51663,Rigid,3384649,3384651,3384776,2,125,127,completed,1
51664,Rigid,3384655,3384655,3384745,0,90,90,completed,1
51665,Rigid,3384655,3384655,3384734,0,79,79,completed,1
51666,Rigid,3384656,3384656,3384757,0,101,101,completed,1
51667,Rigid,3384667,3384667,3384779,0,112,112,completed,1
51668,Rigid,3384668,3384668,3384777,0,109,109,completed,1
51669,Rigid,3384670,3384671,3384760,1,89,90,completed,1
51670,Rigid,3384671,3384678,3384740,7,62,69,completed,1
51671,Rigid,3384671,3384678,3384738,7,60,67,completed,1
51672,Rigid,3384672,3384678,3384691,6,13,19,completed,1
51673,Rigid,3384677,3384678,3384729,1,51,52,completed,1
51674,Rigid,3384677,3384678,3384713,1,35,36,completed,1
51675,Rigid,3384677,3384678,3384736,1,58,59,completed,1
51676,Rigid,3384678,3384678,3384798,0,120,120,completed,1
51677,Rigid,3384679,3384682,3384773,3,91,94,completed,1
51678,Rigid,3384680,3384682,3384717,2,35,37,completed,1
51679,Rigid,3384681,3384682,3384703,1,21,22,completed,1
51680,Rigid,3384691,3384692,3384775,1,83,84,completed,1
51681,Rigid,3384692,3384693,3384764,1,71,72,completed,1
51682,Rigid,3384694,3384695,3386457,1,1762,1763,completed,2
51683,Rigid,3384695,3384695,3390335,0,5640,5640,completed,1
51684,Rigid,3384695,3384695,3386185,0,1490,1490,completed,2
51685,Rigid,3384695,3384695,3386356,0,1661,1661,completed,2
51686,Rigid,3384695,3384695,3386206,0,1511,1511,completed,2
51687,Rigid,3384695,3384697,3386296,2,1599,1601,completed,2
51688,Rigid,3384697,3384697,3386420,0,1723,1723,completed,2
51689,Rigid,3384697,3384698,3390487,1,5789,5790,completed,1
51690,Rigid,3384698,3384698,3386420,0,1722,1722,completed,2
51691,Rigid,3384698,3384698,3390537,0,5839,5839,completed,1
51692,Rigid,3384699,3384700,3386334,1,1634,1635,completed,2
51693,Rigid,3384700,3384700,3386185,0,1485,1485,completed,2
51694,Rigid,3384713,3384713,3386359,0,1646,1646,completed,2
51695,Rigid,3384714,3384716,3390377,2,5661,5663,completed,1
51696,Rigid,3384714,3384716,3386420,2,1704,1706,completed,2
51697,Rigid,3384715,3384716,3386159,1,1443,1444,completed,2
51698,Rigid,3384716,3384717,3385727,1,1010,1011,completed,2
51699,Rigid,3384716,3384717,3388547,1,3830,3831,completed,1
51700,Rigid,3384717,3384717,3386084,0,1367,1367,completed,2
51701,Rigid,3384717,3384717,3386067,0,1350,1350,completed,2
51702,Rigid,3384718,3384718,3388459,0,3741,3741,completed,1
51703,Rigid,3384719,3384720,3385700,1,980,981,completed,2
51704,Rigid,3384719,3384719,3385707,0,988,988,completed,2
51705,Rigid,3384720,3384720,3386079,0,1359,1359,completed,2
51706,Rigid,3384720,3384720,3388483,0,3763,3763,completed,1
51707,Rigid,3384734,3384734,3385690,0,956,956,completed,2
51708,Rigid,3384734,3384736,3388513,2,3777,3779,completed,1
51709,Rigid,3384735,3384736,3386086,1,1350,1351,completed,2
51710,Rigid,3384735,3384736,3388324,1,3588,3589,completed,1
51711,Rigid,3384735,3384736,3386059,1,1323,1324,completed,2
51712,Rigid,3384735,3384736,3385649,1,913,914,completed,2
51713,Rigid,3384736,3384737,3386044,1,1307,1308,completed,2
51714,Rigid,3384736,3384737,3388315,1,3578,3579,completed,1
51715,Rigid,3384736,3384737,3385635,1,898,899,completed,2
51716,Rigid,3384736,3384737,3388317,1,3580,3581,completed,1
51717,Rigid,3384736,3384737,3385640,1,903,904,completed,2
51718,Rigid,3384736,3384737,3388318,1,3581,3582,completed,1
51719,Rigid,3384737,3384737,3386064,0,1327,1327,completed,2
51720,Rigid,3384737,3384738,3386045,1,1307,1308,completed,2
51721,Rigid,3384737,3384738,3386053,1,1315,1316,completed,2
51722,Rigid,3384737,3384738,3385637,1,899,900,completed,2
51723,Rigid,3384738,3384738,3386047,0,1309,1309,completed,2
51724,Rigid,3384738,3384738,3388282,0,3544,3544,completed,1
51725,Rigid,3384738,3384738,3388254,0,3516,3516,completed,1
51726,Rigid,3384738,3384738,3388228,0,3490,3490,completed,1
51727,Rigid,3384738,3384738,3385600,0,862,862,completed,2
51728,Rigid,3384738,3384738,3385637,0,899,899,completed,2
51729,Rigid,3384738,3384738,3386044,0,1306,1306,completed,2
51730,Rigid,3384738,3384739,3385635,1,896,897,completed,2
51731,Rigid,3384738,3384739,3385586,1,847,848,completed,2
51732,Rigid,3384738,3384739,3388233,1,3494,3495,completed,1
51733,Rigid,3384739,3384740,3386053,1,1313,1314,completed,2
51734,Rigid,3384740,3384741,3385565,1,824,825,completed,2
51735,Rigid,3384756,3384757,3385620,1,863,864,completed,2
51736,Rigid,3384756,3384757,3388217,1,3460,3461,completed,1
51737,Rigid,3384756,3384757,3386048,1,1291,1292,completed,2
51738,Rigid,3384757,3384757,3385591,0,834,834,completed,2
51739,Rigid,3384757,3384757,3385568,0,811,811,completed,2
51740,Rigid,3384758,3384761,3388178,3,3417,3420,completed,1
51741,Rigid,3384758,3384761,3386074,3,1313,1316,completed,2
51742,Rigid,3384758,3384761,3386044,3,1283,1286,completed,2
51743,Rigid,3384758,3384761,3387956,3,3195,3198,completed,1
51744,Rigid,3384758,3384761,3385616,3,855,858,completed,2
51745,Rigid,3384759,3384761,3385540,2,779,781,completed,2
51746,Rigid,3384759,3384761,3385604,2,843,845,completed,2
51747,Rigid,3384759,3384761,3386044,2,1283,1285,completed,2
51748,Rigid,3384760,3384761,3387968,1,3207,3208,completed,1
51749,Rigid,3384760,3384761,3385619,1,858,859,completed,2
51750,Rigid,3384760,3384761,3385570,1,809,810,completed,2
51751,Rigid,3384760,3384761,3385540,1,779,780,completed,2
51752,Rigid,3384776,3384777,3386061,1,1284,1285,completed,2
51753,Rigid,3384776,3384777,3388062,1,3285,3286,completed,1
51754,Rigid,3384777,3384778,3385537,1,759,760,completed,2
51755,Rigid,3384777,3384778,3385518,1,740,741,completed,2
51756,Rigid,3384778,3384781,3385596,3,815,818,completed,2
51757,Rigid,3384778,3384780,3388050,2,3270,3272,completed,1
51758,Rigid,3384778,3384780,3386058,2,1278,1280,completed,2
51759,Rigid,3384779,3384780,3388048,1,3268,3269,completed,1
51760,Rigid,3384779,3384780,3385604,1,824,825,completed,2
51761,Rigid,3384779,3384780,3386058,1,1278,1279,completed,2
51762,Rigid,3384779,3384780,3385644,1,864,865,completed,2
51763,Rigid,3384779,3384780,3386057,1,1277,1278,completed,2
51764,Rigid,3384779,3384780,3388092,1,3312,3313,completed,1
51765,Rigid,3384779,3384780,3385533,1,753,754,completed,2
51766,Rigid,3384779,3384780,3386044,1,1264,1265,completed,2
51767,Rigid,3384779,3384780,3388014,1,3234,3235,completed,1
51768,Rigid,3384779,3384780,3385622,1,842,843,completed,2
51769,Rigid,3384780,3384781,3386045,1,1264,1265,completed,2
51770,Rigid,3384780,3384781,3385570,1,789,790,completed,2
51771,Rigid,3384780,3384781,3388045,1,3264,3265,completed,1
51772,Rigid,3384799,3384800,3385547,1,747,748,completed,2
51773,Rigid,3384799,3384800,3386081,1,1281,1282,completed,2
51774,Rigid,3384799,3384800,3385615,1,815,816,completed,2
51775,Rigid,3384800,3384800,3388010,0,3210,3210,completed,1
51776,Rigid,3384800,3384800,3387986,0,3186,3186,completed,1
51777,Rigid,3384800,3384803,3386069,3,1266,1269,completed,2
51778,Rigid,3384800,3384803,3385586,3,783,786,completed,2
51779,Rigid,3384800,3384803,3388134,3,3331,3334,completed,1
51780,Rigid,3384800,3384803,3386069,3,1266,1269,completed,2
51781,Rigid,3384820,3384821,3385635,1,814,815,completed,2
51782,Rigid,3385330,3385331,3482653,1,97322,97323,completed,288
51783,Rigid,3385538,3385538,3386358,0,820,820,completed,2
51784,Rigid,3385539,3385541,3386867,2,1326,1328,completed,2
51785,Rigid,3385546,3385546,3388463,0,2917,2917,completed,1
51786,Rigid,3385557,3385557,3388728,0,3171,3171,completed,1
51787,Rigid,3385558,3385561,3386867,3,1306,1309,completed,2
51788,Rigid,3385560,3385561,3386387,1,826,827,completed,2
51789,Rigid,3385566,3385566,3386371,0,805,805,completed,2
51790,Rigid,3385579,3385579,3386870,0,1291,1291,completed,2
51791,Rigid,3385580,3385583,3388722,3,3139,3142,completed,1
51792,Rigid,3385586,3385588,3386401,2,813,815,completed,2
51793,Rigid,3385598,3385598,3388780,0,3182,3182,completed,1
51794,Rigid,3385598,3385598,3386863,0,1265,1265,completed,2
51795,Rigid,3385600,3385602,3386364,2,762,764,completed,2
51796,Rigid,3385603,3385606,3386401,3,795,798,completed,2
51797,Rigid,3385603,3385606,3388737,3,3131,3134,completed,1
51798,Rigid,3385618,3385618,3386911,0,1293,1293,completed,2
51799,Rigid,3385619,3385620,3386401,1,781,782,completed,2
51800,Rigid,3385620,3385620,3388805,0,3185,3185,completed,1
51801,Rigid,3385620,3385620,3386353,0,733,733,completed,2
51802,Rigid,3385620,3385620,3386854,0,1234,1234,completed,2
51803,Rigid,3385626,3385626,3386368,0,742,742,completed,2
51804,Rigid,3385640,3385640,3388815,0,3175,3175,completed,1
51805,Rigid,3385642,3385644,3386916,2,1272,1274,completed,2
51806,Rigid,3385642,3385644,3386423,2,779,781,completed,2
51807,Rigid,3385642,3385644,3386451,2,807,809,completed,2
51808,Rigid,3385643,3385644,3386922,1,1278,1279,completed,2
51809,Rigid,3385643,3385644,3388760,1,3116,3117,completed,1
51810,Rigid,3385646,3385648,3386415,2,767,769,completed,2
51811,Rigid,3385660,3385660,3386911,0,1251,1251,completed,2
51812,Rigid,3385662,3385664,3388786,2,3122,3124,completed,1
51813,Rigid,3385701,3385701,3386501,0,800,800,completed,2
51814,Rigid,3385704,3385705,3386458,1,753,754,completed,2
51815,Rigid,3385724,3385724,3386464,0,740,740,completed,2
51816,Rigid,3385744,3385744,3388831,0,3087,3087,completed,1
51817,Rigid,3386045,3386045,3387331,0,1286,1286,completed,2
51818,Rigid,3386062,3386062,3386857,0,795,795,completed,2
51819,Rigid,3386062,3386062,3389145,0,3083,3083,completed,1
51820,Rigid,3386062,3386062,3387335,0,1273,1273,completed,2
51821,Rigid,3386063,3386066,3386866,3,800,803,completed,2
51822,Rigid,3386063,3386066,3387327,3,1261,1264,completed,2
51823,Rigid,3386063,3386066,3386774,3,708,711,completed,2
51824,Rigid,3386063,3386066,3389116,3,3050,3053,completed,1
51825,Rigid,3386063,3386066,3386835,3,769,772,completed,2
51826,Rigid,3386064,3386066,3386796,2,730,732,completed,2
51827,Rigid,3386064,3386066,3386835,2,769,771,completed,2
51828,Rigid,3386064,3386066,3389063,2,2997,2999,completed,1
51829,Rigid,3386065,3386066,3387353,1,1287,1288,completed,2
51830,Rigid,3386065,3386066,3387328,1,1262,1263,completed,2
51831,Rigid,3386065,3386066,3389098,1,3032,3033,completed,1
51832,Rigid,3386065,3386066,3386815,1,749,750,completed,2
51833,Rigid,3386065,3386066,3386771,1,705,706,completed,2
51834,Rigid,3386083,3386083,3386839,0,756,756,completed,2
51835,Rigid,3386083,3386083,3389181,0,3098,3098,completed,1
51836,Rigid,3386084,3386085,3387327,1,1242,1243,completed,2
51837,Rigid,3386086,3386087,3387332,1,1245,1246,completed,2
51838,Rigid,3386086,3386087,3389059,1,2972,2973,completed,1
51839,Rigid,3386086,3386087,3386854,1,767,768,completed,2
51840,Rigid,3386088,3386091,3386825,3,734,737,completed,2
51841,Rigid,3386105,3386105,3387380,0,1275,1275,completed,2
51842,Rigid,3386166,3386166,3389111,0,2945,2945,completed,1
51843,Rigid,3386187,3386187,3386899,0,712,712,completed,2
51844,Rigid,3386188,3386191,3387425,3,1234,1237,completed,2
51845,Rigid,3386207,3386207,3389125,0,2918,2918,completed,1
51846,Rigid,3386310,3386310,3387059,0,749,749,completed,2
51847,Rigid,3386353,3386353,3389255,0,2902,2902,completed,1
51848,Rigid,3386367,3386368,3387629,1,1261,1262,completed,2
51849,Rigid,3386368,3386369,3387106,1,737,738,completed,2
51850,Rigid,3386368,3386369,3387089,1,720,721,completed,2
51851,Rigid,3386370,3386372,3387062,2,690,692,completed,2
51852,Rigid,3386372,3386372,3387076,0,704,704,completed,2
51853,Rigid,3386372,3386373,3387081,1,708,709,completed,2
51854,Rigid,3386372,3386373,3387628,1,1255,1256,completed,2
51855,Rigid,3386388,3386388,3389277,0,2889,2889,completed,1
51856,Rigid,3386407,3386407,3387143,0,736,736,completed,2
51857,Rigid,3386408,3386411,3387651,3,1240,1243,completed,2
51858,Rigid,3386412,3386415,3389378,3,2963,2966,completed,1
51859,Rigid,3386427,3386427,3387171,0,744,744,completed,2
51860,Rigid,3386431,3386431,3387116,0,685,685,completed,2
51861,Rigid,3386431,3386431,3387208,0,777,777,completed,2
51862,Rigid,3386431,3386433,3387601,2,1168,1170,completed,2
51863,Rigid,3386432,3386433,3389612,1,3179,3180,completed,1
51864,Rigid,3386467,3386467,3387231,0,764,764,completed,2
51865,Rigid,3386467,3386467,3387745,0,1278,1278,completed,2
51866,Rigid,3386467,3386467,3389488,0,3021,3021,completed,1
51867,Rigid,3386471,3386471,3387167,0,696,696,completed,2
51868,Rigid,3386507,3386507,3387254,0,747,747,completed,2
51869,Rigid,3386786,3386787,3389679,1,2892,2893,completed,1
51870,Rigid,3386787,3386790,3388057,3,1267,1270,completed,2
51871,Rigid,3386806,3386807,3387491,1,684,685,completed,2
51872,Rigid,3386826,3386827,3387523,1,696,697,completed,2
51873,Rigid,3386827,3386831,3387550,4,719,723,completed,2
51874,Rigid,3386845,3386846,3388109,1,1263,1264,completed,2
51875,Rigid,3386846,3386850,3389750,4,2900,2904,completed,1
51876,Rigid,3386848,3386850,3387540,2,690,692,completed,2
51877,Rigid,3386867,3386867,3387622,0,755,755,completed,2
51878,Rigid,3386867,3386867,3389877,0,3010,3010,completed,1
51879,Rigid,3386867,3386867,3388095,0,1228,1228,completed,2
51880,Rigid,3386869,3386871,3387619,2,748,750,completed,2
51881,Rigid,3386869,3386871,3388118,2,1247,1249,completed,2
51882,Rigid,3386869,3386871,3389701,2,2830,2832,completed,1
51883,Rigid,3386870,3386871,3388108,1,1237,1238,completed,2
51884,Rigid,3386890,3386890,3389729,0,2839,2839,completed,1
51885,Rigid,3386907,3386907,3387660,0,753,753,completed,2
51886,Rigid,3386929,3386929,3387624,0,695,695,completed,2
51887,Rigid,3386929,3386929,3389924,0,2995,2995,completed,1
51888,Rigid,3386929,3386929,3388133,0,1204,1204,completed,2
51889,Rigid,3386929,3386929,3387638,0,709,709,completed,2
51890,Rigid,3387067,3387068,3387816,1,748,749,completed,2
51891,Rigid,3387067,3387068,3387755,1,687,688,completed,2
51892,Rigid,3387091,3387092,3388357,1,1265,1266,completed,2
51893,Rigid,3387091,3387092,3389918,1,2826,2827,completed,1
51894,Rigid,3387097,3387098,3387832,1,734,735,completed,2
51895,Rigid,3387111,3387112,3387806,1,694,695,completed,2
51896,Rigid,3387131,3387132,3387792,1,660,661,completed,2
51897,Rigid,3387151,3387152,3389925,1,2773,2774,completed,1
51898,Rigid,3387172,3387172,3388325,0,1153,1153,completed,2
51899,Rigid,3387172,3387172,3387896,0,724,724,completed,2
51900,Rigid,3387212,3387212,3387929,0,717,717,completed,2
51901,Rigid,3387232,3387232,3387896,0,664,664,completed,2
51902,Rigid,3387272,3387272,3387968,0,696,696,completed,2
51903,Rigid,3387333,3387333,3388023,0,690,690,completed,2
51904,Rigid,3387333,3387333,3387994,0,661,661,completed,2
51905,Rigid,3387333,3387333,3388015,0,682,682,completed,2
51906,Rigid,3387334,3387335,3388020,1,685,686,completed,2
51907,Rigid,3387334,3387336,3387994,2,658,660,completed,2
51908,Rigid,3387354,3387354,3388012,0,658,658,completed,2
51909,Rigid,3387354,3387354,3388001,0,647,647,completed,2
51910,Rigid,3387393,3387393,3388065,0,672,672,completed,2
51911,Rigid,3387438,3387439,3388079,1,640,641,completed,2
51912,Rigid,3387492,3387492,3388138,0,646,646,completed,2
51913,Rigid,3387532,3387533,3388202,1,669,670,completed,2
51914,Rigid,3387552,3387553,3388207,1,654,655,completed,2
51915,Rigid,3387552,3387553,3388191,1,638,639,completed,2
51916,Rigid,3387613,3387614,3388262,1,648,649,completed,2
51917,Rigid,3387631,3387632,3390122,1,2490,2491,completed,1
51918,Rigid,3387632,3387633,3388844,1,1211,1212,completed,2
51919,Rigid,3387632,3387633,3388320,1,687,688,completed,2
51920,Rigid,3387634,3387636,3388263,2,627,629,completed,2
51921,Rigid,3387638,3387639,3388273,1,634,635,completed,2
51922,Rigid,3387652,3387653,3388273,1,620,621,completed,2
51923,Rigid,3387653,3387657,3390102,4,2445,2449,completed,1
51924,Rigid,3387676,3387677,3388867,1,1190,1191,completed,2
51925,Rigid,3387757,3387757,3388441,0,684,684,completed,2
51926,Rigid,3387758,3387761,3388955,3,1194,1197,completed,2
51927,Rigid,3387796,3387796,3390402,0,2606,2606,completed,1
51928,Rigid,3387816,3387816,3388491,0,675,675,completed,2
51929,Rigid,3387817,3387817,3388484,0,667,667,completed,2
51930,Rigid,3387843,3387843,3389038,0,1195,1195,completed,2
51931,Rigid,3387916,3387916,3390492,0,2576,2576,completed,1
51932,Rigid,3387916,3387920,3388539,4,619,623,completed,2
51933,Rigid,3387936,3387936,3388556,0,620,620,completed,2
51934,Rigid,3387961,3387962,3388577,1,615,616,completed,2
51935,Rigid,3387976,3387976,3388616,0,640,640,completed,2
51936,Rigid,3387981,3387981,3390421,0,2440,2440,completed,1
51937,Rigid,3387996,3387996,3389144,0,1148,1148,completed,2
51938,Rigid,3387997,3387997,3388567,0,570,570,completed,2
51939,Rigid,3388000,3388001,3388595,1,594,595,completed,2
51940,Rigid,3388016,3388016,3390387,0,2371,2371,completed,1
51941,Rigid,3388016,3388017,3389156,1,1139,1140,completed,2
51942,Rigid,3388017,3388020,3388595,3,575,578,completed,2
51943,Rigid,3388020,3388020,3388620,0,600,600,completed,2
51944,Rigid,3388021,3388021,3389157,0,1136,1136,completed,2
51945,Rigid,3388037,3388037,3390373,0,2336,2336,completed,1
51946,Rigid,3388037,3388037,3388593,0,556,556,completed,2
51947,Rigid,3388058,3388059,3388679,1,620,621,completed,2
51948,Rigid,3388061,3388063,3390294,2,2231,2233,completed,1
51949,Rigid,3388061,3388063,3389194,2,1131,1133,completed,2
51950,Rigid,3388063,3388066,3388609,3,543,546,completed,2
51951,Rigid,3388077,3388078,3388630,1,552,553,completed,2
51952,Rigid,3388081,3388083,3388598,2,515,517,completed,2
51953,Rigid,3388083,3388087,3388580,4,493,497,completed,2
51954,Rigid,3388098,3388099,3388608,1,509,510,completed,2
51955,Rigid,3389159,3389159,3505941,0,116782,116782,completed,288
51956,Rigid,3389371,3389372,3482884,1,93512,93513,completed,288
51957,Rigid,3389570,3389570,3482740,0,93170,93170,completed,288
51958,Rigid,3390121,3390121,3392370,0,2249,2249,completed,1
51959,Rigid,3390299,3390299,3391994,0,1695,1695,completed,1
51960,Rigid,3390336,3390337,3391370,1,1033,1034,completed,1
51961,Rigid,3390370,3390371,3391632,1,1261,1262,completed,1
51962,Rigid,3390722,3390723,3396600,1,5877,5878,completed,1
51963,Rigid,3390743,3390744,3398349,1,7605,7606,completed,1
51964,Rigid,3390764,3390765,3398128,1,7363,7364,completed,1
51965,Rigid,3390782,3390782,3398152,0,7370,7370,completed,1
51966,Rigid,3393496,3393496,3393519,0,23,23,completed,36
51967,Rigid,3393663,3393663,3561032,0,167369,167369,completed,1080
51968,Rigid,3393773,3393773,3405840,0,12067,12067,completed,36
51969,Rigid,3405023,3405024,3406041,1,1017,1018,completed,1
51970,Rigid,3405804,3405804,3407461,0,1657,1657,completed,1
51971,Rigid,3405843,3405843,3406814,0,971,971,completed,1
51972,Rigid,3405890,3405890,3407265,0,1375,1375,completed,1
51973,Rigid,3405949,3405949,3407310,0,1361,1361,completed,1
51974,Rigid,3406675,3406675,3406886,0,211,211,completed,10
51975,Rigid,3407216,3407217,3408314,1,1097,1098,completed,1
51976,Rigid,3407636,3407895,3407934,259,39,298,completed,1
51977,Rigid,3408325,3408326,3414045,1,5719,5720,completed,1
51978,Rigid,3408723,3410656,3410694,1933,38,1971,completed,1
51979,Rigid,3408851,3408852,3409056,1,204,205,completed,10
51980,Rigid,3409380,3409380,3409595,0,215,215,completed,10
51981,Rigid,3409632,3409633,3409843,1,210,211,completed,10
51982,Rigid,3410605,3410606,3415407,1,4801,4802,completed,36
51983,Rigid,3410605,3410606,3413465,1,2859,2860,completed,36
51984,Rigid,3410605,3410606,3414371,1,3765,3766,completed,36
51985,Rigid,3410605,3410606,3411554,1,948,949,completed,36
51986,Rigid,3410605,3410606,3415459,1,4853,4854,completed,36
51987,Rigid,3410605,3410606,3415456,1,4850,4851,completed,36
51988,Rigid,3410605,3410606,3421232,1,10626,10627,completed,36
51989,Rigid,3410605,3410606,3415430,1,4824,4825,completed,36
51990,Rigid,3410605,3410606,3412842,1,2236,2237,completed,36
51991,Rigid,3410605,3410606,3411041,1,435,436,completed,36
51992,Rigid,3410605,3410606,3411172,1,566,567,completed,36
51993,Rigid,3410605,3410606,3411066,1,460,461,completed,36
51994,Rigid,3410605,3410606,3413641,1,3035,3036,completed,36
51995,Rigid,3410606,3410606,3413640,0,3034,3034,completed,36
51996,Rigid,3410606,3410606,3414962,0,4356,4356,completed,36
51997,Rigid,3410606,3410610,3413085,4,2475,2479,completed,36
51998,Rigid,3411388,3411388,3418857,0,7469,7469,completed,288
51999,Rigid,3413130,3413131,3413184,1,53,54,completed,10
52000,Rigid,3413661,3413661,3413714,0,53,53,completed,10
52001,Rigid,3413891,3413892,3413906,1,14,15,completed,10
52002,Rigid,3413990,3413990,3414004,0,14,14,completed,10
52003,Rigid,3414056,3414057,3414069,1,12,13,completed,10
52004,Rigid,3414830,3414831,3414839,1,8,9,completed,36
52005,Rigid,3414985,3414986,3415403,1,417,418,completed,36
52006,Rigid,3415620,3415620,3427077,0,11457,11457,completed,36
52007,Rigid,3415821,3415822,3424498,1,8676,8677,completed,36
52008,Rigid,3415984,3415985,3423038,1,7053,7054,completed,36
52009,Rigid,3416126,3416126,3423040,0,6914,6914,completed,36
52010,Rigid,3416846,3416847,3430766,1,13919,13920,completed,36
52011,Rigid,3426826,3426826,3441168,0,14342,14342,completed,36
52012,Rigid,3426835,3426836,3436437,1,9601,9602,completed,36
52013,Rigid,3426843,3426844,3435368,1,8524,8525,completed,36
52014,Rigid,3426851,3426851,3433954,0,7103,7103,completed,36
52015,Rigid,3448986,3448987,3456601,1,7614,7615,completed,288
52016,Rigid,3453958,3453958,4153007,0,699049,699049,completed,144
52017,Rigid,3461936,3461936,3465452,0,3516,3516,completed,432
52018,Rigid,3462415,3462415,3462505,0,90,90,completed,432
52019,Rigid,3462731,3462731,3717446,0,254715,254715,completed,432
52020,Rigid,3463158,3463158,3463278,0,120,120,completed,432
52021,Rigid,3475018,3475018,3550599,0,75581,75581,completed,1
52022,Rigid,3475018,3475022,3562658,4,87636,87640,completed,1
52023,Rigid,3475019,3475022,3549664,3,74642,74645,completed,1
52024,Rigid,3475020,3475022,3570378,2,95356,95358,completed,1
52025,Rigid,3475020,3475022,3539115,2,64093,64095,completed,1
52026,Rigid,3475021,3475022,3547617,1,72595,72596,completed,1
52027,Rigid,3475022,3475024,3551473,2,76449,76451,completed,1
52028,Rigid,3475023,3475024,3560276,1,85252,85253,completed,1
52029,Rigid,3475024,3475026,3555462,2,80436,80438,completed,1
52030,Rigid,3475025,3475026,3545290,1,70264,70265,completed,1
52031,Rigid,3475026,3475030,3551246,4,76216,76220,completed,1
52032,Rigid,3475027,3475030,3547713,3,72683,72686,completed,1
52033,Rigid,3475028,3475030,3570737,2,95707,95709,completed,1
52034,Rigid,3475028,3475030,3551669,2,76639,76641,completed,1
52035,Rigid,3475029,3475030,3534613,1,59583,59584,completed,1
52036,Rigid,3475029,3475030,3570063,1,95033,95034,completed,1
52037,Rigid,3475030,3475034,3544483,4,69449,69453,completed,1
52038,Rigid,3475031,3475034,3540378,3,65344,65347,completed,1
52039,Rigid,3475032,3475034,3527366,2,52332,52334,completed,1
52040,Rigid,3475053,3475053,3531199,0,56146,56146,completed,1
52041,Rigid,3475085,3475085,3554597,0,79512,79512,completed,1
52042,Rigid,3475118,3475119,3536098,1,60979,60980,completed,1
52043,Rigid,3475390,3475390,3485340,0,9950,9950,completed,36
52044,Rigid,3475397,3475397,3485473,0,10076,10076,completed,36
52045,Rigid,3475403,3475403,3485473,0,10070,10070,completed,36
52046,Rigid,3475408,3475409,3488694,1,13285,13286,completed,36
52047,Rigid,3476816,3476817,3476864,1,47,48,completed,2
52048,Rigid,3477159,3477159,3477927,0,768,768,completed,2
52049,Rigid,3477983,3477983,3483158,0,5175,5175,completed,2
52050,Rigid,3482232,3482232,3489041,0,6809,6809,completed,8
52051,Rigid,3482302,3482303,3489040,1,6737,6738,completed,8
52052,Rigid,3482333,3482333,3489038,0,6705,6705,completed,8
52053,Rigid,3482666,3482666,3576016,0,93350,93350,completed,288
52054,Rigid,3482793,3482794,3577869,1,95075,95076,completed,288
52055,Rigid,3482911,3482912,3654329,1,171417,171418,completed,288
52056,Rigid,3483635,3483635,3484541,0,906,906,completed,2
52057,Rigid,3484763,3484763,3490765,0,6002,6002,completed,2
52058,Rigid,3486363,3486364,3486724,1,360,361,completed,1
52059,Rigid,3487702,3487702,3487851,0,149,149,completed,144
52060,Rigid,3487727,3487727,3487737,0,10,10,completed,144
52061,Rigid,3489068,3489068,3559640,0,70572,70572,completed,8
52062,Rigid,3489094,3489095,3553998,1,64903,64904,completed,8
52063,Rigid,3489146,3489146,3579164,0,90018,90018,completed,8
52064,Rigid,3489965,3489965,3489967,0,2,2,completed,144
52065,Rigid,3490374,3490375,3490377,1,2,3,completed,36
52066,Rigid,3490534,3490535,3490621,1,86,87,completed,36
52067,Rigid,3492078,3492079,3492083,1,4,5,completed,1
52068,Rigid,3492222,3492223,3492242,1,19,20,completed,144
52069,Rigid,3492305,3492305,3510305,0,18000,18000,completed,144
52070,Rigid,3492315,3492315,3510335,0,18020,18020,completed,144
52071,Rigid,3492325,3492325,3494913,0,2588,2588,completed,144
52072,Rigid,3492335,3492335,3494914,0,2579,2579,completed,144
52073,Rigid,3492345,3492348,3494915,3,2567,2570,completed,144
52074,Rigid,3492387,3492387,3526286,0,33899,33899,completed,432
52075,Rigid,3492623,3492623,3492627,0,4,4,completed,1
52076,Rigid,3492740,3492741,3493355,1,614,615,completed,36
52077,Rigid,3492814,3526288,3527865,33474,1577,35051,completed,432
52078,Rigid,3492901,3492901,3494578,0,1677,1677,completed,36
52079,Rigid,3492921,3492921,3494599,0,1678,1678,completed,36
52080,Rigid,3492939,3492939,3494599,0,1660,1660,completed,36
52081,Rigid,3492969,3492969,3494607,0,1638,1638,completed,36
52082,Rigid,3494934,3494935,3507299,1,12364,12365,completed,144
52083,Rigid,3494944,3494945,3507291,1,12346,12347,completed,144
52084,Rigid,3494954,3494955,3507289,1,12334,12335,completed,144
52085,Rigid,3495474,3495474,3495676,0,202,202,completed,36
52086,Rigid,3495750,3495750,3495758,0,8,8,completed,36
52087,Rigid,3495765,3495768,3495775,3,7,10,completed,36
52088,Rigid,3495835,3495836,3496017,1,181,182,completed,36
52089,Rigid,3496184,3496184,3496223,0,39,39,completed,36
52090,Rigid,3496810,3496812,3497435,2,623,625,completed,36
52091,Rigid,3498799,3498799,3499568,0,769,769,completed,36
52092,Rigid,3499733,3499734,3514509,1,14775,14776,completed,36
52093,Rigid,3499954,3499954,3514713,0,14759,14759,completed,36
52094,Rigid,3500070,3500071,3514924,1,14853,14854,completed,36
52095,Rigid,3502464,3502465,3502469,1,4,5,completed,1
52096,Rigid,3502726,3502728,3502731,2,3,5,completed,1
52097,Rigid,3502921,3502921,3502992,0,71,71,completed,36
52098,Rigid,3503136,3503137,3503198,1,61,62,completed,36
52099,Rigid,3503227,3503228,3503287,1,59,60,completed,36
52100,Rigid,3503385,3503388,3503454,3,66,69,completed,36
52101,Rigid,3503434,3503434,3503839,0,405,405,completed,36
52102,Rigid,3503479,3503480,3503543,1,63,64,completed,36
52103,Rigid,3503579,3503580,3503584,1,4,5,completed,1
52104,Rigid,3503789,3503790,3503795,1,5,6,completed,36
52105,Rigid,3503962,3503963,3507297,1,3334,3335,completed,36
52106,Rigid,3503967,3503968,3507280,1,3312,3313,completed,36
52107,Rigid,3505740,3505740,3523745,0,18005,18005,completed,144
52108,Rigid,3505750,3505750,3523775,0,18025,18025,completed,144
52109,Rigid,3505760,3505760,3523775,0,18015,18015,completed,144
52110,Rigid,3505839,3505840,3505844,1,4,5,completed,36
52111,Rigid,3505918,3505919,3505924,1,5,6,completed,36
52112,Rigid,3505974,3505975,3646116,1,140141,140142,completed,288
52113,Rigid,3505979,3505980,3505985,1,5,6,completed,36
52114,Rigid,3506030,3506030,3506035,0,5,5,completed,36
52115,Rigid,3506096,3506097,3506102,1,5,6,completed,36
52116,Rigid,3506172,3506172,3506177,0,5,5,completed,36
52117,Rigid,3506204,3506208,3506213,4,5,9,completed,36
52118,Rigid,3507514,3507515,3521187,1,13672,13673,completed,36
52119,Rigid,3507519,3507519,3516452,0,8933,8933,completed,36
52120,Rigid,3507523,3507524,3516010,1,8486,8487,completed,36
52121,Rigid,3507529,3507530,3515057,1,7527,7528,completed,36
52122,Rigid,3507701,3507701,3520975,0,13274,13274,completed,36
52123,Rigid,3507707,3507708,3517396,1,9688,9689,completed,36
52124,Rigid,3507712,3507712,3516968,0,9256,9256,completed,36
52125,Rigid,3507716,3507717,3516851,1,9134,9135,completed,36
52126,Rigid,3508210,3508211,3517726,1,9515,9516,completed,36
52127,Rigid,3508359,3508360,3516884,1,8524,8525,completed,36
52128,Rigid,3508490,3508490,3516041,0,7551,7551,completed,36
52129,Rigid,3509352,3509353,3509355,1,2,3,completed,36
52130,Rigid,3509362,3509363,3509365,1,2,3,completed,36
52131,Rigid,3509373,3509373,3509375,0,2,2,completed,36
52132,Rigid,3509677,3509677,3509725,0,48,48,completed,36
52133,Rigid,3509687,3509688,3509767,1,79,80,completed,36
52134,Rigid,3509697,3509697,3509748,0,51,51,completed,36
52135,Rigid,3510094,3510095,3510158,1,63,64,completed,36
52136,Rigid,3510104,3510108,3510162,4,54,58,completed,36
52137,Rigid,3510115,3510115,3510177,0,62,62,completed,36
52138,Rigid,3510281,3510281,3510337,0,56,56,completed,36
52139,Rigid,3510291,3510291,3510362,0,71,71,completed,36
52140,Rigid,3510301,3510301,3510363,0,62,62,completed,36
52141,Rigid,3510658,3510658,3510701,0,43,43,completed,36
52142,Rigid,3510801,3510802,3510846,1,44,45,completed,36
52143,Rigid,3511025,3511026,3511069,1,43,44,completed,36
52144,Rigid,3512424,3512424,3512468,0,44,44,completed,36
52145,Rigid,3512696,3512696,3512739,0,43,43,completed,36
52146,Rigid,3512948,3512948,3512990,0,42,42,completed,36
52147,Rigid,3513142,3513142,3513185,0,43,43,completed,36
52148,Rigid,3513453,3513454,3513497,1,43,44,completed,36
52149,Rigid,3513891,3513892,3514023,1,131,132,completed,36
52150,Rigid,3514343,3514343,3514380,0,37,37,completed,36
52151,Rigid,3514353,3514353,3514381,0,28,28,completed,36
52152,Rigid,3514363,3514363,3514380,0,17,17,completed,36
52153,Rigid,3515041,3515042,3515079,1,37,38,completed,36
52154,Rigid,3515052,3515052,3515079,0,27,27,completed,36
52155,Rigid,3515062,3515062,3515079,0,17,17,completed,36
52156,Rigid,3515857,3515857,3515984,0,127,127,completed,36
52157,Rigid,3516257,3516257,3516296,0,39,39,completed,36
52158,Rigid,3516267,3516267,3516296,0,29,29,completed,36
52159,Rigid,3516277,3516277,3516296,0,19,19,completed,36
52160,Rigid,3516631,3516632,3517114,1,482,483,completed,36
52161,Rigid,3518523,3518524,3519030,1,506,507,completed,36
52162,Rigid,3519282,3519282,3519493,0,211,211,completed,36
52163,Rigid,3519585,3519588,3522069,3,2481,2484,completed,36
52164,Rigid,3519645,3519648,3522106,3,2458,2461,completed,36
52165,Rigid,3519706,3519708,3522065,2,2357,2359,completed,36
52166,Rigid,3536377,3536378,3537219,1,841,842,completed,36
52167,Rigid,3539521,3539522,3539558,1,36,37,completed,33
52168,Rigid,3539717,3539718,3552376,1,12658,12659,completed,36
52169,Rigid,3540693,3540693,3545469,0,4776,4776,completed,432
52170,Rigid,3541088,3541088,3541116,0,28,28,completed,33
52171,Rigid,3541632,3541633,3541677,1,44,45,completed,144
52172,Rigid,3541650,3541651,3887269,1,345618,345619,completed,36
52173,Rigid,3541680,3541681,3715519,1,173838,173839,completed,36
52174,Rigid,3541721,3541722,3853350,1,311628,311629,completed,36
52175,Rigid,3541723,3541724,3542291,1,567,568,completed,36
52176,Rigid,3541755,3541756,3839310,1,297554,297555,completed,36
52177,Rigid,3541817,3541817,3760837,0,219020,219020,completed,36
52178,Rigid,3541878,3541879,3827289,1,285410,285411,completed,36
52179,Rigid,3541878,3541879,3542442,1,563,564,completed,144
52180,Rigid,3542146,3542148,3887359,2,345211,345213,completed,36
52181,Rigid,3542187,3542187,3566745,0,24558,24558,completed,1
52182,Rigid,3542187,3542187,3573524,0,31337,31337,completed,1
52183,Rigid,3542187,3542187,3573968,0,31781,31781,completed,1
52184,Rigid,3542187,3542187,3565435,0,23248,23248,completed,1
52185,Rigid,3542187,3542187,3576294,0,34107,34107,completed,1
52186,Rigid,3542187,3542187,3566160,0,23973,23973,completed,1
52187,Rigid,3542187,3542187,3576637,0,34450,34450,completed,1
52188,Rigid,3542187,3542187,3566451,0,24264,24264,completed,1
52189,Rigid,3542187,3542187,3570039,0,27852,27852,completed,1
52190,Rigid,3542187,3542187,3569346,0,27159,27159,completed,1
52191,Rigid,3542187,3542187,3575228,0,33041,33041,completed,1
52192,Rigid,3542187,3542187,3568971,0,26784,26784,completed,1
52193,Rigid,3542187,3542187,3579252,0,37065,37065,completed,1
52194,Rigid,3542187,3542187,3566841,0,24654,24654,completed,1
52195,Rigid,3542187,3542187,3571867,0,29680,29680,completed,1
52196,Rigid,3542187,3542187,3568357,0,26170,26170,completed,1
52197,Rigid,3542187,3542187,3564914,0,22727,22727,completed,1
52198,Rigid,3542187,3542187,3571297,0,29110,29110,completed,1
52199,Rigid,3542187,3542187,3566567,0,24380,24380,completed,1
52200,Rigid,3542187,3542187,3568270,0,26083,26083,completed,1
52201,Rigid,3542187,3542187,3565226,0,23039,23039,completed,1
52202,Rigid,3542187,3542187,3574561,0,32374,32374,completed,1
52203,Rigid,3542187,3542187,3560919,0,18732,18732,completed,1
52204,Rigid,3542187,3542187,3562863,0,20676,20676,completed,1
52205,Rigid,3542187,3542187,3574002,0,31815,31815,completed,1
52206,Rigid,3542187,3542187,3572037,0,29850,29850,completed,1
52207,Rigid,3542187,3542187,3567260,0,25073,25073,completed,1
52208,Rigid,3542187,3542187,3571731,0,29544,29544,completed,1
52209,Rigid,3542187,3542187,3573452,0,31265,31265,completed,1
52210,Rigid,3542187,3542187,3567187,0,25000,25000,completed,1
52211,Rigid,3542188,3542191,3564285,3,22094,22097,completed,1
52212,Rigid,3542188,3542191,3571224,3,29033,29036,completed,1
52213,Rigid,3542193,3542195,3751624,2,209429,209431,completed,36
52214,Rigid,3542229,3542230,3760239,1,218009,218010,completed,36
52215,Rigid,3542263,3542263,3856829,0,314566,314566,completed,36
52216,Rigid,3542306,3542307,3542369,1,62,63,completed,432
52217,Rigid,3542308,3542311,3885358,3,343047,343050,completed,36
52218,Rigid,3542503,3542503,3542534,0,31,31,completed,33
52219,Rigid,3542538,3542539,3715358,1,172819,172820,completed,36
52220,Rigid,3542538,3542539,3715358,1,172819,172820,completed,36
52221,Rigid,3542538,3542539,3715358,1,172819,172820,completed,36
52222,Rigid,3542563,3542564,3715388,1,172824,172825,completed,36
52223,Rigid,3542563,3542564,3715388,1,172824,172825,completed,36
52224,Rigid,3542563,3542564,3715388,1,172824,172825,completed,36
52225,Rigid,3542585,3542586,3715388,1,172802,172803,completed,36
52226,Rigid,3542585,3542586,3715388,1,172802,172803,completed,36
52227,Rigid,3542585,3542586,3715388,1,172802,172803,completed,36
52228,Rigid,3542611,3542612,3715418,1,172806,172807,completed,36
52229,Rigid,3542611,3542612,3715418,1,172806,172807,completed,36
52230,Rigid,3542611,3650003,3822813,107392,172810,280202,completed,36
52231,Rigid,3542638,3650003,3822813,107365,172810,280175,completed,36
52232,Rigid,3542638,3650124,3822933,107486,172809,280295,completed,36
52233,Rigid,3542638,3650124,3822933,107486,172809,280295,completed,36
52234,Rigid,3542673,3542674,3576844,1,34170,34171,completed,1
52235,Rigid,3542677,3542678,3581119,1,38441,38442,completed,1
52236,Rigid,3542681,3542682,3580884,1,38202,38203,completed,1
52237,Rigid,3542685,3542688,3582124,3,39436,39439,completed,1
52238,Rigid,3542742,3542742,3841924,0,299182,299182,completed,36
52239,Rigid,3542789,3542789,3542845,0,56,56,completed,432
52240,Rigid,3543081,3543081,3543233,0,152,152,completed,36
52241,Rigid,3543195,3543196,3573304,1,30108,30109,completed,1
52242,Rigid,3543199,3543200,3576595,1,33395,33396,completed,1
52243,Rigid,3543203,3543204,3579164,1,35960,35961,completed,1
52244,Rigid,3543206,3543208,3575620,2,32412,32414,completed,1
52245,Rigid,3543210,3543212,3583730,2,40518,40520,completed,1
52246,Rigid,3543302,3543303,3544867,1,1564,1565,completed,36
52247,Rigid,3543375,3543376,3543431,1,55,56,completed,432
52248,Rigid,3543395,3543395,3802619,0,259224,259224,completed,1
52249,Rigid,3543395,3543395,3802619,0,259224,259224,completed,1
52250,Rigid,3543395,3543395,3802619,0,259224,259224,completed,1
52251,Rigid,3543395,3543395,3802619,0,259224,259224,completed,1
52252,Rigid,3543395,3543395,3802619,0,259224,259224,completed,1
52253,Rigid,3543395,3543395,3802619,0,259224,259224,completed,1
52254,Rigid,3543395,3543395,3802619,0,259224,259224,completed,1
52255,Rigid,3543395,3543395,3802619,0,259224,259224,completed,1
52256,Rigid,3543395,3543395,3802619,0,259224,259224,completed,1
52257,Rigid,3543395,3543395,3802619,0,259224,259224,completed,1
52258,Rigid,3543395,3543395,3802619,0,259224,259224,completed,1
52259,Rigid,3543395,3543395,3802619,0,259224,259224,completed,1
52260,Rigid,3543395,3543395,3802619,0,259224,259224,completed,1
52261,Rigid,3543395,3543395,3802619,0,259224,259224,completed,1
52262,Rigid,3543395,3543395,3802619,0,259224,259224,completed,1
52263,Rigid,3543395,3543395,3802619,0,259224,259224,completed,1
52264,Rigid,3543395,3543395,3802619,0,259224,259224,completed,1
52265,Rigid,3543395,3543395,3802619,0,259224,259224,completed,1
52266,Rigid,3543395,3543395,3802619,0,259224,259224,completed,1
52267,Rigid,3543395,3543395,3802619,0,259224,259224,completed,1
52268,Rigid,3543395,3543395,3802619,0,259224,259224,completed,1
52269,Rigid,3543395,3543395,3802619,0,259224,259224,completed,1
52270,Rigid,3543395,3543395,3802619,0,259224,259224,completed,1
52271,Rigid,3543395,3543395,3802619,0,259224,259224,completed,1
52272,Rigid,3543395,3543395,3802619,0,259224,259224,completed,1
52273,Rigid,3543395,3543395,3802619,0,259224,259224,completed,1
52274,Rigid,3543395,3543395,3802619,0,259224,259224,completed,1
52275,Rigid,3543395,3543395,3802619,0,259224,259224,completed,1
52276,Rigid,3543395,3543395,3802619,0,259224,259224,completed,1
52277,Rigid,3543395,3543395,3802619,0,259224,259224,completed,1
52278,Rigid,3543395,3543395,3802619,0,259224,259224,completed,1
52279,Rigid,3543395,3543395,3802619,0,259224,259224,completed,1
52280,Rigid,3543395,3543395,3802619,0,259224,259224,completed,1
52281,Rigid,3543395,3543395,3802619,0,259224,259224,completed,1
52282,Rigid,3543395,3543395,3802619,0,259224,259224,completed,1
52283,Rigid,3543395,3543395,3802619,0,259224,259224,completed,1
52284,Rigid,3543395,3543395,3802619,0,259224,259224,completed,1
52285,Rigid,3543395,3543395,3802619,0,259224,259224,completed,1
52286,Rigid,3543395,3543395,3802619,0,259224,259224,completed,1
52287,Rigid,3543395,3543395,3802619,0,259224,259224,completed,1
52288,Rigid,3543395,3543395,3802619,0,259224,259224,completed,1
52289,Rigid,3543395,3543395,3802619,0,259224,259224,completed,1
52290,Rigid,3543395,3543395,3802619,0,259224,259224,completed,1
52291,Rigid,3543395,3543395,3802619,0,259224,259224,completed,1
52292,Rigid,3543395,3543395,3802619,0,259224,259224,completed,1
52293,Rigid,3543395,3543395,3802619,0,259224,259224,completed,1
52294,Rigid,3543395,3543395,3802619,0,259224,259224,completed,1
52295,Rigid,3543395,3543395,3802619,0,259224,259224,completed,1
52296,Rigid,3543395,3543395,3802619,0,259224,259224,completed,1
52297,Rigid,3543395,3543395,3802619,0,259224,259224,completed,1
52298,Rigid,3543402,3543402,3802619,0,259217,259217,completed,1
52299,Rigid,3543402,3543402,3802619,0,259217,259217,completed,1
52300,Rigid,3543402,3543402,3802619,0,259217,259217,completed,1
52301,Rigid,3543402,3543402,3802619,0,259217,259217,completed,1
52302,Rigid,3543402,3543402,3802619,0,259217,259217,completed,1
52303,Rigid,3543402,3543402,3802619,0,259217,259217,completed,1
52304,Rigid,3543402,3543402,3802619,0,259217,259217,completed,1
52305,Rigid,3543402,3543402,3802619,0,259217,259217,completed,1
52306,Rigid,3543402,3543403,3802619,1,259216,259217,completed,1
52307,Rigid,3543402,3543403,3802619,1,259216,259217,completed,1
52308,Rigid,3543402,3543403,3802619,1,259216,259217,completed,1
52309,Rigid,3543402,3543403,3802619,1,259216,259217,completed,1
52310,Rigid,3543402,3543403,3802619,1,259216,259217,completed,1
52311,Rigid,3543402,3543403,3802619,1,259216,259217,completed,1
52312,Rigid,3543402,3543403,3802619,1,259216,259217,completed,1
52313,Rigid,3543402,3543403,3802619,1,259216,259217,completed,1
52314,Rigid,3543402,3543403,3802619,1,259216,259217,completed,1
52315,Rigid,3543402,3543403,3802619,1,259216,259217,completed,1
52316,Rigid,3543402,3543403,3802619,1,259216,259217,completed,1
52317,Rigid,3543402,3543403,3802619,1,259216,259217,completed,1
52318,Rigid,3543402,3543403,3802619,1,259216,259217,completed,1
52319,Rigid,3543402,3543403,3802619,1,259216,259217,completed,1
52320,Rigid,3543402,3543403,3802619,1,259216,259217,completed,1
52321,Rigid,3543402,3543403,3802619,1,259216,259217,completed,1
52322,Rigid,3543402,3543403,3802619,1,259216,259217,completed,1
52323,Rigid,3543402,3543403,3802619,1,259216,259217,completed,1
52324,Rigid,3543402,3543403,3802619,1,259216,259217,completed,1
52325,Rigid,3543402,3543403,3802619,1,259216,259217,completed,1
52326,Rigid,3543402,3543403,3802619,1,259216,259217,completed,1
52327,Rigid,3543402,3543403,3802619,1,259216,259217,completed,1
52328,Rigid,3543402,3543403,3802619,1,259216,259217,completed,1
52329,Rigid,3543402,3543403,3802619,1,259216,259217,completed,1
52330,Rigid,3543402,3543403,3802619,1,259216,259217,completed,1
52331,Rigid,3543402,3543403,3802619,1,259216,259217,completed,1
52332,Rigid,3543402,3543403,3802619,1,259216,259217,completed,1
52333,Rigid,3543402,3543403,3802619,1,259216,259217,completed,1
52334,Rigid,3543402,3543403,3802619,1,259216,259217,completed,1
52335,Rigid,3543402,3543403,3802619,1,259216,259217,completed,1
52336,Rigid,3543402,3543403,3802619,1,259216,259217,completed,1
52337,Rigid,3543402,3543403,3802619,1,259216,259217,completed,1
52338,Rigid,3543402,3543403,3802619,1,259216,259217,completed,1
52339,Rigid,3543402,3543403,3802619,1,259216,259217,completed,1
52340,Rigid,3543402,3543403,3802619,1,259216,259217,completed,1
52341,Rigid,3543402,3543403,3802619,1,259216,259217,completed,1
52342,Rigid,3543402,3543403,3802619,1,259216,259217,completed,1
52343,Rigid,3543402,3543403,3802619,1,259216,259217,completed,1
52344,Rigid,3543402,3543403,3802619,1,259216,259217,completed,1
52345,Rigid,3543402,3543403,3802619,1,259216,259217,completed,1
52346,Rigid,3543402,3543403,3802619,1,259216,259217,completed,1
52347,Rigid,3543402,3543403,3802619,1,259216,259217,completed,1
52348,Rigid,3543409,3543410,3802619,1,259209,259210,completed,1
52349,Rigid,3543409,3543410,3802619,1,259209,259210,completed,1
52350,Rigid,3543409,3543410,3802619,1,259209,259210,completed,1
52351,Rigid,3543409,3543410,3802619,1,259209,259210,completed,1
52352,Rigid,3543409,3543410,3802619,1,259209,259210,completed,1
52353,Rigid,3543409,3543410,3802619,1,259209,259210,completed,1
52354,Rigid,3543409,3543410,3802619,1,259209,259210,completed,1
52355,Rigid,3543409,3543410,3802619,1,259209,259210,completed,1
52356,Rigid,3543409,3543410,3802619,1,259209,259210,completed,1
52357,Rigid,3543409,3543410,3802619,1,259209,259210,completed,1
52358,Rigid,3543409,3543410,3802619,1,259209,259210,completed,1
52359,Rigid,3543409,3543410,3802619,1,259209,259210,completed,1
52360,Rigid,3543409,3543410,3802619,1,259209,259210,completed,1
52361,Rigid,3543409,3543410,3802619,1,259209,259210,completed,1
52362,Rigid,3543409,3543410,3802619,1,259209,259210,completed,1
52363,Rigid,3543409,3543410,3802619,1,259209,259210,completed,1
52364,Rigid,3543409,3543410,3802619,1,259209,259210,completed,1
52365,Rigid,3543409,3543410,3802619,1,259209,259210,completed,1
52366,Rigid,3543409,3543410,3802619,1,259209,259210,completed,1
52367,Rigid,3543409,3543410,3802619,1,259209,259210,completed,1
52368,Rigid,3543409,3543410,3802619,1,259209,259210,completed,1
52369,Rigid,3543409,3543410,3802619,1,259209,259210,completed,1
52370,Rigid,3543409,3543410,3802619,1,259209,259210,completed,1
52371,Rigid,3543409,3543410,3802619,1,259209,259210,completed,1
52372,Rigid,3543409,3543410,3802619,1,259209,259210,completed,1
52373,Rigid,3543409,3543410,3802619,1,259209,259210,completed,1
52374,Rigid,3543409,3543410,3802619,1,259209,259210,completed,1
52375,Rigid,3543409,3543410,3543436,1,26,27,completed,1
52376,Rigid,3543409,3543410,3543436,1,26,27,completed,1
52377,Rigid,3543409,3543410,3543436,1,26,27,completed,1
52378,Rigid,3543409,3543410,3543436,1,26,27,completed,1
52379,Rigid,3543409,3543410,3543436,1,26,27,completed,1
52380,Rigid,3543409,3543410,3543436,1,26,27,completed,1
52381,Rigid,3543409,3543410,3543436,1,26,27,completed,1
52382,Rigid,3543409,3543410,3543436,1,26,27,completed,1
52383,Rigid,3543409,3543410,3543436,1,26,27,completed,1
52384,Rigid,3543409,3543410,3543436,1,26,27,completed,1
52385,Rigid,3543409,3543410,3543436,1,26,27,completed,1
52386,Rigid,3543409,3543410,3543436,1,26,27,completed,1
52387,Rigid,3543409,3543410,3543436,1,26,27,completed,1
52388,Rigid,3543409,3543410,3543436,1,26,27,completed,1
52389,Rigid,3543409,3543410,3543436,1,26,27,completed,1
52390,Rigid,3543409,3543410,3543436,1,26,27,completed,1
52391,Rigid,3543409,3543410,3543436,1,26,27,completed,1
52392,Rigid,3543409,3543410,3543436,1,26,27,completed,1
52393,Rigid,3543409,3543410,3543436,1,26,27,completed,1
52394,Rigid,3543409,3543410,3543436,1,26,27,completed,1
52395,Rigid,3543409,3543410,3543436,1,26,27,completed,1
52396,Rigid,3543409,3543410,3543436,1,26,27,completed,1
52397,Rigid,3543409,3543410,3543436,1,26,27,completed,1
52398,Rigid,3543417,3543417,3802619,0,259202,259202,completed,1
52399,Rigid,3543417,3543417,3802619,0,259202,259202,completed,1
52400,Rigid,3543417,3543418,3543436,1,18,19,completed,1
52401,Rigid,3543417,3543418,3802619,1,259201,259202,completed,1
52402,Rigid,3543417,3543418,3802619,1,259201,259202,completed,1
52403,Rigid,3543417,3543418,3543436,1,18,19,completed,1
52404,Rigid,3543417,3543418,3543436,1,18,19,completed,1
52405,Rigid,3543417,3543418,3543436,1,18,19,completed,1
52406,Rigid,3543417,3543418,3802619,1,259201,259202,completed,1
52407,Rigid,3543417,3543418,3802619,1,259201,259202,completed,1
52408,Rigid,3543417,3543418,3802619,1,259201,259202,completed,1
52409,Rigid,3543417,3543418,3543436,1,18,19,completed,1
52410,Rigid,3543417,3543418,3802619,1,259201,259202,completed,1
52411,Rigid,3543417,3543418,3802619,1,259201,259202,completed,1
52412,Rigid,3543417,3543418,3802619,1,259201,259202,completed,1
52413,Rigid,3543417,3543418,3802619,1,259201,259202,completed,1
52414,Rigid,3543417,3543418,3802619,1,259201,259202,completed,1
52415,Rigid,3543417,3543418,3802619,1,259201,259202,completed,1
52416,Rigid,3543417,3543418,3802619,1,259201,259202,completed,1
52417,Rigid,3543417,3543418,3802619,1,259201,259202,completed,1
52418,Rigid,3543417,3543418,3802619,1,259201,259202,completed,1
52419,Rigid,3543417,3543418,3802619,1,259201,259202,completed,1
52420,Rigid,3543417,3543418,3802619,1,259201,259202,completed,1
52421,Rigid,3543417,3543418,3802619,1,259201,259202,completed,1
52422,Rigid,3543417,3543418,3802619,1,259201,259202,completed,1
52423,Rigid,3543417,3543418,3802619,1,259201,259202,completed,1
52424,Rigid,3543417,3543418,3802619,1,259201,259202,completed,1
52425,Rigid,3543417,3543418,3802619,1,259201,259202,completed,1
52426,Rigid,3543417,3543418,3802619,1,259201,259202,completed,1
52427,Rigid,3543417,3543418,3802619,1,259201,259202,completed,1
52428,Rigid,3543417,3543418,3802619,1,259201,259202,completed,1
52429,Rigid,3543417,3543418,3802619,1,259201,259202,completed,1
52430,Rigid,3543417,3543418,3802619,1,259201,259202,completed,1
52431,Rigid,3543417,3543418,3802619,1,259201,259202,completed,1
52432,Rigid,3543417,3543418,3802619,1,259201,259202,completed,1
52433,Rigid,3543417,3543418,3802619,1,259201,259202,completed,1
52434,Rigid,3543417,3543418,3802619,1,259201,259202,completed,1
52435,Rigid,3543417,3543418,3802619,1,259201,259202,completed,1
52436,Rigid,3543417,3543418,3802619,1,259201,259202,completed,1
52437,Rigid,3543417,3543418,3802619,1,259201,259202,completed,1
52438,Rigid,3543417,3543418,3802619,1,259201,259202,completed,1
52439,Rigid,3543417,3543418,3802619,1,259201,259202,completed,1
52440,Rigid,3543417,3543418,3802619,1,259201,259202,completed,1
52441,Rigid,3543417,3543418,3802619,1,259201,259202,completed,1
52442,Rigid,3543417,3543418,3802619,1,259201,259202,completed,1
52443,Rigid,3543417,3543418,3802619,1,259201,259202,completed,1
52444,Rigid,3543417,3543418,3802619,1,259201,259202,completed,1
52445,Rigid,3543417,3543418,3802619,1,259201,259202,completed,1
52446,Rigid,3543417,3543418,3802619,1,259201,259202,completed,1
52447,Rigid,3543417,3543418,3802619,1,259201,259202,completed,1
52448,Rigid,3543943,3543944,3543980,1,36,37,completed,33
52449,Rigid,3544241,3544242,3544297,1,55,56,completed,432
52450,Rigid,3544331,3544331,3551817,0,7486,7486,completed,288
52451,Rigid,3544485,3544488,3544491,3,3,6,completed,36
52452,Rigid,3544544,3544544,3544867,0,323,323,completed,36
52453,Rigid,3544659,3544660,3545243,1,583,584,completed,36
52454,Rigid,3544901,3544901,3544936,0,35,35,completed,33
52455,Rigid,3545063,3545063,3545073,0,10,10,completed,1
52456,Rigid,3545063,3545089,3545095,26,6,32,completed,1
52457,Rigid,3545063,3588949,3588958,43886,9,43895,completed,1
52458,Rigid,3545174,3545174,3546678,0,1504,1504,completed,72
52459,Rigid,3545250,3545251,3714032,1,168781,168782,completed,288
52460,Rigid,3545289,3545290,3714094,1,168804,168805,completed,288
52461,Rigid,3545354,3545355,3904269,1,358914,358915,completed,2
52462,Rigid,3545354,3545355,3872159,1,326804,326805,completed,2
52463,Rigid,3545366,3650123,3822933,104757,172810,277567,completed,576
52464,Rigid,3545443,3545479,4584610,36,1039131,1039167,completed,432
52465,Rigid,3545500,3545500,3545936,0,436,436,completed,36
52466,Rigid,3545613,3545613,3545761,0,148,148,completed,36
52467,Rigid,3545738,3545738,3545774,0,36,36,completed,33
52468,Rigid,3545831,3545832,3545841,1,9,10,completed,1
52469,Rigid,3545832,3545852,3545857,20,5,25,completed,1
52470,Rigid,3545832,3591232,3591239,45400,7,45407,completed,1
52471,Rigid,3545967,3545968,3546188,1,220,221,completed,36
52472,Rigid,3546085,3546086,3546898,1,812,813,completed,36
52473,Rigid,3546156,3546157,3546221,1,64,65,completed,36
52474,Rigid,3546216,3546217,3546221,1,4,5,completed,1
52475,Rigid,3546350,3546351,3546355,1,4,5,completed,1
52476,Rigid,3546351,3546374,3546379,23,5,28,completed,1
52477,Rigid,3546351,3594887,3594891,48536,4,48540,completed,1
52478,Rigid,3546360,3546361,3549359,1,2998,2999,completed,36
52479,Rigid,3546452,3546453,3546456,1,3,4,completed,1
52480,Rigid,3546452,3546475,3546479,23,4,27,completed,1
52481,Rigid,3546452,3589990,3589995,43538,5,43543,completed,1
52482,Rigid,3546538,3546539,3892159,1,345620,345621,completed,432
52483,Rigid,3546541,3546543,3547109,2,566,568,completed,36
52484,Rigid,3546644,3546648,3546792,4,144,148,completed,36
52485,Rigid,3546655,3546656,3634873,1,88217,88218,completed,144
52486,Rigid,3546735,3546736,3546878,1,142,143,completed,36
52487,Rigid,3546852,3546853,3546857,1,4,5,completed,1
52488,Rigid,3546852,3551006,3551013,4154,7,4161,completed,1
52489,Rigid,3546852,3593463,3593471,46611,8,46619,completed,1
52490,Rigid,3546996,3546997,3550194,1,3197,3198,completed,36
52491,Rigid,3547003,3547003,3550199,0,3196,3196,completed,36
52492,Rigid,3547011,3547011,3547016,0,5,5,completed,1
52493,Rigid,3547011,3551016,3551021,4005,5,4010,completed,1
52494,Rigid,3547011,3593928,3593933,46917,5,46922,completed,1
52495,Rigid,3547076,3547076,3664880,0,117804,117804,completed,36
52496,Rigid,3547345,3547346,3547612,1,266,267,completed,144
52497,Rigid,3547845,3547848,3548457,3,609,612,completed,36
52498,Rigid,3548295,3548296,3549448,1,1152,1153,completed,144
52499,Rigid,3549209,3549210,3549236,1,26,27,completed,33
52500,Rigid,3549257,3549258,3558034,1,8776,8777,completed,108
52501,Rigid,3549454,3549454,3895055,0,345601,345601,completed,432
52502,Rigid,3549646,3549648,3549659,2,11,13,completed,144
52503,Rigid,3549665,3549665,3637879,0,88214,88214,completed,144
52504,Rigid,3549950,3549950,3549964,0,14,14,completed,1
52505,Rigid,3550041,3550041,3592319,0,42278,42278,completed,144
52506,Rigid,3550280,3550280,3733974,0,183694,183694,completed,1
52507,Rigid,3550283,3550284,3551300,1,1016,1017,completed,144
52508,Rigid,3550409,3550410,3550971,1,561,562,completed,144
52509,Rigid,3550471,3550471,3733974,0,183503,183503,completed,1
52510,Rigid,3550577,3550577,3553354,0,2777,2777,completed,36
52511,Rigid,3550637,3550638,3553432,1,2794,2795,completed,36
52512,Rigid,3550697,3550698,3553460,1,2762,2763,completed,36
52513,Rigid,3550957,3550957,3564548,0,13591,13591,completed,36
52514,Rigid,3551461,3551462,3552722,1,1260,1261,completed,144
52515,Rigid,3551462,3551462,3552717,0,1255,1255,completed,144
52516,Rigid,3551462,3551462,3552741,0,1279,1279,completed,144
52517,Rigid,3551462,3551462,3552733,0,1271,1271,completed,144
52518,Rigid,3551462,3551462,3552746,0,1284,1284,completed,144
52519,Rigid,3551462,3551462,3552751,0,1289,1289,completed,144
52520,Rigid,3551462,3551462,3552749,0,1287,1287,completed,144
52521,Rigid,3551462,3551462,3552752,0,1290,1290,completed,144
52522,Rigid,3551462,3551462,3552751,0,1289,1289,completed,144
52523,Rigid,3551462,3551462,3552739,0,1277,1277,completed,144
52524,Rigid,3551462,3551464,3552735,2,1271,1273,completed,144
52525,Rigid,3551462,3551464,3552736,2,1272,1274,completed,144
52526,Rigid,3551462,3551464,3552749,2,1285,1287,completed,144
52527,Rigid,3551462,3551464,3552739,2,1275,1277,completed,144
52528,Rigid,3551462,3551464,3552751,2,1287,1289,completed,144
52529,Rigid,3551981,3551982,3551988,1,6,7,completed,36
52530,Rigid,3552011,3552011,3552750,0,739,739,completed,144
52531,Rigid,3552041,3552041,3552047,0,6,6,completed,36
52532,Rigid,3552078,3552079,3564255,1,12176,12177,completed,36
52533,Rigid,3552120,3552121,3552129,1,8,9,completed,36
52534,Rigid,3552209,3552210,3552229,1,19,20,completed,36
52535,Rigid,3552349,3552349,3552370,0,21,21,completed,36
52536,Rigid,3552361,3552361,3560003,0,7642,7642,completed,288
52537,Rigid,3552422,3552423,3552481,1,58,59,completed,1
52538,Rigid,3552963,3552963,3553415,0,452,452,completed,36
52539,Rigid,3552964,3552966,3553417,2,451,453,completed,36
52540,Rigid,3552964,3552966,3553417,2,451,453,completed,36
52541,Rigid,3552964,3552966,3553418,2,452,454,completed,36
52542,Rigid,3552965,3552966,3553418,1,452,453,completed,36
52543,Rigid,3552965,3552966,3553417,1,451,452,completed,36
52544,Rigid,3552965,3552966,3553418,1,452,453,completed,36
52545,Rigid,3552966,3552966,3553416,0,450,450,completed,36
52546,Rigid,3552966,3552967,3553420,1,453,454,completed,36
52547,Rigid,3552966,3552967,3553420,1,453,454,completed,36
52548,Rigid,3552966,3552967,3553421,1,454,455,completed,36
52549,Rigid,3552967,3552967,3553421,0,454,454,completed,36
52550,Rigid,3552967,3552967,3553422,0,455,455,completed,36
52551,Rigid,3552967,3552971,3553425,4,454,458,completed,36
52552,Rigid,3552968,3552971,3553423,3,452,455,completed,36
52553,Rigid,3552968,3552971,3553421,3,450,453,completed,36
52554,Rigid,3553742,3553743,3553819,1,76,77,completed,36
52555,Rigid,3553848,3553849,3554583,1,734,735,completed,36
52556,Rigid,3553849,3553849,3554027,0,178,178,completed,36
52557,Rigid,3553850,3553853,3554579,3,726,729,completed,36
52558,Rigid,3553851,3553853,3554928,2,1075,1077,completed,36
52559,Rigid,3553860,3553861,3562323,1,8462,8463,completed,36
52560,Rigid,3553984,3553984,3562450,0,8466,8466,completed,36
52561,Rigid,3554004,3554005,3554008,1,3,4,completed,36
52562,Rigid,3554094,3554094,3557757,0,3663,3663,completed,288
52563,Rigid,3554149,3554149,3555366,0,1217,1217,completed,36
52564,Rigid,3554193,3554193,3562715,0,8522,8522,completed,36
52565,Rigid,3556261,3556261,3556317,0,56,56,completed,144
52566,Rigid,3556457,3556458,3557038,1,580,581,completed,36
52567,Rigid,3556488,3556489,3556809,1,320,321,completed,144
52568,Rigid,3556639,3556639,3556642,0,3,3,completed,2
52569,Rigid,3556642,3556643,3556665,1,22,23,completed,2
52570,Rigid,3557005,3557005,3557008,0,3,3,completed,2
52571,Rigid,3557007,3557009,3557038,2,29,31,completed,2
52572,Rigid,3557167,3557167,3565862,0,8695,8695,completed,36
52573,Rigid,3557391,3557392,3557406,1,14,15,completed,36
52574,Rigid,3557506,3557506,3557577,0,71,71,completed,36
52575,Rigid,3557564,3557565,3557567,1,2,3,completed,2
52576,Rigid,3557566,3557568,3557580,2,12,14,completed,2
52577,Rigid,3557566,3557581,3557605,15,24,39,completed,2
52578,Rigid,3557568,3557572,3558144,4,572,576,completed,36
52579,Rigid,3557669,3557670,3562436,1,4766,4767,completed,36
52580,Rigid,3557798,3557798,3557814,0,16,16,completed,2
52581,Rigid,3557800,3557802,3557811,2,9,11,completed,2
52582,Rigid,3557800,3557812,3557832,12,20,32,completed,2
52583,Rigid,3557800,3557833,3558226,33,393,426,completed,2
52584,Rigid,3557800,3557833,3558257,33,424,457,completed,2
52585,Rigid,3557800,3557833,3558212,33,379,412,completed,2
52586,Rigid,3557800,3557833,3558230,33,397,430,completed,2
52587,Rigid,3557800,3557833,3558313,33,480,513,completed,2
52588,Rigid,3557800,3557833,3558274,33,441,474,completed,2
52589,Rigid,3557800,3557833,3558270,33,437,470,completed,2
52590,Rigid,3557800,3557833,3558211,33,378,411,completed,2
52591,Rigid,3557801,3557833,3558180,32,347,379,completed,2
52592,Rigid,3557801,3557833,3558226,32,393,425,completed,2
52593,Rigid,3557801,3557833,3558191,32,358,390,completed,2
52594,Rigid,3557801,3557833,3558223,32,390,422,completed,2
52595,Rigid,3557801,3557833,3558265,32,432,464,completed,2
52596,Rigid,3557801,3557833,3558212,32,379,411,completed,2
52597,Rigid,3557801,3557833,3558389,32,556,588,completed,2
52598,Rigid,3557801,3557833,3558284,32,451,483,completed,2
52599,Rigid,3557801,3557833,3558283,32,450,482,completed,2
52600,Rigid,3557801,3557833,3558318,32,485,517,completed,2
52601,Rigid,3557801,3557833,3558394,32,561,593,completed,2
52602,Rigid,3557801,3557833,3558348,32,515,547,completed,2
52603,Rigid,3557801,3557833,3558204,32,371,403,completed,2
52604,Rigid,3557801,3557833,3558239,32,406,438,completed,2
52605,Rigid,3557801,3557833,3558357,32,524,556,completed,2
52606,Rigid,3557801,3557833,3558374,32,541,573,completed,2
52607,Rigid,3557801,3557833,3558365,32,532,564,completed,2
52608,Rigid,3557801,3557833,3558402,32,569,601,completed,2
52609,Rigid,3557801,3557833,3558316,32,483,515,completed,2
52610,Rigid,3557801,3557833,3558397,32,564,596,completed,2
52611,Rigid,3557801,3557833,3558368,32,535,567,completed,2
52612,Rigid,3557801,3557833,3558219,32,386,418,completed,2
52613,Rigid,3557801,3557833,3558167,32,334,366,completed,2
52614,Rigid,3557801,3557833,3558219,32,386,418,completed,2
52615,Rigid,3557801,3557833,3558197,32,364,396,completed,2
52616,Rigid,3557801,3557833,3558237,32,404,436,completed,2
52617,Rigid,3557801,3557833,3558194,32,361,393,completed,2
52618,Rigid,3557801,3557833,3558261,32,428,460,completed,2
52619,Rigid,3557801,3557833,3558332,32,499,531,completed,2
52620,Rigid,3557801,3557833,3558269,32,436,468,completed,2
52621,Rigid,3557801,3557833,3558201,32,368,400,completed,2
52622,Rigid,3557801,3557833,3558238,32,405,437,completed,2
52623,Rigid,3557801,3557833,3558258,32,425,457,completed,2
52624,Rigid,3557801,3557833,3558273,32,440,472,completed,2
52625,Rigid,3557801,3557833,3558358,32,525,557,completed,2
52626,Rigid,3557801,3557833,3558335,32,502,534,completed,2
52627,Rigid,3557801,3557833,3558197,32,364,396,completed,2
52628,Rigid,3557801,3557833,3558226,32,393,425,completed,2
52629,Rigid,3557801,3557833,3558349,32,516,548,completed,2
52630,Rigid,3557801,3557833,3558248,32,415,447,completed,2
52631,Rigid,3557801,3557833,3558199,32,366,398,completed,2
52632,Rigid,3557801,3557833,3558184,32,351,383,completed,2
52633,Rigid,3557801,3557833,3558385,32,552,584,completed,2
52634,Rigid,3557801,3557833,3558403,32,570,602,completed,2
52635,Rigid,3557801,3557833,3558380,32,547,579,completed,2
52636,Rigid,3557801,3557833,3558333,32,500,532,completed,2
52637,Rigid,3557801,3557833,3558282,32,449,481,completed,2
52638,Rigid,3557801,3557833,3558408,32,575,607,completed,2
52639,Rigid,3557801,3557833,3558355,32,522,554,completed,2
52640,Rigid,3557802,3557833,3558239,31,406,437,completed,2
52641,Rigid,3557802,3557833,3558204,31,371,402,completed,2
52642,Rigid,3557802,3557833,3558290,31,457,488,completed,2
52643,Rigid,3557802,3557833,3558210,31,377,408,completed,2
52644,Rigid,3557802,3557833,3558338,31,505,536,completed,2
52645,Rigid,3557802,3557833,3558322,31,489,520,completed,2
52646,Rigid,3557802,3557833,3558403,31,570,601,completed,2
52647,Rigid,3557802,3557833,3558407,31,574,605,completed,2
52648,Rigid,3557802,3557833,3558404,31,571,602,completed,2
52649,Rigid,3557802,3557833,3558409,31,576,607,completed,2
52650,Rigid,3557802,3557833,3558277,31,444,475,completed,2
52651,Rigid,3557802,3557833,3558176,31,343,374,completed,2
52652,Rigid,3557802,3557833,3558192,31,359,390,completed,2
52653,Rigid,3557802,3557833,3558294,31,461,492,completed,2
52654,Rigid,3557802,3557833,3558302,31,469,500,completed,2
52655,Rigid,3557802,3557833,3558361,31,528,559,completed,2
52656,Rigid,3557802,3557833,3558290,31,457,488,completed,2
52657,Rigid,3557802,3557833,3558209,31,376,407,completed,2
52658,Rigid,3557802,3557833,3558295,31,462,493,completed,2
52659,Rigid,3557802,3557833,3558295,31,462,493,completed,2
52660,Rigid,3557802,3557833,3558192,31,359,390,completed,2
52661,Rigid,3557802,3557833,3558326,31,493,524,completed,2
52662,Rigid,3557802,3557833,3558197,31,364,395,completed,2
52663,Rigid,3557802,3557833,3558352,31,519,550,completed,2
52664,Rigid,3557802,3557833,3558214,31,381,412,completed,2
52665,Rigid,3557802,3557833,3558214,31,381,412,completed,2
52666,Rigid,3557802,3557833,3558296,31,463,494,completed,2
52667,Rigid,3557802,3557833,3558321,31,488,519,completed,2
52668,Rigid,3557802,3557833,3558390,31,557,588,completed,2
52669,Rigid,3557802,3557833,3558270,31,437,468,completed,2
52670,Rigid,3557802,3557833,3558188,31,355,386,completed,2
52671,Rigid,3557802,3557833,3558313,31,480,511,completed,2
52672,Rigid,3557802,3557833,3558293,31,460,491,completed,2
52673,Rigid,3557802,3557833,3558365,31,532,563,completed,2
52674,Rigid,3557802,3557833,3558263,31,430,461,completed,2
52675,Rigid,3557802,3557833,3558214,31,381,412,completed,2
52676,Rigid,3557802,3557833,3558228,31,395,426,completed,2
52677,Rigid,3557802,3557833,3558211,31,378,409,completed,2
52678,Rigid,3557802,3557833,3558397,31,564,595,completed,2
52679,Rigid,3557802,3557833,3558388,31,555,586,completed,2
52680,Rigid,3557802,3557833,3558199,31,366,397,completed,2
52681,Rigid,3557802,3557833,3558259,31,426,457,completed,2
52682,Rigid,3557802,3557833,3558391,31,558,589,completed,2
52683,Rigid,3557802,3557833,3558398,31,565,596,completed,2
52684,Rigid,3557802,3557833,3558399,31,566,597,completed,2
52685,Rigid,3557802,3557833,3558310,31,477,508,completed,2
52686,Rigid,3557802,3557833,3558231,31,398,429,completed,2
52687,Rigid,3557802,3557833,3558310,31,477,508,completed,2
52688,Rigid,3557803,3557833,3558391,30,558,588,completed,2
52689,Rigid,3557803,3557833,3558404,30,571,601,completed,2
52690,Rigid,3557803,3557833,3558216,30,383,413,completed,2
52691,Rigid,3557803,3557833,3558205,30,372,402,completed,2
52692,Rigid,3557803,3557833,3558186,30,353,383,completed,2
52693,Rigid,3557803,3557833,3558282,30,449,479,completed,2
52694,Rigid,3557803,3557833,3558406,30,573,603,completed,2
52695,Rigid,3557803,3557833,3558380,30,547,577,completed,2
52696,Rigid,3557803,3557833,3558276,30,443,473,completed,2
52697,Rigid,3557803,3557833,3558324,30,491,521,completed,2
52698,Rigid,3557803,3557833,3558343,30,510,540,completed,2
52699,Rigid,3557803,3557833,3558390,30,557,587,completed,2
52700,Rigid,3557803,3557833,3558404,30,571,601,completed,2
52701,Rigid,3557803,3557833,3558399,30,566,596,completed,2
52702,Rigid,3557803,3557833,3558373,30,540,570,completed,2
52703,Rigid,3557803,3557833,3558212,30,379,409,completed,2
52704,Rigid,3557803,3557833,3558276,30,443,473,completed,2
52705,Rigid,3557803,3557833,3558214,30,381,411,completed,2
52706,Rigid,3557803,3557833,3558390,30,557,587,completed,2
52707,Rigid,3557803,3557833,3558210,30,377,407,completed,2
52708,Rigid,3557803,3557833,3558188,30,355,385,completed,2
52709,Rigid,3557803,3557833,3558270,30,437,467,completed,2
52710,Rigid,3557803,3557833,3558396,30,563,593,completed,2
52711,Rigid,3557803,3557833,3558325,30,492,522,completed,2
52712,Rigid,3557803,3557833,3558344,30,511,541,completed,2
52713,Rigid,3557803,3557833,3558338,30,505,535,completed,2
52714,Rigid,3557803,3557833,3558347,30,514,544,completed,2
52715,Rigid,3557803,3557833,3558381,30,548,578,completed,2
52716,Rigid,3557803,3557833,3558177,30,344,374,completed,2
52717,Rigid,3557803,3557833,3558201,30,368,398,completed,2
52718,Rigid,3557803,3557833,3558357,30,524,554,completed,2
52719,Rigid,3557803,3557833,3558365,30,532,562,completed,2
52720,Rigid,3557803,3557833,3558357,30,524,554,completed,2
52721,Rigid,3557803,3557833,3558360,30,527,557,completed,2
52722,Rigid,3557803,3557833,3558285,30,452,482,completed,2
52723,Rigid,3557803,3557833,3558314,30,481,511,completed,2
52724,Rigid,3557803,3557833,3558307,30,474,504,completed,2
52725,Rigid,3557803,3557833,3558224,30,391,421,completed,2
52726,Rigid,3557803,3557833,3558319,30,486,516,completed,2
52727,Rigid,3557803,3557833,3558184,30,351,381,completed,2
52728,Rigid,3557803,3557833,3558359,30,526,556,completed,2
52729,Rigid,3557803,3557833,3558313,30,480,510,completed,2
52730,Rigid,3557803,3557833,3558323,30,490,520,completed,2
52731,Rigid,3557803,3557833,3558338,30,505,535,completed,2
52732,Rigid,3557803,3557833,3558378,30,545,575,completed,2
52733,Rigid,3557803,3557833,3558204,30,371,401,completed,2
52734,Rigid,3557803,3557833,3558253,30,420,450,completed,2
52735,Rigid,3557803,3557833,3558332,30,499,529,completed,2
52736,Rigid,3557803,3557833,3558386,30,553,583,completed,2
52737,Rigid,3557803,3557833,3558223,30,390,420,completed,2
52738,Rigid,3557804,3557833,3558359,29,526,555,completed,2
52739,Rigid,3557804,3557833,3558277,29,444,473,completed,2
52740,Rigid,3557804,3557833,3558383,29,550,579,completed,2
52741,Rigid,3557804,3557833,3558328,29,495,524,completed,2
52742,Rigid,3557804,3557833,3558284,29,451,480,completed,2
52743,Rigid,3557804,3557833,3558230,29,397,426,completed,2
52744,Rigid,3557804,3557833,3558405,29,572,601,completed,2
52745,Rigid,3557804,3557833,3558219,29,386,415,completed,2
52746,Rigid,3557804,3557833,3558187,29,354,383,completed,2
52747,Rigid,3557804,3557833,3558262,29,429,458,completed,2
52748,Rigid,3557804,3557833,3558369,29,536,565,completed,2
52749,Rigid,3557804,3557833,3558380,29,547,576,completed,2
52750,Rigid,3557804,3557833,3558404,29,571,600,completed,2
52751,Rigid,3557804,3557833,3558403,29,570,599,completed,2
52752,Rigid,3557804,3557833,3558210,29,377,406,completed,2
52753,Rigid,3557804,3557833,3558205,29,372,401,completed,2
52754,Rigid,3557804,3557833,3558216,29,383,412,completed,2
52755,Rigid,3557804,3557833,3558319,29,486,515,completed,2
52756,Rigid,3557804,3557833,3558324,29,491,520,completed,2
52757,Rigid,3557804,3557833,3558404,29,571,600,completed,2
52758,Rigid,3557804,3557833,3558377,29,544,573,completed,2
52759,Rigid,3557804,3557833,3558260,29,427,456,completed,2
52760,Rigid,3557804,3557833,3558198,29,365,394,completed,2
52761,Rigid,3557804,3557833,3558386,29,553,582,completed,2
52762,Rigid,3557804,3557833,3558347,29,514,543,completed,2
52763,Rigid,3557804,3557833,3558190,29,357,386,completed,2
52764,Rigid,3557804,3557833,3558342,29,509,538,completed,2
52765,Rigid,3557804,3557833,3558279,29,446,475,completed,2
52766,Rigid,3557804,3557833,3558194,29,361,390,completed,2
52767,Rigid,3557804,3557833,3558374,29,541,570,completed,2
52768,Rigid,3557804,3557833,3558164,29,331,360,completed,2
52769,Rigid,3557804,3557833,3558210,29,377,406,completed,2
52770,Rigid,3557804,3557833,3558363,29,530,559,completed,2
52771,Rigid,3557804,3557833,3558197,29,364,393,completed,2
52772,Rigid,3557804,3557833,3558201,29,368,397,completed,2
52773,Rigid,3557804,3557833,3558345,29,512,541,completed,2
52774,Rigid,3557804,3557833,3558311,29,478,507,completed,2
52775,Rigid,3557804,3557833,3558310,29,477,506,completed,2
52776,Rigid,3557804,3557833,3558187,29,354,383,completed,2
52777,Rigid,3557804,3557833,3558337,29,504,533,completed,2
52778,Rigid,3557804,3557833,3558191,29,358,387,completed,2
52779,Rigid,3557804,3557833,3558251,29,418,447,completed,2
52780,Rigid,3557804,3557833,3558187,29,354,383,completed,2
52781,Rigid,3557804,3557833,3558316,29,483,512,completed,2
52782,Rigid,3557804,3557833,3558369,29,536,565,completed,2
52783,Rigid,3557804,3557833,3558202,29,369,398,completed,2
52784,Rigid,3557804,3557833,3558364,29,531,560,completed,2
52785,Rigid,3557805,3557833,3558204,28,371,399,completed,2
52786,Rigid,3557805,3557833,3558358,28,525,553,completed,2
52787,Rigid,3557805,3557833,3558283,28,450,478,completed,2
52788,Rigid,3557805,3557833,3558384,28,551,579,completed,2
52789,Rigid,3557805,3557833,3558238,28,405,433,completed,2
52790,Rigid,3557805,3557833,3558188,28,355,383,completed,2
52791,Rigid,3557805,3557833,3558312,28,479,507,completed,2
52792,Rigid,3557805,3557833,3558181,28,348,376,completed,2
52793,Rigid,3557805,3557833,3558217,28,384,412,completed,2
52794,Rigid,3557805,3557833,3558222,28,389,417,completed,2
52795,Rigid,3557805,3557833,3558223,28,390,418,completed,2
52796,Rigid,3557805,3557833,3558377,28,544,572,completed,2
52797,Rigid,3557805,3557833,3558195,28,362,390,completed,2
52798,Rigid,3557805,3557833,3558189,28,356,384,completed,2
52799,Rigid,3557805,3557833,3558261,28,428,456,completed,2
52800,Rigid,3557805,3557833,3558229,28,396,424,completed,2
52801,Rigid,3557805,3557833,3558182,28,349,377,completed,2
52802,Rigid,3557805,3557833,3558378,28,545,573,completed,2
52803,Rigid,3557805,3557833,3558313,28,480,508,completed,2
52804,Rigid,3557805,3557833,3558199,28,366,394,completed,2
52805,Rigid,3557805,3557833,3558284,28,451,479,completed,2
52806,Rigid,3557805,3557833,3558180,28,347,375,completed,2
52807,Rigid,3557805,3557833,3558323,28,490,518,completed,2
52808,Rigid,3557805,3557833,3558382,28,549,577,completed,2
52809,Rigid,3557805,3557833,3558216,28,383,411,completed,2
52810,Rigid,3557805,3557833,3558285,28,452,480,completed,2
52811,Rigid,3557805,3557833,3558368,28,535,563,completed,2
52812,Rigid,3557805,3557833,3558245,28,412,440,completed,2
52813,Rigid,3557805,3557833,3558302,28,469,497,completed,2
52814,Rigid,3557805,3557833,3558335,28,502,530,completed,2
52815,Rigid,3557805,3557833,3558189,28,356,384,completed,2
52816,Rigid,3557806,3557833,3558378,27,545,572,completed,2
52817,Rigid,3557806,3557833,3558268,27,435,462,completed,2
52818,Rigid,3557806,3557834,3558201,28,367,395,completed,2
52819,Rigid,3557806,3557834,3558166,28,332,360,completed,2
52820,Rigid,3557806,3557834,3558120,28,286,314,completed,2
52821,Rigid,3557806,3557834,3558324,28,490,518,completed,2
52822,Rigid,3557806,3557834,3558182,28,348,376,completed,2
52823,Rigid,3557806,3557834,3558306,28,472,500,completed,2
52824,Rigid,3557806,3557834,3558220,28,386,414,completed,2
52825,Rigid,3557806,3557850,3558179,44,329,373,completed,2
52826,Rigid,3557806,3557850,3558260,44,410,454,completed,2
52827,Rigid,3557806,3557850,3558280,44,430,474,completed,2
52828,Rigid,3557806,3557850,3558276,44,426,470,completed,2
52829,Rigid,3557806,3557850,3558368,44,518,562,completed,2
52830,Rigid,3557806,3557850,3558382,44,532,576,completed,2
52831,Rigid,3557806,3557850,3558320,44,470,514,completed,2
52832,Rigid,3557806,3557850,3558398,44,548,592,completed,2
52833,Rigid,3557806,3557850,3558375,44,525,569,completed,2
52834,Rigid,3557806,3557850,3558395,44,545,589,completed,2
52835,Rigid,3557806,3557850,3558349,44,499,543,completed,2
52836,Rigid,3557806,3557850,3558359,44,509,553,completed,2
52837,Rigid,3557806,3557850,3558400,44,550,594,completed,2
52838,Rigid,3557806,3557850,3558387,44,537,581,completed,2
52839,Rigid,3557806,3557850,3558239,44,389,433,completed,2
52840,Rigid,3557806,3557850,3558280,44,430,474,completed,2
52841,Rigid,3557806,3557850,3558224,44,374,418,completed,2
52842,Rigid,3557806,3557850,3558363,44,513,557,completed,2
52843,Rigid,3557806,3557850,3558369,44,519,563,completed,2
52844,Rigid,3557806,3557850,3558243,44,393,437,completed,2
52845,Rigid,3557806,3557850,3558223,44,373,417,completed,2
52846,Rigid,3557806,3557850,3558388,44,538,582,completed,2
52847,Rigid,3557806,3557850,3558319,44,469,513,completed,2
52848,Rigid,3557806,3557850,3558308,44,458,502,completed,2
52849,Rigid,3557807,3557850,3558302,43,452,495,completed,2
52850,Rigid,3557807,3557850,3558408,43,558,601,completed,2
52851,Rigid,3557807,3557850,3558212,43,362,405,completed,2
52852,Rigid,3557807,3557850,3558278,43,428,471,completed,2
52853,Rigid,3557807,3557850,3558408,43,558,601,completed,2
52854,Rigid,3557807,3557850,3558331,43,481,524,completed,2
52855,Rigid,3557807,3557850,3558383,43,533,576,completed,2
52856,Rigid,3557807,3557850,3558264,43,414,457,completed,2
52857,Rigid,3557807,3557850,3558322,43,472,515,completed,2
52858,Rigid,3557807,3557850,3558248,43,398,441,completed,2
52859,Rigid,3557807,3557850,3558314,43,464,507,completed,2
52860,Rigid,3557807,3557850,3558203,43,353,396,completed,2
52861,Rigid,3557807,3557850,3558396,43,546,589,completed,2
52862,Rigid,3557807,3557850,3558409,43,559,602,completed,2
52863,Rigid,3557807,3557850,3558409,43,559,602,completed,2
52864,Rigid,3557807,3557850,3558410,43,560,603,completed,2
52865,Rigid,3557807,3557850,3558402,43,552,595,completed,2
52866,Rigid,3557807,3557850,3558275,43,425,468,completed,2
52867,Rigid,3557807,3557850,3558220,43,370,413,completed,2
52868,Rigid,3557807,3557850,3558403,43,553,596,completed,2
52869,Rigid,3557807,3557850,3558390,43,540,583,completed,2
52870,Rigid,3557807,3557850,3558289,43,439,482,completed,2
52871,Rigid,3557807,3557850,3558252,43,402,445,completed,2
52872,Rigid,3557807,3557850,3558201,43,351,394,completed,2
52873,Rigid,3557807,3557850,3558344,43,494,537,completed,2
52874,Rigid,3557807,3557850,3558391,43,541,584,completed,2
52875,Rigid,3557807,3557850,3558408,43,558,601,completed,2
52876,Rigid,3557807,3557850,3558389,43,539,582,completed,2
52877,Rigid,3557807,3557850,3558368,43,518,561,completed,2
52878,Rigid,3557807,3557850,3558201,43,351,394,completed,2
52879,Rigid,3557807,3557850,3558278,43,428,471,completed,2
52880,Rigid,3557807,3557850,3558360,43,510,553,completed,2
52881,Rigid,3557807,3557850,3558406,43,556,599,completed,2
52882,Rigid,3557807,3557850,3558303,43,453,496,completed,2
52883,Rigid,3557807,3557850,3558226,43,376,419,completed,2
52884,Rigid,3557807,3557850,3558286,43,436,479,completed,2
52885,Rigid,3557807,3557850,3558219,43,369,412,completed,2
52886,Rigid,3557807,3557850,3558245,43,395,438,completed,2
52887,Rigid,3557807,3557850,3558248,43,398,441,completed,2
52888,Rigid,3557807,3557850,3558385,43,535,578,completed,2
52889,Rigid,3557807,3557850,3558190,43,340,383,completed,2
52890,Rigid,3557807,3557850,3558262,43,412,455,completed,2
52891,Rigid,3557807,3557850,3558303,43,453,496,completed,2
52892,Rigid,3557807,3557850,3558332,43,482,525,completed,2
52893,Rigid,3557807,3557850,3558367,43,517,560,completed,2
52894,Rigid,3557807,3557850,3558389,43,539,582,completed,2
52895,Rigid,3557807,3557850,3558195,43,345,388,completed,2
52896,Rigid,3557807,3557850,3558278,43,428,471,completed,2
52897,Rigid,3557807,3557850,3558329,43,479,522,completed,2
52898,Rigid,3557807,3557850,3558268,43,418,461,completed,2
52899,Rigid,3557807,3557850,3558331,43,481,524,completed,2
52900,Rigid,3557807,3557850,3558393,43,543,586,completed,2
52901,Rigid,3557808,3557850,3558197,42,347,389,completed,2
52902,Rigid,3557808,3557850,3558226,42,376,418,completed,2
52903,Rigid,3557808,3557850,3558272,42,422,464,completed,2
52904,Rigid,3557808,3557850,3558183,42,333,375,completed,2
52905,Rigid,3557808,3557850,3558395,42,545,587,completed,2
52906,Rigid,3557808,3557850,3558229,42,379,421,completed,2
52907,Rigid,3557808,3557850,3558185,42,335,377,completed,2
52908,Rigid,3557808,3557850,3558200,42,350,392,completed,2
52909,Rigid,3557808,3557850,3558246,42,396,438,completed,2
52910,Rigid,3557808,3557850,3558312,42,462,504,completed,2
52911,Rigid,3557808,3557850,3558237,42,387,429,completed,2
52912,Rigid,3557808,3557850,3558227,42,377,419,completed,2
52913,Rigid,3557808,3557850,3558186,42,336,378,completed,2
52914,Rigid,3557808,3557850,3558386,42,536,578,completed,2
52915,Rigid,3557808,3557850,3558373,42,523,565,completed,2
52916,Rigid,3557808,3557850,3558359,42,509,551,completed,2
52917,Rigid,3557808,3557850,3558297,42,447,489,completed,2
52918,Rigid,3557808,3557850,3558392,42,542,584,completed,2
52919,Rigid,3557808,3557850,3558338,42,488,530,completed,2
52920,Rigid,3557808,3557850,3558277,42,427,469,completed,2
52921,Rigid,3557808,3557850,3558209,42,359,401,completed,2
52922,Rigid,3557808,3557850,3558300,42,450,492,completed,2
52923,Rigid,3557808,3557850,3558358,42,508,550,completed,2
52924,Rigid,3557808,3557850,3558356,42,506,548,completed,2
52925,Rigid,3557808,3557850,3558401,42,551,593,completed,2
52926,Rigid,3557808,3557850,3558348,42,498,540,completed,2
52927,Rigid,3557808,3557850,3558397,42,547,589,completed,2
52928,Rigid,3557808,3557850,3558350,42,500,542,completed,2
52929,Rigid,3557808,3557850,3558254,42,404,446,completed,2
52930,Rigid,3557808,3557850,3558188,42,338,380,completed,2
52931,Rigid,3557808,3557850,3558370,42,520,562,completed,2
52932,Rigid,3557808,3557850,3558246,42,396,438,completed,2
52933,Rigid,3557808,3557850,3558322,42,472,514,completed,2
52934,Rigid,3557808,3557850,3558390,42,540,582,completed,2
52935,Rigid,3557808,3557850,3558379,42,529,571,completed,2
52936,Rigid,3557808,3557850,3558205,42,355,397,completed,2
52937,Rigid,3557808,3557850,3558404,42,554,596,completed,2
52938,Rigid,3557808,3557850,3558296,42,446,488,completed,2
52939,Rigid,3557808,3557850,3558229,42,379,421,completed,2
52940,Rigid,3557808,3557850,3558387,42,537,579,completed,2
52941,Rigid,3557808,3557850,3558268,42,418,460,completed,2
52942,Rigid,3557808,3557850,3558247,42,397,439,completed,2
52943,Rigid,3557808,3557850,3558180,42,330,372,completed,2
52944,Rigid,3557808,3557850,3558224,42,374,416,completed,2
52945,Rigid,3557808,3557850,3558341,42,491,533,completed,2
52946,Rigid,3557808,3557850,3558395,42,545,587,completed,2
52947,Rigid,3557808,3557850,3558338,42,488,530,completed,2
52948,Rigid,3557808,3557850,3558397,42,547,589,completed,2
52949,Rigid,3557808,3557850,3558330,42,480,522,completed,2
52950,Rigid,3557809,3557850,3558250,41,400,441,completed,2
52951,Rigid,3557809,3557851,3558284,42,433,475,completed,2
52952,Rigid,3557809,3557851,3558229,42,378,420,completed,2
52953,Rigid,3557809,3557851,3558374,42,523,565,completed,2
52954,Rigid,3557809,3557851,3558320,42,469,511,completed,2
52955,Rigid,3557809,3557851,3558328,42,477,519,completed,2
52956,Rigid,3557809,3557851,3558400,42,549,591,completed,2
52957,Rigid,3557809,3557851,3558354,42,503,545,completed,2
52958,Rigid,3557809,3557851,3558392,42,541,583,completed,2
52959,Rigid,3557809,3557851,3558334,42,483,525,completed,2
52960,Rigid,3557809,3557851,3558198,42,347,389,completed,2
52961,Rigid,3557809,3557851,3558345,42,494,536,completed,2
52962,Rigid,3557809,3557851,3558194,42,343,385,completed,2
52963,Rigid,3557809,3557851,3558239,42,388,430,completed,2
52964,Rigid,3557809,3557851,3558274,42,423,465,completed,2
52965,Rigid,3557809,3557851,3558313,42,462,504,completed,2
52966,Rigid,3557809,3557851,3558172,42,321,363,completed,2
52967,Rigid,3557809,3557851,3558330,42,479,521,completed,2
52968,Rigid,3557809,3557851,3558218,42,367,409,completed,2
52969,Rigid,3557809,3557851,3558340,42,489,531,completed,2
52970,Rigid,3557809,3557851,3558383,42,532,574,completed,2
52971,Rigid,3557809,3557851,3558312,42,461,503,completed,2
52972,Rigid,3557809,3557851,3558400,42,549,591,completed,2
52973,Rigid,3557809,3557851,3558352,42,501,543,completed,2
52974,Rigid,3557809,3557851,3558196,42,345,387,completed,2
52975,Rigid,3557809,3557851,3558263,42,412,454,completed,2
52976,Rigid,3557809,3557851,3558177,42,326,368,completed,2
52977,Rigid,3557809,3557851,3558226,42,375,417,completed,2
52978,Rigid,3557809,3557851,3558257,42,406,448,completed,2
52979,Rigid,3557809,3557851,3558286,42,435,477,completed,2
52980,Rigid,3557809,3557851,3558278,42,427,469,completed,2
52981,Rigid,3557809,3557851,3558259,42,408,450,completed,2
52982,Rigid,3557809,3557851,3558392,42,541,583,completed,2
52983,Rigid,3557809,3557851,3558341,42,490,532,completed,2
52984,Rigid,3557809,3557851,3558196,42,345,387,completed,2
52985,Rigid,3557809,3557851,3558148,42,297,339,completed,2
52986,Rigid,3557809,3557851,3558266,42,415,457,completed,2
52987,Rigid,3557809,3557851,3558328,42,477,519,completed,2
52988,Rigid,3557809,3557851,3558395,42,544,586,completed,2
52989,Rigid,3557809,3557851,3558284,42,433,475,completed,2
52990,Rigid,3557809,3557851,3558183,42,332,374,completed,2
52991,Rigid,3557809,3557851,3558267,42,416,458,completed,2
52992,Rigid,3557809,3557851,3558395,42,544,586,completed,2
52993,Rigid,3557809,3557851,3558397,42,546,588,completed,2
52994,Rigid,3557809,3557851,3558374,42,523,565,completed,2
52995,Rigid,3557810,3557851,3558224,41,373,414,completed,2
52996,Rigid,3557810,3557851,3558406,41,555,596,completed,2
52997,Rigid,3557810,3557851,3558347,41,496,537,completed,2
52998,Rigid,3557810,3557851,3558314,41,463,504,completed,2
52999,Rigid,3557810,3557851,3558241,41,390,431,completed,2
53000,Rigid,3557810,3557851,3558238,41,387,428,completed,2
53001,Rigid,3557810,3557851,3558403,41,552,593,completed,2
53002,Rigid,3557810,3557851,3558301,41,450,491,completed,2
53003,Rigid,3557810,3557851,3558404,41,553,594,completed,2
53004,Rigid,3557810,3557851,3558344,41,493,534,completed,2
53005,Rigid,3557810,3557851,3558288,41,437,478,completed,2
53006,Rigid,3557810,3557851,3558208,41,357,398,completed,2
53007,Rigid,3557810,3557851,3558196,41,345,386,completed,2
53008,Rigid,3557810,3557851,3558351,41,500,541,completed,2
53009,Rigid,3557810,3557851,3558273,41,422,463,completed,2
53010,Rigid,3557810,3557851,3558330,41,479,520,completed,2
53011,Rigid,3557810,3557851,3558398,41,547,588,completed,2
53012,Rigid,3557810,3557851,3558312,41,461,502,completed,2
53013,Rigid,3557810,3557851,3558267,41,416,457,completed,2
53014,Rigid,3557810,3557851,3558275,41,424,465,completed,2
53015,Rigid,3557810,3557851,3558262,41,411,452,completed,2
53016,Rigid,3557810,3557851,3558240,41,389,430,completed,2
53017,Rigid,3557810,3557851,3558375,41,524,565,completed,2
53018,Rigid,3557810,3557851,3558221,41,370,411,completed,2
53019,Rigid,3557810,3557851,3558404,41,553,594,completed,2
53020,Rigid,3557810,3557851,3558296,41,445,486,completed,2
53021,Rigid,3557810,3557851,3558289,41,438,479,completed,2
53022,Rigid,3557810,3557851,3558200,41,349,390,completed,2
53023,Rigid,3557810,3557851,3558279,41,428,469,completed,2
53024,Rigid,3557810,3557851,3558398,41,547,588,completed,2
53025,Rigid,3557810,3557851,3558176,41,325,366,completed,2
53026,Rigid,3557810,3557851,3558405,41,554,595,completed,2
53027,Rigid,3557810,3557851,3558320,41,469,510,completed,2
53028,Rigid,3557810,3557851,3558184,41,333,374,completed,2
53029,Rigid,3557811,3557851,3558218,40,367,407,completed,2
53030,Rigid,3557980,3557981,3558043,1,62,63,completed,36
53031,Rigid,3558101,3558101,3786430,0,228329,228329,completed,36
53032,Rigid,3558302,3558303,3787168,1,228865,228866,completed,36
53033,Rigid,3558933,3558934,3559864,1,930,931,completed,144
53034,Rigid,3558948,3558948,3560200,0,1252,1252,completed,144
53035,Rigid,3559461,3559462,3560683,1,1221,1222,completed,1
53036,Rigid,3560016,3560017,3560918,1,901,902,completed,1
53037,Rigid,3560374,3560375,3563603,1,3228,3229,completed,36
53038,Rigid,3560467,3560467,3560749,0,282,282,completed,144
53039,Rigid,3560598,3560599,3562401,1,1802,1803,completed,144
53040,Rigid,3560662,3560663,3560672,1,9,10,completed,36
53041,Rigid,3560792,3560793,3560884,1,91,92,completed,36
53042,Rigid,3560953,3560953,3563755,0,2802,2802,completed,36
53043,Rigid,3561013,3561013,3563779,0,2766,2766,completed,36
53044,Rigid,3561073,3561078,3563829,5,2751,2756,completed,36
53045,Rigid,3561707,3561707,3561719,0,12,12,completed,1
53046,Rigid,3561790,3561791,3562443,1,652,653,completed,36
53047,Rigid,3562367,3562367,3563288,0,921,921,completed,1
53048,Rigid,3562518,3562518,3562680,0,162,162,completed,36
53049,Rigid,3562781,3562782,3563983,1,1201,1202,completed,36
53050,Rigid,3562951,3562952,3562968,1,16,17,completed,2
53051,Rigid,3562954,3562955,3562964,1,9,10,completed,2
53052,Rigid,3563035,3563035,3565837,0,2802,2802,completed,288
53053,Rigid,3563044,3563044,3563058,0,14,14,completed,2
53054,Rigid,3564189,3564190,3564209,1,19,20,completed,2
53055,Rigid,3564192,3564194,3564213,2,19,21,completed,2
53056,Rigid,3564300,3564301,3564349,1,48,49,completed,144
53057,Rigid,3564390,3564390,3564724,0,334,334,completed,144
53058,Rigid,3564435,3564436,3564450,1,14,15,completed,2
53059,Rigid,3564437,3564438,3564450,1,12,13,completed,2
53060,Rigid,3564460,3564461,3566748,1,2287,2288,completed,144
53061,Rigid,3564495,3564496,3564498,1,2,3,completed,2
53062,Rigid,3564498,3564499,3564511,1,12,13,completed,2
53063,Rigid,3564524,3564524,3564803,0,279,279,completed,144
53064,Rigid,3564606,3564606,3564608,0,2,2,completed,2
53065,Rigid,3564608,3564610,3564620,2,10,12,completed,2
53066,Rigid,3564608,3564622,3564644,14,22,36,completed,2
53067,Rigid,3564608,3564645,3564956,37,311,348,completed,1
53068,Rigid,3564608,3564645,3564980,37,335,372,completed,1
53069,Rigid,3564608,3564645,3564968,37,323,360,completed,1
53070,Rigid,3564608,3564645,3564999,37,354,391,completed,1
53071,Rigid,3564608,3564645,3565016,37,371,408,completed,1
53072,Rigid,3564608,3564645,3565029,37,384,421,completed,1
53073,Rigid,3564608,3564645,3564981,37,336,373,completed,1
53074,Rigid,3564608,3564645,3565012,37,367,404,completed,1
53075,Rigid,3564608,3564645,3565003,37,358,395,completed,1
53076,Rigid,3564608,3564645,3564936,37,291,328,completed,1
53077,Rigid,3564645,3564645,3566467,0,1822,1822,completed,36
53078,Rigid,3564663,3564664,3568172,1,3508,3509,completed,36
53079,Rigid,3564678,3564679,3568106,1,3427,3428,completed,36
53080,Rigid,3564774,3564775,3565999,1,1224,1225,completed,1
53081,Rigid,3564898,3564901,3565087,3,186,189,completed,144
53082,Rigid,3565075,3565075,3565354,0,279,279,completed,144
53083,Rigid,3565219,3565219,3565221,0,2,2,completed,1
53084,Rigid,3565221,3565222,3565233,1,11,12,completed,1
53085,Rigid,3565221,3565235,3565257,14,22,36,completed,1
53086,Rigid,3565221,3565259,3565634,38,375,413,completed,1
53087,Rigid,3565221,3565259,3565610,38,351,389,completed,1
53088,Rigid,3565221,3565259,3565625,38,366,404,completed,1
53089,Rigid,3565221,3565259,3565608,38,349,387,completed,1
53090,Rigid,3565221,3565259,3565721,38,462,500,completed,1
53091,Rigid,3565221,3565259,3565651,38,392,430,completed,1
53092,Rigid,3565221,3565259,3565639,38,380,418,completed,1
53093,Rigid,3565221,3565259,3565730,38,471,509,completed,1
53094,Rigid,3565221,3565259,3565647,38,388,426,completed,1
53095,Rigid,3565221,3565259,3565551,38,292,330,completed,1
53096,Rigid,3565221,3565222,3565235,1,13,14,completed,1
53097,Rigid,3565377,3565381,3565531,4,150,154,completed,144
53098,Rigid,3565681,3565682,3565831,1,149,150,completed,144
53099,Rigid,3565745,3565746,3565748,1,2,3,completed,1
53100,Rigid,3565748,3565750,3565761,2,11,13,completed,1
53101,Rigid,3565748,3565763,3565787,15,24,39,completed,1
53102,Rigid,3565748,3565788,3566148,40,360,400,completed,1
53103,Rigid,3565748,3565788,3566151,40,363,403,completed,1
53104,Rigid,3565748,3565788,3566166,40,378,418,completed,1
53105,Rigid,3565748,3565788,3566153,40,365,405,completed,1
53106,Rigid,3565748,3565788,3566216,40,428,468,completed,1
53107,Rigid,3565748,3565788,3566162,40,374,414,completed,1
53108,Rigid,3565748,3565788,3566208,40,420,460,completed,1
53109,Rigid,3565748,3565788,3566192,40,404,444,completed,1
53110,Rigid,3565748,3565788,3566198,40,410,450,completed,1
53111,Rigid,3565748,3565788,3566083,40,295,335,completed,1
53112,Rigid,3566347,3566348,3566350,1,2,3,completed,1
53113,Rigid,3566350,3566351,3566363,1,12,13,completed,1
53114,Rigid,3566350,3566364,3566387,14,23,37,completed,1
53115,Rigid,3566350,3566388,3566714,38,326,364,completed,1
53116,Rigid,3566350,3566388,3566714,38,326,364,completed,1
53117,Rigid,3566350,3566388,3566714,38,326,364,completed,1
53118,Rigid,3566350,3566388,3566714,38,326,364,completed,1
53119,Rigid,3566350,3566388,3566714,38,326,364,completed,1
53120,Rigid,3566350,3566388,3566714,38,326,364,completed,1
53121,Rigid,3566350,3566388,3566714,38,326,364,completed,1
53122,Rigid,3566350,3566388,3566714,38,326,364,completed,1
53123,Rigid,3566350,3566388,3566714,38,326,364,completed,1
53124,Rigid,3566350,3566388,3566648,38,260,298,completed,1
53125,Rigid,3566577,3566581,3566707,4,126,130,completed,32
53126,Rigid,3566723,3566724,3566726,1,2,3,completed,1
53127,Rigid,3566726,3566728,3566739,2,11,13,completed,1
53128,Rigid,3566726,3566740,3566763,14,23,37,completed,1
53129,Rigid,3566726,3566764,3567120,38,356,394,completed,1
53130,Rigid,3566726,3566764,3567125,38,361,399,completed,1
53131,Rigid,3566726,3566764,3567170,38,406,444,completed,1
53132,Rigid,3566726,3566764,3567133,38,369,407,completed,1
53133,Rigid,3566726,3566764,3567182,38,418,456,completed,1
53134,Rigid,3566726,3566764,3567181,38,417,455,completed,1
53135,Rigid,3566726,3566764,3567222,38,458,496,completed,1
53136,Rigid,3566726,3566764,3567216,38,452,490,completed,1
53137,Rigid,3566726,3566764,3567166,38,402,440,completed,1
53138,Rigid,3566726,3566764,3567033,38,269,307,completed,1
53139,Rigid,3566923,3566923,3912534,0,345611,345611,completed,36
53140,Rigid,3566923,3566923,3912534,0,345611,345611,completed,36
53141,Rigid,3566923,3566924,3912534,1,345610,345611,completed,36
53142,Rigid,3566923,3566924,3912534,1,345610,345611,completed,36
53143,Rigid,3566923,3566924,3912534,1,345610,345611,completed,36
53144,Rigid,3566923,3566924,3912534,1,345610,345611,completed,36
53145,Rigid,3566923,3566924,3912534,1,345610,345611,completed,36
53146,Rigid,3566923,3566924,3912534,1,345610,345611,completed,36
53147,Rigid,3566923,3566924,3912534,1,345610,345611,completed,36
53148,Rigid,3566923,3566924,3912534,1,345610,345611,completed,36
53149,Rigid,3566923,3566924,3912534,1,345610,345611,completed,36
53150,Rigid,3566923,3566924,3912534,1,345610,345611,completed,36
53151,Rigid,3566923,3566924,3567046,1,122,123,completed,36
53152,Rigid,3566923,3566924,3912534,1,345610,345611,completed,36
53153,Rigid,3566923,3566924,3912534,1,345610,345611,completed,36
53154,Rigid,3566923,3566924,3912534,1,345610,345611,completed,36
53155,Rigid,3566923,3566924,3912534,1,345610,345611,completed,36
53156,Rigid,3566923,3566924,3912534,1,345610,345611,completed,36
53157,Rigid,3566923,3566924,3912534,1,345610,345611,completed,36
53158,Rigid,3566923,3566924,3567046,1,122,123,completed,36
53159,Rigid,3566923,3566924,3912534,1,345610,345611,completed,36
53160,Rigid,3566923,3566924,3912534,1,345610,345611,completed,36
53161,Rigid,3566923,3566924,3912534,1,345610,345611,completed,36
53162,Rigid,3566923,3566924,3912534,1,345610,345611,completed,36
53163,Rigid,3566923,3566924,3912534,1,345610,345611,completed,36
53164,Rigid,3566923,3566924,3912534,1,345610,345611,completed,36
53165,Rigid,3566923,3566924,3912534,1,345610,345611,completed,36
53166,Rigid,3566923,3566924,3912534,1,345610,345611,completed,36
53167,Rigid,3566923,3566924,3912534,1,345610,345611,completed,36
53168,Rigid,3566923,3566924,3567046,1,122,123,completed,36
53169,Rigid,3566923,3566924,3912534,1,345610,345611,completed,36
53170,Rigid,3566923,3566924,3912534,1,345610,345611,completed,36
53171,Rigid,3566923,3566924,3912534,1,345610,345611,completed,36
53172,Rigid,3567068,3567068,3567124,0,56,56,completed,36
53173,Rigid,3567068,3567068,3567112,0,44,44,completed,36
53174,Rigid,3567068,3567068,3567389,0,321,321,completed,36
53175,Rigid,3567068,3567068,3567180,0,112,112,completed,36
53176,Rigid,3567068,3567068,3567202,0,134,134,completed,36
53177,Rigid,3567068,3567068,3567181,0,113,113,completed,36
53178,Rigid,3567068,3567068,3567269,0,201,201,completed,36
53179,Rigid,3567068,3567068,3567125,0,57,57,completed,36
53180,Rigid,3567068,3567068,3567147,0,79,79,completed,36
53181,Rigid,3567068,3567068,3567242,0,174,174,completed,36
53182,Rigid,3567068,3567068,3567240,0,172,172,completed,36
53183,Rigid,3567068,3567068,3567383,0,315,315,completed,36
53184,Rigid,3567068,3567068,3567491,0,423,423,completed,36
53185,Rigid,3567068,3567068,3567272,0,204,204,completed,36
53186,Rigid,3567068,3567068,3567421,0,353,353,completed,36
53187,Rigid,3567068,3567068,3567351,0,283,283,completed,36
53188,Rigid,3567068,3567068,3567246,0,178,178,completed,36
53189,Rigid,3567068,3567068,3567122,0,54,54,completed,36
53190,Rigid,3567068,3567068,3567171,0,103,103,completed,36
53191,Rigid,3567068,3567068,3567180,0,112,112,completed,36
53192,Rigid,3567068,3567068,3567144,0,76,76,completed,36
53193,Rigid,3567068,3567068,3567184,0,116,116,completed,36
53194,Rigid,3567068,3567068,3567156,0,88,88,completed,36
53195,Rigid,3567068,3567068,3567181,0,113,113,completed,36
53196,Rigid,3567068,3567068,3567208,0,140,140,completed,36
53197,Rigid,3567068,3567068,3567135,0,67,67,completed,36
53198,Rigid,3567068,3567068,3567183,0,115,115,completed,36
53199,Rigid,3567068,3567068,3567274,0,206,206,completed,36
53200,Rigid,3567068,3567068,3567177,0,109,109,completed,36
53201,Rigid,3567068,3567068,3567170,0,102,102,completed,36
53202,Rigid,3567068,3567068,3567127,0,59,59,completed,36
53203,Rigid,3567068,3567068,3567129,0,61,61,completed,36
53204,Rigid,3567068,3567068,3567299,0,231,231,completed,36
53205,Rigid,3567068,3567068,3567429,0,361,361,completed,36
53206,Rigid,3567068,3567068,3567135,0,67,67,completed,36
53207,Rigid,3567068,3567068,3567128,0,60,60,completed,36
53208,Rigid,3567068,3567068,3567168,0,100,100,completed,36
53209,Rigid,3567068,3567068,3567297,0,229,229,completed,36
53210,Rigid,3567068,3567068,3567176,0,108,108,completed,36
53211,Rigid,3567068,3567068,3567365,0,297,297,completed,36
53212,Rigid,3567068,3567068,3567162,0,94,94,completed,36
53213,Rigid,3567068,3567068,3567553,0,485,485,completed,36
53214,Rigid,3567068,3567068,3567499,0,431,431,completed,36
53215,Rigid,3567068,3567068,3567195,0,127,127,completed,36
53216,Rigid,3567068,3567068,3567274,0,206,206,completed,36
53217,Rigid,3567068,3567068,3567399,0,331,331,completed,36
53218,Rigid,3567068,3567068,3567235,0,167,167,completed,36
53219,Rigid,3567068,3567068,3567741,0,673,673,completed,36
53220,Rigid,3567068,3567068,3567618,0,550,550,completed,36
53221,Rigid,3567068,3567068,3567609,0,541,541,completed,36
53222,Rigid,3567068,3567068,3567141,0,73,73,completed,36
53223,Rigid,3567068,3567068,3567146,0,78,78,completed,36
53224,Rigid,3567068,3567068,3567952,0,884,884,completed,36
53225,Rigid,3567068,3567068,3567362,0,294,294,completed,36
53226,Rigid,3567068,3567068,3567479,0,411,411,completed,36
53227,Rigid,3567068,3567068,3567186,0,118,118,completed,36
53228,Rigid,3567068,3567068,3567151,0,83,83,completed,36
53229,Rigid,3567068,3567068,3567765,0,697,697,completed,36
53230,Rigid,3567068,3567113,3567296,45,183,228,completed,36
53231,Rigid,3567068,3567122,3567228,54,106,160,completed,36
53232,Rigid,3567068,3567126,3567244,58,118,176,completed,36
53233,Rigid,3567068,3567126,3567297,58,171,229,completed,36
53234,Rigid,3567068,3567128,3567262,60,134,194,completed,36
53235,Rigid,3567068,3567128,3567426,60,298,358,completed,36
53236,Rigid,3567068,3567129,3567271,61,142,203,completed,36
53237,Rigid,3567068,3567137,3567325,69,188,257,completed,36
53238,Rigid,3567068,3567137,3567196,69,59,128,completed,36
53239,Rigid,3567068,3567141,3567448,73,307,380,completed,36
53240,Rigid,3567068,3567145,3572332,77,5187,5264,completed,36
53241,Rigid,3567068,3567147,3567782,79,635,714,completed,36
53242,Rigid,3567068,3567147,3567231,79,84,163,completed,36
53243,Rigid,3567068,3567152,3567237,84,85,169,completed,36
53244,Rigid,3567068,3567157,3567608,89,451,540,completed,36
53245,Rigid,3567068,3567163,3567301,95,138,233,completed,36
53246,Rigid,3567068,3567169,3567283,101,114,215,completed,36
53247,Rigid,3567068,3567171,3567362,103,191,294,completed,36
53248,Rigid,3567068,3567171,3567217,103,46,149,completed,36
53249,Rigid,3567068,3567177,3567243,109,66,175,completed,36
53250,Rigid,3567068,3567177,3567238,109,61,170,completed,36
53251,Rigid,3567068,3567181,3567224,113,43,156,completed,36
53252,Rigid,3567068,3567181,3567246,113,65,178,completed,36
53253,Rigid,3567068,3567181,3568859,113,1678,1791,completed,36
53254,Rigid,3567068,3567181,3567750,113,569,682,completed,36
53255,Rigid,3567068,3567184,3567838,116,654,770,completed,36
53256,Rigid,3567068,3567184,3568940,116,1756,1872,completed,36
53257,Rigid,3567068,3567187,3567674,119,487,606,completed,36
53258,Rigid,3567068,3567196,3567363,128,167,295,completed,36
53259,Rigid,3567068,3567196,3567243,128,47,175,completed,36
53260,Rigid,3567068,3567204,3567302,136,98,234,completed,36
53261,Rigid,3567068,3567210,3567271,142,61,203,completed,36
53262,Rigid,3567068,3567217,3567262,149,45,194,completed,36
53263,Rigid,3567068,3567225,3567307,157,82,239,completed,36
53264,Rigid,3567068,3567229,3567313,161,84,245,completed,36
53265,Rigid,3567068,3567233,3567426,165,193,358,completed,36
53266,Rigid,3567068,3567236,3567414,168,178,346,completed,36
53267,Rigid,3567068,3567237,3568809,169,1572,1741,completed,36
53268,Rigid,3567068,3567238,3567323,170,85,255,completed,36
53269,Rigid,3567068,3567241,3567457,173,216,389,completed,36
53270,Rigid,3567068,3567243,3567333,175,90,265,completed,36
53271,Rigid,3567068,3567243,3567335,175,92,267,completed,36
53272,Rigid,3567068,3567243,3567465,175,222,397,completed,36
53273,Rigid,3567068,3567245,3567423,177,178,355,completed,36
53274,Rigid,3567068,3567246,3567837,178,591,769,completed,36
53275,Rigid,3567068,3567246,3567287,178,41,219,completed,36
53276,Rigid,3567068,3567264,3567552,196,288,484,completed,36
53277,Rigid,3567068,3567264,3567365,196,101,297,completed,36
53278,Rigid,3567068,3567270,3567328,202,58,260,completed,36
53279,Rigid,3567068,3567272,3567579,204,307,511,completed,36
53280,Rigid,3567068,3567272,3567335,204,63,267,completed,36
53281,Rigid,3567068,3567272,3567374,204,102,306,completed,36
53282,Rigid,3567068,3567275,3567714,207,439,646,completed,36
53283,Rigid,3567068,3567275,3575033,207,7758,7965,completed,36
53284,Rigid,3567068,3567285,3576840,217,9555,9772,completed,36
53285,Rigid,3567068,3567288,3579784,220,12496,12716,completed,36
53286,Rigid,3567068,3567297,3567520,229,223,452,completed,36
53287,Rigid,3567068,3567297,3567883,229,586,815,completed,36
53288,Rigid,3567068,3567297,3567683,229,386,615,completed,36
53289,Rigid,3567068,3567301,3567826,233,525,758,completed,36
53290,Rigid,3567068,3567302,3567661,234,359,593,completed,36
53291,Rigid,3567068,3567302,3568022,234,720,954,completed,36
53292,Rigid,3567068,3567309,3567985,241,676,917,completed,36
53293,Rigid,3567068,3567314,3567647,246,333,579,completed,36
53294,Rigid,3567068,3567324,3567642,256,318,574,completed,36
53295,Rigid,3567068,3567326,3567385,258,59,317,completed,36
53296,Rigid,3567068,3567329,3567448,261,119,380,completed,36
53297,Rigid,3567068,3567334,3567385,266,51,317,completed,36
53298,Rigid,3567068,3567336,3610543,268,43207,43475,completed,36
53299,Rigid,3567068,3567336,3567755,268,419,687,completed,36
53300,Rigid,3567068,3567351,3567412,283,61,344,completed,36
53301,Rigid,3567068,3567363,3567421,295,58,353,completed,36
53302,Rigid,3567068,3567363,3569788,295,2425,2720,completed,36
53303,Rigid,3567068,3567363,3567408,295,45,340,completed,36
53304,Rigid,3567068,3567366,3589501,298,22135,22433,completed,36
53305,Rigid,3567068,3567366,3610573,298,43207,43505,completed,36
53306,Rigid,3567068,3567376,3590320,308,22944,23252,completed,36
53307,Rigid,3567068,3567385,3589537,317,22152,22469,completed,36
53308,Rigid,3567068,3567385,3569855,317,2470,2787,completed,36
53309,Rigid,3567068,3567386,3590519,318,23133,23451,completed,36
53310,Rigid,3567068,3567391,3605942,323,38551,38874,completed,36
53311,Rigid,3567068,3567400,3590254,332,22854,23186,completed,36
53312,Rigid,3567068,3567410,3568241,342,831,1173,completed,36
53313,Rigid,3567068,3567413,3567478,345,65,410,completed,36
53314,Rigid,3567068,3567414,3567733,346,319,665,completed,36
53315,Rigid,3567068,3567423,3567679,355,256,611,completed,36
53316,Rigid,3567068,3567423,3567783,355,360,715,completed,36
53317,Rigid,3567068,3567423,3567707,355,284,639,completed,36
53318,Rigid,3567068,3567427,3567493,359,66,425,completed,36
53319,Rigid,3567068,3567427,3567489,359,62,421,completed,36
53320,Rigid,3567068,3567431,3567942,363,511,874,completed,36
53321,Rigid,3567068,3567449,3567532,381,83,464,completed,36
53322,Rigid,3567068,3567450,3567490,382,40,422,completed,36
53323,Rigid,3567068,3567458,3567571,390,113,503,completed,36
53324,Rigid,3567068,3567466,3568633,398,1167,1565,completed,36
53325,Rigid,3567068,3567480,3567756,412,276,688,completed,36
53326,Rigid,3567068,3567480,3567610,412,130,542,completed,36
53327,Rigid,3567068,3567490,3567577,422,87,509,completed,36
53328,Rigid,3567068,3567490,3567536,422,46,468,completed,36
53329,Rigid,3567068,3567491,3567713,423,222,645,completed,36
53330,Rigid,3567068,3567495,3567534,427,39,466,completed,36
53331,Rigid,3567068,3567501,3567683,433,182,615,completed,36
53332,Rigid,3567068,3567521,3567620,453,99,552,completed,36
53333,Rigid,3567068,3567534,3567588,466,54,520,completed,36
53334,Rigid,3567068,3567535,3567562,467,27,494,completed,36
53335,Rigid,3567068,3567537,3567693,469,156,625,completed,36
53336,Rigid,3567068,3567553,3567728,485,175,660,completed,36
53337,Rigid,3567068,3567554,3567632,486,78,564,completed,36
53338,Rigid,3567068,3567564,3567595,496,31,527,completed,36
53339,Rigid,3567068,3567572,3572873,504,5301,5805,completed,36
53340,Rigid,3567068,3567578,3568352,510,774,1284,completed,36
53341,Rigid,3567068,3567581,3567694,513,113,626,completed,36
53342,Rigid,3567068,3567589,3568010,521,421,942,completed,36
53343,Rigid,3567068,3567596,3567706,528,110,638,completed,36
53344,Rigid,3567068,3567609,3567694,541,85,626,completed,36
53345,Rigid,3567068,3567609,3568080,541,471,1012,completed,36
53346,Rigid,3567068,3567611,3567816,543,205,748,completed,36
53347,Rigid,3567068,3567619,3567678,551,59,610,completed,36
53348,Rigid,3567068,3567621,3567657,553,36,589,completed,36
53349,Rigid,3567068,3567634,3569512,566,1878,2444,completed,36
53350,Rigid,3567068,3567643,3567807,575,164,739,completed,36
53351,Rigid,3567068,3567648,3567849,580,201,781,completed,36
53352,Rigid,3567068,3567657,3567694,589,37,626,completed,36
53353,Rigid,3567068,3567662,3567773,594,111,705,completed,36
53354,Rigid,3567068,3567679,3567817,611,138,749,completed,36
53355,Rigid,3567068,3567679,3567728,611,49,660,completed,36
53356,Rigid,3567068,3567680,3567734,612,54,666,completed,36
53357,Rigid,3567068,3567684,3567705,616,21,637,completed,36
53358,Rigid,3567068,3567684,3577750,616,10066,10682,completed,36
53359,Rigid,3567068,3567694,3569417,626,1723,2349,completed,36
53360,Rigid,3567068,3567694,3568509,626,815,1441,completed,36
53361,Rigid,3567068,3567695,3567729,627,34,661,completed,36
53362,Rigid,3567068,3567695,3567739,627,44,671,completed,36
53363,Rigid,3567068,3567707,3568023,639,316,955,completed,36
53364,Rigid,3567068,3567707,3574093,639,6386,7025,completed,36
53365,Rigid,3567068,3567707,3567779,639,72,711,completed,36
53366,Rigid,3567068,3567715,3567933,647,218,865,completed,36
53367,Rigid,3567068,3567715,3567876,647,161,808,completed,36
53368,Rigid,3567068,3567730,3568000,662,270,932,completed,36
53369,Rigid,3567068,3567730,3567994,662,264,926,completed,36
53370,Rigid,3567068,3567730,3567789,662,59,721,completed,36
53371,Rigid,3567068,3567734,3567781,666,47,713,completed,36
53372,Rigid,3567068,3567734,3567810,666,76,742,completed,36
53373,Rigid,3567068,3567740,3567894,672,154,826,completed,36
53374,Rigid,3567068,3567742,3567879,674,137,811,completed,36
53375,Rigid,3567068,3567752,3567784,684,32,716,completed,36
53376,Rigid,3567068,3567757,3567793,689,36,725,completed,36
53377,Rigid,3567068,3567757,3567909,689,152,841,completed,36
53378,Rigid,3567068,3567766,3567794,698,28,726,completed,36
53379,Rigid,3567068,3567775,3568352,707,577,1284,completed,36
53380,Rigid,3567068,3567781,3567837,713,56,769,completed,36
53381,Rigid,3567068,3567782,3567827,714,45,759,completed,36
53382,Rigid,3567068,3567782,3567915,714,133,847,completed,36
53383,Rigid,3567068,3567784,3568802,716,1018,1734,completed,36
53384,Rigid,3567068,3567784,3567874,716,90,806,completed,36
53385,Rigid,3567068,3567790,3568071,722,281,1003,completed,36
53386,Rigid,3567068,3567794,3567834,726,40,766,completed,36
53387,Rigid,3567068,3567795,3567830,727,35,762,completed,36
53388,Rigid,3567068,3567808,3567967,740,159,899,completed,36
53389,Rigid,3567068,3567811,3567858,743,47,790,completed,36
53390,Rigid,3567128,3567128,3567275,0,147,147,completed,144
53391,Rigid,3567414,3567414,3567417,0,3,3,completed,2
53392,Rigid,3567416,3567417,3567431,1,14,15,completed,1
53393,Rigid,3567416,3567432,3567459,16,27,43,completed,1
53394,Rigid,3567416,3567460,3567841,44,381,425,completed,1
53395,Rigid,3567417,3567460,3567816,43,356,399,completed,1
53396,Rigid,3567417,3567460,3567821,43,361,404,completed,1
53397,Rigid,3567417,3567460,3567791,43,331,374,completed,1
53398,Rigid,3567417,3567460,3567873,43,413,456,completed,1
53399,Rigid,3567417,3567460,3567865,43,405,448,completed,1
53400,Rigid,3567417,3567460,3567905,43,445,488,completed,1
53401,Rigid,3567417,3567460,3567898,43,438,481,completed,1
53402,Rigid,3567417,3567460,3567858,43,398,441,completed,1
53403,Rigid,3567417,3567460,3567770,43,310,353,completed,1
53404,Rigid,3567642,3567643,3567789,1,146,147,completed,144
53405,Rigid,3567957,3567957,3568108,0,151,151,completed,144
53406,Rigid,3568039,3568040,3568042,1,2,3,completed,2
53407,Rigid,3568042,3568042,3568053,0,11,11,completed,1
53408,Rigid,3568042,3568054,3568076,12,22,34,completed,1
53409,Rigid,3568042,3568078,3568467,36,389,425,completed,2
53410,Rigid,3568042,3568078,3568479,36,401,437,completed,2
53411,Rigid,3568042,3568078,3568497,36,419,455,completed,2
53412,Rigid,3568042,3568078,3568520,36,442,478,completed,2
53413,Rigid,3568042,3568078,3568461,36,383,419,completed,2
53414,Rigid,3568042,3568078,3568470,36,392,428,completed,2
53415,Rigid,3568042,3568078,3568469,36,391,427,completed,2
53416,Rigid,3568042,3568078,3568447,36,369,405,completed,2
53417,Rigid,3568042,3568078,3568470,36,392,428,completed,2
53418,Rigid,3568042,3568078,3568473,36,395,431,completed,2
53419,Rigid,3568153,3568153,3579895,0,11742,11742,completed,36
53420,Rigid,3568183,3568183,3635062,0,66879,66879,completed,144
53421,Rigid,3568199,3568201,3598102,2,29901,29903,completed,36
53422,Rigid,3568206,3568206,3568210,0,4,4,completed,1
53423,Rigid,3568258,3568261,3570593,3,2332,2335,completed,144
53424,Rigid,3568269,3568269,3568417,0,148,148,completed,144
53425,Rigid,3568463,3568464,3568468,1,4,5,completed,1
53426,Rigid,3568732,3568733,3568883,1,150,151,completed,144
53427,Rigid,3568971,3568972,3569121,1,149,150,completed,144
53428,Rigid,3569002,3569002,3569062,0,60,60,completed,1
53429,Rigid,3569049,3569049,3569051,0,2,2,completed,1
53430,Rigid,3569051,3569053,3569067,2,14,16,completed,1
53431,Rigid,3569144,3569145,3569181,1,36,37,completed,1
53432,Rigid,3569201,3569202,3591468,1,22266,22267,completed,36
53433,Rigid,3569409,3569409,3569422,0,13,13,completed,1
53434,Rigid,3569510,3569511,3570655,1,1144,1145,completed,1
53435,Rigid,3569624,3569624,3569626,0,2,2,completed,1
53436,Rigid,3569626,3569627,3569639,1,12,13,completed,1
53437,Rigid,3570793,3570793,3571872,0,1079,1079,completed,1
53438,Rigid,3570998,3570999,3571000,1,1,2,completed,1
53439,Rigid,3571000,3571002,3571011,2,9,11,completed,1
53440,Rigid,3572219,3572221,3573392,2,1171,1173,completed,1
53441,Rigid,3574286,3574287,3574600,1,313,314,completed,36
53442,Rigid,3574298,3574298,3589731,0,15433,15433,completed,36
53443,Rigid,3574299,3574302,3574389,3,87,90,completed,36
53444,Rigid,3574301,3574302,3574445,1,143,144,completed,36
53445,Rigid,3574311,3574311,3587308,0,12997,12997,completed,36
53446,Rigid,3574321,3574322,3588303,1,13981,13982,completed,36
53447,Rigid,3576025,3576027,3645973,2,69946,69948,completed,288
53448,Rigid,3577878,3577879,3711487,1,133608,133609,completed,288
53449,Rigid,3578155,3578156,3578893,1,737,738,completed,36
53450,Rigid,3580251,3580252,3580328,1,76,77,completed,144
53451,Rigid,3582299,3582301,3582319,2,18,20,completed,1
53452,Rigid,3582303,3582305,3582323,2,18,20,completed,1
53453,Rigid,3582303,3582324,3582345,21,21,42,completed,1
53454,Rigid,3582304,3582346,3582797,42,451,493,completed,2
53455,Rigid,3582304,3582346,3582756,42,410,452,completed,2
53456,Rigid,3582304,3582346,3582793,42,447,489,completed,2
53457,Rigid,3582304,3582346,3582784,42,438,480,completed,2
53458,Rigid,3582304,3582346,3582806,42,460,502,completed,2
53459,Rigid,3582304,3582346,3582715,42,369,411,completed,2
53460,Rigid,3582304,3582346,3582802,42,456,498,completed,2
53461,Rigid,3582304,3582346,3582771,42,425,467,completed,2
53462,Rigid,3582304,3582346,3582870,42,524,566,completed,2
53463,Rigid,3582304,3582346,3582850,42,504,546,completed,2
53464,Rigid,3582304,3582346,3582865,42,519,561,completed,2
53465,Rigid,3582304,3582346,3582801,42,455,497,completed,2
53466,Rigid,3582304,3582346,3582748,42,402,444,completed,2
53467,Rigid,3582304,3582346,3582871,42,525,567,completed,2
53468,Rigid,3582304,3582346,3582708,42,362,404,completed,2
53469,Rigid,3582304,3582346,3582727,42,381,423,completed,2
53470,Rigid,3582304,3582346,3582824,42,478,520,completed,2
53471,Rigid,3582304,3582346,3582884,42,538,580,completed,2
53472,Rigid,3582304,3582346,3582814,42,468,510,completed,2
53473,Rigid,3582304,3582346,3582726,42,380,422,completed,2
53474,Rigid,3582304,3582346,3582901,42,555,597,completed,2
53475,Rigid,3582305,3582346,3582734,41,388,429,completed,2
53476,Rigid,3582305,3582346,3582902,41,556,597,completed,2
53477,Rigid,3582305,3582346,3582825,41,479,520,completed,2
53478,Rigid,3582305,3582346,3582898,41,552,593,completed,2
53479,Rigid,3582305,3582346,3582831,41,485,526,completed,2
53480,Rigid,3582305,3582346,3582897,41,551,592,completed,2
53481,Rigid,3582305,3582346,3582852,41,506,547,completed,2
53482,Rigid,3582305,3582346,3582877,41,531,572,completed,2
53483,Rigid,3582305,3582346,3582857,41,511,552,completed,2
53484,Rigid,3582305,3582346,3582916,41,570,611,completed,2
53485,Rigid,3582305,3582346,3582905,41,559,600,completed,2
53486,Rigid,3582305,3582346,3582895,41,549,590,completed,2
53487,Rigid,3582305,3582346,3582730,41,384,425,completed,2
53488,Rigid,3582305,3582346,3582906,41,560,601,completed,2
53489,Rigid,3582305,3582346,3582864,41,518,559,completed,2
53490,Rigid,3582305,3582346,3582896,41,550,591,completed,2
53491,Rigid,3582305,3582346,3582854,41,508,549,completed,2
53492,Rigid,3582305,3582346,3582762,41,416,457,completed,2
53493,Rigid,3582305,3582346,3582859,41,513,554,completed,2
53494,Rigid,3582305,3582346,3582876,41,530,571,completed,2
53495,Rigid,3582305,3582346,3582760,41,414,455,completed,2
53496,Rigid,3582305,3582346,3582878,41,532,573,completed,2
53497,Rigid,3582305,3582346,3582840,41,494,535,completed,2
53498,Rigid,3582305,3582346,3582834,41,488,529,completed,2
53499,Rigid,3582305,3582346,3582753,41,407,448,completed,2
53500,Rigid,3582305,3582346,3582757,41,411,452,completed,2
53501,Rigid,3582305,3582346,3582714,41,368,409,completed,2
53502,Rigid,3582305,3582346,3582878,41,532,573,completed,2
53503,Rigid,3582305,3582346,3582893,41,547,588,completed,2
53504,Rigid,3582305,3582346,3582856,41,510,551,completed,2
53505,Rigid,3582305,3582346,3582849,41,503,544,completed,2
53506,Rigid,3582305,3582346,3582866,41,520,561,completed,2
53507,Rigid,3582305,3582346,3582903,41,557,598,completed,2
53508,Rigid,3582305,3582346,3582906,41,560,601,completed,2
53509,Rigid,3582305,3582346,3582905,41,559,600,completed,2
53510,Rigid,3582305,3582346,3582727,41,381,422,completed,2
53511,Rigid,3582305,3582346,3582876,41,530,571,completed,2
53512,Rigid,3582305,3582346,3582893,41,547,588,completed,2
53513,Rigid,3582305,3582346,3582854,41,508,549,completed,2
53514,Rigid,3582305,3582346,3582929,41,583,624,completed,2
53515,Rigid,3582305,3582346,3582931,41,585,626,completed,2
53516,Rigid,3582305,3582346,3582796,41,450,491,completed,2
53517,Rigid,3582305,3582346,3582887,41,541,582,completed,2
53518,Rigid,3582305,3582346,3582782,41,436,477,completed,2
53519,Rigid,3582306,3582346,3582698,40,352,392,completed,2
53520,Rigid,3582306,3582346,3582927,40,581,621,completed,2
53521,Rigid,3582306,3582346,3582903,40,557,597,completed,2
53522,Rigid,3582306,3582346,3582930,40,584,624,completed,2
53523,Rigid,3582306,3582346,3582845,40,499,539,completed,2
53524,Rigid,3582306,3582346,3582886,40,540,580,completed,2
53525,Rigid,3582306,3582346,3582682,40,336,376,completed,2
53526,Rigid,3582306,3582346,3582863,40,517,557,completed,2
53527,Rigid,3582306,3582346,3582876,40,530,570,completed,2
53528,Rigid,3582306,3582346,3582829,40,483,523,completed,2
53529,Rigid,3582306,3582346,3582791,40,445,485,completed,2
53530,Rigid,3582306,3582346,3582722,40,376,416,completed,2
53531,Rigid,3582306,3582346,3582882,40,536,576,completed,2
53532,Rigid,3582306,3582346,3582697,40,351,391,completed,2
53533,Rigid,3582306,3582346,3582814,40,468,508,completed,2
53534,Rigid,3582306,3582346,3582727,40,381,421,completed,2
53535,Rigid,3582306,3582346,3582717,40,371,411,completed,2
53536,Rigid,3582306,3582346,3582778,40,432,472,completed,2
53537,Rigid,3582306,3582346,3582717,40,371,411,completed,2
53538,Rigid,3582306,3582346,3582773,40,427,467,completed,2
53539,Rigid,3582306,3582346,3582786,40,440,480,completed,2
53540,Rigid,3582306,3582346,3582905,40,559,599,completed,2
53541,Rigid,3582306,3582346,3582722,40,376,416,completed,2
53542,Rigid,3582306,3582346,3582891,40,545,585,completed,2
53543,Rigid,3582306,3582346,3582730,40,384,424,completed,2
53544,Rigid,3582306,3582346,3582759,40,413,453,completed,2
53545,Rigid,3582306,3582346,3582891,40,545,585,completed,2
53546,Rigid,3582306,3582346,3582694,40,348,388,completed,2
53547,Rigid,3582306,3582346,3582774,40,428,468,completed,2
53548,Rigid,3582306,3582346,3582876,40,530,570,completed,2
53549,Rigid,3582306,3582346,3582839,40,493,533,completed,2
53550,Rigid,3582306,3582346,3582824,40,478,518,completed,2
53551,Rigid,3582306,3582346,3582910,40,564,604,completed,2
53552,Rigid,3582306,3582346,3582814,40,468,508,completed,2
53553,Rigid,3582306,3582346,3582866,40,520,560,completed,2
53554,Rigid,3582306,3582346,3582781,40,435,475,completed,2
53555,Rigid,3582306,3582346,3582912,40,566,606,completed,2
53556,Rigid,3582306,3582346,3582708,40,362,402,completed,2
53557,Rigid,3582306,3582346,3582861,40,515,555,completed,2
53558,Rigid,3582306,3582346,3582832,40,486,526,completed,2
53559,Rigid,3582306,3582346,3582786,40,440,480,completed,2
53560,Rigid,3582306,3582346,3582714,40,368,408,completed,2
53561,Rigid,3582306,3582346,3582911,40,565,605,completed,2
53562,Rigid,3582306,3582346,3582881,40,535,575,completed,2
53563,Rigid,3582306,3582346,3582846,40,500,540,completed,2
53564,Rigid,3582306,3582346,3582911,40,565,605,completed,2
53565,Rigid,3582306,3582346,3582914,40,568,608,completed,2
53566,Rigid,3582306,3582346,3582764,40,418,458,completed,2
53567,Rigid,3582306,3582346,3582840,40,494,534,completed,2
53568,Rigid,3582306,3582346,3582910,40,564,604,completed,2
53569,Rigid,3582307,3582346,3582666,39,320,359,completed,2
53570,Rigid,3582307,3582346,3582701,39,355,394,completed,2
53571,Rigid,3582307,3582346,3582877,39,531,570,completed,2
53572,Rigid,3582307,3582346,3582767,39,421,460,completed,2
53573,Rigid,3582307,3582346,3582766,39,420,459,completed,2
53574,Rigid,3582307,3582346,3582890,39,544,583,completed,2
53575,Rigid,3582307,3582346,3582858,39,512,551,completed,2
53576,Rigid,3582307,3582346,3582728,39,382,421,completed,2
53577,Rigid,3582307,3582346,3582847,39,501,540,completed,2
53578,Rigid,3582307,3582346,3582727,39,381,420,completed,2
53579,Rigid,3582307,3582346,3582779,39,433,472,completed,2
53580,Rigid,3582307,3582346,3582869,39,523,562,completed,2
53581,Rigid,3582307,3582346,3582845,39,499,538,completed,2
53582,Rigid,3582307,3582346,3582845,39,499,538,completed,2
53583,Rigid,3582307,3582346,3582829,39,483,522,completed,2
53584,Rigid,3582307,3582346,3582780,39,434,473,completed,2
53585,Rigid,3582307,3582346,3582707,39,361,400,completed,2
53586,Rigid,3582307,3582346,3582746,39,400,439,completed,2
53587,Rigid,3582307,3582346,3582808,39,462,501,completed,2
53588,Rigid,3582307,3582346,3582848,39,502,541,completed,2
53589,Rigid,3582307,3582346,3582801,39,455,494,completed,2
53590,Rigid,3582307,3582346,3582714,39,368,407,completed,2
53591,Rigid,3582307,3582346,3582718,39,372,411,completed,2
53592,Rigid,3582307,3582346,3582702,39,356,395,completed,2
53593,Rigid,3582307,3582346,3582736,39,390,429,completed,2
53594,Rigid,3582307,3582346,3582905,39,559,598,completed,2
53595,Rigid,3582307,3582346,3582733,39,387,426,completed,2
53596,Rigid,3582308,3582346,3582874,38,528,566,completed,2
53597,Rigid,3582308,3582346,3582731,38,385,423,completed,2
53598,Rigid,3582308,3582346,3582688,38,342,380,completed,2
53599,Rigid,3582308,3582346,3582843,38,497,535,completed,2
53600,Rigid,3582308,3582346,3582753,38,407,445,completed,2
53601,Rigid,3582308,3582346,3582858,38,512,550,completed,2
53602,Rigid,3582308,3582346,3582710,38,364,402,completed,2
53603,Rigid,3582308,3582346,3582750,38,404,442,completed,2
53604,Rigid,3582308,3582346,3582877,38,531,569,completed,2
53605,Rigid,3582308,3582346,3582837,38,491,529,completed,2
53606,Rigid,3582308,3582346,3582765,38,419,457,completed,2
53607,Rigid,3582308,3582346,3582881,38,535,573,completed,2
53608,Rigid,3582308,3582346,3582665,38,319,357,completed,2
53609,Rigid,3582308,3582346,3582760,38,414,452,completed,2
53610,Rigid,3582308,3582346,3582773,38,427,465,completed,2
53611,Rigid,3582308,3582346,3582705,38,359,397,completed,2
53612,Rigid,3582308,3582346,3582773,38,427,465,completed,2
53613,Rigid,3582308,3582346,3582739,38,393,431,completed,2
53614,Rigid,3582308,3582346,3582857,38,511,549,completed,2
53615,Rigid,3582308,3582346,3582887,38,541,579,completed,2
53616,Rigid,3582308,3582346,3582794,38,448,486,completed,2
53617,Rigid,3582308,3582346,3582744,38,398,436,completed,2
53618,Rigid,3582308,3582346,3582854,38,508,546,completed,2
53619,Rigid,3582308,3582346,3582887,38,541,579,completed,2
53620,Rigid,3582308,3582346,3582848,38,502,540,completed,2
53621,Rigid,3582308,3582346,3582861,38,515,553,completed,2
53622,Rigid,3582308,3582346,3582754,38,408,446,completed,2
53623,Rigid,3582308,3582346,3582827,38,481,519,completed,2
53624,Rigid,3582308,3582346,3582708,38,362,400,completed,2
53625,Rigid,3582308,3582346,3582812,38,466,504,completed,2
53626,Rigid,3582308,3582346,3582858,38,512,550,completed,2
53627,Rigid,3582308,3582346,3582816,38,470,508,completed,2
53628,Rigid,3582308,3582346,3582766,38,420,458,completed,2
53629,Rigid,3582308,3582346,3582845,38,499,537,completed,2
53630,Rigid,3582308,3582346,3582772,38,426,464,completed,2
53631,Rigid,3582308,3582346,3582769,38,423,461,completed,2
53632,Rigid,3582308,3582346,3582692,38,346,384,completed,2
53633,Rigid,3582308,3582346,3582789,38,443,481,completed,2
53634,Rigid,3582308,3582346,3582895,38,549,587,completed,2
53635,Rigid,3582308,3582346,3582720,38,374,412,completed,2
53636,Rigid,3582308,3582346,3582711,38,365,403,completed,2
53637,Rigid,3582308,3582346,3582878,38,532,570,completed,2
53638,Rigid,3582308,3582346,3582707,38,361,399,completed,2
53639,Rigid,3582309,3582346,3582854,37,508,545,completed,2
53640,Rigid,3582309,3582346,3582843,37,497,534,completed,2
53641,Rigid,3582309,3582346,3582838,37,492,529,completed,2
53642,Rigid,3582309,3582346,3582722,37,376,413,completed,2
53643,Rigid,3582309,3582346,3582911,37,565,602,completed,2
53644,Rigid,3582309,3582346,3582930,37,584,621,completed,2
53645,Rigid,3582309,3582346,3582928,37,582,619,completed,2
53646,Rigid,3582309,3582346,3582839,37,493,530,completed,2
53647,Rigid,3582309,3582346,3582919,37,573,610,completed,2
53648,Rigid,3582309,3582346,3582686,37,340,377,completed,2
53649,Rigid,3582309,3582346,3582831,37,485,522,completed,2
53650,Rigid,3582309,3582346,3582877,37,531,568,completed,2
53651,Rigid,3582309,3582346,3582846,37,500,537,completed,2
53652,Rigid,3582309,3582346,3582707,37,361,398,completed,2
53653,Rigid,3582309,3582346,3582843,37,497,534,completed,2
53654,Rigid,3582309,3582346,3582705,37,359,396,completed,2
53655,Rigid,3582309,3582346,3582781,37,435,472,completed,2
53656,Rigid,3582309,3582346,3582704,37,358,395,completed,2
53657,Rigid,3582309,3582346,3582927,37,581,618,completed,2
53658,Rigid,3582309,3582346,3582932,37,586,623,completed,2
53659,Rigid,3582309,3582346,3582928,37,582,619,completed,2
53660,Rigid,3582309,3582346,3582863,37,517,554,completed,2
53661,Rigid,3582309,3582346,3582882,37,536,573,completed,2
53662,Rigid,3582309,3582346,3582919,37,573,610,completed,2
53663,Rigid,3582309,3582346,3582937,37,591,628,completed,2
53664,Rigid,3582309,3582346,3582692,37,346,383,completed,2
53665,Rigid,3582309,3582346,3582935,37,589,626,completed,2
53666,Rigid,3582309,3582346,3582932,37,586,623,completed,2
53667,Rigid,3582309,3582346,3582793,37,447,484,completed,2
53668,Rigid,3582309,3582346,3582927,37,581,618,completed,2
53669,Rigid,3582309,3582346,3582746,37,400,437,completed,2
53670,Rigid,3582309,3582346,3582911,37,565,602,completed,2
53671,Rigid,3582309,3582346,3582780,37,434,471,completed,2
53672,Rigid,3582309,3582346,3582806,37,460,497,completed,2
53673,Rigid,3582309,3582346,3582770,37,424,461,completed,2
53674,Rigid,3582309,3582346,3582710,37,364,401,completed,2
53675,Rigid,3582309,3582346,3582705,37,359,396,completed,2
53676,Rigid,3582309,3582346,3582936,37,590,627,completed,2
53677,Rigid,3582309,3582346,3582937,37,591,628,completed,2
53678,Rigid,3582309,3582346,3582728,37,382,419,completed,2
53679,Rigid,3582309,3582346,3582764,37,418,455,completed,2
53680,Rigid,3582309,3582346,3582733,37,387,424,completed,2
53681,Rigid,3582309,3582346,3582772,37,426,463,completed,2
53682,Rigid,3582309,3582346,3582763,37,417,454,completed,2
53683,Rigid,3582309,3582346,3582874,37,528,565,completed,2
53684,Rigid,3582309,3582346,3582842,37,496,533,completed,2
53685,Rigid,3582309,3582346,3582819,37,473,510,completed,2
53686,Rigid,3582309,3582346,3582685,37,339,376,completed,2
53687,Rigid,3582309,3582346,3582873,37,527,564,completed,2
53688,Rigid,3582309,3582346,3582718,37,372,409,completed,2
53689,Rigid,3582310,3582346,3582705,36,359,395,completed,2
53690,Rigid,3582310,3582346,3582702,36,356,392,completed,2
53691,Rigid,3582310,3582346,3582768,36,422,458,completed,2
53692,Rigid,3582310,3582346,3582846,36,500,536,completed,2
53693,Rigid,3582310,3582346,3582838,36,492,528,completed,2
53694,Rigid,3582310,3582346,3582689,36,343,379,completed,2
53695,Rigid,3582310,3582346,3582840,36,494,530,completed,2
53696,Rigid,3582310,3582358,3582887,48,529,577,completed,2
53697,Rigid,3582310,3582358,3582777,48,419,467,completed,2
53698,Rigid,3582310,3582358,3582896,48,538,586,completed,2
53699,Rigid,3582310,3582358,3582731,48,373,421,completed,2
53700,Rigid,3582310,3582358,3582702,48,344,392,completed,2
53701,Rigid,3582310,3582358,3582865,48,507,555,completed,2
53702,Rigid,3582310,3582358,3582805,48,447,495,completed,2
53703,Rigid,3582310,3582358,3582881,48,523,571,completed,2
53704,Rigid,3582310,3582358,3582805,48,447,495,completed,2
53705,Rigid,3582310,3582358,3582909,48,551,599,completed,2
53706,Rigid,3582310,3582358,3582714,48,356,404,completed,2
53707,Rigid,3582310,3582358,3582776,48,418,466,completed,2
53708,Rigid,3582310,3582358,3582855,48,497,545,completed,2
53709,Rigid,3582310,3582358,3582853,48,495,543,completed,2
53710,Rigid,3582310,3582358,3582864,48,506,554,completed,2
53711,Rigid,3582310,3582358,3582860,48,502,550,completed,2
53712,Rigid,3582310,3582358,3582921,48,563,611,completed,2
53713,Rigid,3582310,3582358,3582883,48,525,573,completed,2
53714,Rigid,3582310,3582358,3582914,48,556,604,completed,2
53715,Rigid,3582310,3582358,3582880,48,522,570,completed,2
53716,Rigid,3582310,3582358,3582917,48,559,607,completed,2
53717,Rigid,3582310,3582358,3582922,48,564,612,completed,2
53718,Rigid,3582310,3582358,3582897,48,539,587,completed,2
53719,Rigid,3582310,3582358,3582865,48,507,555,completed,2
53720,Rigid,3582310,3582358,3582786,48,428,476,completed,2
53721,Rigid,3582310,3582358,3582839,48,481,529,completed,2
53722,Rigid,3582310,3582358,3582906,48,548,596,completed,2
53723,Rigid,3582310,3582358,3582929,48,571,619,completed,2
53724,Rigid,3582310,3582358,3582910,48,552,600,completed,2
53725,Rigid,3582310,3582358,3582696,48,338,386,completed,2
53726,Rigid,3582310,3582358,3582768,48,410,458,completed,2
53727,Rigid,3582310,3582358,3582900,48,542,590,completed,2
53728,Rigid,3582310,3582358,3582903,48,545,593,completed,2
53729,Rigid,3582310,3582358,3582911,48,553,601,completed,2
53730,Rigid,3582310,3582358,3582755,48,397,445,completed,2
53731,Rigid,3582310,3582358,3582919,48,561,609,completed,2
53732,Rigid,3582310,3582358,3582924,48,566,614,completed,2
53733,Rigid,3582310,3582358,3582805,48,447,495,completed,2
53734,Rigid,3582310,3582358,3582667,48,309,357,completed,2
53735,Rigid,3582310,3582358,3582789,48,431,479,completed,2
53736,Rigid,3582311,3582358,3582788,47,430,477,completed,2
53737,Rigid,3582311,3582358,3582702,47,344,391,completed,2
53738,Rigid,3582311,3582358,3582738,47,380,427,completed,2
53739,Rigid,3582311,3582358,3582700,47,342,389,completed,2
53740,Rigid,3582311,3582358,3582876,47,518,565,completed,2
53741,Rigid,3582311,3582358,3582850,47,492,539,completed,2
53742,Rigid,3582311,3582358,3582889,47,531,578,completed,2
53743,Rigid,3582311,3582358,3582931,47,573,620,completed,2
53744,Rigid,3582311,3582358,3582722,47,364,411,completed,2
53745,Rigid,3582311,3582358,3582881,47,523,570,completed,2
53746,Rigid,3582311,3582358,3582927,47,569,616,completed,2
53747,Rigid,3582311,3582358,3582844,47,486,533,completed,2
53748,Rigid,3582311,3582358,3582895,47,537,584,completed,2
53749,Rigid,3582311,3582358,3582917,47,559,606,completed,2
53750,Rigid,3582311,3582358,3582902,47,544,591,completed,2
53751,Rigid,3582311,3582358,3582792,47,434,481,completed,2
53752,Rigid,3582311,3582358,3582876,47,518,565,completed,2
53753,Rigid,3582311,3582358,3582860,47,502,549,completed,2
53754,Rigid,3582311,3582358,3582813,47,455,502,completed,2
53755,Rigid,3582311,3582358,3582790,47,432,479,completed,2
53756,Rigid,3582311,3582358,3582884,47,526,573,completed,2
53757,Rigid,3582311,3582358,3582737,47,379,426,completed,2
53758,Rigid,3582311,3582358,3582928,47,570,617,completed,2
53759,Rigid,3582311,3582358,3582719,47,361,408,completed,2
53760,Rigid,3582311,3582358,3582893,47,535,582,completed,2
53761,Rigid,3582311,3582358,3582687,47,329,376,completed,2
53762,Rigid,3582311,3582358,3582921,47,563,610,completed,2
53763,Rigid,3582311,3582358,3582915,47,557,604,completed,2
53764,Rigid,3582311,3582358,3582746,47,388,435,completed,2
53765,Rigid,3582311,3582358,3582728,47,370,417,completed,2
53766,Rigid,3582311,3582358,3582749,47,391,438,completed,2
53767,Rigid,3582311,3582358,3582926,47,568,615,completed,2
53768,Rigid,3582311,3582358,3582758,47,400,447,completed,2
53769,Rigid,3582311,3582358,3582920,47,562,609,completed,2
53770,Rigid,3582311,3582358,3582683,47,325,372,completed,2
53771,Rigid,3582311,3582358,3582787,47,429,476,completed,2
53772,Rigid,3582311,3582358,3582745,47,387,434,completed,2
53773,Rigid,3582311,3582358,3582826,47,468,515,completed,2
53774,Rigid,3582311,3582358,3582824,47,466,513,completed,2
53775,Rigid,3582311,3582358,3582926,47,568,615,completed,2
53776,Rigid,3582311,3582358,3582800,47,442,489,completed,2
53777,Rigid,3582311,3582358,3582908,47,550,597,completed,2
53778,Rigid,3582311,3582358,3582909,47,551,598,completed,2
53779,Rigid,3582311,3582358,3582936,47,578,625,completed,2
53780,Rigid,3582311,3582358,3582856,47,498,545,completed,2
53781,Rigid,3582311,3582358,3582892,47,534,581,completed,2
53782,Rigid,3582311,3582358,3582894,47,536,583,completed,2
53783,Rigid,3582311,3582358,3582929,47,571,618,completed,2
53784,Rigid,3582311,3582358,3582821,47,463,510,completed,2
53785,Rigid,3582311,3582358,3582919,47,561,608,completed,2
53786,Rigid,3582311,3582358,3582794,47,436,483,completed,2
53787,Rigid,3582312,3582358,3582908,46,550,596,completed,2
53788,Rigid,3582312,3582358,3582924,46,566,612,completed,2
53789,Rigid,3582312,3582358,3582798,46,440,486,completed,2
53790,Rigid,3582312,3582358,3582710,46,352,398,completed,2
53791,Rigid,3582312,3582358,3582905,46,547,593,completed,2
53792,Rigid,3582312,3582358,3582938,46,580,626,completed,2
53793,Rigid,3582312,3582358,3582934,46,576,622,completed,2
53794,Rigid,3582312,3582358,3582937,46,579,625,completed,2
53795,Rigid,3582312,3582358,3582711,46,353,399,completed,2
53796,Rigid,3582312,3582358,3582734,46,376,422,completed,2
53797,Rigid,3582312,3582358,3582737,46,379,425,completed,2
53798,Rigid,3582312,3582358,3582694,46,336,382,completed,2
53799,Rigid,3582312,3582358,3582753,46,395,441,completed,2
53800,Rigid,3582312,3582358,3582935,46,577,623,completed,2
53801,Rigid,3582312,3582358,3582755,46,397,443,completed,2
53802,Rigid,3582312,3582358,3582929,46,571,617,completed,2
53803,Rigid,3582312,3582358,3582694,46,336,382,completed,2
53804,Rigid,3582312,3582358,3582803,46,445,491,completed,2
53805,Rigid,3582312,3582358,3582823,46,465,511,completed,2
53806,Rigid,3582312,3582358,3582892,46,534,580,completed,2
53807,Rigid,3582312,3582358,3582923,46,565,611,completed,2
53808,Rigid,3582312,3582358,3582930,46,572,618,completed,2
53809,Rigid,3582312,3582358,3582888,46,530,576,completed,2
53810,Rigid,3582312,3582358,3582926,46,568,614,completed,2
53811,Rigid,3582312,3582358,3582929,46,571,617,completed,2
53812,Rigid,3582312,3582358,3582879,46,521,567,completed,2
53813,Rigid,3582312,3582358,3582765,46,407,453,completed,2
53814,Rigid,3582312,3582358,3582727,46,369,415,completed,2
53815,Rigid,3582312,3582358,3582816,46,458,504,completed,2
53816,Rigid,3582312,3582358,3582854,46,496,542,completed,2
53817,Rigid,3582312,3582358,3582895,46,537,583,completed,2
53818,Rigid,3582312,3582358,3582768,46,410,456,completed,2
53819,Rigid,3582312,3582358,3582868,46,510,556,completed,2
53820,Rigid,3582312,3582358,3582728,46,370,416,completed,2
53821,Rigid,3582312,3582358,3582776,46,418,464,completed,2
53822,Rigid,3582312,3582358,3582924,46,566,612,completed,2
53823,Rigid,3582312,3582358,3582784,46,426,472,completed,2
53824,Rigid,3582313,3582358,3582918,45,560,605,completed,2
53825,Rigid,3582313,3582358,3582780,45,422,467,completed,2
53826,Rigid,3582313,3582358,3582828,45,470,515,completed,2
53827,Rigid,3582313,3582358,3582913,45,555,600,completed,2
53828,Rigid,3582313,3582358,3582715,45,357,402,completed,2
53829,Rigid,3582313,3582358,3582860,45,502,547,completed,2
53830,Rigid,3582313,3582358,3582863,45,505,550,completed,2
53831,Rigid,3582313,3582358,3582937,45,579,624,completed,2
53832,Rigid,3582313,3582358,3582883,45,525,570,completed,2
53833,Rigid,3582313,3582358,3582899,45,541,586,completed,2
53834,Rigid,3582313,3582358,3582800,45,442,487,completed,2
53835,Rigid,3582313,3582358,3582931,45,573,618,completed,2
53836,Rigid,3582313,3582358,3582688,45,330,375,completed,2
53837,Rigid,3582313,3582358,3582828,45,470,515,completed,2
53838,Rigid,3582313,3582358,3582923,45,565,610,completed,2
53839,Rigid,3582313,3582358,3582937,45,579,624,completed,2
53840,Rigid,3582313,3582358,3582878,45,520,565,completed,2
53841,Rigid,3582313,3582358,3582727,45,369,414,completed,2
53842,Rigid,3582313,3582358,3582936,45,578,623,completed,2
53843,Rigid,3582313,3582358,3582927,45,569,614,completed,2
53844,Rigid,3582313,3582358,3582801,45,443,488,completed,2
53845,Rigid,3582313,3582358,3582937,45,579,624,completed,2
53846,Rigid,3582313,3582358,3582929,45,571,616,completed,2
53847,Rigid,3582313,3582358,3582807,45,449,494,completed,2
53848,Rigid,3582313,3582358,3582696,45,338,383,completed,2
53849,Rigid,3582313,3582358,3582762,45,404,449,completed,2
53850,Rigid,3582313,3582358,3582860,45,502,547,completed,2
53851,Rigid,3582313,3582358,3582824,45,466,511,completed,2
53852,Rigid,3582313,3582358,3582829,45,471,516,completed,2
53853,Rigid,3582313,3582358,3582747,45,389,434,completed,2
53854,Rigid,3582313,3582358,3582928,45,570,615,completed,2
53855,Rigid,3582313,3582358,3582819,45,461,506,completed,2
53856,Rigid,3582313,3582358,3582823,45,465,510,completed,2
53857,Rigid,3582313,3582358,3582879,45,521,566,completed,2
53858,Rigid,3582313,3582358,3582927,45,569,614,completed,2
53859,Rigid,3582313,3582358,3582872,45,514,559,completed,2
53860,Rigid,3582313,3582358,3582891,45,533,578,completed,2
53861,Rigid,3582313,3582358,3582712,45,354,399,completed,2
53862,Rigid,3582313,3582358,3582868,45,510,555,completed,2
53863,Rigid,3582313,3582358,3582731,45,373,418,completed,2
53864,Rigid,3582313,3582358,3582933,45,575,620,completed,2
53865,Rigid,3582313,3582358,3582930,45,572,617,completed,2
53866,Rigid,3582313,3582358,3582861,45,503,548,completed,2
53867,Rigid,3582313,3582358,3582820,45,462,507,completed,2
53868,Rigid,3582313,3582358,3582775,45,417,462,completed,2
53869,Rigid,3582313,3582358,3582823,45,465,510,completed,2
53870,Rigid,3582313,3582358,3582838,45,480,525,completed,2
53871,Rigid,3582313,3582358,3582698,45,340,385,completed,2
53872,Rigid,3582313,3582358,3582853,45,495,540,completed,2
53873,Rigid,3582314,3582358,3582749,44,391,435,completed,2
53874,Rigid,3582314,3582358,3582868,44,510,554,completed,2
53875,Rigid,3582314,3582358,3582830,44,472,516,completed,2
53876,Rigid,3582314,3582358,3582734,44,376,420,completed,2
53877,Rigid,3582314,3582358,3582681,44,323,367,completed,2
53878,Rigid,3582314,3582358,3582723,44,365,409,completed,2
53879,Rigid,3582314,3582358,3582771,44,413,457,completed,2
53880,Rigid,3582314,3582358,3582884,44,526,570,completed,2
53881,Rigid,3582314,3582358,3582712,44,354,398,completed,2
53882,Rigid,3582314,3582358,3582850,44,492,536,completed,2
53883,Rigid,3582314,3582358,3582789,44,431,475,completed,2
53884,Rigid,3582314,3582358,3582879,44,521,565,completed,2
53885,Rigid,3582314,3582358,3582847,44,489,533,completed,2
53886,Rigid,3582314,3582358,3582822,44,464,508,completed,2
53887,Rigid,3582314,3582358,3582929,44,571,615,completed,2
53888,Rigid,3582314,3582358,3582754,44,396,440,completed,2
53889,Rigid,3582314,3582358,3582933,44,575,619,completed,2
53890,Rigid,3582314,3582358,3582750,44,392,436,completed,2
53891,Rigid,3582314,3582358,3582799,44,441,485,completed,2
53892,Rigid,3582314,3582358,3582742,44,384,428,completed,2
53893,Rigid,3582314,3582358,3582747,44,389,433,completed,2
53894,Rigid,3582314,3582358,3582899,44,541,585,completed,2
53895,Rigid,3582314,3582358,3582726,44,368,412,completed,2
53896,Rigid,3582314,3582358,3582930,44,572,616,completed,2
53897,Rigid,3582314,3582358,3582752,44,394,438,completed,2
53898,Rigid,3582314,3582358,3582807,44,449,493,completed,2
53899,Rigid,3582314,3582358,3582755,44,397,441,completed,2
53900,Rigid,3582314,3582358,3582904,44,546,590,completed,2
53901,Rigid,3582314,3582358,3582772,44,414,458,completed,2
53902,Rigid,3582314,3582358,3582733,44,375,419,completed,2
53903,Rigid,3582314,3582358,3582714,44,356,400,completed,2
53904,Rigid,3582314,3582358,3582716,44,358,402,completed,2
53905,Rigid,3582314,3582358,3582788,44,430,474,completed,2
53906,Rigid,3582314,3582358,3582821,44,463,507,completed,2
53907,Rigid,3582314,3582358,3582804,44,446,490,completed,2
53908,Rigid,3582314,3582358,3582736,44,378,422,completed,2
53909,Rigid,3582314,3582358,3582767,44,409,453,completed,2
53910,Rigid,3582314,3582358,3582801,44,443,487,completed,2
53911,Rigid,3582314,3582358,3582781,44,423,467,completed,2
53912,Rigid,3582314,3582358,3582908,44,550,594,completed,2
53913,Rigid,3582314,3582358,3582901,44,543,587,completed,2
53914,Rigid,3582314,3582358,3582889,44,531,575,completed,2
53915,Rigid,3582314,3582358,3582870,44,512,556,completed,2
53916,Rigid,3582315,3582358,3582681,43,323,366,completed,2
53917,Rigid,3582315,3582358,3582684,43,326,369,completed,2
53918,Rigid,3582315,3582358,3582726,43,368,411,completed,2
53919,Rigid,3582315,3582358,3582816,43,458,501,completed,2
53920,Rigid,3582315,3582358,3582813,43,455,498,completed,2
53921,Rigid,3582315,3582358,3582925,43,567,610,completed,2
53922,Rigid,3582315,3582358,3582763,43,405,448,completed,2
53923,Rigid,3582315,3582358,3582760,43,402,445,completed,2
53924,Rigid,3582315,3582358,3582897,43,539,582,completed,2
53925,Rigid,3582315,3582358,3582864,43,506,549,completed,2
53926,Rigid,3582315,3582358,3582779,43,421,464,completed,2
53927,Rigid,3582315,3582358,3582839,43,481,524,completed,2
53928,Rigid,3582315,3582358,3582921,43,563,606,completed,2
53929,Rigid,3582315,3582358,3582826,43,468,511,completed,2
53930,Rigid,3582315,3582358,3582689,43,331,374,completed,2
53931,Rigid,3582315,3582358,3582743,43,385,428,completed,2
53932,Rigid,3582315,3582358,3582889,43,531,574,completed,2
53933,Rigid,3582315,3582358,3582906,43,548,591,completed,2
53934,Rigid,3582315,3582358,3582927,43,569,612,completed,2
53935,Rigid,3582315,3582358,3582681,43,323,366,completed,2
53936,Rigid,3582315,3582358,3582931,43,573,616,completed,2
53937,Rigid,3582315,3582358,3582711,43,353,396,completed,2
53938,Rigid,3582315,3582358,3582807,43,449,492,completed,2
53939,Rigid,3582315,3582358,3582727,43,369,412,completed,2
53940,Rigid,3582315,3582358,3582707,43,349,392,completed,2
53941,Rigid,3582315,3582358,3582788,43,430,473,completed,2
53942,Rigid,3582315,3582358,3582703,43,345,388,completed,2
53943,Rigid,3582315,3582358,3582770,43,412,455,completed,2
53944,Rigid,3582315,3582358,3582721,43,363,406,completed,2
53945,Rigid,3582315,3582358,3582809,43,451,494,completed,2
53946,Rigid,3582315,3582358,3582824,43,466,509,completed,2
53947,Rigid,3582315,3582358,3582812,43,454,497,completed,2
53948,Rigid,3582315,3582358,3582836,43,478,521,completed,2
53949,Rigid,3582315,3582358,3582848,43,490,533,completed,2
53950,Rigid,3582315,3582358,3582675,43,317,360,completed,2
53951,Rigid,3584581,3584581,3617633,0,33052,33052,completed,144
53952,Rigid,3586060,3586060,3650583,0,64523,64523,completed,8
53953,Rigid,3586082,3586082,3654238,0,68156,68156,completed,8
53954,Rigid,3586154,3586154,3680984,0,94830,94830,completed,8
53955,Rigid,3586627,3586628,3586632,1,4,5,completed,1
53956,Rigid,3586803,3586804,3587714,1,910,911,completed,144
53957,Rigid,3586878,3586879,3586883,1,4,5,completed,36
53958,Rigid,3586973,3586974,3586978,1,4,5,completed,36
53959,Rigid,3587145,3587146,3587150,1,4,5,completed,36
53960,Rigid,3587323,3587324,3587328,1,4,5,completed,36
53961,Rigid,3587547,3587547,3587554,0,7,7,completed,72
53962,Rigid,3587757,3587757,3587764,0,7,7,completed,72
53963,Rigid,3587767,3587767,3587794,0,27,27,completed,1080
53964,Rigid,3587814,3587815,3587901,1,86,87,completed,1080
53965,Rigid,3588177,3588177,3588189,0,12,12,completed,36
53966,Rigid,3588190,3588190,3589656,0,1466,1466,completed,144
53967,Rigid,3588305,3588306,3589849,1,1543,1544,completed,144
53968,Rigid,3588305,3588306,3589687,1,1381,1382,completed,144
53969,Rigid,3588305,3588306,3589839,1,1533,1534,completed,144
53970,Rigid,3588306,3588306,3589821,0,1515,1515,completed,144
53971,Rigid,3588306,3588306,3589852,0,1546,1546,completed,144
53972,Rigid,3588306,3588306,3589849,0,1543,1543,completed,144
53973,Rigid,3588306,3588306,3589829,0,1523,1523,completed,144
53974,Rigid,3588306,3588306,3589848,0,1542,1542,completed,144
53975,Rigid,3588306,3588306,3589834,0,1528,1528,completed,144
53976,Rigid,3588306,3588306,3589829,0,1523,1523,completed,144
53977,Rigid,3588306,3588310,3589831,4,1521,1525,completed,144
53978,Rigid,3588306,3588310,3589849,4,1539,1543,completed,144
53979,Rigid,3588306,3588310,3589822,4,1512,1516,completed,144
53980,Rigid,3588307,3588310,3589814,3,1504,1507,completed,144
53981,Rigid,3588307,3588310,3589829,3,1519,1522,completed,144
53982,Rigid,3588307,3588310,3589819,3,1509,1512,completed,144
53983,Rigid,3588320,3588320,3588358,0,38,38,completed,36
53984,Rigid,3588417,3588418,3588428,1,10,11,completed,36
53985,Rigid,3588459,3588460,3591385,1,2925,2926,completed,36
53986,Rigid,3589166,3589167,3590566,1,1399,1400,completed,144
53987,Rigid,3589434,3589435,3762250,1,172815,172816,completed,1080
53988,Rigid,3589580,3589581,3589585,1,4,5,completed,1
53989,Rigid,3589585,3589586,3589624,1,38,39,completed,1
53990,Rigid,3589922,3589923,3591254,1,1331,1332,completed,144
53991,Rigid,3589986,3589986,3591400,0,1414,1414,completed,144
53992,Rigid,3589986,3589986,3591254,0,1268,1268,completed,144
53993,Rigid,3589986,3589986,3591403,0,1417,1417,completed,144
53994,Rigid,3589986,3589986,3591398,0,1412,1412,completed,144
53995,Rigid,3589986,3589986,3591398,0,1412,1412,completed,144
53996,Rigid,3589986,3589986,3591392,0,1406,1406,completed,144
53997,Rigid,3589986,3589990,3591395,4,1405,1409,completed,144
53998,Rigid,3589986,3589990,3591395,4,1405,1409,completed,144
53999,Rigid,3589986,3589990,3591404,4,1414,1418,completed,144
54000,Rigid,3589986,3589990,3591403,4,1413,1417,completed,144
54001,Rigid,3589986,3589990,3591405,4,1415,1419,completed,144
54002,Rigid,3589987,3589990,3591405,3,1415,1418,completed,144
54003,Rigid,3589987,3589990,3591405,3,1415,1418,completed,144
54004,Rigid,3589987,3589990,3591405,3,1415,1418,completed,144
54005,Rigid,3589987,3589990,3591403,3,1413,1416,completed,144
54006,Rigid,3589987,3589990,3591403,3,1413,1416,completed,144
54007,Rigid,3590024,3590025,3591494,1,1469,1470,completed,144
54008,Rigid,3590024,3590025,3590566,1,541,542,completed,144
54009,Rigid,3590024,3590567,3592038,543,1471,2014,completed,144
54010,Rigid,3590025,3590567,3592031,542,1464,2006,completed,144
54011,Rigid,3590025,3591255,3592746,1230,1491,2721,completed,144
54012,Rigid,3590025,3591255,3592752,1230,1497,2727,completed,144
54013,Rigid,3590025,3591394,3592870,1369,1476,2845,completed,144
54014,Rigid,3590025,3591397,3592885,1372,1488,2860,completed,144
54015,Rigid,3590025,3591397,3592862,1372,1465,2837,completed,144
54016,Rigid,3590025,3591399,3592851,1374,1452,2826,completed,144
54017,Rigid,3590025,3591400,3592881,1375,1481,2856,completed,144
54018,Rigid,3590025,3591402,3592872,1377,1470,2847,completed,144
54019,Rigid,3590025,3591404,3592880,1379,1476,2855,completed,144
54020,Rigid,3590025,3591405,3592838,1380,1433,2813,completed,144
54021,Rigid,3590025,3591405,3592848,1380,1443,2823,completed,144
54022,Rigid,3590025,3591405,3592880,1380,1475,2855,completed,144
54023,Rigid,3590100,3590120,3590122,20,2,22,completed,1
54024,Rigid,3590122,3590150,3590192,28,42,70,completed,1
54025,Rigid,3590424,3590451,3590453,27,2,29,completed,1
54026,Rigid,3590453,3590481,3590499,28,18,46,completed,1
54027,Rigid,3590489,3590571,3591121,82,550,632,completed,36
54028,Rigid,3590917,3590931,3591403,14,472,486,completed,36
54029,Rigid,3591157,3591172,3591180,15,8,23,completed,36
54030,Rigid,3591211,3591232,3591234,21,2,23,completed,1
54031,Rigid,3591234,3591262,3591282,28,20,48,completed,1
54032,Rigid,3591399,3591405,3591848,6,443,449,completed,36
54033,Rigid,3592237,3592238,3592246,1,8,9,completed,36
54034,Rigid,3592423,3592424,3607973,1,15549,15550,completed,36
54035,Rigid,3592820,3592821,3592823,1,2,3,completed,1
54036,Rigid,3592823,3592825,3592848,2,23,25,completed,1
54037,Rigid,3598594,3598594,3598596,0,2,2,completed,4
54038,Rigid,3598697,3598698,3598703,1,5,6,completed,4
54039,Rigid,3601436,3601436,3601441,0,5,5,completed,4
54040,Rigid,3602235,3602236,3604901,1,2665,2666,completed,36
54041,Rigid,3602295,3602296,3605200,1,2904,2905,completed,36
54042,Rigid,3602355,3602356,3605200,1,2844,2845,completed,36
54043,Rigid,3602415,3602416,3605042,1,2626,2627,completed,36
54044,Rigid,3605077,3605078,3605083,1,5,6,completed,4
54045,Rigid,3605264,3605265,3605281,1,16,17,completed,4
54046,Rigid,3610697,3610697,3611385,0,688,688,completed,4
54047,Rigid,3610697,3610697,3612598,0,1901,1901,completed,4
54048,Rigid,3610697,3610697,3612599,0,1902,1902,completed,4
54049,Rigid,3610697,3610697,3612602,0,1905,1905,completed,4
54050,Rigid,3610697,3610697,3612750,0,2053,2053,completed,4
54051,Rigid,3610697,3610701,3610846,4,145,149,completed,4
54052,Rigid,3610697,3610701,3612182,4,1481,1485,completed,4
54053,Rigid,3610697,3610701,3612675,4,1974,1978,completed,4
54054,Rigid,3610697,3610701,3612677,4,1976,1980,completed,4
54055,Rigid,3610698,3610701,3612678,3,1977,1980,completed,4
54056,Rigid,3610698,3610701,3610781,3,80,83,completed,4
54057,Rigid,3610698,3610701,3611426,3,725,728,completed,4
54058,Rigid,3610698,3610701,3612727,3,2026,2029,completed,4
54059,Rigid,3610698,3610701,3612728,3,2027,2030,completed,4
54060,Rigid,3610698,3610701,3612730,3,2029,2032,completed,4
54061,Rigid,3610698,3610701,3610736,3,35,38,completed,4
54062,Rigid,3610698,3610701,3610816,3,115,118,completed,4
54063,Rigid,3610698,3610701,3611705,3,1004,1007,completed,4
54064,Rigid,3610698,3610701,3612427,3,1726,1729,completed,4
54065,Rigid,3610698,3610701,3612429,3,1728,1731,completed,4
54066,Rigid,3610699,3610701,3610999,2,298,300,completed,4
54067,Rigid,3610699,3610701,3612438,2,1737,1739,completed,4
54068,Rigid,3610699,3610701,3612440,2,1739,1741,completed,4
54069,Rigid,3610699,3610701,3612444,2,1743,1745,completed,4
54070,Rigid,3610699,3610701,3612445,2,1744,1746,completed,4
54071,Rigid,3610699,3610701,3610778,2,77,79,completed,4
54072,Rigid,3610699,3610701,3611167,2,466,468,completed,4
54073,Rigid,3610699,3610701,3612635,2,1934,1936,completed,4
54074,Rigid,3610699,3610701,3612636,2,1935,1937,completed,4
54075,Rigid,3610699,3610701,3612637,2,1936,1938,completed,4
54076,Rigid,3610700,3610701,3610864,1,163,164,completed,4
54077,Rigid,3610700,3610701,3611609,1,908,909,completed,4
54078,Rigid,3610700,3610701,3612642,1,1941,1942,completed,4
54079,Rigid,3610700,3610701,3612644,1,1943,1944,completed,4
54080,Rigid,3610700,3610701,3612645,1,1944,1945,completed,4
54081,Rigid,3610700,3610701,3610739,1,38,39,completed,4
54082,Rigid,3610700,3610701,3611034,1,333,334,completed,4
54083,Rigid,3610700,3610701,3612155,1,1454,1455,completed,4
54084,Rigid,3610700,3610701,3612745,1,2044,2045,completed,4
54085,Rigid,3610701,3610701,3612747,0,2046,2046,completed,4
54086,Rigid,3610744,3610745,3611290,1,545,546,completed,4
54087,Rigid,3610744,3610745,3612716,1,1971,1972,completed,4
54088,Rigid,3610744,3610745,3612609,1,1864,1865,completed,4
54089,Rigid,3610745,3610745,3612718,0,1973,1973,completed,4
54090,Rigid,3610745,3610745,3612722,0,1977,1977,completed,4
54091,Rigid,3610745,3610745,3610857,0,112,112,completed,4
54092,Rigid,3610745,3610745,3611971,0,1226,1226,completed,4
54093,Rigid,3610745,3610745,3612627,0,1882,1882,completed,4
54094,Rigid,3610745,3610745,3612628,0,1883,1883,completed,4
54095,Rigid,3610745,3610745,3612629,0,1884,1884,completed,4
54096,Rigid,3610745,3610749,3610792,4,43,47,completed,4
54097,Rigid,3610745,3610749,3611187,4,438,442,completed,4
54098,Rigid,3610745,3610749,3612583,4,1834,1838,completed,4
54099,Rigid,3610746,3610749,3612585,3,1836,1839,completed,4
54100,Rigid,3610746,3610749,3612586,3,1837,1840,completed,4
54101,Rigid,3610746,3610749,3610771,3,22,25,completed,4
54102,Rigid,3610746,3610749,3610827,3,78,81,completed,4
54103,Rigid,3610746,3610749,3611499,3,750,753,completed,4
54104,Rigid,3610746,3610749,3612513,3,1764,1767,completed,4
54105,Rigid,3610746,3610749,3612517,3,1768,1771,completed,4
54106,Rigid,3610746,3610749,3610968,3,219,222,completed,4
54107,Rigid,3610746,3610749,3612520,3,1771,1774,completed,4
54108,Rigid,3610746,3610749,3612522,3,1773,1776,completed,4
54109,Rigid,3610747,3610749,3612526,2,1777,1779,completed,4
54110,Rigid,3610747,3610749,3612528,2,1779,1781,completed,4
54111,Rigid,3610747,3610749,3610794,2,45,47,completed,4
54112,Rigid,3610747,3610749,3611117,2,368,370,completed,4
54113,Rigid,3610747,3610749,3612547,2,1798,1800,completed,4
54114,Rigid,3610747,3610749,3612548,2,1799,1801,completed,4
54115,Rigid,3610747,3610749,3612550,2,1801,1803,completed,4
54116,Rigid,3610747,3610749,3610837,2,88,90,completed,4
54117,Rigid,3610747,3610749,3611494,2,745,747,completed,4
54118,Rigid,3610747,3610749,3612556,2,1807,1809,completed,4
54119,Rigid,3610748,3610749,3612559,1,1810,1811,completed,4
54120,Rigid,3610748,3610749,3612561,1,1812,1813,completed,4
54121,Rigid,3610748,3610749,3610774,1,25,26,completed,4
54122,Rigid,3610748,3610749,3610979,1,230,231,completed,4
54123,Rigid,3610748,3610749,3611903,1,1154,1155,completed,4
54124,Rigid,3610748,3610749,3612664,1,1915,1916,completed,4
54125,Rigid,3610748,3610749,3612668,1,1919,1920,completed,4
54126,Rigid,3612380,3612381,3612477,1,96,97,completed,4
54127,Rigid,3612381,3612381,3612479,0,98,98,completed,4
54128,Rigid,3612381,3612381,3612480,0,99,99,completed,4
54129,Rigid,3612381,3612381,3612482,0,101,101,completed,4
54130,Rigid,3612381,3612381,3612483,0,102,102,completed,4
54131,Rigid,3612381,3612385,3612485,4,100,104,completed,4
54132,Rigid,3612381,3612385,3612488,4,103,107,completed,4
54133,Rigid,3612382,3612385,3612492,3,107,110,completed,4
54134,Rigid,3612382,3612385,3612496,3,111,114,completed,4
54135,Rigid,3612382,3612385,3612498,3,113,116,completed,4
54136,Rigid,3612925,3612925,3613607,0,682,682,completed,4
54137,Rigid,3612925,3612929,3618731,4,5802,5806,completed,4
54138,Rigid,3612926,3612929,3643439,3,30510,30513,completed,4
54139,Rigid,3612926,3612929,3643439,3,30510,30513,completed,4
54140,Rigid,3612926,3612929,3643439,3,30510,30513,completed,4
54141,Rigid,3612926,3612929,3613075,3,146,149,completed,4
54142,Rigid,3612926,3612929,3614315,3,1386,1389,completed,4
54143,Rigid,3612927,3612929,3623054,2,10125,10127,completed,4
54144,Rigid,3612927,3612929,3643439,2,30510,30512,completed,4
54145,Rigid,3612927,3612929,3643439,2,30510,30512,completed,4
54146,Rigid,3612927,3612929,3613008,2,79,81,completed,4
54147,Rigid,3612928,3612929,3613656,1,727,728,completed,4
54148,Rigid,3612928,3612929,3615580,1,2651,2652,completed,4
54149,Rigid,3612928,3612929,3628024,1,15095,15096,completed,4
54150,Rigid,3612928,3612929,3643439,1,30510,30511,completed,4
54151,Rigid,3612928,3612929,3612964,1,35,36,completed,4
54152,Rigid,3612928,3612929,3613046,1,117,118,completed,4
54153,Rigid,3612928,3612929,3613929,1,1000,1001,completed,4
54154,Rigid,3612928,3612929,3617969,1,5040,5041,completed,4
54155,Rigid,3612928,3612929,3638628,1,25699,25700,completed,4
54156,Rigid,3612929,3612929,3613227,0,298,298,completed,4
54157,Rigid,3612929,3612929,3615247,0,2318,2318,completed,4
54158,Rigid,3612929,3612929,3627641,0,14712,14712,completed,4
54159,Rigid,3612929,3612929,3643439,0,30510,30510,completed,4
54160,Rigid,3612929,3612929,3643439,0,30510,30510,completed,4
54161,Rigid,3612929,3612929,3613006,0,77,77,completed,4
54162,Rigid,3612929,3612929,3613392,0,463,463,completed,4
54163,Rigid,3612929,3612929,3616909,0,3980,3980,completed,4
54164,Rigid,3612929,3612929,3637256,0,24327,24327,completed,4
54165,Rigid,3612929,3612933,3643438,4,30505,30509,completed,4
54166,Rigid,3612930,3612933,3613096,3,163,166,completed,4
54167,Rigid,3612930,3612933,3613836,3,903,906,completed,4
54168,Rigid,3612930,3612933,3619143,3,6210,6213,completed,4
54169,Rigid,3612930,3612933,3643438,3,30505,30508,completed,4
54170,Rigid,3612930,3612933,3643438,3,30505,30508,completed,4
54171,Rigid,3612930,3612933,3612972,3,39,42,completed,4
54172,Rigid,3612930,3612933,3613255,3,322,325,completed,4
54173,Rigid,3612930,3612933,3614363,3,1430,1433,completed,4
54174,Rigid,3612931,3612933,3623812,2,10879,10881,completed,4
54175,Rigid,3612931,3612933,3643438,2,30505,30507,completed,4
54176,Rigid,3612938,3612939,3613500,1,561,562,completed,4
54177,Rigid,3612939,3612939,3620716,0,7777,7777,completed,4
54178,Rigid,3612939,3612939,3643438,0,30499,30499,completed,4
54179,Rigid,3612939,3612939,3637696,0,24757,24757,completed,4
54180,Rigid,3612939,3612939,3643438,0,30499,30499,completed,4
54181,Rigid,3612939,3612939,3613050,0,111,111,completed,4
54182,Rigid,3612939,3612939,3614164,0,1225,1225,completed,4
54183,Rigid,3612939,3612939,3628802,0,15863,15863,completed,4
54184,Rigid,3612939,3612939,3643438,0,30499,30499,completed,4
54185,Rigid,3612939,3612939,3643438,0,30499,30499,completed,4
54186,Rigid,3612939,3612940,3612982,1,42,43,completed,4
54187,Rigid,3612939,3612940,3613379,1,439,440,completed,4
54188,Rigid,3612940,3612940,3615000,0,2060,2060,completed,4
54189,Rigid,3612940,3612940,3624569,0,11629,11629,completed,4
54190,Rigid,3612940,3612940,3631660,0,18720,18720,completed,4
54191,Rigid,3612940,3612940,3612962,0,22,22,completed,4
54192,Rigid,3612940,3612940,3613025,0,85,85,completed,4
54193,Rigid,3612940,3612940,3613733,0,793,793,completed,4
54194,Rigid,3612940,3612940,3615766,0,2826,2826,completed,4
54195,Rigid,3612940,3612940,3636214,0,23274,23274,completed,4
54196,Rigid,3612940,3612944,3613161,4,217,221,completed,4
54197,Rigid,3612940,3612944,3614768,4,1824,1828,completed,4
54198,Rigid,3612941,3612944,3633646,3,20702,20705,completed,4
54199,Rigid,3612941,3612944,3643387,3,30443,30446,completed,4
54200,Rigid,3612941,3612944,3640687,3,27743,27746,completed,4
54201,Rigid,3612941,3612944,3612990,3,46,49,completed,4
54202,Rigid,3612941,3612944,3613302,3,358,361,completed,4
54203,Rigid,3612941,3612944,3616736,3,3792,3795,completed,4
54204,Rigid,3612941,3612944,3643387,3,30443,30446,completed,4
54205,Rigid,3612941,3612944,3643438,3,30494,30497,completed,4
54206,Rigid,3612941,3612944,3613033,3,89,92,completed,4
54207,Rigid,3612941,3612944,3613665,3,721,724,completed,4
54208,Rigid,3612942,3612944,3617492,2,4548,4550,completed,4
54209,Rigid,3612942,3612944,3633371,2,20427,20429,completed,4
54210,Rigid,3612942,3612944,3643438,2,30494,30496,completed,4
54211,Rigid,3612942,3612944,3612970,2,26,28,completed,4
54212,Rigid,3612942,3612944,3613162,2,218,220,completed,4
54213,Rigid,3612942,3612944,3614010,2,1066,1068,completed,4
54214,Rigid,3612942,3612944,3621908,2,8964,8966,completed,4
54215,Rigid,3612943,3612944,3629481,1,16537,16538,completed,4
54216,Rigid,3619427,3619427,3619908,0,481,481,completed,36
54217,Rigid,3619428,3619428,3619911,0,483,483,completed,36
54218,Rigid,3619429,3619431,3619914,2,483,485,completed,36
54219,Rigid,3619430,3619431,3619912,1,481,482,completed,36
54220,Rigid,3619430,3619431,3619918,1,487,488,completed,36
54221,Rigid,3619430,3619431,3619915,1,484,485,completed,36
54222,Rigid,3619431,3619431,3619914,0,483,483,completed,36
54223,Rigid,3619431,3619431,3619917,0,486,486,completed,36
54224,Rigid,3619431,3619435,3619918,4,483,487,completed,36
54225,Rigid,3619432,3619435,3619921,3,486,489,completed,36
54226,Rigid,3619432,3619435,3619924,3,489,492,completed,36
54227,Rigid,3619432,3619435,3619917,3,482,485,completed,36
54228,Rigid,3619433,3619435,3619916,2,481,483,completed,36
54229,Rigid,3619433,3619435,3619917,2,482,484,completed,36
54230,Rigid,3619434,3619435,3619917,1,482,483,completed,36
54231,Rigid,3619434,3619435,3619916,1,481,482,completed,36
54232,Rigid,3619461,3619461,3619941,0,480,480,completed,36
54233,Rigid,3619462,3619465,3619946,3,481,484,completed,36
54234,Rigid,3619463,3619465,3619948,2,483,485,completed,36
54235,Rigid,3619463,3619465,3619948,2,483,485,completed,36
54236,Rigid,3619464,3619465,3619952,1,487,488,completed,36
54237,Rigid,3619464,3619465,3619947,1,482,483,completed,36
54238,Rigid,3619465,3619465,3619945,0,480,480,completed,36
54239,Rigid,3619465,3619465,3619948,0,483,483,completed,36
54240,Rigid,3619465,3619469,3619952,4,483,487,completed,36
54241,Rigid,3619466,3619469,3619951,3,482,485,completed,36
54242,Rigid,3619466,3619469,3619952,3,483,486,completed,36
54243,Rigid,3619466,3619469,3619952,3,483,486,completed,36
54244,Rigid,3619467,3619469,3619952,2,483,485,completed,36
54245,Rigid,3619467,3619469,3619951,2,482,484,completed,36
54246,Rigid,3619467,3619469,3619952,2,483,485,completed,36
54247,Rigid,3619468,3619469,3619955,1,486,487,completed,36
54248,Rigid,3626314,3626315,3885557,1,259242,259243,completed,36
54249,Rigid,3627202,3627203,3627206,1,3,4,completed,1
54250,Rigid,3627206,3627207,3627252,1,45,46,completed,1
54251,Rigid,3627707,3650124,3822933,22417,172809,195226,completed,36
54252,Rigid,3627707,3650305,3823113,22598,172808,195406,completed,36
54253,Rigid,3627707,3650305,3823113,22598,172808,195406,completed,36
54254,Rigid,3627736,3650305,3823113,22569,172808,195377,completed,36
54255,Rigid,3627736,3650305,3823113,22569,172808,195377,completed,36
54256,Rigid,3627736,3650336,3823143,22600,172807,195407,completed,36
54257,Rigid,3627769,3627770,3627772,1,2,3,completed,1
54258,Rigid,3627772,3627773,3627786,1,13,14,completed,1
54259,Rigid,3627790,3650336,3823143,22546,172807,195353,completed,36
54260,Rigid,3627790,3650336,3823143,22546,172807,195353,completed,36
54261,Rigid,3627790,3650396,3823203,22606,172807,195413,completed,36
54262,Rigid,3627836,3650396,3823203,22560,172807,195367,completed,36
54263,Rigid,3627836,3650396,3823203,22560,172807,195367,completed,36
54264,Rigid,3627836,3650396,3823203,22560,172807,195367,completed,36
54265,Rigid,3627859,3650457,3823263,22598,172806,195404,completed,36
54266,Rigid,3627859,3650457,3823263,22598,172806,195404,completed,36
54267,Rigid,3627859,3650487,3823293,22628,172806,195434,completed,36
54268,Rigid,3627875,3627875,3627877,0,2,2,completed,1
54269,Rigid,3627877,3627878,3627887,1,9,10,completed,1
54270,Rigid,3627885,3650487,3823293,22602,172806,195408,completed,36
54271,Rigid,3627885,3650487,3823293,22602,172806,195408,completed,36
54272,Rigid,3627885,3650487,3823293,22602,172806,195408,completed,36
54273,Rigid,3627917,3650629,3823444,22712,172815,195527,completed,36
54274,Rigid,3627917,3650630,3823444,22713,172814,195527,completed,36
54275,Rigid,3627917,3650630,3823444,22713,172814,195527,completed,36
54276,Rigid,3627978,3627978,3627980,0,2,2,completed,1
54277,Rigid,3627980,3627981,3627990,1,9,10,completed,1
54278,Rigid,3628195,3628196,3628198,1,2,3,completed,1
54279,Rigid,3628198,3628199,3629113,1,914,915,completed,1
54280,Rigid,3629188,3629188,3629254,0,66,66,completed,36
54281,Rigid,3629361,3629362,3719207,1,89845,89846,completed,36
54282,Rigid,3629404,3629405,3629732,1,327,328,completed,36
54283,Rigid,3629405,3629405,3629612,0,207,207,completed,36
54284,Rigid,3629407,3629409,3631457,2,2048,2050,completed,36
54285,Rigid,3629538,3629539,3629858,1,319,320,completed,36
54286,Rigid,3629539,3629543,3629700,4,157,161,completed,36
54287,Rigid,3629542,3629543,3631580,1,2037,2038,completed,36
54288,Rigid,3629702,3629702,3630191,0,489,489,completed,1
54289,Rigid,3629705,3629706,3629716,1,10,11,completed,1
54290,Rigid,3629705,3629717,3629737,12,20,32,completed,1
54291,Rigid,3629706,3629739,3630230,33,491,524,completed,2
54292,Rigid,3629706,3629739,3630239,33,500,533,completed,2
54293,Rigid,3629706,3629739,3630185,33,446,479,completed,2
54294,Rigid,3629706,3629739,3630207,33,468,501,completed,2
54295,Rigid,3629706,3629739,3630161,33,422,455,completed,2
54296,Rigid,3629706,3629739,3630241,33,502,535,completed,2
54297,Rigid,3629706,3629739,3630217,33,478,511,completed,2
54298,Rigid,3629706,3629739,3630241,33,502,535,completed,2
54299,Rigid,3629707,3629739,3630104,32,365,397,completed,2
54300,Rigid,3629707,3629739,3630269,32,530,562,completed,2
54301,Rigid,3629707,3629739,3630255,32,516,548,completed,2
54302,Rigid,3629707,3629739,3630220,32,481,513,completed,2
54303,Rigid,3629707,3629739,3630114,32,375,407,completed,2
54304,Rigid,3629707,3629739,3630109,32,370,402,completed,2
54305,Rigid,3629707,3629739,3630227,32,488,520,completed,2
54306,Rigid,3629707,3629739,3630184,32,445,477,completed,2
54307,Rigid,3629708,3629739,3630215,31,476,507,completed,2
54308,Rigid,3629708,3629739,3630118,31,379,410,completed,2
54309,Rigid,3629708,3629739,3630221,31,482,513,completed,2
54310,Rigid,3629708,3629739,3630191,31,452,483,completed,2
54311,Rigid,3629708,3629739,3630191,31,452,483,completed,2
54312,Rigid,3629708,3629739,3630150,31,411,442,completed,2
54313,Rigid,3629708,3629739,3630092,31,353,384,completed,2
54314,Rigid,3629708,3629739,3630135,31,396,427,completed,2
54315,Rigid,3629709,3629739,3630114,30,375,405,completed,2
54316,Rigid,3629709,3629739,3630190,30,451,481,completed,2
54317,Rigid,3629709,3629739,3630232,30,493,523,completed,2
54318,Rigid,3629709,3629739,3630186,30,447,477,completed,2
54319,Rigid,3629709,3629739,3630105,30,366,396,completed,2
54320,Rigid,3629709,3629739,3630259,30,520,550,completed,2
54321,Rigid,3629709,3629739,3630111,30,372,402,completed,2
54322,Rigid,3629710,3629739,3630227,29,488,517,completed,2
54323,Rigid,3629710,3629739,3630223,29,484,513,completed,2
54324,Rigid,3629710,3629739,3630297,29,558,587,completed,2
54325,Rigid,3629710,3629739,3630261,29,522,551,completed,2
54326,Rigid,3629710,3629739,3630269,29,530,559,completed,2
54327,Rigid,3629710,3629739,3630254,29,515,544,completed,2
54328,Rigid,3629710,3629739,3630217,29,478,507,completed,2
54329,Rigid,3629710,3629739,3630192,29,453,482,completed,2
54330,Rigid,3629710,3629739,3630302,29,563,592,completed,2
54331,Rigid,3629710,3629739,3630286,29,547,576,completed,2
54332,Rigid,3629710,3629739,3630267,29,528,557,completed,2
54333,Rigid,3629710,3629739,3630269,29,530,559,completed,2
54334,Rigid,3629710,3629739,3630188,29,449,478,completed,2
54335,Rigid,3629711,3629739,3630184,28,445,473,completed,2
54336,Rigid,3629711,3629739,3630278,28,539,567,completed,2
54337,Rigid,3629711,3629739,3630211,28,472,500,completed,2
54338,Rigid,3629711,3629739,3630140,28,401,429,completed,2
54339,Rigid,3629711,3629739,3630193,28,454,482,completed,2
54340,Rigid,3629711,3629739,3630122,28,383,411,completed,2
54341,Rigid,3629711,3629739,3630221,28,482,510,completed,2
54342,Rigid,3629711,3629739,3630160,28,421,449,completed,2
54343,Rigid,3629711,3629739,3630140,28,401,429,completed,2
54344,Rigid,3629711,3629739,3630278,28,539,567,completed,2
54345,Rigid,3629711,3629739,3630273,28,534,562,completed,2
54346,Rigid,3629711,3629739,3630219,28,480,508,completed,2
54347,Rigid,3629711,3629739,3630230,28,491,519,completed,2
54348,Rigid,3629712,3629739,3630246,27,507,534,completed,2
54349,Rigid,3629712,3629739,3630305,27,566,593,completed,2
54350,Rigid,3629712,3629739,3630193,27,454,481,completed,2
54351,Rigid,3629712,3629739,3630296,27,557,584,completed,2
54352,Rigid,3629712,3629739,3630110,27,371,398,completed,2
54353,Rigid,3629712,3629739,3630286,27,547,574,completed,2
54354,Rigid,3629712,3629739,3630114,27,375,402,completed,2
54355,Rigid,3629712,3629739,3630248,27,509,536,completed,2
54356,Rigid,3629712,3629739,3630264,27,525,552,completed,2
54357,Rigid,3629712,3629739,3630164,27,425,452,completed,2
54358,Rigid,3629712,3629739,3630322,27,583,610,completed,2
54359,Rigid,3629712,3629739,3630328,27,589,616,completed,2
54360,Rigid,3629712,3629739,3630310,27,571,598,completed,2
54361,Rigid,3629712,3629739,3630325,27,586,613,completed,2
54362,Rigid,3629713,3629739,3630287,26,548,574,completed,2
54363,Rigid,3629713,3629739,3630324,26,585,611,completed,2
54364,Rigid,3629713,3629739,3630329,26,590,616,completed,2
54365,Rigid,3629713,3629739,3630319,26,580,606,completed,2
54366,Rigid,3629713,3629739,3630162,26,423,449,completed,2
54367,Rigid,3629713,3629739,3630298,26,559,585,completed,2
54368,Rigid,3629713,3629739,3630324,26,585,611,completed,2
54369,Rigid,3629713,3629739,3630323,26,584,610,completed,2
54370,Rigid,3629713,3629739,3630284,26,545,571,completed,2
54371,Rigid,3629713,3629739,3630260,26,521,547,completed,2
54372,Rigid,3629713,3629739,3630332,26,593,619,completed,2
54373,Rigid,3629713,3629739,3630321,26,582,608,completed,2
54374,Rigid,3629714,3629739,3630327,25,588,613,completed,2
54375,Rigid,3629714,3629739,3630325,25,586,611,completed,2
54376,Rigid,3629714,3629739,3630174,25,435,460,completed,2
54377,Rigid,3629714,3629739,3630212,25,473,498,completed,2
54378,Rigid,3629714,3629739,3630264,25,525,550,completed,2
54379,Rigid,3629714,3629739,3630165,25,426,451,completed,2
54380,Rigid,3629714,3629739,3630229,25,490,515,completed,2
54381,Rigid,3629714,3629739,3630182,25,443,468,completed,2
54382,Rigid,3629714,3629739,3630152,25,413,438,completed,2
54383,Rigid,3629714,3629739,3630262,25,523,548,completed,2
54384,Rigid,3629714,3629739,3630245,25,506,531,completed,2
54385,Rigid,3629714,3629739,3630119,25,380,405,completed,2
54386,Rigid,3629715,3629739,3630117,24,378,402,completed,2
54387,Rigid,3629715,3629739,3630122,24,383,407,completed,2
54388,Rigid,3629715,3629739,3630154,24,415,439,completed,2
54389,Rigid,3629715,3629739,3630147,24,408,432,completed,2
54390,Rigid,3629715,3629739,3630295,24,556,580,completed,2
54391,Rigid,3629715,3629739,3630289,24,550,574,completed,2
54392,Rigid,3629715,3629739,3630296,24,557,581,completed,2
54393,Rigid,3629715,3629739,3630229,24,490,514,completed,2
54394,Rigid,3629715,3629739,3630186,24,447,471,completed,2
54395,Rigid,3629715,3629739,3630198,24,459,483,completed,2
54396,Rigid,3629715,3629739,3630295,24,556,580,completed,2
54397,Rigid,3629715,3629739,3630096,24,357,381,completed,2
54398,Rigid,3629715,3629739,3630105,24,366,390,completed,2
54399,Rigid,3629716,3629739,3630108,23,369,392,completed,2
54400,Rigid,3629716,3629739,3630185,23,446,469,completed,2
54401,Rigid,3629716,3629739,3630108,23,369,392,completed,2
54402,Rigid,3629716,3629739,3630242,23,503,526,completed,2
54403,Rigid,3629716,3629739,3630149,23,410,433,completed,2
54404,Rigid,3629716,3629739,3630191,23,452,475,completed,2
54405,Rigid,3629716,3629739,3630297,23,558,581,completed,2
54406,Rigid,3629716,3629739,3630111,23,372,395,completed,2
54407,Rigid,3629716,3629739,3630118,23,379,402,completed,2
54408,Rigid,3629716,3629739,3630303,23,564,587,completed,2
54409,Rigid,3629716,3629739,3630291,23,552,575,completed,2
54410,Rigid,3629716,3629739,3630302,23,563,586,completed,2
54411,Rigid,3629717,3629739,3630312,22,573,595,completed,2
54412,Rigid,3629717,3629739,3630269,22,530,552,completed,2
54413,Rigid,3629717,3629739,3630136,22,397,419,completed,2
54414,Rigid,3629717,3629739,3630098,22,359,381,completed,2
54415,Rigid,3629717,3629739,3630284,22,545,567,completed,2
54416,Rigid,3629717,3629739,3630278,22,539,561,completed,2
54417,Rigid,3629717,3629739,3630278,22,539,561,completed,2
54418,Rigid,3629717,3629739,3630108,22,369,391,completed,2
54419,Rigid,3629717,3629739,3630298,22,559,581,completed,2
54420,Rigid,3629717,3629739,3630291,22,552,574,completed,2
54421,Rigid,3629717,3629739,3630310,22,571,593,completed,2
54422,Rigid,3629717,3629739,3630292,22,553,575,completed,2
54423,Rigid,3629718,3629739,3630284,21,545,566,completed,2
54424,Rigid,3629718,3629739,3630190,21,451,472,completed,2
54425,Rigid,3629718,3629739,3630313,21,574,595,completed,2
54426,Rigid,3629718,3629739,3630289,21,550,571,completed,2
54427,Rigid,3629718,3629739,3630089,21,350,371,completed,2
54428,Rigid,3629718,3629739,3630247,21,508,529,completed,2
54429,Rigid,3629718,3629739,3630281,21,542,563,completed,2
54430,Rigid,3629718,3629739,3630118,21,379,400,completed,2
54431,Rigid,3629718,3629739,3630108,21,369,390,completed,2
54432,Rigid,3629718,3629739,3630328,21,589,610,completed,2
54433,Rigid,3629718,3629739,3630274,21,535,556,completed,2
54434,Rigid,3629718,3629739,3630148,21,409,430,completed,2
54435,Rigid,3629719,3629739,3630331,20,592,612,completed,2
54436,Rigid,3629719,3629739,3630324,20,585,605,completed,2
54437,Rigid,3629719,3629739,3630309,20,570,590,completed,2
54438,Rigid,3629719,3629739,3630330,20,591,611,completed,2
54439,Rigid,3629719,3629739,3630194,20,455,475,completed,2
54440,Rigid,3629719,3629739,3630102,20,363,383,completed,2
54441,Rigid,3629719,3629739,3630128,20,389,409,completed,2
54442,Rigid,3629719,3629739,3630178,20,439,459,completed,2
54443,Rigid,3629719,3629739,3630101,20,362,382,completed,2
54444,Rigid,3629719,3629739,3630147,20,408,428,completed,2
54445,Rigid,3629719,3629739,3630127,20,388,408,completed,2
54446,Rigid,3629719,3629739,3630272,20,533,553,completed,2
54447,Rigid,3629719,3629739,3630238,20,499,519,completed,2
54448,Rigid,3629719,3629739,3630135,20,396,416,completed,2
54449,Rigid,3629720,3629739,3630210,19,471,490,completed,2
54450,Rigid,3629720,3629739,3630267,19,528,547,completed,2
54451,Rigid,3629720,3629739,3630112,19,373,392,completed,2
54452,Rigid,3629720,3629739,3630222,19,483,502,completed,2
54453,Rigid,3629720,3629739,3630234,19,495,514,completed,2
54454,Rigid,3629720,3629739,3630203,19,464,483,completed,2
54455,Rigid,3629720,3629739,3630068,19,329,348,completed,2
54456,Rigid,3629720,3629739,3630195,19,456,475,completed,2
54457,Rigid,3629720,3629739,3630194,19,455,474,completed,2
54458,Rigid,3629720,3629739,3630116,19,377,396,completed,2
54459,Rigid,3629720,3629739,3630240,19,501,520,completed,2
54460,Rigid,3629720,3629739,3630120,19,381,400,completed,2
54461,Rigid,3629721,3629739,3630323,18,584,602,completed,2
54462,Rigid,3629721,3629739,3630308,18,569,587,completed,2
54463,Rigid,3629721,3629739,3630305,18,566,584,completed,2
54464,Rigid,3629721,3629739,3630314,18,575,593,completed,2
54465,Rigid,3629721,3629739,3630288,18,549,567,completed,2
54466,Rigid,3629721,3629739,3630253,18,514,532,completed,2
54467,Rigid,3629721,3629739,3630124,18,385,403,completed,2
54468,Rigid,3629721,3629739,3630316,18,577,595,completed,2
54469,Rigid,3629721,3629739,3630084,18,345,363,completed,2
54470,Rigid,3629721,3629739,3630269,18,530,548,completed,2
54471,Rigid,3629721,3629739,3630304,18,565,583,completed,2
54472,Rigid,3629721,3629739,3630214,18,475,493,completed,2
54473,Rigid,3629721,3629739,3630252,18,513,531,completed,2
54474,Rigid,3629721,3629739,3630101,18,362,380,completed,2
54475,Rigid,3629722,3629739,3630132,17,393,410,completed,2
54476,Rigid,3629722,3629739,3630317,17,578,595,completed,2
54477,Rigid,3629722,3629739,3630217,17,478,495,completed,2
54478,Rigid,3629722,3629739,3630262,17,523,540,completed,2
54479,Rigid,3629722,3629739,3630132,17,393,410,completed,2
54480,Rigid,3629722,3629739,3630242,17,503,520,completed,2
54481,Rigid,3629722,3629739,3630120,17,381,398,completed,2
54482,Rigid,3629722,3629739,3630319,17,580,597,completed,2
54483,Rigid,3629722,3629739,3630137,17,398,415,completed,2
54484,Rigid,3629722,3629739,3630285,17,546,563,completed,2
54485,Rigid,3629722,3629739,3630202,17,463,480,completed,2
54486,Rigid,3629722,3629739,3630111,17,372,389,completed,2
54487,Rigid,3629723,3629739,3630271,16,532,548,completed,2
54488,Rigid,3629723,3629739,3630155,16,416,432,completed,2
54489,Rigid,3629723,3629739,3630218,16,479,495,completed,2
54490,Rigid,3629723,3629739,3630318,16,579,595,completed,2
54491,Rigid,3629723,3629739,3630301,16,562,578,completed,2
54492,Rigid,3629723,3629739,3630124,16,385,401,completed,2
54493,Rigid,3629723,3629739,3630287,16,548,564,completed,2
54494,Rigid,3629723,3629739,3630086,16,347,363,completed,2
54495,Rigid,3629723,3629739,3630305,16,566,582,completed,2
54496,Rigid,3629723,3629739,3630135,16,396,412,completed,2
54497,Rigid,3629724,3629739,3630120,15,381,396,completed,2
54498,Rigid,3629724,3629739,3630149,15,410,425,completed,2
54499,Rigid,3629724,3629739,3630176,15,437,452,completed,2
54500,Rigid,3629724,3629739,3630305,15,566,581,completed,2
54501,Rigid,3629724,3629739,3630291,15,552,567,completed,2
54502,Rigid,3629724,3629739,3630317,15,578,593,completed,2
54503,Rigid,3629724,3629739,3630323,15,584,599,completed,2
54504,Rigid,3629724,3629739,3630122,15,383,398,completed,2
54505,Rigid,3629725,3629739,3630243,14,504,518,completed,2
54506,Rigid,3629725,3629739,3630204,14,465,479,completed,2
54507,Rigid,3629725,3629739,3630271,14,532,546,completed,2
54508,Rigid,3629725,3629739,3630038,14,299,313,completed,2
54509,Rigid,3629725,3629739,3630119,14,380,394,completed,2
54510,Rigid,3629725,3629739,3630265,14,526,540,completed,2
54511,Rigid,3629725,3629739,3630291,14,552,566,completed,2
54512,Rigid,3629725,3629739,3630190,14,451,465,completed,2
54513,Rigid,3629725,3629739,3630315,14,576,590,completed,2
54514,Rigid,3629726,3629739,3630307,13,568,581,completed,2
54515,Rigid,3629726,3629739,3630188,13,449,462,completed,2
54516,Rigid,3629726,3629739,3630123,13,384,397,completed,2
54517,Rigid,3629726,3629739,3630113,13,374,387,completed,2
54518,Rigid,3629726,3629739,3630261,13,522,535,completed,2
54519,Rigid,3629726,3629739,3630323,13,584,597,completed,2
54520,Rigid,3629726,3629739,3630310,13,571,584,completed,2
54521,Rigid,3629726,3629739,3630286,13,547,560,completed,2
54522,Rigid,3629726,3629739,3630302,13,563,576,completed,2
54523,Rigid,3629727,3629739,3630174,12,435,447,completed,2
54524,Rigid,3629727,3629739,3630089,12,350,362,completed,2
54525,Rigid,3629727,3629739,3630225,12,486,498,completed,2
54526,Rigid,3629727,3629739,3630272,12,533,545,completed,2
54527,Rigid,3629727,3629739,3630116,12,377,389,completed,2
54528,Rigid,3629727,3629739,3630304,12,565,577,completed,2
54529,Rigid,3629727,3629739,3630226,12,487,499,completed,2
54530,Rigid,3629728,3629739,3630062,11,323,334,completed,2
54531,Rigid,3629728,3629739,3630116,11,377,388,completed,2
54532,Rigid,3629728,3629739,3630101,11,362,373,completed,2
54533,Rigid,3629728,3629742,3630176,14,434,448,completed,2
54534,Rigid,3629728,3629742,3630306,14,564,578,completed,2
54535,Rigid,3629728,3629742,3630130,14,388,402,completed,2
54536,Rigid,3629728,3629742,3630276,14,534,548,completed,2
54537,Rigid,3629728,3629742,3630272,14,530,544,completed,2
54538,Rigid,3629729,3629742,3630267,13,525,538,completed,2
54539,Rigid,3629729,3629742,3630259,13,517,530,completed,2
54540,Rigid,3629729,3629742,3630245,13,503,516,completed,2
54541,Rigid,3629729,3629742,3630245,13,503,516,completed,2
54542,Rigid,3629729,3629742,3630273,13,531,544,completed,2
54543,Rigid,3629730,3629742,3630328,12,586,598,completed,2
54544,Rigid,3629730,3629742,3630113,12,371,383,completed,2
54545,Rigid,3629730,3629742,3630330,12,588,600,completed,2
54546,Rigid,3629730,3629742,3630331,12,589,601,completed,2
54547,Rigid,3629730,3629742,3630131,12,389,401,completed,2
54548,Rigid,3629730,3629742,3630150,12,408,420,completed,2
54549,Rigid,3629730,3629742,3630222,12,480,492,completed,2
54550,Rigid,3629731,3629742,3630321,11,579,590,completed,2
54551,Rigid,3629731,3629742,3630155,11,413,424,completed,2
54552,Rigid,3629731,3629742,3630318,11,576,587,completed,2
54553,Rigid,3629731,3629742,3630326,11,584,595,completed,2
54554,Rigid,3629731,3629742,3630220,11,478,489,completed,2
54555,Rigid,3629731,3629742,3630299,11,557,568,completed,2
54556,Rigid,3629731,3629742,3630102,11,360,371,completed,2
54557,Rigid,3629731,3629742,3630327,11,585,596,completed,2
54558,Rigid,3629731,3629742,3630123,11,381,392,completed,2
54559,Rigid,3629731,3629742,3630331,11,589,600,completed,2
54560,Rigid,3629731,3629742,3630197,11,455,466,completed,2
54561,Rigid,3629732,3629742,3630060,10,318,328,completed,2
54562,Rigid,3629732,3629742,3630140,10,398,408,completed,2
54563,Rigid,3629732,3629742,3630208,10,466,476,completed,2
54564,Rigid,3629732,3629742,3630224,10,482,492,completed,2
54565,Rigid,3629732,3629742,3630209,10,467,477,completed,2
54566,Rigid,3629732,3629742,3630277,10,535,545,completed,2
54567,Rigid,3629732,3629742,3630091,10,349,359,completed,2
54568,Rigid,3629732,3629742,3630170,10,428,438,completed,2
54569,Rigid,3629732,3629742,3630187,10,445,455,completed,2
54570,Rigid,3629732,3629742,3630272,10,530,540,completed,2
54571,Rigid,3629732,3629742,3630112,10,370,380,completed,2
54572,Rigid,3629732,3629742,3630142,10,400,410,completed,2
54573,Rigid,3629732,3629742,3630097,10,355,365,completed,2
54574,Rigid,3629732,3629742,3630107,10,365,375,completed,2
54575,Rigid,3629733,3629742,3630200,9,458,467,completed,2
54576,Rigid,3629733,3629742,3630210,9,468,477,completed,2
54577,Rigid,3629733,3629742,3630229,9,487,496,completed,2
54578,Rigid,3629733,3629742,3630330,9,588,597,completed,2
54579,Rigid,3629733,3629742,3630253,9,511,520,completed,2
54580,Rigid,3629733,3629742,3630328,9,586,595,completed,2
54581,Rigid,3629733,3629742,3630111,9,369,378,completed,2
54582,Rigid,3629733,3629742,3630195,9,453,462,completed,2
54583,Rigid,3629733,3629742,3630245,9,503,512,completed,2
54584,Rigid,3629733,3629742,3630307,9,565,574,completed,2
54585,Rigid,3629733,3629742,3630329,9,587,596,completed,2
54586,Rigid,3629733,3629742,3630259,9,517,526,completed,2
54587,Rigid,3629733,3629742,3630266,9,524,533,completed,2
54588,Rigid,3629733,3629742,3630317,9,575,584,completed,2
54589,Rigid,3629734,3629742,3630146,8,404,412,completed,2
54590,Rigid,3629734,3629742,3630139,8,397,405,completed,2
54591,Rigid,3629734,3629742,3630294,8,552,560,completed,2
54592,Rigid,3629734,3629742,3630113,8,371,379,completed,2
54593,Rigid,3629734,3629742,3630279,8,537,545,completed,2
54594,Rigid,3629734,3629742,3630326,8,584,592,completed,2
54595,Rigid,3629734,3629742,3630240,8,498,506,completed,2
54596,Rigid,3629734,3629742,3630324,8,582,590,completed,2
54597,Rigid,3629734,3629742,3630121,8,379,387,completed,2
54598,Rigid,3629734,3629742,3630237,8,495,503,completed,2
54599,Rigid,3629734,3629742,3630240,8,498,506,completed,2
54600,Rigid,3629734,3629742,3630122,8,380,388,completed,2
54601,Rigid,3629734,3629742,3630328,8,586,594,completed,2
54602,Rigid,3629735,3629742,3630287,7,545,552,completed,2
54603,Rigid,3629735,3629742,3630141,7,399,406,completed,2
54604,Rigid,3629735,3629742,3630132,7,390,397,completed,2
54605,Rigid,3629735,3629742,3630322,7,580,587,completed,2
54606,Rigid,3629735,3629742,3630149,7,407,414,completed,2
54607,Rigid,3629735,3629742,3630300,7,558,565,completed,2
54608,Rigid,3629735,3629742,3630265,7,523,530,completed,2
54609,Rigid,3629735,3629742,3630317,7,575,582,completed,2
54610,Rigid,3629735,3629742,3630284,7,542,549,completed,2
54611,Rigid,3629735,3629742,3630322,7,580,587,completed,2
54612,Rigid,3629735,3629742,3630095,7,353,360,completed,2
54613,Rigid,3629735,3629742,3630103,7,361,368,completed,2
54614,Rigid,3629735,3629742,3630260,7,518,525,completed,2
54615,Rigid,3629735,3629742,3630212,7,470,477,completed,2
54616,Rigid,3629736,3629742,3630314,6,572,578,completed,2
54617,Rigid,3629736,3629742,3630311,6,569,575,completed,2
54618,Rigid,3629736,3629742,3630235,6,493,499,completed,2
54619,Rigid,3629736,3629742,3630258,6,516,522,completed,2
54620,Rigid,3629736,3629742,3630270,6,528,534,completed,2
54621,Rigid,3629736,3629742,3630090,6,348,354,completed,2
54622,Rigid,3629736,3629742,3630274,6,532,538,completed,2
54623,Rigid,3629736,3629742,3630288,6,546,552,completed,2
54624,Rigid,3629736,3629742,3630103,6,361,367,completed,2
54625,Rigid,3629736,3629742,3630121,6,379,385,completed,2
54626,Rigid,3629736,3629742,3630106,6,364,370,completed,2
54627,Rigid,3629736,3629742,3630299,6,557,563,completed,2
54628,Rigid,3629736,3629742,3630107,6,365,371,completed,2
54629,Rigid,3629736,3629742,3630098,6,356,362,completed,2
54630,Rigid,3629737,3629742,3630266,5,524,529,completed,2
54631,Rigid,3629737,3629742,3630103,5,361,366,completed,2
54632,Rigid,3629737,3629742,3630262,5,520,525,completed,2
54633,Rigid,3629737,3629742,3630327,5,585,590,completed,2
54634,Rigid,3629737,3629742,3630322,5,580,585,completed,2
54635,Rigid,3629737,3629742,3630071,5,329,334,completed,2
54636,Rigid,3629737,3629742,3630265,5,523,528,completed,2
54637,Rigid,3629737,3629742,3630189,5,447,452,completed,2
54638,Rigid,3629737,3629742,3630208,5,466,471,completed,2
54639,Rigid,3629737,3629742,3630190,5,448,453,completed,2
54640,Rigid,3629738,3629742,3630251,4,509,513,completed,2
54641,Rigid,3629738,3629742,3630107,4,365,369,completed,2
54642,Rigid,3629738,3629742,3630285,4,543,547,completed,2
54643,Rigid,3629738,3629742,3630116,4,374,378,completed,2
54644,Rigid,3629738,3629742,3630196,4,454,458,completed,2
54645,Rigid,3629738,3629742,3630315,4,573,577,completed,2
54646,Rigid,3629738,3629742,3630322,4,580,584,completed,2
54647,Rigid,3629738,3629742,3630133,4,391,395,completed,2
54648,Rigid,3629738,3629742,3630244,4,502,506,completed,2
54649,Rigid,3629738,3629742,3630327,4,585,589,completed,2
54650,Rigid,3629738,3629742,3630203,4,461,465,completed,2
54651,Rigid,3629738,3629742,3630110,4,368,372,completed,2
54652,Rigid,3629739,3629742,3630137,3,395,398,completed,2
54653,Rigid,3629739,3629742,3630266,3,524,527,completed,2
54654,Rigid,3629739,3629742,3630222,3,480,483,completed,2
54655,Rigid,3629740,3629742,3630321,2,579,581,completed,2
54656,Rigid,3629742,3629742,3630326,0,584,584,completed,2
54657,Rigid,3629742,3629743,3630326,1,583,584,completed,2
54658,Rigid,3629743,3629743,3630089,0,346,346,completed,2
54659,Rigid,3629743,3629743,3630268,0,525,525,completed,2
54660,Rigid,3629744,3629747,3630310,3,563,566,completed,2
54661,Rigid,3629744,3629747,3630077,3,330,333,completed,2
54662,Rigid,3629745,3629747,3630257,2,510,512,completed,2
54663,Rigid,3629745,3629747,3630229,2,482,484,completed,2
54664,Rigid,3629745,3629747,3630237,2,490,492,completed,2
54665,Rigid,3629745,3629747,3630314,2,567,569,completed,2
54666,Rigid,3629745,3629747,3630113,2,366,368,completed,2
54667,Rigid,3629745,3629747,3630078,2,331,333,completed,2
54668,Rigid,3629745,3629747,3630159,2,412,414,completed,2
54669,Rigid,3629745,3629747,3630140,2,393,395,completed,2
54670,Rigid,3629745,3629747,3630312,2,565,567,completed,2
54671,Rigid,3629745,3629747,3630181,2,434,436,completed,2
54672,Rigid,3629746,3629747,3630168,1,421,422,completed,2
54673,Rigid,3629746,3629747,3630311,1,564,565,completed,2
54674,Rigid,3629746,3629747,3630319,1,572,573,completed,2
54675,Rigid,3629746,3629747,3630321,1,574,575,completed,2
54676,Rigid,3629746,3629747,3630064,1,317,318,completed,2
54677,Rigid,3629746,3629747,3630322,1,575,576,completed,2
54678,Rigid,3629746,3629747,3630229,1,482,483,completed,2
54679,Rigid,3629746,3629747,3630312,1,565,566,completed,2
54680,Rigid,3629746,3629747,3630167,1,420,421,completed,2
54681,Rigid,3629746,3629747,3630224,1,477,478,completed,2
54682,Rigid,3629747,3629747,3630178,0,431,431,completed,2
54683,Rigid,3629747,3629747,3630045,0,298,298,completed,2
54684,Rigid,3629747,3629747,3630163,0,416,416,completed,2
54685,Rigid,3629747,3629747,3630260,0,513,513,completed,2
54686,Rigid,3629747,3629747,3630122,0,375,375,completed,2
54687,Rigid,3629747,3629751,3630322,4,571,575,completed,2
54688,Rigid,3629748,3629751,3630316,3,565,568,completed,2
54689,Rigid,3629748,3629751,3630330,3,579,582,completed,2
54690,Rigid,3629748,3629751,3630210,3,459,462,completed,2
54691,Rigid,3629748,3629751,3630309,3,558,561,completed,2
54692,Rigid,3629748,3629751,3630067,3,316,319,completed,2
54693,Rigid,3629748,3629751,3630069,3,318,321,completed,2
54694,Rigid,3629748,3629751,3630108,3,357,360,completed,2
54695,Rigid,3629749,3629751,3630260,2,509,511,completed,2
54696,Rigid,3629749,3629751,3630250,2,499,501,completed,2
54697,Rigid,3629749,3629751,3630298,2,547,549,completed,2
54698,Rigid,3629749,3629751,3630247,2,496,498,completed,2
54699,Rigid,3629749,3629751,3630108,2,357,359,completed,2
54700,Rigid,3629749,3629751,3630262,2,511,513,completed,2
54701,Rigid,3629749,3629751,3630277,2,526,528,completed,2
54702,Rigid,3629749,3629751,3630153,2,402,404,completed,2
54703,Rigid,3629749,3629751,3630099,2,348,350,completed,2
54704,Rigid,3629749,3629751,3630058,2,307,309,completed,2
54705,Rigid,3629749,3629751,3630140,2,389,391,completed,2
54706,Rigid,3629750,3629751,3630091,1,340,341,completed,2
54707,Rigid,3629750,3629751,3630121,1,370,371,completed,2
54708,Rigid,3629750,3629751,3630196,1,445,446,completed,2
54709,Rigid,3629750,3629751,3630107,1,356,357,completed,2
54710,Rigid,3629750,3629751,3630213,1,462,463,completed,2
54711,Rigid,3629750,3629751,3630205,1,454,455,completed,2
54712,Rigid,3629750,3629751,3630276,1,525,526,completed,2
54713,Rigid,3629750,3629751,3630265,1,514,515,completed,2
54714,Rigid,3629750,3629751,3630177,1,426,427,completed,2
54715,Rigid,3629750,3629751,3630142,1,391,392,completed,2
54716,Rigid,3629751,3629751,3630278,0,527,527,completed,2
54717,Rigid,3629751,3629751,3630158,0,407,407,completed,2
54718,Rigid,3629751,3629751,3630321,0,570,570,completed,2
54719,Rigid,3629751,3629751,3630180,0,429,429,completed,2
54720,Rigid,3629751,3629751,3630292,0,541,541,completed,2
54721,Rigid,3629751,3629751,3630097,0,346,346,completed,2
54722,Rigid,3629751,3629751,3630328,0,577,577,completed,2
54723,Rigid,3629751,3629751,3630110,0,359,359,completed,2
54724,Rigid,3629751,3629751,3630200,0,449,449,completed,2
54725,Rigid,3629751,3629755,3630317,4,562,566,completed,2
54726,Rigid,3629752,3629755,3630187,3,432,435,completed,2
54727,Rigid,3629752,3629755,3630173,3,418,421,completed,2
54728,Rigid,3629752,3629755,3630329,3,574,577,completed,2
54729,Rigid,3629752,3629755,3630096,3,341,344,completed,2
54730,Rigid,3629752,3629755,3630265,3,510,513,completed,2
54731,Rigid,3629752,3629755,3630129,3,374,377,completed,2
54732,Rigid,3629752,3629755,3630116,3,361,364,completed,2
54733,Rigid,3629752,3629755,3630299,3,544,547,completed,2
54734,Rigid,3629752,3629755,3630182,3,427,430,completed,2
54735,Rigid,3629753,3629755,3630330,2,575,577,completed,2
54736,Rigid,3629753,3629755,3630259,2,504,506,completed,2
54737,Rigid,3629753,3629755,3630176,2,421,423,completed,2
54738,Rigid,3629753,3629755,3630243,2,488,490,completed,2
54739,Rigid,3629753,3629755,3630142,2,387,389,completed,2
54740,Rigid,3629753,3629755,3630287,2,532,534,completed,2
54741,Rigid,3629753,3629755,3630204,2,449,451,completed,2
54742,Rigid,3629753,3629755,3630195,2,440,442,completed,2
54743,Rigid,3629753,3629755,3630202,2,447,449,completed,2
54744,Rigid,3629753,3629755,3630327,2,572,574,completed,2
54745,Rigid,3629753,3629755,3630238,2,483,485,completed,2
54746,Rigid,3629753,3629755,3630117,2,362,364,completed,2
54747,Rigid,3629754,3629755,3630324,1,569,570,completed,2
54748,Rigid,3629754,3629755,3630078,1,323,324,completed,2
54749,Rigid,3629754,3629755,3630296,1,541,542,completed,2
54750,Rigid,3629754,3629755,3630237,1,482,483,completed,2
54751,Rigid,3629754,3629755,3630127,1,372,373,completed,2
54752,Rigid,3629754,3629755,3630250,1,495,496,completed,2
54753,Rigid,3629754,3629755,3630180,1,425,426,completed,2
54754,Rigid,3629754,3629755,3630298,1,543,544,completed,2
54755,Rigid,3629754,3629755,3630121,1,366,367,completed,2
54756,Rigid,3629754,3629755,3630285,1,530,531,completed,2
54757,Rigid,3629754,3629755,3630254,1,499,500,completed,2
54758,Rigid,3629755,3629755,3630264,0,509,509,completed,2
54759,Rigid,3629755,3629755,3630180,0,425,425,completed,2
54760,Rigid,3629755,3629755,3630256,0,501,501,completed,2
54761,Rigid,3629755,3629755,3630328,0,573,573,completed,2
54762,Rigid,3629755,3629755,3630240,0,485,485,completed,2
54763,Rigid,3629755,3629755,3630249,0,494,494,completed,2
54764,Rigid,3629755,3629755,3630119,0,364,364,completed,2
54765,Rigid,3629755,3629756,3630231,1,475,476,completed,2
54766,Rigid,3629755,3629756,3630129,1,373,374,completed,2
54767,Rigid,3629756,3629756,3630197,0,441,441,completed,2
54768,Rigid,3629756,3629759,3630112,3,353,356,completed,2
54769,Rigid,3629756,3629759,3630325,3,566,569,completed,2
54770,Rigid,3629756,3629759,3630105,3,346,349,completed,2
54771,Rigid,3629756,3629759,3630106,3,347,350,completed,2
54772,Rigid,3629756,3629759,3630297,3,538,541,completed,2
54773,Rigid,3629756,3629759,3630291,3,532,535,completed,2
54774,Rigid,3629757,3629759,3630139,2,380,382,completed,2
54775,Rigid,3629757,3629759,3630176,2,417,419,completed,2
54776,Rigid,3629757,3629759,3630259,2,500,502,completed,2
54777,Rigid,3629757,3629759,3630234,2,475,477,completed,2
54778,Rigid,3629757,3629759,3630132,2,373,375,completed,2
54779,Rigid,3629757,3629759,3630274,2,515,517,completed,2
54780,Rigid,3629757,3629759,3630226,2,467,469,completed,2
54781,Rigid,3629757,3629759,3630162,2,403,405,completed,2
54782,Rigid,3629757,3629759,3630103,2,344,346,completed,2
54783,Rigid,3629757,3629759,3630269,2,510,512,completed,2
54784,Rigid,3629758,3629759,3630190,1,431,432,completed,2
54785,Rigid,3629758,3629759,3630128,1,369,370,completed,2
54786,Rigid,3629758,3629759,3630186,1,427,428,completed,2
54787,Rigid,3629758,3629759,3630120,1,361,362,completed,2
54788,Rigid,3629758,3629759,3630080,1,321,322,completed,2
54789,Rigid,3629758,3629759,3630203,1,444,445,completed,2
54790,Rigid,3629993,3629993,3630015,0,22,22,completed,1
54791,Rigid,3630040,3630040,3630382,0,342,342,completed,2
54792,Rigid,3630043,3630043,3630046,0,3,3,completed,1
54793,Rigid,3630050,3630051,3630494,1,443,444,completed,2
54794,Rigid,3630061,3630061,3630458,0,397,397,completed,2
54795,Rigid,3630063,3630063,3634936,0,4873,4873,completed,1
54796,Rigid,3630071,3630072,3630428,1,356,357,completed,2
54797,Rigid,3630071,3630072,3630495,1,423,424,completed,2
54798,Rigid,3630071,3630072,3630420,1,348,349,completed,2
54799,Rigid,3630071,3630072,3630453,1,381,382,completed,2
54800,Rigid,3630071,3630072,3630495,1,423,424,completed,2
54801,Rigid,3630071,3630072,3630495,1,423,424,completed,2
54802,Rigid,3630081,3630081,3630374,0,293,293,completed,2
54803,Rigid,3630081,3630081,3630408,0,327,327,completed,2
54804,Rigid,3630082,3630085,3630398,3,313,316,completed,2
54805,Rigid,3630082,3630085,3630477,3,392,395,completed,2
54806,Rigid,3630082,3630085,3630495,3,410,413,completed,2
54807,Rigid,3630092,3630092,3630495,0,403,403,completed,2
54808,Rigid,3630092,3630092,3630475,0,383,383,completed,2
54809,Rigid,3630092,3630093,3630461,1,368,369,completed,2
54810,Rigid,3630092,3630093,3630495,1,402,403,completed,2
54811,Rigid,3630092,3630093,3630495,1,402,403,completed,2
54812,Rigid,3630092,3630093,3630427,1,334,335,completed,2
54813,Rigid,3630092,3630093,3630495,1,402,403,completed,2
54814,Rigid,3630103,3630103,3630493,0,390,390,completed,2
54815,Rigid,3630103,3630103,3630442,0,339,339,completed,2
54816,Rigid,3630103,3630103,3630431,0,328,328,completed,2
54817,Rigid,3630103,3630103,3630406,0,303,303,completed,2
54818,Rigid,3630103,3630103,3630495,0,392,392,completed,2
54819,Rigid,3630103,3630103,3630483,0,380,380,completed,2
54820,Rigid,3630103,3630104,3630480,1,376,377,completed,2
54821,Rigid,3630103,3630104,3630495,1,391,392,completed,2
54822,Rigid,3630103,3630104,3630425,1,321,322,completed,2
54823,Rigid,3630103,3630104,3630439,1,335,336,completed,2
54824,Rigid,3630104,3630104,3630473,0,369,369,completed,2
54825,Rigid,3630104,3630104,3630495,0,391,391,completed,2
54826,Rigid,3630104,3630104,3630495,0,391,391,completed,2
54827,Rigid,3630104,3630104,3630454,0,350,350,completed,2
54828,Rigid,3630104,3630104,3630443,0,339,339,completed,2
54829,Rigid,3630114,3630114,3630495,0,381,381,completed,2
54830,Rigid,3630114,3630114,3630471,0,357,357,completed,2
54831,Rigid,3630114,3630114,3630495,0,381,381,completed,2
54832,Rigid,3630114,3630115,3630478,1,363,364,completed,2
54833,Rigid,3630114,3630115,3630453,1,338,339,completed,2
54834,Rigid,3630115,3630115,3630453,0,338,338,completed,2
54835,Rigid,3630115,3630115,3630466,0,351,351,completed,2
54836,Rigid,3630115,3630115,3630495,0,380,380,completed,2
54837,Rigid,3630115,3630115,3630464,0,349,349,completed,2
54838,Rigid,3630115,3630116,3630471,1,355,356,completed,2
54839,Rigid,3630115,3630116,3630491,1,375,376,completed,2
54840,Rigid,3630115,3630116,3630495,1,379,380,completed,2
54841,Rigid,3630115,3630116,3630495,1,379,380,completed,2
54842,Rigid,3630115,3630116,3630460,1,344,345,completed,2
54843,Rigid,3630115,3630116,3630412,1,296,297,completed,2
54844,Rigid,3630115,3630116,3630433,1,317,318,completed,2
54845,Rigid,3630116,3630116,3630477,0,361,361,completed,2
54846,Rigid,3630116,3630116,3630462,0,346,346,completed,2
54847,Rigid,3630116,3630116,3630495,0,379,379,completed,2
54848,Rigid,3630116,3630116,3630485,0,369,369,completed,2
54849,Rigid,3630116,3630116,3630495,0,379,379,completed,2
54850,Rigid,3630116,3630116,3630493,0,377,377,completed,2
54851,Rigid,3630116,3630117,3630466,1,349,350,completed,2
54852,Rigid,3630116,3630117,3630403,1,286,287,completed,2
54853,Rigid,3630116,3630117,3630457,1,340,341,completed,2
54854,Rigid,3630116,3630117,3630452,1,335,336,completed,2
54855,Rigid,3630117,3630117,3630469,0,352,352,completed,2
54856,Rigid,3630117,3630117,3630495,0,378,378,completed,2
54857,Rigid,3630117,3630117,3630452,0,335,335,completed,2
54858,Rigid,3630117,3630117,3630495,0,378,378,completed,2
54859,Rigid,3630117,3630118,3630443,1,325,326,completed,2
54860,Rigid,3630117,3630118,3630495,1,377,378,completed,2
54861,Rigid,3630117,3630118,3630468,1,350,351,completed,2
54862,Rigid,3630118,3630118,3630477,0,359,359,completed,2
54863,Rigid,3630118,3630118,3630486,0,368,368,completed,2
54864,Rigid,3630118,3630118,3630495,0,377,377,completed,2
54865,Rigid,3630118,3630118,3630495,0,377,377,completed,2
54866,Rigid,3630118,3630118,3630469,0,351,351,completed,2
54867,Rigid,3630118,3630119,3630495,1,376,377,completed,2
54868,Rigid,3630118,3630119,3630470,1,351,352,completed,2
54869,Rigid,3630118,3630119,3630457,1,338,339,completed,2
54870,Rigid,3630119,3630119,3630495,0,376,376,completed,2
54871,Rigid,3630119,3630119,3630381,0,262,262,completed,2
54872,Rigid,3630119,3630119,3630495,0,376,376,completed,2
54873,Rigid,3630119,3630120,3630422,1,302,303,completed,2
54874,Rigid,3630119,3630120,3630415,1,295,296,completed,2
54875,Rigid,3630120,3630120,3630471,0,351,351,completed,2
54876,Rigid,3630120,3630120,3630495,0,375,375,completed,2
54877,Rigid,3630120,3630120,3630455,0,335,335,completed,2
54878,Rigid,3630120,3630120,3630400,0,280,280,completed,2
54879,Rigid,3630130,3630131,3630495,1,364,365,completed,2
54880,Rigid,3630130,3630131,3630443,1,312,313,completed,2
54881,Rigid,3630131,3630131,3630495,0,364,364,completed,2
54882,Rigid,3630131,3630131,3630457,0,326,326,completed,2
54883,Rigid,3630131,3630131,3630495,0,364,364,completed,2
54884,Rigid,3630131,3630131,3630495,0,364,364,completed,2
54885,Rigid,3630131,3630131,3630441,0,310,310,completed,2
54886,Rigid,3630131,3630131,3630495,0,364,364,completed,2
54887,Rigid,3630131,3630131,3630495,0,364,364,completed,2
54888,Rigid,3630131,3630132,3630449,1,317,318,completed,2
54889,Rigid,3630132,3630132,3630490,0,358,358,completed,2
54890,Rigid,3630132,3630132,3630487,0,355,355,completed,2
54891,Rigid,3630132,3630132,3630479,0,347,347,completed,2
54892,Rigid,3630132,3630132,3630495,0,363,363,completed,2
54893,Rigid,3630132,3630133,3630495,1,362,363,completed,2
54894,Rigid,3630132,3630133,3630474,1,341,342,completed,2
54895,Rigid,3630132,3630133,3630451,1,318,319,completed,2
54896,Rigid,3630132,3630133,3630495,1,362,363,completed,2
54897,Rigid,3630132,3630133,3630491,1,358,359,completed,2
54898,Rigid,3630132,3630133,3630475,1,342,343,completed,2
54899,Rigid,3630132,3630133,3630495,1,362,363,completed,2
54900,Rigid,3630133,3630133,3630495,0,362,362,completed,2
54901,Rigid,3630133,3630133,3630491,0,358,358,completed,2
54902,Rigid,3630133,3630133,3630495,0,362,362,completed,2
54903,Rigid,3630133,3630133,3630444,0,311,311,completed,2
54904,Rigid,3630133,3630133,3630453,0,320,320,completed,2
54905,Rigid,3630133,3630133,3630495,0,362,362,completed,2
54906,Rigid,3630143,3630144,3630476,1,332,333,completed,2
54907,Rigid,3630143,3630144,3630495,1,351,352,completed,2
54908,Rigid,3630144,3630144,3630495,0,351,351,completed,2
54909,Rigid,3630144,3630146,3630488,2,342,344,completed,2
54910,Rigid,3630144,3630146,3630495,2,349,351,completed,2
54911,Rigid,3630144,3630146,3630488,2,342,344,completed,2
54912,Rigid,3630144,3630146,3630495,2,349,351,completed,2
54913,Rigid,3630144,3630146,3630495,2,349,351,completed,2
54914,Rigid,3630144,3630146,3630495,2,349,351,completed,2
54915,Rigid,3630145,3630146,3630495,1,349,350,completed,2
54916,Rigid,3630145,3630146,3630420,1,274,275,completed,2
54917,Rigid,3630145,3630146,3630459,1,313,314,completed,2
54918,Rigid,3630145,3630146,3630495,1,349,350,completed,2
54919,Rigid,3630145,3630146,3630495,1,349,350,completed,2
54920,Rigid,3630145,3630147,3630440,2,293,295,completed,2
54921,Rigid,3630145,3630146,3630495,1,349,350,completed,2
54922,Rigid,3630145,3630146,3630495,1,349,350,completed,2
54923,Rigid,3630145,3630146,3630495,1,349,350,completed,2
54924,Rigid,3630145,3630146,3630495,1,349,350,completed,2
54925,Rigid,3630145,3630146,3630495,1,349,350,completed,2
54926,Rigid,3630146,3630146,3630495,0,349,349,completed,2
54927,Rigid,3630156,3630156,3630495,0,339,339,completed,2
54928,Rigid,3630156,3630156,3630471,0,315,315,completed,2
54929,Rigid,3630156,3630156,3630495,0,339,339,completed,2
54930,Rigid,3630156,3630157,3630495,1,338,339,completed,2
54931,Rigid,3630157,3630157,3630485,0,328,328,completed,2
54932,Rigid,3630157,3630157,3630495,0,338,338,completed,2
54933,Rigid,3630157,3630157,3630495,0,338,338,completed,2
54934,Rigid,3630157,3630157,3630494,0,337,337,completed,2
54935,Rigid,3630157,3630157,3630447,0,290,290,completed,2
54936,Rigid,3630157,3630157,3630438,0,281,281,completed,2
54937,Rigid,3630157,3630157,3630495,0,338,338,completed,2
54938,Rigid,3630157,3630157,3630495,0,338,338,completed,2
54939,Rigid,3630157,3630159,3630495,2,336,338,completed,2
54940,Rigid,3630157,3630159,3630495,2,336,338,completed,2
54941,Rigid,3630167,3630168,3630464,1,296,297,completed,2
54942,Rigid,3630168,3630168,3630495,0,327,327,completed,2
54943,Rigid,3630168,3630168,3630471,0,303,303,completed,2
54944,Rigid,3630168,3630168,3630495,0,327,327,completed,2
54945,Rigid,3630168,3630168,3630470,0,302,302,completed,2
54946,Rigid,3630168,3630168,3630495,0,327,327,completed,2
54947,Rigid,3630168,3630168,3630452,0,284,284,completed,2
54948,Rigid,3630168,3630168,3630495,0,327,327,completed,2
54949,Rigid,3630168,3630169,3630493,1,324,325,completed,2
54950,Rigid,3630178,3630179,3630495,1,316,317,completed,2
54951,Rigid,3630179,3630179,3630495,0,316,316,completed,2
54952,Rigid,3630179,3630179,3630495,0,316,316,completed,2
54953,Rigid,3630179,3630179,3630495,0,316,316,completed,2
54954,Rigid,3630179,3630179,3630495,0,316,316,completed,2
54955,Rigid,3630179,3630179,3630470,0,291,291,completed,2
54956,Rigid,3630179,3630179,3630495,0,316,316,completed,2
54957,Rigid,3630179,3630179,3630495,0,316,316,completed,2
54958,Rigid,3630179,3630180,3630495,1,315,316,completed,2
54959,Rigid,3630179,3630180,3630495,1,315,316,completed,2
54960,Rigid,3630179,3630180,3630495,1,315,316,completed,2
54961,Rigid,3630180,3630180,3630495,0,315,315,completed,2
54962,Rigid,3630180,3630181,3630495,1,314,315,completed,2
54963,Rigid,3630190,3630190,3630495,0,305,305,completed,2
54964,Rigid,3630190,3630190,3630495,0,305,305,completed,2
54965,Rigid,3630190,3630190,3630495,0,305,305,completed,2
54966,Rigid,3630190,3630190,3630495,0,305,305,completed,2
54967,Rigid,3630190,3630190,3630495,0,305,305,completed,2
54968,Rigid,3630190,3630190,3630495,0,305,305,completed,2
54969,Rigid,3630190,3630191,3630495,1,304,305,completed,2
54970,Rigid,3630190,3630191,3630495,1,304,305,completed,2
54971,Rigid,3630191,3630191,3630495,0,304,304,completed,2
54972,Rigid,3630191,3630191,3630495,0,304,304,completed,2
54973,Rigid,3630191,3630191,3630495,0,304,304,completed,2
54974,Rigid,3630555,3630555,3699039,0,68484,68484,completed,32
54975,Rigid,3630555,3630555,3701133,0,70578,70578,completed,32
54976,Rigid,3630555,3630555,3696298,0,65743,65743,completed,32
54977,Rigid,3630555,3630555,3708792,0,78237,78237,completed,32
54978,Rigid,3630555,3630555,3691402,0,60847,60847,completed,32
54979,Rigid,3630555,3630555,3705387,0,74832,74832,completed,32
54980,Rigid,3630555,3630555,3696654,0,66099,66099,completed,32
54981,Rigid,3630555,3630555,3709264,0,78709,78709,completed,32
54982,Rigid,3630555,3630555,3684044,0,53489,53489,completed,32
54983,Rigid,3630555,3630555,3696508,0,65953,65953,completed,32
54984,Rigid,3630555,3630555,3702012,0,71457,71457,completed,32
54985,Rigid,3630555,3630555,3702803,0,72248,72248,completed,32
54986,Rigid,3630555,3630555,3702693,0,72138,72138,completed,32
54987,Rigid,3630555,3630555,3703319,0,72764,72764,completed,32
54988,Rigid,3630555,3630555,3715160,0,84605,84605,completed,32
54989,Rigid,3630555,3630555,3702154,0,71599,71599,completed,32
54990,Rigid,3631586,3631586,3633316,0,1730,1730,completed,144
54991,Rigid,3631917,3631918,3631920,1,2,3,completed,1
54992,Rigid,3631920,3631921,3631930,1,9,10,completed,1
54993,Rigid,3631920,3631931,3631952,11,21,32,completed,1
54994,Rigid,3631920,3631953,3632332,33,379,412,completed,2
54995,Rigid,3632478,3632479,3632481,1,2,3,completed,1
54996,Rigid,3632481,3632482,3632492,1,10,11,completed,1
54997,Rigid,3632481,3632493,3632513,12,20,32,completed,1
54998,Rigid,3632481,3632514,3632893,33,379,412,completed,2
54999,Rigid,3632525,3632526,3640125,1,7599,7600,completed,288
55000,Rigid,3632993,3632994,3633473,1,479,480,completed,1
55001,Rigid,3632996,3632998,3633008,2,10,12,completed,1
55002,Rigid,3632996,3633010,3633031,14,21,35,completed,1
55003,Rigid,3632996,3633032,3633519,36,487,523,completed,2
55004,Rigid,3632997,3633032,3633539,35,507,542,completed,2
55005,Rigid,3632997,3633032,3633503,35,471,506,completed,2
55006,Rigid,3632997,3633032,3633519,35,487,522,completed,2
55007,Rigid,3632997,3633032,3633529,35,497,532,completed,2
55008,Rigid,3632997,3633032,3633545,35,513,548,completed,2
55009,Rigid,3632997,3633032,3633557,35,525,560,completed,2
55010,Rigid,3632997,3633032,3633548,35,516,551,completed,2
55011,Rigid,3632997,3633032,3633554,35,522,557,completed,2
55012,Rigid,3632997,3633032,3633544,35,512,547,completed,2
55013,Rigid,3632997,3633032,3633416,35,384,419,completed,2
55014,Rigid,3632997,3633032,3633443,35,411,446,completed,2
55015,Rigid,3632998,3633032,3633406,34,374,408,completed,2
55016,Rigid,3632998,3633032,3633448,34,416,450,completed,2
55017,Rigid,3632998,3633032,3633494,34,462,496,completed,2
55018,Rigid,3632998,3633032,3633410,34,378,412,completed,2
55019,Rigid,3632998,3633032,3633401,34,369,403,completed,2
55020,Rigid,3632998,3633032,3633388,34,356,390,completed,2
55021,Rigid,3632998,3633032,3633432,34,400,434,completed,2
55022,Rigid,3632998,3633032,3633469,34,437,471,completed,2
55023,Rigid,3632998,3633032,3633522,34,490,524,completed,2
55024,Rigid,3632998,3633032,3633404,34,372,406,completed,2
55025,Rigid,3632999,3633032,3633390,33,358,391,completed,2
55026,Rigid,3632999,3633032,3633401,33,369,402,completed,2
55027,Rigid,3632999,3633032,3633500,33,468,501,completed,2
55028,Rigid,3632999,3633032,3633414,33,382,415,completed,2
55029,Rigid,3632999,3633032,3633519,33,487,520,completed,2
55030,Rigid,3632999,3633032,3633440,33,408,441,completed,2
55031,Rigid,3632999,3633032,3633508,33,476,509,completed,2
55032,Rigid,3632999,3633032,3633510,33,478,511,completed,2
55033,Rigid,3632999,3633032,3633402,33,370,403,completed,2
55034,Rigid,3632999,3633032,3633502,33,470,503,completed,2
55035,Rigid,3633000,3633032,3633524,32,492,524,completed,2
55036,Rigid,3633000,3633032,3633456,32,424,456,completed,2
55037,Rigid,3633000,3633032,3633418,32,386,418,completed,2
55038,Rigid,3633000,3633032,3633520,32,488,520,completed,2
55039,Rigid,3633000,3633032,3633509,32,477,509,completed,2
55040,Rigid,3633000,3633032,3633416,32,384,416,completed,2
55041,Rigid,3633000,3633032,3633463,32,431,463,completed,2
55042,Rigid,3633000,3633032,3633394,32,362,394,completed,2
55043,Rigid,3633001,3633032,3633487,31,455,486,completed,2
55044,Rigid,3633001,3633032,3633534,31,502,533,completed,2
55045,Rigid,3633001,3633032,3633465,31,433,464,completed,2
55046,Rigid,3633001,3633032,3633531,31,499,530,completed,2
55047,Rigid,3633001,3633032,3633512,31,480,511,completed,2
55048,Rigid,3633001,3633032,3633540,31,508,539,completed,2
55049,Rigid,3633001,3633032,3633507,31,475,506,completed,2
55050,Rigid,3633001,3633032,3633575,31,543,574,completed,2
55051,Rigid,3633001,3633032,3633573,31,541,572,completed,2
55052,Rigid,3633001,3633032,3633543,31,511,542,completed,2
55053,Rigid,3633001,3633032,3633389,31,357,388,completed,2
55054,Rigid,3633001,3633032,3633515,31,483,514,completed,2
55055,Rigid,3633001,3633032,3633538,31,506,537,completed,2
55056,Rigid,3633002,3633032,3633531,30,499,529,completed,2
55057,Rigid,3633002,3633032,3633518,30,486,516,completed,2
55058,Rigid,3633002,3633032,3633541,30,509,539,completed,2
55059,Rigid,3633002,3633032,3633520,30,488,518,completed,2
55060,Rigid,3633002,3633032,3633389,30,357,387,completed,2
55061,Rigid,3633002,3633032,3633536,30,504,534,completed,2
55062,Rigid,3633002,3633032,3633513,30,481,511,completed,2
55063,Rigid,3633002,3633032,3633399,30,367,397,completed,2
55064,Rigid,3633002,3633032,3633388,30,356,386,completed,2
55065,Rigid,3633002,3633032,3633439,30,407,437,completed,2
55066,Rigid,3633002,3633032,3633418,30,386,416,completed,2
55067,Rigid,3633003,3633032,3633403,29,371,400,completed,2
55068,Rigid,3633003,3633032,3633526,29,494,523,completed,2
55069,Rigid,3633003,3633032,3633517,29,485,514,completed,2
55070,Rigid,3633003,3633032,3633501,29,469,498,completed,2
55071,Rigid,3633003,3633032,3633495,29,463,492,completed,2
55072,Rigid,3633003,3633032,3633596,29,564,593,completed,2
55073,Rigid,3633003,3633032,3633509,29,477,506,completed,2
55074,Rigid,3633003,3633032,3633617,29,585,614,completed,2
55075,Rigid,3633003,3633032,3633395,29,363,392,completed,2
55076,Rigid,3633003,3633032,3633389,29,357,386,completed,2
55077,Rigid,3633003,3633032,3633613,29,581,610,completed,2
55078,Rigid,3633003,3633032,3633523,29,491,520,completed,2
55079,Rigid,3633004,3633032,3633616,28,584,612,completed,2
55080,Rigid,3633004,3633032,3633484,28,452,480,completed,2
55081,Rigid,3633004,3633032,3633604,28,572,600,completed,2
55082,Rigid,3633004,3633032,3633421,28,389,417,completed,2
55083,Rigid,3633004,3633032,3633395,28,363,391,completed,2
55084,Rigid,3633004,3633032,3633409,28,377,405,completed,2
55085,Rigid,3633004,3633032,3633526,28,494,522,completed,2
55086,Rigid,3633004,3633032,3633548,28,516,544,completed,2
55087,Rigid,3633004,3633032,3633425,28,393,421,completed,2
55088,Rigid,3633004,3633032,3633617,28,585,613,completed,2
55089,Rigid,3633005,3633032,3633607,27,575,602,completed,2
55090,Rigid,3633005,3633032,3633406,27,374,401,completed,2
55091,Rigid,3633005,3633032,3633439,27,407,434,completed,2
55092,Rigid,3633005,3633032,3633553,27,521,548,completed,2
55093,Rigid,3633005,3633032,3633490,27,458,485,completed,2
55094,Rigid,3633005,3633032,3633505,27,473,500,completed,2
55095,Rigid,3633005,3633032,3633422,27,390,417,completed,2
55096,Rigid,3633005,3633032,3633505,27,473,500,completed,2
55097,Rigid,3633005,3633032,3633455,27,423,450,completed,2
55098,Rigid,3633005,3633032,3633441,27,409,436,completed,2
55099,Rigid,3633006,3633032,3633559,26,527,553,completed,2
55100,Rigid,3633006,3633032,3633424,26,392,418,completed,2
55101,Rigid,3633006,3633032,3633548,26,516,542,completed,2
55102,Rigid,3633006,3633032,3633521,26,489,515,completed,2
55103,Rigid,3633006,3633032,3633548,26,516,542,completed,2
55104,Rigid,3633006,3633032,3633445,26,413,439,completed,2
55105,Rigid,3633006,3633032,3633471,26,439,465,completed,2
55106,Rigid,3633006,3633032,3633540,26,508,534,completed,2
55107,Rigid,3633006,3633032,3633386,26,354,380,completed,2
55108,Rigid,3633006,3633032,3633410,26,378,404,completed,2
55109,Rigid,3633006,3633032,3633437,26,405,431,completed,2
55110,Rigid,3633007,3633032,3633526,25,494,519,completed,2
55111,Rigid,3633007,3633032,3633571,25,539,564,completed,2
55112,Rigid,3633007,3633032,3633403,25,371,396,completed,2
55113,Rigid,3633007,3633032,3633559,25,527,552,completed,2
55114,Rigid,3633007,3633032,3633562,25,530,555,completed,2
55115,Rigid,3633007,3633032,3633413,25,381,406,completed,2
55116,Rigid,3633007,3633032,3633513,25,481,506,completed,2
55117,Rigid,3633007,3633032,3633397,25,365,390,completed,2
55118,Rigid,3633007,3633032,3633565,25,533,558,completed,2
55119,Rigid,3633007,3633032,3633468,25,436,461,completed,2
55120,Rigid,3633007,3633032,3633452,25,420,445,completed,2
55121,Rigid,3633007,3633032,3633580,25,548,573,completed,2
55122,Rigid,3633008,3633032,3633531,24,499,523,completed,2
55123,Rigid,3633008,3633032,3633395,24,363,387,completed,2
55124,Rigid,3633008,3633032,3633422,24,390,414,completed,2
55125,Rigid,3633008,3633032,3633570,24,538,562,completed,2
55126,Rigid,3633008,3633032,3633448,24,416,440,completed,2
55127,Rigid,3633008,3633032,3633587,24,555,579,completed,2
55128,Rigid,3633008,3633032,3633575,24,543,567,completed,2
55129,Rigid,3633008,3633032,3633526,24,494,518,completed,2
55130,Rigid,3633008,3633032,3633510,24,478,502,completed,2
55131,Rigid,3633008,3633032,3633492,24,460,484,completed,2
55132,Rigid,3633009,3633032,3633466,23,434,457,completed,2
55133,Rigid,3633009,3633032,3633454,23,422,445,completed,2
55134,Rigid,3633009,3633032,3633431,23,399,422,completed,2
55135,Rigid,3633009,3633032,3633380,23,348,371,completed,2
55136,Rigid,3633009,3633032,3633435,23,403,426,completed,2
55137,Rigid,3633009,3633032,3633416,23,384,407,completed,2
55138,Rigid,3633009,3633032,3633462,23,430,453,completed,2
55139,Rigid,3633009,3633032,3633402,23,370,393,completed,2
55140,Rigid,3633010,3633032,3633497,22,465,487,completed,2
55141,Rigid,3633010,3633032,3633490,22,458,480,completed,2
55142,Rigid,3633010,3633032,3633458,22,426,448,completed,2
55143,Rigid,3633010,3633032,3633470,22,438,460,completed,2
55144,Rigid,3633010,3633032,3633516,22,484,506,completed,2
55145,Rigid,3633010,3633032,3633517,22,485,507,completed,2
55146,Rigid,3633011,3633032,3633614,21,582,603,completed,2
55147,Rigid,3633011,3633032,3633553,21,521,542,completed,2
55148,Rigid,3633011,3633032,3633618,21,586,607,completed,2
55149,Rigid,3633011,3633032,3633545,21,513,534,completed,2
55150,Rigid,3633011,3633032,3633619,21,587,608,completed,2
55151,Rigid,3633011,3633032,3633557,21,525,546,completed,2
55152,Rigid,3633011,3633032,3633617,21,585,606,completed,2
55153,Rigid,3633011,3633032,3633604,21,572,593,completed,2
55154,Rigid,3633011,3633032,3633619,21,587,608,completed,2
55155,Rigid,3633011,3633032,3633524,21,492,513,completed,2
55156,Rigid,3633011,3633032,3633606,21,574,595,completed,2
55157,Rigid,3633011,3633032,3633619,21,587,608,completed,2
55158,Rigid,3633012,3633032,3633398,20,366,386,completed,2
55159,Rigid,3633012,3633032,3633471,20,439,459,completed,2
55160,Rigid,3633012,3633032,3633610,20,578,598,completed,2
55161,Rigid,3633012,3633032,3633383,20,351,371,completed,2
55162,Rigid,3633012,3633032,3633487,20,455,475,completed,2
55163,Rigid,3633012,3633032,3633619,20,587,607,completed,2
55164,Rigid,3633012,3633032,3633608,20,576,596,completed,2
55165,Rigid,3633012,3633032,3633521,20,489,509,completed,2
55166,Rigid,3633012,3633032,3633423,20,391,411,completed,2
55167,Rigid,3633012,3633032,3633595,20,563,583,completed,2
55168,Rigid,3633012,3633032,3633598,20,566,586,completed,2
55169,Rigid,3633012,3633032,3633566,20,534,554,completed,2
55170,Rigid,3633013,3633032,3633412,19,380,399,completed,2
55171,Rigid,3633013,3633032,3633384,19,352,371,completed,2
55172,Rigid,3633013,3633032,3633588,19,556,575,completed,2
55173,Rigid,3633013,3633032,3633499,19,467,486,completed,2
55174,Rigid,3633013,3633032,3633579,19,547,566,completed,2
55175,Rigid,3633013,3633032,3633419,19,387,406,completed,2
55176,Rigid,3633013,3633032,3633589,19,557,576,completed,2
55177,Rigid,3633013,3633032,3633598,19,566,585,completed,2
55178,Rigid,3633013,3633032,3633376,19,344,363,completed,2
55179,Rigid,3633013,3633032,3633600,19,568,587,completed,2
55180,Rigid,3633013,3633032,3633556,19,524,543,completed,2
55181,Rigid,3633013,3633032,3633582,19,550,569,completed,2
55182,Rigid,3633014,3633032,3633520,18,488,506,completed,2
55183,Rigid,3633014,3633032,3633485,18,453,471,completed,2
55184,Rigid,3633014,3633032,3633594,18,562,580,completed,2
55185,Rigid,3633014,3633032,3633570,18,538,556,completed,2
55186,Rigid,3633014,3633032,3633359,18,327,345,completed,2
55187,Rigid,3633014,3633032,3633532,18,500,518,completed,2
55188,Rigid,3633014,3633032,3633486,18,454,472,completed,2
55189,Rigid,3633014,3633032,3633614,18,582,600,completed,2
55190,Rigid,3633014,3633032,3633511,18,479,497,completed,2
55191,Rigid,3633014,3633032,3633525,18,493,511,completed,2
55192,Rigid,3633014,3633032,3633369,18,337,355,completed,2
55193,Rigid,3633015,3633032,3633488,17,456,473,completed,2
55194,Rigid,3633015,3633032,3633398,17,366,383,completed,2
55195,Rigid,3633015,3633032,3633476,17,444,461,completed,2
55196,Rigid,3633015,3633032,3633572,17,540,557,completed,2
55197,Rigid,3633015,3633032,3633405,17,373,390,completed,2
55198,Rigid,3633015,3633032,3633411,17,379,396,completed,2
55199,Rigid,3633015,3633032,3633560,17,528,545,completed,2
55200,Rigid,3633015,3633032,3633470,17,438,455,completed,2
55201,Rigid,3633015,3633032,3633423,17,391,408,completed,2
55202,Rigid,3633015,3633032,3633580,17,548,565,completed,2
55203,Rigid,3633015,3633032,3633488,17,456,473,completed,2
55204,Rigid,3633016,3633032,3633410,16,378,394,completed,2
55205,Rigid,3633016,3633032,3633541,16,509,525,completed,2
55206,Rigid,3633016,3633032,3633391,16,359,375,completed,2
55207,Rigid,3633016,3633032,3633542,16,510,526,completed,2
55208,Rigid,3633016,3633032,3633404,16,372,388,completed,2
55209,Rigid,3633016,3633032,3633503,16,471,487,completed,2
55210,Rigid,3633016,3633032,3633595,16,563,579,completed,2
55211,Rigid,3633016,3633032,3633552,16,520,536,completed,2
55212,Rigid,3633016,3633032,3633397,16,365,381,completed,2
55213,Rigid,3633016,3633032,3633495,16,463,479,completed,2
55214,Rigid,3633016,3633032,3633559,16,527,543,completed,2
55215,Rigid,3633016,3633032,3633563,16,531,547,completed,2
55216,Rigid,3633017,3633032,3633565,15,533,548,completed,2
55217,Rigid,3633017,3633032,3633591,15,559,574,completed,2
55218,Rigid,3633017,3633032,3633537,15,505,520,completed,2
55219,Rigid,3633017,3633032,3633552,15,520,535,completed,2
55220,Rigid,3633017,3633032,3633435,15,403,418,completed,2
55221,Rigid,3633017,3633032,3633507,15,475,490,completed,2
55222,Rigid,3633017,3633032,3633448,15,416,431,completed,2
55223,Rigid,3633017,3633032,3633608,15,576,591,completed,2
55224,Rigid,3633017,3633032,3633513,15,481,496,completed,2
55225,Rigid,3633017,3633032,3633574,15,542,557,completed,2
55226,Rigid,3633017,3633032,3633403,15,371,386,completed,2
55227,Rigid,3633017,3633032,3633607,15,575,590,completed,2
55228,Rigid,3633018,3633032,3633537,14,505,519,completed,2
55229,Rigid,3633018,3633032,3633436,14,404,418,completed,2
55230,Rigid,3633018,3633032,3633405,14,373,387,completed,2
55231,Rigid,3633018,3633032,3633510,14,478,492,completed,2
55232,Rigid,3633018,3633032,3633607,14,575,589,completed,2
55233,Rigid,3633018,3633032,3633587,14,555,569,completed,2
55234,Rigid,3633018,3633032,3633610,14,578,592,completed,2
55235,Rigid,3633019,3633032,3633400,13,368,381,completed,2
55236,Rigid,3633019,3633032,3633595,13,563,576,completed,2
55237,Rigid,3633019,3633032,3633409,13,377,390,completed,2
55238,Rigid,3633019,3633032,3633571,13,539,552,completed,2
55239,Rigid,3633019,3633032,3633512,13,480,493,completed,2
55240,Rigid,3633019,3633032,3633398,13,366,379,completed,2
55241,Rigid,3633019,3633032,3633570,13,538,551,completed,2
55242,Rigid,3633019,3633032,3633522,13,490,503,completed,2
55243,Rigid,3633019,3633032,3633603,13,571,584,completed,2
55244,Rigid,3633019,3633032,3633418,13,386,399,completed,2
55245,Rigid,3633019,3633034,3633407,15,373,388,completed,2
55246,Rigid,3633019,3633034,3633612,15,578,593,completed,2
55247,Rigid,3633020,3633034,3633431,14,397,411,completed,2
55248,Rigid,3633020,3633034,3633484,14,450,464,completed,2
55249,Rigid,3633020,3633034,3633600,14,566,580,completed,2
55250,Rigid,3633020,3633034,3633405,14,371,385,completed,2
55251,Rigid,3633020,3633034,3633551,14,517,531,completed,2
55252,Rigid,3633020,3633034,3633501,14,467,481,completed,2
55253,Rigid,3633020,3633034,3633575,14,541,555,completed,2
55254,Rigid,3633020,3633034,3633586,14,552,566,completed,2
55255,Rigid,3633020,3633034,3633523,14,489,503,completed,2
55256,Rigid,3633020,3633034,3633459,14,425,439,completed,2
55257,Rigid,3633020,3633034,3633617,14,583,597,completed,2
55258,Rigid,3633021,3633034,3633617,13,583,596,completed,2
55259,Rigid,3633021,3633034,3633561,13,527,540,completed,2
55260,Rigid,3633021,3633034,3633594,13,560,573,completed,2
55261,Rigid,3633021,3633034,3633599,13,565,578,completed,2
55262,Rigid,3633021,3633034,3633618,13,584,597,completed,2
55263,Rigid,3633021,3633034,3633531,13,497,510,completed,2
55264,Rigid,3633021,3633034,3633592,13,558,571,completed,2
55265,Rigid,3633021,3633034,3633602,13,568,581,completed,2
55266,Rigid,3633021,3633034,3633618,13,584,597,completed,2
55267,Rigid,3633021,3633034,3633495,13,461,474,completed,2
55268,Rigid,3633021,3633034,3633411,13,377,390,completed,2
55269,Rigid,3633022,3633034,3633593,12,559,571,completed,2
55270,Rigid,3633022,3633034,3633448,12,414,426,completed,2
55271,Rigid,3633022,3633034,3633394,12,360,372,completed,2
55272,Rigid,3633022,3633034,3633554,12,520,532,completed,2
55273,Rigid,3633022,3633034,3633526,12,492,504,completed,2
55274,Rigid,3633022,3633034,3633563,12,529,541,completed,2
55275,Rigid,3633022,3633034,3633507,12,473,485,completed,2
55276,Rigid,3633022,3633034,3633596,12,562,574,completed,2
55277,Rigid,3633022,3633034,3633434,12,400,412,completed,2
55278,Rigid,3633022,3633034,3633519,12,485,497,completed,2
55279,Rigid,3633022,3633034,3633553,12,519,531,completed,2
55280,Rigid,3633022,3633034,3633432,12,398,410,completed,2
55281,Rigid,3633023,3633034,3633441,11,407,418,completed,2
55282,Rigid,3633023,3633034,3633557,11,523,534,completed,2
55283,Rigid,3633023,3633034,3633404,11,370,381,completed,2
55284,Rigid,3633023,3633034,3633533,11,499,510,completed,2
55285,Rigid,3633023,3633034,3633566,11,532,543,completed,2
55286,Rigid,3633023,3633034,3633568,11,534,545,completed,2
55287,Rigid,3633023,3633034,3633513,11,479,490,completed,2
55288,Rigid,3633024,3633034,3633401,10,367,377,completed,2
55289,Rigid,3633024,3633034,3633569,10,535,545,completed,2
55290,Rigid,3633024,3633034,3633590,10,556,566,completed,2
55291,Rigid,3633024,3633034,3633574,10,540,550,completed,2
55292,Rigid,3633024,3633034,3633545,10,511,521,completed,2
55293,Rigid,3633024,3633034,3633394,10,360,370,completed,2
55294,Rigid,3633024,3633034,3633602,10,568,578,completed,2
55295,Rigid,3633024,3633034,3633604,10,570,580,completed,2
55296,Rigid,3633024,3633034,3633618,10,584,594,completed,2
55297,Rigid,3633025,3633034,3633508,9,474,483,completed,2
55298,Rigid,3633025,3633034,3633461,9,427,436,completed,2
55299,Rigid,3633025,3633034,3633566,9,532,541,completed,2
55300,Rigid,3633025,3633034,3633556,9,522,531,completed,2
55301,Rigid,3633025,3633034,3633531,9,497,506,completed,2
55302,Rigid,3633025,3633034,3633599,9,565,574,completed,2
55303,Rigid,3633025,3633034,3633386,9,352,361,completed,2
55304,Rigid,3633025,3633034,3633575,9,541,550,completed,2
55305,Rigid,3633025,3633034,3633459,9,425,434,completed,2
55306,Rigid,3633025,3633034,3633558,9,524,533,completed,2
55307,Rigid,3633026,3633034,3633569,8,535,543,completed,2
55308,Rigid,3633026,3633034,3633616,8,582,590,completed,2
55309,Rigid,3633026,3633034,3633601,8,567,575,completed,2
55310,Rigid,3633026,3633034,3633611,8,577,585,completed,2
55311,Rigid,3633026,3633034,3633472,8,438,446,completed,2
55312,Rigid,3633026,3633034,3633597,8,563,571,completed,2
55313,Rigid,3633026,3633034,3633413,8,379,387,completed,2
55314,Rigid,3633026,3633034,3633403,8,369,377,completed,2
55315,Rigid,3633026,3633034,3633418,8,384,392,completed,2
55316,Rigid,3633026,3633034,3633479,8,445,453,completed,2
55317,Rigid,3633026,3633034,3633508,8,474,482,completed,2
55318,Rigid,3633027,3633034,3633601,7,567,574,completed,2
55319,Rigid,3633027,3633034,3633616,7,582,589,completed,2
55320,Rigid,3633027,3633034,3633605,7,571,578,completed,2
55321,Rigid,3633027,3633034,3633572,7,538,545,completed,2
55322,Rigid,3633027,3633034,3633617,7,583,590,completed,2
55323,Rigid,3633027,3633034,3633458,7,424,431,completed,2
55324,Rigid,3633027,3633034,3633432,7,398,405,completed,2
55325,Rigid,3633027,3633034,3633545,7,511,518,completed,2
55326,Rigid,3633027,3633034,3633615,7,581,588,completed,2
55327,Rigid,3633027,3633034,3633400,7,366,373,completed,2
55328,Rigid,3633028,3633034,3633597,6,563,569,completed,2
55329,Rigid,3633028,3633034,3633515,6,481,487,completed,2
55330,Rigid,3633028,3633034,3633438,6,404,410,completed,2
55331,Rigid,3633028,3633034,3633608,6,574,580,completed,2
55332,Rigid,3633028,3633034,3633478,6,444,450,completed,2
55333,Rigid,3633028,3633034,3633539,6,505,511,completed,2
55334,Rigid,3633028,3633034,3633598,6,564,570,completed,2
55335,Rigid,3633028,3633034,3633533,6,499,505,completed,2
55336,Rigid,3633028,3633035,3633575,7,540,547,completed,2
55337,Rigid,3633028,3633035,3633422,7,387,394,completed,2
55338,Rigid,3633028,3633035,3633477,7,442,449,completed,2
55339,Rigid,3633029,3633035,3633409,6,374,380,completed,2
55340,Rigid,3633029,3633035,3633399,6,364,370,completed,2
55341,Rigid,3633029,3633035,3633592,6,557,563,completed,2
55342,Rigid,3633029,3633035,3633592,6,557,563,completed,2
55343,Rigid,3633029,3633035,3633568,6,533,539,completed,2
55344,Rigid,3633029,3633035,3633533,6,498,504,completed,2
55345,Rigid,3633029,3633035,3633394,6,359,365,completed,2
55346,Rigid,3633029,3633035,3633415,6,380,386,completed,2
55347,Rigid,3633029,3633035,3633374,6,339,345,completed,2
55348,Rigid,3633029,3633035,3633587,6,552,558,completed,2
55349,Rigid,3633029,3633035,3633565,6,530,536,completed,2
55350,Rigid,3633029,3633035,3633511,6,476,482,completed,2
55351,Rigid,3633030,3633035,3633472,5,437,442,completed,2
55352,Rigid,3633030,3633035,3633438,5,403,408,completed,2
55353,Rigid,3633030,3633035,3633461,5,426,431,completed,2
55354,Rigid,3633030,3633035,3633418,5,383,388,completed,2
55355,Rigid,3633030,3633035,3633416,5,381,386,completed,2
55356,Rigid,3633030,3633035,3633407,5,372,377,completed,2
55357,Rigid,3633030,3633035,3633428,5,393,398,completed,2
55358,Rigid,3633030,3633035,3633590,5,555,560,completed,2
55359,Rigid,3633030,3633035,3633591,5,556,561,completed,2
55360,Rigid,3633030,3633035,3633345,5,310,315,completed,2
55361,Rigid,3633030,3633035,3633593,5,558,563,completed,2
55362,Rigid,3633030,3633035,3633608,5,573,578,completed,2
55363,Rigid,3633030,3633035,3633468,5,433,438,completed,2
55364,Rigid,3633031,3633035,3633606,4,571,575,completed,2
55365,Rigid,3633031,3633035,3633527,4,492,496,completed,2
55366,Rigid,3633031,3633035,3633520,4,485,489,completed,2
55367,Rigid,3633031,3633035,3633555,4,520,524,completed,2
55368,Rigid,3633031,3633035,3633568,4,533,537,completed,2
55369,Rigid,3633031,3633035,3633535,4,500,504,completed,2
55370,Rigid,3633031,3633035,3633470,4,435,439,completed,2
55371,Rigid,3633031,3633035,3633401,4,366,370,completed,2
55372,Rigid,3633032,3633035,3633592,3,557,560,completed,2
55373,Rigid,3633032,3633035,3633588,3,553,556,completed,2
55374,Rigid,3633032,3633035,3633394,3,359,362,completed,2
55375,Rigid,3633032,3633035,3633603,3,568,571,completed,2
55376,Rigid,3633032,3633035,3633469,3,434,437,completed,2
55377,Rigid,3633032,3633035,3633367,3,332,335,completed,2
55378,Rigid,3633032,3633035,3633475,3,440,443,completed,2
55379,Rigid,3633032,3633035,3633488,3,453,456,completed,2
55380,Rigid,3633032,3633035,3633439,3,404,407,completed,2
55381,Rigid,3633032,3633035,3633416,3,381,384,completed,2
55382,Rigid,3633033,3633035,3633461,2,426,428,completed,2
55383,Rigid,3633033,3633035,3633443,2,408,410,completed,2
55384,Rigid,3633034,3633035,3633395,1,360,361,completed,2
55385,Rigid,3633036,3633038,3633569,2,531,533,completed,2
55386,Rigid,3633038,3633042,3633449,4,407,411,completed,2
55387,Rigid,3633039,3633042,3633437,3,395,398,completed,2
55388,Rigid,3633040,3633042,3633369,2,327,329,completed,2
55389,Rigid,3633040,3633042,3633503,2,461,463,completed,2
55390,Rigid,3633040,3633042,3633602,2,560,562,completed,2
55391,Rigid,3633040,3633042,3633486,2,444,446,completed,2
55392,Rigid,3633040,3633042,3633567,2,525,527,completed,2
55393,Rigid,3633040,3633042,3633473,2,431,433,completed,2
55394,Rigid,3633040,3633042,3633414,2,372,374,completed,2
55395,Rigid,3633040,3633042,3633578,2,536,538,completed,2
55396,Rigid,3633040,3633042,3633575,2,533,535,completed,2
55397,Rigid,3633041,3633042,3633517,1,475,476,completed,2
55398,Rigid,3633041,3633042,3633395,1,353,354,completed,2
55399,Rigid,3633041,3633042,3633480,1,438,439,completed,2
55400,Rigid,3633041,3633042,3633514,1,472,473,completed,2
55401,Rigid,3633041,3633042,3633456,1,414,415,completed,2
55402,Rigid,3633041,3633042,3633373,1,331,332,completed,2
55403,Rigid,3633041,3633042,3633406,1,364,365,completed,2
55404,Rigid,3633041,3633042,3633386,1,344,345,completed,2
55405,Rigid,3633041,3633042,3633455,1,413,414,completed,2
55406,Rigid,3633042,3633042,3633500,0,458,458,completed,2
55407,Rigid,3633042,3633043,3633387,1,344,345,completed,2
55408,Rigid,3633042,3633043,3633377,1,334,335,completed,2
55409,Rigid,3633042,3633043,3633569,1,526,527,completed,2
55410,Rigid,3633042,3633043,3633404,1,361,362,completed,2
55411,Rigid,3633042,3633043,3633469,1,426,427,completed,2
55412,Rigid,3633042,3633043,3633526,1,483,484,completed,2
55413,Rigid,3633043,3633043,3633603,0,560,560,completed,2
55414,Rigid,3633043,3633043,3633579,0,536,536,completed,2
55415,Rigid,3633043,3633047,3633489,4,442,446,completed,2
55416,Rigid,3633043,3633047,3633413,4,366,370,completed,2
55417,Rigid,3633043,3633047,3633562,4,515,519,completed,2
55418,Rigid,3633043,3633047,3633395,4,348,352,completed,2
55419,Rigid,3633043,3633047,3633519,4,472,476,completed,2
55420,Rigid,3633044,3633047,3633437,3,390,393,completed,2
55421,Rigid,3633044,3633047,3633600,3,553,556,completed,2
55422,Rigid,3633044,3633047,3633448,3,401,404,completed,2
55423,Rigid,3633044,3633047,3633396,3,349,352,completed,2
55424,Rigid,3633044,3633047,3633433,3,386,389,completed,2
55425,Rigid,3633044,3633047,3633424,3,377,380,completed,2
55426,Rigid,3633044,3633047,3633602,3,555,558,completed,2
55427,Rigid,3633044,3633047,3633616,3,569,572,completed,2
55428,Rigid,3633044,3633047,3633613,3,566,569,completed,2
55429,Rigid,3633044,3633047,3633571,3,524,527,completed,2
55430,Rigid,3633045,3633047,3633531,2,484,486,completed,2
55431,Rigid,3633045,3633047,3633401,2,354,356,completed,2
55432,Rigid,3633045,3633047,3633585,2,538,540,completed,2
55433,Rigid,3633045,3633047,3633568,2,521,523,completed,2
55434,Rigid,3633045,3633047,3633565,2,518,520,completed,2
55435,Rigid,3633045,3633047,3633617,2,570,572,completed,2
55436,Rigid,3633045,3633047,3633562,2,515,517,completed,2
55437,Rigid,3633045,3633047,3633508,2,461,463,completed,2
55438,Rigid,3633045,3633047,3633505,2,458,460,completed,2
55439,Rigid,3633045,3633047,3633610,2,563,565,completed,2
55440,Rigid,3633046,3633047,3633551,1,504,505,completed,2
55441,Rigid,3633046,3633047,3633443,1,396,397,completed,2
55442,Rigid,3633046,3633047,3633418,1,371,372,completed,2
55443,Rigid,3633046,3633047,3633465,1,418,419,completed,2
55444,Rigid,3633046,3633047,3633500,1,453,454,completed,2
55445,Rigid,3633046,3633047,3633557,1,510,511,completed,2
55446,Rigid,3633046,3633047,3633403,1,356,357,completed,2
55447,Rigid,3633046,3633047,3633475,1,428,429,completed,2
55448,Rigid,3633046,3633047,3633614,1,567,568,completed,2
55449,Rigid,3633047,3633047,3633607,0,560,560,completed,2
55450,Rigid,3633047,3633047,3633360,0,313,313,completed,2
55451,Rigid,3633047,3633047,3633587,0,540,540,completed,2
55452,Rigid,3633047,3633051,3633461,4,410,414,completed,2
55453,Rigid,3633047,3633051,3633422,4,371,375,completed,2
55454,Rigid,3633047,3633051,3633387,4,336,340,completed,2
55455,Rigid,3633047,3633051,3633595,4,544,548,completed,2
55456,Rigid,3633048,3633051,3633391,3,340,343,completed,2
55457,Rigid,3633048,3633051,3633612,3,561,564,completed,2
55458,Rigid,3633048,3633051,3633408,3,357,360,completed,2
55459,Rigid,3633048,3633051,3633609,3,558,561,completed,2
55460,Rigid,3633048,3633051,3633470,3,419,422,completed,2
55461,Rigid,3633048,3633051,3633538,3,487,490,completed,2
55462,Rigid,3633048,3633051,3633390,3,339,342,completed,2
55463,Rigid,3633048,3633051,3633628,3,577,580,completed,2
55464,Rigid,3633048,3633051,3633359,3,308,311,completed,2
55465,Rigid,3633049,3633051,3633481,2,430,432,completed,2
55466,Rigid,3633049,3633051,3633482,2,431,433,completed,2
55467,Rigid,3633049,3633051,3633520,2,469,471,completed,2
55468,Rigid,3633049,3633051,3633517,2,466,468,completed,2
55469,Rigid,3633049,3633051,3633485,2,434,436,completed,2
55470,Rigid,3633049,3633051,3633609,2,558,560,completed,2
55471,Rigid,3633049,3633051,3633371,2,320,322,completed,2
55472,Rigid,3633049,3633051,3633590,2,539,541,completed,2
55473,Rigid,3633049,3633051,3633440,2,389,391,completed,2
55474,Rigid,3633049,3633051,3633601,2,550,552,completed,2
55475,Rigid,3633050,3633051,3633510,1,459,460,completed,2
55476,Rigid,3633050,3633051,3633382,1,331,332,completed,2
55477,Rigid,3633050,3633051,3633617,1,566,567,completed,2
55478,Rigid,3633050,3633051,3633474,1,423,424,completed,2
55479,Rigid,3633050,3633051,3633610,1,559,560,completed,2
55480,Rigid,3633050,3633051,3633567,1,516,517,completed,2
55481,Rigid,3633050,3633051,3633424,1,373,374,completed,2
55482,Rigid,3633050,3633051,3633581,1,530,531,completed,2
55483,Rigid,3633050,3633051,3633526,1,475,476,completed,2
55484,Rigid,3633050,3633051,3633612,1,561,562,completed,2
55485,Rigid,3633051,3633051,3633585,0,534,534,completed,2
55486,Rigid,3633051,3633051,3633593,0,542,542,completed,2
55487,Rigid,3633051,3633055,3633515,4,460,464,completed,2
55488,Rigid,3633051,3633055,3633414,4,359,363,completed,2
55489,Rigid,3633051,3633055,3633430,4,375,379,completed,2
55490,Rigid,3633051,3633055,3633471,4,416,420,completed,2
55491,Rigid,3633051,3633055,3633618,4,563,567,completed,2
55492,Rigid,3633052,3633055,3633417,3,362,365,completed,2
55493,Rigid,3633052,3633055,3633580,3,525,528,completed,2
55494,Rigid,3633052,3633055,3633350,3,295,298,completed,2
55495,Rigid,3633052,3633055,3633502,3,447,450,completed,2
55496,Rigid,3633052,3633055,3633458,3,403,406,completed,2
55497,Rigid,3633052,3633055,3633573,3,518,521,completed,2
55498,Rigid,3633052,3633055,3633403,3,348,351,completed,2
55499,Rigid,3633052,3633055,3633503,3,448,451,completed,2
55500,Rigid,3633052,3633055,3633445,3,390,393,completed,2
55501,Rigid,3633053,3633055,3633380,2,325,327,completed,2
55502,Rigid,3633353,3633354,3633672,1,318,319,completed,2
55503,Rigid,3633353,3633354,3633832,1,478,479,completed,2
55504,Rigid,3633453,3633454,3633819,1,365,366,completed,2
55505,Rigid,3633453,3633454,3633776,1,322,323,completed,2
55506,Rigid,3633453,3633454,3633870,1,416,417,completed,2
55507,Rigid,3633454,3633454,3633795,0,341,341,completed,2
55508,Rigid,3633454,3633455,3633984,1,529,530,completed,2
55509,Rigid,3633454,3633455,3633914,1,459,460,completed,2
55510,Rigid,3633454,3633455,3633821,1,366,367,completed,2
55511,Rigid,3633454,3633455,3633817,1,362,363,completed,2
55512,Rigid,3633454,3633455,3633851,1,396,397,completed,2
55513,Rigid,3633454,3633455,3633892,1,437,438,completed,2
55514,Rigid,3633454,3633455,3633854,1,399,400,completed,2
55515,Rigid,3633454,3633455,3633857,1,402,403,completed,2
55516,Rigid,3633454,3633455,3633790,1,335,336,completed,2
55517,Rigid,3633455,3633455,3633910,0,455,455,completed,2
55518,Rigid,3633455,3633455,3633890,0,435,435,completed,2
55519,Rigid,3633455,3633455,3633764,0,309,309,completed,2
55520,Rigid,3633455,3633455,3633808,0,353,353,completed,2
55521,Rigid,3633455,3633455,3633848,0,393,393,completed,2
55522,Rigid,3633455,3633457,3633818,2,361,363,completed,2
55523,Rigid,3633455,3633457,3633833,2,376,378,completed,2
55524,Rigid,3633456,3633457,3633787,1,330,331,completed,2
55525,Rigid,3633456,3633457,3633849,1,392,393,completed,2
55526,Rigid,3633456,3633457,3633775,1,318,319,completed,2
55527,Rigid,3633456,3633457,3633819,1,362,363,completed,2
55528,Rigid,3633456,3633457,3633758,1,301,302,completed,2
55529,Rigid,3633456,3633457,3633843,1,386,387,completed,2
55530,Rigid,3633456,3633457,3633788,1,331,332,completed,2
55531,Rigid,3633456,3633457,3633785,1,328,329,completed,2
55532,Rigid,3633456,3633457,3633813,1,356,357,completed,2
55533,Rigid,3633457,3633457,3633771,0,314,314,completed,2
55534,Rigid,3633457,3633457,3633933,0,476,476,completed,2
55535,Rigid,3633457,3633457,3633997,0,540,540,completed,2
55536,Rigid,3633457,3633458,3633816,1,358,359,completed,2
55537,Rigid,3633457,3633458,3633891,1,433,434,completed,2
55538,Rigid,3633457,3633458,3633845,1,387,388,completed,2
55539,Rigid,3633457,3633458,3633854,1,396,397,completed,2
55540,Rigid,3633457,3633458,3633821,1,363,364,completed,2
55541,Rigid,3633457,3633458,3633860,1,402,403,completed,2
55542,Rigid,3633458,3633458,3633908,0,450,450,completed,2
55543,Rigid,3633458,3633459,3633775,1,316,317,completed,2
55544,Rigid,3633458,3633459,3633840,1,381,382,completed,2
55545,Rigid,3633458,3633459,3633803,1,344,345,completed,2
55546,Rigid,3633458,3633459,3633764,1,305,306,completed,2
55547,Rigid,3633458,3633459,3633808,1,349,350,completed,2
55548,Rigid,3633458,3633459,3633838,1,379,380,completed,2
55549,Rigid,3633458,3633459,3633840,1,381,382,completed,2
55550,Rigid,3633458,3633459,3633977,1,518,519,completed,2
55551,Rigid,3633458,3633459,3633922,1,463,464,completed,2
55552,Rigid,3633458,3633459,3633878,1,419,420,completed,2
55553,Rigid,3633459,3633459,3633872,0,413,413,completed,2
55554,Rigid,3633459,3633459,3633794,0,335,335,completed,2
55555,Rigid,3633459,3633459,3633762,0,303,303,completed,2
55556,Rigid,3633459,3633459,3633829,0,370,370,completed,2
55557,Rigid,3633459,3633460,3633787,1,327,328,completed,2
55558,Rigid,3633459,3633460,3633844,1,384,385,completed,2
55559,Rigid,3633459,3633460,3633855,1,395,396,completed,2
55560,Rigid,3633459,3633460,3633848,1,388,389,completed,2
55561,Rigid,3633459,3633460,3633764,1,304,305,completed,2
55562,Rigid,3633460,3633460,3633811,0,351,351,completed,2
55563,Rigid,3633460,3633460,3633800,0,340,340,completed,2
55564,Rigid,3633460,3633460,3633819,0,359,359,completed,2
55565,Rigid,3633460,3633460,3633768,0,308,308,completed,2
55566,Rigid,3633460,3633461,3633775,1,314,315,completed,2
55567,Rigid,3633460,3633461,3633880,1,419,420,completed,2
55568,Rigid,3633460,3633461,3633855,1,394,395,completed,2
55569,Rigid,3633460,3633461,3633900,1,439,440,completed,2
55570,Rigid,3633460,3633461,3633939,1,478,479,completed,2
55571,Rigid,3633460,3633461,3633819,1,358,359,completed,2
55572,Rigid,3633461,3633461,3633854,0,393,393,completed,2
55573,Rigid,3633461,3633462,3633871,1,409,410,completed,2
55574,Rigid,3633461,3633462,3633739,1,277,278,completed,2
55575,Rigid,3633461,3633462,3633822,1,360,361,completed,2
55576,Rigid,3633461,3633462,3633779,1,317,318,completed,2
55577,Rigid,3633461,3633462,3633790,1,328,329,completed,2
55578,Rigid,3633461,3633462,3633930,1,468,469,completed,2
55579,Rigid,3633461,3633462,3633800,1,338,339,completed,2
55580,Rigid,3633461,3633462,3633867,1,405,406,completed,2
55581,Rigid,3633462,3633462,3633775,0,313,313,completed,2
55582,Rigid,3633462,3633462,3633950,0,488,488,completed,2
55583,Rigid,3633462,3633462,3633820,0,358,358,completed,2
55584,Rigid,3633462,3633462,3633821,0,359,359,completed,2
55585,Rigid,3633462,3633462,3633827,0,365,365,completed,2
55586,Rigid,3633462,3633462,3633770,0,308,308,completed,2
55587,Rigid,3633462,3633463,3633826,1,363,364,completed,2
55588,Rigid,3633462,3633463,3633797,1,334,335,completed,2
55589,Rigid,3633462,3633463,3633783,1,320,321,completed,2
55590,Rigid,3633463,3633463,3633902,0,439,439,completed,2
55591,Rigid,3633463,3633463,3633773,0,310,310,completed,2
55592,Rigid,3633463,3633463,3633891,0,428,428,completed,2
55593,Rigid,3633463,3633463,3633881,0,418,418,completed,2
55594,Rigid,3633463,3633463,3633805,0,342,342,completed,2
55595,Rigid,3633463,3633464,3633965,1,501,502,completed,2
55596,Rigid,3633463,3633464,3633836,1,372,373,completed,2
55597,Rigid,3633463,3633464,3633807,1,343,344,completed,2
55598,Rigid,3633463,3633464,3633925,1,461,462,completed,2
55599,Rigid,3633463,3633464,3633793,1,329,330,completed,2
55600,Rigid,3633464,3633464,3633776,0,312,312,completed,2
55601,Rigid,3633464,3633464,3633855,0,391,391,completed,2
55602,Rigid,3633464,3633464,3633792,0,328,328,completed,2
55603,Rigid,3633464,3633464,3634001,0,537,537,completed,2
55604,Rigid,3633464,3633466,3633839,2,373,375,completed,2
55605,Rigid,3633464,3633466,3633794,2,328,330,completed,2
55606,Rigid,3633464,3633466,3633803,2,337,339,completed,2
55607,Rigid,3633464,3633466,3633805,2,339,341,completed,2
55608,Rigid,3633464,3633466,3633880,2,414,416,completed,2
55609,Rigid,3633465,3633466,3633909,1,443,444,completed,2
55610,Rigid,3633465,3633466,3633808,1,342,343,completed,2
55611,Rigid,3633465,3633466,3633762,1,296,297,completed,2
55612,Rigid,3633465,3633466,3633912,1,446,447,completed,2
55613,Rigid,3633465,3633466,3633818,1,352,353,completed,2
55614,Rigid,3633465,3633466,3633859,1,393,394,completed,2
55615,Rigid,3633465,3633466,3633803,1,337,338,completed,2
55616,Rigid,3633465,3633466,3633792,1,326,327,completed,2
55617,Rigid,3633465,3633466,3633880,1,414,415,completed,2
55618,Rigid,3633465,3633466,3633870,1,404,405,completed,2
55619,Rigid,3633465,3633466,3633894,1,428,429,completed,2
55620,Rigid,3633466,3633466,3633837,0,371,371,completed,2
55621,Rigid,3633466,3633466,3633873,0,407,407,completed,2
55622,Rigid,3633466,3633466,3633852,0,386,386,completed,2
55623,Rigid,3633466,3633466,3633770,0,304,304,completed,2
55624,Rigid,3633466,3633466,3633914,0,448,448,completed,2
55625,Rigid,3633466,3633466,3633825,0,359,359,completed,2
55626,Rigid,3633466,3633467,3633827,1,360,361,completed,2
55627,Rigid,3633466,3633467,3633895,1,428,429,completed,2
55628,Rigid,3633467,3633467,3633843,0,376,376,completed,2
55629,Rigid,3633467,3633467,3633955,0,488,488,completed,2
55630,Rigid,3633467,3633468,3633845,1,377,378,completed,2
55631,Rigid,3633467,3633468,3633797,1,329,330,completed,2
55632,Rigid,3633467,3633468,3633885,1,417,418,completed,2
55633,Rigid,3633467,3633468,3633786,1,318,319,completed,2
55634,Rigid,3633467,3633468,3633824,1,356,357,completed,2
55635,Rigid,3633467,3633468,3633851,1,383,384,completed,2
55636,Rigid,3633467,3633468,3633845,1,377,378,completed,2
55637,Rigid,3633467,3633468,3633846,1,378,379,completed,2
55638,Rigid,3633468,3633468,3633817,0,349,349,completed,2
55639,Rigid,3633468,3633469,3633787,1,318,319,completed,2
55640,Rigid,3633468,3633469,3633823,1,354,355,completed,2
55641,Rigid,3633468,3633469,3633817,1,348,349,completed,2
55642,Rigid,3633468,3633469,3633780,1,311,312,completed,2
55643,Rigid,3633468,3633469,3633959,1,490,491,completed,2
55644,Rigid,3633468,3633469,3633800,1,331,332,completed,2
55645,Rigid,3633468,3633469,3633837,1,368,369,completed,2
55646,Rigid,3633468,3633469,3633902,1,433,434,completed,2
55647,Rigid,3633468,3633469,3633837,1,368,369,completed,2
55648,Rigid,3633469,3633469,3633808,0,339,339,completed,2
55649,Rigid,3633469,3633469,3633840,0,371,371,completed,2
55650,Rigid,3633469,3633469,3633924,0,455,455,completed,2
55651,Rigid,3633469,3633469,3633938,0,469,469,completed,2
55652,Rigid,3633469,3633469,3633756,0,287,287,completed,2
55653,Rigid,3633469,3633469,3633833,0,364,364,completed,2
55654,Rigid,3633469,3633470,3633838,1,368,369,completed,2
55655,Rigid,3633469,3633470,3633792,1,322,323,completed,2
55656,Rigid,3633470,3633470,3634001,0,531,531,completed,2
55657,Rigid,3633470,3633470,3633771,0,301,301,completed,2
55658,Rigid,3633470,3633470,3633772,0,302,302,completed,2
55659,Rigid,3633470,3633470,3633789,0,319,319,completed,2
55660,Rigid,3633470,3633470,3633828,0,358,358,completed,2
55661,Rigid,3633470,3633470,3633826,0,356,356,completed,2
55662,Rigid,3633470,3633470,3633862,0,392,392,completed,2
55663,Rigid,3633470,3633471,3633850,1,379,380,completed,2
55664,Rigid,3633471,3633471,3633953,0,482,482,completed,2
55665,Rigid,3633471,3633471,3633972,0,501,501,completed,2
55666,Rigid,3633471,3633471,3633811,0,340,340,completed,2
55667,Rigid,3633471,3633471,3633849,0,378,378,completed,2
55668,Rigid,3633471,3633471,3633824,0,353,353,completed,2
55669,Rigid,3633471,3633471,3633850,0,379,379,completed,2
55670,Rigid,3633471,3633471,3633812,0,341,341,completed,2
55671,Rigid,3633471,3633471,3633954,0,483,483,completed,2
55672,Rigid,3633472,3633472,3633859,0,387,387,completed,2
55673,Rigid,3633472,3633472,3633949,0,477,477,completed,2
55674,Rigid,3633472,3633472,3633910,0,438,438,completed,2
55675,Rigid,3633472,3633472,3633808,0,336,336,completed,2
55676,Rigid,3633472,3633472,3633909,0,437,437,completed,2
55677,Rigid,3633472,3633472,3633762,0,290,290,completed,2
55678,Rigid,3633472,3633472,3633809,0,337,337,completed,2
55679,Rigid,3633472,3633472,3633766,0,294,294,completed,2
55680,Rigid,3633472,3633472,3633796,0,324,324,completed,2
55681,Rigid,3633472,3633473,3633811,1,338,339,completed,2
55682,Rigid,3633473,3633473,3633778,0,305,305,completed,2
55683,Rigid,3633473,3633779,3633805,306,26,332,completed,1
55684,Rigid,3633473,3633806,3763236,333,129430,129763,completed,3
55685,Rigid,3634255,3634256,3635134,1,878,879,completed,144
55686,Rigid,3634278,3634279,3634380,1,101,102,completed,10
55687,Rigid,3634278,3634279,3634407,1,128,129,completed,10
55688,Rigid,3634279,3634279,3634407,0,128,128,completed,10
55689,Rigid,3634279,3634279,3634407,0,128,128,completed,10
55690,Rigid,3634279,3634279,3634407,0,128,128,completed,10
55691,Rigid,3634279,3634279,3634407,0,128,128,completed,10
55692,Rigid,3634279,3634279,3634407,0,128,128,completed,10
55693,Rigid,3634279,3634279,3634407,0,128,128,completed,10
55694,Rigid,3634279,3634279,3634407,0,128,128,completed,10
55695,Rigid,3634279,3634279,3634379,0,100,100,completed,10
55696,Rigid,3634428,3634429,3648039,1,13610,13611,completed,108
55697,Rigid,3634931,3634931,3643194,0,8263,8263,completed,36
55698,Rigid,3635186,3635187,3643426,1,8239,8240,completed,36
55699,Rigid,3635249,3635249,3980862,0,345613,345613,completed,144
55700,Rigid,3635314,3635315,3635613,1,298,299,completed,36
55701,Rigid,3635317,3635319,3635611,2,292,294,completed,36
55702,Rigid,3635319,3635319,3635616,0,297,297,completed,36
55703,Rigid,3635321,3635323,3635618,2,295,297,completed,36
55704,Rigid,3635321,3635323,3635616,2,293,295,completed,36
55705,Rigid,3635322,3635323,3635618,1,295,296,completed,36
55706,Rigid,3635322,3635323,3635621,1,298,299,completed,36
55707,Rigid,3635322,3635323,3635636,1,313,314,completed,36
55708,Rigid,3635323,3635323,3635617,0,294,294,completed,36
55709,Rigid,3635323,3635323,3635616,0,293,293,completed,36
55710,Rigid,3635323,3635323,3635616,0,293,293,completed,36
55711,Rigid,3635324,3635327,3635624,3,297,300,completed,36
55712,Rigid,3635324,3635327,3635621,3,294,297,completed,36
55713,Rigid,3635324,3635327,3635623,3,296,299,completed,36
55714,Rigid,3635325,3635327,3635621,2,294,296,completed,36
55715,Rigid,3635325,3635327,3635620,2,293,295,completed,36
55716,Rigid,3635370,3635370,3635665,0,295,295,completed,36
55717,Rigid,3635372,3635374,3635666,2,292,294,completed,36
55718,Rigid,3635374,3635374,3635666,0,292,292,completed,36
55719,Rigid,3635375,3635379,3635673,4,294,298,completed,36
55720,Rigid,3635376,3635379,3635672,3,293,296,completed,36
55721,Rigid,3635376,3635379,3635673,3,294,297,completed,36
55722,Rigid,3635376,3635379,3635672,3,293,296,completed,36
55723,Rigid,3635377,3635379,3635671,2,292,294,completed,36
55724,Rigid,3635377,3635379,3635673,2,294,296,completed,36
55725,Rigid,3635377,3635379,3635672,2,293,295,completed,36
55726,Rigid,3635378,3635379,3635671,1,292,293,completed,36
55727,Rigid,3635378,3635379,3635675,1,296,297,completed,36
55728,Rigid,3635378,3635379,3635674,1,295,296,completed,36
55729,Rigid,3635379,3635382,3635677,3,295,298,completed,36
55730,Rigid,3635379,3635382,3635676,3,294,297,completed,36
55731,Rigid,3635379,3635382,3635674,3,292,295,completed,36
55732,Rigid,3635570,3635570,3675720,0,40150,40150,completed,144
55733,Rigid,3635918,3635919,3637169,1,1250,1251,completed,36
55734,Rigid,3635933,3635934,3637132,1,1198,1199,completed,36
55735,Rigid,3636193,3636194,3644485,1,8291,8292,completed,36
55736,Rigid,3636331,3636332,3644480,1,8148,8149,completed,36
55737,Rigid,3636634,3636635,3643818,1,7183,7184,completed,144
55738,Rigid,3636728,3636728,3846439,0,209711,209711,completed,36
55739,Rigid,3637015,3637015,3637135,0,120,120,completed,36
55740,Rigid,3637155,3637155,3642063,0,4908,4908,completed,36
55741,Rigid,3637229,3637229,3842302,0,205073,205073,completed,36
55742,Rigid,3637270,3637270,3637347,0,77,77,completed,144
55743,Rigid,3637353,3637354,3637361,1,7,8,completed,36
55744,Rigid,3637436,3637437,3637481,1,44,45,completed,36
55745,Rigid,3637460,3637461,3637534,1,73,74,completed,144
55746,Rigid,3637846,3637848,3637887,2,39,41,completed,36
55747,Rigid,3637927,3637927,3637970,0,43,43,completed,36
55748,Rigid,3638075,3638075,3638119,0,44,44,completed,36
55749,Rigid,3638879,3638879,3642099,0,3220,3220,completed,36
55750,Rigid,3639234,3639235,3639240,1,5,6,completed,1
55751,Rigid,3639309,3639309,3639313,0,4,4,completed,1
55752,Rigid,3640977,3640977,3641256,0,279,279,completed,36
55753,Rigid,3640978,3640981,3641182,3,201,204,completed,36
55754,Rigid,3640979,3640981,3641182,2,201,203,completed,36
55755,Rigid,3640980,3640981,3641181,1,200,201,completed,36
55756,Rigid,3640981,3640981,3641180,0,199,199,completed,36
55757,Rigid,3640981,3640985,3641187,4,202,206,completed,36
55758,Rigid,3640981,3640985,3641187,4,202,206,completed,36
55759,Rigid,3640981,3640985,3641187,4,202,206,completed,36
55760,Rigid,3640981,3640985,3641200,4,215,219,completed,36
55761,Rigid,3640982,3640985,3641185,3,200,203,completed,36
55762,Rigid,3640982,3640985,3641187,3,202,205,completed,36
55763,Rigid,3640982,3640985,3641187,3,202,205,completed,36
55764,Rigid,3640983,3640985,3641185,2,200,202,completed,36
55765,Rigid,3640983,3640985,3641185,2,200,202,completed,36
55766,Rigid,3640983,3640985,3641187,2,202,204,completed,36
55767,Rigid,3640984,3640985,3641186,1,201,202,completed,36
55768,Rigid,3641001,3641002,3643694,1,2692,2693,completed,36
55769,Rigid,3641141,3641141,3648874,0,7733,7733,completed,288
55770,Rigid,3641332,3641333,3648838,1,7505,7506,completed,288
55771,Rigid,3642870,3642870,3649664,0,6794,6794,completed,36
55772,Rigid,3643094,3643095,3848900,1,205805,205806,completed,36
55773,Rigid,3643117,3643117,3643165,0,48,48,completed,36
55774,Rigid,3643204,3643205,3643251,1,46,47,completed,36
55775,Rigid,3643369,3643369,3643417,0,48,48,completed,36
55776,Rigid,3643773,3643773,3643822,0,49,49,completed,36
55777,Rigid,3643824,3643824,3644388,0,564,564,completed,36
55778,Rigid,3643879,3643880,3668770,1,24890,24891,completed,36
55779,Rigid,3643960,3643961,3644003,1,42,43,completed,36
55780,Rigid,3644149,3644150,3703914,1,59764,59765,completed,144
55781,Rigid,3644151,3644152,3644195,1,43,44,completed,36
55782,Rigid,3644975,3644975,3646558,0,1583,1583,completed,144
55783,Rigid,3645981,3645981,3712720,0,66739,66739,completed,288
55784,Rigid,3646059,3646060,3646735,1,675,676,completed,36
55785,Rigid,3646122,3646122,3711405,0,65283,65283,completed,288
55786,Rigid,3646635,3646636,3720145,1,73509,73510,completed,144
55787,Rigid,3646885,3646886,3649087,1,2201,2202,completed,36
55788,Rigid,3646886,3646886,3715031,0,68145,68145,completed,36
55789,Rigid,3646886,3646886,3678473,0,31587,31587,completed,36
55790,Rigid,3646886,3646887,3711308,1,64421,64422,completed,36
55791,Rigid,3646887,3646887,3646949,0,62,62,completed,36
55792,Rigid,3646887,3646890,3655653,3,8763,8766,completed,36
55793,Rigid,3646887,3646890,3663231,3,16341,16344,completed,36
55794,Rigid,3646887,3646890,3733294,3,86404,86407,completed,36
55795,Rigid,3646888,3646890,3733294,2,86404,86406,completed,36
55796,Rigid,3646888,3646890,3677285,2,30395,30397,completed,36
55797,Rigid,3646888,3646890,3698843,2,51953,51955,completed,36
55798,Rigid,3646888,3646890,3646903,2,13,15,completed,36
55799,Rigid,3646888,3646890,3733294,2,86404,86406,completed,36
55800,Rigid,3646888,3646890,3659215,2,12325,12327,completed,36
55801,Rigid,3646889,3646890,3733294,1,86404,86405,completed,36
55802,Rigid,3646889,3646890,3648854,1,1964,1965,completed,36
55803,Rigid,3646889,3646890,3718829,1,71939,71940,completed,36
55804,Rigid,3646889,3646890,3646946,1,56,57,completed,36
55805,Rigid,3646889,3646890,3685298,1,38408,38409,completed,36
55806,Rigid,3646890,3646890,3692647,0,45757,45757,completed,36
55807,Rigid,3646890,3646890,3733294,0,86404,86404,completed,36
55808,Rigid,3646890,3646890,3646903,0,13,13,completed,36
55809,Rigid,3646890,3646894,3646918,4,24,28,completed,36
55810,Rigid,3646890,3646894,3668636,4,21742,21746,completed,36
55811,Rigid,3646891,3646894,3695976,3,49082,49085,completed,36
55812,Rigid,3646891,3646894,3646938,3,44,47,completed,36
55813,Rigid,3646891,3646894,3648667,3,1773,1776,completed,36
55814,Rigid,3646891,3646894,3733294,3,86400,86403,completed,36
55815,Rigid,3646891,3646894,3646932,3,38,41,completed,36
55816,Rigid,3646891,3646894,3646946,3,52,55,completed,36
55817,Rigid,3646891,3646894,3646937,3,43,46,completed,36
55818,Rigid,3646892,3646894,3733294,2,86400,86402,completed,36
55819,Rigid,3646892,3646894,3679697,2,32803,32805,completed,36
55820,Rigid,3646892,3646894,3648212,2,1318,1320,completed,36
55821,Rigid,3646892,3646894,3646904,2,10,12,completed,36
55822,Rigid,3646892,3646894,3646965,2,71,73,completed,36
55823,Rigid,3646893,3646894,3690159,1,43265,43266,completed,36
55824,Rigid,3646893,3646894,3650189,1,3295,3296,completed,36
55825,Rigid,3646893,3646894,3649589,1,2695,2696,completed,36
55826,Rigid,3646893,3646894,3647081,1,187,188,completed,36
55827,Rigid,3646893,3646894,3649226,1,2332,2333,completed,36
55828,Rigid,3646894,3646894,3707709,0,60815,60815,completed,36
55829,Rigid,3646894,3646894,3733294,0,86400,86400,completed,36
55830,Rigid,3646894,3646894,3656797,0,9903,9903,completed,36
55831,Rigid,3646894,3646898,3733324,4,86426,86430,completed,36
55832,Rigid,3646894,3646898,3660721,4,13823,13827,completed,36
55833,Rigid,3646895,3646898,3647809,3,911,914,completed,36
55834,Rigid,3646895,3646898,3646910,3,12,15,completed,36
55835,Rigid,3646895,3646898,3670592,3,23694,23697,completed,36
55836,Rigid,3646895,3646898,3660592,3,13694,13697,completed,36
55837,Rigid,3646896,3646898,3733324,2,86426,86428,completed,36
55838,Rigid,3646896,3646898,3720953,2,74055,74057,completed,36
55839,Rigid,3646896,3646898,3652480,2,5582,5584,completed,36
55840,Rigid,3646896,3646898,3652620,2,5722,5724,completed,36
55841,Rigid,3646897,3646898,3648385,1,1487,1488,completed,36
55842,Rigid,3646897,3646898,3671248,1,24350,24351,completed,36
55843,Rigid,3646897,3646898,3733324,1,86426,86427,completed,36
55844,Rigid,3646897,3646898,3733324,1,86426,86427,completed,36
55845,Rigid,3646897,3646904,3688004,7,41100,41107,completed,36
55846,Rigid,3646897,3646904,3646945,7,41,48,completed,36
55847,Rigid,3646898,3646904,3646929,6,25,31,completed,36
55848,Rigid,3646898,3646911,3656821,13,9910,9923,completed,36
55849,Rigid,3646899,3646919,3646927,20,8,28,completed,36
55850,Rigid,3646899,3646928,3662881,29,15953,15982,completed,36
55851,Rigid,3646899,3646931,3646991,32,60,92,completed,36
55852,Rigid,3646899,3646933,3733354,34,86421,86455,completed,36
55853,Rigid,3646900,3646937,3697863,37,50926,50963,completed,36
55854,Rigid,3646900,3646939,3646953,39,14,53,completed,36
55855,Rigid,3646900,3646947,3697195,47,50248,50295,completed,36
55856,Rigid,3646900,3646947,3646975,47,28,75,completed,36
55857,Rigid,3646901,3646947,3652120,46,5173,5219,completed,36
55858,Rigid,3646901,3646950,3651407,49,4457,4506,completed,36
55859,Rigid,3646901,3646954,3647313,53,359,412,completed,36
55860,Rigid,3646901,3646966,3733384,65,86418,86483,completed,36
55861,Rigid,3646902,3646977,3733384,75,86407,86482,completed,36
55862,Rigid,3646902,3646992,3647064,90,72,162,completed,36
55863,Rigid,3646902,3647066,3733476,164,86410,86574,completed,36
55864,Rigid,3646902,3647082,3660456,180,13374,13554,completed,36
55865,Rigid,3646902,3647315,3690810,413,43495,43908,completed,36
55866,Rigid,3646903,3649698,3650745,2795,1047,3842,completed,36
55867,Rigid,3646903,3649712,3736119,2809,86407,89216,completed,36
55868,Rigid,3646903,3649712,3669742,2809,20030,22839,completed,36
55869,Rigid,3646903,3649712,3649739,2809,27,2836,completed,36
55870,Rigid,3646904,3649741,3649790,2837,49,2886,completed,36
55871,Rigid,3646904,3649792,3649821,2888,29,2917,completed,36
55872,Rigid,3646904,3649823,3736241,2919,86418,89337,completed,36
55873,Rigid,3646904,3649952,3662552,3048,12600,15648,completed,36
55874,Rigid,3646905,3649952,3717689,3047,67737,70784,completed,36
55875,Rigid,3646905,3649976,3649990,3071,14,3085,completed,36
55876,Rigid,3646906,3649976,3736391,3070,86415,89485,completed,36
55877,Rigid,3646906,3649992,3650007,3086,15,3101,completed,36
55878,Rigid,3646906,3650008,3719168,3102,69160,72262,completed,36
55879,Rigid,3646907,3650214,3650236,3307,22,3329,completed,36
55880,Rigid,3646907,3650245,3650268,3338,23,3361,completed,36
55881,Rigid,3646907,3650275,3650342,3368,67,3435,completed,36
55882,Rigid,3646907,3650366,3650373,3459,7,3466,completed,36
55883,Rigid,3646907,3650396,3736811,3489,86415,89904,completed,36
55884,Rigid,3646907,3650747,3650823,3840,76,3916,completed,36
55885,Rigid,3646908,3650824,3663725,3916,12901,16817,completed,36
55886,Rigid,3646909,3651408,3678916,4499,27508,32007,completed,36
55887,Rigid,3646910,3652484,3738898,5574,86414,91988,completed,36
55888,Rigid,3646910,3652636,3653044,5726,408,6134,completed,36
55889,Rigid,3646910,3652910,3652936,6000,26,6026,completed,36
55890,Rigid,3646911,3652941,3653178,6030,237,6267,completed,36
55891,Rigid,3646911,3653062,3657621,6151,4559,10710,completed,36
55892,Rigid,3646912,3653183,3660439,6271,7256,13527,completed,36
55893,Rigid,3646912,3655667,3655694,8755,27,8782,completed,36
55894,Rigid,3646912,3655697,3742109,8785,86412,95197,completed,36
55895,Rigid,3646913,3656818,3656831,9905,13,9918,completed,36
55896,Rigid,3646913,3656848,3656857,9935,9,9944,completed,36
55897,Rigid,3646914,3656848,3660865,9934,4017,13951,completed,36
55898,Rigid,3646915,3656879,3661228,9964,4349,14313,completed,36
55899,Rigid,3646915,3657636,3674026,10721,16390,27111,completed,36
55900,Rigid,3646915,3659216,3702419,12301,43203,55504,completed,36
55901,Rigid,3646916,3660722,3721859,13806,61137,74943,completed,36
55902,Rigid,3646916,3660866,3747283,13950,86417,100367,completed,36
55903,Rigid,3646916,3661229,3666595,14313,5366,19679,completed,36
55904,Rigid,3646916,3662554,3712091,15638,49537,65175,completed,36
55905,Rigid,3646917,3662882,3662900,15965,18,15983,completed,36
55906,Rigid,3646917,3662902,3749326,15985,86424,102409,completed,36
55907,Rigid,3646917,3663232,3663244,16315,12,16327,completed,36
55908,Rigid,3646917,3663246,3663253,16329,7,16336,completed,36
55909,Rigid,3646917,3663254,3663262,16337,8,16345,completed,36
55910,Rigid,3646917,3663263,3663271,16346,8,16354,completed,36
55911,Rigid,3646917,3663272,3663280,16355,8,16363,completed,36
55912,Rigid,3646917,3663281,3663288,16364,7,16371,completed,36
55913,Rigid,3646917,3663289,3663296,16372,7,16379,completed,36
55914,Rigid,3646917,3663298,3663305,16381,7,16388,completed,36
55915,Rigid,3646917,3663307,3663314,16390,7,16397,completed,36
55916,Rigid,3646917,3663315,3663322,16398,7,16405,completed,36
55917,Rigid,3646917,3663324,3663330,16407,6,16413,completed,36
55918,Rigid,3646917,3663331,3663337,16414,6,16420,completed,36
55919,Rigid,3646917,3663339,3663344,16422,5,16427,completed,36
55920,Rigid,3646918,3663346,3749768,16428,86422,102850,completed,36
55921,Rigid,3646918,3663726,3671259,16808,7533,24341,completed,36
55922,Rigid,3646918,3664246,3665662,17328,1416,18744,completed,36
55923,Rigid,3646919,3664881,3679415,17962,14534,32496,completed,36
55924,Rigid,3646919,3665663,3752092,18744,86429,105173,completed,36
55925,Rigid,3646919,3666596,3666609,19677,13,19690,completed,36
55926,Rigid,3646919,3666610,3666637,19691,27,19718,completed,36
55927,Rigid,3646919,3666638,3753061,19719,86423,106142,completed,36
55928,Rigid,3646920,3667788,3754205,20868,86417,107285,completed,36
55929,Rigid,3646920,3668638,3670387,21718,1749,23467,completed,36
55930,Rigid,3646920,3669743,3725231,22823,55488,78311,completed,36
55931,Rigid,3646920,3670422,3726784,23502,56362,79864,completed,36
55932,Rigid,3646920,3670593,3706558,23673,35965,59638,completed,36
55933,Rigid,3646920,3671250,3697950,24330,26700,51030,completed,36
55934,Rigid,3646921,3671260,3672722,24339,1462,25801,completed,36
55935,Rigid,3646921,3672723,3672747,25802,24,25826,completed,36
55936,Rigid,3646921,3672748,3759177,25827,86429,112256,completed,36
55937,Rigid,3646922,3674043,3704478,27121,30435,57556,completed,36
55938,Rigid,3646922,3677288,3677306,30366,18,30384,completed,36
55939,Rigid,3646922,3677308,3699486,30386,22178,52564,completed,36
55940,Rigid,3646922,3679177,3700719,32255,21542,53797,completed,36
55941,Rigid,3646923,3679238,3719891,32315,40653,72968,completed,36
55942,Rigid,3646923,3679420,3679740,32497,320,32817,completed,36
55943,Rigid,3646923,3679723,3682503,32800,2780,35580,completed,36
55944,Rigid,3646923,3679753,3680092,32830,339,33169,completed,36
55945,Rigid,3646923,3680117,3680158,33194,41,33235,completed,36
55946,Rigid,3646923,3680178,3680219,33255,41,33296,completed,36
55947,Rigid,3646924,3680238,3692697,33314,12459,45773,completed,36
55948,Rigid,3646924,3688005,3688035,41081,30,41111,completed,36
55949,Rigid,3646924,3688037,3688738,41113,701,41814,completed,36
55950,Rigid,3646924,3688740,3704814,41816,16074,57890,completed,36
55951,Rigid,3646924,3690161,3690180,43237,19,43256,completed,36
55952,Rigid,3646925,3690181,3690520,43256,339,43595,completed,36
55953,Rigid,3646925,3690521,3690527,43596,6,43602,completed,36
55954,Rigid,3646925,3690529,3776943,43604,86414,130018,completed,36
55955,Rigid,3646925,3690811,3708269,43886,17458,61344,completed,36
55956,Rigid,3646925,3692183,3692230,45258,47,45305,completed,36
55957,Rigid,3646925,3692231,3754497,45306,62266,107572,completed,36
55958,Rigid,3646925,3692648,3709257,45723,16609,62332,completed,36
55959,Rigid,3646925,3692698,3706164,45773,13466,59239,completed,36
55960,Rigid,3646926,3692831,3692846,45905,15,45920,completed,36
55961,Rigid,3646926,3692848,3702475,45922,9627,55549,completed,36
55962,Rigid,3646926,3695977,3713491,49051,17514,66565,completed,36
55963,Rigid,3646926,3697197,3735799,50271,38602,88873,completed,36
55964,Rigid,3646927,3697864,3708126,50937,10262,61199,completed,36
55965,Rigid,3646927,3697951,3784354,51024,86403,137427,completed,36
55966,Rigid,3646927,3698845,3703124,51918,4279,56197,completed,36
55967,Rigid,3646927,3699487,3740530,52560,41043,93603,completed,36
55968,Rigid,3646927,3700720,3787144,53793,86424,140217,completed,36
55969,Rigid,3646927,3702420,3702459,55493,39,55532,completed,36
55970,Rigid,3646927,3702460,3712684,55533,10224,65757,completed,36
55971,Rigid,3646928,3702478,3702646,55550,168,55718,completed,36
55972,Rigid,3646928,3702647,3708977,55719,6330,62049,completed,36
55973,Rigid,3646928,3703126,3734110,56198,30984,87182,completed,36
55974,Rigid,3646928,3704482,3761070,57554,56588,114142,completed,36
55975,Rigid,3646928,3704816,3724070,57888,19254,77142,completed,36
55976,Rigid,3646929,3706166,3706605,59237,439,59676,completed,36
55977,Rigid,3646929,3706560,3706573,59631,13,59644,completed,36
55978,Rigid,3646929,3706574,3723733,59645,17159,76804,completed,36
55979,Rigid,3646929,3706606,3748031,59677,41425,101102,completed,36
55980,Rigid,3646929,3707710,3749785,60781,42075,102856,completed,36
55981,Rigid,3646929,3708127,3794555,61198,86428,147626,completed,36
55982,Rigid,3646930,3708271,3708838,61341,567,61908,completed,36
55983,Rigid,3646930,3708839,3795245,61909,86406,148315,completed,36
55984,Rigid,3646930,3708978,3709009,62048,31,62079,completed,36
55985,Rigid,3646930,3709010,3709257,62080,247,62327,completed,36
55986,Rigid,3646931,3709258,3770814,62327,61556,123883,completed,36
55987,Rigid,3646931,3709259,3709316,62328,57,62385,completed,36
55988,Rigid,3646931,3709318,3709358,62387,40,62427,completed,36
55989,Rigid,3646931,3709359,3795786,62428,86427,148855,completed,36
55990,Rigid,3646931,3711310,3711480,64379,170,64549,completed,36
55991,Rigid,3646931,3711480,3711522,64549,42,64591,completed,36
55992,Rigid,3646931,3711523,3735175,64592,23652,88244,completed,36
55993,Rigid,3646932,3712093,3788467,65161,76374,141535,completed,36
55994,Rigid,3646932,3712685,3712866,65753,181,65934,completed,36
55995,Rigid,3646932,3712868,3713192,65936,324,66260,completed,36
55996,Rigid,3646932,3713194,3719745,66262,6551,72813,completed,36
55997,Rigid,3646932,3713520,3799937,66588,86417,153005,completed,36
55998,Rigid,3646932,3713492,3713519,66560,27,66587,completed,36
55999,Rigid,3646932,3716455,3716482,69523,27,69550,completed,36
56000,Rigid,3646933,3716485,3724178,69552,7693,77245,completed,36
56001,Rigid,3646933,3717691,3737715,70758,20024,90782,completed,36
56002,Rigid,3646933,3719150,3719183,72217,33,72250,completed,36
56003,Rigid,3646933,3719181,3757849,72248,38668,110916,completed,36
56004,Rigid,3646933,3720189,3748635,73256,28446,101702,completed,36
56005,Rigid,3646933,3720196,3720443,73263,247,73510,completed,36
56006,Rigid,3646934,3720196,3748385,73262,28189,101451,completed,36
56007,Rigid,3646934,3720444,3734821,73510,14377,87887,completed,36
56008,Rigid,3646934,3720954,3720976,74020,22,74042,completed,36
56009,Rigid,3646934,3720977,3724619,74043,3642,77685,completed,36
56010,Rigid,3646934,3721861,3724847,74927,2986,77913,completed,36
56011,Rigid,3646934,3723998,3724021,77064,23,77087,completed,36
56012,Rigid,3646934,3724090,3724120,77156,30,77186,completed,36
56013,Rigid,3646935,3724122,3724149,77187,27,77214,completed,36
56014,Rigid,3646935,3724151,3724164,77216,13,77229,completed,36
56015,Rigid,3646935,3724165,3742325,77230,18160,95390,completed,36
56016,Rigid,3646935,3724179,3792962,77244,68783,146027,completed,36
56017,Rigid,3646936,3724292,3724608,77356,316,77672,completed,36
56018,Rigid,3646936,3724609,3769583,77673,44974,122647,completed,36
56019,Rigid,3646936,3724620,3797072,77684,72452,150136,completed,36
56020,Rigid,3646936,3724849,3724864,77913,15,77928,completed,36
56021,Rigid,3646936,3724865,3724872,77929,7,77936,completed,36
56022,Rigid,3646936,3724873,3811294,77937,86421,164358,completed,36
56023,Rigid,3646937,3725233,3728596,78296,3363,81659,completed,36
56024,Rigid,3646937,3726785,3726804,79848,19,79867,completed,36
56025,Rigid,3646937,3726805,3726817,79868,12,79880,completed,36
56026,Rigid,3646938,3726819,3765903,79881,39084,118965,completed,36
56027,Rigid,3646938,3728598,3728670,81660,72,81732,completed,36
56028,Rigid,3646938,3728671,3815074,81733,86403,168136,completed,36
56029,Rigid,3646938,3733299,3745055,86361,11756,98117,completed,36
56030,Rigid,3646938,3733299,3737493,86361,4194,90555,completed,36
56031,Rigid,3646939,3733299,3757200,86360,23901,110261,completed,36
56032,Rigid,3646939,3733300,3746553,86361,13253,99614,completed,36
56033,Rigid,3646939,3733300,3819722,86361,86422,172783,completed,36
56034,Rigid,3646939,3733300,3819722,86361,86422,172783,completed,36
56035,Rigid,3646939,3733300,3755719,86361,22419,108780,completed,36
56036,Rigid,3646939,3733300,3742754,86361,9454,95815,completed,36
56037,Rigid,3646939,3733328,3746306,86389,12978,99367,completed,36
56038,Rigid,3646939,3733328,3789375,86389,56047,142436,completed,36
56039,Rigid,3646940,3733328,3819752,86388,86424,172812,completed,36
56040,Rigid,3646940,3733328,3733341,86388,13,86401,completed,36
56041,Rigid,3646940,3733342,3744481,86402,11139,97541,completed,36
56042,Rigid,3646940,3733355,3733839,86415,484,86899,completed,36
56043,Rigid,3646940,3733385,3738836,86445,5451,91896,completed,36
56044,Rigid,3646941,3733385,3774369,86444,40984,127428,completed,36
56045,Rigid,3646941,3733480,3806211,86539,72731,159270,completed,36
56046,Rigid,3646941,3733841,3774585,86900,40744,127644,completed,36
56047,Rigid,3646941,3734112,3780519,87171,46407,133578,completed,36
56048,Rigid,3646941,3734822,3734844,87881,22,87903,completed,36
56049,Rigid,3646941,3734845,3734900,87904,55,87959,completed,36
56050,Rigid,3646941,3734901,3734981,87960,80,88040,completed,36
56051,Rigid,3646941,3734982,3794646,88041,59664,147705,completed,36
56052,Rigid,3646942,3735177,3735226,88235,49,88284,completed,36
56053,Rigid,3646942,3735228,3778677,88286,43449,131735,completed,36
56054,Rigid,3646942,3736124,3736441,89182,317,89499,completed,36
56055,Rigid,3646942,3736245,3743764,89303,7519,96822,completed,36
56056,Rigid,3646942,3736291,3764702,89349,28411,117760,completed,36
56057,Rigid,3646943,3736396,3766891,89453,30495,119948,completed,36
56058,Rigid,3646943,3736444,3736655,89501,211,89712,completed,36
56059,Rigid,3646943,3736656,3823083,89713,86427,176140,completed,36
56060,Rigid,3646943,3736817,3823233,89874,86416,176290,completed,36
56061,Rigid,3646944,3737494,3765837,90550,28343,118893,completed,36
56062,Rigid,3646944,3737913,3737949,90969,36,91005,completed,36
56063,Rigid,3646944,3737951,3738310,91007,359,91366,completed,36
56064,Rigid,3646944,3738312,3761481,91368,23169,114537,completed,36
56065,Rigid,3646945,3740882,3827294,93937,86412,180349,completed,36
56066,Rigid,3646945,3740884,3741635,93939,751,94690,completed,36
56067,Rigid,3646945,3740933,3741052,93988,119,94107,completed,36
56068,Rigid,3646945,3741053,3741093,94108,40,94148,completed,36
56069,Rigid,3646945,3741094,3741116,94149,22,94171,completed,36
56070,Rigid,3646946,3741117,3741129,94171,12,94183,completed,36
56071,Rigid,3646946,3741130,3741136,94184,6,94190,completed,36
56072,Rigid,3646946,3741138,3743169,94192,2031,96223,completed,36
56073,Rigid,3646946,3741637,3741672,94691,35,94726,completed,36
56074,Rigid,3646946,3741673,3741697,94727,24,94751,completed,36
56075,Rigid,3646946,3741699,3741725,94753,26,94779,completed,36
56076,Rigid,3646946,3741726,3762792,94780,21066,115846,completed,36
56077,Rigid,3646946,3742113,3759466,95167,17353,112520,completed,36
56078,Rigid,3646947,3742326,3754340,95379,12014,107393,completed,36
56079,Rigid,3646947,3742754,3829163,95807,86409,182216,completed,36
56080,Rigid,3646947,3743170,3805045,96223,61875,158098,completed,36
56081,Rigid,3646947,3743766,3748643,96819,4877,101696,completed,36
56082,Rigid,3646947,3744481,3744516,97534,35,97569,completed,36
56083,Rigid,3646947,3744517,3830921,97570,86404,183974,completed,36
56084,Rigid,3646948,3745058,3831463,98110,86405,184515,completed,36
56085,Rigid,3646949,3746308,3819348,99359,73040,172399,completed,36
56086,Rigid,3646949,3746555,3753854,99606,7299,106905,completed,36
56087,Rigid,3646949,3747283,3768055,100334,20772,121106,completed,36
56088,Rigid,3646949,3748032,3832740,101083,84708,185791,completed,36
56089,Rigid,3646949,3748535,3819958,101586,71423,173009,completed,36
56090,Rigid,3646949,3748636,3760585,101687,11949,113636,completed,36
56091,Rigid,3646949,3748644,3835064,101695,86420,188115,completed,36
56092,Rigid,3646949,3749355,3835784,102406,86429,188835,completed,36
56093,Rigid,3646950,3751186,3764972,104236,13786,118022,completed,36
56094,Rigid,3646950,3751626,3751663,104676,37,104713,completed,36
56095,Rigid,3646950,3751664,3751705,104714,41,104755,completed,36
56096,Rigid,3646950,3751706,3829176,104756,77470,182226,completed,36
56097,Rigid,3646950,3752122,3752533,105172,411,105583,completed,36
56098,Rigid,3646950,3752578,3752692,105628,114,105742,completed,36
56099,Rigid,3646951,3752694,3752858,105743,164,105907,completed,36
56100,Rigid,3646951,3752859,3752888,105908,29,105937,completed,36
56101,Rigid,3646951,3752889,3753520,105938,631,106569,completed,36
56102,Rigid,3646951,3753066,3779472,106115,26406,132521,completed,36
56103,Rigid,3646951,3753610,3772219,106659,18609,125268,completed,36
56104,Rigid,3646951,3754222,3822247,107271,68025,175296,completed,36
56105,Rigid,3646951,3754346,3840764,107395,86418,193813,completed,36
56106,Rigid,3646952,3754499,3810386,107547,55887,163434,completed,36
56107,Rigid,3646952,3754560,3802720,107608,48160,155768,completed,36
56108,Rigid,3646952,3755747,3766388,108795,10641,119436,completed,36
56109,Rigid,3646952,3757201,3807359,110249,50158,160407,completed,36
56110,Rigid,3646952,3757851,3758233,110899,382,111281,completed,36
56111,Rigid,3646952,3758239,3758260,111287,21,111308,completed,36
56112,Rigid,3646952,3758270,3844695,111318,86425,197743,completed,36
56113,Rigid,3646952,3759182,3761585,112230,2403,114633,completed,36
56114,Rigid,3646952,3759468,3816568,112516,57100,169616,completed,36
56115,Rigid,3646952,3762565,3837737,115613,75172,190785,completed,36
56116,Rigid,3646952,3762565,3782439,115613,19874,135487,completed,36
56117,Rigid,3646953,3762815,3762890,115862,75,115937,completed,36
56118,Rigid,3646953,3762908,3819522,115955,56614,172569,completed,36
56119,Rigid,3646953,3763995,3764014,117042,19,117061,completed,36
56120,Rigid,3646953,3763995,3850395,117042,86400,203442,completed,36
56121,Rigid,3646953,3764016,3764164,117063,148,117211,completed,36
56122,Rigid,3646953,3764165,3764190,117212,25,117237,completed,36
56123,Rigid,3646953,3764191,3767285,117238,3094,120332,completed,36
56124,Rigid,3647155,3647155,3735367,0,88212,88212,completed,144
56125,Rigid,3647158,3651573,3803392,4415,151819,156234,completed,288
56126,Rigid,3647397,3647397,3649018,0,1621,1621,completed,144
56127,Rigid,3647397,3648043,3649697,646,1654,2300,completed,144
56128,Rigid,3647397,3648324,3649975,927,1651,2578,completed,144
56129,Rigid,3647397,3648423,3650092,1026,1669,2695,completed,144
56130,Rigid,3647397,3648423,3650095,1026,1672,2698,completed,144
56131,Rigid,3647397,3648423,3650088,1026,1665,2691,completed,144
56132,Rigid,3647397,3648423,3650082,1026,1659,2685,completed,144
56133,Rigid,3647397,3648631,3650280,1234,1649,2883,completed,144
56134,Rigid,3647397,3648668,3650309,1271,1641,2912,completed,144
56135,Rigid,3647397,3648751,3650373,1354,1622,2976,completed,144
56136,Rigid,3647398,3648839,3650460,1441,1621,3062,completed,144
56137,Rigid,3647398,3648840,3650450,1442,1610,3052,completed,144
56138,Rigid,3647398,3648875,3650505,1477,1630,3107,completed,144
56139,Rigid,3647398,3648875,3650489,1477,1614,3091,completed,144
56140,Rigid,3647398,3649020,3650619,1622,1599,3221,completed,144
56141,Rigid,3647731,3649241,3656538,1510,7297,8807,completed,36
56142,Rigid,3647791,3649516,3656561,1725,7045,8770,completed,36
56143,Rigid,3647851,3649607,3656668,1756,7061,8817,completed,36
56144,Rigid,3647911,3649668,3656224,1757,6556,8313,completed,36
56145,Rigid,3648102,3648873,3649506,771,633,1404,completed,36
56146,Rigid,3648214,3649088,3650751,874,1663,2537,completed,36
56147,Rigid,3648691,3649532,3651233,841,1701,2542,completed,144
56148,Rigid,3648876,3649698,3737908,822,88210,89032,completed,144
56149,Rigid,3650160,3650506,3658091,346,7585,7931,completed,288
56150,Rigid,3650306,3650336,3651409,30,1073,1103,completed,36
56151,Rigid,3650397,3650457,3651564,60,1107,1167,completed,36
56152,Rigid,3650431,3650457,3651563,26,1106,1132,completed,36
56153,Rigid,3651247,3651248,3693382,1,42134,42135,completed,36
56154,Rigid,3651588,3654365,3680791,2777,26426,29203,completed,36
56155,Rigid,3651679,3654365,3679162,2686,24797,27483,completed,36
56156,Rigid,3651762,3654516,3729542,2754,75026,77780,completed,36
56157,Rigid,3651796,3652121,3652907,325,786,1111,completed,36
56158,Rigid,3651836,3654910,3707692,3074,52782,55856,completed,36
56159,Rigid,3652044,3656243,3679223,4199,22980,27179,completed,36
56160,Rigid,3652077,3656576,3699189,4499,42613,47112,completed,36
56161,Rigid,3652089,3654805,3670420,2716,15615,18331,completed,144
56162,Rigid,3652099,3658095,3673514,5996,15419,21415,completed,144
56163,Rigid,3652183,3656697,3701323,4514,44626,49140,completed,36
56164,Rigid,3652255,3656727,3705600,4472,48873,53345,completed,36
56165,Rigid,3652346,3659136,3687022,6790,27886,34676,completed,36
56166,Rigid,3652387,3659136,3704789,6749,45653,52402,completed,36
56167,Rigid,3652465,3659136,3724404,6671,65268,71939,completed,36
56168,Rigid,3652513,3659136,3692181,6623,33045,39668,completed,36
56169,Rigid,3652574,3668774,3715165,16200,46391,62591,completed,36
56170,Rigid,3652619,3670422,3712696,17803,42274,60077,completed,36
56171,Rigid,3652759,3652760,3652823,1,63,64,completed,1
56172,Rigid,3652793,3652793,3712689,0,59896,59896,completed,1
56173,Rigid,3652798,3652799,3702057,1,49258,49259,completed,1
56174,Rigid,3652811,3652812,3709344,1,56532,56533,completed,1
56175,Rigid,3652812,3652812,3711364,0,58552,58552,completed,1
56176,Rigid,3652813,3652816,3714561,3,61745,61748,completed,1
56177,Rigid,3652814,3652816,3713199,2,60383,60385,completed,1
56178,Rigid,3652814,3652816,3710258,2,57442,57444,completed,1
56179,Rigid,3652815,3652816,3719528,1,66712,66713,completed,1
56180,Rigid,3652816,3652816,3703148,0,50332,50332,completed,1
56181,Rigid,3652816,3652816,3724244,0,71428,71428,completed,1
56182,Rigid,3652817,3652819,3692299,2,39480,39482,completed,1
56183,Rigid,3652817,3652819,3723064,2,70245,70247,completed,1
56184,Rigid,3652818,3652819,3708700,1,55881,55882,completed,1
56185,Rigid,3652819,3652819,3703425,0,50606,50606,completed,1
56186,Rigid,3652820,3652824,3730894,4,78070,78074,completed,1
56187,Rigid,3652820,3652824,3713220,4,60396,60400,completed,1
56188,Rigid,3652821,3652824,3695363,3,42539,42542,completed,1
56189,Rigid,3652821,3652824,3696932,3,44108,44111,completed,1
56190,Rigid,3652822,3652824,3703416,2,50592,50594,completed,1
56191,Rigid,3652823,3652824,3731851,1,79027,79028,completed,1
56192,Rigid,3652823,3652824,3692550,1,39726,39727,completed,1
56193,Rigid,3652824,3652824,3700935,0,48111,48111,completed,1
56194,Rigid,3652837,3717632,3890449,64795,172817,237612,completed,36
56195,Rigid,3652837,3717903,3890719,65066,172816,237882,completed,36
56196,Rigid,3652837,3720307,3893119,67470,172812,240282,completed,36
56197,Rigid,3652858,3720307,3893119,67449,172812,240261,completed,36
56198,Rigid,3652858,3720917,3893732,68059,172815,240874,completed,36
56199,Rigid,3652858,3720931,3893732,68073,172801,240874,completed,36
56200,Rigid,3652882,3720931,3893732,68049,172801,240850,completed,36
56201,Rigid,3652882,3720980,3893794,68098,172814,240912,completed,36
56202,Rigid,3652882,3720980,3893794,68098,172814,240912,completed,36
56203,Rigid,3652907,3720980,3893794,68073,172814,240887,completed,36
56204,Rigid,3652907,3720980,3893794,68073,172814,240887,completed,36
56205,Rigid,3652907,3822817,3995622,169910,172805,342715,completed,36
56206,Rigid,3652933,3822817,3995622,169884,172805,342689,completed,36
56207,Rigid,3652933,3822937,3995742,170004,172805,342809,completed,36
56208,Rigid,3652933,3822937,3995742,170004,172805,342809,completed,36
56209,Rigid,3652956,3822937,3995742,169981,172805,342786,completed,36
56210,Rigid,3652956,3833168,4005972,180212,172804,353016,completed,36
56211,Rigid,3652956,3834220,4007022,181264,172802,354066,completed,36
56212,Rigid,3652997,3834226,4007052,181229,172826,354055,completed,36
56213,Rigid,3652997,3834241,4007052,181244,172811,354055,completed,36
56214,Rigid,3652997,3834241,4007052,181244,172811,354055,completed,36
56215,Rigid,3653027,3834241,4007052,181214,172811,354025,completed,36
56216,Rigid,3653027,3834241,4007052,181214,172811,354025,completed,36
56217,Rigid,3653027,3834241,4007052,181214,172811,354025,completed,36
56218,Rigid,3653051,3654336,3654795,1285,459,1744,completed,144
56219,Rigid,3653092,3834241,4007052,181149,172811,353960,completed,36
56220,Rigid,3653092,3834241,4007052,181149,172811,353960,completed,36
56221,Rigid,3653092,3834241,4007052,181149,172811,353960,completed,36
56222,Rigid,3653246,3654336,3654499,1090,163,1253,completed,36
56223,Rigid,3653296,3653296,3654098,0,802,802,completed,36
56224,Rigid,3653833,3653850,3653851,17,1,18,completed,4
56225,Rigid,3653900,3653910,3653911,10,1,11,completed,4
56226,Rigid,3654289,3654336,3654901,47,565,612,completed,36
56227,Rigid,3654337,3673611,3711307,19274,37696,56970,completed,288
56228,Rigid,3654993,3658095,3659135,3102,1040,4142,completed,144
56229,Rigid,3655011,3655031,3655034,20,3,23,completed,4
56230,Rigid,3655069,3655092,3655117,23,25,48,completed,4
56231,Rigid,3656260,3656546,3656707,286,161,447,completed,36
56232,Rigid,3657065,3657091,3662822,26,5731,5757,completed,2
56233,Rigid,3659599,3660440,3664244,841,3804,4645,completed,36
56234,Rigid,3659659,3660457,3660475,798,18,816,completed,36
56235,Rigid,3659720,3660476,3673095,756,12619,13375,completed,36
56236,Rigid,3659780,3660593,3667787,813,7194,8007,completed,36
56237,Rigid,3670345,3670388,3670792,43,404,447,completed,36
56238,Rigid,3671197,3671198,3671807,1,609,610,completed,36
56239,Rigid,3671862,3671863,3671900,1,37,38,completed,36
56240,Rigid,3672656,3672656,3672736,0,80,80,completed,1
56241,Rigid,3672789,3672789,3672867,0,78,78,completed,1
56242,Rigid,3672828,3672828,3672851,0,23,23,completed,1
56243,Rigid,3672867,3672867,3672949,0,82,82,completed,1
56244,Rigid,3672982,3672982,3673600,0,618,618,completed,36
56245,Rigid,3674198,3677126,3692830,2928,15704,18632,completed,144
56246,Rigid,3675566,3675721,3677125,155,1404,1559,completed,36
56247,Rigid,3677601,3678475,3678590,874,115,989,completed,36
56248,Rigid,3677635,3687023,3702537,9388,15514,24902,completed,144
56249,Rigid,3678210,3678592,3680015,382,1423,1805,completed,36
56250,Rigid,3678726,3678917,3698717,191,19800,19991,completed,36
56251,Rigid,3679580,3679580,3751599,0,72019,72019,completed,1
56252,Rigid,3680624,3680625,3695502,1,14877,14878,completed,36
56253,Rigid,3683506,3683535,3684534,29,999,1028,completed,1
56254,Rigid,3711316,3711316,3803176,0,91860,91860,completed,288
56255,Rigid,3711414,3711415,3803748,1,92333,92334,completed,288
56256,Rigid,3711497,3711497,3802857,0,91360,91360,completed,288
56257,Rigid,3711921,3711922,3711939,1,17,18,completed,36
56258,Rigid,3712070,3712071,3712151,1,80,81,completed,36
56259,Rigid,3712285,3712285,3713300,0,1015,1015,completed,36
56260,Rigid,3712729,3712730,3803839,1,91109,91110,completed,288
56261,Rigid,3712738,3712738,3915098,0,202360,202360,completed,36
56262,Rigid,3712783,3712784,3849531,1,136747,136748,completed,36
56263,Rigid,3712831,3712831,3803895,0,91064,91064,completed,36
56264,Rigid,3712870,3712870,3901207,0,188337,188337,completed,36
56265,Rigid,3713536,3713537,3714755,1,1218,1219,completed,36
56266,Rigid,3713594,3713594,3902152,0,188558,188558,completed,36
56267,Rigid,3713644,3713645,3901338,1,187693,187694,completed,36
56268,Rigid,3713689,3713689,3882142,0,168453,168453,completed,36
56269,Rigid,3713721,3713721,3901209,0,187488,187488,completed,36
56270,Rigid,3713758,3713758,3892975,0,179217,179217,completed,36
56271,Rigid,3713806,3713807,3903872,1,190065,190066,completed,36
56272,Rigid,3713841,3713841,3830548,0,116707,116707,completed,36
56273,Rigid,3713884,3713884,3871507,0,157623,157623,completed,36
56274,Rigid,3714070,3714071,3886484,1,172413,172414,completed,288
56275,Rigid,3714134,3714135,3738370,1,24235,24236,completed,288
56276,Rigid,3714179,3765257,3938069,51078,172812,223890,completed,288
56277,Rigid,3714224,3822955,3995772,108731,172817,281548,completed,288
56278,Rigid,3714384,3714384,3715232,0,848,848,completed,144
56279,Rigid,3714504,3714757,3715800,253,1043,1296,completed,144
56280,Rigid,3714504,3715233,3716283,729,1050,1779,completed,144
56281,Rigid,3714504,3715362,3716389,858,1027,1885,completed,144
56282,Rigid,3714505,3715393,3716437,888,1044,1932,completed,144
56283,Rigid,3714505,3715422,3716477,917,1055,1972,completed,144
56284,Rigid,3714505,3715802,3716838,1297,1036,2333,completed,144
56285,Rigid,3714505,3716284,3717322,1779,1038,2817,completed,144
56286,Rigid,3714505,3716391,3717447,1886,1056,2942,completed,144
56287,Rigid,3714505,3716439,3717471,1934,1032,2966,completed,144
56288,Rigid,3714505,3716482,3717535,1977,1053,3030,completed,144
56289,Rigid,3714505,3716840,3717896,2335,1056,3391,completed,144
56290,Rigid,3714505,3717323,3718385,2818,1062,3880,completed,144
56291,Rigid,3714505,3717447,3718498,2942,1051,3993,completed,144
56292,Rigid,3714505,3717447,3718511,2942,1064,4006,completed,144
56293,Rigid,3714505,3717447,3718493,2942,1046,3988,completed,144
56294,Rigid,3714989,3716455,3717614,1466,1159,2625,completed,36
56295,Rigid,3715609,3717542,3900046,1933,182504,184437,completed,36
56296,Rigid,3715618,3717800,3725375,2182,7575,9757,completed,288
56297,Rigid,3715629,3720305,3727886,4676,7581,12257,completed,288
56298,Rigid,3715814,3834339,4007142,118525,172803,291328,completed,36
56299,Rigid,3715814,3834339,4007142,118525,172803,291328,completed,36
56300,Rigid,3715814,3834339,4007142,118525,172803,291328,completed,36
56301,Rigid,3716719,3717448,3717798,729,350,1079,completed,144
56302,Rigid,3716832,3717473,3719455,641,1982,2623,completed,36
56303,Rigid,3717234,3834339,4007142,117105,172803,289908,completed,36
56304,Rigid,3717234,3834441,4007262,117207,172821,290028,completed,36
56305,Rigid,3717234,3834441,4007262,117207,172821,290028,completed,36
56306,Rigid,3717258,3834441,4007262,117183,172821,290004,completed,36
56307,Rigid,3717258,3834441,4007262,117183,172821,290004,completed,36
56308,Rigid,3717258,3834445,4007262,117187,172817,290004,completed,36
56309,Rigid,3717556,3717557,3775735,1,58178,58179,completed,8
56310,Rigid,3717590,3717591,3779807,1,62216,62217,completed,8
56311,Rigid,3717661,3717662,3817173,1,99511,99512,completed,8
56312,Rigid,3717773,3717903,3719142,130,1239,1369,completed,36
56313,Rigid,3718135,3718135,3718988,0,853,853,completed,144
56314,Rigid,3718135,3718387,3719245,252,858,1110,completed,144
56315,Rigid,3718135,3718494,3719338,359,844,1203,completed,144
56316,Rigid,3718135,3718499,3719347,364,848,1212,completed,144
56317,Rigid,3718135,3718512,3719349,377,837,1214,completed,144
56318,Rigid,3718135,3718989,3719839,854,850,1704,completed,144
56319,Rigid,3718135,3719246,3720093,1111,847,1958,completed,144
56320,Rigid,3718135,3719340,3720187,1205,847,2052,completed,144
56321,Rigid,3718135,3719348,3720197,1213,849,2062,completed,144
56322,Rigid,3718135,3719351,3720195,1216,844,2060,completed,144
56323,Rigid,3718135,3719456,3720303,1321,847,2168,completed,144
56324,Rigid,3718135,3719840,3720683,1705,843,2548,completed,144
56325,Rigid,3718135,3720095,3720916,1960,821,2781,completed,144
56326,Rigid,3718135,3720147,3720979,2012,832,2844,completed,144
56327,Rigid,3718135,3720189,3721016,2054,827,2881,completed,144
56328,Rigid,3718267,3720684,3736108,2417,15424,17841,completed,144
56329,Rigid,3719549,3719555,3719558,6,3,9,completed,1
56330,Rigid,3719551,3719869,3722560,318,2691,3009,completed,36
56331,Rigid,3719644,3719649,3719652,5,3,8,completed,1
56332,Rigid,3719771,3719775,3719777,4,2,6,completed,1
56333,Rigid,3719979,3719994,3719997,15,3,18,completed,1
56334,Rigid,3720026,3720056,3720108,30,52,82,completed,1
56335,Rigid,3720277,3720278,3720279,1,1,2,completed,1
56336,Rigid,3720369,3720917,3722695,548,1778,2326,completed,36
56337,Rigid,3720861,3720862,3720864,1,2,3,completed,1
56338,Rigid,3721378,3721378,3742152,0,20774,20774,completed,1
56339,Rigid,3721503,3721506,3743162,3,21656,21659,completed,1
56340,Rigid,3721533,3721533,3742976,0,21443,21443,completed,1
56341,Rigid,3721545,3721545,3742919,0,21374,21374,completed,1
56342,Rigid,3721550,3721551,3742790,1,21239,21240,completed,1
56343,Rigid,3721555,3721556,3742871,1,21315,21316,completed,1
56344,Rigid,3721564,3721566,3743198,2,21632,21634,completed,1
56345,Rigid,3721569,3721570,3743198,1,21628,21629,completed,1
56346,Rigid,3721572,3721574,3743198,2,21624,21626,completed,1
56347,Rigid,3721582,3721583,3743198,1,21615,21616,completed,1
56348,Rigid,3721590,3721591,3743266,1,21675,21676,completed,1
56349,Rigid,3721593,3721595,3743010,2,21415,21417,completed,1
56350,Rigid,3722175,3725376,3733005,3201,7629,10830,completed,288
56351,Rigid,3722239,3722240,3722252,1,12,13,completed,36
56352,Rigid,3722740,3722740,3722953,0,213,213,completed,36
56353,Rigid,3722741,3722744,3722958,3,214,217,completed,36
56354,Rigid,3722742,3722744,3722957,2,213,215,completed,36
56355,Rigid,3722742,3722744,3722957,2,213,215,completed,36
56356,Rigid,3722743,3722744,3722958,1,214,215,completed,36
56357,Rigid,3722743,3722744,3722957,1,213,214,completed,36
56358,Rigid,3722743,3722954,3723166,211,212,423,completed,36
56359,Rigid,3722743,3722958,3723171,215,213,428,completed,36
56360,Rigid,3722743,3722958,3723172,215,214,429,completed,36
56361,Rigid,3722744,3722959,3723172,215,213,428,completed,36
56362,Rigid,3722744,3722959,3723172,215,213,428,completed,36
56363,Rigid,3722744,3722959,3723174,215,215,430,completed,36
56364,Rigid,3722744,3723168,3723380,424,212,636,completed,36
56365,Rigid,3722744,3723172,3723387,428,215,643,completed,36
56366,Rigid,3722745,3723173,3723386,428,213,641,completed,36
56367,Rigid,3722745,3723173,3723386,428,213,641,completed,36
56368,Rigid,3722781,3723173,3723477,392,304,696,completed,36
56369,Rigid,3722781,3723175,3723477,394,302,696,completed,36
56370,Rigid,3722782,3723382,3723684,600,302,902,completed,36
56371,Rigid,3722783,3723387,3723691,604,304,908,completed,36
56372,Rigid,3722783,3723387,3723692,604,305,909,completed,36
56373,Rigid,3722783,3723388,3723692,605,304,909,completed,36
56374,Rigid,3722784,3723478,3723781,694,303,997,completed,36
56375,Rigid,3722784,3723479,3723783,695,304,999,completed,36
56376,Rigid,3722784,3723685,3723987,901,302,1203,completed,36
56377,Rigid,3722784,3723693,3723995,909,302,1211,completed,36
56378,Rigid,3722784,3723693,3723996,909,303,1212,completed,36
56379,Rigid,3722785,3723694,3723996,909,302,1211,completed,36
56380,Rigid,3722785,3723735,3724038,950,303,1253,completed,36
56381,Rigid,3722785,3723782,3724085,997,303,1300,completed,36
56382,Rigid,3722786,3723784,3724088,998,304,1302,completed,36
56383,Rigid,3722786,3723988,3724291,1202,303,1505,completed,36
56384,Rigid,3723183,3723996,3724389,813,393,1206,completed,36
56385,Rigid,3723511,3724396,3766917,885,42521,43406,completed,36
56386,Rigid,3723691,3724427,3889963,736,165536,166272,completed,36
56387,Rigid,3723837,3723997,3724762,160,765,925,completed,36
56388,Rigid,3723999,3724086,3724934,87,848,935,completed,144
56389,Rigid,3724241,3724242,3734598,1,10356,10357,completed,1
56390,Rigid,3724318,3724319,3734640,1,10321,10322,completed,1
56391,Rigid,3724332,3724333,3735321,1,10988,10989,completed,1
56392,Rigid,3724337,3724338,3735167,1,10829,10830,completed,1
56393,Rigid,3724344,3724344,3735135,0,10791,10791,completed,1
56394,Rigid,3724349,3724349,3733538,0,9189,9189,completed,1
56395,Rigid,3724357,3724358,3733669,1,9311,9312,completed,1
56396,Rigid,3724363,3724363,3733231,0,8868,8868,completed,1
56397,Rigid,3725075,3725100,3725658,25,558,583,completed,1
56398,Rigid,3725119,3725119,3725128,0,9,9,completed,1
56399,Rigid,3725119,3725146,3725151,27,5,32,completed,1
56400,Rigid,3725119,3768222,3768228,43103,6,43109,completed,1
56401,Rigid,3725208,3725208,3725212,0,4,4,completed,1
56402,Rigid,3725208,3725270,3725275,62,5,67,completed,1
56403,Rigid,3725208,3767343,3767354,42135,11,42146,completed,1
56404,Rigid,3725244,3725245,3726133,1,888,889,completed,36
56405,Rigid,3725880,3725881,3726661,1,780,781,completed,36
56406,Rigid,3726374,3726375,3726436,1,61,62,completed,36
56407,Rigid,3726374,3726375,3726433,1,58,59,completed,36
56408,Rigid,3726375,3726377,3727187,2,810,812,completed,36
56409,Rigid,3726847,3727956,3735534,1109,7578,8687,completed,288
56410,Rigid,3727055,3727056,3727955,1,899,900,completed,36
56411,Rigid,3727079,3727188,3728026,109,838,947,completed,144
56412,Rigid,3727791,3727890,3727950,99,60,159,completed,36
56413,Rigid,3727791,3727890,3727949,99,59,158,completed,36
56414,Rigid,3727793,3727890,3728708,97,818,915,completed,36
56415,Rigid,3727927,3733006,3740627,5079,7621,12700,completed,288
56416,Rigid,3727970,3728027,3729348,57,1321,1378,completed,36
56417,Rigid,3728058,3728058,3728068,0,10,10,completed,36
56418,Rigid,3728244,3733378,3902293,5134,168915,174049,completed,36
56419,Rigid,3729686,3729686,3729703,0,17,17,completed,1
56420,Rigid,3730260,3733378,3818237,3118,84859,87977,completed,36
56421,Rigid,3730377,3730377,3732365,0,1988,1988,completed,36
56422,Rigid,3730503,3730503,3730598,0,95,95,completed,144
56423,Rigid,3730514,3730600,3730707,86,107,193,completed,144
56424,Rigid,3730746,3730746,3732506,0,1760,1760,completed,144
56425,Rigid,3730782,3730806,3730809,24,3,27,completed,1
56426,Rigid,3730809,3730837,3730854,28,17,45,completed,3
56427,Rigid,3731313,3731332,3731336,19,4,23,completed,1
56428,Rigid,3731336,3731363,3731373,27,10,37,completed,3
56429,Rigid,3731544,3731550,3731553,6,3,9,completed,1
56430,Rigid,3731552,3731581,3731590,29,9,38,completed,3
56431,Rigid,3731649,3731674,3731676,25,2,27,completed,1
56432,Rigid,3731676,3731704,3731714,28,10,38,completed,1
56433,Rigid,3731896,3731921,3731924,25,3,28,completed,1
56434,Rigid,3731924,3731952,3733529,28,1577,1605,completed,1
56435,Rigid,3732229,3733410,3753180,1181,19770,20951,completed,72
56436,Rigid,3732278,3734538,3788865,2260,54327,56587,completed,72
56437,Rigid,3732532,3753209,3759653,20677,6444,27121,completed,72
56438,Rigid,3732706,3759686,3762557,26980,2871,29851,completed,72
56439,Rigid,3733269,3733269,3733319,0,50,50,completed,36
56440,Rigid,3733381,3733382,3733384,1,2,3,completed,1
56441,Rigid,3733428,3733429,3733459,1,30,31,completed,1
56442,Rigid,3733431,3733433,3733529,2,96,98,completed,1
56443,Rigid,3733431,3733433,3733529,2,96,98,completed,1
56444,Rigid,3733431,3733433,3733529,2,96,98,completed,1
56445,Rigid,3733431,3733433,3733529,2,96,98,completed,1
56446,Rigid,3733431,3733433,3733529,2,96,98,completed,1
56447,Rigid,3733431,3733433,3733529,2,96,98,completed,1
56448,Rigid,3733431,3733433,3733529,2,96,98,completed,1
56449,Rigid,3733431,3733433,3733529,2,96,98,completed,1
56450,Rigid,3733431,3733433,3733529,2,96,98,completed,1
56451,Rigid,3733431,3733433,3733529,2,96,98,completed,1
56452,Rigid,3733431,3733433,3733529,2,96,98,completed,1
56453,Rigid,3733431,3733433,3733529,2,96,98,completed,1
56454,Rigid,3733431,3733433,3733529,2,96,98,completed,1
56455,Rigid,3733431,3733433,3733529,2,96,98,completed,1
56456,Rigid,3733431,3733433,3733529,2,96,98,completed,1
56457,Rigid,3733431,3733433,3733529,2,96,98,completed,1
56458,Rigid,3733431,3733433,3733529,2,96,98,completed,1
56459,Rigid,3733431,3733433,3733529,2,96,98,completed,1
56460,Rigid,3733431,3733433,3733529,2,96,98,completed,1
56461,Rigid,3733431,3733433,3733529,2,96,98,completed,1
56462,Rigid,3733431,3733433,3733529,2,96,98,completed,1
56463,Rigid,3733431,3733433,3733529,2,96,98,completed,1
56464,Rigid,3733431,3733433,3733529,2,96,98,completed,1
56465,Rigid,3733431,3733433,3733529,2,96,98,completed,1
56466,Rigid,3733431,3733433,3733529,2,96,98,completed,1
56467,Rigid,3733431,3733433,3733529,2,96,98,completed,1
56468,Rigid,3733431,3733433,3733529,2,96,98,completed,1
56469,Rigid,3733431,3733433,3733529,2,96,98,completed,1
56470,Rigid,3733431,3733433,3733529,2,96,98,completed,1
56471,Rigid,3733431,3733433,3733529,2,96,98,completed,1
56472,Rigid,3733431,3733433,3733529,2,96,98,completed,1
56473,Rigid,3733431,3733433,3733529,2,96,98,completed,1
56474,Rigid,3733431,3733433,3733529,2,96,98,completed,1
56475,Rigid,3733431,3733433,3733529,2,96,98,completed,1
56476,Rigid,3733431,3733433,3733529,2,96,98,completed,1
56477,Rigid,3733431,3733433,3733529,2,96,98,completed,1
56478,Rigid,3733431,3733433,3733529,2,96,98,completed,1
56479,Rigid,3733431,3733433,3733529,2,96,98,completed,1
56480,Rigid,3733431,3733433,3733529,2,96,98,completed,1
56481,Rigid,3733431,3733433,3733529,2,96,98,completed,1
56482,Rigid,3733431,3733433,3733529,2,96,98,completed,1
56483,Rigid,3733431,3733433,3733529,2,96,98,completed,1
56484,Rigid,3733431,3733433,3733529,2,96,98,completed,1
56485,Rigid,3733431,3733433,3733529,2,96,98,completed,1
56486,Rigid,3733431,3733433,3733529,2,96,98,completed,1
56487,Rigid,3733431,3733433,3733529,2,96,98,completed,1
56488,Rigid,3733431,3733433,3733529,2,96,98,completed,1
56489,Rigid,3733431,3733433,3733529,2,96,98,completed,1
56490,Rigid,3733431,3733433,3733529,2,96,98,completed,1
56491,Rigid,3733432,3733433,3733529,1,96,97,completed,1
56492,Rigid,3733432,3733433,3733529,1,96,97,completed,1
56493,Rigid,3733432,3733433,3733529,1,96,97,completed,1
56494,Rigid,3733432,3733433,3733529,1,96,97,completed,1
56495,Rigid,3733432,3733433,3733529,1,96,97,completed,1
56496,Rigid,3733432,3733433,3733529,1,96,97,completed,1
56497,Rigid,3733432,3733433,3733529,1,96,97,completed,1
56498,Rigid,3733432,3733433,3733529,1,96,97,completed,1
56499,Rigid,3733432,3733433,3733529,1,96,97,completed,1
56500,Rigid,3733432,3733433,3733529,1,96,97,completed,1
56501,Rigid,3733432,3733433,3733529,1,96,97,completed,1
56502,Rigid,3733432,3733433,3733529,1,96,97,completed,1
56503,Rigid,3733432,3733433,3733529,1,96,97,completed,1
56504,Rigid,3733432,3733433,3733529,1,96,97,completed,1
56505,Rigid,3733432,3733433,3733529,1,96,97,completed,1
56506,Rigid,3733432,3733433,3733529,1,96,97,completed,1
56507,Rigid,3733432,3733433,3733529,1,96,97,completed,1
56508,Rigid,3733432,3733433,3733529,1,96,97,completed,1
56509,Rigid,3733432,3733433,3733529,1,96,97,completed,1
56510,Rigid,3733432,3733433,3733529,1,96,97,completed,1
56511,Rigid,3733432,3733433,3733529,1,96,97,completed,1
56512,Rigid,3733432,3733433,3733529,1,96,97,completed,1
56513,Rigid,3733432,3733433,3733529,1,96,97,completed,1
56514,Rigid,3733432,3733433,3733529,1,96,97,completed,1
56515,Rigid,3733432,3733433,3733529,1,96,97,completed,1
56516,Rigid,3733432,3733433,3733529,1,96,97,completed,1
56517,Rigid,3733432,3733433,3733529,1,96,97,completed,1
56518,Rigid,3733432,3733433,3733529,1,96,97,completed,1
56519,Rigid,3733432,3733433,3733529,1,96,97,completed,1
56520,Rigid,3733432,3733433,3733529,1,96,97,completed,1
56521,Rigid,3733432,3733433,3733529,1,96,97,completed,1
56522,Rigid,3733432,3733433,3733529,1,96,97,completed,1
56523,Rigid,3733432,3733433,3733529,1,96,97,completed,1
56524,Rigid,3733432,3733433,3733529,1,96,97,completed,1
56525,Rigid,3733432,3733433,3733529,1,96,97,completed,1
56526,Rigid,3733432,3733433,3733529,1,96,97,completed,1
56527,Rigid,3733432,3733433,3733529,1,96,97,completed,1
56528,Rigid,3733432,3733433,3733529,1,96,97,completed,1
56529,Rigid,3733432,3733433,3733529,1,96,97,completed,1
56530,Rigid,3733432,3733433,3733529,1,96,97,completed,1
56531,Rigid,3733432,3733433,3733529,1,96,97,completed,1
56532,Rigid,3733432,3733433,3733529,1,96,97,completed,1
56533,Rigid,3733432,3733433,3733529,1,96,97,completed,1
56534,Rigid,3733432,3733433,3733529,1,96,97,completed,1
56535,Rigid,3733432,3733433,3733529,1,96,97,completed,1
56536,Rigid,3733432,3733433,3733529,1,96,97,completed,1
56537,Rigid,3733432,3733433,3733529,1,96,97,completed,1
56538,Rigid,3733432,3733433,3733529,1,96,97,completed,1
56539,Rigid,3733432,3733433,3733529,1,96,97,completed,1
56540,Rigid,3733432,3733433,3733529,1,96,97,completed,1
56541,Rigid,3733433,3733433,3733529,0,96,96,completed,1
56542,Rigid,3733433,3733437,3733529,4,92,96,completed,1
56543,Rigid,3733433,3733437,3733529,4,92,96,completed,1
56544,Rigid,3733434,3733437,3733529,3,92,95,completed,1
56545,Rigid,3733434,3733437,3733529,3,92,95,completed,1
56546,Rigid,3733434,3733437,3733529,3,92,95,completed,1
56547,Rigid,3733434,3733437,3733529,3,92,95,completed,1
56548,Rigid,3733434,3733437,3733529,3,92,95,completed,1
56549,Rigid,3733434,3733437,3733529,3,92,95,completed,1
56550,Rigid,3733434,3733437,3733529,3,92,95,completed,1
56551,Rigid,3733434,3733437,3733529,3,92,95,completed,1
56552,Rigid,3733434,3733437,3733529,3,92,95,completed,1
56553,Rigid,3733435,3733437,3733529,2,92,94,completed,1
56554,Rigid,3733435,3733437,3733529,2,92,94,completed,1
56555,Rigid,3733435,3733437,3733529,2,92,94,completed,1
56556,Rigid,3733435,3733437,3733529,2,92,94,completed,1
56557,Rigid,3733435,3733437,3733529,2,92,94,completed,1
56558,Rigid,3733435,3733437,3733529,2,92,94,completed,1
56559,Rigid,3733435,3733437,3733529,2,92,94,completed,1
56560,Rigid,3733435,3733437,3733529,2,92,94,completed,1
56561,Rigid,3733435,3733437,3733529,2,92,94,completed,1
56562,Rigid,3733435,3733437,3733529,2,92,94,completed,1
56563,Rigid,3733435,3733437,3733529,2,92,94,completed,1
56564,Rigid,3733435,3733437,3733529,2,92,94,completed,1
56565,Rigid,3733435,3733437,3733529,2,92,94,completed,1
56566,Rigid,3733435,3733437,3733529,2,92,94,completed,1
56567,Rigid,3733435,3733437,3733529,2,92,94,completed,1
56568,Rigid,3733435,3733437,3733529,2,92,94,completed,1
56569,Rigid,3733435,3733437,3733529,2,92,94,completed,1
56570,Rigid,3733435,3733437,3733529,2,92,94,completed,1
56571,Rigid,3733436,3733437,3733529,1,92,93,completed,1
56572,Rigid,3733436,3733437,3733529,1,92,93,completed,1
56573,Rigid,3733436,3733437,3733529,1,92,93,completed,1
56574,Rigid,3733436,3733437,3733529,1,92,93,completed,1
56575,Rigid,3733436,3733437,3733529,1,92,93,completed,1
56576,Rigid,3733436,3733437,3733529,1,92,93,completed,1
56577,Rigid,3733436,3733437,3733529,1,92,93,completed,1
56578,Rigid,3733436,3733437,3733529,1,92,93,completed,1
56579,Rigid,3733436,3733437,3733529,1,92,93,completed,1
56580,Rigid,3733436,3733437,3733529,1,92,93,completed,1
56581,Rigid,3733436,3733437,3733529,1,92,93,completed,1
56582,Rigid,3733436,3733437,3733529,1,92,93,completed,1
56583,Rigid,3733436,3733437,3733529,1,92,93,completed,1
56584,Rigid,3733436,3733437,3733529,1,92,93,completed,1
56585,Rigid,3733436,3733437,3733529,1,92,93,completed,1
56586,Rigid,3733436,3733437,3733529,1,92,93,completed,1
56587,Rigid,3733436,3733437,3733529,1,92,93,completed,1
56588,Rigid,3733436,3733437,3733529,1,92,93,completed,1
56589,Rigid,3733436,3733437,3733529,1,92,93,completed,1
56590,Rigid,3733436,3733437,3733529,1,92,93,completed,1
56591,Rigid,3733436,3733437,3733529,1,92,93,completed,1
56592,Rigid,3733436,3733437,3733529,1,92,93,completed,1
56593,Rigid,3733436,3733437,3733529,1,92,93,completed,1
56594,Rigid,3733436,3733437,3733529,1,92,93,completed,1
56595,Rigid,3733436,3733437,3733529,1,92,93,completed,1
56596,Rigid,3733436,3733437,3733529,1,92,93,completed,1
56597,Rigid,3733436,3733437,3733529,1,92,93,completed,1
56598,Rigid,3733436,3733437,3733529,1,92,93,completed,1
56599,Rigid,3733436,3733437,3733529,1,92,93,completed,1
56600,Rigid,3733436,3733437,3733529,1,92,93,completed,1
56601,Rigid,3733436,3733437,3733529,1,92,93,completed,1
56602,Rigid,3733436,3733437,3733529,1,92,93,completed,1
56603,Rigid,3733436,3733437,3733529,1,92,93,completed,1
56604,Rigid,3733436,3733437,3733529,1,92,93,completed,1
56605,Rigid,3733436,3733437,3733529,1,92,93,completed,1
56606,Rigid,3733436,3733437,3733529,1,92,93,completed,1
56607,Rigid,3733436,3733437,3733529,1,92,93,completed,1
56608,Rigid,3733436,3733437,3733529,1,92,93,completed,1
56609,Rigid,3733436,3733437,3733529,1,92,93,completed,1
56610,Rigid,3733436,3733437,3733529,1,92,93,completed,1
56611,Rigid,3733436,3733437,3733529,1,92,93,completed,1
56612,Rigid,3733436,3733437,3733529,1,92,93,completed,1
56613,Rigid,3733436,3733437,3733529,1,92,93,completed,1
56614,Rigid,3733436,3733437,3733529,1,92,93,completed,1
56615,Rigid,3733436,3733437,3733529,1,92,93,completed,1
56616,Rigid,3733436,3733437,3733529,1,92,93,completed,1
56617,Rigid,3733437,3733437,3733529,0,92,92,completed,1
56618,Rigid,3733437,3733437,3733529,0,92,92,completed,1
56619,Rigid,3733437,3733437,3733529,0,92,92,completed,1
56620,Rigid,3733437,3733437,3733529,0,92,92,completed,1
56621,Rigid,3733437,3733437,3733529,0,92,92,completed,1
56622,Rigid,3733437,3733437,3733529,0,92,92,completed,1
56623,Rigid,3733437,3733437,3733529,0,92,92,completed,1
56624,Rigid,3733437,3733437,3733529,0,92,92,completed,1
56625,Rigid,3733437,3733437,3733529,0,92,92,completed,1
56626,Rigid,3733437,3733437,3733529,0,92,92,completed,1
56627,Rigid,3733437,3733437,3733529,0,92,92,completed,1
56628,Rigid,3733437,3733437,3733529,0,92,92,completed,1
56629,Rigid,3733437,3733437,3733529,0,92,92,completed,1
56630,Rigid,3733437,3733437,3733529,0,92,92,completed,1
56631,Rigid,3733437,3733437,3733529,0,92,92,completed,1
56632,Rigid,3733437,3733437,3733529,0,92,92,completed,1
56633,Rigid,3733437,3733437,3733529,0,92,92,completed,1
56634,Rigid,3733437,3733437,3733529,0,92,92,completed,1
56635,Rigid,3733437,3733437,3733529,0,92,92,completed,1
56636,Rigid,3733437,3733437,3733529,0,92,92,completed,1
56637,Rigid,3733437,3733437,3733529,0,92,92,completed,1
56638,Rigid,3733437,3733437,3733529,0,92,92,completed,1
56639,Rigid,3733437,3733437,3733529,0,92,92,completed,1
56640,Rigid,3733437,3733441,3733529,4,88,92,completed,1
56641,Rigid,3733437,3733441,3733529,4,88,92,completed,1
56642,Rigid,3733437,3733441,3733529,4,88,92,completed,1
56643,Rigid,3733438,3733441,3733529,3,88,91,completed,1
56644,Rigid,3733438,3733441,3733529,3,88,91,completed,1
56645,Rigid,3733438,3733441,3733529,3,88,91,completed,1
56646,Rigid,3733438,3733441,3733529,3,88,91,completed,1
56647,Rigid,3733438,3733441,3733529,3,88,91,completed,1
56648,Rigid,3733438,3733441,3733529,3,88,91,completed,1
56649,Rigid,3733438,3733441,3733529,3,88,91,completed,1
56650,Rigid,3733438,3733441,3733529,3,88,91,completed,1
56651,Rigid,3733438,3733441,3733529,3,88,91,completed,1
56652,Rigid,3733438,3733441,3733529,3,88,91,completed,1
56653,Rigid,3733438,3733441,3733529,3,88,91,completed,1
56654,Rigid,3733439,3733441,3733529,2,88,90,completed,1
56655,Rigid,3733439,3733441,3733529,2,88,90,completed,1
56656,Rigid,3733439,3733441,3733529,2,88,90,completed,1
56657,Rigid,3733439,3733441,3733529,2,88,90,completed,1
56658,Rigid,3733440,3733441,3733529,1,88,89,completed,1
56659,Rigid,3733440,3733441,3733529,1,88,89,completed,1
56660,Rigid,3733440,3733441,3733529,1,88,89,completed,1
56661,Rigid,3733440,3733441,3733529,1,88,89,completed,1
56662,Rigid,3733440,3733441,3733529,1,88,89,completed,1
56663,Rigid,3733440,3733441,3733529,1,88,89,completed,1
56664,Rigid,3733440,3733441,3733529,1,88,89,completed,1
56665,Rigid,3733440,3733441,3733529,1,88,89,completed,1
56666,Rigid,3733440,3733441,3733529,1,88,89,completed,1
56667,Rigid,3733440,3733441,3733529,1,88,89,completed,1
56668,Rigid,3733440,3733441,3733529,1,88,89,completed,1
56669,Rigid,3733440,3733441,3733529,1,88,89,completed,1
56670,Rigid,3733440,3733441,3733529,1,88,89,completed,1
56671,Rigid,3733440,3733441,3733529,1,88,89,completed,1
56672,Rigid,3733440,3733441,3733529,1,88,89,completed,1
56673,Rigid,3733440,3733441,3733529,1,88,89,completed,1
56674,Rigid,3733440,3733441,3733529,1,88,89,completed,1
56675,Rigid,3733440,3733441,3733529,1,88,89,completed,1
56676,Rigid,3733440,3733441,3733529,1,88,89,completed,1
56677,Rigid,3733440,3733441,3733529,1,88,89,completed,1
56678,Rigid,3733440,3733441,3733529,1,88,89,completed,1
56679,Rigid,3733440,3733441,3733529,1,88,89,completed,1
56680,Rigid,3733440,3733441,3733529,1,88,89,completed,1
56681,Rigid,3733440,3733441,3733529,1,88,89,completed,1
56682,Rigid,3733440,3733441,3733529,1,88,89,completed,1
56683,Rigid,3733440,3733441,3733529,1,88,89,completed,1
56684,Rigid,3733440,3733441,3733529,1,88,89,completed,1
56685,Rigid,3733440,3733441,3733529,1,88,89,completed,1
56686,Rigid,3733440,3733441,3733529,1,88,89,completed,1
56687,Rigid,3733440,3733441,3733529,1,88,89,completed,1
56688,Rigid,3733440,3733441,3733529,1,88,89,completed,1
56689,Rigid,3733440,3733441,3733529,1,88,89,completed,1
56690,Rigid,3733440,3733441,3733529,1,88,89,completed,1
56691,Rigid,3733440,3733441,3733529,1,88,89,completed,1
56692,Rigid,3733440,3733441,3733529,1,88,89,completed,1
56693,Rigid,3733440,3733441,3733529,1,88,89,completed,1
56694,Rigid,3733440,3733441,3733529,1,88,89,completed,1
56695,Rigid,3733441,3733441,3733529,0,88,88,completed,1
56696,Rigid,3733441,3733441,3733529,0,88,88,completed,1
56697,Rigid,3733441,3733441,3733529,0,88,88,completed,1
56698,Rigid,3733442,3733442,3733529,0,87,87,completed,1
56699,Rigid,3733442,3733446,3733529,4,83,87,completed,1
56700,Rigid,3733442,3733446,3733529,4,83,87,completed,1
56701,Rigid,3733442,3733446,3733529,4,83,87,completed,1
56702,Rigid,3733442,3733446,3733529,4,83,87,completed,1
56703,Rigid,3733442,3733446,3733529,4,83,87,completed,1
56704,Rigid,3733443,3733446,3733529,3,83,86,completed,1
56705,Rigid,3733443,3733446,3733529,3,83,86,completed,1
56706,Rigid,3733443,3733446,3733529,3,83,86,completed,1
56707,Rigid,3733443,3733446,3733529,3,83,86,completed,1
56708,Rigid,3733443,3733446,3733529,3,83,86,completed,1
56709,Rigid,3733443,3733446,3733529,3,83,86,completed,1
56710,Rigid,3733443,3733446,3733529,3,83,86,completed,1
56711,Rigid,3733443,3733446,3733529,3,83,86,completed,1
56712,Rigid,3733443,3733446,3733529,3,83,86,completed,1
56713,Rigid,3733443,3733446,3733529,3,83,86,completed,1
56714,Rigid,3733443,3733446,3733529,3,83,86,completed,1
56715,Rigid,3733443,3733446,3733529,3,83,86,completed,1
56716,Rigid,3733443,3733446,3733529,3,83,86,completed,1
56717,Rigid,3733444,3733446,3733529,2,83,85,completed,1
56718,Rigid,3733444,3733446,3733529,2,83,85,completed,1
56719,Rigid,3733444,3733462,3733529,18,67,85,completed,1
56720,Rigid,3733656,3733657,3733707,1,50,51,completed,36
56721,Rigid,3733919,3733948,3734904,29,956,985,completed,1
56722,Rigid,3733941,3733942,3733990,1,48,49,completed,36
56723,Rigid,3734543,3735535,3881473,992,145938,146930,completed,360
56724,Rigid,3734554,3738371,3882621,3817,144250,148067,completed,360
56725,Rigid,3734567,3745894,3888765,11327,142871,154198,completed,360
56726,Rigid,3734589,3764007,3897885,29418,133878,163296,completed,360
56727,Rigid,3734903,3764014,3826221,29111,62207,91318,completed,144
56728,Rigid,3735550,3735800,3736289,250,489,739,completed,144
56729,Rigid,3735664,3738281,3745892,2617,7611,10228,completed,288
56730,Rigid,3735967,3736109,3736940,142,831,973,completed,144
56731,Rigid,3736163,3736180,3736202,17,22,39,completed,1
56732,Rigid,3736202,3736212,3736224,10,12,22,completed,1
56733,Rigid,3736202,3736212,3736224,10,12,22,completed,1
56734,Rigid,3736202,3736212,3736224,10,12,22,completed,1
56735,Rigid,3736202,3736212,3736224,10,12,22,completed,1
56736,Rigid,3736202,3736212,3736224,10,12,22,completed,1
56737,Rigid,3736202,3736212,3736224,10,12,22,completed,1
56738,Rigid,3736202,3736212,3736224,10,12,22,completed,1
56739,Rigid,3736202,3736212,3736224,10,12,22,completed,1
56740,Rigid,3736202,3736212,3736224,10,12,22,completed,1
56741,Rigid,3736202,3736212,3736224,10,12,22,completed,1
56742,Rigid,3736202,3736212,3736224,10,12,22,completed,1
56743,Rigid,3736202,3736212,3736224,10,12,22,completed,1
56744,Rigid,3736202,3736212,3736224,10,12,22,completed,1
56745,Rigid,3736202,3736212,3736224,10,12,22,completed,1
56746,Rigid,3736202,3736212,3736224,10,12,22,completed,1
56747,Rigid,3736202,3736212,3736224,10,12,22,completed,1
56748,Rigid,3736327,3736335,3736358,8,23,31,completed,1
56749,Rigid,3736496,3736519,3736674,23,155,178,completed,1
56750,Rigid,3736760,3736765,3736790,5,25,30,completed,1
56751,Rigid,3736857,3736942,3737432,85,490,575,completed,144
56752,Rigid,3736995,3736995,3737043,0,48,48,completed,36
56753,Rigid,3737049,3737072,3737271,23,199,222,completed,1
56754,Rigid,3737075,3737103,3737116,28,13,41,completed,1
56755,Rigid,3737075,3737134,3737144,59,10,69,completed,1
56756,Rigid,3737076,3737164,3737180,88,16,104,completed,2
56757,Rigid,3737076,3737164,3737180,88,16,104,completed,2
56758,Rigid,3737076,3737164,3737178,88,14,102,completed,2
56759,Rigid,3737077,3737164,3737178,87,14,101,completed,2
56760,Rigid,3737077,3737164,3737178,87,14,101,completed,2
56761,Rigid,3737077,3737164,3737178,87,14,101,completed,2
56762,Rigid,3737077,3737164,3737183,87,19,106,completed,2
56763,Rigid,3737077,3737164,3737183,87,19,106,completed,2
56764,Rigid,3737077,3737164,3737183,87,19,106,completed,2
56765,Rigid,3737077,3737164,3737183,87,19,106,completed,2
56766,Rigid,3737077,3737164,3737183,87,19,106,completed,2
56767,Rigid,3737078,3737164,3737183,86,19,105,completed,2
56768,Rigid,3737078,3737164,3737183,86,19,105,completed,2
56769,Rigid,3737078,3737164,3737181,86,17,103,completed,2
56770,Rigid,3737078,3737164,3737183,86,19,105,completed,2
56771,Rigid,3737078,3737164,3737183,86,19,105,completed,2
56772,Rigid,3737078,3737164,3737183,86,19,105,completed,2
56773,Rigid,3737078,3737164,3737182,86,18,104,completed,2
56774,Rigid,3737078,3737164,3737183,86,19,105,completed,2
56775,Rigid,3737078,3737164,3737182,86,18,104,completed,2
56776,Rigid,3737079,3737164,3737183,85,19,104,completed,2
56777,Rigid,3737079,3737164,3737183,85,19,104,completed,2
56778,Rigid,3737079,3737164,3737182,85,18,103,completed,2
56779,Rigid,3737079,3737164,3737182,85,18,103,completed,2
56780,Rigid,3737079,3737164,3737182,85,18,103,completed,2
56781,Rigid,3737079,3737164,3737181,85,17,102,completed,2
56782,Rigid,3737079,3737164,3737182,85,18,103,completed,2
56783,Rigid,3737080,3737164,3737181,84,17,101,completed,2
56784,Rigid,3737080,3737164,3737181,84,17,101,completed,2
56785,Rigid,3737080,3737164,3737181,84,17,101,completed,2
56786,Rigid,3737080,3737164,3737181,84,17,101,completed,2
56787,Rigid,3737080,3737164,3737181,84,17,101,completed,2
56788,Rigid,3737080,3737164,3737181,84,17,101,completed,2
56789,Rigid,3737080,3737164,3737182,84,18,102,completed,2
56790,Rigid,3737081,3737164,3737181,83,17,100,completed,2
56791,Rigid,3737081,3737164,3737182,83,18,101,completed,2
56792,Rigid,3737081,3737164,3737182,83,18,101,completed,2
56793,Rigid,3737081,3737164,3737182,83,18,101,completed,2
56794,Rigid,3737081,3737164,3737181,83,17,100,completed,2
56795,Rigid,3737081,3737164,3737181,83,17,100,completed,2
56796,Rigid,3737081,3737164,3737181,83,17,100,completed,2
56797,Rigid,3737081,3737164,3737180,83,16,99,completed,2
56798,Rigid,3737082,3737164,3737181,82,17,99,completed,2
56799,Rigid,3737082,3737164,3737182,82,18,100,completed,2
56800,Rigid,3737082,3737164,3737182,82,18,100,completed,2
56801,Rigid,3737082,3737164,3737183,82,19,101,completed,2
56802,Rigid,3737082,3737164,3737182,82,18,100,completed,2
56803,Rigid,3737082,3737164,3737183,82,19,101,completed,2
56804,Rigid,3737082,3737164,3737182,82,18,100,completed,2
56805,Rigid,3737082,3737164,3737182,82,18,100,completed,2
56806,Rigid,3737083,3737164,3737183,81,19,100,completed,2
56807,Rigid,3737083,3737164,3737182,81,18,99,completed,2
56808,Rigid,3737083,3737164,3737183,81,19,100,completed,2
56809,Rigid,3737083,3737165,3737182,82,17,99,completed,2
56810,Rigid,3737083,3737165,3737181,82,16,98,completed,2
56811,Rigid,3737083,3737165,3737183,82,18,100,completed,2
56812,Rigid,3737083,3737165,3737183,82,18,100,completed,2
56813,Rigid,3737083,3737165,3737182,82,17,99,completed,2
56814,Rigid,3737084,3737165,3737183,81,18,99,completed,2
56815,Rigid,3737084,3737165,3737183,81,18,99,completed,2
56816,Rigid,3737084,3737165,3737183,81,18,99,completed,2
56817,Rigid,3737084,3737165,3737183,81,18,99,completed,2
56818,Rigid,3737084,3737165,3737183,81,18,99,completed,2
56819,Rigid,3737084,3737165,3737183,81,18,99,completed,2
56820,Rigid,3737084,3737165,3737183,81,18,99,completed,2
56821,Rigid,3737084,3737165,3737183,81,18,99,completed,2
56822,Rigid,3737084,3737165,3737183,81,18,99,completed,2
56823,Rigid,3737085,3737165,3737183,80,18,98,completed,2
56824,Rigid,3737085,3737165,3737183,80,18,98,completed,2
56825,Rigid,3737085,3737165,3737183,80,18,98,completed,2
56826,Rigid,3737085,3737165,3737183,80,18,98,completed,2
56827,Rigid,3737085,3737165,3737181,80,16,96,completed,2
56828,Rigid,3737085,3737165,3737182,80,17,97,completed,2
56829,Rigid,3737085,3737165,3737182,80,17,97,completed,2
56830,Rigid,3737085,3737165,3737182,80,17,97,completed,2
56831,Rigid,3737085,3737165,3737179,80,14,94,completed,2
56832,Rigid,3737085,3737165,3737181,80,16,96,completed,2
56833,Rigid,3737086,3737165,3737183,79,18,97,completed,2
56834,Rigid,3737086,3737165,3737182,79,17,96,completed,2
56835,Rigid,3737086,3737165,3737183,79,18,97,completed,2
56836,Rigid,3737086,3737165,3737182,79,17,96,completed,2
56837,Rigid,3737086,3737165,3737181,79,16,95,completed,2
56838,Rigid,3737086,3737165,3737182,79,17,96,completed,2
56839,Rigid,3737086,3737165,3737183,79,18,97,completed,2
56840,Rigid,3737086,3737165,3737182,79,17,96,completed,2
56841,Rigid,3737086,3737165,3737182,79,17,96,completed,2
56842,Rigid,3737086,3737165,3737182,79,17,96,completed,2
56843,Rigid,3737087,3737165,3737179,78,14,92,completed,2
56844,Rigid,3737087,3737165,3737193,78,28,106,completed,2
56845,Rigid,3737087,3737165,3737193,78,28,106,completed,2
56846,Rigid,3737087,3737165,3737193,78,28,106,completed,2
56847,Rigid,3737087,3737165,3737193,78,28,106,completed,2
56848,Rigid,3737087,3737165,3737193,78,28,106,completed,2
56849,Rigid,3737087,3737165,3737193,78,28,106,completed,2
56850,Rigid,3737087,3737165,3737193,78,28,106,completed,2
56851,Rigid,3737087,3737165,3737193,78,28,106,completed,2
56852,Rigid,3737088,3737165,3737193,77,28,105,completed,2
56853,Rigid,3737088,3737165,3737193,77,28,105,completed,2
56854,Rigid,3737088,3737165,3737193,77,28,105,completed,2
56855,Rigid,3737088,3737165,3737193,77,28,105,completed,2
56856,Rigid,3737088,3737165,3737193,77,28,105,completed,2
56857,Rigid,3737088,3737165,3737193,77,28,105,completed,2
56858,Rigid,3737088,3737165,3737193,77,28,105,completed,2
56859,Rigid,3737088,3737165,3737193,77,28,105,completed,2
56860,Rigid,3737088,3737165,3737193,77,28,105,completed,2
56861,Rigid,3737088,3737165,3737193,77,28,105,completed,2
56862,Rigid,3737089,3737165,3737193,76,28,104,completed,2
56863,Rigid,3737089,3737165,3737193,76,28,104,completed,2
56864,Rigid,3737089,3737165,3737193,76,28,104,completed,2
56865,Rigid,3737089,3737165,3737193,76,28,104,completed,2
56866,Rigid,3737089,3737165,3737193,76,28,104,completed,2
56867,Rigid,3737089,3737165,3737193,76,28,104,completed,2
56868,Rigid,3737089,3737165,3737193,76,28,104,completed,2
56869,Rigid,3737089,3737165,3737193,76,28,104,completed,2
56870,Rigid,3737089,3737165,3737193,76,28,104,completed,2
56871,Rigid,3737089,3737165,3737193,76,28,104,completed,2
56872,Rigid,3737090,3737165,3737193,75,28,103,completed,2
56873,Rigid,3737090,3737165,3737193,75,28,103,completed,2
56874,Rigid,3737090,3737165,3737193,75,28,103,completed,2
56875,Rigid,3737090,3737165,3737193,75,28,103,completed,2
56876,Rigid,3737090,3737165,3737193,75,28,103,completed,2
56877,Rigid,3737090,3737165,3737193,75,28,103,completed,2
56878,Rigid,3737090,3737165,3737193,75,28,103,completed,2
56879,Rigid,3737090,3737165,3737193,75,28,103,completed,2
56880,Rigid,3737090,3737165,3737193,75,28,103,completed,2
56881,Rigid,3737091,3737165,3737193,74,28,102,completed,2
56882,Rigid,3737091,3737165,3737193,74,28,102,completed,2
56883,Rigid,3737091,3737165,3737193,74,28,102,completed,2
56884,Rigid,3737091,3737165,3737193,74,28,102,completed,2
56885,Rigid,3737091,3737165,3737193,74,28,102,completed,2
56886,Rigid,3737091,3737165,3737193,74,28,102,completed,2
56887,Rigid,3737091,3737165,3737193,74,28,102,completed,2
56888,Rigid,3737091,3737165,3737193,74,28,102,completed,2
56889,Rigid,3737091,3737165,3737193,74,28,102,completed,2
56890,Rigid,3737091,3737165,3737193,74,28,102,completed,2
56891,Rigid,3737092,3737165,3737193,73,28,101,completed,2
56892,Rigid,3737092,3737165,3737193,73,28,101,completed,2
56893,Rigid,3737092,3737165,3737193,73,28,101,completed,2
56894,Rigid,3737092,3737165,3737193,73,28,101,completed,2
56895,Rigid,3737093,3737165,3737193,72,28,100,completed,2
56896,Rigid,3737093,3737165,3737193,72,28,100,completed,2
56897,Rigid,3737093,3737165,3737193,72,28,100,completed,2
56898,Rigid,3737093,3737197,3737214,104,17,121,completed,2
56899,Rigid,3737093,3737197,3737214,104,17,121,completed,2
56900,Rigid,3737093,3737197,3737212,104,15,119,completed,2
56901,Rigid,3737093,3737197,3737212,104,15,119,completed,2
56902,Rigid,3737093,3737197,3737210,104,13,117,completed,2
56903,Rigid,3737094,3737197,3737209,103,12,115,completed,2
56904,Rigid,3737094,3737197,3737218,103,21,124,completed,2
56905,Rigid,3737095,3737197,3737218,102,21,123,completed,2
56906,Rigid,3737095,3737197,3737218,102,21,123,completed,2
56907,Rigid,3737095,3737197,3737218,102,21,123,completed,2
56908,Rigid,3737095,3737197,3737218,102,21,123,completed,2
56909,Rigid,3737095,3737197,3737218,102,21,123,completed,2
56910,Rigid,3737095,3737197,3737215,102,18,120,completed,2
56911,Rigid,3737096,3737197,3737218,101,21,122,completed,2
56912,Rigid,3737096,3737197,3737218,101,21,122,completed,2
56913,Rigid,3737096,3737197,3737217,101,20,121,completed,2
56914,Rigid,3737096,3737197,3737218,101,21,122,completed,2
56915,Rigid,3737096,3737197,3737217,101,20,121,completed,2
56916,Rigid,3737096,3737197,3737218,101,21,122,completed,2
56917,Rigid,3737096,3737197,3737217,101,20,121,completed,2
56918,Rigid,3737097,3737197,3737217,100,20,120,completed,2
56919,Rigid,3737097,3737197,3737215,100,18,118,completed,2
56920,Rigid,3737097,3737197,3737219,100,22,122,completed,2
56921,Rigid,3737097,3737197,3737219,100,22,122,completed,2
56922,Rigid,3737097,3737197,3737219,100,22,122,completed,2
56923,Rigid,3737097,3737197,3737219,100,22,122,completed,2
56924,Rigid,3737097,3737197,3737219,100,22,122,completed,2
56925,Rigid,3737097,3737197,3737219,100,22,122,completed,2
56926,Rigid,3737097,3737197,3737219,100,22,122,completed,2
56927,Rigid,3737098,3737197,3737219,99,22,121,completed,2
56928,Rigid,3737098,3737197,3737216,99,19,118,completed,2
56929,Rigid,3737098,3737197,3737219,99,22,121,completed,2
56930,Rigid,3737098,3737197,3737219,99,22,121,completed,2
56931,Rigid,3737098,3737197,3737219,99,22,121,completed,2
56932,Rigid,3737098,3737197,3737219,99,22,121,completed,2
56933,Rigid,3737098,3737197,3737219,99,22,121,completed,2
56934,Rigid,3737098,3737197,3737216,99,19,118,completed,2
56935,Rigid,3737098,3737197,3737223,99,26,125,completed,2
56936,Rigid,3737099,3737197,3737222,98,25,123,completed,2
56937,Rigid,3737099,3737197,3737223,98,26,124,completed,2
56938,Rigid,3737099,3737197,3737223,98,26,124,completed,2
56939,Rigid,3737099,3737197,3737223,98,26,124,completed,2
56940,Rigid,3737099,3737197,3737223,98,26,124,completed,2
56941,Rigid,3737099,3737197,3737223,98,26,124,completed,2
56942,Rigid,3737099,3737197,3737223,98,26,124,completed,2
56943,Rigid,3737099,3737197,3737217,98,20,118,completed,2
56944,Rigid,3737100,3737197,3737219,97,22,119,completed,2
56945,Rigid,3737100,3737197,3737219,97,22,119,completed,2
56946,Rigid,3737100,3737197,3737219,97,22,119,completed,2
56947,Rigid,3737100,3737197,3737219,97,22,119,completed,2
56948,Rigid,3737100,3737197,3737219,97,22,119,completed,2
56949,Rigid,3737100,3737197,3737219,97,22,119,completed,2
56950,Rigid,3737100,3737197,3737219,97,22,119,completed,2
56951,Rigid,3737100,3737197,3737219,97,22,119,completed,2
56952,Rigid,3737100,3737197,3737219,97,22,119,completed,2
56953,Rigid,3737101,3737197,3737219,96,22,118,completed,2
56954,Rigid,3737101,3737197,3737219,96,22,118,completed,2
56955,Rigid,3737101,3737197,3737219,96,22,118,completed,2
56956,Rigid,3737101,3737197,3737219,96,22,118,completed,2
56957,Rigid,3737101,3737197,3737219,96,22,118,completed,2
56958,Rigid,3737101,3737197,3737219,96,22,118,completed,2
56959,Rigid,3737101,3737197,3737219,96,22,118,completed,2
56960,Rigid,3737101,3737197,3737219,96,22,118,completed,2
56961,Rigid,3737101,3737197,3737218,96,21,117,completed,2
56962,Rigid,3737102,3737197,3737219,95,22,117,completed,2
56963,Rigid,3737102,3737197,3737219,95,22,117,completed,2
56964,Rigid,3737102,3737197,3737219,95,22,117,completed,2
56965,Rigid,3737102,3737197,3737219,95,22,117,completed,2
56966,Rigid,3737102,3737197,3737219,95,22,117,completed,2
56967,Rigid,3737102,3737197,3737219,95,22,117,completed,2
56968,Rigid,3737102,3737197,3737216,95,19,114,completed,2
56969,Rigid,3737102,3737197,3737216,95,19,114,completed,2
56970,Rigid,3737103,3737197,3737219,94,22,116,completed,2
56971,Rigid,3737103,3737197,3737220,94,23,117,completed,2
56972,Rigid,3737103,3737197,3737220,94,23,117,completed,2
56973,Rigid,3737103,3737197,3737219,94,22,116,completed,2
56974,Rigid,3737103,3737197,3737216,94,19,113,completed,2
56975,Rigid,3737104,3737197,3737220,93,23,116,completed,2
56976,Rigid,3737104,3737197,3737220,93,23,116,completed,2
56977,Rigid,3737104,3737197,3737220,93,23,116,completed,2
56978,Rigid,3737104,3737197,3737220,93,23,116,completed,2
56979,Rigid,3737104,3737197,3737220,93,23,116,completed,2
56980,Rigid,3737104,3737197,3737220,93,23,116,completed,2
56981,Rigid,3737104,3737197,3737220,93,23,116,completed,2
56982,Rigid,3737105,3737197,3737220,92,23,115,completed,2
56983,Rigid,3737105,3737197,3737220,92,23,115,completed,2
56984,Rigid,3737105,3737197,3737220,92,23,115,completed,2
56985,Rigid,3737105,3737197,3737220,92,23,115,completed,2
56986,Rigid,3737105,3737197,3737221,92,24,116,completed,2
56987,Rigid,3737105,3737197,3737221,92,24,116,completed,2
56988,Rigid,3737105,3737197,3737222,92,25,117,completed,2
56989,Rigid,3737106,3737197,3737221,91,24,115,completed,2
56990,Rigid,3737106,3737197,3737221,91,24,115,completed,2
56991,Rigid,3737106,3737197,3737221,91,24,115,completed,2
56992,Rigid,3737106,3737197,3737222,91,25,116,completed,2
56993,Rigid,3737106,3737197,3737221,91,24,115,completed,2
56994,Rigid,3737106,3737197,3737222,91,25,116,completed,2
56995,Rigid,3737106,3737197,3737222,91,25,116,completed,2
56996,Rigid,3737106,3737197,3737222,91,25,116,completed,2
56997,Rigid,3737106,3737197,3737221,91,24,115,completed,2
56998,Rigid,3737107,3737197,3737219,90,22,112,completed,2
56999,Rigid,3737107,3737197,3737221,90,24,114,completed,2
57000,Rigid,3737107,3737197,3737222,90,25,115,completed,2
57001,Rigid,3737107,3737197,3737222,90,25,115,completed,2
57002,Rigid,3737107,3737197,3737222,90,25,115,completed,2
57003,Rigid,3737107,3737197,3737222,90,25,115,completed,2
57004,Rigid,3737107,3737197,3737221,90,24,114,completed,2
57005,Rigid,3737107,3737197,3737221,90,24,114,completed,2
57006,Rigid,3737107,3737197,3737221,90,24,114,completed,2
57007,Rigid,3737108,3737197,3737221,89,24,113,completed,2
57008,Rigid,3737108,3737197,3737221,89,24,113,completed,2
57009,Rigid,3737108,3737197,3737221,89,24,113,completed,2
57010,Rigid,3737108,3737197,3737221,89,24,113,completed,2
57011,Rigid,3737108,3737197,3737221,89,24,113,completed,2
57012,Rigid,3737108,3737197,3737221,89,24,113,completed,2
57013,Rigid,3737108,3737197,3737221,89,24,113,completed,2
57014,Rigid,3737108,3737197,3737221,89,24,113,completed,2
57015,Rigid,3737108,3737197,3737221,89,24,113,completed,2
57016,Rigid,3737108,3737197,3737221,89,24,113,completed,2
57017,Rigid,3737109,3737197,3737219,88,22,110,completed,2
57018,Rigid,3737109,3737197,3737221,88,24,112,completed,2
57019,Rigid,3737109,3737197,3737221,88,24,112,completed,2
57020,Rigid,3737109,3737197,3737221,88,24,112,completed,2
57021,Rigid,3737109,3737197,3737221,88,24,112,completed,2
57022,Rigid,3737109,3737197,3737221,88,24,112,completed,2
57023,Rigid,3737109,3737197,3737221,88,24,112,completed,2
57024,Rigid,3737109,3737197,3737221,88,24,112,completed,2
57025,Rigid,3737109,3737197,3737221,88,24,112,completed,2
57026,Rigid,3737110,3737197,3737221,87,24,111,completed,2
57027,Rigid,3737110,3737197,3737221,87,24,111,completed,2
57028,Rigid,3737110,3737197,3737221,87,24,111,completed,2
57029,Rigid,3737110,3737197,3737221,87,24,111,completed,2
57030,Rigid,3737110,3737197,3737219,87,22,109,completed,2
57031,Rigid,3737110,3737197,3737222,87,25,112,completed,2
57032,Rigid,3737110,3737197,3737221,87,24,111,completed,2
57033,Rigid,3737110,3737197,3737221,87,24,111,completed,2
57034,Rigid,3737110,3737197,3737221,87,24,111,completed,2
57035,Rigid,3737111,3737197,3737221,86,24,110,completed,2
57036,Rigid,3737111,3737197,3737221,86,24,110,completed,2
57037,Rigid,3737111,3737197,3737222,86,25,111,completed,2
57038,Rigid,3737111,3737197,3737221,86,24,110,completed,2
57039,Rigid,3737111,3737197,3737221,86,24,110,completed,2
57040,Rigid,3737111,3737233,3737249,122,16,138,completed,2
57041,Rigid,3737111,3737233,3737249,122,16,138,completed,2
57042,Rigid,3737111,3737233,3737247,122,14,136,completed,2
57043,Rigid,3737111,3737233,3737248,122,15,137,completed,2
57044,Rigid,3737112,3737233,3737248,121,15,136,completed,2
57045,Rigid,3737112,3737233,3737248,121,15,136,completed,2
57046,Rigid,3737112,3737233,3737252,121,19,140,completed,2
57047,Rigid,3737112,3737233,3737252,121,19,140,completed,2
57048,Rigid,3737112,3737233,3737252,121,19,140,completed,2
57049,Rigid,3737112,3737233,3737251,121,18,139,completed,2
57050,Rigid,3737112,3737233,3737251,121,18,139,completed,2
57051,Rigid,3737112,3737233,3737252,121,19,140,completed,2
57052,Rigid,3737113,3737233,3737251,120,18,138,completed,2
57053,Rigid,3737113,3737233,3737251,120,18,138,completed,2
57054,Rigid,3737113,3737233,3737250,120,17,137,completed,2
57055,Rigid,3737113,3737233,3737250,120,17,137,completed,2
57056,Rigid,3737113,3737233,3737250,120,17,137,completed,2
57057,Rigid,3737113,3737233,3737251,120,18,138,completed,2
57058,Rigid,3737113,3737233,3737251,120,18,138,completed,2
57059,Rigid,3737113,3737233,3737252,120,19,139,completed,2
57060,Rigid,3737114,3737233,3737251,119,18,137,completed,2
57061,Rigid,3737114,3737233,3737252,119,19,138,completed,2
57062,Rigid,3737114,3737233,3737248,119,15,134,completed,2
57063,Rigid,3737114,3737233,3737246,119,13,132,completed,2
57064,Rigid,3737114,3737233,3737248,119,15,134,completed,2
57065,Rigid,3737114,3737233,3737246,119,13,132,completed,2
57066,Rigid,3737114,3737233,3737247,119,14,133,completed,2
57067,Rigid,3737114,3737233,3737249,119,16,135,completed,2
57068,Rigid,3737115,3737233,3737248,118,15,133,completed,2
57069,Rigid,3737115,3737233,3737248,118,15,133,completed,2
57070,Rigid,3737115,3737233,3737248,118,15,133,completed,2
57071,Rigid,3737115,3737233,3737248,118,15,133,completed,2
57072,Rigid,3737115,3737233,3737248,118,15,133,completed,2
57073,Rigid,3737115,3737233,3737245,118,12,130,completed,2
57074,Rigid,3737115,3737233,3737248,118,15,133,completed,2
57075,Rigid,3737116,3737233,3737248,117,15,132,completed,2
57076,Rigid,3737116,3737233,3737248,117,15,132,completed,2
57077,Rigid,3737116,3737233,3737249,117,16,133,completed,2
57078,Rigid,3737116,3737233,3737249,117,16,133,completed,2
57079,Rigid,3737116,3737233,3737249,117,16,133,completed,2
57080,Rigid,3737116,3737233,3737249,117,16,133,completed,2
57081,Rigid,3737116,3737233,3737249,117,16,133,completed,2
57082,Rigid,3737116,3737233,3737249,117,16,133,completed,2
57083,Rigid,3737116,3737233,3737249,117,16,133,completed,2
57084,Rigid,3737117,3737233,3737249,116,16,132,completed,2
57085,Rigid,3737117,3737233,3737251,116,18,134,completed,2
57086,Rigid,3737117,3737233,3737250,116,17,133,completed,2
57087,Rigid,3737117,3737233,3737250,116,17,133,completed,2
57088,Rigid,3737117,3737233,3737250,116,17,133,completed,2
57089,Rigid,3737117,3737233,3737251,116,18,134,completed,2
57090,Rigid,3737117,3737233,3737250,116,17,133,completed,2
57091,Rigid,3737117,3737233,3737251,116,18,134,completed,2
57092,Rigid,3737118,3737233,3737249,115,16,131,completed,2
57093,Rigid,3737118,3737233,3737251,115,18,133,completed,2
57094,Rigid,3737118,3737233,3737250,115,17,132,completed,2
57095,Rigid,3737118,3737233,3737251,115,18,133,completed,2
57096,Rigid,3737118,3737233,3737251,115,18,133,completed,2
57097,Rigid,3737118,3737233,3737251,115,18,133,completed,2
57098,Rigid,3737118,3737233,3737251,115,18,133,completed,2
57099,Rigid,3737119,3737233,3737250,114,17,131,completed,2
57100,Rigid,3737119,3737233,3737251,114,18,132,completed,2
57101,Rigid,3737119,3737233,3737250,114,17,131,completed,2
57102,Rigid,3737119,3737233,3737251,114,18,132,completed,2
57103,Rigid,3737119,3737233,3737251,114,18,132,completed,2
57104,Rigid,3737119,3737233,3737251,114,18,132,completed,2
57105,Rigid,3737119,3737233,3737251,114,18,132,completed,2
57106,Rigid,3737119,3737233,3737251,114,18,132,completed,2
57107,Rigid,3737119,3737233,3737250,114,17,131,completed,2
57108,Rigid,3737120,3737233,3737250,113,17,130,completed,2
57109,Rigid,3737120,3737233,3737250,113,17,130,completed,2
57110,Rigid,3737120,3737233,3737250,113,17,130,completed,2
57111,Rigid,3737120,3737233,3737250,113,17,130,completed,2
57112,Rigid,3737120,3737233,3737254,113,21,134,completed,2
57113,Rigid,3737120,3737233,3737254,113,21,134,completed,2
57114,Rigid,3737120,3737233,3737253,113,20,133,completed,2
57115,Rigid,3737120,3737233,3737253,113,20,133,completed,2
57116,Rigid,3737120,3737233,3737254,113,21,134,completed,2
57117,Rigid,3737121,3737233,3737254,112,21,133,completed,2
57118,Rigid,3737121,3737233,3737253,112,20,132,completed,2
57119,Rigid,3737121,3737233,3737254,112,21,133,completed,2
57120,Rigid,3737121,3737233,3737253,112,20,132,completed,2
57121,Rigid,3737121,3737233,3737254,112,21,133,completed,2
57122,Rigid,3737121,3737233,3737253,112,20,132,completed,2
57123,Rigid,3737121,3737233,3737254,112,21,133,completed,2
57124,Rigid,3737121,3737233,3737254,112,21,133,completed,2
57125,Rigid,3737121,3737233,3737253,112,20,132,completed,2
57126,Rigid,3737122,3737233,3737250,111,17,128,completed,2
57127,Rigid,3737122,3737233,3737254,111,21,132,completed,2
57128,Rigid,3737122,3737233,3737251,111,18,129,completed,2
57129,Rigid,3737122,3737233,3737251,111,18,129,completed,2
57130,Rigid,3737122,3737233,3737251,111,18,129,completed,2
57131,Rigid,3737122,3737233,3737252,111,19,130,completed,2
57132,Rigid,3737122,3737233,3737252,111,19,130,completed,2
57133,Rigid,3737122,3737233,3737252,111,19,130,completed,2
57134,Rigid,3737123,3737233,3737252,110,19,129,completed,2
57135,Rigid,3737123,3737233,3737252,110,19,129,completed,2
57136,Rigid,3737123,3737233,3737252,110,19,129,completed,2
57137,Rigid,3737123,3737233,3737252,110,19,129,completed,2
57138,Rigid,3737123,3737233,3737252,110,19,129,completed,2
57139,Rigid,3737123,3737233,3737252,110,19,129,completed,2
57140,Rigid,3737123,3737233,3737254,110,21,131,completed,2
57141,Rigid,3737123,3737233,3737253,110,20,130,completed,2
57142,Rigid,3737123,3737233,3737253,110,20,130,completed,2
57143,Rigid,3737124,3737233,3737253,109,20,129,completed,2
57144,Rigid,3737124,3737233,3737252,109,19,128,completed,2
57145,Rigid,3737124,3737233,3737252,109,19,128,completed,2
57146,Rigid,3737124,3737233,3737252,109,19,128,completed,2
57147,Rigid,3737124,3737233,3737254,109,21,130,completed,2
57148,Rigid,3737124,3737233,3737252,109,19,128,completed,2
57149,Rigid,3737124,3737233,3737254,109,21,130,completed,2
57150,Rigid,3737124,3737233,3737253,109,20,129,completed,2
57151,Rigid,3737124,3737233,3737253,109,20,129,completed,2
57152,Rigid,3737125,3737233,3737253,108,20,128,completed,2
57153,Rigid,3737125,3737233,3737254,108,21,129,completed,2
57154,Rigid,3737125,3737233,3737253,108,20,128,completed,2
57155,Rigid,3737125,3737233,3737253,108,20,128,completed,2
57156,Rigid,3737125,3737233,3737253,108,20,128,completed,2
57157,Rigid,3737125,3737233,3737253,108,20,128,completed,2
57158,Rigid,3737125,3737233,3737254,108,21,129,completed,2
57159,Rigid,3737125,3737233,3737253,108,20,128,completed,2
57160,Rigid,3737126,3737233,3737253,107,20,127,completed,2
57161,Rigid,3737126,3737233,3737253,107,20,127,completed,2
57162,Rigid,3737126,3737233,3737254,107,21,128,completed,2
57163,Rigid,3737126,3737233,3737253,107,20,127,completed,2
57164,Rigid,3737126,3737233,3737252,107,19,126,completed,2
57165,Rigid,3737126,3737233,3737252,107,19,126,completed,2
57166,Rigid,3737126,3737233,3737254,107,21,128,completed,2
57167,Rigid,3737127,3737233,3737254,106,21,127,completed,2
57168,Rigid,3737127,3737233,3737252,106,19,125,completed,2
57169,Rigid,3737127,3737233,3737254,106,21,127,completed,2
57170,Rigid,3737127,3737233,3737254,106,21,127,completed,2
57171,Rigid,3737127,3737233,3737254,106,21,127,completed,2
57172,Rigid,3737127,3737233,3737252,106,19,125,completed,2
57173,Rigid,3737127,3737233,3737253,106,20,126,completed,2
57174,Rigid,3737127,3737233,3737252,106,19,125,completed,2
57175,Rigid,3737127,3737233,3737253,106,20,126,completed,2
57176,Rigid,3737128,3737233,3737252,105,19,124,completed,2
57177,Rigid,3737128,3737233,3737254,105,21,126,completed,2
57178,Rigid,3737128,3737233,3737253,105,20,125,completed,2
57179,Rigid,3737128,3737233,3737253,105,20,125,completed,2
57180,Rigid,3737128,3737233,3737254,105,21,126,completed,2
57181,Rigid,3737128,3737233,3737254,105,21,126,completed,2
57182,Rigid,3737128,3737264,3737283,136,19,155,completed,2
57183,Rigid,3737128,3737264,3737281,136,17,153,completed,2
57184,Rigid,3737129,3737264,3737281,135,17,152,completed,2
57185,Rigid,3737129,3737264,3737281,135,17,152,completed,2
57186,Rigid,3737129,3737264,3737281,135,17,152,completed,2
57187,Rigid,3737129,3737264,3737278,135,14,149,completed,2
57188,Rigid,3737129,3737264,3737284,135,20,155,completed,2
57189,Rigid,3737129,3737264,3737284,135,20,155,completed,2
57190,Rigid,3737129,3737264,3737284,135,20,155,completed,2
57191,Rigid,3737129,3737264,3737284,135,20,155,completed,2
57192,Rigid,3737129,3737264,3737284,135,20,155,completed,2
57193,Rigid,3737130,3737264,3737284,134,20,154,completed,2
57194,Rigid,3737130,3737264,3737283,134,19,153,completed,2
57195,Rigid,3737130,3737264,3737283,134,19,153,completed,2
57196,Rigid,3737130,3737264,3737284,134,20,154,completed,2
57197,Rigid,3737130,3737264,3737284,134,20,154,completed,2
57198,Rigid,3737130,3737264,3737284,134,20,154,completed,2
57199,Rigid,3737130,3737264,3737284,134,20,154,completed,2
57200,Rigid,3737130,3737264,3737282,134,18,152,completed,2
57201,Rigid,3737130,3737264,3737284,134,20,154,completed,2
57202,Rigid,3737131,3737264,3737284,133,20,153,completed,2
57203,Rigid,3737131,3737264,3737284,133,20,153,completed,2
57204,Rigid,3737131,3737264,3737278,133,14,147,completed,2
57205,Rigid,3737131,3737264,3737282,133,18,151,completed,2
57206,Rigid,3737131,3737264,3737280,133,16,149,completed,2
57207,Rigid,3737131,3737264,3737281,133,17,150,completed,2
57208,Rigid,3737131,3737264,3737281,133,17,150,completed,2
57209,Rigid,3737131,3737264,3737280,133,16,149,completed,2
57210,Rigid,3737131,3737264,3737281,133,17,150,completed,2
57211,Rigid,3737132,3737264,3737278,132,14,146,completed,2
57212,Rigid,3737132,3737264,3737282,132,18,150,completed,2
57213,Rigid,3737132,3737264,3737278,132,14,146,completed,2
57214,Rigid,3737132,3737264,3737280,132,16,148,completed,2
57215,Rigid,3737132,3737264,3737280,132,16,148,completed,2
57216,Rigid,3737132,3737264,3737278,132,14,146,completed,2
57217,Rigid,3737132,3737264,3737280,132,16,148,completed,2
57218,Rigid,3737132,3737264,3737280,132,16,148,completed,2
57219,Rigid,3737133,3737264,3737281,131,17,148,completed,2
57220,Rigid,3737133,3737264,3737282,131,18,149,completed,2
57221,Rigid,3737133,3737264,3737282,131,18,149,completed,2
57222,Rigid,3737133,3737264,3737281,131,17,148,completed,2
57223,Rigid,3737133,3737264,3737282,131,18,149,completed,2
57224,Rigid,3737133,3737264,3737282,131,18,149,completed,2
57225,Rigid,3737133,3737264,3737282,131,18,149,completed,2
57226,Rigid,3737134,3737264,3737282,130,18,148,completed,2
57227,Rigid,3737134,3737264,3737283,130,19,149,completed,2
57228,Rigid,3737134,3737264,3737280,130,16,146,completed,2
57229,Rigid,3737134,3737264,3737283,130,19,149,completed,2
57230,Rigid,3737135,3737264,3737283,129,19,148,completed,2
57231,Rigid,3737135,3737264,3737284,129,20,149,completed,2
57232,Rigid,3737135,3737264,3737283,129,19,148,completed,2
57233,Rigid,3737135,3737264,3737283,129,19,148,completed,2
57234,Rigid,3737135,3737264,3737283,129,19,148,completed,2
57235,Rigid,3737136,3737264,3737283,128,19,147,completed,2
57236,Rigid,3737136,3737264,3737283,128,19,147,completed,2
57237,Rigid,3737136,3737264,3737283,128,19,147,completed,2
57238,Rigid,3737136,3737264,3737283,128,19,147,completed,2
57239,Rigid,3737136,3737264,3737283,128,19,147,completed,2
57240,Rigid,3737137,3737264,3737283,127,19,146,completed,2
57241,Rigid,3737137,3737264,3737283,127,19,146,completed,2
57242,Rigid,3737137,3737264,3737283,127,19,146,completed,2
57243,Rigid,3737137,3737264,3737282,127,18,145,completed,2
57244,Rigid,3737137,3737264,3737283,127,19,146,completed,2
57245,Rigid,3737138,3737264,3737282,126,18,144,completed,2
57246,Rigid,3737138,3737264,3737283,126,19,145,completed,2
57247,Rigid,3737138,3737264,3737283,126,19,145,completed,2
57248,Rigid,3737138,3737264,3737283,126,19,145,completed,2
57249,Rigid,3737138,3737264,3737283,126,19,145,completed,2
57250,Rigid,3737138,3737264,3737283,126,19,145,completed,2
57251,Rigid,3737138,3737264,3737283,126,19,145,completed,2
57252,Rigid,3737139,3737264,3737283,125,19,144,completed,2
57253,Rigid,3737239,3737264,3737283,25,19,44,completed,2
57254,Rigid,3737239,3737264,3737284,25,20,45,completed,2
57255,Rigid,3737239,3737264,3737284,25,20,45,completed,2
57256,Rigid,3737239,3737264,3737283,25,19,44,completed,2
57257,Rigid,3737239,3737264,3737284,25,20,45,completed,2
57258,Rigid,3737240,3737264,3737283,24,19,43,completed,2
57259,Rigid,3737240,3737264,3737284,24,20,44,completed,2
57260,Rigid,3737240,3737264,3737283,24,19,43,completed,2
57261,Rigid,3737240,3737264,3737284,24,20,44,completed,2
57262,Rigid,3737240,3737264,3737283,24,19,43,completed,2
57263,Rigid,3737240,3737264,3737284,24,20,44,completed,2
57264,Rigid,3737240,3737264,3737284,24,20,44,completed,2
57265,Rigid,3737240,3737264,3737283,24,19,43,completed,2
57266,Rigid,3737241,3737264,3737283,23,19,42,completed,2
57267,Rigid,3737241,3737264,3737284,23,20,43,completed,2
57268,Rigid,3737241,3737264,3737284,23,20,43,completed,2
57269,Rigid,3737241,3737264,3737284,23,20,43,completed,2
57270,Rigid,3737241,3737264,3737285,23,21,44,completed,2
57271,Rigid,3737241,3737264,3737285,23,21,44,completed,2
57272,Rigid,3737241,3737264,3737286,23,22,45,completed,2
57273,Rigid,3737241,3737264,3737285,23,21,44,completed,2
57274,Rigid,3737242,3737264,3737285,22,21,43,completed,2
57275,Rigid,3737242,3737264,3737285,22,21,43,completed,2
57276,Rigid,3737242,3737264,3737285,22,21,43,completed,2
57277,Rigid,3737242,3737264,3737285,22,21,43,completed,2
57278,Rigid,3737242,3737264,3737285,22,21,43,completed,2
57279,Rigid,3737242,3737264,3737285,22,21,43,completed,2
57280,Rigid,3737242,3737264,3737286,22,22,44,completed,2
57281,Rigid,3737243,3737264,3737285,21,21,42,completed,2
57282,Rigid,3737243,3737264,3737285,21,21,42,completed,2
57283,Rigid,3737243,3737264,3737285,21,21,42,completed,2
57284,Rigid,3737243,3737264,3737285,21,21,42,completed,2
57285,Rigid,3737243,3737264,3737285,21,21,42,completed,2
57286,Rigid,3737243,3737264,3737285,21,21,42,completed,2
57287,Rigid,3737243,3737264,3737286,21,22,43,completed,2
57288,Rigid,3737243,3737264,3737286,21,22,43,completed,2
57289,Rigid,3737244,3737264,3737285,20,21,41,completed,2
57290,Rigid,3737244,3737264,3737285,20,21,41,completed,2
57291,Rigid,3737244,3737264,3737285,20,21,41,completed,2
57292,Rigid,3737244,3737264,3737285,20,21,41,completed,2
57293,Rigid,3737244,3737264,3737285,20,21,41,completed,2
57294,Rigid,3737244,3737264,3737285,20,21,41,completed,2
57295,Rigid,3737244,3737264,3737285,20,21,41,completed,2
57296,Rigid,3737244,3737264,3737286,20,22,42,completed,2
57297,Rigid,3737245,3737264,3737286,19,22,41,completed,2
57298,Rigid,3737245,3737264,3737286,19,22,41,completed,2
57299,Rigid,3737245,3737264,3737286,19,22,41,completed,2
57300,Rigid,3737245,3737264,3737285,19,21,40,completed,2
57301,Rigid,3737245,3737264,3737286,19,22,41,completed,2
57302,Rigid,3737245,3737264,3737286,19,22,41,completed,2
57303,Rigid,3737246,3737264,3737285,18,21,39,completed,2
57304,Rigid,3737246,3737264,3737286,18,22,40,completed,2
57305,Rigid,3737246,3737264,3737286,18,22,40,completed,2
57306,Rigid,3737246,3737264,3737285,18,21,39,completed,2
57307,Rigid,3737246,3737264,3737285,18,21,39,completed,2
57308,Rigid,3737246,3737264,3737286,18,22,40,completed,2
57309,Rigid,3737246,3737264,3737285,18,21,39,completed,2
57310,Rigid,3737247,3737264,3737285,17,21,38,completed,2
57311,Rigid,3737247,3737264,3737285,17,21,38,completed,2
57312,Rigid,3737247,3737264,3737285,17,21,38,completed,2
57313,Rigid,3737247,3737264,3737285,17,21,38,completed,2
57314,Rigid,3737248,3737264,3737285,16,21,37,completed,2
57315,Rigid,3737248,3737264,3737286,16,22,38,completed,2
57316,Rigid,3737248,3737264,3737285,16,21,37,completed,2
57317,Rigid,3737249,3737264,3737286,15,22,37,completed,2
57318,Rigid,3737249,3737264,3737286,15,22,37,completed,2
57319,Rigid,3737249,3737264,3737285,15,21,36,completed,2
57320,Rigid,3737249,3737264,3737286,15,22,37,completed,2
57321,Rigid,3737249,3737264,3737286,15,22,37,completed,2
57322,Rigid,3737249,3737264,3737286,15,22,37,completed,2
57323,Rigid,3737249,3737264,3737285,15,21,36,completed,2
57324,Rigid,3737250,3737296,3737310,46,14,60,completed,2
57325,Rigid,3737250,3737296,3737310,46,14,60,completed,2
57326,Rigid,3737250,3737296,3737308,46,12,58,completed,2
57327,Rigid,3737250,3737296,3737309,46,13,59,completed,2
57328,Rigid,3737250,3737296,3737308,46,12,58,completed,2
57329,Rigid,3737251,3737296,3737309,45,13,58,completed,2
57330,Rigid,3737251,3737296,3737312,45,16,61,completed,2
57331,Rigid,3737251,3737296,3737312,45,16,61,completed,2
57332,Rigid,3737251,3737296,3737312,45,16,61,completed,2
57333,Rigid,3737251,3737296,3737312,45,16,61,completed,2
57334,Rigid,3737251,3737296,3737312,45,16,61,completed,2
57335,Rigid,3737252,3737296,3737311,44,15,59,completed,2
57336,Rigid,3737252,3737296,3737312,44,16,60,completed,2
57337,Rigid,3737252,3737296,3737312,44,16,60,completed,2
57338,Rigid,3737252,3737296,3737312,44,16,60,completed,2
57339,Rigid,3737252,3737296,3737311,44,15,59,completed,2
57340,Rigid,3737253,3737296,3737312,43,16,59,completed,2
57341,Rigid,3737253,3737296,3737311,43,15,58,completed,2
57342,Rigid,3737253,3737296,3737312,43,16,59,completed,2
57343,Rigid,3737253,3737296,3737312,43,16,59,completed,2
57344,Rigid,3737253,3737296,3737312,43,16,59,completed,2
57345,Rigid,3737254,3737296,3737311,42,15,57,completed,2
57346,Rigid,3737254,3737296,3737311,42,15,57,completed,2
57347,Rigid,3737254,3737296,3737308,42,12,54,completed,2
57348,Rigid,3737254,3737296,3737308,42,12,54,completed,2
57349,Rigid,3737254,3737296,3737311,42,15,57,completed,2
57350,Rigid,3737255,3737296,3737310,41,14,55,completed,2
57351,Rigid,3737255,3737296,3737310,41,14,55,completed,2
57352,Rigid,3737255,3737296,3737310,41,14,55,completed,2
57353,Rigid,3737255,3737296,3737309,41,13,54,completed,2
57354,Rigid,3737255,3737296,3737308,41,12,53,completed,2
57355,Rigid,3737255,3737296,3737310,41,14,55,completed,2
57356,Rigid,3737256,3737296,3737309,40,13,53,completed,2
57357,Rigid,3737256,3737296,3737308,40,12,52,completed,2
57358,Rigid,3737256,3737296,3737309,40,13,53,completed,2
57359,Rigid,3737256,3737296,3737310,40,14,54,completed,2
57360,Rigid,3737256,3737296,3737309,40,13,53,completed,2
57361,Rigid,3737256,3737296,3737309,40,13,53,completed,2
57362,Rigid,3737257,3737296,3737308,39,12,51,completed,2
57363,Rigid,3737257,3737296,3737310,39,14,53,completed,2
57364,Rigid,3737257,3737296,3737312,39,16,55,completed,2
57365,Rigid,3737257,3737296,3737310,39,14,53,completed,2
57366,Rigid,3737257,3737296,3737312,39,16,55,completed,2
57367,Rigid,3737257,3737296,3737310,39,14,53,completed,2
57368,Rigid,3737257,3737296,3737311,39,15,54,completed,2
57369,Rigid,3737258,3737296,3737312,38,16,54,completed,2
57370,Rigid,3737258,3737296,3737312,38,16,54,completed,2
57371,Rigid,3737258,3737296,3737311,38,15,53,completed,2
57372,Rigid,3737258,3737296,3737312,38,16,54,completed,2
57373,Rigid,3737258,3737296,3737312,38,16,54,completed,2
57374,Rigid,3737258,3737296,3737312,38,16,54,completed,2
57375,Rigid,3737259,3737296,3737312,37,16,53,completed,2
57376,Rigid,3737259,3737296,3737312,37,16,53,completed,2
57377,Rigid,3737259,3737296,3737312,37,16,53,completed,2
57378,Rigid,3737259,3737296,3737312,37,16,53,completed,2
57379,Rigid,3737259,3737296,3737312,37,16,53,completed,2
57380,Rigid,3737259,3737296,3737312,37,16,53,completed,2
57381,Rigid,3737259,3737296,3737312,37,16,53,completed,2
57382,Rigid,3737260,3737296,3737312,36,16,52,completed,2
57383,Rigid,3737260,3737296,3737311,36,15,51,completed,2
57384,Rigid,3737260,3737296,3737311,36,15,51,completed,2
57385,Rigid,3737260,3737296,3737311,36,15,51,completed,2
57386,Rigid,3737260,3737296,3737311,36,15,51,completed,2
57387,Rigid,3737260,3737296,3737312,36,16,52,completed,2
57388,Rigid,3737260,3737296,3737312,36,16,52,completed,2
57389,Rigid,3737260,3737296,3737311,36,15,51,completed,2
57390,Rigid,3737261,3737296,3737311,35,15,50,completed,2
57391,Rigid,3737261,3737296,3737312,35,16,51,completed,2
57392,Rigid,3737261,3737296,3737312,35,16,51,completed,2
57393,Rigid,3737261,3737296,3737311,35,15,50,completed,2
57394,Rigid,3737261,3737296,3737311,35,15,50,completed,2
57395,Rigid,3737261,3737296,3737313,35,17,52,completed,2
57396,Rigid,3737261,3737296,3737311,35,15,50,completed,2
57397,Rigid,3737261,3737296,3737312,35,16,51,completed,2
57398,Rigid,3737262,3737296,3737313,34,17,51,completed,2
57399,Rigid,3737262,3737296,3737312,34,16,50,completed,2
57400,Rigid,3737262,3737296,3737313,34,17,51,completed,2
57401,Rigid,3737262,3737296,3737312,34,16,50,completed,2
57402,Rigid,3737262,3737296,3737312,34,16,50,completed,2
57403,Rigid,3737262,3737296,3737313,34,17,51,completed,2
57404,Rigid,3737262,3737296,3737312,34,16,50,completed,2
57405,Rigid,3737262,3737296,3737312,34,16,50,completed,2
57406,Rigid,3737262,3737296,3737312,34,16,50,completed,2
57407,Rigid,3737263,3737296,3737312,33,16,49,completed,2
57408,Rigid,3737263,3737296,3737312,33,16,49,completed,2
57409,Rigid,3737263,3737296,3737312,33,16,49,completed,2
57410,Rigid,3737263,3737296,3737312,33,16,49,completed,2
57411,Rigid,3737263,3737296,3737312,33,16,49,completed,2
57412,Rigid,3737263,3737296,3737313,33,17,50,completed,2
57413,Rigid,3737263,3737296,3737312,33,16,49,completed,2
57414,Rigid,3737263,3737296,3737313,33,17,50,completed,2
57415,Rigid,3737264,3737296,3737313,32,17,49,completed,2
57416,Rigid,3737264,3737296,3737313,32,17,49,completed,2
57417,Rigid,3737264,3737296,3737312,32,16,48,completed,2
57418,Rigid,3737264,3737296,3737313,32,17,49,completed,2
57419,Rigid,3737266,3737296,3737313,30,17,47,completed,2
57420,Rigid,3737266,3737296,3737313,30,17,47,completed,2
57421,Rigid,3737267,3737296,3737313,29,17,46,completed,2
57422,Rigid,3737269,3737296,3737313,27,17,44,completed,2
57423,Rigid,3737269,3737296,3737313,27,17,44,completed,2
57424,Rigid,3737269,3737296,3737313,27,17,44,completed,2
57425,Rigid,3737270,3737296,3737313,26,17,43,completed,2
57426,Rigid,3737270,3737296,3737313,26,17,43,completed,2
57427,Rigid,3737270,3737296,3737313,26,17,43,completed,2
57428,Rigid,3737270,3737296,3737313,26,17,43,completed,2
57429,Rigid,3737270,3737296,3737313,26,17,43,completed,2
57430,Rigid,3737270,3737296,3737311,26,15,41,completed,2
57431,Rigid,3737270,3737296,3737310,26,14,40,completed,2
57432,Rigid,3737270,3737296,3737311,26,15,41,completed,2
57433,Rigid,3737271,3737296,3737310,25,14,39,completed,2
57434,Rigid,3737271,3737296,3737311,25,15,40,completed,2
57435,Rigid,3737271,3737296,3737311,25,15,40,completed,2
57436,Rigid,3737292,3737433,3738280,141,847,988,completed,144
57437,Rigid,3737694,3737716,3738190,22,474,496,completed,144
57438,Rigid,3738699,3740629,3742530,1930,1901,3831,completed,144
57439,Rigid,3739065,3739074,3739976,9,902,911,completed,1
57440,Rigid,3739077,3739104,3739115,27,11,38,completed,1
57441,Rigid,3739077,3739135,3739157,58,22,80,completed,1
57442,Rigid,3739077,3739166,3739597,89,431,520,completed,2
57443,Rigid,3739077,3739166,3739604,89,438,527,completed,2
57444,Rigid,3739077,3739166,3739544,89,378,467,completed,2
57445,Rigid,3739078,3739166,3739536,88,370,458,completed,2
57446,Rigid,3739078,3739166,3739574,88,408,496,completed,2
57447,Rigid,3739078,3739166,3739563,88,397,485,completed,2
57448,Rigid,3739078,3739166,3739586,88,420,508,completed,2
57449,Rigid,3739078,3739166,3739541,88,375,463,completed,2
57450,Rigid,3739078,3739166,3739584,88,418,506,completed,2
57451,Rigid,3739078,3739166,3739550,88,384,472,completed,2
57452,Rigid,3739078,3739166,3739559,88,393,481,completed,2
57453,Rigid,3739078,3739166,3739548,88,382,470,completed,2
57454,Rigid,3739079,3739166,3739615,87,449,536,completed,2
57455,Rigid,3739079,3739166,3739561,87,395,482,completed,2
57456,Rigid,3739079,3739166,3739611,87,445,532,completed,2
57457,Rigid,3739079,3739166,3739575,87,409,496,completed,2
57458,Rigid,3739079,3739166,3739598,87,432,519,completed,2
57459,Rigid,3739079,3739166,3739602,87,436,523,completed,2
57460,Rigid,3739079,3739166,3739556,87,390,477,completed,2
57461,Rigid,3739079,3739166,3739647,87,481,568,completed,2
57462,Rigid,3739080,3739166,3739565,86,399,485,completed,2
57463,Rigid,3739080,3739166,3739559,86,393,479,completed,2
57464,Rigid,3739080,3739166,3739587,86,421,507,completed,2
57465,Rigid,3739080,3739166,3739537,86,371,457,completed,2
57466,Rigid,3739080,3739166,3739584,86,418,504,completed,2
57467,Rigid,3739080,3739166,3739546,86,380,466,completed,2
57468,Rigid,3739080,3739166,3739559,86,393,479,completed,2
57469,Rigid,3739080,3739166,3739560,86,394,480,completed,2
57470,Rigid,3739081,3739166,3739534,85,368,453,completed,2
57471,Rigid,3739081,3739166,3739522,85,356,441,completed,2
57472,Rigid,3739081,3739166,3739580,85,414,499,completed,2
57473,Rigid,3739081,3739166,3739534,85,368,453,completed,2
57474,Rigid,3739081,3739166,3739589,85,423,508,completed,2
57475,Rigid,3739081,3739166,3739602,85,436,521,completed,2
57476,Rigid,3739081,3739166,3739578,85,412,497,completed,2
57477,Rigid,3739081,3739166,3739556,85,390,475,completed,2
57478,Rigid,3739082,3739166,3739525,84,359,443,completed,2
57479,Rigid,3739082,3739166,3739580,84,414,498,completed,2
57480,Rigid,3739082,3739166,3739530,84,364,448,completed,2
57481,Rigid,3739082,3739166,3739536,84,370,454,completed,2
57482,Rigid,3739082,3739166,3739559,84,393,477,completed,2
57483,Rigid,3739082,3739166,3739565,84,399,483,completed,2
57484,Rigid,3739082,3739166,3739579,84,413,497,completed,2
57485,Rigid,3739082,3739166,3739587,84,421,505,completed,2
57486,Rigid,3739082,3739166,3739601,84,435,519,completed,2
57487,Rigid,3739083,3739166,3739662,83,496,579,completed,2
57488,Rigid,3739083,3739166,3739567,83,401,484,completed,2
57489,Rigid,3739083,3739166,3739533,83,367,450,completed,2
57490,Rigid,3739083,3739166,3739549,83,383,466,completed,2
57491,Rigid,3739083,3739166,3739502,83,336,419,completed,2
57492,Rigid,3739083,3739166,3739646,83,480,563,completed,2
57493,Rigid,3739083,3739166,3739577,83,411,494,completed,2
57494,Rigid,3739083,3739166,3739536,83,370,453,completed,2
57495,Rigid,3739083,3739166,3739560,83,394,477,completed,2
57496,Rigid,3739084,3739166,3739584,82,418,500,completed,2
57497,Rigid,3739084,3739166,3739568,82,402,484,completed,2
57498,Rigid,3739084,3739166,3739555,82,389,471,completed,2
57499,Rigid,3739084,3739166,3739555,82,389,471,completed,2
57500,Rigid,3739084,3739166,3739589,82,423,505,completed,2
57501,Rigid,3739084,3739166,3739574,82,408,490,completed,2
57502,Rigid,3739084,3739166,3739539,82,373,455,completed,2
57503,Rigid,3739084,3739166,3739571,82,405,487,completed,2
57504,Rigid,3739085,3739166,3739567,81,401,482,completed,2
57505,Rigid,3739085,3739166,3739640,81,474,555,completed,2
57506,Rigid,3739085,3739166,3739533,81,367,448,completed,2
57507,Rigid,3739085,3739166,3739521,81,355,436,completed,2
57508,Rigid,3739085,3739166,3739548,81,382,463,completed,2
57509,Rigid,3739085,3739166,3739559,81,393,474,completed,2
57510,Rigid,3739085,3739166,3739654,81,488,569,completed,2
57511,Rigid,3739085,3739166,3739544,81,378,459,completed,2
57512,Rigid,3739085,3739166,3739523,81,357,438,completed,2
57513,Rigid,3739086,3739166,3739558,80,392,472,completed,2
57514,Rigid,3739086,3739166,3739546,80,380,460,completed,2
57515,Rigid,3739086,3739166,3739526,80,360,440,completed,2
57516,Rigid,3739086,3739166,3739574,80,408,488,completed,2
57517,Rigid,3739086,3739166,3739619,80,453,533,completed,2
57518,Rigid,3739086,3739166,3739579,80,413,493,completed,2
57519,Rigid,3739086,3739166,3739546,80,380,460,completed,2
57520,Rigid,3739086,3739166,3739527,80,361,441,completed,2
57521,Rigid,3739087,3739166,3739538,79,372,451,completed,2
57522,Rigid,3739087,3739166,3739543,79,377,456,completed,2
57523,Rigid,3739087,3739166,3739548,79,382,461,completed,2
57524,Rigid,3739087,3739166,3739624,79,458,537,completed,2
57525,Rigid,3739087,3739166,3739549,79,383,462,completed,2
57526,Rigid,3739087,3739166,3739554,79,388,467,completed,2
57527,Rigid,3739087,3739166,3739546,79,380,459,completed,2
57528,Rigid,3739087,3739166,3739554,79,388,467,completed,2
57529,Rigid,3739088,3739166,3739546,78,380,458,completed,2
57530,Rigid,3739088,3739166,3739559,78,393,471,completed,2
57531,Rigid,3739088,3739166,3739583,78,417,495,completed,2
57532,Rigid,3739088,3739166,3739554,78,388,466,completed,2
57533,Rigid,3739088,3739166,3739578,78,412,490,completed,2
57534,Rigid,3739088,3739166,3739574,78,408,486,completed,2
57535,Rigid,3739088,3739166,3739602,78,436,514,completed,2
57536,Rigid,3739088,3739166,3739607,78,441,519,completed,2
57537,Rigid,3739088,3739166,3739511,78,345,423,completed,2
57538,Rigid,3739089,3739166,3739557,77,391,468,completed,2
57539,Rigid,3739089,3739166,3739622,77,456,533,completed,2
57540,Rigid,3739089,3739166,3739651,77,485,562,completed,2
57541,Rigid,3739089,3739166,3739511,77,345,422,completed,2
57542,Rigid,3739089,3739166,3739554,77,388,465,completed,2
57543,Rigid,3739089,3739166,3739525,77,359,436,completed,2
57544,Rigid,3739089,3739166,3739554,77,388,465,completed,2
57545,Rigid,3739089,3739166,3739558,77,392,469,completed,2
57546,Rigid,3739089,3739166,3739506,77,340,417,completed,2
57547,Rigid,3739090,3739166,3739530,76,364,440,completed,2
57548,Rigid,3739090,3739166,3739544,76,378,454,completed,2
57549,Rigid,3739090,3739166,3739586,76,420,496,completed,2
57550,Rigid,3739090,3739166,3739601,76,435,511,completed,2
57551,Rigid,3739090,3739166,3739566,76,400,476,completed,2
57552,Rigid,3739090,3739166,3739615,76,449,525,completed,2
57553,Rigid,3739090,3739166,3739570,76,404,480,completed,2
57554,Rigid,3739091,3739166,3739547,75,381,456,completed,2
57555,Rigid,3739091,3739166,3739564,75,398,473,completed,2
57556,Rigid,3739091,3739166,3739536,75,370,445,completed,2
57557,Rigid,3739091,3739166,3739581,75,415,490,completed,2
57558,Rigid,3739091,3739166,3739628,75,462,537,completed,2
57559,Rigid,3739091,3739166,3739581,75,415,490,completed,2
57560,Rigid,3739091,3739166,3739536,75,370,445,completed,2
57561,Rigid,3739091,3739166,3739561,75,395,470,completed,2
57562,Rigid,3739092,3739166,3739547,74,381,455,completed,2
57563,Rigid,3739092,3739166,3739570,74,404,478,completed,2
57564,Rigid,3739092,3739166,3739558,74,392,466,completed,2
57565,Rigid,3739092,3739166,3739554,74,388,462,completed,2
57566,Rigid,3739092,3739166,3739571,74,405,479,completed,2
57567,Rigid,3739092,3739166,3739674,74,508,582,completed,2
57568,Rigid,3739092,3739166,3739566,74,400,474,completed,2
57569,Rigid,3739092,3739166,3739635,74,469,543,completed,2
57570,Rigid,3739092,3739166,3739529,74,363,437,completed,2
57571,Rigid,3739093,3739166,3739529,73,363,436,completed,2
57572,Rigid,3739093,3739166,3739548,73,382,455,completed,2
57573,Rigid,3739093,3739166,3739576,73,410,483,completed,2
57574,Rigid,3739093,3739166,3739591,73,425,498,completed,2
57575,Rigid,3739093,3739166,3739562,73,396,469,completed,2
57576,Rigid,3739093,3739166,3739606,73,440,513,completed,2
57577,Rigid,3739093,3739166,3739587,73,421,494,completed,2
57578,Rigid,3739094,3739166,3739529,72,363,435,completed,2
57579,Rigid,3739094,3739166,3739544,72,378,450,completed,2
57580,Rigid,3739094,3739166,3739575,72,409,481,completed,2
57581,Rigid,3739094,3739166,3739554,72,388,460,completed,2
57582,Rigid,3739094,3739166,3739599,72,433,505,completed,2
57583,Rigid,3739094,3739166,3739578,72,412,484,completed,2
57584,Rigid,3739094,3739519,3739899,425,380,805,completed,2
57585,Rigid,3739094,3739519,3739861,425,342,767,completed,2
57586,Rigid,3739094,3739519,3739899,425,380,805,completed,2
57587,Rigid,3739095,3739519,3739869,424,350,774,completed,2
57588,Rigid,3739095,3739552,3739899,457,347,804,completed,2
57589,Rigid,3739095,3739552,3739950,457,398,855,completed,2
57590,Rigid,3739095,3739552,3740034,457,482,939,completed,2
57591,Rigid,3739095,3739552,3739893,457,341,798,completed,2
57592,Rigid,3739095,3739552,3740042,457,490,947,completed,2
57593,Rigid,3739095,3739552,3739929,457,377,834,completed,2
57594,Rigid,3739095,3739552,3739906,457,354,811,completed,2
57595,Rigid,3739096,3739552,3739913,456,361,817,completed,2
57596,Rigid,3739096,3739552,3740010,456,458,914,completed,2
57597,Rigid,3739096,3739552,3740013,456,461,917,completed,2
57598,Rigid,3739096,3739552,3739929,456,377,833,completed,2
57599,Rigid,3739096,3739552,3739988,456,436,892,completed,2
57600,Rigid,3739096,3739552,3740017,456,465,921,completed,2
57601,Rigid,3739096,3739552,3739887,456,335,791,completed,2
57602,Rigid,3739096,3739552,3739901,456,349,805,completed,2
57603,Rigid,3739097,3739552,3739959,455,407,862,completed,2
57604,Rigid,3739097,3739552,3739966,455,414,869,completed,2
57605,Rigid,3739097,3739552,3739955,455,403,858,completed,2
57606,Rigid,3739097,3739552,3739874,455,322,777,completed,2
57607,Rigid,3739097,3739552,3739909,455,357,812,completed,2
57608,Rigid,3739097,3739552,3739899,455,347,802,completed,2
57609,Rigid,3739097,3739552,3739923,455,371,826,completed,2
57610,Rigid,3739097,3739552,3740009,455,457,912,completed,2
57611,Rigid,3739098,3739552,3739886,454,334,788,completed,2
57612,Rigid,3739098,3739552,3739997,454,445,899,completed,2
57613,Rigid,3739098,3739552,3739988,454,436,890,completed,2
57614,Rigid,3739098,3739552,3739909,454,357,811,completed,2
57615,Rigid,3739098,3739552,3739966,454,414,868,completed,2
57616,Rigid,3739098,3739552,3739958,454,406,860,completed,2
57617,Rigid,3739098,3739552,3739870,454,318,772,completed,2
57618,Rigid,3739098,3739552,3739942,454,390,844,completed,2
57619,Rigid,3739098,3739552,3739986,454,434,888,completed,2
57620,Rigid,3739099,3739552,3739921,453,369,822,completed,2
57621,Rigid,3739099,3739552,3740016,453,464,917,completed,2
57622,Rigid,3739099,3739552,3739973,453,421,874,completed,2
57623,Rigid,3739099,3739552,3739914,453,362,815,completed,2
57624,Rigid,3739099,3739552,3739919,453,367,820,completed,2
57625,Rigid,3739099,3739552,3740047,453,495,948,completed,2
57626,Rigid,3739099,3739552,3739948,453,396,849,completed,2
57627,Rigid,3739100,3739552,3740032,452,480,932,completed,2
57628,Rigid,3739100,3739552,3739905,452,353,805,completed,2
57629,Rigid,3739100,3739552,3739962,452,410,862,completed,2
57630,Rigid,3739100,3739552,3739946,452,394,846,completed,2
57631,Rigid,3739100,3739552,3739967,452,415,867,completed,2
57632,Rigid,3739101,3739584,3740057,483,473,956,completed,2
57633,Rigid,3739101,3739584,3739935,483,351,834,completed,2
57634,Rigid,3739101,3739584,3739911,483,327,810,completed,2
57635,Rigid,3739101,3739584,3740017,483,433,916,completed,2
57636,Rigid,3739101,3739584,3739955,483,371,854,completed,2
57637,Rigid,3739101,3739584,3739904,483,320,803,completed,2
57638,Rigid,3739101,3739617,3740186,516,569,1085,completed,2
57639,Rigid,3739101,3739617,3740022,516,405,921,completed,2
57640,Rigid,3739102,3739584,3739947,482,363,845,completed,2
57641,Rigid,3739102,3739584,3739938,482,354,836,completed,2
57642,Rigid,3739102,3739584,3739962,482,378,860,completed,2
57643,Rigid,3739102,3739584,3739964,482,380,862,completed,2
57644,Rigid,3739102,3739584,3739954,482,370,852,completed,2
57645,Rigid,3739102,3739617,3740049,515,432,947,completed,2
57646,Rigid,3739102,3739584,3740050,482,466,948,completed,2
57647,Rigid,3739102,3739584,3739969,482,385,867,completed,2
57648,Rigid,3739103,3739584,3740102,481,518,999,completed,2
57649,Rigid,3739103,3739584,3739964,481,380,861,completed,2
57650,Rigid,3739103,3739617,3740030,514,413,927,completed,2
57651,Rigid,3739103,3739584,3739958,481,374,855,completed,2
57652,Rigid,3739103,3739584,3739950,481,366,847,completed,2
57653,Rigid,3739103,3739584,3740011,481,427,908,completed,2
57654,Rigid,3739103,3739584,3739947,481,363,844,completed,2
57655,Rigid,3739103,3739584,3739944,481,360,841,completed,2
57656,Rigid,3739104,3739584,3739943,480,359,839,completed,2
57657,Rigid,3739104,3739584,3740018,480,434,914,completed,2
57658,Rigid,3739104,3739584,3739964,480,380,860,completed,2
57659,Rigid,3739104,3739584,3739924,480,340,820,completed,2
57660,Rigid,3739104,3739584,3739956,480,372,852,completed,2
57661,Rigid,3739104,3739584,3739906,480,322,802,completed,2
57662,Rigid,3739104,3739584,3739972,480,388,868,completed,2
57663,Rigid,3739105,3739584,3740019,479,435,914,completed,2
57664,Rigid,3739105,3739584,3739978,479,394,873,completed,2
57665,Rigid,3739106,3739584,3740006,478,422,900,completed,2
57666,Rigid,3739106,3739584,3739954,478,370,848,completed,2
57667,Rigid,3739106,3739617,3740055,511,438,949,completed,2
57668,Rigid,3739106,3739617,3739982,511,365,876,completed,2
57669,Rigid,3739106,3739617,3739982,511,365,876,completed,2
57670,Rigid,3739106,3739617,3739956,511,339,850,completed,2
57671,Rigid,3739106,3739617,3740067,511,450,961,completed,2
57672,Rigid,3739106,3739617,3739959,511,342,853,completed,2
57673,Rigid,3739107,3739617,3739933,510,316,826,completed,2
57674,Rigid,3739107,3739617,3740076,510,459,969,completed,2
57675,Rigid,3739107,3739617,3739988,510,371,881,completed,2
57676,Rigid,3739107,3739617,3740000,510,383,893,completed,2
57677,Rigid,3739107,3739617,3739953,510,336,846,completed,2
57678,Rigid,3739107,3739617,3740100,510,483,993,completed,2
57679,Rigid,3739107,3739617,3739983,510,366,876,completed,2
57680,Rigid,3739108,3739617,3739961,509,344,853,completed,2
57681,Rigid,3739108,3739617,3740005,509,388,897,completed,2
57682,Rigid,3739108,3739617,3739997,509,380,889,completed,2
57683,Rigid,3739108,3739617,3740010,509,393,902,completed,2
57684,Rigid,3739108,3739617,3740005,509,388,897,completed,2
57685,Rigid,3739108,3739617,3739997,509,380,889,completed,2
57686,Rigid,3739109,3739617,3739989,508,372,880,completed,2
57687,Rigid,3739109,3739617,3739926,508,309,817,completed,2
57688,Rigid,3739109,3739617,3739936,508,319,827,completed,2
57689,Rigid,3739109,3739617,3740023,508,406,914,completed,2
57690,Rigid,3739110,3739617,3739947,507,330,837,completed,2
57691,Rigid,3739110,3739617,3740062,507,445,952,completed,2
57692,Rigid,3739110,3739617,3739972,507,355,862,completed,2
57693,Rigid,3739110,3739617,3740008,507,391,898,completed,2
57694,Rigid,3739110,3739617,3739968,507,351,858,completed,2
57695,Rigid,3739111,3739617,3739971,506,354,860,completed,2
57696,Rigid,3739111,3739617,3740099,506,482,988,completed,2
57697,Rigid,3739111,3739617,3740029,506,412,918,completed,2
57698,Rigid,3739111,3739617,3739966,506,349,855,completed,2
57699,Rigid,3739111,3739617,3740031,506,414,920,completed,2
57700,Rigid,3739111,3739617,3740013,506,396,902,completed,2
57701,Rigid,3739111,3739617,3739955,506,338,844,completed,2
57702,Rigid,3739112,3739617,3740004,505,387,892,completed,2
57703,Rigid,3739112,3739617,3740107,505,490,995,completed,2
57704,Rigid,3739112,3739617,3740055,505,438,943,completed,2
57705,Rigid,3739112,3739617,3740006,505,389,894,completed,2
57706,Rigid,3739112,3739617,3739996,505,379,884,completed,2
57707,Rigid,3739113,3739617,3740104,504,487,991,completed,2
57708,Rigid,3739113,3739617,3739957,504,340,844,completed,2
57709,Rigid,3739113,3739617,3739951,504,334,838,completed,2
57710,Rigid,3739113,3739617,3739980,504,363,867,completed,2
57711,Rigid,3739113,3739617,3740113,504,496,1000,completed,2
57712,Rigid,3739114,3739617,3740011,503,394,897,completed,2
57713,Rigid,3739114,3739617,3740052,503,435,938,completed,2
57714,Rigid,3739114,3739649,3740026,535,377,912,completed,2
57715,Rigid,3739114,3739649,3739997,535,348,883,completed,2
57716,Rigid,3739114,3739649,3740143,535,494,1029,completed,2
57717,Rigid,3739114,3739649,3739970,535,321,856,completed,2
57718,Rigid,3739114,3739649,3740125,535,476,1011,completed,2
57719,Rigid,3739114,3739649,3740054,535,405,940,completed,2
57720,Rigid,3739114,3739649,3740014,535,365,900,completed,2
57721,Rigid,3739115,3739649,3740067,534,418,952,completed,2
57722,Rigid,3739115,3739682,3740006,567,324,891,completed,2
57723,Rigid,3739115,3739682,3740078,567,396,963,completed,2
57724,Rigid,3739115,3739682,3740016,567,334,901,completed,2
57725,Rigid,3739115,3739682,3740062,567,380,947,completed,2
57726,Rigid,3739115,3739864,3740199,749,335,1084,completed,2
57727,Rigid,3739115,3739897,3740315,782,418,1200,completed,2
57728,Rigid,3739116,3739897,3740427,781,530,1311,completed,2
57729,Rigid,3739116,3739897,3740317,781,420,1201,completed,2
57730,Rigid,3739116,3739897,3740252,781,355,1136,completed,2
57731,Rigid,3739116,3739897,3740283,781,386,1167,completed,2
57732,Rigid,3739116,3739897,3740269,781,372,1153,completed,2
57733,Rigid,3739116,3739929,3740409,813,480,1293,completed,2
57734,Rigid,3739116,3739962,3740347,846,385,1231,completed,2
57735,Rigid,3739116,3739962,3740343,846,381,1227,completed,2
57736,Rigid,3739117,3739929,3740365,812,436,1248,completed,2
57737,Rigid,3739117,3739929,3740287,812,358,1170,completed,2
57738,Rigid,3739117,3739929,3740309,812,380,1192,completed,2
57739,Rigid,3739117,3739929,3740322,812,393,1205,completed,2
57740,Rigid,3739117,3739929,3740432,812,503,1315,completed,2
57741,Rigid,3739117,3739929,3740343,812,414,1226,completed,2
57742,Rigid,3739118,3739929,3740303,811,374,1185,completed,2
57743,Rigid,3739118,3739929,3740422,811,493,1304,completed,2
57744,Rigid,3739118,3739929,3740240,811,311,1122,completed,2
57745,Rigid,3739118,3739929,3740277,811,348,1159,completed,2
57746,Rigid,3739118,3739929,3740356,811,427,1238,completed,2
57747,Rigid,3739118,3739929,3740426,811,497,1308,completed,2
57748,Rigid,3739119,3739929,3740307,810,378,1188,completed,2
57749,Rigid,3739119,3739929,3740285,810,356,1166,completed,2
57750,Rigid,3739119,3739962,3740372,843,410,1253,completed,2
57751,Rigid,3739119,3739962,3740305,843,343,1186,completed,2
57752,Rigid,3739119,3739962,3740316,843,354,1197,completed,2
57753,Rigid,3739119,3739962,3740391,843,429,1272,completed,2
57754,Rigid,3739119,3739962,3740366,843,404,1247,completed,2
57755,Rigid,3739120,3739962,3740307,842,345,1187,completed,2
57756,Rigid,3739120,3739962,3740437,842,475,1317,completed,2
57757,Rigid,3739120,3739962,3740301,842,339,1181,completed,2
57758,Rigid,3739120,3739962,3740405,842,443,1285,completed,2
57759,Rigid,3739120,3739962,3740272,842,310,1152,completed,2
57760,Rigid,3739120,3739962,3740347,842,385,1227,completed,2
57761,Rigid,3739120,3739962,3740365,842,403,1245,completed,2
57762,Rigid,3739121,3739962,3740316,841,354,1195,completed,2
57763,Rigid,3739121,3739962,3740377,841,415,1256,completed,2
57764,Rigid,3739121,3739994,3740300,873,306,1179,completed,2
57765,Rigid,3739121,3739994,3740401,873,407,1280,completed,2
57766,Rigid,3739121,3739962,3740333,841,371,1212,completed,2
57767,Rigid,3739121,3739962,3740431,841,469,1310,completed,2
57768,Rigid,3739121,3739962,3740324,841,362,1203,completed,2
57769,Rigid,3739122,3739962,3740303,840,341,1181,completed,2
57770,Rigid,3739122,3739962,3740326,840,364,1204,completed,2
57771,Rigid,3739122,3739962,3740389,840,427,1267,completed,2
57772,Rigid,3739122,3739962,3740328,840,366,1206,completed,2
57773,Rigid,3739122,3739962,3740422,840,460,1300,completed,2
57774,Rigid,3739122,3739962,3740351,840,389,1229,completed,2
57775,Rigid,3739122,3739994,3740349,872,355,1227,completed,2
57776,Rigid,3739122,3739994,3740400,872,406,1278,completed,2
57777,Rigid,3739123,3739994,3740315,871,321,1192,completed,2
57778,Rigid,3739123,3739994,3740363,871,369,1240,completed,2
57779,Rigid,3739123,3739994,3740359,871,365,1236,completed,2
57780,Rigid,3739123,3739994,3740398,871,404,1275,completed,2
57781,Rigid,3739123,3739994,3740300,871,306,1177,completed,2
57782,Rigid,3739123,3739994,3740445,871,451,1322,completed,2
57783,Rigid,3739124,3739994,3740478,870,484,1354,completed,2
57784,Rigid,3739124,3739994,3740435,870,441,1311,completed,2
57785,Rigid,3739124,3739994,3740336,870,342,1212,completed,2
57786,Rigid,3739124,3739994,3740288,870,294,1164,completed,2
57787,Rigid,3739124,3739994,3740387,870,393,1263,completed,2
57788,Rigid,3739124,3739994,3740312,870,318,1188,completed,2
57789,Rigid,3739124,3739994,3740366,870,372,1242,completed,2
57790,Rigid,3739124,3739994,3740349,870,355,1225,completed,2
57791,Rigid,3739125,3739994,3740527,869,533,1402,completed,2
57792,Rigid,3739125,3739994,3740387,869,393,1262,completed,2
57793,Rigid,3739125,3739994,3740367,869,373,1242,completed,2
57794,Rigid,3739125,3739994,3740403,869,409,1278,completed,2
57795,Rigid,3739125,3739994,3740336,869,342,1211,completed,2
57796,Rigid,3739125,3739994,3740326,869,332,1201,completed,2
57797,Rigid,3739125,3739994,3740351,869,357,1226,completed,2
57798,Rigid,3739125,3739994,3740412,869,418,1287,completed,2
57799,Rigid,3739126,3739994,3740380,868,386,1254,completed,2
57800,Rigid,3739126,3739994,3740338,868,344,1212,completed,2
57801,Rigid,3739126,3739994,3740407,868,413,1281,completed,2
57802,Rigid,3739126,3739994,3740387,868,393,1261,completed,2
57803,Rigid,3739126,3739994,3740352,868,358,1226,completed,2
57804,Rigid,3739126,3739994,3740320,868,326,1194,completed,2
57805,Rigid,3739126,3739994,3740395,868,401,1269,completed,2
57806,Rigid,3739126,3739994,3740329,868,335,1203,completed,2
57807,Rigid,3739127,3739994,3740403,867,409,1276,completed,2
57808,Rigid,3739127,3739994,3740379,867,385,1252,completed,2
57809,Rigid,3739127,3740027,3740446,900,419,1319,completed,2
57810,Rigid,3739127,3740027,3740391,900,364,1264,completed,2
57811,Rigid,3739127,3740027,3740378,900,351,1251,completed,2
57812,Rigid,3739127,3740027,3740447,900,420,1320,completed,2
57813,Rigid,3739127,3740027,3740317,900,290,1190,completed,2
57814,Rigid,3739127,3740027,3740500,900,473,1373,completed,2
57815,Rigid,3739128,3740027,3740368,899,341,1240,completed,2
57816,Rigid,3739128,3740027,3740508,899,481,1380,completed,2
57817,Rigid,3739128,3740027,3740402,899,375,1274,completed,2
57818,Rigid,3739128,3740027,3740361,899,334,1233,completed,2
57819,Rigid,3739128,3740027,3740460,899,433,1332,completed,2
57820,Rigid,3739128,3740027,3740427,899,400,1299,completed,2
57821,Rigid,3739128,3740027,3740387,899,360,1259,completed,2
57822,Rigid,3739129,3740027,3740541,898,514,1412,completed,2
57823,Rigid,3739129,3740027,3740405,898,378,1276,completed,2
57824,Rigid,3739129,3740027,3740403,898,376,1274,completed,2
57825,Rigid,3739129,3740027,3740354,898,327,1225,completed,2
57826,Rigid,3739129,3740027,3740442,898,415,1313,completed,2
57827,Rigid,3739129,3740027,3740350,898,323,1221,completed,2
57828,Rigid,3739129,3740027,3740426,898,399,1297,completed,2
57829,Rigid,3739129,3740027,3740354,898,327,1225,completed,2
57830,Rigid,3739130,3740027,3740402,897,375,1272,completed,2
57831,Rigid,3739130,3740027,3740416,897,389,1286,completed,2
57832,Rigid,3739130,3740027,3740385,897,358,1255,completed,2
57833,Rigid,3739130,3740027,3740428,897,401,1298,completed,2
57834,Rigid,3739130,3740027,3740380,897,353,1250,completed,2
57835,Rigid,3739130,3740027,3740440,897,413,1310,completed,2
57836,Rigid,3739130,3740027,3740376,897,349,1246,completed,2
57837,Rigid,3739130,3740027,3740533,897,506,1403,completed,2
57838,Rigid,3739131,3740027,3740467,896,440,1336,completed,2
57839,Rigid,3739131,3740059,3740445,928,386,1314,completed,2
57840,Rigid,3739131,3740059,3740475,928,416,1344,completed,2
57841,Rigid,3739131,3740059,3740574,928,515,1443,completed,2
57842,Rigid,3739131,3740059,3740438,928,379,1307,completed,2
57843,Rigid,3739131,3740059,3740438,928,379,1307,completed,2
57844,Rigid,3739131,3740059,3740582,928,523,1451,completed,2
57845,Rigid,3739131,3740059,3740420,928,361,1289,completed,2
57846,Rigid,3739132,3740059,3740550,927,491,1418,completed,2
57847,Rigid,3739132,3740059,3740529,927,470,1397,completed,2
57848,Rigid,3739132,3740059,3740403,927,344,1271,completed,2
57849,Rigid,3739132,3740059,3740538,927,479,1406,completed,2
57850,Rigid,3739132,3740059,3740394,927,335,1262,completed,2
57851,Rigid,3739132,3740059,3740472,927,413,1340,completed,2
57852,Rigid,3739132,3740059,3740499,927,440,1367,completed,2
57853,Rigid,3739132,3740092,3740425,960,333,1293,completed,2
57854,Rigid,3739133,3740092,3740419,959,327,1286,completed,2
57855,Rigid,3739133,3740092,3740592,959,500,1459,completed,2
57856,Rigid,3739133,3740092,3740458,959,366,1325,completed,2
57857,Rigid,3739133,3740092,3740486,959,394,1353,completed,2
57858,Rigid,3739133,3740092,3740481,959,389,1348,completed,2
57859,Rigid,3739134,3740128,3740546,994,418,1412,completed,2
57860,Rigid,3739134,3740128,3740489,994,361,1355,completed,2
57861,Rigid,3739134,3740128,3740503,994,375,1369,completed,2
57862,Rigid,3739134,3740128,3740531,994,403,1397,completed,2
57863,Rigid,3739134,3740128,3740529,994,401,1395,completed,2
57864,Rigid,3739134,3740128,3740508,994,380,1374,completed,2
57865,Rigid,3739134,3740128,3740594,994,466,1460,completed,2
57866,Rigid,3739134,3740161,3740547,1027,386,1413,completed,2
57867,Rigid,3739135,3740196,3740607,1061,411,1472,completed,2
57868,Rigid,3739135,3740228,3740548,1093,320,1413,completed,2
57869,Rigid,3739135,3740261,3740591,1126,330,1456,completed,2
57870,Rigid,3739135,3740261,3740659,1126,398,1524,completed,2
57871,Rigid,3739135,3740296,3740674,1161,378,1539,completed,2
57872,Rigid,3739136,3740296,3740783,1160,487,1647,completed,2
57873,Rigid,3739136,3740296,3740658,1160,362,1522,completed,2
57874,Rigid,3739136,3740296,3740672,1160,376,1536,completed,2
57875,Rigid,3739137,3740296,3740663,1159,367,1526,completed,2
57876,Rigid,3739137,3740296,3740675,1159,379,1538,completed,2
57877,Rigid,3739137,3740296,3740663,1159,367,1526,completed,2
57878,Rigid,3739137,3740331,3740703,1194,372,1566,completed,2
57879,Rigid,3739137,3740331,3740676,1194,345,1539,completed,2
57880,Rigid,3739137,3740331,3740733,1194,402,1596,completed,2
57881,Rigid,3739137,3740331,3740693,1194,362,1556,completed,2
57882,Rigid,3739137,3740331,3740699,1194,368,1562,completed,2
57883,Rigid,3739138,3740331,3740715,1193,384,1577,completed,2
57884,Rigid,3739138,3740331,3740727,1193,396,1589,completed,2
57885,Rigid,3739138,3740331,3740700,1193,369,1562,completed,2
57886,Rigid,3739138,3740331,3740789,1193,458,1651,completed,2
57887,Rigid,3739138,3740331,3740667,1193,336,1529,completed,2
57888,Rigid,3739138,3740331,3740663,1193,332,1525,completed,2
57889,Rigid,3739138,3740331,3740698,1193,367,1560,completed,2
57890,Rigid,3739138,3740331,3740661,1193,330,1523,completed,2
57891,Rigid,3739139,3740331,3740674,1192,343,1535,completed,2
57892,Rigid,3739139,3740331,3740800,1192,469,1661,completed,2
57893,Rigid,3739139,3740331,3740681,1192,350,1542,completed,2
57894,Rigid,3739140,3740331,3740766,1191,435,1626,completed,2
57895,Rigid,3739140,3740331,3740678,1191,347,1538,completed,2
57896,Rigid,3739140,3740331,3740691,1191,360,1551,completed,2
57897,Rigid,3739140,3740331,3740680,1191,349,1540,completed,2
57898,Rigid,3739140,3740331,3740684,1191,353,1544,completed,2
57899,Rigid,3739140,3740331,3740726,1191,395,1586,completed,2
57900,Rigid,3739140,3740331,3740653,1191,322,1513,completed,2
57901,Rigid,3739141,3740363,3740763,1222,400,1622,completed,2
57902,Rigid,3739141,3740363,3740875,1222,512,1734,completed,2
57903,Rigid,3739141,3740363,3740764,1222,401,1623,completed,2
57904,Rigid,3739141,3740396,3740762,1255,366,1621,completed,2
57905,Rigid,3739141,3740363,3740762,1222,399,1621,completed,2
57906,Rigid,3739141,3740363,3740734,1222,371,1593,completed,2
57907,Rigid,3739141,3740363,3740750,1222,387,1609,completed,2
57908,Rigid,3739141,3740363,3740696,1222,333,1555,completed,2
57909,Rigid,3739142,3740363,3740900,1221,537,1758,completed,2
57910,Rigid,3739142,3740363,3740649,1221,286,1507,completed,2
57911,Rigid,3739142,3740363,3740771,1221,408,1629,completed,2
57912,Rigid,3739142,3740363,3740723,1221,360,1581,completed,2
57913,Rigid,3739142,3740363,3740732,1221,369,1590,completed,2
57914,Rigid,3739142,3740363,3740751,1221,388,1609,completed,2
57915,Rigid,3739142,3740363,3740797,1221,434,1655,completed,2
57916,Rigid,3739142,3740363,3740709,1221,346,1567,completed,2
57917,Rigid,3739143,3740363,3740821,1220,458,1678,completed,2
57918,Rigid,3739143,3740396,3740783,1253,387,1640,completed,2
57919,Rigid,3739143,3740396,3740800,1253,404,1657,completed,2
57920,Rigid,3739143,3740396,3740718,1253,322,1575,completed,2
57921,Rigid,3739143,3740396,3740833,1253,437,1690,completed,2
57922,Rigid,3739143,3740396,3740799,1253,403,1656,completed,2
57923,Rigid,3739143,3740396,3740739,1253,343,1596,completed,2
57924,Rigid,3739144,3740396,3740864,1252,468,1720,completed,2
57925,Rigid,3739144,3740396,3740756,1252,360,1612,completed,2
57926,Rigid,3739144,3740396,3740851,1252,455,1707,completed,2
57927,Rigid,3739144,3740396,3740740,1252,344,1596,completed,2
57928,Rigid,3739144,3740396,3740761,1252,365,1617,completed,2
57929,Rigid,3739144,3740396,3740855,1252,459,1711,completed,2
57930,Rigid,3739144,3740396,3740848,1252,452,1704,completed,2
57931,Rigid,3739144,3740396,3740756,1252,360,1612,completed,2
57932,Rigid,3739145,3740396,3740811,1251,415,1666,completed,2
57933,Rigid,3739145,3740396,3740769,1251,373,1624,completed,2
57934,Rigid,3739145,3740396,3740695,1251,299,1550,completed,2
57935,Rigid,3739145,3740396,3740833,1251,437,1688,completed,2
57936,Rigid,3739145,3740396,3740707,1251,311,1562,completed,2
57937,Rigid,3739145,3740396,3740779,1251,383,1634,completed,2
57938,Rigid,3739145,3740396,3740832,1251,436,1687,completed,2
57939,Rigid,3739246,3740396,3740824,1150,428,1578,completed,2
57940,Rigid,3739546,3740429,3740856,883,427,1310,completed,2
57941,Rigid,3739547,3740429,3740760,882,331,1213,completed,2
57942,Rigid,3739547,3740429,3740878,882,449,1331,completed,2
57943,Rigid,3739547,3740429,3740855,882,426,1308,completed,2
57944,Rigid,3739547,3740429,3740750,882,321,1203,completed,2
57945,Rigid,3739548,3740429,3740859,881,430,1311,completed,2
57946,Rigid,3739548,3740429,3740862,881,433,1314,completed,2
57947,Rigid,3739548,3740461,3740826,913,365,1278,completed,2
57948,Rigid,3739548,3740429,3740813,881,384,1265,completed,2
57949,Rigid,3739548,3740429,3740785,881,356,1237,completed,2
57950,Rigid,3739548,3740429,3740869,881,440,1321,completed,2
57951,Rigid,3739549,3740429,3740892,880,463,1343,completed,2
57952,Rigid,3739549,3740429,3740781,880,352,1232,completed,2
57953,Rigid,3739549,3740429,3740881,880,452,1332,completed,2
57954,Rigid,3739549,3740429,3740826,880,397,1277,completed,2
57955,Rigid,3739549,3740429,3740781,880,352,1232,completed,2
57956,Rigid,3739549,3740429,3740766,880,337,1217,completed,2
57957,Rigid,3739549,3740429,3740783,880,354,1234,completed,2
57958,Rigid,3739549,3740429,3740786,880,357,1237,completed,2
57959,Rigid,3739550,3740461,3740815,911,354,1265,completed,2
57960,Rigid,3739550,3740429,3740798,879,369,1248,completed,2
57961,Rigid,3739550,3740429,3740763,879,334,1213,completed,2
57962,Rigid,3739550,3740429,3740792,879,363,1242,completed,2
57963,Rigid,3739550,3740429,3740860,879,431,1310,completed,2
57964,Rigid,3739550,3740429,3740826,879,397,1276,completed,2
57965,Rigid,3739550,3740429,3740750,879,321,1200,completed,2
57966,Rigid,3739551,3740461,3740928,910,467,1377,completed,2
57967,Rigid,3739551,3740461,3740846,910,385,1295,completed,2
57968,Rigid,3739551,3740461,3740889,910,428,1338,completed,2
57969,Rigid,3739551,3740461,3740791,910,330,1240,completed,2
57970,Rigid,3739551,3740493,3740861,942,368,1310,completed,2
57971,Rigid,3739551,3740461,3740875,910,414,1324,completed,2
57972,Rigid,3739551,3740461,3740986,910,525,1435,completed,2
57973,Rigid,3739551,3740461,3740774,910,313,1223,completed,2
57974,Rigid,3739552,3740461,3740846,909,385,1294,completed,2
57975,Rigid,3739554,3740461,3740770,907,309,1216,completed,2
57976,Rigid,3739554,3740461,3740880,907,419,1326,completed,2
57977,Rigid,3739555,3740461,3740840,906,379,1285,completed,2
57978,Rigid,3739555,3740461,3740844,906,383,1289,completed,2
57979,Rigid,3739555,3740461,3740883,906,422,1328,completed,2
57980,Rigid,3739555,3740461,3740858,906,397,1303,completed,2
57981,Rigid,3739555,3740461,3740781,906,320,1226,completed,2
57982,Rigid,3739555,3740493,3740913,938,420,1358,completed,2
57983,Rigid,3739556,3740493,3740966,937,473,1410,completed,2
57984,Rigid,3739556,3740493,3740832,937,339,1276,completed,2
57985,Rigid,3739556,3740493,3741050,937,557,1494,completed,2
57986,Rigid,3739556,3740493,3740848,937,355,1292,completed,2
57987,Rigid,3739556,3740493,3740844,937,351,1288,completed,2
57988,Rigid,3739556,3740493,3740857,937,364,1301,completed,2
57989,Rigid,3739556,3740493,3740931,937,438,1375,completed,2
57990,Rigid,3739557,3740525,3740906,968,381,1349,completed,2
57991,Rigid,3739557,3740525,3740868,968,343,1311,completed,2
57992,Rigid,3739557,3740525,3740913,968,388,1356,completed,2
57993,Rigid,3739557,3740525,3740875,968,350,1318,completed,2
57994,Rigid,3739557,3740525,3740898,968,373,1341,completed,2
57995,Rigid,3739557,3740558,3740875,1001,317,1318,completed,2
57996,Rigid,3739557,3740558,3740933,1001,375,1376,completed,2
57997,Rigid,3739658,3740558,3740921,900,363,1263,completed,2
57998,Rigid,3739658,3740558,3740877,900,319,1219,completed,2
57999,Rigid,3739658,3740589,3740961,931,372,1303,completed,2
58000,Rigid,3739658,3740589,3740956,931,367,1298,completed,2
58001,Rigid,3739658,3740621,3741109,963,488,1451,completed,2
58002,Rigid,3739659,3740621,3741001,962,380,1342,completed,2
58003,Rigid,3739659,3740621,3741028,962,407,1369,completed,2
58004,Rigid,3739659,3740653,3740982,994,329,1323,completed,2
58005,Rigid,3739659,3740685,3741090,1026,405,1431,completed,2
58006,Rigid,3739659,3740685,3741018,1026,333,1359,completed,2
58007,Rigid,3739659,3740685,3741014,1026,329,1355,completed,2
58008,Rigid,3739659,3740685,3741077,1026,392,1418,completed,2
58009,Rigid,3739660,3740685,3741148,1025,463,1488,completed,2
58010,Rigid,3739660,3740685,3741015,1025,330,1355,completed,2
58011,Rigid,3739660,3740685,3741030,1025,345,1370,completed,2
58012,Rigid,3739660,3740685,3741088,1025,403,1428,completed,2
58013,Rigid,3739660,3740685,3740983,1025,298,1323,completed,2
58014,Rigid,3739660,3740717,3741127,1057,410,1467,completed,2
58015,Rigid,3739660,3740717,3741175,1057,458,1515,completed,2
58016,Rigid,3739661,3740717,3741069,1056,352,1408,completed,2
58017,Rigid,3739661,3740717,3741126,1056,409,1465,completed,2
58018,Rigid,3739661,3740717,3741083,1056,366,1422,completed,2
58019,Rigid,3739661,3740717,3741159,1056,442,1498,completed,2
58020,Rigid,3739661,3740717,3741177,1056,460,1516,completed,2
58021,Rigid,3739661,3740717,3741016,1056,299,1355,completed,2
58022,Rigid,3739661,3740748,3741106,1087,358,1445,completed,2
58023,Rigid,3739662,3740748,3741117,1086,369,1455,completed,2
58024,Rigid,3739662,3740748,3741174,1086,426,1512,completed,2
58025,Rigid,3739662,3740748,3741139,1086,391,1477,completed,2
58026,Rigid,3739662,3740748,3741094,1086,346,1432,completed,2
58027,Rigid,3739662,3740748,3741203,1086,455,1541,completed,2
58028,Rigid,3739662,3740780,3741159,1118,379,1497,completed,2
58029,Rigid,3739662,3740780,3741157,1118,377,1495,completed,2
58030,Rigid,3739663,3740780,3741290,1117,510,1627,completed,2
58031,Rigid,3739663,3740780,3741127,1117,347,1464,completed,2
58032,Rigid,3739663,3740780,3741143,1117,363,1480,completed,2
58033,Rigid,3739663,3740780,3741207,1117,427,1544,completed,2
58034,Rigid,3739663,3740780,3741134,1117,354,1471,completed,2
58035,Rigid,3739663,3740780,3741202,1117,422,1539,completed,2
58036,Rigid,3739663,3740780,3741131,1117,351,1468,completed,2
58037,Rigid,3739664,3740780,3741163,1116,383,1499,completed,2
58038,Rigid,3739664,3740780,3741112,1116,332,1448,completed,2
58039,Rigid,3739664,3740780,3741115,1116,335,1451,completed,2
58040,Rigid,3739664,3740780,3741090,1116,310,1426,completed,2
58041,Rigid,3739664,3740811,3741233,1147,422,1569,completed,2
58042,Rigid,3739664,3740811,3741161,1147,350,1497,completed,2
58043,Rigid,3739664,3740811,3741182,1147,371,1518,completed,2
58044,Rigid,3739664,3740811,3741187,1147,376,1523,completed,2
58045,Rigid,3739665,3740811,3741140,1146,329,1475,completed,2
58046,Rigid,3739665,3740843,3741239,1178,396,1574,completed,2
58047,Rigid,3739665,3740811,3741168,1146,357,1503,completed,2
58048,Rigid,3739665,3740811,3741207,1146,396,1542,completed,2
58049,Rigid,3739665,3740811,3741153,1146,342,1488,completed,2
58050,Rigid,3739665,3740843,3741208,1178,365,1543,completed,2
58051,Rigid,3739665,3740843,3741349,1178,506,1684,completed,2
58052,Rigid,3739665,3740843,3741313,1178,470,1648,completed,2
58053,Rigid,3739666,3740843,3741165,1177,322,1499,completed,2
58054,Rigid,3739666,3740843,3741168,1177,325,1502,completed,2
58055,Rigid,3739666,3740843,3741142,1177,299,1476,completed,2
58056,Rigid,3739666,3740874,3741205,1208,331,1539,completed,2
58057,Rigid,3739666,3740874,3741335,1208,461,1669,completed,2
58058,Rigid,3739666,3740874,3741236,1208,362,1570,completed,2
58059,Rigid,3739666,3740874,3741213,1208,339,1547,completed,2
58060,Rigid,3739666,3740874,3741217,1208,343,1551,completed,2
58061,Rigid,3739667,3740874,3741236,1207,362,1569,completed,2
58062,Rigid,3739667,3740874,3741268,1207,394,1601,completed,2
58063,Rigid,3739667,3740874,3741252,1207,378,1585,completed,2
58064,Rigid,3739667,3740874,3741214,1207,340,1547,completed,2
58065,Rigid,3739667,3740874,3741234,1207,360,1567,completed,2
58066,Rigid,3739667,3740874,3741229,1207,355,1562,completed,2
58067,Rigid,3739667,3740874,3741217,1207,343,1550,completed,2
58068,Rigid,3739668,3740874,3741193,1206,319,1525,completed,2
58069,Rigid,3739668,3740905,3741226,1237,321,1558,completed,2
58070,Rigid,3739668,3740905,3741392,1237,487,1724,completed,2
58071,Rigid,3739668,3740905,3741293,1237,388,1625,completed,2
58072,Rigid,3739668,3740905,3741307,1237,402,1639,completed,2
58073,Rigid,3739668,3740905,3741265,1237,360,1597,completed,2
58074,Rigid,3739669,3740905,3741246,1236,341,1577,completed,2
58075,Rigid,3739669,3740905,3741282,1236,377,1613,completed,2
58076,Rigid,3739669,3740905,3741376,1236,471,1707,completed,2
58077,Rigid,3739669,3740905,3741358,1236,453,1689,completed,2
58078,Rigid,3739670,3740933,3741356,1263,423,1686,completed,2
58079,Rigid,3739670,3740933,3741218,1263,285,1548,completed,2
58080,Rigid,3739670,3740933,3741455,1263,522,1785,completed,2
58081,Rigid,3739770,3740933,3741360,1163,427,1590,completed,2
58082,Rigid,3739870,3740933,3741374,1063,441,1504,completed,2
58083,Rigid,3739871,3740934,3741308,1063,374,1437,completed,2
58084,Rigid,3739928,3740629,3742536,701,1907,2608,completed,144
58085,Rigid,3739971,3740957,3741452,986,495,1481,completed,2
58086,Rigid,3739971,3740962,3741449,991,487,1478,completed,2
58087,Rigid,3739971,3740968,3741340,997,372,1369,completed,2
58088,Rigid,3739971,3740984,3741322,1013,338,1351,completed,2
58089,Rigid,3739971,3740984,3741278,1013,294,1307,completed,2
58090,Rigid,3739972,3740987,3741273,1015,286,1301,completed,2
58091,Rigid,3739972,3741003,3741384,1031,381,1412,completed,2
58092,Rigid,3739972,3741015,3741368,1043,353,1396,completed,2
58093,Rigid,3739972,3741017,3741415,1045,398,1443,completed,2
58094,Rigid,3739972,3741018,3741434,1046,416,1462,completed,2
58095,Rigid,3739972,3741019,3741374,1047,355,1402,completed,2
58096,Rigid,3739972,3741030,3741346,1058,316,1374,completed,2
58097,Rigid,3739972,3741031,3741322,1059,291,1350,completed,2
58098,Rigid,3739973,3741052,3741364,1079,312,1391,completed,2
58099,Rigid,3739973,3741070,3741377,1097,307,1404,completed,2
58100,Rigid,3739973,3741079,3741482,1106,403,1509,completed,2
58101,Rigid,3739973,3741086,3741413,1113,327,1440,completed,2
58102,Rigid,3739973,3741089,3741433,1116,344,1460,completed,2
58103,Rigid,3739973,3741091,3741427,1118,336,1454,completed,2
58104,Rigid,3739973,3741091,3741414,1118,323,1441,completed,2
58105,Rigid,3739974,3741096,3741418,1122,322,1444,completed,2
58106,Rigid,3739974,3741108,3741508,1134,400,1534,completed,2
58107,Rigid,3739974,3741111,3741531,1137,420,1557,completed,2
58108,Rigid,3739974,3741113,3741475,1139,362,1501,completed,2
58109,Rigid,3739974,3741117,3741478,1143,361,1504,completed,2
58110,Rigid,3739974,3741118,3741446,1144,328,1472,completed,2
58111,Rigid,3739974,3741129,3741468,1155,339,1494,completed,2
58112,Rigid,3739975,3741129,3741494,1154,365,1519,completed,2
58113,Rigid,3739975,3741130,3741486,1155,356,1511,completed,2
58114,Rigid,3739975,3741132,3741537,1157,405,1562,completed,2
58115,Rigid,3739975,3741135,3741494,1160,359,1519,completed,2
58116,Rigid,3739975,3741140,3741558,1165,418,1583,completed,2
58117,Rigid,3739975,3741142,3741479,1167,337,1504,completed,2
58118,Rigid,3739975,3741143,3741463,1168,320,1488,completed,2
58119,Rigid,3739975,3741144,3741494,1169,350,1519,completed,2
58120,Rigid,3739976,3741149,3741617,1173,468,1641,completed,2
58121,Rigid,3739976,3741154,3741514,1178,360,1538,completed,2
58122,Rigid,3739976,3741158,3741579,1182,421,1603,completed,2
58123,Rigid,3739976,3741581,3741622,1605,41,1646,completed,1
58124,Rigid,3739976,3741624,3741735,1648,111,1759,completed,3
58125,Rigid,3740096,3740629,3742389,533,1760,2293,completed,36
58126,Rigid,3741086,3741086,3741616,0,530,530,completed,1
58127,Rigid,3741543,3741544,3743266,1,1722,1723,completed,1
58128,Rigid,3741552,3741553,3743266,1,1713,1714,completed,1
58129,Rigid,3741574,3741574,3743266,0,1692,1692,completed,1
58130,Rigid,3741576,3741579,3741659,3,80,83,completed,1
58131,Rigid,3741587,3741588,3743266,1,1678,1679,completed,1
58132,Rigid,3741668,3741668,3741689,0,21,21,completed,1
58133,Rigid,3741836,3741836,3741867,0,31,31,completed,1
58134,Rigid,3741852,3741853,3743266,1,1413,1414,completed,1
58135,Rigid,3741869,3741870,3741900,1,30,31,completed,1
58136,Rigid,3741877,3741879,3741900,2,21,23,completed,1
58137,Rigid,3741934,3741935,3743287,1,1352,1353,completed,1
58138,Rigid,3741951,3741952,3743287,1,1335,1336,completed,1
58139,Rigid,3741965,3741965,3743297,0,1332,1332,completed,1
58140,Rigid,3741981,3741981,3742016,0,35,35,completed,1
58141,Rigid,3742154,3742154,3742182,0,28,28,completed,1
58142,Rigid,3742248,3742249,3742261,1,12,13,completed,1
58143,Rigid,3742344,3742532,3744152,188,1620,1808,completed,144
58144,Rigid,3742457,3742487,3742497,30,10,40,completed,1
58145,Rigid,3742458,3742555,3742563,97,8,105,completed,1
58146,Rigid,3742458,3786689,3786699,44231,10,44241,completed,1
58147,Rigid,3742599,3742599,3742601,0,2,2,completed,1
58148,Rigid,3742611,3742611,3742613,0,2,2,completed,1
58149,Rigid,3742628,3742629,3742631,1,2,3,completed,1
58150,Rigid,3742640,3742640,3742642,0,2,2,completed,1
58151,Rigid,3742655,3742659,3743590,4,931,935,completed,36
58152,Rigid,3742745,3742746,3742753,1,7,8,completed,1
58153,Rigid,3742748,3742750,3746366,2,3616,3618,completed,1
58154,Rigid,3742828,3742828,3742836,0,8,8,completed,1
58155,Rigid,3743385,3743385,3753350,0,9965,9965,completed,1
58156,Rigid,3743418,3743418,3751139,0,7721,7721,completed,1
58157,Rigid,3743432,3743433,3751299,1,7866,7867,completed,1
58158,Rigid,3743454,3743454,3751736,0,8282,8282,completed,1
58159,Rigid,3743479,3743484,3751890,5,8406,8411,completed,1
58160,Rigid,3743502,3743503,3751925,1,8422,8423,completed,1
58161,Rigid,3743543,3743543,3749640,0,6097,6097,completed,1
58162,Rigid,3743554,3743554,3751866,0,8312,8312,completed,1
58163,Rigid,3745420,3745420,3747287,0,1867,1867,completed,144
58164,Rigid,3745714,3745714,3745738,0,24,24,completed,8
58165,Rigid,3745783,3745785,3749339,2,3554,3556,completed,8
58166,Rigid,3746568,3747288,3752222,720,4934,5654,completed,144
58167,Rigid,3746578,3753075,3758015,6497,4940,11437,completed,144
58168,Rigid,3746589,3758016,3762969,11427,4953,16380,completed,144
58169,Rigid,3747729,3747730,3748744,1,1014,1015,completed,36
58170,Rigid,3747800,3747801,3748837,1,1036,1037,completed,36
58171,Rigid,3747846,3747847,3748857,1,1010,1011,completed,36
58172,Rigid,3747891,3748745,3749791,854,1046,1900,completed,36
58173,Rigid,3747932,3748839,3749921,907,1082,1989,completed,36
58174,Rigid,3748894,3749792,3750000,898,208,1106,completed,144
58175,Rigid,3748905,3750001,3751184,1096,1183,2279,completed,144
58176,Rigid,3748925,3751192,3753008,2267,1816,4083,completed,144
58177,Rigid,3749718,3753026,3753054,3308,28,3336,completed,36
58178,Rigid,3749756,3753026,3753054,3270,28,3298,completed,36
58179,Rigid,3749806,3753026,3753054,3220,28,3248,completed,36
58180,Rigid,3749865,3753026,3753054,3161,28,3189,completed,36
58181,Rigid,3749952,3753055,3753074,3103,19,3122,completed,36
58182,Rigid,3750244,3750273,3750277,29,4,33,completed,1
58183,Rigid,3752089,3752224,3752577,135,353,488,completed,144
58184,Rigid,3752143,3752578,3753025,435,447,882,completed,144
58185,Rigid,3752940,3753010,3754555,70,1545,1615,completed,144
58186,Rigid,3753209,3754556,3756695,1347,2139,3486,completed,144
58187,Rigid,3753220,3753548,3753560,328,12,340,completed,36
58188,Rigid,3753239,3753579,3753591,340,12,352,completed,36
58189,Rigid,3754522,3756697,3758352,2175,1655,3830,completed,144
58190,Rigid,3755926,3755927,3755931,1,4,5,completed,1
58191,Rigid,3756402,3756402,3756405,0,3,3,completed,36
58192,Rigid,3756479,3756479,3756483,0,4,4,completed,36
58193,Rigid,3756796,3756797,3756802,1,5,6,completed,36
58194,Rigid,3756904,3756922,3756925,18,3,21,completed,1
58195,Rigid,3756992,3757015,3757022,23,7,30,completed,1
58196,Rigid,3757152,3757152,3757157,0,5,5,completed,36
58197,Rigid,3757190,3757199,3757207,9,8,17,completed,1
58198,Rigid,3757202,3757230,3763236,28,6006,6034,completed,1
58199,Rigid,3757210,3757210,3757214,0,4,4,completed,36
58200,Rigid,3757303,3757303,3757307,0,4,4,completed,36
58201,Rigid,3757363,3757363,3757367,0,4,4,completed,36
58202,Rigid,3758205,3758355,3760505,150,2150,2300,completed,144
58203,Rigid,3759974,3760506,3762156,532,1650,2182,completed,144
58204,Rigid,3759974,3761072,3762742,1098,1670,2768,completed,144
58205,Rigid,3759974,3762157,3763840,2183,1683,3866,completed,144
58206,Rigid,3759974,3762259,3763982,2285,1723,4008,completed,144
58207,Rigid,3759974,3762259,3764012,2285,1753,4038,completed,144
58208,Rigid,3759974,3762256,3764002,2282,1746,4028,completed,144
58209,Rigid,3759974,3762256,3763984,2282,1728,4010,completed,144
58210,Rigid,3759974,3762259,3764005,2285,1746,4031,completed,144
58211,Rigid,3759974,3762259,3763994,2285,1735,4020,completed,144
58212,Rigid,3759974,3762259,3764002,2285,1743,4028,completed,144
58213,Rigid,3759974,3762259,3763982,2285,1723,4008,completed,144
58214,Rigid,3759974,3762743,3764423,2769,1680,4449,completed,144
58215,Rigid,3759975,3762974,3764669,2999,1695,4694,completed,144
58216,Rigid,3759975,3763842,3765520,3867,1678,5545,completed,144
58217,Rigid,3759975,3763983,3765610,4008,1627,5635,completed,144
58218,Rigid,3759975,3763983,3765665,4008,1682,5690,completed,144
58219,Rigid,3760286,3760307,3760315,21,8,29,completed,1
58220,Rigid,3760571,3760583,3760591,12,8,20,completed,1
58221,Rigid,3760913,3760921,3760928,8,7,15,completed,1
58222,Rigid,3761038,3761043,3761050,5,7,12,completed,1
58223,Rigid,3762355,3762377,3762590,22,213,235,completed,1
58224,Rigid,3762379,3762407,3762425,28,18,46,completed,1
58225,Rigid,3762380,3762437,3762459,57,22,79,completed,1
58226,Rigid,3762380,3762468,3762482,88,14,102,completed,2
58227,Rigid,3762380,3762468,3762483,88,15,103,completed,2
58228,Rigid,3762380,3762468,3762483,88,15,103,completed,2
58229,Rigid,3762380,3762468,3762482,88,14,102,completed,2
58230,Rigid,3762381,3762468,3762482,87,14,101,completed,2
58231,Rigid,3762381,3762468,3762482,87,14,101,completed,2
58232,Rigid,3762381,3762468,3762482,87,14,101,completed,2
58233,Rigid,3762381,3762468,3762483,87,15,102,completed,2
58234,Rigid,3762381,3762468,3762483,87,15,102,completed,2
58235,Rigid,3762381,3762468,3762483,87,15,102,completed,2
58236,Rigid,3762382,3762468,3762483,86,15,101,completed,2
58237,Rigid,3762382,3762468,3762483,86,15,101,completed,2
58238,Rigid,3762382,3762468,3762488,86,20,106,completed,2
58239,Rigid,3762382,3762468,3762488,86,20,106,completed,2
58240,Rigid,3762382,3762468,3762488,86,20,106,completed,2
58241,Rigid,3762382,3762468,3762488,86,20,106,completed,2
58242,Rigid,3762382,3762468,3762488,86,20,106,completed,2
58243,Rigid,3762382,3762468,3762488,86,20,106,completed,2
58244,Rigid,3762383,3762468,3762488,85,20,105,completed,2
58245,Rigid,3762383,3762468,3762488,85,20,105,completed,2
58246,Rigid,3762383,3762468,3762488,85,20,105,completed,2
58247,Rigid,3762383,3762468,3762488,85,20,105,completed,2
58248,Rigid,3762383,3762468,3762488,85,20,105,completed,2
58249,Rigid,3762383,3762468,3762488,85,20,105,completed,2
58250,Rigid,3762384,3762468,3762488,84,20,104,completed,2
58251,Rigid,3762384,3762468,3762488,84,20,104,completed,2
58252,Rigid,3762384,3762468,3762488,84,20,104,completed,2
58253,Rigid,3762384,3762468,3762488,84,20,104,completed,2
58254,Rigid,3762384,3762468,3762485,84,17,101,completed,2
58255,Rigid,3762384,3762468,3762485,84,17,101,completed,2
58256,Rigid,3762384,3762468,3762485,84,17,101,completed,2
58257,Rigid,3762385,3762468,3762485,83,17,100,completed,2
58258,Rigid,3762385,3762468,3762485,83,17,100,completed,2
58259,Rigid,3762385,3762468,3762485,83,17,100,completed,2
58260,Rigid,3762385,3762468,3762485,83,17,100,completed,2
58261,Rigid,3762385,3762468,3762485,83,17,100,completed,2
58262,Rigid,3762385,3762468,3762485,83,17,100,completed,2
58263,Rigid,3762385,3762468,3762485,83,17,100,completed,2
58264,Rigid,3762386,3762468,3762485,82,17,99,completed,2
58265,Rigid,3762386,3762468,3762485,82,17,99,completed,2
58266,Rigid,3762386,3762468,3762485,82,17,99,completed,2
58267,Rigid,3762386,3762468,3762485,82,17,99,completed,2
58268,Rigid,3762386,3762468,3762485,82,17,99,completed,2
58269,Rigid,3762386,3762468,3762485,82,17,99,completed,2
58270,Rigid,3762386,3762468,3762485,82,17,99,completed,2
58271,Rigid,3762387,3762468,3762485,81,17,98,completed,2
58272,Rigid,3762387,3762468,3762485,81,17,98,completed,2
58273,Rigid,3762387,3762468,3762485,81,17,98,completed,2
58274,Rigid,3762387,3762468,3762485,81,17,98,completed,2
58275,Rigid,3762387,3762468,3762485,81,17,98,completed,2
58276,Rigid,3762387,3762468,3762485,81,17,98,completed,2
58277,Rigid,3762388,3762468,3762487,80,19,99,completed,2
58278,Rigid,3762388,3762468,3762487,80,19,99,completed,2
58279,Rigid,3762388,3762468,3762487,80,19,99,completed,2
58280,Rigid,3762388,3762468,3762487,80,19,99,completed,2
58281,Rigid,3762388,3762468,3762487,80,19,99,completed,2
58282,Rigid,3762388,3762468,3762487,80,19,99,completed,2
58283,Rigid,3762388,3762468,3762487,80,19,99,completed,2
58284,Rigid,3762389,3762468,3762487,79,19,98,completed,2
58285,Rigid,3762389,3762468,3762487,79,19,98,completed,2
58286,Rigid,3762389,3762468,3762487,79,19,98,completed,2
58287,Rigid,3762389,3762468,3762487,79,19,98,completed,2
58288,Rigid,3762389,3762468,3762487,79,19,98,completed,2
58289,Rigid,3762389,3762468,3762487,79,19,98,completed,2
58290,Rigid,3762389,3762468,3762487,79,19,98,completed,2
58291,Rigid,3762390,3762468,3762486,78,18,96,completed,2
58292,Rigid,3762390,3762468,3762486,78,18,96,completed,2
58293,Rigid,3762390,3762468,3762486,78,18,96,completed,2
58294,Rigid,3762390,3762468,3762486,78,18,96,completed,2
58295,Rigid,3762390,3762468,3762486,78,18,96,completed,2
58296,Rigid,3762390,3762468,3762486,78,18,96,completed,2
58297,Rigid,3762390,3762468,3762486,78,18,96,completed,2
58298,Rigid,3762390,3762468,3762486,78,18,96,completed,2
58299,Rigid,3762391,3762468,3762486,77,18,95,completed,2
58300,Rigid,3762391,3762468,3762486,77,18,95,completed,2
58301,Rigid,3762391,3762468,3762486,77,18,95,completed,2
58302,Rigid,3762391,3762468,3762486,77,18,95,completed,2
58303,Rigid,3762391,3762468,3762488,77,20,97,completed,2
58304,Rigid,3762391,3762468,3762488,77,20,97,completed,2
58305,Rigid,3762391,3762468,3762488,77,20,97,completed,2
58306,Rigid,3762392,3762468,3762488,76,20,96,completed,2
58307,Rigid,3762392,3762468,3762488,76,20,96,completed,2
58308,Rigid,3762392,3762468,3762488,76,20,96,completed,2
58309,Rigid,3762392,3762468,3762488,76,20,96,completed,2
58310,Rigid,3762392,3762468,3762488,76,20,96,completed,2
58311,Rigid,3762392,3762468,3762488,76,20,96,completed,2
58312,Rigid,3762393,3762468,3762488,75,20,95,completed,2
58313,Rigid,3762393,3762468,3762488,75,20,95,completed,2
58314,Rigid,3762393,3762468,3762488,75,20,95,completed,2
58315,Rigid,3762393,3762468,3762488,75,20,95,completed,2
58316,Rigid,3762393,3762468,3762488,75,20,95,completed,2
58317,Rigid,3762394,3762468,3762488,74,20,94,completed,2
58318,Rigid,3762394,3762468,3762488,74,20,94,completed,2
58319,Rigid,3762394,3762468,3762488,74,20,94,completed,2
58320,Rigid,3762394,3762500,3762517,106,17,123,completed,2
58321,Rigid,3762394,3762500,3762516,106,16,122,completed,2
58322,Rigid,3762395,3762500,3762516,105,16,121,completed,2
58323,Rigid,3762395,3762500,3762517,105,17,122,completed,2
58324,Rigid,3762395,3762500,3762516,105,16,121,completed,2
58325,Rigid,3762395,3762500,3762516,105,16,121,completed,2
58326,Rigid,3762395,3762500,3762516,105,16,121,completed,2
58327,Rigid,3762395,3762500,3762516,105,16,121,completed,2
58328,Rigid,3762396,3762500,3762515,104,15,119,completed,2
58329,Rigid,3762396,3762500,3762515,104,15,119,completed,2
58330,Rigid,3762396,3762500,3762514,104,14,118,completed,2
58331,Rigid,3762396,3762500,3762513,104,13,117,completed,2
58332,Rigid,3762396,3762500,3762517,104,17,121,completed,2
58333,Rigid,3762396,3762500,3762517,104,17,121,completed,2
58334,Rigid,3762396,3762500,3762517,104,17,121,completed,2
58335,Rigid,3762397,3762500,3762518,103,18,121,completed,2
58336,Rigid,3762397,3762500,3762518,103,18,121,completed,2
58337,Rigid,3762397,3762500,3762517,103,17,120,completed,2
58338,Rigid,3762397,3762500,3762518,103,18,121,completed,2
58339,Rigid,3762397,3762500,3762518,103,18,121,completed,2
58340,Rigid,3762397,3762500,3762518,103,18,121,completed,2
58341,Rigid,3762398,3762500,3762518,102,18,120,completed,2
58342,Rigid,3762398,3762500,3762518,102,18,120,completed,2
58343,Rigid,3762398,3762500,3762518,102,18,120,completed,2
58344,Rigid,3762398,3762500,3762518,102,18,120,completed,2
58345,Rigid,3762398,3762500,3762517,102,17,119,completed,2
58346,Rigid,3762398,3762500,3762518,102,18,120,completed,2
58347,Rigid,3762399,3762500,3762517,101,17,118,completed,2
58348,Rigid,3762399,3762500,3762516,101,16,117,completed,2
58349,Rigid,3762399,3762500,3762516,101,16,117,completed,2
58350,Rigid,3762399,3762500,3762515,101,15,116,completed,2
58351,Rigid,3762399,3762500,3762516,101,16,117,completed,2
58352,Rigid,3762399,3762500,3762517,101,17,118,completed,2
58353,Rigid,3762399,3762500,3762516,101,16,117,completed,2
58354,Rigid,3762400,3762500,3762517,100,17,117,completed,2
58355,Rigid,3762400,3762500,3762515,100,15,115,completed,2
58356,Rigid,3762400,3762500,3762516,100,16,116,completed,2
58357,Rigid,3762400,3762500,3762516,100,16,116,completed,2
58358,Rigid,3762400,3762500,3762514,100,14,114,completed,2
58359,Rigid,3762400,3762500,3762516,100,16,116,completed,2
58360,Rigid,3762400,3762500,3762516,100,16,116,completed,2
58361,Rigid,3762401,3762500,3762516,99,16,115,completed,2
58362,Rigid,3762401,3762500,3762516,99,16,115,completed,2
58363,Rigid,3762401,3762500,3762517,99,17,116,completed,2
58364,Rigid,3762401,3762500,3762516,99,16,115,completed,2
58365,Rigid,3762401,3762500,3762517,99,17,116,completed,2
58366,Rigid,3762401,3762500,3762516,99,16,115,completed,2
58367,Rigid,3762401,3762500,3762516,99,16,115,completed,2
58368,Rigid,3762402,3762500,3762516,98,16,114,completed,2
58369,Rigid,3762402,3762500,3762517,98,17,115,completed,2
58370,Rigid,3762402,3762500,3762517,98,17,115,completed,2
58371,Rigid,3762402,3762500,3762518,98,18,116,completed,2
58372,Rigid,3762402,3762500,3762517,98,17,115,completed,2
58373,Rigid,3762402,3762500,3762517,98,17,115,completed,2
58374,Rigid,3762402,3762500,3762517,98,17,115,completed,2
58375,Rigid,3762403,3762500,3762518,97,18,115,completed,2
58376,Rigid,3762403,3762500,3762517,97,17,114,completed,2
58377,Rigid,3762403,3762500,3762517,97,17,114,completed,2
58378,Rigid,3762403,3762500,3762517,97,17,114,completed,2
58379,Rigid,3762403,3762500,3762517,97,17,114,completed,2
58380,Rigid,3762403,3762500,3762518,97,18,115,completed,2
58381,Rigid,3762403,3762500,3762517,97,17,114,completed,2
58382,Rigid,3762404,3762500,3762518,96,18,114,completed,2
58383,Rigid,3762404,3762500,3762517,96,17,113,completed,2
58384,Rigid,3762404,3762500,3762518,96,18,114,completed,2
58385,Rigid,3762404,3762500,3762517,96,17,113,completed,2
58386,Rigid,3762404,3762500,3762518,96,18,114,completed,2
58387,Rigid,3762404,3762500,3762517,96,17,113,completed,2
58388,Rigid,3762404,3762500,3762516,96,16,112,completed,2
58389,Rigid,3762405,3762500,3762517,95,17,112,completed,2
58390,Rigid,3762405,3762500,3762518,95,18,113,completed,2
58391,Rigid,3762405,3762500,3762518,95,18,113,completed,2
58392,Rigid,3762405,3762500,3762518,95,18,113,completed,2
58393,Rigid,3762405,3762500,3762517,95,17,112,completed,2
58394,Rigid,3762405,3762500,3762517,95,17,112,completed,2
58395,Rigid,3762405,3762500,3762518,95,18,113,completed,2
58396,Rigid,3762406,3762500,3762518,94,18,112,completed,2
58397,Rigid,3762406,3762500,3762518,94,18,112,completed,2
58398,Rigid,3762406,3762500,3762517,94,17,111,completed,2
58399,Rigid,3762406,3762500,3762518,94,18,112,completed,2
58400,Rigid,3762406,3762500,3762518,94,18,112,completed,2
58401,Rigid,3762406,3762500,3762516,94,16,110,completed,2
58402,Rigid,3762406,3762500,3762518,94,18,112,completed,2
58403,Rigid,3762407,3762500,3762517,93,17,110,completed,2
58404,Rigid,3762407,3762500,3762517,93,17,110,completed,2
58405,Rigid,3762407,3762500,3762518,93,18,111,completed,2
58406,Rigid,3762407,3762500,3762518,93,18,111,completed,2
58407,Rigid,3762407,3762500,3762518,93,18,111,completed,2
58408,Rigid,3762407,3762500,3762518,93,18,111,completed,2
58409,Rigid,3762408,3762500,3762518,92,18,110,completed,2
58410,Rigid,3762408,3762500,3762518,92,18,110,completed,2
58411,Rigid,3762408,3762500,3762518,92,18,110,completed,2
58412,Rigid,3762408,3762500,3762518,92,18,110,completed,2
58413,Rigid,3762408,3762500,3762518,92,18,110,completed,2
58414,Rigid,3762408,3762533,3762548,125,15,140,completed,2
58415,Rigid,3762408,3762533,3762548,125,15,140,completed,2
58416,Rigid,3762409,3762533,3762549,124,16,140,completed,2
58417,Rigid,3762409,3762533,3762548,124,15,139,completed,2
58418,Rigid,3762409,3762533,3762548,124,15,139,completed,2
58419,Rigid,3762409,3762533,3762548,124,15,139,completed,2
58420,Rigid,3762409,3762533,3762548,124,15,139,completed,2
58421,Rigid,3762409,3762533,3762548,124,15,139,completed,2
58422,Rigid,3762409,3762533,3762546,124,13,137,completed,2
58423,Rigid,3762410,3762533,3762547,123,14,137,completed,2
58424,Rigid,3762410,3762533,3762546,123,13,136,completed,2
58425,Rigid,3762410,3762533,3762546,123,13,136,completed,2
58426,Rigid,3762410,3762533,3762550,123,17,140,completed,2
58427,Rigid,3762410,3762533,3762550,123,17,140,completed,2
58428,Rigid,3762410,3762533,3762550,123,17,140,completed,2
58429,Rigid,3762410,3762533,3762550,123,17,140,completed,2
58430,Rigid,3762411,3762533,3762550,122,17,139,completed,2
58431,Rigid,3762411,3762533,3762550,122,17,139,completed,2
58432,Rigid,3762411,3762533,3762550,122,17,139,completed,2
58433,Rigid,3762411,3762533,3762550,122,17,139,completed,2
58434,Rigid,3762411,3762533,3762550,122,17,139,completed,2
58435,Rigid,3762412,3762533,3762550,121,17,138,completed,2
58436,Rigid,3762412,3762533,3762550,121,17,138,completed,2
58437,Rigid,3762412,3762533,3762550,121,17,138,completed,2
58438,Rigid,3762412,3762533,3762549,121,16,137,completed,2
58439,Rigid,3762413,3762533,3762550,120,17,137,completed,2
58440,Rigid,3762413,3762533,3762550,120,17,137,completed,2
58441,Rigid,3762413,3762533,3762550,120,17,137,completed,2
58442,Rigid,3762413,3762533,3762547,120,14,134,completed,2
58443,Rigid,3762414,3762533,3762547,119,14,133,completed,2
58444,Rigid,3762414,3762533,3762550,119,17,136,completed,2
58445,Rigid,3762414,3762533,3762546,119,13,132,completed,2
58446,Rigid,3762414,3762533,3762547,119,14,133,completed,2
58447,Rigid,3762414,3762533,3762550,119,17,136,completed,2
58448,Rigid,3762414,3762533,3762547,119,14,133,completed,2
58449,Rigid,3762414,3762533,3762547,119,14,133,completed,2
58450,Rigid,3762415,3762533,3762547,118,14,132,completed,2
58451,Rigid,3762415,3762533,3762550,118,17,135,completed,2
58452,Rigid,3762415,3762533,3762546,118,13,131,completed,2
58453,Rigid,3762415,3762533,3762547,118,14,132,completed,2
58454,Rigid,3762415,3762533,3762548,118,15,133,completed,2
58455,Rigid,3762415,3762533,3762550,118,17,135,completed,2
58456,Rigid,3762415,3762533,3762550,118,17,135,completed,2
58457,Rigid,3762415,3762533,3762550,118,17,135,completed,2
58458,Rigid,3762416,3762533,3762548,117,15,132,completed,2
58459,Rigid,3762416,3762533,3762550,117,17,134,completed,2
58460,Rigid,3762416,3762533,3762548,117,15,132,completed,2
58461,Rigid,3762416,3762533,3762550,117,17,134,completed,2
58462,Rigid,3762416,3762533,3762550,117,17,134,completed,2
58463,Rigid,3762416,3762533,3762550,117,17,134,completed,2
58464,Rigid,3762416,3762533,3762549,117,16,133,completed,2
58465,Rigid,3762417,3762533,3762550,116,17,133,completed,2
58466,Rigid,3762417,3762533,3762550,116,17,133,completed,2
58467,Rigid,3762417,3762533,3762550,116,17,133,completed,2
58468,Rigid,3762417,3762533,3762550,116,17,133,completed,2
58469,Rigid,3762417,3762533,3762550,116,17,133,completed,2
58470,Rigid,3762417,3762533,3762550,116,17,133,completed,2
58471,Rigid,3762417,3762533,3762549,116,16,132,completed,2
58472,Rigid,3762417,3762533,3762550,116,17,133,completed,2
58473,Rigid,3762418,3762533,3762550,115,17,132,completed,2
58474,Rigid,3762418,3762533,3762550,115,17,132,completed,2
58475,Rigid,3762418,3762533,3762550,115,17,132,completed,2
58476,Rigid,3762418,3762533,3762550,115,17,132,completed,2
58477,Rigid,3762418,3762533,3762550,115,17,132,completed,2
58478,Rigid,3762418,3762533,3762550,115,17,132,completed,2
58479,Rigid,3762418,3762533,3762550,115,17,132,completed,2
58480,Rigid,3762419,3762533,3762549,114,16,130,completed,2
58481,Rigid,3762419,3762533,3762549,114,16,130,completed,2
58482,Rigid,3762419,3762533,3762549,114,16,130,completed,2
58483,Rigid,3762419,3762533,3762550,114,17,131,completed,2
58484,Rigid,3762419,3762533,3762550,114,17,131,completed,2
58485,Rigid,3762419,3762533,3762549,114,16,130,completed,2
58486,Rigid,3762420,3762533,3762549,113,16,129,completed,2
58487,Rigid,3762420,3762533,3762549,113,16,129,completed,2
58488,Rigid,3762420,3762533,3762550,113,17,130,completed,2
58489,Rigid,3762420,3762533,3762550,113,17,130,completed,2
58490,Rigid,3762420,3762533,3762549,113,16,129,completed,2
58491,Rigid,3762420,3762533,3762551,113,18,131,completed,2
58492,Rigid,3762420,3762533,3762550,113,17,130,completed,2
58493,Rigid,3762420,3762533,3762551,113,18,131,completed,2
58494,Rigid,3762421,3762533,3762550,112,17,129,completed,2
58495,Rigid,3762421,3762533,3762550,112,17,129,completed,2
58496,Rigid,3762421,3762533,3762551,112,18,130,completed,2
58497,Rigid,3762421,3762533,3762551,112,18,130,completed,2
58498,Rigid,3762421,3762533,3762550,112,17,129,completed,2
58499,Rigid,3762421,3762533,3762551,112,18,130,completed,2
58500,Rigid,3762421,3762533,3762550,112,17,129,completed,2
58501,Rigid,3762422,3762533,3762551,111,18,129,completed,2
58502,Rigid,3762422,3762533,3762551,111,18,129,completed,2
58503,Rigid,3762422,3762533,3762550,111,17,128,completed,2
58504,Rigid,3762422,3762533,3762550,111,17,128,completed,2
58505,Rigid,3762422,3762533,3762551,111,18,129,completed,2
58506,Rigid,3762422,3762533,3762550,111,17,128,completed,2
58507,Rigid,3762422,3762533,3762551,111,18,129,completed,2
58508,Rigid,3762422,3762565,3762580,143,15,158,completed,2
58509,Rigid,3762423,3762565,3762579,142,14,156,completed,2
58510,Rigid,3762423,3762565,3762581,142,16,158,completed,2
58511,Rigid,3762423,3762565,3762581,142,16,158,completed,2
58512,Rigid,3762423,3762565,3762579,142,14,156,completed,2
58513,Rigid,3762423,3762565,3762579,142,14,156,completed,2
58514,Rigid,3762423,3762565,3762581,142,16,158,completed,2
58515,Rigid,3762423,3762565,3762579,142,14,156,completed,2
58516,Rigid,3762423,3762565,3762579,142,14,156,completed,2
58517,Rigid,3762424,3762565,3762581,141,16,157,completed,2
58518,Rigid,3762424,3762565,3762579,141,14,155,completed,2
58519,Rigid,3762424,3762565,3762579,141,14,155,completed,2
58520,Rigid,3762424,3762565,3762582,141,17,158,completed,2
58521,Rigid,3762424,3762565,3762581,141,16,157,completed,2
58522,Rigid,3762424,3762565,3762581,141,16,157,completed,2
58523,Rigid,3762424,3762565,3762582,141,17,158,completed,2
58524,Rigid,3762424,3762565,3762582,141,17,158,completed,2
58525,Rigid,3762425,3762565,3762582,140,17,157,completed,2
58526,Rigid,3762425,3762565,3762582,140,17,157,completed,2
58527,Rigid,3762425,3762565,3762582,140,17,157,completed,2
58528,Rigid,3762425,3762565,3762582,140,17,157,completed,2
58529,Rigid,3762425,3762565,3762581,140,16,156,completed,2
58530,Rigid,3762425,3762565,3762582,140,17,157,completed,2
58531,Rigid,3762425,3762565,3762581,140,16,156,completed,2
58532,Rigid,3762426,3762565,3762582,139,17,156,completed,2
58533,Rigid,3762426,3762565,3762582,139,17,156,completed,2
58534,Rigid,3762426,3762565,3762582,139,17,156,completed,2
58535,Rigid,3762426,3762565,3762582,139,17,156,completed,2
58536,Rigid,3762426,3762565,3762581,139,16,155,completed,2
58537,Rigid,3762426,3762565,3762581,139,16,155,completed,2
58538,Rigid,3762426,3762565,3762582,139,17,156,completed,2
58539,Rigid,3762426,3762565,3762581,139,16,155,completed,2
58540,Rigid,3762427,3762565,3762582,138,17,155,completed,2
58541,Rigid,3762427,3762565,3762577,138,12,150,completed,2
58542,Rigid,3762427,3762565,3762582,138,17,155,completed,2
58543,Rigid,3762427,3762565,3762581,138,16,154,completed,2
58544,Rigid,3762427,3762565,3762582,138,17,155,completed,2
58545,Rigid,3762427,3762565,3762581,138,16,154,completed,2
58546,Rigid,3762427,3762565,3762581,138,16,154,completed,2
58547,Rigid,3762428,3762565,3762581,137,16,153,completed,2
58548,Rigid,3762428,3762565,3762581,137,16,153,completed,2
58549,Rigid,3762428,3762565,3762580,137,15,152,completed,2
58550,Rigid,3762428,3762565,3762581,137,16,153,completed,2
58551,Rigid,3762428,3762565,3762582,137,17,154,completed,2
58552,Rigid,3762429,3762565,3762581,136,16,152,completed,2
58553,Rigid,3762429,3762565,3762581,136,16,152,completed,2
58554,Rigid,3762429,3762565,3762581,136,16,152,completed,2
58555,Rigid,3762429,3762565,3762581,136,16,152,completed,2
58556,Rigid,3762429,3762565,3762581,136,16,152,completed,2
58557,Rigid,3762429,3762565,3762581,136,16,152,completed,2
58558,Rigid,3762429,3762565,3762582,136,17,153,completed,2
58559,Rigid,3762430,3762565,3762582,135,17,152,completed,2
58560,Rigid,3762430,3762565,3762582,135,17,152,completed,2
58561,Rigid,3762430,3762565,3762582,135,17,152,completed,2
58562,Rigid,3762430,3762565,3762582,135,17,152,completed,2
58563,Rigid,3762430,3762565,3762582,135,17,152,completed,2
58564,Rigid,3762430,3762565,3762582,135,17,152,completed,2
58565,Rigid,3762430,3762565,3762582,135,17,152,completed,2
58566,Rigid,3762431,3762565,3762582,134,17,151,completed,2
58567,Rigid,3762431,3762565,3762582,134,17,151,completed,2
58568,Rigid,3762431,3762565,3762582,134,17,151,completed,2
58569,Rigid,3762431,3762565,3762582,134,17,151,completed,2
58570,Rigid,3762431,3762565,3762582,134,17,151,completed,2
58571,Rigid,3762431,3762565,3762582,134,17,151,completed,2
58572,Rigid,3762431,3762565,3762582,134,17,151,completed,2
58573,Rigid,3762431,3762565,3762582,134,17,151,completed,2
58574,Rigid,3762432,3762565,3762582,133,17,150,completed,2
58575,Rigid,3762432,3762565,3762582,133,17,150,completed,2
58576,Rigid,3762432,3762565,3762582,133,17,150,completed,2
58577,Rigid,3762432,3762565,3762581,133,16,149,completed,2
58578,Rigid,3762432,3762565,3762582,133,17,150,completed,2
58579,Rigid,3762432,3762565,3762581,133,16,149,completed,2
58580,Rigid,3762433,3762565,3762582,132,17,149,completed,2
58581,Rigid,3762433,3762565,3762581,132,16,148,completed,2
58582,Rigid,3762433,3762565,3762582,132,17,149,completed,2
58583,Rigid,3762433,3762565,3762582,132,17,149,completed,2
58584,Rigid,3762433,3762565,3762582,132,17,149,completed,2
58585,Rigid,3762433,3762565,3762582,132,17,149,completed,2
58586,Rigid,3762433,3762565,3762582,132,17,149,completed,2
58587,Rigid,3762433,3762565,3762582,132,17,149,completed,2
58588,Rigid,3762434,3762565,3762582,131,17,148,completed,2
58589,Rigid,3762434,3762565,3762582,131,17,148,completed,2
58590,Rigid,3762434,3762565,3762582,131,17,148,completed,2
58591,Rigid,3762434,3762565,3762582,131,17,148,completed,2
58592,Rigid,3762434,3762565,3762582,131,17,148,completed,2
58593,Rigid,3762434,3762565,3762582,131,17,148,completed,2
58594,Rigid,3762435,3762565,3762582,130,17,147,completed,2
58595,Rigid,3762435,3762565,3762582,130,17,147,completed,2
58596,Rigid,3762435,3762565,3762582,130,17,147,completed,2
58597,Rigid,3762435,3762565,3762582,130,17,147,completed,2
58598,Rigid,3762435,3762565,3762581,130,16,146,completed,2
58599,Rigid,3762435,3762565,3762582,130,17,147,completed,2
58600,Rigid,3762435,3762565,3762582,130,17,147,completed,2
58601,Rigid,3762436,3762565,3762582,129,17,146,completed,2
58602,Rigid,3762436,3762596,3762608,160,12,172,completed,2
58603,Rigid,3762436,3762596,3762610,160,14,174,completed,2
58604,Rigid,3762436,3762596,3762610,160,14,174,completed,2
58605,Rigid,3762436,3762596,3762609,160,13,173,completed,2
58606,Rigid,3762436,3762596,3762608,160,12,172,completed,2
58607,Rigid,3762437,3762596,3762608,159,12,171,completed,2
58608,Rigid,3762437,3762596,3762608,159,12,171,completed,2
58609,Rigid,3762437,3762596,3762611,159,15,174,completed,2
58610,Rigid,3762437,3762596,3762609,159,13,172,completed,2
58611,Rigid,3762437,3762596,3762610,159,14,173,completed,2
58612,Rigid,3762437,3762596,3762610,159,14,173,completed,2
58613,Rigid,3762437,3762596,3762609,159,13,172,completed,2
58614,Rigid,3762438,3762596,3762612,158,16,174,completed,2
58615,Rigid,3762438,3762596,3762612,158,16,174,completed,2
58616,Rigid,3762438,3762596,3762612,158,16,174,completed,2
58617,Rigid,3762438,3762596,3762612,158,16,174,completed,2
58618,Rigid,3762438,3762596,3762613,158,17,175,completed,2
58619,Rigid,3762438,3762596,3762612,158,16,174,completed,2
58620,Rigid,3762439,3762596,3762613,157,17,174,completed,2
58621,Rigid,3762439,3762596,3762612,157,16,173,completed,2
58622,Rigid,3762439,3762596,3762612,157,16,173,completed,2
58623,Rigid,3762439,3762596,3762612,157,16,173,completed,2
58624,Rigid,3762439,3762596,3762612,157,16,173,completed,2
58625,Rigid,3762439,3762596,3762613,157,17,174,completed,2
58626,Rigid,3762439,3762596,3762612,157,16,173,completed,2
58627,Rigid,3762440,3762596,3762613,156,17,173,completed,2
58628,Rigid,3762440,3762596,3762613,156,17,173,completed,2
58629,Rigid,3762440,3762596,3762613,156,17,173,completed,2
58630,Rigid,3762440,3762596,3762610,156,14,170,completed,2
58631,Rigid,3762440,3762596,3762612,156,16,172,completed,2
58632,Rigid,3762440,3762596,3762611,156,15,171,completed,2
58633,Rigid,3762440,3762596,3762608,156,12,168,completed,2
58634,Rigid,3762440,3762596,3762612,156,16,172,completed,2
58635,Rigid,3762441,3762596,3762610,155,14,169,completed,2
58636,Rigid,3762441,3762596,3762608,155,12,167,completed,2
58637,Rigid,3762441,3762596,3762611,155,15,170,completed,2
58638,Rigid,3762441,3762596,3762611,155,15,170,completed,2
58639,Rigid,3762442,3762596,3762610,154,14,168,completed,2
58640,Rigid,3762442,3762596,3762610,154,14,168,completed,2
58641,Rigid,3762442,3762596,3762612,154,16,170,completed,2
58642,Rigid,3762442,3762596,3762612,154,16,170,completed,2
58643,Rigid,3762443,3762596,3762612,153,16,169,completed,2
58644,Rigid,3762443,3762596,3762611,153,15,168,completed,2
58645,Rigid,3762443,3762596,3762612,153,16,169,completed,2
58646,Rigid,3762443,3762596,3762612,153,16,169,completed,2
58647,Rigid,3762443,3762596,3762611,153,15,168,completed,2
58648,Rigid,3762443,3762596,3762611,153,15,168,completed,2
58649,Rigid,3762443,3762596,3762611,153,15,168,completed,2
58650,Rigid,3762443,3762596,3762609,153,13,166,completed,2
58651,Rigid,3762444,3762596,3762612,152,16,168,completed,2
58652,Rigid,3762444,3762596,3762612,152,16,168,completed,2
58653,Rigid,3762444,3762596,3762613,152,17,169,completed,2
58654,Rigid,3762444,3762596,3762612,152,16,168,completed,2
58655,Rigid,3762444,3762596,3762612,152,16,168,completed,2
58656,Rigid,3762444,3762596,3762612,152,16,168,completed,2
58657,Rigid,3762444,3762596,3762612,152,16,168,completed,2
58658,Rigid,3762445,3762596,3762612,151,16,167,completed,2
58659,Rigid,3762445,3762596,3762612,151,16,167,completed,2
58660,Rigid,3762445,3762596,3762613,151,17,168,completed,2
58661,Rigid,3762445,3762596,3762612,151,16,167,completed,2
58662,Rigid,3762445,3762596,3762613,151,17,168,completed,2
58663,Rigid,3762445,3762596,3762612,151,16,167,completed,2
58664,Rigid,3762445,3762596,3762613,151,17,168,completed,2
58665,Rigid,3762446,3762596,3762612,150,16,166,completed,2
58666,Rigid,3762446,3762596,3762612,150,16,166,completed,2
58667,Rigid,3762446,3762596,3762612,150,16,166,completed,2
58668,Rigid,3762446,3762596,3762612,150,16,166,completed,2
58669,Rigid,3762447,3762596,3762612,149,16,165,completed,2
58670,Rigid,3762447,3762596,3762612,149,16,165,completed,2
58671,Rigid,3762447,3762596,3762612,149,16,165,completed,2
58672,Rigid,3762447,3762596,3762612,149,16,165,completed,2
58673,Rigid,3762448,3762596,3762612,148,16,164,completed,2
58674,Rigid,3762448,3762596,3762612,148,16,164,completed,2
58675,Rigid,3762448,3762596,3762612,148,16,164,completed,2
58676,Rigid,3762448,3762596,3762612,148,16,164,completed,2
58677,Rigid,3762448,3762596,3762612,148,16,164,completed,2
58678,Rigid,3762449,3762596,3762612,147,16,163,completed,2
58679,Rigid,3762449,3762596,3762613,147,17,164,completed,2
58680,Rigid,3762449,3762596,3762613,147,17,164,completed,2
58681,Rigid,3762449,3762596,3762613,147,17,164,completed,2
58682,Rigid,3762450,3762596,3762613,146,17,163,completed,2
58683,Rigid,3762450,3762596,3762612,146,16,162,completed,2
58684,Rigid,3762450,3762596,3762613,146,17,163,completed,2
58685,Rigid,3762450,3762596,3762613,146,17,163,completed,2
58686,Rigid,3762450,3762596,3762613,146,17,163,completed,2
58687,Rigid,3762450,3762596,3762613,146,17,163,completed,2
58688,Rigid,3762451,3762596,3762613,145,17,162,completed,2
58689,Rigid,3762451,3762596,3762613,145,17,162,completed,2
58690,Rigid,3762451,3762596,3762613,145,17,162,completed,2
58691,Rigid,3762452,3762596,3762613,144,17,161,completed,2
58692,Rigid,3762452,3762596,3762613,144,17,161,completed,2
58693,Rigid,3762452,3762596,3762613,144,17,161,completed,2
58694,Rigid,3762452,3762596,3762613,144,17,161,completed,2
58695,Rigid,3762452,3762596,3762613,144,17,161,completed,2
58696,Rigid,3762452,3762627,3762644,175,17,192,completed,2
58697,Rigid,3762453,3762627,3762642,174,15,189,completed,2
58698,Rigid,3762453,3762627,3762642,174,15,189,completed,2
58699,Rigid,3762453,3762627,3762642,174,15,189,completed,2
58700,Rigid,3762453,3762627,3762642,174,15,189,completed,2
58701,Rigid,3762453,3762627,3762642,174,15,189,completed,2
58702,Rigid,3762453,3762627,3762643,174,16,190,completed,2
58703,Rigid,3762453,3762627,3762644,174,17,191,completed,2
58704,Rigid,3762454,3762627,3762643,173,16,189,completed,2
58705,Rigid,3762454,3762627,3762641,173,14,187,completed,2
58706,Rigid,3762454,3762627,3762642,173,15,188,completed,2
58707,Rigid,3762454,3762627,3762642,173,15,188,completed,2
58708,Rigid,3762454,3762627,3762645,173,18,191,completed,2
58709,Rigid,3762454,3762627,3762645,173,18,191,completed,2
58710,Rigid,3762454,3762627,3762645,173,18,191,completed,2
58711,Rigid,3762455,3762627,3762645,172,18,190,completed,2
58712,Rigid,3762455,3762627,3762645,172,18,190,completed,2
58713,Rigid,3762455,3762627,3762645,172,18,190,completed,2
58714,Rigid,3762455,3762627,3762646,172,19,191,completed,2
58715,Rigid,3762455,3762627,3762646,172,19,191,completed,2
58716,Rigid,3762455,3762627,3762646,172,19,191,completed,2
58717,Rigid,3762455,3762627,3762645,172,18,190,completed,2
58718,Rigid,3762456,3762627,3762646,171,19,190,completed,2
58719,Rigid,3762456,3762627,3762646,171,19,190,completed,2
58720,Rigid,3762456,3762627,3762646,171,19,190,completed,2
58721,Rigid,3762456,3762627,3762646,171,19,190,completed,2
58722,Rigid,3762556,3762627,3762645,71,18,89,completed,2
58723,Rigid,3762557,3762627,3762645,70,18,88,completed,2
58724,Rigid,3762557,3762627,3762644,70,17,87,completed,2
58725,Rigid,3762557,3762627,3762641,70,14,84,completed,2
58726,Rigid,3762557,3762627,3762645,70,18,88,completed,2
58727,Rigid,3762557,3762627,3762645,70,18,88,completed,2
58728,Rigid,3762557,3762627,3762643,70,16,86,completed,2
58729,Rigid,3762558,3762627,3762643,69,16,85,completed,2
58730,Rigid,3762558,3762627,3762644,69,17,86,completed,2
58731,Rigid,3762558,3762627,3762643,69,16,85,completed,2
58732,Rigid,3762558,3762627,3762644,69,17,86,completed,2
58733,Rigid,3762558,3762627,3762642,69,15,84,completed,2
58734,Rigid,3762558,3762627,3762643,69,16,85,completed,2
58735,Rigid,3762558,3762627,3762642,69,15,84,completed,2
58736,Rigid,3762559,3762627,3762643,68,16,84,completed,2
58737,Rigid,3762559,3762627,3762641,68,14,82,completed,2
58738,Rigid,3762559,3762627,3762644,68,17,85,completed,2
58739,Rigid,3762559,3762627,3762645,68,18,86,completed,2
58740,Rigid,3762559,3762627,3762643,68,16,84,completed,2
58741,Rigid,3762559,3762627,3762643,68,16,84,completed,2
58742,Rigid,3762559,3762627,3762643,68,16,84,completed,2
58743,Rigid,3762560,3762627,3762643,67,16,83,completed,2
58744,Rigid,3762560,3762627,3762643,67,16,83,completed,2
58745,Rigid,3762560,3762627,3762643,67,16,83,completed,2
58746,Rigid,3762560,3762627,3762644,67,17,84,completed,2
58747,Rigid,3762560,3762627,3762645,67,18,85,completed,2
58748,Rigid,3762560,3762627,3762645,67,18,85,completed,2
58749,Rigid,3762561,3762627,3762646,66,19,85,completed,2
58750,Rigid,3762561,3762627,3762645,66,18,84,completed,2
58751,Rigid,3762561,3762627,3762645,66,18,84,completed,2
58752,Rigid,3762561,3762627,3762645,66,18,84,completed,2
58753,Rigid,3762561,3762627,3762645,66,18,84,completed,2
58754,Rigid,3762561,3762627,3762645,66,18,84,completed,2
58755,Rigid,3762561,3762627,3762645,66,18,84,completed,2
58756,Rigid,3762562,3762627,3762646,65,19,84,completed,2
58757,Rigid,3762562,3762627,3762646,65,19,84,completed,2
58758,Rigid,3762562,3762627,3762645,65,18,83,completed,2
58759,Rigid,3762562,3762627,3762645,65,18,83,completed,2
58760,Rigid,3762562,3762627,3762646,65,19,84,completed,2
58761,Rigid,3762562,3762627,3762644,65,17,82,completed,2
58762,Rigid,3762563,3762627,3762642,64,15,79,completed,2
58763,Rigid,3762563,3762627,3762645,64,18,82,completed,2
58764,Rigid,3762563,3762627,3762645,64,18,82,completed,2
58765,Rigid,3762563,3762627,3762644,64,17,81,completed,2
58766,Rigid,3762563,3762627,3762645,64,18,82,completed,2
58767,Rigid,3762563,3762627,3762644,64,17,81,completed,2
58768,Rigid,3762563,3762627,3762644,64,17,81,completed,2
58769,Rigid,3762563,3762627,3762645,64,18,82,completed,2
58770,Rigid,3762564,3762627,3762644,63,17,80,completed,2
58771,Rigid,3762564,3762627,3762644,63,17,80,completed,2
58772,Rigid,3762564,3762627,3762645,63,18,81,completed,2
58773,Rigid,3762564,3762627,3762646,63,19,82,completed,2
58774,Rigid,3762564,3762627,3762647,63,20,83,completed,2
58775,Rigid,3762564,3762627,3762647,63,20,83,completed,2
58776,Rigid,3762565,3762627,3762646,62,19,81,completed,2
58777,Rigid,3762567,3762627,3762646,60,19,79,completed,2
58778,Rigid,3762568,3762627,3762647,59,20,79,completed,2
58779,Rigid,3762568,3762627,3762646,59,19,78,completed,2
58780,Rigid,3762569,3762627,3762646,58,19,77,completed,2
58781,Rigid,3762569,3762627,3762646,58,19,77,completed,2
58782,Rigid,3762569,3762627,3762647,58,20,78,completed,2
58783,Rigid,3762569,3762627,3762646,58,19,77,completed,2
58784,Rigid,3762569,3762627,3762646,58,19,77,completed,2
58785,Rigid,3762569,3762627,3762646,58,19,77,completed,2
58786,Rigid,3762570,3762627,3762646,57,19,76,completed,2
58787,Rigid,3762570,3762627,3762647,57,20,77,completed,2
58788,Rigid,3762570,3762627,3762646,57,19,76,completed,2
58789,Rigid,3762570,3762627,3762646,57,19,76,completed,2
58790,Rigid,3762570,3762659,3762673,89,14,103,completed,2
58791,Rigid,3762570,3762659,3762673,89,14,103,completed,2
58792,Rigid,3762571,3762659,3762672,88,13,101,completed,2
58793,Rigid,3762571,3762659,3762673,88,14,102,completed,2
58794,Rigid,3762571,3762659,3762672,88,13,101,completed,2
58795,Rigid,3762571,3762659,3762672,88,13,101,completed,2
58796,Rigid,3762571,3762659,3762673,88,14,102,completed,2
58797,Rigid,3762571,3762659,3762673,88,14,102,completed,2
58798,Rigid,3762571,3762659,3762673,88,14,102,completed,2
58799,Rigid,3762572,3762659,3762672,87,13,100,completed,2
58800,Rigid,3762572,3762659,3762672,87,13,100,completed,2
58801,Rigid,3762572,3762659,3762672,87,13,100,completed,2
58802,Rigid,3762572,3762659,3762676,87,17,104,completed,2
58803,Rigid,3762572,3762659,3762676,87,17,104,completed,2
58804,Rigid,3762572,3762659,3762676,87,17,104,completed,2
58805,Rigid,3762572,3762659,3762676,87,17,104,completed,2
58806,Rigid,3762573,3762659,3762676,86,17,103,completed,2
58807,Rigid,3762573,3762659,3762675,86,16,102,completed,2
58808,Rigid,3762573,3762659,3762675,86,16,102,completed,2
58809,Rigid,3762573,3762659,3762676,86,17,103,completed,2
58810,Rigid,3762573,3762659,3762676,86,17,103,completed,2
58811,Rigid,3762573,3762659,3762676,86,17,103,completed,2
58812,Rigid,3762573,3762659,3762676,86,17,103,completed,2
58813,Rigid,3762574,3762659,3762675,85,16,101,completed,2
58814,Rigid,3762574,3762659,3762673,85,14,99,completed,2
58815,Rigid,3762574,3762659,3762675,85,16,101,completed,2
58816,Rigid,3762574,3762659,3762675,85,16,101,completed,2
58817,Rigid,3762574,3762659,3762676,85,17,102,completed,2
58818,Rigid,3762574,3762659,3762673,85,14,99,completed,2
58819,Rigid,3762575,3762659,3762675,84,16,100,completed,2
58820,Rigid,3762575,3762659,3762673,84,14,98,completed,2
58821,Rigid,3762576,3762659,3762674,83,15,98,completed,2
58822,Rigid,3762576,3762659,3762673,83,14,97,completed,2
58823,Rigid,3762576,3762659,3762675,83,16,99,completed,2
58824,Rigid,3762576,3762659,3762675,83,16,99,completed,2
58825,Rigid,3762577,3762659,3762674,82,15,97,completed,2
58826,Rigid,3762577,3762659,3762675,82,16,98,completed,2
58827,Rigid,3762577,3762659,3762674,82,15,97,completed,2
58828,Rigid,3762577,3762659,3762675,82,16,98,completed,2
58829,Rigid,3762577,3762659,3762674,82,15,97,completed,2
58830,Rigid,3762577,3762659,3762674,82,15,97,completed,2
58831,Rigid,3762577,3762659,3762675,82,16,98,completed,2
58832,Rigid,3762578,3762659,3762674,81,15,96,completed,2
58833,Rigid,3762578,3762659,3762674,81,15,96,completed,2
58834,Rigid,3762578,3762659,3762675,81,16,97,completed,2
58835,Rigid,3762578,3762659,3762675,81,16,97,completed,2
58836,Rigid,3762578,3762659,3762674,81,15,96,completed,2
58837,Rigid,3762578,3762659,3762674,81,15,96,completed,2
58838,Rigid,3762578,3762659,3762675,81,16,97,completed,2
58839,Rigid,3762579,3762659,3762674,80,15,95,completed,2
58840,Rigid,3762579,3762659,3762674,80,15,95,completed,2
58841,Rigid,3762579,3762659,3762675,80,16,96,completed,2
58842,Rigid,3762579,3762659,3762674,80,15,95,completed,2
58843,Rigid,3762579,3762659,3762676,80,17,97,completed,2
58844,Rigid,3762580,3762659,3762674,79,15,94,completed,2
58845,Rigid,3762580,3762659,3762675,79,16,95,completed,2
58846,Rigid,3762580,3762659,3762676,79,17,96,completed,2
58847,Rigid,3762580,3762659,3762676,79,17,96,completed,2
58848,Rigid,3762580,3762659,3762675,79,16,95,completed,2
58849,Rigid,3762581,3762659,3762675,78,16,94,completed,2
58850,Rigid,3762581,3762659,3762676,78,17,95,completed,2
58851,Rigid,3762581,3762659,3762675,78,16,94,completed,2
58852,Rigid,3762581,3762659,3762676,78,17,95,completed,2
58853,Rigid,3762581,3762659,3762675,78,16,94,completed,2
58854,Rigid,3762582,3762659,3762675,77,16,93,completed,2
58855,Rigid,3762582,3762659,3762676,77,17,94,completed,2
58856,Rigid,3762582,3762659,3762676,77,17,94,completed,2
58857,Rigid,3762582,3762659,3762676,77,17,94,completed,2
58858,Rigid,3762583,3762659,3762675,76,16,92,completed,2
58859,Rigid,3762583,3762659,3762675,76,16,92,completed,2
58860,Rigid,3762583,3762659,3762674,76,15,91,completed,2
58861,Rigid,3762583,3762659,3762675,76,16,92,completed,2
58862,Rigid,3762583,3762659,3762675,76,16,92,completed,2
58863,Rigid,3762584,3762659,3762675,75,16,91,completed,2
58864,Rigid,3762584,3762659,3762676,75,17,92,completed,2
58865,Rigid,3762584,3762659,3762675,75,16,91,completed,2
58866,Rigid,3762584,3762659,3762676,75,17,92,completed,2
58867,Rigid,3762584,3762659,3762676,75,17,92,completed,2
58868,Rigid,3762584,3762659,3762676,75,17,92,completed,2
58869,Rigid,3762585,3762659,3762676,74,17,91,completed,2
58870,Rigid,3762585,3762659,3762676,74,17,91,completed,2
58871,Rigid,3762585,3762659,3762676,74,17,91,completed,2
58872,Rigid,3762585,3762659,3762676,74,17,91,completed,2
58873,Rigid,3762585,3762659,3762677,74,18,92,completed,2
58874,Rigid,3762585,3762659,3762676,74,17,91,completed,2
58875,Rigid,3762585,3762659,3762676,74,17,91,completed,2
58876,Rigid,3762586,3762659,3762676,73,17,90,completed,2
58877,Rigid,3762586,3762659,3762676,73,17,90,completed,2
58878,Rigid,3762586,3762659,3762676,73,17,90,completed,2
58879,Rigid,3762586,3762659,3762676,73,17,90,completed,2
58880,Rigid,3762586,3762659,3762676,73,17,90,completed,2
58881,Rigid,3762586,3762659,3762676,73,17,90,completed,2
58882,Rigid,3762586,3762659,3762676,73,17,90,completed,2
58883,Rigid,3762587,3762659,3762676,72,17,89,completed,2
58884,Rigid,3762587,3762690,3762702,103,12,115,completed,2
58885,Rigid,3762587,3762690,3762702,103,12,115,completed,2
58886,Rigid,3762587,3762690,3762701,103,11,114,completed,2
58887,Rigid,3762587,3762690,3762701,103,11,114,completed,2
58888,Rigid,3762587,3762690,3762702,103,12,115,completed,2
58889,Rigid,3762588,3762690,3762701,102,11,113,completed,2
58890,Rigid,3762588,3762690,3762701,102,11,113,completed,2
58891,Rigid,3762588,3762690,3762701,102,11,113,completed,2
58892,Rigid,3762588,3762690,3762701,102,11,113,completed,2
58893,Rigid,3762588,3762690,3762701,102,11,113,completed,2
58894,Rigid,3762588,3762690,3762701,102,11,113,completed,2
58895,Rigid,3762588,3762690,3762701,102,11,113,completed,2
58896,Rigid,3762589,3762690,3762701,101,11,112,completed,2
58897,Rigid,3762589,3762690,3762701,101,11,112,completed,2
58898,Rigid,3762589,3762690,3762701,101,11,112,completed,2
58899,Rigid,3762589,3762690,3762701,101,11,112,completed,2
58900,Rigid,3762589,3762690,3762701,101,11,112,completed,2
58901,Rigid,3762589,3762690,3762702,101,12,113,completed,2
58902,Rigid,3762589,3762690,3762701,101,11,112,completed,2
58903,Rigid,3762590,3762690,3762701,100,11,111,completed,2
58904,Rigid,3762590,3762690,3762701,100,11,111,completed,2
58905,Rigid,3762590,3762690,3762702,100,12,112,completed,2
58906,Rigid,3762871,3762877,3763092,6,215,221,completed,1
58907,Rigid,3762881,3762908,3762918,27,10,37,completed,1
58908,Rigid,3762881,3762940,3762961,59,21,80,completed,1
58909,Rigid,3762881,3762971,3762987,90,16,106,completed,2
58910,Rigid,3762881,3762971,3762985,90,14,104,completed,2
58911,Rigid,3762881,3762971,3762987,90,16,106,completed,2
58912,Rigid,3762881,3762971,3762987,90,16,106,completed,2
58913,Rigid,3762881,3762971,3762985,90,14,104,completed,2
58914,Rigid,3762882,3762971,3762987,89,16,105,completed,2
58915,Rigid,3762882,3762971,3762985,89,14,103,completed,2
58916,Rigid,3762882,3762971,3762985,89,14,103,completed,2
58917,Rigid,3762882,3762971,3762984,89,13,102,completed,2
58918,Rigid,3762882,3762971,3762984,89,13,102,completed,2
58919,Rigid,3762882,3762971,3762984,89,13,102,completed,2
58920,Rigid,3762882,3762971,3762984,89,13,102,completed,2
58921,Rigid,3762883,3762971,3762989,88,18,106,completed,2
58922,Rigid,3762883,3762971,3762990,88,19,107,completed,2
58923,Rigid,3762883,3762971,3762989,88,18,106,completed,2
58924,Rigid,3762883,3762971,3762989,88,18,106,completed,2
58925,Rigid,3762883,3762971,3762989,88,18,106,completed,2
58926,Rigid,3762883,3762971,3762988,88,17,105,completed,2
58927,Rigid,3762883,3762971,3762990,88,19,107,completed,2
58928,Rigid,3762884,3762971,3762989,87,18,105,completed,2
58929,Rigid,3762884,3762971,3762990,87,19,106,completed,2
58930,Rigid,3762884,3762971,3762990,87,19,106,completed,2
58931,Rigid,3762884,3762971,3762989,87,18,105,completed,2
58932,Rigid,3762884,3762971,3762989,87,18,105,completed,2
58933,Rigid,3762884,3762971,3762990,87,19,106,completed,2
58934,Rigid,3762885,3762971,3762990,86,19,105,completed,2
58935,Rigid,3762885,3762971,3762989,86,18,104,completed,2
58936,Rigid,3762885,3762971,3762989,86,18,104,completed,2
58937,Rigid,3762885,3762971,3762988,86,17,103,completed,2
58938,Rigid,3762885,3762971,3762985,86,14,100,completed,2
58939,Rigid,3762885,3762971,3762985,86,14,100,completed,2
58940,Rigid,3762885,3762971,3762988,86,17,103,completed,2
58941,Rigid,3762886,3762971,3762987,85,16,101,completed,2
58942,Rigid,3762886,3762971,3762987,85,16,101,completed,2
58943,Rigid,3762886,3762971,3762988,85,17,102,completed,2
58944,Rigid,3762886,3762971,3762985,85,14,99,completed,2
58945,Rigid,3762886,3762971,3762987,85,16,101,completed,2
58946,Rigid,3762886,3762971,3762988,85,17,102,completed,2
58947,Rigid,3762886,3762971,3762984,85,13,98,completed,2
58948,Rigid,3762887,3762971,3762988,84,17,101,completed,2
58949,Rigid,3762887,3762971,3762985,84,14,98,completed,2
58950,Rigid,3762887,3762971,3762985,84,14,98,completed,2
58951,Rigid,3762887,3762971,3762988,84,17,101,completed,2
58952,Rigid,3762887,3762971,3762987,84,16,100,completed,2
58953,Rigid,3762887,3762971,3762988,84,17,101,completed,2
58954,Rigid,3762887,3762971,3762988,84,17,101,completed,2
58955,Rigid,3762888,3762971,3762987,83,16,99,completed,2
58956,Rigid,3762888,3762971,3762986,83,15,98,completed,2
58957,Rigid,3762888,3762971,3762988,83,17,100,completed,2
58958,Rigid,3762888,3762971,3762988,83,17,100,completed,2
58959,Rigid,3762888,3762971,3762987,83,16,99,completed,2
58960,Rigid,3762888,3762971,3762990,83,19,102,completed,2
58961,Rigid,3762888,3762971,3762989,83,18,101,completed,2
58962,Rigid,3762889,3762971,3762989,82,18,100,completed,2
58963,Rigid,3762889,3762971,3762989,82,18,100,completed,2
58964,Rigid,3762889,3762971,3762989,82,18,100,completed,2
58965,Rigid,3762889,3762971,3762989,82,18,100,completed,2
58966,Rigid,3762889,3762971,3762989,82,18,100,completed,2
58967,Rigid,3762889,3762971,3762989,82,18,100,completed,2
58968,Rigid,3762889,3762971,3762989,82,18,100,completed,2
58969,Rigid,3762890,3762971,3762989,81,18,99,completed,2
58970,Rigid,3762890,3762971,3762989,81,18,99,completed,2
58971,Rigid,3762890,3762971,3762989,81,18,99,completed,2
58972,Rigid,3762890,3762971,3762989,81,18,99,completed,2
58973,Rigid,3762890,3762971,3762989,81,18,99,completed,2
58974,Rigid,3762890,3762971,3762988,81,17,98,completed,2
58975,Rigid,3762890,3762971,3762988,81,17,98,completed,2
58976,Rigid,3762891,3762971,3762988,80,17,97,completed,2
58977,Rigid,3762891,3762971,3762989,80,18,98,completed,2
58978,Rigid,3762891,3762971,3762989,80,18,98,completed,2
58979,Rigid,3762891,3762971,3762988,80,17,97,completed,2
58980,Rigid,3762891,3762971,3762989,80,18,98,completed,2
58981,Rigid,3762891,3762971,3762988,80,17,97,completed,2
58982,Rigid,3762892,3762971,3762988,79,17,96,completed,2
58983,Rigid,3762892,3762971,3762988,79,17,96,completed,2
58984,Rigid,3762892,3762971,3762988,79,17,96,completed,2
58985,Rigid,3762892,3762971,3762989,79,18,97,completed,2
58986,Rigid,3762892,3762971,3762990,79,19,98,completed,2
58987,Rigid,3762893,3762971,3762987,78,16,94,completed,2
58988,Rigid,3762893,3762971,3762990,78,19,97,completed,2
58989,Rigid,3762893,3762971,3762990,78,19,97,completed,2
58990,Rigid,3762893,3762971,3762990,78,19,97,completed,2
58991,Rigid,3762893,3762971,3762990,78,19,97,completed,2
58992,Rigid,3762893,3762971,3762988,78,17,95,completed,2
58993,Rigid,3762893,3762971,3762990,78,19,97,completed,2
58994,Rigid,3762894,3762971,3762990,77,19,96,completed,2
58995,Rigid,3762894,3762971,3762987,77,16,93,completed,2
58996,Rigid,3762894,3762971,3762988,77,17,94,completed,2
58997,Rigid,3762894,3762971,3762990,77,19,96,completed,2
58998,Rigid,3762894,3762971,3762989,77,18,95,completed,2
58999,Rigid,3762894,3762971,3762990,77,19,96,completed,2
59000,Rigid,3762895,3762971,3762989,76,18,94,completed,2
59001,Rigid,3762895,3762971,3762990,76,19,95,completed,2
59002,Rigid,3762895,3762971,3762990,76,19,95,completed,2
59003,Rigid,3762895,3763003,3763020,108,17,125,completed,2
59004,Rigid,3762895,3763003,3763020,108,17,125,completed,2
59005,Rigid,3762895,3763003,3763021,108,18,126,completed,2
59006,Rigid,3762895,3763003,3763020,108,17,125,completed,2
59007,Rigid,3762896,3763003,3763020,107,17,124,completed,2
59008,Rigid,3762896,3763003,3763021,107,18,125,completed,2
59009,Rigid,3762896,3763003,3763020,107,17,124,completed,2
59010,Rigid,3762896,3763003,3763021,107,18,125,completed,2
59011,Rigid,3762896,3763003,3763018,107,15,122,completed,2
59012,Rigid,3762896,3763003,3763018,107,15,122,completed,2
59013,Rigid,3762896,3763003,3763018,107,15,122,completed,2
59014,Rigid,3762897,3763003,3763018,106,15,121,completed,2
59015,Rigid,3762897,3763003,3763020,106,17,123,completed,2
59016,Rigid,3762897,3763003,3763020,106,17,123,completed,2
59017,Rigid,3762897,3763003,3763021,106,18,124,completed,2
59018,Rigid,3762897,3763003,3763020,106,17,123,completed,2
59019,Rigid,3762897,3763003,3763022,106,19,125,completed,2
59020,Rigid,3762897,3763003,3763021,106,18,124,completed,2
59021,Rigid,3762898,3763003,3763022,105,19,124,completed,2
59022,Rigid,3762898,3763003,3763021,105,18,123,completed,2
59023,Rigid,3762898,3763003,3763021,105,18,123,completed,2
59024,Rigid,3762898,3763003,3763022,105,19,124,completed,2
59025,Rigid,3762898,3763003,3763021,105,18,123,completed,2
59026,Rigid,3762898,3763003,3763020,105,17,122,completed,2
59027,Rigid,3762899,3763003,3763021,104,18,122,completed,2
59028,Rigid,3762899,3763003,3763021,104,18,122,completed,2
59029,Rigid,3762899,3763003,3763021,104,18,122,completed,2
59030,Rigid,3762899,3763003,3763022,104,19,123,completed,2
59031,Rigid,3762899,3763003,3763019,104,16,120,completed,2
59032,Rigid,3762899,3763003,3763019,104,16,120,completed,2
59033,Rigid,3762899,3763003,3763018,104,15,119,completed,2
59034,Rigid,3762900,3763003,3763017,103,14,117,completed,2
59035,Rigid,3762900,3763003,3763019,103,16,119,completed,2
59036,Rigid,3762900,3763003,3763021,103,18,121,completed,2
59037,Rigid,3762900,3763003,3763018,103,15,118,completed,2
59038,Rigid,3762900,3763003,3763018,103,15,118,completed,2
59039,Rigid,3762900,3763003,3763019,103,16,119,completed,2
59040,Rigid,3762900,3763003,3763019,103,16,119,completed,2
59041,Rigid,3762900,3763003,3763019,103,16,119,completed,2
59042,Rigid,3762901,3763003,3763021,102,18,120,completed,2
59043,Rigid,3762901,3763003,3763019,102,16,118,completed,2
59044,Rigid,3762901,3763003,3763019,102,16,118,completed,2
59045,Rigid,3762901,3763003,3763021,102,18,120,completed,2
59046,Rigid,3762901,3763003,3763019,102,16,118,completed,2
59047,Rigid,3762901,3763003,3763020,102,17,119,completed,2
59048,Rigid,3762901,3763003,3763020,102,17,119,completed,2
59049,Rigid,3762901,3763003,3763020,102,17,119,completed,2
59050,Rigid,3762902,3763003,3763020,101,17,118,completed,2
59051,Rigid,3762902,3763003,3763021,101,18,119,completed,2
59052,Rigid,3762902,3763003,3763021,101,18,119,completed,2
59053,Rigid,3762902,3763003,3763020,101,17,118,completed,2
59054,Rigid,3762902,3763003,3763021,101,18,119,completed,2
59055,Rigid,3762902,3763003,3763021,101,18,119,completed,2
59056,Rigid,3762902,3763003,3763021,101,18,119,completed,2
59057,Rigid,3762903,3763003,3763021,100,18,118,completed,2
59058,Rigid,3762903,3763003,3763021,100,18,118,completed,2
59059,Rigid,3762903,3763003,3763021,100,18,118,completed,2
59060,Rigid,3762903,3763003,3763021,100,18,118,completed,2
59061,Rigid,3762904,3763003,3763021,99,18,117,completed,2
59062,Rigid,3762904,3763003,3763021,99,18,117,completed,2
59063,Rigid,3762904,3763003,3763021,99,18,117,completed,2
59064,Rigid,3762904,3763003,3763021,99,18,117,completed,2
59065,Rigid,3762904,3763003,3763022,99,19,118,completed,2
59066,Rigid,3762904,3763003,3763021,99,18,117,completed,2
59067,Rigid,3762904,3763003,3763022,99,19,118,completed,2
59068,Rigid,3762905,3763003,3763020,98,17,115,completed,2
59069,Rigid,3762905,3763003,3763021,98,18,116,completed,2
59070,Rigid,3762905,3763003,3763021,98,18,116,completed,2
59071,Rigid,3762905,3763003,3763020,98,17,115,completed,2
59072,Rigid,3762905,3763003,3763020,98,17,115,completed,2
59073,Rigid,3762905,3763003,3763021,98,18,116,completed,2
59074,Rigid,3762906,3763003,3763021,97,18,115,completed,2
59075,Rigid,3762906,3763003,3763020,97,17,114,completed,2
59076,Rigid,3762906,3763003,3763021,97,18,115,completed,2
59077,Rigid,3762906,3763003,3763021,97,18,115,completed,2
59078,Rigid,3762906,3763003,3763021,97,18,115,completed,2
59079,Rigid,3762906,3763003,3763021,97,18,115,completed,2
59080,Rigid,3762906,3763003,3763021,97,18,115,completed,2
59081,Rigid,3762907,3763003,3763021,96,18,114,completed,2
59082,Rigid,3762907,3763003,3763021,96,18,114,completed,2
59083,Rigid,3762907,3763003,3763021,96,18,114,completed,2
59084,Rigid,3762907,3763003,3763022,96,19,115,completed,2
59085,Rigid,3762908,3763003,3763022,95,19,114,completed,2
59086,Rigid,3762908,3763003,3763022,95,19,114,completed,2
59087,Rigid,3762908,3763003,3763022,95,19,114,completed,2
59088,Rigid,3762908,3763003,3763022,95,19,114,completed,2
59089,Rigid,3762908,3763003,3763021,95,18,113,completed,2
59090,Rigid,3762908,3763003,3763021,95,18,113,completed,2
59091,Rigid,3762910,3763003,3763021,93,18,111,completed,2
59092,Rigid,3762910,3763003,3763022,93,19,112,completed,2
59093,Rigid,3762910,3763003,3763021,93,18,111,completed,2
59094,Rigid,3762910,3763003,3763021,93,18,111,completed,2
59095,Rigid,3762910,3763003,3763022,93,19,112,completed,2
59096,Rigid,3762911,3763003,3763021,92,18,110,completed,2
59097,Rigid,3762911,3763037,3763053,126,16,142,completed,2
59098,Rigid,3762911,3763037,3763052,126,15,141,completed,2
59099,Rigid,3762911,3763037,3763054,126,17,143,completed,2
59100,Rigid,3762911,3763037,3763052,126,15,141,completed,2
59101,Rigid,3762911,3763037,3763052,126,15,141,completed,2
59102,Rigid,3762911,3763037,3763053,126,16,142,completed,2
59103,Rigid,3762912,3763037,3763052,125,15,140,completed,2
59104,Rigid,3762912,3763037,3763052,125,15,140,completed,2
59105,Rigid,3762912,3763037,3763052,125,15,140,completed,2
59106,Rigid,3762912,3763037,3763052,125,15,140,completed,2
59107,Rigid,3762912,3763037,3763051,125,14,139,completed,2
59108,Rigid,3762912,3763037,3763051,125,14,139,completed,2
59109,Rigid,3762912,3763037,3763054,125,17,142,completed,2
59110,Rigid,3762912,3763037,3763055,125,18,143,completed,2
59111,Rigid,3762913,3763037,3763055,124,18,142,completed,2
59112,Rigid,3762913,3763037,3763054,124,17,141,completed,2
59113,Rigid,3762913,3763037,3763055,124,18,142,completed,2
59114,Rigid,3762913,3763037,3763055,124,18,142,completed,2
59115,Rigid,3762913,3763037,3763055,124,18,142,completed,2
59116,Rigid,3762913,3763037,3763054,124,17,141,completed,2
59117,Rigid,3762914,3763037,3763055,123,18,141,completed,2
59118,Rigid,3762914,3763037,3763055,123,18,141,completed,2
59119,Rigid,3762914,3763037,3763055,123,18,141,completed,2
59120,Rigid,3762914,3763037,3763055,123,18,141,completed,2
59121,Rigid,3762914,3763037,3763055,123,18,141,completed,2
59122,Rigid,3762914,3763037,3763054,123,17,140,completed,2
59123,Rigid,3762914,3763037,3763054,123,17,140,completed,2
59124,Rigid,3762915,3763037,3763054,122,17,139,completed,2
59125,Rigid,3762915,3763037,3763053,122,16,138,completed,2
59126,Rigid,3762915,3763037,3763053,122,16,138,completed,2
59127,Rigid,3762915,3763037,3763054,122,17,139,completed,2
59128,Rigid,3762915,3763037,3763052,122,15,137,completed,2
59129,Rigid,3762915,3763037,3763052,122,15,137,completed,2
59130,Rigid,3762915,3763037,3763053,122,16,138,completed,2
59131,Rigid,3762916,3763037,3763054,121,17,138,completed,2
59132,Rigid,3762916,3763037,3763053,121,16,137,completed,2
59133,Rigid,3762916,3763037,3763053,121,16,137,completed,2
59134,Rigid,3762916,3763037,3763054,121,17,138,completed,2
59135,Rigid,3762916,3763037,3763054,121,17,138,completed,2
59136,Rigid,3762916,3763037,3763054,121,17,138,completed,2
59137,Rigid,3762916,3763037,3763052,121,15,136,completed,2
59138,Rigid,3762917,3763037,3763053,120,16,136,completed,2
59139,Rigid,3762917,3763037,3763054,120,17,137,completed,2
59140,Rigid,3762917,3763037,3763053,120,16,136,completed,2
59141,Rigid,3762917,3763037,3763053,120,16,136,completed,2
59142,Rigid,3762917,3763037,3763053,120,16,136,completed,2
59143,Rigid,3762917,3763037,3763053,120,16,136,completed,2
59144,Rigid,3762917,3763037,3763054,120,17,137,completed,2
59145,Rigid,3762918,3763037,3763054,119,17,136,completed,2
59146,Rigid,3762918,3763037,3763053,119,16,135,completed,2
59147,Rigid,3762918,3763037,3763054,119,17,136,completed,2
59148,Rigid,3762918,3763037,3763055,119,18,137,completed,2
59149,Rigid,3762918,3763037,3763054,119,17,136,completed,2
59150,Rigid,3762918,3763037,3763055,119,18,137,completed,2
59151,Rigid,3762918,3763037,3763055,119,18,137,completed,2
59152,Rigid,3762919,3763037,3763055,118,18,136,completed,2
59153,Rigid,3762919,3763037,3763055,118,18,136,completed,2
59154,Rigid,3762919,3763037,3763054,118,17,135,completed,2
59155,Rigid,3762919,3763037,3763055,118,18,136,completed,2
59156,Rigid,3762919,3763037,3763054,118,17,135,completed,2
59157,Rigid,3762919,3763037,3763054,118,17,135,completed,2
59158,Rigid,3762919,3763037,3763055,118,18,136,completed,2
59159,Rigid,3762920,3763037,3763055,117,18,135,completed,2
59160,Rigid,3762920,3763037,3763055,117,18,135,completed,2
59161,Rigid,3762920,3763037,3763055,117,18,135,completed,2
59162,Rigid,3762920,3763037,3763054,117,17,134,completed,2
59163,Rigid,3762920,3763037,3763054,117,17,134,completed,2
59164,Rigid,3762920,3763037,3763054,117,17,134,completed,2
59165,Rigid,3762921,3763037,3763054,116,17,133,completed,2
59166,Rigid,3762921,3763037,3763054,116,17,133,completed,2
59167,Rigid,3762921,3763037,3763054,116,17,133,completed,2
59168,Rigid,3762921,3763037,3763054,116,17,133,completed,2
59169,Rigid,3762921,3763037,3763054,116,17,133,completed,2
59170,Rigid,3762921,3763037,3763054,116,17,133,completed,2
59171,Rigid,3762921,3763037,3763054,116,17,133,completed,2
59172,Rigid,3762922,3763037,3763054,115,17,132,completed,2
59173,Rigid,3762922,3763037,3763054,115,17,132,completed,2
59174,Rigid,3762922,3763037,3763055,115,18,133,completed,2
59175,Rigid,3762922,3763037,3763055,115,18,133,completed,2
59176,Rigid,3762922,3763037,3763055,115,18,133,completed,2
59177,Rigid,3762922,3763037,3763055,115,18,133,completed,2
59178,Rigid,3762922,3763037,3763055,115,18,133,completed,2
59179,Rigid,3762923,3763037,3763055,114,18,132,completed,2
59180,Rigid,3762923,3763037,3763055,114,18,132,completed,2
59181,Rigid,3762923,3763037,3763055,114,18,132,completed,2
59182,Rigid,3762924,3763037,3763055,113,18,131,completed,2
59183,Rigid,3762924,3763037,3763055,113,18,131,completed,2
59184,Rigid,3762924,3763037,3763055,113,18,131,completed,2
59185,Rigid,3762924,3763037,3763055,113,18,131,completed,2
59186,Rigid,3762924,3763037,3763055,113,18,131,completed,2
59187,Rigid,3762924,3763037,3763055,113,18,131,completed,2
59188,Rigid,3762925,3763037,3763055,112,18,130,completed,2
59189,Rigid,3762925,3763037,3763055,112,18,130,completed,2
59190,Rigid,3762925,3763037,3763055,112,18,130,completed,2
59191,Rigid,3762925,3763069,3763236,144,167,311,completed,2
59192,Rigid,3762925,3763069,3763236,144,167,311,completed,2
59193,Rigid,3762925,3763069,3763236,144,167,311,completed,2
59194,Rigid,3762926,3763069,3763236,143,167,310,completed,2
59195,Rigid,3762926,3763069,3763236,143,167,310,completed,2
59196,Rigid,3762926,3763069,3763236,143,167,310,completed,2
59197,Rigid,3762926,3763069,3763236,143,167,310,completed,2
59198,Rigid,3762926,3763069,3763236,143,167,310,completed,2
59199,Rigid,3762926,3763069,3763236,143,167,310,completed,2
59200,Rigid,3762926,3763069,3763236,143,167,310,completed,2
59201,Rigid,3762927,3763069,3763236,142,167,309,completed,2
59202,Rigid,3762927,3763069,3763236,142,167,309,completed,2
59203,Rigid,3762927,3763069,3763236,142,167,309,completed,2
59204,Rigid,3762927,3763069,3763236,142,167,309,completed,2
59205,Rigid,3762927,3763069,3763236,142,167,309,completed,2
59206,Rigid,3762927,3763069,3763236,142,167,309,completed,2
59207,Rigid,3762927,3763069,3763236,142,167,309,completed,2
59208,Rigid,3762928,3763069,3763236,141,167,308,completed,2
59209,Rigid,3762928,3763069,3763236,141,167,308,completed,2
59210,Rigid,3762928,3763069,3763236,141,167,308,completed,2
59211,Rigid,3762928,3763069,3763236,141,167,308,completed,2
59212,Rigid,3762928,3763069,3763236,141,167,308,completed,2
59213,Rigid,3762928,3763069,3763236,141,167,308,completed,2
59214,Rigid,3762928,3763069,3763236,141,167,308,completed,2
59215,Rigid,3762929,3763069,3763236,140,167,307,completed,2
59216,Rigid,3762929,3763069,3763236,140,167,307,completed,2
59217,Rigid,3762929,3763069,3763236,140,167,307,completed,2
59218,Rigid,3762929,3763069,3763236,140,167,307,completed,2
59219,Rigid,3762929,3763069,3763236,140,167,307,completed,2
59220,Rigid,3762929,3763069,3763236,140,167,307,completed,2
59221,Rigid,3762930,3763069,3763236,139,167,306,completed,2
59222,Rigid,3762930,3763069,3763236,139,167,306,completed,2
59223,Rigid,3762930,3763069,3763236,139,167,306,completed,2
59224,Rigid,3762930,3763069,3763236,139,167,306,completed,2
59225,Rigid,3762930,3763069,3763236,139,167,306,completed,2
59226,Rigid,3762931,3763069,3763236,138,167,305,completed,2
59227,Rigid,3762931,3763069,3763236,138,167,305,completed,2
59228,Rigid,3762931,3763069,3763236,138,167,305,completed,2
59229,Rigid,3762931,3763069,3763236,138,167,305,completed,2
59230,Rigid,3762931,3763069,3763236,138,167,305,completed,2
59231,Rigid,3762931,3763069,3763236,138,167,305,completed,2
59232,Rigid,3762932,3763069,3763236,137,167,304,completed,2
59233,Rigid,3762932,3763069,3763236,137,167,304,completed,2
59234,Rigid,3762932,3763069,3763236,137,167,304,completed,2
59235,Rigid,3762932,3763069,3763236,137,167,304,completed,2
59236,Rigid,3762932,3763069,3763236,137,167,304,completed,2
59237,Rigid,3762932,3763069,3763236,137,167,304,completed,2
59238,Rigid,3762933,3763069,3763236,136,167,303,completed,2
59239,Rigid,3762933,3763069,3763236,136,167,303,completed,2
59240,Rigid,3762933,3763069,3763236,136,167,303,completed,2
59241,Rigid,3762933,3763069,3763236,136,167,303,completed,2
59242,Rigid,3762933,3763069,3763236,136,167,303,completed,2
59243,Rigid,3762933,3763069,3763236,136,167,303,completed,2
59244,Rigid,3762933,3763069,3763236,136,167,303,completed,2
59245,Rigid,3762934,3763069,3763236,135,167,302,completed,2
59246,Rigid,3762934,3763069,3763236,135,167,302,completed,2
59247,Rigid,3762934,3763069,3763236,135,167,302,completed,2
59248,Rigid,3762934,3763069,3763236,135,167,302,completed,2
59249,Rigid,3762934,3763069,3763236,135,167,302,completed,2
59250,Rigid,3762935,3763069,3763236,134,167,301,completed,2
59251,Rigid,3762935,3763069,3763236,134,167,301,completed,2
59252,Rigid,3762935,3763069,3763236,134,167,301,completed,2
59253,Rigid,3762935,3763069,3763236,134,167,301,completed,2
59254,Rigid,3762935,3763069,3763236,134,167,301,completed,2
59255,Rigid,3762935,3763069,3763236,134,167,301,completed,2
59256,Rigid,3762936,3763069,3763236,133,167,300,completed,2
59257,Rigid,3762936,3763069,3763236,133,167,300,completed,2
59258,Rigid,3762936,3763069,3763236,133,167,300,completed,2
59259,Rigid,3762936,3763069,3763236,133,167,300,completed,2
59260,Rigid,3762936,3763069,3763236,133,167,300,completed,2
59261,Rigid,3762936,3763069,3763236,133,167,300,completed,2
59262,Rigid,3762936,3763069,3763236,133,167,300,completed,2
59263,Rigid,3762937,3763069,3763236,132,167,299,completed,2
59264,Rigid,3762937,3763069,3763236,132,167,299,completed,2
59265,Rigid,3762937,3763069,3763236,132,167,299,completed,2
59266,Rigid,3762937,3763069,3763236,132,167,299,completed,2
59267,Rigid,3762937,3763069,3763236,132,167,299,completed,2
59268,Rigid,3762937,3763069,3763236,132,167,299,completed,2
59269,Rigid,3762937,3763069,3763236,132,167,299,completed,2
59270,Rigid,3762938,3763069,3763236,131,167,298,completed,2
59271,Rigid,3762938,3763069,3763236,131,167,298,completed,2
59272,Rigid,3762938,3763069,3763236,131,167,298,completed,2
59273,Rigid,3762938,3763069,3763236,131,167,298,completed,2
59274,Rigid,3762938,3763069,3763236,131,167,298,completed,2
59275,Rigid,3762938,3763069,3763236,131,167,298,completed,2
59276,Rigid,3762939,3763069,3763236,130,167,297,completed,2
59277,Rigid,3762939,3763069,3763236,130,167,297,completed,2
59278,Rigid,3762939,3763069,3763236,130,167,297,completed,2
59279,Rigid,3762939,3763069,3763236,130,167,297,completed,2
59280,Rigid,3762939,3763069,3763236,130,167,297,completed,2
59281,Rigid,3762941,3763069,3763236,128,167,295,completed,2
59282,Rigid,3762941,3763069,3763236,128,167,295,completed,2
59283,Rigid,3762941,3763069,3763236,128,167,295,completed,2
59284,Rigid,3762941,3763069,3763236,128,167,295,completed,2
59285,Rigid,3763420,3763985,3764479,565,494,1059,completed,144
59286,Rigid,3763997,3764003,3764483,6,480,486,completed,144
59287,Rigid,3764103,3764103,3764930,0,827,827,completed,1
59288,Rigid,3764105,3764107,3764116,2,9,11,completed,1
59289,Rigid,3764105,3764118,3764138,13,20,33,completed,1
59290,Rigid,3764106,3764139,3764518,33,379,412,completed,2
59291,Rigid,3764106,3764139,3764519,33,380,413,completed,2
59292,Rigid,3764106,3764139,3764520,33,381,414,completed,2
59293,Rigid,3764106,3764139,3764571,33,432,465,completed,2
59294,Rigid,3764106,3764139,3764508,33,369,402,completed,2
59295,Rigid,3764106,3764139,3764521,33,382,415,completed,2
59296,Rigid,3764107,3764139,3764609,32,470,502,completed,2
59297,Rigid,3764107,3764139,3764540,32,401,433,completed,2
59298,Rigid,3764107,3764139,3764557,32,418,450,completed,2
59299,Rigid,3764107,3764139,3764512,32,373,405,completed,2
59300,Rigid,3764107,3764139,3764523,32,384,416,completed,2
59301,Rigid,3764107,3764139,3764534,32,395,427,completed,2
59302,Rigid,3764107,3764139,3764507,32,368,400,completed,2
59303,Rigid,3764108,3764139,3764522,31,383,414,completed,2
59304,Rigid,3764108,3764139,3764545,31,406,437,completed,2
59305,Rigid,3764108,3764139,3764545,31,406,437,completed,2
59306,Rigid,3764108,3764139,3764517,31,378,409,completed,2
59307,Rigid,3764108,3764139,3764533,31,394,425,completed,2
59308,Rigid,3764108,3764139,3764556,31,417,448,completed,2
59309,Rigid,3764108,3764139,3764543,31,404,435,completed,2
59310,Rigid,3764109,3764139,3764524,30,385,415,completed,2
59311,Rigid,3764109,3764139,3764548,30,409,439,completed,2
59312,Rigid,3764109,3764139,3764509,30,370,400,completed,2
59313,Rigid,3764109,3764139,3764497,30,358,388,completed,2
59314,Rigid,3764109,3764139,3764526,30,387,417,completed,2
59315,Rigid,3764109,3764139,3764532,30,393,423,completed,2
59316,Rigid,3764109,3764139,3764546,30,407,437,completed,2
59317,Rigid,3764110,3764139,3764543,29,404,433,completed,2
59318,Rigid,3764110,3764139,3764526,29,387,416,completed,2
59319,Rigid,3764110,3764139,3764536,29,397,426,completed,2
59320,Rigid,3764110,3764139,3764526,29,387,416,completed,2
59321,Rigid,3764110,3764139,3764543,29,404,433,completed,2
59322,Rigid,3764110,3764139,3764564,29,425,454,completed,2
59323,Rigid,3764110,3764139,3764514,29,375,404,completed,2
59324,Rigid,3764111,3764139,3764516,28,377,405,completed,2
59325,Rigid,3764111,3764139,3764508,28,369,397,completed,2
59326,Rigid,3764111,3764139,3764539,28,400,428,completed,2
59327,Rigid,3764111,3764139,3764505,28,366,394,completed,2
59328,Rigid,3764111,3764139,3764545,28,406,434,completed,2
59329,Rigid,3764111,3764139,3764548,28,409,437,completed,2
59330,Rigid,3764112,3764139,3764545,27,406,433,completed,2
59331,Rigid,3764112,3764139,3764473,27,334,361,completed,2
59332,Rigid,3764112,3764139,3764516,27,377,404,completed,2
59333,Rigid,3764112,3764139,3764564,27,425,452,completed,2
59334,Rigid,3764112,3764139,3764538,27,399,426,completed,2
59335,Rigid,3764112,3764139,3764508,27,369,396,completed,2
59336,Rigid,3764113,3764139,3764552,26,413,439,completed,2
59337,Rigid,3764113,3764139,3764489,26,350,376,completed,2
59338,Rigid,3764113,3764139,3764567,26,428,454,completed,2
59339,Rigid,3764113,3764139,3764519,26,380,406,completed,2
59340,Rigid,3764113,3764139,3764523,26,384,410,completed,2
59341,Rigid,3764113,3764139,3764542,26,403,429,completed,2
59342,Rigid,3764113,3764139,3764547,26,408,434,completed,2
59343,Rigid,3764114,3764139,3764544,25,405,430,completed,2
59344,Rigid,3764114,3764139,3764543,25,404,429,completed,2
59345,Rigid,3764114,3764139,3764579,25,440,465,completed,2
59346,Rigid,3764114,3764139,3764517,25,378,403,completed,2
59347,Rigid,3764114,3764139,3764513,25,374,399,completed,2
59348,Rigid,3764114,3764139,3764520,25,381,406,completed,2
59349,Rigid,3764114,3764139,3764565,25,426,451,completed,2
59350,Rigid,3764115,3764139,3764510,24,371,395,completed,2
59351,Rigid,3764115,3764139,3764510,24,371,395,completed,2
59352,Rigid,3764115,3764139,3764544,24,405,429,completed,2
59353,Rigid,3764115,3764139,3764510,24,371,395,completed,2
59354,Rigid,3764115,3764139,3764550,24,411,435,completed,2
59355,Rigid,3764116,3764139,3764515,23,376,399,completed,2
59356,Rigid,3764116,3764139,3764529,23,390,413,completed,2
59357,Rigid,3764116,3764139,3764541,23,402,425,completed,2
59358,Rigid,3764116,3764139,3764519,23,380,403,completed,2
59359,Rigid,3764116,3764139,3764534,23,395,418,completed,2
59360,Rigid,3764116,3764139,3764505,23,366,389,completed,2
59361,Rigid,3764116,3764139,3764527,23,388,411,completed,2
59362,Rigid,3764117,3764139,3764492,22,353,375,completed,2
59363,Rigid,3764117,3764139,3764577,22,438,460,completed,2
59364,Rigid,3764117,3764139,3764576,22,437,459,completed,2
59365,Rigid,3764117,3764139,3764496,22,357,379,completed,2
59366,Rigid,3764117,3764139,3764556,22,417,439,completed,2
59367,Rigid,3764117,3764139,3764537,22,398,420,completed,2
59368,Rigid,3764118,3764139,3764516,21,377,398,completed,2
59369,Rigid,3764118,3764139,3764502,21,363,384,completed,2
59370,Rigid,3764118,3764139,3764609,21,470,491,completed,2
59371,Rigid,3764118,3764139,3764510,21,371,392,completed,2
59372,Rigid,3764118,3764139,3764536,21,397,418,completed,2
59373,Rigid,3764118,3764139,3764529,21,390,411,completed,2
59374,Rigid,3764118,3764139,3764517,21,378,399,completed,2
59375,Rigid,3764119,3764139,3764494,20,355,375,completed,2
59376,Rigid,3764119,3764139,3764552,20,413,433,completed,2
59377,Rigid,3764119,3764139,3764498,20,359,379,completed,2
59378,Rigid,3764119,3764139,3764545,20,406,426,completed,2
59379,Rigid,3764119,3764139,3764513,20,374,394,completed,2
59380,Rigid,3764119,3764139,3764664,20,525,545,completed,2
59381,Rigid,3764120,3764139,3764622,19,483,502,completed,2
59382,Rigid,3764120,3764139,3764533,19,394,413,completed,2
59383,Rigid,3764120,3764139,3764506,19,367,386,completed,2
59384,Rigid,3764120,3764139,3764539,19,400,419,completed,2
59385,Rigid,3764120,3764139,3764508,19,369,388,completed,2
59386,Rigid,3764120,3764424,3764770,304,346,650,completed,2
59387,Rigid,3764121,3764424,3764823,303,399,702,completed,2
59388,Rigid,3764121,3764424,3764887,303,463,766,completed,2
59389,Rigid,3764121,3764424,3764821,303,397,700,completed,2
59390,Rigid,3764121,3764424,3764817,303,393,696,completed,2
59391,Rigid,3764122,3764424,3764904,302,480,782,completed,2
59392,Rigid,3764122,3764424,3764778,302,354,656,completed,2
59393,Rigid,3764122,3764424,3764783,302,359,661,completed,2
59394,Rigid,3764122,3764424,3764785,302,361,663,completed,2
59395,Rigid,3764123,3764424,3764898,301,474,775,completed,2
59396,Rigid,3764123,3764424,3764828,301,404,705,completed,2
59397,Rigid,3764123,3764424,3764767,301,343,644,completed,2
59398,Rigid,3764123,3764424,3764814,301,390,691,completed,2
59399,Rigid,3764123,3764424,3764772,301,348,649,completed,2
59400,Rigid,3764124,3764424,3764806,300,382,682,completed,2
59401,Rigid,3764124,3764424,3764785,300,361,661,completed,2
59402,Rigid,3764124,3764424,3764959,300,535,835,completed,2
59403,Rigid,3764124,3764424,3764854,300,430,730,completed,2
59404,Rigid,3764124,3764424,3764818,300,394,694,completed,2
59405,Rigid,3764125,3764424,3764818,299,394,693,completed,2
59406,Rigid,3764125,3764424,3764828,299,404,703,completed,2
59407,Rigid,3764125,3764424,3764798,299,374,673,completed,2
59408,Rigid,3764125,3764424,3764808,299,384,683,completed,2
59409,Rigid,3764125,3764424,3764806,299,382,681,completed,2
59410,Rigid,3764126,3764424,3764896,298,472,770,completed,2
59411,Rigid,3764126,3764424,3764947,298,523,821,completed,2
59412,Rigid,3764126,3764424,3764835,298,411,709,completed,2
59413,Rigid,3764126,3764424,3764838,298,414,712,completed,2
59414,Rigid,3764127,3764424,3764866,297,442,739,completed,2
59415,Rigid,3764127,3764424,3764810,297,386,683,completed,2
59416,Rigid,3764127,3764424,3764843,297,419,716,completed,2
59417,Rigid,3764127,3764424,3764822,297,398,695,completed,2
59418,Rigid,3764127,3764424,3764762,297,338,635,completed,2
59419,Rigid,3764127,3764424,3764808,297,384,681,completed,2
59420,Rigid,3764128,3764424,3764840,296,416,712,completed,2
59421,Rigid,3764128,3764424,3764811,296,387,683,completed,2
59422,Rigid,3764128,3764424,3764850,296,426,722,completed,2
59423,Rigid,3764128,3764424,3764798,296,374,670,completed,2
59424,Rigid,3764128,3764424,3764818,296,394,690,completed,2
59425,Rigid,3764128,3764424,3764848,296,424,720,completed,2
59426,Rigid,3764128,3764424,3764899,296,475,771,completed,2
59427,Rigid,3764129,3764424,3764815,295,391,686,completed,2
59428,Rigid,3764129,3764424,3764784,295,360,655,completed,2
59429,Rigid,3764129,3764424,3764872,295,448,743,completed,2
59430,Rigid,3764129,3764424,3764807,295,383,678,completed,2
59431,Rigid,3764129,3764424,3764770,295,346,641,completed,2
59432,Rigid,3764129,3764424,3764835,295,411,706,completed,2
59433,Rigid,3764130,3764424,3764840,294,416,710,completed,2
59434,Rigid,3764130,3764424,3764802,294,378,672,completed,2
59435,Rigid,3764130,3764424,3764769,294,345,639,completed,2
59436,Rigid,3764130,3764424,3764742,294,318,612,completed,2
59437,Rigid,3764130,3764424,3764877,294,453,747,completed,2
59438,Rigid,3764130,3764424,3764791,294,367,661,completed,2
59439,Rigid,3764130,3764424,3764791,294,367,661,completed,2
59440,Rigid,3764131,3764424,3764880,293,456,749,completed,2
59441,Rigid,3764131,3764424,3764874,293,450,743,completed,2
59442,Rigid,3764131,3764424,3764836,293,412,705,completed,2
59443,Rigid,3764131,3764424,3764811,293,387,680,completed,2
59444,Rigid,3764131,3764424,3764856,293,432,725,completed,2
59445,Rigid,3764131,3764424,3764813,293,389,682,completed,2
59446,Rigid,3764132,3764424,3764825,292,401,693,completed,2
59447,Rigid,3764132,3764424,3764919,292,495,787,completed,2
59448,Rigid,3764132,3764424,3764929,292,505,797,completed,2
59449,Rigid,3764132,3764424,3764792,292,368,660,completed,2
59450,Rigid,3764132,3764424,3764818,292,394,686,completed,2
59451,Rigid,3764132,3764424,3764832,292,408,700,completed,2
59452,Rigid,3764132,3764424,3764772,292,348,640,completed,2
59453,Rigid,3764133,3764424,3764836,291,412,703,completed,2
59454,Rigid,3764133,3764424,3764832,291,408,699,completed,2
59455,Rigid,3764133,3764424,3764805,291,381,672,completed,2
59456,Rigid,3764133,3764424,3764851,291,427,718,completed,2
59457,Rigid,3764133,3764424,3764826,291,402,693,completed,2
59458,Rigid,3764133,3764475,3764813,342,338,680,completed,2
59459,Rigid,3764134,3764480,3764923,346,443,789,completed,2
59460,Rigid,3764134,3764480,3764837,346,357,703,completed,2
59461,Rigid,3764134,3764480,3764819,346,339,685,completed,2
59462,Rigid,3764134,3764480,3764872,346,392,738,completed,2
59463,Rigid,3764134,3764480,3764869,346,389,735,completed,2
59464,Rigid,3764135,3764480,3764841,345,361,706,completed,2
59465,Rigid,3764135,3764480,3764883,345,403,748,completed,2
59466,Rigid,3764135,3764480,3764960,345,480,825,completed,2
59467,Rigid,3764135,3764480,3764891,345,411,756,completed,2
59468,Rigid,3764135,3764480,3764905,345,425,770,completed,2
59469,Rigid,3764135,3764480,3764863,345,383,728,completed,2
59470,Rigid,3764135,3764480,3764917,345,437,782,completed,2
59471,Rigid,3764136,3764480,3764829,344,349,693,completed,2
59472,Rigid,3764136,3764480,3764866,344,386,730,completed,2
59473,Rigid,3764136,3764480,3764853,344,373,717,completed,2
59474,Rigid,3764136,3764480,3764856,344,376,720,completed,2
59475,Rigid,3764136,3764480,3764899,344,419,763,completed,2
59476,Rigid,3764136,3764480,3764927,344,447,791,completed,2
59477,Rigid,3764137,3764480,3764884,343,404,747,completed,2
59478,Rigid,3764137,3764480,3764844,343,364,707,completed,2
59479,Rigid,3764137,3764480,3764859,343,379,722,completed,2
59480,Rigid,3764137,3764480,3764786,343,306,649,completed,2
59481,Rigid,3764137,3764480,3764894,343,414,757,completed,2
59482,Rigid,3764137,3764480,3764928,343,448,791,completed,2
59483,Rigid,3764138,3764480,3764877,342,397,739,completed,2
59484,Rigid,3764138,3764480,3764856,342,376,718,completed,2
59485,Rigid,3764138,3764480,3765047,342,567,909,completed,2
59486,Rigid,3764138,3764480,3764962,342,482,824,completed,2
59487,Rigid,3764138,3764480,3764863,342,383,725,completed,2
59488,Rigid,3764139,3764480,3764895,341,415,756,completed,2
59489,Rigid,3764139,3764480,3764900,341,420,761,completed,2
59490,Rigid,3764139,3764480,3764901,341,421,762,completed,2
59491,Rigid,3764139,3764480,3764942,341,462,803,completed,2
59492,Rigid,3764139,3764480,3764876,341,396,737,completed,2
59493,Rigid,3764139,3764480,3764899,341,419,760,completed,2
59494,Rigid,3764140,3764480,3764878,340,398,738,completed,2
59495,Rigid,3764141,3764480,3764897,339,417,756,completed,2
59496,Rigid,3764142,3764480,3764850,338,370,708,completed,2
59497,Rigid,3764142,3764480,3764905,338,425,763,completed,2
59498,Rigid,3764142,3764480,3764907,338,427,765,completed,2
59499,Rigid,3764142,3764480,3764959,338,479,817,completed,2
59500,Rigid,3764143,3764480,3764892,337,412,749,completed,2
59501,Rigid,3764143,3764480,3764868,337,388,725,completed,2
59502,Rigid,3764143,3764480,3764908,337,428,765,completed,2
59503,Rigid,3764143,3764480,3764995,337,515,852,completed,2
59504,Rigid,3764143,3764480,3764951,337,471,808,completed,2
59505,Rigid,3764143,3764480,3764974,337,494,831,completed,2
59506,Rigid,3764144,3764480,3764864,336,384,720,completed,2
59507,Rigid,3764144,3764480,3764867,336,387,723,completed,2
59508,Rigid,3764144,3764480,3764907,336,427,763,completed,2
59509,Rigid,3764144,3764480,3764854,336,374,710,completed,2
59510,Rigid,3764144,3764480,3764842,336,362,698,completed,2
59511,Rigid,3764145,3764480,3764879,335,399,734,completed,2
59512,Rigid,3764145,3764480,3764882,335,402,737,completed,2
59513,Rigid,3764145,3764480,3764896,335,416,751,completed,2
59514,Rigid,3764145,3764480,3764840,335,360,695,completed,2
59515,Rigid,3764145,3764480,3764944,335,464,799,completed,2
59516,Rigid,3764145,3764480,3764903,335,423,758,completed,2
59517,Rigid,3764146,3764480,3764940,334,460,794,completed,2
59518,Rigid,3764146,3764480,3764814,334,334,668,completed,2
59519,Rigid,3764146,3764480,3764895,334,415,749,completed,2
59520,Rigid,3764146,3764480,3764932,334,452,786,completed,2
59521,Rigid,3764146,3764480,3764898,334,418,752,completed,2
59522,Rigid,3764146,3764480,3764930,334,450,784,completed,2
59523,Rigid,3764146,3764480,3764843,334,363,697,completed,2
59524,Rigid,3764147,3764480,3764862,333,382,715,completed,2
59525,Rigid,3764147,3764480,3764847,333,367,700,completed,2
59526,Rigid,3764147,3764480,3764819,333,339,672,completed,2
59527,Rigid,3764147,3764480,3764860,333,380,713,completed,2
59528,Rigid,3764147,3764480,3764881,333,401,734,completed,2
59529,Rigid,3764147,3764480,3764833,333,353,686,completed,2
59530,Rigid,3764148,3764480,3764824,332,344,676,completed,2
59531,Rigid,3764148,3764489,3764842,341,353,694,completed,2
59532,Rigid,3764148,3764489,3764877,341,388,729,completed,2
59533,Rigid,3764148,3764489,3764978,341,489,830,completed,2
59534,Rigid,3764148,3764489,3764899,341,410,751,completed,2
59535,Rigid,3764148,3764489,3764961,341,472,813,completed,2
59536,Rigid,3764149,3764489,3764802,340,313,653,completed,2
59537,Rigid,3764149,3764489,3764937,340,448,788,completed,2
59538,Rigid,3764149,3764489,3764866,340,377,717,completed,2
59539,Rigid,3764149,3764489,3764887,340,398,738,completed,2
59540,Rigid,3764149,3764489,3764819,340,330,670,completed,2
59541,Rigid,3764149,3764489,3764859,340,370,710,completed,2
59542,Rigid,3764150,3764489,3764882,339,393,732,completed,2
59543,Rigid,3764150,3764489,3764854,339,365,704,completed,2
59544,Rigid,3764150,3764489,3764881,339,392,731,completed,2
59545,Rigid,3764150,3764489,3764877,339,388,727,completed,2
59546,Rigid,3764150,3764489,3764861,339,372,711,completed,2
59547,Rigid,3764150,3764489,3764845,339,356,695,completed,2
59548,Rigid,3764151,3764489,3764865,338,376,714,completed,2
59549,Rigid,3764151,3764489,3764862,338,373,711,completed,2
59550,Rigid,3764151,3764489,3764842,338,353,691,completed,2
59551,Rigid,3764152,3764489,3764844,337,355,692,completed,2
59552,Rigid,3764152,3764489,3764870,337,381,718,completed,2
59553,Rigid,3764152,3764489,3764877,337,388,725,completed,2
59554,Rigid,3764152,3764489,3764864,337,375,712,completed,2
59555,Rigid,3764152,3764489,3764846,337,357,694,completed,2
59556,Rigid,3764153,3764489,3764861,336,372,708,completed,2
59557,Rigid,3764154,3764489,3764894,335,405,740,completed,2
59558,Rigid,3764154,3764489,3764939,335,450,785,completed,2
59559,Rigid,3764154,3764489,3764900,335,411,746,completed,2
59560,Rigid,3764154,3764489,3765002,335,513,848,completed,2
59561,Rigid,3764154,3764489,3764908,335,419,754,completed,2
59562,Rigid,3764154,3764489,3764935,335,446,781,completed,2
59563,Rigid,3764155,3764489,3764938,334,449,783,completed,2
59564,Rigid,3764155,3764489,3764900,334,411,745,completed,2
59565,Rigid,3764155,3764489,3764843,334,354,688,completed,2
59566,Rigid,3764155,3764489,3764980,334,491,825,completed,2
59567,Rigid,3764155,3764489,3764828,334,339,673,completed,2
59568,Rigid,3764155,3764489,3765001,334,512,846,completed,2
59569,Rigid,3764155,3764489,3764886,334,397,731,completed,2
59570,Rigid,3764156,3764489,3765012,333,523,856,completed,2
59571,Rigid,3764156,3764489,3764903,333,414,747,completed,2
59572,Rigid,3764156,3764489,3764866,333,377,710,completed,2
59573,Rigid,3764156,3764489,3764898,333,409,742,completed,2
59574,Rigid,3764156,3764489,3764911,333,422,755,completed,2
59575,Rigid,3764156,3764489,3764944,333,455,788,completed,2
59576,Rigid,3764157,3764489,3764893,332,404,736,completed,2
59577,Rigid,3764157,3764489,3764828,332,339,671,completed,2
59578,Rigid,3764157,3764489,3764917,332,428,760,completed,2
59579,Rigid,3764157,3764489,3764842,332,353,685,completed,2
59580,Rigid,3764157,3764489,3764809,332,320,652,completed,2
59581,Rigid,3764157,3764489,3764873,332,384,716,completed,2
59582,Rigid,3764157,3764489,3764987,332,498,830,completed,2
59583,Rigid,3764158,3764489,3764895,331,406,737,completed,2
59584,Rigid,3764158,3764489,3764836,331,347,678,completed,2
59585,Rigid,3764158,3764489,3764855,331,366,697,completed,2
59586,Rigid,3764158,3764489,3764862,331,373,704,completed,2
59587,Rigid,3764158,3764489,3764835,331,346,677,completed,2
59588,Rigid,3764158,3764489,3764877,331,388,719,completed,2
59589,Rigid,3764159,3764489,3764820,330,331,661,completed,2
59590,Rigid,3764159,3764489,3764863,330,374,704,completed,2
59591,Rigid,3764159,3764489,3764907,330,418,748,completed,2
59592,Rigid,3764159,3764489,3765022,330,533,863,completed,2
59593,Rigid,3764159,3764489,3764963,330,474,804,completed,2
59594,Rigid,3764159,3764489,3764891,330,402,732,completed,2
59595,Rigid,3764160,3764489,3764936,329,447,776,completed,2
59596,Rigid,3764160,3764489,3764839,329,350,679,completed,2
59597,Rigid,3764160,3764489,3764941,329,452,781,completed,2
59598,Rigid,3764160,3764489,3764827,329,338,667,completed,2
59599,Rigid,3764160,3764489,3764877,329,388,717,completed,2
59600,Rigid,3764160,3764489,3764896,329,407,736,completed,2
59601,Rigid,3764161,3764489,3765034,328,545,873,completed,2
59602,Rigid,3764161,3764489,3764967,328,478,806,completed,2
59603,Rigid,3764161,3764491,3764827,330,336,666,completed,2
59604,Rigid,3764161,3764493,3764903,332,410,742,completed,2
59605,Rigid,3764161,3764496,3764917,335,421,756,completed,2
59606,Rigid,3764161,3764497,3764808,336,311,647,completed,2
59607,Rigid,3764162,3764498,3764925,336,427,763,completed,2
59608,Rigid,3764162,3764499,3764955,337,456,793,completed,2
59609,Rigid,3764162,3764504,3764873,342,369,711,completed,2
59610,Rigid,3764162,3764506,3764893,344,387,731,completed,2
59611,Rigid,3764162,3764506,3764859,344,353,697,completed,2
59612,Rigid,3764163,3764509,3764900,346,391,737,completed,2
59613,Rigid,3764163,3764509,3764856,346,347,693,completed,2
59614,Rigid,3764163,3764509,3764830,346,321,667,completed,2
59615,Rigid,3764163,3764509,3764862,346,353,699,completed,2
59616,Rigid,3764163,3764510,3764945,347,435,782,completed,2
59617,Rigid,3764163,3764510,3765012,347,502,849,completed,2
59618,Rigid,3764164,3764510,3764893,346,383,729,completed,2
59619,Rigid,3764164,3764511,3764962,347,451,798,completed,2
59620,Rigid,3764164,3764512,3764944,348,432,780,completed,2
59621,Rigid,3764164,3764512,3764872,348,360,708,completed,2
59622,Rigid,3764164,3764512,3764916,348,404,752,completed,2
59623,Rigid,3764164,3764513,3764855,349,342,691,completed,2
59624,Rigid,3764164,3764515,3764860,351,345,696,completed,2
59625,Rigid,3764165,3764515,3764938,350,423,773,completed,2
59626,Rigid,3764165,3764515,3764902,350,387,737,completed,2
59627,Rigid,3764165,3764516,3764864,351,348,699,completed,2
59628,Rigid,3764165,3764517,3764855,352,338,690,completed,2
59629,Rigid,3764165,3764518,3764924,353,406,759,completed,2
59630,Rigid,3764166,3764518,3764844,352,326,678,completed,2
59631,Rigid,3764166,3764518,3764884,352,366,718,completed,2
59632,Rigid,3764166,3764518,3764975,352,457,809,completed,2
59633,Rigid,3764166,3764518,3764869,352,351,703,completed,2
59634,Rigid,3764167,3764520,3764899,353,379,732,completed,2
59635,Rigid,3764167,3764521,3764872,354,351,705,completed,2
59636,Rigid,3764167,3764522,3764918,355,396,751,completed,2
59637,Rigid,3764167,3764522,3764981,355,459,814,completed,2
59638,Rigid,3764167,3764522,3764943,355,421,776,completed,2
59639,Rigid,3764167,3764522,3764912,355,390,745,completed,2
59640,Rigid,3764167,3764522,3764940,355,418,773,completed,2
59641,Rigid,3764168,3764524,3764916,356,392,748,completed,2
59642,Rigid,3764168,3764524,3764877,356,353,709,completed,2
59643,Rigid,3764168,3764525,3764914,357,389,746,completed,2
59644,Rigid,3764168,3764526,3764900,358,374,732,completed,2
59645,Rigid,3764168,3764528,3764890,360,362,722,completed,2
59646,Rigid,3764168,3764528,3764934,360,406,766,completed,2
59647,Rigid,3764169,3764528,3764901,359,373,732,completed,2
59648,Rigid,3764169,3764528,3764948,359,420,779,completed,2
59649,Rigid,3764169,3764530,3765040,361,510,871,completed,2
59650,Rigid,3764169,3764530,3764928,361,398,759,completed,2
59651,Rigid,3764169,3764534,3764999,365,465,830,completed,2
59652,Rigid,3764169,3764534,3764949,365,415,780,completed,2
59653,Rigid,3764170,3764535,3765001,365,466,831,completed,2
59654,Rigid,3764170,3764535,3764867,365,332,697,completed,2
59655,Rigid,3764170,3764536,3764973,366,437,803,completed,2
59656,Rigid,3764170,3764538,3764922,368,384,752,completed,2
59657,Rigid,3764170,3764538,3764919,368,381,749,completed,2
59658,Rigid,3764171,3764539,3764981,368,442,810,completed,2
59659,Rigid,3764171,3764539,3764961,368,422,790,completed,2
59660,Rigid,3764171,3764540,3764993,369,453,822,completed,2
59661,Rigid,3764171,3764541,3765025,370,484,854,completed,2
59662,Rigid,3764171,3764541,3764899,370,358,728,completed,2
59663,Rigid,3764171,3764543,3764860,372,317,689,completed,2
59664,Rigid,3764172,3764543,3764965,371,422,793,completed,2
59665,Rigid,3764172,3764544,3764960,372,416,788,completed,2
59666,Rigid,3764172,3764544,3764864,372,320,692,completed,2
59667,Rigid,3764172,3764546,3764905,374,359,733,completed,2
59668,Rigid,3764172,3764546,3764903,374,357,731,completed,2
59669,Rigid,3764172,3764546,3764912,374,366,740,completed,2
59670,Rigid,3764173,3764546,3764949,373,403,776,completed,2
59671,Rigid,3764173,3764547,3764913,374,366,740,completed,2
59672,Rigid,3764173,3764547,3765002,374,455,829,completed,2
59673,Rigid,3764173,3764547,3764889,374,342,716,completed,2
59674,Rigid,3764173,3764547,3764976,374,429,803,completed,2
59675,Rigid,3764173,3764547,3765043,374,496,870,completed,2
59676,Rigid,3764174,3764547,3765027,373,480,853,completed,2
59677,Rigid,3764174,3764549,3764907,375,358,733,completed,2
59678,Rigid,3764174,3764549,3764923,375,374,749,completed,2
59679,Rigid,3764174,3764550,3765026,376,476,852,completed,2
59680,Rigid,3764174,3764551,3764903,377,352,729,completed,2
59681,Rigid,3764174,3764553,3764931,379,378,757,completed,2
59682,Rigid,3764175,3764554,3765041,379,487,866,completed,2
59683,Rigid,3764175,3764557,3764949,382,392,774,completed,2
59684,Rigid,3764175,3764557,3764884,382,327,709,completed,2
59685,Rigid,3764175,3764559,3764882,384,323,707,completed,2
59686,Rigid,3764175,3764565,3764897,390,332,722,completed,2
59687,Rigid,3764175,3764565,3765041,390,476,866,completed,2
59688,Rigid,3764176,3764566,3764910,390,344,734,completed,2
59689,Rigid,3764176,3764569,3764973,393,404,797,completed,2
59690,Rigid,3764176,3764572,3764971,396,399,795,completed,2
59691,Rigid,3764176,3764579,3764971,403,392,795,completed,2
59692,Rigid,3764176,3764579,3764965,403,386,789,completed,2
59693,Rigid,3764176,3764581,3764935,405,354,759,completed,2
59694,Rigid,3764176,3764610,3764989,434,379,813,completed,2
59695,Rigid,3764177,3764610,3764957,433,347,780,completed,2
59696,Rigid,3764177,3764623,3764918,446,295,741,completed,2
59697,Rigid,3764177,3764666,3764947,489,281,770,completed,2
59698,Rigid,3764177,3764670,3765066,493,396,889,completed,2
59699,Rigid,3764177,3764670,3765124,493,454,947,completed,2
59700,Rigid,3764177,3764670,3765064,493,394,887,completed,2
59701,Rigid,3764178,3764670,3765063,492,393,885,completed,2
59702,Rigid,3764178,3764670,3765023,492,353,845,completed,2
59703,Rigid,3764178,3764670,3765060,492,390,882,completed,2
59704,Rigid,3764178,3764670,3765030,492,360,852,completed,2
59705,Rigid,3764178,3764670,3765109,492,439,931,completed,2
59706,Rigid,3764178,3764670,3765113,492,443,935,completed,2
59707,Rigid,3764179,3764670,3765128,491,458,949,completed,2
59708,Rigid,3764179,3764670,3765074,491,404,895,completed,2
59709,Rigid,3764179,3764670,3765130,491,460,951,completed,2
59710,Rigid,3764179,3764670,3765076,491,406,897,completed,2
59711,Rigid,3764179,3764670,3765050,491,380,871,completed,2
59712,Rigid,3764179,3764670,3765069,491,399,890,completed,2
59713,Rigid,3764180,3764670,3765131,490,461,951,completed,2
59714,Rigid,3764180,3764670,3765161,490,491,981,completed,2
59715,Rigid,3764180,3764670,3765050,490,380,870,completed,2
59716,Rigid,3764180,3764670,3765062,490,392,882,completed,2
59717,Rigid,3764180,3764670,3765048,490,378,868,completed,2
59718,Rigid,3764180,3764670,3765156,490,486,976,completed,2
59719,Rigid,3764181,3764670,3765033,489,363,852,completed,2
59720,Rigid,3764181,3764670,3765130,489,460,949,completed,2
59721,Rigid,3764181,3764670,3765040,489,370,859,completed,2
59722,Rigid,3764181,3764670,3765080,489,410,899,completed,2
59723,Rigid,3764181,3764670,3765126,489,456,945,completed,2
59724,Rigid,3764181,3764670,3765051,489,381,870,completed,2
59725,Rigid,3764182,3764670,3765063,488,393,881,completed,2
59726,Rigid,3764182,3764670,3765220,488,550,1038,completed,2
59727,Rigid,3764182,3764670,3765059,488,389,877,completed,2
59728,Rigid,3764182,3764670,3765036,488,366,854,completed,2
59729,Rigid,3764182,3764670,3765028,488,358,846,completed,2
59730,Rigid,3764183,3764670,3765057,487,387,874,completed,2
59731,Rigid,3764183,3764670,3765059,487,389,876,completed,2
59732,Rigid,3764183,3764670,3765095,487,425,912,completed,2
59733,Rigid,3764183,3764670,3765088,487,418,905,completed,2
59734,Rigid,3764183,3764670,3765071,487,401,888,completed,2
59735,Rigid,3764186,3764670,3765089,484,419,903,completed,2
59736,Rigid,3764186,3764670,3765058,484,388,872,completed,2
59737,Rigid,3764186,3764670,3765052,484,382,866,completed,2
59738,Rigid,3764186,3764670,3765010,484,340,824,completed,2
59739,Rigid,3764186,3764670,3765064,484,394,878,completed,2
59740,Rigid,3764186,3764670,3765089,484,419,903,completed,2
59741,Rigid,3764186,3764670,3765076,484,406,890,completed,2
59742,Rigid,3764187,3764670,3765073,483,403,886,completed,2
59743,Rigid,3764187,3764670,3765090,483,420,903,completed,2
59744,Rigid,3764187,3764670,3765063,483,393,876,completed,2
59745,Rigid,3764187,3764670,3765088,483,418,901,completed,2
59746,Rigid,3764188,3764670,3765064,482,394,876,completed,2
59747,Rigid,3764188,3764670,3765040,482,370,852,completed,2
59748,Rigid,3764188,3764670,3765126,482,456,938,completed,2
59749,Rigid,3764188,3764670,3765010,482,340,822,completed,2
59750,Rigid,3764188,3764670,3765064,482,394,876,completed,2
59751,Rigid,3764188,3764670,3765051,482,381,863,completed,2
59752,Rigid,3764189,3764670,3765047,481,377,858,completed,2
59753,Rigid,3764189,3764670,3765080,481,410,891,completed,2
59754,Rigid,3764189,3764670,3765072,481,402,883,completed,2
59755,Rigid,3764189,3764670,3765061,481,391,872,completed,2
59756,Rigid,3764189,3764670,3765126,481,456,937,completed,2
59757,Rigid,3764189,3764670,3765133,481,463,944,completed,2
59758,Rigid,3764190,3764670,3765108,480,438,918,completed,2
59759,Rigid,3764190,3764670,3764954,480,284,764,completed,2
59760,Rigid,3764190,3764670,3765012,480,342,822,completed,2
59761,Rigid,3764190,3764670,3765146,480,476,956,completed,2
59762,Rigid,3764190,3764670,3765118,480,448,928,completed,2
59763,Rigid,3764191,3764670,3765089,479,419,898,completed,2
59764,Rigid,3764191,3764670,3765005,479,335,814,completed,2
59765,Rigid,3764191,3764670,3765121,479,451,930,completed,2
59766,Rigid,3764191,3764670,3764980,479,310,789,completed,2
59767,Rigid,3764191,3764670,3765000,479,330,809,completed,2
59768,Rigid,3764191,3764670,3765061,479,391,870,completed,2
59769,Rigid,3764192,3764670,3765071,478,401,879,completed,2
59770,Rigid,3764192,3764704,3765048,512,344,856,completed,2
59771,Rigid,3764192,3764704,3765041,512,337,849,completed,2
59772,Rigid,3764192,3764704,3765049,512,345,857,completed,2
59773,Rigid,3764192,3764704,3765055,512,351,863,completed,2
59774,Rigid,3764192,3764704,3765061,512,357,869,completed,2
59775,Rigid,3764193,3764704,3765051,511,347,858,completed,2
59776,Rigid,3764193,3764704,3765080,511,376,887,completed,2
59777,Rigid,3764193,3764704,3765088,511,384,895,completed,2
59778,Rigid,3764193,3764704,3765163,511,459,970,completed,2
59779,Rigid,3764193,3764704,3765108,511,404,915,completed,2
59780,Rigid,3764194,3764704,3765058,510,354,864,completed,2
59781,Rigid,3764194,3764704,3765058,510,354,864,completed,2
59782,Rigid,3764194,3764704,3765112,510,408,918,completed,2
59783,Rigid,3764194,3764704,3765136,510,432,942,completed,2
59784,Rigid,3764194,3764704,3765177,510,473,983,completed,2
59785,Rigid,3764194,3764704,3765083,510,379,889,completed,2
59786,Rigid,3764195,3764704,3765017,509,313,822,completed,2
59787,Rigid,3764195,3764704,3765072,509,368,877,completed,2
59788,Rigid,3764195,3764743,3765095,548,352,900,completed,2
59789,Rigid,3764495,3764763,3765117,268,354,622,completed,2
59790,Rigid,3764496,3764768,3765105,272,337,609,completed,2
59791,Rigid,3764496,3764771,3765254,275,483,758,completed,2
59792,Rigid,3764496,3764772,3765081,276,309,585,completed,2
59793,Rigid,3764596,3764772,3765254,176,482,658,completed,2
59794,Rigid,3764597,3764773,3765148,176,375,551,completed,2
59795,Rigid,3764597,3764774,3765141,177,367,544,completed,2
59796,Rigid,3764597,3764779,3765254,182,475,657,completed,2
59797,Rigid,3764597,3764785,3765153,188,368,556,completed,2
59798,Rigid,3764597,3764785,3765169,188,384,572,completed,2
59799,Rigid,3764597,3764787,3765159,190,372,562,completed,2
59800,Rigid,3764598,3764787,3765147,189,360,549,completed,2
59801,Rigid,3764598,3764787,3765239,189,452,641,completed,2
59802,Rigid,3764598,3764793,3765254,195,461,656,completed,2
59803,Rigid,3764598,3764793,3765160,195,367,562,completed,2
59804,Rigid,3764598,3764793,3765249,195,456,651,completed,2
59805,Rigid,3764598,3764799,3765171,201,372,573,completed,2
59806,Rigid,3764599,3764800,3765149,201,349,550,completed,2
59807,Rigid,3764599,3764804,3765198,205,394,599,completed,2
59808,Rigid,3764599,3764804,3765254,205,450,655,completed,2
59809,Rigid,3764599,3764806,3765167,207,361,568,completed,2
59810,Rigid,3764599,3764807,3765152,208,345,553,completed,2
59811,Rigid,3764599,3764809,3765116,210,307,517,completed,2
59812,Rigid,3764600,3764809,3765164,209,355,564,completed,2
59813,Rigid,3764600,3764809,3765253,209,444,653,completed,2
59814,Rigid,3764600,3764809,3765216,209,407,616,completed,2
59815,Rigid,3764600,3764809,3765154,209,345,554,completed,2
59816,Rigid,3764600,3764810,3765215,210,405,615,completed,2
59817,Rigid,3764601,3764812,3765178,211,366,577,completed,2
59818,Rigid,3764601,3764812,3765196,211,384,595,completed,2
59819,Rigid,3764601,3764812,3765200,211,388,599,completed,2
59820,Rigid,3764601,3764814,3765158,213,344,557,completed,2
59821,Rigid,3764601,3764815,3765158,214,343,557,completed,2
59822,Rigid,3764601,3764815,3765133,214,318,532,completed,2
59823,Rigid,3764602,3764815,3765205,213,390,603,completed,2
59824,Rigid,3764602,3764816,3765254,214,438,652,completed,2
59825,Rigid,3764602,3764818,3765169,216,351,567,completed,2
59826,Rigid,3764602,3764819,3765232,217,413,630,completed,2
59827,Rigid,3764602,3764820,3765173,218,353,571,completed,2
59828,Rigid,3764602,3764820,3765167,218,347,565,completed,2
59829,Rigid,3764603,3764820,3765210,217,390,607,completed,2
59830,Rigid,3764603,3764820,3765174,217,354,571,completed,2
59831,Rigid,3764603,3764820,3765214,217,394,611,completed,2
59832,Rigid,3764603,3764820,3765238,217,418,635,completed,2
59833,Rigid,3764603,3764822,3765195,219,373,592,completed,2
59834,Rigid,3764603,3764822,3765205,219,383,602,completed,2
59835,Rigid,3764604,3764823,3765144,219,321,540,completed,2
59836,Rigid,3764604,3764824,3765170,220,346,566,completed,2
59837,Rigid,3764604,3764825,3765131,221,306,527,completed,2
59838,Rigid,3764604,3764828,3765234,224,406,630,completed,2
59839,Rigid,3764604,3764828,3765254,224,426,650,completed,2
59840,Rigid,3764604,3764828,3765254,224,426,650,completed,2
59841,Rigid,3764605,3764828,3765219,223,391,614,completed,2
59842,Rigid,3764605,3764829,3765184,224,355,579,completed,2
59843,Rigid,3764606,3764829,3765166,223,337,560,completed,2
59844,Rigid,3764606,3764829,3765215,223,386,609,completed,2
59845,Rigid,3764606,3764830,3765173,224,343,567,completed,2
59846,Rigid,3764606,3764830,3765186,224,356,580,completed,2
59847,Rigid,3764606,3764832,3765254,226,422,648,completed,2
59848,Rigid,3764607,3764833,3765254,226,421,647,completed,2
59849,Rigid,3764607,3764833,3765242,226,409,635,completed,2
59850,Rigid,3764607,3764835,3765254,228,419,647,completed,2
59851,Rigid,3764607,3764837,3765191,230,354,584,completed,2
59852,Rigid,3764607,3764837,3765254,230,417,647,completed,2
59853,Rigid,3764607,3764837,3765198,230,361,591,completed,2
59854,Rigid,3764608,3764837,3765254,229,417,646,completed,2
59855,Rigid,3764608,3764838,3765144,230,306,536,completed,2
59856,Rigid,3764608,3764838,3765254,230,416,646,completed,2
59857,Rigid,3764608,3764839,3765207,231,368,599,completed,2
59858,Rigid,3764608,3764840,3765219,232,379,611,completed,2
59859,Rigid,3764609,3764840,3765115,231,275,506,completed,2
59860,Rigid,3764609,3764841,3765164,232,323,555,completed,2
59861,Rigid,3764609,3764842,3765251,233,409,642,completed,2
59862,Rigid,3764609,3764842,3765254,233,412,645,completed,2
59863,Rigid,3764609,3764843,3765226,234,383,617,completed,2
59864,Rigid,3764609,3764843,3765254,234,411,645,completed,2
59865,Rigid,3764610,3764843,3765241,233,398,631,completed,2
59866,Rigid,3764610,3764844,3765136,234,292,526,completed,2
59867,Rigid,3764610,3764844,3765196,234,352,586,completed,2
59868,Rigid,3764610,3764844,3765208,234,364,598,completed,2
59869,Rigid,3764610,3764845,3765176,235,331,566,completed,2
59870,Rigid,3764611,3764845,3765227,234,382,616,completed,2
59871,Rigid,3764611,3764845,3765254,234,409,643,completed,2
59872,Rigid,3764611,3764845,3765166,234,321,555,completed,2
59873,Rigid,3764611,3764846,3765165,235,319,554,completed,2
59874,Rigid,3764611,3764846,3765178,235,332,567,completed,2
59875,Rigid,3764611,3764848,3765248,237,400,637,completed,2
59876,Rigid,3764612,3764849,3765210,237,361,598,completed,2
59877,Rigid,3764612,3764849,3765246,237,397,634,completed,2
59878,Rigid,3764612,3764852,3765185,240,333,573,completed,2
59879,Rigid,3764612,3764852,3765190,240,338,578,completed,2
59880,Rigid,3764612,3764853,3765226,241,373,614,completed,2
59881,Rigid,3764612,3764854,3765201,242,347,589,completed,2
59882,Rigid,3764613,3764855,3765198,242,343,585,completed,2
59883,Rigid,3764648,3764852,3764860,204,8,212,completed,1
59884,Rigid,3764713,3764856,3765238,143,382,525,completed,2
59885,Rigid,3764813,3764856,3765184,43,328,371,completed,2
59886,Rigid,3764813,3764856,3765234,43,378,421,completed,2
59887,Rigid,3764814,3764856,3765180,42,324,366,completed,2
59888,Rigid,3764814,3764857,3765243,43,386,429,completed,2
59889,Rigid,3764814,3764858,3765204,44,346,390,completed,2
59890,Rigid,3764814,3764858,3765202,44,344,388,completed,2
59891,Rigid,3764814,3764858,3765200,44,342,386,completed,2
59892,Rigid,3764814,3764858,3765254,44,396,440,completed,2
59893,Rigid,3764815,3764860,3765254,45,394,439,completed,2
59894,Rigid,3764815,3764861,3765222,46,361,407,completed,2
59895,Rigid,3764815,3764861,3765215,46,354,400,completed,2
59896,Rigid,3764815,3764861,3765254,46,393,439,completed,2
59897,Rigid,3764815,3764861,3765234,46,373,419,completed,2
59898,Rigid,3764815,3764861,3765254,46,393,439,completed,2
59899,Rigid,3764816,3764862,3765254,46,392,438,completed,2
59900,Rigid,3764816,3764863,3765254,47,391,438,completed,2
59901,Rigid,3764816,3764863,3765228,47,365,412,completed,2
59902,Rigid,3764816,3764863,3765254,47,391,438,completed,2
59903,Rigid,3764816,3764863,3765254,47,391,438,completed,2
59904,Rigid,3764817,3764864,3765146,47,282,329,completed,2
59905,Rigid,3764817,3764864,3765184,47,320,367,completed,2
59906,Rigid,3764817,3764865,3765197,48,332,380,completed,2
59907,Rigid,3764817,3764865,3765221,48,356,404,completed,2
59908,Rigid,3764817,3764865,3765248,48,383,431,completed,2
59909,Rigid,3764818,3764865,3765240,47,375,422,completed,2
59910,Rigid,3764818,3764866,3765254,48,388,436,completed,2
59911,Rigid,3764818,3764866,3765254,48,388,436,completed,2
59912,Rigid,3764818,3764867,3765164,49,297,346,completed,2
59913,Rigid,3764818,3764867,3765196,49,329,378,completed,2
59914,Rigid,3764819,3764867,3765202,48,335,383,completed,2
59915,Rigid,3764819,3764867,3765254,48,387,435,completed,2
59916,Rigid,3764819,3764868,3765213,49,345,394,completed,2
59917,Rigid,3764819,3764868,3765235,49,367,416,completed,2
59918,Rigid,3764819,3764869,3765254,50,385,435,completed,2
59919,Rigid,3764820,3764869,3765208,49,339,388,completed,2
59920,Rigid,3764820,3764870,3765252,50,382,432,completed,2
59921,Rigid,3764820,3764870,3765230,50,360,410,completed,2
59922,Rigid,3764820,3764871,3765254,51,383,434,completed,2
59923,Rigid,3764820,3764873,3765254,53,381,434,completed,2
59924,Rigid,3764821,3764874,3765254,53,380,433,completed,2
59925,Rigid,3764821,3764874,3765254,53,380,433,completed,2
59926,Rigid,3764821,3764874,3765254,53,380,433,completed,2
59927,Rigid,3764822,3764874,3765182,52,308,360,completed,2
59928,Rigid,3764822,3764874,3765254,52,380,432,completed,2
59929,Rigid,3764823,3764875,3765168,52,293,345,completed,2
59930,Rigid,3764823,3764878,3765254,55,376,431,completed,2
59931,Rigid,3764823,3764878,3765204,55,326,381,completed,2
59932,Rigid,3764855,3764878,3764888,23,10,33,completed,1
59933,Rigid,3764923,3764923,3765254,0,331,331,completed,2
59934,Rigid,3764924,3764924,3765244,0,320,320,completed,2
59935,Rigid,3764924,3764924,3765254,0,330,330,completed,2
59936,Rigid,3764924,3764924,3765254,0,330,330,completed,2
59937,Rigid,3764924,3764924,3765254,0,330,330,completed,2
59938,Rigid,3764924,3764924,3765254,0,330,330,completed,2
59939,Rigid,3764924,3764925,3765254,1,329,330,completed,2
59940,Rigid,3764925,3764925,3765254,0,329,329,completed,2
59941,Rigid,3764925,3764926,3765254,1,328,329,completed,2
59942,Rigid,3764925,3764926,3765254,1,328,329,completed,2
59943,Rigid,3764925,3764926,3765254,1,328,329,completed,2
59944,Rigid,3764925,3764926,3765254,1,328,329,completed,2
59945,Rigid,3764925,3764926,3765231,1,305,306,completed,2
59946,Rigid,3764926,3764926,3765254,0,328,328,completed,2
59947,Rigid,3764926,3764926,3765225,0,299,299,completed,2
59948,Rigid,3764926,3764926,3765240,0,314,314,completed,2
59949,Rigid,3764926,3764928,3765254,2,326,328,completed,2
59950,Rigid,3764926,3764928,3765254,2,326,328,completed,2
59951,Rigid,3764927,3764928,3765254,1,326,327,completed,2
59952,Rigid,3764927,3764928,3765254,1,326,327,completed,2
59953,Rigid,3764927,3764928,3765254,1,326,327,completed,2
59954,Rigid,3764927,3764928,3765254,1,326,327,completed,2
59955,Rigid,3764927,3764928,3765254,1,326,327,completed,2
59956,Rigid,3764927,3764928,3765236,1,308,309,completed,2
59957,Rigid,3764928,3764928,3765254,0,326,326,completed,2
59958,Rigid,3764928,3764928,3765254,0,326,326,completed,2
59959,Rigid,3764928,3764928,3765254,0,326,326,completed,2
59960,Rigid,3764928,3764928,3765254,0,326,326,completed,2
59961,Rigid,3764928,3764928,3765254,0,326,326,completed,2
59962,Rigid,3764928,3764929,3765254,1,325,326,completed,2
59963,Rigid,3764929,3764929,3765254,0,325,325,completed,2
59964,Rigid,3764929,3764929,3765254,0,325,325,completed,2
59965,Rigid,3764929,3764929,3765254,0,325,325,completed,2
59966,Rigid,3764929,3764930,3765254,1,324,325,completed,2
59967,Rigid,3764930,3764930,3765254,0,324,324,completed,2
59968,Rigid,3764930,3764931,3765254,1,323,324,completed,2
59969,Rigid,3764930,3764931,3765254,1,323,324,completed,2
59970,Rigid,3764930,3764931,3765254,1,323,324,completed,2
59971,Rigid,3764930,3764931,3765254,1,323,324,completed,2
59972,Rigid,3765270,3765271,3765273,1,2,3,completed,1
59973,Rigid,3765273,3765274,3765283,1,9,10,completed,1
59974,Rigid,3765273,3765284,3765286,11,2,13,completed,1
59975,Rigid,3765299,3765300,3765302,1,2,3,completed,1
59976,Rigid,3765302,3765304,3765314,2,10,12,completed,1
59977,Rigid,3765302,3765315,3765336,13,21,34,completed,1
59978,Rigid,3765302,3765337,3765781,35,444,479,completed,2
59979,Rigid,3765795,3765796,3765799,1,3,4,completed,1
59980,Rigid,3765798,3765800,3765809,2,9,11,completed,1
59981,Rigid,3765798,3765811,3765831,13,20,33,completed,1
59982,Rigid,3765799,3765833,3766069,34,236,270,completed,2
59983,Rigid,3766105,3766106,3766109,1,3,4,completed,1
59984,Rigid,3766108,3766110,3766119,2,9,11,completed,1
59985,Rigid,3766108,3766121,3766141,13,20,33,completed,1
59986,Rigid,3766109,3766142,3766527,33,385,418,completed,2
59987,Rigid,3766466,3766466,3766484,0,18,18,completed,36
59988,Rigid,3766522,3766522,3768666,0,2144,2144,completed,144
59989,Rigid,3766774,3766774,3767691,0,917,917,completed,36
59990,Rigid,3766869,3767692,3771671,823,3979,4802,completed,36
59991,Rigid,3767617,3767618,3793188,1,25570,25571,completed,36
59992,Rigid,3767669,3767670,3768227,1,557,558,completed,1
59993,Rigid,3767672,3767674,3767684,2,10,12,completed,1
59994,Rigid,3767672,3767686,3767706,14,20,34,completed,1
59995,Rigid,3767673,3767708,3768066,35,358,393,completed,2
59996,Rigid,3767673,3767708,3768081,35,373,408,completed,2
59997,Rigid,3767673,3767708,3768103,35,395,430,completed,2
59998,Rigid,3767674,3767708,3768088,34,380,414,completed,2
59999,Rigid,3767674,3767708,3768096,34,388,422,completed,2
