ID,Type,Submit Time,Start Time,End Time,Wait Time,Makespan,Turnaround Time,Status,Nodes
0,Rigid,0,2984,4407,2984,1423,4407,completed,756
1,Rigid,715,3839,4287,3124,448,3572,completed,576
2,Rigid,715,3839,4311,3124,472,3596,completed,576
3,Rigid,715,4288,4708,3573,420,3993,completed,576
4,Rigid,1698,4408,5886,2710,1478,4188,completed,756
5,Rigid,2423,2423,5015,0,2592,2592,completed,32
6,Rigid,3359,3359,3964,0,605,605,completed,32
7,Rigid,3359,3359,3972,0,613,613,completed,32
8,Rigid,3359,3359,3919,0,560,560,completed,32
9,Rigid,3359,3359,3853,0,494,494,completed,32
10,Rigid,3359,3359,3947,0,588,588,completed,32
11,Rigid,3359,3359,4022,0,663,663,completed,32
12,Rigid,3359,3359,4039,0,680,680,completed,32
13,Rigid,3359,3359,3965,0,606,606,completed,32
14,Rigid,3359,3359,3967,0,608,608,completed,32
15,Rigid,3359,3359,4015,0,656,656,completed,32
16,Rigid,3359,3359,3993,0,634,634,completed,32
17,Rigid,3359,3359,3902,0,543,543,completed,32
18,Rigid,3359,3359,4871,0,1512,1512,completed,756
19,Rigid,3360,5887,7361,2527,1474,4001,completed,756
20,Rigid,3382,3382,6838,0,3456,3456,completed,288
21,Rigid,3385,3385,4028,0,643,643,completed,32
22,Rigid,3385,3385,3999,0,614,614,completed,32
23,Rigid,3385,3385,3933,0,548,548,completed,32
24,Rigid,3385,3385,3989,0,604,604,completed,32
25,Rigid,3385,3385,3976,0,591,591,completed,32
26,Rigid,3385,3385,3974,0,589,589,completed,32
27,Rigid,3385,3385,4042,0,657,657,completed,32
28,Rigid,3385,3385,3986,0,601,601,completed,32
29,Rigid,3385,3385,3955,0,570,570,completed,32
30,Rigid,3385,3385,4007,0,622,622,completed,32
31,Rigid,3385,3385,3995,0,610,610,completed,32
32,Rigid,3385,3385,3979,0,594,594,completed,32
33,Rigid,3393,3393,4117,0,724,724,completed,32
34,Rigid,3393,3393,4114,0,721,721,completed,32
35,Rigid,3393,3393,4076,0,683,683,completed,32
36,Rigid,3393,3393,4101,0,708,708,completed,32
37,Rigid,3393,3393,4124,0,731,731,completed,32
38,Rigid,3393,3393,4093,0,700,700,completed,32
39,Rigid,3393,3393,4077,0,684,684,completed,32
40,Rigid,3393,3393,3906,0,513,513,completed,32
41,Rigid,3393,3393,3988,0,595,595,completed,32
42,Rigid,3393,3393,4087,0,694,694,completed,32
43,Rigid,3393,3393,4145,0,752,752,completed,32
44,Rigid,3393,3393,4149,0,756,756,completed,32
45,Rigid,3395,3395,3994,0,599,599,completed,32
46,Rigid,3395,3395,4234,0,839,839,completed,32
47,Rigid,3395,3395,4251,0,856,856,completed,32
48,Rigid,3395,3395,4266,0,871,871,completed,32
49,Rigid,3395,3395,4115,0,720,720,completed,32
50,Rigid,3395,3395,4143,0,748,748,completed,32
51,Rigid,3395,3395,4201,0,806,806,completed,32
52,Rigid,3395,3395,4159,0,764,764,completed,32
53,Rigid,3395,3395,4058,0,663,663,completed,32
54,Rigid,3395,3395,4122,0,727,727,completed,32
55,Rigid,3395,3395,4133,0,738,738,completed,32
56,Rigid,3395,3395,4188,0,793,793,completed,32
57,Rigid,3419,3419,4217,0,798,798,completed,72
58,Rigid,3885,3885,4204,0,319,319,completed,24
59,Rigid,3886,3886,4223,0,337,337,completed,24
60,Rigid,3941,3941,7137,0,3196,3196,completed,252
61,Rigid,3945,3945,6891,0,2946,2946,completed,252
62,Rigid,3946,3946,6917,0,2971,2971,completed,252
63,Rigid,3947,3947,6828,0,2881,2881,completed,252
64,Rigid,3951,3951,6821,0,2870,2870,completed,252
65,Rigid,4177,4177,4878,0,701,701,completed,72
66,Rigid,4219,4219,4293,0,74,74,completed,4
67,Rigid,4221,4221,4762,0,541,541,completed,72
68,Rigid,4224,4224,4230,0,6,6,completed,36
69,Rigid,4227,4227,4228,0,1,1,completed,36
70,Rigid,4227,4227,4228,0,1,1,completed,36
71,Rigid,4228,4228,4230,0,2,2,completed,36
72,Rigid,4229,4229,4249,0,20,20,completed,36
73,Rigid,4278,4278,4280,0,2,2,completed,144
74,Rigid,4291,4291,4723,0,432,432,completed,36
75,Rigid,4292,4292,5156,0,864,864,completed,144
76,Rigid,4292,4292,5156,0,864,864,completed,144
77,Rigid,4292,4292,5156,0,864,864,completed,144
78,Rigid,4292,4292,5138,0,846,846,completed,144
79,Rigid,4292,4292,5156,0,864,864,completed,144
80,Rigid,4292,4292,5146,0,854,854,completed,144
81,Rigid,4292,4292,5156,0,864,864,completed,144
82,Rigid,4292,4292,5156,0,864,864,completed,144
83,Rigid,4292,4292,5156,0,864,864,completed,144
84,Rigid,4292,4292,5129,0,837,837,completed,144
85,Rigid,4292,4292,5148,0,856,856,completed,144
86,Rigid,4292,4292,5142,0,850,850,completed,144
87,Rigid,4292,4292,5156,0,864,864,completed,144
88,Rigid,4292,4292,5156,0,864,864,completed,144
89,Rigid,4292,4292,5156,0,864,864,completed,144
90,Rigid,4303,4303,4398,0,95,95,completed,144
91,Rigid,4303,4303,4400,0,97,97,completed,144
92,Rigid,4303,4304,4402,1,98,99,completed,144
93,Rigid,4303,4304,4393,1,89,90,completed,144
94,Rigid,4303,4303,4405,0,102,102,completed,144
95,Rigid,4303,4303,4501,0,198,198,completed,144
96,Rigid,4303,4304,4406,1,102,103,completed,144
97,Rigid,4303,4304,4464,1,160,161,completed,144
98,Rigid,4303,4304,4383,1,79,80,completed,144
99,Rigid,4303,4304,4387,1,83,84,completed,144
100,Rigid,4303,4304,4402,1,98,99,completed,144
101,Rigid,4307,4468,4506,161,38,199,completed,144
102,Rigid,4307,4307,4507,0,200,200,completed,144
103,Rigid,4307,4311,4467,4,156,160,completed,144
104,Rigid,4307,4311,4506,4,195,199,completed,144
105,Rigid,4307,4311,4506,4,195,199,completed,144
106,Rigid,4307,4311,4506,4,195,199,completed,144
107,Rigid,4332,4332,4336,0,4,4,completed,36
108,Rigid,4341,4341,4344,0,3,3,completed,36
109,Rigid,4348,4348,4351,0,3,3,completed,36
110,Rigid,4458,4458,4461,0,3,3,completed,36
111,Rigid,4462,4462,4489,0,27,27,completed,144
112,Rigid,4463,4463,4465,0,2,2,completed,36
113,Rigid,4469,4469,4472,0,3,3,completed,36
114,Rigid,4523,4523,4524,0,1,1,completed,36
115,Rigid,4525,4525,4526,0,1,1,completed,36
116,Rigid,4538,4538,4659,0,121,121,completed,36
117,Rigid,4550,4550,4934,0,384,384,completed,144
118,Rigid,4550,4550,4886,0,336,336,completed,144
119,Rigid,4550,4550,4911,0,361,361,completed,144
120,Rigid,4550,4550,4909,0,359,359,completed,144
121,Rigid,4550,4550,4850,0,300,300,completed,144
122,Rigid,4550,4550,4917,0,367,367,completed,144
123,Rigid,4550,4550,4932,0,382,382,completed,144
124,Rigid,4550,4550,4994,0,444,444,completed,144
125,Rigid,4550,4550,4801,0,251,251,completed,144
126,Rigid,4550,4550,4935,0,385,385,completed,144
127,Rigid,4550,4550,4853,0,303,303,completed,144
128,Rigid,4550,4550,4892,0,342,342,completed,144
129,Rigid,4550,4550,4863,0,313,313,completed,144
130,Rigid,4550,4550,4820,0,270,270,completed,144
131,Rigid,4550,4550,4866,0,316,316,completed,144
132,Rigid,4550,4550,4857,0,307,307,completed,144
133,Rigid,4550,4550,4955,0,405,405,completed,144
134,Rigid,4550,4550,4873,0,323,323,completed,144
135,Rigid,4550,4550,4871,0,321,321,completed,144
136,Rigid,4550,4550,4857,0,307,307,completed,144
137,Rigid,4550,4550,4957,0,407,407,completed,144
138,Rigid,4550,4550,4839,0,289,289,completed,144
139,Rigid,4550,4802,5206,252,404,656,completed,144
140,Rigid,4550,4821,5147,271,326,597,completed,144
141,Rigid,4550,4839,5150,289,311,600,completed,144
142,Rigid,4550,4851,5232,301,381,682,completed,144
143,Rigid,4550,4853,5122,303,269,572,completed,144
144,Rigid,4550,4857,5239,307,382,689,completed,144
145,Rigid,4550,4858,5203,308,345,653,completed,144
146,Rigid,4550,4863,5185,313,322,635,completed,144
147,Rigid,4550,4866,5243,316,377,693,completed,144
148,Rigid,4550,4871,5187,321,316,637,completed,144
149,Rigid,4550,4873,5276,323,403,726,completed,144
150,Rigid,4550,4886,5283,336,397,733,completed,144
151,Rigid,4550,4892,5238,342,346,688,completed,144
152,Rigid,4550,4909,5309,359,400,759,completed,144
153,Rigid,4550,4911,5267,361,356,717,completed,144
154,Rigid,4550,4918,5238,368,320,688,completed,144
155,Rigid,4550,4932,5241,382,309,691,completed,144
156,Rigid,4550,4934,5212,384,278,662,completed,144
157,Rigid,4550,4935,5262,385,327,712,completed,144
158,Rigid,4550,4956,5263,406,307,713,completed,144
159,Rigid,4550,4957,5223,407,266,673,completed,144
160,Rigid,4550,4994,5434,444,440,884,completed,144
161,Rigid,4550,5122,5472,572,350,922,completed,144
162,Rigid,4550,5147,5452,597,305,902,completed,144
163,Rigid,4550,5151,5511,601,360,961,completed,144
164,Rigid,4550,5186,5476,636,290,926,completed,144
165,Rigid,4550,5188,5553,638,365,1003,completed,144
166,Rigid,4550,5203,5543,653,340,993,completed,144
167,Rigid,4550,5206,5461,656,255,911,completed,144
168,Rigid,4550,5213,5534,663,321,984,completed,144
169,Rigid,4550,5224,5537,674,313,987,completed,144
170,Rigid,4550,5232,5550,682,318,1000,completed,144
171,Rigid,4550,5238,5582,688,344,1032,completed,144
172,Rigid,4550,5238,5654,688,416,1104,completed,144
173,Rigid,4550,5239,5636,689,397,1086,completed,144
174,Rigid,4550,5242,5468,692,226,918,completed,144
175,Rigid,4550,5244,5555,694,311,1005,completed,144
176,Rigid,4550,5263,5570,713,307,1020,completed,144
177,Rigid,4550,5263,5592,713,329,1042,completed,144
178,Rigid,4550,5268,5649,718,381,1099,completed,144
179,Rigid,4550,5276,5569,726,293,1019,completed,144
180,Rigid,4550,5284,5682,734,398,1132,completed,144
181,Rigid,4550,5309,5640,759,331,1090,completed,144
182,Rigid,4550,5452,5794,902,342,1244,completed,144
183,Rigid,4550,5458,5755,908,297,1205,completed,144
184,Rigid,4550,5462,5843,912,381,1293,completed,144
185,Rigid,4550,5469,5762,919,293,1212,completed,144
186,Rigid,4550,5472,5835,922,363,1285,completed,144
187,Rigid,4550,5477,5753,927,276,1203,completed,144
188,Rigid,4550,5511,5857,961,346,1307,completed,144
189,Rigid,4550,5534,5890,984,356,1340,completed,144
190,Rigid,4550,5537,5883,987,346,1333,completed,144
191,Rigid,4550,5543,5959,993,416,1409,completed,144
192,Rigid,4550,5550,5948,1000,398,1398,completed,144
193,Rigid,4550,5554,5885,1004,331,1335,completed,144
194,Rigid,4550,5555,5914,1005,359,1364,completed,144
195,Rigid,4550,5570,5869,1020,299,1319,completed,144
196,Rigid,4550,5570,5939,1020,369,1389,completed,144
197,Rigid,4550,5582,5957,1032,375,1407,completed,144
198,Rigid,4550,5593,5913,1043,320,1363,completed,144
199,Rigid,4550,5637,6069,1087,432,1519,completed,144
200,Rigid,4550,5641,6009,1091,368,1459,completed,144
201,Rigid,4550,5650,5997,1100,347,1447,completed,144
202,Rigid,4550,5655,6080,1105,425,1530,completed,144
203,Rigid,4550,5682,6051,1132,369,1501,completed,144
204,Rigid,4550,5754,6066,1204,312,1516,completed,144
205,Rigid,4550,5756,6129,1206,373,1579,completed,144
206,Rigid,4550,5762,6133,1212,371,1583,completed,144
207,Rigid,4550,5795,6147,1245,352,1597,completed,144
208,Rigid,4550,5836,6219,1286,383,1669,completed,144
209,Rigid,4550,5844,6217,1294,373,1667,completed,144
210,Rigid,4550,5858,6144,1308,286,1594,completed,144
211,Rigid,4550,5869,6207,1319,338,1657,completed,144
212,Rigid,4550,5883,6342,1333,459,1792,completed,144
213,Rigid,4550,5885,6159,1335,274,1609,completed,144
214,Rigid,4550,5890,6254,1340,364,1704,completed,144
215,Rigid,4550,5913,6247,1363,334,1697,completed,144
216,Rigid,4550,5915,6221,1365,306,1671,completed,144
217,Rigid,4550,5940,6303,1390,363,1753,completed,144
218,Rigid,4550,5949,6244,1399,295,1694,completed,144
219,Rigid,4550,5957,6292,1407,335,1742,completed,144
220,Rigid,4550,5960,6263,1410,303,1713,completed,144
221,Rigid,4550,6005,6294,1455,289,1744,completed,144
222,Rigid,4550,6012,6300,1462,288,1750,completed,144
223,Rigid,4550,6052,6350,1502,298,1800,completed,144
224,Rigid,4550,6066,6424,1516,358,1874,completed,144
225,Rigid,4550,6070,6402,1520,332,1852,completed,144
226,Rigid,4550,6080,6330,1530,250,1780,completed,144
227,Rigid,4550,6130,6462,1580,332,1912,completed,144
228,Rigid,4550,6134,6410,1584,276,1860,completed,144
229,Rigid,4550,6145,6440,1595,295,1890,completed,144
230,Rigid,4550,6147,6448,1597,301,1898,completed,144
231,Rigid,4550,6159,6473,1609,314,1923,completed,144
232,Rigid,4550,6208,6563,1658,355,2013,completed,144
233,Rigid,4550,6217,6538,1667,321,1988,completed,144
234,Rigid,4550,6220,6554,1670,334,2004,completed,144
235,Rigid,4550,6221,6541,1671,320,1991,completed,144
236,Rigid,4550,6244,6596,1694,352,2046,completed,144
237,Rigid,4550,6247,6605,1697,358,2055,completed,144
238,Rigid,4550,6254,6557,1704,303,2007,completed,144
239,Rigid,4550,6263,6584,1713,321,2034,completed,144
240,Rigid,4550,6293,6599,1743,306,2049,completed,144
241,Rigid,4550,6294,6653,1744,359,2103,completed,144
242,Rigid,4550,6301,6687,1751,386,2137,completed,144
243,Rigid,4550,6303,6621,1753,318,2071,completed,144
244,Rigid,4550,6330,6656,1780,326,2106,completed,144
245,Rigid,4550,6342,6675,1792,333,2125,completed,144
246,Rigid,4550,6351,6736,1801,385,2186,completed,144
247,Rigid,4550,6402,6763,1852,361,2213,completed,144
248,Rigid,4550,6410,6719,1860,309,2169,completed,144
249,Rigid,4550,6424,6853,1874,429,2303,completed,144
250,Rigid,4550,6440,6843,1890,403,2293,completed,144
251,Rigid,4550,6449,6763,1899,314,2213,completed,144
252,Rigid,4550,6462,6777,1912,315,2227,completed,144
253,Rigid,4550,6474,6793,1924,319,2243,completed,144
254,Rigid,4550,6538,6900,1988,362,2350,completed,144
255,Rigid,4550,6541,6947,1991,406,2397,completed,144
256,Rigid,4550,6554,6951,2004,397,2401,completed,144
257,Rigid,4550,6558,6846,2008,288,2296,completed,144
258,Rigid,4550,6564,6948,2014,384,2398,completed,144
259,Rigid,4550,6585,6961,2035,376,2411,completed,144
260,Rigid,4550,6596,6994,2046,398,2444,completed,144
261,Rigid,4550,6599,7011,2049,412,2461,completed,144
262,Rigid,4550,6606,6816,2056,210,2266,completed,144
263,Rigid,4550,6622,6976,2072,354,2426,completed,144
264,Rigid,4550,6654,6972,2104,318,2422,completed,144
265,Rigid,4550,6657,6950,2107,293,2400,completed,144
266,Rigid,4550,6676,7030,2126,354,2480,completed,144
267,Rigid,4550,6687,7029,2137,342,2479,completed,144
268,Rigid,4550,6719,7091,2169,372,2541,completed,144
269,Rigid,4550,6736,7074,2186,338,2524,completed,144
270,Rigid,4550,6763,7162,2213,399,2612,completed,144
271,Rigid,4550,6764,7084,2214,320,2534,completed,144
272,Rigid,4550,6789,7048,2239,259,2498,completed,144
273,Rigid,4550,6793,7115,2243,322,2565,completed,144
274,Rigid,4550,6821,7167,2271,346,2617,completed,144
275,Rigid,4550,6843,7165,2293,322,2615,completed,144
276,Rigid,4550,6847,7191,2297,344,2641,completed,144
277,Rigid,4550,6854,7187,2304,333,2637,completed,144
278,Rigid,4550,6900,7291,2350,391,2741,completed,144
279,Rigid,4550,6948,7333,2398,385,2783,completed,144
280,Rigid,4550,6949,7413,2399,464,2863,completed,144
281,Rigid,4551,4551,5048,0,497,497,completed,144
282,Rigid,4551,4551,5016,0,465,465,completed,144
283,Rigid,4551,4551,4953,0,402,402,completed,144
284,Rigid,4551,4551,4998,0,447,447,completed,144
285,Rigid,4551,4551,4661,0,110,110,completed,144
286,Rigid,4551,4662,4975,111,313,424,completed,144
287,Rigid,4551,4709,5324,158,615,773,completed,144
288,Rigid,4551,4709,5161,158,452,610,completed,144
289,Rigid,4551,4709,5212,158,503,661,completed,144
290,Rigid,4551,4709,5079,158,370,528,completed,144
291,Rigid,4551,4953,5492,402,539,941,completed,144
292,Rigid,4551,4975,5435,424,460,884,completed,144
293,Rigid,4551,4999,5458,448,459,907,completed,144
294,Rigid,4551,5017,5579,466,562,1028,completed,144
295,Rigid,4551,5105,5524,554,419,973,completed,144
296,Rigid,4551,5148,5591,597,443,1040,completed,144
297,Rigid,4551,5161,5537,610,376,986,completed,144
298,Rigid,4551,5212,5670,661,458,1119,completed,144
299,Rigid,4551,5325,5811,774,486,1260,completed,144
300,Rigid,4551,5463,5929,912,466,1378,completed,144
301,Rigid,4551,5463,5942,912,479,1391,completed,144
302,Rigid,4551,5493,6048,942,555,1497,completed,144
303,Rigid,4551,5525,6033,974,508,1482,completed,144
304,Rigid,4551,5537,6012,986,475,1461,completed,144
305,Rigid,4551,5579,6085,1028,506,1534,completed,144
306,Rigid,4551,5591,6075,1040,484,1524,completed,144
307,Rigid,4551,5671,6164,1120,493,1613,completed,144
308,Rigid,4551,5811,6217,1260,406,1666,completed,144
309,Rigid,4551,5930,6347,1379,417,1796,completed,144
310,Rigid,4551,6017,6548,1466,531,1997,completed,144
311,Rigid,4551,6033,6505,1482,472,1954,completed,144
312,Rigid,4551,6033,6564,1482,531,2013,completed,144
313,Rigid,4551,6049,6488,1498,439,1937,completed,144
314,Rigid,4551,6076,6723,1525,647,2172,completed,144
315,Rigid,4551,6329,6759,1778,430,2208,completed,144
316,Rigid,4551,6348,6851,1797,503,2300,completed,144
317,Rigid,4551,6348,6730,1797,382,2179,completed,144
318,Rigid,4551,6419,6896,1868,477,2345,completed,144
319,Rigid,4551,6488,7016,1937,528,2465,completed,144
320,Rigid,4551,6505,6960,1954,455,2409,completed,144
321,Rigid,4551,6548,6954,1997,406,2403,completed,144
322,Rigid,4551,6565,7024,2014,459,2473,completed,144
323,Rigid,4551,6724,7200,2173,476,2649,completed,144
324,Rigid,4551,6730,7196,2179,466,2645,completed,144
325,Rigid,4551,7137,7632,2586,495,3081,completed,144
326,Rigid,4551,7156,7718,2605,562,3167,completed,144
327,Rigid,4551,7161,7638,2610,477,3087,completed,144
328,Rigid,4551,7161,7616,2610,455,3065,completed,144
329,Rigid,4551,7163,7585,2612,422,3034,completed,144
330,Rigid,4551,7166,7620,2615,454,3069,completed,144
331,Rigid,4551,7167,7686,2616,519,3135,completed,144
332,Rigid,4596,4596,4966,0,370,370,completed,1
333,Rigid,4620,4620,6348,0,1728,1728,completed,108
334,Rigid,4620,4620,6322,0,1702,1702,completed,108
335,Rigid,4621,4621,6349,0,1728,1728,completed,22
336,Rigid,4623,4623,5253,0,630,630,completed,22
337,Rigid,4635,4635,6328,0,1693,1693,completed,24
338,Rigid,4635,4635,6363,0,1728,1728,completed,24
339,Rigid,4735,4735,4736,0,1,1,completed,24
340,Rigid,4737,4737,5061,0,324,324,completed,24
341,Rigid,4768,4768,4797,0,29,29,completed,72
342,Rigid,4907,4907,4937,0,30,30,completed,72
343,Rigid,4941,4941,4969,0,28,28,completed,72
344,Rigid,4965,4965,5197,0,232,232,completed,144
345,Rigid,4971,4971,5858,0,887,887,completed,36
346,Rigid,4971,4971,5611,0,640,640,completed,36
347,Rigid,4971,4971,5616,0,645,645,completed,36
348,Rigid,4972,4972,5323,0,351,351,completed,36
349,Rigid,4972,4972,5451,0,479,479,completed,36
350,Rigid,4972,4972,5955,0,983,983,completed,36
351,Rigid,4973,4973,5682,0,709,709,completed,36
352,Rigid,4973,4973,5830,0,857,857,completed,36
353,Rigid,4973,4973,5849,0,876,876,completed,36
354,Rigid,4974,4974,5649,0,675,675,completed,36
355,Rigid,4974,4974,5906,0,932,932,completed,36
356,Rigid,4974,4974,5512,0,538,538,completed,36
357,Rigid,4999,4999,6727,0,1728,1728,completed,36
358,Rigid,4999,4999,6727,0,1728,1728,completed,36
359,Rigid,4999,4999,6727,0,1728,1728,completed,36
360,Rigid,5002,5002,6730,0,1728,1728,completed,36
361,Rigid,5002,5002,6730,0,1728,1728,completed,36
362,Rigid,5002,5002,6730,0,1728,1728,completed,36
363,Rigid,5003,5003,6731,0,1728,1728,completed,36
364,Rigid,5003,5003,6731,0,1728,1728,completed,36
365,Rigid,5003,5003,6731,0,1728,1728,completed,36
366,Rigid,5004,5004,6732,0,1728,1728,completed,36
367,Rigid,5004,5004,6732,0,1728,1728,completed,36
368,Rigid,5004,5004,6732,0,1728,1728,completed,36
369,Rigid,5004,5004,6732,0,1728,1728,completed,36
370,Rigid,5004,5004,6732,0,1728,1728,completed,36
371,Rigid,5004,5004,6732,0,1728,1728,completed,36
372,Rigid,5005,5005,6733,0,1728,1728,completed,36
373,Rigid,5005,5005,6733,0,1728,1728,completed,36
374,Rigid,5005,5005,6733,0,1728,1728,completed,36
375,Rigid,5006,5006,6444,0,1438,1438,completed,36
376,Rigid,5006,5006,6734,0,1728,1728,completed,36
377,Rigid,5006,5006,6734,0,1728,1728,completed,36
378,Rigid,5007,5007,6735,0,1728,1728,completed,36
379,Rigid,5007,5007,6735,0,1728,1728,completed,36
380,Rigid,5007,5007,6735,0,1728,1728,completed,36
381,Rigid,5008,5323,7051,315,1728,2043,completed,36
382,Rigid,5008,5463,7191,455,1728,2183,completed,36
383,Rigid,5008,5513,7241,505,1728,2233,completed,36
384,Rigid,5008,5611,7339,603,1728,2331,completed,36
385,Rigid,5008,5616,7344,608,1728,2336,completed,36
386,Rigid,5008,5650,7378,642,1728,2370,completed,36
387,Rigid,5009,5682,7410,673,1728,2401,completed,36
388,Rigid,5009,5830,7558,821,1728,2549,completed,36
389,Rigid,5009,5849,7577,840,1728,2568,completed,36
390,Rigid,5009,5859,7587,850,1728,2578,completed,36
391,Rigid,5009,5907,7635,898,1728,2626,completed,36
392,Rigid,5009,6033,7761,1024,1728,2752,completed,36
393,Rigid,5010,6445,8173,1435,1728,3163,completed,36
394,Rigid,5010,6728,8456,1718,1728,3446,completed,36
395,Rigid,5010,6728,8456,1718,1728,3446,completed,36
396,Rigid,5029,5029,5141,0,112,112,completed,360
397,Rigid,5030,5030,5140,0,110,110,completed,360
398,Rigid,5034,5034,5049,0,15,15,completed,180
399,Rigid,5037,5037,5066,0,29,29,completed,72
400,Rigid,5038,5038,5074,0,36,36,completed,36
401,Rigid,5044,5044,5147,0,103,103,completed,360
402,Rigid,5045,5045,5718,0,673,673,completed,180
403,Rigid,5047,5051,5725,4,674,678,completed,360
404,Rigid,5048,5138,5791,90,653,743,completed,360
405,Rigid,5048,5140,5718,92,578,670,completed,360
406,Rigid,5049,5141,5780,92,639,731,completed,360
407,Rigid,5050,5156,5510,106,354,460,completed,360
408,Rigid,5051,5143,5349,92,206,298,completed,180
409,Rigid,5074,5074,5105,0,31,31,completed,72
410,Rigid,5108,5108,5540,0,432,432,completed,36
411,Rigid,5142,5148,17244,6,12096,12102,completed,216
412,Rigid,5146,5156,5722,10,566,576,completed,360
413,Rigid,5146,5156,5645,10,489,499,completed,360
414,Rigid,5214,5214,5216,0,2,2,completed,36
415,Rigid,5220,5220,5221,0,1,1,completed,36
416,Rigid,5221,5221,5229,0,8,8,completed,36
417,Rigid,5232,5232,5235,0,3,3,completed,72
418,Rigid,5232,5232,5451,0,219,219,completed,36
419,Rigid,5234,5234,5631,0,397,397,completed,36
420,Rigid,5242,5242,5244,0,2,2,completed,72
421,Rigid,5244,5244,5844,0,600,600,completed,72
422,Rigid,5245,5245,5246,0,1,1,completed,72
423,Rigid,5264,5264,6992,0,1728,1728,completed,108
424,Rigid,5275,5275,5376,0,101,101,completed,72
425,Rigid,5275,5275,5305,0,30,30,completed,36
426,Rigid,5298,5298,7026,0,1728,1728,completed,144
427,Rigid,5318,5318,5395,0,77,77,completed,4
428,Rigid,5320,7361,8799,2041,1438,3479,completed,756
429,Rigid,5336,5336,5339,0,3,3,completed,36
430,Rigid,5350,5350,5353,0,3,3,completed,36
431,Rigid,5355,5355,5358,0,3,3,completed,36
432,Rigid,5359,5359,5362,0,3,3,completed,36
433,Rigid,5387,5387,5388,0,1,1,completed,144
434,Rigid,5397,5397,6442,0,1045,1045,completed,432
435,Rigid,5403,5403,5405,0,2,2,completed,36
436,Rigid,5418,5451,5463,33,12,45,completed,432
437,Rigid,5508,5508,5583,0,75,75,completed,4
438,Rigid,5818,5818,5819,0,1,1,completed,72
439,Rigid,5846,5846,5958,0,112,112,completed,144
440,Rigid,5849,5849,5880,0,31,31,completed,36
441,Rigid,5859,5860,7003,1,1143,1144,completed,36
442,Rigid,5859,5860,6921,1,1061,1062,completed,36
443,Rigid,5859,5860,6479,1,619,620,completed,36
444,Rigid,5861,5861,6742,0,881,881,completed,36
445,Rigid,5861,5861,7000,0,1139,1139,completed,36
446,Rigid,5861,5861,7109,0,1248,1248,completed,36
447,Rigid,5863,5863,5867,0,4,4,completed,36
448,Rigid,5865,5865,5895,0,30,30,completed,72
449,Rigid,5878,5878,6043,0,165,165,completed,360
450,Rigid,5878,5878,6298,0,420,420,completed,4
451,Rigid,5879,5879,6047,0,168,168,completed,360
452,Rigid,5882,5882,5909,0,27,27,completed,36
453,Rigid,5883,5883,6046,0,163,163,completed,360
454,Rigid,5886,5886,5916,0,30,30,completed,36
455,Rigid,5896,5896,5954,0,58,58,completed,72
456,Rigid,5898,5898,6032,0,134,134,completed,360
457,Rigid,5899,5899,7099,0,1200,1200,completed,360
458,Rigid,5900,5900,7081,0,1181,1181,completed,360
459,Rigid,5901,5901,5905,0,4,4,completed,36
460,Rigid,5901,5901,5933,0,32,32,completed,36
461,Rigid,5902,5902,5934,0,32,32,completed,36
462,Rigid,5902,5902,5941,0,39,39,completed,36
463,Rigid,5902,5902,5939,0,37,37,completed,36
464,Rigid,5905,5905,6337,0,432,432,completed,36
465,Rigid,5915,5915,5922,0,7,7,completed,36
466,Rigid,5915,5915,5922,0,7,7,completed,36
467,Rigid,5915,5915,5922,0,7,7,completed,36
468,Rigid,5915,5916,5923,1,7,8,completed,36
469,Rigid,5915,5916,5923,1,7,8,completed,36
470,Rigid,5915,5917,5924,2,7,9,completed,36
471,Rigid,5915,5922,5929,7,7,14,completed,36
472,Rigid,5915,5922,5929,7,7,14,completed,36
473,Rigid,5919,5919,6734,0,815,815,completed,36
474,Rigid,5919,5922,6696,3,774,777,completed,36
475,Rigid,5919,5923,6789,4,866,870,completed,36
476,Rigid,5919,5923,6393,4,470,474,completed,36
477,Rigid,5929,5929,5997,0,68,68,completed,18
478,Rigid,5929,5929,5997,0,68,68,completed,18
479,Rigid,5932,5955,6091,23,136,159,completed,432
480,Rigid,5932,5932,5937,0,5,5,completed,36
481,Rigid,5933,5933,5943,0,10,10,completed,36
482,Rigid,5933,5933,5934,0,1,1,completed,36
483,Rigid,5935,5935,5936,0,1,1,completed,36
484,Rigid,5935,5935,5936,0,1,1,completed,36
485,Rigid,5935,5935,6039,0,104,104,completed,4
486,Rigid,5936,5936,5938,0,2,2,completed,36
487,Rigid,5956,5956,6207,0,251,251,completed,4
488,Rigid,5956,5956,5983,0,27,27,completed,72
489,Rigid,5957,5958,6746,1,788,789,completed,36
490,Rigid,5957,5958,6470,1,512,513,completed,36
491,Rigid,5957,5958,6904,1,946,947,completed,36
492,Rigid,5962,5962,6214,0,252,252,completed,4
493,Rigid,5965,5965,6231,0,266,266,completed,4
494,Rigid,5965,5965,6229,0,264,264,completed,4
495,Rigid,5965,5965,6228,0,263,263,completed,4
496,Rigid,5965,5965,6305,0,340,340,completed,4
497,Rigid,5965,5965,6311,0,346,346,completed,4
498,Rigid,5965,5965,6305,0,340,340,completed,4
499,Rigid,5965,5965,6306,0,341,341,completed,4
500,Rigid,5965,5965,6305,0,340,340,completed,4
501,Rigid,5965,5965,6390,0,425,425,completed,4
502,Rigid,5966,5966,6419,0,453,453,completed,4
503,Rigid,5966,5966,6419,0,453,453,completed,4
504,Rigid,5966,5966,6415,0,449,449,completed,4
505,Rigid,5978,5984,5991,6,7,13,completed,36
506,Rigid,5978,5984,5991,6,7,13,completed,36
507,Rigid,5978,5991,5998,13,7,20,completed,36
508,Rigid,5978,5991,5998,13,7,20,completed,36
509,Rigid,5978,5998,6005,20,7,27,completed,36
510,Rigid,5978,5998,6005,20,7,27,completed,36
511,Rigid,5978,5998,6005,20,7,27,completed,36
512,Rigid,5978,5998,6005,20,7,27,completed,36
513,Rigid,5987,5998,6016,11,18,29,completed,36
514,Rigid,5992,8586,8593,2594,7,2601,completed,288
515,Rigid,5992,6043,6475,51,432,483,completed,288
516,Rigid,5992,6475,6907,483,432,915,completed,288
517,Rigid,5992,7558,7990,1566,432,1998,completed,288
518,Rigid,5992,7990,8422,1998,432,2430,completed,288
519,Rigid,5992,8423,8586,2431,163,2594,completed,288
520,Rigid,5993,6010,6017,17,7,24,completed,72
521,Rigid,6001,6001,6003,0,2,2,completed,36
522,Rigid,6001,6001,6002,0,1,1,completed,1
523,Rigid,6001,6001,6002,0,1,1,completed,1
524,Rigid,6001,6001,6002,0,1,1,completed,1
525,Rigid,6001,6001,6002,0,1,1,completed,1
526,Rigid,6001,6001,6002,0,1,1,completed,1
527,Rigid,6001,6001,6017,0,16,16,completed,2
528,Rigid,6001,6001,6045,0,44,44,completed,1
529,Rigid,6001,6001,6002,0,1,1,completed,1
530,Rigid,6001,6001,6002,0,1,1,completed,1
531,Rigid,6001,6001,6015,0,14,14,completed,2
532,Rigid,6001,6001,6013,0,12,12,completed,2
533,Rigid,6001,6001,6011,0,10,10,completed,2
534,Rigid,6001,6001,6002,0,1,1,completed,1
535,Rigid,6001,6001,6049,0,48,48,completed,1
536,Rigid,6001,6001,6002,0,1,1,completed,1
537,Rigid,6001,6001,6002,0,1,1,completed,1
538,Rigid,6001,6001,6056,0,55,55,completed,1
539,Rigid,6001,6001,6016,0,15,15,completed,2
540,Rigid,6001,6001,6011,0,10,10,completed,2
541,Rigid,6001,6001,6012,0,11,11,completed,2
542,Rigid,6001,6001,6015,0,14,14,completed,2
543,Rigid,6001,6001,6014,0,13,13,completed,2
544,Rigid,6001,6001,6002,0,1,1,completed,1
545,Rigid,6001,6002,6003,1,1,2,completed,1
546,Rigid,6001,6001,6011,0,10,10,completed,2
547,Rigid,6001,6001,6012,0,11,11,completed,2
548,Rigid,6001,6001,6011,0,10,10,completed,2
549,Rigid,6002,6002,6003,0,1,1,completed,1
550,Rigid,6002,6002,6003,0,1,1,completed,1
551,Rigid,6002,6002,6015,0,13,13,completed,2
552,Rigid,6002,6002,6003,0,1,1,completed,1
553,Rigid,6002,6002,6003,0,1,1,completed,1
554,Rigid,6002,6002,6003,0,1,1,completed,1
555,Rigid,6002,6002,6012,0,10,10,completed,2
556,Rigid,6002,6002,6013,0,11,11,completed,2
557,Rigid,6002,6002,6003,0,1,1,completed,1
558,Rigid,6002,6002,6003,0,1,1,completed,1
559,Rigid,6002,6002,6003,0,1,1,completed,1
560,Rigid,6002,6002,6003,0,1,1,completed,1
561,Rigid,6002,6002,6012,0,10,10,completed,2
562,Rigid,6002,6002,6014,0,12,12,completed,2
563,Rigid,6002,6002,6014,0,12,12,completed,2
564,Rigid,6002,6002,6012,0,10,10,completed,2
565,Rigid,6002,6002,6003,0,1,1,completed,1
566,Rigid,6002,6002,6003,0,1,1,completed,1
567,Rigid,6002,6002,6018,0,16,16,completed,2
568,Rigid,6002,6002,6014,0,12,12,completed,2
569,Rigid,6002,6002,6049,0,47,47,completed,1
570,Rigid,6002,6002,6016,0,14,14,completed,2
571,Rigid,6002,6002,6011,0,9,9,completed,2
572,Rigid,6002,6002,6055,0,53,53,completed,1
573,Rigid,6002,6002,6016,0,14,14,completed,2
574,Rigid,6002,6002,6011,0,9,9,completed,2
575,Rigid,6002,6002,6016,0,14,14,completed,2
576,Rigid,6002,6002,6012,0,10,10,completed,2
577,Rigid,6002,6002,6048,0,46,46,completed,1
578,Rigid,6002,6002,6041,0,39,39,completed,1
579,Rigid,6002,6002,6038,0,36,36,completed,1
580,Rigid,6002,6002,6012,0,10,10,completed,2
581,Rigid,6002,6002,6015,0,13,13,completed,2
582,Rigid,6002,6002,6041,0,39,39,completed,1
583,Rigid,6002,6002,6012,0,10,10,completed,2
584,Rigid,6002,6002,6015,0,13,13,completed,2
585,Rigid,6002,6002,6042,0,40,40,completed,1
586,Rigid,6002,6002,6015,0,13,13,completed,2
587,Rigid,6002,6002,6040,0,38,38,completed,1
588,Rigid,6002,6002,6040,0,38,38,completed,1
589,Rigid,6002,6002,6015,0,13,13,completed,2
590,Rigid,6002,6002,6011,0,9,9,completed,2
591,Rigid,6002,6002,6011,0,9,9,completed,2
592,Rigid,6002,6002,6015,0,13,13,completed,2
593,Rigid,6002,6002,6015,0,13,13,completed,2
594,Rigid,6002,6002,6041,0,39,39,completed,1
595,Rigid,6002,6002,6012,0,10,10,completed,2
596,Rigid,6002,6002,6042,0,40,40,completed,1
597,Rigid,6002,6002,6014,0,12,12,completed,2
598,Rigid,6002,6002,6036,0,34,34,completed,1
599,Rigid,6002,6002,6015,0,13,13,completed,2
600,Rigid,6002,6002,6017,0,15,15,completed,2
601,Rigid,6002,6002,6012,0,10,10,completed,2
602,Rigid,6002,6002,6012,0,10,10,completed,2
603,Rigid,6002,6002,6015,0,13,13,completed,2
604,Rigid,6002,6002,6012,0,10,10,completed,2
605,Rigid,6002,6002,6041,0,39,39,completed,1
606,Rigid,6002,6002,6012,0,10,10,completed,2
607,Rigid,6002,6002,6015,0,13,13,completed,2
608,Rigid,6002,6002,6016,0,14,14,completed,2
609,Rigid,6002,6002,6008,0,6,6,completed,2
610,Rigid,6002,6002,6008,0,6,6,completed,2
611,Rigid,6002,6002,6023,0,21,21,completed,1
612,Rigid,6002,6002,6014,0,12,12,completed,2
613,Rigid,6002,6002,6008,0,6,6,completed,2
614,Rigid,6002,6002,6008,0,6,6,completed,2
615,Rigid,6002,6002,6023,0,21,21,completed,1
616,Rigid,6002,6002,6014,0,12,12,completed,2
617,Rigid,6004,6005,6012,1,7,8,completed,36
618,Rigid,6009,6010,6020,1,10,11,completed,36
619,Rigid,6009,6010,6014,1,4,5,completed,36
620,Rigid,6017,6017,6026,0,9,9,completed,36
621,Rigid,6020,6020,6025,0,5,5,completed,72
622,Rigid,6025,6025,6237,0,212,212,completed,36
623,Rigid,6029,6033,6037,4,4,8,completed,144
624,Rigid,6034,6034,6898,0,864,864,completed,36
625,Rigid,6035,6035,6040,0,5,5,completed,36
626,Rigid,6041,6041,6080,0,39,39,completed,36
627,Rigid,6041,6041,6042,0,1,1,completed,1
628,Rigid,6047,6047,6052,0,5,5,completed,36
629,Rigid,6054,6054,6055,0,1,1,completed,1
630,Rigid,6056,6056,6086,0,30,30,completed,36
631,Rigid,6058,6058,6059,0,1,1,completed,1
632,Rigid,6060,6060,6061,0,1,1,completed,1
633,Rigid,6062,6062,6064,0,2,2,completed,1
634,Rigid,6062,6062,6067,0,5,5,completed,72
635,Rigid,6063,6063,7783,0,1720,1720,completed,360
636,Rigid,6065,6065,6066,0,1,1,completed,1
637,Rigid,6068,6068,6069,0,1,1,completed,1
638,Rigid,6070,6070,6072,0,2,2,completed,1
639,Rigid,6073,6073,6077,0,4,4,completed,36
640,Rigid,6073,6073,6078,0,5,5,completed,36
641,Rigid,6074,6074,6075,0,1,1,completed,1
642,Rigid,6077,6077,7798,0,1721,1721,completed,360
643,Rigid,6077,6077,6079,0,2,2,completed,1
644,Rigid,6079,6079,6084,0,5,5,completed,72
645,Rigid,6080,6080,6082,0,2,2,completed,1
646,Rigid,6081,6086,7808,5,1722,1727,completed,360
647,Rigid,6083,6096,7817,13,1721,1734,completed,360
648,Rigid,6084,6084,6085,0,1,1,completed,1
649,Rigid,6085,6085,6090,0,5,5,completed,36
650,Rigid,6086,6086,6088,0,2,2,completed,1
651,Rigid,6088,6088,6091,0,3,3,completed,36
652,Rigid,6089,6092,6102,3,10,13,completed,36
653,Rigid,6090,6090,6091,0,1,1,completed,1
654,Rigid,6091,6092,6095,1,3,4,completed,72
655,Rigid,6091,6092,6110,1,18,19,completed,36
656,Rigid,6093,6093,6095,0,2,2,completed,1
657,Rigid,6095,6095,6103,0,8,8,completed,36
658,Rigid,6096,6096,6098,0,2,2,completed,1
659,Rigid,6096,6096,6098,0,2,2,completed,1
660,Rigid,6096,6096,6098,0,2,2,completed,1
661,Rigid,6096,6096,6099,0,3,3,completed,1
662,Rigid,6096,6096,6098,0,2,2,completed,1
663,Rigid,6096,6096,6099,0,3,3,completed,1
664,Rigid,6096,6096,6098,0,2,2,completed,1
665,Rigid,6096,6096,6098,0,2,2,completed,1
666,Rigid,6096,6096,6098,0,2,2,completed,1
667,Rigid,6096,6096,6099,0,3,3,completed,1
668,Rigid,6096,6096,6098,0,2,2,completed,1
669,Rigid,6096,6096,6098,0,2,2,completed,1
670,Rigid,6096,6096,6098,0,2,2,completed,1
671,Rigid,6096,6096,6098,0,2,2,completed,1
672,Rigid,6096,6096,6098,0,2,2,completed,1
673,Rigid,6096,6096,6098,0,2,2,completed,1
674,Rigid,6096,6096,6099,0,3,3,completed,1
675,Rigid,6096,6096,6099,0,3,3,completed,1
676,Rigid,6096,6096,6098,0,2,2,completed,1
677,Rigid,6096,6096,6098,0,2,2,completed,1
678,Rigid,6096,6096,6098,0,2,2,completed,1
679,Rigid,6096,6096,6098,0,2,2,completed,1
680,Rigid,6096,6096,6098,0,2,2,completed,1
681,Rigid,6096,6096,6098,0,2,2,completed,1
682,Rigid,6096,6096,6098,0,2,2,completed,1
683,Rigid,6096,6096,6098,0,2,2,completed,1
684,Rigid,6096,6096,6099,0,3,3,completed,1
685,Rigid,6096,6096,6098,0,2,2,completed,1
686,Rigid,6096,6096,6098,0,2,2,completed,1
687,Rigid,6096,6096,6099,0,3,3,completed,1
688,Rigid,6096,6096,6099,0,3,3,completed,1
689,Rigid,6096,6096,6098,0,2,2,completed,1
690,Rigid,6096,6096,6098,0,2,2,completed,1
691,Rigid,6096,6096,6099,0,3,3,completed,1
692,Rigid,6096,6096,6099,0,3,3,completed,1
693,Rigid,6096,6096,6099,0,3,3,completed,1
694,Rigid,6096,6096,6098,0,2,2,completed,1
695,Rigid,6096,6096,6098,0,2,2,completed,1
696,Rigid,6096,6096,6098,0,2,2,completed,1
697,Rigid,6096,6096,6099,0,3,3,completed,1
698,Rigid,6096,6096,6099,0,3,3,completed,1
699,Rigid,6096,6096,6099,0,3,3,completed,1
700,Rigid,6096,6096,6099,0,3,3,completed,1
701,Rigid,6096,6096,6099,0,3,3,completed,1
702,Rigid,6096,6096,6098,0,2,2,completed,1
703,Rigid,6096,6096,6098,0,2,2,completed,1
704,Rigid,6096,6096,6098,0,2,2,completed,1
705,Rigid,6096,6096,6099,0,3,3,completed,1
706,Rigid,6096,6096,6099,0,3,3,completed,1
707,Rigid,6096,6096,6098,0,2,2,completed,1
708,Rigid,6096,6096,6098,0,2,2,completed,1
709,Rigid,6096,6096,6098,0,2,2,completed,1
710,Rigid,6096,6096,6098,0,2,2,completed,1
711,Rigid,6096,6096,6098,0,2,2,completed,1
712,Rigid,6096,6096,6099,0,3,3,completed,1
713,Rigid,6096,6096,6099,0,3,3,completed,1
714,Rigid,6096,6096,6099,0,3,3,completed,1
715,Rigid,6096,6096,6099,0,3,3,completed,1
716,Rigid,6096,6096,6099,0,3,3,completed,1
717,Rigid,6096,6096,6099,0,3,3,completed,1
718,Rigid,6096,6096,6099,0,3,3,completed,1
719,Rigid,6096,6096,6098,0,2,2,completed,1
720,Rigid,6096,6096,6098,0,2,2,completed,1
721,Rigid,6096,6096,6098,0,2,2,completed,1
722,Rigid,6096,6096,6098,0,2,2,completed,1
723,Rigid,6096,6096,6098,0,2,2,completed,1
724,Rigid,6096,6096,6098,0,2,2,completed,1
725,Rigid,6096,6096,6098,0,2,2,completed,1
726,Rigid,6096,6096,6099,0,3,3,completed,1
727,Rigid,6096,6096,6098,0,2,2,completed,1
728,Rigid,6096,6096,6099,0,3,3,completed,1
729,Rigid,6096,6096,6099,0,3,3,completed,1
730,Rigid,6096,6096,6098,0,2,2,completed,1
731,Rigid,6096,6096,6098,0,2,2,completed,1
732,Rigid,6096,6096,6098,0,2,2,completed,1
733,Rigid,6096,6096,6098,0,2,2,completed,1
734,Rigid,6096,6096,6098,0,2,2,completed,1
735,Rigid,6096,6096,6098,0,2,2,completed,1
736,Rigid,6096,6096,6098,0,2,2,completed,1
737,Rigid,6096,6096,6098,0,2,2,completed,1
738,Rigid,6096,6096,6098,0,2,2,completed,1
739,Rigid,6096,6096,6098,0,2,2,completed,1
740,Rigid,6096,6096,6098,0,2,2,completed,1
741,Rigid,6096,6096,6098,0,2,2,completed,1
742,Rigid,6096,6096,6098,0,2,2,completed,1
743,Rigid,6096,6096,6098,0,2,2,completed,1
744,Rigid,6096,6096,6098,0,2,2,completed,1
745,Rigid,6096,6096,6098,0,2,2,completed,1
746,Rigid,6096,6096,6098,0,2,2,completed,1
747,Rigid,6096,6096,6098,0,2,2,completed,1
748,Rigid,6096,6096,6098,0,2,2,completed,1
749,Rigid,6096,6096,6098,0,2,2,completed,1
750,Rigid,6096,6096,6098,0,2,2,completed,1
751,Rigid,6096,6096,6098,0,2,2,completed,1
752,Rigid,6099,6099,6101,0,2,2,completed,1
753,Rigid,6099,6099,6101,0,2,2,completed,1
754,Rigid,6099,6099,6101,0,2,2,completed,1
755,Rigid,6099,6099,6101,0,2,2,completed,1
756,Rigid,6099,6099,6101,0,2,2,completed,1
757,Rigid,6099,6099,6101,0,2,2,completed,1
758,Rigid,6099,6099,6101,0,2,2,completed,1
759,Rigid,6099,6099,6101,0,2,2,completed,1
760,Rigid,6099,6099,6101,0,2,2,completed,1
761,Rigid,6099,6099,6101,0,2,2,completed,1
762,Rigid,6099,6099,6101,0,2,2,completed,1
763,Rigid,6099,6099,6101,0,2,2,completed,1
764,Rigid,6099,6099,6101,0,2,2,completed,1
765,Rigid,6099,6099,6101,0,2,2,completed,1
766,Rigid,6099,6099,6101,0,2,2,completed,1
767,Rigid,6099,6099,6101,0,2,2,completed,1
768,Rigid,6099,6099,6101,0,2,2,completed,1
769,Rigid,6099,6099,6101,0,2,2,completed,1
770,Rigid,6099,6099,6101,0,2,2,completed,1
771,Rigid,6099,6099,6101,0,2,2,completed,1
772,Rigid,6099,6099,6101,0,2,2,completed,1
773,Rigid,6099,6099,6101,0,2,2,completed,1
774,Rigid,6099,6099,6101,0,2,2,completed,1
775,Rigid,6099,6099,6101,0,2,2,completed,1
776,Rigid,6099,6099,6101,0,2,2,completed,1
777,Rigid,6099,6099,6101,0,2,2,completed,1
778,Rigid,6099,6099,6101,0,2,2,completed,1
779,Rigid,6099,6099,6101,0,2,2,completed,1
780,Rigid,6099,6099,6101,0,2,2,completed,1
781,Rigid,6099,6099,6101,0,2,2,completed,1
782,Rigid,6099,6099,6101,0,2,2,completed,1
783,Rigid,6099,6099,6101,0,2,2,completed,1
784,Rigid,6099,6099,6101,0,2,2,completed,1
785,Rigid,6099,6099,6101,0,2,2,completed,1
786,Rigid,6099,6099,6101,0,2,2,completed,1
787,Rigid,6099,6099,6101,0,2,2,completed,1
788,Rigid,6099,6099,6101,0,2,2,completed,1
789,Rigid,6099,6099,6101,0,2,2,completed,1
790,Rigid,6099,6099,6101,0,2,2,completed,1
791,Rigid,6099,6099,6101,0,2,2,completed,1
792,Rigid,6099,6099,6101,0,2,2,completed,1
793,Rigid,6099,6099,6101,0,2,2,completed,1
794,Rigid,6099,6099,6101,0,2,2,completed,1
795,Rigid,6099,6099,6101,0,2,2,completed,1
796,Rigid,6099,6099,6101,0,2,2,completed,1
797,Rigid,6099,6099,6101,0,2,2,completed,1
798,Rigid,6099,6099,6101,0,2,2,completed,1
799,Rigid,6099,6099,6101,0,2,2,completed,1
800,Rigid,6099,6099,6101,0,2,2,completed,1
801,Rigid,6099,6099,6101,0,2,2,completed,1
802,Rigid,6099,6099,6101,0,2,2,completed,1
803,Rigid,6099,6099,6101,0,2,2,completed,1
804,Rigid,6099,6099,6101,0,2,2,completed,1
805,Rigid,6099,6099,6101,0,2,2,completed,1
806,Rigid,6099,6099,6101,0,2,2,completed,1
807,Rigid,6099,6099,6101,0,2,2,completed,1
808,Rigid,6099,6099,6101,0,2,2,completed,1
809,Rigid,6099,6099,6101,0,2,2,completed,1
810,Rigid,6099,6099,6101,0,2,2,completed,1
811,Rigid,6099,6099,6101,0,2,2,completed,1
812,Rigid,6099,6099,6101,0,2,2,completed,1
813,Rigid,6099,6099,6101,0,2,2,completed,1
814,Rigid,6099,6099,6101,0,2,2,completed,1
815,Rigid,6099,6099,6101,0,2,2,completed,1
816,Rigid,6099,6099,6101,0,2,2,completed,1
817,Rigid,6099,6099,6101,0,2,2,completed,1
818,Rigid,6099,6099,6101,0,2,2,completed,1
819,Rigid,6099,6099,6101,0,2,2,completed,1
820,Rigid,6099,6099,6101,0,2,2,completed,1
821,Rigid,6099,6099,6101,0,2,2,completed,1
822,Rigid,6099,6099,6101,0,2,2,completed,1
823,Rigid,6099,6099,6101,0,2,2,completed,1
824,Rigid,6099,6099,6101,0,2,2,completed,1
825,Rigid,6099,6099,6101,0,2,2,completed,1
826,Rigid,6099,6099,6101,0,2,2,completed,1
827,Rigid,6099,6099,6101,0,2,2,completed,1
828,Rigid,6099,6099,6101,0,2,2,completed,1
829,Rigid,6099,6099,6101,0,2,2,completed,1
830,Rigid,6099,6099,6101,0,2,2,completed,1
831,Rigid,6099,6099,6101,0,2,2,completed,1
832,Rigid,6099,6099,6101,0,2,2,completed,1
833,Rigid,6099,6099,6101,0,2,2,completed,1
834,Rigid,6099,6099,6101,0,2,2,completed,1
835,Rigid,6099,6099,6101,0,2,2,completed,1
836,Rigid,6099,6099,6101,0,2,2,completed,1
837,Rigid,6099,6099,6101,0,2,2,completed,1
838,Rigid,6099,6099,6101,0,2,2,completed,1
839,Rigid,6099,6099,6101,0,2,2,completed,1
840,Rigid,6099,6099,6101,0,2,2,completed,1
841,Rigid,6099,6099,6101,0,2,2,completed,1
842,Rigid,6099,6099,6101,0,2,2,completed,1
843,Rigid,6099,6099,6101,0,2,2,completed,1
844,Rigid,6099,6099,6101,0,2,2,completed,1
845,Rigid,6099,6099,6101,0,2,2,completed,1
846,Rigid,6099,6099,6101,0,2,2,completed,1
847,Rigid,6099,6099,6101,0,2,2,completed,1
848,Rigid,6099,6099,6100,0,1,1,completed,1
849,Rigid,6099,6099,6101,0,2,2,completed,1
850,Rigid,6099,6099,6101,0,2,2,completed,1
851,Rigid,6099,6099,6101,0,2,2,completed,1
852,Rigid,6099,6099,6101,0,2,2,completed,1
853,Rigid,6099,6316,7625,217,1309,1526,completed,432
854,Rigid,6104,6104,6536,0,432,432,completed,36
855,Rigid,6144,6443,6875,299,432,731,completed,288
856,Rigid,6144,7333,7765,1189,432,1621,completed,288
857,Rigid,6144,7819,8251,1675,432,2107,completed,288
858,Rigid,6144,8252,8684,2108,432,2540,completed,288
859,Rigid,6144,8684,9116,2540,432,2972,completed,288
860,Rigid,6144,9116,9548,2972,432,3404,completed,288
861,Rigid,6176,6176,6182,0,6,6,completed,36
862,Rigid,6185,6185,6192,0,7,7,completed,36
863,Rigid,6194,6194,6227,0,33,33,completed,36
864,Rigid,6257,6257,6262,0,5,5,completed,36
865,Rigid,6262,6262,6263,0,1,1,completed,2
866,Rigid,6262,6262,6263,0,1,1,completed,2
867,Rigid,6262,6262,6263,0,1,1,completed,2
868,Rigid,6262,6262,6263,0,1,1,completed,2
869,Rigid,6262,6262,6264,0,2,2,completed,2
870,Rigid,6263,6263,6270,0,7,7,completed,36
871,Rigid,6301,6443,8143,142,1700,1842,completed,22
872,Rigid,6311,6311,6316,0,5,5,completed,36
873,Rigid,6315,6315,6316,0,1,1,completed,36
874,Rigid,6323,6443,8142,120,1699,1819,completed,108
875,Rigid,6329,6470,8198,141,1728,1869,completed,24
876,Rigid,6331,6479,8207,148,1728,1876,completed,24
877,Rigid,6600,6600,6602,0,2,2,completed,36
878,Rigid,6706,6706,6724,0,18,18,completed,72
879,Rigid,6735,6735,7661,0,926,926,completed,36
880,Rigid,6735,6735,6878,0,143,143,completed,36
881,Rigid,6735,6735,6873,0,138,138,completed,36
882,Rigid,6736,6736,7640,0,904,904,completed,36
883,Rigid,6736,6736,7645,0,909,909,completed,36
884,Rigid,6736,6736,7495,0,759,759,completed,36
885,Rigid,6736,6736,7625,0,889,889,completed,36
886,Rigid,6736,6736,7436,0,700,700,completed,36
887,Rigid,6736,6736,7717,0,981,981,completed,36
888,Rigid,6737,6737,7523,0,786,786,completed,36
889,Rigid,6737,6737,7657,0,920,920,completed,36
890,Rigid,6737,6737,6766,0,29,29,completed,36
891,Rigid,6753,6753,7686,0,933,933,completed,36
892,Rigid,6753,6753,7551,0,798,798,completed,36
893,Rigid,6753,6753,7396,0,643,643,completed,36
894,Rigid,6753,6753,7607,0,854,854,completed,144
895,Rigid,6753,6753,7612,0,859,859,completed,144
896,Rigid,6753,6759,7611,6,852,858,completed,144
897,Rigid,6753,6897,7466,144,569,713,completed,216
898,Rigid,6753,7018,7586,265,568,833,completed,216
899,Rigid,6753,7024,7877,271,853,1124,completed,144
900,Rigid,6754,7029,7721,275,692,967,completed,216
901,Rigid,6754,7030,7721,276,691,967,completed,216
902,Rigid,6754,7053,7746,299,693,992,completed,216
903,Rigid,6754,7723,8576,969,853,1822,completed,144
904,Rigid,6754,7081,7665,327,584,911,completed,216
905,Rigid,6754,7770,8624,1016,854,1870,completed,144
906,Rigid,6754,7081,7733,327,652,979,completed,216
907,Rigid,6754,7092,7740,338,648,986,completed,216
908,Rigid,6754,7115,7762,361,647,1008,completed,216
909,Rigid,6755,7341,9069,586,1728,2314,completed,36
910,Rigid,6755,7341,8491,586,1150,1736,completed,36
911,Rigid,6755,7345,8303,590,958,1548,completed,36
912,Rigid,6758,7378,9106,620,1728,2348,completed,36
913,Rigid,6758,7388,9116,630,1728,2358,completed,36
914,Rigid,6758,7397,9125,639,1728,2367,completed,36
915,Rigid,6759,7432,9160,673,1728,2401,completed,36
916,Rigid,6759,7432,9160,673,1728,2401,completed,36
917,Rigid,6759,7452,9180,693,1728,2421,completed,36
918,Rigid,6764,7452,9180,688,1728,2416,completed,36
919,Rigid,6764,7482,9210,718,1728,2446,completed,36
920,Rigid,6764,7627,9355,863,1728,2591,completed,36
921,Rigid,6765,7659,9387,894,1728,2622,completed,36
922,Rigid,6765,7665,9393,900,1728,2628,completed,36
923,Rigid,6765,7666,9394,901,1728,2629,completed,36
924,Rigid,6766,7678,9406,912,1728,2640,completed,36
925,Rigid,6766,7678,9406,912,1728,2640,completed,36
926,Rigid,6766,7680,9408,914,1728,2642,completed,36
927,Rigid,6771,6771,7635,0,864,864,completed,36
928,Rigid,6777,6821,6841,44,20,64,completed,36
929,Rigid,6777,6778,7210,1,432,433,completed,36
930,Rigid,6785,6821,8203,36,1382,1418,completed,36
931,Rigid,6785,6829,8080,44,1251,1295,completed,36
932,Rigid,6785,6829,6830,44,1,45,completed,36
933,Rigid,6785,6829,7050,44,221,265,completed,36
934,Rigid,6785,6830,7025,45,195,240,completed,36
935,Rigid,6785,6830,7048,45,218,263,completed,36
936,Rigid,6785,6830,7281,45,451,496,completed,36
937,Rigid,6785,6830,7037,45,207,252,completed,36
938,Rigid,6785,6831,7053,46,222,268,completed,36
939,Rigid,6785,6839,8842,54,2003,2057,completed,36
940,Rigid,6785,6839,8190,54,1351,1405,completed,36
941,Rigid,6785,6839,6946,54,107,161,completed,36
942,Rigid,6785,6839,9431,54,2592,2646,completed,36
943,Rigid,6785,6839,8579,54,1740,1794,completed,36
944,Rigid,6785,6839,7692,54,853,907,completed,36
945,Rigid,6785,6839,8568,54,1729,1783,completed,36
946,Rigid,6785,6839,7120,54,281,335,completed,36
947,Rigid,6785,6851,7534,66,683,749,completed,36
948,Rigid,6785,6851,9443,66,2592,2658,completed,36
949,Rigid,6785,6851,7635,66,784,850,completed,36
950,Rigid,6785,6851,7791,66,940,1006,completed,36
951,Rigid,6785,6873,7009,88,136,224,completed,36
952,Rigid,6785,6875,7452,90,577,667,completed,36
953,Rigid,6785,6875,6911,90,36,126,completed,36
954,Rigid,6785,6875,9467,90,2592,2682,completed,36
955,Rigid,6785,6875,6941,90,66,156,completed,36
956,Rigid,6785,6875,9467,90,2592,2682,completed,36
957,Rigid,6785,6875,7049,90,174,264,completed,36
958,Rigid,6785,6878,7983,93,1105,1198,completed,36
959,Rigid,6785,6878,7049,93,171,264,completed,36
960,Rigid,6785,6878,6903,93,25,118,completed,36
961,Rigid,6785,6897,9489,112,2592,2704,completed,36
962,Rigid,6785,6899,6945,114,46,160,completed,36
963,Rigid,6785,6899,7156,114,257,371,completed,36
964,Rigid,6785,6903,9495,118,2592,2710,completed,36
965,Rigid,6785,6905,9497,120,2592,2712,completed,36
966,Rigid,6785,6908,8272,123,1364,1487,completed,36
967,Rigid,6785,6908,9500,123,2592,2715,completed,36
968,Rigid,6785,6908,9500,123,2592,2715,completed,36
969,Rigid,6785,6908,8269,123,1361,1484,completed,36
970,Rigid,6785,6908,6950,123,42,165,completed,36
971,Rigid,6785,6908,7152,123,244,367,completed,36
972,Rigid,6785,6908,7194,123,286,409,completed,36
973,Rigid,6785,6908,7021,123,113,236,completed,36
974,Rigid,6785,6908,7595,123,687,810,completed,36
975,Rigid,6785,6918,7535,133,617,750,completed,36
976,Rigid,6785,6918,7077,133,159,292,completed,36
977,Rigid,6785,6918,7060,133,142,275,completed,36
978,Rigid,6785,6918,8367,133,1449,1582,completed,36
979,Rigid,6785,6950,7309,165,359,524,completed,36
980,Rigid,6785,6950,9187,165,2237,2402,completed,36
981,Rigid,6785,6950,7850,165,900,1065,completed,36
982,Rigid,6785,6950,8513,165,1563,1728,completed,36
983,Rigid,6785,6950,8365,165,1415,1580,completed,36
984,Rigid,6785,6950,9542,165,2592,2757,completed,36
985,Rigid,6785,6950,9542,165,2592,2757,completed,36
986,Rigid,6785,6952,7021,167,69,236,completed,36
987,Rigid,6785,6952,7560,167,608,775,completed,36
988,Rigid,6785,6952,9544,167,2592,2759,completed,36
989,Rigid,6785,6952,9544,167,2592,2759,completed,36
990,Rigid,6785,6955,6963,170,8,178,completed,36
991,Rigid,6785,6955,7103,170,148,318,completed,36
992,Rigid,6785,6955,7101,170,146,316,completed,36
993,Rigid,6785,6955,9547,170,2592,2762,completed,36
994,Rigid,6785,6960,9552,175,2592,2767,completed,36
995,Rigid,6785,6960,9552,175,2592,2767,completed,36
996,Rigid,6785,6960,9552,175,2592,2767,completed,36
997,Rigid,6785,6960,7858,175,898,1073,completed,36
998,Rigid,6785,6961,9553,176,2592,2768,completed,36
999,Rigid,6785,6961,7208,176,247,423,completed,36
1000,Rigid,6785,6961,7319,176,358,534,completed,36
1001,Rigid,6785,6961,7741,176,780,956,completed,36
1002,Rigid,6785,6964,7466,179,502,681,completed,36
1003,Rigid,6785,6972,7149,187,177,364,completed,36
1004,Rigid,6785,6972,7804,187,832,1019,completed,36
1005,Rigid,6785,6972,7291,187,319,506,completed,36
1006,Rigid,6785,6972,7689,187,717,904,completed,36
1007,Rigid,6785,6976,7575,191,599,790,completed,36
1008,Rigid,6785,6976,7209,191,233,424,completed,36
1009,Rigid,6785,6976,7201,191,225,416,completed,36
1010,Rigid,6785,6976,7300,191,324,515,completed,36
1011,Rigid,6785,6994,9586,209,2592,2801,completed,36
1012,Rigid,6785,6994,9017,209,2023,2232,completed,36
1013,Rigid,6785,6994,8893,209,1899,2108,completed,36
1014,Rigid,6785,6994,7806,209,812,1021,completed,36
1015,Rigid,6785,6994,7986,209,992,1201,completed,36
1016,Rigid,6785,6994,7983,209,989,1198,completed,36
1017,Rigid,6785,6994,7594,209,600,809,completed,36
1018,Rigid,6785,7000,7459,215,459,674,completed,36
1019,Rigid,6785,7003,7564,218,561,779,completed,36
1020,Rigid,6785,7012,7221,227,209,436,completed,72
1021,Rigid,6785,7012,9604,227,2592,2819,completed,72
1022,Rigid,6785,7017,9609,232,2592,2824,completed,72
1023,Rigid,6785,7042,9634,257,2592,2849,completed,72
1024,Rigid,6785,7050,7651,265,601,866,completed,72
1025,Rigid,6785,7062,9654,277,2592,2869,completed,72
1026,Rigid,6785,7121,9713,336,2592,2928,completed,72
1027,Rigid,6785,7222,8360,437,1138,1575,completed,72
1028,Rigid,6785,7457,7780,672,323,995,completed,72
1029,Rigid,6785,7466,7866,681,400,1081,completed,72
1030,Rigid,6785,7480,10072,695,2592,3287,completed,72
1031,Rigid,6785,7497,10089,712,2592,3304,completed,72
1032,Rigid,6785,7515,9271,730,1756,2486,completed,72
1033,Rigid,6785,7536,10128,751,2592,3343,completed,72
1034,Rigid,6785,7578,8741,793,1163,1956,completed,72
1035,Rigid,6785,7582,8221,797,639,1436,completed,72
1036,Rigid,6785,7608,10200,823,2592,3415,completed,72
1037,Rigid,6785,7639,8458,854,819,1673,completed,72
1038,Rigid,6785,7017,7036,232,19,251,completed,36
1039,Rigid,6785,7021,7053,236,32,268,completed,36
1040,Rigid,6785,7022,7045,237,23,260,completed,36
1041,Rigid,6785,7025,7283,240,258,498,completed,36
1042,Rigid,6785,7046,7301,261,255,516,completed,36
1043,Rigid,6785,7048,7172,263,124,387,completed,36
1044,Rigid,6785,7050,8460,265,1410,1675,completed,36
1045,Rigid,6785,7053,7578,268,525,793,completed,36
1046,Rigid,6785,7077,9669,292,2592,2884,completed,36
1047,Rigid,6785,7126,9718,341,2592,2933,completed,36
1048,Rigid,6785,7149,8330,364,1181,1545,completed,36
1049,Rigid,6785,7152,7497,367,345,712,completed,36
1050,Rigid,6785,7156,7514,371,358,729,completed,36
1051,Rigid,6785,7173,8207,388,1034,1422,completed,36
1052,Rigid,6785,7194,9786,409,2592,3001,completed,36
1053,Rigid,6785,7201,7350,416,149,565,completed,36
1054,Rigid,6785,7209,7480,424,271,695,completed,36
1055,Rigid,6785,7210,7400,425,190,615,completed,36
1056,Rigid,6785,7281,7477,496,196,692,completed,36
1057,Rigid,6785,7284,7420,499,136,635,completed,36
1058,Rigid,6785,7291,9883,506,2592,3098,completed,36
1059,Rigid,6785,7300,7401,515,101,616,completed,36
1060,Rigid,6785,7302,7935,517,633,1150,completed,36
1061,Rigid,6785,7309,7403,524,94,618,completed,36
1062,Rigid,6785,7320,7409,535,89,624,completed,36
1063,Rigid,6785,7350,7572,565,222,787,completed,36
1064,Rigid,6785,7401,7483,616,82,698,completed,36
1065,Rigid,6785,7402,9994,617,2592,3209,completed,36
1066,Rigid,6785,7403,7456,618,53,671,completed,36
1067,Rigid,6785,7409,7514,624,105,729,completed,36
1068,Rigid,6785,7421,10013,636,2592,3228,completed,36
1069,Rigid,6790,6821,6907,31,86,117,completed,36
1070,Rigid,6792,6821,7253,29,432,461,completed,36
1071,Rigid,6793,6821,7253,28,432,460,completed,72
1072,Rigid,6818,7031,7643,213,612,825,completed,36
1073,Rigid,6818,7092,7578,274,486,760,completed,36
1074,Rigid,6818,7092,7548,274,456,730,completed,36
1075,Rigid,6834,7187,7284,353,97,450,completed,36
1076,Rigid,6834,7187,8562,353,1375,1728,completed,36
1077,Rigid,6834,7187,7632,353,445,798,completed,36
1078,Rigid,6836,7187,8099,351,912,1263,completed,36
1079,Rigid,6836,7191,8115,355,924,1279,completed,36
1080,Rigid,6836,7191,8919,355,1728,2083,completed,36
1081,Rigid,6837,7191,7664,354,473,827,completed,36
1082,Rigid,6837,7191,7627,354,436,790,completed,36
1083,Rigid,6837,7191,7756,354,565,919,completed,36
1084,Rigid,6852,6852,6854,0,2,2,completed,1
1085,Rigid,6856,6856,6857,0,1,1,completed,36
1086,Rigid,6861,6875,6877,14,2,16,completed,72
1087,Rigid,6878,6892,6893,14,1,15,completed,72
1088,Rigid,6896,6896,6950,0,54,54,completed,36
1089,Rigid,6911,6918,7339,7,421,428,completed,72
1090,Rigid,6912,6912,6915,0,3,3,completed,9
1091,Rigid,6914,6914,6916,0,2,2,completed,36
1092,Rigid,6915,6916,6917,1,1,2,completed,36
1093,Rigid,6916,6917,6943,1,26,27,completed,36
1094,Rigid,6918,7100,7932,182,832,1014,completed,36
1095,Rigid,6918,7100,7801,182,701,883,completed,36
1096,Rigid,6918,7137,8856,219,1719,1938,completed,36
1097,Rigid,6918,6918,7024,0,106,106,completed,36
1098,Rigid,6919,6921,7126,2,205,207,completed,36
1099,Rigid,6919,6919,6920,0,1,1,completed,2
1100,Rigid,6919,6919,6920,0,1,1,completed,2
1101,Rigid,6919,6919,6920,0,1,1,completed,2
1102,Rigid,6919,6919,6920,0,1,1,completed,2
1103,Rigid,6919,6919,6920,0,1,1,completed,2
1104,Rigid,6919,6919,6924,0,5,5,completed,2
1105,Rigid,6920,6944,7376,24,432,456,completed,36
1106,Rigid,6920,6945,7377,25,432,457,completed,36
1107,Rigid,6921,7196,7214,275,18,293,completed,36
1108,Rigid,6921,7196,8200,275,1004,1279,completed,36
1109,Rigid,6921,7196,7923,275,727,1002,completed,36
1110,Rigid,6922,7196,8513,274,1317,1591,completed,36
1111,Rigid,6922,7200,8094,278,894,1172,completed,36
1112,Rigid,6922,7200,8114,278,914,1192,completed,36
1113,Rigid,6925,7200,8050,275,850,1125,completed,36
1114,Rigid,6925,7200,8928,275,1728,2003,completed,36
1115,Rigid,6925,7210,7849,285,639,924,completed,36
1116,Rigid,6925,7214,7312,289,98,387,completed,36
1117,Rigid,6925,7253,7893,328,640,968,completed,36
1118,Rigid,6925,7253,8981,328,1728,2056,completed,36
1119,Rigid,6925,7284,8235,359,951,1310,completed,36
1120,Rigid,6925,7313,8528,388,1215,1603,completed,36
1121,Rigid,6925,7341,8584,416,1243,1659,completed,36
1122,Rigid,6927,7683,9411,756,1728,2484,completed,36
1123,Rigid,6927,7711,9439,784,1728,2512,completed,36
1124,Rigid,6927,7723,9451,796,1728,2524,completed,36
1125,Rigid,6927,7723,9451,796,1728,2524,completed,36
1126,Rigid,6927,7728,9456,801,1728,2529,completed,36
1127,Rigid,6927,7743,9471,816,1728,2544,completed,36
1128,Rigid,6935,6942,7048,7,106,113,completed,36
1129,Rigid,6940,6940,6941,0,1,1,completed,2
1130,Rigid,6940,6940,6941,0,1,1,completed,2
1131,Rigid,6940,6940,6941,0,1,1,completed,2
1132,Rigid,6940,6940,6942,0,2,2,completed,2
1133,Rigid,6940,6940,6941,0,1,1,completed,2
1134,Rigid,6940,6940,6941,0,1,1,completed,2
1135,Rigid,6940,6940,6941,0,1,1,completed,2
1136,Rigid,7023,8799,10281,1776,1482,3258,completed,756
1137,Rigid,7064,7075,7161,11,86,97,completed,72
1138,Rigid,7099,7100,7156,1,56,57,completed,72
1139,Rigid,7099,7100,7160,1,60,61,completed,72
1140,Rigid,7099,7100,7161,1,61,62,completed,72
1141,Rigid,7099,7100,7161,1,61,62,completed,72
1142,Rigid,7132,7132,7134,0,2,2,completed,36
1143,Rigid,7136,7136,7139,0,3,3,completed,36
1144,Rigid,7142,7142,7144,0,2,2,completed,36
1145,Rigid,7145,7145,7149,0,4,4,completed,36
1146,Rigid,7149,7149,7151,0,2,2,completed,36
1147,Rigid,7152,7152,7155,0,3,3,completed,36
1148,Rigid,7159,7159,7165,0,6,6,completed,36
1149,Rigid,7166,7166,7169,0,3,3,completed,36
1150,Rigid,7169,7169,7178,0,9,9,completed,36
1151,Rigid,7184,7184,7189,0,5,5,completed,36
1152,Rigid,7189,7189,7194,0,5,5,completed,36
1153,Rigid,7195,7195,7197,0,2,2,completed,36
1154,Rigid,7199,7199,7203,0,4,4,completed,36
1155,Rigid,7204,7204,7211,0,7,7,completed,36
1156,Rigid,7212,7212,7218,0,6,6,completed,36
1157,Rigid,7224,7224,7226,0,2,2,completed,36
1158,Rigid,7226,7768,9496,542,1728,2270,completed,108
1159,Rigid,7228,7798,9526,570,1728,2298,completed,144
1160,Rigid,7229,7720,9448,491,1728,2219,completed,22
1161,Rigid,7229,7229,7234,0,5,5,completed,36
1162,Rigid,7232,7720,8274,488,554,1042,completed,22
1163,Rigid,7235,7253,7685,18,432,450,completed,36
1164,Rigid,7236,7241,7387,5,146,151,completed,36
1165,Rigid,7407,7407,7416,0,9,9,completed,36
1166,Rigid,7421,7421,7424,0,3,3,completed,36
1167,Rigid,7432,7432,7441,0,9,9,completed,36
1168,Rigid,7442,7442,7469,0,27,27,completed,36
1169,Rigid,7466,7466,8035,0,569,569,completed,216
1170,Rigid,7492,7492,7493,0,1,1,completed,36
1171,Rigid,7502,7502,7552,0,50,50,completed,36
1172,Rigid,7509,7509,7522,0,13,13,completed,36
1173,Rigid,7531,7531,7549,0,18,18,completed,36
1174,Rigid,7532,7532,7541,0,9,9,completed,36
1175,Rigid,7536,7536,7537,0,1,1,completed,36
1176,Rigid,7536,7536,7537,0,1,1,completed,36
1177,Rigid,7540,7540,7541,0,1,1,completed,36
1178,Rigid,7541,7541,7542,0,1,1,completed,36
1179,Rigid,7555,7555,7557,0,2,2,completed,36
1180,Rigid,7563,7563,7571,0,8,8,completed,36
1181,Rigid,7564,7626,9099,62,1473,1535,completed,36
1182,Rigid,7564,7626,8488,62,862,924,completed,36
1183,Rigid,7564,7626,8165,62,539,601,completed,36
1184,Rigid,7564,7564,7582,0,18,18,completed,36
1185,Rigid,7564,7575,7582,11,7,18,completed,36
1186,Rigid,7565,7819,7924,254,105,359,completed,36
1187,Rigid,7565,7819,8683,254,864,1118,completed,36
1188,Rigid,7565,7859,8352,294,493,787,completed,36
1189,Rigid,7568,7571,7604,3,33,36,completed,36
1190,Rigid,7573,7573,7615,0,42,42,completed,36
1191,Rigid,7586,7632,8200,46,568,614,completed,216
1192,Rigid,7593,7608,10496,15,2888,2903,completed,252
1193,Rigid,7594,7611,10640,17,3029,3046,completed,252
1194,Rigid,7594,7613,10507,19,2894,2913,completed,252
1195,Rigid,7594,7618,10577,24,2959,2983,completed,252
1196,Rigid,7594,7626,10880,32,3254,3286,completed,252
1197,Rigid,7594,7594,7611,0,17,17,completed,72
1198,Rigid,7604,7923,9651,319,1728,2047,completed,36
1199,Rigid,7604,7925,9653,321,1728,2049,completed,36
1200,Rigid,7605,7953,9681,348,1728,2076,completed,36
1201,Rigid,7605,7953,9681,348,1728,2076,completed,36
1202,Rigid,7605,7953,9681,348,1728,2076,completed,36
1203,Rigid,7605,7953,9681,348,1728,2076,completed,36
1204,Rigid,7605,7953,9681,348,1728,2076,completed,36
1205,Rigid,7605,8173,9901,568,1728,2296,completed,36
1206,Rigid,7605,8303,10031,698,1728,2426,completed,36
1207,Rigid,7605,8352,10080,747,1728,2475,completed,36
1208,Rigid,7605,8456,10184,851,1728,2579,completed,36
1209,Rigid,7606,8456,8950,850,494,1344,completed,36
1210,Rigid,7606,8491,10219,885,1728,2613,completed,36
1211,Rigid,7606,8683,10411,1077,1728,2805,completed,36
1212,Rigid,7608,7608,7619,0,11,11,completed,36
1213,Rigid,7608,7608,7619,0,11,11,completed,36
1214,Rigid,7608,7608,7615,0,7,7,completed,36
1215,Rigid,7608,7633,8497,25,864,889,completed,144
1216,Rigid,7609,7609,7610,0,1,1,completed,36
1217,Rigid,7611,7643,8498,32,855,887,completed,144
1218,Rigid,7612,7612,7613,0,1,1,completed,36
1219,Rigid,7612,7612,7613,0,1,1,completed,36
1220,Rigid,7612,7612,7614,0,2,2,completed,36
1221,Rigid,7613,7659,8523,46,864,910,completed,144
1222,Rigid,7615,7615,7617,0,2,2,completed,36
1223,Rigid,7615,7616,7618,1,2,3,completed,36
1224,Rigid,7619,7620,7666,1,46,47,completed,36
1225,Rigid,7620,7620,7656,0,36,36,completed,36
1226,Rigid,7620,7621,7623,1,2,3,completed,144
1227,Rigid,7621,7626,7857,5,231,236,completed,36
1228,Rigid,7621,7626,10112,5,2486,2491,completed,36
1229,Rigid,7621,7626,7628,5,2,7,completed,36
1230,Rigid,7621,7621,7622,0,1,1,completed,2
1231,Rigid,7621,7621,7622,0,1,1,completed,2
1232,Rigid,7621,7625,7626,4,1,5,completed,36
1233,Rigid,7623,7624,7631,1,7,8,completed,72
1234,Rigid,7627,7627,7628,0,1,1,completed,36
1235,Rigid,7629,7629,7630,0,1,1,completed,36
1236,Rigid,7629,7629,7630,0,1,1,completed,36
1237,Rigid,7631,7631,7633,0,2,2,completed,36
1238,Rigid,7634,7635,7652,1,17,18,completed,72
1239,Rigid,7635,7636,7638,1,2,3,completed,36
1240,Rigid,7635,7638,7640,3,2,5,completed,36
1241,Rigid,7637,7637,7639,0,2,2,completed,2
1242,Rigid,7637,7637,7639,0,2,2,completed,2
1243,Rigid,7637,7639,7642,2,3,5,completed,36
1244,Rigid,7637,7639,7643,2,4,6,completed,36
1245,Rigid,7640,7640,10113,0,2473,2473,completed,36
1246,Rigid,7651,7651,7653,0,2,2,completed,2
1247,Rigid,7651,7651,7653,0,2,2,completed,2
1248,Rigid,7659,7659,7665,0,6,6,completed,36
1249,Rigid,7664,7665,8097,1,432,433,completed,36
1250,Rigid,7666,7721,8308,55,587,642,completed,216
1251,Rigid,7670,7749,7802,79,53,132,completed,36
1252,Rigid,7670,7761,7791,91,30,121,completed,36
1253,Rigid,7670,7775,7800,105,25,130,completed,36
1254,Rigid,7670,7792,7801,122,9,131,completed,36
1255,Rigid,7670,7800,7801,130,1,131,completed,36
1256,Rigid,7670,7801,7802,131,1,132,completed,36
1257,Rigid,7671,7671,7673,0,2,2,completed,2
1258,Rigid,7671,7671,7673,0,2,2,completed,2
1259,Rigid,7673,7802,9347,129,1545,1674,completed,36
1260,Rigid,7673,7802,7951,129,149,278,completed,36
1261,Rigid,7673,7803,7895,130,92,222,completed,36
1262,Rigid,7674,7804,9532,130,1728,1858,completed,36
1263,Rigid,7674,7804,9013,130,1209,1339,completed,36
1264,Rigid,7674,7804,8744,130,940,1070,completed,36
1265,Rigid,7674,7808,8425,134,617,751,completed,36
1266,Rigid,7674,7808,8837,134,1029,1163,completed,36
1267,Rigid,7674,7809,7945,135,136,271,completed,36
1268,Rigid,7675,7675,7710,0,35,35,completed,72
1269,Rigid,7676,7676,7679,0,3,3,completed,36
1270,Rigid,7676,7676,7679,0,3,3,completed,36
1271,Rigid,7676,7676,7680,0,4,4,completed,36
1272,Rigid,7676,7676,7680,0,4,4,completed,36
1273,Rigid,7679,11488,13002,3809,1514,5323,completed,756
1274,Rigid,7690,7815,9042,125,1227,1352,completed,36
1275,Rigid,7690,7818,8314,128,496,624,completed,36
1276,Rigid,7690,7818,8500,128,682,810,completed,36
1277,Rigid,7704,7704,7705,0,1,1,completed,72
1278,Rigid,7706,7706,7707,0,1,1,completed,72
1279,Rigid,7706,7706,7707,0,1,1,completed,72
1280,Rigid,7709,7709,7716,0,7,7,completed,36
1281,Rigid,7716,7718,7720,2,2,4,completed,1
1282,Rigid,7716,7718,7720,2,2,4,completed,1
1283,Rigid,7716,7717,7761,1,44,45,completed,1
1284,Rigid,7716,7718,7719,2,1,3,completed,1
1285,Rigid,7716,7718,7723,2,5,7,completed,1
1286,Rigid,7716,7718,7721,2,3,5,completed,1
1287,Rigid,7716,7718,7720,2,2,4,completed,1
1288,Rigid,7716,7718,7723,2,5,7,completed,1
1289,Rigid,7716,7718,7721,2,3,5,completed,1
1290,Rigid,7716,7718,7721,2,3,5,completed,1
1291,Rigid,7716,7718,7720,2,2,4,completed,1
1292,Rigid,7716,7718,7720,2,2,4,completed,1
1293,Rigid,7716,7718,7721,2,3,5,completed,1
1294,Rigid,7716,7717,7761,1,44,45,completed,1
1295,Rigid,7716,7717,7761,1,44,45,completed,1
1296,Rigid,7716,7718,7719,2,1,3,completed,1
1297,Rigid,7716,7718,7720,2,2,4,completed,1
1298,Rigid,7716,7718,7719,2,1,3,completed,1
1299,Rigid,7716,7718,7722,2,4,6,completed,1
1300,Rigid,7716,7718,7724,2,6,8,completed,1
1301,Rigid,7716,7718,7719,2,1,3,completed,1
1302,Rigid,7716,7718,7719,2,1,3,completed,1
1303,Rigid,7716,7718,7720,2,2,4,completed,1
1304,Rigid,7716,7718,7721,2,3,5,completed,1
1305,Rigid,7716,7718,7721,2,3,5,completed,1
1306,Rigid,7716,7717,7761,1,44,45,completed,1
1307,Rigid,7716,7718,7724,2,6,8,completed,1
1308,Rigid,7716,7718,7720,2,2,4,completed,1
1309,Rigid,7716,7718,7721,2,3,5,completed,1
1310,Rigid,7716,7718,7719,2,1,3,completed,1
1311,Rigid,7716,7718,7726,2,8,10,completed,1
1312,Rigid,7716,7718,7725,2,7,9,completed,1
1313,Rigid,7716,7718,7726,2,8,10,completed,1
1314,Rigid,7716,7718,7727,2,9,11,completed,1
1315,Rigid,7716,7718,7727,2,9,11,completed,1
1316,Rigid,7716,7718,7725,2,7,9,completed,1
1317,Rigid,7716,7717,7761,1,44,45,completed,1
1318,Rigid,7716,7718,7727,2,9,11,completed,1
1319,Rigid,7716,7718,7727,2,9,11,completed,1
1320,Rigid,7716,7718,7727,2,9,11,completed,1
1321,Rigid,7716,7718,7727,2,9,11,completed,1
1322,Rigid,7716,7718,7726,2,8,10,completed,1
1323,Rigid,7716,7718,7726,2,8,10,completed,1
1324,Rigid,7716,7718,7727,2,9,11,completed,1
1325,Rigid,7716,7718,7726,2,8,10,completed,1
1326,Rigid,7716,7718,7726,2,8,10,completed,1
1327,Rigid,7716,7718,7726,2,8,10,completed,1
1328,Rigid,7716,7717,7761,1,44,45,completed,1
1329,Rigid,7716,7718,7726,2,8,10,completed,1
1330,Rigid,7716,7718,7726,2,8,10,completed,1
1331,Rigid,7716,7718,7727,2,9,11,completed,1
1332,Rigid,7716,7718,7726,2,8,10,completed,1
1333,Rigid,7716,7718,7726,2,8,10,completed,1
1334,Rigid,7716,7718,7727,2,9,11,completed,1
1335,Rigid,7716,7718,7727,2,9,11,completed,1
1336,Rigid,7716,7718,7726,2,8,10,completed,1
1337,Rigid,7716,7718,7726,2,8,10,completed,1
1338,Rigid,7716,7718,7726,2,8,10,completed,1
1339,Rigid,7716,7717,7761,1,44,45,completed,1
1340,Rigid,7716,7718,7726,2,8,10,completed,1
1341,Rigid,7716,7718,7726,2,8,10,completed,1
1342,Rigid,7716,7718,7726,2,8,10,completed,1
1343,Rigid,7716,7718,7726,2,8,10,completed,1
1344,Rigid,7716,7718,7726,2,8,10,completed,1
1345,Rigid,7716,7718,7726,2,8,10,completed,1
1346,Rigid,7716,7718,7726,2,8,10,completed,1
1347,Rigid,7716,7718,7726,2,8,10,completed,1
1348,Rigid,7716,7718,7726,2,8,10,completed,1
1349,Rigid,7716,7718,7724,2,6,8,completed,1
1350,Rigid,7716,7717,7761,1,44,45,completed,1
1351,Rigid,7716,7718,7726,2,8,10,completed,1
1352,Rigid,7716,7718,7726,2,8,10,completed,1
1353,Rigid,7716,7718,7726,2,8,10,completed,1
1354,Rigid,7716,7718,7727,2,9,11,completed,1
1355,Rigid,7716,7718,7726,2,8,10,completed,1
1356,Rigid,7716,7718,7726,2,8,10,completed,1
1357,Rigid,7716,7718,7726,2,8,10,completed,1
1358,Rigid,7716,7718,7726,2,8,10,completed,1
1359,Rigid,7716,7718,7726,2,8,10,completed,1
1360,Rigid,7716,7718,7726,2,8,10,completed,1
1361,Rigid,7716,7717,7761,1,44,45,completed,1
1362,Rigid,7716,7718,7726,2,8,10,completed,1
1363,Rigid,7716,7718,7726,2,8,10,completed,1
1364,Rigid,7716,7718,7726,2,8,10,completed,1
1365,Rigid,7716,7718,7726,2,8,10,completed,1
1366,Rigid,7716,7718,7719,2,1,3,completed,1
1367,Rigid,7716,7718,7720,2,2,4,completed,1
1368,Rigid,7716,7718,7720,2,2,4,completed,1
1369,Rigid,7716,7718,7719,2,1,3,completed,1
1370,Rigid,7716,7718,7720,2,2,4,completed,1
1371,Rigid,7716,7718,7719,2,1,3,completed,1
1372,Rigid,7716,7717,7761,1,44,45,completed,1
1373,Rigid,7716,7718,7720,2,2,4,completed,1
1374,Rigid,7716,7719,7721,3,2,5,completed,1
1375,Rigid,7716,7719,7721,3,2,5,completed,1
1376,Rigid,7716,7719,7720,3,1,4,completed,1
1377,Rigid,7716,7719,7720,3,1,4,completed,1
1378,Rigid,7716,7719,7720,3,1,4,completed,1
1379,Rigid,7716,7719,7721,3,2,5,completed,1
1380,Rigid,7716,7719,7720,3,1,4,completed,1
1381,Rigid,7716,7719,7720,3,1,4,completed,1
1382,Rigid,7716,7719,7720,3,1,4,completed,1
1383,Rigid,7716,7717,7761,1,44,45,completed,1
1384,Rigid,7716,7719,7720,3,1,4,completed,1
1385,Rigid,7716,7719,7720,3,1,4,completed,1
1386,Rigid,7716,7719,7720,3,1,4,completed,1
1387,Rigid,7716,7719,7721,3,2,5,completed,1
1388,Rigid,7716,7719,7721,3,2,5,completed,1
1389,Rigid,7716,7719,7720,3,1,4,completed,1
1390,Rigid,7716,7719,7720,3,1,4,completed,1
1391,Rigid,7716,7719,7720,3,1,4,completed,1
1392,Rigid,7716,7719,7721,3,2,5,completed,1
1393,Rigid,7716,7717,7761,1,44,45,completed,1
1394,Rigid,7716,7717,7761,1,44,45,completed,1
1395,Rigid,7716,7717,7761,1,44,45,completed,1
1396,Rigid,7716,7717,7761,1,44,45,completed,1
1397,Rigid,7716,7717,7761,1,44,45,completed,1
1398,Rigid,7716,7717,7761,1,44,45,completed,1
1399,Rigid,7716,7717,7761,1,44,45,completed,1
1400,Rigid,7716,7717,7719,1,2,3,completed,1
1401,Rigid,7716,7717,7719,1,2,3,completed,1
1402,Rigid,7716,7717,7719,1,2,3,completed,1
1403,Rigid,7716,7717,7719,1,2,3,completed,1
1404,Rigid,7716,7717,7719,1,2,3,completed,1
1405,Rigid,7716,7717,7719,1,2,3,completed,1
1406,Rigid,7716,7717,7761,1,44,45,completed,1
1407,Rigid,7716,7717,7719,1,2,3,completed,1
1408,Rigid,7716,7717,7719,1,2,3,completed,1
1409,Rigid,7716,7717,7719,1,2,3,completed,1
1410,Rigid,7716,7717,7719,1,2,3,completed,1
1411,Rigid,7716,7717,7719,1,2,3,completed,1
1412,Rigid,7716,7717,7719,1,2,3,completed,1
1413,Rigid,7716,7717,7719,1,2,3,completed,1
1414,Rigid,7716,7717,7719,1,2,3,completed,1
1415,Rigid,7716,7717,7719,1,2,3,completed,1
1416,Rigid,7716,7717,7719,1,2,3,completed,1
1417,Rigid,7716,7717,7761,1,44,45,completed,1
1418,Rigid,7716,7717,7719,1,2,3,completed,1
1419,Rigid,7716,7717,7719,1,2,3,completed,1
1420,Rigid,7716,7717,7719,1,2,3,completed,1
1421,Rigid,7716,7717,7719,1,2,3,completed,1
1422,Rigid,7716,7717,7719,1,2,3,completed,1
1423,Rigid,7716,7717,7719,1,2,3,completed,1
1424,Rigid,7716,7717,7719,1,2,3,completed,1
1425,Rigid,7716,7717,7719,1,2,3,completed,1
1426,Rigid,7716,7717,7719,1,2,3,completed,1
1427,Rigid,7716,7717,7720,1,3,4,completed,1
1428,Rigid,7716,7717,7761,1,44,45,completed,1
1429,Rigid,7716,7717,7720,1,3,4,completed,1
1430,Rigid,7716,7717,7720,1,3,4,completed,1
1431,Rigid,7716,7717,7719,1,2,3,completed,1
1432,Rigid,7716,7717,7720,1,3,4,completed,1
1433,Rigid,7716,7717,7720,1,3,4,completed,1
1434,Rigid,7716,7717,7720,1,3,4,completed,1
1435,Rigid,7716,7717,7720,1,3,4,completed,1
1436,Rigid,7716,7717,7719,1,2,3,completed,1
1437,Rigid,7716,7717,7720,1,3,4,completed,1
1438,Rigid,7716,7717,7720,1,3,4,completed,1
1439,Rigid,7716,7717,7761,1,44,45,completed,1
1440,Rigid,7716,7717,7720,1,3,4,completed,1
1441,Rigid,7716,7717,7720,1,3,4,completed,1
1442,Rigid,7716,7717,7720,1,3,4,completed,1
1443,Rigid,7716,7717,7720,1,3,4,completed,1
1444,Rigid,7716,7717,7720,1,3,4,completed,1
1445,Rigid,7716,7717,7720,1,3,4,completed,1
1446,Rigid,7716,7717,7720,1,3,4,completed,1
1447,Rigid,7716,7717,7720,1,3,4,completed,1
1448,Rigid,7716,7717,7720,1,3,4,completed,1
1449,Rigid,7716,7717,7720,1,3,4,completed,1
1450,Rigid,7716,7717,7761,1,44,45,completed,1
1451,Rigid,7716,7717,7719,1,2,3,completed,1
1452,Rigid,7716,7717,7720,1,3,4,completed,1
1453,Rigid,7716,7717,7720,1,3,4,completed,1
1454,Rigid,7716,7718,7720,2,2,4,completed,1
1455,Rigid,7716,7718,7720,2,2,4,completed,1
1456,Rigid,7716,7718,7720,2,2,4,completed,1
1457,Rigid,7716,7718,7720,2,2,4,completed,1
1458,Rigid,7716,7718,7720,2,2,4,completed,1
1459,Rigid,7716,7718,7720,2,2,4,completed,1
1460,Rigid,7716,7718,7720,2,2,4,completed,1
1461,Rigid,7716,7717,7761,1,44,45,completed,1
1462,Rigid,7716,7718,7720,2,2,4,completed,1
1463,Rigid,7716,7718,7720,2,2,4,completed,1
1464,Rigid,7716,7718,7720,2,2,4,completed,1
1465,Rigid,7716,7718,7720,2,2,4,completed,1
1466,Rigid,7716,7718,7720,2,2,4,completed,1
1467,Rigid,7716,7718,7720,2,2,4,completed,1
1468,Rigid,7716,7718,7720,2,2,4,completed,1
1469,Rigid,7716,7718,7720,2,2,4,completed,1
1470,Rigid,7716,7718,7720,2,2,4,completed,1
1471,Rigid,7716,7718,7720,2,2,4,completed,1
1472,Rigid,7716,7717,7761,1,44,45,completed,1
1473,Rigid,7716,7718,7720,2,2,4,completed,1
1474,Rigid,7716,7718,7720,2,2,4,completed,1
1475,Rigid,7716,7718,7720,2,2,4,completed,1
1476,Rigid,7716,7718,7720,2,2,4,completed,1
1477,Rigid,7716,7718,7720,2,2,4,completed,1
1478,Rigid,7716,7718,7720,2,2,4,completed,1
1479,Rigid,7716,7718,7720,2,2,4,completed,1
1480,Rigid,7716,7718,7720,2,2,4,completed,1
1481,Rigid,7722,7723,8416,1,693,694,completed,216
1482,Rigid,7722,7723,8414,1,691,692,completed,216
1483,Rigid,7725,7727,7728,2,1,3,completed,36
1484,Rigid,7726,7818,8304,92,486,578,completed,36
1485,Rigid,7726,7819,8458,93,639,732,completed,36
1486,Rigid,7726,7819,8897,93,1078,1171,completed,36
1487,Rigid,7733,7733,7763,0,30,30,completed,36
1488,Rigid,7734,7736,8384,2,648,650,completed,216
1489,Rigid,7735,8203,9696,468,1493,1961,completed,756
1490,Rigid,7741,7743,8393,2,650,652,completed,216
1491,Rigid,7745,7748,8411,3,663,666,completed,36
1492,Rigid,7745,7748,9476,3,1728,1731,completed,36
1493,Rigid,7745,7748,8191,3,443,446,completed,36
1494,Rigid,7747,7768,8460,21,692,713,completed,216
1495,Rigid,7752,7763,7764,11,1,12,completed,252
1496,Rigid,7752,7764,7765,12,1,13,completed,288
1497,Rigid,7754,7754,7787,0,33,33,completed,36
1498,Rigid,7762,7762,7787,0,25,25,completed,36
1499,Rigid,7763,7798,8447,35,649,684,completed,216
1500,Rigid,7766,7766,7768,0,2,2,completed,1
1501,Rigid,7766,7766,7768,0,2,2,completed,1
1502,Rigid,7766,7766,7843,0,77,77,completed,1
1503,Rigid,7766,7766,7768,0,2,2,completed,1
1504,Rigid,7766,7766,7771,0,5,5,completed,1
1505,Rigid,7766,7766,7770,0,4,4,completed,1
1506,Rigid,7766,7766,7768,0,2,2,completed,1
1507,Rigid,7766,7766,7771,0,5,5,completed,1
1508,Rigid,7766,7766,7769,0,3,3,completed,1
1509,Rigid,7766,7766,7770,0,4,4,completed,1
1510,Rigid,7766,7766,7768,0,2,2,completed,1
1511,Rigid,7766,7766,7768,0,2,2,completed,1
1512,Rigid,7766,7766,7770,0,4,4,completed,1
1513,Rigid,7766,7766,7837,0,71,71,completed,1
1514,Rigid,7766,7766,7843,0,77,77,completed,1
1515,Rigid,7766,7766,7768,0,2,2,completed,1
1516,Rigid,7766,7766,7768,0,2,2,completed,1
1517,Rigid,7766,7766,7768,0,2,2,completed,1
1518,Rigid,7766,7766,7771,0,5,5,completed,1
1519,Rigid,7766,7766,7772,0,6,6,completed,1
1520,Rigid,7766,7766,7768,0,2,2,completed,1
1521,Rigid,7766,7766,7768,0,2,2,completed,1
1522,Rigid,7766,7766,7768,0,2,2,completed,1
1523,Rigid,7766,7766,7770,0,4,4,completed,1
1524,Rigid,7766,7766,7769,0,3,3,completed,1
1525,Rigid,7766,7766,7838,0,72,72,completed,1
1526,Rigid,7766,7766,7773,0,7,7,completed,1
1527,Rigid,7766,7766,7768,0,2,2,completed,1
1528,Rigid,7766,7766,7770,0,4,4,completed,1
1529,Rigid,7766,7766,7768,0,2,2,completed,1
1530,Rigid,7766,7766,7775,0,9,9,completed,1
1531,Rigid,7766,7766,7774,0,8,8,completed,1
1532,Rigid,7766,7766,7775,0,9,9,completed,1
1533,Rigid,7766,7766,7774,0,8,8,completed,1
1534,Rigid,7766,7766,7775,0,9,9,completed,1
1535,Rigid,7766,7766,7774,0,8,8,completed,1
1536,Rigid,7766,7766,7840,0,74,74,completed,1
1537,Rigid,7766,7766,7775,0,9,9,completed,1
1538,Rigid,7766,7766,7775,0,9,9,completed,1
1539,Rigid,7766,7766,7775,0,9,9,completed,1
1540,Rigid,7766,7766,7775,0,9,9,completed,1
1541,Rigid,7766,7766,7775,0,9,9,completed,1
1542,Rigid,7766,7766,7775,0,9,9,completed,1
1543,Rigid,7766,7766,7775,0,9,9,completed,1
1544,Rigid,7766,7766,7775,0,9,9,completed,1
1545,Rigid,7766,7766,7775,0,9,9,completed,1
1546,Rigid,7766,7766,7775,0,9,9,completed,1
1547,Rigid,7766,7766,7840,0,74,74,completed,1
1548,Rigid,7766,7766,7775,0,9,9,completed,1
1549,Rigid,7766,7766,7775,0,9,9,completed,1
1550,Rigid,7766,7766,7775,0,9,9,completed,1
1551,Rigid,7766,7766,7775,0,9,9,completed,1
1552,Rigid,7766,7766,7774,0,8,8,completed,1
1553,Rigid,7766,7766,7775,0,9,9,completed,1
1554,Rigid,7766,7766,7775,0,9,9,completed,1
1555,Rigid,7766,7766,7775,0,9,9,completed,1
1556,Rigid,7766,7766,7775,0,9,9,completed,1
1557,Rigid,7766,7766,7775,0,9,9,completed,1
1558,Rigid,7766,7766,7838,0,72,72,completed,1
1559,Rigid,7766,7766,7775,0,9,9,completed,1
1560,Rigid,7766,7766,7775,0,9,9,completed,1
1561,Rigid,7766,7766,7775,0,9,9,completed,1
1562,Rigid,7766,7766,7775,0,9,9,completed,1
1563,Rigid,7766,7766,7775,0,9,9,completed,1
1564,Rigid,7766,7766,7775,0,9,9,completed,1
1565,Rigid,7766,7766,7775,0,9,9,completed,1
1566,Rigid,7766,7766,7775,0,9,9,completed,1
1567,Rigid,7766,7766,7775,0,9,9,completed,1
1568,Rigid,7766,7766,7773,0,7,7,completed,1
1569,Rigid,7766,7766,7841,0,75,75,completed,1
1570,Rigid,7766,7766,7775,0,9,9,completed,1
1571,Rigid,7766,7766,7775,0,9,9,completed,1
1572,Rigid,7766,7766,7775,0,9,9,completed,1
1573,Rigid,7766,7766,7775,0,9,9,completed,1
1574,Rigid,7766,7766,7775,0,9,9,completed,1
1575,Rigid,7766,7766,7774,0,8,8,completed,1
1576,Rigid,7766,7766,7775,0,9,9,completed,1
1577,Rigid,7766,7766,7775,0,9,9,completed,1
1578,Rigid,7766,7766,7775,0,9,9,completed,1
1579,Rigid,7766,7766,7775,0,9,9,completed,1
1580,Rigid,7766,7766,7836,0,70,70,completed,1
1581,Rigid,7766,7766,7775,0,9,9,completed,1
1582,Rigid,7766,7766,7775,0,9,9,completed,1
1583,Rigid,7766,7766,7775,0,9,9,completed,1
1584,Rigid,7766,7766,7775,0,9,9,completed,1
1585,Rigid,7766,7766,7768,0,2,2,completed,1
1586,Rigid,7766,7766,7768,0,2,2,completed,1
1587,Rigid,7766,7766,7768,0,2,2,completed,1
1588,Rigid,7766,7766,7768,0,2,2,completed,1
1589,Rigid,7766,7766,7768,0,2,2,completed,1
1590,Rigid,7766,7766,7768,0,2,2,completed,1
1591,Rigid,7766,7766,7836,0,70,70,completed,1
1592,Rigid,7766,7766,7768,0,2,2,completed,1
1593,Rigid,7766,7766,7768,0,2,2,completed,1
1594,Rigid,7766,7766,7768,0,2,2,completed,1
1595,Rigid,7766,7766,7768,0,2,2,completed,1
1596,Rigid,7766,7766,7768,0,2,2,completed,1
1597,Rigid,7766,7766,7768,0,2,2,completed,1
1598,Rigid,7766,7766,7768,0,2,2,completed,1
1599,Rigid,7766,7766,7768,0,2,2,completed,1
1600,Rigid,7766,7766,7768,0,2,2,completed,1
1601,Rigid,7766,7766,7768,0,2,2,completed,1
1602,Rigid,7766,7766,7841,0,75,75,completed,1
1603,Rigid,7766,7766,7768,0,2,2,completed,1
1604,Rigid,7766,7766,7768,0,2,2,completed,1
1605,Rigid,7766,7766,7768,0,2,2,completed,1
1606,Rigid,7766,7766,7768,0,2,2,completed,1
1607,Rigid,7766,7766,7768,0,2,2,completed,1
1608,Rigid,7766,7766,7767,0,1,1,completed,1
1609,Rigid,7766,7766,7767,0,1,1,completed,1
1610,Rigid,7766,7766,7767,0,1,1,completed,1
1611,Rigid,7766,7766,7767,0,1,1,completed,1
1612,Rigid,7766,7766,7840,0,74,74,completed,1
1613,Rigid,7766,7766,7836,0,70,70,completed,1
1614,Rigid,7766,7766,7839,0,73,73,completed,1
1615,Rigid,7766,7766,7836,0,70,70,completed,1
1616,Rigid,7766,7766,7841,0,75,75,completed,1
1617,Rigid,7766,7766,7836,0,70,70,completed,1
1618,Rigid,7766,7766,7840,0,74,74,completed,1
1619,Rigid,7766,7766,7768,0,2,2,completed,1
1620,Rigid,7766,7766,7768,0,2,2,completed,1
1621,Rigid,7766,7766,7768,0,2,2,completed,1
1622,Rigid,7766,7766,7768,0,2,2,completed,1
1623,Rigid,7766,7766,7768,0,2,2,completed,1
1624,Rigid,7766,7766,7768,0,2,2,completed,1
1625,Rigid,7766,7766,7843,0,77,77,completed,1
1626,Rigid,7766,7766,7768,0,2,2,completed,1
1627,Rigid,7766,7766,7768,0,2,2,completed,1
1628,Rigid,7766,7766,7768,0,2,2,completed,1
1629,Rigid,7766,7766,7768,0,2,2,completed,1
1630,Rigid,7766,7766,7768,0,2,2,completed,1
1631,Rigid,7766,7766,7768,0,2,2,completed,1
1632,Rigid,7766,7766,7768,0,2,2,completed,1
1633,Rigid,7766,7766,7768,0,2,2,completed,1
1634,Rigid,7766,7766,7768,0,2,2,completed,1
1635,Rigid,7766,7766,7768,0,2,2,completed,1
1636,Rigid,7766,7766,7843,0,77,77,completed,1
1637,Rigid,7766,7766,7768,0,2,2,completed,1
1638,Rigid,7766,7766,7768,0,2,2,completed,1
1639,Rigid,7766,7766,7768,0,2,2,completed,1
1640,Rigid,7766,7766,7768,0,2,2,completed,1
1641,Rigid,7766,7766,7768,0,2,2,completed,1
1642,Rigid,7766,7766,7768,0,2,2,completed,1
1643,Rigid,7766,7766,7768,0,2,2,completed,1
1644,Rigid,7766,7766,7768,0,2,2,completed,1
1645,Rigid,7766,7766,7768,0,2,2,completed,1
1646,Rigid,7766,7766,7769,0,3,3,completed,1
1647,Rigid,7766,7766,7838,0,72,72,completed,1
1648,Rigid,7766,7766,7769,0,3,3,completed,1
1649,Rigid,7766,7766,7768,0,2,2,completed,1
1650,Rigid,7766,7766,7768,0,2,2,completed,1
1651,Rigid,7766,7766,7768,0,2,2,completed,1
1652,Rigid,7766,7766,7769,0,3,3,completed,1
1653,Rigid,7766,7766,7769,0,3,3,completed,1
1654,Rigid,7766,7766,7769,0,3,3,completed,1
1655,Rigid,7766,7766,7768,0,2,2,completed,1
1656,Rigid,7766,7766,7769,0,3,3,completed,1
1657,Rigid,7766,7766,7769,0,3,3,completed,1
1658,Rigid,7766,7766,7839,0,73,73,completed,1
1659,Rigid,7766,7766,7769,0,3,3,completed,1
1660,Rigid,7766,7766,7769,0,3,3,completed,1
1661,Rigid,7766,7766,7769,0,3,3,completed,1
1662,Rigid,7766,7766,7769,0,3,3,completed,1
1663,Rigid,7766,7766,7769,0,3,3,completed,1
1664,Rigid,7766,7766,7769,0,3,3,completed,1
1665,Rigid,7766,7766,7768,0,2,2,completed,1
1666,Rigid,7766,7766,7768,0,2,2,completed,1
1667,Rigid,7766,7766,7769,0,3,3,completed,1
1668,Rigid,7766,7766,7768,0,2,2,completed,1
1669,Rigid,7766,7766,7829,0,63,63,completed,1
1670,Rigid,7766,7766,7768,0,2,2,completed,1
1671,Rigid,7766,7766,7768,0,2,2,completed,1
1672,Rigid,7766,7766,7768,0,2,2,completed,1
1673,Rigid,7766,7766,7768,0,2,2,completed,1
1674,Rigid,7766,7766,7768,0,2,2,completed,1
1675,Rigid,7766,7766,7768,0,2,2,completed,1
1676,Rigid,7766,7766,7768,0,2,2,completed,1
1677,Rigid,7766,7766,7768,0,2,2,completed,1
1678,Rigid,7766,7766,7768,0,2,2,completed,1
1679,Rigid,7766,7766,7768,0,2,2,completed,1
1680,Rigid,7766,7766,7839,0,73,73,completed,1
1681,Rigid,7766,7766,7768,0,2,2,completed,1
1682,Rigid,7766,7766,7768,0,2,2,completed,1
1683,Rigid,7766,7766,7768,0,2,2,completed,1
1684,Rigid,7766,7766,7768,0,2,2,completed,1
1685,Rigid,7766,7766,7768,0,2,2,completed,1
1686,Rigid,7766,7766,7768,0,2,2,completed,1
1687,Rigid,7766,7766,7768,0,2,2,completed,1
1688,Rigid,7766,7766,7768,0,2,2,completed,1
1689,Rigid,7766,7766,7768,0,2,2,completed,1
1690,Rigid,7766,7766,7768,0,2,2,completed,1
1691,Rigid,7766,7766,7834,0,68,68,completed,1
1692,Rigid,7766,7766,7768,0,2,2,completed,1
1693,Rigid,7766,7766,7768,0,2,2,completed,1
1694,Rigid,7766,7766,7768,0,2,2,completed,1
1695,Rigid,7766,7766,7768,0,2,2,completed,1
1696,Rigid,7766,7766,7768,0,2,2,completed,1
1697,Rigid,7766,7766,7768,0,2,2,completed,1
1698,Rigid,7766,7766,7768,0,2,2,completed,1
1699,Rigid,7766,7766,7768,0,2,2,completed,1
1700,Rigid,7768,8950,10678,1182,1728,2910,completed,36
1701,Rigid,7768,9069,10797,1301,1728,3029,completed,36
1702,Rigid,7768,9106,10834,1338,1728,3066,completed,36
1703,Rigid,7771,7819,8456,48,637,685,completed,36
1704,Rigid,7771,7819,8438,48,619,667,completed,36
1705,Rigid,7771,7819,9001,48,1182,1230,completed,36
1706,Rigid,7779,7779,7921,0,142,142,completed,36
1707,Rigid,7779,7779,7919,0,140,140,completed,36
1708,Rigid,7779,7780,7919,1,139,140,completed,36
1709,Rigid,7779,7780,7919,1,139,140,completed,36
1710,Rigid,7779,7783,7924,4,141,145,completed,36
1711,Rigid,7779,7783,7924,4,141,145,completed,36
1712,Rigid,7779,7787,7816,8,29,37,completed,36
1713,Rigid,7779,7787,7814,8,27,35,completed,36
1714,Rigid,7779,7783,7924,4,141,145,completed,36
1715,Rigid,7779,7783,7922,4,139,143,completed,36
1716,Rigid,7779,7783,7922,4,139,143,completed,36
1717,Rigid,7779,7783,7921,4,138,142,completed,36
1718,Rigid,7779,7783,7922,4,139,143,completed,36
1719,Rigid,7779,7783,7922,4,139,143,completed,36
1720,Rigid,7779,7783,7922,4,139,143,completed,36
1721,Rigid,7779,7783,7924,4,141,145,completed,36
1722,Rigid,7807,7809,7810,2,1,3,completed,288
1723,Rigid,7808,7810,7811,2,1,3,completed,252
1724,Rigid,7808,7808,11408,0,3600,3600,completed,36
1725,Rigid,7812,7812,7813,0,1,1,completed,180
1726,Rigid,7812,7987,8152,175,165,340,completed,36
1727,Rigid,7812,8005,8036,193,31,224,completed,36
1728,Rigid,7812,8013,8683,201,670,871,completed,36
1729,Rigid,7812,8037,8483,225,446,671,completed,36
1730,Rigid,7812,7819,7936,7,117,124,completed,36
1731,Rigid,7812,8051,8097,239,46,285,completed,36
1732,Rigid,7812,8095,8522,283,427,710,completed,36
1733,Rigid,7812,8097,8149,285,52,337,completed,36
1734,Rigid,7812,8099,8612,287,513,800,completed,36
1735,Rigid,7812,8114,8403,302,289,591,completed,36
1736,Rigid,7812,8115,8123,303,8,311,completed,36
1737,Rigid,7812,8124,8645,312,521,833,completed,36
1738,Rigid,7812,7857,7953,45,96,141,completed,36
1739,Rigid,7812,7920,8013,108,93,201,completed,36
1740,Rigid,7812,7923,8154,111,231,342,completed,36
1741,Rigid,7812,7925,8181,113,256,369,completed,36
1742,Rigid,7812,7937,8140,125,203,328,completed,36
1743,Rigid,7812,7946,7987,134,41,175,completed,36
1744,Rigid,7812,7951,8005,139,54,193,completed,36
1745,Rigid,7812,7954,8249,142,295,437,completed,36
1746,Rigid,7820,7932,7953,112,21,133,completed,576
1747,Rigid,7857,7878,10175,21,2297,2318,completed,216
1748,Rigid,7878,7953,8797,75,844,919,completed,144
1749,Rigid,7893,7893,7907,0,14,14,completed,36
1750,Rigid,7903,7953,8161,50,208,258,completed,144
1751,Rigid,7903,7953,8155,50,202,252,completed,144
1752,Rigid,8035,8035,8602,0,567,567,completed,216
1753,Rigid,8090,8090,8522,0,432,432,completed,36
1754,Rigid,8111,8111,8543,0,432,432,completed,36
1755,Rigid,8143,8143,9789,0,1646,1646,completed,108
1756,Rigid,8145,8145,9686,0,1541,1541,completed,22
1757,Rigid,8190,8190,8191,0,1,1,completed,1
1758,Rigid,8201,8201,8768,0,567,567,completed,216
1759,Rigid,8224,8224,8242,0,18,18,completed,1
1760,Rigid,8224,8224,8242,0,18,18,completed,1
1761,Rigid,8309,8309,8894,0,585,585,completed,216
1762,Rigid,8384,8384,9035,0,651,651,completed,216
1763,Rigid,8393,8393,9041,0,648,648,completed,216
1764,Rigid,8415,8415,9107,0,692,692,completed,216
1765,Rigid,8417,8417,9107,0,690,690,completed,216
1766,Rigid,8447,8447,9100,0,653,653,completed,216
1767,Rigid,8460,8460,9153,0,693,693,completed,216
1768,Rigid,8499,8499,9363,0,864,864,completed,144
1769,Rigid,8511,8511,8525,0,14,14,completed,180
1770,Rigid,8517,8517,8949,0,432,432,completed,36
1771,Rigid,8530,8530,8531,0,1,1,completed,180
1772,Rigid,8536,8536,9764,0,1228,1228,completed,22
1773,Rigid,8546,8546,8547,0,1,1,completed,180
1774,Rigid,8577,8577,9438,0,861,861,completed,144
1775,Rigid,8603,8603,9173,0,570,570,completed,216
1776,Rigid,8608,8608,12776,0,4168,4168,completed,180
1777,Rigid,8615,8615,8689,0,74,74,completed,36
1778,Rigid,8618,8618,8724,0,106,106,completed,36
1779,Rigid,8622,8622,8757,0,135,135,completed,36
1780,Rigid,8623,8623,8627,0,4,4,completed,36
1781,Rigid,8624,8624,9480,0,856,856,completed,144
1782,Rigid,8626,8626,8627,0,1,1,completed,36
1783,Rigid,8700,8700,8701,0,1,1,completed,36
1784,Rigid,8746,8746,12776,0,4030,4030,completed,216
1785,Rigid,8755,8755,8761,0,6,6,completed,144
1786,Rigid,8759,8759,8764,0,5,5,completed,144
1787,Rigid,8762,8762,8765,0,3,3,completed,144
1788,Rigid,8766,8766,12186,0,3420,3420,completed,216
1789,Rigid,8768,8768,9336,0,568,568,completed,216
1790,Rigid,8770,8770,12184,0,3414,3414,completed,180
1791,Rigid,8779,8779,8832,0,53,53,completed,144
1792,Rigid,8780,8780,12338,0,3558,3558,completed,216
1793,Rigid,8786,8786,12242,0,3456,3456,completed,180
1794,Rigid,8798,8798,9662,0,864,864,completed,144
1795,Rigid,8823,8823,8828,0,5,5,completed,9
1796,Rigid,8834,8834,10562,0,1728,1728,completed,144
1797,Rigid,8858,8858,10586,0,1728,1728,completed,24
1798,Rigid,8859,8859,10587,0,1728,1728,completed,22
1799,Rigid,8863,8863,8910,0,47,47,completed,36
1800,Rigid,8869,8869,10597,0,1728,1728,completed,24
1801,Rigid,8894,8894,9477,0,583,583,completed,216
1802,Rigid,8898,8898,9034,0,136,136,completed,36
1803,Rigid,8898,8898,9007,0,109,109,completed,36
1804,Rigid,8898,8898,8972,0,74,74,completed,36
1805,Rigid,8907,8907,8911,0,4,4,completed,36
1806,Rigid,8910,8910,8911,0,1,1,completed,36
1807,Rigid,8968,8968,8970,0,2,2,completed,144
1808,Rigid,8968,8968,8971,0,3,3,completed,216
1809,Rigid,8968,8968,8971,0,3,3,completed,216
1810,Rigid,9036,9036,9685,0,649,649,completed,216
1811,Rigid,9042,9042,9693,0,651,651,completed,216
1812,Rigid,9101,9101,9752,0,651,651,completed,216
1813,Rigid,9107,9107,9803,0,696,696,completed,216
1814,Rigid,9107,9107,9804,0,697,697,completed,216
1815,Rigid,9153,9153,9845,0,692,692,completed,216
1816,Rigid,9354,9354,9360,0,6,6,completed,1080
1817,Rigid,9366,9366,9769,0,403,403,completed,1080
1818,Rigid,9383,9383,9884,0,501,501,completed,144
1819,Rigid,9383,9383,9889,0,506,506,completed,144
1820,Rigid,9383,9383,9892,0,509,509,completed,144
1821,Rigid,9383,9383,9889,0,506,506,completed,144
1822,Rigid,9383,9383,9892,0,509,509,completed,144
1823,Rigid,9383,9383,9894,0,511,511,completed,144
1824,Rigid,9383,9383,9901,0,518,518,completed,144
1825,Rigid,9383,9387,9900,4,513,517,completed,144
1826,Rigid,9383,9406,9920,23,514,537,completed,144
1827,Rigid,9383,9439,9960,56,521,577,completed,144
1828,Rigid,9383,9477,9992,94,515,609,completed,144
1829,Rigid,9413,9413,9487,0,74,74,completed,36
1830,Rigid,9413,9413,9519,0,106,106,completed,36
1831,Rigid,9413,9431,9567,18,136,154,completed,36
1832,Rigid,9439,9451,10306,12,855,867,completed,144
1833,Rigid,9480,9480,10334,0,854,854,completed,144
1834,Rigid,9571,9571,9577,0,6,6,completed,36
1835,Rigid,9578,9578,9582,0,4,4,completed,36
1836,Rigid,9584,9584,9596,0,12,12,completed,36
1837,Rigid,9586,9586,9587,0,1,1,completed,10
1838,Rigid,9588,9588,9641,0,53,53,completed,10
1839,Rigid,9600,9600,9618,0,18,18,completed,36
1840,Rigid,9619,9619,9625,0,6,6,completed,36
1841,Rigid,9630,9630,9634,0,4,4,completed,36
1842,Rigid,9639,9639,9642,0,3,3,completed,72
1843,Rigid,9665,9665,9718,0,53,53,completed,10
1844,Rigid,9665,9665,9721,0,56,56,completed,10
1845,Rigid,9665,9665,9724,0,59,59,completed,10
1846,Rigid,9665,9665,9723,0,58,58,completed,10
1847,Rigid,9665,9665,9716,0,51,51,completed,10
1848,Rigid,9665,9665,9717,0,52,52,completed,10
1849,Rigid,9665,9665,9719,0,54,54,completed,10
1850,Rigid,9665,9665,9728,0,63,63,completed,10
1851,Rigid,9665,9665,9713,0,48,48,completed,10
1852,Rigid,9665,9665,9713,0,48,48,completed,10
1853,Rigid,9665,9665,9728,0,63,63,completed,10
1854,Rigid,9665,9665,9717,0,52,52,completed,10
1855,Rigid,9665,9665,9718,0,53,53,completed,10
1856,Rigid,9665,9665,9722,0,57,57,completed,10
1857,Rigid,9665,9665,9722,0,57,57,completed,10
1858,Rigid,9665,9665,9721,0,56,56,completed,10
1859,Rigid,9665,9665,9724,0,59,59,completed,10
1860,Rigid,9665,9665,9731,0,66,66,completed,10
1861,Rigid,9665,9665,9720,0,55,55,completed,10
1862,Rigid,9665,9665,9723,0,58,58,completed,10
1863,Rigid,9665,9665,9729,0,64,64,completed,10
1864,Rigid,9665,9665,9723,0,58,58,completed,10
1865,Rigid,9665,9665,9722,0,57,57,completed,10
1866,Rigid,9665,9665,9724,0,59,59,completed,10
1867,Rigid,9665,9665,9722,0,57,57,completed,10
1868,Rigid,9665,9665,9724,0,59,59,completed,10
1869,Rigid,9665,9665,9728,0,63,63,completed,10
1870,Rigid,9665,9665,9723,0,58,58,completed,10
1871,Rigid,9665,9665,9724,0,59,59,completed,10
1872,Rigid,9665,9665,9731,0,66,66,completed,10
1873,Rigid,9665,9665,9739,0,74,74,completed,10
1874,Rigid,9665,9665,9718,0,53,53,completed,10
1875,Rigid,9665,9665,9731,0,66,66,completed,10
1876,Rigid,9665,9665,9730,0,65,65,completed,10
1877,Rigid,9665,9665,9729,0,64,64,completed,10
1878,Rigid,9665,9665,9735,0,70,70,completed,10
1879,Rigid,9665,9665,9736,0,71,71,completed,10
1880,Rigid,9665,9665,9736,0,71,71,completed,10
1881,Rigid,9665,9665,9729,0,64,64,completed,10
1882,Rigid,9665,9665,9729,0,64,64,completed,10
1883,Rigid,9665,9665,9733,0,68,68,completed,10
1884,Rigid,9665,9665,9735,0,70,70,completed,10
1885,Rigid,9665,9665,9733,0,68,68,completed,10
1886,Rigid,9665,9665,9745,0,80,80,completed,10
1887,Rigid,9665,9665,9751,0,86,86,completed,10
1888,Rigid,9665,9665,9752,0,87,87,completed,10
1889,Rigid,9665,9665,9749,0,84,84,completed,10
1890,Rigid,9665,9665,9748,0,83,83,completed,10
1891,Rigid,9665,9665,9761,0,96,96,completed,10
1892,Rigid,9665,9665,9757,0,92,92,completed,10
1893,Rigid,9665,9665,9761,0,96,96,completed,10
1894,Rigid,9665,9665,9761,0,96,96,completed,10
1895,Rigid,9665,9665,9762,0,97,97,completed,10
1896,Rigid,9665,9665,9763,0,98,98,completed,10
1897,Rigid,9665,9665,9751,0,86,86,completed,10
1898,Rigid,9665,9665,9768,0,103,103,completed,10
1899,Rigid,9665,9665,9778,0,113,113,completed,10
1900,Rigid,9665,9665,9769,0,104,104,completed,10
1901,Rigid,9665,9665,9765,0,100,100,completed,10
1902,Rigid,9665,9665,9777,0,112,112,completed,10
1903,Rigid,9672,9672,9673,0,1,1,completed,36
1904,Rigid,9672,9672,9673,0,1,1,completed,36
1905,Rigid,9672,9672,9673,0,1,1,completed,36
1906,Rigid,9672,9672,9673,0,1,1,completed,36
1907,Rigid,9672,9672,9673,0,1,1,completed,36
1908,Rigid,9672,9672,9673,0,1,1,completed,36
1909,Rigid,9672,9672,9673,0,1,1,completed,36
1910,Rigid,9673,9673,9674,0,1,1,completed,36
1911,Rigid,9673,9673,9674,0,1,1,completed,36
1912,Rigid,9673,9673,9674,0,1,1,completed,36
1913,Rigid,9673,9673,9674,0,1,1,completed,36
1914,Rigid,9673,9673,9674,0,1,1,completed,36
1915,Rigid,9673,9673,9674,0,1,1,completed,36
1916,Rigid,9673,9673,9674,0,1,1,completed,36
1917,Rigid,9673,9673,9674,0,1,1,completed,36
1918,Rigid,9673,9673,9674,0,1,1,completed,36
1919,Rigid,9673,9673,9674,0,1,1,completed,36
1920,Rigid,9673,9673,9674,0,1,1,completed,36
1921,Rigid,9673,9673,9674,0,1,1,completed,36
1922,Rigid,9673,9673,9674,0,1,1,completed,36
1923,Rigid,9673,9673,9674,0,1,1,completed,36
1924,Rigid,9673,9673,9674,0,1,1,completed,36
1925,Rigid,9673,9673,9674,0,1,1,completed,36
1926,Rigid,9673,9673,9674,0,1,1,completed,36
1927,Rigid,9673,9673,9674,0,1,1,completed,36
1928,Rigid,9673,9673,9675,0,2,2,completed,36
1929,Rigid,9673,9673,9674,0,1,1,completed,36
1930,Rigid,9673,9673,9675,0,2,2,completed,36
1931,Rigid,9673,9673,9675,0,2,2,completed,36
1932,Rigid,9673,9674,9676,1,2,3,completed,36
1933,Rigid,9674,9674,9676,0,2,2,completed,36
1934,Rigid,9674,9674,9676,0,2,2,completed,36
1935,Rigid,9674,9674,9676,0,2,2,completed,36
1936,Rigid,9674,9674,9676,0,2,2,completed,36
1937,Rigid,9674,9674,9676,0,2,2,completed,36
1938,Rigid,9674,9674,9676,0,2,2,completed,36
1939,Rigid,9674,9674,9676,0,2,2,completed,36
1940,Rigid,9674,9674,9676,0,2,2,completed,36
1941,Rigid,9674,9674,9676,0,2,2,completed,36
1942,Rigid,9674,9674,9676,0,2,2,completed,36
1943,Rigid,9683,9683,11411,0,1728,1728,completed,144
1944,Rigid,9684,9684,11412,0,1728,1728,completed,108
1945,Rigid,9686,9686,10336,0,650,650,completed,216
1946,Rigid,9693,9693,10342,0,649,649,completed,216
1947,Rigid,9696,9696,11180,0,1484,1484,completed,756
1948,Rigid,9753,9753,9766,0,13,13,completed,36
1949,Rigid,9754,9754,10469,0,715,715,completed,8
1950,Rigid,9756,9756,10469,0,713,713,completed,72
1951,Rigid,9763,9763,11336,0,1573,1573,completed,108
1952,Rigid,9765,9765,11272,0,1507,1507,completed,22
1953,Rigid,9767,9767,11495,0,1728,1728,completed,108
1954,Rigid,9771,9771,9776,0,5,5,completed,36
1955,Rigid,9778,9778,9779,0,1,1,completed,36
1956,Rigid,9788,9788,9817,0,29,29,completed,36
1957,Rigid,9790,9790,11488,0,1698,1698,completed,108
1958,Rigid,9803,9803,10495,0,692,692,completed,216
1959,Rigid,9805,9805,10496,0,691,691,completed,216
1960,Rigid,9841,9841,11569,0,1728,1728,completed,108
1961,Rigid,9846,9846,10540,0,694,694,completed,216
1962,Rigid,9884,9884,10386,0,502,502,completed,144
1963,Rigid,9889,9889,10394,0,505,505,completed,144
1964,Rigid,9890,9890,10396,0,506,506,completed,144
1965,Rigid,9892,9892,10399,0,507,507,completed,144
1966,Rigid,9893,9893,10397,0,504,504,completed,144
1967,Rigid,9894,9894,10401,0,507,507,completed,144
1968,Rigid,9901,9901,10415,0,514,514,completed,144
1969,Rigid,9902,9902,10410,0,508,508,completed,144
1970,Rigid,9921,9921,10434,0,513,513,completed,144
1971,Rigid,9960,9960,10478,0,518,518,completed,144
1972,Rigid,9992,9992,10507,0,515,515,completed,144
1973,Rigid,10118,10118,10375,0,257,257,completed,36
1974,Rigid,10118,10118,13574,0,3456,3456,completed,36
1975,Rigid,10118,10118,13574,0,3456,3456,completed,36
1976,Rigid,10121,10121,10143,0,22,22,completed,36
1977,Rigid,10146,10146,11138,0,992,992,completed,36
1978,Rigid,10146,10146,10744,0,598,598,completed,36
1979,Rigid,10146,10146,10709,0,563,563,completed,36
1980,Rigid,10147,10147,10744,0,597,597,completed,36
1981,Rigid,10147,10147,10588,0,441,441,completed,36
1982,Rigid,10147,10147,10958,0,811,811,completed,36
1983,Rigid,10150,10150,10201,0,51,51,completed,36
1984,Rigid,10150,10150,10264,0,114,114,completed,36
1985,Rigid,10150,10150,10317,0,167,167,completed,36
1986,Rigid,10150,10150,11049,0,899,899,completed,36
1987,Rigid,10150,10150,10397,0,247,247,completed,36
1988,Rigid,10150,10150,10540,0,390,390,completed,36
1989,Rigid,10151,10151,11577,0,1426,1426,completed,36
1990,Rigid,10151,10151,10415,0,264,264,completed,36
1991,Rigid,10151,10151,10272,0,121,121,completed,36
1992,Rigid,10152,10152,11165,0,1013,1013,completed,36
1993,Rigid,10152,10152,11329,0,1177,1177,completed,36
1994,Rigid,10152,10152,10393,0,241,241,completed,36
1995,Rigid,10152,10152,11117,0,965,965,completed,36
1996,Rigid,10152,10152,11111,0,959,959,completed,36
1997,Rigid,10152,10152,11381,0,1229,1229,completed,36
1998,Rigid,10152,10152,11022,0,870,870,completed,36
1999,Rigid,10152,10152,10639,0,487,487,completed,36
2000,Rigid,10152,10152,10953,0,801,801,completed,36
2001,Rigid,10153,10153,10791,0,638,638,completed,36
2002,Rigid,10153,10153,11186,0,1033,1033,completed,36
2003,Rigid,10153,10153,10903,0,750,750,completed,36
2004,Rigid,10153,10153,11323,0,1170,1170,completed,36
2005,Rigid,10153,10153,10784,0,631,631,completed,36
2006,Rigid,10153,10153,10939,0,786,786,completed,36
2007,Rigid,10153,10153,10184,0,31,31,completed,36
2008,Rigid,10153,10153,11309,0,1156,1156,completed,36
2009,Rigid,10153,10153,10661,0,508,508,completed,36
2010,Rigid,10153,10153,10572,0,419,419,completed,36
2011,Rigid,10154,10154,11882,0,1728,1728,completed,36
2012,Rigid,10154,10154,11341,0,1187,1187,completed,36
2013,Rigid,10154,10154,10779,0,625,625,completed,36
2014,Rigid,10154,10154,11332,0,1178,1178,completed,36
2015,Rigid,10154,10154,11430,0,1276,1276,completed,36
2016,Rigid,10154,10154,11549,0,1395,1395,completed,36
2017,Rigid,10154,10154,10775,0,621,621,completed,36
2018,Rigid,10154,10154,11071,0,917,917,completed,36
2019,Rigid,10154,10154,11354,0,1200,1200,completed,36
2020,Rigid,10154,10154,10660,0,506,506,completed,36
2021,Rigid,10154,10154,11106,0,952,952,completed,36
2022,Rigid,10154,10154,11452,0,1298,1298,completed,36
2023,Rigid,10173,10173,10175,0,2,2,completed,36
2024,Rigid,10179,10179,10643,0,464,464,completed,216
2025,Rigid,10181,10181,10618,0,437,437,completed,216
2026,Rigid,10181,10181,10768,0,587,587,completed,216
2027,Rigid,10181,10181,10896,0,715,715,completed,216
2028,Rigid,10181,10181,10879,0,698,698,completed,216
2029,Rigid,10182,10182,10799,0,617,617,completed,216
2030,Rigid,10182,10182,10727,0,545,545,completed,216
2031,Rigid,10182,10182,10709,0,527,527,completed,216
2032,Rigid,10182,10182,10589,0,407,407,completed,216
2033,Rigid,10182,10204,10588,22,384,406,completed,216
2034,Rigid,10182,10336,10681,154,345,499,completed,216
2035,Rigid,10182,10343,10663,161,320,481,completed,216
2036,Rigid,10198,10198,10202,0,4,4,completed,36
2037,Rigid,10207,10281,10328,74,47,121,completed,36
2038,Rigid,10208,10317,10541,109,224,333,completed,36
2039,Rigid,10208,10219,10515,11,296,307,completed,36
2040,Rigid,10208,10281,10297,73,16,89,completed,144
2041,Rigid,10211,10509,11903,298,1394,1692,completed,144
2042,Rigid,10212,10511,11793,299,1282,1581,completed,144
2043,Rigid,10213,10512,11962,299,1450,1749,completed,144
2044,Rigid,10213,10213,10214,0,1,1,completed,36
2045,Rigid,10214,10214,10217,0,3,3,completed,36
2046,Rigid,10218,10218,10224,0,6,6,completed,36
2047,Rigid,10221,10397,10410,176,13,189,completed,360
2048,Rigid,10221,10351,10368,130,17,147,completed,144
2049,Rigid,10222,10387,10410,165,23,188,completed,144
2050,Rigid,10222,10402,11939,180,1537,1717,completed,360
2051,Rigid,10222,10507,10511,285,4,289,completed,144
2052,Rigid,10223,10881,10903,658,22,680,completed,144
2053,Rigid,10223,10881,10887,658,6,664,completed,144
2054,Rigid,10223,10888,10912,665,24,689,completed,144
2055,Rigid,10223,10411,11552,188,1141,1329,completed,360
2056,Rigid,10224,10508,11746,284,1238,1522,completed,360
2057,Rigid,10224,10509,12004,285,1495,1780,completed,360
2058,Rigid,10236,10374,12102,138,1728,1866,completed,36
2059,Rigid,10236,10374,12102,138,1728,1866,completed,36
2060,Rigid,10236,10803,12531,567,1728,2295,completed,36
2061,Rigid,10236,10881,12609,645,1728,2373,completed,36
2062,Rigid,10236,10897,12625,661,1728,2389,completed,36
2063,Rigid,10236,10897,12625,661,1728,2389,completed,36
2064,Rigid,10237,10897,12625,660,1728,2388,completed,36
2065,Rigid,10237,10897,12625,660,1728,2388,completed,36
2066,Rigid,10237,10897,12458,660,1561,2221,completed,36
2067,Rigid,10237,10897,12625,660,1728,2388,completed,36
2068,Rigid,10237,10903,12631,666,1728,2394,completed,36
2069,Rigid,10237,10903,12277,666,1374,2040,completed,36
2070,Rigid,10238,10903,12631,665,1728,2393,completed,36
2071,Rigid,10238,10903,12351,665,1448,2113,completed,36
2072,Rigid,10238,10903,12631,665,1728,2393,completed,36
2073,Rigid,10239,10281,10497,42,216,258,completed,144
2074,Rigid,10239,10281,10498,42,217,259,completed,144
2075,Rigid,10239,10912,12640,673,1728,2401,completed,36
2076,Rigid,10239,10929,12657,690,1728,2418,completed,36
2077,Rigid,10239,10974,10989,735,15,750,completed,36
2078,Rigid,10239,11024,12752,785,1728,2513,completed,36
2079,Rigid,10239,11324,13052,1085,1728,2813,completed,36
2080,Rigid,10239,11333,13061,1094,1728,2822,completed,36
2081,Rigid,10240,11339,12203,1099,864,1963,completed,36
2082,Rigid,10240,11339,12203,1099,864,1963,completed,36
2083,Rigid,10240,11343,12207,1103,864,1967,completed,36
2084,Rigid,10241,11357,13085,1116,1728,2844,completed,36
2085,Rigid,10241,11357,13085,1116,1728,2844,completed,36
2086,Rigid,10241,11363,13091,1122,1728,2850,completed,36
2087,Rigid,10241,10281,10491,40,210,250,completed,144
2088,Rigid,10241,10282,10490,41,208,249,completed,144
2089,Rigid,10242,11363,12383,1121,1020,2141,completed,36
2090,Rigid,10242,11363,13091,1121,1728,2849,completed,36
2091,Rigid,10242,11365,13093,1123,1728,2851,completed,36
2092,Rigid,10256,10306,10518,50,212,262,completed,144
2093,Rigid,10256,10321,10535,65,214,279,completed,144
2094,Rigid,10270,10955,10974,685,19,704,completed,144
2095,Rigid,10270,10974,10998,704,24,728,completed,144
2096,Rigid,10270,10999,11005,729,6,735,completed,144
2097,Rigid,10270,10270,10334,0,64,64,completed,18
2098,Rigid,10273,10273,10298,0,25,25,completed,18
2099,Rigid,10273,10273,10288,0,15,15,completed,18
2100,Rigid,10276,10277,10289,1,12,13,completed,36
2101,Rigid,10280,10335,10336,55,1,56,completed,36
2102,Rigid,10282,10282,10288,0,6,6,completed,36
2103,Rigid,10282,10337,10355,55,18,73,completed,36
2104,Rigid,10289,10289,10290,0,1,1,completed,36
2105,Rigid,10290,10290,10315,0,25,25,completed,36
2106,Rigid,10295,10298,10321,3,23,26,completed,144
2107,Rigid,10301,10301,10308,0,7,7,completed,2
2108,Rigid,10301,10301,10306,0,5,5,completed,2
2109,Rigid,10301,10301,10310,0,9,9,completed,2
2110,Rigid,10301,10301,10305,0,4,4,completed,2
2111,Rigid,10301,10301,10313,0,12,12,completed,2
2112,Rigid,10301,10301,10305,0,4,4,completed,1
2113,Rigid,10301,10301,10310,0,9,9,completed,2
2114,Rigid,10301,10301,10305,0,4,4,completed,2
2115,Rigid,10301,10301,10314,0,13,13,completed,2
2116,Rigid,10301,10301,10320,0,19,19,completed,1
2117,Rigid,10301,10301,10308,0,7,7,completed,2
2118,Rigid,10301,10301,10302,0,1,1,completed,2
2119,Rigid,10301,10301,10305,0,4,4,completed,2
2120,Rigid,10301,10301,10316,0,15,15,completed,1
2121,Rigid,10301,10301,10325,0,24,24,completed,1
2122,Rigid,10301,10301,10306,0,5,5,completed,2
2123,Rigid,10301,10301,10312,0,11,11,completed,2
2124,Rigid,10301,10301,10319,0,18,18,completed,1
2125,Rigid,10301,10301,10313,0,12,12,completed,2
2126,Rigid,10301,10301,10302,0,1,1,completed,2
2127,Rigid,10301,10301,10306,0,5,5,completed,2
2128,Rigid,10301,10301,10312,0,11,11,completed,2
2129,Rigid,10301,10301,10312,0,11,11,completed,2
2130,Rigid,10301,10301,10312,0,11,11,completed,2
2131,Rigid,10301,10301,10311,0,10,10,completed,2
2132,Rigid,10301,10301,10337,0,36,36,completed,1
2133,Rigid,10301,10301,10310,0,9,9,completed,2
2134,Rigid,10301,10301,10302,0,1,1,completed,2
2135,Rigid,10301,10301,10305,0,4,4,completed,2
2136,Rigid,10301,10301,10333,0,32,32,completed,1
2137,Rigid,10301,10301,10306,0,5,5,completed,2
2138,Rigid,10301,10301,10310,0,9,9,completed,2
2139,Rigid,10301,10301,10306,0,5,5,completed,2
2140,Rigid,10301,10301,10305,0,4,4,completed,1
2141,Rigid,10301,10301,10310,0,9,9,completed,2
2142,Rigid,10301,10301,10310,0,9,9,completed,2
2143,Rigid,10301,10301,10318,0,17,17,completed,1
2144,Rigid,10301,10301,10302,0,1,1,completed,2
2145,Rigid,10301,10301,10319,0,18,18,completed,1
2146,Rigid,10301,10301,10333,0,32,32,completed,1
2147,Rigid,10301,10301,10312,0,11,11,completed,2
2148,Rigid,10301,10301,10311,0,10,10,completed,2
2149,Rigid,10301,10301,10304,0,3,3,completed,2
2150,Rigid,10301,10301,10310,0,9,9,completed,2
2151,Rigid,10303,10303,10315,0,12,12,completed,36
2152,Rigid,10307,10315,10346,8,31,39,completed,36
2153,Rigid,10308,10308,10316,0,8,8,completed,36
2154,Rigid,10328,10335,10350,7,15,22,completed,144
2155,Rigid,10337,10337,10363,0,26,26,completed,36
2156,Rigid,10348,10348,10349,0,1,1,completed,36
2157,Rigid,10348,10348,10414,0,66,66,completed,18
2158,Rigid,10348,10348,10415,0,67,67,completed,18
2159,Rigid,10352,10352,10368,0,16,16,completed,36
2160,Rigid,10357,13179,14611,2822,1432,4254,completed,756
2161,Rigid,10357,14612,16095,4255,1483,5738,completed,756
2162,Rigid,10359,10368,10619,9,251,260,completed,144
2163,Rigid,10373,10373,13829,0,3456,3456,completed,1
2164,Rigid,10374,10374,13830,0,3456,3456,completed,1
2165,Rigid,10374,10374,13830,0,3456,3456,completed,1
2166,Rigid,10374,10374,13830,0,3456,3456,completed,1
2167,Rigid,10374,10374,13830,0,3456,3456,completed,1
2168,Rigid,10374,10374,13830,0,3456,3456,completed,1
2169,Rigid,10374,10374,13830,0,3456,3456,completed,1
2170,Rigid,10374,10374,13830,0,3456,3456,completed,1
2171,Rigid,10374,10374,13830,0,3456,3456,completed,1
2172,Rigid,10374,10374,13830,0,3456,3456,completed,1
2173,Rigid,10374,10374,13830,0,3456,3456,completed,1
2174,Rigid,10374,10374,13830,0,3456,3456,completed,1
2175,Rigid,10374,10374,13830,0,3456,3456,completed,1
2176,Rigid,10374,10374,13830,0,3456,3456,completed,1
2177,Rigid,10374,10374,13830,0,3456,3456,completed,1
2178,Rigid,10374,10374,13830,0,3456,3456,completed,1
2179,Rigid,10374,10374,13830,0,3456,3456,completed,1
2180,Rigid,10374,10374,13830,0,3456,3456,completed,1
2181,Rigid,10374,10374,13830,0,3456,3456,completed,1
2182,Rigid,10374,10374,13830,0,3456,3456,completed,1
2183,Rigid,10374,10374,13830,0,3456,3456,completed,1
2184,Rigid,10374,10374,13830,0,3456,3456,completed,1
2185,Rigid,10374,10374,13830,0,3456,3456,completed,1
2186,Rigid,10374,10374,13830,0,3456,3456,completed,1
2187,Rigid,10374,10374,13830,0,3456,3456,completed,1
2188,Rigid,10374,10374,13830,0,3456,3456,completed,1
2189,Rigid,10374,10374,13830,0,3456,3456,completed,1
2190,Rigid,10374,10374,13830,0,3456,3456,completed,1
2191,Rigid,10374,10374,13830,0,3456,3456,completed,1
2192,Rigid,10374,10374,13830,0,3456,3456,completed,1
2193,Rigid,10374,10374,13830,0,3456,3456,completed,1
2194,Rigid,10374,10374,13830,0,3456,3456,completed,1
2195,Rigid,10374,10374,13830,0,3456,3456,completed,1
2196,Rigid,10374,10374,13830,0,3456,3456,completed,1
2197,Rigid,10374,10374,13830,0,3456,3456,completed,1
2198,Rigid,10374,10374,13830,0,3456,3456,completed,1
2199,Rigid,10374,10374,13830,0,3456,3456,completed,1
2200,Rigid,10374,10374,13830,0,3456,3456,completed,1
2201,Rigid,10374,10374,13830,0,3456,3456,completed,1
2202,Rigid,10374,10374,13830,0,3456,3456,completed,1
2203,Rigid,10374,10374,13830,0,3456,3456,completed,1
2204,Rigid,10374,10374,13830,0,3456,3456,completed,1
2205,Rigid,10374,10374,13830,0,3456,3456,completed,1
2206,Rigid,10374,10374,13830,0,3456,3456,completed,1
2207,Rigid,10374,10374,13830,0,3456,3456,completed,1
2208,Rigid,10374,10374,13830,0,3456,3456,completed,1
2209,Rigid,10374,10374,13830,0,3456,3456,completed,1
2210,Rigid,10374,10374,13830,0,3456,3456,completed,1
2211,Rigid,10374,10374,13830,0,3456,3456,completed,1
2212,Rigid,10374,10374,13830,0,3456,3456,completed,1
2213,Rigid,10374,10374,13830,0,3456,3456,completed,1
2214,Rigid,10374,10374,13830,0,3456,3456,completed,1
2215,Rigid,10374,10374,13830,0,3456,3456,completed,1
2216,Rigid,10374,10374,13830,0,3456,3456,completed,1
2217,Rigid,10374,10374,13830,0,3456,3456,completed,1
2218,Rigid,10374,10374,13830,0,3456,3456,completed,1
2219,Rigid,10374,10374,13830,0,3456,3456,completed,1
2220,Rigid,10374,10374,13830,0,3456,3456,completed,1
2221,Rigid,10374,10374,13830,0,3456,3456,completed,1
2222,Rigid,10374,10374,13830,0,3456,3456,completed,1
2223,Rigid,10375,10375,10387,0,12,12,completed,36
2224,Rigid,10376,10376,13832,0,3456,3456,completed,1
2225,Rigid,10377,10377,13833,0,3456,3456,completed,1
2226,Rigid,10377,10377,13833,0,3456,3456,completed,1
2227,Rigid,10377,10377,13833,0,3456,3456,completed,1
2228,Rigid,10377,10377,13833,0,3456,3456,completed,1
2229,Rigid,10387,10513,10574,126,61,187,completed,144
2230,Rigid,10388,10388,10389,0,1,1,completed,36
2231,Rigid,10389,10389,10390,0,1,1,completed,36
2232,Rigid,10390,10390,10400,0,10,10,completed,36
2233,Rigid,10391,10391,10404,0,13,13,completed,2
2234,Rigid,10391,10391,10395,0,4,4,completed,12
2235,Rigid,10391,10391,10397,0,6,6,completed,12
2236,Rigid,10391,10391,10406,0,15,15,completed,2
2237,Rigid,10393,10393,10569,0,176,176,completed,36
2238,Rigid,10395,10513,10574,118,61,179,completed,144
2239,Rigid,10397,10513,10574,116,61,177,completed,144
2240,Rigid,10397,10513,10574,116,61,177,completed,144
2241,Rigid,10399,10399,10569,0,170,170,completed,36
2242,Rigid,10399,10513,10574,114,61,175,completed,144
2243,Rigid,10401,10401,10405,0,4,4,completed,36
2244,Rigid,10402,10514,10574,112,60,172,completed,144
2245,Rigid,10402,10406,10408,4,2,6,completed,36
2246,Rigid,10402,10402,13858,0,3456,3456,completed,1
2247,Rigid,10402,10402,13858,0,3456,3456,completed,1
2248,Rigid,10402,10402,13858,0,3456,3456,completed,1
2249,Rigid,10402,10402,13858,0,3456,3456,completed,1
2250,Rigid,10402,10402,13858,0,3456,3456,completed,1
2251,Rigid,10403,10403,13859,0,3456,3456,completed,1
2252,Rigid,10403,10403,13859,0,3456,3456,completed,1
2253,Rigid,10403,10403,13859,0,3456,3456,completed,1
2254,Rigid,10403,10403,13859,0,3456,3456,completed,1
2255,Rigid,10403,10403,13859,0,3456,3456,completed,1
2256,Rigid,10408,10408,10415,0,7,7,completed,36
2257,Rigid,10408,10800,11760,392,960,1352,completed,36
2258,Rigid,10408,10800,12259,392,1459,1851,completed,36
2259,Rigid,10408,10800,11294,392,494,886,completed,36
2260,Rigid,10409,10800,12323,391,1523,1914,completed,36
2261,Rigid,10409,10834,11620,425,786,1211,completed,36
2262,Rigid,10409,10880,11927,471,1047,1518,completed,36
2263,Rigid,10410,10880,12121,470,1241,1711,completed,36
2264,Rigid,10410,10880,12032,470,1152,1622,completed,36
2265,Rigid,10410,10880,12045,470,1165,1635,completed,36
2266,Rigid,10410,10515,10574,105,59,164,completed,144
2267,Rigid,10412,10412,10413,0,1,1,completed,1
2268,Rigid,10412,10412,10413,0,1,1,completed,1
2269,Rigid,10412,10412,10413,0,1,1,completed,1
2270,Rigid,10412,10412,10413,0,1,1,completed,1
2271,Rigid,10412,10412,10413,0,1,1,completed,1
2272,Rigid,10412,10412,10413,0,1,1,completed,1
2273,Rigid,10412,10412,10413,0,1,1,completed,1
2274,Rigid,10412,10412,10413,0,1,1,completed,1
2275,Rigid,10412,10412,10450,0,38,38,completed,1
2276,Rigid,10412,10412,10448,0,36,36,completed,1
2277,Rigid,10412,10412,10445,0,33,33,completed,1
2278,Rigid,10412,10412,10460,0,48,48,completed,1
2279,Rigid,10412,10412,10472,0,60,60,completed,1
2280,Rigid,10412,10412,10441,0,29,29,completed,1
2281,Rigid,10412,10412,10468,0,56,56,completed,1
2282,Rigid,10412,10412,10413,0,1,1,completed,1
2283,Rigid,10412,10412,10413,0,1,1,completed,1
2284,Rigid,10412,10412,10413,0,1,1,completed,1
2285,Rigid,10412,10412,10442,0,30,30,completed,1
2286,Rigid,10412,11553,13281,1141,1728,2869,completed,36
2287,Rigid,10412,11553,13281,1141,1728,2869,completed,36
2288,Rigid,10413,10413,10428,0,15,15,completed,144
2289,Rigid,10413,10413,10428,0,15,15,completed,144
2290,Rigid,10413,10415,10430,2,15,17,completed,144
2291,Rigid,10413,10428,10443,15,15,30,completed,144
2292,Rigid,10413,10429,10444,16,15,31,completed,144
2293,Rigid,10413,10431,10446,18,15,33,completed,144
2294,Rigid,10413,10434,10449,21,15,36,completed,144
2295,Rigid,10413,10444,10459,31,15,46,completed,144
2296,Rigid,10413,10445,10460,32,15,47,completed,144
2297,Rigid,10413,10446,10461,33,15,48,completed,144
2298,Rigid,10413,10450,10465,37,15,52,completed,144
2299,Rigid,10413,10460,10475,47,15,62,completed,144
2300,Rigid,10413,10460,10475,47,15,62,completed,144
2301,Rigid,10413,10462,10477,49,15,64,completed,144
2302,Rigid,10413,10466,10481,53,15,68,completed,144
2303,Rigid,10413,10470,10485,57,15,72,completed,144
2304,Rigid,10413,10475,10490,62,15,77,completed,144
2305,Rigid,10413,10476,10491,63,15,78,completed,144
2306,Rigid,10413,10477,10492,64,15,79,completed,144
2307,Rigid,10413,10479,10494,66,15,81,completed,144
2308,Rigid,10413,10481,10496,68,15,83,completed,144
2309,Rigid,10413,10486,10502,73,16,89,completed,144
2310,Rigid,10413,10491,10507,78,16,94,completed,144
2311,Rigid,10413,10491,10507,78,16,94,completed,144
2312,Rigid,10413,10492,10508,79,16,95,completed,144
2313,Rigid,10413,10492,10508,79,16,95,completed,144
2314,Rigid,10413,10493,10509,80,16,96,completed,144
2315,Rigid,10413,10495,10511,82,16,98,completed,144
2316,Rigid,10413,10496,10512,83,16,99,completed,144
2317,Rigid,10413,10496,10512,83,16,99,completed,144
2318,Rigid,10413,10497,10513,84,16,100,completed,144
2319,Rigid,10413,10497,10513,84,16,100,completed,144
2320,Rigid,10413,10497,10513,84,16,100,completed,144
2321,Rigid,10413,10498,10514,85,16,101,completed,144
2322,Rigid,10413,10499,10515,86,16,102,completed,144
2323,Rigid,10413,10502,10517,89,15,104,completed,144
2324,Rigid,10415,10517,10574,102,57,159,completed,144
2325,Rigid,10418,10418,10419,0,1,1,completed,1
2326,Rigid,10418,10418,10419,0,1,1,completed,1
2327,Rigid,10418,10418,10420,0,2,2,completed,1
2328,Rigid,10418,10418,10419,0,1,1,completed,1
2329,Rigid,10418,10418,10419,0,1,1,completed,1
2330,Rigid,10418,10418,10420,0,2,2,completed,1
2331,Rigid,10418,10418,10419,0,1,1,completed,1
2332,Rigid,10418,10418,10419,0,1,1,completed,1
2333,Rigid,10418,10418,10420,0,2,2,completed,1
2334,Rigid,10418,10418,10419,0,1,1,completed,1
2335,Rigid,10418,10418,10419,0,1,1,completed,1
2336,Rigid,10418,10418,10419,0,1,1,completed,1
2337,Rigid,10418,10418,10419,0,1,1,completed,1
2338,Rigid,10418,10418,10419,0,1,1,completed,1
2339,Rigid,10418,10418,10419,0,1,1,completed,1
2340,Rigid,10418,10418,10419,0,1,1,completed,1
2341,Rigid,10418,10418,10419,0,1,1,completed,1
2342,Rigid,10418,10418,10419,0,1,1,completed,1
2343,Rigid,10418,10418,10419,0,1,1,completed,1
2344,Rigid,10418,10418,10419,0,1,1,completed,1
2345,Rigid,10418,10418,10419,0,1,1,completed,1
2346,Rigid,10418,10418,10419,0,1,1,completed,1
2347,Rigid,10418,10418,10436,0,18,18,completed,2
2348,Rigid,10418,10418,10427,0,9,9,completed,2
2349,Rigid,10418,10418,10429,0,11,11,completed,2
2350,Rigid,10418,10418,10452,0,34,34,completed,2
2351,Rigid,10418,10418,10438,0,20,20,completed,2
2352,Rigid,10418,10418,10433,0,15,15,completed,2
2353,Rigid,10418,10418,10433,0,15,15,completed,2
2354,Rigid,10418,10418,10451,0,33,33,completed,1
2355,Rigid,10418,10418,10450,0,32,32,completed,1
2356,Rigid,10418,10418,10426,0,8,8,completed,2
2357,Rigid,10418,10418,10430,0,12,12,completed,2
2358,Rigid,10418,10418,10439,0,21,21,completed,2
2359,Rigid,10418,10418,10470,0,52,52,completed,1
2360,Rigid,10418,10418,10433,0,15,15,completed,2
2361,Rigid,10418,10418,10441,0,23,23,completed,2
2362,Rigid,10418,10418,10427,0,9,9,completed,2
2363,Rigid,10418,10418,10428,0,10,10,completed,2
2364,Rigid,10418,10418,10432,0,14,14,completed,2
2365,Rigid,10418,10418,10441,0,23,23,completed,2
2366,Rigid,10418,10418,10433,0,15,15,completed,2
2367,Rigid,10418,10418,10496,0,78,78,completed,1
2368,Rigid,10418,10418,10436,0,18,18,completed,2
2369,Rigid,10418,10418,10430,0,12,12,completed,2
2370,Rigid,10418,10418,10465,0,47,47,completed,1
2371,Rigid,10418,10418,10428,0,10,10,completed,2
2372,Rigid,10418,10418,10426,0,8,8,completed,2
2373,Rigid,10418,10418,10490,0,72,72,completed,1
2374,Rigid,10418,10418,10428,0,10,10,completed,2
2375,Rigid,10418,10418,10428,0,10,10,completed,2
2376,Rigid,10418,10418,10424,0,6,6,completed,2
2377,Rigid,10418,10418,10428,0,10,10,completed,2
2378,Rigid,10418,10418,10453,0,35,35,completed,2
2379,Rigid,10418,10418,10433,0,15,15,completed,2
2380,Rigid,10418,10418,10424,0,6,6,completed,2
2381,Rigid,10418,10418,10444,0,26,26,completed,1
2382,Rigid,10418,10418,10432,0,14,14,completed,2
2383,Rigid,10418,10418,10422,0,4,4,completed,2
2384,Rigid,10418,10418,10422,0,4,4,completed,2
2385,Rigid,10418,10418,10422,0,4,4,completed,2
2386,Rigid,10418,10418,10432,0,14,14,completed,2
2387,Rigid,10418,10418,10444,0,26,26,completed,1
2388,Rigid,10418,10418,10432,0,14,14,completed,2
2389,Rigid,10418,10418,10442,0,24,24,completed,1
2390,Rigid,10418,10418,10442,0,24,24,completed,1
2391,Rigid,10418,10418,10432,0,14,14,completed,2
2392,Rigid,10418,10418,10422,0,4,4,completed,2
2393,Rigid,10418,10418,10421,0,3,3,completed,2
2394,Rigid,10418,10418,10421,0,3,3,completed,2
2395,Rigid,10418,10418,10432,0,14,14,completed,2
2396,Rigid,10418,10418,10422,0,4,4,completed,2
2397,Rigid,10418,10418,10437,0,19,19,completed,1
2398,Rigid,10418,10418,10432,0,14,14,completed,2
2399,Rigid,10418,10418,10437,0,19,19,completed,1
2400,Rigid,10418,10418,10441,0,23,23,completed,1
2401,Rigid,10418,10418,10431,0,13,13,completed,2
2402,Rigid,10418,10418,10441,0,23,23,completed,1
2403,Rigid,10418,10418,10422,0,4,4,completed,2
2404,Rigid,10418,10418,10421,0,3,3,completed,2
2405,Rigid,10418,10418,10421,0,3,3,completed,2
2406,Rigid,10418,10418,10439,0,21,21,completed,1
2407,Rigid,10418,10418,10431,0,13,13,completed,2
2408,Rigid,10418,10418,10431,0,13,13,completed,2
2409,Rigid,10418,10418,10420,0,2,2,completed,2
2410,Rigid,10418,10418,10420,0,2,2,completed,2
2411,Rigid,10418,10418,10419,0,1,1,completed,2
2412,Rigid,10418,10418,10424,0,6,6,completed,1
2413,Rigid,10418,10418,10431,0,13,13,completed,2
2414,Rigid,10418,10418,10439,0,21,21,completed,1
2415,Rigid,10418,10418,10429,0,11,11,completed,2
2416,Rigid,10418,10418,10424,0,6,6,completed,1
2417,Rigid,10418,10418,10419,0,1,1,completed,2
2418,Rigid,10418,10418,10429,0,11,11,completed,2
2419,Rigid,10418,10418,10419,0,1,1,completed,2
2420,Rigid,10418,10418,10419,0,1,1,completed,2
2421,Rigid,10418,10418,10421,0,3,3,completed,1
2422,Rigid,10418,10418,10429,0,11,11,completed,2
2423,Rigid,10419,10419,10421,0,2,2,completed,1
2424,Rigid,10419,10419,10430,0,11,11,completed,2
2425,Rigid,10420,10420,10430,0,10,10,completed,2
2426,Rigid,10420,10420,10430,0,10,10,completed,2
2427,Rigid,10420,10420,10434,0,14,14,completed,2
2428,Rigid,10420,10420,10434,0,14,14,completed,2
2429,Rigid,10420,10420,10425,0,5,5,completed,2
2430,Rigid,10420,10420,10425,0,5,5,completed,2
2431,Rigid,10420,10420,10425,0,5,5,completed,2
2432,Rigid,10420,10420,10425,0,5,5,completed,2
2433,Rigid,10420,10420,10424,0,4,4,completed,2
2434,Rigid,10420,10420,10422,0,2,2,completed,2
2435,Rigid,10420,10420,10424,0,4,4,completed,2
2436,Rigid,10420,10420,10422,0,2,2,completed,2
2437,Rigid,10420,10420,10422,0,2,2,completed,2
2438,Rigid,10421,10421,10423,0,2,2,completed,2
2439,Rigid,10422,10508,11242,86,734,820,completed,36
2440,Rigid,10422,10508,13100,86,2592,2678,completed,36
2441,Rigid,10422,10516,10595,94,79,173,completed,36
2442,Rigid,10422,10544,11080,122,536,658,completed,36
2443,Rigid,10422,10544,11011,122,467,589,completed,36
2444,Rigid,10422,10544,11384,122,840,962,completed,36
2445,Rigid,10422,10544,11231,122,687,809,completed,36
2446,Rigid,10422,10545,11528,123,983,1106,completed,36
2447,Rigid,10422,10545,10927,123,382,505,completed,36
2448,Rigid,10422,10545,10605,123,60,183,completed,36
2449,Rigid,10422,10545,13137,123,2592,2715,completed,36
2450,Rigid,10422,10545,10752,123,207,330,completed,36
2451,Rigid,10422,10545,12969,123,2424,2547,completed,36
2452,Rigid,10422,10545,13137,123,2592,2715,completed,36
2453,Rigid,10422,10545,10987,123,442,565,completed,36
2454,Rigid,10422,10545,12072,123,1527,1650,completed,36
2455,Rigid,10422,10545,10820,123,275,398,completed,36
2456,Rigid,10422,10545,12212,123,1667,1790,completed,36
2457,Rigid,10422,10546,13138,124,2592,2716,completed,36
2458,Rigid,10422,10547,13139,125,2592,2717,completed,36
2459,Rigid,10422,10562,12822,140,2260,2400,completed,36
2460,Rigid,10422,10562,10600,140,38,178,completed,36
2461,Rigid,10422,10569,12866,147,2297,2444,completed,36
2462,Rigid,10422,10569,10726,147,157,304,completed,36
2463,Rigid,10422,10573,10610,151,37,188,completed,36
2464,Rigid,10422,10575,12120,153,1545,1698,completed,36
2465,Rigid,10422,10575,10930,153,355,508,completed,36
2466,Rigid,10422,10575,13167,153,2592,2745,completed,36
2467,Rigid,10422,10575,12285,153,1710,1863,completed,36
2468,Rigid,10422,10575,11364,153,789,942,completed,36
2469,Rigid,10422,10575,11970,153,1395,1548,completed,36
2470,Rigid,10422,10575,11104,153,529,682,completed,36
2471,Rigid,10422,10575,10615,153,40,193,completed,36
2472,Rigid,10422,10575,10665,153,90,243,completed,36
2473,Rigid,10422,10575,10855,153,280,433,completed,36
2474,Rigid,10422,10575,13167,153,2592,2745,completed,36
2475,Rigid,10422,10575,13167,153,2592,2745,completed,36
2476,Rigid,10422,10575,10816,153,241,394,completed,36
2477,Rigid,10422,10575,13167,153,2592,2745,completed,36
2478,Rigid,10422,10575,11309,153,734,887,completed,36
2479,Rigid,10422,10575,10753,153,178,331,completed,36
2480,Rigid,10422,10575,13167,153,2592,2745,completed,36
2481,Rigid,10422,10575,12031,153,1456,1609,completed,36
2482,Rigid,10422,10575,13167,153,2592,2745,completed,36
2483,Rigid,10422,10575,11951,153,1376,1529,completed,36
2484,Rigid,10422,10575,11115,153,540,693,completed,36
2485,Rigid,10422,10575,11059,153,484,637,completed,36
2486,Rigid,10422,10575,13167,153,2592,2745,completed,36
2487,Rigid,10422,10575,11183,153,608,761,completed,36
2488,Rigid,10422,10575,11687,153,1112,1265,completed,36
2489,Rigid,10422,10575,13167,153,2592,2745,completed,36
2490,Rigid,10422,10575,11701,153,1126,1279,completed,36
2491,Rigid,10422,10575,11766,153,1191,1344,completed,36
2492,Rigid,10422,10575,12401,153,1826,1979,completed,36
2493,Rigid,10422,10575,11434,153,859,1012,completed,36
2494,Rigid,10422,10575,10779,153,204,357,completed,36
2495,Rigid,10422,10575,13167,153,2592,2745,completed,36
2496,Rigid,10422,10578,10758,156,180,336,completed,36
2497,Rigid,10422,10578,13170,156,2592,2748,completed,36
2498,Rigid,10422,10578,10939,156,361,517,completed,36
2499,Rigid,10422,10578,11106,156,528,684,completed,36
2500,Rigid,10422,10578,13170,156,2592,2748,completed,36
2501,Rigid,10422,10578,13170,156,2592,2748,completed,36
2502,Rigid,10422,10578,13170,156,2592,2748,completed,36
2503,Rigid,10422,10586,13178,164,2592,2756,completed,36
2504,Rigid,10422,10588,13180,166,2592,2758,completed,36
2505,Rigid,10422,10589,13181,167,2592,2759,completed,36
2506,Rigid,10422,10589,13181,167,2592,2759,completed,36
2507,Rigid,10422,10589,13181,167,2592,2759,completed,36
2508,Rigid,10422,10589,11496,167,907,1074,completed,36
2509,Rigid,10422,10589,10891,167,302,469,completed,36
2510,Rigid,10422,10589,10781,167,192,359,completed,36
2511,Rigid,10422,10589,11322,167,733,900,completed,36
2512,Rigid,10422,10590,10984,168,394,562,completed,36
2513,Rigid,10422,10590,10928,168,338,506,completed,36
2514,Rigid,10422,10590,12040,168,1450,1618,completed,36
2515,Rigid,10422,10590,13182,168,2592,2760,completed,36
2516,Rigid,10422,10595,11395,173,800,973,completed,36
2517,Rigid,10422,10601,11313,179,712,891,completed,36
2518,Rigid,10422,10606,11764,184,1158,1342,completed,36
2519,Rigid,10422,10611,13203,189,2592,2781,completed,36
2520,Rigid,10422,10614,13206,192,2592,2784,completed,36
2521,Rigid,10422,10615,13207,193,2592,2785,completed,36
2522,Rigid,10422,10619,11007,197,388,585,completed,36
2523,Rigid,10422,10619,11432,197,813,1010,completed,36
2524,Rigid,10422,10619,13211,197,2592,2789,completed,36
2525,Rigid,10422,10619,12013,197,1394,1591,completed,36
2526,Rigid,10422,10619,13211,197,2592,2789,completed,36
2527,Rigid,10422,10619,12534,197,1915,2112,completed,36
2528,Rigid,10422,10619,13211,197,2592,2789,completed,36
2529,Rigid,10422,10619,10737,197,118,315,completed,72
2530,Rigid,10422,10738,11124,316,386,702,completed,72
2531,Rigid,10422,11210,11491,788,281,1069,completed,72
2532,Rigid,10422,11210,11709,788,499,1287,completed,72
2533,Rigid,10422,11221,11732,799,511,1310,completed,72
2534,Rigid,10422,11228,11692,806,464,1270,completed,72
2535,Rigid,10422,11432,11946,1010,514,1524,completed,72
2536,Rigid,10422,11491,12051,1069,560,1629,completed,72
2537,Rigid,10422,11505,11742,1083,237,1320,completed,72
2538,Rigid,10422,11515,11810,1093,295,1388,completed,72
2539,Rigid,10422,11548,12054,1126,506,1632,completed,72
2540,Rigid,10422,11692,12127,1270,435,1705,completed,72
2541,Rigid,10422,11701,12763,1279,1062,2341,completed,72
2542,Rigid,10422,11709,12894,1287,1185,2472,completed,72
2543,Rigid,10422,11732,12933,1310,1201,2511,completed,72
2544,Rigid,10422,11743,12019,1321,276,1597,completed,72
2545,Rigid,10422,11764,14356,1342,2592,3934,completed,72
2546,Rigid,10422,11810,13189,1388,1379,2767,completed,72
2547,Rigid,10422,10619,13211,197,2592,2789,completed,36
2548,Rigid,10422,10665,13257,243,2592,2835,completed,36
2549,Rigid,10422,10727,13319,305,2592,2897,completed,36
2550,Rigid,10422,10752,13344,330,2592,2922,completed,36
2551,Rigid,10422,10753,11884,331,1131,1462,completed,36
2552,Rigid,10422,10758,11284,336,526,862,completed,36
2553,Rigid,10422,10779,13371,357,2592,2949,completed,36
2554,Rigid,10422,10781,13373,359,2592,2951,completed,36
2555,Rigid,10422,10816,13408,394,2592,2986,completed,36
2556,Rigid,10422,10821,11335,399,514,913,completed,36
2557,Rigid,10422,10855,11326,433,471,904,completed,36
2558,Rigid,10422,10891,13483,469,2592,3061,completed,36
2559,Rigid,10422,10927,11287,505,360,865,completed,36
2560,Rigid,10422,10928,13520,506,2592,3098,completed,36
2561,Rigid,10422,10930,13522,508,2592,3100,completed,36
2562,Rigid,10422,10939,13531,517,2592,3109,completed,36
2563,Rigid,10422,10984,13576,562,2592,3154,completed,36
2564,Rigid,10422,10988,13580,566,2592,3158,completed,36
2565,Rigid,10422,11007,11245,585,238,823,completed,36
2566,Rigid,10422,11011,11288,589,277,866,completed,36
2567,Rigid,10422,11232,12837,810,1605,2415,completed,36
2568,Rigid,10422,11243,13835,821,2592,3413,completed,36
2569,Rigid,10422,11246,11712,824,466,1290,completed,36
2570,Rigid,10422,11285,11407,863,122,985,completed,36
2571,Rigid,10422,11288,11809,866,521,1387,completed,36
2572,Rigid,10422,11288,11512,866,224,1090,completed,36
2573,Rigid,10422,11309,13901,887,2592,3479,completed,36
2574,Rigid,10422,11319,11862,897,543,1440,completed,36
2575,Rigid,10422,11323,13915,901,2592,3493,completed,36
2576,Rigid,10422,11326,13437,904,2111,3015,completed,36
2577,Rigid,10422,11335,11393,913,58,971,completed,36
2578,Rigid,10422,11364,11540,942,176,1118,completed,36
2579,Rigid,10422,11385,11505,963,120,1083,completed,36
2580,Rigid,10422,11394,12171,972,777,1749,completed,36
2581,Rigid,10422,11396,11876,974,480,1454,completed,36
2582,Rigid,10438,10641,10642,203,1,204,completed,144
2583,Rigid,10438,10641,10648,203,7,210,completed,144
2584,Rigid,10438,10642,10646,204,4,208,completed,144
2585,Rigid,10438,10646,10649,208,3,211,completed,144
2586,Rigid,10438,10648,10652,210,4,214,completed,144
2587,Rigid,10438,10650,10651,212,1,213,completed,144
2588,Rigid,10438,10651,10654,213,3,216,completed,144
2589,Rigid,10438,10655,10658,217,3,220,completed,144
2590,Rigid,10438,10662,10665,224,3,227,completed,144
2591,Rigid,10438,10664,10670,226,6,232,completed,144
2592,Rigid,10438,10664,10667,226,3,229,completed,144
2593,Rigid,10438,10666,10674,228,8,236,completed,144
2594,Rigid,10438,10667,10670,229,3,232,completed,144
2595,Rigid,10438,10670,10673,232,3,235,completed,144
2596,Rigid,10438,10671,10674,233,3,236,completed,144
2597,Rigid,10439,10439,10788,0,349,349,completed,4
2598,Rigid,10439,11553,12054,1114,501,1615,completed,144
2599,Rigid,10439,11577,12083,1138,506,1644,completed,144
2600,Rigid,10439,11599,12051,1160,452,1612,completed,144
2601,Rigid,10439,11662,12073,1223,411,1634,completed,144
2602,Rigid,10439,11680,12088,1241,408,1649,completed,144
2603,Rigid,10439,11747,12254,1308,507,1815,completed,144
2604,Rigid,10439,11747,12271,1308,524,1832,completed,144
2605,Rigid,10439,11747,12301,1308,554,1862,completed,144
2606,Rigid,10439,11776,12227,1337,451,1788,completed,144
2607,Rigid,10439,12051,12459,1612,408,2020,completed,144
2608,Rigid,10439,12086,12716,1647,630,2277,completed,144
2609,Rigid,10439,12102,12517,1663,415,2078,completed,144
2610,Rigid,10439,12102,12546,1663,444,2107,completed,144
2611,Rigid,10439,12128,12618,1689,490,2179,completed,144
2612,Rigid,10439,12227,12588,1788,361,2149,completed,144
2613,Rigid,10439,12255,12739,1816,484,2300,completed,144
2614,Rigid,10439,12271,12788,1832,517,2349,completed,144
2615,Rigid,10439,12302,12781,1863,479,2342,completed,144
2616,Rigid,10439,12460,12927,2021,467,2488,completed,144
2617,Rigid,10439,12517,13032,2078,515,2593,completed,144
2618,Rigid,10439,12547,13003,2108,456,2564,completed,144
2619,Rigid,10439,12589,13052,2150,463,2613,completed,144
2620,Rigid,10439,12619,13180,2180,561,2741,completed,144
2621,Rigid,10439,12716,13142,2277,426,2703,completed,144
2622,Rigid,10439,12739,13260,2300,521,2821,completed,144
2623,Rigid,10439,12781,13258,2342,477,2819,completed,144
2624,Rigid,10439,12788,13226,2349,438,2787,completed,144
2625,Rigid,10439,13180,13522,2741,342,3083,completed,144
2626,Rigid,10439,13181,13526,2742,345,3087,completed,144
2627,Rigid,10439,13189,13609,2750,420,3170,completed,144
2628,Rigid,10439,13191,13634,2752,443,3195,completed,144
2629,Rigid,10439,13193,13676,2754,483,3237,completed,144
2630,Rigid,10439,13197,13533,2758,336,3094,completed,144
2631,Rigid,10439,13227,13672,2788,445,3233,completed,144
2632,Rigid,10439,13319,13725,2880,406,3286,completed,144
2633,Rigid,10439,13325,13784,2886,459,3345,completed,144
2634,Rigid,10439,13523,14033,3084,510,3594,completed,144
2635,Rigid,10439,13526,13998,3087,472,3559,completed,144
2636,Rigid,10439,13533,13955,3094,422,3516,completed,144
2637,Rigid,10439,13610,14163,3171,553,3724,completed,144
2638,Rigid,10439,13634,14171,3195,537,3732,completed,144
2639,Rigid,10439,13672,14027,3233,355,3588,completed,144
2640,Rigid,10439,13677,14269,3238,592,3830,completed,144
2641,Rigid,10439,13726,14187,3287,461,3748,completed,144
2642,Rigid,10439,13785,14213,3346,428,3774,completed,144
2643,Rigid,10439,13956,14499,3517,543,4060,completed,144
2644,Rigid,10439,13999,14444,3560,445,4005,completed,144
2645,Rigid,10439,14028,14433,3589,405,3994,completed,144
2646,Rigid,10439,14033,14512,3594,479,4073,completed,144
2647,Rigid,10439,14163,14569,3724,406,4130,completed,144
2648,Rigid,10441,10441,10449,0,8,8,completed,9
2649,Rigid,10442,11483,11606,1041,123,1164,completed,36
2650,Rigid,10442,11491,11519,1049,28,1077,completed,36
2651,Rigid,10442,11491,11547,1049,56,1105,completed,36
2652,Rigid,10442,11491,11594,1049,103,1152,completed,36
2653,Rigid,10442,11367,11866,925,499,1424,completed,36
2654,Rigid,10442,11491,11580,1049,89,1138,completed,36
2655,Rigid,10442,11495,11868,1053,373,1426,completed,36
2656,Rigid,10442,11495,11514,1053,19,1072,completed,36
2657,Rigid,10442,11495,11868,1053,373,1426,completed,36
2658,Rigid,10442,11520,11686,1078,166,1244,completed,36
2659,Rigid,10442,11529,11733,1087,204,1291,completed,36
2660,Rigid,10442,11549,11679,1107,130,1237,completed,36
2661,Rigid,10442,11382,11809,940,427,1367,completed,36
2662,Rigid,10442,11407,11440,965,33,998,completed,36
2663,Rigid,10442,11410,11424,968,14,982,completed,36
2664,Rigid,10442,11430,11461,988,31,1019,completed,36
2665,Rigid,10442,11432,11461,990,29,1019,completed,36
2666,Rigid,10442,11453,11868,1011,415,1426,completed,36
2667,Rigid,10442,11462,11755,1020,293,1313,completed,36
2668,Rigid,10442,11462,11482,1020,20,1040,completed,36
2669,Rigid,10443,10443,10452,0,9,9,completed,9
2670,Rigid,10445,10445,10454,0,9,9,completed,9
2671,Rigid,10448,10448,10457,0,9,9,completed,9
2672,Rigid,10449,10470,10544,21,74,95,completed,36
2673,Rigid,10449,10496,10605,47,109,156,completed,36
2674,Rigid,10449,10496,10629,47,133,180,completed,36
2675,Rigid,10450,10450,10476,0,26,26,completed,1
2676,Rigid,10450,10451,10461,1,10,11,completed,9
2677,Rigid,10452,10452,10482,0,30,30,completed,1
2678,Rigid,10455,10455,10488,0,33,33,completed,1
2679,Rigid,10458,10458,10491,0,33,33,completed,1
2680,Rigid,10461,10461,10475,0,14,14,completed,9
2681,Rigid,10461,10461,10496,0,35,35,completed,1
2682,Rigid,10463,10463,10469,0,6,6,completed,2
2683,Rigid,10468,10468,10578,0,110,110,completed,9
2684,Rigid,10472,10472,10588,0,116,116,completed,9
2685,Rigid,10475,10475,10526,0,51,51,completed,1
2686,Rigid,10477,10477,10497,0,20,20,completed,4
2687,Rigid,10482,10482,10502,0,20,20,completed,4
2688,Rigid,10489,10489,10512,0,23,23,completed,4
2689,Rigid,10492,10492,10517,0,25,25,completed,4
2690,Rigid,10496,10673,11367,177,694,871,completed,216
2691,Rigid,10496,10496,10519,0,23,23,completed,1
2692,Rigid,10496,10496,10520,0,24,24,completed,1
2693,Rigid,10496,10496,10520,0,24,24,completed,1
2694,Rigid,10496,10496,10520,0,24,24,completed,1
2695,Rigid,10497,10497,10498,0,1,1,completed,1
2696,Rigid,10497,10497,10506,0,9,9,completed,1
2697,Rigid,10497,10497,10511,0,14,14,completed,1
2698,Rigid,10497,10497,10508,0,11,11,completed,1
2699,Rigid,10497,10497,10531,0,34,34,completed,1
2700,Rigid,10498,10498,10526,0,28,28,completed,4
2701,Rigid,10503,10503,10513,0,10,10,completed,1
2702,Rigid,10503,10503,10519,0,16,16,completed,1
2703,Rigid,10503,10503,10504,0,1,1,completed,1
2704,Rigid,10503,10503,10515,0,12,12,completed,1
2705,Rigid,10503,10503,10539,0,36,36,completed,1
2706,Rigid,10512,10512,10514,0,2,2,completed,1
2707,Rigid,10512,10512,10513,0,1,1,completed,1
2708,Rigid,10512,10512,10524,0,12,12,completed,1
2709,Rigid,10512,10512,10552,0,40,40,completed,1
2710,Rigid,10512,10512,10522,0,10,10,completed,1
2711,Rigid,10512,10512,10530,0,18,18,completed,1
2712,Rigid,10513,11019,11023,506,4,510,completed,144
2713,Rigid,10513,11005,11018,492,13,505,completed,144
2714,Rigid,10513,11023,11037,510,14,524,completed,144
2715,Rigid,10514,11124,11127,610,3,613,completed,144
2716,Rigid,10514,11039,11049,525,10,535,completed,144
2717,Rigid,10514,11217,11228,703,11,714,completed,144
2718,Rigid,10517,10517,10519,0,2,2,completed,1
2719,Rigid,10517,10517,10531,0,14,14,completed,1
2720,Rigid,10517,10517,10557,0,40,40,completed,1
2721,Rigid,10517,10517,10528,0,11,11,completed,1
2722,Rigid,10517,10517,10535,0,18,18,completed,1
2723,Rigid,10519,10519,10524,0,5,5,completed,36
2724,Rigid,10519,10519,10524,0,5,5,completed,36
2725,Rigid,10519,10519,10524,0,5,5,completed,36
2726,Rigid,10519,10519,10523,0,4,4,completed,36
2727,Rigid,10519,10524,10529,5,5,10,completed,36
2728,Rigid,10519,10524,10529,5,5,10,completed,36
2729,Rigid,10519,10524,10528,5,4,9,completed,36
2730,Rigid,10519,10525,10530,6,5,11,completed,36
2731,Rigid,10519,10529,10534,10,5,15,completed,36
2732,Rigid,10519,10529,10534,10,5,15,completed,36
2733,Rigid,10519,10529,10534,10,5,15,completed,36
2734,Rigid,10519,10530,10534,11,4,15,completed,36
2735,Rigid,10519,10534,10539,15,5,20,completed,36
2736,Rigid,10519,10534,10538,15,4,19,completed,36
2737,Rigid,10519,10534,10538,15,4,19,completed,36
2738,Rigid,10519,10535,10540,16,5,21,completed,36
2739,Rigid,10519,10535,10540,16,5,21,completed,36
2740,Rigid,10519,10535,10539,16,4,20,completed,36
2741,Rigid,10519,10535,10539,16,4,20,completed,36
2742,Rigid,10519,10535,10540,16,5,21,completed,36
2743,Rigid,10519,10539,10544,20,5,25,completed,36
2744,Rigid,10519,10539,10543,20,4,24,completed,36
2745,Rigid,10519,10539,10543,20,4,24,completed,36
2746,Rigid,10519,10540,10545,21,5,26,completed,36
2747,Rigid,10519,10540,10545,21,5,26,completed,36
2748,Rigid,10519,10540,10545,21,5,26,completed,36
2749,Rigid,10519,10540,10545,21,5,26,completed,36
2750,Rigid,10519,10540,10545,21,5,26,completed,36
2751,Rigid,10519,10540,10545,21,5,26,completed,36
2752,Rigid,10519,10540,10544,21,4,25,completed,36
2753,Rigid,10519,10540,10545,21,5,26,completed,36
2754,Rigid,10519,10540,10544,21,4,25,completed,36
2755,Rigid,10519,10540,10545,21,5,26,completed,36
2756,Rigid,10519,10540,10545,21,5,26,completed,36
2757,Rigid,10519,10541,10546,22,5,27,completed,36
2758,Rigid,10519,10542,10547,23,5,28,completed,36
2759,Rigid,10519,10519,10521,0,2,2,completed,1
2760,Rigid,10526,10526,10528,0,2,2,completed,1
2761,Rigid,10526,10526,10570,0,44,44,completed,1
2762,Rigid,10526,10526,10538,0,12,12,completed,1
2763,Rigid,10526,10526,10547,0,21,21,completed,1
2764,Rigid,10526,10526,10542,0,16,16,completed,1
2765,Rigid,10527,10527,10562,0,35,35,completed,4
2766,Rigid,10530,10530,10532,0,2,2,completed,1
2767,Rigid,10532,10654,13553,122,2899,3021,completed,252
2768,Rigid,10536,10536,10538,0,2,2,completed,1
2769,Rigid,10548,10548,10550,0,2,2,completed,1
2770,Rigid,10548,10562,10625,14,63,77,completed,36
2771,Rigid,10548,10562,10587,14,25,39,completed,36
2772,Rigid,10563,10563,10565,0,2,2,completed,1
2773,Rigid,10563,10563,10586,0,23,23,completed,1
2774,Rigid,10563,10563,10618,0,55,55,completed,1
2775,Rigid,10563,10563,10578,0,15,15,completed,1
2776,Rigid,10563,10563,10589,0,26,26,completed,1
2777,Rigid,10579,10579,10629,0,50,50,completed,1
2778,Rigid,10589,10589,10592,0,3,3,completed,1
2779,Rigid,10589,10589,10638,0,49,49,completed,1
2780,Rigid,10590,10675,11178,85,503,588,completed,144
2781,Rigid,10590,10675,11178,85,503,588,completed,144
2782,Rigid,10590,10682,11188,92,506,598,completed,144
2783,Rigid,10590,10687,11203,97,516,613,completed,144
2784,Rigid,10590,10709,11217,119,508,627,completed,144
2785,Rigid,10590,10710,11222,120,512,632,completed,144
2786,Rigid,10590,10727,11241,137,514,651,completed,144
2787,Rigid,10590,10763,11282,173,519,692,completed,144
2788,Rigid,10590,10769,11284,179,515,694,completed,144
2789,Rigid,10590,10779,11296,189,517,706,completed,144
2790,Rigid,10590,10800,11319,210,519,729,completed,144
2791,Rigid,10605,10606,10614,1,8,9,completed,36
2792,Rigid,10630,10630,10635,0,5,5,completed,72
2793,Rigid,10630,10630,10668,0,38,38,completed,4
2794,Rigid,10633,11553,13281,920,1728,2648,completed,144
2795,Rigid,10635,10635,12363,0,1728,1728,completed,22
2796,Rigid,10636,10636,12348,0,1712,1712,completed,24
2797,Rigid,10639,10639,10675,0,36,36,completed,4
2798,Rigid,10642,10642,10654,0,12,12,completed,36
2799,Rigid,10642,10643,10668,1,25,26,completed,144
2800,Rigid,10655,10658,10663,3,5,8,completed,72
2801,Rigid,10667,10669,10687,2,18,20,completed,72
2802,Rigid,10669,10669,10678,0,9,9,completed,1
2803,Rigid,10669,10669,10678,0,9,9,completed,1
2804,Rigid,10669,10669,10672,0,3,3,completed,1
2805,Rigid,10669,10669,10705,0,36,36,completed,1
2806,Rigid,10669,10669,10734,0,65,65,completed,1
2807,Rigid,10676,10676,10683,0,7,7,completed,1
2808,Rigid,10676,10676,10679,0,3,3,completed,1
2809,Rigid,10676,10676,10713,0,37,37,completed,1
2810,Rigid,10676,10676,10740,0,64,64,completed,1
2811,Rigid,10676,10676,10686,0,10,10,completed,1
2812,Rigid,10705,10705,10706,0,1,1,completed,1
2813,Rigid,10713,10713,10714,0,1,1,completed,1
2814,Rigid,10733,10733,10763,0,30,30,completed,72
2815,Rigid,11014,11014,11022,0,8,8,completed,2
2816,Rigid,11014,11014,11021,0,7,7,completed,12
2817,Rigid,11014,11014,11034,0,20,20,completed,2
2818,Rigid,11014,11014,11032,0,18,18,completed,2
2819,Rigid,11024,11024,11025,0,1,1,completed,36
2820,Rigid,11026,11793,11813,767,20,787,completed,36
2821,Rigid,11026,11793,11844,767,51,818,completed,36
2822,Rigid,11026,11793,11828,767,35,802,completed,36
2823,Rigid,11029,11793,13521,764,1728,2492,completed,36
2824,Rigid,11029,11794,13522,765,1728,2493,completed,36
2825,Rigid,11029,11814,13542,785,1728,2513,completed,36
2826,Rigid,11030,11829,13557,799,1728,2527,completed,36
2827,Rigid,11030,11845,13573,815,1728,2543,completed,36
2828,Rigid,11030,12128,13675,1098,1547,2645,completed,36
2829,Rigid,11041,11049,11126,8,77,85,completed,72
2830,Rigid,11041,11049,11126,8,77,85,completed,72
2831,Rigid,11041,11059,11126,18,67,85,completed,72
2832,Rigid,11041,11078,11126,37,48,85,completed,72
2833,Rigid,11041,11128,11248,87,120,207,completed,72
2834,Rigid,11041,11136,11198,95,62,157,completed,72
2835,Rigid,11041,11136,11280,95,144,239,completed,72
2836,Rigid,11041,11164,11198,123,34,157,completed,72
2837,Rigid,11041,11164,11310,123,146,269,completed,72
2838,Rigid,11041,11164,11197,123,33,156,completed,72
2839,Rigid,11041,11165,11257,124,92,216,completed,72
2840,Rigid,11041,11179,11324,138,145,283,completed,72
2841,Rigid,11041,11179,11280,138,101,239,completed,72
2842,Rigid,11041,11179,11220,138,41,179,completed,72
2843,Rigid,11041,11179,11210,138,31,169,completed,72
2844,Rigid,11041,11181,11247,140,66,206,completed,72
2845,Rigid,11041,11181,11281,140,100,240,completed,72
2846,Rigid,11041,11181,11229,140,48,188,completed,72
2847,Rigid,11041,11181,11210,140,29,169,completed,72
2848,Rigid,11042,11181,11217,139,36,175,completed,72
2849,Rigid,11042,11181,11216,139,35,174,completed,72
2850,Rigid,11042,11181,11208,139,27,166,completed,72
2851,Rigid,11042,11181,11240,139,59,198,completed,72
2852,Rigid,11042,11181,11259,139,78,217,completed,72
2853,Rigid,11042,11181,11336,139,155,294,completed,72
2854,Rigid,11042,11183,11221,141,38,179,completed,72
2855,Rigid,11042,11188,11356,146,168,314,completed,72
2856,Rigid,11042,11188,11309,146,121,267,completed,72
2857,Rigid,11042,11189,11260,147,71,218,completed,72
2858,Rigid,11042,11189,11221,147,32,179,completed,72
2859,Rigid,11042,11198,11309,156,111,267,completed,72
2860,Rigid,11042,11198,11337,156,139,295,completed,72
2861,Rigid,11042,11199,11365,157,166,323,completed,72
2862,Rigid,11042,11204,11238,162,34,196,completed,72
2863,Rigid,11042,11204,11310,162,106,268,completed,72
2864,Rigid,11042,11228,11338,186,110,296,completed,72
2865,Rigid,11050,11230,11662,180,432,612,completed,72
2866,Rigid,11050,11242,11674,192,432,624,completed,72
2867,Rigid,11050,11242,11262,192,20,212,completed,72
2868,Rigid,11053,11259,12185,206,926,1132,completed,36
2869,Rigid,11053,11260,12519,207,1259,1466,completed,36
2870,Rigid,11053,11281,11794,228,513,741,completed,36
2871,Rigid,11067,11067,11068,0,1,1,completed,2
2872,Rigid,11067,11067,11068,0,1,1,completed,2
2873,Rigid,11067,11067,11076,0,9,9,completed,12
2874,Rigid,11067,11067,11094,0,27,27,completed,2
2875,Rigid,11067,11067,11080,0,13,13,completed,12
2876,Rigid,11068,11072,11073,4,1,5,completed,36
2877,Rigid,11069,11128,11164,59,36,95,completed,360
2878,Rigid,11076,11076,11189,0,113,113,completed,12
2879,Rigid,11078,11111,11135,33,24,57,completed,144
2880,Rigid,11078,11078,11079,0,1,1,completed,36
2881,Rigid,11081,11081,11082,0,1,1,completed,36
2882,Rigid,11085,11085,11086,0,1,1,completed,36
2883,Rigid,11085,11085,11088,0,3,3,completed,36
2884,Rigid,11086,11086,11092,0,6,6,completed,36
2885,Rigid,11087,11089,11092,2,3,5,completed,36
2886,Rigid,11094,11094,11095,0,1,1,completed,36
2887,Rigid,11094,11095,11099,1,4,5,completed,36
2888,Rigid,11097,11097,11109,0,12,12,completed,36
2889,Rigid,11101,11101,11131,0,30,30,completed,36
2890,Rigid,11110,11110,11117,0,7,7,completed,36
2891,Rigid,11111,11222,11491,111,269,380,completed,144
2892,Rigid,11111,11111,11112,0,1,1,completed,12
2893,Rigid,11112,11112,11113,0,1,1,completed,12
2894,Rigid,11112,11112,11113,0,1,1,completed,12
2895,Rigid,11112,11112,11113,0,1,1,completed,12
2896,Rigid,11112,11112,11113,0,1,1,completed,12
2897,Rigid,11112,11112,11113,0,1,1,completed,12
2898,Rigid,11112,11112,11113,0,1,1,completed,12
2899,Rigid,11112,11112,11113,0,1,1,completed,12
2900,Rigid,11112,11112,11113,0,1,1,completed,12
2901,Rigid,11112,11112,11114,0,2,2,completed,12
2902,Rigid,11112,11112,11113,0,1,1,completed,12
2903,Rigid,11112,11112,11113,0,1,1,completed,12
2904,Rigid,11112,11112,11113,0,1,1,completed,12
2905,Rigid,11112,11112,11113,0,1,1,completed,12
2906,Rigid,11112,11112,11114,0,2,2,completed,12
2907,Rigid,11112,11112,11113,0,1,1,completed,12
2908,Rigid,11112,11112,11113,0,1,1,completed,12
2909,Rigid,11112,11112,11113,0,1,1,completed,12
2910,Rigid,11112,11112,11113,0,1,1,completed,12
2911,Rigid,11112,11112,11113,0,1,1,completed,12
2912,Rigid,11113,11113,11114,0,1,1,completed,12
2913,Rigid,11113,11113,11114,0,1,1,completed,12
2914,Rigid,11113,11113,11114,0,1,1,completed,12
2915,Rigid,11114,11114,11115,0,1,1,completed,12
2916,Rigid,11114,11114,11115,0,1,1,completed,12
2917,Rigid,11114,11114,11115,0,1,1,completed,12
2918,Rigid,11118,11118,11130,0,12,12,completed,36
2919,Rigid,11135,11135,11147,0,12,12,completed,36
2920,Rigid,11138,11138,11139,0,1,1,completed,1
2921,Rigid,11138,11138,11139,0,1,1,completed,1
2922,Rigid,11138,11138,11202,0,64,64,completed,1
2923,Rigid,11140,11282,12098,142,816,958,completed,36
2924,Rigid,11140,11282,12477,142,1195,1337,completed,36
2925,Rigid,11140,11283,11635,143,352,495,completed,36
2926,Rigid,11155,11155,11167,0,12,12,completed,36
2927,Rigid,11159,11164,11188,5,24,29,completed,144
2928,Rigid,11179,11285,11793,106,508,614,completed,144
2929,Rigid,11179,11289,11795,110,506,616,completed,144
2930,Rigid,11181,12459,13932,1278,1473,2751,completed,756
2931,Rigid,11187,11187,14063,0,2876,2876,completed,1
2932,Rigid,11188,11188,13841,0,2653,2653,completed,1
2933,Rigid,11188,11188,13929,0,2741,2741,completed,1
2934,Rigid,11189,11297,11807,108,510,618,completed,144
2935,Rigid,11189,11189,12581,0,1392,1392,completed,1
2936,Rigid,11190,11190,11191,0,1,1,completed,1
2937,Rigid,11190,11190,11191,0,1,1,completed,1
2938,Rigid,11190,11190,11191,0,1,1,completed,1
2939,Rigid,11190,11190,11191,0,1,1,completed,1
2940,Rigid,11190,11190,11191,0,1,1,completed,1
2941,Rigid,11190,11190,11191,0,1,1,completed,1
2942,Rigid,11190,11190,11191,0,1,1,completed,1
2943,Rigid,11192,11192,14352,0,3160,3160,completed,1
2944,Rigid,11192,11192,14163,0,2971,2971,completed,1
2945,Rigid,11192,11192,14177,0,2985,2985,completed,1
2946,Rigid,11192,11192,13942,0,2750,2750,completed,1
2947,Rigid,11192,11192,13793,0,2601,2601,completed,1
2948,Rigid,11192,11192,13915,0,2723,2723,completed,1
2949,Rigid,11193,11193,13897,0,2704,2704,completed,1
2950,Rigid,11193,11193,14017,0,2824,2824,completed,1
2951,Rigid,11193,11193,14010,0,2817,2817,completed,1
2952,Rigid,11193,11193,13889,0,2696,2696,completed,1
2953,Rigid,11193,11193,13733,0,2540,2540,completed,1
2954,Rigid,11193,11193,13823,0,2630,2630,completed,1
2955,Rigid,11194,11194,13148,0,1954,1954,completed,1
2956,Rigid,11194,11194,13045,0,1851,1851,completed,1
2957,Rigid,11194,11194,13725,0,2531,2531,completed,1
2958,Rigid,11194,11194,13818,0,2624,2624,completed,1
2959,Rigid,11194,11194,13663,0,2469,2469,completed,1
2960,Rigid,11194,11194,13569,0,2375,2375,completed,1
2961,Rigid,11195,11195,13946,0,2751,2751,completed,1
2962,Rigid,11195,11195,13781,0,2586,2586,completed,1
2963,Rigid,11195,11195,13915,0,2720,2720,completed,1
2964,Rigid,11195,11195,13478,0,2283,2283,completed,1
2965,Rigid,11195,11195,13636,0,2441,2441,completed,1
2966,Rigid,11195,11195,13636,0,2441,2441,completed,1
2967,Rigid,11195,11195,13666,0,2471,2471,completed,1
2968,Rigid,11195,11195,13703,0,2508,2508,completed,1
2969,Rigid,11195,11195,13525,0,2330,2330,completed,1
2970,Rigid,11196,11196,13387,0,2191,2191,completed,1
2971,Rigid,11196,11196,13776,0,2580,2580,completed,1
2972,Rigid,11196,11196,13732,0,2536,2536,completed,1
2973,Rigid,11196,11196,13207,0,2011,2011,completed,1
2974,Rigid,11196,11196,13800,0,2604,2604,completed,1
2975,Rigid,11196,11196,12990,0,1794,1794,completed,1
2976,Rigid,11196,11196,12055,0,859,859,completed,1
2977,Rigid,11196,11196,12021,0,825,825,completed,1
2978,Rigid,11196,11196,12187,0,991,991,completed,1
2979,Rigid,11197,11197,13447,0,2250,2250,completed,1
2980,Rigid,11197,11197,13527,0,2330,2330,completed,1
2981,Rigid,11197,11197,13833,0,2636,2636,completed,1
2982,Rigid,11197,11197,13526,0,2329,2329,completed,1
2983,Rigid,11197,11197,11219,0,22,22,completed,8
2984,Rigid,11198,11198,12418,0,1220,1220,completed,1
2985,Rigid,11198,11198,12328,0,1130,1130,completed,1
2986,Rigid,11198,11198,12427,0,1229,1229,completed,1
2987,Rigid,11198,11198,12374,0,1176,1176,completed,1
2988,Rigid,11198,11198,12405,0,1207,1207,completed,1
2989,Rigid,11203,11203,11283,0,80,80,completed,9
2990,Rigid,11204,11310,11820,106,510,616,completed,144
2991,Rigid,11205,11222,11330,17,108,125,completed,360
2992,Rigid,11218,11310,11821,92,511,603,completed,144
2993,Rigid,11220,11249,11345,29,96,125,completed,72
2994,Rigid,11222,11310,11825,88,515,603,completed,144
2995,Rigid,11234,11238,11310,4,72,76,completed,72
2996,Rigid,11238,11240,11288,2,48,50,completed,36
2997,Rigid,11242,11324,11837,82,513,595,completed,144
2998,Rigid,11245,11245,11258,0,13,13,completed,36
2999,Rigid,11245,11281,12019,36,738,774,completed,360
3000,Rigid,11249,11249,11250,0,1,1,completed,2
3001,Rigid,11252,11252,11403,0,151,151,completed,8
3002,Rigid,11263,11267,11599,4,332,336,completed,72
3003,Rigid,11282,11809,12494,527,685,1212,completed,36
3004,Rigid,11282,11826,12627,544,801,1345,completed,36
3005,Rigid,11282,11863,13033,581,1170,1751,completed,36
3006,Rigid,11282,11330,11845,48,515,563,completed,144
3007,Rigid,11283,11868,12867,585,999,1584,completed,36
3008,Rigid,11283,11868,13228,585,1360,1945,completed,36
3009,Rigid,11283,11869,12731,586,862,1448,completed,36
3010,Rigid,11284,11284,11333,0,49,49,completed,1
3011,Rigid,11284,11337,11853,53,516,569,completed,144
3012,Rigid,11297,11337,11858,40,521,561,completed,144
3013,Rigid,11313,11314,11342,1,28,29,completed,36
3014,Rigid,11319,11344,11866,25,522,547,completed,144
3015,Rigid,11324,11324,12188,0,864,864,completed,36
3016,Rigid,11326,11330,11344,4,14,18,completed,216
3017,Rigid,11333,11333,11370,0,37,37,completed,4
3018,Rigid,11339,11404,13132,65,1728,1793,completed,24
3019,Rigid,11343,11343,11775,0,432,432,completed,36
3020,Rigid,11371,11371,11377,0,6,6,completed,1
3021,Rigid,11371,11371,11374,0,3,3,completed,1
3022,Rigid,11371,11371,11379,0,8,8,completed,1
3023,Rigid,11371,11371,11435,0,64,64,completed,1
3024,Rigid,11371,11371,11407,0,36,36,completed,1
3025,Rigid,11407,11407,11408,0,1,1,completed,1
3026,Rigid,11445,11939,13665,494,1726,2220,completed,144
3027,Rigid,11445,12159,13670,714,1511,2225,completed,108
3028,Rigid,11751,11751,11764,0,13,13,completed,36
3029,Rigid,11793,11793,12301,0,508,508,completed,144
3030,Rigid,11795,11795,12305,0,510,510,completed,144
3031,Rigid,11807,11807,12315,0,508,508,completed,144
3032,Rigid,11820,11820,12335,0,515,515,completed,144
3033,Rigid,11822,11822,12334,0,512,512,completed,144
3034,Rigid,11826,11826,12340,0,514,514,completed,144
3035,Rigid,11837,11837,12349,0,512,512,completed,144
3036,Rigid,11846,11846,12365,0,519,519,completed,144
3037,Rigid,11854,11854,12372,0,518,518,completed,144
3038,Rigid,11859,11859,12386,0,527,527,completed,144
3039,Rigid,11866,11866,12388,0,522,522,completed,144
3040,Rigid,11876,11877,13136,1,1259,1260,completed,36
3041,Rigid,11876,11882,12057,6,175,181,completed,36
3042,Rigid,11876,11884,12034,8,150,158,completed,36
3043,Rigid,11876,11908,12323,32,415,447,completed,36
3044,Rigid,11876,11954,12964,78,1010,1088,completed,36
3045,Rigid,11876,11954,12227,78,273,351,completed,36
3046,Rigid,11877,11963,13139,86,1176,1262,completed,36
3047,Rigid,11877,12133,13512,256,1379,1635,completed,36
3048,Rigid,11877,12146,13719,269,1573,1842,completed,36
3049,Rigid,11877,12159,13566,282,1407,1689,completed,36
3050,Rigid,11877,12161,12834,284,673,957,completed,36
3051,Rigid,11877,12161,13414,284,1253,1537,completed,36
3052,Rigid,11878,12167,13647,289,1480,1769,completed,36
3053,Rigid,11878,12186,12853,308,667,975,completed,36
3054,Rigid,11878,12205,12993,327,788,1115,completed,36
3055,Rigid,11878,11878,12006,0,128,128,completed,36
3056,Rigid,11885,11885,11886,0,1,1,completed,1
3057,Rigid,11885,11885,11886,0,1,1,completed,1
3058,Rigid,11885,11885,11886,0,1,1,completed,1
3059,Rigid,11885,11885,11886,0,1,1,completed,1
3060,Rigid,11885,11885,11933,0,48,48,completed,1
3061,Rigid,11885,11885,11937,0,52,52,completed,1
3062,Rigid,11885,12205,13842,320,1637,1957,completed,36
3063,Rigid,11885,12205,13447,320,1242,1562,completed,36
3064,Rigid,11885,12205,13166,320,961,1281,completed,36
3065,Rigid,11886,12205,13312,319,1107,1426,completed,36
3066,Rigid,11886,12205,13378,319,1173,1492,completed,36
3067,Rigid,11886,12205,13592,319,1387,1706,completed,36
3068,Rigid,11886,12205,12915,319,710,1029,completed,36
3069,Rigid,11886,12206,12805,320,599,919,completed,36
3070,Rigid,11886,12206,12998,320,792,1112,completed,36
3071,Rigid,11886,12206,12754,320,548,868,completed,36
3072,Rigid,11886,12206,13584,320,1378,1698,completed,36
3073,Rigid,11886,12206,13712,320,1506,1826,completed,36
3074,Rigid,11888,11939,15395,51,3456,3507,completed,216
3075,Rigid,11889,11889,11919,0,30,30,completed,36
3076,Rigid,11895,11904,11953,9,49,58,completed,36
3077,Rigid,11904,11904,11907,0,3,3,completed,72
3078,Rigid,11907,11907,11920,0,13,13,completed,72
3079,Rigid,11920,11920,11953,0,33,33,completed,36
3080,Rigid,11923,11924,11936,1,12,13,completed,72
3081,Rigid,11928,11928,11941,0,13,13,completed,36
3082,Rigid,11934,11934,12262,0,328,328,completed,9
3083,Rigid,11938,11938,12297,0,359,359,completed,9
3084,Rigid,11939,11939,11952,0,13,13,completed,36
3085,Rigid,11939,11939,11943,0,4,4,completed,36
3086,Rigid,11939,11942,11953,3,11,14,completed,36
3087,Rigid,11939,11945,11948,6,3,9,completed,36
3088,Rigid,11939,11946,11952,7,6,13,completed,36
3089,Rigid,11939,11946,11952,7,6,13,completed,36
3090,Rigid,11939,11948,11953,9,5,14,completed,36
3091,Rigid,11947,11953,11958,6,5,11,completed,144
3092,Rigid,11954,11954,11961,0,7,7,completed,36
3093,Rigid,11954,11954,11961,0,7,7,completed,36
3094,Rigid,11954,11959,11962,5,3,8,completed,36
3095,Rigid,11954,11959,11962,5,3,8,completed,36
3096,Rigid,11954,11959,11962,5,3,8,completed,36
3097,Rigid,11954,11959,11962,5,3,8,completed,36
3098,Rigid,11959,11962,12009,3,47,50,completed,36
3099,Rigid,11963,11963,11973,0,10,10,completed,36
3100,Rigid,11967,11967,12320,0,353,353,completed,144
3101,Rigid,11967,11970,12794,3,824,827,completed,144
3102,Rigid,11973,11973,11988,0,15,15,completed,8
3103,Rigid,11974,11974,11985,0,11,11,completed,36
3104,Rigid,11986,11986,11988,0,2,2,completed,36
3105,Rigid,11989,11989,11990,0,1,1,completed,36
3106,Rigid,11990,11990,12133,0,143,143,completed,36
3107,Rigid,11990,12004,12144,14,140,154,completed,36
3108,Rigid,11990,12004,12144,14,140,154,completed,36
3109,Rigid,11990,12004,12143,14,139,153,completed,36
3110,Rigid,11990,12020,12049,30,29,59,completed,36
3111,Rigid,11990,12020,12047,30,27,57,completed,36
3112,Rigid,11990,12004,12142,14,138,152,completed,36
3113,Rigid,11990,12004,12144,14,140,154,completed,36
3114,Rigid,11990,12004,12145,14,141,155,completed,36
3115,Rigid,11990,12004,12143,14,139,153,completed,36
3116,Rigid,11990,12004,12144,14,140,154,completed,36
3117,Rigid,11990,12004,12142,14,138,152,completed,36
3118,Rigid,11990,12004,12143,14,139,153,completed,36
3119,Rigid,11990,12010,12150,20,140,160,completed,36
3120,Rigid,11990,12019,12158,29,139,168,completed,36
3121,Rigid,11990,12019,12160,29,141,170,completed,36
3122,Rigid,11990,11990,11995,0,5,5,completed,8
3123,Rigid,11992,12021,12023,29,2,31,completed,36
3124,Rigid,11992,12021,12022,29,1,30,completed,36
3125,Rigid,11992,12020,12021,28,1,29,completed,36
3126,Rigid,11992,12020,12021,28,1,29,completed,36
3127,Rigid,11992,12020,12022,28,2,30,completed,36
3128,Rigid,11997,11997,12000,0,3,3,completed,8
3129,Rigid,12008,12008,12052,0,44,44,completed,8
3130,Rigid,12012,12013,12020,1,7,8,completed,36
3131,Rigid,12015,12231,12238,216,7,223,completed,108
3132,Rigid,12019,12019,15252,0,3233,3233,completed,1
3133,Rigid,12020,12020,12031,0,11,11,completed,36
3134,Rigid,12020,12073,12570,53,497,550,completed,360
3135,Rigid,12021,12021,14965,0,2944,2944,completed,1
3136,Rigid,12021,12021,15092,0,3071,3071,completed,1
3137,Rigid,12021,12021,14935,0,2914,2914,completed,1
3138,Rigid,12021,12021,15045,0,3024,3024,completed,1
3139,Rigid,12024,12032,12069,8,37,45,completed,36
3140,Rigid,12024,12033,12093,9,60,69,completed,36
3141,Rigid,12024,12035,12102,11,67,78,completed,36
3142,Rigid,12024,12040,12158,16,118,134,completed,36
3143,Rigid,12024,12046,12122,22,76,98,completed,36
3144,Rigid,12024,12047,12141,23,94,117,completed,36
3145,Rigid,12024,12024,12099,0,75,75,completed,36
3146,Rigid,12024,12024,12067,0,43,43,completed,36
3147,Rigid,12024,12024,12115,0,91,91,completed,36
3148,Rigid,12024,12024,12089,0,65,65,completed,36
3149,Rigid,12024,12024,12098,0,74,74,completed,36
3150,Rigid,12024,12024,12040,0,16,16,completed,36
3151,Rigid,12024,12024,12047,0,23,23,completed,36
3152,Rigid,12032,12032,12043,0,11,11,completed,36
3153,Rigid,12032,12098,12529,66,431,497,completed,360
3154,Rigid,12040,12048,12228,8,180,188,completed,36
3155,Rigid,12040,12050,12150,10,100,110,completed,36
3156,Rigid,12041,12041,12089,0,48,48,completed,36
3157,Rigid,12042,12043,12049,1,6,7,completed,36
3158,Rigid,12050,12050,12086,0,36,36,completed,36
3159,Rigid,12058,12073,12083,15,10,25,completed,72
3160,Rigid,12063,12063,12072,0,9,9,completed,36
3161,Rigid,12063,12063,12230,0,167,167,completed,36
3162,Rigid,12064,12064,12100,0,36,36,completed,36
3163,Rigid,12081,12084,12091,3,7,10,completed,144
3164,Rigid,12087,12087,12099,0,12,12,completed,36
3165,Rigid,12088,12089,12101,1,12,13,completed,72
3166,Rigid,12092,12092,12094,0,2,2,completed,144
3167,Rigid,12096,12096,12097,0,1,1,completed,144
3168,Rigid,12098,12100,12101,2,1,3,completed,144
3169,Rigid,12103,12121,12125,18,4,22,completed,144
3170,Rigid,12125,12125,12161,0,36,36,completed,36
3171,Rigid,12125,12125,12126,0,1,1,completed,144
3172,Rigid,12131,12142,12151,11,9,20,completed,144
3173,Rigid,12131,12132,12173,1,41,42,completed,8
3174,Rigid,12133,12144,12169,11,25,36,completed,144
3175,Rigid,12142,12144,12166,2,22,24,completed,72
3176,Rigid,12142,12389,12432,247,43,290,completed,36
3177,Rigid,12142,12239,12421,97,182,279,completed,36
3178,Rigid,12142,12239,12279,97,40,137,completed,36
3179,Rigid,12142,12239,12382,97,143,240,completed,36
3180,Rigid,12142,12242,12414,100,172,272,completed,36
3181,Rigid,12142,12259,12479,117,220,337,completed,36
3182,Rigid,12142,12279,12388,137,109,246,completed,36
3183,Rigid,12142,12323,12462,181,139,320,completed,36
3184,Rigid,12142,12324,12419,182,95,277,completed,36
3185,Rigid,12142,12383,12458,241,75,316,completed,36
3186,Rigid,12147,12415,13749,268,1334,1602,completed,36
3187,Rigid,12147,12419,13651,272,1232,1504,completed,36
3188,Rigid,12147,12421,13673,274,1252,1526,completed,36
3189,Rigid,12153,12153,12156,0,3,3,completed,144
3190,Rigid,12157,12157,12158,0,1,1,completed,144
3191,Rigid,12159,12159,12162,0,3,3,completed,144
3192,Rigid,12161,12161,12170,0,9,9,completed,36
3193,Rigid,12164,12164,12188,0,24,24,completed,144
3194,Rigid,12167,12167,15767,0,3600,3600,completed,36
3195,Rigid,12169,12170,12173,1,3,4,completed,144
3196,Rigid,12186,12186,14851,0,2665,2665,completed,216
3197,Rigid,12192,12192,12228,0,36,36,completed,144
3198,Rigid,12207,12207,12301,0,94,94,completed,32
3199,Rigid,12207,12207,12320,0,113,113,completed,32
3200,Rigid,12207,12207,12632,0,425,425,completed,32
3201,Rigid,12207,12207,12357,0,150,150,completed,32
3202,Rigid,12207,12213,12311,6,98,104,completed,32
3203,Rigid,12228,12228,13667,0,1439,1439,completed,108
3204,Rigid,12238,12242,13673,4,1431,1435,completed,108
3205,Rigid,12262,12262,12304,0,42,42,completed,1
3206,Rigid,12297,12297,12337,0,40,40,completed,1
3207,Rigid,12301,12302,12814,1,512,513,completed,144
3208,Rigid,12302,12302,12323,0,21,21,completed,144
3209,Rigid,12304,12304,12335,0,31,31,completed,4
3210,Rigid,12306,12306,12815,0,509,509,completed,144
3211,Rigid,12316,12316,12826,0,510,510,completed,144
3212,Rigid,12327,12327,14055,0,1728,1728,completed,24
3213,Rigid,12335,12335,12850,0,515,515,completed,144
3214,Rigid,12336,12336,12339,0,3,3,completed,1
3215,Rigid,12336,12336,12342,0,6,6,completed,1
3216,Rigid,12336,12336,12386,0,50,50,completed,1
3217,Rigid,12336,12336,12341,0,5,5,completed,1
3218,Rigid,12336,12336,12367,0,31,31,completed,1
3219,Rigid,12336,12336,12847,0,511,511,completed,144
3220,Rigid,12338,12338,12376,0,38,38,completed,4
3221,Rigid,12341,12341,12860,0,519,519,completed,144
3222,Rigid,12348,12348,13670,0,1322,1322,completed,24
3223,Rigid,12349,12349,12370,0,21,21,completed,144
3224,Rigid,12349,12349,12370,0,21,21,completed,144
3225,Rigid,12349,12349,12370,0,21,21,completed,144
3226,Rigid,12349,12350,12371,1,21,22,completed,144
3227,Rigid,12349,12352,12373,3,21,24,completed,144
3228,Rigid,12349,12365,12386,16,21,37,completed,144
3229,Rigid,12349,12370,12391,21,21,42,completed,144
3230,Rigid,12349,12370,12391,21,21,42,completed,144
3231,Rigid,12349,12370,12391,21,21,42,completed,144
3232,Rigid,12349,12371,12392,22,21,43,completed,144
3233,Rigid,12349,12373,12394,24,21,45,completed,144
3234,Rigid,12349,12373,12394,24,21,45,completed,144
3235,Rigid,12349,12386,12407,37,21,58,completed,144
3236,Rigid,12349,12387,12408,38,21,59,completed,144
3237,Rigid,12349,12388,12409,39,21,60,completed,144
3238,Rigid,12349,12392,12413,43,21,64,completed,144
3239,Rigid,12350,12392,12908,42,516,558,completed,144
3240,Rigid,12365,12392,12910,27,518,545,completed,144
3241,Rigid,12373,12393,12913,20,520,540,completed,144
3242,Rigid,12376,12376,12427,0,51,51,completed,1
3243,Rigid,12376,12376,12381,0,5,5,completed,1
3244,Rigid,12376,12376,12379,0,3,3,completed,1
3245,Rigid,12376,12376,12382,0,6,6,completed,1
3246,Rigid,12376,12376,12408,0,32,32,completed,1
3247,Rigid,12387,12394,12920,7,526,533,completed,144
3248,Rigid,12388,12394,12922,6,528,534,completed,144
3249,Rigid,12634,12634,12659,0,25,25,completed,1
3250,Rigid,12634,12634,12659,0,25,25,completed,1
3251,Rigid,12634,12634,12659,0,25,25,completed,1
3252,Rigid,12634,12634,12659,0,25,25,completed,1
3253,Rigid,12649,12649,12840,0,191,191,completed,72
3254,Rigid,12749,12749,12750,0,1,1,completed,72
3255,Rigid,12751,12751,12757,0,6,6,completed,72
3256,Rigid,12755,12755,12789,0,34,34,completed,36
3257,Rigid,12755,12755,12806,0,51,51,completed,36
3258,Rigid,12755,12755,12808,0,53,53,completed,36
3259,Rigid,12755,12755,12844,0,89,89,completed,36
3260,Rigid,12755,12755,12814,0,59,59,completed,36
3261,Rigid,12755,12755,12858,0,103,103,completed,36
3262,Rigid,12755,12755,12789,0,34,34,completed,36
3263,Rigid,12755,12755,12810,0,55,55,completed,36
3264,Rigid,12755,12755,12803,0,48,48,completed,36
3265,Rigid,12755,12755,12779,0,24,24,completed,36
3266,Rigid,12755,12755,12778,0,23,23,completed,36
3267,Rigid,12755,12755,12791,0,36,36,completed,36
3268,Rigid,12755,12755,12788,0,33,33,completed,36
3269,Rigid,12755,12755,12760,0,5,5,completed,36
3270,Rigid,12755,12755,12782,0,27,27,completed,36
3271,Rigid,12764,12764,12770,0,6,6,completed,1
3272,Rigid,12764,12764,12770,0,6,6,completed,1
3273,Rigid,12764,12764,12771,0,7,7,completed,1
3274,Rigid,12764,12764,12770,0,6,6,completed,1
3275,Rigid,12764,12764,12772,0,8,8,completed,1
3276,Rigid,12764,12764,12777,0,13,13,completed,1
3277,Rigid,12764,12764,12777,0,13,13,completed,1
3278,Rigid,12764,12764,12774,0,10,10,completed,1
3279,Rigid,12764,12764,12776,0,12,12,completed,1
3280,Rigid,12765,12765,12766,0,1,1,completed,36
3281,Rigid,12766,12766,13658,0,892,892,completed,36
3282,Rigid,12766,12766,13741,0,975,975,completed,36
3283,Rigid,12766,12766,13587,0,821,821,completed,36
3284,Rigid,12767,12767,13578,0,811,811,completed,36
3285,Rigid,12767,12767,14054,0,1287,1287,completed,36
3286,Rigid,12767,12767,13468,0,701,701,completed,36
3287,Rigid,12770,12770,14498,0,1728,1728,completed,36
3288,Rigid,12770,12770,14498,0,1728,1728,completed,36
3289,Rigid,12770,12770,14498,0,1728,1728,completed,36
3290,Rigid,12771,12771,14499,0,1728,1728,completed,36
3291,Rigid,12771,12771,14499,0,1728,1728,completed,36
3292,Rigid,12771,12771,14499,0,1728,1728,completed,36
3293,Rigid,12772,12772,12773,0,1,1,completed,36
3294,Rigid,12772,12772,13636,0,864,864,completed,36
3295,Rigid,12772,12772,13636,0,864,864,completed,36
3296,Rigid,12773,12773,13637,0,864,864,completed,36
3297,Rigid,12773,12773,13637,0,864,864,completed,36
3298,Rigid,12774,12774,12795,0,21,21,completed,144
3299,Rigid,12774,12774,12775,0,1,1,completed,36
3300,Rigid,12774,12774,13638,0,864,864,completed,36
3301,Rigid,12774,12774,13638,0,864,864,completed,36
3302,Rigid,12777,12777,14505,0,1728,1728,completed,36
3303,Rigid,12777,12777,14505,0,1728,1728,completed,36
3304,Rigid,12777,12777,12974,0,197,197,completed,36
3305,Rigid,12777,12777,12780,0,3,3,completed,72
3306,Rigid,12777,12777,12971,0,194,194,completed,18
3307,Rigid,12778,12778,13498,0,720,720,completed,36
3308,Rigid,12778,12778,13498,0,720,720,completed,36
3309,Rigid,12778,12778,13498,0,720,720,completed,36
3310,Rigid,12779,12779,12780,0,1,1,completed,36
3311,Rigid,12783,12783,12786,0,3,3,completed,72
3312,Rigid,12783,12783,12786,0,3,3,completed,36
3313,Rigid,12789,12789,12791,0,2,2,completed,36
3314,Rigid,12790,12790,12822,0,32,32,completed,72
3315,Rigid,12793,12793,12795,0,2,2,completed,36
3316,Rigid,12796,12796,12798,0,2,2,completed,36
3317,Rigid,12799,12799,12801,0,2,2,completed,36
3318,Rigid,12801,12801,12873,0,72,72,completed,144
3319,Rigid,12802,12802,13666,0,864,864,completed,36
3320,Rigid,12802,12802,12806,0,4,4,completed,36
3321,Rigid,12804,12804,14223,0,1419,1419,completed,144
3322,Rigid,12804,12804,14059,0,1255,1255,completed,144
3323,Rigid,12807,12807,12811,0,4,4,completed,36
3324,Rigid,12808,12808,12940,0,132,132,completed,144
3325,Rigid,12812,12812,12816,0,4,4,completed,36
3326,Rigid,12813,12813,12820,0,7,7,completed,36
3327,Rigid,12814,12814,13325,0,511,511,completed,144
3328,Rigid,12815,12815,13124,0,309,309,completed,36
3329,Rigid,12816,12816,13330,0,514,514,completed,144
3330,Rigid,12816,12816,12820,0,4,4,completed,36
3331,Rigid,12821,12821,12829,0,8,8,completed,36
3332,Rigid,12826,12826,13355,0,529,529,completed,144
3333,Rigid,12831,12831,12852,0,21,21,completed,36
3334,Rigid,12831,12831,12846,0,15,15,completed,36
3335,Rigid,12831,12831,12858,0,27,27,completed,36
3336,Rigid,12831,12831,12854,0,23,23,completed,36
3337,Rigid,12831,12831,12862,0,31,31,completed,36
3338,Rigid,12838,14172,14734,1334,562,1896,completed,144
3339,Rigid,12838,14188,14716,1350,528,1878,completed,144
3340,Rigid,12838,14214,14620,1376,406,1782,completed,144
3341,Rigid,12838,14270,14658,1432,388,1820,completed,144
3342,Rigid,12838,14433,14832,1595,399,1994,completed,144
3343,Rigid,12838,14445,14888,1607,443,2050,completed,144
3344,Rigid,12838,14499,15076,1661,577,2238,completed,144
3345,Rigid,12838,14513,14942,1675,429,2104,completed,144
3346,Rigid,12838,14570,15005,1732,435,2167,completed,144
3347,Rigid,12838,14620,15033,1782,413,2195,completed,144
3348,Rigid,12838,14658,15183,1820,525,2345,completed,144
3349,Rigid,12838,14717,15133,1879,416,2295,completed,144
3350,Rigid,12838,14734,15301,1896,567,2463,completed,144
3351,Rigid,12838,14833,15269,1995,436,2431,completed,144
3352,Rigid,12838,14888,15286,2050,398,2448,completed,144
3353,Rigid,12838,14942,15427,2104,485,2589,completed,144
3354,Rigid,12838,15006,15452,2168,446,2614,completed,144
3355,Rigid,12838,15033,15441,2195,408,2603,completed,144
3356,Rigid,12838,15076,15463,2238,387,2625,completed,144
3357,Rigid,12838,15134,15491,2296,357,2653,completed,144
3358,Rigid,12838,15184,15560,2346,376,2722,completed,144
3359,Rigid,12838,15269,15794,2431,525,2956,completed,144
3360,Rigid,12838,15287,15854,2449,567,3016,completed,144
3361,Rigid,12838,15302,15841,2464,539,3003,completed,144
3362,Rigid,12838,15428,15911,2590,483,3073,completed,144
3363,Rigid,12838,15441,15957,2603,516,3119,completed,144
3364,Rigid,12838,15452,16029,2614,577,3191,completed,144
3365,Rigid,12838,15464,16019,2626,555,3181,completed,144
3366,Rigid,12838,15492,16006,2654,514,3168,completed,144
3367,Rigid,12838,15560,16064,2722,504,3226,completed,144
3368,Rigid,12838,15795,16272,2957,477,3434,completed,144
3369,Rigid,12838,15841,16291,3003,450,3453,completed,144
3370,Rigid,12838,15854,16409,3016,555,3571,completed,144
3371,Rigid,12838,15911,16469,3073,558,3631,completed,144
3372,Rigid,12838,15958,16401,3120,443,3563,completed,144
3373,Rigid,12838,16006,16564,3168,558,3726,completed,144
3374,Rigid,12838,16019,16445,3181,426,3607,completed,144
3375,Rigid,12838,16030,16433,3192,403,3595,completed,144
3376,Rigid,12838,16065,16534,3227,469,3696,completed,144
3377,Rigid,12838,16272,16766,3434,494,3928,completed,144
3378,Rigid,12844,12844,12854,0,10,10,completed,36
3379,Rigid,12845,12845,13505,0,660,660,completed,216
3380,Rigid,12845,12845,13494,0,649,649,completed,216
3381,Rigid,12845,12847,13505,2,658,660,completed,216
3382,Rigid,12845,12851,13494,6,643,649,completed,216
3383,Rigid,12845,12860,13513,15,653,668,completed,216
3384,Rigid,12845,12908,13565,63,657,720,completed,216
3385,Rigid,12845,12909,13555,64,646,710,completed,216
3386,Rigid,12845,12913,13560,68,647,715,completed,216
3387,Rigid,12847,12916,13432,69,516,585,completed,144
3388,Rigid,12851,12929,13445,78,516,594,completed,144
3389,Rigid,12852,12853,12858,1,5,6,completed,36
3390,Rigid,12853,12853,12913,0,60,60,completed,36
3391,Rigid,12856,12856,12891,0,35,35,completed,72
3392,Rigid,12859,12859,12864,0,5,5,completed,36
3393,Rigid,12860,12932,13448,72,516,588,completed,144
3394,Rigid,12862,12862,13023,0,161,161,completed,24
3395,Rigid,12865,12865,12907,0,42,42,completed,36
3396,Rigid,12865,12865,12907,0,42,42,completed,36
3397,Rigid,12865,12867,12907,2,40,42,completed,36
3398,Rigid,12865,12867,12907,2,40,42,completed,36
3399,Rigid,12865,12873,12907,8,34,42,completed,36
3400,Rigid,12865,12887,12907,22,20,42,completed,36
3401,Rigid,12868,12873,12915,5,42,47,completed,36
3402,Rigid,12868,12873,12886,5,13,18,completed,36
3403,Rigid,12869,12873,13039,4,166,170,completed,36
3404,Rigid,12905,12905,12934,0,29,29,completed,72
3405,Rigid,12909,13096,13613,187,517,704,completed,144
3406,Rigid,12911,13124,13647,213,523,736,completed,144
3407,Rigid,12913,13139,13664,226,525,751,completed,144
3408,Rigid,12916,12941,13037,25,96,121,completed,36
3409,Rigid,12916,12941,13018,25,77,102,completed,36
3410,Rigid,12916,12965,13038,49,73,122,completed,36
3411,Rigid,12916,12969,13032,53,63,116,completed,36
3412,Rigid,12916,12932,13038,16,106,122,completed,36
3413,Rigid,12916,12969,13037,53,68,121,completed,36
3414,Rigid,12916,12970,13037,54,67,121,completed,36
3415,Rigid,12916,12932,13015,16,83,99,completed,36
3416,Rigid,12916,12933,13027,17,94,111,completed,36
3417,Rigid,12916,12933,12969,17,36,53,completed,36
3418,Rigid,12916,12934,12977,18,43,61,completed,36
3419,Rigid,12916,12934,12991,18,57,75,completed,36
3420,Rigid,12916,12935,12981,19,46,65,completed,36
3421,Rigid,12916,12935,12947,19,12,31,completed,36
3422,Rigid,12916,12940,12996,24,56,80,completed,36
3423,Rigid,12920,12920,12925,0,5,5,completed,36
3424,Rigid,12920,12920,12925,0,5,5,completed,36
3425,Rigid,12920,12920,12925,0,5,5,completed,36
3426,Rigid,12920,12920,12925,0,5,5,completed,36
3427,Rigid,12920,12920,12925,0,5,5,completed,36
3428,Rigid,12920,12923,12928,3,5,8,completed,36
3429,Rigid,12920,12923,12928,3,5,8,completed,36
3430,Rigid,12920,12923,12928,3,5,8,completed,36
3431,Rigid,12920,12923,12928,3,5,8,completed,36
3432,Rigid,12920,12926,12931,6,5,11,completed,36
3433,Rigid,12920,12926,12931,6,5,11,completed,36
3434,Rigid,12920,12926,12931,6,5,11,completed,36
3435,Rigid,12920,12926,12931,6,5,11,completed,36
3436,Rigid,12920,12926,12931,6,5,11,completed,36
3437,Rigid,12920,12927,12932,7,5,12,completed,36
3438,Rigid,12920,12927,12932,7,5,12,completed,36
3439,Rigid,12920,13140,13665,220,525,745,completed,144
3440,Rigid,12931,12931,13086,0,155,155,completed,18
3441,Rigid,12931,12931,13083,0,152,152,completed,18
3442,Rigid,12932,12932,12990,0,58,58,completed,36
3443,Rigid,12936,12940,12947,4,7,11,completed,36
3444,Rigid,12938,12938,12982,0,44,44,completed,36
3445,Rigid,12939,13199,14078,260,879,1139,completed,36
3446,Rigid,12939,13203,14931,264,1728,1992,completed,36
3447,Rigid,12939,13206,14142,267,936,1203,completed,36
3448,Rigid,12942,12957,12994,15,37,52,completed,36
3449,Rigid,12948,12949,12957,1,8,9,completed,72
3450,Rigid,12951,12957,12958,6,1,7,completed,36
3451,Rigid,12956,13095,13119,139,24,163,completed,144
3452,Rigid,12958,12958,12964,0,6,6,completed,36
3453,Rigid,12958,12964,12970,6,6,12,completed,36
3454,Rigid,12972,12972,12977,0,5,5,completed,72
3455,Rigid,12974,12974,12976,0,2,2,completed,4
3456,Rigid,12974,12977,12981,3,4,7,completed,72
3457,Rigid,12981,12981,12990,0,9,9,completed,4
3458,Rigid,12981,12981,12990,0,9,9,completed,4
3459,Rigid,12981,12981,12990,0,9,9,completed,4
3460,Rigid,12981,12981,12990,0,9,9,completed,4
3461,Rigid,12981,12981,12990,0,9,9,completed,4
3462,Rigid,12981,12981,12999,0,18,18,completed,4
3463,Rigid,12981,12981,12991,0,10,10,completed,4
3464,Rigid,12981,12981,12991,0,10,10,completed,4
3465,Rigid,12981,12981,12991,0,10,10,completed,4
3466,Rigid,12981,12981,12991,0,10,10,completed,4
3467,Rigid,12981,12981,12990,0,9,9,completed,4
3468,Rigid,12981,12981,12990,0,9,9,completed,4
3469,Rigid,12981,12981,12990,0,9,9,completed,4
3470,Rigid,12981,12981,12990,0,9,9,completed,4
3471,Rigid,12981,12981,12990,0,9,9,completed,4
3472,Rigid,12981,12981,12990,0,9,9,completed,4
3473,Rigid,12981,12981,12990,0,9,9,completed,4
3474,Rigid,12981,12981,12990,0,9,9,completed,4
3475,Rigid,12981,12981,12990,0,9,9,completed,4
3476,Rigid,12981,12981,12990,0,9,9,completed,4
3477,Rigid,12981,12981,12999,0,18,18,completed,4
3478,Rigid,12981,12981,12992,0,11,11,completed,4
3479,Rigid,12981,12981,12999,0,18,18,completed,4
3480,Rigid,12981,12981,13005,0,24,24,completed,4
3481,Rigid,12981,12981,12992,0,11,11,completed,4
3482,Rigid,12981,12981,12990,0,9,9,completed,4
3483,Rigid,12981,12981,12990,0,9,9,completed,4
3484,Rigid,12981,12981,12990,0,9,9,completed,4
3485,Rigid,12981,12981,12990,0,9,9,completed,4
3486,Rigid,12981,12981,12990,0,9,9,completed,4
3487,Rigid,12981,12981,12999,0,18,18,completed,4
3488,Rigid,12981,12981,12994,0,13,13,completed,4
3489,Rigid,12981,12981,12994,0,13,13,completed,4
3490,Rigid,12981,12981,12991,0,10,10,completed,4
3491,Rigid,12981,12981,12990,0,9,9,completed,4
3492,Rigid,12981,12981,12990,0,9,9,completed,4
3493,Rigid,12981,12981,12990,0,9,9,completed,4
3494,Rigid,12981,12981,12990,0,9,9,completed,4
3495,Rigid,12981,12981,12990,0,9,9,completed,4
3496,Rigid,12981,12981,12990,0,9,9,completed,4
3497,Rigid,12981,12981,12990,0,9,9,completed,4
3498,Rigid,12981,12981,12990,0,9,9,completed,4
3499,Rigid,12981,12981,12990,0,9,9,completed,4
3500,Rigid,12981,12981,12997,0,16,16,completed,4
3501,Rigid,12981,12981,13002,0,21,21,completed,4
3502,Rigid,12981,12981,12991,0,10,10,completed,4
3503,Rigid,12981,12981,13002,0,21,21,completed,4
3504,Rigid,12981,12981,13011,0,30,30,completed,4
3505,Rigid,12981,12981,12991,0,10,10,completed,4
3506,Rigid,12981,12981,12999,0,18,18,completed,4
3507,Rigid,12981,12981,12991,0,10,10,completed,4
3508,Rigid,12981,12981,12999,0,18,18,completed,4
3509,Rigid,12981,12981,12999,0,18,18,completed,4
3510,Rigid,12981,12981,12990,0,9,9,completed,4
3511,Rigid,12981,12981,12990,0,9,9,completed,4
3512,Rigid,12981,12981,12990,0,9,9,completed,4
3513,Rigid,12981,12981,12990,0,9,9,completed,4
3514,Rigid,12981,12981,12990,0,9,9,completed,4
3515,Rigid,12981,12981,12990,0,9,9,completed,4
3516,Rigid,12981,12981,12990,0,9,9,completed,4
3517,Rigid,12981,12981,12990,0,9,9,completed,4
3518,Rigid,12981,12981,12990,0,9,9,completed,4
3519,Rigid,12981,12981,12990,0,9,9,completed,4
3520,Rigid,12981,12981,12990,0,9,9,completed,4
3521,Rigid,12981,12981,12990,0,9,9,completed,4
3522,Rigid,12981,12981,12990,0,9,9,completed,4
3523,Rigid,12981,12981,12990,0,9,9,completed,4
3524,Rigid,12981,12981,12990,0,9,9,completed,4
3525,Rigid,12981,12981,12991,0,10,10,completed,4
3526,Rigid,12981,12981,12996,0,15,15,completed,4
3527,Rigid,12981,12981,12998,0,17,17,completed,4
3528,Rigid,12981,12981,12991,0,10,10,completed,4
3529,Rigid,12981,12981,12998,0,17,17,completed,4
3530,Rigid,12981,12981,12999,0,18,18,completed,4
3531,Rigid,12981,12981,12990,0,9,9,completed,4
3532,Rigid,12981,12981,12990,0,9,9,completed,4
3533,Rigid,12981,12981,12990,0,9,9,completed,4
3534,Rigid,12981,12981,12990,0,9,9,completed,4
3535,Rigid,12981,12981,12990,0,9,9,completed,4
3536,Rigid,12981,12981,12990,0,9,9,completed,4
3537,Rigid,12981,12981,12990,0,9,9,completed,4
3538,Rigid,12981,12981,13002,0,21,21,completed,4
3539,Rigid,12981,12981,12999,0,18,18,completed,4
3540,Rigid,12981,12981,12990,0,9,9,completed,4
3541,Rigid,12981,12981,12990,0,9,9,completed,4
3542,Rigid,12981,12981,12990,0,9,9,completed,4
3543,Rigid,12981,12981,12990,0,9,9,completed,4
3544,Rigid,12981,12981,12990,0,9,9,completed,4
3545,Rigid,12981,12981,12990,0,9,9,completed,4
3546,Rigid,12981,12981,12990,0,9,9,completed,4
3547,Rigid,12981,12981,12990,0,9,9,completed,4
3548,Rigid,12981,12981,12990,0,9,9,completed,4
3549,Rigid,12981,12981,12990,0,9,9,completed,4
3550,Rigid,12981,12981,12990,0,9,9,completed,4
3551,Rigid,12981,12981,12990,0,9,9,completed,4
3552,Rigid,12981,12981,12990,0,9,9,completed,4
3553,Rigid,12981,12981,12990,0,9,9,completed,4
3554,Rigid,12981,12981,12990,0,9,9,completed,4
3555,Rigid,12981,12981,12990,0,9,9,completed,4
3556,Rigid,12981,12981,12998,0,17,17,completed,4
3557,Rigid,12981,12981,13003,0,22,22,completed,4
3558,Rigid,12981,12981,13000,0,19,19,completed,4
3559,Rigid,12981,12981,12997,0,16,16,completed,4
3560,Rigid,12981,12981,12997,0,16,16,completed,4
3561,Rigid,12981,12981,12996,0,15,15,completed,4
3562,Rigid,12981,12981,12990,0,9,9,completed,4
3563,Rigid,12981,12981,12990,0,9,9,completed,4
3564,Rigid,12981,12981,12990,0,9,9,completed,4
3565,Rigid,12981,12981,12990,0,9,9,completed,4
3566,Rigid,12981,12981,12990,0,9,9,completed,4
3567,Rigid,12981,12981,12997,0,16,16,completed,4
3568,Rigid,12981,12981,12994,0,13,13,completed,4
3569,Rigid,12981,12981,12991,0,10,10,completed,4
3570,Rigid,12981,12981,12994,0,13,13,completed,4
3571,Rigid,12981,12981,12994,0,13,13,completed,4
3572,Rigid,12981,12981,12997,0,16,16,completed,4
3573,Rigid,12981,12981,12999,0,18,18,completed,4
3574,Rigid,12981,12981,12998,0,17,17,completed,4
3575,Rigid,12981,12981,12990,0,9,9,completed,4
3576,Rigid,12981,12981,12990,0,9,9,completed,4
3577,Rigid,12981,12981,12990,0,9,9,completed,4
3578,Rigid,12981,12981,12990,0,9,9,completed,4
3579,Rigid,12981,12981,12990,0,9,9,completed,4
3580,Rigid,12981,12981,12994,0,13,13,completed,4
3581,Rigid,12981,12981,12994,0,13,13,completed,4
3582,Rigid,12981,12981,12990,0,9,9,completed,4
3583,Rigid,12981,12981,12990,0,9,9,completed,4
3584,Rigid,12981,12981,12990,0,9,9,completed,4
3585,Rigid,12981,12981,13011,0,30,30,completed,4
3586,Rigid,12981,12981,12997,0,16,16,completed,4
3587,Rigid,12981,12981,12997,0,16,16,completed,4
3588,Rigid,12981,12981,12995,0,14,14,completed,4
3589,Rigid,12981,12981,12991,0,10,10,completed,4
3590,Rigid,12981,12981,12995,0,14,14,completed,4
3591,Rigid,12981,12981,12997,0,16,16,completed,4
3592,Rigid,12981,12981,12990,0,9,9,completed,4
3593,Rigid,12981,12981,12990,0,9,9,completed,4
3594,Rigid,12981,12981,12990,0,9,9,completed,4
3595,Rigid,12981,12981,12990,0,9,9,completed,4
3596,Rigid,12981,12981,13004,0,23,23,completed,4
3597,Rigid,12981,12981,12991,0,10,10,completed,4
3598,Rigid,12981,12981,12991,0,10,10,completed,4
3599,Rigid,12981,12981,12999,0,18,18,completed,4
3600,Rigid,12981,12981,13002,0,21,21,completed,4
3601,Rigid,12981,12981,12999,0,18,18,completed,4
3602,Rigid,12981,12981,12990,0,9,9,completed,4
3603,Rigid,12981,12981,12990,0,9,9,completed,4
3604,Rigid,12981,12981,12990,0,9,9,completed,4
3605,Rigid,12981,12981,12990,0,9,9,completed,4
3606,Rigid,12981,12981,12992,0,11,11,completed,4
3607,Rigid,12981,12981,12999,0,18,18,completed,4
3608,Rigid,12981,12982,12996,1,14,15,completed,4
3609,Rigid,12981,12982,12999,1,17,18,completed,4
3610,Rigid,12981,12982,12991,1,9,10,completed,4
3611,Rigid,12981,12982,12991,1,9,10,completed,4
3612,Rigid,12981,12982,12991,1,9,10,completed,4
3613,Rigid,12981,12982,12991,1,9,10,completed,4
3614,Rigid,12981,12983,12992,2,9,11,completed,4
3615,Rigid,12981,12983,12992,2,9,11,completed,4
3616,Rigid,12981,12983,12992,2,9,11,completed,4
3617,Rigid,12981,12983,12992,2,9,11,completed,4
3618,Rigid,12981,12983,12992,2,9,11,completed,4
3619,Rigid,12981,12983,12992,2,9,11,completed,4
3620,Rigid,12981,12990,12999,9,9,18,completed,4
3621,Rigid,12981,12990,12999,9,9,18,completed,4
3622,Rigid,12981,12990,12999,9,9,18,completed,4
3623,Rigid,12981,12982,12996,1,14,15,completed,4
3624,Rigid,12981,12982,13000,1,18,19,completed,4
3625,Rigid,12981,12982,13008,1,26,27,completed,4
3626,Rigid,12981,12983,12993,2,10,12,completed,4
3627,Rigid,12981,12983,13002,2,19,21,completed,4
3628,Rigid,12981,12983,13002,2,19,21,completed,4
3629,Rigid,12981,12990,13000,9,10,19,completed,4
3630,Rigid,12981,12990,13006,9,16,25,completed,4
3631,Rigid,12981,12990,12999,9,9,18,completed,4
3632,Rigid,12981,12990,12999,9,9,18,completed,4
3633,Rigid,12981,12990,12999,9,9,18,completed,4
3634,Rigid,12981,12990,12999,9,9,18,completed,4
3635,Rigid,12981,12990,12999,9,9,18,completed,4
3636,Rigid,12981,12990,12999,9,9,18,completed,4
3637,Rigid,12981,12990,12999,9,9,18,completed,4
3638,Rigid,12981,12990,12999,9,9,18,completed,4
3639,Rigid,12981,12990,13006,9,16,25,completed,4
3640,Rigid,12981,12990,12999,9,9,18,completed,4
3641,Rigid,12981,12990,12999,9,9,18,completed,4
3642,Rigid,12981,12990,12999,9,9,18,completed,4
3643,Rigid,12981,12990,12999,9,9,18,completed,4
3644,Rigid,12981,12990,12999,9,9,18,completed,4
3645,Rigid,12981,12990,12999,9,9,18,completed,4
3646,Rigid,12981,12990,12999,9,9,18,completed,4
3647,Rigid,12981,12990,12999,9,9,18,completed,4
3648,Rigid,12981,12990,12999,9,9,18,completed,4
3649,Rigid,12981,12990,13000,9,10,19,completed,4
3650,Rigid,12981,12990,12999,9,9,18,completed,4
3651,Rigid,12981,12990,12999,9,9,18,completed,4
3652,Rigid,12981,12990,12999,9,9,18,completed,4
3653,Rigid,12981,12990,12999,9,9,18,completed,4
3654,Rigid,12981,12990,13000,9,10,19,completed,4
3655,Rigid,12981,12990,13008,9,18,27,completed,4
3656,Rigid,12981,12990,13000,9,10,19,completed,4
3657,Rigid,12984,13003,13095,19,92,111,completed,144
3658,Rigid,12984,13003,13067,19,64,83,completed,144
3659,Rigid,12984,13003,13082,19,79,98,completed,144
3660,Rigid,12984,13003,13086,19,83,102,completed,144
3661,Rigid,12984,13003,13149,19,146,165,completed,144
3662,Rigid,12985,13016,13087,31,71,102,completed,144
3663,Rigid,12985,13032,13095,47,63,110,completed,144
3664,Rigid,12985,13053,13124,68,71,139,completed,144
3665,Rigid,12985,13082,13173,97,91,188,completed,144
3666,Rigid,12985,13025,13140,40,115,155,completed,144
3667,Rigid,12985,13033,13499,48,466,514,completed,144
3668,Rigid,12985,13038,13418,53,380,433,completed,144
3669,Rigid,12985,13061,13196,76,135,211,completed,144
3670,Rigid,12985,13067,13312,82,245,327,completed,144
3671,Rigid,12985,13086,13381,101,295,396,completed,144
3672,Rigid,12985,13087,13436,102,349,451,completed,144
3673,Rigid,12985,13091,13489,106,398,504,completed,144
3674,Rigid,12990,12990,12999,0,9,9,completed,4
3675,Rigid,12990,12990,13000,0,10,10,completed,4
3676,Rigid,12990,12990,13000,0,10,10,completed,4
3677,Rigid,12990,12990,12999,0,9,9,completed,4
3678,Rigid,12990,12990,12999,0,9,9,completed,4
3679,Rigid,12990,12990,12999,0,9,9,completed,4
3680,Rigid,12990,12990,12999,0,9,9,completed,4
3681,Rigid,12990,12990,12999,0,9,9,completed,4
3682,Rigid,12990,12990,12999,0,9,9,completed,4
3683,Rigid,12990,12990,12999,0,9,9,completed,4
3684,Rigid,12990,12990,13000,0,10,10,completed,4
3685,Rigid,12990,12990,12999,0,9,9,completed,4
3686,Rigid,12990,12990,12999,0,9,9,completed,4
3687,Rigid,12990,12990,12998,0,8,8,completed,4
3688,Rigid,12990,12990,12998,0,8,8,completed,4
3689,Rigid,12990,12990,12999,0,9,9,completed,4
3690,Rigid,12990,12990,12999,0,9,9,completed,4
3691,Rigid,12990,12990,12999,0,9,9,completed,4
3692,Rigid,12990,12990,12999,0,9,9,completed,4
3693,Rigid,12990,12990,12998,0,8,8,completed,4
3694,Rigid,12990,12990,12998,0,8,8,completed,4
3695,Rigid,12990,12990,12998,0,8,8,completed,4
3696,Rigid,12990,12990,12998,0,8,8,completed,4
3697,Rigid,12990,12990,12999,0,9,9,completed,4
3698,Rigid,12990,12990,12999,0,9,9,completed,4
3699,Rigid,12990,12990,12999,0,9,9,completed,4
3700,Rigid,12990,12990,12999,0,9,9,completed,4
3701,Rigid,12990,12990,12999,0,9,9,completed,4
3702,Rigid,12990,12990,12999,0,9,9,completed,4
3703,Rigid,12990,12990,12999,0,9,9,completed,4
3704,Rigid,12990,12990,13003,0,13,13,completed,4
3705,Rigid,12990,12990,12999,0,9,9,completed,4
3706,Rigid,12990,12990,12999,0,9,9,completed,4
3707,Rigid,12990,12990,12999,0,9,9,completed,4
3708,Rigid,12990,12990,12999,0,9,9,completed,4
3709,Rigid,12990,12990,12999,0,9,9,completed,4
3710,Rigid,12990,12990,13003,0,13,13,completed,4
3711,Rigid,12990,12999,13155,9,156,165,completed,72
3712,Rigid,12990,12990,12999,0,9,9,completed,4
3713,Rigid,12990,12990,12999,0,9,9,completed,4
3714,Rigid,12990,12990,12999,0,9,9,completed,4
3715,Rigid,12990,12990,13000,0,10,10,completed,4
3716,Rigid,12990,12990,13000,0,10,10,completed,4
3717,Rigid,12990,12990,13000,0,10,10,completed,4
3718,Rigid,12990,12990,12999,0,9,9,completed,4
3719,Rigid,12990,12990,12999,0,9,9,completed,4
3720,Rigid,12990,12990,12999,0,9,9,completed,4
3721,Rigid,12990,12990,12999,0,9,9,completed,4
3722,Rigid,12990,12990,12999,0,9,9,completed,4
3723,Rigid,12990,12990,12999,0,9,9,completed,4
3724,Rigid,12990,12990,12999,0,9,9,completed,4
3725,Rigid,12990,12990,12999,0,9,9,completed,4
3726,Rigid,12990,12990,12999,0,9,9,completed,4
3727,Rigid,12990,12990,12999,0,9,9,completed,4
3728,Rigid,12990,12990,12999,0,9,9,completed,4
3729,Rigid,12990,12990,12999,0,9,9,completed,4
3730,Rigid,12990,12990,12999,0,9,9,completed,4
3731,Rigid,12990,12990,12999,0,9,9,completed,4
3732,Rigid,12990,12990,12999,0,9,9,completed,4
3733,Rigid,12990,12990,12999,0,9,9,completed,4
3734,Rigid,12990,12990,13001,0,11,11,completed,4
3735,Rigid,12990,12991,13000,1,9,10,completed,4
3736,Rigid,12990,12990,13002,0,12,12,completed,4
3737,Rigid,12990,12991,13001,1,10,11,completed,4
3738,Rigid,12990,12991,13001,1,10,11,completed,4
3739,Rigid,12990,12991,13001,1,10,11,completed,4
3740,Rigid,12990,12991,13001,1,10,11,completed,4
3741,Rigid,12990,12991,13006,1,15,16,completed,4
3742,Rigid,12990,12991,13005,1,14,15,completed,4
3743,Rigid,12990,12991,13002,1,11,12,completed,4
3744,Rigid,12990,12991,13000,1,9,10,completed,4
3745,Rigid,12990,12991,13002,1,11,12,completed,4
3746,Rigid,12990,12991,13004,1,13,14,completed,4
3747,Rigid,12991,12991,13000,0,9,9,completed,4
3748,Rigid,12991,12991,13000,0,9,9,completed,4
3749,Rigid,12991,12991,13000,0,9,9,completed,4
3750,Rigid,12991,12991,13004,0,13,13,completed,4
3751,Rigid,12991,12991,13001,0,10,10,completed,4
3752,Rigid,12991,12991,13001,0,10,10,completed,4
3753,Rigid,12991,12991,13001,0,10,10,completed,4
3754,Rigid,12991,12991,13000,0,9,9,completed,4
3755,Rigid,12991,12991,13000,0,9,9,completed,4
3756,Rigid,12991,12991,13004,0,13,13,completed,4
3757,Rigid,12991,12991,13004,0,13,13,completed,4
3758,Rigid,12991,12991,13000,0,9,9,completed,4
3759,Rigid,12991,12991,13000,0,9,9,completed,4
3760,Rigid,12991,12991,13000,0,9,9,completed,4
3761,Rigid,12991,12991,13000,0,9,9,completed,4
3762,Rigid,12991,12991,13000,0,9,9,completed,4
3763,Rigid,12991,12991,13000,0,9,9,completed,4
3764,Rigid,12991,12991,13009,0,18,18,completed,4
3765,Rigid,12991,12991,13003,0,12,12,completed,4
3766,Rigid,12991,12992,13008,1,16,17,completed,4
3767,Rigid,12991,12992,13004,1,12,13,completed,4
3768,Rigid,12991,12992,13001,1,9,10,completed,4
3769,Rigid,12991,12992,13001,1,9,10,completed,4
3770,Rigid,12991,12992,13001,1,9,10,completed,4
3771,Rigid,12991,12992,13001,1,9,10,completed,4
3772,Rigid,12991,12992,13001,1,9,10,completed,4
3773,Rigid,12991,12992,13001,1,9,10,completed,4
3774,Rigid,12991,12992,13007,1,15,16,completed,4
3775,Rigid,12991,12992,13005,1,13,14,completed,4
3776,Rigid,12991,12992,13007,1,15,16,completed,4
3777,Rigid,12991,12993,13006,2,13,15,completed,4
3778,Rigid,12992,12994,13003,2,9,11,completed,4
3779,Rigid,12992,12994,13003,2,9,11,completed,4
3780,Rigid,12992,12994,13003,2,9,11,completed,4
3781,Rigid,12992,12994,13003,2,9,11,completed,4
3782,Rigid,12992,12994,13003,2,9,11,completed,4
3783,Rigid,12992,12994,13003,2,9,11,completed,4
3784,Rigid,12992,12994,13003,2,9,11,completed,4
3785,Rigid,12992,12994,13003,2,9,11,completed,4
3786,Rigid,12992,12994,13010,2,16,18,completed,4
3787,Rigid,12992,12994,13004,2,10,12,completed,4
3788,Rigid,12993,12994,13003,1,9,10,completed,4
3789,Rigid,12993,12994,13003,1,9,10,completed,4
3790,Rigid,12994,12994,13004,0,10,10,completed,4
3791,Rigid,12994,12994,13003,0,9,9,completed,4
3792,Rigid,12994,12995,13010,1,15,16,completed,4
3793,Rigid,12994,12995,13010,1,15,16,completed,4
3794,Rigid,12994,12995,13004,1,9,10,completed,4
3795,Rigid,12994,12995,13004,1,9,10,completed,4
3796,Rigid,12995,12995,13004,0,9,9,completed,4
3797,Rigid,12995,12995,13004,0,9,9,completed,4
3798,Rigid,12996,12996,13007,0,11,11,completed,4
3799,Rigid,12996,12996,13007,0,11,11,completed,4
3800,Rigid,12996,12996,13007,0,11,11,completed,4
3801,Rigid,12996,12996,13007,0,11,11,completed,4
3802,Rigid,12996,12996,13007,0,11,11,completed,4
3803,Rigid,12997,12997,13008,0,11,11,completed,4
3804,Rigid,12997,12998,13007,1,9,10,completed,4
3805,Rigid,12997,12998,13007,1,9,10,completed,4
3806,Rigid,12997,12998,13014,1,16,17,completed,4
3807,Rigid,12998,12998,13008,0,10,10,completed,4
3808,Rigid,12998,12998,13008,0,10,10,completed,4
3809,Rigid,12998,12998,13015,0,17,17,completed,4
3810,Rigid,12998,12998,13013,0,15,15,completed,4
3811,Rigid,12998,12998,13014,0,16,16,completed,4
3812,Rigid,12998,12998,13014,0,16,16,completed,4
3813,Rigid,12998,12998,13012,0,14,14,completed,4
3814,Rigid,12998,12998,13014,0,16,16,completed,4
3815,Rigid,12998,13003,13021,5,18,23,completed,36
3816,Rigid,12999,12999,13008,0,9,9,completed,4
3817,Rigid,12999,12999,13010,0,11,11,completed,4
3818,Rigid,12999,12999,13009,0,10,10,completed,4
3819,Rigid,12999,12999,13015,0,16,16,completed,4
3820,Rigid,12999,13207,14129,208,922,1130,completed,36
3821,Rigid,12999,13211,14939,212,1728,1940,completed,36
3822,Rigid,12999,13211,13503,212,292,504,completed,36
3823,Rigid,12999,12999,13007,0,8,8,completed,4
3824,Rigid,12999,12999,13007,0,8,8,completed,4
3825,Rigid,12999,12999,13007,0,8,8,completed,4
3826,Rigid,12999,12999,13007,0,8,8,completed,4
3827,Rigid,12999,12999,13008,0,9,9,completed,4
3828,Rigid,12999,12999,13008,0,9,9,completed,4
3829,Rigid,12999,12999,13008,0,9,9,completed,4
3830,Rigid,12999,12999,13007,0,8,8,completed,4
3831,Rigid,12999,12999,13007,0,8,8,completed,4
3832,Rigid,12999,12999,13007,0,8,8,completed,4
3833,Rigid,12999,12999,13007,0,8,8,completed,4
3834,Rigid,12999,12999,13016,0,17,17,completed,4
3835,Rigid,12999,12999,13007,0,8,8,completed,4
3836,Rigid,12999,12999,13007,0,8,8,completed,4
3837,Rigid,12999,12999,13007,0,8,8,completed,4
3838,Rigid,12999,12999,13007,0,8,8,completed,4
3839,Rigid,12999,12999,13007,0,8,8,completed,4
3840,Rigid,12999,12999,13007,0,8,8,completed,4
3841,Rigid,12999,12999,13008,0,9,9,completed,4
3842,Rigid,12999,12999,13008,0,9,9,completed,4
3843,Rigid,12999,12999,13008,0,9,9,completed,4
3844,Rigid,12999,12999,13008,0,9,9,completed,4
3845,Rigid,12999,12999,13007,0,8,8,completed,4
3846,Rigid,12999,12999,13007,0,8,8,completed,4
3847,Rigid,12999,12999,13007,0,8,8,completed,4
3848,Rigid,12999,12999,13009,0,10,10,completed,4
3849,Rigid,12999,12999,13009,0,10,10,completed,4
3850,Rigid,12999,12999,13016,0,17,17,completed,4
3851,Rigid,12999,12999,13008,0,9,9,completed,4
3852,Rigid,12999,12999,13007,0,8,8,completed,4
3853,Rigid,12999,12999,13007,0,8,8,completed,4
3854,Rigid,13000,13000,13008,0,8,8,completed,4
3855,Rigid,13000,13000,13008,0,8,8,completed,4
3856,Rigid,13000,13000,13008,0,8,8,completed,4
3857,Rigid,13000,13000,13013,0,13,13,completed,4
3858,Rigid,13000,13000,13008,0,8,8,completed,4
3859,Rigid,13000,13000,13009,0,9,9,completed,4
3860,Rigid,13000,13000,13009,0,9,9,completed,4
3861,Rigid,13000,13000,13009,0,9,9,completed,4
3862,Rigid,13000,13000,13008,0,8,8,completed,4
3863,Rigid,13000,13000,13008,0,8,8,completed,4
3864,Rigid,13000,13000,13008,0,8,8,completed,4
3865,Rigid,13000,13000,13008,0,8,8,completed,4
3866,Rigid,13000,13000,13008,0,8,8,completed,4
3867,Rigid,13000,13000,13009,0,9,9,completed,4
3868,Rigid,13000,13000,13019,0,19,19,completed,4
3869,Rigid,13000,13000,13009,0,9,9,completed,4
3870,Rigid,13000,13000,13009,0,9,9,completed,4
3871,Rigid,13000,13000,13009,0,9,9,completed,4
3872,Rigid,13000,13211,14575,211,1364,1575,completed,36
3873,Rigid,13000,13211,13751,211,540,751,completed,36
3874,Rigid,13000,13211,14280,211,1069,1280,completed,36
3875,Rigid,13000,13000,13008,0,8,8,completed,4
3876,Rigid,13000,13000,13008,0,8,8,completed,4
3877,Rigid,13000,13000,13008,0,8,8,completed,4
3878,Rigid,13000,13000,13008,0,8,8,completed,4
3879,Rigid,13000,13000,13008,0,8,8,completed,4
3880,Rigid,13000,13000,13008,0,8,8,completed,4
3881,Rigid,13000,13000,13008,0,8,8,completed,4
3882,Rigid,13000,13000,13008,0,8,8,completed,4
3883,Rigid,13000,13000,13008,0,8,8,completed,4
3884,Rigid,13000,13000,13008,0,8,8,completed,4
3885,Rigid,13000,13000,13008,0,8,8,completed,4
3886,Rigid,13000,13000,13008,0,8,8,completed,4
3887,Rigid,13000,13000,13008,0,8,8,completed,4
3888,Rigid,13000,13000,13008,0,8,8,completed,4
3889,Rigid,13000,13000,13008,0,8,8,completed,4
3890,Rigid,13000,13000,13017,0,17,17,completed,4
3891,Rigid,13000,13000,13008,0,8,8,completed,4
3892,Rigid,13000,13000,13008,0,8,8,completed,4
3893,Rigid,13000,13000,13008,0,8,8,completed,4
3894,Rigid,13000,13000,13008,0,8,8,completed,4
3895,Rigid,13000,13000,13018,0,18,18,completed,4
3896,Rigid,13000,13000,13016,0,16,16,completed,4
3897,Rigid,13000,13000,13016,0,16,16,completed,4
3898,Rigid,13000,13000,13010,0,10,10,completed,4
3899,Rigid,13000,13000,13010,0,10,10,completed,4
3900,Rigid,13000,13000,13009,0,9,9,completed,4
3901,Rigid,13000,13000,13009,0,9,9,completed,4
3902,Rigid,13000,13000,13009,0,9,9,completed,4
3903,Rigid,13000,13000,13009,0,9,9,completed,4
3904,Rigid,13000,13000,13010,0,10,10,completed,4
3905,Rigid,13000,13000,13012,0,12,12,completed,4
3906,Rigid,13000,13000,13009,0,9,9,completed,4
3907,Rigid,13000,13000,13009,0,9,9,completed,4
3908,Rigid,13000,13000,13009,0,9,9,completed,4
3909,Rigid,13000,13000,13009,0,9,9,completed,4
3910,Rigid,13000,13001,13010,1,9,10,completed,4
3911,Rigid,13000,13001,13010,1,9,10,completed,4
3912,Rigid,13000,13001,13010,1,9,10,completed,4
3913,Rigid,13000,13001,13010,1,9,10,completed,4
3914,Rigid,13000,13001,13010,1,9,10,completed,4
3915,Rigid,13000,13001,13010,1,9,10,completed,4
3916,Rigid,13000,13001,13019,1,18,19,completed,4
3917,Rigid,13000,13001,13010,1,9,10,completed,4
3918,Rigid,13000,13001,13010,1,9,10,completed,4
3919,Rigid,13001,13001,13010,0,9,9,completed,4
3920,Rigid,13001,13001,13013,0,12,12,completed,4
3921,Rigid,13001,13001,13012,0,11,11,completed,4
3922,Rigid,13001,13001,13010,0,9,9,completed,4
3923,Rigid,13001,13001,13010,0,9,9,completed,4
3924,Rigid,13001,13001,13010,0,9,9,completed,4
3925,Rigid,13001,13001,13010,0,9,9,completed,4
3926,Rigid,13001,13001,13009,0,8,8,completed,4
3927,Rigid,13001,13001,13009,0,8,8,completed,4
3928,Rigid,13001,13001,13009,0,8,8,completed,4
3929,Rigid,13001,13001,13009,0,8,8,completed,4
3930,Rigid,13001,13218,14290,217,1072,1289,completed,36
3931,Rigid,13001,13225,14100,224,875,1099,completed,36
3932,Rigid,13001,13228,14318,227,1090,1317,completed,36
3933,Rigid,13001,13001,13010,0,9,9,completed,4
3934,Rigid,13001,13001,13010,0,9,9,completed,4
3935,Rigid,13001,13001,13010,0,9,9,completed,4
3936,Rigid,13001,13001,13010,0,9,9,completed,4
3937,Rigid,13001,13001,13011,0,10,10,completed,4
3938,Rigid,13001,13001,13011,0,10,10,completed,4
3939,Rigid,13001,13001,13017,0,16,16,completed,4
3940,Rigid,13001,13001,13010,0,9,9,completed,4
3941,Rigid,13001,13001,13010,0,9,9,completed,4
3942,Rigid,13001,13001,13010,0,9,9,completed,4
3943,Rigid,13001,13001,13010,0,9,9,completed,4
3944,Rigid,13001,13001,13010,0,9,9,completed,4
3945,Rigid,13001,13001,13010,0,9,9,completed,4
3946,Rigid,13001,13001,13010,0,9,9,completed,4
3947,Rigid,13001,13001,13010,0,9,9,completed,4
3948,Rigid,13001,13001,13010,0,9,9,completed,4
3949,Rigid,13001,13001,13010,0,9,9,completed,4
3950,Rigid,13002,13002,13011,0,9,9,completed,4
3951,Rigid,13002,13002,13016,0,14,14,completed,4
3952,Rigid,13002,13002,13015,0,13,13,completed,4
3953,Rigid,13002,13002,13015,0,13,13,completed,4
3954,Rigid,13002,13002,13012,0,10,10,completed,4
3955,Rigid,13002,13002,13012,0,10,10,completed,4
3956,Rigid,13002,13002,13012,0,10,10,completed,4
3957,Rigid,13002,13002,13013,0,11,11,completed,4
3958,Rigid,13002,13002,13013,0,11,11,completed,4
3959,Rigid,13002,13002,13016,0,14,14,completed,4
3960,Rigid,13002,13002,13017,0,15,15,completed,4
3961,Rigid,13003,13003,13017,0,14,14,completed,4
3962,Rigid,13003,13004,13016,1,12,13,completed,4
3963,Rigid,13003,13004,13017,1,13,14,completed,4
3964,Rigid,13003,13004,13013,1,9,10,completed,4
3965,Rigid,13003,13004,13012,1,8,9,completed,4
3966,Rigid,13004,13004,13012,0,8,8,completed,4
3967,Rigid,13004,13004,13012,0,8,8,completed,4
3968,Rigid,13004,13004,13012,0,8,8,completed,4
3969,Rigid,13004,13004,13012,0,8,8,completed,4
3970,Rigid,13004,13004,13012,0,8,8,completed,4
3971,Rigid,13004,13004,13012,0,8,8,completed,4
3972,Rigid,13004,13004,13012,0,8,8,completed,4
3973,Rigid,13004,13004,13012,0,8,8,completed,4
3974,Rigid,13004,13004,13012,0,8,8,completed,4
3975,Rigid,13004,13004,13016,0,12,12,completed,4
3976,Rigid,13004,13004,13012,0,8,8,completed,4
3977,Rigid,13004,13004,13012,0,8,8,completed,4
3978,Rigid,13004,13004,13012,0,8,8,completed,4
3979,Rigid,13004,13004,13012,0,8,8,completed,4
3980,Rigid,13004,13004,13012,0,8,8,completed,4
3981,Rigid,13004,13004,13012,0,8,8,completed,4
3982,Rigid,13004,13004,13013,0,9,9,completed,4
3983,Rigid,13005,13005,13013,0,8,8,completed,4
3984,Rigid,13005,13005,13013,0,8,8,completed,4
3985,Rigid,13005,13005,13013,0,8,8,completed,4
3986,Rigid,13005,13005,13013,0,8,8,completed,4
3987,Rigid,13005,13005,13017,0,12,12,completed,4
3988,Rigid,13005,13005,13016,0,11,11,completed,4
3989,Rigid,13005,13005,13016,0,11,11,completed,4
3990,Rigid,13005,13005,13015,0,10,10,completed,4
3991,Rigid,13005,13005,13015,0,10,10,completed,4
3992,Rigid,13006,13006,13016,0,10,10,completed,4
3993,Rigid,13006,13006,13016,0,10,10,completed,4
3994,Rigid,13006,13006,13017,0,11,11,completed,4
3995,Rigid,13007,13007,13019,0,12,12,completed,4
3996,Rigid,13007,13007,13019,0,12,12,completed,4
3997,Rigid,13007,13007,13016,0,9,9,completed,4
3998,Rigid,13007,13007,13016,0,9,9,completed,4
3999,Rigid,13007,13007,13016,0,9,9,completed,4
4000,Rigid,13007,13007,13022,0,15,15,completed,4
4001,Rigid,13007,13007,13016,0,9,9,completed,4
4002,Rigid,13007,13007,13016,0,9,9,completed,4
4003,Rigid,13007,13007,13016,0,9,9,completed,4
4004,Rigid,13008,13008,13017,0,9,9,completed,4
4005,Rigid,13008,13008,13018,0,10,10,completed,4
4006,Rigid,13008,13008,13016,0,8,8,completed,4
4007,Rigid,13008,13008,13017,0,9,9,completed,4
4008,Rigid,13008,13008,13016,0,8,8,completed,4
4009,Rigid,13008,13008,13016,0,8,8,completed,4
4010,Rigid,13008,13008,13016,0,8,8,completed,4
4011,Rigid,13008,13008,13016,0,8,8,completed,4
4012,Rigid,13008,13008,13016,0,8,8,completed,4
4013,Rigid,13008,13008,13016,0,8,8,completed,4
4014,Rigid,13008,13008,13016,0,8,8,completed,4
4015,Rigid,13008,13008,13016,0,8,8,completed,4
4016,Rigid,13008,13008,13016,0,8,8,completed,4
4017,Rigid,13008,13008,13017,0,9,9,completed,4
4018,Rigid,13008,13008,13016,0,8,8,completed,4
4019,Rigid,13008,13008,13016,0,8,8,completed,4
4020,Rigid,13008,13008,13016,0,8,8,completed,4
4021,Rigid,13008,13008,13016,0,8,8,completed,4
4022,Rigid,13008,13008,13016,0,8,8,completed,4
4023,Rigid,13008,13008,13018,0,10,10,completed,4
4024,Rigid,13008,13008,13016,0,8,8,completed,4
4025,Rigid,13008,13008,13016,0,8,8,completed,4
4026,Rigid,13008,13008,13017,0,9,9,completed,4
4027,Rigid,13008,13008,13017,0,9,9,completed,4
4028,Rigid,13008,13008,13016,0,8,8,completed,4
4029,Rigid,13008,13008,13018,0,10,10,completed,4
4030,Rigid,13009,13009,13017,0,8,8,completed,4
4031,Rigid,13009,13009,13017,0,8,8,completed,4
4032,Rigid,13009,13009,13017,0,8,8,completed,4
4033,Rigid,13009,13009,13017,0,8,8,completed,4
4034,Rigid,13009,13009,13017,0,8,8,completed,4
4035,Rigid,13009,13009,13017,0,8,8,completed,4
4036,Rigid,13009,13009,13017,0,8,8,completed,4
4037,Rigid,13009,13009,13017,0,8,8,completed,4
4038,Rigid,13009,13009,13017,0,8,8,completed,4
4039,Rigid,13009,13009,13017,0,8,8,completed,4
4040,Rigid,13009,13009,13017,0,8,8,completed,4
4041,Rigid,13009,13009,13017,0,8,8,completed,4
4042,Rigid,13009,13009,13017,0,8,8,completed,4
4043,Rigid,13009,13009,13017,0,8,8,completed,4
4044,Rigid,13009,13009,13017,0,8,8,completed,4
4045,Rigid,13009,13009,13017,0,8,8,completed,4
4046,Rigid,13009,13009,13017,0,8,8,completed,4
4047,Rigid,13009,13009,13017,0,8,8,completed,4
4048,Rigid,13009,13009,13017,0,8,8,completed,4
4049,Rigid,13009,13009,13017,0,8,8,completed,4
4050,Rigid,13009,13009,13019,0,10,10,completed,4
4051,Rigid,13009,13009,13019,0,10,10,completed,4
4052,Rigid,13009,13009,13017,0,8,8,completed,4
4053,Rigid,13009,13009,13017,0,8,8,completed,4
4054,Rigid,13009,13009,13017,0,8,8,completed,4
4055,Rigid,13009,13009,13017,0,8,8,completed,4
4056,Rigid,13009,13009,13017,0,8,8,completed,4
4057,Rigid,13009,13009,13017,0,8,8,completed,4
4058,Rigid,13009,13009,13017,0,8,8,completed,4
4059,Rigid,13009,13009,13017,0,8,8,completed,4
4060,Rigid,13009,13009,13017,0,8,8,completed,4
4061,Rigid,13009,13009,13017,0,8,8,completed,4
4062,Rigid,13009,13009,13017,0,8,8,completed,4
4063,Rigid,13009,13009,13017,0,8,8,completed,4
4064,Rigid,13009,13009,13017,0,8,8,completed,4
4065,Rigid,13009,13009,13018,0,9,9,completed,4
4066,Rigid,13009,13009,13017,0,8,8,completed,4
4067,Rigid,13009,13009,13017,0,8,8,completed,4
4068,Rigid,13009,13009,13017,0,8,8,completed,4
4069,Rigid,13009,13009,13017,0,8,8,completed,4
4070,Rigid,13009,13009,13017,0,8,8,completed,4
4071,Rigid,13009,13009,13018,0,9,9,completed,4
4072,Rigid,13009,13009,13018,0,9,9,completed,4
4073,Rigid,13009,13009,13018,0,9,9,completed,4
4074,Rigid,13009,13009,13018,0,9,9,completed,4
4075,Rigid,13010,13010,13018,0,8,8,completed,4
4076,Rigid,13010,13010,13018,0,8,8,completed,4
4077,Rigid,13010,13010,13022,0,12,12,completed,4
4078,Rigid,13010,13010,13018,0,8,8,completed,4
4079,Rigid,13010,13010,13018,0,8,8,completed,4
4080,Rigid,13010,13010,13018,0,8,8,completed,4
4081,Rigid,13010,13010,13018,0,8,8,completed,4
4082,Rigid,13010,13010,13018,0,8,8,completed,4
4083,Rigid,13010,13010,13018,0,8,8,completed,4
4084,Rigid,13010,13010,13018,0,8,8,completed,4
4085,Rigid,13010,13010,13018,0,8,8,completed,4
4086,Rigid,13010,13010,13018,0,8,8,completed,4
4087,Rigid,13010,13010,13018,0,8,8,completed,4
4088,Rigid,13010,13010,13018,0,8,8,completed,4
4089,Rigid,13010,13010,13018,0,8,8,completed,4
4090,Rigid,13010,13010,13018,0,8,8,completed,4
4091,Rigid,13010,13010,13018,0,8,8,completed,4
4092,Rigid,13010,13010,13024,0,14,14,completed,4
4093,Rigid,13010,13010,13018,0,8,8,completed,4
4094,Rigid,13010,13010,13018,0,8,8,completed,4
4095,Rigid,13010,13010,13018,0,8,8,completed,4
4096,Rigid,13010,13010,13018,0,8,8,completed,4
4097,Rigid,13010,13010,13018,0,8,8,completed,4
4098,Rigid,13010,13010,13018,0,8,8,completed,4
4099,Rigid,13010,13010,13018,0,8,8,completed,4
4100,Rigid,13010,13010,13020,0,10,10,completed,4
4101,Rigid,13010,13010,13018,0,8,8,completed,4
4102,Rigid,13010,13010,13018,0,8,8,completed,4
4103,Rigid,13010,13010,13018,0,8,8,completed,4
4104,Rigid,13010,13010,13019,0,9,9,completed,4
4105,Rigid,13010,13010,13019,0,9,9,completed,4
4106,Rigid,13010,13010,13019,0,9,9,completed,4
4107,Rigid,13010,13010,13018,0,8,8,completed,4
4108,Rigid,13010,13010,13018,0,8,8,completed,4
4109,Rigid,13010,13010,13018,0,8,8,completed,4
4110,Rigid,13010,13010,13018,0,8,8,completed,4
4111,Rigid,13010,13010,13024,0,14,14,completed,4
4112,Rigid,13010,13010,13018,0,8,8,completed,4
4113,Rigid,13010,13010,13018,0,8,8,completed,4
4114,Rigid,13010,13010,13018,0,8,8,completed,4
4115,Rigid,13010,13010,13018,0,8,8,completed,4
4116,Rigid,13010,13010,13018,0,8,8,completed,4
4117,Rigid,13010,13010,13018,0,8,8,completed,4
4118,Rigid,13010,13010,13018,0,8,8,completed,4
4119,Rigid,13011,13011,13019,0,8,8,completed,4
4120,Rigid,13011,13011,13019,0,8,8,completed,4
4121,Rigid,13011,13011,13019,0,8,8,completed,4
4122,Rigid,13011,13011,13019,0,8,8,completed,4
4123,Rigid,13011,13011,13019,0,8,8,completed,4
4124,Rigid,13011,13011,13019,0,8,8,completed,4
4125,Rigid,13012,13012,13024,0,12,12,completed,4
4126,Rigid,13012,13012,13025,0,13,13,completed,4
4127,Rigid,13012,13012,13028,0,16,16,completed,4
4128,Rigid,13012,13012,13021,0,9,9,completed,4
4129,Rigid,13012,13012,13021,0,9,9,completed,4
4130,Rigid,13012,13012,13021,0,9,9,completed,4
4131,Rigid,13013,13013,13021,0,8,8,completed,4
4132,Rigid,13013,13013,13021,0,8,8,completed,4
4133,Rigid,13013,13013,13021,0,8,8,completed,4
4134,Rigid,13013,13013,13021,0,8,8,completed,4
4135,Rigid,13013,13013,13021,0,8,8,completed,4
4136,Rigid,13013,13013,13021,0,8,8,completed,4
4137,Rigid,13013,13013,13021,0,8,8,completed,4
4138,Rigid,13013,13013,13021,0,8,8,completed,4
4139,Rigid,13013,13013,13022,0,9,9,completed,4
4140,Rigid,13013,13013,13022,0,9,9,completed,4
4141,Rigid,13013,13013,13022,0,9,9,completed,4
4142,Rigid,13013,13013,13024,0,11,11,completed,4
4143,Rigid,13013,13013,13021,0,8,8,completed,4
4144,Rigid,13013,13013,13021,0,8,8,completed,4
4145,Rigid,13013,13013,13021,0,8,8,completed,4
4146,Rigid,13013,13013,13024,0,11,11,completed,4
4147,Rigid,13013,13013,13021,0,8,8,completed,4
4148,Rigid,13013,13013,13021,0,8,8,completed,4
4149,Rigid,13013,13013,13025,0,12,12,completed,4
4150,Rigid,13013,13013,13026,0,13,13,completed,4
4151,Rigid,13013,13013,13025,0,12,12,completed,4
4152,Rigid,13013,13013,13021,0,8,8,completed,4
4153,Rigid,13013,13013,13021,0,8,8,completed,4
4154,Rigid,13013,13013,13021,0,8,8,completed,4
4155,Rigid,13013,13013,13021,0,8,8,completed,4
4156,Rigid,13014,13014,13022,0,8,8,completed,4
4157,Rigid,13014,13014,13027,0,13,13,completed,4
4158,Rigid,13014,13014,13024,0,10,10,completed,4
4159,Rigid,13014,13014,13024,0,10,10,completed,4
4160,Rigid,13014,13014,13022,0,8,8,completed,4
4161,Rigid,13014,13014,13022,0,8,8,completed,4
4162,Rigid,13014,13014,13022,0,8,8,completed,4
4163,Rigid,13014,13014,13022,0,8,8,completed,4
4164,Rigid,13015,13015,13027,0,12,12,completed,4
4165,Rigid,13015,13015,13026,0,11,11,completed,4
4166,Rigid,13015,13015,13027,0,12,12,completed,4
4167,Rigid,13015,13015,13027,0,12,12,completed,4
4168,Rigid,13016,13016,13026,0,10,10,completed,4
4169,Rigid,13016,13016,13028,0,12,12,completed,4
4170,Rigid,13016,13016,13024,0,8,8,completed,4
4171,Rigid,13016,13016,13024,0,8,8,completed,4
4172,Rigid,13016,13016,13024,0,8,8,completed,4
4173,Rigid,13016,13016,13024,0,8,8,completed,4
4174,Rigid,13016,13016,13024,0,8,8,completed,4
4175,Rigid,13016,13016,13024,0,8,8,completed,4
4176,Rigid,13016,13016,13026,0,10,10,completed,4
4177,Rigid,13016,13016,13026,0,10,10,completed,4
4178,Rigid,13016,13016,13024,0,8,8,completed,4
4179,Rigid,13016,13016,13024,0,8,8,completed,4
4180,Rigid,13016,13016,13024,0,8,8,completed,4
4181,Rigid,13016,13016,13024,0,8,8,completed,4
4182,Rigid,13016,13016,13024,0,8,8,completed,4
4183,Rigid,13016,13016,13024,0,8,8,completed,4
4184,Rigid,13016,13016,13024,0,8,8,completed,4
4185,Rigid,13016,13016,13026,0,10,10,completed,4
4186,Rigid,13017,13017,13025,0,8,8,completed,4
4187,Rigid,13017,13017,13025,0,8,8,completed,4
4188,Rigid,13017,13017,13025,0,8,8,completed,4
4189,Rigid,13017,13017,13025,0,8,8,completed,4
4190,Rigid,13017,13017,13025,0,8,8,completed,4
4191,Rigid,13017,13017,13024,0,7,7,completed,4
4192,Rigid,13017,13017,13024,0,7,7,completed,4
4193,Rigid,13017,13017,13024,0,7,7,completed,4
4194,Rigid,13017,13017,13033,0,16,16,completed,4
4195,Rigid,13017,13017,13025,0,8,8,completed,4
4196,Rigid,13017,13017,13028,0,11,11,completed,4
4197,Rigid,13017,13017,13025,0,8,8,completed,4
4198,Rigid,13017,13017,13025,0,8,8,completed,4
4199,Rigid,13017,13017,13025,0,8,8,completed,4
4200,Rigid,13017,13017,13025,0,8,8,completed,4
4201,Rigid,13017,13017,13025,0,8,8,completed,4
4202,Rigid,13017,13017,13025,0,8,8,completed,4
4203,Rigid,13017,13017,13024,0,7,7,completed,4
4204,Rigid,13017,13017,13024,0,7,7,completed,4
4205,Rigid,13017,13017,13027,0,10,10,completed,4
4206,Rigid,13017,13017,13024,0,7,7,completed,4
4207,Rigid,13017,13017,13024,0,7,7,completed,4
4208,Rigid,13017,13017,13024,0,7,7,completed,4
4209,Rigid,13017,13017,13024,0,7,7,completed,4
4210,Rigid,13017,13017,13025,0,8,8,completed,4
4211,Rigid,13017,13017,13025,0,8,8,completed,4
4212,Rigid,13017,13017,13025,0,8,8,completed,4
4213,Rigid,13017,13017,13024,0,7,7,completed,4
4214,Rigid,13017,13017,13024,0,7,7,completed,4
4215,Rigid,13017,13017,13024,0,7,7,completed,4
4216,Rigid,13017,13017,13024,0,7,7,completed,4
4217,Rigid,13017,13017,13028,0,11,11,completed,4
4218,Rigid,13017,13017,13025,0,8,8,completed,4
4219,Rigid,13017,13017,13025,0,8,8,completed,4
4220,Rigid,13017,13017,13026,0,9,9,completed,4
4221,Rigid,13017,13017,13026,0,9,9,completed,4
4222,Rigid,13017,13017,13026,0,9,9,completed,4
4223,Rigid,13017,13017,13024,0,7,7,completed,4
4224,Rigid,13017,13017,13024,0,7,7,completed,4
4225,Rigid,13017,13017,13024,0,7,7,completed,4
4226,Rigid,13017,13017,13024,0,7,7,completed,4
4227,Rigid,13017,13017,13024,0,7,7,completed,4
4228,Rigid,13017,13017,13024,0,7,7,completed,4
4229,Rigid,13017,13017,13024,0,7,7,completed,4
4230,Rigid,13017,13017,13029,0,12,12,completed,4
4231,Rigid,13017,13017,13024,0,7,7,completed,4
4232,Rigid,13017,13017,13024,0,7,7,completed,4
4233,Rigid,13017,13017,13024,0,7,7,completed,4
4234,Rigid,13017,13017,13024,0,7,7,completed,4
4235,Rigid,13017,13017,13024,0,7,7,completed,4
4236,Rigid,13017,13017,13024,0,7,7,completed,4
4237,Rigid,13017,13017,13024,0,7,7,completed,4
4238,Rigid,13017,13017,13024,0,7,7,completed,4
4239,Rigid,13017,13017,13024,0,7,7,completed,4
4240,Rigid,13017,13017,13067,0,50,50,completed,4
4241,Rigid,13017,13017,13083,0,66,66,completed,4
4242,Rigid,13017,13017,13286,0,269,269,completed,4
4243,Rigid,13017,13017,13058,0,41,41,completed,4
4244,Rigid,13018,13018,13056,0,38,38,completed,4
4245,Rigid,13018,13018,13064,0,46,46,completed,4
4246,Rigid,13018,13018,13063,0,45,45,completed,4
4247,Rigid,13018,13018,13311,0,293,293,completed,4
4248,Rigid,13018,13018,13269,0,251,251,completed,4
4249,Rigid,13022,13330,13356,308,26,334,completed,36
4250,Rigid,13022,13229,13240,207,11,218,completed,36
4251,Rigid,13022,13229,13249,207,20,227,completed,36
4252,Rigid,13022,13239,13251,217,12,229,completed,36
4253,Rigid,13022,13240,13251,218,11,229,completed,36
4254,Rigid,13022,13250,13321,228,71,299,completed,36
4255,Rigid,13022,13251,13278,229,27,256,completed,36
4256,Rigid,13022,13280,13292,258,12,270,completed,36
4257,Rigid,13022,13325,13347,303,22,325,completed,36
4258,Rigid,13022,13330,13350,308,20,328,completed,36
4259,Rigid,13027,13027,14755,0,1728,1728,completed,24
4260,Rigid,13028,13345,14773,317,1428,1745,completed,108
4261,Rigid,13038,13149,13228,111,79,190,completed,36
4262,Rigid,13038,13149,13218,111,69,180,completed,36
4263,Rigid,13038,13156,13228,118,72,190,completed,36
4264,Rigid,13038,13156,13211,118,55,173,completed,36
4265,Rigid,13038,13096,13126,58,30,88,completed,36
4266,Rigid,13038,13160,13239,122,79,201,completed,36
4267,Rigid,13038,13162,13224,124,62,186,completed,36
4268,Rigid,13038,13100,13178,62,78,140,completed,36
4269,Rigid,13038,13128,13189,90,61,151,completed,36
4270,Rigid,13038,13143,13180,105,37,142,completed,36
4271,Rigid,13038,13143,13168,105,25,130,completed,36
4272,Rigid,13038,13143,13198,105,55,160,completed,36
4273,Rigid,13038,13143,13178,105,35,140,completed,36
4274,Rigid,13038,13149,13160,111,11,122,completed,36
4275,Rigid,13038,13149,13162,111,13,124,completed,36
4276,Rigid,13040,13040,13472,0,432,432,completed,36
4277,Rigid,13041,13074,13075,33,1,34,completed,36
4278,Rigid,13056,13056,13080,0,24,24,completed,1
4279,Rigid,13059,13059,13087,0,28,28,completed,1
4280,Rigid,13063,13063,13096,0,33,33,completed,1
4281,Rigid,13065,13065,13099,0,34,34,completed,1
4282,Rigid,13068,13068,13107,0,39,39,completed,1
4283,Rigid,13081,13081,13222,0,141,141,completed,4
4284,Rigid,13084,13084,13139,0,55,55,completed,1
4285,Rigid,13088,13088,13231,0,143,143,completed,4
4286,Rigid,13088,13089,13090,1,1,2,completed,1
4287,Rigid,13089,13089,13090,0,1,1,completed,1
4288,Rigid,13089,13089,13090,0,1,1,completed,1
4289,Rigid,13089,13089,13090,0,1,1,completed,1
4290,Rigid,13089,13089,13090,0,1,1,completed,1
4291,Rigid,13089,13089,13090,0,1,1,completed,1
4292,Rigid,13090,13090,13099,0,9,9,completed,2
4293,Rigid,13090,13090,13099,0,9,9,completed,2
4294,Rigid,13090,13090,13099,0,9,9,completed,2
4295,Rigid,13090,13090,13093,0,3,3,completed,2
4296,Rigid,13090,13090,13093,0,3,3,completed,2
4297,Rigid,13090,13090,13105,0,15,15,completed,2
4298,Rigid,13090,13090,13125,0,35,35,completed,1
4299,Rigid,13090,13090,13126,0,36,36,completed,1
4300,Rigid,13090,13090,13105,0,15,15,completed,2
4301,Rigid,13090,13090,13099,0,9,9,completed,2
4302,Rigid,13090,13090,13093,0,3,3,completed,2
4303,Rigid,13090,13090,13099,0,9,9,completed,1
4304,Rigid,13090,13090,13101,0,11,11,completed,2
4305,Rigid,13090,13090,13101,0,11,11,completed,1
4306,Rigid,13090,13090,13093,0,3,3,completed,2
4307,Rigid,13090,13090,13092,0,2,2,completed,2
4308,Rigid,13090,13090,13092,0,2,2,completed,2
4309,Rigid,13090,13090,13092,0,2,2,completed,2
4310,Rigid,13090,13090,13092,0,2,2,completed,2
4311,Rigid,13090,13090,13101,0,11,11,completed,2
4312,Rigid,13090,13090,13101,0,11,11,completed,2
4313,Rigid,13090,13090,13101,0,11,11,completed,1
4314,Rigid,13090,13090,13092,0,2,2,completed,2
4315,Rigid,13090,13090,13092,0,2,2,completed,2
4316,Rigid,13090,13090,13099,0,9,9,completed,1
4317,Rigid,13090,13090,13092,0,2,2,completed,2
4318,Rigid,13090,13090,13092,0,2,2,completed,2
4319,Rigid,13090,13090,13098,0,8,8,completed,1
4320,Rigid,13090,13090,13092,0,2,2,completed,2
4321,Rigid,13090,13090,13101,0,11,11,completed,2
4322,Rigid,13090,13090,13101,0,11,11,completed,2
4323,Rigid,13090,13090,13092,0,2,2,completed,2
4324,Rigid,13090,13090,13092,0,2,2,completed,2
4325,Rigid,13090,13090,13092,0,2,2,completed,2
4326,Rigid,13090,13090,13098,0,8,8,completed,1
4327,Rigid,13090,13090,13098,0,8,8,completed,1
4328,Rigid,13090,13090,13098,0,8,8,completed,1
4329,Rigid,13090,13090,13100,0,10,10,completed,2
4330,Rigid,13090,13090,13101,0,11,11,completed,2
4331,Rigid,13090,13090,13098,0,8,8,completed,1
4332,Rigid,13090,13090,13092,0,2,2,completed,2
4333,Rigid,13090,13090,13098,0,8,8,completed,1
4334,Rigid,13090,13090,13092,0,2,2,completed,2
4335,Rigid,13090,13090,13092,0,2,2,completed,2
4336,Rigid,13090,13090,13092,0,2,2,completed,2
4337,Rigid,13090,13090,13101,0,11,11,completed,2
4338,Rigid,13090,13090,13101,0,11,11,completed,2
4339,Rigid,13090,13090,13101,0,11,11,completed,2
4340,Rigid,13090,13090,13092,0,2,2,completed,2
4341,Rigid,13090,13090,13092,0,2,2,completed,2
4342,Rigid,13090,13090,13092,0,2,2,completed,2
4343,Rigid,13090,13090,13092,0,2,2,completed,2
4344,Rigid,13090,13090,13098,0,8,8,completed,1
4345,Rigid,13090,13090,13092,0,2,2,completed,2
4346,Rigid,13090,13090,13092,0,2,2,completed,2
4347,Rigid,13090,13090,13092,0,2,2,completed,2
4348,Rigid,13090,13090,13092,0,2,2,completed,2
4349,Rigid,13090,13090,13100,0,10,10,completed,2
4350,Rigid,13090,13090,13092,0,2,2,completed,2
4351,Rigid,13090,13090,13092,0,2,2,completed,2
4352,Rigid,13090,13090,13092,0,2,2,completed,2
4353,Rigid,13090,13090,13092,0,2,2,completed,2
4354,Rigid,13090,13090,13101,0,11,11,completed,2
4355,Rigid,13090,13090,13092,0,2,2,completed,2
4356,Rigid,13090,13090,13092,0,2,2,completed,2
4357,Rigid,13090,13090,13092,0,2,2,completed,2
4358,Rigid,13090,13090,13098,0,8,8,completed,1
4359,Rigid,13090,13091,13093,1,2,3,completed,2
4360,Rigid,13090,13091,13099,1,8,9,completed,1
4361,Rigid,13090,13091,13093,1,2,3,completed,2
4362,Rigid,13090,13091,13102,1,11,12,completed,2
4363,Rigid,13090,13091,13102,1,11,12,completed,2
4364,Rigid,13090,13091,13099,1,8,9,completed,1
4365,Rigid,13090,13091,13093,1,2,3,completed,2
4366,Rigid,13090,13091,13093,1,2,3,completed,2
4367,Rigid,13090,13091,13093,1,2,3,completed,2
4368,Rigid,13090,13091,13099,1,8,9,completed,1
4369,Rigid,13090,13091,13099,1,8,9,completed,1
4370,Rigid,13090,13091,13093,1,2,3,completed,2
4371,Rigid,13090,13091,13102,1,11,12,completed,2
4372,Rigid,13090,13091,13102,1,11,12,completed,2
4373,Rigid,13091,13091,13093,0,2,2,completed,2
4374,Rigid,13091,13091,13099,0,8,8,completed,1
4375,Rigid,13091,13091,13093,0,2,2,completed,2
4376,Rigid,13091,13091,13093,0,2,2,completed,2
4377,Rigid,13091,13091,13099,0,8,8,completed,1
4378,Rigid,13091,13091,13099,0,8,8,completed,1
4379,Rigid,13091,13091,13093,0,2,2,completed,2
4380,Rigid,13091,13091,13102,0,11,11,completed,2
4381,Rigid,13091,13091,13099,0,8,8,completed,1
4382,Rigid,13091,13091,13101,0,10,10,completed,2
4383,Rigid,13091,13091,13101,0,10,10,completed,2
4384,Rigid,13091,13091,13101,0,10,10,completed,2
4385,Rigid,13091,13091,13093,0,2,2,completed,2
4386,Rigid,13091,13091,13093,0,2,2,completed,2
4387,Rigid,13091,13091,13098,0,7,7,completed,1
4388,Rigid,13091,13091,13099,0,8,8,completed,1
4389,Rigid,13091,13091,13093,0,2,2,completed,2
4390,Rigid,13091,13091,13102,0,11,11,completed,2
4391,Rigid,13091,13091,13101,0,10,10,completed,2
4392,Rigid,13093,13093,13095,0,2,2,completed,2
4393,Rigid,13093,13093,13101,0,8,8,completed,1
4394,Rigid,13093,13093,13104,0,11,11,completed,2
4395,Rigid,13093,13093,13095,0,2,2,completed,2
4396,Rigid,13093,13093,13095,0,2,2,completed,2
4397,Rigid,13093,13093,13100,0,7,7,completed,1
4398,Rigid,13093,13093,13104,0,11,11,completed,2
4399,Rigid,13093,13093,13095,0,2,2,completed,2
4400,Rigid,13093,13093,13095,0,2,2,completed,2
4401,Rigid,13093,13093,13095,0,2,2,completed,2
4402,Rigid,13093,13093,13100,0,7,7,completed,1
4403,Rigid,13093,13093,13104,0,11,11,completed,2
4404,Rigid,13093,13093,13100,0,7,7,completed,1
4405,Rigid,13093,13093,13095,0,2,2,completed,2
4406,Rigid,13093,13093,13095,0,2,2,completed,2
4407,Rigid,13093,13093,13100,0,7,7,completed,1
4408,Rigid,13093,13093,13100,0,7,7,completed,1
4409,Rigid,13093,13093,13104,0,11,11,completed,2
4410,Rigid,13093,13093,13104,0,11,11,completed,2
4411,Rigid,13093,13093,13104,0,11,11,completed,2
4412,Rigid,13093,13093,13095,0,2,2,completed,2
4413,Rigid,13093,13093,13095,0,2,2,completed,2
4414,Rigid,13093,13093,13095,0,2,2,completed,2
4415,Rigid,13093,13093,13095,0,2,2,completed,2
4416,Rigid,13093,13093,13095,0,2,2,completed,2
4417,Rigid,13093,13093,13100,0,7,7,completed,1
4418,Rigid,13093,13093,13104,0,11,11,completed,2
4419,Rigid,13093,13093,13095,0,2,2,completed,2
4420,Rigid,13093,13093,13100,0,7,7,completed,1
4421,Rigid,13093,13093,13095,0,2,2,completed,2
4422,Rigid,13093,13093,13095,0,2,2,completed,2
4423,Rigid,13093,13093,13100,0,7,7,completed,1
4424,Rigid,13093,13093,13104,0,11,11,completed,2
4425,Rigid,13093,13093,13104,0,11,11,completed,2
4426,Rigid,13093,13093,13095,0,2,2,completed,2
4427,Rigid,13093,13093,13095,0,2,2,completed,2
4428,Rigid,13093,13093,13095,0,2,2,completed,2
4429,Rigid,13093,13093,13100,0,7,7,completed,1
4430,Rigid,13093,13093,13095,0,2,2,completed,2
4431,Rigid,13093,13093,13095,0,2,2,completed,2
4432,Rigid,13093,13093,13095,0,2,2,completed,2
4433,Rigid,13093,13093,13103,0,10,10,completed,2
4434,Rigid,13093,13093,13095,0,2,2,completed,2
4435,Rigid,13093,13093,13095,0,2,2,completed,2
4436,Rigid,13093,13093,13095,0,2,2,completed,2
4437,Rigid,13094,13094,13096,0,2,2,completed,2
4438,Rigid,13094,13094,13101,0,7,7,completed,1
4439,Rigid,13094,13094,13105,0,11,11,completed,2
4440,Rigid,13095,13095,13097,0,2,2,completed,2
4441,Rigid,13095,13095,13102,0,7,7,completed,1
4442,Rigid,13095,13095,13106,0,11,11,completed,2
4443,Rigid,13095,13095,13097,0,2,2,completed,2
4444,Rigid,13095,13095,13106,0,11,11,completed,2
4445,Rigid,13095,13095,13102,0,7,7,completed,1
4446,Rigid,13095,13095,13097,0,2,2,completed,2
4447,Rigid,13095,13095,13102,0,7,7,completed,1
4448,Rigid,13095,13095,13096,0,1,1,completed,2
4449,Rigid,13095,13095,13097,0,2,2,completed,2
4450,Rigid,13095,13095,13097,0,2,2,completed,2
4451,Rigid,13095,13095,13102,0,7,7,completed,1
4452,Rigid,13095,13095,13106,0,11,11,completed,2
4453,Rigid,13095,13095,13106,0,11,11,completed,2
4454,Rigid,13095,13095,13106,0,11,11,completed,2
4455,Rigid,13095,13095,13096,0,1,1,completed,2
4456,Rigid,13095,13095,13096,0,1,1,completed,2
4457,Rigid,13095,13095,13096,0,1,1,completed,2
4458,Rigid,13095,13095,13102,0,7,7,completed,1
4459,Rigid,13095,13095,13096,0,1,1,completed,2
4460,Rigid,13095,13095,13097,0,2,2,completed,2
4461,Rigid,13095,13095,13096,0,1,1,completed,2
4462,Rigid,13095,13095,13096,0,1,1,completed,2
4463,Rigid,13095,13095,13096,0,1,1,completed,2
4464,Rigid,13096,13096,13097,0,1,1,completed,2
4465,Rigid,13096,13096,13097,0,1,1,completed,2
4466,Rigid,13097,13097,13266,0,169,169,completed,4
4467,Rigid,13097,13097,13099,0,2,2,completed,2
4468,Rigid,13097,13097,13104,0,7,7,completed,1
4469,Rigid,13097,13097,13108,0,11,11,completed,2
4470,Rigid,13097,13097,13099,0,2,2,completed,2
4471,Rigid,13097,13097,13099,0,2,2,completed,2
4472,Rigid,13097,13097,13104,0,7,7,completed,1
4473,Rigid,13097,13097,13108,0,11,11,completed,2
4474,Rigid,13097,13097,13099,0,2,2,completed,2
4475,Rigid,13097,13097,13104,0,7,7,completed,1
4476,Rigid,13097,13097,13099,0,2,2,completed,2
4477,Rigid,13097,13097,13108,0,11,11,completed,2
4478,Rigid,13097,13097,13104,0,7,7,completed,1
4479,Rigid,13097,13097,13099,0,2,2,completed,2
4480,Rigid,13097,13097,13108,0,11,11,completed,2
4481,Rigid,13098,13098,13099,0,1,1,completed,2
4482,Rigid,13098,13098,13105,0,7,7,completed,1
4483,Rigid,13099,13099,13101,0,2,2,completed,2
4484,Rigid,13099,13099,13110,0,11,11,completed,2
4485,Rigid,13099,13099,13112,0,13,13,completed,2
4486,Rigid,13099,13099,13106,0,7,7,completed,1
4487,Rigid,13099,13099,13101,0,2,2,completed,2
4488,Rigid,13099,13099,13101,0,2,2,completed,2
4489,Rigid,13099,13099,13105,0,6,6,completed,1
4490,Rigid,13099,13099,13105,0,6,6,completed,1
4491,Rigid,13099,13099,13100,0,1,1,completed,2
4492,Rigid,13099,13099,13110,0,11,11,completed,2
4493,Rigid,13099,13099,13110,0,11,11,completed,2
4494,Rigid,13099,13099,13100,0,1,1,completed,2
4495,Rigid,13099,13099,13101,0,2,2,completed,2
4496,Rigid,13099,13099,13100,0,1,1,completed,2
4497,Rigid,13099,13099,13105,0,6,6,completed,1
4498,Rigid,13099,13099,13109,0,10,10,completed,2
4499,Rigid,13099,13099,13100,0,1,1,completed,2
4500,Rigid,13099,13099,13105,0,6,6,completed,1
4501,Rigid,13099,13099,13100,0,1,1,completed,2
4502,Rigid,13099,13099,13110,0,11,11,completed,2
4503,Rigid,13099,13099,13100,0,1,1,completed,2
4504,Rigid,13100,13100,13106,0,6,6,completed,1
4505,Rigid,13100,13100,13101,0,1,1,completed,2
4506,Rigid,13100,13100,13256,0,156,156,completed,4
4507,Rigid,13100,13100,13101,0,1,1,completed,2
4508,Rigid,13100,13100,13111,0,11,11,completed,2
4509,Rigid,13100,13100,13101,0,1,1,completed,2
4510,Rigid,13100,13100,13106,0,6,6,completed,1
4511,Rigid,13100,13100,13101,0,1,1,completed,2
4512,Rigid,13100,13100,13101,0,1,1,completed,2
4513,Rigid,13100,13100,13111,0,11,11,completed,2
4514,Rigid,13100,13100,13111,0,11,11,completed,2
4515,Rigid,13100,13100,13106,0,6,6,completed,1
4516,Rigid,13101,13101,13103,0,2,2,completed,2
4517,Rigid,13101,13101,13103,0,2,2,completed,2
4518,Rigid,13101,13101,13112,0,11,11,completed,2
4519,Rigid,13101,13101,13108,0,7,7,completed,1
4520,Rigid,13101,13101,13102,0,1,1,completed,2
4521,Rigid,13101,13101,13102,0,1,1,completed,2
4522,Rigid,13101,13101,13102,0,1,1,completed,2
4523,Rigid,13101,13101,13107,0,6,6,completed,1
4524,Rigid,13101,13101,13111,0,10,10,completed,2
4525,Rigid,13101,13101,13102,0,1,1,completed,2
4526,Rigid,13101,13101,13108,0,7,7,completed,1
4527,Rigid,13101,13101,13112,0,11,11,completed,2
4528,Rigid,13101,13101,13102,0,1,1,completed,2
4529,Rigid,13101,13101,13102,0,1,1,completed,2
4530,Rigid,13101,13101,13102,0,1,1,completed,2
4531,Rigid,13101,13101,13112,0,11,11,completed,2
4532,Rigid,13101,13101,13108,0,7,7,completed,1
4533,Rigid,13101,13101,13102,0,1,1,completed,2
4534,Rigid,13101,13101,13108,0,7,7,completed,1
4535,Rigid,13101,13101,13112,0,11,11,completed,2
4536,Rigid,13101,13101,13103,0,2,2,completed,2
4537,Rigid,13101,13101,13102,0,1,1,completed,2
4538,Rigid,13101,13101,13107,0,6,6,completed,1
4539,Rigid,13101,13101,13102,0,1,1,completed,2
4540,Rigid,13101,13101,13102,0,1,1,completed,2
4541,Rigid,13101,13101,13112,0,11,11,completed,2
4542,Rigid,13101,13101,13112,0,11,11,completed,2
4543,Rigid,13102,13102,13108,0,6,6,completed,1
4544,Rigid,13102,13102,13103,0,1,1,completed,2
4545,Rigid,13102,13102,13103,0,1,1,completed,2
4546,Rigid,13102,13102,13108,0,6,6,completed,1
4547,Rigid,13102,13102,13113,0,11,11,completed,2
4548,Rigid,13102,13102,13108,0,6,6,completed,1
4549,Rigid,13102,13102,13103,0,1,1,completed,2
4550,Rigid,13102,13102,13113,0,11,11,completed,2
4551,Rigid,13102,13102,13103,0,1,1,completed,2
4552,Rigid,13102,13102,13109,0,7,7,completed,1
4553,Rigid,13102,13102,13112,0,10,10,completed,2
4554,Rigid,13102,13102,13103,0,1,1,completed,2
4555,Rigid,13102,13102,13108,0,6,6,completed,1
4556,Rigid,13102,13102,13103,0,1,1,completed,2
4557,Rigid,13102,13102,13113,0,11,11,completed,2
4558,Rigid,13102,13102,13113,0,11,11,completed,2
4559,Rigid,13102,13102,13108,0,6,6,completed,1
4560,Rigid,13102,13102,13103,0,1,1,completed,2
4561,Rigid,13102,13102,13108,0,6,6,completed,1
4562,Rigid,13102,13102,13113,0,11,11,completed,2
4563,Rigid,13102,13102,13103,0,1,1,completed,2
4564,Rigid,13102,13102,13108,0,6,6,completed,1
4565,Rigid,13102,13102,13113,0,11,11,completed,2
4566,Rigid,13102,13102,13103,0,1,1,completed,2
4567,Rigid,13102,13102,13104,0,2,2,completed,2
4568,Rigid,13103,13103,13109,0,6,6,completed,1
4569,Rigid,13103,13103,13114,0,11,11,completed,2
4570,Rigid,13103,13103,13104,0,1,1,completed,2
4571,Rigid,13103,13103,13104,0,1,1,completed,2
4572,Rigid,13103,13103,13104,0,1,1,completed,2
4573,Rigid,13103,13103,13109,0,6,6,completed,1
4574,Rigid,13103,13103,13114,0,11,11,completed,2
4575,Rigid,13103,13103,13104,0,1,1,completed,2
4576,Rigid,13103,13103,13109,0,6,6,completed,1
4577,Rigid,13103,13103,13114,0,11,11,completed,2
4578,Rigid,13103,13103,13104,0,1,1,completed,2
4579,Rigid,13103,13103,13104,0,1,1,completed,2
4580,Rigid,13103,13103,13109,0,6,6,completed,1
4581,Rigid,13103,13103,13109,0,6,6,completed,1
4582,Rigid,13103,13103,13104,0,1,1,completed,2
4583,Rigid,13103,13103,13114,0,11,11,completed,2
4584,Rigid,13104,13104,13115,0,11,11,completed,2
4585,Rigid,13104,13104,13105,0,1,1,completed,2
4586,Rigid,13104,13104,13105,0,1,1,completed,2
4587,Rigid,13104,13104,13114,0,10,10,completed,2
4588,Rigid,13104,13104,13110,0,6,6,completed,1
4589,Rigid,13104,13104,13105,0,1,1,completed,2
4590,Rigid,13104,13104,13110,0,6,6,completed,1
4591,Rigid,13104,13104,13115,0,11,11,completed,2
4592,Rigid,13104,13104,13105,0,1,1,completed,2
4593,Rigid,13104,13104,13110,0,6,6,completed,1
4594,Rigid,13104,13104,13110,0,6,6,completed,1
4595,Rigid,13104,13104,13105,0,1,1,completed,2
4596,Rigid,13104,13104,13115,0,11,11,completed,2
4597,Rigid,13104,13104,13115,0,11,11,completed,2
4598,Rigid,13104,13104,13105,0,1,1,completed,2
4599,Rigid,13104,13104,13110,0,6,6,completed,1
4600,Rigid,13104,13104,13115,0,11,11,completed,2
4601,Rigid,13104,13104,13105,0,1,1,completed,2
4602,Rigid,13104,13104,13105,0,1,1,completed,2
4603,Rigid,13104,13104,13110,0,6,6,completed,1
4604,Rigid,13104,13104,13115,0,11,11,completed,2
4605,Rigid,13104,13104,13105,0,1,1,completed,2
4606,Rigid,13105,13105,13106,0,1,1,completed,2
4607,Rigid,13105,13105,13106,0,1,1,completed,2
4608,Rigid,13105,13105,13106,0,1,1,completed,2
4609,Rigid,13105,13105,13106,0,1,1,completed,2
4610,Rigid,13105,13105,13106,0,1,1,completed,2
4611,Rigid,13105,13105,13106,0,1,1,completed,2
4612,Rigid,13105,13105,13106,0,1,1,completed,2
4613,Rigid,13105,13105,13106,0,1,1,completed,2
4614,Rigid,13105,13105,13106,0,1,1,completed,2
4615,Rigid,13105,13105,13106,0,1,1,completed,2
4616,Rigid,13105,13105,13111,0,6,6,completed,1
4617,Rigid,13106,13106,13107,0,1,1,completed,2
4618,Rigid,13106,13106,13117,0,11,11,completed,2
4619,Rigid,13106,13106,13107,0,1,1,completed,2
4620,Rigid,13106,13106,13107,0,1,1,completed,2
4621,Rigid,13106,13106,13107,0,1,1,completed,2
4622,Rigid,13106,13106,13107,0,1,1,completed,2
4623,Rigid,13106,13106,13112,0,6,6,completed,1
4624,Rigid,13106,13106,13117,0,11,11,completed,2
4625,Rigid,13106,13106,13112,0,6,6,completed,1
4626,Rigid,13106,13106,13117,0,11,11,completed,2
4627,Rigid,13106,13106,13107,0,1,1,completed,2
4628,Rigid,13106,13106,13107,0,1,1,completed,2
4629,Rigid,13106,13106,13117,0,11,11,completed,2
4630,Rigid,13106,13106,13112,0,6,6,completed,1
4631,Rigid,13106,13106,13107,0,1,1,completed,2
4632,Rigid,13106,13106,13112,0,6,6,completed,1
4633,Rigid,13106,13106,13117,0,11,11,completed,2
4634,Rigid,13106,13106,13107,0,1,1,completed,2
4635,Rigid,13106,13106,13107,0,1,1,completed,2
4636,Rigid,13106,13106,13112,0,6,6,completed,1
4637,Rigid,13106,13106,13107,0,1,1,completed,2
4638,Rigid,13106,13106,13116,0,10,10,completed,2
4639,Rigid,13107,13107,13108,0,1,1,completed,2
4640,Rigid,13107,13107,13108,0,1,1,completed,2
4641,Rigid,13107,13107,13108,0,1,1,completed,2
4642,Rigid,13107,13107,13108,0,1,1,completed,2
4643,Rigid,13107,13107,13108,0,1,1,completed,2
4644,Rigid,13107,13107,13118,0,11,11,completed,2
4645,Rigid,13107,13107,13113,0,6,6,completed,1
4646,Rigid,13107,13107,13113,0,6,6,completed,1
4647,Rigid,13107,13107,13108,0,1,1,completed,2
4648,Rigid,13107,13107,13118,0,11,11,completed,2
4649,Rigid,13107,13107,13108,0,1,1,completed,2
4650,Rigid,13107,13107,13108,0,1,1,completed,2
4651,Rigid,13108,13108,13109,0,1,1,completed,2
4652,Rigid,13108,13108,13109,0,1,1,completed,2
4653,Rigid,13108,13108,13114,0,6,6,completed,1
4654,Rigid,13108,13108,13119,0,11,11,completed,2
4655,Rigid,13108,13108,13114,0,6,6,completed,1
4656,Rigid,13108,13108,13119,0,11,11,completed,2
4657,Rigid,13108,13108,13274,0,166,166,completed,4
4658,Rigid,13108,13108,13109,0,1,1,completed,2
4659,Rigid,13108,13108,13109,0,1,1,completed,2
4660,Rigid,13108,13108,13109,0,1,1,completed,2
4661,Rigid,13108,13108,13109,0,1,1,completed,2
4662,Rigid,13108,13108,13109,0,1,1,completed,2
4663,Rigid,13108,13108,13114,0,6,6,completed,1
4664,Rigid,13108,13108,13119,0,11,11,completed,2
4665,Rigid,13108,13108,13109,0,1,1,completed,2
4666,Rigid,13108,13108,13118,0,10,10,completed,2
4667,Rigid,13108,13108,13114,0,6,6,completed,1
4668,Rigid,13108,13108,13114,0,6,6,completed,1
4669,Rigid,13108,13108,13109,0,1,1,completed,2
4670,Rigid,13108,13108,13119,0,11,11,completed,2
4671,Rigid,13108,13109,13110,1,1,2,completed,2
4672,Rigid,13109,13109,13110,0,1,1,completed,2
4673,Rigid,13109,13109,13110,0,1,1,completed,2
4674,Rigid,13109,13109,13115,0,6,6,completed,1
4675,Rigid,13109,13109,13115,0,6,6,completed,1
4676,Rigid,13109,13109,13120,0,11,11,completed,2
4677,Rigid,13109,13109,13119,0,10,10,completed,2
4678,Rigid,13109,13109,13110,0,1,1,completed,2
4679,Rigid,13109,13109,13110,0,1,1,completed,2
4680,Rigid,13109,13109,13115,0,6,6,completed,1
4681,Rigid,13109,13109,13119,0,10,10,completed,2
4682,Rigid,13109,13109,13110,0,1,1,completed,2
4683,Rigid,13109,13109,13110,0,1,1,completed,2
4684,Rigid,13109,13109,13115,0,6,6,completed,1
4685,Rigid,13109,13109,13118,0,9,9,completed,2
4686,Rigid,13109,13109,13110,0,1,1,completed,2
4687,Rigid,13109,13109,13115,0,6,6,completed,1
4688,Rigid,13109,13109,13110,0,1,1,completed,2
4689,Rigid,13109,13109,13120,0,11,11,completed,2
4690,Rigid,13109,13109,13115,0,6,6,completed,1
4691,Rigid,13110,13110,13121,0,11,11,completed,2
4692,Rigid,13110,13110,13116,0,6,6,completed,1
4693,Rigid,13110,13110,13111,0,1,1,completed,2
4694,Rigid,13110,13110,13121,0,11,11,completed,2
4695,Rigid,13110,13110,13121,0,11,11,completed,2
4696,Rigid,13110,13110,13116,0,6,6,completed,1
4697,Rigid,13110,13110,13111,0,1,1,completed,2
4698,Rigid,13110,13110,13111,0,1,1,completed,2
4699,Rigid,13110,13110,13111,0,1,1,completed,2
4700,Rigid,13110,13110,13116,0,6,6,completed,1
4701,Rigid,13110,13110,13116,0,6,6,completed,1
4702,Rigid,13110,13110,13120,0,10,10,completed,2
4703,Rigid,13110,13110,13120,0,10,10,completed,2
4704,Rigid,13110,13110,13111,0,1,1,completed,2
4705,Rigid,13110,13110,13111,0,1,1,completed,2
4706,Rigid,13110,13110,13121,0,11,11,completed,2
4707,Rigid,13110,13110,13116,0,6,6,completed,1
4708,Rigid,13110,13110,13111,0,1,1,completed,2
4709,Rigid,13110,13110,13116,0,6,6,completed,1
4710,Rigid,13110,13110,13121,0,11,11,completed,2
4711,Rigid,13111,13111,13116,0,5,5,completed,1
4712,Rigid,13111,13111,13112,0,1,1,completed,2
4713,Rigid,13111,13111,13124,0,13,13,completed,2
4714,Rigid,13111,13111,13112,0,1,1,completed,2
4715,Rigid,13111,13111,13112,0,1,1,completed,2
4716,Rigid,13111,13111,13112,0,1,1,completed,2
4717,Rigid,13111,13111,13112,0,1,1,completed,2
4718,Rigid,13111,13111,13112,0,1,1,completed,2
4719,Rigid,13111,13111,13112,0,1,1,completed,2
4720,Rigid,13111,13111,13117,0,6,6,completed,1
4721,Rigid,13111,13111,13122,0,11,11,completed,2
4722,Rigid,13111,13111,13112,0,1,1,completed,2
4723,Rigid,13111,13111,13124,0,13,13,completed,2
4724,Rigid,13112,13112,13118,0,6,6,completed,1
4725,Rigid,13112,13112,13113,0,1,1,completed,2
4726,Rigid,13112,13112,13113,0,1,1,completed,2
4727,Rigid,13112,13112,13118,0,6,6,completed,1
4728,Rigid,13112,13112,13113,0,1,1,completed,2
4729,Rigid,13112,13112,13123,0,11,11,completed,2
4730,Rigid,13112,13112,13118,0,6,6,completed,1
4731,Rigid,13112,13112,13122,0,10,10,completed,2
4732,Rigid,13112,13112,13113,0,1,1,completed,2
4733,Rigid,13112,13112,13118,0,6,6,completed,1
4734,Rigid,13112,13112,13123,0,11,11,completed,2
4735,Rigid,13112,13112,13113,0,1,1,completed,2
4736,Rigid,13112,13112,13123,0,11,11,completed,2
4737,Rigid,13112,13112,13118,0,6,6,completed,1
4738,Rigid,13112,13112,13113,0,1,1,completed,2
4739,Rigid,13112,13112,13113,0,1,1,completed,2
4740,Rigid,13113,13113,13114,0,1,1,completed,2
4741,Rigid,13113,13113,13118,0,5,5,completed,1
4742,Rigid,13113,13113,13123,0,10,10,completed,2
4743,Rigid,13113,13113,13114,0,1,1,completed,2
4744,Rigid,13113,13113,13114,0,1,1,completed,2
4745,Rigid,13113,13113,13122,0,9,9,completed,2
4746,Rigid,13113,13113,13118,0,5,5,completed,1
4747,Rigid,13113,13113,13114,0,1,1,completed,2
4748,Rigid,13113,13113,13114,0,1,1,completed,2
4749,Rigid,13113,13113,13114,0,1,1,completed,2
4750,Rigid,13113,13113,13114,0,1,1,completed,2
4751,Rigid,13113,13113,13114,0,1,1,completed,2
4752,Rigid,13113,13113,13114,0,1,1,completed,2
4753,Rigid,13113,13113,13114,0,1,1,completed,2
4754,Rigid,13113,13113,13114,0,1,1,completed,2
4755,Rigid,13113,13113,13114,0,1,1,completed,2
4756,Rigid,13113,13113,13118,0,5,5,completed,1
4757,Rigid,13113,13113,13124,0,11,11,completed,2
4758,Rigid,13113,13113,13114,0,1,1,completed,2
4759,Rigid,13113,13113,13114,0,1,1,completed,2
4760,Rigid,13113,13113,13124,0,11,11,completed,2
4761,Rigid,13113,13113,13119,0,6,6,completed,1
4762,Rigid,13113,13113,13114,0,1,1,completed,2
4763,Rigid,13114,13114,13115,0,1,1,completed,2
4764,Rigid,13114,13114,13119,0,5,5,completed,1
4765,Rigid,13114,13114,13125,0,11,11,completed,2
4766,Rigid,13114,13114,13115,0,1,1,completed,2
4767,Rigid,13114,13114,13115,0,1,1,completed,2
4768,Rigid,13114,13114,13125,0,11,11,completed,2
4769,Rigid,13114,13114,13120,0,6,6,completed,1
4770,Rigid,13114,13114,13115,0,1,1,completed,2
4771,Rigid,13114,13114,13115,0,1,1,completed,2
4772,Rigid,13114,13114,13115,0,1,1,completed,2
4773,Rigid,13114,13114,13125,0,11,11,completed,2
4774,Rigid,13114,13114,13119,0,5,5,completed,1
4775,Rigid,13114,13114,13115,0,1,1,completed,2
4776,Rigid,13114,13114,13115,0,1,1,completed,2
4777,Rigid,13114,13114,13125,0,11,11,completed,2
4778,Rigid,13114,13114,13119,0,5,5,completed,1
4779,Rigid,13114,13114,13115,0,1,1,completed,2
4780,Rigid,13114,13114,13115,0,1,1,completed,2
4781,Rigid,13115,13115,13126,0,11,11,completed,2
4782,Rigid,13115,13115,13120,0,5,5,completed,1
4783,Rigid,13115,13115,13116,0,1,1,completed,2
4784,Rigid,13115,13115,13116,0,1,1,completed,2
4785,Rigid,13115,13115,13128,0,13,13,completed,2
4786,Rigid,13115,13115,13121,0,6,6,completed,1
4787,Rigid,13115,13115,13116,0,1,1,completed,2
4788,Rigid,13115,13115,13120,0,5,5,completed,1
4789,Rigid,13115,13115,13126,0,11,11,completed,2
4790,Rigid,13115,13115,13116,0,1,1,completed,2
4791,Rigid,13115,13115,13120,0,5,5,completed,1
4792,Rigid,13115,13115,13126,0,11,11,completed,2
4793,Rigid,13115,13115,13126,0,11,11,completed,2
4794,Rigid,13115,13115,13120,0,5,5,completed,1
4795,Rigid,13115,13115,13116,0,1,1,completed,2
4796,Rigid,13115,13115,13116,0,1,1,completed,2
4797,Rigid,13115,13115,13125,0,10,10,completed,2
4798,Rigid,13115,13115,13120,0,5,5,completed,1
4799,Rigid,13115,13115,13116,0,1,1,completed,2
4800,Rigid,13115,13115,13125,0,10,10,completed,2
4801,Rigid,13115,13115,13120,0,5,5,completed,1
4802,Rigid,13115,13115,13116,0,1,1,completed,2
4803,Rigid,13115,13115,13121,0,6,6,completed,1
4804,Rigid,13115,13115,13125,0,10,10,completed,2
4805,Rigid,13115,13115,13125,0,10,10,completed,2
4806,Rigid,13116,13116,13121,0,5,5,completed,1
4807,Rigid,13116,13116,13117,0,1,1,completed,2
4808,Rigid,13116,13116,13117,0,1,1,completed,2
4809,Rigid,13116,13116,13128,0,12,12,completed,2
4810,Rigid,13116,13116,13121,0,5,5,completed,1
4811,Rigid,13116,13116,13117,0,1,1,completed,2
4812,Rigid,13116,13116,13117,0,1,1,completed,2
4813,Rigid,13116,13116,13121,0,5,5,completed,1
4814,Rigid,13116,13116,13121,0,5,5,completed,1
4815,Rigid,13116,13116,13127,0,11,11,completed,2
4816,Rigid,13116,13116,13127,0,11,11,completed,2
4817,Rigid,13116,13116,13117,0,1,1,completed,2
4818,Rigid,13116,13116,13117,0,1,1,completed,2
4819,Rigid,13116,13116,13117,0,1,1,completed,2
4820,Rigid,13116,13116,13117,0,1,1,completed,2
4821,Rigid,13116,13116,13117,0,1,1,completed,2
4822,Rigid,13116,13116,13117,0,1,1,completed,2
4823,Rigid,13116,13116,13126,0,10,10,completed,2
4824,Rigid,13117,13117,13122,0,5,5,completed,1
4825,Rigid,13117,13117,13118,0,1,1,completed,2
4826,Rigid,13117,13117,13122,0,5,5,completed,1
4827,Rigid,13117,13117,13118,0,1,1,completed,2
4828,Rigid,13117,13117,13127,0,10,10,completed,2
4829,Rigid,13117,13117,13122,0,5,5,completed,1
4830,Rigid,13117,13117,13127,0,10,10,completed,2
4831,Rigid,13117,13117,13118,0,1,1,completed,2
4832,Rigid,13117,13117,13122,0,5,5,completed,1
4833,Rigid,13117,13117,13128,0,11,11,completed,2
4834,Rigid,13117,13117,13118,0,1,1,completed,2
4835,Rigid,13117,13117,13118,0,1,1,completed,2
4836,Rigid,13117,13117,13122,0,5,5,completed,1
4837,Rigid,13117,13117,13127,0,10,10,completed,2
4838,Rigid,13117,13117,13118,0,1,1,completed,2
4839,Rigid,13117,13118,13123,1,5,6,completed,1
4840,Rigid,13117,13118,13128,1,10,11,completed,2
4841,Rigid,13118,13118,13119,0,1,1,completed,2
4842,Rigid,13118,13118,13123,0,5,5,completed,1
4843,Rigid,13118,13118,13129,0,11,11,completed,2
4844,Rigid,13118,13118,13123,0,5,5,completed,1
4845,Rigid,13118,13118,13119,0,1,1,completed,2
4846,Rigid,13118,13118,13129,0,11,11,completed,2
4847,Rigid,13118,13118,13119,0,1,1,completed,2
4848,Rigid,13118,13118,13119,0,1,1,completed,2
4849,Rigid,13118,13118,13119,0,1,1,completed,2
4850,Rigid,13118,13118,13119,0,1,1,completed,2
4851,Rigid,13118,13118,13119,0,1,1,completed,2
4852,Rigid,13118,13118,13119,0,1,1,completed,2
4853,Rigid,13118,13118,13119,0,1,1,completed,2
4854,Rigid,13118,13118,13123,0,5,5,completed,1
4855,Rigid,13118,13118,13128,0,10,10,completed,2
4856,Rigid,13118,13118,13123,0,5,5,completed,1
4857,Rigid,13118,13118,13129,0,11,11,completed,2
4858,Rigid,13119,13119,13120,0,1,1,completed,2
4859,Rigid,13119,13119,13120,0,1,1,completed,2
4860,Rigid,13119,13119,13120,0,1,1,completed,2
4861,Rigid,13119,13119,13120,0,1,1,completed,2
4862,Rigid,13119,13119,13120,0,1,1,completed,2
4863,Rigid,13119,13119,13120,0,1,1,completed,2
4864,Rigid,13119,13119,13120,0,1,1,completed,2
4865,Rigid,13119,13119,13120,0,1,1,completed,2
4866,Rigid,13119,13119,13124,0,5,5,completed,1
4867,Rigid,13119,13119,13130,0,11,11,completed,2
4868,Rigid,13119,13119,13190,0,71,71,completed,144
4869,Rigid,13119,13119,13129,0,10,10,completed,2
4870,Rigid,13119,13119,13124,0,5,5,completed,1
4871,Rigid,13119,13119,13120,0,1,1,completed,2
4872,Rigid,13120,13120,13121,0,1,1,completed,2
4873,Rigid,13120,13120,13125,0,5,5,completed,1
4874,Rigid,13120,13120,13131,0,11,11,completed,2
4875,Rigid,13120,13120,13121,0,1,1,completed,2
4876,Rigid,13120,13120,13125,0,5,5,completed,1
4877,Rigid,13120,13120,13131,0,11,11,completed,2
4878,Rigid,13120,13120,13121,0,1,1,completed,2
4879,Rigid,13120,13120,13121,0,1,1,completed,2
4880,Rigid,13120,13120,13125,0,5,5,completed,1
4881,Rigid,13120,13120,13125,0,5,5,completed,1
4882,Rigid,13120,13120,13130,0,10,10,completed,2
4883,Rigid,13120,13120,13130,0,10,10,completed,2
4884,Rigid,13120,13120,13121,0,1,1,completed,2
4885,Rigid,13120,13120,13121,0,1,1,completed,2
4886,Rigid,13120,13120,13121,0,1,1,completed,2
4887,Rigid,13120,13120,13121,0,1,1,completed,2
4888,Rigid,13120,13120,13125,0,5,5,completed,1
4889,Rigid,13120,13120,13125,0,5,5,completed,1
4890,Rigid,13120,13120,13131,0,11,11,completed,2
4891,Rigid,13120,13120,13131,0,11,11,completed,2
4892,Rigid,13120,13120,13121,0,1,1,completed,2
4893,Rigid,13120,13120,13121,0,1,1,completed,2
4894,Rigid,13120,13120,13125,0,5,5,completed,1
4895,Rigid,13120,13120,13121,0,1,1,completed,2
4896,Rigid,13120,13120,13131,0,11,11,completed,2
4897,Rigid,13120,13120,13121,0,1,1,completed,2
4898,Rigid,13121,13121,13126,0,5,5,completed,1
4899,Rigid,13121,13121,13132,0,11,11,completed,2
4900,Rigid,13121,13121,13126,0,5,5,completed,1
4901,Rigid,13121,13121,13132,0,11,11,completed,2
4902,Rigid,13121,13121,13122,0,1,1,completed,2
4903,Rigid,13121,13121,13126,0,5,5,completed,1
4904,Rigid,13121,13121,13126,0,5,5,completed,1
4905,Rigid,13121,13121,13122,0,1,1,completed,2
4906,Rigid,13121,13121,13132,0,11,11,completed,2
4907,Rigid,13121,13121,13122,0,1,1,completed,2
4908,Rigid,13121,13121,13131,0,10,10,completed,2
4909,Rigid,13121,13121,13122,0,1,1,completed,2
4910,Rigid,13121,13121,13131,0,10,10,completed,2
4911,Rigid,13121,13121,13126,0,5,5,completed,1
4912,Rigid,13121,13121,13122,0,1,1,completed,2
4913,Rigid,13121,13121,13122,0,1,1,completed,2
4914,Rigid,13121,13121,13122,0,1,1,completed,2
4915,Rigid,13121,13121,13122,0,1,1,completed,2
4916,Rigid,13121,13121,13122,0,1,1,completed,2
4917,Rigid,13121,13121,13122,0,1,1,completed,2
4918,Rigid,13121,13121,13122,0,1,1,completed,2
4919,Rigid,13122,13122,13123,0,1,1,completed,2
4920,Rigid,13122,13122,13123,0,1,1,completed,2
4921,Rigid,13122,13122,13126,0,4,4,completed,1
4922,Rigid,13122,13122,13132,0,10,10,completed,2
4923,Rigid,13122,13122,13126,0,4,4,completed,1
4924,Rigid,13122,13122,13123,0,1,1,completed,2
4925,Rigid,13122,13122,13132,0,10,10,completed,2
4926,Rigid,13122,13122,13123,0,1,1,completed,2
4927,Rigid,13122,13122,13132,0,10,10,completed,2
4928,Rigid,13122,13122,13126,0,4,4,completed,1
4929,Rigid,13122,13122,13123,0,1,1,completed,2
4930,Rigid,13122,13122,13132,0,10,10,completed,2
4931,Rigid,13123,13123,13127,0,4,4,completed,1
4932,Rigid,13123,13123,13133,0,10,10,completed,2
4933,Rigid,13123,13123,13127,0,4,4,completed,1
4934,Rigid,13123,13123,13124,0,1,1,completed,2
4935,Rigid,13123,13123,13124,0,1,1,completed,2
4936,Rigid,13123,13123,13127,0,4,4,completed,1
4937,Rigid,13123,13123,13135,0,12,12,completed,2
4938,Rigid,13123,13123,13124,0,1,1,completed,2
4939,Rigid,13123,13123,13127,0,4,4,completed,1
4940,Rigid,13123,13123,13127,0,4,4,completed,1
4941,Rigid,13123,13123,13124,0,1,1,completed,2
4942,Rigid,13123,13123,13133,0,10,10,completed,2
4943,Rigid,13123,13123,13133,0,10,10,completed,2
4944,Rigid,13123,13123,13124,0,1,1,completed,2
4945,Rigid,13123,13123,13127,0,4,4,completed,1
4946,Rigid,13123,13123,13133,0,10,10,completed,2
4947,Rigid,13123,13123,13124,0,1,1,completed,2
4948,Rigid,13123,13123,13127,0,4,4,completed,1
4949,Rigid,13123,13123,13134,0,11,11,completed,2
4950,Rigid,13123,13123,13124,0,1,1,completed,2
4951,Rigid,13123,13123,13124,0,1,1,completed,2
4952,Rigid,13123,13123,13124,0,1,1,completed,2
4953,Rigid,13123,13123,13124,0,1,1,completed,2
4954,Rigid,13123,13123,13124,0,1,1,completed,2
4955,Rigid,13123,13123,13135,0,12,12,completed,2
4956,Rigid,13124,13124,13128,0,4,4,completed,1
4957,Rigid,13124,13124,13125,0,1,1,completed,2
4958,Rigid,13124,13124,13128,0,4,4,completed,1
4959,Rigid,13124,13124,13134,0,10,10,completed,2
4960,Rigid,13124,13124,13125,0,1,1,completed,2
4961,Rigid,13124,13124,13125,0,1,1,completed,2
4962,Rigid,13124,13124,13128,0,4,4,completed,1
4963,Rigid,13124,13124,13134,0,10,10,completed,2
4964,Rigid,13124,13124,13125,0,1,1,completed,2
4965,Rigid,13124,13124,13125,0,1,1,completed,2
4966,Rigid,13124,13124,13128,0,4,4,completed,1
4967,Rigid,13124,13124,13134,0,10,10,completed,2
4968,Rigid,13124,13124,13125,0,1,1,completed,2
4969,Rigid,13124,13124,13125,0,1,1,completed,2
4970,Rigid,13124,13124,13128,0,4,4,completed,1
4971,Rigid,13124,13125,13126,1,1,2,completed,2
4972,Rigid,13124,13125,13135,1,10,11,completed,2
4973,Rigid,13125,13125,13126,0,1,1,completed,2
4974,Rigid,13125,13125,13135,0,10,10,completed,2
4975,Rigid,13125,13125,13129,0,4,4,completed,1
4976,Rigid,13125,13125,13129,0,4,4,completed,1
4977,Rigid,13125,13125,13135,0,10,10,completed,2
4978,Rigid,13125,13125,13126,0,1,1,completed,2
4979,Rigid,13125,13125,13126,0,1,1,completed,2
4980,Rigid,13125,13125,13135,0,10,10,completed,2
4981,Rigid,13125,13125,13129,0,4,4,completed,1
4982,Rigid,13125,13125,13126,0,1,1,completed,2
4983,Rigid,13125,13125,13126,0,1,1,completed,2
4984,Rigid,13125,13125,13126,0,1,1,completed,2
4985,Rigid,13125,13125,13126,0,1,1,completed,2
4986,Rigid,13125,13125,13126,0,1,1,completed,2
4987,Rigid,13125,13125,13126,0,1,1,completed,2
4988,Rigid,13125,13125,13126,0,1,1,completed,2
4989,Rigid,13125,13125,13126,0,1,1,completed,2
4990,Rigid,13125,13125,13126,0,1,1,completed,2
4991,Rigid,13126,13126,13130,0,4,4,completed,1
4992,Rigid,13126,13126,13136,0,10,10,completed,2
4993,Rigid,13126,13126,13136,0,10,10,completed,2
4994,Rigid,13126,13126,13130,0,4,4,completed,1
4995,Rigid,13126,13126,13127,0,1,1,completed,2
4996,Rigid,13126,13126,13127,0,1,1,completed,2
4997,Rigid,13126,13126,13130,0,4,4,completed,1
4998,Rigid,13126,13126,13136,0,10,10,completed,2
4999,Rigid,13126,13126,13127,0,1,1,completed,2
5000,Rigid,13126,13126,13127,0,1,1,completed,2
5001,Rigid,13126,13126,13129,0,3,3,completed,1
5002,Rigid,13126,13126,13127,0,1,1,completed,2
5003,Rigid,13126,13126,13136,0,10,10,completed,2
5004,Rigid,13126,13126,13127,0,1,1,completed,2
5005,Rigid,13126,13126,13127,0,1,1,completed,2
5006,Rigid,13126,13126,13130,0,4,4,completed,1
5007,Rigid,13126,13126,13127,0,1,1,completed,2
5008,Rigid,13126,13126,13136,0,10,10,completed,2
5009,Rigid,13126,13126,13136,0,10,10,completed,2
5010,Rigid,13126,13126,13130,0,4,4,completed,1
5011,Rigid,13126,13126,13127,0,1,1,completed,2
5012,Rigid,13126,13126,13127,0,1,1,completed,2
5013,Rigid,13126,13126,13129,0,3,3,completed,1
5014,Rigid,13126,13126,13136,0,10,10,completed,2
5015,Rigid,13126,13126,13136,0,10,10,completed,2
5016,Rigid,13127,13127,13130,0,3,3,completed,1
5017,Rigid,13127,13127,13128,0,1,1,completed,2
5018,Rigid,13127,13127,13137,0,10,10,completed,2
5019,Rigid,13127,13127,13130,0,3,3,completed,1
5020,Rigid,13127,13127,13128,0,1,1,completed,2
5021,Rigid,13127,13127,13128,0,1,1,completed,2
5022,Rigid,13127,13127,13128,0,1,1,completed,2
5023,Rigid,13127,13127,13138,0,11,11,completed,2
5024,Rigid,13127,13127,13130,0,3,3,completed,1
5025,Rigid,13127,13127,13128,0,1,1,completed,2
5026,Rigid,13127,13127,13128,0,1,1,completed,2
5027,Rigid,13127,13127,13137,0,10,10,completed,2
5028,Rigid,13127,13127,13130,0,3,3,completed,1
5029,Rigid,13127,13127,13128,0,1,1,completed,2
5030,Rigid,13127,13127,13130,0,3,3,completed,1
5031,Rigid,13127,13127,13137,0,10,10,completed,2
5032,Rigid,13127,13127,13128,0,1,1,completed,2
5033,Rigid,13127,13127,13136,0,9,9,completed,2
5034,Rigid,13127,13127,13130,0,3,3,completed,1
5035,Rigid,13127,13127,13130,0,3,3,completed,1
5036,Rigid,13127,13127,13137,0,10,10,completed,2
5037,Rigid,13128,13128,13130,0,2,2,completed,1
5038,Rigid,13128,13128,13138,0,10,10,completed,2
5039,Rigid,13128,13137,13180,9,43,52,completed,72
5040,Rigid,13128,13128,13130,0,2,2,completed,1
5041,Rigid,13128,13128,13138,0,10,10,completed,2
5042,Rigid,13128,13128,13130,0,2,2,completed,1
5043,Rigid,13128,13128,13130,0,2,2,completed,1
5044,Rigid,13128,13128,13138,0,10,10,completed,2
5045,Rigid,13128,13128,13138,0,10,10,completed,2
5046,Rigid,13128,13128,13138,0,10,10,completed,2
5047,Rigid,13128,13128,13130,0,2,2,completed,1
5048,Rigid,13128,13128,13137,0,9,9,completed,2
5049,Rigid,13128,13128,13130,0,2,2,completed,1
5050,Rigid,13128,13128,13130,0,2,2,completed,1
5051,Rigid,13128,13128,13137,0,9,9,completed,2
5052,Rigid,13128,13128,13137,0,9,9,completed,2
5053,Rigid,13129,13129,13130,0,1,1,completed,1
5054,Rigid,13139,13139,13328,0,189,189,completed,4
5055,Rigid,13143,13371,13384,228,13,241,completed,288
5056,Rigid,13144,13385,13390,241,5,246,completed,288
5057,Rigid,13151,13390,13499,239,109,348,completed,288
5058,Rigid,13168,13168,13169,0,1,1,completed,72
5059,Rigid,13169,13281,13303,112,22,134,completed,144
5060,Rigid,13169,13381,13453,212,72,284,completed,144
5061,Rigid,13171,13433,13440,262,7,269,completed,144
5062,Rigid,13180,13180,13193,0,13,13,completed,72
5063,Rigid,13222,13222,13223,0,1,1,completed,1
5064,Rigid,13222,13222,13224,0,2,2,completed,1
5065,Rigid,13222,13222,13225,0,3,3,completed,1
5066,Rigid,13222,13222,13235,0,13,13,completed,1
5067,Rigid,13222,13222,13254,0,32,32,completed,1
5068,Rigid,13231,13231,13234,0,3,3,completed,1
5069,Rigid,13231,13231,13232,0,1,1,completed,1
5070,Rigid,13231,13231,13233,0,2,2,completed,1
5071,Rigid,13231,13231,13243,0,12,12,completed,1
5072,Rigid,13231,13231,13261,0,30,30,completed,1
5073,Rigid,13251,13261,13956,10,695,705,completed,360
5074,Rigid,13252,13313,13742,61,429,490,completed,360
5075,Rigid,13256,13256,13257,0,1,1,completed,1
5076,Rigid,13256,13256,13258,0,2,2,completed,1
5077,Rigid,13256,13256,13260,0,4,4,completed,1
5078,Rigid,13256,13256,13268,0,12,12,completed,1
5079,Rigid,13256,13256,13292,0,36,36,completed,1
5080,Rigid,13266,13266,13267,0,1,1,completed,1
5081,Rigid,13266,13266,13268,0,2,2,completed,1
5082,Rigid,13266,13266,13270,0,4,4,completed,1
5083,Rigid,13266,13266,13278,0,12,12,completed,1
5084,Rigid,13266,13266,13302,0,36,36,completed,1
5085,Rigid,13269,13269,13332,0,63,63,completed,1
5086,Rigid,13274,13274,13276,0,2,2,completed,1
5087,Rigid,13274,13274,13277,0,3,3,completed,1
5088,Rigid,13274,13274,13278,0,4,4,completed,1
5089,Rigid,13274,13274,13292,0,18,18,completed,1
5090,Rigid,13274,13274,13314,0,40,40,completed,1
5091,Rigid,13287,13287,13348,0,61,61,completed,1
5092,Rigid,13311,13311,13367,0,56,56,completed,1
5093,Rigid,13329,13329,13331,0,2,2,completed,1
5094,Rigid,13329,13329,13356,0,27,27,completed,1
5095,Rigid,13329,13329,13382,0,53,53,completed,1
5096,Rigid,13329,13329,13332,0,3,3,completed,1
5097,Rigid,13329,13329,13335,0,6,6,completed,1
5098,Rigid,13333,13333,13523,0,190,190,completed,4
5099,Rigid,13349,13349,13538,0,189,189,completed,4
5100,Rigid,13368,13368,13529,0,161,161,completed,4
5101,Rigid,13382,13382,13383,0,1,1,completed,6
5102,Rigid,13487,13487,13491,0,4,4,completed,1152
5103,Rigid,13494,13494,14153,0,659,659,completed,216
5104,Rigid,13494,13494,14151,0,657,657,completed,216
5105,Rigid,13506,13506,14164,0,658,658,completed,216
5106,Rigid,13506,13506,14159,0,653,653,completed,216
5107,Rigid,13513,13513,14169,0,656,656,completed,216
5108,Rigid,13524,13524,13542,0,18,18,completed,1
5109,Rigid,13524,13524,13527,0,3,3,completed,1
5110,Rigid,13524,13524,13528,0,4,4,completed,1
5111,Rigid,13524,13524,13528,0,4,4,completed,1
5112,Rigid,13524,13524,13597,0,73,73,completed,1
5113,Rigid,13529,13529,13532,0,3,3,completed,1
5114,Rigid,13529,13529,13533,0,4,4,completed,1
5115,Rigid,13529,13529,13533,0,4,4,completed,1
5116,Rigid,13529,13529,13586,0,57,57,completed,1
5117,Rigid,13529,13529,13549,0,20,20,completed,1
5118,Rigid,13538,13538,13541,0,3,3,completed,1
5119,Rigid,13539,13539,13543,0,4,4,completed,1
5120,Rigid,13539,13539,13544,0,5,5,completed,1
5121,Rigid,13539,13539,13600,0,61,61,completed,1
5122,Rigid,13539,13539,13562,0,23,23,completed,1
5123,Rigid,13539,13539,13654,0,115,115,completed,12
5124,Rigid,13555,13555,14204,0,649,649,completed,216
5125,Rigid,13561,13561,14205,0,644,644,completed,216
5126,Rigid,13565,13565,14222,0,657,657,completed,216
5127,Rigid,13587,13587,13588,0,1,1,completed,6
5128,Rigid,13597,13597,13693,0,96,96,completed,36
5129,Rigid,13598,13598,13599,0,1,1,completed,6
5130,Rigid,13601,13601,13602,0,1,1,completed,6
5131,Rigid,13602,13602,13603,0,1,1,completed,1
5132,Rigid,13604,13604,13644,0,40,40,completed,36
5133,Rigid,13606,13606,13625,0,19,19,completed,36
5134,Rigid,13612,13612,16505,0,2893,2893,completed,252
5135,Rigid,13624,13624,13628,0,4,4,completed,36
5136,Rigid,13624,13624,13629,0,5,5,completed,36
5137,Rigid,13624,13624,13629,0,5,5,completed,36
5138,Rigid,13624,13624,13665,0,41,41,completed,36
5139,Rigid,13624,13624,13736,0,112,112,completed,36
5140,Rigid,13624,13624,13628,0,4,4,completed,36
5141,Rigid,13624,13624,13733,0,109,109,completed,36
5142,Rigid,13624,13624,13754,0,130,130,completed,36
5143,Rigid,13624,13624,13630,0,6,6,completed,36
5144,Rigid,13624,13624,13762,0,138,138,completed,36
5145,Rigid,13624,13624,13637,0,13,13,completed,36
5146,Rigid,13624,13624,13752,0,128,128,completed,36
5147,Rigid,13624,13624,13762,0,138,138,completed,36
5148,Rigid,13624,13624,13686,0,62,62,completed,36
5149,Rigid,13624,13624,13628,0,4,4,completed,36
5150,Rigid,13631,13631,13652,0,21,21,completed,72
5151,Rigid,13636,13636,13637,0,1,1,completed,36
5152,Rigid,13639,13639,13645,0,6,6,completed,144
5153,Rigid,13646,13646,13652,0,6,6,completed,144
5154,Rigid,13646,13646,14199,0,553,553,completed,72
5155,Rigid,13647,13647,13659,0,12,12,completed,288
5156,Rigid,13647,13647,13668,0,21,21,completed,144
5157,Rigid,13654,13654,13657,0,3,3,completed,72
5158,Rigid,13654,13654,13658,0,4,4,completed,12
5159,Rigid,13654,13654,13659,0,5,5,completed,12
5160,Rigid,13654,13654,13659,0,5,5,completed,12
5161,Rigid,13655,13655,13688,0,33,33,completed,36
5162,Rigid,13657,13657,13659,0,2,2,completed,72
5163,Rigid,13660,13660,13767,0,107,107,completed,1152
5164,Rigid,13663,13663,13696,0,33,33,completed,36
5165,Rigid,13666,13666,15394,0,1728,1728,completed,144
5166,Rigid,13667,13667,14737,0,1070,1070,completed,24
5167,Rigid,13669,13669,15397,0,1728,1728,completed,108
5168,Rigid,13670,13670,13671,0,1,1,completed,144
5169,Rigid,13670,13670,15398,0,1728,1728,completed,108
5170,Rigid,13671,13671,13672,0,1,1,completed,144
5171,Rigid,13671,13671,14738,0,1067,1067,completed,24
5172,Rigid,13671,13671,14247,0,576,576,completed,36
5173,Rigid,13671,13671,14247,0,576,576,completed,36
5174,Rigid,13673,13673,13679,0,6,6,completed,144
5175,Rigid,13673,13673,14393,0,720,720,completed,36
5176,Rigid,13673,13673,14393,0,720,720,completed,36
5177,Rigid,13674,13674,14538,0,864,864,completed,36
5178,Rigid,13674,13674,14538,0,864,864,completed,36
5179,Rigid,13674,13674,14738,0,1064,1064,completed,108
5180,Rigid,13674,13674,15402,0,1728,1728,completed,36
5181,Rigid,13674,13674,15402,0,1728,1728,completed,36
5182,Rigid,13674,13674,15402,0,1728,1728,completed,36
5183,Rigid,13675,13675,15403,0,1728,1728,completed,36
5184,Rigid,13675,13675,15403,0,1728,1728,completed,36
5185,Rigid,13675,13675,15403,0,1728,1728,completed,36
5186,Rigid,13675,13675,14525,0,850,850,completed,36
5187,Rigid,13675,13675,15403,0,1728,1728,completed,36
5188,Rigid,13676,13676,15404,0,1728,1728,completed,36
5189,Rigid,13676,13676,15404,0,1728,1728,completed,36
5190,Rigid,13676,13676,15404,0,1728,1728,completed,36
5191,Rigid,13676,13676,15404,0,1728,1728,completed,36
5192,Rigid,13676,13676,15404,0,1728,1728,completed,36
5193,Rigid,13676,13676,15404,0,1728,1728,completed,36
5194,Rigid,13681,13681,13682,0,1,1,completed,72
5195,Rigid,13683,13683,13691,0,8,8,completed,144
5196,Rigid,13699,13699,13804,0,105,105,completed,36
5197,Rigid,13699,13699,13750,0,51,51,completed,36
5198,Rigid,13699,13699,13762,0,63,63,completed,36
5199,Rigid,13699,13699,13834,0,135,135,completed,36
5200,Rigid,13699,13699,13830,0,131,131,completed,36
5201,Rigid,13699,13699,13853,0,154,154,completed,36
5202,Rigid,13699,13699,13787,0,88,88,completed,36
5203,Rigid,13699,13699,13760,0,61,61,completed,36
5204,Rigid,13699,13699,13740,0,41,41,completed,36
5205,Rigid,13699,13699,13721,0,22,22,completed,36
5206,Rigid,13706,13706,13728,0,22,22,completed,144
5207,Rigid,13707,13707,13713,0,6,6,completed,144
5208,Rigid,13712,13712,13758,0,46,46,completed,36
5209,Rigid,13712,13712,13758,0,46,46,completed,36
5210,Rigid,13712,13712,13758,0,46,46,completed,36
5211,Rigid,13712,13712,13758,0,46,46,completed,36
5212,Rigid,13712,13712,13758,0,46,46,completed,36
5213,Rigid,13712,13712,13758,0,46,46,completed,36
5214,Rigid,13712,13712,13758,0,46,46,completed,36
5215,Rigid,13712,13712,13758,0,46,46,completed,36
5216,Rigid,13712,13712,13758,0,46,46,completed,36
5217,Rigid,13713,13713,13759,0,46,46,completed,36
5218,Rigid,13713,13713,13759,0,46,46,completed,36
5219,Rigid,13713,13713,13759,0,46,46,completed,36
5220,Rigid,13728,13728,13761,0,33,33,completed,144
5221,Rigid,13728,13728,13729,0,1,1,completed,108
5222,Rigid,13731,13731,15441,0,1710,1710,completed,108
5223,Rigid,13744,13744,14106,0,362,362,completed,36
5224,Rigid,13750,13750,13754,0,4,4,completed,36
5225,Rigid,13755,13755,13762,0,7,7,completed,36
5226,Rigid,13755,13755,13762,0,7,7,completed,36
5227,Rigid,13755,13755,13762,0,7,7,completed,36
5228,Rigid,13755,13755,13762,0,7,7,completed,36
5229,Rigid,13755,13755,13762,0,7,7,completed,36
5230,Rigid,13755,13755,13762,0,7,7,completed,36
5231,Rigid,13755,13755,13762,0,7,7,completed,36
5232,Rigid,13755,13755,13762,0,7,7,completed,36
5233,Rigid,13755,13755,13762,0,7,7,completed,36
5234,Rigid,13755,13755,13762,0,7,7,completed,36
5235,Rigid,13755,13755,13762,0,7,7,completed,36
5236,Rigid,13755,13755,13762,0,7,7,completed,36
5237,Rigid,13755,13755,13762,0,7,7,completed,36
5238,Rigid,13755,13755,13762,0,7,7,completed,36
5239,Rigid,13755,13755,13762,0,7,7,completed,36
5240,Rigid,13756,13756,13782,0,26,26,completed,36
5241,Rigid,13760,13760,14124,0,364,364,completed,36
5242,Rigid,13760,13760,14120,0,360,360,completed,36
5243,Rigid,13760,13760,14124,0,364,364,completed,36
5244,Rigid,13760,13760,14122,0,362,362,completed,36
5245,Rigid,13761,13761,14125,0,364,364,completed,36
5246,Rigid,13761,13761,14120,0,359,359,completed,36
5247,Rigid,13761,13761,14125,0,364,364,completed,36
5248,Rigid,13761,13761,14124,0,363,363,completed,36
5249,Rigid,13761,13761,14124,0,363,363,completed,36
5250,Rigid,13762,13762,14126,0,364,364,completed,36
5251,Rigid,13762,13762,14129,0,367,367,completed,36
5252,Rigid,13763,13763,14124,0,361,361,completed,36
5253,Rigid,13764,13764,13779,0,15,15,completed,36
5254,Rigid,13764,13764,13767,0,3,3,completed,36
5255,Rigid,13764,13764,13766,0,2,2,completed,36
5256,Rigid,13764,13764,13765,0,1,1,completed,36
5257,Rigid,13764,13764,13767,0,3,3,completed,36
5258,Rigid,13764,13764,13768,0,4,4,completed,36
5259,Rigid,13764,13764,13767,0,3,3,completed,36
5260,Rigid,13764,13764,13766,0,2,2,completed,36
5261,Rigid,13764,13764,13767,0,3,3,completed,36
5262,Rigid,13764,13764,13766,0,2,2,completed,36
5263,Rigid,13765,13765,13777,0,12,12,completed,36
5264,Rigid,13770,13770,13886,0,116,116,completed,144
5265,Rigid,13770,13770,13840,0,70,70,completed,144
5266,Rigid,13770,13770,13860,0,90,90,completed,144
5267,Rigid,13770,13770,13829,0,59,59,completed,144
5268,Rigid,13770,13770,13832,0,62,62,completed,144
5269,Rigid,13771,13771,13890,0,119,119,completed,144
5270,Rigid,13772,13772,13781,0,9,9,completed,144
5271,Rigid,13776,13776,13891,0,115,115,completed,36
5272,Rigid,13777,13777,13811,0,34,34,completed,36
5273,Rigid,13785,13785,13793,0,8,8,completed,36
5274,Rigid,13785,13785,13793,0,8,8,completed,36
5275,Rigid,13785,13785,13786,0,1,1,completed,36
5276,Rigid,13785,13785,13786,0,1,1,completed,36
5277,Rigid,13785,13785,13793,0,8,8,completed,36
5278,Rigid,13785,13785,13793,0,8,8,completed,36
5279,Rigid,13785,13785,13793,0,8,8,completed,36
5280,Rigid,13785,13785,13793,0,8,8,completed,36
5281,Rigid,13785,13785,13793,0,8,8,completed,36
5282,Rigid,13785,13785,13793,0,8,8,completed,36
5283,Rigid,13785,13785,13793,0,8,8,completed,36
5284,Rigid,13785,13785,13793,0,8,8,completed,36
5285,Rigid,13785,13785,13793,0,8,8,completed,36
5286,Rigid,13785,13785,13786,0,1,1,completed,36
5287,Rigid,13785,13785,13786,0,1,1,completed,36
5288,Rigid,13792,13792,13873,0,81,81,completed,144
5289,Rigid,13793,13793,15495,0,1702,1702,completed,36
5290,Rigid,13793,13793,14219,0,426,426,completed,36
5291,Rigid,13793,13793,14224,0,431,431,completed,36
5292,Rigid,13794,13794,13827,0,33,33,completed,36
5293,Rigid,13796,13796,13797,0,1,1,completed,36
5294,Rigid,13796,13796,13798,0,2,2,completed,36
5295,Rigid,13796,13796,13799,0,3,3,completed,36
5296,Rigid,13796,13796,13797,0,1,1,completed,36
5297,Rigid,13796,13796,13797,0,1,1,completed,36
5298,Rigid,13796,13796,13797,0,1,1,completed,36
5299,Rigid,13796,13796,13797,0,1,1,completed,36
5300,Rigid,13796,13796,13797,0,1,1,completed,36
5301,Rigid,13797,13797,13830,0,33,33,completed,36
5302,Rigid,13801,13801,13852,0,51,51,completed,36
5303,Rigid,13801,13801,13835,0,34,34,completed,36
5304,Rigid,13801,13801,13835,0,34,34,completed,36
5305,Rigid,13801,13801,13865,0,64,64,completed,36
5306,Rigid,13801,13801,13844,0,43,43,completed,36
5307,Rigid,13801,13801,13829,0,28,28,completed,36
5308,Rigid,13801,13801,13876,0,75,75,completed,36
5309,Rigid,13801,13801,13898,0,97,97,completed,36
5310,Rigid,13801,13801,13899,0,98,98,completed,36
5311,Rigid,13801,13801,13812,0,11,11,completed,36
5312,Rigid,13801,13801,13808,0,7,7,completed,36
5313,Rigid,13801,13801,13811,0,10,10,completed,36
5314,Rigid,13801,13801,13815,0,14,14,completed,36
5315,Rigid,13801,13801,13812,0,11,11,completed,36
5316,Rigid,13801,13801,13823,0,22,22,completed,36
5317,Rigid,13801,13801,13837,0,36,36,completed,144
5318,Rigid,13806,13806,13807,0,1,1,completed,72
5319,Rigid,13807,13807,14142,0,335,335,completed,32
5320,Rigid,13807,13807,14141,0,334,334,completed,32
5321,Rigid,13807,13807,14148,0,341,341,completed,32
5322,Rigid,13807,13807,14151,0,344,344,completed,32
5323,Rigid,13807,13807,14160,0,353,353,completed,32
5324,Rigid,13807,13807,14154,0,347,347,completed,32
5325,Rigid,13807,13807,14159,0,352,352,completed,32
5326,Rigid,13807,13807,13809,0,2,2,completed,32
5327,Rigid,13807,13807,14150,0,343,343,completed,32
5328,Rigid,13807,13807,14148,0,341,341,completed,32
5329,Rigid,13807,13807,14146,0,339,339,completed,32
5330,Rigid,13807,13807,13809,0,2,2,completed,32
5331,Rigid,13810,13810,13812,0,2,2,completed,288
5332,Rigid,13814,13814,17414,0,3600,3600,completed,36
5333,Rigid,13814,13814,14678,0,864,864,completed,32
5334,Rigid,13819,13819,14008,0,189,189,completed,36
5335,Rigid,13819,13819,14018,0,199,199,completed,36
5336,Rigid,13820,13820,14000,0,180,180,completed,36
5337,Rigid,13821,13821,14419,0,598,598,completed,32
5338,Rigid,13825,13825,17281,0,3456,3456,completed,1
5339,Rigid,13825,13825,17281,0,3456,3456,completed,1
5340,Rigid,13825,13825,17281,0,3456,3456,completed,1
5341,Rigid,13825,13825,17281,0,3456,3456,completed,1
5342,Rigid,13825,13825,17281,0,3456,3456,completed,1
5343,Rigid,13825,13825,17281,0,3456,3456,completed,1
5344,Rigid,13825,13825,17281,0,3456,3456,completed,1
5345,Rigid,13825,13825,14938,0,1113,1113,completed,1
5346,Rigid,13825,13825,14847,0,1022,1022,completed,1
5347,Rigid,13825,13825,15216,0,1391,1391,completed,1
5348,Rigid,13825,13825,15242,0,1417,1417,completed,1
5349,Rigid,13825,13825,14804,0,979,979,completed,1
5350,Rigid,13825,13825,17281,0,3456,3456,completed,1
5351,Rigid,13825,13825,17281,0,3456,3456,completed,1
5352,Rigid,13825,13825,17281,0,3456,3456,completed,1
5353,Rigid,13825,13825,17281,0,3456,3456,completed,1
5354,Rigid,13825,13825,17281,0,3456,3456,completed,1
5355,Rigid,13825,13825,17281,0,3456,3456,completed,1
5356,Rigid,13825,13825,17281,0,3456,3456,completed,1
5357,Rigid,13825,13825,17281,0,3456,3456,completed,1
5358,Rigid,13825,13825,17281,0,3456,3456,completed,1
5359,Rigid,13825,13825,17281,0,3456,3456,completed,1
5360,Rigid,13825,13825,17281,0,3456,3456,completed,1
5361,Rigid,13825,13825,17281,0,3456,3456,completed,1
5362,Rigid,13825,13825,17281,0,3456,3456,completed,1
5363,Rigid,13825,13825,17281,0,3456,3456,completed,1
5364,Rigid,13825,13825,17281,0,3456,3456,completed,1
5365,Rigid,13825,13825,17281,0,3456,3456,completed,1
5366,Rigid,13825,13825,17281,0,3456,3456,completed,1
5367,Rigid,13825,13825,17281,0,3456,3456,completed,1
5368,Rigid,13825,13825,17281,0,3456,3456,completed,1
5369,Rigid,13825,13825,17281,0,3456,3456,completed,1
5370,Rigid,13825,13825,17281,0,3456,3456,completed,1
5371,Rigid,13825,13825,17281,0,3456,3456,completed,1
5372,Rigid,13825,13825,17281,0,3456,3456,completed,1
5373,Rigid,13825,13825,17281,0,3456,3456,completed,1
5374,Rigid,13825,13825,17281,0,3456,3456,completed,1
5375,Rigid,13825,13825,17281,0,3456,3456,completed,1
5376,Rigid,13825,13825,17281,0,3456,3456,completed,1
5377,Rigid,13825,13825,17281,0,3456,3456,completed,1
5378,Rigid,13825,13825,17281,0,3456,3456,completed,1
5379,Rigid,13825,13825,17281,0,3456,3456,completed,1
5380,Rigid,13825,13825,17281,0,3456,3456,completed,1
5381,Rigid,13825,13825,17281,0,3456,3456,completed,1
5382,Rigid,13825,13825,17281,0,3456,3456,completed,1
5383,Rigid,13825,13825,17281,0,3456,3456,completed,1
5384,Rigid,13825,13825,17281,0,3456,3456,completed,1
5385,Rigid,13825,13825,17281,0,3456,3456,completed,1
5386,Rigid,13825,13825,17281,0,3456,3456,completed,1
5387,Rigid,13825,13825,17281,0,3456,3456,completed,1
5388,Rigid,13825,13825,17281,0,3456,3456,completed,1
5389,Rigid,13825,13825,17281,0,3456,3456,completed,1
5390,Rigid,13825,13825,17281,0,3456,3456,completed,1
5391,Rigid,13825,13825,17281,0,3456,3456,completed,1
5392,Rigid,13825,13825,17281,0,3456,3456,completed,1
5393,Rigid,13825,13825,17281,0,3456,3456,completed,1
5394,Rigid,13825,13825,17281,0,3456,3456,completed,1
5395,Rigid,13825,13825,17281,0,3456,3456,completed,1
5396,Rigid,13825,13825,17281,0,3456,3456,completed,1
5397,Rigid,13825,13825,17281,0,3456,3456,completed,1
5398,Rigid,13825,13825,17281,0,3456,3456,completed,1
5399,Rigid,13825,13825,17150,0,3325,3325,completed,1
5400,Rigid,13825,13825,17281,0,3456,3456,completed,1
5401,Rigid,13825,13825,17281,0,3456,3456,completed,1
5402,Rigid,13825,13825,17281,0,3456,3456,completed,1
5403,Rigid,13825,13825,17281,0,3456,3456,completed,1
5404,Rigid,13825,13825,17281,0,3456,3456,completed,1
5405,Rigid,13825,13825,17281,0,3456,3456,completed,1
5406,Rigid,13825,13825,17281,0,3456,3456,completed,1
5407,Rigid,13825,13825,17281,0,3456,3456,completed,1
5408,Rigid,13840,13840,13841,0,1,1,completed,36
5409,Rigid,13842,13842,13843,0,1,1,completed,36
5410,Rigid,13845,13845,14160,0,315,315,completed,36
5411,Rigid,13845,13845,14709,0,864,864,completed,36
5412,Rigid,13846,13846,17446,0,3600,3600,completed,36
5413,Rigid,13849,13849,17449,0,3600,3600,completed,36
5414,Rigid,13855,13855,13884,0,29,29,completed,36
5415,Rigid,13857,13857,13858,0,1,1,completed,36
5416,Rigid,13860,13860,15588,0,1728,1728,completed,36
5417,Rigid,13860,13860,13949,0,89,89,completed,36
5418,Rigid,13860,13860,14043,0,183,183,completed,36
5419,Rigid,13860,13861,15222,1,1361,1362,completed,36
5420,Rigid,13860,13861,15122,1,1261,1262,completed,36
5421,Rigid,13860,13861,14980,1,1119,1120,completed,36
5422,Rigid,13861,13861,14590,0,729,729,completed,36
5423,Rigid,13861,13861,14392,0,531,531,completed,36
5424,Rigid,13861,13861,14039,0,178,178,completed,36
5425,Rigid,13861,13861,14764,0,903,903,completed,36
5426,Rigid,13861,13861,15589,0,1728,1728,completed,36
5427,Rigid,13861,13861,14828,0,967,967,completed,36
5428,Rigid,13865,13865,15277,0,1412,1412,completed,36
5429,Rigid,13865,13865,14584,0,719,719,completed,36
5430,Rigid,13865,13865,15549,0,1684,1684,completed,36
5431,Rigid,13866,13866,14496,0,630,630,completed,36
5432,Rigid,13866,13866,14495,0,629,629,completed,36
5433,Rigid,13866,13866,14512,0,646,646,completed,36
5434,Rigid,13866,13866,15594,0,1728,1728,completed,36
5435,Rigid,13866,13866,15045,0,1179,1179,completed,36
5436,Rigid,13866,13866,14661,0,795,795,completed,36
5437,Rigid,13867,13867,14820,0,953,953,completed,36
5438,Rigid,13867,13867,15072,0,1205,1205,completed,36
5439,Rigid,13867,13867,15021,0,1154,1154,completed,36
5440,Rigid,13867,13867,15100,0,1233,1233,completed,36
5441,Rigid,13867,13867,15180,0,1313,1313,completed,36
5442,Rigid,13867,13949,15478,82,1529,1611,completed,36
5443,Rigid,13867,14040,14629,173,589,762,completed,36
5444,Rigid,13867,14044,14941,177,897,1074,completed,36
5445,Rigid,13867,14078,15806,211,1728,1939,completed,36
5446,Rigid,13868,14184,14196,316,12,328,completed,36
5447,Rigid,13868,14197,14211,329,14,343,completed,36
5448,Rigid,13868,14211,14235,343,24,367,completed,36
5449,Rigid,13868,14236,14257,368,21,389,completed,36
5450,Rigid,13868,14100,14132,232,32,264,completed,36
5451,Rigid,13868,14239,14256,371,17,388,completed,36
5452,Rigid,13868,14257,14270,389,13,402,completed,36
5453,Rigid,13868,14257,14272,389,15,404,completed,36
5454,Rigid,13868,14270,14287,402,17,419,completed,36
5455,Rigid,13868,14272,14307,404,35,439,completed,36
5456,Rigid,13868,14281,14304,413,23,436,completed,36
5457,Rigid,13868,14288,14304,420,16,436,completed,36
5458,Rigid,13868,14291,14340,423,49,472,completed,36
5459,Rigid,13868,14302,14325,434,23,457,completed,36
5460,Rigid,13868,14304,14333,436,29,465,completed,36
5461,Rigid,13868,14130,14145,262,15,277,completed,36
5462,Rigid,13868,14305,14337,437,32,469,completed,36
5463,Rigid,13868,14308,14385,440,77,517,completed,36
5464,Rigid,13868,14319,14332,451,13,464,completed,36
5465,Rigid,13868,14326,14338,458,12,470,completed,36
5466,Rigid,13868,14333,14340,465,7,472,completed,36
5467,Rigid,13868,14333,14389,465,56,521,completed,36
5468,Rigid,13868,14337,14361,469,24,493,completed,36
5469,Rigid,13868,14338,14446,470,108,578,completed,36
5470,Rigid,13868,14340,14401,472,61,533,completed,36
5471,Rigid,13868,14340,14352,472,12,484,completed,36
5472,Rigid,13868,14132,14151,264,19,283,completed,36
5473,Rigid,13868,14353,14369,485,16,501,completed,36
5474,Rigid,13868,14362,14375,494,13,507,completed,36
5475,Rigid,13868,14369,14381,501,12,513,completed,36
5476,Rigid,13868,14375,14393,507,18,525,completed,36
5477,Rigid,13868,14381,14479,513,98,611,completed,36
5478,Rigid,13868,14385,14402,517,17,534,completed,36
5479,Rigid,13868,14390,14401,522,11,533,completed,36
5480,Rigid,13868,14393,14412,525,19,544,completed,36
5481,Rigid,13868,14394,14448,526,54,580,completed,36
5482,Rigid,13868,14401,14417,533,16,549,completed,36
5483,Rigid,13868,14143,14168,275,25,300,completed,36
5484,Rigid,13868,14402,14415,534,13,547,completed,36
5485,Rigid,13868,14403,14452,535,49,584,completed,36
5486,Rigid,13868,14412,14422,544,10,554,completed,36
5487,Rigid,13868,14416,14459,548,43,591,completed,36
5488,Rigid,13868,14417,14469,549,52,601,completed,36
5489,Rigid,13868,14423,14432,555,9,564,completed,36
5490,Rigid,13868,14145,14183,277,38,315,completed,36
5491,Rigid,13868,14151,14180,283,29,312,completed,36
5492,Rigid,13868,14168,14178,300,10,310,completed,36
5493,Rigid,13868,14179,14239,311,60,371,completed,36
5494,Rigid,13868,14181,14302,313,121,434,completed,36
5495,Rigid,13868,14432,14444,564,12,576,completed,36
5496,Rigid,13868,14444,14468,576,24,600,completed,36
5497,Rigid,13868,14447,14489,579,42,621,completed,36
5498,Rigid,13868,14448,14482,580,34,614,completed,36
5499,Rigid,13868,14452,14662,584,210,794,completed,36
5500,Rigid,13868,14460,14505,592,45,637,completed,36
5501,Rigid,13868,14468,14497,600,29,629,completed,36
5502,Rigid,13868,14469,14568,601,99,700,completed,36
5503,Rigid,13868,14480,14515,612,35,647,completed,36
5504,Rigid,13868,14483,14529,615,46,661,completed,36
5505,Rigid,13883,13883,13887,0,4,4,completed,36
5506,Rigid,13883,13883,13890,0,7,7,completed,72
5507,Rigid,13887,13887,13890,0,3,3,completed,1
5508,Rigid,13887,13887,13890,0,3,3,completed,1
5509,Rigid,13887,13887,13890,0,3,3,completed,1
5510,Rigid,13887,13887,13890,0,3,3,completed,1
5511,Rigid,13887,13887,13890,0,3,3,completed,1
5512,Rigid,13887,13887,13890,0,3,3,completed,1
5513,Rigid,13887,13887,13890,0,3,3,completed,1
5514,Rigid,13887,13887,13890,0,3,3,completed,1
5515,Rigid,13887,13887,13890,0,3,3,completed,1
5516,Rigid,13887,13887,13890,0,3,3,completed,1
5517,Rigid,13887,13887,13890,0,3,3,completed,1
5518,Rigid,13887,13887,13890,0,3,3,completed,1
5519,Rigid,13887,13887,13890,0,3,3,completed,1
5520,Rigid,13887,13887,13890,0,3,3,completed,1
5521,Rigid,13887,13887,13890,0,3,3,completed,1
5522,Rigid,13887,13887,13890,0,3,3,completed,1
5523,Rigid,13887,13887,13890,0,3,3,completed,1
5524,Rigid,13887,13887,13890,0,3,3,completed,1
5525,Rigid,13887,13887,13890,0,3,3,completed,1
5526,Rigid,13887,13887,13890,0,3,3,completed,1
5527,Rigid,13887,13887,13890,0,3,3,completed,1
5528,Rigid,13887,13887,13890,0,3,3,completed,1
5529,Rigid,13887,13887,13890,0,3,3,completed,1
5530,Rigid,13887,13887,13890,0,3,3,completed,1
5531,Rigid,13887,13887,13890,0,3,3,completed,1
5532,Rigid,13887,13887,13890,0,3,3,completed,1
5533,Rigid,13887,13887,13890,0,3,3,completed,1
5534,Rigid,13887,13887,13890,0,3,3,completed,1
5535,Rigid,13887,13887,13890,0,3,3,completed,1
5536,Rigid,13887,13887,13890,0,3,3,completed,1
5537,Rigid,13887,13887,13890,0,3,3,completed,1
5538,Rigid,13887,13887,13890,0,3,3,completed,1
5539,Rigid,13887,13887,13890,0,3,3,completed,1
5540,Rigid,13887,13887,13890,0,3,3,completed,1
5541,Rigid,13887,13887,13890,0,3,3,completed,1
5542,Rigid,13889,13889,13893,0,4,4,completed,36
5543,Rigid,13891,13891,13893,0,2,2,completed,1
5544,Rigid,13891,13891,13893,0,2,2,completed,1
5545,Rigid,13891,13891,13893,0,2,2,completed,1
5546,Rigid,13891,13891,13893,0,2,2,completed,1
5547,Rigid,13891,13891,13893,0,2,2,completed,1
5548,Rigid,13891,13891,13893,0,2,2,completed,1
5549,Rigid,13891,13891,13893,0,2,2,completed,1
5550,Rigid,13891,13891,13893,0,2,2,completed,1
5551,Rigid,13891,13891,13893,0,2,2,completed,1
5552,Rigid,13891,13891,13893,0,2,2,completed,1
5553,Rigid,13891,13891,13893,0,2,2,completed,1
5554,Rigid,13891,13891,13893,0,2,2,completed,1
5555,Rigid,13891,13891,13893,0,2,2,completed,1
5556,Rigid,13891,13891,13893,0,2,2,completed,1
5557,Rigid,13891,13891,13893,0,2,2,completed,1
5558,Rigid,13891,13891,13893,0,2,2,completed,1
5559,Rigid,13891,13891,13893,0,2,2,completed,1
5560,Rigid,13891,13891,13893,0,2,2,completed,1
5561,Rigid,13891,13891,13893,0,2,2,completed,1
5562,Rigid,13891,13891,13893,0,2,2,completed,1
5563,Rigid,13891,13891,13893,0,2,2,completed,1
5564,Rigid,13891,13891,13893,0,2,2,completed,1
5565,Rigid,13891,13891,13892,0,1,1,completed,1
5566,Rigid,13891,13891,13893,0,2,2,completed,1
5567,Rigid,13891,13891,13893,0,2,2,completed,1
5568,Rigid,13891,13891,13893,0,2,2,completed,1
5569,Rigid,13891,13891,13893,0,2,2,completed,1
5570,Rigid,13891,13891,13893,0,2,2,completed,1
5571,Rigid,13891,13891,13893,0,2,2,completed,1
5572,Rigid,13891,13891,13893,0,2,2,completed,1
5573,Rigid,13891,13891,13893,0,2,2,completed,1
5574,Rigid,13891,13891,13893,0,2,2,completed,1
5575,Rigid,13891,13891,13893,0,2,2,completed,1
5576,Rigid,13891,13891,13893,0,2,2,completed,1
5577,Rigid,13891,13891,13893,0,2,2,completed,1
5578,Rigid,13891,13891,13893,0,2,2,completed,1
5579,Rigid,13891,13891,13893,0,2,2,completed,1
5580,Rigid,13891,13891,13892,0,1,1,completed,1
5581,Rigid,13891,13891,13893,0,2,2,completed,1
5582,Rigid,13891,13891,13893,0,2,2,completed,1
5583,Rigid,13891,13891,13893,0,2,2,completed,1
5584,Rigid,13891,13891,13893,0,2,2,completed,1
5585,Rigid,13891,13891,13893,0,2,2,completed,1
5586,Rigid,13891,13891,13893,0,2,2,completed,1
5587,Rigid,13891,13891,13892,0,1,1,completed,1
5588,Rigid,13891,13891,13892,0,1,1,completed,1
5589,Rigid,13891,13891,13893,0,2,2,completed,1
5590,Rigid,13891,13891,13893,0,2,2,completed,1
5591,Rigid,13891,13891,13893,0,2,2,completed,1
5592,Rigid,13891,13891,13893,0,2,2,completed,1
5593,Rigid,13891,13891,13893,0,2,2,completed,1
5594,Rigid,13891,13891,13893,0,2,2,completed,1
5595,Rigid,13891,13891,13893,0,2,2,completed,1
5596,Rigid,13891,13891,13893,0,2,2,completed,1
5597,Rigid,13891,13891,13893,0,2,2,completed,1
5598,Rigid,13891,13891,13893,0,2,2,completed,1
5599,Rigid,13891,13891,13893,0,2,2,completed,1
5600,Rigid,13891,13891,13893,0,2,2,completed,1
5601,Rigid,13891,13891,13893,0,2,2,completed,1
5602,Rigid,13891,13891,13893,0,2,2,completed,1
5603,Rigid,13891,13891,13892,0,1,1,completed,1
5604,Rigid,13891,13891,13893,0,2,2,completed,1
5605,Rigid,13891,13891,13893,0,2,2,completed,1
5606,Rigid,13891,13891,13893,0,2,2,completed,1
5607,Rigid,13891,13891,13893,0,2,2,completed,1
5608,Rigid,13891,13891,13893,0,2,2,completed,1
5609,Rigid,13891,13891,13893,0,2,2,completed,1
5610,Rigid,13891,13891,13893,0,2,2,completed,1
5611,Rigid,13891,13891,13893,0,2,2,completed,1
5612,Rigid,13891,13891,13893,0,2,2,completed,1
5613,Rigid,13891,13891,13893,0,2,2,completed,1
5614,Rigid,13891,13891,13893,0,2,2,completed,1
5615,Rigid,13894,13894,13905,0,11,11,completed,36
5616,Rigid,13894,13894,13919,0,25,25,completed,36
5617,Rigid,13895,13895,13915,0,20,20,completed,36
5618,Rigid,13898,13898,13915,0,17,17,completed,36
5619,Rigid,13900,13900,13981,0,81,81,completed,144
5620,Rigid,13901,13901,13909,0,8,8,completed,36
5621,Rigid,13902,13902,13905,0,3,3,completed,72
5622,Rigid,13909,13909,13913,0,4,4,completed,144
5623,Rigid,13910,13910,13931,0,21,21,completed,144
5624,Rigid,13910,13910,13931,0,21,21,completed,144
5625,Rigid,13910,13910,13931,0,21,21,completed,144
5626,Rigid,13910,13910,13931,0,21,21,completed,144
5627,Rigid,13910,13910,13931,0,21,21,completed,144
5628,Rigid,13910,13910,13931,0,21,21,completed,144
5629,Rigid,13910,13914,13935,4,21,25,completed,144
5630,Rigid,13910,13916,13937,6,21,27,completed,144
5631,Rigid,13910,13931,13952,21,21,42,completed,144
5632,Rigid,13910,13931,13952,21,21,42,completed,144
5633,Rigid,13910,13931,13952,21,21,42,completed,144
5634,Rigid,13910,13931,13952,21,21,42,completed,144
5635,Rigid,13910,13932,13953,22,21,43,completed,144
5636,Rigid,13910,13932,13953,22,21,43,completed,144
5637,Rigid,13910,13932,13953,22,21,43,completed,144
5638,Rigid,13910,13932,13953,22,21,43,completed,144
5639,Rigid,13915,13932,13941,17,9,26,completed,72
5640,Rigid,13923,13932,14738,9,806,815,completed,108
5641,Rigid,13926,13926,14738,0,812,812,completed,24
5642,Rigid,13932,13953,15445,21,1492,1513,completed,756
5643,Rigid,13948,13948,13952,0,4,4,completed,72
5644,Rigid,13956,13956,13957,0,1,1,completed,144
5645,Rigid,13956,13956,13957,0,1,1,completed,144
5646,Rigid,13956,13956,13957,0,1,1,completed,144
5647,Rigid,13956,13956,13957,0,1,1,completed,144
5648,Rigid,13956,13956,13957,0,1,1,completed,144
5649,Rigid,13958,13958,14535,0,577,577,completed,144
5650,Rigid,13958,13958,14499,0,541,541,completed,144
5651,Rigid,13958,13958,14568,0,610,610,completed,144
5652,Rigid,13958,13958,14484,0,526,526,completed,144
5653,Rigid,13958,13958,14493,0,535,535,completed,144
5654,Rigid,13961,13961,14787,0,826,826,completed,72
5655,Rigid,13973,13973,14919,0,946,946,completed,72
5656,Rigid,13974,13974,14788,0,814,814,completed,144
5657,Rigid,13975,13975,14788,0,813,813,completed,144
5658,Rigid,13975,13975,14888,0,913,913,completed,144
5659,Rigid,13991,13991,13997,0,6,6,completed,36
5660,Rigid,13991,13991,13997,0,6,6,completed,36
5661,Rigid,13991,13991,13997,0,6,6,completed,36
5662,Rigid,13991,13991,13997,0,6,6,completed,36
5663,Rigid,13991,13991,13997,0,6,6,completed,36
5664,Rigid,13991,13991,13997,0,6,6,completed,36
5665,Rigid,13991,13991,13997,0,6,6,completed,36
5666,Rigid,13991,13991,13997,0,6,6,completed,36
5667,Rigid,13991,13998,14004,7,6,13,completed,36
5668,Rigid,13991,13998,14004,7,6,13,completed,36
5669,Rigid,13991,13998,14004,7,6,13,completed,36
5670,Rigid,13991,13998,14004,7,6,13,completed,36
5671,Rigid,13991,13998,14004,7,6,13,completed,36
5672,Rigid,13991,13998,14004,7,6,13,completed,36
5673,Rigid,13991,13998,14004,7,6,13,completed,36
5674,Rigid,13991,13998,14004,7,6,13,completed,36
5675,Rigid,14009,14009,14040,0,31,31,completed,36
5676,Rigid,14072,14072,14076,0,4,4,completed,288
5677,Rigid,14104,14104,14105,0,1,1,completed,288
5678,Rigid,14140,14140,14168,0,28,28,completed,18
5679,Rigid,14140,14140,14168,0,28,28,completed,18
5680,Rigid,14170,14170,14174,0,4,4,completed,2
5681,Rigid,14170,14170,14174,0,4,4,completed,2
5682,Rigid,14170,14170,14191,0,21,21,completed,1
5683,Rigid,14170,14170,14174,0,4,4,completed,2
5684,Rigid,14170,14170,14173,0,3,3,completed,2
5685,Rigid,14170,14170,14173,0,3,3,completed,2
5686,Rigid,14170,14170,14179,0,9,9,completed,2
5687,Rigid,14170,14170,14189,0,19,19,completed,1
5688,Rigid,14170,14170,14194,0,24,24,completed,1
5689,Rigid,14170,14170,14179,0,9,9,completed,2
5690,Rigid,14170,14170,14192,0,22,22,completed,1
5691,Rigid,14170,14170,14174,0,4,4,completed,2
5692,Rigid,14170,14170,14191,0,21,21,completed,1
5693,Rigid,14170,14170,14183,0,13,13,completed,2
5694,Rigid,14170,14170,14183,0,13,13,completed,2
5695,Rigid,14170,14170,14192,0,22,22,completed,1
5696,Rigid,14170,14170,14177,0,7,7,completed,2
5697,Rigid,14170,14170,14178,0,8,8,completed,2
5698,Rigid,14170,14170,14184,0,14,14,completed,2
5699,Rigid,14170,14170,14184,0,14,14,completed,2
5700,Rigid,14170,14170,14190,0,20,20,completed,1
5701,Rigid,14170,14170,14191,0,21,21,completed,1
5702,Rigid,14170,14170,14183,0,13,13,completed,2
5703,Rigid,14170,14170,14179,0,9,9,completed,2
5704,Rigid,14170,14170,14174,0,4,4,completed,2
5705,Rigid,14170,14170,14174,0,4,4,completed,2
5706,Rigid,14170,14170,14194,0,24,24,completed,1
5707,Rigid,14170,14170,14195,0,25,25,completed,1
5708,Rigid,14170,14170,14183,0,13,13,completed,2
5709,Rigid,14170,14170,14183,0,13,13,completed,2
5710,Rigid,14170,14170,14177,0,7,7,completed,2
5711,Rigid,14170,14170,14178,0,8,8,completed,2
5712,Rigid,14170,14170,14179,0,9,9,completed,2
5713,Rigid,14170,14170,14180,0,10,10,completed,2
5714,Rigid,14170,14170,14180,0,10,10,completed,2
5715,Rigid,14170,14170,14174,0,4,4,completed,2
5716,Rigid,14170,14170,14183,0,13,13,completed,2
5717,Rigid,14170,14170,14180,0,10,10,completed,2
5718,Rigid,14170,14170,14174,0,4,4,completed,2
5719,Rigid,14170,14170,14183,0,13,13,completed,2
5720,Rigid,14170,14170,14174,0,4,4,completed,2
5721,Rigid,14170,14170,14180,0,10,10,completed,2
5722,Rigid,14170,14170,14183,0,13,13,completed,2
5723,Rigid,14170,14170,14173,0,3,3,completed,2
5724,Rigid,14170,14170,14173,0,3,3,completed,2
5725,Rigid,14170,14170,14179,0,9,9,completed,1
5726,Rigid,14170,14170,14179,0,9,9,completed,1
5727,Rigid,14170,14170,14183,0,13,13,completed,2
5728,Rigid,14170,14170,14186,0,16,16,completed,1
5729,Rigid,14170,14170,14171,0,1,1,completed,2
5730,Rigid,14170,14170,14171,0,1,1,completed,2
5731,Rigid,14170,14170,14173,0,3,3,completed,2
5732,Rigid,14170,14170,14186,0,16,16,completed,1
5733,Rigid,14170,14170,14183,0,13,13,completed,2
5734,Rigid,14170,14170,14182,0,12,12,completed,2
5735,Rigid,14170,14170,14182,0,12,12,completed,2
5736,Rigid,14177,14177,14975,0,798,798,completed,24
5737,Rigid,14196,14196,14215,0,19,19,completed,1
5738,Rigid,14196,14196,14216,0,20,20,completed,1
5739,Rigid,14196,14196,14216,0,20,20,completed,1
5740,Rigid,14196,14196,14215,0,19,19,completed,1
5741,Rigid,14224,14224,14225,0,1,1,completed,1
5742,Rigid,14228,14228,14229,0,1,1,completed,1
5743,Rigid,14230,14230,14266,0,36,36,completed,1
5744,Rigid,14369,14369,14450,0,81,81,completed,144
5745,Rigid,14485,14485,15012,0,527,527,completed,144
5746,Rigid,14491,14491,14527,0,36,36,completed,144
5747,Rigid,14491,14491,14528,0,37,37,completed,144
5748,Rigid,14491,14491,14528,0,37,37,completed,144
5749,Rigid,14491,14491,14528,0,37,37,completed,144
5750,Rigid,14491,14491,14528,0,37,37,completed,144
5751,Rigid,14491,14491,14528,0,37,37,completed,144
5752,Rigid,14491,14491,14528,0,37,37,completed,144
5753,Rigid,14491,14491,14528,0,37,37,completed,144
5754,Rigid,14491,14491,14528,0,37,37,completed,144
5755,Rigid,14491,14491,14528,0,37,37,completed,144
5756,Rigid,14491,14491,14527,0,36,36,completed,144
5757,Rigid,14491,14491,14527,0,36,36,completed,144
5758,Rigid,14491,14491,14527,0,36,36,completed,144
5759,Rigid,14491,14491,14527,0,36,36,completed,144
5760,Rigid,14491,14491,14528,0,37,37,completed,144
5761,Rigid,14491,14491,14528,0,37,37,completed,144
5762,Rigid,14493,14493,15044,0,551,551,completed,144
5763,Rigid,14500,14500,15042,0,542,542,completed,144
5764,Rigid,14518,14518,14530,0,12,12,completed,288
5765,Rigid,14520,14520,14556,0,36,36,completed,36
5766,Rigid,14535,14535,15104,0,569,569,completed,144
5767,Rigid,14564,14564,14574,0,10,10,completed,36
5768,Rigid,14568,14568,15179,0,611,611,completed,144
5769,Rigid,14578,14578,14994,0,416,416,completed,36
5770,Rigid,14580,14580,14622,0,42,42,completed,36
5771,Rigid,14580,14580,14756,0,176,176,completed,36
5772,Rigid,14580,14580,14758,0,178,178,completed,36
5773,Rigid,14584,14584,14801,0,217,217,completed,36
5774,Rigid,14612,14612,14626,0,14,14,completed,36
5775,Rigid,14612,14612,14626,0,14,14,completed,36
5776,Rigid,14612,14612,14626,0,14,14,completed,36
5777,Rigid,14612,14612,14626,0,14,14,completed,36
5778,Rigid,14612,14612,14626,0,14,14,completed,36
5779,Rigid,14612,14612,14626,0,14,14,completed,36
5780,Rigid,14612,14612,14626,0,14,14,completed,36
5781,Rigid,14612,14612,14626,0,14,14,completed,36
5782,Rigid,14612,14612,14626,0,14,14,completed,36
5783,Rigid,14612,14612,14626,0,14,14,completed,36
5784,Rigid,14612,14612,14626,0,14,14,completed,36
5785,Rigid,14612,14612,14626,0,14,14,completed,36
5786,Rigid,14612,14612,14626,0,14,14,completed,36
5787,Rigid,14612,14612,14626,0,14,14,completed,36
5788,Rigid,14612,14612,14626,0,14,14,completed,36
5789,Rigid,14612,14612,14626,0,14,14,completed,36
5790,Rigid,14633,14633,14644,0,11,11,completed,36
5791,Rigid,14633,14633,14660,0,27,27,completed,36
5792,Rigid,14740,14740,15875,0,1135,1135,completed,108
5793,Rigid,14746,14746,15876,0,1130,1130,completed,108
5794,Rigid,14749,14749,14753,0,4,4,completed,24
5795,Rigid,14754,14754,16252,0,1498,1498,completed,24
5796,Rigid,14756,14756,16253,0,1497,1497,completed,24
5797,Rigid,14771,14771,16255,0,1484,1484,completed,108
5798,Rigid,14773,14773,16257,0,1484,1484,completed,24
5799,Rigid,14785,14785,15877,0,1092,1092,completed,108
5800,Rigid,14836,14836,14844,0,8,8,completed,72
5801,Rigid,14850,14850,14857,0,7,7,completed,72
5802,Rigid,14863,14863,14866,0,3,3,completed,72
5803,Rigid,14866,14866,14874,0,8,8,completed,72
5804,Rigid,14896,14896,14902,0,6,6,completed,72
5805,Rigid,14902,14902,14907,0,5,5,completed,72
5806,Rigid,14908,14908,14944,0,36,36,completed,72
5807,Rigid,14977,14977,16256,0,1279,1279,completed,24
5808,Rigid,14979,16095,17574,1116,1479,2595,completed,756
5809,Rigid,14979,17851,19288,2872,1437,4309,completed,756
5810,Rigid,15012,15012,15543,0,531,531,completed,144
5811,Rigid,15016,15016,15018,0,2,2,completed,144
5812,Rigid,15016,15016,15018,0,2,2,completed,144
5813,Rigid,15016,15016,15019,0,3,3,completed,216
5814,Rigid,15016,15016,15019,0,3,3,completed,216
5815,Rigid,15040,15040,15044,0,4,4,completed,1
5816,Rigid,15042,15042,15584,0,542,542,completed,144
5817,Rigid,15045,15045,15607,0,562,562,completed,144
5818,Rigid,15052,15052,15053,0,1,1,completed,1
5819,Rigid,15105,15105,15679,0,574,574,completed,144
5820,Rigid,15180,15180,15797,0,617,617,completed,144
5821,Rigid,15347,15347,15562,0,215,215,completed,36
5822,Rigid,15383,15383,15434,0,51,51,completed,36
5823,Rigid,15402,15402,15434,0,32,32,completed,72
5824,Rigid,15430,15430,15444,0,14,14,completed,72
5825,Rigid,15431,15431,15444,0,13,13,completed,72
5826,Rigid,15432,15432,15445,0,13,13,completed,72
5827,Rigid,15434,15434,15443,0,9,9,completed,72
5828,Rigid,15434,15434,15444,0,10,10,completed,72
5829,Rigid,15435,15435,15515,0,80,80,completed,36
5830,Rigid,15436,15436,15809,0,373,373,completed,36
5831,Rigid,15440,15440,17165,0,1725,1725,completed,144
5832,Rigid,15441,15441,16263,0,822,822,completed,108
5833,Rigid,15442,15442,17169,0,1727,1727,completed,108
5834,Rigid,15443,15443,17171,0,1728,1728,completed,108
5835,Rigid,15444,15444,15474,0,30,30,completed,72
5836,Rigid,15445,15445,16941,0,1496,1496,completed,756
5837,Rigid,15445,15445,15473,0,28,28,completed,72
5838,Rigid,15474,15474,15497,0,23,23,completed,72
5839,Rigid,15487,15487,15518,0,31,31,completed,72
5840,Rigid,15489,15489,15668,0,179,179,completed,144
5841,Rigid,15489,15489,15593,0,104,104,completed,144
5842,Rigid,15489,15489,15490,0,1,1,completed,144
5843,Rigid,15489,15489,15494,0,5,5,completed,144
5844,Rigid,15489,15489,15585,0,96,96,completed,144
5845,Rigid,15489,15489,15594,0,105,105,completed,144
5846,Rigid,15489,15489,15594,0,105,105,completed,144
5847,Rigid,15489,15489,15491,0,2,2,completed,144
5848,Rigid,15489,15489,15492,0,3,3,completed,144
5849,Rigid,15489,15489,15492,0,3,3,completed,144
5850,Rigid,15489,15489,15490,0,1,1,completed,144
5851,Rigid,15489,15489,15493,0,4,4,completed,144
5852,Rigid,15489,15489,15491,0,2,2,completed,144
5853,Rigid,15489,15489,15491,0,2,2,completed,144
5854,Rigid,15489,15489,15492,0,3,3,completed,144
5855,Rigid,15489,15489,15492,0,3,3,completed,144
5856,Rigid,15489,15489,15495,0,6,6,completed,144
5857,Rigid,15489,15489,15492,0,3,3,completed,144
5858,Rigid,15489,15489,15490,0,1,1,completed,144
5859,Rigid,15489,15489,15492,0,3,3,completed,144
5860,Rigid,15489,15490,15497,1,7,8,completed,144
5861,Rigid,15489,15490,15491,1,1,2,completed,144
5862,Rigid,15489,15490,15495,1,5,6,completed,144
5863,Rigid,15489,15491,15496,2,5,7,completed,144
5864,Rigid,15489,15492,15496,3,4,7,completed,144
5865,Rigid,15489,15492,15493,3,1,4,completed,144
5866,Rigid,15489,15489,15499,0,10,10,completed,144
5867,Rigid,15489,15489,15589,0,100,100,completed,144
5868,Rigid,15498,15498,15515,0,17,17,completed,72
5869,Rigid,15516,15516,15674,0,158,158,completed,36
5870,Rigid,15520,15520,15545,0,25,25,completed,72
5871,Rigid,15524,15524,15553,0,29,29,completed,72
5872,Rigid,15535,15535,15567,0,32,32,completed,72
5873,Rigid,15543,15543,16076,0,533,533,completed,144
5874,Rigid,15546,15546,15648,0,102,102,completed,36
5875,Rigid,15547,15547,15577,0,30,30,completed,36
5876,Rigid,15553,15553,15697,0,144,144,completed,288
5877,Rigid,15561,15561,15595,0,34,34,completed,72
5878,Rigid,15566,15566,15567,0,1,1,completed,72
5879,Rigid,15568,15568,15571,0,3,3,completed,72
5880,Rigid,15571,15571,15581,0,10,10,completed,144
5881,Rigid,15582,15582,15615,0,33,33,completed,144
5882,Rigid,15582,15582,15648,0,66,66,completed,72
5883,Rigid,15582,15582,15658,0,76,76,completed,72
5884,Rigid,15583,15583,15668,0,85,85,completed,72
5885,Rigid,15583,15583,15678,0,95,95,completed,72
5886,Rigid,15585,15585,16128,0,543,543,completed,144
5887,Rigid,15587,15587,16451,0,864,864,completed,36
5888,Rigid,15595,15595,15596,0,1,1,completed,36
5889,Rigid,15600,15600,15629,0,29,29,completed,72
5890,Rigid,15608,15608,16170,0,562,562,completed,144
5891,Rigid,15680,15680,16229,0,549,549,completed,144
5892,Rigid,15735,15735,15737,0,2,2,completed,900
5893,Rigid,15738,15738,15740,0,2,2,completed,900
5894,Rigid,15762,15762,15763,0,1,1,completed,144
5895,Rigid,15766,15766,15769,0,3,3,completed,144
5896,Rigid,15780,15780,15788,0,8,8,completed,72
5897,Rigid,15797,15797,16228,0,431,431,completed,144
5898,Rigid,15799,15799,15800,0,1,1,completed,36
5899,Rigid,15809,15809,15829,0,20,20,completed,36
5900,Rigid,15810,15810,15823,0,13,13,completed,36
5901,Rigid,15810,15810,15830,0,20,20,completed,36
5902,Rigid,15821,15821,15831,0,10,10,completed,36
5903,Rigid,15822,15822,19039,0,3217,3217,completed,36
5904,Rigid,15822,15822,15831,0,9,9,completed,36
5905,Rigid,15823,15823,15832,0,9,9,completed,36
5906,Rigid,15824,15824,15832,0,8,8,completed,36
5907,Rigid,15825,15825,15834,0,9,9,completed,36
5908,Rigid,15830,15830,16785,0,955,955,completed,36
5909,Rigid,15830,15830,15834,0,4,4,completed,36
5910,Rigid,15831,15831,16080,0,249,249,completed,36
5911,Rigid,15832,15832,15946,0,114,114,completed,36
5912,Rigid,15833,15833,19039,0,3206,3206,completed,36
5913,Rigid,15837,15837,16005,0,168,168,completed,36
5914,Rigid,15839,15839,16183,0,344,344,completed,36
5915,Rigid,15840,15840,16604,0,764,764,completed,36
5916,Rigid,15842,15842,19038,0,3196,3196,completed,36
5917,Rigid,15875,15875,16247,0,372,372,completed,108
5918,Rigid,15876,15876,16249,0,373,373,completed,108
5919,Rigid,15877,15877,16250,0,373,373,completed,108
5920,Rigid,16188,16188,16959,0,771,771,completed,36
5921,Rigid,16188,16188,16564,0,376,376,completed,36
5922,Rigid,16188,16188,16682,0,494,494,completed,36
5923,Rigid,16188,16188,17038,0,850,850,completed,36
5924,Rigid,16188,16188,17289,0,1101,1101,completed,36
5925,Rigid,16188,16188,16682,0,494,494,completed,36
5926,Rigid,16190,16190,17195,0,1005,1005,completed,36
5927,Rigid,16190,16190,16324,0,134,134,completed,36
5928,Rigid,16190,16190,16464,0,274,274,completed,36
5929,Rigid,16190,16190,17178,0,988,988,completed,36
5930,Rigid,16190,16190,17350,0,1160,1160,completed,36
5931,Rigid,16190,16190,16786,0,596,596,completed,36
5932,Rigid,16191,16191,17213,0,1022,1022,completed,36
5933,Rigid,16191,16191,17302,0,1111,1111,completed,36
5934,Rigid,16191,16191,17113,0,922,922,completed,36
5935,Rigid,16192,16192,16508,0,316,316,completed,36
5936,Rigid,16192,16192,16796,0,604,604,completed,36
5937,Rigid,16192,16192,17211,0,1019,1019,completed,36
5938,Rigid,16192,16192,17083,0,891,891,completed,36
5939,Rigid,16192,16192,17353,0,1161,1161,completed,36
5940,Rigid,16192,16192,17082,0,890,890,completed,36
5941,Rigid,16192,16192,17529,0,1337,1337,completed,36
5942,Rigid,16192,16192,16934,0,742,742,completed,36
5943,Rigid,16192,16192,17604,0,1412,1412,completed,36
5944,Rigid,16193,16193,17242,0,1049,1049,completed,36
5945,Rigid,16193,16193,16947,0,754,754,completed,36
5946,Rigid,16193,16193,16891,0,698,698,completed,36
5947,Rigid,16193,16193,17372,0,1179,1179,completed,36
5948,Rigid,16193,16193,17286,0,1093,1093,completed,36
5949,Rigid,16193,16193,17105,0,912,912,completed,36
5950,Rigid,16193,16193,17226,0,1033,1033,completed,36
5951,Rigid,16193,16193,17333,0,1140,1140,completed,36
5952,Rigid,16193,16193,16873,0,680,680,completed,36
5953,Rigid,16196,16196,16230,0,34,34,completed,36
5954,Rigid,16201,16201,17929,0,1728,1728,completed,36
5955,Rigid,16201,16201,17929,0,1728,1728,completed,36
5956,Rigid,16201,16201,17929,0,1728,1728,completed,36
5957,Rigid,16202,16202,17930,0,1728,1728,completed,36
5958,Rigid,16202,16202,17930,0,1728,1728,completed,36
5959,Rigid,16202,16202,17930,0,1728,1728,completed,36
5960,Rigid,16202,16202,16634,0,432,432,completed,36
5961,Rigid,16202,16202,16634,0,432,432,completed,36
5962,Rigid,16203,16203,17067,0,864,864,completed,36
5963,Rigid,16203,16203,17067,0,864,864,completed,36
5964,Rigid,16204,16204,17134,0,930,930,completed,36
5965,Rigid,16206,16206,17934,0,1728,1728,completed,36
5966,Rigid,16206,16206,17934,0,1728,1728,completed,36
5967,Rigid,16206,16206,17934,0,1728,1728,completed,36
5968,Rigid,16206,16206,17934,0,1728,1728,completed,36
5969,Rigid,16206,16206,17934,0,1728,1728,completed,36
5970,Rigid,16206,16206,17934,0,1728,1728,completed,36
5971,Rigid,16207,16207,17935,0,1728,1728,completed,36
5972,Rigid,16207,16207,17935,0,1728,1728,completed,36
5973,Rigid,16207,16207,17935,0,1728,1728,completed,36
5974,Rigid,16208,16208,16640,0,432,432,completed,36
5975,Rigid,16209,16209,17937,0,1728,1728,completed,36
5976,Rigid,16209,16209,17937,0,1728,1728,completed,36
5977,Rigid,16209,16209,17937,0,1728,1728,completed,36
5978,Rigid,16209,16209,17937,0,1728,1728,completed,36
5979,Rigid,16209,16209,17937,0,1728,1728,completed,36
5980,Rigid,16209,16209,17937,0,1728,1728,completed,36
5981,Rigid,16210,16210,16230,0,20,20,completed,36
5982,Rigid,16224,16224,16228,0,4,4,completed,72
5983,Rigid,16231,16231,16882,0,651,651,completed,144
5984,Rigid,16237,16237,16241,0,4,4,completed,72
5985,Rigid,16240,16240,16242,0,2,2,completed,36
5986,Rigid,16244,16244,17613,0,1369,1369,completed,36
5987,Rigid,16244,16244,18836,0,2592,2592,completed,36
5988,Rigid,16244,16244,16680,0,436,436,completed,36
5989,Rigid,16244,16244,18836,0,2592,2592,completed,36
5990,Rigid,16244,16244,16855,0,611,611,completed,36
5991,Rigid,16244,16244,18836,0,2592,2592,completed,36
5992,Rigid,16244,16244,17493,0,1249,1249,completed,36
5993,Rigid,16244,16244,18362,0,2118,2118,completed,36
5994,Rigid,16244,16244,17061,0,817,817,completed,36
5995,Rigid,16244,16244,18836,0,2592,2592,completed,36
5996,Rigid,16244,16244,17934,0,1690,1690,completed,36
5997,Rigid,16244,16244,16706,0,462,462,completed,36
5998,Rigid,16244,16244,18836,0,2592,2592,completed,36
5999,Rigid,16244,16244,16513,0,269,269,completed,36
6000,Rigid,16244,16244,17154,0,910,910,completed,36
6001,Rigid,16244,16244,18836,0,2592,2592,completed,36
6002,Rigid,16244,16244,16666,0,422,422,completed,36
6003,Rigid,16244,16244,17373,0,1129,1129,completed,36
6004,Rigid,16244,16244,18836,0,2592,2592,completed,36
6005,Rigid,16244,16244,17126,0,882,882,completed,36
6006,Rigid,16244,16244,18836,0,2592,2592,completed,36
6007,Rigid,16244,16244,17183,0,939,939,completed,36
6008,Rigid,16244,16244,16964,0,720,720,completed,36
6009,Rigid,16244,16244,18717,0,2473,2473,completed,36
6010,Rigid,16244,16244,16333,0,89,89,completed,36
6011,Rigid,16244,16244,16368,0,124,124,completed,36
6012,Rigid,16244,16244,16557,0,313,313,completed,36
6013,Rigid,16244,16244,18350,0,2106,2106,completed,36
6014,Rigid,16244,16244,18836,0,2592,2592,completed,36
6015,Rigid,16244,16244,16348,0,104,104,completed,36
6016,Rigid,16244,16244,16795,0,551,551,completed,36
6017,Rigid,16244,16244,18836,0,2592,2592,completed,36
6018,Rigid,16244,16244,18836,0,2592,2592,completed,36
6019,Rigid,16244,16244,17884,0,1640,1640,completed,36
6020,Rigid,16244,16244,16734,0,490,490,completed,36
6021,Rigid,16244,16244,17869,0,1625,1625,completed,36
6022,Rigid,16244,16244,18836,0,2592,2592,completed,36
6023,Rigid,16244,16244,16468,0,224,224,completed,36
6024,Rigid,16244,16244,16617,0,373,373,completed,36
6025,Rigid,16244,16244,18836,0,2592,2592,completed,36
6026,Rigid,16244,16244,16515,0,271,271,completed,36
6027,Rigid,16244,16244,16819,0,575,575,completed,36
6028,Rigid,16244,16244,16847,0,603,603,completed,36
6029,Rigid,16244,16244,16781,0,537,537,completed,36
6030,Rigid,16244,16244,17552,0,1308,1308,completed,36
6031,Rigid,16244,16244,18836,0,2592,2592,completed,36
6032,Rigid,16244,16244,16845,0,601,601,completed,36
6033,Rigid,16244,16244,18836,0,2592,2592,completed,36
6034,Rigid,16244,16244,16850,0,606,606,completed,36
6035,Rigid,16244,16244,16803,0,559,559,completed,36
6036,Rigid,16244,16244,17531,0,1287,1287,completed,36
6037,Rigid,16244,16244,18836,0,2592,2592,completed,36
6038,Rigid,16244,16244,18836,0,2592,2592,completed,36
6039,Rigid,16244,16244,18836,0,2592,2592,completed,36
6040,Rigid,16244,16244,16405,0,161,161,completed,36
6041,Rigid,16244,16244,17270,0,1026,1026,completed,36
6042,Rigid,16244,16244,18836,0,2592,2592,completed,36
6043,Rigid,16244,16244,16400,0,156,156,completed,36
6044,Rigid,16244,16244,18836,0,2592,2592,completed,36
6045,Rigid,16244,16244,16340,0,96,96,completed,36
6046,Rigid,16244,16244,18836,0,2592,2592,completed,36
6047,Rigid,16244,16244,17126,0,882,882,completed,36
6048,Rigid,16244,16244,16298,0,54,54,completed,36
6049,Rigid,16244,16244,18836,0,2592,2592,completed,36
6050,Rigid,16244,16244,18836,0,2592,2592,completed,36
6051,Rigid,16244,16244,18836,0,2592,2592,completed,36
6052,Rigid,16244,16244,16451,0,207,207,completed,36
6053,Rigid,16244,16244,18836,0,2592,2592,completed,36
6054,Rigid,16244,16244,18836,0,2592,2592,completed,36
6055,Rigid,16244,16244,17531,0,1287,1287,completed,36
6056,Rigid,16244,16244,17452,0,1208,1208,completed,36
6057,Rigid,16244,16244,18836,0,2592,2592,completed,36
6058,Rigid,16244,16244,18836,0,2592,2592,completed,36
6059,Rigid,16244,16244,18836,0,2592,2592,completed,36
6060,Rigid,16244,16244,16531,0,287,287,completed,36
6061,Rigid,16244,16244,16921,0,677,677,completed,36
6062,Rigid,16244,16244,18824,0,2580,2580,completed,36
6063,Rigid,16244,16244,17985,0,1741,1741,completed,36
6064,Rigid,16244,16244,17701,0,1457,1457,completed,36
6065,Rigid,16244,16244,16829,0,585,585,completed,36
6066,Rigid,16244,16244,16958,0,714,714,completed,36
6067,Rigid,16244,16244,18762,0,2518,2518,completed,36
6068,Rigid,16244,16244,18216,0,1972,1972,completed,36
6069,Rigid,16244,16244,16603,0,359,359,completed,36
6070,Rigid,16244,16244,17862,0,1618,1618,completed,36
6071,Rigid,16244,16244,17818,0,1574,1574,completed,36
6072,Rigid,16244,16244,18836,0,2592,2592,completed,36
6073,Rigid,16244,16245,17675,1,1430,1431,completed,36
6074,Rigid,16244,16298,18020,54,1722,1776,completed,36
6075,Rigid,16244,17194,19786,950,2592,3542,completed,72
6076,Rigid,16244,17388,19980,1144,2592,3736,completed,72
6077,Rigid,16244,17657,20249,1413,2592,4005,completed,72
6078,Rigid,16244,17676,20268,1432,2592,4024,completed,72
6079,Rigid,16244,17681,18746,1437,1065,2502,completed,72
6080,Rigid,16244,17977,20569,1733,2592,4325,completed,72
6081,Rigid,16244,18191,18984,1947,793,2740,completed,72
6082,Rigid,16244,18291,19195,2047,904,2951,completed,72
6083,Rigid,16244,18331,19156,2087,825,2912,completed,72
6084,Rigid,16244,18354,20455,2110,2101,4211,completed,72
6085,Rigid,16244,18391,19115,2147,724,2871,completed,72
6086,Rigid,16244,18443,19247,2199,804,3003,completed,72
6087,Rigid,16244,18572,19710,2328,1138,3466,completed,72
6088,Rigid,16244,18658,20279,2414,1621,4035,completed,72
6089,Rigid,16244,18747,19854,2503,1107,3610,completed,72
6090,Rigid,16244,18836,19336,2592,500,3092,completed,72
6091,Rigid,16244,18836,19355,2592,519,3111,completed,72
6092,Rigid,16244,18836,21428,2592,2592,5184,completed,72
6093,Rigid,16244,16334,16698,90,364,454,completed,36
6094,Rigid,16244,16341,18933,97,2592,2689,completed,36
6095,Rigid,16244,16349,18941,105,2592,2697,completed,36
6096,Rigid,16244,16369,18961,125,2592,2717,completed,36
6097,Rigid,16244,16401,18993,157,2592,2749,completed,36
6098,Rigid,16244,16406,18998,162,2592,2754,completed,36
6099,Rigid,16244,16452,19044,208,2592,2800,completed,36
6100,Rigid,16244,16469,19061,225,2592,2817,completed,36
6101,Rigid,16244,16514,19106,270,2592,2862,completed,36
6102,Rigid,16244,16516,17550,272,1034,1306,completed,36
6103,Rigid,16244,16532,17858,288,1326,1614,completed,36
6104,Rigid,16244,16558,19150,314,2592,2906,completed,36
6105,Rigid,16244,16604,17501,360,897,1257,completed,36
6106,Rigid,16244,16618,19210,374,2592,2966,completed,36
6107,Rigid,16244,16667,19259,423,2592,3015,completed,36
6108,Rigid,16244,16680,17492,436,812,1248,completed,36
6109,Rigid,16244,16698,19290,454,2592,3046,completed,36
6110,Rigid,16244,16707,16839,463,132,595,completed,36
6111,Rigid,16244,16735,16873,491,138,629,completed,36
6112,Rigid,16244,16782,16929,538,147,685,completed,36
6113,Rigid,16244,16795,19387,551,2592,3143,completed,36
6114,Rigid,16244,16804,19396,560,2592,3152,completed,36
6115,Rigid,16244,16820,17360,576,540,1116,completed,36
6116,Rigid,16244,16830,16999,586,169,755,completed,36
6117,Rigid,16244,16839,17171,595,332,927,completed,36
6118,Rigid,16244,16846,18330,602,1484,2086,completed,36
6119,Rigid,16244,16848,17677,604,829,1433,completed,36
6120,Rigid,16244,16851,17424,607,573,1180,completed,36
6121,Rigid,16244,16856,19448,612,2592,3204,completed,36
6122,Rigid,16244,16873,18436,629,1563,2192,completed,36
6123,Rigid,16244,16921,17118,677,197,874,completed,36
6124,Rigid,16244,16930,19522,686,2592,3278,completed,36
6125,Rigid,16244,16959,19314,715,2355,3070,completed,36
6126,Rigid,16244,16964,17804,720,840,1560,completed,36
6127,Rigid,16244,17000,19592,756,2592,3348,completed,36
6128,Rigid,16249,16249,17977,0,1728,1728,completed,108
6129,Rigid,16250,16250,16285,0,35,35,completed,72
6130,Rigid,16250,16250,17978,0,1728,1728,completed,108
6131,Rigid,16251,16251,17979,0,1728,1728,completed,108
6132,Rigid,16253,16253,17981,0,1728,1728,completed,24
6133,Rigid,16254,16254,16304,0,50,50,completed,12
6134,Rigid,16254,16254,17982,0,1728,1728,completed,24
6135,Rigid,16256,16256,17984,0,1728,1728,completed,108
6136,Rigid,16257,16257,17985,0,1728,1728,completed,24
6137,Rigid,16257,16257,16353,0,96,96,completed,36
6138,Rigid,16258,16258,17986,0,1728,1728,completed,24
6139,Rigid,16258,16258,16279,0,21,21,completed,36
6140,Rigid,16258,16258,16279,0,21,21,completed,36
6141,Rigid,16258,16258,16279,0,21,21,completed,36
6142,Rigid,16258,16258,16279,0,21,21,completed,36
6143,Rigid,16258,16258,16279,0,21,21,completed,36
6144,Rigid,16258,16258,16279,0,21,21,completed,36
6145,Rigid,16258,16258,16279,0,21,21,completed,36
6146,Rigid,16258,16258,16279,0,21,21,completed,36
6147,Rigid,16261,16261,19059,0,2798,2798,completed,36
6148,Rigid,16264,16264,16871,0,607,607,completed,36
6149,Rigid,16264,16264,16874,0,610,610,completed,36
6150,Rigid,16264,16264,17308,0,1044,1044,completed,36
6151,Rigid,16265,16265,16999,0,734,734,completed,36
6152,Rigid,16265,16265,17271,0,1006,1006,completed,36
6153,Rigid,16265,16265,17541,0,1276,1276,completed,36
6154,Rigid,16265,16265,17339,0,1074,1074,completed,36
6155,Rigid,16265,16265,17345,0,1080,1080,completed,36
6156,Rigid,16265,16265,17250,0,985,985,completed,36
6157,Rigid,16265,16265,17175,0,910,910,completed,36
6158,Rigid,16265,16634,17095,369,461,830,completed,36
6159,Rigid,16265,16634,17464,369,830,1199,completed,36
6160,Rigid,16266,16641,17210,375,569,944,completed,36
6161,Rigid,16266,16872,17257,606,385,991,completed,36
6162,Rigid,16266,16875,16904,609,29,638,completed,36
6163,Rigid,16285,16285,16340,0,55,55,completed,36
6164,Rigid,16286,16292,16298,6,6,12,completed,36
6165,Rigid,16286,16286,16291,0,5,5,completed,36
6166,Rigid,16286,16286,16298,0,12,12,completed,36
6167,Rigid,16286,16286,16291,0,5,5,completed,36
6168,Rigid,16286,16286,16298,0,12,12,completed,36
6169,Rigid,16286,16286,16298,0,12,12,completed,36
6170,Rigid,16286,16286,16298,0,12,12,completed,36
6171,Rigid,16286,16286,16298,0,12,12,completed,36
6172,Rigid,16299,17494,18681,1195,1187,2382,completed,36
6173,Rigid,16299,17501,18602,1202,1101,2303,completed,36
6174,Rigid,16299,17663,18720,1364,1057,2421,completed,36
6175,Rigid,16299,17702,18814,1403,1112,2515,completed,36
6176,Rigid,16299,17062,17969,763,907,1670,completed,36
6177,Rigid,16299,17805,18860,1506,1055,2561,completed,36
6178,Rigid,16299,17819,18730,1520,911,2431,completed,36
6179,Rigid,16299,17858,18562,1559,704,2263,completed,36
6180,Rigid,16299,17863,18286,1564,423,1987,completed,36
6181,Rigid,16299,17869,18374,1570,505,2075,completed,36
6182,Rigid,16299,17885,18485,1586,600,2186,completed,36
6183,Rigid,16299,17934,18947,1635,1013,2648,completed,36
6184,Rigid,16299,17986,19098,1687,1112,2799,completed,36
6185,Rigid,16299,18021,19080,1722,1059,2781,completed,36
6186,Rigid,16299,18068,18571,1769,503,2272,completed,36
6187,Rigid,16299,17119,18067,820,948,1768,completed,36
6188,Rigid,16299,18122,19854,1823,1732,3555,completed,36
6189,Rigid,16299,17127,18221,828,1094,1922,completed,36
6190,Rigid,16299,17127,17967,828,840,1668,completed,36
6191,Rigid,16299,17155,18442,856,1287,2143,completed,36
6192,Rigid,16299,17273,18190,974,917,1891,completed,36
6193,Rigid,16299,17424,18163,1125,739,1864,completed,36
6194,Rigid,16299,17453,18121,1154,668,1822,completed,36
6195,Rigid,16299,17493,18354,1194,861,2055,completed,36
6196,Rigid,16301,16301,16303,0,2,2,completed,144
6197,Rigid,16320,16320,16346,0,26,26,completed,36
6198,Rigid,16324,16324,16421,0,97,97,completed,36
6199,Rigid,16324,16324,16376,0,52,52,completed,36
6200,Rigid,16326,16326,16353,0,27,27,completed,36
6201,Rigid,16328,16328,16377,0,49,49,completed,12
6202,Rigid,16329,16329,16331,0,2,2,completed,144
6203,Rigid,16351,16351,17966,0,1615,1615,completed,72
6204,Rigid,16357,16357,16476,0,119,119,completed,108
6205,Rigid,16368,16368,16382,0,14,14,completed,36
6206,Rigid,16368,16368,16382,0,14,14,completed,36
6207,Rigid,16368,16368,16382,0,14,14,completed,36
6208,Rigid,16368,16368,16388,0,20,20,completed,36
6209,Rigid,16368,16368,16382,0,14,14,completed,36
6210,Rigid,16368,16368,16382,0,14,14,completed,36
6211,Rigid,16368,16368,16382,0,14,14,completed,36
6212,Rigid,16368,16368,16382,0,14,14,completed,36
6213,Rigid,16368,16368,16382,0,14,14,completed,36
6214,Rigid,16368,16368,16382,0,14,14,completed,36
6215,Rigid,16368,16368,16382,0,14,14,completed,36
6216,Rigid,16368,16368,16382,0,14,14,completed,36
6217,Rigid,16368,16368,16382,0,14,14,completed,36
6218,Rigid,16368,16368,16382,0,14,14,completed,36
6219,Rigid,16368,16368,16382,0,14,14,completed,36
6220,Rigid,16368,16368,16382,0,14,14,completed,36
6221,Rigid,16370,16370,19060,0,2690,2690,completed,36
6222,Rigid,16370,16370,16372,0,2,2,completed,144
6223,Rigid,16370,16370,18747,0,2377,2377,completed,36
6224,Rigid,16373,16373,16400,0,27,27,completed,36
6225,Rigid,16373,16373,16393,0,20,20,completed,36
6226,Rigid,16379,16379,16381,0,2,2,completed,144
6227,Rigid,16380,16380,17280,0,900,900,completed,1
6228,Rigid,16380,16380,19330,0,2950,2950,completed,1
6229,Rigid,16380,16380,18587,0,2207,2207,completed,1
6230,Rigid,16380,16380,19836,0,3456,3456,completed,1
6231,Rigid,16380,16380,19386,0,3006,3006,completed,1
6232,Rigid,16380,16380,19836,0,3456,3456,completed,1
6233,Rigid,16380,16380,19836,0,3456,3456,completed,1
6234,Rigid,16380,16380,19836,0,3456,3456,completed,1
6235,Rigid,16380,16380,19836,0,3456,3456,completed,1
6236,Rigid,16380,16380,19836,0,3456,3456,completed,1
6237,Rigid,16380,16380,19836,0,3456,3456,completed,1
6238,Rigid,16380,16380,18431,0,2051,2051,completed,1
6239,Rigid,16380,16380,19836,0,3456,3456,completed,1
6240,Rigid,16380,16380,17744,0,1364,1364,completed,1
6241,Rigid,16380,16380,19836,0,3456,3456,completed,1
6242,Rigid,16380,16380,19836,0,3456,3456,completed,1
6243,Rigid,16380,16380,19836,0,3456,3456,completed,1
6244,Rigid,16380,16380,19836,0,3456,3456,completed,1
6245,Rigid,16380,16380,18279,0,1899,1899,completed,1
6246,Rigid,16380,16380,19836,0,3456,3456,completed,1
6247,Rigid,16380,16380,18267,0,1887,1887,completed,1
6248,Rigid,16380,16380,18266,0,1886,1886,completed,1
6249,Rigid,16380,16380,18552,0,2172,2172,completed,1
6250,Rigid,16380,16380,17699,0,1319,1319,completed,1
6251,Rigid,16380,16380,17669,0,1289,1289,completed,1
6252,Rigid,16380,16380,17694,0,1314,1314,completed,1
6253,Rigid,16380,16380,17700,0,1320,1320,completed,1
6254,Rigid,16380,16380,17724,0,1344,1344,completed,1
6255,Rigid,16380,16380,17730,0,1350,1350,completed,1
6256,Rigid,16380,16380,19836,0,3456,3456,completed,1
6257,Rigid,16380,16380,19836,0,3456,3456,completed,1
6258,Rigid,16380,16380,19836,0,3456,3456,completed,1
6259,Rigid,16380,16380,19836,0,3456,3456,completed,1
6260,Rigid,16380,16380,19836,0,3456,3456,completed,1
6261,Rigid,16380,16380,19836,0,3456,3456,completed,1
6262,Rigid,16380,16380,17742,0,1362,1362,completed,1
6263,Rigid,16380,16380,19836,0,3456,3456,completed,1
6264,Rigid,16380,16380,19836,0,3456,3456,completed,1
6265,Rigid,16380,16380,19836,0,3456,3456,completed,1
6266,Rigid,16380,16380,19836,0,3456,3456,completed,1
6267,Rigid,16380,16380,17756,0,1376,1376,completed,1
6268,Rigid,16380,16380,17414,0,1034,1034,completed,1
6269,Rigid,16380,16380,17107,0,727,727,completed,1
6270,Rigid,16380,16380,17281,0,901,901,completed,1
6271,Rigid,16380,16380,17210,0,830,830,completed,1
6272,Rigid,16390,16390,16417,0,27,27,completed,36
6273,Rigid,16392,16392,16394,0,2,2,completed,144
6274,Rigid,16406,16406,16408,0,2,2,completed,144
6275,Rigid,16407,16407,16412,0,5,5,completed,72
6276,Rigid,16417,16417,16445,0,28,28,completed,72
6277,Rigid,16422,16422,16424,0,2,2,completed,144
6278,Rigid,16422,16422,16424,0,2,2,completed,144
6279,Rigid,16423,16423,16484,0,61,61,completed,36
6280,Rigid,16426,16426,17965,0,1539,1539,completed,72
6281,Rigid,16428,16428,16430,0,2,2,completed,144
6282,Rigid,16438,16438,17069,0,631,631,completed,36
6283,Rigid,16445,16445,20045,0,3600,3600,completed,36
6284,Rigid,16454,16454,20054,0,3600,3600,completed,36
6285,Rigid,16456,16456,16525,0,69,69,completed,144
6286,Rigid,16456,16456,16550,0,94,94,completed,144
6287,Rigid,16456,16456,16586,0,130,130,completed,144
6288,Rigid,16456,16456,16564,0,108,108,completed,144
6289,Rigid,16456,16456,16564,0,108,108,completed,144
6290,Rigid,16456,16456,16560,0,104,104,completed,144
6291,Rigid,16456,16456,16570,0,114,114,completed,144
6292,Rigid,16456,16456,16573,0,117,117,completed,144
6293,Rigid,16456,16456,16571,0,115,115,completed,144
6294,Rigid,16456,16456,16584,0,128,128,completed,144
6295,Rigid,16456,16456,16558,0,102,102,completed,144
6296,Rigid,16467,16467,16510,0,43,43,completed,72
6297,Rigid,16468,16468,17332,0,864,864,completed,36
6298,Rigid,16469,16469,16471,0,2,2,completed,144
6299,Rigid,16477,16477,16516,0,39,39,completed,36
6300,Rigid,16477,16477,16573,0,96,96,completed,36
6301,Rigid,16477,16477,16522,0,45,45,completed,36
6302,Rigid,16477,16477,16536,0,59,59,completed,36
6303,Rigid,16477,16477,16581,0,104,104,completed,36
6304,Rigid,16477,16477,16583,0,106,106,completed,36
6305,Rigid,16477,16477,16498,0,21,21,completed,36
6306,Rigid,16477,16477,16595,0,118,118,completed,36
6307,Rigid,16477,16477,16798,0,321,321,completed,36
6308,Rigid,16484,16484,16536,0,52,52,completed,36
6309,Rigid,16484,16484,16543,0,59,59,completed,36
6310,Rigid,16484,16499,16575,15,76,91,completed,36
6311,Rigid,16484,16508,16573,24,65,89,completed,36
6312,Rigid,16484,16517,16552,33,35,68,completed,36
6313,Rigid,16484,16522,16570,38,48,86,completed,36
6314,Rigid,16484,16536,16578,52,42,94,completed,36
6315,Rigid,16484,16536,16695,52,159,211,completed,36
6316,Rigid,16484,16544,16603,60,59,119,completed,36
6317,Rigid,16484,16552,16593,68,41,109,completed,36
6318,Rigid,16495,16495,16497,0,2,2,completed,1
6319,Rigid,16507,16507,16596,0,89,89,completed,72
6320,Rigid,16508,16508,16940,0,432,432,completed,288
6321,Rigid,16508,16940,17372,432,432,864,completed,288
6322,Rigid,16508,17866,18298,1358,432,1790,completed,288
6323,Rigid,16508,18658,19090,2150,432,2582,completed,288
6324,Rigid,16508,19118,19550,2610,432,3042,completed,288
6325,Rigid,16508,19550,19982,3042,432,3474,completed,288
6326,Rigid,16534,16534,16908,0,374,374,completed,288
6327,Rigid,16538,16538,16613,0,75,75,completed,72
6328,Rigid,16613,16613,18058,0,1445,1445,completed,576
6329,Rigid,16672,16672,17518,0,846,846,completed,72
6330,Rigid,16682,16682,16684,0,2,2,completed,36
6331,Rigid,16685,16685,16687,0,2,2,completed,36
6332,Rigid,16686,16686,16688,0,2,2,completed,36
6333,Rigid,16688,16688,16690,0,2,2,completed,36
6334,Rigid,16768,16768,16772,0,4,4,completed,36
6335,Rigid,16834,16834,16836,0,2,2,completed,36
6336,Rigid,16836,16836,16837,0,1,1,completed,36
6337,Rigid,16836,16836,16837,0,1,1,completed,36
6338,Rigid,16836,16836,16837,0,1,1,completed,36
6339,Rigid,16836,16836,16837,0,1,1,completed,36
6340,Rigid,16836,16836,16837,0,1,1,completed,36
6341,Rigid,16837,16837,16838,0,1,1,completed,72
6342,Rigid,16837,16837,16839,0,2,2,completed,36
6343,Rigid,16837,16837,16838,0,1,1,completed,36
6344,Rigid,16837,16837,16838,0,1,1,completed,36
6345,Rigid,16837,16837,16838,0,1,1,completed,36
6346,Rigid,16837,16837,16838,0,1,1,completed,36
6347,Rigid,16844,16844,16846,0,2,2,completed,36
6348,Rigid,16844,16844,16845,0,1,1,completed,36
6349,Rigid,16844,16844,16845,0,1,1,completed,36
6350,Rigid,16844,16844,16845,0,1,1,completed,36
6351,Rigid,16844,16844,16845,0,1,1,completed,72
6352,Rigid,16859,16859,16861,0,2,2,completed,36
6353,Rigid,16860,16860,16861,0,1,1,completed,36
6354,Rigid,16860,16860,16861,0,1,1,completed,36
6355,Rigid,16860,16860,16861,0,1,1,completed,36
6356,Rigid,16861,16861,16862,0,1,1,completed,36
6357,Rigid,16861,16861,16862,0,1,1,completed,36
6358,Rigid,16883,16883,17541,0,658,658,completed,144
6359,Rigid,16941,16941,18433,0,1492,1492,completed,756
6360,Rigid,17059,17059,17869,0,810,810,completed,36
6361,Rigid,17059,17059,17750,0,691,691,completed,36
6362,Rigid,17059,17059,17451,0,392,392,completed,36
6363,Rigid,17060,17060,17157,0,97,97,completed,32
6364,Rigid,17060,17060,17172,0,112,112,completed,32
6365,Rigid,17060,17060,17224,0,164,164,completed,32
6366,Rigid,17060,17060,17221,0,161,161,completed,32
6367,Rigid,17060,17060,17194,0,134,134,completed,32
6368,Rigid,17060,17060,17235,0,175,175,completed,32
6369,Rigid,17060,17060,17159,0,99,99,completed,32
6370,Rigid,17060,17060,17138,0,78,78,completed,32
6371,Rigid,17060,17060,17147,0,87,87,completed,32
6372,Rigid,17060,17060,17126,0,66,66,completed,32
6373,Rigid,17060,17060,17157,0,97,97,completed,32
6374,Rigid,17060,17060,17165,0,105,105,completed,32
6375,Rigid,17060,17060,17287,0,227,227,completed,32
6376,Rigid,17060,17060,17329,0,269,269,completed,32
6377,Rigid,17060,17060,17197,0,137,137,completed,32
6378,Rigid,17060,17060,17250,0,190,190,completed,32
6379,Rigid,17060,17060,17198,0,138,138,completed,32
6380,Rigid,17060,17060,17204,0,144,144,completed,32
6381,Rigid,17060,17060,17194,0,134,134,completed,32
6382,Rigid,17060,17060,17260,0,200,200,completed,32
6383,Rigid,17060,17060,17162,0,102,102,completed,32
6384,Rigid,17060,17060,17261,0,201,201,completed,32
6385,Rigid,17060,17060,17168,0,108,108,completed,32
6386,Rigid,17060,17060,17182,0,122,122,completed,32
6387,Rigid,17060,17060,17162,0,102,102,completed,32
6388,Rigid,17060,17060,17197,0,137,137,completed,32
6389,Rigid,17060,17060,17327,0,267,267,completed,32
6390,Rigid,17060,17060,17180,0,120,120,completed,32
6391,Rigid,17060,17060,17243,0,183,183,completed,32
6392,Rigid,17060,17060,17259,0,199,199,completed,32
6393,Rigid,17060,17060,17262,0,202,202,completed,32
6394,Rigid,17060,17060,17270,0,210,210,completed,32
6395,Rigid,17060,17060,17210,0,150,150,completed,32
6396,Rigid,17060,17060,17196,0,136,136,completed,32
6397,Rigid,17063,17063,17074,0,11,11,completed,36
6398,Rigid,17065,17065,17066,0,1,1,completed,2
6399,Rigid,17065,17065,17066,0,1,1,completed,2
6400,Rigid,17066,17066,17067,0,1,1,completed,2
6401,Rigid,17066,17066,17067,0,1,1,completed,2
6402,Rigid,17082,17082,17134,0,52,52,completed,36
6403,Rigid,17085,17085,17349,0,264,264,completed,36
6404,Rigid,17093,17093,17098,0,5,5,completed,72
6405,Rigid,17108,17108,17684,0,576,576,completed,36
6406,Rigid,17108,17108,17684,0,576,576,completed,36
6407,Rigid,17109,17109,17110,0,1,1,completed,144
6408,Rigid,17111,17111,17370,0,259,259,completed,144
6409,Rigid,17111,17111,17270,0,159,159,completed,36
6410,Rigid,17112,17112,17371,0,259,259,completed,144
6411,Rigid,17112,17112,20710,0,3598,3598,completed,216
6412,Rigid,17112,17112,17145,0,33,33,completed,72
6413,Rigid,17117,17117,17181,0,64,64,completed,288
6414,Rigid,17119,17119,20915,0,3796,3796,completed,180
6415,Rigid,17120,17468,17749,348,281,629,completed,576
6416,Rigid,17128,17517,18006,389,489,878,completed,216
6417,Rigid,17132,17132,17167,0,35,35,completed,144
6418,Rigid,17134,17749,17933,615,184,799,completed,216
6419,Rigid,17135,17139,17296,4,157,161,completed,36
6420,Rigid,17135,17139,17237,4,98,102,completed,36
6421,Rigid,17135,17144,17195,9,51,60,completed,36
6422,Rigid,17136,17749,18044,613,295,908,completed,180
6423,Rigid,17141,17749,20914,608,3165,3773,completed,180
6424,Rigid,17144,17144,17194,0,50,50,completed,36
6425,Rigid,17161,17161,17546,0,385,385,completed,32
6426,Rigid,17161,17161,17553,0,392,392,completed,32
6427,Rigid,17161,17161,17579,0,418,418,completed,32
6428,Rigid,17161,17161,17649,0,488,488,completed,32
6429,Rigid,17161,17161,17654,0,493,493,completed,32
6430,Rigid,17161,17161,17669,0,508,508,completed,32
6431,Rigid,17161,17161,17663,0,502,502,completed,32
6432,Rigid,17161,17161,17568,0,407,407,completed,32
6433,Rigid,17161,17161,17613,0,452,452,completed,32
6434,Rigid,17161,17161,17565,0,404,404,completed,32
6435,Rigid,17161,17161,17626,0,465,465,completed,32
6436,Rigid,17161,17161,17560,0,399,399,completed,32
6437,Rigid,17163,17163,17272,0,109,109,completed,32
6438,Rigid,17163,17163,17259,0,96,96,completed,32
6439,Rigid,17163,17166,17261,3,95,98,completed,32
6440,Rigid,17163,17170,17246,7,76,83,completed,32
6441,Rigid,17163,17172,17258,9,86,95,completed,32
6442,Rigid,17163,17163,17325,0,162,162,completed,32
6443,Rigid,17163,17165,17322,2,157,159,completed,32
6444,Rigid,17163,17166,17298,3,132,135,completed,32
6445,Rigid,17163,17166,17339,3,173,176,completed,32
6446,Rigid,17163,17166,17269,3,103,106,completed,32
6447,Rigid,17163,17168,17388,5,220,225,completed,32
6448,Rigid,17163,17168,17428,5,260,265,completed,32
6449,Rigid,17163,17168,17304,5,136,141,completed,32
6450,Rigid,17163,17168,17354,5,186,191,completed,32
6451,Rigid,17163,17168,17306,5,138,143,completed,32
6452,Rigid,17163,17170,17314,7,144,151,completed,32
6453,Rigid,17163,17170,17299,7,129,136,completed,32
6454,Rigid,17163,17172,17236,9,64,73,completed,32
6455,Rigid,17163,17176,17270,13,94,107,completed,32
6456,Rigid,17163,17172,17369,9,197,206,completed,32
6457,Rigid,17163,17172,17273,9,101,110,completed,32
6458,Rigid,17163,17173,17370,10,197,207,completed,32
6459,Rigid,17163,17179,17286,16,107,123,completed,32
6460,Rigid,17163,17181,17300,18,119,137,completed,32
6461,Rigid,17163,17181,17280,18,99,117,completed,32
6462,Rigid,17163,17181,17314,18,133,151,completed,32
6463,Rigid,17163,17181,17432,18,251,269,completed,32
6464,Rigid,17163,17181,17300,18,119,137,completed,32
6465,Rigid,17163,17181,17359,18,178,196,completed,32
6466,Rigid,17163,17181,17373,18,192,210,completed,32
6467,Rigid,17163,17181,17376,18,195,213,completed,32
6468,Rigid,17163,17181,17386,18,205,223,completed,32
6469,Rigid,17163,17182,17330,19,148,167,completed,32
6470,Rigid,17163,17184,17318,21,134,155,completed,32
6471,Rigid,17166,17875,19603,709,1728,2437,completed,144
6472,Rigid,17170,17877,19605,707,1728,2435,completed,108
6473,Rigid,17174,17174,18902,0,1728,1728,completed,22
6474,Rigid,17179,17504,18658,325,1154,1479,completed,432
6475,Rigid,17181,17388,19018,207,1630,1837,completed,288
6476,Rigid,17186,17480,18535,294,1055,1349,completed,288
6477,Rigid,17190,17489,19087,299,1598,1897,completed,144
6478,Rigid,17196,17196,17230,0,34,34,completed,144
6479,Rigid,17196,17198,17215,2,17,19,completed,72
6480,Rigid,17197,17816,18858,619,1042,1661,completed,36
6481,Rigid,17197,17818,18427,621,609,1230,completed,36
6482,Rigid,17197,17819,18818,622,999,1621,completed,36
6483,Rigid,17199,17199,17200,0,1,1,completed,2
6484,Rigid,17199,17199,17200,0,1,1,completed,2
6485,Rigid,17199,17199,17200,0,1,1,completed,2
6486,Rigid,17199,17199,17200,0,1,1,completed,2
6487,Rigid,17199,17199,17200,0,1,1,completed,2
6488,Rigid,17199,17199,17200,0,1,1,completed,2
6489,Rigid,17204,17204,17301,0,97,97,completed,32
6490,Rigid,17204,17204,17316,0,112,112,completed,32
6491,Rigid,17204,17210,17374,6,164,170,completed,32
6492,Rigid,17204,17215,17313,11,98,109,completed,32
6493,Rigid,17204,17210,17368,6,158,164,completed,32
6494,Rigid,17204,17211,17345,7,134,141,completed,32
6495,Rigid,17204,17213,17386,9,173,182,completed,32
6496,Rigid,17204,17215,17319,11,104,115,completed,32
6497,Rigid,17204,17222,17445,18,223,241,completed,32
6498,Rigid,17204,17224,17490,20,266,286,completed,32
6499,Rigid,17204,17227,17363,23,136,159,completed,32
6500,Rigid,17204,17231,17419,27,188,215,completed,32
6501,Rigid,17204,17231,17370,27,139,166,completed,32
6502,Rigid,17204,17235,17312,31,77,108,completed,32
6503,Rigid,17204,17240,17327,36,87,123,completed,32
6504,Rigid,17204,17237,17384,33,147,180,completed,32
6505,Rigid,17204,17238,17370,34,132,166,completed,32
6506,Rigid,17204,17240,17437,36,197,233,completed,32
6507,Rigid,17204,17242,17343,38,101,139,completed,32
6508,Rigid,17204,17243,17308,39,65,104,completed,32
6509,Rigid,17204,17244,17340,40,96,136,completed,32
6510,Rigid,17204,17244,17441,40,197,237,completed,32
6511,Rigid,17204,17244,17351,40,107,147,completed,32
6512,Rigid,17204,17244,17365,40,121,161,completed,32
6513,Rigid,17204,17245,17345,41,100,141,completed,32
6514,Rigid,17204,17245,17380,41,135,176,completed,32
6515,Rigid,17204,17246,17498,42,252,294,completed,32
6516,Rigid,17204,17251,17371,47,120,167,completed,32
6517,Rigid,17204,17251,17430,47,179,226,completed,32
6518,Rigid,17204,17257,17452,53,195,248,completed,32
6519,Rigid,17204,17258,17456,54,198,252,completed,32
6520,Rigid,17204,17260,17466,56,206,262,completed,32
6521,Rigid,17204,17260,17408,56,148,204,completed,32
6522,Rigid,17204,17260,17395,56,135,191,completed,32
6523,Rigid,17208,17208,17209,0,1,1,completed,2
6524,Rigid,17208,17209,17210,1,1,2,completed,2
6525,Rigid,17208,17209,17210,1,1,2,completed,2
6526,Rigid,17208,17209,17210,1,1,2,completed,2
6527,Rigid,17208,17209,17210,1,1,2,completed,2
6528,Rigid,17208,17209,17210,1,1,2,completed,2
6529,Rigid,17218,17231,17240,13,9,22,completed,72
6530,Rigid,17222,17819,18206,597,387,984,completed,36
6531,Rigid,17222,17829,18451,607,622,1229,completed,36
6532,Rigid,17222,17831,18855,609,1024,1633,completed,36
6533,Rigid,17222,17433,17561,211,128,339,completed,144
6534,Rigid,17243,17840,18938,597,1098,1695,completed,36
6535,Rigid,17243,17843,18687,600,844,1444,completed,36
6536,Rigid,17243,17847,18838,604,991,1595,completed,36
6537,Rigid,17244,17262,17267,18,5,23,completed,36
6538,Rigid,17246,17934,21692,688,3758,4446,completed,216
6539,Rigid,17258,17269,17303,11,34,45,completed,144
6540,Rigid,17262,17271,17343,9,72,81,completed,36
6541,Rigid,17265,17270,17373,5,103,108,completed,72
6542,Rigid,17270,17271,17276,1,5,6,completed,36
6543,Rigid,17282,17900,18455,618,555,1173,completed,36
6544,Rigid,17282,17904,19251,622,1347,1969,completed,36
6545,Rigid,17282,17904,19128,622,1224,1846,completed,36
6546,Rigid,17290,17290,17387,0,97,97,completed,32
6547,Rigid,17290,17290,17388,0,98,98,completed,32
6548,Rigid,17290,17300,17379,10,79,89,completed,32
6549,Rigid,17290,17304,17391,14,87,101,completed,32
6550,Rigid,17290,17304,17369,14,65,79,completed,32
6551,Rigid,17290,17307,17404,17,97,114,completed,32
6552,Rigid,17290,17290,17403,0,113,113,completed,32
6553,Rigid,17290,17290,17455,0,165,165,completed,32
6554,Rigid,17290,17290,17452,0,162,162,completed,32
6555,Rigid,17290,17290,17424,0,134,134,completed,32
6556,Rigid,17290,17290,17465,0,175,175,completed,32
6557,Rigid,17290,17290,17395,0,105,105,completed,32
6558,Rigid,17290,17290,17516,0,226,226,completed,32
6559,Rigid,17290,17297,17567,7,270,277,completed,32
6560,Rigid,17290,17298,17436,8,138,146,completed,32
6561,Rigid,17290,17299,17488,9,189,198,completed,32
6562,Rigid,17290,17300,17438,10,138,148,completed,32
6563,Rigid,17290,17302,17446,12,144,156,completed,32
6564,Rigid,17290,17302,17436,12,134,146,completed,32
6565,Rigid,17290,17304,17505,14,201,215,completed,32
6566,Rigid,17290,17304,17406,14,102,116,completed,32
6567,Rigid,17290,17304,17505,14,201,215,completed,32
6568,Rigid,17290,17309,17417,19,108,127,completed,32
6569,Rigid,17290,17309,17432,19,123,142,completed,32
6570,Rigid,17290,17313,17415,23,102,125,completed,32
6571,Rigid,17290,17313,17449,23,136,159,completed,32
6572,Rigid,17290,17314,17569,24,255,279,completed,32
6573,Rigid,17290,17315,17435,25,120,145,completed,32
6574,Rigid,17290,17316,17498,26,182,208,completed,32
6575,Rigid,17290,17318,17517,28,199,227,completed,32
6576,Rigid,17290,17319,17522,29,203,232,completed,32
6577,Rigid,17290,17323,17533,33,210,243,completed,32
6578,Rigid,17290,17326,17477,36,151,187,completed,32
6579,Rigid,17290,17327,17463,37,136,173,completed,32
6580,Rigid,17290,17290,23050,0,5760,5760,completed,36
6581,Rigid,17293,17684,19313,391,1629,2020,completed,36
6582,Rigid,17293,17750,18867,457,1117,1574,completed,36
6583,Rigid,17293,17791,18329,498,538,1036,completed,36
6584,Rigid,17306,17848,18290,542,442,984,completed,36
6585,Rigid,17306,17850,18417,544,567,1111,completed,36
6586,Rigid,17306,17857,18231,551,374,925,completed,36
6587,Rigid,17316,17905,19072,589,1167,1756,completed,36
6588,Rigid,17316,17905,18302,589,397,986,completed,36
6589,Rigid,17316,17907,19011,591,1104,1695,completed,36
6590,Rigid,17317,17332,17360,15,28,43,completed,144
6591,Rigid,17324,17324,17327,0,3,3,completed,1
6592,Rigid,17324,17324,17325,0,1,1,completed,1
6593,Rigid,17325,17325,17326,0,1,1,completed,9
6594,Rigid,17325,17325,17333,0,8,8,completed,6
6595,Rigid,17325,17325,17333,0,8,8,completed,6
6596,Rigid,17325,17325,17333,0,8,8,completed,6
6597,Rigid,17325,17325,17333,0,8,8,completed,6
6598,Rigid,17325,17325,17333,0,8,8,completed,6
6599,Rigid,17325,17325,17333,0,8,8,completed,6
6600,Rigid,17325,17325,17333,0,8,8,completed,6
6601,Rigid,17325,17325,17333,0,8,8,completed,6
6602,Rigid,17325,17325,17333,0,8,8,completed,6
6603,Rigid,17325,17325,17333,0,8,8,completed,6
6604,Rigid,17325,17325,17333,0,8,8,completed,6
6605,Rigid,17325,17325,17333,0,8,8,completed,6
6606,Rigid,17325,17325,17333,0,8,8,completed,6
6607,Rigid,17325,17325,17333,0,8,8,completed,6
6608,Rigid,17325,17325,17333,0,8,8,completed,6
6609,Rigid,17325,17325,17333,0,8,8,completed,6
6610,Rigid,17325,17325,17333,0,8,8,completed,6
6611,Rigid,17325,17325,17333,0,8,8,completed,6
6612,Rigid,17325,17325,17333,0,8,8,completed,6
6613,Rigid,17325,17325,17333,0,8,8,completed,6
6614,Rigid,17336,17339,17435,3,96,99,completed,32
6615,Rigid,17336,17336,17445,0,109,109,completed,32
6616,Rigid,17336,17340,17502,4,162,166,completed,32
6617,Rigid,17336,17340,17498,4,158,162,completed,32
6618,Rigid,17336,17345,17440,9,95,104,completed,32
6619,Rigid,17336,17343,17474,7,131,138,completed,32
6620,Rigid,17336,17343,17515,7,172,179,completed,32
6621,Rigid,17336,17345,17448,9,103,112,completed,32
6622,Rigid,17336,17345,17565,9,220,229,completed,32
6623,Rigid,17336,17354,17430,18,76,94,completed,32
6624,Rigid,17336,17350,17610,14,260,274,completed,32
6625,Rigid,17336,17351,17486,15,135,150,completed,32
6626,Rigid,17336,17352,17537,16,185,201,completed,32
6627,Rigid,17336,17353,17491,17,138,155,completed,32
6628,Rigid,17336,17359,17503,23,144,167,completed,32
6629,Rigid,17336,17360,17446,24,86,110,completed,32
6630,Rigid,17336,17361,17425,25,64,89,completed,32
6631,Rigid,17336,17365,17458,29,93,122,completed,32
6632,Rigid,17336,17369,17467,33,98,131,completed,32
6633,Rigid,17336,17360,17490,24,130,154,completed,32
6634,Rigid,17336,17360,17556,24,196,220,completed,32
6635,Rigid,17336,17360,17460,24,100,124,completed,32
6636,Rigid,17336,17363,17560,27,197,224,completed,32
6637,Rigid,17336,17369,17476,33,107,140,completed,32
6638,Rigid,17336,17369,17489,33,120,153,completed,32
6639,Rigid,17336,17370,17504,34,134,168,completed,32
6640,Rigid,17336,17370,17621,34,251,285,completed,32
6641,Rigid,17336,17370,17488,34,118,152,completed,32
6642,Rigid,17336,17371,17549,35,178,213,completed,32
6643,Rigid,17336,17371,17563,35,192,227,completed,32
6644,Rigid,17336,17371,17566,35,195,230,completed,32
6645,Rigid,17336,17371,17577,35,206,241,completed,32
6646,Rigid,17336,17372,17521,36,149,185,completed,32
6647,Rigid,17336,17374,17508,38,134,172,completed,32
6648,Rigid,17337,17388,17926,51,538,589,completed,36
6649,Rigid,17339,17484,17492,145,8,153,completed,36
6650,Rigid,17341,17493,17547,152,54,206,completed,36
6651,Rigid,17343,17863,19056,520,1193,1713,completed,36
6652,Rigid,17343,17864,19194,521,1330,1851,completed,36
6653,Rigid,17343,17869,18951,526,1082,1608,completed,36
6654,Rigid,17352,17352,17355,0,3,3,completed,72
6655,Rigid,17356,17356,17358,0,2,2,completed,72
6656,Rigid,17357,17371,17398,14,27,41,completed,36
6657,Rigid,17359,17359,17360,0,1,1,completed,72
6658,Rigid,17361,17361,17363,0,2,2,completed,72
6659,Rigid,17362,17873,19184,511,1311,1822,completed,36
6660,Rigid,17362,17879,19239,517,1360,1877,completed,36
6661,Rigid,17362,17880,18784,518,904,1422,completed,36
6662,Rigid,17362,17885,18533,523,648,1171,completed,36
6663,Rigid,17362,17887,19093,525,1206,1731,completed,36
6664,Rigid,17362,17887,18550,525,663,1188,completed,36
6665,Rigid,17363,17907,19153,544,1246,1790,completed,36
6666,Rigid,17363,17907,19031,544,1124,1668,completed,36
6667,Rigid,17363,17912,19446,549,1534,2083,completed,36
6668,Rigid,17368,17376,17473,8,97,105,completed,32
6669,Rigid,17368,17387,17484,19,97,116,completed,32
6670,Rigid,17368,17403,17480,35,77,112,completed,32
6671,Rigid,17368,17409,17496,41,87,128,completed,32
6672,Rigid,17368,17419,17484,51,65,116,completed,32
6673,Rigid,17368,17426,17522,58,96,154,completed,32
6674,Rigid,17368,17374,17486,6,112,118,completed,32
6675,Rigid,17368,17379,17543,11,164,175,completed,32
6676,Rigid,17368,17380,17540,12,160,172,completed,32
6677,Rigid,17368,17384,17518,16,134,150,completed,32
6678,Rigid,17368,17386,17559,18,173,191,completed,32
6679,Rigid,17368,17387,17491,19,104,123,completed,32
6680,Rigid,17368,17388,17612,20,224,244,completed,32
6681,Rigid,17368,17388,17653,20,265,285,completed,32
6682,Rigid,17368,17391,17527,23,136,159,completed,32
6683,Rigid,17368,17395,17583,27,188,215,completed,32
6684,Rigid,17368,17396,17535,28,139,167,completed,32
6685,Rigid,17368,17404,17550,36,146,182,completed,32
6686,Rigid,17368,17406,17538,38,132,170,completed,32
6687,Rigid,17368,17415,17612,47,197,244,completed,32
6688,Rigid,17368,17417,17518,49,101,150,completed,32
6689,Rigid,17368,17424,17620,56,196,252,completed,32
6690,Rigid,17368,17428,17535,60,107,167,completed,32
6691,Rigid,17368,17430,17552,62,122,184,completed,32
6692,Rigid,17368,17431,17531,63,100,163,completed,32
6693,Rigid,17368,17432,17567,64,135,199,completed,32
6694,Rigid,17368,17433,17683,65,250,315,completed,32
6695,Rigid,17368,17435,17555,67,120,187,completed,32
6696,Rigid,17368,17436,17615,68,179,247,completed,32
6697,Rigid,17368,17437,17632,69,195,264,completed,32
6698,Rigid,17368,17437,17637,69,200,269,completed,32
6699,Rigid,17368,17437,17642,69,205,274,completed,32
6700,Rigid,17368,17438,17586,70,148,218,completed,32
6701,Rigid,17368,17441,17577,73,136,209,completed,32
6702,Rigid,17369,17370,17377,1,7,8,completed,1
6703,Rigid,17369,17370,17377,1,7,8,completed,1
6704,Rigid,17369,17370,17376,1,6,7,completed,1
6705,Rigid,17369,17370,17378,1,8,9,completed,1
6706,Rigid,17369,17370,17378,1,8,9,completed,1
6707,Rigid,17369,17370,17376,1,6,7,completed,1
6708,Rigid,17369,17370,17379,1,9,10,completed,1
6709,Rigid,17369,17370,17378,1,8,9,completed,1
6710,Rigid,17369,17370,17376,1,6,7,completed,1
6711,Rigid,17369,17370,17378,1,8,9,completed,1
6712,Rigid,17369,17370,17378,1,8,9,completed,1
6713,Rigid,17369,17370,17378,1,8,9,completed,1
6714,Rigid,17369,17370,17378,1,8,9,completed,1
6715,Rigid,17369,17370,17377,1,7,8,completed,1
6716,Rigid,17369,17370,17377,1,7,8,completed,1
6717,Rigid,17369,17370,17378,1,8,9,completed,1
6718,Rigid,17369,17370,17379,1,9,10,completed,1
6719,Rigid,17369,17370,17378,1,8,9,completed,1
6720,Rigid,17369,17370,17378,1,8,9,completed,1
6721,Rigid,17369,17370,17378,1,8,9,completed,1
6722,Rigid,17369,17370,17378,1,8,9,completed,1
6723,Rigid,17369,17370,17376,1,6,7,completed,1
6724,Rigid,17369,17370,17378,1,8,9,completed,1
6725,Rigid,17369,17370,17378,1,8,9,completed,1
6726,Rigid,17369,17370,17378,1,8,9,completed,1
6727,Rigid,17369,17370,17377,1,7,8,completed,1
6728,Rigid,17369,17370,17378,1,8,9,completed,1
6729,Rigid,17369,17370,17378,1,8,9,completed,1
6730,Rigid,17369,17370,17378,1,8,9,completed,1
6731,Rigid,17369,17370,17379,1,9,10,completed,1
6732,Rigid,17369,17370,17378,1,8,9,completed,1
6733,Rigid,17369,17370,17379,1,9,10,completed,1
6734,Rigid,17369,17370,17378,1,8,9,completed,1
6735,Rigid,17369,17370,17378,1,8,9,completed,1
6736,Rigid,17369,17370,17378,1,8,9,completed,1
6737,Rigid,17369,17370,17378,1,8,9,completed,1
6738,Rigid,17369,17370,17376,1,6,7,completed,1
6739,Rigid,17369,17370,17378,1,8,9,completed,1
6740,Rigid,17369,17370,17378,1,8,9,completed,1
6741,Rigid,17369,17370,17378,1,8,9,completed,1
6742,Rigid,17369,17370,17378,1,8,9,completed,1
6743,Rigid,17369,17370,17378,1,8,9,completed,1
6744,Rigid,17369,17370,17378,1,8,9,completed,1
6745,Rigid,17369,17370,17378,1,8,9,completed,1
6746,Rigid,17369,17370,17378,1,8,9,completed,1
6747,Rigid,17369,17370,17378,1,8,9,completed,1
6748,Rigid,17369,17370,17379,1,9,10,completed,1
6749,Rigid,17369,17370,17376,1,6,7,completed,1
6750,Rigid,17369,17370,17374,1,4,5,completed,1
6751,Rigid,17369,17370,17376,1,6,7,completed,1
6752,Rigid,17369,17370,17376,1,6,7,completed,1
6753,Rigid,17369,17370,17376,1,6,7,completed,1
6754,Rigid,17369,17370,17376,1,6,7,completed,1
6755,Rigid,17369,17370,17376,1,6,7,completed,1
6756,Rigid,17369,17370,17376,1,6,7,completed,1
6757,Rigid,17369,17370,17376,1,6,7,completed,1
6758,Rigid,17369,17370,17376,1,6,7,completed,1
6759,Rigid,17369,17370,17376,1,6,7,completed,1
6760,Rigid,17369,17370,17377,1,7,8,completed,1
6761,Rigid,17369,17370,17376,1,6,7,completed,1
6762,Rigid,17369,17370,17376,1,6,7,completed,1
6763,Rigid,17369,17370,17376,1,6,7,completed,1
6764,Rigid,17369,17370,17376,1,6,7,completed,1
6765,Rigid,17369,17370,17376,1,6,7,completed,1
6766,Rigid,17369,17370,17376,1,6,7,completed,1
6767,Rigid,17369,17370,17376,1,6,7,completed,1
6768,Rigid,17369,17370,17376,1,6,7,completed,1
6769,Rigid,17369,17370,17376,1,6,7,completed,1
6770,Rigid,17369,17370,17376,1,6,7,completed,1
6771,Rigid,17369,17370,17377,1,7,8,completed,1
6772,Rigid,17369,17371,17377,2,6,8,completed,1
6773,Rigid,17369,17371,17375,2,4,6,completed,1
6774,Rigid,17369,17371,17377,2,6,8,completed,1
6775,Rigid,17369,17371,17377,2,6,8,completed,1
6776,Rigid,17369,17371,17377,2,6,8,completed,1
6777,Rigid,17369,17371,17377,2,6,8,completed,1
6778,Rigid,17369,17371,17377,2,6,8,completed,1
6779,Rigid,17369,17371,17377,2,6,8,completed,1
6780,Rigid,17369,17371,17377,2,6,8,completed,1
6781,Rigid,17369,17371,17377,2,6,8,completed,1
6782,Rigid,17369,17370,17377,1,7,8,completed,1
6783,Rigid,17369,17371,17377,2,6,8,completed,1
6784,Rigid,17369,17371,17377,2,6,8,completed,1
6785,Rigid,17369,17371,17377,2,6,8,completed,1
6786,Rigid,17369,17371,17377,2,6,8,completed,1
6787,Rigid,17369,17371,17377,2,6,8,completed,1
6788,Rigid,17369,17371,17377,2,6,8,completed,1
6789,Rigid,17369,17371,17377,2,6,8,completed,1
6790,Rigid,17369,17371,17375,2,4,6,completed,1
6791,Rigid,17369,17371,17377,2,6,8,completed,1
6792,Rigid,17369,17371,17377,2,6,8,completed,1
6793,Rigid,17369,17370,17376,1,6,7,completed,1
6794,Rigid,17369,17371,17377,2,6,8,completed,1
6795,Rigid,17369,17371,17377,2,6,8,completed,1
6796,Rigid,17369,17371,17377,2,6,8,completed,1
6797,Rigid,17369,17371,17377,2,6,8,completed,1
6798,Rigid,17369,17371,17377,2,6,8,completed,1
6799,Rigid,17369,17371,17377,2,6,8,completed,1
6800,Rigid,17369,17371,17377,2,6,8,completed,1
6801,Rigid,17369,17371,17377,2,6,8,completed,1
6802,Rigid,17369,17371,17377,2,6,8,completed,1
6803,Rigid,17369,17371,17377,2,6,8,completed,1
6804,Rigid,17369,17370,17376,1,6,7,completed,1
6805,Rigid,17369,17371,17377,2,6,8,completed,1
6806,Rigid,17369,17371,17377,2,6,8,completed,1
6807,Rigid,17369,17371,17377,2,6,8,completed,1
6808,Rigid,17369,17371,17375,2,4,6,completed,1
6809,Rigid,17369,17371,17377,2,6,8,completed,1
6810,Rigid,17369,17371,17377,2,6,8,completed,1
6811,Rigid,17369,17371,17377,2,6,8,completed,1
6812,Rigid,17369,17371,17377,2,6,8,completed,1
6813,Rigid,17369,17371,17377,2,6,8,completed,1
6814,Rigid,17369,17370,17376,1,6,7,completed,1
6815,Rigid,17369,17370,17376,1,6,7,completed,1
6816,Rigid,17369,17370,17377,1,7,8,completed,1
6817,Rigid,17369,17370,17376,1,6,7,completed,1
6818,Rigid,17369,17370,17377,1,7,8,completed,1
6819,Rigid,17369,17370,17375,1,5,6,completed,1
6820,Rigid,17369,17370,17375,1,5,6,completed,1
6821,Rigid,17369,17370,17375,1,5,6,completed,1
6822,Rigid,17369,17370,17376,1,6,7,completed,1
6823,Rigid,17369,17370,17377,1,7,8,completed,1
6824,Rigid,17369,17370,17377,1,7,8,completed,1
6825,Rigid,17369,17370,17377,1,7,8,completed,1
6826,Rigid,17369,17370,17377,1,7,8,completed,1
6827,Rigid,17369,17370,17376,1,6,7,completed,1
6828,Rigid,17369,17370,17377,1,7,8,completed,1
6829,Rigid,17369,17370,17376,1,6,7,completed,1
6830,Rigid,17369,17370,17377,1,7,8,completed,1
6831,Rigid,17369,17370,17377,1,7,8,completed,1
6832,Rigid,17369,17370,17377,1,7,8,completed,1
6833,Rigid,17369,17370,17377,1,7,8,completed,1
6834,Rigid,17369,17370,17377,1,7,8,completed,1
6835,Rigid,17369,17370,17377,1,7,8,completed,1
6836,Rigid,17369,17370,17377,1,7,8,completed,1
6837,Rigid,17369,17370,17375,1,5,6,completed,1
6838,Rigid,17369,17370,17375,1,5,6,completed,1
6839,Rigid,17369,17370,17377,1,7,8,completed,1
6840,Rigid,17369,17370,17377,1,7,8,completed,1
6841,Rigid,17369,17370,17377,1,7,8,completed,1
6842,Rigid,17369,17370,17377,1,7,8,completed,1
6843,Rigid,17369,17370,17377,1,7,8,completed,1
6844,Rigid,17369,17370,17377,1,7,8,completed,1
6845,Rigid,17369,17370,17377,1,7,8,completed,1
6846,Rigid,17369,17370,17377,1,7,8,completed,1
6847,Rigid,17369,17370,17375,1,5,6,completed,1
6848,Rigid,17369,17370,17377,1,7,8,completed,1
6849,Rigid,17369,17370,17376,1,6,7,completed,1
6850,Rigid,17369,17370,17375,1,5,6,completed,1
6851,Rigid,17369,17370,17377,1,7,8,completed,1
6852,Rigid,17369,17370,17377,1,7,8,completed,1
6853,Rigid,17369,17370,17377,1,7,8,completed,1
6854,Rigid,17369,17370,17377,1,7,8,completed,1
6855,Rigid,17369,17370,17377,1,7,8,completed,1
6856,Rigid,17369,17370,17377,1,7,8,completed,1
6857,Rigid,17369,17370,17377,1,7,8,completed,1
6858,Rigid,17369,17370,17376,1,6,7,completed,1
6859,Rigid,17369,17370,17377,1,7,8,completed,1
6860,Rigid,17369,17370,17377,1,7,8,completed,1
6861,Rigid,17369,17370,17375,1,5,6,completed,1
6862,Rigid,17369,17370,17376,1,6,7,completed,1
6863,Rigid,17369,17370,17375,1,5,6,completed,1
6864,Rigid,17369,17370,17377,1,7,8,completed,1
6865,Rigid,17369,17370,17376,1,6,7,completed,1
6866,Rigid,17369,17370,17377,1,7,8,completed,1
6867,Rigid,17369,17370,17377,1,7,8,completed,1
6868,Rigid,17369,17370,17377,1,7,8,completed,1
6869,Rigid,17369,17370,17377,1,7,8,completed,1
6870,Rigid,17369,17370,17376,1,6,7,completed,1
6871,Rigid,17369,17370,17377,1,7,8,completed,1
6872,Rigid,17369,17370,17377,1,7,8,completed,1
6873,Rigid,17369,17370,17377,1,7,8,completed,1
6874,Rigid,17369,17370,17378,1,8,9,completed,1
6875,Rigid,17369,17370,17378,1,8,9,completed,1
6876,Rigid,17369,17370,17379,1,9,10,completed,1
6877,Rigid,17369,17370,17379,1,9,10,completed,1
6878,Rigid,17369,17370,17378,1,8,9,completed,1
6879,Rigid,17369,17370,17378,1,8,9,completed,1
6880,Rigid,17369,17370,17378,1,8,9,completed,1
6881,Rigid,17369,17370,17378,1,8,9,completed,1
6882,Rigid,17369,17370,17376,1,6,7,completed,1
6883,Rigid,17369,17370,17377,1,7,8,completed,1
6884,Rigid,17369,17370,17377,1,7,8,completed,1
6885,Rigid,17369,17370,17377,1,7,8,completed,1
6886,Rigid,17369,17370,17377,1,7,8,completed,1
6887,Rigid,17369,17370,17375,1,5,6,completed,1
6888,Rigid,17369,17370,17377,1,7,8,completed,1
6889,Rigid,17369,17370,17377,1,7,8,completed,1
6890,Rigid,17369,17370,17375,1,5,6,completed,1
6891,Rigid,17369,17370,17377,1,7,8,completed,1
6892,Rigid,17369,17370,17376,1,6,7,completed,1
6893,Rigid,17369,17370,17377,1,7,8,completed,1
6894,Rigid,17369,17370,17377,1,7,8,completed,1
6895,Rigid,17369,17370,17376,1,6,7,completed,1
6896,Rigid,17369,17370,17376,1,6,7,completed,1
6897,Rigid,17369,17370,17377,1,7,8,completed,1
6898,Rigid,17369,17370,17377,1,7,8,completed,1
6899,Rigid,17369,17370,17377,1,7,8,completed,1
6900,Rigid,17369,17370,17376,1,6,7,completed,1
6901,Rigid,17369,17370,17377,1,7,8,completed,1
6902,Rigid,17373,17891,19173,518,1282,1800,completed,36
6903,Rigid,17373,17892,19109,519,1217,1736,completed,36
6904,Rigid,17373,17897,18791,524,894,1418,completed,36
6905,Rigid,17375,17375,17420,0,45,45,completed,144
6906,Rigid,17378,17684,17790,306,106,412,completed,72
6907,Rigid,17378,17776,17877,398,101,499,completed,72
6908,Rigid,17388,17388,17392,0,4,4,completed,4
6909,Rigid,17389,17399,17407,10,8,18,completed,36
6910,Rigid,17393,17393,17405,0,12,12,completed,4
6911,Rigid,17449,17449,17461,0,12,12,completed,36
6912,Rigid,17454,17454,17466,0,12,12,completed,36
6913,Rigid,17454,17454,17459,0,5,5,completed,36
6914,Rigid,17454,17455,17467,1,12,13,completed,72
6915,Rigid,17455,17455,17460,0,5,5,completed,36
6916,Rigid,17455,17455,17467,0,12,12,completed,36
6917,Rigid,17455,17456,17468,1,12,13,completed,36
6918,Rigid,17455,17456,17468,1,12,13,completed,72
6919,Rigid,17456,17456,17468,0,12,12,completed,36
6920,Rigid,17456,17456,17468,0,12,12,completed,36
6921,Rigid,17456,17457,17460,1,3,4,completed,36
6922,Rigid,17457,17459,17471,2,12,14,completed,36
6923,Rigid,17457,17461,17473,4,12,16,completed,72
6924,Rigid,17469,17469,17541,0,72,72,completed,36
6925,Rigid,17520,17520,17610,0,90,90,completed,32
6926,Rigid,17520,17522,17615,2,93,95,completed,32
6927,Rigid,17520,17522,17619,2,97,99,completed,32
6928,Rigid,17520,17533,17605,13,72,85,completed,32
6929,Rigid,17520,17537,17620,17,83,100,completed,32
6930,Rigid,17520,17540,17636,20,96,116,completed,32
6931,Rigid,17520,17541,17603,21,62,83,completed,32
6932,Rigid,17520,17542,17632,22,90,112,completed,32
6933,Rigid,17520,17542,17637,22,95,117,completed,32
6934,Rigid,17520,17520,17626,0,106,106,completed,32
6935,Rigid,17520,17520,17672,0,152,152,completed,32
6936,Rigid,17520,17520,17665,0,145,145,completed,32
6937,Rigid,17520,17520,17642,0,122,122,completed,32
6938,Rigid,17520,17521,17688,1,167,168,completed,32
6939,Rigid,17520,17528,17735,8,207,215,completed,32
6940,Rigid,17520,17530,17775,10,245,255,completed,32
6941,Rigid,17520,17531,17655,11,124,135,completed,32
6942,Rigid,17520,17532,17710,12,178,190,completed,32
6943,Rigid,17520,17532,17659,12,127,139,completed,32
6944,Rigid,17520,17535,17670,15,135,150,completed,32
6945,Rigid,17520,17535,17659,15,124,139,completed,32
6946,Rigid,17520,17539,17723,19,184,203,completed,32
6947,Rigid,17520,17542,17724,22,182,204,completed,32
6948,Rigid,17520,17542,17643,22,101,123,completed,32
6949,Rigid,17520,17542,17653,22,111,133,completed,32
6950,Rigid,17520,17544,17670,24,126,150,completed,32
6951,Rigid,17520,17546,17780,26,234,260,completed,32
6952,Rigid,17520,17548,17661,28,113,141,completed,32
6953,Rigid,17520,17549,17715,29,166,195,completed,32
6954,Rigid,17520,17550,17732,30,182,212,completed,32
6955,Rigid,17520,17551,17728,31,177,208,completed,32
6956,Rigid,17520,17552,17741,32,189,221,completed,32
6957,Rigid,17520,17553,17690,33,137,170,completed,32
6958,Rigid,17520,17553,17680,33,127,160,completed,32
6959,Rigid,17520,17557,17645,37,88,125,completed,32
6960,Rigid,17520,17562,17651,42,89,131,completed,32
6961,Rigid,17520,17563,17658,43,95,138,completed,32
6962,Rigid,17520,17556,17659,36,103,139,completed,32
6963,Rigid,17520,17560,17710,40,150,190,completed,32
6964,Rigid,17520,17560,17702,40,142,182,completed,32
6965,Rigid,17520,17561,17683,41,122,163,completed,32
6966,Rigid,17520,17562,17724,42,162,204,completed,32
6967,Rigid,17520,17565,17767,45,202,247,completed,32
6968,Rigid,17520,17566,17804,46,238,284,completed,32
6969,Rigid,17520,17566,17690,46,124,170,completed,32
6970,Rigid,17520,17567,17741,47,174,221,completed,32
6971,Rigid,17520,17569,17638,49,69,118,completed,32
6972,Rigid,17520,17575,17658,55,83,138,completed,32
6973,Rigid,17520,17575,17668,55,93,148,completed,32
6974,Rigid,17520,17575,17635,55,60,115,completed,32
6975,Rigid,17520,17575,17661,55,86,141,completed,32
6976,Rigid,17520,17575,17666,55,91,146,completed,32
6977,Rigid,17520,17567,17695,47,128,175,completed,32
6978,Rigid,17520,17570,17707,50,137,187,completed,32
6979,Rigid,17520,17575,17695,55,120,175,completed,32
6980,Rigid,17520,17575,17756,55,181,236,completed,32
6981,Rigid,17520,17575,17755,55,180,235,completed,32
6982,Rigid,17520,17575,17675,55,100,155,completed,32
6983,Rigid,17520,17575,17685,55,110,165,completed,32
6984,Rigid,17520,17575,17699,55,124,179,completed,32
6985,Rigid,17520,17575,17806,55,231,286,completed,32
6986,Rigid,17520,17575,17686,55,111,166,completed,32
6987,Rigid,17520,17575,17739,55,164,219,completed,32
6988,Rigid,17520,17575,17754,55,179,234,completed,32
6989,Rigid,17520,17575,17750,55,175,230,completed,32
6990,Rigid,17520,17575,17761,55,186,241,completed,32
6991,Rigid,17520,17575,17710,55,135,190,completed,32
6992,Rigid,17520,17575,17700,55,125,180,completed,32
6993,Rigid,17520,17575,17664,55,89,144,completed,32
6994,Rigid,17520,17587,17678,67,91,158,completed,32
6995,Rigid,17520,17603,17698,83,95,178,completed,32
6996,Rigid,17520,17613,17684,93,71,164,completed,32
6997,Rigid,17520,17615,17698,95,83,178,completed,32
6998,Rigid,17520,17620,17715,100,95,195,completed,32
6999,Rigid,17520,17621,17682,101,61,162,completed,32
7000,Rigid,17520,17626,17716,106,90,196,completed,32
7001,Rigid,17520,17636,17729,116,93,209,completed,32
7002,Rigid,17520,17575,17679,55,104,159,completed,32
7003,Rigid,17520,17577,17729,57,152,209,completed,32
7004,Rigid,17520,17578,17722,58,144,202,completed,32
7005,Rigid,17520,17580,17703,60,123,183,completed,32
7006,Rigid,17520,17583,17747,63,164,227,completed,32
7007,Rigid,17520,17605,17810,85,205,290,completed,32
7008,Rigid,17520,17606,17850,86,244,330,completed,32
7009,Rigid,17520,17610,17735,90,125,215,completed,32
7010,Rigid,17520,17610,17789,90,179,269,completed,32
7011,Rigid,17520,17613,17741,93,128,221,completed,32
7012,Rigid,17520,17614,17753,94,139,233,completed,32
7013,Rigid,17520,17615,17738,95,123,218,completed,32
7014,Rigid,17520,17620,17804,100,184,284,completed,32
7015,Rigid,17520,17622,17802,102,180,282,completed,32
7016,Rigid,17520,17632,17733,112,101,213,completed,32
7017,Rigid,17520,17632,17743,112,111,223,completed,32
7018,Rigid,17520,17636,17761,116,125,241,completed,32
7019,Rigid,17520,17637,17868,117,231,348,completed,32
7020,Rigid,17520,17637,17749,117,112,229,completed,32
7021,Rigid,17520,17638,17803,118,165,283,completed,32
7022,Rigid,17520,17642,17825,122,183,305,completed,32
7023,Rigid,17520,17643,17819,123,176,299,completed,32
7024,Rigid,17520,17643,17831,123,188,311,completed,32
7025,Rigid,17520,17646,17781,126,135,261,completed,32
7026,Rigid,17520,17651,17777,131,126,257,completed,32
7027,Rigid,17521,17654,17743,133,89,222,completed,32
7028,Rigid,17521,17653,17758,132,105,237,completed,32
7029,Rigid,17521,17656,17808,135,152,287,completed,32
7030,Rigid,17521,17658,17804,137,146,283,completed,32
7031,Rigid,17521,17658,17779,137,121,258,completed,32
7032,Rigid,17521,17660,17752,139,92,231,completed,32
7033,Rigid,17521,17661,17757,140,96,236,completed,32
7034,Rigid,17521,17668,17740,147,72,219,completed,32
7035,Rigid,17521,17673,17756,152,83,235,completed,32
7036,Rigid,17521,17679,17775,158,96,254,completed,32
7037,Rigid,17521,17680,17742,159,62,221,completed,32
7038,Rigid,17521,17683,17773,162,90,252,completed,32
7039,Rigid,17521,17685,17780,164,95,259,completed,32
7040,Rigid,17521,17659,17825,138,166,304,completed,32
7041,Rigid,17521,17660,17866,139,206,345,completed,32
7042,Rigid,17521,17662,17907,141,245,386,completed,32
7043,Rigid,17521,17665,17790,144,125,269,completed,32
7044,Rigid,17521,17666,17844,145,178,323,completed,32
7045,Rigid,17521,17666,17792,145,126,271,completed,32
7046,Rigid,17521,17670,17805,149,135,284,completed,32
7047,Rigid,17521,17671,17795,150,124,274,completed,32
7048,Rigid,17521,17675,17859,154,184,338,completed,32
7049,Rigid,17521,17681,17863,160,182,342,completed,32
7050,Rigid,17521,17683,17783,162,100,262,completed,32
7051,Rigid,17521,17684,17795,163,111,274,completed,32
7052,Rigid,17521,17685,17811,164,126,290,completed,32
7053,Rigid,17521,17686,17921,165,235,400,completed,32
7054,Rigid,17521,17688,17801,167,113,280,completed,32
7055,Rigid,17521,17690,17857,169,167,336,completed,32
7056,Rigid,17521,17690,17873,169,183,352,completed,32
7057,Rigid,17521,17695,17873,174,178,352,completed,32
7058,Rigid,17521,17696,17886,175,190,365,completed,32
7059,Rigid,17521,17699,17836,178,137,315,completed,32
7060,Rigid,17521,17699,17826,178,127,305,completed,32
7061,Rigid,17521,17700,17789,179,89,268,completed,32
7062,Rigid,17521,17710,17799,189,89,278,completed,32
7063,Rigid,17521,17711,17806,190,95,285,completed,32
7064,Rigid,17521,17699,17801,178,102,280,completed,32
7065,Rigid,17521,17702,17852,181,150,331,completed,32
7066,Rigid,17521,17703,17845,182,142,324,completed,32
7067,Rigid,17521,17707,17828,186,121,307,completed,32
7068,Rigid,17521,17710,17871,189,161,350,completed,32
7069,Rigid,17521,17724,17793,203,69,272,completed,32
7070,Rigid,17521,17729,17811,208,82,290,completed,32
7071,Rigid,17521,17732,17825,211,93,304,completed,32
7072,Rigid,17521,17733,17794,212,61,273,completed,32
7073,Rigid,17521,17736,17823,215,87,302,completed,32
7074,Rigid,17521,17715,17916,194,201,395,completed,32
7075,Rigid,17521,17715,17954,194,239,433,completed,32
7076,Rigid,17521,17716,17839,195,123,318,completed,32
7077,Rigid,17521,17722,17897,201,175,376,completed,32
7078,Rigid,17521,17723,17851,202,128,330,completed,32
7079,Rigid,17521,17725,17861,204,136,340,completed,32
7080,Rigid,17521,17728,17848,207,120,327,completed,32
7081,Rigid,17521,17729,17911,208,182,390,completed,32
7082,Rigid,17521,17735,17915,214,180,394,completed,32
7083,Rigid,17521,17739,17839,218,100,318,completed,32
7084,Rigid,17521,17739,17849,218,110,328,completed,32
7085,Rigid,17521,17741,17832,220,91,311,completed,32
7086,Rigid,17521,17741,17865,220,124,344,completed,32
7087,Rigid,17521,17742,17973,221,231,452,completed,32
7088,Rigid,17521,17742,17853,221,111,332,completed,32
7089,Rigid,17521,17742,17906,221,164,385,completed,32
7090,Rigid,17521,17744,17922,223,178,401,completed,32
7091,Rigid,17521,17744,17918,223,174,397,completed,32
7092,Rigid,17521,17748,17933,227,185,412,completed,32
7093,Rigid,17521,17750,17885,229,135,364,completed,32
7094,Rigid,17521,17750,17874,229,124,353,completed,32
7095,Rigid,17521,17753,17843,232,90,322,completed,32
7096,Rigid,17521,17758,17849,237,91,328,completed,32
7097,Rigid,17521,17758,17853,237,95,332,completed,32
7098,Rigid,17521,17776,17847,255,71,326,completed,32
7099,Rigid,17521,17780,17863,259,83,342,completed,32
7100,Rigid,17521,17752,17856,231,104,335,completed,32
7101,Rigid,17521,17754,17904,233,150,383,completed,32
7102,Rigid,17521,17756,17900,235,144,379,completed,32
7103,Rigid,17521,17756,17878,235,122,357,completed,32
7104,Rigid,17521,17756,17921,235,165,400,completed,32
7105,Rigid,17521,17761,17967,240,206,446,completed,32
7106,Rigid,17521,17762,18009,241,247,488,completed,32
7107,Rigid,17521,17767,17890,246,123,369,completed,32
7108,Rigid,17521,17773,17951,252,178,430,completed,32
7109,Rigid,17521,17775,17903,254,128,382,completed,32
7110,Rigid,17521,17778,17916,257,138,395,completed,32
7111,Rigid,17521,17780,17904,259,124,383,completed,32
7112,Rigid,17521,17782,17877,261,95,356,completed,32
7113,Rigid,17521,17784,17845,263,61,324,completed,32
7114,Rigid,17521,17790,17880,269,90,359,completed,32
7115,Rigid,17521,17793,17886,272,93,365,completed,32
7116,Rigid,17521,17781,17963,260,182,442,completed,32
7117,Rigid,17521,17790,17971,269,181,450,completed,32
7118,Rigid,17521,17791,17892,270,101,371,completed,32
7119,Rigid,17521,17793,17904,272,111,383,completed,32
7120,Rigid,17521,17794,17919,273,125,398,completed,32
7121,Rigid,17521,17795,18028,274,233,507,completed,32
7122,Rigid,17521,17796,17907,275,111,386,completed,32
7123,Rigid,17521,17800,17967,279,167,446,completed,32
7124,Rigid,17521,17802,17986,281,184,465,completed,32
7125,Rigid,17521,17802,17977,281,175,456,completed,32
7126,Rigid,17521,17803,17991,282,188,470,completed,32
7127,Rigid,17521,17803,17938,282,135,417,completed,32
7128,Rigid,17521,17804,17931,283,127,410,completed,32
7129,Rigid,17541,17918,18592,377,674,1051,completed,144
7130,Rigid,17555,17562,17776,7,214,221,completed,72
7131,Rigid,17589,17589,17627,0,38,38,completed,9
7132,Rigid,17589,17589,17609,0,20,20,completed,9
7133,Rigid,17589,17589,17615,0,26,26,completed,9
7134,Rigid,17589,17589,17609,0,20,20,completed,9
7135,Rigid,17589,17589,17611,0,22,22,completed,9
7136,Rigid,17589,17589,17610,0,21,21,completed,9
7137,Rigid,17589,17589,17610,0,21,21,completed,9
7138,Rigid,17589,17589,17611,0,22,22,completed,9
7139,Rigid,17589,17589,17625,0,36,36,completed,9
7140,Rigid,17589,17589,17606,0,17,17,completed,9
7141,Rigid,17589,17589,17615,0,26,26,completed,9
7142,Rigid,17589,17589,17616,0,27,27,completed,9
7143,Rigid,17589,17589,17611,0,22,22,completed,9
7144,Rigid,17589,17589,17621,0,32,32,completed,9
7145,Rigid,17589,17589,17607,0,18,18,completed,9
7146,Rigid,17589,17589,17619,0,30,30,completed,9
7147,Rigid,17589,17589,17614,0,25,25,completed,9
7148,Rigid,17589,17589,17614,0,25,25,completed,9
7149,Rigid,17589,17589,17615,0,26,26,completed,9
7150,Rigid,17589,17589,17615,0,26,26,completed,9
7151,Rigid,17589,17589,17616,0,27,27,completed,9
7152,Rigid,17589,17589,17626,0,37,37,completed,9
7153,Rigid,17589,17589,17623,0,34,34,completed,9
7154,Rigid,17589,17589,17625,0,36,36,completed,9
7155,Rigid,17589,17589,17619,0,30,30,completed,9
7156,Rigid,17589,17589,17621,0,32,32,completed,9
7157,Rigid,17589,17589,17608,0,19,19,completed,9
7158,Rigid,17589,17589,17610,0,21,21,completed,9
7159,Rigid,17589,17589,17618,0,29,29,completed,9
7160,Rigid,17589,17589,17614,0,25,25,completed,9
7161,Rigid,17589,17589,17614,0,25,25,completed,9
7162,Rigid,17589,17589,17609,0,20,20,completed,9
7163,Rigid,17589,17589,17617,0,28,28,completed,9
7164,Rigid,17589,17589,17618,0,29,29,completed,9
7165,Rigid,17589,17589,17612,0,23,23,completed,9
7166,Rigid,17589,17589,17613,0,24,24,completed,9
7167,Rigid,17589,17589,17611,0,22,22,completed,9
7168,Rigid,17589,17589,17613,0,24,24,completed,9
7169,Rigid,17589,17589,17611,0,22,22,completed,9
7170,Rigid,17589,17589,17604,0,15,15,completed,9
7171,Rigid,17589,17589,17617,0,28,28,completed,9
7172,Rigid,17589,17589,17616,0,27,27,completed,9
7173,Rigid,17589,17589,17613,0,24,24,completed,9
7174,Rigid,17589,17589,17615,0,26,26,completed,9
7175,Rigid,17589,17589,17609,0,20,20,completed,9
7176,Rigid,17589,17589,17621,0,32,32,completed,9
7177,Rigid,17589,17604,17631,15,27,42,completed,9
7178,Rigid,17589,17606,17632,17,26,43,completed,9
7179,Rigid,17589,17607,17624,18,17,35,completed,9
7180,Rigid,17589,17609,17627,20,18,38,completed,9
7181,Rigid,17589,17608,17634,19,26,45,completed,9
7182,Rigid,17589,17609,17637,20,28,48,completed,9
7183,Rigid,17589,17610,17631,21,21,42,completed,9
7184,Rigid,17589,17611,17627,22,16,38,completed,9
7185,Rigid,17589,17611,17629,22,18,40,completed,9
7186,Rigid,17589,17611,17636,22,25,47,completed,9
7187,Rigid,17589,17611,17641,22,30,52,completed,9
7188,Rigid,17589,17612,17633,23,21,44,completed,9
7189,Rigid,17589,17612,17635,23,23,46,completed,9
7190,Rigid,17589,17612,17623,23,11,34,completed,9
7191,Rigid,17589,17612,17636,23,24,47,completed,9
7192,Rigid,17589,17613,17648,24,35,59,completed,9
7193,Rigid,17589,17613,17645,24,32,56,completed,9
7194,Rigid,17589,17613,17638,24,25,49,completed,9
7195,Rigid,17589,17614,17643,25,29,54,completed,9
7196,Rigid,17589,17614,17638,25,24,49,completed,9
7197,Rigid,17589,17614,17639,25,25,50,completed,9
7198,Rigid,17589,17614,17634,25,20,45,completed,9
7199,Rigid,17589,17614,17639,25,25,50,completed,9
7200,Rigid,17589,17615,17637,26,22,48,completed,9
7201,Rigid,17589,17615,17637,26,22,48,completed,9
7202,Rigid,17589,17615,17637,26,22,48,completed,9
7203,Rigid,17589,17615,17650,26,35,61,completed,9
7204,Rigid,17589,17615,17638,26,23,49,completed,9
7205,Rigid,17589,17615,17638,26,23,49,completed,9
7206,Rigid,17589,17615,17638,26,23,49,completed,9
7207,Rigid,17589,17615,17635,26,20,46,completed,9
7208,Rigid,17589,17615,17635,26,20,46,completed,9
7209,Rigid,17589,17616,17639,27,23,50,completed,9
7210,Rigid,17589,17617,17637,28,20,48,completed,9
7211,Rigid,17589,17617,17651,28,34,62,completed,9
7212,Rigid,17589,17617,17637,28,20,48,completed,9
7213,Rigid,17589,17617,17648,28,31,59,completed,9
7214,Rigid,17589,17617,17648,28,31,59,completed,9
7215,Rigid,17589,17619,17642,30,23,53,completed,9
7216,Rigid,17589,17619,17657,30,38,68,completed,9
7217,Rigid,17589,17619,17637,30,18,48,completed,9
7218,Rigid,17589,17620,17643,31,23,54,completed,9
7219,Rigid,17589,17621,17652,32,31,63,completed,9
7220,Rigid,17589,17622,17646,33,24,57,completed,9
7221,Rigid,17589,17622,17646,33,24,57,completed,9
7222,Rigid,17589,17624,17653,35,29,64,completed,9
7223,Rigid,17589,17624,17650,35,26,61,completed,9
7224,Rigid,17589,17625,17658,36,33,69,completed,9
7225,Rigid,17589,17626,17659,37,33,70,completed,9
7226,Rigid,17589,17626,17662,37,36,73,completed,9
7227,Rigid,17589,17627,17674,38,47,85,completed,9
7228,Rigid,17589,17627,17656,38,29,67,completed,9
7229,Rigid,17589,17628,17650,39,22,61,completed,9
7230,Rigid,17589,17628,17651,39,23,62,completed,9
7231,Rigid,17589,17630,17655,41,25,66,completed,9
7232,Rigid,17589,17632,17658,43,26,69,completed,9
7233,Rigid,17589,17633,17654,44,21,65,completed,9
7234,Rigid,17589,17634,17653,45,19,64,completed,9
7235,Rigid,17589,17635,17657,46,22,68,completed,9
7236,Rigid,17589,17635,17655,46,20,66,completed,9
7237,Rigid,17589,17636,17665,47,29,76,completed,9
7238,Rigid,17589,17636,17667,47,31,78,completed,9
7239,Rigid,17589,17636,17658,47,22,69,completed,9
7240,Rigid,17589,17637,17659,48,22,70,completed,9
7241,Rigid,17589,17637,17662,48,25,73,completed,9
7242,Rigid,17589,17637,17655,48,18,66,completed,9
7243,Rigid,17589,17637,17674,48,37,85,completed,9
7244,Rigid,17589,17637,17663,48,26,74,completed,9
7245,Rigid,17589,17637,17665,48,28,76,completed,9
7246,Rigid,17589,17638,17660,49,22,71,completed,9
7247,Rigid,17589,17638,17670,49,32,81,completed,9
7248,Rigid,17589,17639,17660,50,21,71,completed,9
7249,Rigid,17589,17639,17667,50,28,78,completed,9
7250,Rigid,17589,17639,17666,50,27,77,completed,9
7251,Rigid,17589,17639,17658,50,19,69,completed,9
7252,Rigid,17589,17639,17659,50,20,70,completed,9
7253,Rigid,17589,17640,17670,51,30,81,completed,9
7254,Rigid,17589,17640,17675,51,35,86,completed,9
7255,Rigid,17589,17641,17667,52,26,78,completed,9
7256,Rigid,17589,17643,17657,54,14,68,completed,9
7257,Rigid,17589,17643,17663,54,20,74,completed,9
7258,Rigid,17589,17643,17664,54,21,75,completed,9
7259,Rigid,17589,17646,17679,57,33,90,completed,9
7260,Rigid,17589,17646,17667,57,21,78,completed,9
7261,Rigid,17589,17646,17672,57,26,83,completed,9
7262,Rigid,17589,17649,17659,60,10,70,completed,9
7263,Rigid,17589,17649,17671,60,22,82,completed,9
7264,Rigid,17589,17650,17680,61,30,91,completed,9
7265,Rigid,17589,17650,17672,61,22,83,completed,9
7266,Rigid,17589,17650,17677,61,27,88,completed,9
7267,Rigid,17589,17650,17676,61,26,87,completed,9
7268,Rigid,17589,17650,17673,61,23,84,completed,9
7269,Rigid,17589,17650,17675,61,25,86,completed,9
7270,Rigid,17589,17651,17667,62,16,78,completed,9
7271,Rigid,17589,17651,17676,62,25,87,completed,9
7272,Rigid,17589,17653,17673,64,20,84,completed,9
7273,Rigid,17589,17653,17680,64,27,91,completed,9
7274,Rigid,17589,17653,17674,64,21,85,completed,9
7275,Rigid,17589,17655,17683,66,28,94,completed,9
7276,Rigid,17589,17655,17676,66,21,87,completed,9
7277,Rigid,17589,17656,17683,67,27,94,completed,9
7278,Rigid,17589,17656,17670,67,14,81,completed,9
7279,Rigid,17589,17656,17676,67,20,87,completed,9
7280,Rigid,17589,17656,17693,67,37,104,completed,9
7281,Rigid,17589,17657,17680,68,23,91,completed,9
7282,Rigid,17589,17658,17684,69,26,95,completed,9
7283,Rigid,17589,17658,17685,69,27,96,completed,9
7284,Rigid,17589,17658,17681,69,23,92,completed,9
7285,Rigid,17589,17658,17685,69,27,96,completed,9
7286,Rigid,17589,17659,17675,70,16,86,completed,9
7287,Rigid,17589,17659,17683,70,24,94,completed,9
7288,Rigid,17589,17659,17680,70,21,91,completed,9
7289,Rigid,17589,17660,17695,71,35,106,completed,9
7290,Rigid,17589,17660,17685,71,25,96,completed,9
7291,Rigid,17616,17632,17640,16,8,24,completed,36
7292,Rigid,17647,17648,17656,1,8,9,completed,36
7293,Rigid,17685,17685,17713,0,28,28,completed,9
7294,Rigid,17685,17685,17707,0,22,22,completed,9
7295,Rigid,17685,17685,17716,0,31,31,completed,9
7296,Rigid,17685,17685,17710,0,25,25,completed,9
7297,Rigid,17685,17685,17707,0,22,22,completed,9
7298,Rigid,17685,17685,17709,0,24,24,completed,9
7299,Rigid,17685,17685,17711,0,26,26,completed,9
7300,Rigid,17685,17685,17704,0,19,19,completed,9
7301,Rigid,17685,17685,17723,0,38,38,completed,9
7302,Rigid,17685,17685,17701,0,16,16,completed,9
7303,Rigid,17685,17685,17732,0,47,47,completed,9
7304,Rigid,17685,17685,17718,0,33,33,completed,9
7305,Rigid,17685,17685,17715,0,30,30,completed,9
7306,Rigid,17685,17685,17716,0,31,31,completed,9
7307,Rigid,17685,17685,17703,0,18,18,completed,9
7308,Rigid,17685,17685,17713,0,28,28,completed,9
7309,Rigid,17685,17685,17710,0,25,25,completed,9
7310,Rigid,17685,17685,17708,0,23,23,completed,9
7311,Rigid,17685,17685,17705,0,20,20,completed,9
7312,Rigid,17685,17685,17713,0,28,28,completed,9
7313,Rigid,17685,17685,17714,0,29,29,completed,9
7314,Rigid,17685,17685,17715,0,30,30,completed,9
7315,Rigid,17685,17685,17716,0,31,31,completed,9
7316,Rigid,17685,17685,17721,0,36,36,completed,9
7317,Rigid,17685,17685,17715,0,30,30,completed,9
7318,Rigid,17685,17685,17717,0,32,32,completed,9
7319,Rigid,17685,17685,17705,0,20,20,completed,9
7320,Rigid,17685,17685,17710,0,25,25,completed,9
7321,Rigid,17685,17685,17717,0,32,32,completed,9
7322,Rigid,17685,17685,17711,0,26,26,completed,9
7323,Rigid,17685,17685,17705,0,20,20,completed,9
7324,Rigid,17685,17685,17712,0,27,27,completed,9
7325,Rigid,17685,17685,17706,0,21,21,completed,9
7326,Rigid,17685,17685,17718,0,33,33,completed,9
7327,Rigid,17685,17685,17717,0,32,32,completed,9
7328,Rigid,17685,17685,17731,0,46,46,completed,9
7329,Rigid,17685,17685,17706,0,21,21,completed,9
7330,Rigid,17685,17685,17703,0,18,18,completed,9
7331,Rigid,17685,17685,17705,0,20,20,completed,9
7332,Rigid,17685,17685,17700,0,15,15,completed,9
7333,Rigid,17685,17685,17718,0,33,33,completed,9
7334,Rigid,17685,17685,17707,0,22,22,completed,9
7335,Rigid,17685,17686,17718,1,32,33,completed,9
7336,Rigid,17685,17686,17719,1,33,34,completed,9
7337,Rigid,17685,17694,17724,9,30,39,completed,9
7338,Rigid,17685,17695,17724,10,29,39,completed,9
7339,Rigid,17685,17701,17740,16,39,55,completed,9
7340,Rigid,17685,17702,17727,17,25,42,completed,9
7341,Rigid,17685,17704,17721,19,17,36,completed,9
7342,Rigid,17685,17704,17726,19,22,41,completed,9
7343,Rigid,17685,17705,17726,20,21,41,completed,9
7344,Rigid,17685,17706,17731,21,25,46,completed,9
7345,Rigid,17685,17706,17726,21,20,41,completed,9
7346,Rigid,17685,17706,17721,21,15,36,completed,9
7347,Rigid,17685,17707,17727,22,20,42,completed,9
7348,Rigid,17685,17707,17724,22,17,39,completed,9
7349,Rigid,17685,17707,17731,22,24,46,completed,9
7350,Rigid,17685,17707,17729,22,22,44,completed,9
7351,Rigid,17685,17708,17731,23,23,46,completed,9
7352,Rigid,17685,17708,17721,23,13,36,completed,9
7353,Rigid,17685,17709,17729,24,20,44,completed,9
7354,Rigid,17685,17710,17742,25,32,57,completed,9
7355,Rigid,17685,17711,17739,26,28,54,completed,9
7356,Rigid,17685,17711,17744,26,33,59,completed,9
7357,Rigid,17685,17711,17732,26,21,47,completed,9
7358,Rigid,17685,17712,17736,27,24,51,completed,9
7359,Rigid,17685,17713,17739,28,26,54,completed,9
7360,Rigid,17685,17713,17732,28,19,47,completed,9
7361,Rigid,17685,17714,17738,29,24,53,completed,9
7362,Rigid,17685,17714,17734,29,20,49,completed,9
7363,Rigid,17685,17714,17744,29,30,59,completed,9
7364,Rigid,17685,17715,17739,30,24,54,completed,9
7365,Rigid,17685,17716,17744,31,28,59,completed,9
7366,Rigid,17685,17716,17734,31,18,49,completed,9
7367,Rigid,17685,17717,17749,32,32,64,completed,9
7368,Rigid,17685,17717,17738,32,21,53,completed,9
7369,Rigid,17685,17717,17735,32,18,50,completed,9
7370,Rigid,17685,17717,17738,32,21,53,completed,9
7371,Rigid,17685,17717,17742,32,25,57,completed,9
7372,Rigid,17685,17718,17737,33,19,52,completed,9
7373,Rigid,17685,17718,17754,33,36,69,completed,9
7374,Rigid,17685,17718,17734,33,16,49,completed,9
7375,Rigid,17685,17719,17752,34,33,67,completed,9
7376,Rigid,17685,17719,17761,34,42,76,completed,9
7377,Rigid,17685,17719,17743,34,24,58,completed,9
7378,Rigid,17685,17719,17741,34,22,56,completed,9
7379,Rigid,17685,17735,17743,50,8,58,completed,9
7380,Rigid,17685,17722,17740,37,18,55,completed,9
7381,Rigid,17685,17722,17742,37,20,57,completed,9
7382,Rigid,17685,17722,17758,37,36,73,completed,9
7383,Rigid,17685,17722,17751,37,29,66,completed,9
7384,Rigid,17685,17724,17748,39,24,63,completed,9
7385,Rigid,17685,17724,17752,39,28,67,completed,9
7386,Rigid,17685,17725,17750,40,25,65,completed,9
7387,Rigid,17685,17725,17758,40,33,73,completed,9
7388,Rigid,17685,17725,17760,40,35,75,completed,9
7389,Rigid,17685,17726,17754,41,28,69,completed,9
7390,Rigid,17685,17727,17763,42,36,78,completed,9
7391,Rigid,17685,17727,17756,42,29,71,completed,9
7392,Rigid,17685,17727,17748,42,21,63,completed,9
7393,Rigid,17685,17728,17750,43,22,65,completed,9
7394,Rigid,17685,17729,17754,44,25,69,completed,9
7395,Rigid,17685,17730,17761,45,31,76,completed,9
7396,Rigid,17685,17732,17754,47,22,69,completed,9
7397,Rigid,17685,17732,17751,47,19,66,completed,9
7398,Rigid,17685,17732,17759,47,27,74,completed,9
7399,Rigid,17685,17733,17760,48,27,75,completed,9
7400,Rigid,17685,17733,17766,48,33,81,completed,9
7401,Rigid,17685,17733,17780,48,47,95,completed,9
7402,Rigid,17685,17734,17758,49,24,73,completed,9
7403,Rigid,17685,17734,17750,49,16,65,completed,9
7404,Rigid,17685,17735,17758,50,23,73,completed,9
7405,Rigid,17685,17736,17758,51,22,73,completed,9
7406,Rigid,17685,17736,17755,51,19,70,completed,9
7407,Rigid,17685,17737,17761,52,24,76,completed,9
7408,Rigid,17685,17738,17761,53,23,76,completed,9
7409,Rigid,17685,17739,17764,54,25,79,completed,9
7410,Rigid,17685,17739,17764,54,25,79,completed,9
7411,Rigid,17685,17739,17776,54,37,91,completed,9
7412,Rigid,17685,17739,17764,54,25,79,completed,9
7413,Rigid,17685,17740,17758,55,18,73,completed,9
7414,Rigid,17685,17740,17763,55,23,78,completed,9
7415,Rigid,17685,17740,17764,55,24,79,completed,9
7416,Rigid,17685,17742,17773,57,31,88,completed,9
7417,Rigid,17685,17742,17768,57,26,83,completed,9
7418,Rigid,17685,17743,17755,58,12,70,completed,9
7419,Rigid,17685,17743,17768,58,25,83,completed,9
7420,Rigid,17685,17744,17761,59,17,76,completed,9
7421,Rigid,17685,17744,17764,59,20,79,completed,9
7422,Rigid,17685,17744,17767,59,23,82,completed,9
7423,Rigid,17685,17745,17770,60,25,85,completed,9
7424,Rigid,17685,17745,17757,60,12,72,completed,9
7425,Rigid,17685,17749,17772,64,23,87,completed,9
7426,Rigid,17685,17749,17778,64,29,93,completed,9
7427,Rigid,17685,17749,17775,64,26,90,completed,9
7428,Rigid,17685,17751,17772,66,21,87,completed,9
7429,Rigid,17685,17751,17778,66,27,93,completed,9
7430,Rigid,17685,17751,17774,66,23,89,completed,9
7431,Rigid,17685,17752,17779,67,27,94,completed,9
7432,Rigid,17685,17752,17770,67,18,85,completed,9
7433,Rigid,17685,17752,17769,67,17,84,completed,9
7434,Rigid,17685,17754,17777,69,23,92,completed,9
7435,Rigid,17685,17754,17781,69,27,96,completed,9
7436,Rigid,17685,17755,17780,70,25,95,completed,9
7437,Rigid,17785,17805,17806,20,1,21,completed,72
7438,Rigid,17785,17791,17792,6,1,7,completed,36
7439,Rigid,17785,17793,17798,8,5,13,completed,36
7440,Rigid,17786,17798,17810,12,12,24,completed,36
7441,Rigid,17786,17806,17818,20,12,32,completed,36
7442,Rigid,17786,17806,17818,20,12,32,completed,72
7443,Rigid,17919,17919,17948,0,29,29,completed,9
7444,Rigid,17919,17919,17938,0,19,19,completed,9
7445,Rigid,17919,17919,17946,0,27,27,completed,9
7446,Rigid,17919,17919,17942,0,23,23,completed,9
7447,Rigid,17919,17919,17939,0,20,20,completed,9
7448,Rigid,17919,17919,17945,0,26,26,completed,9
7449,Rigid,17919,17919,17956,0,37,37,completed,9
7450,Rigid,17919,17919,17939,0,20,20,completed,9
7451,Rigid,17919,17919,17947,0,28,28,completed,9
7452,Rigid,17919,17919,17935,0,16,16,completed,9
7453,Rigid,17919,17919,17961,0,42,42,completed,9
7454,Rigid,17919,17919,17948,0,29,29,completed,9
7455,Rigid,17919,17919,17945,0,26,26,completed,9
7456,Rigid,17919,17919,17944,0,25,25,completed,9
7457,Rigid,17919,17919,17941,0,22,22,completed,9
7458,Rigid,17919,17919,17942,0,23,23,completed,9
7459,Rigid,17919,17919,17949,0,30,30,completed,9
7460,Rigid,17919,17919,17942,0,23,23,completed,9
7461,Rigid,17919,17919,17943,0,24,24,completed,9
7462,Rigid,17919,17920,17948,1,28,29,completed,9
7463,Rigid,17919,17920,17945,1,25,26,completed,9
7464,Rigid,17919,17920,17946,1,26,27,completed,9
7465,Rigid,17919,17920,17948,1,28,29,completed,9
7466,Rigid,17919,17922,17948,3,26,29,completed,9
7467,Rigid,17919,17922,17953,3,31,34,completed,9
7468,Rigid,17919,17922,17949,3,27,30,completed,9
7469,Rigid,17919,17922,17944,3,22,25,completed,9
7470,Rigid,17919,17922,17944,3,22,25,completed,9
7471,Rigid,17919,17922,17948,3,26,29,completed,9
7472,Rigid,17919,17922,17946,3,24,27,completed,9
7473,Rigid,17919,17922,17940,3,18,21,completed,9
7474,Rigid,17919,17922,17940,3,18,21,completed,9
7475,Rigid,17919,17922,17945,3,23,26,completed,9
7476,Rigid,17919,17922,17947,3,25,28,completed,9
7477,Rigid,17919,17926,17964,7,38,45,completed,9
7478,Rigid,17919,17926,17961,7,35,42,completed,9
7479,Rigid,17919,17926,17946,7,20,27,completed,9
7480,Rigid,17919,17926,17942,7,16,23,completed,9
7481,Rigid,17919,17929,17947,10,18,28,completed,9
7482,Rigid,17919,17929,17942,10,13,23,completed,9
7483,Rigid,17919,17929,17953,10,24,34,completed,9
7484,Rigid,17919,17929,17947,10,18,28,completed,9
7485,Rigid,17919,17929,17951,10,22,32,completed,9
7486,Rigid,17919,17929,17951,10,22,32,completed,9
7487,Rigid,17919,17929,17951,10,22,32,completed,9
7488,Rigid,17919,17929,17954,10,25,35,completed,9
7489,Rigid,17919,17929,17959,10,30,40,completed,9
7490,Rigid,17919,17929,17951,10,22,32,completed,9
7491,Rigid,17919,17929,17946,10,17,27,completed,9
7492,Rigid,17919,17929,17948,10,19,29,completed,9
7493,Rigid,17919,17930,17950,11,20,31,completed,9
7494,Rigid,17919,17930,17954,11,24,35,completed,9
7495,Rigid,17919,17930,17951,11,21,32,completed,9
7496,Rigid,17919,17930,17941,11,11,22,completed,9
7497,Rigid,17919,17930,17951,11,21,32,completed,9
7498,Rigid,17919,17930,17948,11,18,29,completed,9
7499,Rigid,17919,17930,17938,11,8,19,completed,9
7500,Rigid,17919,17930,17950,11,20,31,completed,9
7501,Rigid,17919,17930,17948,11,18,29,completed,9
7502,Rigid,17919,17930,17950,11,20,31,completed,9
7503,Rigid,17919,17930,17949,11,19,30,completed,9
7504,Rigid,17919,17930,17953,11,23,34,completed,9
7505,Rigid,17919,17931,17952,12,21,33,completed,9
7506,Rigid,17919,17931,17953,12,22,34,completed,9
7507,Rigid,17919,17931,17956,12,25,37,completed,9
7508,Rigid,17919,17933,17954,14,21,35,completed,9
7509,Rigid,17919,17933,17955,14,22,36,completed,9
7510,Rigid,17919,17933,17946,14,13,27,completed,9
7511,Rigid,17919,17933,17949,14,16,30,completed,9
7512,Rigid,17919,17934,17955,15,21,36,completed,9
7513,Rigid,17919,17934,17958,15,24,39,completed,9
7514,Rigid,17919,17934,17957,15,23,38,completed,9
7515,Rigid,17919,17934,17958,15,24,39,completed,9
7516,Rigid,17919,17934,17953,15,19,34,completed,9
7517,Rigid,17919,17934,17963,15,29,44,completed,9
7518,Rigid,17919,17934,17952,15,18,33,completed,9
7519,Rigid,17919,17934,17951,15,17,32,completed,9
7520,Rigid,17919,17934,17957,15,23,38,completed,9
7521,Rigid,17919,17934,17957,15,23,38,completed,9
7522,Rigid,17919,17934,17951,15,17,32,completed,9
7523,Rigid,17919,17934,17957,15,23,38,completed,9
7524,Rigid,17919,17935,17949,16,14,30,completed,9
7525,Rigid,17919,17935,17963,16,28,44,completed,9
7526,Rigid,17919,17935,17961,16,26,42,completed,9
7527,Rigid,17919,17935,17960,16,25,41,completed,9
7528,Rigid,17919,17935,17956,16,21,37,completed,9
7529,Rigid,17919,17935,17951,16,16,32,completed,9
7530,Rigid,17919,17935,17955,16,20,36,completed,9
7531,Rigid,17919,17935,17959,16,24,40,completed,9
7532,Rigid,17919,17935,17956,16,21,37,completed,9
7533,Rigid,17919,17935,17953,16,18,34,completed,9
7534,Rigid,17919,17935,17960,16,25,41,completed,9
7535,Rigid,17919,17935,17958,16,23,39,completed,9
7536,Rigid,17919,17935,17954,16,19,35,completed,9
7537,Rigid,17919,17935,17956,16,21,37,completed,9
7538,Rigid,17919,17935,17958,16,23,39,completed,9
7539,Rigid,17919,17935,17962,16,27,43,completed,9
7540,Rigid,17919,17935,17961,16,26,42,completed,9
7541,Rigid,17919,17935,17954,16,19,35,completed,9
7542,Rigid,17919,17935,17959,16,24,40,completed,9
7543,Rigid,17919,17935,17958,16,23,39,completed,9
7544,Rigid,17919,17935,17954,16,19,35,completed,9
7545,Rigid,17919,17935,17953,16,18,34,completed,9
7546,Rigid,17919,17935,17953,16,18,34,completed,9
7547,Rigid,17919,17935,17958,16,23,39,completed,9
7548,Rigid,17919,17935,17957,16,22,38,completed,9
7549,Rigid,17919,17937,17964,18,27,45,completed,9
7550,Rigid,17919,17937,17965,18,28,46,completed,9
7551,Rigid,17919,17939,17948,20,9,29,completed,9
7552,Rigid,17919,17937,17958,18,21,39,completed,9
7553,Rigid,17919,17937,17953,18,16,34,completed,9
7554,Rigid,17919,17937,17955,18,18,36,completed,9
7555,Rigid,17919,17937,17948,18,11,29,completed,9
7556,Rigid,17919,17937,17963,18,26,44,completed,9
7557,Rigid,17919,17937,17954,18,17,35,completed,9
7558,Rigid,17919,17937,17956,18,19,37,completed,9
7559,Rigid,17919,17937,17956,18,19,37,completed,9
7560,Rigid,17919,17937,17956,18,19,37,completed,9
7561,Rigid,17919,17937,17959,18,22,40,completed,9
7562,Rigid,17919,17938,17963,19,25,44,completed,9
7563,Rigid,17919,17938,17958,19,20,39,completed,9
7564,Rigid,17919,17938,17955,19,17,36,completed,9
7565,Rigid,17919,17938,17957,19,19,38,completed,9
7566,Rigid,17919,17938,17957,19,19,38,completed,9
7567,Rigid,17919,17938,17961,19,23,42,completed,9
7568,Rigid,17919,17938,17955,19,17,36,completed,9
7569,Rigid,17919,17938,17951,19,13,32,completed,9
7570,Rigid,17919,17938,17956,19,18,37,completed,9
7571,Rigid,17919,17938,17954,19,16,35,completed,9
7572,Rigid,17919,17938,17961,19,23,42,completed,9
7573,Rigid,17919,17938,17959,19,21,40,completed,9
7574,Rigid,17919,17939,17956,20,17,37,completed,9
7575,Rigid,17919,17939,17955,20,16,36,completed,9
7576,Rigid,17919,17939,17961,20,22,42,completed,9
7577,Rigid,17919,17939,17959,20,20,40,completed,9
7578,Rigid,17919,17939,17957,20,18,38,completed,9
7579,Rigid,17919,17940,17959,21,19,40,completed,9
7580,Rigid,17919,17941,17961,22,20,42,completed,9
7581,Rigid,17919,17941,17964,22,23,45,completed,9
7582,Rigid,17919,17941,17955,22,14,36,completed,9
7583,Rigid,17919,17942,17958,23,16,39,completed,9
7584,Rigid,17919,17942,17959,23,17,40,completed,9
7585,Rigid,17919,17942,17968,23,26,49,completed,9
7586,Rigid,17919,17942,17965,23,23,46,completed,9
7587,Rigid,17928,18003,18054,75,51,126,completed,36
7588,Rigid,17928,18071,19183,143,1112,1255,completed,576
7589,Rigid,17931,18002,18034,71,32,103,completed,36
7590,Rigid,17934,18004,18692,70,688,758,completed,36
7591,Rigid,17934,18029,18478,95,449,544,completed,36
7592,Rigid,17934,18048,18682,114,634,748,completed,36
7593,Rigid,17936,17936,21536,0,3600,3600,completed,36
7594,Rigid,17942,17957,18090,15,133,148,completed,32
7595,Rigid,17942,17958,18090,16,132,148,completed,32
7596,Rigid,17942,17958,18089,16,131,147,completed,32
7597,Rigid,17942,17948,18090,6,142,148,completed,32
7598,Rigid,17942,17949,18090,7,141,148,completed,32
7599,Rigid,17942,17951,18090,9,139,148,completed,32
7600,Rigid,17942,17951,18089,9,138,147,completed,32
7601,Rigid,17942,17953,18089,11,136,147,completed,32
7602,Rigid,17942,17954,18090,12,136,148,completed,32
7603,Rigid,17942,17955,18090,13,135,148,completed,32
7604,Rigid,17942,17955,18090,13,135,148,completed,32
7605,Rigid,17942,17956,18090,14,134,148,completed,32
7606,Rigid,17944,17944,23704,0,5760,5760,completed,36
7607,Rigid,17946,17962,18089,16,127,143,completed,32
7608,Rigid,17946,17963,18089,17,126,143,completed,32
7609,Rigid,17946,17963,18090,17,127,144,completed,32
7610,Rigid,17946,17959,18089,13,130,143,completed,32
7611,Rigid,17946,17959,18089,13,130,143,completed,32
7612,Rigid,17946,17959,18089,13,130,143,completed,32
7613,Rigid,17946,17960,18090,14,130,144,completed,32
7614,Rigid,17946,17960,18089,14,129,143,completed,32
7615,Rigid,17946,17960,18089,14,129,143,completed,32
7616,Rigid,17946,17960,18088,14,128,142,completed,32
7617,Rigid,17946,17961,18089,15,128,143,completed,32
7618,Rigid,17946,17961,18089,15,128,143,completed,32
7619,Rigid,17949,17966,18088,17,122,139,completed,32
7620,Rigid,17949,17967,18088,18,121,139,completed,32
7621,Rigid,17949,17968,17970,19,2,21,completed,32
7622,Rigid,17949,17963,18089,14,126,140,completed,32
7623,Rigid,17949,17963,18089,14,126,140,completed,32
7624,Rigid,17949,17963,18089,14,126,140,completed,32
7625,Rigid,17949,17964,18089,15,125,140,completed,32
7626,Rigid,17949,17964,18088,15,124,139,completed,32
7627,Rigid,17949,17965,18088,16,123,139,completed,32
7628,Rigid,17949,17966,18088,17,122,139,completed,32
7629,Rigid,17949,17966,18088,17,122,139,completed,32
7630,Rigid,17949,17966,18088,17,122,139,completed,32
7631,Rigid,17950,18059,19787,109,1728,1837,completed,36
7632,Rigid,17950,18062,19790,112,1728,1840,completed,36
7633,Rigid,17950,18549,19834,599,1285,1884,completed,36
7634,Rigid,17950,18550,19414,600,864,1464,completed,36
7635,Rigid,17950,18551,19415,601,864,1465,completed,36
7636,Rigid,17950,18551,19415,601,864,1465,completed,36
7637,Rigid,17951,18552,20280,601,1728,2329,completed,36
7638,Rigid,17951,18554,20282,603,1728,2331,completed,36
7639,Rigid,17951,18554,20282,603,1728,2331,completed,36
7640,Rigid,17952,18556,20284,604,1728,2332,completed,36
7641,Rigid,17952,18556,19415,604,859,1463,completed,36
7642,Rigid,17952,18557,20285,605,1728,2333,completed,36
7643,Rigid,17953,18592,20320,639,1728,2367,completed,36
7644,Rigid,17953,18592,20320,639,1728,2367,completed,36
7645,Rigid,17953,18592,20320,639,1728,2367,completed,36
7646,Rigid,17953,18592,20320,639,1728,2367,completed,36
7647,Rigid,17953,18658,20386,705,1728,2433,completed,36
7648,Rigid,17953,18658,20386,705,1728,2433,completed,36
7649,Rigid,17954,17977,18409,23,432,455,completed,36
7650,Rigid,17954,18658,20386,704,1728,2432,completed,36
7651,Rigid,17954,18665,20393,711,1728,2439,completed,36
7652,Rigid,17954,18681,20409,727,1728,2455,completed,36
7653,Rigid,17955,18683,19515,728,832,1560,completed,36
7654,Rigid,17955,18688,19706,733,1018,1751,completed,36
7655,Rigid,17955,18693,19720,738,1027,1765,completed,36
7656,Rigid,17956,18718,19544,762,826,1588,completed,36
7657,Rigid,17956,18721,19341,765,620,1385,completed,36
7658,Rigid,17956,18730,19531,774,801,1575,completed,36
7659,Rigid,17958,17959,18391,1,432,433,completed,36
7660,Rigid,17966,17966,17974,0,8,8,completed,9
7661,Rigid,17966,17966,17990,0,24,24,completed,9
7662,Rigid,17966,17966,17981,0,15,15,completed,9
7663,Rigid,17966,17966,17994,0,28,28,completed,9
7664,Rigid,17966,17966,17980,0,14,14,completed,9
7665,Rigid,17966,17966,17979,0,13,13,completed,9
7666,Rigid,17966,17966,17984,0,18,18,completed,9
7667,Rigid,17966,17966,17985,0,19,19,completed,9
7668,Rigid,17966,17966,17985,0,19,19,completed,9
7669,Rigid,17966,17966,17979,0,13,13,completed,9
7670,Rigid,17966,17966,18000,0,34,34,completed,9
7671,Rigid,17966,17966,17983,0,17,17,completed,9
7672,Rigid,17966,17966,17985,0,19,19,completed,9
7673,Rigid,17966,17966,17982,0,16,16,completed,9
7674,Rigid,17966,17966,17981,0,15,15,completed,9
7675,Rigid,17966,17966,17983,0,17,17,completed,9
7676,Rigid,17966,17966,17992,0,26,26,completed,9
7677,Rigid,17966,17966,17982,0,16,16,completed,9
7678,Rigid,17966,17966,17986,0,20,20,completed,9
7679,Rigid,17966,17966,17985,0,19,19,completed,9
7680,Rigid,17966,17966,17984,0,18,18,completed,9
7681,Rigid,17966,17966,17989,0,23,23,completed,9
7682,Rigid,17966,17966,17987,0,21,21,completed,9
7683,Rigid,17966,17966,17991,0,25,25,completed,9
7684,Rigid,17966,17966,18002,0,36,36,completed,9
7685,Rigid,17966,17966,17995,0,29,29,completed,9
7686,Rigid,17966,17966,17984,0,18,18,completed,9
7687,Rigid,17966,17966,17987,0,21,21,completed,9
7688,Rigid,17966,17966,17992,0,26,26,completed,9
7689,Rigid,17966,17966,17986,0,20,20,completed,9
7690,Rigid,17966,17966,17981,0,15,15,completed,9
7691,Rigid,17966,17971,17979,5,8,13,completed,9
7692,Rigid,17966,17977,17984,11,7,18,completed,9
7693,Rigid,17966,17978,17987,12,9,21,completed,9
7694,Rigid,17966,17981,17989,15,8,23,completed,9
7695,Rigid,17966,17981,17987,15,6,21,completed,9
7696,Rigid,17966,17967,17986,1,19,20,completed,9
7697,Rigid,17966,17967,17991,1,24,25,completed,9
7698,Rigid,17966,17968,17984,2,16,18,completed,9
7699,Rigid,17966,17968,17990,2,22,24,completed,9
7700,Rigid,17966,17968,17987,2,19,21,completed,9
7701,Rigid,17966,17968,17984,2,16,18,completed,9
7702,Rigid,17966,17969,17986,3,17,20,completed,9
7703,Rigid,17966,17971,17988,5,17,22,completed,9
7704,Rigid,17966,17971,17987,5,16,21,completed,9
7705,Rigid,17966,17971,17986,5,15,20,completed,9
7706,Rigid,17966,17975,17993,9,18,27,completed,9
7707,Rigid,17966,17977,17992,11,15,26,completed,9
7708,Rigid,17966,17977,17991,11,14,25,completed,9
7709,Rigid,17966,17977,17993,11,16,27,completed,9
7710,Rigid,17966,17977,17994,11,17,28,completed,9
7711,Rigid,17966,17977,17994,11,17,28,completed,9
7712,Rigid,17966,17977,17991,11,14,25,completed,9
7713,Rigid,17966,17977,17992,11,15,26,completed,9
7714,Rigid,17966,17977,17993,11,16,27,completed,9
7715,Rigid,17966,17977,17994,11,17,28,completed,9
7716,Rigid,17966,17977,17992,11,15,26,completed,9
7717,Rigid,17966,17977,17993,11,16,27,completed,9
7718,Rigid,17966,17977,17991,11,14,25,completed,9
7719,Rigid,17966,17977,17992,11,15,26,completed,9
7720,Rigid,17966,17978,17991,12,13,25,completed,9
7721,Rigid,17966,17978,17995,12,17,29,completed,9
7722,Rigid,17966,17978,17993,12,15,27,completed,9
7723,Rigid,17966,17978,17996,12,18,30,completed,9
7724,Rigid,17966,17978,17994,12,16,28,completed,9
7725,Rigid,17966,17978,17994,12,16,28,completed,9
7726,Rigid,17966,17978,17994,12,16,28,completed,9
7727,Rigid,17966,17978,17994,12,16,28,completed,9
7728,Rigid,17966,17978,17995,12,17,29,completed,9
7729,Rigid,17966,17978,17989,12,11,23,completed,9
7730,Rigid,17966,17978,17991,12,13,25,completed,9
7731,Rigid,17966,17979,17994,13,15,28,completed,9
7732,Rigid,17966,17979,17995,13,16,29,completed,9
7733,Rigid,17966,17979,17995,13,16,29,completed,9
7734,Rigid,17966,17979,17997,13,18,31,completed,9
7735,Rigid,17966,17979,17991,13,12,25,completed,9
7736,Rigid,17966,17979,17997,13,18,31,completed,9
7737,Rigid,17966,17980,17992,14,12,26,completed,9
7738,Rigid,17966,17980,17991,14,11,25,completed,9
7739,Rigid,17966,17981,17996,15,15,30,completed,9
7740,Rigid,17966,17981,17996,15,15,30,completed,9
7741,Rigid,17966,17981,17997,15,16,31,completed,9
7742,Rigid,17966,17982,17999,16,17,33,completed,9
7743,Rigid,17966,17982,17998,16,16,32,completed,9
7744,Rigid,17966,17982,17996,16,14,30,completed,9
7745,Rigid,17966,17985,17994,19,9,28,completed,9
7746,Rigid,17966,17983,17998,17,15,32,completed,9
7747,Rigid,17966,17983,17995,17,12,29,completed,9
7748,Rigid,17966,17983,17995,17,12,29,completed,9
7749,Rigid,17966,17983,17997,17,14,31,completed,9
7750,Rigid,17966,17983,17999,17,16,33,completed,9
7751,Rigid,17966,17984,17998,18,14,32,completed,9
7752,Rigid,17966,17984,17998,18,14,32,completed,9
7753,Rigid,17966,17984,17998,18,14,32,completed,9
7754,Rigid,17966,17984,18001,18,17,35,completed,9
7755,Rigid,17966,17984,18000,18,16,34,completed,9
7756,Rigid,17966,17984,18002,18,18,36,completed,9
7757,Rigid,17966,17984,18002,18,18,36,completed,9
7758,Rigid,17966,17984,18008,18,24,42,completed,9
7759,Rigid,17966,17985,17998,19,13,32,completed,9
7760,Rigid,17966,17985,17998,19,13,32,completed,9
7761,Rigid,17966,17985,18000,19,15,34,completed,9
7762,Rigid,17966,17985,17996,19,11,30,completed,9
7763,Rigid,17966,17985,17998,19,13,32,completed,9
7764,Rigid,17966,17985,17997,19,12,31,completed,9
7765,Rigid,17966,17985,18002,19,17,36,completed,9
7766,Rigid,17966,17985,18001,19,16,35,completed,9
7767,Rigid,17966,17985,18003,19,18,37,completed,9
7768,Rigid,17966,17985,18001,19,16,35,completed,9
7769,Rigid,17966,17985,18000,19,15,34,completed,9
7770,Rigid,17966,17985,17992,19,7,26,completed,9
7771,Rigid,17966,17986,17994,20,8,28,completed,9
7772,Rigid,17966,17986,17993,20,7,27,completed,9
7773,Rigid,17966,17988,17995,22,7,29,completed,9
7774,Rigid,17966,17985,18000,19,15,34,completed,9
7775,Rigid,17966,17985,17999,19,14,33,completed,9
7776,Rigid,17966,17985,17996,19,11,30,completed,9
7777,Rigid,17966,17986,18008,20,22,42,completed,9
7778,Rigid,17966,17986,18001,20,15,35,completed,9
7779,Rigid,17966,17986,17996,20,10,30,completed,9
7780,Rigid,17966,17986,18000,20,14,34,completed,9
7781,Rigid,17966,17986,18000,20,14,34,completed,9
7782,Rigid,17966,17986,18000,20,14,34,completed,9
7783,Rigid,17966,17986,17997,20,11,31,completed,9
7784,Rigid,17966,17986,18004,20,18,38,completed,9
7785,Rigid,17966,17986,18004,20,18,38,completed,9
7786,Rigid,17966,17986,18001,20,15,35,completed,9
7787,Rigid,17966,17987,18000,21,13,34,completed,9
7788,Rigid,17966,17987,18000,21,13,34,completed,9
7789,Rigid,17966,17987,18001,21,14,35,completed,9
7790,Rigid,17966,17987,17997,21,10,31,completed,9
7791,Rigid,17966,17987,18008,21,21,42,completed,9
7792,Rigid,17966,17988,18002,22,14,36,completed,9
7793,Rigid,17966,17989,18007,23,18,41,completed,9
7794,Rigid,17966,17989,18002,23,13,36,completed,9
7795,Rigid,17966,17991,18000,25,9,34,completed,9
7796,Rigid,17966,17990,18004,24,14,38,completed,9
7797,Rigid,17966,17990,18002,24,12,36,completed,9
7798,Rigid,17966,17990,18009,24,19,43,completed,9
7799,Rigid,17966,17991,18012,25,21,46,completed,9
7800,Rigid,17966,17991,18003,25,12,37,completed,9
7801,Rigid,17966,17991,18006,25,15,40,completed,9
7802,Rigid,17966,17991,18008,25,17,42,completed,9
7803,Rigid,17966,17991,18004,25,13,38,completed,9
7804,Rigid,17967,17979,18008,12,29,41,completed,72
7805,Rigid,17981,17991,21447,10,3456,3466,completed,1
7806,Rigid,17981,17991,21447,10,3456,3466,completed,1
7807,Rigid,17981,17991,21447,10,3456,3466,completed,1
7808,Rigid,17981,17991,21447,10,3456,3466,completed,1
7809,Rigid,17981,17991,21447,10,3456,3466,completed,1
7810,Rigid,17981,17991,21447,10,3456,3466,completed,1
7811,Rigid,17981,17991,21447,10,3456,3466,completed,1
7812,Rigid,17981,17991,17993,10,2,12,completed,1
7813,Rigid,17981,17991,17993,10,2,12,completed,1
7814,Rigid,17981,17991,17994,10,3,13,completed,1
7815,Rigid,17981,17991,17994,10,3,13,completed,1
7816,Rigid,17981,17991,17993,10,2,12,completed,1
7817,Rigid,17981,17991,21447,10,3456,3466,completed,1
7818,Rigid,17981,17991,21447,10,3456,3466,completed,1
7819,Rigid,17981,17991,21447,10,3456,3466,completed,1
7820,Rigid,17981,17991,21447,10,3456,3466,completed,1
7821,Rigid,17981,17992,21448,11,3456,3467,completed,1
7822,Rigid,17981,17992,21448,11,3456,3467,completed,1
7823,Rigid,17981,17992,21448,11,3456,3467,completed,1
7824,Rigid,17981,17992,21448,11,3456,3467,completed,1
7825,Rigid,17981,17992,21448,11,3456,3467,completed,1
7826,Rigid,17981,17992,21448,11,3456,3467,completed,1
7827,Rigid,17981,17992,21448,11,3456,3467,completed,1
7828,Rigid,17981,17992,21448,11,3456,3467,completed,1
7829,Rigid,17981,17991,21447,10,3456,3466,completed,1
7830,Rigid,17981,17992,21448,11,3456,3467,completed,1
7831,Rigid,17981,17992,21448,11,3456,3467,completed,1
7832,Rigid,17981,17992,21448,11,3456,3467,completed,1
7833,Rigid,17981,17992,21448,11,3456,3467,completed,1
7834,Rigid,17981,17992,21448,11,3456,3467,completed,1
7835,Rigid,17981,17992,21448,11,3456,3467,completed,1
7836,Rigid,17981,17992,21448,11,3456,3467,completed,1
7837,Rigid,17981,17992,21448,11,3456,3467,completed,1
7838,Rigid,17981,17992,21448,11,3456,3467,completed,1
7839,Rigid,17981,17992,21448,11,3456,3467,completed,1
7840,Rigid,17981,17991,21447,10,3456,3466,completed,1
7841,Rigid,17981,17992,21448,11,3456,3467,completed,1
7842,Rigid,17981,17992,21448,11,3456,3467,completed,1
7843,Rigid,17981,17992,21448,11,3456,3467,completed,1
7844,Rigid,17981,17992,21448,11,3456,3467,completed,1
7845,Rigid,17981,17992,21448,11,3456,3467,completed,1
7846,Rigid,17981,17992,21448,11,3456,3467,completed,1
7847,Rigid,17981,17992,21448,11,3456,3467,completed,1
7848,Rigid,17981,17992,21448,11,3456,3467,completed,1
7849,Rigid,17981,17992,21448,11,3456,3467,completed,1
7850,Rigid,17981,17992,21448,11,3456,3467,completed,1
7851,Rigid,17981,17991,21447,10,3456,3466,completed,1
7852,Rigid,17981,17992,21448,11,3456,3467,completed,1
7853,Rigid,17981,17992,21448,11,3456,3467,completed,1
7854,Rigid,17981,17992,21448,11,3456,3467,completed,1
7855,Rigid,17981,17992,21448,11,3456,3467,completed,1
7856,Rigid,17981,17992,21448,11,3456,3467,completed,1
7857,Rigid,17981,17992,21448,11,3456,3467,completed,1
7858,Rigid,17981,17992,21448,11,3456,3467,completed,1
7859,Rigid,17981,17992,21448,11,3456,3467,completed,1
7860,Rigid,17981,17992,21448,11,3456,3467,completed,1
7861,Rigid,17981,17992,18198,11,206,217,completed,1
7862,Rigid,17981,17991,21447,10,3456,3466,completed,1
7863,Rigid,17981,17992,19775,11,1783,1794,completed,1
7864,Rigid,17981,17992,19004,11,1012,1023,completed,1
7865,Rigid,17981,17992,19852,11,1860,1871,completed,1
7866,Rigid,17981,17992,21448,11,3456,3467,completed,1
7867,Rigid,17981,17992,21448,11,3456,3467,completed,1
7868,Rigid,17981,17992,21448,11,3456,3467,completed,1
7869,Rigid,17981,17992,21448,11,3456,3467,completed,1
7870,Rigid,17981,17992,21448,11,3456,3467,completed,1
7871,Rigid,17981,17992,21448,11,3456,3467,completed,1
7872,Rigid,17981,17991,21447,10,3456,3466,completed,1
7873,Rigid,17981,17991,21447,10,3456,3466,completed,1
7874,Rigid,17981,17991,21447,10,3456,3466,completed,1
7875,Rigid,17982,18004,18022,22,18,40,completed,144
7876,Rigid,17982,18023,18028,41,5,46,completed,144
7877,Rigid,17982,18045,18065,63,20,83,completed,144
7878,Rigid,17990,19288,20789,1298,1501,2799,completed,756
7879,Rigid,17990,20937,22424,2947,1487,4434,completed,756
7880,Rigid,17992,17998,18070,6,72,78,completed,72
7881,Rigid,18004,18004,21604,0,3600,3600,completed,36
7882,Rigid,18005,18005,18014,0,9,9,completed,9
7883,Rigid,18005,18005,18012,0,7,7,completed,9
7884,Rigid,18005,18005,18014,0,9,9,completed,9
7885,Rigid,18005,18005,18021,0,16,16,completed,9
7886,Rigid,18005,18005,18015,0,10,10,completed,9
7887,Rigid,18005,18005,18019,0,14,14,completed,9
7888,Rigid,18005,18005,18017,0,12,12,completed,9
7889,Rigid,18005,18005,18015,0,10,10,completed,9
7890,Rigid,18005,18005,18017,0,12,12,completed,9
7891,Rigid,18005,18005,18018,0,13,13,completed,9
7892,Rigid,18005,18005,18019,0,14,14,completed,9
7893,Rigid,18005,18005,18020,0,15,15,completed,9
7894,Rigid,18005,18005,18023,0,18,18,completed,9
7895,Rigid,18005,18005,18018,0,13,13,completed,9
7896,Rigid,18005,18005,18018,0,13,13,completed,9
7897,Rigid,18005,18005,18017,0,12,12,completed,9
7898,Rigid,18005,18005,18019,0,14,14,completed,9
7899,Rigid,18005,18005,18017,0,12,12,completed,9
7900,Rigid,18005,18005,18024,0,19,19,completed,9
7901,Rigid,18005,18005,18026,0,21,21,completed,9
7902,Rigid,18005,18005,18017,0,12,12,completed,9
7903,Rigid,18005,18005,18019,0,14,14,completed,9
7904,Rigid,18005,18005,18019,0,14,14,completed,9
7905,Rigid,18005,18005,18020,0,15,15,completed,9
7906,Rigid,18005,18005,18020,0,15,15,completed,9
7907,Rigid,18005,18005,18021,0,16,16,completed,9
7908,Rigid,18005,18005,18018,0,13,13,completed,9
7909,Rigid,18005,18005,18016,0,11,11,completed,9
7910,Rigid,18005,18005,18019,0,14,14,completed,9
7911,Rigid,18005,18005,18015,0,10,10,completed,9
7912,Rigid,18005,18005,18013,0,8,8,completed,9
7913,Rigid,18005,18005,18011,0,6,6,completed,9
7914,Rigid,18005,18005,18014,0,9,9,completed,9
7915,Rigid,18005,18005,18013,0,8,8,completed,9
7916,Rigid,18005,18005,18014,0,9,9,completed,9
7917,Rigid,18005,18006,18015,1,9,10,completed,9
7918,Rigid,18005,18006,18015,1,9,10,completed,9
7919,Rigid,18005,18006,18014,1,8,9,completed,9
7920,Rigid,18005,18005,18015,0,10,10,completed,9
7921,Rigid,18005,18005,18022,0,17,17,completed,9
7922,Rigid,18005,18005,18022,0,17,17,completed,9
7923,Rigid,18005,18005,18021,0,16,16,completed,9
7924,Rigid,18005,18005,18029,0,24,24,completed,9
7925,Rigid,18005,18005,18023,0,18,18,completed,9
7926,Rigid,18005,18005,18016,0,11,11,completed,9
7927,Rigid,18005,18005,18016,0,11,11,completed,9
7928,Rigid,18005,18005,18017,0,12,12,completed,9
7929,Rigid,18005,18005,18016,0,11,11,completed,9
7930,Rigid,18005,18005,18019,0,14,14,completed,9
7931,Rigid,18005,18005,18017,0,12,12,completed,9
7932,Rigid,18005,18005,18021,0,16,16,completed,9
7933,Rigid,18005,18005,18016,0,11,11,completed,9
7934,Rigid,18005,18005,18019,0,14,14,completed,9
7935,Rigid,18005,18005,18028,0,23,23,completed,9
7936,Rigid,18005,18006,18021,1,15,16,completed,9
7937,Rigid,18005,18006,18016,1,10,11,completed,9
7938,Rigid,18005,18006,18019,1,13,14,completed,9
7939,Rigid,18005,18006,18020,1,14,15,completed,9
7940,Rigid,18005,18006,18020,1,14,15,completed,9
7941,Rigid,18005,18006,18017,1,11,12,completed,9
7942,Rigid,18005,18006,18021,1,15,16,completed,9
7943,Rigid,18005,18006,18018,1,12,13,completed,9
7944,Rigid,18005,18006,18020,1,14,15,completed,9
7945,Rigid,18005,18006,18019,1,13,14,completed,9
7946,Rigid,18005,18006,18021,1,15,16,completed,9
7947,Rigid,18005,18006,18021,1,15,16,completed,9
7948,Rigid,18005,18006,18020,1,14,15,completed,9
7949,Rigid,18005,18006,18022,1,16,17,completed,9
7950,Rigid,18005,18006,18016,1,10,11,completed,9
7951,Rigid,18005,18009,18015,4,6,10,completed,9
7952,Rigid,18005,18009,18018,4,9,13,completed,9
7953,Rigid,18005,18006,18022,1,16,17,completed,9
7954,Rigid,18005,18006,18019,1,13,14,completed,9
7955,Rigid,18005,18007,18017,2,10,12,completed,9
7956,Rigid,18005,18007,18030,2,23,25,completed,9
7957,Rigid,18005,18008,18019,3,11,14,completed,9
7958,Rigid,18005,18009,18030,4,21,25,completed,9
7959,Rigid,18005,18009,18022,4,13,17,completed,9
7960,Rigid,18005,18009,18021,4,12,16,completed,9
7961,Rigid,18005,18009,18020,4,11,15,completed,9
7962,Rigid,18005,18009,18019,4,10,14,completed,9
7963,Rigid,18005,18009,18027,4,18,22,completed,9
7964,Rigid,18005,18009,18025,4,16,20,completed,9
7965,Rigid,18005,18009,18025,4,16,20,completed,9
7966,Rigid,18005,18009,18025,4,16,20,completed,9
7967,Rigid,18005,18009,18021,4,12,16,completed,9
7968,Rigid,18005,18009,18018,4,9,13,completed,9
7969,Rigid,18005,18013,18021,8,8,16,completed,9
7970,Rigid,18005,18015,18024,10,9,19,completed,9
7971,Rigid,18005,18015,18024,10,9,19,completed,9
7972,Rigid,18005,18016,18024,11,8,19,completed,9
7973,Rigid,18005,18016,18025,11,9,20,completed,9
7974,Rigid,18005,18017,18026,12,9,21,completed,9
7975,Rigid,18005,18017,18024,12,7,19,completed,9
7976,Rigid,18005,18017,18026,12,9,21,completed,9
7977,Rigid,18005,18009,18019,4,10,14,completed,9
7978,Rigid,18005,18009,18022,4,13,17,completed,9
7979,Rigid,18005,18011,18023,6,12,18,completed,9
7980,Rigid,18005,18013,18027,8,14,22,completed,9
7981,Rigid,18005,18014,18029,9,15,24,completed,9
7982,Rigid,18005,18014,18027,9,13,22,completed,9
7983,Rigid,18005,18014,18025,9,11,20,completed,9
7984,Rigid,18005,18015,18029,10,14,24,completed,9
7985,Rigid,18005,18015,18028,10,13,23,completed,9
7986,Rigid,18005,18015,18029,10,14,24,completed,9
7987,Rigid,18005,18016,18030,11,14,25,completed,9
7988,Rigid,18005,18016,18026,11,10,21,completed,9
7989,Rigid,18005,18016,18027,11,11,22,completed,9
7990,Rigid,18005,18016,18026,11,10,21,completed,9
7991,Rigid,18005,18016,18029,11,13,24,completed,9
7992,Rigid,18005,18016,18028,11,12,23,completed,9
7993,Rigid,18005,18017,18023,12,6,18,completed,9
7994,Rigid,18005,18017,18026,12,9,21,completed,9
7995,Rigid,18005,18018,18026,13,8,21,completed,9
7996,Rigid,18005,18018,18027,13,9,22,completed,9
7997,Rigid,18005,18018,18025,13,7,20,completed,9
7998,Rigid,18005,18018,18026,13,8,21,completed,9
7999,Rigid,18005,18019,18027,14,8,22,completed,9
8000,Rigid,18005,18019,18026,14,7,21,completed,9
8001,Rigid,18005,18019,18026,14,7,21,completed,9
8002,Rigid,18005,18019,18027,14,8,22,completed,9
8003,Rigid,18005,18020,18027,15,7,22,completed,9
8004,Rigid,18005,18020,18029,15,9,24,completed,9
8005,Rigid,18005,18020,18027,15,7,22,completed,9
8006,Rigid,18005,18017,18028,12,11,23,completed,9
8007,Rigid,18005,18017,18030,12,13,25,completed,9
8008,Rigid,18005,18018,18029,13,11,24,completed,9
8009,Rigid,18005,18018,18028,13,10,23,completed,9
8010,Rigid,18005,18018,18032,13,14,27,completed,9
8011,Rigid,18005,18019,18036,14,17,31,completed,9
8012,Rigid,18005,18019,18037,14,18,32,completed,9
8013,Rigid,18005,18019,18029,14,10,24,completed,9
8014,Rigid,18005,18019,18030,14,11,25,completed,9
8015,Rigid,18005,18019,18030,14,11,25,completed,9
8016,Rigid,18005,18020,18032,15,12,27,completed,9
8017,Rigid,18005,18020,18030,15,10,25,completed,9
8018,Rigid,18005,18020,18033,15,13,28,completed,9
8019,Rigid,18005,18020,18030,15,10,25,completed,9
8020,Rigid,18005,18020,18032,15,12,27,completed,9
8021,Rigid,18005,18020,18027,15,7,22,completed,9
8022,Rigid,18005,18020,18028,15,8,23,completed,9
8023,Rigid,18005,18020,18029,15,9,24,completed,9
8024,Rigid,18005,18020,18030,15,10,25,completed,9
8025,Rigid,18005,18020,18030,15,10,25,completed,9
8026,Rigid,18024,18025,18037,1,12,13,completed,36
8027,Rigid,18029,18069,18933,40,864,904,completed,540
8028,Rigid,18031,18031,18039,0,8,8,completed,9
8029,Rigid,18031,18031,18039,0,8,8,completed,9
8030,Rigid,18031,18031,18040,0,9,9,completed,9
8031,Rigid,18031,18031,18037,0,6,6,completed,9
8032,Rigid,18031,18031,18046,0,15,15,completed,9
8033,Rigid,18031,18031,18044,0,13,13,completed,9
8034,Rigid,18031,18031,18042,0,11,11,completed,9
8035,Rigid,18031,18031,18041,0,10,10,completed,9
8036,Rigid,18031,18031,18042,0,11,11,completed,9
8037,Rigid,18031,18031,18040,0,9,9,completed,9
8038,Rigid,18031,18031,18040,0,9,9,completed,9
8039,Rigid,18031,18031,18039,0,8,8,completed,9
8040,Rigid,18031,18031,18039,0,8,8,completed,9
8041,Rigid,18031,18031,18040,0,9,9,completed,9
8042,Rigid,18031,18031,18040,0,9,9,completed,9
8043,Rigid,18031,18031,18038,0,7,7,completed,9
8044,Rigid,18031,18031,18039,0,8,8,completed,9
8045,Rigid,18031,18031,18041,0,10,10,completed,9
8046,Rigid,18031,18031,18043,0,12,12,completed,9
8047,Rigid,18031,18031,18048,0,17,17,completed,9
8048,Rigid,18031,18031,18042,0,11,11,completed,9
8049,Rigid,18031,18031,18042,0,11,11,completed,9
8050,Rigid,18031,18031,18042,0,11,11,completed,9
8051,Rigid,18031,18031,18045,0,14,14,completed,9
8052,Rigid,18031,18031,18042,0,11,11,completed,9
8053,Rigid,18031,18031,18038,0,7,7,completed,9
8054,Rigid,18031,18031,18038,0,7,7,completed,9
8055,Rigid,18031,18031,18040,0,9,9,completed,9
8056,Rigid,18031,18031,18037,0,6,6,completed,9
8057,Rigid,18031,18031,18040,0,9,9,completed,9
8058,Rigid,18031,18031,18039,0,8,8,completed,9
8059,Rigid,18031,18032,18041,1,9,10,completed,9
8060,Rigid,18031,18031,18049,0,18,18,completed,9
8061,Rigid,18031,18031,18044,0,13,13,completed,9
8062,Rigid,18031,18031,18041,0,10,10,completed,9
8063,Rigid,18031,18031,18050,0,19,19,completed,9
8064,Rigid,18031,18031,18043,0,12,12,completed,9
8065,Rigid,18031,18031,18045,0,14,14,completed,9
8066,Rigid,18031,18031,18043,0,12,12,completed,9
8067,Rigid,18031,18031,18047,0,16,16,completed,9
8068,Rigid,18031,18031,18041,0,10,10,completed,9
8069,Rigid,18031,18032,18042,1,10,11,completed,9
8070,Rigid,18031,18032,18042,1,10,11,completed,9
8071,Rigid,18031,18033,18047,2,14,16,completed,9
8072,Rigid,18031,18034,18041,3,7,10,completed,9
8073,Rigid,18031,18034,18043,3,9,12,completed,9
8074,Rigid,18031,18034,18041,3,7,10,completed,9
8075,Rigid,18031,18034,18042,3,8,11,completed,9
8076,Rigid,18031,18034,18041,3,7,10,completed,9
8077,Rigid,18031,18034,18041,3,7,10,completed,9
8078,Rigid,18031,18034,18042,3,8,11,completed,9
8079,Rigid,18031,18034,18043,3,9,12,completed,9
8080,Rigid,18031,18034,18042,3,8,11,completed,9
8081,Rigid,18031,18034,18040,3,6,9,completed,9
8082,Rigid,18031,18034,18043,3,9,12,completed,9
8083,Rigid,18031,18034,18045,3,11,14,completed,9
8084,Rigid,18031,18034,18044,3,10,13,completed,9
8085,Rigid,18031,18034,18047,3,13,16,completed,9
8086,Rigid,18031,18034,18046,3,12,15,completed,9
8087,Rigid,18031,18034,18044,3,10,13,completed,9
8088,Rigid,18031,18034,18044,3,10,13,completed,9
8089,Rigid,18031,18034,18044,3,10,13,completed,9
8090,Rigid,18031,18034,18046,3,12,15,completed,9
8091,Rigid,18031,18034,18041,3,7,10,completed,9
8092,Rigid,18031,18034,18039,3,5,8,completed,9
8093,Rigid,18031,18034,18040,3,6,9,completed,9
8094,Rigid,18031,18034,18043,3,9,12,completed,9
8095,Rigid,18031,18034,18043,3,9,12,completed,9
8096,Rigid,18031,18034,18042,3,8,11,completed,9
8097,Rigid,18031,18034,18040,3,6,9,completed,9
8098,Rigid,18031,18034,18040,3,6,9,completed,9
8099,Rigid,18031,18034,18042,3,8,11,completed,9
8100,Rigid,18031,18034,18042,3,8,11,completed,9
8101,Rigid,18031,18034,18043,3,9,12,completed,9
8102,Rigid,18031,18034,18040,3,6,9,completed,9
8103,Rigid,18031,18034,18043,3,9,12,completed,9
8104,Rigid,18031,18034,18038,3,4,7,completed,9
8105,Rigid,18031,18034,18044,3,10,13,completed,9
8106,Rigid,18031,18034,18044,3,10,13,completed,9
8107,Rigid,18031,18034,18045,3,11,14,completed,9
8108,Rigid,18031,18034,18048,3,14,17,completed,9
8109,Rigid,18031,18034,18047,3,13,16,completed,9
8110,Rigid,18031,18034,18044,3,10,13,completed,9
8111,Rigid,18031,18034,18042,3,8,11,completed,9
8112,Rigid,18031,18034,18041,3,7,10,completed,9
8113,Rigid,18031,18034,18044,3,10,13,completed,9
8114,Rigid,18031,18034,18045,3,11,14,completed,9
8115,Rigid,18031,18034,18045,3,11,14,completed,9
8116,Rigid,18031,18034,18043,3,9,12,completed,9
8117,Rigid,18031,18034,18043,3,9,12,completed,9
8118,Rigid,18031,18034,18041,3,7,10,completed,9
8119,Rigid,18031,18034,18042,3,8,11,completed,9
8120,Rigid,18031,18034,18040,3,6,9,completed,9
8121,Rigid,18031,18034,18043,3,9,12,completed,9
8122,Rigid,18031,18034,18040,3,6,9,completed,9
8123,Rigid,18031,18034,18042,3,8,11,completed,9
8124,Rigid,18031,18034,18041,3,7,10,completed,9
8125,Rigid,18031,18038,18047,7,9,16,completed,9
8126,Rigid,18031,18038,18046,7,8,15,completed,9
8127,Rigid,18031,18034,18044,3,10,13,completed,9
8128,Rigid,18031,18034,18044,3,10,13,completed,9
8129,Rigid,18031,18034,18044,3,10,13,completed,9
8130,Rigid,18031,18034,18044,3,10,13,completed,9
8131,Rigid,18031,18034,18047,3,13,16,completed,9
8132,Rigid,18031,18034,18044,3,10,13,completed,9
8133,Rigid,18031,18034,18044,3,10,13,completed,9
8134,Rigid,18031,18036,18049,5,13,18,completed,9
8135,Rigid,18031,18037,18049,6,12,18,completed,9
8136,Rigid,18031,18037,18047,6,10,16,completed,9
8137,Rigid,18031,18038,18045,7,7,14,completed,9
8138,Rigid,18031,18038,18047,7,9,16,completed,9
8139,Rigid,18031,18038,18044,7,6,13,completed,9
8140,Rigid,18031,18039,18046,8,7,15,completed,9
8141,Rigid,18031,18039,18047,8,8,16,completed,9
8142,Rigid,18031,18039,18046,8,7,15,completed,9
8143,Rigid,18031,18039,18048,8,9,17,completed,9
8144,Rigid,18031,18039,18046,8,7,15,completed,9
8145,Rigid,18031,18039,18047,8,8,16,completed,9
8146,Rigid,18031,18039,18048,8,9,17,completed,9
8147,Rigid,18031,18039,18046,8,7,15,completed,9
8148,Rigid,18031,18040,18046,9,6,15,completed,9
8149,Rigid,18031,18040,18048,9,8,17,completed,9
8150,Rigid,18031,18040,18046,9,6,15,completed,9
8151,Rigid,18031,18040,18046,9,6,15,completed,9
8152,Rigid,18031,18041,18048,10,7,17,completed,9
8153,Rigid,18031,18041,18049,10,8,18,completed,9
8154,Rigid,18031,18041,18047,10,6,16,completed,9
8155,Rigid,18031,18041,18050,10,9,19,completed,9
8156,Rigid,18031,18041,18048,10,7,17,completed,9
8157,Rigid,18031,18041,18049,10,8,18,completed,9
8158,Rigid,18031,18041,18049,10,8,18,completed,9
8159,Rigid,18031,18042,18050,11,8,19,completed,9
8160,Rigid,18031,18042,18051,11,9,20,completed,9
8161,Rigid,18031,18042,18047,11,5,16,completed,9
8162,Rigid,18031,18042,18048,11,6,17,completed,9
8163,Rigid,18031,18042,18048,11,6,17,completed,9
8164,Rigid,18031,18042,18049,11,7,18,completed,9
8165,Rigid,18031,18039,18049,8,10,18,completed,9
8166,Rigid,18031,18040,18053,9,13,22,completed,9
8167,Rigid,18031,18041,18056,10,15,25,completed,9
8168,Rigid,18031,18041,18052,10,11,21,completed,9
8169,Rigid,18031,18041,18057,10,16,26,completed,9
8170,Rigid,18031,18041,18051,10,10,20,completed,9
8171,Rigid,18031,18042,18057,11,15,26,completed,9
8172,Rigid,18031,18047,18065,16,18,34,completed,144
8173,Rigid,18034,18066,18068,32,2,34,completed,1080
8174,Rigid,18034,18045,18075,11,30,41,completed,36
8175,Rigid,18048,18048,21648,0,3600,3600,completed,36
8176,Rigid,18050,18050,18056,0,6,6,completed,9
8177,Rigid,18050,18050,18056,0,6,6,completed,9
8178,Rigid,18050,18050,18057,0,7,7,completed,9
8179,Rigid,18050,18050,18058,0,8,8,completed,9
8180,Rigid,18050,18050,18058,0,8,8,completed,9
8181,Rigid,18050,18050,18056,0,6,6,completed,9
8182,Rigid,18050,18050,18059,0,9,9,completed,9
8183,Rigid,18050,18050,18055,0,5,5,completed,9
8184,Rigid,18050,18050,18058,0,8,8,completed,9
8185,Rigid,18050,18050,18056,0,6,6,completed,9
8186,Rigid,18050,18050,18056,0,6,6,completed,9
8187,Rigid,18050,18050,18067,0,17,17,completed,9
8188,Rigid,18050,18050,18062,0,12,12,completed,9
8189,Rigid,18050,18050,18062,0,12,12,completed,9
8190,Rigid,18050,18050,18061,0,11,11,completed,9
8191,Rigid,18050,18050,18060,0,10,10,completed,9
8192,Rigid,18050,18050,18058,0,8,8,completed,9
8193,Rigid,18050,18050,18058,0,8,8,completed,9
8194,Rigid,18050,18050,18057,0,7,7,completed,9
8195,Rigid,18050,18050,18058,0,8,8,completed,9
8196,Rigid,18050,18050,18056,0,6,6,completed,9
8197,Rigid,18050,18050,18058,0,8,8,completed,9
8198,Rigid,18050,18050,18059,0,9,9,completed,9
8199,Rigid,18050,18050,18059,0,9,9,completed,9
8200,Rigid,18050,18050,18059,0,9,9,completed,9
8201,Rigid,18050,18050,18057,0,7,7,completed,9
8202,Rigid,18050,18050,18059,0,9,9,completed,9
8203,Rigid,18050,18050,18059,0,9,9,completed,9
8204,Rigid,18050,18050,18055,0,5,5,completed,9
8205,Rigid,18050,18050,18058,0,8,8,completed,9
8206,Rigid,18050,18050,18056,0,6,6,completed,9
8207,Rigid,18050,18050,18057,0,7,7,completed,9
8208,Rigid,18050,18050,18057,0,7,7,completed,9
8209,Rigid,18050,18050,18058,0,8,8,completed,9
8210,Rigid,18050,18050,18058,0,8,8,completed,9
8211,Rigid,18050,18050,18057,0,7,7,completed,9
8212,Rigid,18050,18050,18056,0,6,6,completed,9
8213,Rigid,18050,18050,18058,0,8,8,completed,9
8214,Rigid,18050,18050,18055,0,5,5,completed,9
8215,Rigid,18050,18050,18057,0,7,7,completed,9
8216,Rigid,18050,18050,18058,0,8,8,completed,9
8217,Rigid,18050,18050,18058,0,8,8,completed,9
8218,Rigid,18050,18050,18058,0,8,8,completed,9
8219,Rigid,18050,18050,18058,0,8,8,completed,9
8220,Rigid,18050,18050,18058,0,8,8,completed,9
8221,Rigid,18050,18050,18057,0,7,7,completed,9
8222,Rigid,18050,18050,18056,0,6,6,completed,9
8223,Rigid,18050,18050,18056,0,6,6,completed,9
8224,Rigid,18050,18050,18058,0,8,8,completed,9
8225,Rigid,18050,18050,18058,0,8,8,completed,9
8226,Rigid,18050,18050,18056,0,6,6,completed,9
8227,Rigid,18050,18050,18059,0,9,9,completed,9
8228,Rigid,18050,18050,18055,0,5,5,completed,9
8229,Rigid,18050,18050,18058,0,8,8,completed,9
8230,Rigid,18050,18050,18057,0,7,7,completed,9
8231,Rigid,18050,18050,18058,0,8,8,completed,9
8232,Rigid,18050,18050,18057,0,7,7,completed,9
8233,Rigid,18050,18050,18058,0,8,8,completed,9
8234,Rigid,18050,18050,18056,0,6,6,completed,9
8235,Rigid,18050,18050,18058,0,8,8,completed,9
8236,Rigid,18050,18050,18061,0,11,11,completed,9
8237,Rigid,18050,18050,18062,0,12,12,completed,9
8238,Rigid,18050,18050,18062,0,12,12,completed,9
8239,Rigid,18050,18050,18060,0,10,10,completed,9
8240,Rigid,18050,18050,18057,0,7,7,completed,9
8241,Rigid,18050,18050,18058,0,8,8,completed,9
8242,Rigid,18050,18050,18055,0,5,5,completed,9
8243,Rigid,18050,18050,18056,0,6,6,completed,9
8244,Rigid,18050,18050,18057,0,7,7,completed,9
8245,Rigid,18050,18050,18058,0,8,8,completed,9
8246,Rigid,18050,18050,18057,0,7,7,completed,9
8247,Rigid,18050,18050,18062,0,12,12,completed,9
8248,Rigid,18062,18062,18102,0,40,40,completed,144
8249,Rigid,18071,18071,18072,0,1,1,completed,36
8250,Rigid,18072,18237,19101,165,864,1029,completed,540
8251,Rigid,18072,18072,18084,0,12,12,completed,9
8252,Rigid,18072,18072,18107,0,35,35,completed,9
8253,Rigid,18072,18072,18100,0,28,28,completed,9
8254,Rigid,18072,18072,18089,0,17,17,completed,9
8255,Rigid,18072,18072,18091,0,19,19,completed,9
8256,Rigid,18072,18072,18090,0,18,18,completed,9
8257,Rigid,18072,18072,18081,0,9,9,completed,9
8258,Rigid,18072,18072,18088,0,16,16,completed,9
8259,Rigid,18072,18072,18087,0,15,15,completed,9
8260,Rigid,18072,18072,18087,0,15,15,completed,9
8261,Rigid,18072,18072,18086,0,14,14,completed,9
8262,Rigid,18072,18072,18090,0,18,18,completed,9
8263,Rigid,18072,18072,18097,0,25,25,completed,9
8264,Rigid,18072,18072,18104,0,32,32,completed,9
8265,Rigid,18072,18072,18104,0,32,32,completed,9
8266,Rigid,18072,18072,18110,0,38,38,completed,9
8267,Rigid,18072,18072,18095,0,23,23,completed,9
8268,Rigid,18072,18072,18096,0,24,24,completed,9
8269,Rigid,18072,18072,18104,0,32,32,completed,9
8270,Rigid,18072,18072,18095,0,23,23,completed,9
8271,Rigid,18072,18072,18083,0,11,11,completed,9
8272,Rigid,18072,18072,18089,0,17,17,completed,9
8273,Rigid,18072,18072,18101,0,29,29,completed,9
8274,Rigid,18072,18072,18097,0,25,25,completed,9
8275,Rigid,18072,18072,18097,0,25,25,completed,9
8276,Rigid,18072,18072,18084,0,12,12,completed,9
8277,Rigid,18072,18072,18091,0,19,19,completed,9
8278,Rigid,18072,18072,18090,0,18,18,completed,9
8279,Rigid,18072,18072,18092,0,20,20,completed,9
8280,Rigid,18072,18072,18092,0,20,20,completed,9
8281,Rigid,18072,18072,18092,0,20,20,completed,9
8282,Rigid,18072,18072,18106,0,34,34,completed,9
8283,Rigid,18072,18072,18102,0,30,30,completed,9
8284,Rigid,18072,18072,18097,0,25,25,completed,9
8285,Rigid,18072,18085,18093,13,8,21,completed,9
8286,Rigid,18072,18086,18091,14,5,19,completed,9
8287,Rigid,18072,18072,18095,0,23,23,completed,9
8288,Rigid,18072,18072,18099,0,27,27,completed,9
8289,Rigid,18072,18072,18105,0,33,33,completed,9
8290,Rigid,18072,18072,18103,0,31,31,completed,9
8291,Rigid,18072,18072,18097,0,25,25,completed,9
8292,Rigid,18072,18072,18091,0,19,19,completed,9
8293,Rigid,18072,18072,18087,0,15,15,completed,9
8294,Rigid,18072,18072,18086,0,14,14,completed,9
8295,Rigid,18072,18072,18094,0,22,22,completed,9
8296,Rigid,18072,18072,18089,0,17,17,completed,9
8297,Rigid,18072,18072,18090,0,18,18,completed,9
8298,Rigid,18072,18072,18085,0,13,13,completed,9
8299,Rigid,18072,18073,18092,1,19,20,completed,9
8300,Rigid,18072,18073,18087,1,14,15,completed,9
8301,Rigid,18072,18073,18088,1,15,16,completed,9
8302,Rigid,18072,18073,18086,1,13,14,completed,9
8303,Rigid,18072,18081,18096,9,15,24,completed,9
8304,Rigid,18072,18084,18100,12,16,28,completed,9
8305,Rigid,18072,18085,18095,13,10,23,completed,9
8306,Rigid,18072,18087,18099,15,12,27,completed,9
8307,Rigid,18072,18087,18103,15,16,31,completed,9
8308,Rigid,18072,18087,18104,15,17,32,completed,9
8309,Rigid,18072,18088,18100,16,12,28,completed,9
8310,Rigid,18072,18088,18103,16,15,31,completed,9
8311,Rigid,18072,18089,18102,17,13,30,completed,9
8312,Rigid,18072,18089,18109,17,20,37,completed,9
8313,Rigid,18072,18089,18110,17,21,38,completed,9
8314,Rigid,18072,18089,18113,17,24,41,completed,9
8315,Rigid,18072,18089,18106,17,17,34,completed,9
8316,Rigid,18072,18089,18108,17,19,36,completed,9
8317,Rigid,18072,18089,18112,17,23,40,completed,9
8318,Rigid,18072,18089,18107,17,18,35,completed,9
8319,Rigid,18072,18089,18104,17,15,32,completed,9
8320,Rigid,18072,18089,18101,17,12,29,completed,9
8321,Rigid,18072,18089,18103,17,14,31,completed,9
8322,Rigid,18072,18089,18103,17,14,31,completed,9
8323,Rigid,18072,18089,18109,17,20,37,completed,9
8324,Rigid,18072,18089,18122,17,33,50,completed,9
8325,Rigid,18072,18089,18112,17,23,40,completed,9
8326,Rigid,18072,18089,18132,17,43,60,completed,9
8327,Rigid,18072,18089,18128,17,39,56,completed,9
8328,Rigid,18072,18089,18119,17,30,47,completed,9
8329,Rigid,18072,18089,18112,17,23,40,completed,9
8330,Rigid,18072,18089,18107,17,18,35,completed,9
8331,Rigid,18072,18089,18105,17,16,33,completed,9
8332,Rigid,18072,18089,18104,17,15,32,completed,9
8333,Rigid,18072,18089,18105,17,16,33,completed,9
8334,Rigid,18072,18089,18112,17,23,40,completed,9
8335,Rigid,18072,18089,18126,17,37,54,completed,9
8336,Rigid,18072,18089,18127,17,38,55,completed,9
8337,Rigid,18072,18089,18139,17,50,67,completed,9
8338,Rigid,18072,18089,18123,17,34,51,completed,9
8339,Rigid,18072,18089,18126,17,37,54,completed,9
8340,Rigid,18072,18089,18137,17,48,65,completed,9
8341,Rigid,18072,18089,18129,17,40,57,completed,9
8342,Rigid,18072,18089,18115,17,26,43,completed,9
8343,Rigid,18072,18089,18121,17,32,49,completed,9
8344,Rigid,18072,18089,18119,17,30,47,completed,9
8345,Rigid,18072,18089,18133,17,44,61,completed,9
8346,Rigid,18072,18089,18141,17,52,69,completed,9
8347,Rigid,18072,18089,18149,17,60,77,completed,9
8348,Rigid,18072,18089,18117,17,28,45,completed,9
8349,Rigid,18072,18089,18121,17,32,49,completed,9
8350,Rigid,18072,18089,18126,17,37,54,completed,9
8351,Rigid,18072,18089,18130,17,41,58,completed,9
8352,Rigid,18072,18089,18125,17,36,53,completed,9
8353,Rigid,18072,18089,18122,17,33,50,completed,9
8354,Rigid,18072,18089,18141,17,52,69,completed,9
8355,Rigid,18072,18089,18128,17,39,56,completed,9
8356,Rigid,18072,18089,18147,17,58,75,completed,9
8357,Rigid,18072,18089,18112,17,23,40,completed,9
8358,Rigid,18072,18089,18111,17,22,39,completed,9
8359,Rigid,18072,18089,18118,17,29,46,completed,9
8360,Rigid,18072,18089,18117,17,28,45,completed,9
8361,Rigid,18072,18089,18140,17,51,68,completed,9
8362,Rigid,18072,18089,18142,17,53,70,completed,9
8363,Rigid,18072,18089,18117,17,28,45,completed,9
8364,Rigid,18072,18089,18129,17,40,57,completed,9
8365,Rigid,18072,18090,18135,18,45,63,completed,9
8366,Rigid,18072,18090,18118,18,28,46,completed,9
8367,Rigid,18072,18090,18122,18,32,50,completed,9
8368,Rigid,18072,18090,18113,18,23,41,completed,9
8369,Rigid,18072,18090,18130,18,40,58,completed,9
8370,Rigid,18072,18090,18120,18,30,48,completed,9
8371,Rigid,18072,18090,18118,18,28,46,completed,9
8372,Rigid,18072,18090,18117,18,27,45,completed,9
8373,Rigid,18072,18090,18121,18,31,49,completed,9
8374,Rigid,18072,18090,18119,18,29,47,completed,9
8375,Rigid,18072,18090,18114,18,24,42,completed,9
8376,Rigid,18072,18090,18119,18,29,47,completed,9
8377,Rigid,18072,18090,18122,18,32,50,completed,9
8378,Rigid,18072,18090,18114,18,24,42,completed,9
8379,Rigid,18072,18090,18105,18,15,33,completed,9
8380,Rigid,18072,18090,18110,18,20,38,completed,9
8381,Rigid,18072,18090,18124,18,34,52,completed,9
8382,Rigid,18072,18090,18109,18,19,37,completed,9
8383,Rigid,18072,18090,18143,18,53,71,completed,9
8384,Rigid,18072,18090,18111,18,21,39,completed,9
8385,Rigid,18072,18090,18116,18,26,44,completed,9
8386,Rigid,18072,18090,18122,18,32,50,completed,9
8387,Rigid,18072,18090,18126,18,36,54,completed,9
8388,Rigid,18072,18090,18130,18,40,58,completed,9
8389,Rigid,18072,18090,18123,18,33,51,completed,9
8390,Rigid,18072,18090,18115,18,25,43,completed,9
8391,Rigid,18072,18090,18110,18,20,38,completed,9
8392,Rigid,18072,18090,18126,18,36,54,completed,9
8393,Rigid,18072,18091,18111,19,20,39,completed,9
8394,Rigid,18072,18091,18107,19,16,35,completed,9
8395,Rigid,18072,18091,18110,19,19,38,completed,9
8396,Rigid,18072,18091,18125,19,34,53,completed,9
8397,Rigid,18072,18091,18117,19,26,45,completed,9
8398,Rigid,18072,18091,18124,19,33,52,completed,9
8399,Rigid,18072,18091,18130,19,39,58,completed,9
8400,Rigid,18072,18091,18115,19,24,43,completed,9
8401,Rigid,18072,18091,18117,19,26,45,completed,9
8402,Rigid,18072,18091,18122,19,31,50,completed,9
8403,Rigid,18072,18091,18122,19,31,50,completed,9
8404,Rigid,18072,18091,18121,19,30,49,completed,9
8405,Rigid,18072,18091,18122,19,31,50,completed,9
8406,Rigid,18072,18091,18133,19,42,61,completed,9
8407,Rigid,18072,18091,18154,19,63,82,completed,9
8408,Rigid,18072,18091,18114,19,23,42,completed,9
8409,Rigid,18072,18091,18122,19,31,50,completed,9
8410,Rigid,18072,18091,18128,19,37,56,completed,9
8411,Rigid,18072,18091,18150,19,59,78,completed,9
8412,Rigid,18072,18091,18128,19,37,56,completed,9
8413,Rigid,18072,18091,18139,19,48,67,completed,9
8414,Rigid,18072,18091,18131,19,40,59,completed,9
8415,Rigid,18072,18091,18129,19,38,57,completed,9
8416,Rigid,18072,18091,18146,19,55,74,completed,9
8417,Rigid,18072,18091,18163,19,72,91,completed,9
8418,Rigid,18072,18091,18163,19,72,91,completed,9
8419,Rigid,18072,18091,18151,19,60,79,completed,9
8420,Rigid,18072,18091,18137,19,46,65,completed,9
8421,Rigid,18072,18091,18138,19,47,66,completed,9
8422,Rigid,18072,18091,18125,19,34,53,completed,9
8423,Rigid,18072,18091,18137,19,46,65,completed,9
8424,Rigid,18072,18091,18133,19,42,61,completed,9
8425,Rigid,18072,18091,18123,19,32,51,completed,9
8426,Rigid,18072,18091,18141,19,50,69,completed,9
8427,Rigid,18072,18092,18126,20,34,54,completed,9
8428,Rigid,18072,18092,18146,20,54,74,completed,9
8429,Rigid,18072,18092,18113,20,21,41,completed,9
8430,Rigid,18072,18092,18118,20,26,46,completed,9
8431,Rigid,18072,18092,18129,20,37,57,completed,9
8432,Rigid,18072,18093,18114,21,21,42,completed,9
8433,Rigid,18072,18093,18165,21,72,93,completed,9
8434,Rigid,18072,18093,18147,21,54,75,completed,9
8435,Rigid,18072,18093,18123,21,30,51,completed,9
8436,Rigid,18072,18093,18124,21,31,52,completed,9
8437,Rigid,18072,18093,18137,21,44,65,completed,9
8438,Rigid,18072,18093,18133,21,40,61,completed,9
8439,Rigid,18072,18093,18138,21,45,66,completed,9
8440,Rigid,18072,18093,18137,21,44,65,completed,9
8441,Rigid,18072,18093,18138,21,45,66,completed,9
8442,Rigid,18072,18093,18123,21,30,51,completed,9
8443,Rigid,18072,18093,18117,21,24,45,completed,9
8444,Rigid,18072,18093,18118,21,25,46,completed,9
8445,Rigid,18072,18093,18121,21,28,49,completed,9
8446,Rigid,18072,18094,18118,22,24,46,completed,9
8447,Rigid,18072,18095,18120,23,25,48,completed,9
8448,Rigid,18072,18096,18120,24,24,48,completed,9
8449,Rigid,18072,18096,18124,24,28,52,completed,9
8450,Rigid,18072,18096,18130,24,34,58,completed,9
8451,Rigid,18072,18097,18125,25,28,53,completed,9
8452,Rigid,18072,18097,18126,25,29,54,completed,9
8453,Rigid,18072,18098,18119,26,21,47,completed,9
8454,Rigid,18072,18098,18130,26,32,58,completed,9
8455,Rigid,18072,18098,18133,26,35,61,completed,9
8456,Rigid,18072,18098,18140,26,42,68,completed,9
8457,Rigid,18072,18100,18150,28,50,78,completed,9
8458,Rigid,18072,18101,18128,29,27,56,completed,9
8459,Rigid,18072,18101,18138,29,37,66,completed,9
8460,Rigid,18072,18101,18151,29,50,79,completed,9
8461,Rigid,18072,18101,18134,29,33,62,completed,9
8462,Rigid,18072,18102,18137,30,35,65,completed,9
8463,Rigid,18072,18103,18140,31,37,68,completed,9
8464,Rigid,18072,18103,18131,31,28,59,completed,9
8465,Rigid,18072,18103,18127,31,24,55,completed,9
8466,Rigid,18072,18103,18126,31,23,54,completed,9
8467,Rigid,18072,18103,18115,31,12,43,completed,9
8468,Rigid,18072,18103,18128,31,25,56,completed,9
8469,Rigid,18072,18103,18125,31,22,53,completed,9
8470,Rigid,18072,18103,18120,31,17,48,completed,9
8471,Rigid,18072,18103,18138,31,35,66,completed,9
8472,Rigid,18072,18103,18131,31,28,59,completed,9
8473,Rigid,18072,18104,18131,32,27,59,completed,9
8474,Rigid,18072,18104,18132,32,28,60,completed,9
8475,Rigid,18072,18104,18132,32,28,60,completed,9
8476,Rigid,18072,18104,18134,32,30,62,completed,9
8477,Rigid,18072,18104,18134,32,30,62,completed,9
8478,Rigid,18072,18104,18131,32,27,59,completed,9
8479,Rigid,18072,18105,18160,33,55,88,completed,9
8480,Rigid,18072,18105,18135,33,30,63,completed,9
8481,Rigid,18072,18105,18131,33,26,59,completed,9
8482,Rigid,18072,18105,18142,33,37,70,completed,9
8483,Rigid,18072,18106,18165,34,59,93,completed,9
8484,Rigid,18072,18106,18145,34,39,73,completed,9
8485,Rigid,18072,18106,18135,34,29,63,completed,9
8486,Rigid,18072,18106,18143,34,37,71,completed,9
8487,Rigid,18072,18107,18142,35,35,70,completed,9
8488,Rigid,18072,18107,18155,35,48,83,completed,9
8489,Rigid,18072,18107,18179,35,72,107,completed,9
8490,Rigid,18072,18108,18163,36,55,91,completed,9
8491,Rigid,18072,18108,18154,36,46,82,completed,9
8492,Rigid,18072,18109,18144,37,35,72,completed,9
8493,Rigid,18072,18109,18150,37,41,78,completed,9
8494,Rigid,18072,18110,18150,38,40,78,completed,9
8495,Rigid,18072,18110,18151,38,41,79,completed,9
8496,Rigid,18072,18110,18150,38,40,78,completed,9
8497,Rigid,18072,18111,18149,39,38,77,completed,9
8498,Rigid,18072,18111,18156,39,45,84,completed,9
8499,Rigid,18072,18111,18144,39,33,72,completed,9
8500,Rigid,18072,18111,18171,39,60,99,completed,9
8501,Rigid,18072,18112,18140,40,28,68,completed,9
8502,Rigid,18072,18112,18138,40,26,66,completed,9
8503,Rigid,18072,18112,18134,40,22,62,completed,9
8504,Rigid,18072,18112,18133,40,21,61,completed,9
8505,Rigid,18072,18113,18155,41,42,83,completed,9
8506,Rigid,18072,18113,18150,41,37,78,completed,9
8507,Rigid,18072,18114,18152,42,38,80,completed,9
8508,Rigid,18072,18114,18155,42,41,83,completed,9
8509,Rigid,18072,18114,18162,42,48,90,completed,9
8510,Rigid,18072,18114,18144,42,30,72,completed,9
8511,Rigid,18072,18115,18161,43,46,89,completed,9
8512,Rigid,18072,18115,18156,43,41,84,completed,9
8513,Rigid,18072,18116,18134,44,18,62,completed,9
8514,Rigid,18072,18116,18159,44,43,87,completed,9
8515,Rigid,18072,18116,18151,44,35,79,completed,9
8516,Rigid,18072,18117,18150,45,33,78,completed,9
8517,Rigid,18072,18117,18149,45,32,77,completed,9
8518,Rigid,18072,18118,18128,46,10,56,completed,9
8519,Rigid,18072,18118,18134,46,16,62,completed,9
8520,Rigid,18072,18118,18133,46,15,61,completed,9
8521,Rigid,18072,18119,18149,47,30,77,completed,9
8522,Rigid,18072,18119,18161,47,42,89,completed,9
8523,Rigid,18072,18119,18141,47,22,69,completed,9
8524,Rigid,18072,18119,18140,47,21,68,completed,9
8525,Rigid,18072,18119,18147,47,28,75,completed,9
8526,Rigid,18072,18119,18165,47,46,93,completed,9
8527,Rigid,18072,18120,18141,48,21,69,completed,9
8528,Rigid,18072,18120,18163,48,43,91,completed,9
8529,Rigid,18072,18120,18166,48,46,94,completed,9
8530,Rigid,18072,18120,18136,48,16,64,completed,9
8531,Rigid,18072,18120,18160,48,40,88,completed,9
8532,Rigid,18072,18120,18163,48,43,91,completed,9
8533,Rigid,18072,18121,18166,49,45,94,completed,9
8534,Rigid,18072,18121,18140,49,19,68,completed,9
8535,Rigid,18072,18121,18139,49,18,67,completed,9
8536,Rigid,18072,18122,18146,50,24,74,completed,9
8537,Rigid,18072,18123,18155,51,32,83,completed,9
8538,Rigid,18072,18123,18145,51,22,73,completed,9
8539,Rigid,18075,18075,18076,0,1,1,completed,36
8540,Rigid,18085,18086,18087,1,1,2,completed,36
8541,Rigid,18088,18187,19087,99,900,999,completed,36
8542,Rigid,18089,18091,18093,2,2,4,completed,36
8543,Rigid,18100,18194,19642,94,1448,1542,completed,36
8544,Rigid,18102,18195,19276,93,1081,1174,completed,36
8545,Rigid,18102,18103,19063,1,960,961,completed,72
8546,Rigid,18104,18201,19353,97,1152,1249,completed,36
8547,Rigid,18108,18123,18137,15,14,29,completed,9
8548,Rigid,18108,18123,18147,15,24,39,completed,9
8549,Rigid,18108,18123,18146,15,23,38,completed,9
8550,Rigid,18108,18123,18152,15,29,44,completed,9
8551,Rigid,18108,18123,18162,15,39,54,completed,9
8552,Rigid,18108,18124,18153,16,29,45,completed,9
8553,Rigid,18108,18124,18158,16,34,50,completed,9
8554,Rigid,18108,18124,18154,16,30,46,completed,9
8555,Rigid,18108,18124,18151,16,27,43,completed,9
8556,Rigid,18108,18125,18151,17,26,43,completed,9
8557,Rigid,18108,18125,18149,17,24,41,completed,9
8558,Rigid,18108,18125,18158,17,33,50,completed,9
8559,Rigid,18108,18125,18185,17,60,77,completed,9
8560,Rigid,18108,18125,18148,17,23,40,completed,9
8561,Rigid,18108,18126,18151,18,25,43,completed,9
8562,Rigid,18108,18126,18167,18,41,59,completed,9
8563,Rigid,18108,18126,18174,18,48,66,completed,9
8564,Rigid,18108,18127,18166,19,39,58,completed,9
8565,Rigid,18108,18127,18161,19,34,53,completed,9
8566,Rigid,18108,18127,18163,19,36,55,completed,9
8567,Rigid,18108,18127,18162,19,35,54,completed,9
8568,Rigid,18108,18127,18167,19,40,59,completed,9
8569,Rigid,18108,18128,18189,20,61,81,completed,9
8570,Rigid,18108,18128,18185,20,57,77,completed,9
8571,Rigid,18108,18128,18174,20,46,66,completed,9
8572,Rigid,18108,18128,18161,20,33,53,completed,9
8573,Rigid,18108,18129,18166,21,37,58,completed,9
8574,Rigid,18108,18129,18169,21,40,61,completed,9
8575,Rigid,18108,18130,18170,22,40,62,completed,9
8576,Rigid,18108,18130,18171,22,41,63,completed,9
8577,Rigid,18108,18130,18179,22,49,71,completed,9
8578,Rigid,18108,18131,18175,23,44,67,completed,9
8579,Rigid,18108,18131,18165,23,34,57,completed,9
8580,Rigid,18108,18131,18186,23,55,78,completed,9
8581,Rigid,18108,18132,18163,24,31,55,completed,9
8582,Rigid,18108,18132,18154,24,22,46,completed,9
8583,Rigid,18108,18132,18155,24,23,47,completed,9
8584,Rigid,18108,18132,18151,24,19,43,completed,9
8585,Rigid,18108,18132,18182,24,50,74,completed,9
8586,Rigid,18108,18132,18170,24,38,62,completed,9
8587,Rigid,18108,18132,18171,24,39,63,completed,9
8588,Rigid,18108,18132,18170,24,38,62,completed,9
8589,Rigid,18108,18133,18180,25,47,72,completed,9
8590,Rigid,18108,18133,18161,25,28,53,completed,9
8591,Rigid,18108,18134,18178,26,44,70,completed,9
8592,Rigid,18108,18134,18178,26,44,70,completed,9
8593,Rigid,18108,18134,18153,26,19,45,completed,9
8594,Rigid,18108,18134,18186,26,52,78,completed,9
8595,Rigid,18108,18134,18186,26,52,78,completed,9
8596,Rigid,18108,18135,18175,27,40,67,completed,9
8597,Rigid,18108,18135,18171,27,36,63,completed,9
8598,Rigid,18108,18135,18153,27,18,45,completed,9
8599,Rigid,18108,18135,18155,27,20,47,completed,9
8600,Rigid,18108,18135,18151,27,16,43,completed,9
8601,Rigid,18108,18135,18164,27,29,56,completed,9
8602,Rigid,18108,18136,18188,28,52,80,completed,9
8603,Rigid,18108,18136,18158,28,22,50,completed,9
8604,Rigid,18108,18136,18166,28,30,58,completed,9
8605,Rigid,18108,18138,18172,30,34,64,completed,9
8606,Rigid,18108,18138,18173,30,35,65,completed,9
8607,Rigid,18108,18138,18162,30,24,54,completed,9
8608,Rigid,18108,18138,18179,30,41,71,completed,9
8609,Rigid,18108,18138,18181,30,43,73,completed,9
8610,Rigid,18108,18138,18154,30,16,46,completed,9
8611,Rigid,18108,18138,18177,30,39,69,completed,9
8612,Rigid,18108,18139,18181,31,42,73,completed,9
8613,Rigid,18108,18139,18175,31,36,67,completed,9
8614,Rigid,18108,18139,18161,31,22,53,completed,9
8615,Rigid,18108,18140,18157,32,17,49,completed,9
8616,Rigid,18108,18141,18176,33,35,68,completed,9
8617,Rigid,18108,18141,18175,33,34,67,completed,9
8618,Rigid,18108,18141,18163,33,22,55,completed,9
8619,Rigid,18108,18141,18154,33,13,46,completed,9
8620,Rigid,18108,18141,18162,33,21,54,completed,9
8621,Rigid,18108,18141,18169,33,28,61,completed,9
8622,Rigid,18108,18142,18165,34,23,57,completed,9
8623,Rigid,18108,18142,18176,34,34,68,completed,9
8624,Rigid,18108,18143,18166,35,23,58,completed,9
8625,Rigid,18108,18143,18173,35,30,65,completed,9
8626,Rigid,18108,18144,18172,36,28,64,completed,9
8627,Rigid,18108,18144,18175,36,31,67,completed,9
8628,Rigid,18108,18144,18177,36,33,69,completed,9
8629,Rigid,18108,18144,18173,36,29,65,completed,9
8630,Rigid,18108,18145,18171,37,26,63,completed,9
8631,Rigid,18108,18145,18191,37,46,83,completed,9
8632,Rigid,18108,18145,18174,37,29,66,completed,9
8633,Rigid,18108,18145,18179,37,34,71,completed,9
8634,Rigid,18108,18146,18188,38,42,80,completed,9
8635,Rigid,18108,18147,18194,39,47,86,completed,9
8636,Rigid,18108,18147,18191,39,44,83,completed,9
8637,Rigid,18108,18147,18182,39,35,74,completed,9
8638,Rigid,18108,18147,18168,39,21,60,completed,9
8639,Rigid,18108,18148,18167,40,19,59,completed,9
8640,Rigid,18108,18149,18169,41,20,61,completed,9
8641,Rigid,18108,18149,18186,41,37,78,completed,9
8642,Rigid,18108,18150,18193,42,43,85,completed,9
8643,Rigid,18108,18150,18200,42,50,92,completed,9
8644,Rigid,18108,18150,18173,42,23,65,completed,9
8645,Rigid,18108,18150,18181,42,31,73,completed,9
8646,Rigid,18108,18150,18182,42,32,74,completed,9
8647,Rigid,18108,18150,18183,42,33,75,completed,9
8648,Rigid,18108,18151,18185,43,34,77,completed,9
8649,Rigid,18108,18151,18182,43,31,74,completed,9
8650,Rigid,18108,18151,18183,43,32,75,completed,9
8651,Rigid,18108,18151,18186,43,35,78,completed,9
8652,Rigid,18108,18151,18187,43,36,79,completed,9
8653,Rigid,18108,18151,18178,43,27,70,completed,9
8654,Rigid,18108,18152,18174,44,22,66,completed,9
8655,Rigid,18108,18152,18172,44,20,64,completed,9
8656,Rigid,18108,18152,18171,44,19,63,completed,9
8657,Rigid,18108,18152,18200,44,48,92,completed,9
8658,Rigid,18108,18152,18190,44,38,82,completed,9
8659,Rigid,18108,18153,18183,45,30,75,completed,9
8660,Rigid,18108,18153,18180,45,27,72,completed,9
8661,Rigid,18108,18153,18199,45,46,91,completed,9
8662,Rigid,18108,18154,18180,46,26,72,completed,9
8663,Rigid,18108,18154,18192,46,38,84,completed,9
8664,Rigid,18108,18154,18198,46,44,90,completed,9
8665,Rigid,18108,18154,18176,46,22,68,completed,9
8666,Rigid,18108,18154,18199,46,45,91,completed,9
8667,Rigid,18108,18154,18197,46,43,89,completed,9
8668,Rigid,18108,18154,18190,46,36,82,completed,9
8669,Rigid,18108,18154,18188,46,34,80,completed,9
8670,Rigid,18108,18154,18173,46,19,65,completed,9
8671,Rigid,18108,18154,18172,46,18,64,completed,9
8672,Rigid,18108,18154,18173,46,19,65,completed,9
8673,Rigid,18108,18154,18178,46,24,70,completed,9
8674,Rigid,18108,18154,18179,46,25,71,completed,9
8675,Rigid,18108,18154,18172,46,18,64,completed,9
8676,Rigid,18108,18154,18162,46,8,54,completed,9
8677,Rigid,18108,18154,18163,46,9,55,completed,9
8678,Rigid,18108,18154,18181,46,27,73,completed,9
8679,Rigid,18108,18154,18181,46,27,73,completed,9
8680,Rigid,18108,18154,18182,46,28,74,completed,9
8681,Rigid,18108,18154,18171,46,17,63,completed,9
8682,Rigid,18108,18154,18186,46,32,78,completed,9
8683,Rigid,18108,18154,18190,46,36,82,completed,9
8684,Rigid,18108,18154,18172,46,18,64,completed,9
8685,Rigid,18108,18154,18192,46,38,84,completed,9
8686,Rigid,18108,18154,18191,46,37,83,completed,9
8687,Rigid,18108,18154,18190,46,36,82,completed,9
8688,Rigid,18108,18154,18171,46,17,63,completed,9
8689,Rigid,18108,18154,18169,46,15,61,completed,9
8690,Rigid,18108,18154,18171,46,17,63,completed,9
8691,Rigid,18108,18154,18173,46,19,65,completed,9
8692,Rigid,18108,18154,18170,46,16,62,completed,9
8693,Rigid,18108,18154,18168,46,14,60,completed,9
8694,Rigid,18108,18154,18169,46,15,61,completed,9
8695,Rigid,18108,18154,18171,46,17,63,completed,9
8696,Rigid,18108,18154,18172,46,18,64,completed,9
8697,Rigid,18108,18154,18167,46,13,59,completed,9
8698,Rigid,18108,18154,18167,46,13,59,completed,9
8699,Rigid,18108,18154,18165,46,11,57,completed,9
8700,Rigid,18108,18154,18165,46,11,57,completed,9
8701,Rigid,18108,18154,18166,46,12,58,completed,9
8702,Rigid,18108,18154,18170,46,16,62,completed,9
8703,Rigid,18108,18154,18179,46,25,71,completed,9
8704,Rigid,18108,18154,18179,46,25,71,completed,9
8705,Rigid,18108,18154,18176,46,22,68,completed,9
8706,Rigid,18108,18155,18173,47,18,65,completed,9
8707,Rigid,18108,18155,18174,47,19,66,completed,9
8708,Rigid,18108,18155,18173,47,18,65,completed,9
8709,Rigid,18108,18155,18171,47,16,63,completed,9
8710,Rigid,18108,18155,18168,47,13,60,completed,9
8711,Rigid,18108,18155,18167,47,12,59,completed,9
8712,Rigid,18108,18155,18167,47,12,59,completed,9
8713,Rigid,18108,18155,18173,47,18,65,completed,9
8714,Rigid,18108,18155,18172,47,17,64,completed,9
8715,Rigid,18108,18155,18173,47,18,65,completed,9
8716,Rigid,18108,18156,18178,48,22,70,completed,9
8717,Rigid,18108,18157,18181,49,24,73,completed,9
8718,Rigid,18108,18157,18176,49,19,68,completed,9
8719,Rigid,18108,18158,18175,50,17,67,completed,9
8720,Rigid,18108,18159,18179,51,20,71,completed,9
8721,Rigid,18108,18159,18177,51,18,69,completed,9
8722,Rigid,18108,18159,18184,51,25,76,completed,9
8723,Rigid,18108,18160,18178,52,18,70,completed,9
8724,Rigid,18108,18161,18180,53,19,72,completed,9
8725,Rigid,18108,18161,18177,53,16,69,completed,9
8726,Rigid,18108,18162,18173,54,11,65,completed,9
8727,Rigid,18108,18162,18175,54,13,67,completed,9
8728,Rigid,18108,18162,18178,54,16,70,completed,9
8729,Rigid,18108,18163,18185,55,22,77,completed,9
8730,Rigid,18108,18163,18181,55,18,73,completed,9
8731,Rigid,18108,18163,18179,55,16,71,completed,9
8732,Rigid,18108,18163,18179,55,16,71,completed,9
8733,Rigid,18108,18163,18187,55,24,79,completed,9
8734,Rigid,18108,18163,18182,55,19,74,completed,9
8735,Rigid,18108,18163,18183,55,20,75,completed,9
8736,Rigid,18108,18163,18178,55,15,70,completed,9
8737,Rigid,18108,18163,18174,55,11,66,completed,9
8738,Rigid,18108,18163,18187,55,24,79,completed,9
8739,Rigid,18108,18164,18184,56,20,76,completed,9
8740,Rigid,18108,18164,18182,56,18,74,completed,9
8741,Rigid,18108,18164,18180,56,16,72,completed,9
8742,Rigid,18108,18165,18187,57,22,79,completed,9
8743,Rigid,18108,18165,18179,57,14,71,completed,9
8744,Rigid,18108,18165,18180,57,15,72,completed,9
8745,Rigid,18108,18165,18182,57,17,74,completed,9
8746,Rigid,18108,18167,18184,59,17,76,completed,9
8747,Rigid,18108,18167,18180,59,13,72,completed,9
8748,Rigid,18108,18167,18188,59,21,80,completed,9
8749,Rigid,18108,18167,18180,59,13,72,completed,9
8750,Rigid,18108,18167,18184,59,17,76,completed,9
8751,Rigid,18108,18167,18180,59,13,72,completed,9
8752,Rigid,18108,18167,18187,59,20,79,completed,9
8753,Rigid,18108,18167,18189,59,22,81,completed,9
8754,Rigid,18108,18168,18181,60,13,73,completed,9
8755,Rigid,18108,18168,18186,60,18,78,completed,9
8756,Rigid,18108,18168,18188,60,20,80,completed,9
8757,Rigid,18108,18168,18186,60,18,78,completed,9
8758,Rigid,18108,18168,18181,60,13,73,completed,9
8759,Rigid,18108,18168,18181,60,13,73,completed,9
8760,Rigid,18108,18168,18184,60,16,76,completed,9
8761,Rigid,18108,18168,18179,60,11,71,completed,9
8762,Rigid,18108,18168,18178,60,10,70,completed,9
8763,Rigid,18108,18191,18192,83,1,84,completed,144
8764,Rigid,18109,18836,18858,727,22,749,completed,288
8765,Rigid,18110,18192,18226,82,34,116,completed,144
8766,Rigid,18110,18197,18214,87,17,104,completed,288
8767,Rigid,18111,18215,18229,104,14,118,completed,144
8768,Rigid,18113,18113,18115,0,2,2,completed,36
8769,Rigid,18118,18118,18120,0,2,2,completed,36
8770,Rigid,18119,18836,18857,717,21,738,completed,288
8771,Rigid,18124,18859,18864,735,5,740,completed,288
8772,Rigid,18124,18317,19450,193,1133,1326,completed,36
8773,Rigid,18124,18451,19322,327,871,1198,completed,36
8774,Rigid,18124,18486,19665,362,1179,1541,completed,36
8775,Rigid,18125,18185,18196,60,11,71,completed,144
8776,Rigid,18129,18129,18131,0,2,2,completed,36
8777,Rigid,18132,18132,18134,0,2,2,completed,36
8778,Rigid,18135,18161,18197,26,36,62,completed,12
8779,Rigid,18153,18153,18184,0,31,31,completed,144
8780,Rigid,18158,18433,19382,275,949,1224,completed,252
8781,Rigid,18158,18455,19792,297,1337,1634,completed,252
8782,Rigid,18158,18475,20255,317,1780,2097,completed,252
8783,Rigid,18158,18488,19861,330,1373,1703,completed,252
8784,Rigid,18158,18534,20094,376,1560,1936,completed,252
8785,Rigid,18165,18299,18322,134,23,157,completed,144
8786,Rigid,18168,18173,18185,5,12,17,completed,36
8787,Rigid,18169,18179,18191,10,12,22,completed,36
8788,Rigid,18169,18179,18191,10,12,22,completed,36
8789,Rigid,18169,18179,18191,10,12,22,completed,36
8790,Rigid,18169,18182,18194,13,12,25,completed,36
8791,Rigid,18177,18182,18194,5,12,17,completed,36
8792,Rigid,18178,18183,18185,5,2,7,completed,36
8793,Rigid,18179,18185,18548,6,363,369,completed,36
8794,Rigid,18181,18187,18550,6,363,369,completed,36
8795,Rigid,18187,18187,18552,0,365,365,completed,36
8796,Rigid,18187,18188,18551,1,363,364,completed,36
8797,Rigid,18187,18188,18549,1,361,362,completed,36
8798,Rigid,18187,18188,18549,1,361,362,completed,36
8799,Rigid,18188,18188,18550,0,362,362,completed,36
8800,Rigid,18188,18189,18553,1,364,365,completed,36
8801,Rigid,18188,18189,18552,1,363,364,completed,36
8802,Rigid,18188,18189,18549,1,360,361,completed,36
8803,Rigid,18188,18191,18556,3,365,368,completed,36
8804,Rigid,18188,18191,18555,3,364,367,completed,36
8805,Rigid,18188,18192,18556,4,364,368,completed,36
8806,Rigid,18193,18193,18195,0,2,2,completed,36
8807,Rigid,18195,18195,18213,0,18,18,completed,72
8808,Rigid,18203,18203,18212,0,9,9,completed,9
8809,Rigid,18203,18203,18210,0,7,7,completed,9
8810,Rigid,18203,18203,18217,0,14,14,completed,9
8811,Rigid,18203,18203,18214,0,11,11,completed,9
8812,Rigid,18203,18203,18217,0,14,14,completed,9
8813,Rigid,18203,18203,18220,0,17,17,completed,9
8814,Rigid,18203,18203,18217,0,14,14,completed,9
8815,Rigid,18203,18203,18216,0,13,13,completed,9
8816,Rigid,18203,18203,18214,0,11,11,completed,9
8817,Rigid,18203,18203,18215,0,12,12,completed,9
8818,Rigid,18203,18203,18214,0,11,11,completed,9
8819,Rigid,18203,18203,18219,0,16,16,completed,9
8820,Rigid,18203,18203,18220,0,17,17,completed,9
8821,Rigid,18203,18203,18221,0,18,18,completed,9
8822,Rigid,18203,18203,18218,0,15,15,completed,9
8823,Rigid,18203,18203,18220,0,17,17,completed,9
8824,Rigid,18203,18203,18219,0,16,16,completed,9
8825,Rigid,18203,18203,18216,0,13,13,completed,9
8826,Rigid,18203,18203,18214,0,11,11,completed,9
8827,Rigid,18203,18203,18215,0,12,12,completed,9
8828,Rigid,18203,18203,18216,0,13,13,completed,9
8829,Rigid,18203,18203,18215,0,12,12,completed,9
8830,Rigid,18203,18203,18219,0,16,16,completed,9
8831,Rigid,18203,18203,18218,0,15,15,completed,9
8832,Rigid,18203,18203,18218,0,15,15,completed,9
8833,Rigid,18203,18203,18220,0,17,17,completed,9
8834,Rigid,18203,18203,18219,0,16,16,completed,9
8835,Rigid,18203,18203,18217,0,14,14,completed,9
8836,Rigid,18203,18203,18218,0,15,15,completed,9
8837,Rigid,18203,18215,18223,12,8,20,completed,9
8838,Rigid,18203,18216,18225,13,9,22,completed,9
8839,Rigid,18203,18203,18219,0,16,16,completed,9
8840,Rigid,18203,18203,18219,0,16,16,completed,9
8841,Rigid,18203,18203,18218,0,15,15,completed,9
8842,Rigid,18203,18203,18218,0,15,15,completed,9
8843,Rigid,18203,18203,18217,0,14,14,completed,9
8844,Rigid,18203,18203,18213,0,10,10,completed,9
8845,Rigid,18203,18203,18213,0,10,10,completed,9
8846,Rigid,18203,18203,18215,0,12,12,completed,9
8847,Rigid,18203,18203,18214,0,11,11,completed,9
8848,Rigid,18203,18203,18217,0,14,14,completed,9
8849,Rigid,18203,18203,18219,0,16,16,completed,9
8850,Rigid,18203,18203,18216,0,13,13,completed,9
8851,Rigid,18203,18203,18218,0,15,15,completed,9
8852,Rigid,18203,18203,18220,0,17,17,completed,9
8853,Rigid,18203,18207,18224,4,17,21,completed,9
8854,Rigid,18203,18207,18224,4,17,21,completed,9
8855,Rigid,18203,18207,18221,4,14,18,completed,9
8856,Rigid,18203,18207,18220,4,13,17,completed,9
8857,Rigid,18203,18209,18228,6,19,25,completed,9
8858,Rigid,18203,18209,18226,6,17,23,completed,9
8859,Rigid,18203,18209,18223,6,14,20,completed,9
8860,Rigid,18203,18209,18223,6,14,20,completed,9
8861,Rigid,18203,18210,18223,7,13,20,completed,9
8862,Rigid,18203,18210,18223,7,13,20,completed,9
8863,Rigid,18203,18210,18225,7,15,22,completed,9
8864,Rigid,18203,18210,18225,7,15,22,completed,9
8865,Rigid,18203,18210,18226,7,16,23,completed,9
8866,Rigid,18203,18213,18224,10,11,21,completed,9
8867,Rigid,18203,18214,18227,11,13,24,completed,9
8868,Rigid,18203,18214,18227,11,13,24,completed,9
8869,Rigid,18203,18215,18233,12,18,30,completed,9
8870,Rigid,18203,18215,18233,12,18,30,completed,9
8871,Rigid,18203,18215,18235,12,20,32,completed,9
8872,Rigid,18203,18215,18227,12,12,24,completed,9
8873,Rigid,18203,18215,18231,12,16,28,completed,9
8874,Rigid,18203,18216,18229,13,13,26,completed,9
8875,Rigid,18203,18216,18229,13,13,26,completed,9
8876,Rigid,18203,18216,18227,13,11,24,completed,9
8877,Rigid,18203,18216,18228,13,12,25,completed,9
8878,Rigid,18203,18216,18227,13,11,24,completed,9
8879,Rigid,18203,18217,18224,14,7,21,completed,9
8880,Rigid,18203,18217,18224,14,7,21,completed,9
8881,Rigid,18203,18218,18227,15,9,24,completed,9
8882,Rigid,18203,18218,18226,15,8,23,completed,9
8883,Rigid,18203,18218,18224,15,6,21,completed,9
8884,Rigid,18203,18218,18226,15,8,23,completed,9
8885,Rigid,18203,18219,18227,16,8,24,completed,9
8886,Rigid,18203,18219,18228,16,9,25,completed,9
8887,Rigid,18203,18219,18228,16,9,25,completed,9
8888,Rigid,18203,18220,18228,17,8,25,completed,9
8889,Rigid,18203,18220,18229,17,9,26,completed,9
8890,Rigid,18203,18223,18230,20,7,27,completed,9
8891,Rigid,18203,18223,18230,20,7,27,completed,9
8892,Rigid,18203,18223,18230,20,7,27,completed,9
8893,Rigid,18203,18225,18232,22,7,29,completed,9
8894,Rigid,18203,18225,18232,22,7,29,completed,9
8895,Rigid,18203,18225,18232,22,7,29,completed,9
8896,Rigid,18203,18226,18235,23,9,32,completed,9
8897,Rigid,18203,18226,18233,23,7,30,completed,9
8898,Rigid,18203,18227,18236,24,9,33,completed,9
8899,Rigid,18203,18227,18236,24,9,33,completed,9
8900,Rigid,18203,18228,18233,25,5,30,completed,9
8901,Rigid,18203,18228,18235,25,7,32,completed,9
8902,Rigid,18203,18228,18234,25,6,31,completed,9
8903,Rigid,18203,18217,18227,14,10,24,completed,9
8904,Rigid,18203,18217,18227,14,10,24,completed,9
8905,Rigid,18203,18217,18228,14,11,25,completed,9
8906,Rigid,18203,18218,18228,15,10,25,completed,9
8907,Rigid,18203,18218,18228,15,10,25,completed,9
8908,Rigid,18203,18219,18230,16,11,27,completed,9
8909,Rigid,18203,18219,18233,16,14,30,completed,9
8910,Rigid,18203,18219,18232,16,13,29,completed,9
8911,Rigid,18203,18219,18231,16,12,28,completed,9
8912,Rigid,18203,18220,18231,17,11,28,completed,9
8913,Rigid,18203,18220,18232,17,12,29,completed,9
8914,Rigid,18203,18220,18230,17,10,27,completed,9
8915,Rigid,18203,18220,18231,17,11,28,completed,9
8916,Rigid,18203,18220,18231,17,11,28,completed,9
8917,Rigid,18203,18220,18230,17,10,27,completed,9
8918,Rigid,18203,18220,18233,17,13,30,completed,9
8919,Rigid,18203,18221,18231,18,10,28,completed,9
8920,Rigid,18203,18221,18231,18,10,28,completed,9
8921,Rigid,18203,18221,18231,18,10,28,completed,9
8922,Rigid,18203,18221,18233,18,12,30,completed,9
8923,Rigid,18203,18222,18232,19,10,29,completed,9
8924,Rigid,18203,18222,18234,19,12,31,completed,9
8925,Rigid,18203,18223,18235,20,12,32,completed,9
8926,Rigid,18203,18223,18234,20,11,31,completed,9
8927,Rigid,18203,18226,18237,23,11,34,completed,9
8928,Rigid,18203,18226,18237,23,11,34,completed,9
8929,Rigid,18203,18226,18240,23,14,37,completed,9
8930,Rigid,18203,18226,18236,23,10,33,completed,9
8931,Rigid,18203,18226,18237,23,11,34,completed,9
8932,Rigid,18203,18226,18238,23,12,35,completed,9
8933,Rigid,18203,18226,18237,23,11,34,completed,9
8934,Rigid,18203,18228,18240,25,12,37,completed,9
8935,Rigid,18203,18228,18239,25,11,36,completed,9
8936,Rigid,18203,18228,18239,25,11,36,completed,9
8937,Rigid,18203,18228,18237,25,9,34,completed,9
8938,Rigid,18203,18228,18235,25,7,32,completed,9
8939,Rigid,18203,18229,18234,26,5,31,completed,9
8940,Rigid,18203,18230,18239,27,9,36,completed,9
8941,Rigid,18203,18230,18238,27,8,35,completed,9
8942,Rigid,18203,18230,18239,27,9,36,completed,9
8943,Rigid,18203,18231,18240,28,9,37,completed,9
8944,Rigid,18203,18231,18240,28,9,37,completed,9
8945,Rigid,18203,18231,18237,28,6,34,completed,9
8946,Rigid,18203,18231,18238,28,7,35,completed,9
8947,Rigid,18203,18231,18238,28,7,35,completed,9
8948,Rigid,18203,18232,18239,29,7,36,completed,9
8949,Rigid,18203,18232,18241,29,9,38,completed,9
8950,Rigid,18203,18232,18241,29,9,38,completed,9
8951,Rigid,18203,18232,18241,29,9,38,completed,9
8952,Rigid,18203,18233,18239,30,6,36,completed,9
8953,Rigid,18203,18233,18240,30,7,37,completed,9
8954,Rigid,18203,18233,18239,30,6,36,completed,9
8955,Rigid,18203,18234,18241,31,7,38,completed,9
8956,Rigid,18203,18234,18243,31,9,40,completed,9
8957,Rigid,18203,18234,18243,31,9,40,completed,9
8958,Rigid,18203,18234,18242,31,8,39,completed,9
8959,Rigid,18203,18236,18244,33,8,41,completed,9
8960,Rigid,18203,18236,18245,33,9,42,completed,9
8961,Rigid,18203,18236,18244,33,8,41,completed,9
8962,Rigid,18203,18238,18247,35,9,44,completed,9
8963,Rigid,18203,18238,18247,35,9,44,completed,9
8964,Rigid,18203,18239,18244,36,5,41,completed,9
8965,Rigid,18203,18239,18246,36,7,43,completed,9
8966,Rigid,18203,18239,18244,36,5,41,completed,9
8967,Rigid,18203,18239,18246,36,7,43,completed,9
8968,Rigid,18203,18239,18244,36,5,41,completed,9
8969,Rigid,18203,18239,18245,36,6,42,completed,9
8970,Rigid,18203,18239,18248,36,9,45,completed,9
8971,Rigid,18203,18240,18248,37,8,45,completed,9
8972,Rigid,18203,18240,18249,37,9,46,completed,9
8973,Rigid,18203,18228,18239,25,11,36,completed,9
8974,Rigid,18203,18228,18239,25,11,36,completed,9
8975,Rigid,18203,18228,18241,25,13,38,completed,9
8976,Rigid,18203,18229,18241,26,12,38,completed,9
8977,Rigid,18203,18229,18243,26,14,40,completed,9
8978,Rigid,18203,18229,18239,26,10,36,completed,9
8979,Rigid,18203,18231,18241,28,10,38,completed,9
8980,Rigid,18203,18232,18242,29,10,39,completed,9
8981,Rigid,18203,18233,18244,30,11,41,completed,9
8982,Rigid,18203,18233,18244,30,11,41,completed,9
8983,Rigid,18203,18233,18244,30,11,41,completed,9
8984,Rigid,18203,18233,18245,30,12,42,completed,9
8985,Rigid,18203,18234,18244,31,10,41,completed,9
8986,Rigid,18203,18233,18243,30,10,40,completed,9
8987,Rigid,18203,18234,18244,31,10,41,completed,9
8988,Rigid,18203,18235,18245,32,10,42,completed,9
8989,Rigid,18203,18235,18246,32,11,43,completed,9
8990,Rigid,18203,18236,18247,33,11,44,completed,9
8991,Rigid,18203,18238,18248,35,10,45,completed,9
8992,Rigid,18203,18238,18249,35,11,46,completed,9
8993,Rigid,18203,18238,18248,35,10,45,completed,9
8994,Rigid,18203,18238,18248,35,10,45,completed,9
8995,Rigid,18203,18240,18250,37,10,47,completed,9
8996,Rigid,18203,18240,18252,37,12,49,completed,9
8997,Rigid,18203,18240,18250,37,10,47,completed,9
8998,Rigid,18203,18240,18250,37,10,47,completed,9
8999,Rigid,18203,18241,18253,38,12,50,completed,9
9000,Rigid,18203,18241,18251,38,10,48,completed,9
9001,Rigid,18203,18241,18250,38,9,47,completed,9
9002,Rigid,18203,18241,18247,38,6,44,completed,9
9003,Rigid,18203,18242,18251,39,9,48,completed,9
9004,Rigid,18203,18242,18251,39,9,48,completed,9
9005,Rigid,18203,18242,18250,39,8,47,completed,9
9006,Rigid,18203,18243,18252,40,9,49,completed,9
9007,Rigid,18203,18244,18248,41,4,45,completed,9
9008,Rigid,18203,18244,18249,41,5,46,completed,9
9009,Rigid,18203,18245,18254,42,9,51,completed,9
9010,Rigid,18203,18245,18251,42,6,48,completed,9
9011,Rigid,18203,18245,18251,42,6,48,completed,9
9012,Rigid,18203,18245,18253,42,8,50,completed,9
9013,Rigid,18203,18245,18254,42,9,51,completed,9
9014,Rigid,18203,18246,18255,43,9,52,completed,9
9015,Rigid,18203,18241,18251,38,10,48,completed,9
9016,Rigid,18203,18242,18252,39,10,49,completed,9
9017,Rigid,18203,18242,18253,39,11,50,completed,9
9018,Rigid,18203,18242,18255,39,13,52,completed,9
9019,Rigid,18203,18243,18253,40,10,50,completed,9
9020,Rigid,18203,18244,18254,41,10,51,completed,9
9021,Rigid,18203,18244,18255,41,11,52,completed,9
9022,Rigid,18203,18245,18258,42,13,55,completed,9
9023,Rigid,18203,18245,18255,42,10,52,completed,9
9024,Rigid,18206,18206,18207,0,1,1,completed,36
9025,Rigid,18206,18206,18208,0,2,2,completed,36
9026,Rigid,18206,18207,18208,1,1,2,completed,36
9027,Rigid,18206,18207,18208,1,1,2,completed,36
9028,Rigid,18207,18207,18208,0,1,1,completed,36
9029,Rigid,18207,18208,18209,1,1,2,completed,72
9030,Rigid,18213,18213,18243,0,30,30,completed,144
9031,Rigid,18218,18218,18225,0,7,7,completed,36
9032,Rigid,18218,18218,18225,0,7,7,completed,36
9033,Rigid,18218,18218,18225,0,7,7,completed,36
9034,Rigid,18218,18218,18225,0,7,7,completed,36
9035,Rigid,18218,18218,18225,0,7,7,completed,36
9036,Rigid,18218,18222,18229,4,7,11,completed,36
9037,Rigid,18218,18225,18232,7,7,14,completed,36
9038,Rigid,18218,18225,18232,7,7,14,completed,36
9039,Rigid,18218,18225,18232,7,7,14,completed,36
9040,Rigid,18218,18225,18232,7,7,14,completed,36
9041,Rigid,18218,18225,18232,7,7,14,completed,36
9042,Rigid,18218,18226,18233,8,7,15,completed,36
9043,Rigid,18218,18226,18233,8,7,15,completed,36
9044,Rigid,18218,18226,18233,8,7,15,completed,36
9045,Rigid,18218,18226,18233,8,7,15,completed,36
9046,Rigid,18218,18229,18236,11,7,18,completed,36
9047,Rigid,18219,18536,19250,317,714,1031,completed,108
9048,Rigid,18220,18549,20914,329,2365,2694,completed,216
9049,Rigid,18221,18836,19757,615,921,1536,completed,108
9050,Rigid,18222,18323,18798,101,475,576,completed,216
9051,Rigid,18222,18222,18225,0,3,3,completed,36
9052,Rigid,18222,18836,19746,614,910,1524,completed,108
9053,Rigid,18223,18329,18664,106,335,441,completed,36
9054,Rigid,18223,18748,18836,525,88,613,completed,36
9055,Rigid,18223,18763,18835,540,72,612,completed,36
9056,Rigid,18223,18785,18836,562,51,613,completed,36
9057,Rigid,18223,18858,19952,635,1094,1729,completed,108
9058,Rigid,18226,18550,20915,324,2365,2689,completed,180
9059,Rigid,18237,18238,18268,1,30,31,completed,36
9060,Rigid,18239,18239,18251,0,12,12,completed,36
9061,Rigid,18239,18241,18253,2,12,14,completed,36
9062,Rigid,18239,18244,18256,5,12,17,completed,36
9063,Rigid,18239,18244,18256,5,12,17,completed,36
9064,Rigid,18239,18244,18256,5,12,17,completed,36
9065,Rigid,18239,18244,18256,5,12,17,completed,36
9066,Rigid,18239,18246,18258,7,12,19,completed,36
9067,Rigid,18239,18251,18263,12,12,24,completed,36
9068,Rigid,18239,18253,18265,14,12,26,completed,36
9069,Rigid,18239,18256,18268,17,12,29,completed,36
9070,Rigid,18239,18256,18268,17,12,29,completed,36
9071,Rigid,18239,18256,18268,17,12,29,completed,36
9072,Rigid,18239,18256,18268,17,12,29,completed,36
9073,Rigid,18239,18258,18270,19,12,31,completed,36
9074,Rigid,18239,18263,18275,24,12,36,completed,36
9075,Rigid,18239,18266,18278,27,12,39,completed,36
9076,Rigid,18264,18268,18505,4,237,241,completed,32
9077,Rigid,18264,18269,18505,5,236,241,completed,32
9078,Rigid,18264,18270,18505,6,235,241,completed,32
9079,Rigid,18264,18264,18366,0,102,102,completed,32
9080,Rigid,18264,18264,18505,0,241,241,completed,32
9081,Rigid,18264,18264,18506,0,242,242,completed,32
9082,Rigid,18264,18264,18406,0,142,142,completed,32
9083,Rigid,18264,18264,18506,0,242,242,completed,32
9084,Rigid,18264,18264,18505,0,241,241,completed,32
9085,Rigid,18264,18268,18505,4,237,241,completed,32
9086,Rigid,18264,18268,18505,4,237,241,completed,32
9087,Rigid,18264,18268,18505,4,237,241,completed,32
9088,Rigid,18268,18268,18272,0,4,4,completed,9
9089,Rigid,18268,18268,18272,0,4,4,completed,9
9090,Rigid,18268,18268,18272,0,4,4,completed,9
9091,Rigid,18268,18268,18273,0,5,5,completed,9
9092,Rigid,18268,18268,18276,0,8,8,completed,9
9093,Rigid,18268,18268,18275,0,7,7,completed,9
9094,Rigid,18268,18268,18274,0,6,6,completed,9
9095,Rigid,18268,18268,18275,0,7,7,completed,9
9096,Rigid,18268,18268,18272,0,4,4,completed,9
9097,Rigid,18268,18268,18274,0,6,6,completed,9
9098,Rigid,18268,18268,18273,0,5,5,completed,9
9099,Rigid,18268,18268,18274,0,6,6,completed,9
9100,Rigid,18268,18268,18277,0,9,9,completed,9
9101,Rigid,18268,18268,18277,0,9,9,completed,9
9102,Rigid,18268,18268,18275,0,7,7,completed,9
9103,Rigid,18268,18268,18273,0,5,5,completed,9
9104,Rigid,18268,18268,18275,0,7,7,completed,9
9105,Rigid,18268,18268,18276,0,8,8,completed,9
9106,Rigid,18268,18269,18276,1,7,8,completed,9
9107,Rigid,18268,18272,18281,4,9,13,completed,9
9108,Rigid,18268,18272,18280,4,8,12,completed,9
9109,Rigid,18268,18272,18279,4,7,11,completed,9
9110,Rigid,18268,18273,18281,5,8,13,completed,9
9111,Rigid,18268,18274,18283,6,9,15,completed,9
9112,Rigid,18268,18274,18283,6,9,15,completed,9
9113,Rigid,18268,18274,18283,6,9,15,completed,9
9114,Rigid,18268,18268,18278,0,10,10,completed,9
9115,Rigid,18268,18268,18278,0,10,10,completed,9
9116,Rigid,18268,18268,18280,0,12,12,completed,9
9117,Rigid,18268,18268,18278,0,10,10,completed,9
9118,Rigid,18268,18268,18278,0,10,10,completed,9
9119,Rigid,18268,18275,18286,7,11,18,completed,9
9120,Rigid,18268,18275,18286,7,11,18,completed,9
9121,Rigid,18268,18275,18285,7,10,17,completed,9
9122,Rigid,18268,18275,18279,7,4,11,completed,9
9123,Rigid,18268,18276,18279,8,3,11,completed,9
9124,Rigid,18268,18276,18281,8,5,13,completed,9
9125,Rigid,18268,18276,18282,8,6,14,completed,9
9126,Rigid,18268,18276,18281,8,5,13,completed,9
9127,Rigid,18268,18276,18281,8,5,13,completed,9
9128,Rigid,18268,18276,18284,8,8,16,completed,9
9129,Rigid,18268,18276,18284,8,8,16,completed,9
9130,Rigid,18268,18277,18285,9,8,17,completed,9
9131,Rigid,18268,18277,18286,9,9,18,completed,9
9132,Rigid,18268,18277,18285,9,8,17,completed,9
9133,Rigid,18268,18277,18282,9,5,14,completed,9
9134,Rigid,18268,18278,18286,10,8,18,completed,9
9135,Rigid,18268,18279,18287,11,8,19,completed,9
9136,Rigid,18268,18279,18287,11,8,19,completed,9
9137,Rigid,18268,18279,18285,11,6,17,completed,9
9138,Rigid,18268,18280,18284,12,4,16,completed,9
9139,Rigid,18268,18280,18286,12,6,18,completed,9
9140,Rigid,18268,18280,18285,12,5,17,completed,9
9141,Rigid,18268,18281,18287,13,6,19,completed,9
9142,Rigid,18268,18281,18289,13,8,21,completed,9
9143,Rigid,18268,18281,18288,13,7,20,completed,9
9144,Rigid,18268,18281,18289,13,8,21,completed,9
9145,Rigid,18268,18281,18290,13,9,22,completed,9
9146,Rigid,18268,18281,18289,13,8,21,completed,9
9147,Rigid,18268,18282,18285,14,3,17,completed,9
9148,Rigid,18268,18283,18292,15,9,24,completed,9
9149,Rigid,18268,18283,18292,15,9,24,completed,9
9150,Rigid,18268,18284,18287,16,3,19,completed,9
9151,Rigid,18268,18284,18292,16,8,24,completed,9
9152,Rigid,18268,18284,18288,16,4,20,completed,9
9153,Rigid,18268,18285,18291,17,6,23,completed,9
9154,Rigid,18268,18286,18291,18,5,23,completed,9
9155,Rigid,18268,18286,18292,18,6,24,completed,9
9156,Rigid,18268,18286,18291,18,5,23,completed,9
9157,Rigid,18268,18286,18290,18,4,22,completed,9
9158,Rigid,18268,18286,18290,18,4,22,completed,9
9159,Rigid,18268,18286,18290,18,4,22,completed,9
9160,Rigid,18268,18286,18290,18,4,22,completed,9
9161,Rigid,18268,18286,18295,18,9,27,completed,9
9162,Rigid,18268,18287,18293,19,6,25,completed,9
9163,Rigid,18268,18287,18293,19,6,25,completed,9
9164,Rigid,18268,18287,18294,19,7,26,completed,9
9165,Rigid,18268,18277,18288,9,11,20,completed,9
9166,Rigid,18268,18284,18294,16,10,26,completed,9
9167,Rigid,18268,18284,18294,16,10,26,completed,9
9168,Rigid,18268,18287,18291,19,4,23,completed,9
9169,Rigid,18268,18287,18292,19,5,24,completed,9
9170,Rigid,18268,18287,18291,19,4,23,completed,9
9171,Rigid,18268,18288,18292,20,4,24,completed,9
9172,Rigid,18268,18288,18297,20,9,29,completed,9
9173,Rigid,18268,18289,18297,21,8,29,completed,9
9174,Rigid,18268,18289,18298,21,9,30,completed,9
9175,Rigid,18268,18290,18298,22,8,30,completed,9
9176,Rigid,18268,18290,18298,22,8,30,completed,9
9177,Rigid,18268,18291,18295,23,4,27,completed,9
9178,Rigid,18268,18291,18297,23,6,29,completed,9
9179,Rigid,18268,18291,18296,23,5,28,completed,9
9180,Rigid,18268,18291,18298,23,7,30,completed,9
9181,Rigid,18268,18291,18297,23,6,29,completed,9
9182,Rigid,18268,18291,18296,23,5,28,completed,9
9183,Rigid,18268,18291,18296,23,5,28,completed,9
9184,Rigid,18268,18292,18298,24,6,30,completed,9
9185,Rigid,18268,18292,18299,24,7,31,completed,9
9186,Rigid,18268,18292,18300,24,8,32,completed,9
9187,Rigid,18268,18292,18300,24,8,32,completed,9
9188,Rigid,18268,18293,18301,25,8,33,completed,9
9189,Rigid,18268,18293,18302,25,9,34,completed,9
9190,Rigid,18268,18293,18300,25,7,32,completed,9
9191,Rigid,18268,18293,18300,25,7,32,completed,9
9192,Rigid,18268,18293,18295,25,2,27,completed,9
9193,Rigid,18268,18294,18296,26,2,28,completed,9
9194,Rigid,18268,18295,18299,27,4,31,completed,9
9195,Rigid,18268,18295,18300,27,5,32,completed,9
9196,Rigid,18268,18295,18299,27,4,31,completed,9
9197,Rigid,18268,18295,18298,27,3,30,completed,9
9198,Rigid,18268,18296,18304,28,8,36,completed,9
9199,Rigid,18268,18297,18306,29,9,38,completed,9
9200,Rigid,18268,18297,18305,29,8,37,completed,9
9201,Rigid,18268,18297,18303,29,6,35,completed,9
9202,Rigid,18268,18297,18301,29,4,33,completed,9
9203,Rigid,18268,18297,18305,29,8,37,completed,9
9204,Rigid,18268,18298,18306,30,8,38,completed,9
9205,Rigid,18268,18298,18305,30,7,37,completed,9
9206,Rigid,18268,18299,18304,31,5,36,completed,9
9207,Rigid,18268,18299,18302,31,3,34,completed,9
9208,Rigid,18268,18299,18305,31,6,37,completed,9
9209,Rigid,18268,18299,18305,31,6,37,completed,9
9210,Rigid,18268,18299,18307,31,8,39,completed,9
9211,Rigid,18268,18299,18307,31,8,39,completed,9
9212,Rigid,18268,18299,18304,31,5,36,completed,9
9213,Rigid,18268,18299,18308,31,9,40,completed,9
9214,Rigid,18268,18299,18304,31,5,36,completed,9
9215,Rigid,18268,18299,18303,31,4,35,completed,9
9216,Rigid,18268,18299,18308,31,9,40,completed,9
9217,Rigid,18268,18289,18300,21,11,32,completed,9
9218,Rigid,18268,18289,18300,21,11,32,completed,9
9219,Rigid,18268,18296,18306,28,10,38,completed,9
9220,Rigid,18268,18297,18308,29,11,40,completed,9
9221,Rigid,18268,18299,18309,31,10,41,completed,9
9222,Rigid,18268,18299,18310,31,11,42,completed,9
9223,Rigid,18268,18299,18310,31,11,42,completed,9
9224,Rigid,18268,18299,18309,31,10,41,completed,9
9225,Rigid,18268,18299,18310,31,11,42,completed,9
9226,Rigid,18268,18299,18310,31,11,42,completed,9
9227,Rigid,18268,18299,18304,31,5,36,completed,9
9228,Rigid,18268,18299,18305,31,6,37,completed,9
9229,Rigid,18268,18299,18305,31,6,37,completed,9
9230,Rigid,18268,18299,18305,31,6,37,completed,9
9231,Rigid,18268,18299,18303,31,4,35,completed,9
9232,Rigid,18268,18299,18303,31,4,35,completed,9
9233,Rigid,18268,18299,18303,31,4,35,completed,9
9234,Rigid,18268,18300,18304,32,4,36,completed,9
9235,Rigid,18268,18300,18305,32,5,37,completed,9
9236,Rigid,18268,18300,18308,32,8,40,completed,9
9237,Rigid,18268,18300,18306,32,6,38,completed,9
9238,Rigid,18268,18300,18304,32,4,36,completed,9
9239,Rigid,18268,18300,18305,32,5,37,completed,9
9240,Rigid,18268,18301,18304,33,3,36,completed,9
9241,Rigid,18268,18301,18305,33,4,37,completed,9
9242,Rigid,18268,18301,18305,33,4,37,completed,9
9243,Rigid,18268,18302,18306,34,4,38,completed,9
9244,Rigid,18268,18302,18311,34,9,43,completed,9
9245,Rigid,18268,18302,18310,34,8,42,completed,9
9246,Rigid,18268,18302,18310,34,8,42,completed,9
9247,Rigid,18268,18303,18310,35,7,42,completed,9
9248,Rigid,18268,18304,18310,36,6,42,completed,9
9249,Rigid,18268,18304,18310,36,6,42,completed,9
9250,Rigid,18268,18304,18309,36,5,41,completed,9
9251,Rigid,18268,18304,18310,36,6,42,completed,9
9252,Rigid,18268,18304,18309,36,5,41,completed,9
9253,Rigid,18268,18304,18309,36,5,41,completed,9
9254,Rigid,18268,18304,18310,36,6,42,completed,9
9255,Rigid,18268,18304,18309,36,5,41,completed,9
9256,Rigid,18268,18305,18313,37,8,45,completed,9
9257,Rigid,18268,18305,18313,37,8,45,completed,9
9258,Rigid,18268,18305,18314,37,9,46,completed,9
9259,Rigid,18268,18305,18314,37,9,46,completed,9
9260,Rigid,18268,18305,18314,37,9,46,completed,9
9261,Rigid,18268,18305,18312,37,7,44,completed,9
9262,Rigid,18268,18302,18312,34,10,44,completed,9
9263,Rigid,18268,18302,18312,34,10,44,completed,9
9264,Rigid,18268,18302,18312,34,10,44,completed,9
9265,Rigid,18268,18305,18312,37,7,44,completed,9
9266,Rigid,18268,18305,18307,37,2,39,completed,9
9267,Rigid,18268,18305,18309,37,4,41,completed,9
9268,Rigid,18268,18306,18308,38,2,40,completed,9
9269,Rigid,18268,18306,18310,38,4,42,completed,9
9270,Rigid,18268,18306,18310,38,4,42,completed,9
9271,Rigid,18268,18306,18310,38,4,42,completed,9
9272,Rigid,18268,18306,18311,38,5,43,completed,9
9273,Rigid,18268,18307,18313,39,6,45,completed,9
9274,Rigid,18268,18306,18314,38,8,46,completed,9
9275,Rigid,18268,18307,18315,39,8,47,completed,9
9276,Rigid,18268,18307,18314,39,7,46,completed,9
9277,Rigid,18268,18307,18312,39,5,44,completed,9
9278,Rigid,18268,18308,18317,40,9,49,completed,9
9279,Rigid,18268,18308,18316,40,8,48,completed,9
9280,Rigid,18268,18308,18316,40,8,48,completed,9
9281,Rigid,18268,18308,18314,40,6,46,completed,9
9282,Rigid,18268,18308,18312,40,4,44,completed,9
9283,Rigid,18268,18309,18313,41,4,45,completed,9
9284,Rigid,18268,18306,18317,38,11,49,completed,9
9285,Rigid,18268,18309,18312,41,3,44,completed,9
9286,Rigid,18268,18310,18317,42,7,49,completed,9
9287,Rigid,18268,18310,18317,42,7,49,completed,9
9288,Rigid,18268,18310,18315,42,5,47,completed,9
9289,Rigid,18268,18310,18318,42,8,50,completed,9
9290,Rigid,18268,18310,18318,42,8,50,completed,9
9291,Rigid,18268,18310,18319,42,9,51,completed,9
9292,Rigid,18268,18310,18314,42,4,46,completed,9
9293,Rigid,18268,18310,18318,42,8,50,completed,9
9294,Rigid,18268,18310,18319,42,9,51,completed,9
9295,Rigid,18268,18310,18313,42,3,45,completed,9
9296,Rigid,18268,18310,18319,42,9,51,completed,9
9297,Rigid,18268,18310,18319,42,9,51,completed,9
9298,Rigid,18268,18311,18319,43,8,51,completed,9
9299,Rigid,18268,18311,18316,43,5,48,completed,9
9300,Rigid,18268,18311,18316,43,5,48,completed,9
9301,Rigid,18268,18311,18315,43,4,47,completed,9
9302,Rigid,18268,18311,18317,43,6,49,completed,9
9303,Rigid,18268,18311,18315,43,4,47,completed,9
9304,Rigid,18280,18280,18308,0,28,28,completed,36
9305,Rigid,18304,18308,18548,4,240,244,completed,72
9306,Rigid,18354,18354,18374,0,20,20,completed,9
9307,Rigid,18354,18354,18387,0,33,33,completed,9
9308,Rigid,18354,18354,18380,0,26,26,completed,9
9309,Rigid,18354,18354,18386,0,32,32,completed,9
9310,Rigid,18354,18354,18393,0,39,39,completed,9
9311,Rigid,18354,18354,18380,0,26,26,completed,9
9312,Rigid,18354,18354,18383,0,29,29,completed,9
9313,Rigid,18354,18354,18385,0,31,31,completed,9
9314,Rigid,18354,18354,18385,0,31,31,completed,9
9315,Rigid,18354,18354,18384,0,30,30,completed,9
9316,Rigid,18354,18354,18387,0,33,33,completed,9
9317,Rigid,18354,18354,18396,0,42,42,completed,9
9318,Rigid,18354,18354,18418,0,64,64,completed,9
9319,Rigid,18354,18354,18378,0,24,24,completed,9
9320,Rigid,18354,18354,18385,0,31,31,completed,9
9321,Rigid,18354,18354,18392,0,38,38,completed,9
9322,Rigid,18354,18354,18413,0,59,59,completed,9
9323,Rigid,18354,18354,18395,0,41,41,completed,9
9324,Rigid,18354,18354,18419,0,65,65,completed,9
9325,Rigid,18354,18354,18394,0,40,40,completed,9
9326,Rigid,18354,18354,18396,0,42,42,completed,9
9327,Rigid,18354,18354,18400,0,46,46,completed,9
9328,Rigid,18354,18354,18428,0,74,74,completed,9
9329,Rigid,18354,18354,18425,0,71,71,completed,9
9330,Rigid,18354,18354,18428,0,74,74,completed,9
9331,Rigid,18354,18354,18402,0,48,48,completed,9
9332,Rigid,18354,18354,18402,0,48,48,completed,9
9333,Rigid,18354,18354,18389,0,35,35,completed,9
9334,Rigid,18354,18363,18405,9,42,51,completed,9
9335,Rigid,18354,18363,18405,9,42,51,completed,9
9336,Rigid,18354,18363,18395,9,32,41,completed,9
9337,Rigid,18354,18363,18413,9,50,59,completed,9
9338,Rigid,18354,18366,18401,12,35,47,completed,9
9339,Rigid,18354,18366,18422,12,56,68,completed,9
9340,Rigid,18354,18366,18389,12,23,35,completed,9
9341,Rigid,18354,18366,18394,12,28,40,completed,9
9342,Rigid,18354,18375,18412,21,37,58,completed,9
9343,Rigid,18354,18379,18400,25,21,46,completed,9
9344,Rigid,18354,18381,18458,27,77,104,completed,9
9345,Rigid,18354,18381,18434,27,53,80,completed,9
9346,Rigid,18354,18384,18417,30,33,63,completed,9
9347,Rigid,18354,18385,18416,31,31,62,completed,9
9348,Rigid,18354,18386,18431,32,45,77,completed,9
9349,Rigid,18354,18386,18440,32,54,86,completed,9
9350,Rigid,18354,18386,18431,32,45,77,completed,9
9351,Rigid,18354,18387,18429,33,42,75,completed,9
9352,Rigid,18354,18388,18436,34,48,82,completed,9
9353,Rigid,18354,18389,18417,35,28,63,completed,9
9354,Rigid,18354,18390,18414,36,24,60,completed,9
9355,Rigid,18354,18390,18415,36,25,61,completed,9
9356,Rigid,18354,18393,18422,39,29,68,completed,9
9357,Rigid,18354,18394,18417,40,23,63,completed,9
9358,Rigid,18354,18395,18417,41,22,63,completed,9
9359,Rigid,18354,18395,18420,41,25,66,completed,9
9360,Rigid,18354,18396,18424,42,28,70,completed,9
9361,Rigid,18354,18396,18433,42,37,79,completed,9
9362,Rigid,18354,18396,18424,42,28,70,completed,9
9363,Rigid,18354,18397,18428,43,31,74,completed,9
9364,Rigid,18354,18400,18421,46,21,67,completed,9
9365,Rigid,18354,18401,18433,47,32,79,completed,9
9366,Rigid,18354,18402,18438,48,36,84,completed,9
9367,Rigid,18354,18403,18446,49,43,92,completed,9
9368,Rigid,18354,18403,18455,49,52,101,completed,9
9369,Rigid,18354,18406,18432,52,26,78,completed,9
9370,Rigid,18354,18406,18441,52,35,87,completed,9
9371,Rigid,18354,18406,18458,52,52,104,completed,9
9372,Rigid,18354,18406,18439,52,33,85,completed,9
9373,Rigid,18354,18406,18434,52,28,80,completed,9
9374,Rigid,18354,18413,18452,59,39,98,completed,9
9375,Rigid,18354,18414,18443,60,29,89,completed,9
9376,Rigid,18354,18414,18438,60,24,84,completed,9
9377,Rigid,18354,18414,18436,60,22,82,completed,9
9378,Rigid,18354,18415,18427,61,12,73,completed,9
9379,Rigid,18354,18417,18442,63,25,88,completed,9
9380,Rigid,18354,18417,18438,63,21,84,completed,9
9381,Rigid,18354,18418,18434,64,16,80,completed,9
9382,Rigid,18354,18418,18455,64,37,101,completed,9
9383,Rigid,18354,18419,18446,65,27,92,completed,9
9384,Rigid,18354,18419,18447,65,28,93,completed,9
9385,Rigid,18354,18420,18448,66,28,94,completed,9
9386,Rigid,18354,18420,18448,66,28,94,completed,9
9387,Rigid,18354,18420,18451,66,31,97,completed,9
9388,Rigid,18354,18420,18451,66,31,97,completed,9
9389,Rigid,18354,18420,18448,66,28,94,completed,9
9390,Rigid,18354,18420,18474,66,54,120,completed,9
9391,Rigid,18354,18420,18443,66,23,89,completed,9
9392,Rigid,18354,18420,18446,66,26,92,completed,9
9393,Rigid,18354,18420,18458,66,38,104,completed,9
9394,Rigid,18354,18420,18512,66,92,158,completed,9
9395,Rigid,18354,18422,18461,68,39,107,completed,9
9396,Rigid,18354,18422,18453,68,31,99,completed,9
9397,Rigid,18354,18423,18461,69,38,107,completed,9
9398,Rigid,18354,18425,18460,71,35,106,completed,9
9399,Rigid,18354,18425,18475,71,50,121,completed,9
9400,Rigid,18354,18426,18489,72,63,135,completed,9
9401,Rigid,18354,18428,18484,74,56,130,completed,9
9402,Rigid,18354,18428,18474,74,46,120,completed,9
9403,Rigid,18354,18428,18464,74,36,110,completed,9
9404,Rigid,18354,18428,18472,74,44,118,completed,9
9405,Rigid,18354,18428,18470,74,42,116,completed,9
9406,Rigid,18354,18428,18473,74,45,119,completed,9
9407,Rigid,18354,18429,18469,75,40,115,completed,9
9408,Rigid,18354,18429,18478,75,49,124,completed,9
9409,Rigid,18354,18429,18475,75,46,121,completed,9
9410,Rigid,18354,18431,18467,77,36,113,completed,9
9411,Rigid,18354,18432,18493,78,61,139,completed,9
9412,Rigid,18354,18433,18463,79,30,109,completed,9
9413,Rigid,18354,18433,18458,79,25,104,completed,9
9414,Rigid,18354,18433,18455,79,22,101,completed,9
9415,Rigid,18354,18433,18455,79,22,101,completed,9
9416,Rigid,18354,18433,18475,79,42,121,completed,9
9417,Rigid,18354,18433,18471,79,38,117,completed,9
9418,Rigid,18354,18433,18473,79,40,119,completed,9
9419,Rigid,18354,18433,18472,79,39,118,completed,9
9420,Rigid,18354,18433,18485,79,52,131,completed,9
9421,Rigid,18354,18433,18464,79,31,110,completed,9
9422,Rigid,18354,18433,18487,79,54,133,completed,9
9423,Rigid,18354,18433,18475,79,42,121,completed,9
9424,Rigid,18354,18433,18453,79,20,99,completed,9
9425,Rigid,18354,18433,18476,79,43,122,completed,9
9426,Rigid,18354,18433,18469,79,36,115,completed,9
9427,Rigid,18354,18433,18465,79,32,111,completed,9
9428,Rigid,18354,18433,18466,79,33,112,completed,9
9429,Rigid,18354,18433,18444,79,11,90,completed,9
9430,Rigid,18354,18433,18454,79,21,100,completed,9
9431,Rigid,18354,18433,18448,79,15,94,completed,9
9432,Rigid,18354,18433,18463,79,30,109,completed,9
9433,Rigid,18354,18433,18474,79,41,120,completed,9
9434,Rigid,18354,18433,18459,79,26,105,completed,9
9435,Rigid,18354,18433,18455,79,22,101,completed,9
9436,Rigid,18354,18433,18464,79,31,110,completed,9
9437,Rigid,18354,18433,18472,79,39,118,completed,9
9438,Rigid,18354,18433,18459,79,26,105,completed,9
9439,Rigid,18354,18433,18476,79,43,122,completed,9
9440,Rigid,18354,18433,18482,79,49,128,completed,9
9441,Rigid,18354,18433,18450,79,17,96,completed,9
9442,Rigid,18354,18433,18482,79,49,128,completed,9
9443,Rigid,18354,18433,18477,79,44,123,completed,9
9444,Rigid,18354,18433,18472,79,39,118,completed,9
9445,Rigid,18354,18433,18454,79,21,100,completed,9
9446,Rigid,18354,18433,18458,79,25,104,completed,9
9447,Rigid,18354,18433,18458,79,25,104,completed,9
9448,Rigid,18354,18433,18466,79,33,112,completed,9
9449,Rigid,18354,18433,18456,79,23,102,completed,9
9450,Rigid,18355,18453,20181,98,1728,1826,completed,24
9451,Rigid,18364,18459,20187,95,1728,1823,completed,24
9452,Rigid,18368,18461,20189,93,1728,1821,completed,24
9453,Rigid,18403,18409,18410,6,1,7,completed,36
9454,Rigid,18404,18411,18412,7,1,8,completed,36
9455,Rigid,18404,18412,18413,8,1,9,completed,36
9456,Rigid,18404,18413,18414,9,1,10,completed,36
9457,Rigid,18404,18415,18416,11,1,12,completed,36
9458,Rigid,18404,18416,18417,12,1,13,completed,36
9459,Rigid,18416,18417,18418,1,1,2,completed,36
9460,Rigid,18416,18419,18420,3,1,4,completed,36
9461,Rigid,18416,18419,18420,3,1,4,completed,36
9462,Rigid,18432,18433,18434,1,1,2,completed,36
9463,Rigid,18432,18433,18434,1,1,2,completed,36
9464,Rigid,18433,19101,19686,668,585,1253,completed,756
9465,Rigid,18441,18441,18442,0,1,1,completed,36
9466,Rigid,18441,18441,18442,0,1,1,completed,36
9467,Rigid,18441,18441,18442,0,1,1,completed,36
9468,Rigid,18441,18441,18442,0,1,1,completed,36
9469,Rigid,18441,18441,18442,0,1,1,completed,36
9470,Rigid,18444,18444,18445,0,1,1,completed,36
9471,Rigid,18444,18444,18445,0,1,1,completed,36
9472,Rigid,18445,18445,18446,0,1,1,completed,36
9473,Rigid,18450,18450,18451,0,1,1,completed,36
9474,Rigid,18451,18451,18452,0,1,1,completed,36
9475,Rigid,18452,18452,18453,0,1,1,completed,36
9476,Rigid,18471,18471,18472,0,1,1,completed,36
9477,Rigid,18472,18472,18473,0,1,1,completed,36
9478,Rigid,18476,18476,18477,0,1,1,completed,36
9479,Rigid,18476,18476,18477,0,1,1,completed,36
9480,Rigid,18476,18477,18478,1,1,2,completed,36
9481,Rigid,18592,18866,19525,274,659,933,completed,144
9482,Rigid,18786,18818,20263,32,1445,1477,completed,36
9483,Rigid,18786,18825,19275,39,450,489,completed,36
9484,Rigid,18786,18836,19700,50,864,914,completed,36
9485,Rigid,18787,18798,18866,11,68,79,completed,32
9486,Rigid,18787,18814,18865,27,51,78,completed,32
9487,Rigid,18787,18816,18865,29,49,78,completed,32
9488,Rigid,18787,18787,18868,0,81,81,completed,32
9489,Rigid,18787,18787,18869,0,82,82,completed,32
9490,Rigid,18787,18787,18869,0,82,82,completed,32
9491,Rigid,18787,18787,18869,0,82,82,completed,32
9492,Rigid,18787,18787,18869,0,82,82,completed,32
9493,Rigid,18787,18791,18867,4,76,80,completed,32
9494,Rigid,18787,18798,18866,11,68,79,completed,32
9495,Rigid,18787,18798,18866,11,68,79,completed,32
9496,Rigid,18787,18798,18866,11,68,79,completed,32
9497,Rigid,18790,18798,18815,8,17,25,completed,72
9498,Rigid,18802,18816,18929,14,113,127,completed,36
9499,Rigid,18818,18836,18980,18,144,162,completed,72
9500,Rigid,18828,18828,18864,0,36,36,completed,32
9501,Rigid,18828,18828,18864,0,36,36,completed,32
9502,Rigid,18828,18828,18864,0,36,36,completed,32
9503,Rigid,18829,18896,18918,67,22,89,completed,288
9504,Rigid,18830,18836,18895,6,59,65,completed,72
9505,Rigid,18831,18831,19263,0,432,432,completed,32
9506,Rigid,18831,18831,19157,0,326,326,completed,32
9507,Rigid,18831,18831,19263,0,432,432,completed,32
9508,Rigid,18832,18933,18954,101,21,122,completed,288
9509,Rigid,18835,18835,18841,0,6,6,completed,36
9510,Rigid,18838,18839,19179,1,340,341,completed,36
9511,Rigid,18838,18856,19112,18,256,274,completed,36
9512,Rigid,18838,18858,19109,20,251,271,completed,36
9513,Rigid,18838,18858,19128,20,270,290,completed,36
9514,Rigid,18838,18858,19170,20,312,332,completed,36
9515,Rigid,18838,18858,19189,20,331,351,completed,36
9516,Rigid,18838,18858,19229,20,371,391,completed,36
9517,Rigid,18864,18864,18872,0,8,8,completed,36
9518,Rigid,18873,18873,18883,0,10,10,completed,288
9519,Rigid,18873,18873,19254,0,381,381,completed,144
9520,Rigid,18874,18874,18890,0,16,16,completed,144
9521,Rigid,18890,18890,18926,0,36,36,completed,2
9522,Rigid,18890,18890,18926,0,36,36,completed,2
9523,Rigid,18897,18897,18899,0,2,2,completed,36
9524,Rigid,18904,18904,18913,0,9,9,completed,72
9525,Rigid,18904,18904,18953,0,49,49,completed,36
9526,Rigid,18904,18904,18958,0,54,54,completed,36
9527,Rigid,18904,18904,19127,0,223,223,completed,36
9528,Rigid,18904,18918,18919,14,1,15,completed,36
9529,Rigid,18904,18918,18924,14,6,20,completed,36
9530,Rigid,18904,18904,18919,0,15,15,completed,36
9531,Rigid,18904,18905,18956,1,51,52,completed,36
9532,Rigid,18904,18913,18940,9,27,36,completed,36
9533,Rigid,18904,18913,18926,9,13,22,completed,36
9534,Rigid,18904,18918,18955,14,37,51,completed,36
9535,Rigid,18904,18918,18997,14,79,93,completed,36
9536,Rigid,18904,18904,19804,0,900,900,completed,36
9537,Rigid,18904,18918,19284,14,366,380,completed,36
9538,Rigid,18904,18918,19248,14,330,344,completed,36
9539,Rigid,18904,18920,19820,16,900,916,completed,36
9540,Rigid,18906,18920,20072,14,1152,1166,completed,36
9541,Rigid,18908,18920,20216,12,1296,1308,completed,36
9542,Rigid,18908,18920,20216,12,1296,1308,completed,36
9543,Rigid,18918,18918,18919,0,1,1,completed,72
9544,Rigid,18929,18929,18930,0,1,1,completed,72
9545,Rigid,18952,18952,20046,0,1094,1094,completed,36
9546,Rigid,18952,18952,19285,0,333,333,completed,36
9547,Rigid,18952,18952,20205,0,1253,1253,completed,36
9548,Rigid,18952,18954,19516,2,562,564,completed,36
9549,Rigid,18952,18956,19858,4,902,906,completed,36
9550,Rigid,18952,18956,19849,4,893,897,completed,36
9551,Rigid,18953,18953,18954,0,1,1,completed,72
9552,Rigid,18953,18956,19888,3,932,935,completed,36
9553,Rigid,18953,18956,19581,3,625,628,completed,36
9554,Rigid,18953,18956,19752,3,796,799,completed,36
9555,Rigid,18956,18956,19235,0,279,279,completed,36
9556,Rigid,18956,18956,18999,0,43,43,completed,144
9557,Rigid,18958,18958,18959,0,1,1,completed,72
9558,Rigid,18962,18962,18963,0,1,1,completed,288
9559,Rigid,18963,18963,18965,0,2,2,completed,144
9560,Rigid,18966,18966,18977,0,11,11,completed,144
9561,Rigid,18967,18968,18989,1,21,22,completed,288
9562,Rigid,18969,18969,19186,0,217,217,completed,36
9563,Rigid,18969,18978,19190,9,212,221,completed,36
9564,Rigid,18969,18978,19195,9,217,226,completed,36
9565,Rigid,18969,18978,19196,9,218,227,completed,36
9566,Rigid,18969,18978,19197,9,219,228,completed,36
9567,Rigid,18969,18998,19219,29,221,250,completed,36
9568,Rigid,18969,18999,19215,30,216,246,completed,36
9569,Rigid,18969,18999,19217,30,218,248,completed,36
9570,Rigid,18969,18999,19216,30,217,247,completed,36
9571,Rigid,18969,18999,19216,30,217,247,completed,36
9572,Rigid,18969,19001,19215,32,214,246,completed,36
9573,Rigid,18969,19001,19218,32,217,249,completed,36
9574,Rigid,18969,19012,19229,43,217,260,completed,36
9575,Rigid,18969,19018,19234,49,216,265,completed,36
9576,Rigid,18969,19018,19236,49,218,267,completed,36
9577,Rigid,18969,19018,19229,49,211,260,completed,36
9578,Rigid,18969,19018,19231,49,213,262,completed,36
9579,Rigid,18969,19018,19234,49,216,265,completed,36
9580,Rigid,18969,19018,19234,49,216,265,completed,36
9581,Rigid,18969,19018,19241,49,223,272,completed,36
9582,Rigid,18979,18990,19092,11,102,113,completed,144
9583,Rigid,18979,18981,18983,2,2,4,completed,72
9584,Rigid,18979,19090,19117,111,27,138,completed,432
9585,Rigid,18980,18998,19156,18,158,176,completed,144
9586,Rigid,18984,18984,19000,0,16,16,completed,72
9587,Rigid,18986,18986,19030,0,44,44,completed,72
9588,Rigid,18986,18990,19033,4,43,47,completed,72
9589,Rigid,18987,19018,19358,31,340,371,completed,36
9590,Rigid,18987,19060,19313,73,253,326,completed,36
9591,Rigid,18987,19061,19307,74,246,320,completed,36
9592,Rigid,18987,19064,19353,77,289,366,completed,36
9593,Rigid,18987,19066,19392,79,326,405,completed,36
9594,Rigid,18987,19073,19391,86,318,404,completed,36
9595,Rigid,18987,19073,19346,86,273,359,completed,36
9596,Rigid,18987,19073,19437,86,364,450,completed,36
9597,Rigid,18990,18990,19026,0,36,36,completed,2
9598,Rigid,18990,18990,19026,0,36,36,completed,2
9599,Rigid,18990,18990,19026,0,36,36,completed,2
9600,Rigid,18995,18995,19117,0,122,122,completed,32
9601,Rigid,18995,18995,19121,0,126,126,completed,32
9602,Rigid,18995,18995,19118,0,123,123,completed,32
9603,Rigid,19000,19118,19953,118,835,953,completed,108
9604,Rigid,19019,19033,19054,14,21,35,completed,36
9605,Rigid,19019,19033,19072,14,39,53,completed,144
9606,Rigid,19019,19039,20749,20,1710,1730,completed,108
9607,Rigid,19028,19060,19063,32,3,35,completed,72
9608,Rigid,19040,19040,19041,0,1,1,completed,36
9609,Rigid,19042,19042,19043,0,1,1,completed,36
9610,Rigid,19042,19055,19280,13,225,238,completed,72
9611,Rigid,19044,19044,19050,0,6,6,completed,36
9612,Rigid,19052,19057,19059,5,2,7,completed,36
9613,Rigid,19062,19064,19066,2,2,4,completed,36
9614,Rigid,19063,19118,19124,55,6,61,completed,288
9615,Rigid,19063,19157,19159,94,2,96,completed,288
9616,Rigid,19063,19159,19162,96,3,99,completed,288
9617,Rigid,19063,19162,19165,99,3,102,completed,288
9618,Rigid,19063,19166,19168,103,2,105,completed,288
9619,Rigid,19063,19169,19173,106,4,110,completed,288
9620,Rigid,19064,19064,19100,0,36,36,completed,2
9621,Rigid,19064,19064,19100,0,36,36,completed,2
9622,Rigid,19064,19064,19100,0,36,36,completed,2
9623,Rigid,19064,19064,23143,0,4079,4079,completed,72
9624,Rigid,19069,19072,19074,3,2,5,completed,36
9625,Rigid,19073,19162,20890,89,1728,1817,completed,36
9626,Rigid,19073,19162,19844,89,682,771,completed,36
9627,Rigid,19073,19162,20890,89,1728,1817,completed,36
9628,Rigid,19075,19075,19076,0,1,1,completed,36
9629,Rigid,19079,19079,19080,0,1,1,completed,36
9630,Rigid,19081,19081,19082,0,1,1,completed,36
9631,Rigid,19085,19085,19197,0,112,112,completed,36
9632,Rigid,19087,19087,19089,0,2,2,completed,36
9633,Rigid,19087,19087,19688,0,601,601,completed,36
9634,Rigid,19088,19088,19693,0,605,605,completed,36
9635,Rigid,19101,19101,19103,0,2,2,completed,36
9636,Rigid,19121,19124,19242,3,118,121,completed,72
9637,Rigid,19122,19124,19485,2,361,363,completed,72
9638,Rigid,19122,19124,19624,2,500,502,completed,72
9639,Rigid,19122,19124,19672,2,548,550,completed,72
9640,Rigid,19166,19174,19180,8,6,14,completed,144
9641,Rigid,19169,19180,19196,11,16,27,completed,288
9642,Rigid,19169,19184,19204,15,20,35,completed,288
9643,Rigid,19171,19184,19196,13,12,25,completed,288
9644,Rigid,19172,19196,19204,24,8,32,completed,288
9645,Rigid,19181,19185,19203,4,18,22,completed,144
9646,Rigid,19181,19195,19210,14,15,29,completed,144
9647,Rigid,19183,19197,19217,14,20,34,completed,144
9648,Rigid,19184,19197,19210,13,13,26,completed,144
9649,Rigid,19190,19190,19285,0,95,95,completed,36
9650,Rigid,19191,19191,19351,0,160,160,completed,36
9651,Rigid,19201,19201,19202,0,1,1,completed,144
9652,Rigid,19203,19203,19204,0,1,1,completed,36
9653,Rigid,19248,19248,19298,0,50,50,completed,72
9654,Rigid,19252,19252,20746,0,1494,1494,completed,108
9655,Rigid,19282,19282,19324,0,42,42,completed,144
9656,Rigid,19282,19282,19301,0,19,19,completed,144
9657,Rigid,19295,19295,19455,0,160,160,completed,72
9658,Rigid,19299,19299,20997,0,1698,1698,completed,108
9659,Rigid,19304,19304,19307,0,3,3,completed,72
9660,Rigid,19312,19312,19314,0,2,2,completed,72
9661,Rigid,19320,19320,19547,0,227,227,completed,72
9662,Rigid,19330,19330,19371,0,41,41,completed,144
9663,Rigid,19330,19330,19349,0,19,19,completed,144
9664,Rigid,19379,19379,19619,0,240,240,completed,144
9665,Rigid,19379,19379,19476,0,97,97,completed,144
9666,Rigid,19462,19462,19473,0,11,11,completed,1
9667,Rigid,19462,19462,19473,0,11,11,completed,1
9668,Rigid,19594,19594,19659,0,65,65,completed,72
9669,Rigid,19650,19650,20099,0,449,449,completed,36
9670,Rigid,19650,19650,20666,0,1016,1016,completed,36
9671,Rigid,19650,19650,21378,0,1728,1728,completed,36
9672,Rigid,19652,19652,20972,0,1320,1320,completed,36
9673,Rigid,19652,19652,20490,0,838,838,completed,36
9674,Rigid,19652,19652,21082,0,1430,1430,completed,36
9675,Rigid,19653,19653,20662,0,1009,1009,completed,36
9676,Rigid,19653,19653,20586,0,933,933,completed,36
9677,Rigid,19653,19653,20864,0,1211,1211,completed,36
9678,Rigid,19653,19653,20162,0,509,509,completed,36
9679,Rigid,19653,19653,21017,0,1364,1364,completed,36
9680,Rigid,19653,19653,21323,0,1670,1670,completed,36
9681,Rigid,19656,19656,20520,0,864,864,completed,36
9682,Rigid,19656,19656,20520,0,864,864,completed,36
9683,Rigid,19656,19656,20520,0,864,864,completed,36
9684,Rigid,19658,19658,20580,0,922,922,completed,36
9685,Rigid,19658,19658,21386,0,1728,1728,completed,36
9686,Rigid,19658,19658,21259,0,1601,1601,completed,36
9687,Rigid,19659,19659,20221,0,562,562,completed,36
9688,Rigid,19659,19659,21387,0,1728,1728,completed,36
9689,Rigid,19659,19659,20304,0,645,645,completed,36
9690,Rigid,19660,19660,20976,0,1316,1316,completed,36
9691,Rigid,19660,19660,20802,0,1142,1142,completed,36
9692,Rigid,19660,19660,20813,0,1153,1153,completed,36
9693,Rigid,19660,19660,20566,0,906,906,completed,36
9694,Rigid,19660,19660,21388,0,1728,1728,completed,36
9695,Rigid,19660,19660,20406,0,746,746,completed,36
9696,Rigid,19665,19665,19698,0,33,33,completed,72
9697,Rigid,19669,19669,19722,0,53,53,completed,9
9698,Rigid,19669,19669,19722,0,53,53,completed,9
9699,Rigid,19669,19669,19719,0,50,50,completed,9
9700,Rigid,19669,19669,19796,0,127,127,completed,9
9701,Rigid,19669,19669,19838,0,169,169,completed,9
9702,Rigid,19669,19669,19824,0,155,155,completed,9
9703,Rigid,19669,19669,19971,0,302,302,completed,28
9704,Rigid,19669,19669,19961,0,292,292,completed,28
9705,Rigid,19669,19669,19957,0,288,288,completed,28
9706,Rigid,19672,19672,20933,0,1261,1261,completed,36
9707,Rigid,19672,19672,20425,0,753,753,completed,36
9708,Rigid,19672,19672,21087,0,1415,1415,completed,36
9709,Rigid,19683,19683,19745,0,62,62,completed,72
9710,Rigid,19683,19683,19745,0,62,62,completed,72
9711,Rigid,19683,19683,19745,0,62,62,completed,72
9712,Rigid,19683,19683,19752,0,69,69,completed,72
9713,Rigid,19686,19686,21181,0,1495,1495,completed,756
9714,Rigid,19689,19689,21022,0,1333,1333,completed,144
9715,Rigid,19690,19690,19700,0,10,10,completed,1
9716,Rigid,19693,19693,22430,0,2737,2737,completed,36
9717,Rigid,19693,19693,19802,0,109,109,completed,36
9718,Rigid,19706,19706,19770,0,64,64,completed,72
9719,Rigid,19709,19709,20754,0,1045,1045,completed,108
9720,Rigid,19715,19715,19724,0,9,9,completed,1
9721,Rigid,19716,19716,19718,0,2,2,completed,36
9722,Rigid,19717,19717,19718,0,1,1,completed,36
9723,Rigid,19719,19719,19731,0,12,12,completed,2
9724,Rigid,19719,19719,19735,0,16,16,completed,36
9725,Rigid,19722,19722,19732,0,10,10,completed,2
9726,Rigid,19723,19723,19733,0,10,10,completed,2
9727,Rigid,19732,19732,19734,0,2,2,completed,2
9728,Rigid,19733,19733,20924,0,1191,1191,completed,36
9729,Rigid,19733,19733,21044,0,1311,1311,completed,36
9730,Rigid,19733,19733,21062,0,1329,1329,completed,36
9731,Rigid,19733,19733,19735,0,2,2,completed,2
9732,Rigid,19734,19734,19736,0,2,2,completed,2
9733,Rigid,19735,19735,20167,0,432,432,completed,36
9734,Rigid,19744,19744,19756,0,12,12,completed,648
9735,Rigid,19746,19746,19769,0,23,23,completed,72
9736,Rigid,19746,19746,21002,0,1256,1256,completed,108
9737,Rigid,19747,19747,19757,0,10,10,completed,18
9738,Rigid,19747,19747,19757,0,10,10,completed,18
9739,Rigid,19748,19748,20368,0,620,620,completed,36
9740,Rigid,19748,19748,22340,0,2592,2592,completed,36
9741,Rigid,19748,19748,20214,0,466,466,completed,36
9742,Rigid,19748,19748,22340,0,2592,2592,completed,36
9743,Rigid,19748,19748,20281,0,533,533,completed,36
9744,Rigid,19748,19748,22340,0,2592,2592,completed,36
9745,Rigid,19748,19748,22340,0,2592,2592,completed,36
9746,Rigid,19748,19748,22340,0,2592,2592,completed,36
9747,Rigid,19748,19748,20627,0,879,879,completed,36
9748,Rigid,19748,19748,21018,0,1270,1270,completed,36
9749,Rigid,19748,19748,20427,0,679,679,completed,36
9750,Rigid,19748,19748,20230,0,482,482,completed,36
9751,Rigid,19748,19748,22311,0,2563,2563,completed,36
9752,Rigid,19748,19748,21820,0,2072,2072,completed,36
9753,Rigid,19748,19748,21238,0,1490,1490,completed,36
9754,Rigid,19748,19748,21855,0,2107,2107,completed,36
9755,Rigid,19748,19748,20202,0,454,454,completed,36
9756,Rigid,19748,19748,21345,0,1597,1597,completed,36
9757,Rigid,19748,19748,22340,0,2592,2592,completed,36
9758,Rigid,19748,19748,21934,0,2186,2186,completed,36
9759,Rigid,19748,19748,22340,0,2592,2592,completed,36
9760,Rigid,19748,19748,20549,0,801,801,completed,36
9761,Rigid,19748,19748,22340,0,2592,2592,completed,36
9762,Rigid,19748,19748,20147,0,399,399,completed,36
9763,Rigid,19748,19748,22340,0,2592,2592,completed,36
9764,Rigid,19748,19748,21141,0,1393,1393,completed,36
9765,Rigid,19748,19748,22340,0,2592,2592,completed,36
9766,Rigid,19748,19748,20061,0,313,313,completed,36
9767,Rigid,19748,19748,19925,0,177,177,completed,36
9768,Rigid,19748,19748,19795,0,47,47,completed,36
9769,Rigid,19748,19748,19962,0,214,214,completed,36
9770,Rigid,19748,19748,21438,0,1690,1690,completed,36
9771,Rigid,19748,19748,22340,0,2592,2592,completed,36
9772,Rigid,19748,19748,19912,0,164,164,completed,36
9773,Rigid,19748,19748,20231,0,483,483,completed,36
9774,Rigid,19748,19748,22340,0,2592,2592,completed,36
9775,Rigid,19748,19748,22340,0,2592,2592,completed,36
9776,Rigid,19748,19748,20206,0,458,458,completed,36
9777,Rigid,19748,19748,20198,0,450,450,completed,36
9778,Rigid,19748,19748,20319,0,571,571,completed,36
9779,Rigid,19748,19748,20173,0,425,425,completed,36
9780,Rigid,19748,19748,22340,0,2592,2592,completed,36
9781,Rigid,19748,19748,20584,0,836,836,completed,36
9782,Rigid,19748,19748,20850,0,1102,1102,completed,36
9783,Rigid,19748,19748,21072,0,1324,1324,completed,36
9784,Rigid,19748,19748,22340,0,2592,2592,completed,36
9785,Rigid,19748,19748,22069,0,2321,2321,completed,36
9786,Rigid,19748,19748,22340,0,2592,2592,completed,36
9787,Rigid,19748,19748,22340,0,2592,2592,completed,36
9788,Rigid,19748,19748,22340,0,2592,2592,completed,36
9789,Rigid,19748,19748,22340,0,2592,2592,completed,36
9790,Rigid,19748,19748,22340,0,2592,2592,completed,36
9791,Rigid,19748,19748,22340,0,2592,2592,completed,36
9792,Rigid,19748,19748,21104,0,1356,1356,completed,36
9793,Rigid,19748,19748,22340,0,2592,2592,completed,36
9794,Rigid,19748,19748,22340,0,2592,2592,completed,36
9795,Rigid,19748,19748,20182,0,434,434,completed,36
9796,Rigid,19748,19748,22340,0,2592,2592,completed,36
9797,Rigid,19748,19748,22340,0,2592,2592,completed,36
9798,Rigid,19748,19748,20000,0,252,252,completed,36
9799,Rigid,19748,19748,20175,0,427,427,completed,36
9800,Rigid,19748,19748,22340,0,2592,2592,completed,36
9801,Rigid,19748,19748,20397,0,649,649,completed,36
9802,Rigid,19748,19748,22340,0,2592,2592,completed,36
9803,Rigid,19748,19748,22340,0,2592,2592,completed,36
9804,Rigid,19748,19748,22340,0,2592,2592,completed,36
9805,Rigid,19748,19748,22340,0,2592,2592,completed,36
9806,Rigid,19748,19748,22340,0,2592,2592,completed,36
9807,Rigid,19748,19748,22340,0,2592,2592,completed,36
9808,Rigid,19748,19786,20986,38,1200,1238,completed,36
9809,Rigid,19748,19786,20281,38,495,533,completed,36
9810,Rigid,19748,19796,22388,48,2592,2640,completed,36
9811,Rigid,19748,19991,20394,243,403,646,completed,36
9812,Rigid,19748,19992,22584,244,2592,2836,completed,36
9813,Rigid,19748,20000,22592,252,2592,2844,completed,36
9814,Rigid,19748,20001,21430,253,1429,1682,completed,36
9815,Rigid,19748,20003,22586,255,2583,2838,completed,36
9816,Rigid,19748,20003,22595,255,2592,2847,completed,36
9817,Rigid,19748,20003,21240,255,1237,1492,completed,36
9818,Rigid,19748,20003,21338,255,1335,1590,completed,36
9819,Rigid,19748,20004,21014,256,1010,1266,completed,36
9820,Rigid,19748,20062,22654,314,2592,2906,completed,36
9821,Rigid,19748,20148,22191,400,2043,2443,completed,36
9822,Rigid,19748,20174,21066,426,892,1318,completed,36
9823,Rigid,19748,20176,22232,428,2056,2484,completed,36
9824,Rigid,19748,20183,22058,435,1875,2310,completed,36
9825,Rigid,19748,20203,22795,455,2592,3047,completed,36
9826,Rigid,19748,20203,21547,455,1344,1799,completed,36
9827,Rigid,19748,20207,21648,459,1441,1900,completed,36
9828,Rigid,19749,20414,20568,665,154,819,completed,36
9829,Rigid,19749,20425,20663,676,238,914,completed,36
9830,Rigid,19749,20431,23023,682,2592,3274,completed,36
9831,Rigid,19749,20431,23023,682,2592,3274,completed,36
9832,Rigid,19749,20431,23023,682,2592,3274,completed,36
9833,Rigid,19749,20454,23046,705,2592,3297,completed,36
9834,Rigid,19749,20454,23046,705,2592,3297,completed,36
9835,Rigid,19749,20454,23046,705,2592,3297,completed,36
9836,Rigid,19749,20454,23046,705,2592,3297,completed,36
9837,Rigid,19749,20455,21562,706,1107,1813,completed,36
9838,Rigid,19749,20455,23047,706,2592,3298,completed,36
9839,Rigid,19749,20455,23047,706,2592,3298,completed,36
9840,Rigid,19749,20455,23047,706,2592,3298,completed,36
9841,Rigid,19749,20455,23047,706,2592,3298,completed,36
9842,Rigid,19749,20455,23047,706,2592,3298,completed,36
9843,Rigid,19749,20463,21534,714,1071,1785,completed,36
9844,Rigid,19749,20463,23055,714,2592,3306,completed,36
9845,Rigid,19750,19750,19871,0,121,121,completed,36
9846,Rigid,19752,19752,19762,0,10,10,completed,72
9847,Rigid,19752,19756,19774,4,18,22,completed,72
9848,Rigid,19752,19756,19771,4,15,19,completed,72
9849,Rigid,19753,19756,19776,3,20,23,completed,72
9850,Rigid,19753,19756,19781,3,25,28,completed,72
9851,Rigid,19753,19756,19759,3,3,6,completed,72
9852,Rigid,19753,19756,19972,3,216,219,completed,72
9853,Rigid,19753,19756,19768,3,12,15,completed,72
9854,Rigid,19754,19756,19803,2,47,49,completed,72
9855,Rigid,19754,19756,19785,2,29,31,completed,72
9856,Rigid,19754,19758,19798,4,40,44,completed,72
9857,Rigid,19754,19758,19774,4,16,20,completed,72
9858,Rigid,19754,19759,19842,5,83,88,completed,72
9859,Rigid,19755,19763,19779,8,16,24,completed,72
9860,Rigid,19760,19760,19764,0,4,4,completed,2
9861,Rigid,19760,19760,19769,0,9,9,completed,1
9862,Rigid,19760,19760,19763,0,3,3,completed,2
9863,Rigid,19760,19760,19763,0,3,3,completed,2
9864,Rigid,19760,19760,19763,0,3,3,completed,2
9865,Rigid,19760,19760,19766,0,6,6,completed,2
9866,Rigid,19760,19760,19769,0,9,9,completed,1
9867,Rigid,19760,19760,19768,0,8,8,completed,2
9868,Rigid,19760,19760,19763,0,3,3,completed,2
9869,Rigid,19760,19760,19770,0,10,10,completed,1
9870,Rigid,19760,19760,19770,0,10,10,completed,1
9871,Rigid,19760,19760,19762,0,2,2,completed,2
9872,Rigid,19760,19760,19767,0,7,7,completed,2
9873,Rigid,19760,19760,19762,0,2,2,completed,2
9874,Rigid,19760,19760,19767,0,7,7,completed,2
9875,Rigid,19760,19760,19762,0,2,2,completed,2
9876,Rigid,19760,19760,19766,0,6,6,completed,2
9877,Rigid,19760,19760,19763,0,3,3,completed,2
9878,Rigid,19760,19760,19763,0,3,3,completed,2
9879,Rigid,19760,19760,19762,0,2,2,completed,2
9880,Rigid,19760,19760,19770,0,10,10,completed,1
9881,Rigid,19760,19760,19763,0,3,3,completed,2
9882,Rigid,19760,19760,19763,0,3,3,completed,2
9883,Rigid,19760,19760,19770,0,10,10,completed,1
9884,Rigid,19760,19760,19763,0,3,3,completed,2
9885,Rigid,19760,19760,19763,0,3,3,completed,2
9886,Rigid,19760,19760,19762,0,2,2,completed,2
9887,Rigid,19760,19760,19763,0,3,3,completed,2
9888,Rigid,19760,19760,19770,0,10,10,completed,1
9889,Rigid,19760,19760,19768,0,8,8,completed,2
9890,Rigid,19760,19760,19763,0,3,3,completed,2
9891,Rigid,19760,19760,19768,0,8,8,completed,1
9892,Rigid,19760,19760,19763,0,3,3,completed,2
9893,Rigid,19760,19760,19770,0,10,10,completed,1
9894,Rigid,19760,19760,19767,0,7,7,completed,2
9895,Rigid,19760,19760,19766,0,6,6,completed,2
9896,Rigid,19760,19760,19762,0,2,2,completed,2
9897,Rigid,19760,19760,19767,0,7,7,completed,2
9898,Rigid,19760,19760,19767,0,7,7,completed,2
9899,Rigid,19760,19760,19763,0,3,3,completed,2
9900,Rigid,19760,19760,19762,0,2,2,completed,2
9901,Rigid,19760,19760,19767,0,7,7,completed,2
9902,Rigid,19760,19760,19763,0,3,3,completed,2
9903,Rigid,19760,19760,19767,0,7,7,completed,2
9904,Rigid,19760,19760,19762,0,2,2,completed,2
9905,Rigid,19760,19760,19767,0,7,7,completed,2
9906,Rigid,19760,19760,19762,0,2,2,completed,2
9907,Rigid,19760,19760,19762,0,2,2,completed,2
9908,Rigid,19760,19760,19768,0,8,8,completed,1
9909,Rigid,19760,19760,19767,0,7,7,completed,2
9910,Rigid,19760,19760,19767,0,7,7,completed,2
9911,Rigid,19760,19760,19767,0,7,7,completed,1
9912,Rigid,19760,19760,19763,0,3,3,completed,2
9913,Rigid,19760,19760,19766,0,6,6,completed,1
9914,Rigid,19760,19760,19768,0,8,8,completed,1
9915,Rigid,19760,19760,19762,0,2,2,completed,2
9916,Rigid,19760,19760,19766,0,6,6,completed,2
9917,Rigid,19760,19760,19767,0,7,7,completed,1
9918,Rigid,19766,19786,20083,20,297,317,completed,648
9919,Rigid,19766,20084,20203,318,119,437,completed,648
9920,Rigid,19766,20095,20327,329,232,561,completed,648
9921,Rigid,19767,20206,20341,439,135,574,completed,648
9922,Rigid,19769,19769,19813,0,44,44,completed,72
9923,Rigid,19772,19772,19775,0,3,3,completed,72
9924,Rigid,19789,19789,19791,0,2,2,completed,36
9925,Rigid,19792,19792,19794,0,2,2,completed,36
9926,Rigid,19796,19796,19829,0,33,33,completed,2
9927,Rigid,19803,19803,20785,0,982,982,completed,36
9928,Rigid,19809,19809,19823,0,14,14,completed,72
9929,Rigid,19809,19809,19823,0,14,14,completed,72
9930,Rigid,19809,19809,19810,0,1,1,completed,36
9931,Rigid,19809,19809,19810,0,1,1,completed,36
9932,Rigid,19824,19824,19865,0,41,41,completed,2
9933,Rigid,19830,19830,19837,0,7,7,completed,2
9934,Rigid,19831,19831,19868,0,37,37,completed,72
9935,Rigid,19831,19831,19849,0,18,18,completed,72
9936,Rigid,19831,19831,19850,0,19,19,completed,72
9937,Rigid,19831,19831,19849,0,18,18,completed,72
9938,Rigid,19831,19831,19868,0,37,37,completed,72
9939,Rigid,19831,19831,19860,0,29,29,completed,72
9940,Rigid,19831,19831,19866,0,35,35,completed,72
9941,Rigid,19831,19831,19944,0,113,113,completed,72
9942,Rigid,19831,19834,19887,3,53,56,completed,72
9943,Rigid,19831,19836,19849,5,13,18,completed,72
9944,Rigid,19831,19843,19859,12,16,28,completed,72
9945,Rigid,19831,19850,19859,19,9,28,completed,72
9946,Rigid,19831,19850,19882,19,32,51,completed,72
9947,Rigid,19831,19850,19919,19,69,88,completed,72
9948,Rigid,19831,19850,19881,19,31,50,completed,72
9949,Rigid,19835,20084,21812,249,1728,1977,completed,36
9950,Rigid,19835,20116,21844,281,1728,2009,completed,36
9951,Rigid,19835,20116,21844,281,1728,2009,completed,36
9952,Rigid,19838,19838,19878,0,40,40,completed,2
9953,Rigid,19844,19845,19847,1,2,3,completed,36
9954,Rigid,19845,19985,20104,140,119,259,completed,36
9955,Rigid,19850,19850,19937,0,87,87,completed,32
9956,Rigid,19850,19854,19941,4,87,91,completed,32
9957,Rigid,19850,19854,19946,4,92,96,completed,32
9958,Rigid,19850,19859,19927,9,68,77,completed,32
9959,Rigid,19850,19862,19939,12,77,89,completed,32
9960,Rigid,19850,19862,19946,12,84,96,completed,32
9961,Rigid,19850,19862,19917,12,55,67,completed,32
9962,Rigid,19850,19850,19953,0,103,103,completed,32
9963,Rigid,19850,19850,20004,0,154,154,completed,32
9964,Rigid,19850,19850,19993,0,143,143,completed,32
9965,Rigid,19850,19850,19974,0,124,124,completed,32
9966,Rigid,19850,19850,20018,0,168,168,completed,32
9967,Rigid,19850,19854,20055,4,201,205,completed,32
9968,Rigid,19850,19858,20105,8,247,255,completed,32
9969,Rigid,19850,19859,19981,9,122,131,completed,32
9970,Rigid,19850,19859,20036,9,177,186,completed,32
9971,Rigid,19850,19859,19984,9,125,134,completed,32
9972,Rigid,19850,19860,19990,10,130,140,completed,32
9973,Rigid,19850,19860,19977,10,117,127,completed,32
9974,Rigid,19850,19862,20049,12,187,199,completed,32
9975,Rigid,19850,19862,20044,12,182,194,completed,32
9976,Rigid,19850,19862,19941,12,79,91,completed,32
9977,Rigid,19850,19862,19955,12,93,105,completed,32
9978,Rigid,19850,19882,19971,32,89,121,completed,32
9979,Rigid,19850,19882,19992,32,110,142,completed,32
9980,Rigid,19850,19883,20015,33,132,165,completed,32
9981,Rigid,19850,19883,20128,33,245,278,completed,32
9982,Rigid,19850,19883,19990,33,107,140,completed,32
9983,Rigid,19850,19883,20055,33,172,205,completed,32
9984,Rigid,19850,19884,20066,34,182,216,completed,32
9985,Rigid,19850,19884,20058,34,174,208,completed,32
9986,Rigid,19850,19886,20067,36,181,217,completed,32
9987,Rigid,19850,19888,20022,38,134,172,completed,32
9988,Rigid,19850,19888,20016,38,128,166,completed,32
9989,Rigid,19851,19888,19980,37,92,129,completed,32
9990,Rigid,19851,19889,19969,38,80,118,completed,32
9991,Rigid,19851,19919,20000,68,81,149,completed,32
9992,Rigid,19851,19926,20009,75,83,158,completed,32
9993,Rigid,19851,19945,20007,94,62,156,completed,32
9994,Rigid,19851,19947,20018,96,71,167,completed,32
9995,Rigid,19851,19953,20031,102,78,180,completed,32
9996,Rigid,19851,19953,20003,102,50,152,completed,32
9997,Rigid,19851,19953,20025,102,72,174,completed,32
9998,Rigid,19851,19953,20038,102,85,187,completed,32
9999,Rigid,19851,19889,20032,38,143,181,completed,32
10000,Rigid,19851,19913,20044,62,131,193,completed,32
10001,Rigid,19851,19917,20032,66,115,181,completed,32
10002,Rigid,19851,19919,20075,68,156,224,completed,32
10003,Rigid,19851,19929,20115,78,186,264,completed,32
10004,Rigid,19851,19937,20160,86,223,309,completed,32
10005,Rigid,19851,19939,20050,88,111,199,completed,32
10006,Rigid,19851,19941,20105,90,164,254,completed,32
10007,Rigid,19851,19941,20056,90,115,205,completed,32
10008,Rigid,19851,19945,20066,94,121,215,completed,32
10009,Rigid,19851,19946,20053,95,107,202,completed,32
10010,Rigid,19851,19953,20124,102,171,273,completed,32
10011,Rigid,19851,19953,20121,102,168,270,completed,32
10012,Rigid,19851,19954,20055,103,101,204,completed,32
10013,Rigid,19851,19955,20036,104,81,185,completed,32
10014,Rigid,19851,19978,20075,127,97,224,completed,32
10015,Rigid,19851,19963,20083,112,120,232,completed,32
10016,Rigid,19851,19969,20191,118,222,340,completed,32
10017,Rigid,19851,19980,20139,129,159,288,completed,32
10018,Rigid,19851,19980,20148,129,168,297,completed,32
10019,Rigid,19851,19981,20142,130,161,291,completed,32
10020,Rigid,19851,19982,20148,131,166,297,completed,32
10021,Rigid,19851,19982,20105,131,123,254,completed,32
10022,Rigid,19851,19982,20099,131,117,248,completed,32
10023,Rigid,19862,20069,20080,207,11,218,completed,72
10024,Rigid,19863,20069,20083,206,14,220,completed,72
10025,Rigid,19863,20071,20089,208,18,226,completed,72
10026,Rigid,19863,20071,20073,208,2,210,completed,72
10027,Rigid,19863,20071,20089,208,18,226,completed,72
10028,Rigid,19863,20015,20020,152,5,157,completed,144
10029,Rigid,19863,20021,20028,158,7,165,completed,144
10030,Rigid,19863,20023,20024,160,1,161,completed,144
10031,Rigid,19863,20024,20025,161,1,162,completed,144
10032,Rigid,19863,20026,20028,163,2,165,completed,144
10033,Rigid,19863,20029,20030,166,1,167,completed,144
10034,Rigid,19863,20030,20031,167,1,168,completed,144
10035,Rigid,19863,20030,20031,167,1,168,completed,144
10036,Rigid,19863,20031,20032,168,1,169,completed,144
10037,Rigid,19863,20031,20032,168,1,169,completed,144
10038,Rigid,19863,20032,20036,169,4,173,completed,144
10039,Rigid,19863,20033,20039,170,6,176,completed,144
10040,Rigid,19863,20039,20045,176,6,182,completed,144
10041,Rigid,19863,20044,20050,181,6,187,completed,144
10042,Rigid,19863,20033,20043,170,10,180,completed,144
10043,Rigid,19863,20037,20048,174,11,185,completed,144
10044,Rigid,19863,20045,20047,182,2,184,completed,144
10045,Rigid,19863,20046,20048,183,2,185,completed,144
10046,Rigid,19863,20048,20050,185,2,187,completed,144
10047,Rigid,19863,20048,20050,185,2,187,completed,144
10048,Rigid,19863,20049,20051,186,2,188,completed,144
10049,Rigid,19863,20050,20052,187,2,189,completed,144
10050,Rigid,19863,20051,20052,188,1,189,completed,144
10051,Rigid,19863,20051,20052,188,1,189,completed,144
10052,Rigid,19863,20051,20053,188,2,190,completed,144
10053,Rigid,19863,20052,20054,189,2,191,completed,144
10054,Rigid,19863,20053,20069,190,16,206,completed,144
10055,Rigid,19863,20053,20069,190,16,206,completed,144
10056,Rigid,19863,20053,20056,190,3,193,completed,144
10057,Rigid,19863,20054,20057,191,3,194,completed,144
10058,Rigid,19863,20056,20058,193,2,195,completed,144
10059,Rigid,19863,20057,20059,194,2,196,completed,144
10060,Rigid,19863,20057,20063,194,6,200,completed,144
10061,Rigid,19863,20057,20063,194,6,200,completed,144
10062,Rigid,19863,20058,20060,195,2,197,completed,144
10063,Rigid,19863,20059,20061,196,2,198,completed,144
10064,Rigid,19863,20061,20062,198,1,199,completed,144
10065,Rigid,19863,20061,20062,198,1,199,completed,144
10066,Rigid,19863,20062,20063,199,1,200,completed,144
10067,Rigid,19863,20062,20063,199,1,200,completed,144
10068,Rigid,19863,20064,20071,201,7,208,completed,144
10069,Rigid,19863,20064,20071,201,7,208,completed,144
10070,Rigid,19863,20064,20071,201,7,208,completed,144
10071,Rigid,19863,20065,20073,202,8,210,completed,144
10072,Rigid,19863,20069,20074,206,5,211,completed,144
10073,Rigid,19863,20069,20075,206,6,212,completed,144
10074,Rigid,19864,20072,20084,208,12,220,completed,72
10075,Rigid,19864,20072,20115,208,43,251,completed,72
10076,Rigid,19864,19867,19874,3,7,10,completed,36
10077,Rigid,19864,19867,19874,3,7,10,completed,36
10078,Rigid,19864,19868,19875,4,7,11,completed,36
10079,Rigid,19864,19868,19875,4,7,11,completed,36
10080,Rigid,19864,19869,19876,5,7,12,completed,36
10081,Rigid,19864,19869,19876,5,7,12,completed,36
10082,Rigid,19864,19871,19878,7,7,14,completed,36
10083,Rigid,19864,19874,19881,10,7,17,completed,36
10084,Rigid,19864,19874,19881,10,7,17,completed,36
10085,Rigid,19864,19876,19883,12,7,19,completed,36
10086,Rigid,19864,19876,19883,12,7,19,completed,36
10087,Rigid,19864,19876,19883,12,7,19,completed,36
10088,Rigid,19864,19876,19883,12,7,19,completed,36
10089,Rigid,19864,19879,19886,15,7,22,completed,36
10090,Rigid,19864,19881,19888,17,7,24,completed,36
10091,Rigid,19864,19881,19888,17,7,24,completed,36
10092,Rigid,19864,20072,20086,208,14,222,completed,72
10093,Rigid,19864,20073,20090,209,17,226,completed,72
10094,Rigid,19864,20073,20093,209,20,229,completed,72
10095,Rigid,19865,20074,20089,209,15,224,completed,72
10096,Rigid,19865,20075,20107,210,32,242,completed,72
10097,Rigid,19865,19865,19874,0,9,9,completed,2
10098,Rigid,19869,19983,20431,114,448,562,completed,180
10099,Rigid,19877,19990,20078,113,88,201,completed,36
10100,Rigid,19878,19878,19885,0,7,7,completed,2
10101,Rigid,19887,19975,20003,88,28,116,completed,144
10102,Rigid,19891,19982,20012,91,30,121,completed,36
10103,Rigid,19894,20075,20573,181,498,679,completed,36
10104,Rigid,19894,20075,20711,181,636,817,completed,36
10105,Rigid,19894,20075,21694,181,1619,1800,completed,36
10106,Rigid,19895,20076,21125,181,1049,1230,completed,36
10107,Rigid,19895,20076,21452,181,1376,1557,completed,36
10108,Rigid,19895,20076,20832,181,756,937,completed,36
10109,Rigid,19905,20987,23273,1082,2286,3368,completed,36
10110,Rigid,19905,21015,23319,1110,2304,3414,completed,36
10111,Rigid,19905,21019,22332,1114,1313,2427,completed,36
10112,Rigid,19905,21067,22950,1162,1883,3045,completed,36
10113,Rigid,19905,20558,22082,653,1524,2177,completed,36
10114,Rigid,19905,21073,22042,1168,969,2137,completed,36
10115,Rigid,19905,21105,22562,1200,1457,2657,completed,36
10116,Rigid,19905,21142,22272,1237,1130,2367,completed,36
10117,Rigid,19905,21239,22009,1334,770,2104,completed,36
10118,Rigid,19905,21241,22030,1336,789,2125,completed,36
10119,Rigid,19905,21338,22522,1433,1184,2617,completed,36
10120,Rigid,19905,21346,23199,1441,1853,3294,completed,36
10121,Rigid,19905,21428,23324,1523,1896,3419,completed,36
10122,Rigid,19905,21428,23384,1523,1956,3479,completed,36
10123,Rigid,19905,21430,21926,1525,496,2021,completed,36
10124,Rigid,19905,20570,21751,665,1181,1846,completed,36
10125,Rigid,19905,21439,23629,1534,2190,3724,completed,36
10126,Rigid,19905,20571,22676,666,2105,2771,completed,36
10127,Rigid,19905,20574,21849,669,1275,1944,completed,36
10128,Rigid,19905,20581,22460,676,1879,2555,completed,36
10129,Rigid,19905,20585,22157,680,1572,2252,completed,36
10130,Rigid,19905,20628,22150,723,1522,2245,completed,36
10131,Rigid,19905,20663,21867,758,1204,1962,completed,36
10132,Rigid,19905,20851,22369,946,1518,2464,completed,36
10133,Rigid,19937,19937,19938,0,1,1,completed,36
10134,Rigid,19941,19941,19943,0,2,2,completed,36
10135,Rigid,19956,20084,21000,128,916,1044,completed,108
10136,Rigid,19957,19957,20001,0,44,44,completed,9
10137,Rigid,19961,20095,21001,134,906,1040,completed,108
10138,Rigid,19961,19961,20006,0,45,45,completed,9
10139,Rigid,19965,20095,21446,130,1351,1481,completed,108
10140,Rigid,19966,19966,19967,0,1,1,completed,2
10141,Rigid,19967,20116,21446,149,1330,1479,completed,108
10142,Rigid,19971,19971,20016,0,45,45,completed,9
10143,Rigid,19971,19971,21004,0,1033,1033,completed,24
10144,Rigid,19973,19973,21006,0,1033,1033,completed,24
10145,Rigid,19976,19976,21448,0,1472,1472,completed,24
10146,Rigid,19976,19976,21448,0,1472,1472,completed,24
10147,Rigid,20002,20002,20012,0,10,10,completed,2
10148,Rigid,20007,20007,20018,0,11,11,completed,2
10149,Rigid,20012,20012,20013,0,1,1,completed,2
10150,Rigid,20016,20016,20026,0,10,10,completed,2
10151,Rigid,20018,20018,20019,0,1,1,completed,2
10152,Rigid,20027,20027,20028,0,1,1,completed,2
10153,Rigid,20084,20084,20130,0,46,46,completed,72
10154,Rigid,20099,20106,20107,7,1,8,completed,144
10155,Rigid,20099,20107,20108,8,1,9,completed,144
10156,Rigid,20099,20107,20108,8,1,9,completed,144
10157,Rigid,20099,20108,20109,9,1,10,completed,144
10158,Rigid,20099,20108,20109,9,1,10,completed,144
10159,Rigid,20099,20109,20110,10,1,11,completed,144
10160,Rigid,20099,20109,20110,10,1,11,completed,144
10161,Rigid,20099,20110,20111,11,1,12,completed,144
10162,Rigid,20099,20110,20111,11,1,12,completed,144
10163,Rigid,20099,20111,20112,12,1,13,completed,144
10164,Rigid,20099,20112,20113,13,1,14,completed,144
10165,Rigid,20099,20113,20114,14,1,15,completed,144
10166,Rigid,20099,20113,20114,14,1,15,completed,144
10167,Rigid,20099,20114,20115,15,1,16,completed,144
10168,Rigid,20099,20114,20115,15,1,16,completed,144
10169,Rigid,20099,20115,20116,16,1,17,completed,144
10170,Rigid,20099,20115,20116,16,1,17,completed,144
10171,Rigid,20117,20117,20118,0,1,1,completed,144
10172,Rigid,20117,20119,21678,2,1559,1561,completed,108
10173,Rigid,20152,20152,20154,0,2,2,completed,36
10174,Rigid,20152,20152,20914,0,762,762,completed,180
10175,Rigid,20155,20155,20169,0,14,14,completed,144
10176,Rigid,20155,20160,20162,5,2,7,completed,144
10177,Rigid,20159,20710,20914,551,204,755,completed,216
10178,Rigid,20159,20169,20812,10,643,653,completed,216
10179,Rigid,20164,20164,20179,0,15,15,completed,144
10180,Rigid,20181,20181,20255,0,74,74,completed,144
10181,Rigid,20183,20199,20229,16,30,46,completed,144
10182,Rigid,20208,20221,20245,13,24,37,completed,144
10183,Rigid,20208,20230,20254,22,24,46,completed,144
10184,Rigid,20208,20246,20270,38,24,62,completed,144
10185,Rigid,20208,20250,20274,42,24,66,completed,144
10186,Rigid,20208,20255,20280,47,25,72,completed,144
10187,Rigid,20208,20255,20279,47,24,71,completed,144
10188,Rigid,20208,20256,20281,48,25,73,completed,144
10189,Rigid,20208,20264,20288,56,24,80,completed,144
10190,Rigid,20208,20271,20295,63,24,87,completed,144
10191,Rigid,20208,20274,20299,66,25,91,completed,144
10192,Rigid,20208,20280,20305,72,25,97,completed,144
10193,Rigid,20208,20280,20304,72,24,96,completed,144
10194,Rigid,20208,20280,20305,72,25,97,completed,144
10195,Rigid,20208,20281,20306,73,25,98,completed,144
10196,Rigid,20208,20282,20307,74,25,99,completed,144
10197,Rigid,20208,20289,20314,81,25,106,completed,144
10198,Rigid,20208,20296,20321,88,25,113,completed,144
10199,Rigid,20208,20299,20324,91,25,116,completed,144
10200,Rigid,20208,20304,20329,96,25,121,completed,144
10201,Rigid,20208,20305,20330,97,25,122,completed,144
10202,Rigid,20208,20305,20330,97,25,122,completed,144
10203,Rigid,20208,20306,20330,98,24,122,completed,144
10204,Rigid,20208,20306,20330,98,24,122,completed,144
10205,Rigid,20208,20307,20332,99,25,124,completed,144
10206,Rigid,20208,20314,20338,106,24,130,completed,144
10207,Rigid,20208,20320,20345,112,25,137,completed,144
10208,Rigid,20208,20321,20346,113,25,138,completed,144
10209,Rigid,20208,20325,20349,117,24,141,completed,144
10210,Rigid,20208,20328,20353,120,25,145,completed,144
10211,Rigid,20208,20328,20353,120,25,145,completed,144
10212,Rigid,20208,20328,20353,120,25,145,completed,144
10213,Rigid,20208,20328,20353,120,25,145,completed,144
10214,Rigid,20208,20330,20354,122,24,146,completed,144
10215,Rigid,20208,20330,20355,122,25,147,completed,144
10216,Rigid,20208,20330,20354,122,24,146,completed,144
10217,Rigid,20208,20330,20354,122,24,146,completed,144
10218,Rigid,20252,20331,20415,79,84,163,completed,144
10219,Rigid,20252,20332,20385,80,53,133,completed,144
10220,Rigid,20252,20339,20385,87,46,133,completed,144
10221,Rigid,20252,20341,20372,89,31,120,completed,144
10222,Rigid,20253,20341,20475,88,134,222,completed,144
10223,Rigid,20254,20341,20398,87,57,144,completed,144
10224,Rigid,20256,20341,20577,85,236,321,completed,144
10225,Rigid,20256,20341,20413,85,72,157,completed,144
10226,Rigid,20257,20346,20582,89,236,325,completed,144
10227,Rigid,20257,20346,20463,89,117,206,completed,144
10228,Rigid,20257,20349,21333,92,984,1076,completed,144
10229,Rigid,20257,20353,20777,96,424,520,completed,144
10230,Rigid,20258,20353,20426,95,73,168,completed,144
10231,Rigid,20258,20354,20397,96,43,139,completed,144
10232,Rigid,20258,20354,20479,96,125,221,completed,144
10233,Rigid,20258,20355,20454,97,99,196,completed,144
10234,Rigid,20258,20355,20592,97,237,334,completed,144
10235,Rigid,20259,20355,20471,96,116,212,completed,144
10236,Rigid,20259,20355,21353,96,998,1094,completed,144
10237,Rigid,20259,20372,20792,113,420,533,completed,144
10238,Rigid,20260,20385,20454,125,69,194,completed,144
10239,Rigid,20261,20385,20430,124,45,169,completed,144
10240,Rigid,20261,20386,20510,125,124,249,completed,144
10241,Rigid,20261,20397,20492,136,95,231,completed,144
10242,Rigid,20273,20398,20634,125,236,361,completed,144
10243,Rigid,20273,20399,20514,126,115,241,completed,144
10244,Rigid,20273,20414,21410,141,996,1137,completed,144
10245,Rigid,20273,20415,20838,142,423,565,completed,144
10246,Rigid,20273,20427,20500,154,73,227,completed,144
10247,Rigid,20273,20431,20476,158,45,203,completed,144
10248,Rigid,20274,20431,20557,157,126,283,completed,144
10249,Rigid,20274,20472,20570,198,98,296,completed,144
10250,Rigid,20274,20475,20708,201,233,434,completed,144
10251,Rigid,20275,20476,20591,201,115,316,completed,144
10252,Rigid,20275,20479,21461,204,982,1186,completed,144
10253,Rigid,20276,20493,20912,217,419,636,completed,144
10254,Rigid,20277,20500,20570,223,70,293,completed,144
10255,Rigid,20277,20510,20635,233,125,358,completed,144
10256,Rigid,20278,20514,20608,236,94,330,completed,144
10257,Rigid,20279,20520,20605,241,85,326,completed,144
10258,Rigid,20279,20558,20609,279,51,330,completed,144
10259,Rigid,20280,20582,20819,302,237,539,completed,144
10260,Rigid,20280,20592,20725,312,133,445,completed,144
10261,Rigid,20281,20592,20638,311,46,357,completed,144
10262,Rigid,20281,20605,20679,324,74,398,completed,144
10263,Rigid,20282,20608,20666,326,58,384,completed,144
10264,Rigid,20558,20577,20703,19,126,145,completed,540
10265,Rigid,20588,20610,20631,22,21,43,completed,144
10266,Rigid,20588,20631,20660,43,29,72,completed,144
10267,Rigid,20588,20635,21481,47,846,893,completed,144
10268,Rigid,20589,20636,21500,47,864,911,completed,144
10269,Rigid,20590,20639,20659,49,20,69,completed,144
10270,Rigid,20591,20660,20678,69,18,87,completed,144
10271,Rigid,20615,20615,20636,0,21,21,completed,1
10272,Rigid,20615,20615,20663,0,48,48,completed,1
10273,Rigid,20618,20618,20650,0,32,32,completed,1
10274,Rigid,20618,20618,20668,0,50,50,completed,1
10275,Rigid,20618,20618,20649,0,31,31,completed,1
10276,Rigid,20639,20639,20643,0,4,4,completed,36
10277,Rigid,20647,20647,20654,0,7,7,completed,36
10278,Rigid,20705,20705,20709,0,4,4,completed,540
10279,Rigid,20710,20710,20858,0,148,148,completed,32
10280,Rigid,20710,20710,20847,0,137,137,completed,32
10281,Rigid,20710,20710,20954,0,244,244,completed,32
10282,Rigid,20710,20710,20902,0,192,192,completed,32
10283,Rigid,20710,20710,20891,0,181,181,completed,32
10284,Rigid,20710,20710,20949,0,239,239,completed,32
10285,Rigid,20710,20710,20866,0,156,156,completed,32
10286,Rigid,20710,20710,20844,0,134,134,completed,32
10287,Rigid,20710,20710,20803,0,93,93,completed,32
10288,Rigid,20710,20710,20808,0,98,98,completed,32
10289,Rigid,20710,20710,20778,0,68,68,completed,32
10290,Rigid,20710,20710,20805,0,95,95,completed,32
10291,Rigid,20710,20710,21052,0,342,342,completed,32
10292,Rigid,20710,20710,21047,0,337,337,completed,32
10293,Rigid,20710,20710,20883,0,173,173,completed,32
10294,Rigid,20710,20710,20943,0,233,233,completed,32
10295,Rigid,20710,20710,20897,0,187,187,completed,32
10296,Rigid,20710,20710,20886,0,176,176,completed,32
10297,Rigid,20710,20710,20888,0,178,178,completed,32
10298,Rigid,20710,20710,20820,0,110,110,completed,32
10299,Rigid,20710,20710,21026,0,316,316,completed,32
10300,Rigid,20710,20710,21009,0,299,299,completed,32
10301,Rigid,20710,20710,20826,0,116,116,completed,32
10302,Rigid,20710,20710,20812,0,102,102,completed,32
10303,Rigid,20710,20710,20874,0,164,164,completed,32
10304,Rigid,20710,20710,20852,0,142,142,completed,32
10305,Rigid,20710,20710,21014,0,304,304,completed,32
10306,Rigid,20710,20710,20839,0,129,129,completed,32
10307,Rigid,20710,20710,20936,0,226,226,completed,32
10308,Rigid,20710,20710,20944,0,234,234,completed,32
10309,Rigid,20710,20710,20981,0,271,271,completed,32
10310,Rigid,20710,20710,21031,0,321,321,completed,32
10311,Rigid,20710,20710,20940,0,230,230,completed,32
10312,Rigid,20710,20710,20900,0,190,190,completed,32
10313,Rigid,20712,20712,20855,0,143,143,completed,32
10314,Rigid,20712,20712,20885,0,173,173,completed,32
10315,Rigid,20712,20712,20943,0,231,231,completed,32
10316,Rigid,20712,20712,20908,0,196,196,completed,32
10317,Rigid,20712,20712,20888,0,176,176,completed,32
10318,Rigid,20712,20712,20938,0,226,226,completed,32
10319,Rigid,20712,20712,20870,0,158,158,completed,32
10320,Rigid,20712,20712,20837,0,125,125,completed,32
10321,Rigid,20712,20712,21066,0,354,354,completed,32
10322,Rigid,20712,20712,21034,0,322,322,completed,32
10323,Rigid,20712,20726,20912,14,186,200,completed,32
10324,Rigid,20712,20726,20940,14,214,228,completed,32
10325,Rigid,20712,20746,20843,34,97,131,completed,32
10326,Rigid,20712,20755,20854,43,99,142,completed,32
10327,Rigid,20712,20755,20825,43,70,113,completed,32
10328,Rigid,20712,20778,20874,66,96,162,completed,32
10329,Rigid,20712,20746,20939,34,193,227,completed,32
10330,Rigid,20712,20746,20920,34,174,208,completed,32
10331,Rigid,20712,20749,20911,37,162,199,completed,32
10332,Rigid,20712,20749,20866,37,117,154,completed,32
10333,Rigid,20712,20749,21054,37,305,342,completed,32
10334,Rigid,20712,20755,21066,43,311,354,completed,32
10335,Rigid,20712,20778,20895,66,117,183,completed,32
10336,Rigid,20712,20778,20887,66,109,175,completed,32
10337,Rigid,20712,20778,20934,66,156,222,completed,32
10338,Rigid,20712,20779,20909,67,130,197,completed,32
10339,Rigid,20712,20785,21061,73,276,349,completed,32
10340,Rigid,20712,20790,20932,78,142,220,completed,32
10341,Rigid,20712,20790,21009,78,219,297,completed,32
10342,Rigid,20712,20790,21011,78,221,299,completed,32
10343,Rigid,20712,20790,21061,78,271,349,completed,32
10344,Rigid,20712,20790,21141,78,351,429,completed,32
10345,Rigid,20712,20790,21023,78,233,311,completed,32
10346,Rigid,20712,20790,20961,78,171,249,completed,32
10347,Rigid,20713,20790,20883,77,93,170,completed,32
10348,Rigid,20713,20790,20899,77,109,186,completed,32
10349,Rigid,20713,20790,20954,77,164,241,completed,32
10350,Rigid,20713,20790,20944,77,154,231,completed,32
10351,Rigid,20713,20790,20921,77,131,208,completed,32
10352,Rigid,20713,20790,20886,77,96,173,completed,32
10353,Rigid,20713,20790,20889,77,99,176,completed,32
10354,Rigid,20713,20790,20863,77,73,150,completed,32
10355,Rigid,20713,20792,20874,79,82,161,completed,32
10356,Rigid,20713,20802,20897,89,95,184,completed,32
10357,Rigid,20713,20804,20865,91,61,152,completed,32
10358,Rigid,20713,20809,20901,96,92,188,completed,32
10359,Rigid,20713,20813,20908,100,95,195,completed,32
10360,Rigid,20713,20790,20965,77,175,252,completed,32
10361,Rigid,20713,20790,21010,77,220,297,completed,32
10362,Rigid,20713,20790,21056,77,266,343,completed,32
10363,Rigid,20713,20790,20920,77,130,207,completed,32
10364,Rigid,20713,20790,20978,77,188,265,completed,32
10365,Rigid,20713,20790,20922,77,132,209,completed,32
10366,Rigid,20713,20792,20930,79,138,217,completed,32
10367,Rigid,20713,20792,20921,79,129,208,completed,32
10368,Rigid,20713,20792,20991,79,199,278,completed,32
10369,Rigid,20713,20806,20999,93,193,286,completed,32
10370,Rigid,20713,20813,20914,100,101,201,completed,32
10371,Rigid,20713,20813,20933,100,120,220,completed,32
10372,Rigid,20713,20821,20954,108,133,241,completed,32
10373,Rigid,20713,20826,21081,113,255,368,completed,32
10374,Rigid,20713,20827,20941,114,114,228,completed,32
10375,Rigid,20713,20837,21014,124,177,301,completed,32
10376,Rigid,20713,20840,21037,127,197,324,completed,32
10377,Rigid,20713,20844,21044,131,200,331,completed,32
10378,Rigid,20713,20845,21042,132,197,329,completed,32
10379,Rigid,20713,20848,20992,135,144,279,completed,32
10380,Rigid,20713,20853,20987,140,134,274,completed,32
10381,Rigid,20713,20856,20943,143,87,230,completed,32
10382,Rigid,20713,20854,20955,141,101,242,completed,32
10383,Rigid,20713,20859,21010,146,151,297,completed,32
10384,Rigid,20713,20867,20956,154,89,243,completed,32
10385,Rigid,20713,20871,20961,158,90,248,completed,32
10386,Rigid,20713,20885,20953,172,68,240,completed,32
10387,Rigid,20713,20887,20966,174,79,253,completed,32
10388,Rigid,20713,20889,20976,176,87,263,completed,32
10389,Rigid,20713,20889,20946,176,57,233,completed,32
10390,Rigid,20713,20895,20979,182,84,266,completed,32
10391,Rigid,20713,20897,20991,184,94,278,completed,32
10392,Rigid,20713,20899,20987,186,88,274,completed,32
10393,Rigid,20713,20863,21002,150,139,289,completed,32
10394,Rigid,20713,20866,20985,153,119,272,completed,32
10395,Rigid,20713,20867,21030,154,163,317,completed,32
10396,Rigid,20713,20874,21074,161,200,361,completed,32
10397,Rigid,20713,20875,21117,162,242,404,completed,32
10398,Rigid,20713,20875,20993,162,118,280,completed,32
10399,Rigid,20713,20884,21059,171,175,346,completed,32
10400,Rigid,20713,20884,21006,171,122,293,completed,32
10401,Rigid,20713,20886,21017,173,131,304,completed,32
10402,Rigid,20713,20887,21007,174,120,294,completed,32
10403,Rigid,20713,20888,21070,175,182,357,completed,32
10404,Rigid,20713,20892,21069,179,177,356,completed,32
10405,Rigid,20713,20898,21008,185,110,295,completed,32
10406,Rigid,20713,20901,21023,188,122,310,completed,32
10407,Rigid,20713,20902,21134,189,232,421,completed,32
10408,Rigid,20713,20903,21009,190,106,296,completed,32
10409,Rigid,20713,20908,21070,195,162,357,completed,32
10410,Rigid,20713,20909,21089,196,180,376,completed,32
10411,Rigid,20713,20909,21086,196,177,373,completed,32
10412,Rigid,20713,20912,21090,199,178,377,completed,32
10413,Rigid,20713,20912,21044,199,132,331,completed,32
10414,Rigid,20713,20914,21040,201,126,327,completed,32
10415,Rigid,20716,20726,20838,10,112,122,completed,72
10416,Rigid,20720,20813,20849,93,36,129,completed,36
10417,Rigid,20721,20813,20849,92,36,128,completed,36
10418,Rigid,20725,20864,21046,139,182,321,completed,540
10419,Rigid,20745,20822,22550,77,1728,1805,completed,24
10420,Rigid,20749,20820,20834,71,14,85,completed,144
10421,Rigid,20750,20835,20850,85,15,100,completed,144
10422,Rigid,20750,20838,20853,88,15,103,completed,144
10423,Rigid,20750,20839,20852,89,13,102,completed,144
10424,Rigid,20755,20838,22268,83,1430,1513,completed,22
10425,Rigid,20759,20915,20926,156,11,167,completed,540
10426,Rigid,20829,20927,24972,98,4045,4143,completed,216
10427,Rigid,20851,20892,20935,41,43,84,completed,72
10428,Rigid,20852,20913,20936,61,23,84,completed,72
10429,Rigid,20852,20913,20937,61,24,85,completed,72
10430,Rigid,20852,20915,20938,63,23,86,completed,72
10431,Rigid,20852,20915,20935,63,20,83,completed,72
10432,Rigid,20852,20915,20936,63,21,84,completed,72
10433,Rigid,20852,20915,20939,63,24,87,completed,72
10434,Rigid,20852,20915,20937,63,22,85,completed,72
10435,Rigid,20852,20915,20936,63,21,84,completed,72
10436,Rigid,20852,20915,20938,63,23,86,completed,72
10437,Rigid,20852,20915,20939,63,24,87,completed,72
10438,Rigid,20852,20920,20936,68,16,84,completed,72
10439,Rigid,20852,20921,20935,69,14,83,completed,72
10440,Rigid,20852,20922,20934,70,12,82,completed,72
10441,Rigid,20852,20927,20937,75,10,85,completed,72
10442,Rigid,20852,20927,20938,75,11,86,completed,72
10443,Rigid,20901,20927,21533,26,606,632,completed,36
10444,Rigid,20901,20927,21535,26,608,634,completed,36
10445,Rigid,20961,20961,21393,0,432,432,completed,36
10446,Rigid,20964,22424,23848,1460,1424,2884,completed,756
10447,Rigid,20996,20996,21848,0,852,852,completed,144
10448,Rigid,20998,20998,21852,0,854,854,completed,108
10449,Rigid,21001,21001,22266,0,1265,1265,completed,108
10450,Rigid,21002,21002,22266,0,1264,1264,completed,108
10451,Rigid,21004,21004,22732,0,1728,1728,completed,108
10452,Rigid,21005,21005,22733,0,1728,1728,completed,24
10453,Rigid,21007,21007,22735,0,1728,1728,completed,24
10454,Rigid,21015,21015,21024,0,9,9,completed,2
10455,Rigid,21015,21015,21024,0,9,9,completed,2
10456,Rigid,21015,21015,21019,0,4,4,completed,2
10457,Rigid,21015,21015,21022,0,7,7,completed,2
10458,Rigid,21015,21015,21019,0,4,4,completed,2
10459,Rigid,21015,21015,21019,0,4,4,completed,2
10460,Rigid,21023,21023,21847,0,824,824,completed,144
10461,Rigid,21048,21048,21054,0,6,6,completed,540
10462,Rigid,21052,21052,21292,0,240,240,completed,72
10463,Rigid,21064,21064,21066,0,2,2,completed,144
10464,Rigid,21064,21064,21066,0,2,2,completed,144
10465,Rigid,21064,21064,21067,0,3,3,completed,216
10466,Rigid,21064,21064,21067,0,3,3,completed,216
10467,Rigid,21435,21435,21867,0,432,432,completed,36
10468,Rigid,21447,21447,22269,0,822,822,completed,108
10469,Rigid,21448,21448,22270,0,822,822,completed,108
10470,Rigid,21450,21450,22747,0,1297,1297,completed,24
10471,Rigid,21450,21450,23178,0,1728,1728,completed,24
10472,Rigid,21453,21453,21664,0,211,211,completed,72
10473,Rigid,21479,21479,22272,0,793,793,completed,24
10474,Rigid,21480,21480,22271,0,791,791,completed,24
10475,Rigid,21484,21484,23186,0,1702,1702,completed,22
10476,Rigid,21510,21510,21676,0,166,166,completed,72
10477,Rigid,21510,21510,21676,0,166,166,completed,72
10478,Rigid,21510,21510,21676,0,166,166,completed,72
10479,Rigid,21510,21510,21676,0,166,166,completed,72
10480,Rigid,21510,21510,21676,0,166,166,completed,72
10481,Rigid,21510,21510,21676,0,166,166,completed,72
10482,Rigid,21510,21510,21676,0,166,166,completed,72
10483,Rigid,21510,21510,21676,0,166,166,completed,72
10484,Rigid,21510,21510,21676,0,166,166,completed,72
10485,Rigid,21510,21510,21675,0,165,165,completed,72
10486,Rigid,21510,21510,21675,0,165,165,completed,72
10487,Rigid,21510,21510,21675,0,165,165,completed,72
10488,Rigid,21510,21510,21676,0,166,166,completed,72
10489,Rigid,21510,21510,21675,0,165,165,completed,72
10490,Rigid,21510,21510,21675,0,165,165,completed,72
10491,Rigid,21510,21510,21675,0,165,165,completed,72
10492,Rigid,21544,21544,22413,0,869,869,completed,144
10493,Rigid,21545,21545,22412,0,867,867,completed,288
10494,Rigid,21553,21553,21608,0,55,55,completed,1
10495,Rigid,21554,21554,21597,0,43,43,completed,1
10496,Rigid,21665,21665,21668,0,3,3,completed,2
10497,Rigid,21665,21665,21668,0,3,3,completed,2
10498,Rigid,21665,21665,21668,0,3,3,completed,2
10499,Rigid,21668,21668,21670,0,2,2,completed,2
10500,Rigid,21668,21668,21670,0,2,2,completed,2
10501,Rigid,21668,21668,21670,0,2,2,completed,2
10502,Rigid,21678,21678,21803,0,125,125,completed,108
10503,Rigid,21685,21685,21895,0,210,210,completed,72
10504,Rigid,21736,21736,21739,0,3,3,completed,72
10505,Rigid,21746,21746,21988,0,242,242,completed,648
10506,Rigid,21747,21747,21893,0,146,146,completed,648
10507,Rigid,21747,21893,22156,146,263,409,completed,648
10508,Rigid,21747,21989,22082,242,93,335,completed,648
10509,Rigid,21748,21748,23187,0,1439,1439,completed,144
10510,Rigid,21772,21772,22636,0,864,864,completed,1080
10511,Rigid,21776,21776,21836,0,60,60,completed,72
10512,Rigid,21819,21819,22533,0,714,714,completed,144
10513,Rigid,21820,21820,22534,0,714,714,completed,144
10514,Rigid,21820,21820,21833,0,13,13,completed,144
10515,Rigid,21821,21821,23175,0,1354,1354,completed,108
10516,Rigid,21821,21821,22534,0,713,713,completed,144
10517,Rigid,21821,21821,31778,0,9957,9957,completed,216
10518,Rigid,21822,21822,22534,0,712,712,completed,144
10519,Rigid,21824,27423,28926,5599,1503,7102,completed,756
10520,Rigid,21826,21826,21827,0,1,1,completed,72
10521,Rigid,21837,21837,21840,0,3,3,completed,1
10522,Rigid,21842,21842,21843,0,1,1,completed,36
10523,Rigid,21848,21848,23169,0,1321,1321,completed,144
10524,Rigid,21848,21848,21854,0,6,6,completed,32
10525,Rigid,21848,21848,21855,0,7,7,completed,32
10526,Rigid,21848,21848,21856,0,8,8,completed,32
10527,Rigid,21848,21848,21849,0,1,1,completed,32
10528,Rigid,21848,21848,21849,0,1,1,completed,32
10529,Rigid,21848,21848,21849,0,1,1,completed,32
10530,Rigid,21849,21849,23147,0,1298,1298,completed,144
10531,Rigid,21850,21850,21861,0,11,11,completed,36
10532,Rigid,21853,21853,23170,0,1317,1317,completed,108
10533,Rigid,21853,21853,21855,0,2,2,completed,2
10534,Rigid,21853,21853,21855,0,2,2,completed,2
10535,Rigid,21853,21853,21855,0,2,2,completed,2
10536,Rigid,21855,21855,21857,0,2,2,completed,9
10537,Rigid,21855,21855,21857,0,2,2,completed,9
10538,Rigid,21856,21856,21859,0,3,3,completed,9
10539,Rigid,21859,21859,21860,0,1,1,completed,16
10540,Rigid,21859,21859,21860,0,1,1,completed,16
10541,Rigid,21859,21859,21860,0,1,1,completed,16
10542,Rigid,21862,21862,21873,0,11,11,completed,36
10543,Rigid,21875,21875,21885,0,10,10,completed,72
10544,Rigid,21878,21878,21894,0,16,16,completed,18
10545,Rigid,21892,21892,21904,0,12,12,completed,36
10546,Rigid,21901,21901,22143,0,242,242,completed,72
10547,Rigid,21919,21919,22276,0,357,357,completed,1080
10548,Rigid,21926,21926,21938,0,12,12,completed,72
10549,Rigid,21957,21957,21968,0,11,11,completed,72
10550,Rigid,22241,22241,23065,0,824,824,completed,36
10551,Rigid,22241,22241,23062,0,821,821,completed,36
10552,Rigid,22241,22241,22968,0,727,727,completed,36
10553,Rigid,22242,22242,23647,0,1405,1405,completed,36
10554,Rigid,22242,22242,23542,0,1300,1300,completed,36
10555,Rigid,22242,22242,23616,0,1374,1374,completed,36
10556,Rigid,22253,22253,22825,0,572,572,completed,36
10557,Rigid,22253,22253,22955,0,702,702,completed,36
10558,Rigid,22253,22253,23127,0,874,874,completed,36
10559,Rigid,22253,22253,23329,0,1076,1076,completed,36
10560,Rigid,22253,22253,23182,0,929,929,completed,36
10561,Rigid,22253,22253,23981,0,1728,1728,completed,36
10562,Rigid,22254,22254,23595,0,1341,1341,completed,36
10563,Rigid,22254,22254,23510,0,1256,1256,completed,36
10564,Rigid,22254,22254,23717,0,1463,1463,completed,36
10565,Rigid,22254,22254,23101,0,847,847,completed,36
10566,Rigid,22254,22254,22872,0,618,618,completed,36
10567,Rigid,22254,22254,23243,0,989,989,completed,36
10568,Rigid,22254,22254,23102,0,848,848,completed,36
10569,Rigid,22254,22254,23372,0,1118,1118,completed,36
10570,Rigid,22254,22254,23425,0,1171,1171,completed,36
10571,Rigid,22255,22255,23254,0,999,999,completed,36
10572,Rigid,22255,22255,22652,0,397,397,completed,36
10573,Rigid,22255,22255,23348,0,1093,1093,completed,36
10574,Rigid,22255,22255,22860,0,605,605,completed,36
10575,Rigid,22255,22255,23160,0,905,905,completed,36
10576,Rigid,22255,22255,23092,0,837,837,completed,36
10577,Rigid,22256,22256,22918,0,662,662,completed,36
10578,Rigid,22256,22256,22976,0,720,720,completed,36
10579,Rigid,22256,22256,23137,0,881,881,completed,36
10580,Rigid,22257,22257,22835,0,578,578,completed,36
10581,Rigid,22257,22257,23176,0,919,919,completed,36
10582,Rigid,22257,22257,22805,0,548,548,completed,36
10583,Rigid,22257,22257,23482,0,1225,1225,completed,36
10584,Rigid,22257,22257,22904,0,647,647,completed,36
10585,Rigid,22257,22257,23497,0,1240,1240,completed,36
10586,Rigid,22258,22258,22727,0,469,469,completed,36
10587,Rigid,22258,22258,22650,0,392,392,completed,36
10588,Rigid,22258,22258,22594,0,336,336,completed,36
10589,Rigid,22258,22258,23465,0,1207,1207,completed,36
10590,Rigid,22258,22258,23497,0,1239,1239,completed,36
10591,Rigid,22258,22258,23225,0,967,967,completed,36
10592,Rigid,22259,22259,23417,0,1158,1158,completed,36
10593,Rigid,22259,22259,23449,0,1190,1190,completed,36
10594,Rigid,22259,22259,22818,0,559,559,completed,36
10595,Rigid,22259,22259,24851,0,2592,2592,completed,36
10596,Rigid,22259,22259,24851,0,2592,2592,completed,36
10597,Rigid,22259,22259,24851,0,2592,2592,completed,36
10598,Rigid,22259,22259,24851,0,2592,2592,completed,36
10599,Rigid,22259,22259,24851,0,2592,2592,completed,36
10600,Rigid,22259,22259,22556,0,297,297,completed,36
10601,Rigid,22259,22259,24851,0,2592,2592,completed,36
10602,Rigid,22259,22259,24851,0,2592,2592,completed,36
10603,Rigid,22259,22259,24851,0,2592,2592,completed,36
10604,Rigid,22259,22259,24851,0,2592,2592,completed,36
10605,Rigid,22259,22259,22852,0,593,593,completed,36
10606,Rigid,22265,22265,22267,0,2,2,completed,36
10607,Rigid,22266,22266,23994,0,1728,1728,completed,108
10608,Rigid,22267,22267,23995,0,1728,1728,completed,108
10609,Rigid,22268,22268,22700,0,432,432,completed,36
10610,Rigid,22269,22269,22271,0,2,2,completed,36
10611,Rigid,22269,22269,23997,0,1728,1728,completed,22
10612,Rigid,22270,22270,22330,0,60,60,completed,108
10613,Rigid,22271,22271,23999,0,1728,1728,completed,108
10614,Rigid,22272,22272,22273,0,1,1,completed,36
10615,Rigid,22273,22273,24001,0,1728,1728,completed,24
10616,Rigid,22273,22273,24001,0,1728,1728,completed,24
10617,Rigid,22274,22274,22293,0,19,19,completed,72
10618,Rigid,22276,22276,22327,0,51,51,completed,36
10619,Rigid,22276,22276,22308,0,32,32,completed,36
10620,Rigid,22276,22276,22305,0,29,29,completed,36
10621,Rigid,22277,22277,24005,0,1728,1728,completed,36
10622,Rigid,22277,22277,24005,0,1728,1728,completed,36
10623,Rigid,22277,22277,24005,0,1728,1728,completed,36
10624,Rigid,22278,22278,22386,0,108,108,completed,36
10625,Rigid,22278,22278,22386,0,108,108,completed,36
10626,Rigid,22278,22278,22386,0,108,108,completed,36
10627,Rigid,22278,22278,22279,0,1,1,completed,36
10628,Rigid,22279,22279,24007,0,1728,1728,completed,36
10629,Rigid,22279,22279,24007,0,1728,1728,completed,36
10630,Rigid,22279,22279,24007,0,1728,1728,completed,36
10631,Rigid,22284,22284,22285,0,1,1,completed,36
10632,Rigid,22286,22286,22314,0,28,28,completed,36
10633,Rigid,22289,22289,23386,0,1097,1097,completed,36
10634,Rigid,22289,22289,23585,0,1296,1296,completed,36
10635,Rigid,22290,22290,24018,0,1728,1728,completed,36
10636,Rigid,22290,22290,24018,0,1728,1728,completed,36
10637,Rigid,22290,22290,24018,0,1728,1728,completed,36
10638,Rigid,22299,22299,22315,0,16,16,completed,72
10639,Rigid,22300,22300,24028,0,1728,1728,completed,36
10640,Rigid,22300,22300,24028,0,1728,1728,completed,36
10641,Rigid,22300,22300,24028,0,1728,1728,completed,36
10642,Rigid,22302,22302,24030,0,1728,1728,completed,36
10643,Rigid,22302,22302,24030,0,1728,1728,completed,36
10644,Rigid,22302,22302,24030,0,1728,1728,completed,36
10645,Rigid,22304,22304,22306,0,2,2,completed,1
10646,Rigid,22307,22307,22335,0,28,28,completed,144
10647,Rigid,22308,22308,22310,0,2,2,completed,1
10648,Rigid,22318,22318,22376,0,58,58,completed,36
10649,Rigid,22321,22321,22386,0,65,65,completed,72
10650,Rigid,22322,22322,22379,0,57,57,completed,9
10651,Rigid,22322,22322,22371,0,49,49,completed,9
10652,Rigid,22327,22327,22398,0,71,71,completed,36
10653,Rigid,22327,22327,22328,0,1,1,completed,36
10654,Rigid,22328,22328,22386,0,58,58,completed,72
10655,Rigid,22328,22328,22386,0,58,58,completed,72
10656,Rigid,22328,22328,22363,0,35,35,completed,72
10657,Rigid,22328,22328,22433,0,105,105,completed,72
10658,Rigid,22328,22328,22362,0,34,34,completed,72
10659,Rigid,22328,22328,22362,0,34,34,completed,72
10660,Rigid,22328,22328,22363,0,35,35,completed,72
10661,Rigid,22328,22328,22386,0,58,58,completed,72
10662,Rigid,22328,22328,22362,0,34,34,completed,72
10663,Rigid,22328,22328,22362,0,34,34,completed,72
10664,Rigid,22328,22328,22386,0,58,58,completed,72
10665,Rigid,22328,22328,22409,0,81,81,completed,72
10666,Rigid,22328,22328,22362,0,34,34,completed,72
10667,Rigid,22328,22328,22363,0,35,35,completed,72
10668,Rigid,22328,22328,22386,0,58,58,completed,72
10669,Rigid,22329,22329,22362,0,33,33,completed,72
10670,Rigid,22330,22330,22331,0,1,1,completed,36
10671,Rigid,22330,22330,22332,0,2,2,completed,1
10672,Rigid,22330,22330,22331,0,1,1,completed,36
10673,Rigid,22330,22330,22331,0,1,1,completed,36
10674,Rigid,22330,22330,22331,0,1,1,completed,36
10675,Rigid,22330,22330,22331,0,1,1,completed,36
10676,Rigid,22330,22330,22331,0,1,1,completed,36
10677,Rigid,22330,22330,22331,0,1,1,completed,36
10678,Rigid,22330,22330,22331,0,1,1,completed,36
10679,Rigid,22330,22330,22331,0,1,1,completed,36
10680,Rigid,22330,22330,22331,0,1,1,completed,36
10681,Rigid,22330,22330,22331,0,1,1,completed,36
10682,Rigid,22330,22330,22331,0,1,1,completed,36
10683,Rigid,22330,22330,22331,0,1,1,completed,36
10684,Rigid,22330,22330,22331,0,1,1,completed,36
10685,Rigid,22330,22330,22331,0,1,1,completed,36
10686,Rigid,22330,22330,22331,0,1,1,completed,36
10687,Rigid,22330,22330,22331,0,1,1,completed,36
10688,Rigid,22330,22330,22331,0,1,1,completed,36
10689,Rigid,22330,22330,22331,0,1,1,completed,36
10690,Rigid,22330,22330,22331,0,1,1,completed,36
10691,Rigid,22330,22331,22332,1,1,2,completed,36
10692,Rigid,22330,22332,22333,2,1,3,completed,36
10693,Rigid,22330,22332,22333,2,1,3,completed,36
10694,Rigid,22330,22332,22333,2,1,3,completed,36
10695,Rigid,22330,22332,22333,2,1,3,completed,36
10696,Rigid,22330,22332,22333,2,1,3,completed,36
10697,Rigid,22330,22332,22333,2,1,3,completed,36
10698,Rigid,22330,22332,22333,2,1,3,completed,36
10699,Rigid,22330,22332,22333,2,1,3,completed,36
10700,Rigid,22330,22332,22333,2,1,3,completed,36
10701,Rigid,22330,22332,22333,2,1,3,completed,36
10702,Rigid,22330,22332,22333,2,1,3,completed,36
10703,Rigid,22330,22332,22333,2,1,3,completed,36
10704,Rigid,22330,22332,22333,2,1,3,completed,36
10705,Rigid,22330,22332,22333,2,1,3,completed,36
10706,Rigid,22330,22332,22333,2,1,3,completed,36
10707,Rigid,22331,22333,24024,2,1691,1693,completed,108
10708,Rigid,22332,22332,22335,0,3,3,completed,144
10709,Rigid,22334,22334,22336,0,2,2,completed,1
10710,Rigid,22337,22337,22406,0,69,69,completed,144
10711,Rigid,22338,22338,22367,0,29,29,completed,144
10712,Rigid,22349,22349,22350,0,1,1,completed,1152
10713,Rigid,22353,22353,22354,0,1,1,completed,1
10714,Rigid,22354,22354,22359,0,5,5,completed,144
10715,Rigid,22355,22355,22356,0,1,1,completed,1
10716,Rigid,22356,22356,22361,0,5,5,completed,36
10717,Rigid,22356,22356,22361,0,5,5,completed,36
10718,Rigid,22356,22356,22364,0,8,8,completed,36
10719,Rigid,22356,22356,22361,0,5,5,completed,36
10720,Rigid,22356,22356,22361,0,5,5,completed,36
10721,Rigid,22356,22356,22361,0,5,5,completed,36
10722,Rigid,22356,22356,22361,0,5,5,completed,36
10723,Rigid,22356,22356,22361,0,5,5,completed,36
10724,Rigid,22356,22356,22361,0,5,5,completed,36
10725,Rigid,22356,22356,22361,0,5,5,completed,36
10726,Rigid,22356,22356,22361,0,5,5,completed,36
10727,Rigid,22356,22356,22361,0,5,5,completed,36
10728,Rigid,22356,22356,22361,0,5,5,completed,36
10729,Rigid,22356,22356,22361,0,5,5,completed,36
10730,Rigid,22356,22356,22361,0,5,5,completed,36
10731,Rigid,22356,22356,22361,0,5,5,completed,36
10732,Rigid,22356,22356,22361,0,5,5,completed,36
10733,Rigid,22356,22356,22361,0,5,5,completed,36
10734,Rigid,22356,22356,22361,0,5,5,completed,36
10735,Rigid,22356,22356,22361,0,5,5,completed,36
10736,Rigid,22356,22356,22361,0,5,5,completed,36
10737,Rigid,22356,22356,22361,0,5,5,completed,36
10738,Rigid,22356,22356,22361,0,5,5,completed,36
10739,Rigid,22356,22356,22361,0,5,5,completed,36
10740,Rigid,22356,22356,22361,0,5,5,completed,36
10741,Rigid,22356,22356,22361,0,5,5,completed,36
10742,Rigid,22356,22356,22361,0,5,5,completed,36
10743,Rigid,22356,22356,22361,0,5,5,completed,36
10744,Rigid,22356,22356,22361,0,5,5,completed,36
10745,Rigid,22356,22356,22361,0,5,5,completed,36
10746,Rigid,22356,22356,22361,0,5,5,completed,36
10747,Rigid,22356,22356,22361,0,5,5,completed,36
10748,Rigid,22356,22356,22361,0,5,5,completed,36
10749,Rigid,22356,22356,22361,0,5,5,completed,36
10750,Rigid,22356,22356,22361,0,5,5,completed,36
10751,Rigid,22356,22356,22361,0,5,5,completed,36
10752,Rigid,22358,22358,22360,0,2,2,completed,1
10753,Rigid,22362,22362,22370,0,8,8,completed,36
10754,Rigid,22363,22363,22366,0,3,3,completed,36
10755,Rigid,22363,22363,22391,0,28,28,completed,144
10756,Rigid,22363,22363,22391,0,28,28,completed,144
10757,Rigid,22364,22364,22371,0,7,7,completed,144
10758,Rigid,22365,22365,22367,0,2,2,completed,36
10759,Rigid,22367,22367,22402,0,35,35,completed,36
10760,Rigid,22371,22371,22434,0,63,63,completed,36
10761,Rigid,22372,22372,22409,0,37,37,completed,36
10762,Rigid,22375,22375,22376,0,1,1,completed,1152
10763,Rigid,22377,22377,22378,0,1,1,completed,1080
10764,Rigid,22378,22379,22380,1,1,2,completed,1152
10765,Rigid,22378,22378,22380,0,2,2,completed,36
10766,Rigid,22385,22386,23152,1,766,767,completed,1080
10767,Rigid,22413,22413,22435,0,22,22,completed,36
10768,Rigid,22413,22413,22435,0,22,22,completed,36
10769,Rigid,22413,22413,22435,0,22,22,completed,36
10770,Rigid,22413,22413,24140,0,1727,1727,completed,108
10771,Rigid,22413,22413,24141,0,1728,1728,completed,108
10772,Rigid,22413,22413,24061,0,1648,1648,completed,108
10773,Rigid,22426,22426,22510,0,84,84,completed,144
10774,Rigid,22426,22426,22510,0,84,84,completed,144
10775,Rigid,22426,22426,22526,0,100,100,completed,144
10776,Rigid,22428,22428,22461,0,33,33,completed,144
10777,Rigid,22431,22431,22457,0,26,26,completed,288
10778,Rigid,22432,22432,24579,0,2147,2147,completed,576
10779,Rigid,22433,22433,24601,0,2168,2168,completed,576
10780,Rigid,22452,22452,22480,0,28,28,completed,144
10781,Rigid,22452,22452,22481,0,29,29,completed,144
10782,Rigid,22452,22452,22480,0,28,28,completed,144
10783,Rigid,22454,22454,22475,0,21,21,completed,36
10784,Rigid,22454,22458,24164,4,1706,1710,completed,108
10785,Rigid,22462,22462,22468,0,6,6,completed,144
10786,Rigid,22462,22462,22468,0,6,6,completed,144
10787,Rigid,22462,22468,22474,6,6,12,completed,144
10788,Rigid,22462,22468,22474,6,6,12,completed,144
10789,Rigid,22462,22474,22475,12,1,13,completed,144
10790,Rigid,22462,22474,22475,12,1,13,completed,144
10791,Rigid,22467,22476,22503,9,27,36,completed,144
10792,Rigid,22478,22478,22519,0,41,41,completed,2
10793,Rigid,22478,22478,22521,0,43,43,completed,2
10794,Rigid,22478,22478,22491,0,13,13,completed,2
10795,Rigid,22478,22478,22494,0,16,16,completed,2
10796,Rigid,22478,22478,22495,0,17,17,completed,2
10797,Rigid,22478,22478,22509,0,31,31,completed,2
10798,Rigid,22478,22478,22491,0,13,13,completed,2
10799,Rigid,22478,22478,22491,0,13,13,completed,2
10800,Rigid,22478,22478,22494,0,16,16,completed,2
10801,Rigid,22483,22483,22496,0,13,13,completed,72
10802,Rigid,22486,22486,22488,0,2,2,completed,36
10803,Rigid,22497,22497,22597,0,100,100,completed,144
10804,Rigid,22497,22497,22598,0,101,101,completed,144
10805,Rigid,22497,22497,22598,0,101,101,completed,144
10806,Rigid,22507,22507,22509,0,2,2,completed,144
10807,Rigid,22510,22510,22527,0,17,17,completed,144
10808,Rigid,22523,22523,23387,0,864,864,completed,32
10809,Rigid,22524,22524,23060,0,536,536,completed,32
10810,Rigid,22524,22524,23130,0,606,606,completed,32
10811,Rigid,22524,22524,23116,0,592,592,completed,32
10812,Rigid,22524,22524,22662,0,138,138,completed,32
10813,Rigid,22524,22524,22995,0,471,471,completed,32
10814,Rigid,22524,22524,23123,0,599,599,completed,32
10815,Rigid,22524,22524,22653,0,129,129,completed,32
10816,Rigid,22524,22524,22984,0,460,460,completed,32
10817,Rigid,22524,22524,22977,0,453,453,completed,32
10818,Rigid,22524,22524,23167,0,643,643,completed,32
10819,Rigid,22524,22524,23125,0,601,601,completed,32
10820,Rigid,22524,22524,23047,0,523,523,completed,32
10821,Rigid,22525,22528,23077,3,549,552,completed,32
10822,Rigid,22525,22528,23115,3,587,590,completed,32
10823,Rigid,22525,22534,23257,9,723,732,completed,32
10824,Rigid,22525,22525,23052,0,527,527,completed,32
10825,Rigid,22525,22525,23141,0,616,616,completed,32
10826,Rigid,22525,22525,23051,0,526,526,completed,32
10827,Rigid,22525,22527,23136,2,609,611,completed,32
10828,Rigid,22525,22527,23133,2,606,608,completed,32
10829,Rigid,22525,22527,22632,2,105,107,completed,32
10830,Rigid,22525,22527,23175,2,648,650,completed,32
10831,Rigid,22525,22528,23130,3,602,605,completed,32
10832,Rigid,22525,22528,23075,3,547,550,completed,32
10833,Rigid,22525,22534,23271,9,737,746,completed,32
10834,Rigid,22525,22534,23265,9,731,740,completed,32
10835,Rigid,22525,22534,23322,9,788,797,completed,32
10836,Rigid,22525,22534,23275,9,741,750,completed,32
10837,Rigid,22525,22534,22649,9,115,124,completed,32
10838,Rigid,22525,22534,23282,9,748,757,completed,32
10839,Rigid,22525,22534,23132,9,598,607,completed,32
10840,Rigid,22525,22534,23120,9,586,595,completed,32
10841,Rigid,22525,22534,23161,9,627,636,completed,32
10842,Rigid,22525,22534,23338,9,804,813,completed,32
10843,Rigid,22525,22534,23214,9,680,689,completed,32
10844,Rigid,22525,22534,23316,9,782,791,completed,32
10845,Rigid,22535,22535,22586,0,51,51,completed,1
10846,Rigid,22537,22550,25884,13,3334,3347,completed,144
10847,Rigid,22537,22581,25910,44,3329,3373,completed,144
10848,Rigid,22540,22540,22541,0,1,1,completed,36
10849,Rigid,22543,22543,22545,0,2,2,completed,36
10850,Rigid,22547,22547,22548,0,1,1,completed,36
10851,Rigid,22589,22589,22595,0,6,6,completed,36
10852,Rigid,22618,22618,22635,0,17,17,completed,18
10853,Rigid,22624,22624,22628,0,4,4,completed,144
10854,Rigid,22629,22629,22633,0,4,4,completed,144
10855,Rigid,22635,22635,22639,0,4,4,completed,144
10856,Rigid,22641,22641,22642,0,1,1,completed,144
10857,Rigid,22642,22642,22660,0,18,18,completed,144
10858,Rigid,22645,22645,28503,0,5858,5858,completed,216
10859,Rigid,22650,22650,26106,0,3456,3456,completed,216
10860,Rigid,22650,22650,26106,0,3456,3456,completed,180
10861,Rigid,22652,22652,26108,0,3456,3456,completed,180
10862,Rigid,22654,22654,22671,0,17,17,completed,18
10863,Rigid,22663,22663,22847,0,184,184,completed,144
10864,Rigid,22672,22672,25821,0,3149,3149,completed,216
10865,Rigid,22682,22682,22698,0,16,16,completed,18
10866,Rigid,22686,22686,22702,0,16,16,completed,18
10867,Rigid,22688,22688,22695,0,7,7,completed,144
10868,Rigid,22688,22688,22695,0,7,7,completed,144
10869,Rigid,22688,22688,22695,0,7,7,completed,144
10870,Rigid,22688,22688,22695,0,7,7,completed,144
10871,Rigid,22688,22688,22695,0,7,7,completed,144
10872,Rigid,22688,22695,22701,7,6,13,completed,144
10873,Rigid,22688,22695,22701,7,6,13,completed,144
10874,Rigid,22688,22695,22701,7,6,13,completed,144
10875,Rigid,22688,22695,22701,7,6,13,completed,144
10876,Rigid,22688,22695,22701,7,6,13,completed,144
10877,Rigid,22688,22702,22709,14,7,21,completed,144
10878,Rigid,22688,22702,22709,14,7,21,completed,144
10879,Rigid,22688,22702,22708,14,6,20,completed,144
10880,Rigid,22688,22702,22708,14,6,20,completed,144
10881,Rigid,22688,22702,22708,14,6,20,completed,144
10882,Rigid,22688,22709,22716,21,7,28,completed,144
10883,Rigid,22688,22709,22715,21,6,27,completed,144
10884,Rigid,22688,22709,22715,21,6,27,completed,144
10885,Rigid,22688,22709,22715,21,6,27,completed,144
10886,Rigid,22688,22709,22715,21,6,27,completed,144
10887,Rigid,22688,22716,22722,28,6,34,completed,144
10888,Rigid,22688,22716,22722,28,6,34,completed,144
10889,Rigid,22688,22716,22722,28,6,34,completed,144
10890,Rigid,22688,22716,22722,28,6,34,completed,144
10891,Rigid,22688,22716,22722,28,6,34,completed,144
10892,Rigid,22688,22723,22729,35,6,41,completed,144
10893,Rigid,22688,22723,22729,35,6,41,completed,144
10894,Rigid,22688,22723,22729,35,6,41,completed,144
10895,Rigid,22688,22723,22729,35,6,41,completed,144
10896,Rigid,22688,22723,22729,35,6,41,completed,144
10897,Rigid,22688,22727,22733,39,6,45,completed,144
10898,Rigid,22688,22729,22735,41,6,47,completed,144
10899,Rigid,22688,22729,22735,41,6,47,completed,144
10900,Rigid,22688,22729,22735,41,6,47,completed,144
10901,Rigid,22688,22729,22735,41,6,47,completed,144
10902,Rigid,22688,22729,22735,41,6,47,completed,144
10903,Rigid,22691,22691,22710,0,19,19,completed,18
10904,Rigid,22697,22697,22717,0,20,20,completed,18
10905,Rigid,22709,22709,22726,0,17,17,completed,18
10906,Rigid,22740,22740,22741,0,1,1,completed,36
10907,Rigid,22740,22740,22741,0,1,1,completed,36
10908,Rigid,22740,22740,22741,0,1,1,completed,36
10909,Rigid,22740,22740,22741,0,1,1,completed,36
10910,Rigid,22740,22740,22741,0,1,1,completed,36
10911,Rigid,22740,22740,22741,0,1,1,completed,36
10912,Rigid,22740,22740,22741,0,1,1,completed,36
10913,Rigid,22740,22740,22741,0,1,1,completed,36
10914,Rigid,22740,22740,22741,0,1,1,completed,36
10915,Rigid,22740,22740,22741,0,1,1,completed,36
10916,Rigid,22740,22740,22741,0,1,1,completed,36
10917,Rigid,22740,22740,22741,0,1,1,completed,36
10918,Rigid,22740,22740,22741,0,1,1,completed,36
10919,Rigid,22740,22740,22741,0,1,1,completed,36
10920,Rigid,22740,22740,22741,0,1,1,completed,36
10921,Rigid,22740,22740,22741,0,1,1,completed,36
10922,Rigid,22740,22740,22741,0,1,1,completed,36
10923,Rigid,22740,22740,22741,0,1,1,completed,36
10924,Rigid,22740,22740,22741,0,1,1,completed,36
10925,Rigid,22740,22740,22741,0,1,1,completed,36
10926,Rigid,22740,22740,22741,0,1,1,completed,36
10927,Rigid,22740,22740,22741,0,1,1,completed,36
10928,Rigid,22740,22740,22741,0,1,1,completed,36
10929,Rigid,22740,22740,22741,0,1,1,completed,36
10930,Rigid,22740,22740,22741,0,1,1,completed,36
10931,Rigid,22740,22740,22741,0,1,1,completed,36
10932,Rigid,22740,22740,22741,0,1,1,completed,36
10933,Rigid,22740,22740,22741,0,1,1,completed,36
10934,Rigid,22740,22741,22742,1,1,2,completed,36
10935,Rigid,22740,22742,22743,2,1,3,completed,36
10936,Rigid,22740,22742,22743,2,1,3,completed,36
10937,Rigid,22740,22742,22743,2,1,3,completed,36
10938,Rigid,22740,22742,22743,2,1,3,completed,36
10939,Rigid,22740,22742,22743,2,1,3,completed,36
10940,Rigid,22740,22742,22743,2,1,3,completed,36
10941,Rigid,22740,22742,22743,2,1,3,completed,36
10942,Rigid,22746,22746,24474,0,1728,1728,completed,24
10943,Rigid,22747,22747,23673,0,926,926,completed,24
10944,Rigid,22748,22748,23636,0,888,888,completed,24
10945,Rigid,22754,22754,22757,0,3,3,completed,36
10946,Rigid,22754,22754,22785,0,31,31,completed,36
10947,Rigid,22777,22905,23769,128,864,992,completed,1080
10948,Rigid,22784,22784,22789,0,5,5,completed,360
10949,Rigid,22785,22790,22791,5,1,6,completed,360
10950,Rigid,22790,22792,23077,2,285,287,completed,360
10951,Rigid,23079,23079,23164,0,85,85,completed,144
10952,Rigid,23101,23101,24050,0,949,949,completed,36
10953,Rigid,23101,23101,23821,0,720,720,completed,36
10954,Rigid,23101,23101,23744,0,643,643,completed,36
10955,Rigid,23115,23115,23119,0,4,4,completed,36
10956,Rigid,23120,23120,23149,0,29,29,completed,144
10957,Rigid,23120,23120,23149,0,29,29,completed,144
10958,Rigid,23122,23122,23126,0,4,4,completed,36
10959,Rigid,23129,23129,23140,0,11,11,completed,36
10960,Rigid,23132,23132,23133,0,1,1,completed,36
10961,Rigid,23133,23133,24274,0,1141,1141,completed,36
10962,Rigid,23133,23133,24300,0,1167,1167,completed,36
10963,Rigid,23133,23133,24358,0,1225,1225,completed,36
10964,Rigid,23136,23136,23137,0,1,1,completed,36
10965,Rigid,23137,23137,23138,0,1,1,completed,36
10966,Rigid,23138,23138,23635,0,497,497,completed,36
10967,Rigid,23138,23138,23854,0,716,716,completed,36
10968,Rigid,23138,23138,24507,0,1369,1369,completed,36
10969,Rigid,23139,23139,23140,0,1,1,completed,36
10970,Rigid,23139,23139,23171,0,32,32,completed,144
10971,Rigid,23139,23139,23171,0,32,32,completed,144
10972,Rigid,23139,23139,23171,0,32,32,completed,144
10973,Rigid,23139,23139,23171,0,32,32,completed,144
10974,Rigid,23139,23139,23171,0,32,32,completed,144
10975,Rigid,23139,23139,23171,0,32,32,completed,144
10976,Rigid,23139,23139,23171,0,32,32,completed,144
10977,Rigid,23139,23141,23173,2,32,34,completed,144
10978,Rigid,23139,23144,23176,5,32,37,completed,144
10979,Rigid,23139,23148,23180,9,32,41,completed,144
10980,Rigid,23139,23150,23182,11,32,43,completed,144
10981,Rigid,23139,23150,23182,11,32,43,completed,144
10982,Rigid,23139,23152,23184,13,32,45,completed,144
10983,Rigid,23140,23152,23203,12,51,63,completed,144
10984,Rigid,23143,23152,23164,9,12,21,completed,36
10985,Rigid,23147,23152,23424,5,272,277,completed,360
10986,Rigid,23147,23152,23423,5,271,276,completed,72
10987,Rigid,23148,23165,24893,17,1728,1745,completed,144
10988,Rigid,23152,23152,23254,0,102,102,completed,144
10989,Rigid,23152,23152,23254,0,102,102,completed,144
10990,Rigid,23156,23156,23160,0,4,4,completed,36
10991,Rigid,23157,23172,23199,15,27,42,completed,1080
10992,Rigid,23164,23172,23239,8,67,75,completed,144
10993,Rigid,23165,23165,23169,0,4,4,completed,36
10994,Rigid,23167,23167,25759,0,2592,2592,completed,36
10995,Rigid,23169,23172,24900,3,1728,1731,completed,144
10996,Rigid,23175,23175,23195,0,20,20,completed,36
10997,Rigid,23176,23176,24433,0,1257,1257,completed,36
10998,Rigid,23176,23176,24563,0,1387,1387,completed,36
10999,Rigid,23176,23176,23854,0,678,678,completed,36
11000,Rigid,23176,23176,24904,0,1728,1728,completed,108
11001,Rigid,23177,23177,23876,0,699,699,completed,36
11002,Rigid,23177,23177,24679,0,1502,1502,completed,36
11003,Rigid,23177,23177,23916,0,739,739,completed,36
11004,Rigid,23185,23185,24913,0,1728,1728,completed,108
11005,Rigid,23186,23186,23564,0,378,378,completed,144
11006,Rigid,23186,23186,23639,0,453,453,completed,144
11007,Rigid,23186,23186,23630,0,444,444,completed,144
11008,Rigid,23186,23186,23554,0,368,368,completed,144
11009,Rigid,23186,23187,23553,1,366,367,completed,144
11010,Rigid,23186,23187,23553,1,366,367,completed,144
11011,Rigid,23186,23199,23562,13,363,376,completed,144
11012,Rigid,23186,23199,23563,13,364,377,completed,144
11013,Rigid,23186,23199,23572,13,373,386,completed,144
11014,Rigid,23186,23199,23564,13,365,378,completed,144
11015,Rigid,23186,23199,23568,13,369,382,completed,144
11016,Rigid,23186,23199,23664,13,465,478,completed,144
11017,Rigid,23186,23637,24075,451,438,889,completed,144
11018,Rigid,23186,23637,24003,451,366,817,completed,144
11019,Rigid,23186,23639,24006,453,367,820,completed,144
11020,Rigid,23186,23665,24047,479,382,861,completed,144
11021,Rigid,23187,26788,27212,3601,424,4025,completed,216
11022,Rigid,23187,27298,27574,4111,276,4387,completed,432
11023,Rigid,23187,26696,28417,3509,1721,5230,completed,22
11024,Rigid,23187,23769,25631,582,1862,2444,completed,144
11025,Rigid,23191,23199,23228,8,29,37,completed,144
11026,Rigid,23193,23769,24075,576,306,882,completed,144
11027,Rigid,23194,23194,23196,0,2,2,completed,72
11028,Rigid,23197,23769,24504,572,735,1307,completed,144
11029,Rigid,23199,23199,23263,0,64,64,completed,32
11030,Rigid,23199,23199,23308,0,109,109,completed,32
11031,Rigid,23199,23199,23336,0,137,137,completed,32
11032,Rigid,23199,23203,23339,4,136,140,completed,32
11033,Rigid,23199,23214,23390,15,176,191,completed,32
11034,Rigid,23199,23235,23376,36,141,177,completed,32
11035,Rigid,23199,23261,23456,62,195,257,completed,32
11036,Rigid,23199,23261,23441,62,180,242,completed,32
11037,Rigid,23199,23261,23419,62,158,220,completed,32
11038,Rigid,23199,23264,23666,65,402,467,completed,32
11039,Rigid,23199,23265,23445,66,180,246,completed,32
11040,Rigid,23199,23268,23398,69,130,199,completed,32
11041,Rigid,23199,23268,23674,69,406,475,completed,32
11042,Rigid,23199,23268,23503,69,235,304,completed,32
11043,Rigid,23199,23268,23390,69,122,191,completed,32
11044,Rigid,23199,23271,23392,72,121,193,completed,32
11045,Rigid,23199,23283,23369,84,86,170,completed,32
11046,Rigid,23199,23272,23633,73,361,434,completed,32
11047,Rigid,23199,23272,23675,73,403,476,completed,32
11048,Rigid,23199,23272,23437,73,165,238,completed,32
11049,Rigid,23199,23272,23440,73,168,241,completed,32
11050,Rigid,23199,23274,23415,75,141,216,completed,32
11051,Rigid,23199,23276,23512,77,236,313,completed,32
11052,Rigid,23199,23309,23426,110,117,227,completed,32
11053,Rigid,23199,23316,23492,117,176,293,completed,32
11054,Rigid,23199,23316,23447,117,131,248,completed,32
11055,Rigid,23199,23316,23396,117,80,197,completed,32
11056,Rigid,23199,23316,23528,117,212,329,completed,32
11057,Rigid,23199,23316,23446,117,130,247,completed,32
11058,Rigid,23199,23316,23553,117,237,354,completed,32
11059,Rigid,23199,23316,23456,117,140,257,completed,32
11060,Rigid,23199,23316,23433,117,117,234,completed,32
11061,Rigid,23199,23317,23439,118,122,240,completed,32
11062,Rigid,23199,23319,23498,120,179,299,completed,32
11063,Rigid,23199,23338,23367,139,29,168,completed,32
11064,Rigid,23199,23399,23454,200,55,255,completed,32
11065,Rigid,23199,23320,23424,121,104,225,completed,32
11066,Rigid,23199,23320,23532,121,212,333,completed,32
11067,Rigid,23199,23320,23591,121,271,392,completed,32
11068,Rigid,23199,23320,23589,121,269,390,completed,32
11069,Rigid,23199,23323,23449,124,126,250,completed,32
11070,Rigid,23199,23325,23505,126,180,306,completed,32
11071,Rigid,23199,23330,23500,131,170,301,completed,32
11072,Rigid,23199,23336,23437,137,101,238,completed,32
11073,Rigid,23199,23340,23481,141,141,282,completed,32
11074,Rigid,23199,23348,23470,149,122,271,completed,32
11075,Rigid,23199,23368,23484,169,116,285,completed,32
11076,Rigid,23199,23370,23608,171,238,409,completed,32
11077,Rigid,23199,23373,23777,174,404,578,completed,32
11078,Rigid,23199,23377,23494,178,117,295,completed,32
11079,Rigid,23199,23385,23587,186,202,388,completed,32
11080,Rigid,23199,23386,23599,187,213,400,completed,32
11081,Rigid,23199,23387,23791,188,404,592,completed,32
11082,Rigid,23199,23390,23500,191,110,301,completed,32
11083,Rigid,23199,23391,23498,192,107,299,completed,32
11084,Rigid,23199,23392,23687,193,295,488,completed,32
11085,Rigid,23199,23396,23527,197,131,328,completed,32
11086,Rigid,23199,23424,23500,225,76,301,completed,32
11087,Rigid,23199,23423,23659,224,236,460,completed,32
11088,Rigid,23199,23424,23546,225,122,347,completed,32
11089,Rigid,23199,23424,23581,225,157,382,completed,32
11090,Rigid,23199,23424,23576,225,152,377,completed,32
11091,Rigid,23199,23424,23565,225,141,366,completed,32
11092,Rigid,23199,23424,23545,225,121,346,completed,32
11093,Rigid,23199,23424,23693,225,269,494,completed,32
11094,Rigid,23199,23424,23597,225,173,398,completed,32
11095,Rigid,23199,23424,23660,225,236,461,completed,32
11096,Rigid,23199,23424,23828,225,404,629,completed,32
11097,Rigid,23199,23424,23544,225,120,345,completed,32
11098,Rigid,23199,23203,23235,4,32,36,completed,144
11099,Rigid,23199,23229,23261,30,32,62,completed,144
11100,Rigid,23199,23235,23267,36,32,68,completed,144
11101,Rigid,23199,23239,23272,40,33,73,completed,144
11102,Rigid,23199,23254,23286,55,32,87,completed,144
11103,Rigid,23199,23254,23286,55,32,87,completed,144
11104,Rigid,23200,23426,23487,226,61,287,completed,32
11105,Rigid,23200,23426,23526,226,100,326,completed,32
11106,Rigid,23200,23432,23555,232,123,355,completed,32
11107,Rigid,23200,23434,23557,234,123,357,completed,32
11108,Rigid,23200,23437,23590,237,153,390,completed,32
11109,Rigid,23200,23437,23563,237,126,363,completed,32
11110,Rigid,23200,23437,23605,237,168,405,completed,32
11111,Rigid,23200,23482,23564,282,82,364,completed,32
11112,Rigid,23200,23498,23575,298,77,375,completed,32
11113,Rigid,23200,23500,23596,300,96,396,completed,32
11114,Rigid,23200,23528,23622,328,94,422,completed,32
11115,Rigid,23200,23533,23560,333,27,360,completed,32
11116,Rigid,23200,23437,23596,237,159,396,completed,32
11117,Rigid,23200,23438,23580,238,142,380,completed,32
11118,Rigid,23200,23439,23781,239,342,581,completed,32
11119,Rigid,23200,23440,23598,240,158,398,completed,32
11120,Rigid,23200,23442,23562,242,120,362,completed,32
11121,Rigid,23200,23445,23787,245,342,587,completed,32
11122,Rigid,23200,23446,23649,246,203,449,completed,32
11123,Rigid,23200,23447,23560,247,113,360,completed,32
11124,Rigid,23200,23449,23557,249,108,357,completed,32
11125,Rigid,23200,23449,23756,249,307,556,completed,32
11126,Rigid,23200,23454,23797,254,343,597,completed,32
11127,Rigid,23200,23457,23604,257,147,404,completed,32
11128,Rigid,23200,23457,23610,257,153,410,completed,32
11129,Rigid,23200,23466,23592,266,126,392,completed,32
11130,Rigid,23200,23470,23675,270,205,475,completed,32
11131,Rigid,23200,23483,23592,283,109,392,completed,32
11132,Rigid,23200,23485,23636,285,151,436,completed,32
11133,Rigid,23200,23488,23608,288,120,408,completed,32
11134,Rigid,23200,23492,23675,292,183,475,completed,32
11135,Rigid,23200,23495,23614,295,119,414,completed,32
11136,Rigid,23200,23498,23703,298,205,503,completed,32
11137,Rigid,23200,23498,23624,298,126,424,completed,32
11138,Rigid,23200,23498,23607,298,109,407,completed,32
11139,Rigid,23200,23500,23613,300,113,413,completed,32
11140,Rigid,23200,23500,23658,300,158,458,completed,32
11141,Rigid,23200,23504,23686,304,182,486,completed,32
11142,Rigid,23200,23506,23738,306,232,538,completed,32
11143,Rigid,23200,23510,23743,310,233,543,completed,32
11144,Rigid,23200,23512,23624,312,112,424,completed,32
11145,Rigid,23200,23526,23684,326,158,484,completed,32
11146,Rigid,23200,23527,23678,327,151,478,completed,32
11147,Rigid,23200,23543,23669,343,126,469,completed,32
11148,Rigid,23200,23545,23658,345,113,458,completed,32
11149,Rigid,23200,23554,23608,354,54,408,completed,32
11150,Rigid,23200,23546,23655,346,109,455,completed,32
11151,Rigid,23200,23546,23750,346,204,550,completed,32
11152,Rigid,23200,23553,23896,353,343,696,completed,32
11153,Rigid,23200,23553,23661,353,108,461,completed,32
11154,Rigid,23200,23553,23725,353,172,525,completed,32
11155,Rigid,23200,23553,23736,353,183,536,completed,32
11156,Rigid,23200,23553,23893,353,340,693,completed,32
11157,Rigid,23200,23554,23655,354,101,455,completed,32
11158,Rigid,23200,23554,23654,354,100,454,completed,32
11159,Rigid,23200,23554,23802,354,248,602,completed,32
11160,Rigid,23200,23554,23674,354,120,474,completed,32
11161,Rigid,23200,23554,23759,354,205,559,completed,32
11162,Rigid,23200,23554,23667,354,113,467,completed,32
11163,Rigid,23200,23554,23695,354,141,495,completed,32
11164,Rigid,23200,23556,23690,356,134,490,completed,32
11165,Rigid,23200,23557,23684,357,127,484,completed,32
11166,Rigid,23200,23558,23666,358,108,466,completed,32
11167,Rigid,23200,23560,23792,360,232,592,completed,32
11168,Rigid,23200,23561,23711,361,150,511,completed,32
11169,Rigid,23200,23563,23633,363,70,433,completed,32
11170,Rigid,23200,23562,23767,362,205,567,completed,32
11171,Rigid,23200,23563,23906,363,343,706,completed,32
11172,Rigid,23200,23563,23671,363,108,471,completed,32
11173,Rigid,23201,23563,23626,362,63,425,completed,32
11174,Rigid,23201,23564,23673,363,109,472,completed,32
11175,Rigid,23201,23564,23687,363,123,486,completed,32
11176,Rigid,23201,23564,23687,363,123,486,completed,32
11177,Rigid,23201,23564,23735,363,171,534,completed,32
11178,Rigid,23201,23564,23685,363,121,484,completed,32
11179,Rigid,23201,23564,23758,363,194,557,completed,32
11180,Rigid,23201,23564,23743,363,179,542,completed,32
11181,Rigid,23201,23564,23706,363,142,505,completed,32
11182,Rigid,23201,23566,23970,365,404,769,completed,32
11183,Rigid,23201,23575,23755,374,180,554,completed,32
11184,Rigid,23201,23576,23699,375,123,498,completed,32
11185,Rigid,23201,23581,23982,380,401,781,completed,32
11186,Rigid,23201,23582,23789,381,207,588,completed,32
11187,Rigid,23201,23588,23707,387,119,506,completed,32
11188,Rigid,23201,23590,23712,389,122,511,completed,32
11189,Rigid,23201,23591,23953,390,362,752,completed,32
11190,Rigid,23201,23591,23943,390,352,742,completed,32
11191,Rigid,23201,23592,23759,391,167,558,completed,32
11192,Rigid,23201,23592,23737,391,145,536,completed,32
11193,Rigid,23201,23597,23718,396,121,517,completed,32
11194,Rigid,23201,23598,23681,397,83,480,completed,32
11195,Rigid,23201,23608,23686,407,78,485,completed,32
11196,Rigid,23201,23597,23805,396,208,604,completed,32
11197,Rigid,23201,23599,23709,398,110,508,completed,32
11198,Rigid,23201,23599,23772,398,173,571,completed,32
11199,Rigid,23201,23604,23727,403,123,526,completed,32
11200,Rigid,23201,23606,23821,405,215,620,completed,32
11201,Rigid,23201,23608,23731,407,123,530,completed,32
11202,Rigid,23201,23608,23816,407,208,615,completed,32
11203,Rigid,23201,23609,23729,408,120,528,completed,32
11204,Rigid,23201,23610,23721,409,111,520,completed,32
11205,Rigid,23201,23614,23726,413,112,525,completed,32
11206,Rigid,23201,23614,23794,413,180,593,completed,32
11207,Rigid,23201,23650,23747,449,97,546,completed,32
11208,Rigid,23201,23654,23684,453,30,483,completed,32
11209,Rigid,23201,23674,23724,473,50,523,completed,32
11210,Rigid,23201,23623,23726,422,103,525,completed,32
11211,Rigid,23201,23625,23839,424,214,638,completed,32
11212,Rigid,23201,23625,23892,424,267,691,completed,32
11213,Rigid,23201,23626,23893,425,267,692,completed,32
11214,Rigid,23201,23633,23765,432,132,564,completed,32
11215,Rigid,23201,23633,23813,432,180,612,completed,32
11216,Rigid,23201,23637,23805,436,168,604,completed,32
11217,Rigid,23201,23655,23776,454,121,575,completed,32
11218,Rigid,23201,23655,23767,454,112,566,completed,32
11219,Rigid,23201,23658,23769,457,111,568,completed,32
11220,Rigid,23201,23659,23867,458,208,666,completed,32
11221,Rigid,23201,23659,24059,458,400,858,completed,32
11222,Rigid,23201,23660,23772,459,112,571,completed,32
11223,Rigid,23201,23662,23862,461,200,661,completed,32
11224,Rigid,23201,23666,23879,465,213,678,completed,32
11225,Rigid,23201,23667,24068,466,401,867,completed,32
11226,Rigid,23201,23668,23777,467,109,576,completed,32
11227,Rigid,23201,23670,23774,469,104,573,completed,32
11228,Rigid,23201,23672,23948,471,276,747,completed,32
11229,Rigid,23201,23673,23796,472,123,595,completed,32
11230,Rigid,23201,23674,23881,473,207,680,completed,32
11231,Rigid,23201,23687,23763,486,76,562,completed,32
11232,Rigid,23201,23675,23794,474,119,593,completed,32
11233,Rigid,23201,23676,23818,475,142,617,completed,32
11234,Rigid,23201,23676,23836,475,160,635,completed,32
11235,Rigid,23201,23679,23799,478,120,598,completed,32
11236,Rigid,23201,23681,23804,480,123,603,completed,32
11237,Rigid,23201,23684,23951,483,267,750,completed,32
11238,Rigid,23201,23685,23858,484,173,657,completed,32
11239,Rigid,23201,23685,23894,484,209,693,completed,32
11240,Rigid,23201,23685,24035,484,350,834,completed,32
11241,Rigid,23201,23687,23811,486,124,610,completed,32
11242,Rigid,23201,23687,23746,486,59,545,completed,32
11243,Rigid,23201,23687,23786,486,99,585,completed,32
11244,Rigid,23201,23688,23801,487,113,600,completed,32
11245,Rigid,23201,23690,23802,489,112,601,completed,32
11246,Rigid,23201,23693,23845,492,152,644,completed,32
11247,Rigid,23201,23696,23806,495,110,605,completed,32
11248,Rigid,23201,23700,23868,499,168,667,completed,32
11249,Rigid,23201,23703,23862,502,159,661,completed,32
11250,Rigid,23201,23707,23835,506,128,634,completed,32
11251,Rigid,23201,23708,24040,507,332,839,completed,32
11252,Rigid,23201,23736,23811,535,75,610,completed,32
11253,Rigid,23201,23747,23820,546,73,619,completed,32
11254,Rigid,23201,23759,23855,558,96,654,completed,32
11255,Rigid,23201,23710,23868,509,158,667,completed,32
11256,Rigid,23201,23711,23824,510,113,623,completed,32
11257,Rigid,23201,23712,24047,511,335,846,completed,32
11258,Rigid,23201,23718,23898,517,180,697,completed,32
11259,Rigid,23201,23722,23834,521,112,633,completed,32
11260,Rigid,23201,23724,23833,523,109,632,completed,32
11261,Rigid,23201,23726,24033,525,307,832,completed,32
11262,Rigid,23201,23726,24020,525,294,819,completed,32
11263,Rigid,23201,23726,23875,525,149,674,completed,32
11264,Rigid,23201,23728,23858,527,130,657,completed,32
11265,Rigid,23201,23729,23839,528,110,638,completed,32
11266,Rigid,23201,23731,23909,530,178,708,completed,32
11267,Rigid,23201,23737,23839,536,102,638,completed,32
11268,Rigid,23201,23738,23889,537,151,688,completed,32
11269,Rigid,23201,23739,23852,538,113,651,completed,32
11270,Rigid,23201,23743,23932,542,189,731,completed,32
11271,Rigid,23201,23744,23856,543,112,655,completed,32
11272,Rigid,23201,23747,23926,546,179,725,completed,32
11273,Rigid,23201,23750,23859,549,109,658,completed,32
11274,Rigid,23201,23755,23857,554,102,656,completed,32
11275,Rigid,23201,23757,23863,556,106,662,completed,32
11276,Rigid,23201,23758,23916,557,158,715,completed,32
11277,Rigid,23201,23760,23949,559,189,748,completed,32
11278,Rigid,23201,23763,23992,562,229,791,completed,32
11279,Rigid,23201,23765,23994,564,229,793,completed,32
11280,Rigid,23201,23768,23885,567,117,684,completed,32
11281,Rigid,23201,23772,23859,571,87,658,completed,32
11282,Rigid,23201,23773,23801,572,28,600,completed,32
11283,Rigid,23201,23793,23892,592,99,691,completed,32
11284,Rigid,23201,23795,23890,594,95,689,completed,32
11285,Rigid,23201,23797,23845,596,48,644,completed,32
11286,Rigid,23201,23768,23928,567,160,727,completed,32
11287,Rigid,23201,23769,23919,568,150,718,completed,32
11288,Rigid,23201,23774,23884,573,110,683,completed,32
11289,Rigid,23201,23776,23882,575,106,681,completed,32
11290,Rigid,23201,23778,23880,577,102,679,completed,32
11291,Rigid,23201,23778,23958,577,180,757,completed,32
11292,Rigid,23201,23782,24115,581,333,914,completed,32
11293,Rigid,23201,23786,23888,585,102,687,completed,32
11294,Rigid,23201,23787,23957,586,170,756,completed,32
11295,Rigid,23201,23790,23979,589,189,778,completed,32
11296,Rigid,23201,23792,24124,591,332,923,completed,32
11297,Rigid,23201,23795,24026,594,231,825,completed,32
11298,Rigid,23201,23797,23909,596,112,708,completed,32
11299,Rigid,23201,23799,23978,598,179,777,completed,32
11300,Rigid,23201,23801,23913,600,112,712,completed,32
11301,Rigid,23201,23802,23930,601,128,729,completed,32
11302,Rigid,23201,23814,23884,613,70,683,completed,32
11303,Rigid,23201,23802,23942,601,140,741,completed,32
11304,Rigid,23201,23803,23912,602,109,711,completed,32
11305,Rigid,23201,23804,23914,603,110,713,completed,32
11306,Rigid,23201,23805,24034,604,229,833,completed,32
11307,Rigid,23201,23806,23958,605,152,757,completed,32
11308,Rigid,23201,23806,23984,605,178,783,completed,32
11309,Rigid,23201,23811,24106,610,295,905,completed,32
11310,Rigid,23201,23814,23924,613,110,723,completed,32
11311,Rigid,23209,23261,23290,52,29,81,completed,144
11312,Rigid,23209,23286,23315,77,29,106,completed,144
11313,Rigid,23209,23287,23316,78,29,107,completed,144
11314,Rigid,23209,23291,23320,82,29,111,completed,144
11315,Rigid,23215,23215,23227,0,12,12,completed,1
11316,Rigid,23225,23751,24647,526,896,1422,completed,36
11317,Rigid,23225,23770,26362,545,2592,3137,completed,36
11318,Rigid,23225,23814,25854,589,2040,2629,completed,36
11319,Rigid,23225,23815,26407,590,2592,3182,completed,36
11320,Rigid,23225,23817,24619,592,802,1394,completed,36
11321,Rigid,23225,23823,26280,598,2457,3055,completed,36
11322,Rigid,23225,23824,26416,599,2592,3191,completed,36
11323,Rigid,23225,23824,26416,599,2592,3191,completed,36
11324,Rigid,23225,23825,24404,600,579,1179,completed,36
11325,Rigid,23225,23825,26417,600,2592,3192,completed,36
11326,Rigid,23225,23825,26417,600,2592,3192,completed,36
11327,Rigid,23225,23831,25151,606,1320,1926,completed,36
11328,Rigid,23225,23832,26424,607,2592,3199,completed,36
11329,Rigid,23225,23832,24588,607,756,1363,completed,36
11330,Rigid,23225,23834,26155,609,2321,2930,completed,36
11331,Rigid,23225,23834,26426,609,2592,3201,completed,36
11332,Rigid,23225,23834,26426,609,2592,3201,completed,36
11333,Rigid,23225,23834,26426,609,2592,3201,completed,36
11334,Rigid,23225,23836,24797,611,961,1572,completed,36
11335,Rigid,23225,23837,26429,612,2592,3204,completed,36
11336,Rigid,23225,23837,26112,612,2275,2887,completed,36
11337,Rigid,23225,23840,25144,615,1304,1919,completed,36
11338,Rigid,23225,23840,26432,615,2592,3207,completed,36
11339,Rigid,23225,23840,26432,615,2592,3207,completed,36
11340,Rigid,23225,23849,24642,624,793,1417,completed,36
11341,Rigid,23225,23849,24719,624,870,1494,completed,36
11342,Rigid,23225,23849,26441,624,2592,3216,completed,36
11343,Rigid,23225,23849,24503,624,654,1278,completed,36
11344,Rigid,23225,23849,26441,624,2592,3216,completed,36
11345,Rigid,23225,23849,26441,624,2592,3216,completed,36
11346,Rigid,23225,23849,26441,624,2592,3216,completed,36
11347,Rigid,23225,23849,23903,624,54,678,completed,36
11348,Rigid,23225,23849,26441,624,2592,3216,completed,36
11349,Rigid,23225,23849,24013,624,164,788,completed,36
11350,Rigid,23225,23849,26441,624,2592,3216,completed,36
11351,Rigid,23225,23849,26441,624,2592,3216,completed,36
11352,Rigid,23225,23849,24819,624,970,1594,completed,36
11353,Rigid,23225,23849,24169,624,320,944,completed,36
11354,Rigid,23225,23849,24361,624,512,1136,completed,36
11355,Rigid,23225,23849,26441,624,2592,3216,completed,36
11356,Rigid,23225,23849,26441,624,2592,3216,completed,36
11357,Rigid,23225,23849,26441,624,2592,3216,completed,36
11358,Rigid,23225,23849,26441,624,2592,3216,completed,36
11359,Rigid,23225,23849,26441,624,2592,3216,completed,36
11360,Rigid,23225,23849,26441,624,2592,3216,completed,36
11361,Rigid,23225,23849,26441,624,2592,3216,completed,36
11362,Rigid,23225,23849,26441,624,2592,3216,completed,36
11363,Rigid,23225,23849,26441,624,2592,3216,completed,36
11364,Rigid,23225,23849,26441,624,2592,3216,completed,36
11365,Rigid,23225,23852,26444,627,2592,3219,completed,36
11366,Rigid,23225,23859,26451,634,2592,3226,completed,36
11367,Rigid,23225,23859,26451,634,2592,3226,completed,36
11368,Rigid,23225,23859,26149,634,2290,2924,completed,36
11369,Rigid,23225,23860,25168,635,1308,1943,completed,36
11370,Rigid,23225,23860,24187,635,327,962,completed,36
11371,Rigid,23225,23863,25689,638,1826,2464,completed,36
11372,Rigid,23225,23863,26455,638,2592,3230,completed,36
11373,Rigid,23225,23864,26456,639,2592,3231,completed,36
11374,Rigid,23225,23864,26456,639,2592,3231,completed,36
11375,Rigid,23225,23864,24133,639,269,908,completed,36
11376,Rigid,23225,23864,25543,639,1679,2318,completed,36
11377,Rigid,23225,23864,26456,639,2592,3231,completed,36
11378,Rigid,23225,23868,24965,643,1097,1740,completed,36
11379,Rigid,23225,23868,23929,643,61,704,completed,36
11380,Rigid,23225,23868,26460,643,2592,3235,completed,36
11381,Rigid,23225,23868,26460,643,2592,3235,completed,36
11382,Rigid,23225,23868,26460,643,2592,3235,completed,36
11383,Rigid,23225,23868,26460,643,2592,3235,completed,36
11384,Rigid,23225,23869,26461,644,2592,3236,completed,36
11385,Rigid,23225,23876,24597,651,721,1372,completed,36
11386,Rigid,23225,23876,26468,651,2592,3243,completed,36
11387,Rigid,23225,23880,24067,655,187,842,completed,36
11388,Rigid,23225,23881,26473,656,2592,3248,completed,36
11389,Rigid,23225,23882,26474,657,2592,3249,completed,36
11390,Rigid,23225,23883,24173,658,290,948,completed,36
11391,Rigid,23225,23884,25666,659,1782,2441,completed,36
11392,Rigid,23225,23885,26477,660,2592,3252,completed,36
11393,Rigid,23225,23885,25818,660,1933,2593,completed,36
11394,Rigid,23225,23903,26495,678,2592,3270,completed,36
11395,Rigid,23225,23929,25221,704,1292,1996,completed,36
11396,Rigid,23225,24030,25580,805,1550,2355,completed,36
11397,Rigid,23225,24068,26660,843,2592,3435,completed,36
11398,Rigid,23225,24133,26285,908,2152,3060,completed,36
11399,Rigid,23225,24170,24798,945,628,1573,completed,36
11400,Rigid,23225,24189,26419,964,2230,3194,completed,36
11401,Rigid,23225,24221,26370,996,2149,3145,completed,36
11402,Rigid,23225,24404,26996,1179,2592,3771,completed,36
11403,Rigid,23225,24405,26997,1180,2592,3772,completed,36
11404,Rigid,23225,24527,26441,1302,1914,3216,completed,36
11405,Rigid,23225,24851,27443,1626,2592,4218,completed,72
11406,Rigid,23225,24851,27443,1626,2592,4218,completed,72
11407,Rigid,23225,24851,27443,1626,2592,4218,completed,72
11408,Rigid,23225,24851,27443,1626,2592,4218,completed,72
11409,Rigid,23225,25225,26485,2000,1260,3260,completed,72
11410,Rigid,23225,25908,28500,2683,2592,5275,completed,72
11411,Rigid,23225,26318,28910,3093,2592,5685,completed,72
11412,Rigid,23225,26362,28026,3137,1664,4801,completed,72
11413,Rigid,23225,26407,28310,3182,1903,5085,completed,72
11414,Rigid,23225,26416,29008,3191,2592,5783,completed,72
11415,Rigid,23225,26417,29009,3192,2592,5784,completed,72
11416,Rigid,23225,26424,29016,3199,2592,5791,completed,72
11417,Rigid,23225,26426,29018,3201,2592,5793,completed,72
11418,Rigid,23225,26429,29021,3204,2592,5796,completed,72
11419,Rigid,23225,26432,28631,3207,2199,5406,completed,72
11420,Rigid,23225,26441,26901,3216,460,3676,completed,72
11421,Rigid,23225,26441,26972,3216,531,3747,completed,72
11422,Rigid,23225,26441,26978,3216,537,3753,completed,72
11423,Rigid,23225,24589,25541,1364,952,2316,completed,36
11424,Rigid,23225,24598,27190,1373,2592,3965,completed,36
11425,Rigid,23225,24619,27211,1394,2592,3986,completed,36
11426,Rigid,23225,24642,27234,1417,2592,4009,completed,36
11427,Rigid,23225,24647,27239,1422,2592,4014,completed,36
11428,Rigid,23225,24719,27311,1494,2592,4086,completed,36
11429,Rigid,23225,24797,27389,1572,2592,4164,completed,36
11430,Rigid,23225,24798,26314,1573,1516,3089,completed,36
11431,Rigid,23225,24819,27411,1594,2592,4186,completed,36
11432,Rigid,23225,24852,26008,1627,1156,2783,completed,36
11433,Rigid,23225,24966,25141,1741,175,1916,completed,36
11434,Rigid,23225,25142,25530,1917,388,2305,completed,36
11435,Rigid,23225,25144,25858,1919,714,2633,completed,36
11436,Rigid,23225,25151,26340,1926,1189,3115,completed,36
11437,Rigid,23225,25530,28122,2305,2592,4897,completed,36
11438,Rigid,23225,25541,27293,2316,1752,4068,completed,36
11439,Rigid,23225,25543,28135,2318,2592,4910,completed,36
11440,Rigid,23228,23228,23231,0,3,3,completed,4
11441,Rigid,23232,23636,23986,404,350,754,completed,72
11442,Rigid,23239,23769,23813,530,44,574,completed,144
11443,Rigid,23248,23248,23249,0,1,1,completed,36
11444,Rigid,23249,23250,23251,1,1,2,completed,36
11445,Rigid,23250,23250,23251,0,1,1,completed,2
11446,Rigid,23250,23250,23251,0,1,1,completed,2
11447,Rigid,23250,23250,23251,0,1,1,completed,2
11448,Rigid,23263,23564,23573,301,9,310,completed,36
11449,Rigid,23263,23564,23573,301,9,310,completed,36
11450,Rigid,23263,23565,23574,302,9,311,completed,36
11451,Rigid,23263,23565,23574,302,9,311,completed,36
11452,Rigid,23263,23565,23574,302,9,311,completed,36
11453,Rigid,23263,23565,23574,302,9,311,completed,36
11454,Rigid,23270,23770,23829,500,59,559,completed,360
11455,Rigid,23275,23769,25438,494,1669,2163,completed,108
11456,Rigid,23288,23568,23599,280,31,311,completed,144
11457,Rigid,23288,23573,23604,285,31,316,completed,144
11458,Rigid,23288,23574,23605,286,31,317,completed,144
11459,Rigid,23288,23600,23631,312,31,343,completed,144
11460,Rigid,23288,23604,23635,316,31,347,completed,144
11461,Rigid,23288,23605,23636,317,31,348,completed,144
11462,Rigid,23290,23290,23292,0,2,2,completed,4
11463,Rigid,23299,23830,23868,531,38,569,completed,144
11464,Rigid,23339,23370,23409,31,39,70,completed,18
11465,Rigid,23351,23738,25087,387,1349,1736,completed,36
11466,Rigid,23351,23742,24564,391,822,1213,completed,36
11467,Rigid,23351,23742,24761,391,1019,1410,completed,36
11468,Rigid,23356,23356,23358,0,2,2,completed,2
11469,Rigid,23356,23356,23358,0,2,2,completed,2
11470,Rigid,23356,23356,23358,0,2,2,completed,2
11471,Rigid,23358,23358,23359,0,1,1,completed,28
11472,Rigid,23358,23358,23359,0,1,1,completed,28
11473,Rigid,23358,23358,23359,0,1,1,completed,28
11474,Rigid,23376,23376,23377,0,1,1,completed,2
11475,Rigid,23376,23376,23377,0,1,1,completed,2
11476,Rigid,23378,23378,23379,0,1,1,completed,2
11477,Rigid,23378,23378,23379,0,1,1,completed,2
11478,Rigid,23380,23380,23381,0,1,1,completed,2
11479,Rigid,23380,23380,23381,0,1,1,completed,2
11480,Rigid,23381,23386,23418,5,32,37,completed,18
11481,Rigid,23382,23630,24158,248,528,776,completed,32
11482,Rigid,23382,23632,24122,250,490,740,completed,32
11483,Rigid,23382,23632,24144,250,512,762,completed,32
11484,Rigid,23382,23583,24037,201,454,655,completed,32
11485,Rigid,23382,23583,24046,201,463,664,completed,32
11486,Rigid,23382,23606,24058,224,452,676,completed,32
11487,Rigid,23382,23606,24156,224,550,774,completed,32
11488,Rigid,23382,23616,24165,234,549,783,completed,32
11489,Rigid,23382,23629,24058,247,429,676,completed,32
11490,Rigid,23382,23630,24061,248,431,679,completed,32
11491,Rigid,23382,23630,24067,248,437,685,completed,32
11492,Rigid,23382,23630,24060,248,430,678,completed,32
11493,Rigid,23392,23410,23443,18,33,51,completed,18
11494,Rigid,23409,23415,23416,6,1,7,completed,36
11495,Rigid,23409,23416,23417,7,1,8,completed,36
11496,Rigid,23410,23418,23419,8,1,9,completed,36
11497,Rigid,23410,23418,23419,8,1,9,completed,36
11498,Rigid,23410,23419,23420,9,1,10,completed,36
11499,Rigid,23412,23419,23431,7,12,19,completed,36
11500,Rigid,23413,23420,23432,7,12,19,completed,36
11501,Rigid,23413,23420,23432,7,12,19,completed,36
11502,Rigid,23413,23423,23435,10,12,22,completed,36
11503,Rigid,23414,23419,23453,5,34,39,completed,18
11504,Rigid,23421,23421,23423,0,2,2,completed,2
11505,Rigid,23421,23421,23423,0,2,2,completed,2
11506,Rigid,23421,23421,23424,0,3,3,completed,2
11507,Rigid,23424,23424,23426,0,2,2,completed,2
11508,Rigid,23424,23424,23426,0,2,2,completed,2
11509,Rigid,23424,23424,23426,0,2,2,completed,2
11510,Rigid,23424,23632,25742,208,2110,2318,completed,72
11511,Rigid,23425,23443,23474,18,31,49,completed,18
11512,Rigid,23429,23431,23435,2,4,6,completed,36
11513,Rigid,23429,23429,23431,0,2,2,completed,2
11514,Rigid,23429,23429,23431,0,2,2,completed,2
11515,Rigid,23429,23429,23431,0,2,2,completed,2
11516,Rigid,23430,23432,23436,2,4,6,completed,36
11517,Rigid,23431,23431,23486,0,55,55,completed,5
11518,Rigid,23431,23431,23486,0,55,55,completed,5
11519,Rigid,23432,23432,23491,0,59,59,completed,5
11520,Rigid,23435,23573,23574,138,1,139,completed,36
11521,Rigid,23435,23573,23575,138,2,140,completed,36
11522,Rigid,23435,23574,23575,139,1,140,completed,36
11523,Rigid,23436,23436,23437,0,1,1,completed,36
11524,Rigid,23436,23577,23578,141,1,142,completed,36
11525,Rigid,23436,23579,23580,143,1,144,completed,72
11526,Rigid,23436,23436,23437,0,1,1,completed,72
11527,Rigid,23436,23580,23581,144,1,145,completed,36
11528,Rigid,23478,23478,23479,0,1,1,completed,72
11529,Rigid,23480,23893,24582,413,689,1102,completed,144
11530,Rigid,23480,23894,24585,414,691,1105,completed,144
11531,Rigid,23480,23909,24599,429,690,1119,completed,144
11532,Rigid,23480,23914,24616,434,702,1136,completed,144
11533,Rigid,23480,23925,24614,445,689,1134,completed,144
11534,Rigid,23480,23933,24624,453,691,1144,completed,144
11535,Rigid,23480,23958,24647,478,689,1167,completed,144
11536,Rigid,23480,23960,24645,480,685,1165,completed,144
11537,Rigid,23517,23517,23551,0,34,34,completed,18
11538,Rigid,23564,23726,23727,162,1,163,completed,36
11539,Rigid,23564,23728,23741,164,13,177,completed,72
11540,Rigid,23596,23668,23687,72,19,91,completed,36
11541,Rigid,23598,23674,23692,76,18,94,completed,36
11542,Rigid,23599,23687,23704,88,17,105,completed,36
11543,Rigid,23600,23694,23711,94,17,111,completed,36
11544,Rigid,23601,23705,23721,104,16,120,completed,36
11545,Rigid,23602,23712,23727,110,15,125,completed,36
11546,Rigid,23603,23722,23737,119,15,134,completed,36
11547,Rigid,23645,24047,24574,402,527,929,completed,144
11548,Rigid,23646,24050,24518,404,468,872,completed,144
11549,Rigid,23646,24050,24521,404,471,875,completed,144
11550,Rigid,23646,24057,24530,411,473,884,completed,144
11551,Rigid,23646,24060,24537,414,477,891,completed,144
11552,Rigid,23646,24062,24545,416,483,899,completed,144
11553,Rigid,23646,24069,24549,423,480,903,completed,144
11554,Rigid,23646,24069,24555,423,486,909,completed,144
11555,Rigid,23646,24070,24554,424,484,908,completed,144
11556,Rigid,23646,24071,24576,425,505,930,completed,144
11557,Rigid,23646,24075,24577,429,502,931,completed,144
11558,Rigid,23646,24075,24598,429,523,952,completed,144
11559,Rigid,23646,23646,23647,0,1,1,completed,72
11560,Rigid,23808,23811,23815,3,4,7,completed,36
11561,Rigid,23816,23816,23818,0,2,2,completed,36
11562,Rigid,23816,23816,23818,0,2,2,completed,36
11563,Rigid,23817,23818,23820,1,2,3,completed,36
11564,Rigid,23817,23819,23821,2,2,4,completed,36
11565,Rigid,23818,23819,23820,1,1,2,completed,36
11566,Rigid,23818,23820,23822,2,2,4,completed,36
11567,Rigid,23818,23821,23822,3,1,4,completed,36
11568,Rigid,23818,23821,23822,3,1,4,completed,36
11569,Rigid,23821,23822,23823,1,1,2,completed,36
11570,Rigid,23821,23822,23823,1,1,2,completed,36
11571,Rigid,23821,23822,23823,1,1,2,completed,36
11572,Rigid,23821,23823,23824,2,1,3,completed,36
11573,Rigid,23823,23823,23824,0,1,1,completed,36
11574,Rigid,23823,23823,23824,0,1,1,completed,36
11575,Rigid,23823,23823,23824,0,1,1,completed,36
11576,Rigid,23823,23823,23824,0,1,1,completed,36
11577,Rigid,23828,23828,23830,0,2,2,completed,36
11578,Rigid,23828,23829,23830,1,1,2,completed,36
11579,Rigid,23829,23829,23830,0,1,1,completed,36
11580,Rigid,23829,23829,23830,0,1,1,completed,36
11581,Rigid,23829,23829,23830,0,1,1,completed,36
11582,Rigid,23829,23829,23830,0,1,1,completed,36
11583,Rigid,23831,23831,23832,0,1,1,completed,72
11584,Rigid,23831,23831,23832,0,1,1,completed,72
11585,Rigid,23834,23834,23835,0,1,1,completed,36
11586,Rigid,23834,23834,23835,0,1,1,completed,36
11587,Rigid,23834,23834,23835,0,1,1,completed,36
11588,Rigid,23835,23835,23836,0,1,1,completed,72
11589,Rigid,23835,23836,23837,1,1,2,completed,72
11590,Rigid,23842,23842,23846,0,4,4,completed,36
11591,Rigid,23842,23842,23844,0,2,2,completed,36
11592,Rigid,23842,23846,23848,4,2,6,completed,36
11593,Rigid,23842,23845,23848,3,3,6,completed,36
11594,Rigid,23842,23845,23848,3,3,6,completed,36
11595,Rigid,23842,23846,23848,4,2,6,completed,36
11596,Rigid,23853,23854,23855,1,1,2,completed,36
11597,Rigid,23853,23859,23860,6,1,7,completed,36
11598,Rigid,23853,23854,23855,1,1,2,completed,36
11599,Rigid,23853,23856,23857,3,1,4,completed,36
11600,Rigid,23853,23856,23858,3,2,5,completed,36
11601,Rigid,23853,23856,23857,3,1,4,completed,36
11602,Rigid,23853,23859,23860,6,1,7,completed,36
11603,Rigid,23853,23856,23857,3,1,4,completed,36
11604,Rigid,23853,23858,23859,5,1,6,completed,36
11605,Rigid,23853,23858,23859,5,1,6,completed,36
11606,Rigid,23857,23859,23860,2,1,3,completed,36
11607,Rigid,23857,23858,23859,1,1,2,completed,36
11608,Rigid,23857,23858,23859,1,1,2,completed,36
11609,Rigid,23857,23858,23859,1,1,2,completed,36
11610,Rigid,23860,23860,23861,0,1,1,completed,36
11611,Rigid,23860,23861,23862,1,1,2,completed,36
11612,Rigid,23860,23862,23863,2,1,3,completed,72
11613,Rigid,23860,23863,23864,3,1,4,completed,72
11614,Rigid,23938,23943,23944,5,1,6,completed,36
11615,Rigid,23938,23944,23945,6,1,7,completed,36
11616,Rigid,23939,23944,23945,5,1,6,completed,36
11617,Rigid,23940,23945,23957,5,12,17,completed,36
11618,Rigid,23940,23946,23958,6,12,18,completed,36
11619,Rigid,23940,23948,23960,8,12,20,completed,36
11620,Rigid,23941,23949,23961,8,12,20,completed,36
11621,Rigid,23970,23970,24161,0,191,191,completed,72
11622,Rigid,23975,27019,28038,3044,1019,4063,completed,36
11623,Rigid,23975,27026,27523,3051,497,3548,completed,36
11624,Rigid,23975,27029,28275,3054,1246,4300,completed,36
11625,Rigid,23976,24071,25047,95,976,1071,completed,36
11626,Rigid,23976,24076,25095,100,1019,1119,completed,36
11627,Rigid,23976,24093,24797,117,704,821,completed,36
11628,Rigid,23977,24093,25230,116,1137,1253,completed,36
11629,Rigid,23977,24093,25148,116,1055,1171,completed,36
11630,Rigid,23977,24094,24923,117,829,946,completed,36
11631,Rigid,23980,23982,24011,2,29,31,completed,144
11632,Rigid,23983,24792,25818,809,1026,1835,completed,36
11633,Rigid,23983,24804,25757,821,953,1774,completed,36
11634,Rigid,23983,24804,24894,821,90,911,completed,36
